[name]
atp8

[dist]
# distance from previous block
# <min> <max>
0	17

[block]
# block no. 0 follows, 65 sequences, length 60
# corresponding to MSA columns:
# 17-76
name=unknown_A
#
# <colnr> <probs for GDERKNQSTAVLIFYWHMCP>
#	G	D	E	R	K	N	Q	S	T	A	V	L	I	F	Y	W	H	M	C	P
0	0.00661	0.00472	0.00661	0.00756	0.00850	0.00472	0.00661	0.00850	0.00945	0.01228	0.02173	0.04630	0.02362	0.01134	0.00567	0.00189	0.00378	0.80250	0.00378	0.00378
1	0.00851	0.00730	0.00851	0.00608	0.00973	0.00547	0.00486	0.01034	0.00851	0.01338	0.00730	0.00851	0.00608	0.00304	0.00304	0.00061	0.00304	0.00243	0.00243	0.88083
2	0.00969	0.01107	0.02422	0.01730	0.02145	0.01038	0.81522	0.01315	0.00969	0.01315	0.00830	0.01107	0.00623	0.00346	0.00484	0.00138	0.00692	0.00484	0.00208	0.00554
3	0.00500	0.00357	0.00476	0.00572	0.00595	0.00333	0.00381	0.00572	0.00786	0.01048	0.02262	0.85306	0.02715	0.01286	0.00524	0.00167	0.00238	0.01167	0.00381	0.00333
4	0.01097	0.85821	0.02151	0.00702	0.01054	0.01624	0.00702	0.01229	0.00834	0.00966	0.00571	0.00658	0.00527	0.00351	0.00263	0.00088	0.00439	0.00219	0.00176	0.00527
5	0.01002	0.00955	0.01599	0.02361	0.76229	0.00940	0.01196	0.01241	0.00928	0.01341	0.00769	0.01002	0.00647	0.00361	0.00398	0.00117	0.00472	0.00356	0.00206	0.07880
6	0.00580	0.00391	0.00453	0.00470	0.00474	0.00387	0.00272	0.00592	0.00630	0.00840	0.01465	0.17300	0.01709	0.70665	0.01812	0.00357	0.00370	0.00698	0.00272	0.00264
7	0.01021	0.00882	0.00928	0.00835	0.01067	0.01021	0.00650	0.02181	0.82272	0.01717	0.01671	0.01532	0.01253	0.00557	0.00418	0.00139	0.00325	0.00464	0.00418	0.00650
8	0.00586	0.00440	0.00660	0.00660	0.00733	0.00513	0.00513	0.00733	0.00660	0.00953	0.01100	0.01613	0.01026	0.03079	0.83947	0.00660	0.01100	0.00440	0.00220	0.00367
9	0.00595	0.00397	0.00448	0.00450	0.00451	0.00397	0.00251	0.00596	0.00601	0.00801	0.01313	0.04374	0.01517	0.83852	0.02057	0.00393	0.00395	0.00609	0.00251	0.00250
10	0.01220	0.00981	0.01040	0.00876	0.01143	0.01114	0.00698	0.31502	0.52627	0.02038	0.01418	0.01330	0.01048	0.00533	0.00415	0.00133	0.00372	0.00429	0.00415	0.00668
11	0.00969	0.01107	0.02422	0.01730	0.02145	0.01038	0.81522	0.01315	0.00969	0.01315	0.00830	0.01107	0.00623	0.00346	0.00484	0.00138	0.00692	0.00484	0.00208	0.00554
12	0.00597	0.00398	0.00448	0.00448	0.00448	0.00398	0.00249	0.00597	0.00597	0.00796	0.01293	0.02686	0.01492	0.85574	0.02089	0.00398	0.00398	0.00597	0.00249	0.00249
13	0.00596	0.00400	0.00456	0.00453	0.00461	0.00397	0.00260	0.00612	0.00644	0.00866	0.08033	0.02718	0.01689	0.78567	0.01957	0.00376	0.00381	0.00609	0.00266	0.00260
14	0.00713	0.00357	0.00535	0.00535	0.00535	0.00357	0.00357	0.00535	0.00535	0.00713	0.00713	0.01248	0.00713	0.01426	0.01604	0.88057	0.00357	0.00357	0.00178	0.00178
15	0.00902	0.00658	0.00763	0.00713	0.00852	0.00690	0.00532	0.31326	0.01220	0.01632	0.01778	0.53320	0.01950	0.00985	0.00481	0.00150	0.00319	0.00864	0.00392	0.00472
16	0.00765	0.00383	0.00383	0.00383	0.00478	0.00383	0.00287	0.00956	0.00861	0.01530	0.01339	0.01530	0.01052	0.00478	0.00287	0.00096	0.00191	0.00383	0.87853	0.00383
17	0.00500	0.00357	0.00476	0.00572	0.00595	0.00333	0.00381	0.00572	0.00786	0.01048	0.02262	0.85306	0.02715	0.01286	0.00524	0.00167	0.00238	0.01167	0.00381	0.00333
18	0.00597	0.00398	0.00448	0.00448	0.00448	0.00398	0.00249	0.00597	0.00597	0.00796	0.01293	0.02686	0.01492	0.85574	0.02089	0.00398	0.00398	0.00597	0.00249	0.00249
19	0.00549	0.00378	0.00462	0.00509	0.00521	0.00366	0.00315	0.00584	0.00691	0.00921	0.01776	0.43856	0.02102	0.43573	0.01309	0.00283	0.00318	0.00881	0.00315	0.00291
20	0.00603	0.00396	0.00445	0.00448	0.00454	0.00395	0.00255	0.00615	0.00616	0.00841	0.01326	0.05171	0.01507	0.78619	0.01949	0.00375	0.00382	0.00604	0.04741	0.00258
21	0.00906	0.00776	0.00822	0.00758	0.00960	0.00874	0.00582	0.01836	0.64684	0.01581	0.02051	0.08782	0.12258	0.00682	0.00435	0.00141	0.00302	0.00576	0.00410	0.00583
22	0.00597	0.00398	0.00448	0.00448	0.00448	0.00398	0.00249	0.00597	0.00597	0.00796	0.01293	0.02686	0.01492	0.85574	0.02089	0.00398	0.00398	0.00597	0.00249	0.00249
23	0.00586	0.00440	0.00660	0.00660	0.00733	0.00513	0.00513	0.00733	0.00660	0.00953	0.01100	0.01613	0.01026	0.03079	0.83947	0.00660	0.01100	0.00440	0.00220	0.00367
24	0.00485	0.00416	0.00416	0.00416	0.00554	0.00347	0.00312	0.00589	0.00936	0.01109	0.04158	0.03950	0.82847	0.01040	0.00485	0.00139	0.00208	0.00866	0.00381	0.00347
25	0.00882	0.00666	0.00834	0.00754	0.08255	0.00552	0.00511	0.01025	0.00828	0.07988	0.00974	0.03643	0.00899	0.19146	0.00722	0.00149	0.00343	0.00372	0.00267	0.51193
26	0.00485	0.00416	0.00416	0.00416	0.00554	0.00347	0.00312	0.00589	0.00936	0.01109	0.04158	0.03950	0.82847	0.01040	0.00485	0.00139	0.00208	0.00866	0.00381	0.00347
27	0.00752	0.00381	0.00399	0.00399	0.00481	0.00381	0.00291	0.00903	0.00820	0.01425	0.01285	0.01566	0.01047	0.04917	0.00488	0.07385	0.00216	0.00391	0.76114	0.00359
28	0.01533	0.01956	0.01163	0.01058	0.01269	0.83926	0.00793	0.01639	0.01163	0.01005	0.00635	0.00740	0.00529	0.00423	0.00370	0.00106	0.00740	0.00264	0.00212	0.00476
29	0.01134	0.78886	0.02069	0.00732	0.01071	0.08430	0.00710	0.01263	0.00861	0.00969	0.00576	0.00665	0.00527	0.00357	0.00272	0.00089	0.00464	0.00223	0.00179	0.00523
30	0.81221	0.00789	0.00655	0.07490	0.00962	0.00920	0.00502	0.01194	0.00709	0.01776	0.00585	0.00702	0.00453	0.00383	0.00267	0.00128	0.00337	0.00234	0.00248	0.00445
31	0.01134	0.78886	0.02069	0.00732	0.01071	0.08430	0.00710	0.01263	0.00861	0.00969	0.00576	0.00665	0.00527	0.00357	0.00272	0.00089	0.00464	0.00223	0.00179	0.00523
32	0.88473	0.00794	0.00603	0.00540	0.00794	0.00921	0.00445	0.01207	0.00699	0.01842	0.00572	0.00667	0.00445	0.00381	0.00254	0.00127	0.00318	0.00222	0.00254	0.00445
33	0.00579	0.00420	0.00546	0.00514	0.00612	0.00386	0.00386	0.00771	0.01157	0.01635	0.81174	0.03084	0.05503	0.00843	0.00484	0.00129	0.00194	0.00745	0.00450	0.00386
34	0.00500	0.00357	0.00476	0.00572	0.00595	0.00333	0.00381	0.00572	0.00786	0.01048	0.02262	0.85306	0.02715	0.01286	0.00524	0.00167	0.00238	0.01167	0.00381	0.00333
35	0.88473	0.00794	0.00603	0.00540	0.00794	0.00921	0.00445	0.01207	0.00699	0.01842	0.00572	0.00667	0.00445	0.00381	0.00254	0.00127	0.00318	0.00222	0.00254	0.00445
36	0.00485	0.00416	0.00416	0.00416	0.00554	0.00347	0.00312	0.00589	0.00936	0.01109	0.04158	0.03950	0.82847	0.01040	0.00485	0.00139	0.00208	0.00866	0.00381	0.00347
37	0.01560	0.01150	0.01232	0.00944	0.01273	0.01273	0.00780	0.81645	0.01930	0.02587	0.00986	0.00986	0.00698	0.00493	0.00411	0.00123	0.00452	0.00370	0.00411	0.00698
38	0.00775	0.00730	0.01231	0.84587	0.02827	0.00912	0.01140	0.01049	0.00821	0.01049	0.00730	0.01094	0.00547	0.00410	0.00410	0.00137	0.00547	0.00365	0.00182	0.00456
39	0.00485	0.00416	0.00416	0.00416	0.00554	0.00347	0.00312	0.00589	0.00936	0.01109	0.04158	0.03950	0.82847	0.01040	0.00485	0.00139	0.00208	0.00866	0.00381	0.00347
40	0.00500	0.00357	0.00476	0.00572	0.00595	0.00333	0.00381	0.00572	0.00786	0.01048	0.02262	0.85306	0.02715	0.01286	0.00524	0.00167	0.00238	0.01167	0.00381	0.00333
41	0.01016	0.00975	0.01666	0.02520	0.83013	0.00975	0.01260	0.01260	0.00935	0.01341	0.00772	0.01016	0.00650	0.00366	0.00406	0.00122	0.00488	0.00366	0.00203	0.00650
42	0.00500	0.00357	0.00476	0.00572	0.00595	0.00333	0.00381	0.00572	0.00786	0.01048	0.02262	0.85306	0.02715	0.01286	0.00524	0.00167	0.00238	0.01167	0.00381	0.00333
43	0.00775	0.00730	0.01231	0.84587	0.02827	0.00912	0.01140	0.01049	0.00821	0.01049	0.00730	0.01094	0.00547	0.00410	0.00410	0.00137	0.00547	0.00365	0.00182	0.00456
44	0.01533	0.01956	0.01163	0.01058	0.01269	0.83926	0.00793	0.01639	0.01163	0.01005	0.00635	0.00740	0.00529	0.00423	0.00370	0.00106	0.00740	0.00264	0.00212	0.00476
45	0.00970	0.01105	0.02407	0.01746	0.03783	0.01037	0.79898	0.01314	0.00968	0.01315	0.00829	0.01105	0.00623	0.00346	0.00483	0.00138	0.00688	0.00482	0.00208	0.00556
46	0.00500	0.00357	0.00476	0.00572	0.00595	0.00333	0.00381	0.00572	0.00786	0.01048	0.02262	0.85306	0.02715	0.01286	0.00524	0.00167	0.00238	0.01167	0.00381	0.00333
47	0.00541	0.00389	0.00513	0.00544	0.00604	0.00361	0.00384	0.00674	0.00976	0.01351	0.43046	0.43659	0.03301	0.01060	0.00504	0.00148	0.00216	0.00952	0.00417	0.00361
48	0.01560	0.01150	0.01232	0.00944	0.01273	0.01273	0.00780	0.81645	0.01930	0.02587	0.00986	0.00986	0.00698	0.00493	0.00411	0.00123	0.00452	0.00370	0.00411	0.00698
49	0.01052	0.02454	0.01345	0.01120	0.01213	0.20622	0.08139	0.01170	0.00788	0.01020	0.00597	0.00887	0.00551	0.00646	0.02276	0.00164	0.54952	0.00347	0.00190	0.00465
50	0.00791	0.00761	0.01330	0.77735	0.02771	0.00922	0.07787	0.01071	0.00833	0.01071	0.00738	0.01095	0.00553	0.00405	0.00417	0.00137	0.00559	0.00375	0.00184	0.00464
51	0.82970	0.00790	0.00643	0.05814	0.00921	0.00920	0.00488	0.01197	0.00706	0.01792	0.00581	0.00694	0.00451	0.00383	0.00264	0.00128	0.00332	0.00231	0.00250	0.00445
52	0.01390	0.01684	0.01303	0.01464	0.23986	0.60874	0.00923	0.01534	0.01100	0.01098	0.00673	0.00817	0.00563	0.00407	0.00380	0.00110	0.00670	0.00293	0.00209	0.00524
53	0.01270	0.01446	0.01253	0.01429	0.24740	0.43434	0.00895	0.01598	0.15049	0.01223	0.00866	0.00980	0.00702	0.00504	0.02743	0.00132	0.00606	0.00333	0.00245	0.00553
54	0.00518	0.00441	0.00454	0.00449	0.00589	0.00389	0.00339	0.00678	0.05090	0.01133	0.03883	0.03713	0.74702	0.01114	0.04525	0.00164	0.00257	0.00825	0.00375	0.00363
55	0.00790	0.00739	0.01282	0.55736	0.02283	0.00878	0.10997	0.01007	0.00796	0.01046	0.00799	0.05173	0.00676	0.00562	0.00610	0.08075	0.07502	0.00417	0.00195	0.00437
56	0.01458	0.01110	0.01231	0.11812	0.01475	0.02722	0.00827	0.69726	0.01772	0.02359	0.00946	0.00995	0.00675	0.00481	0.00410	0.00125	0.00469	0.00367	0.00377	0.00663
57	0.01185	0.01425	0.08202	0.01769	0.41761	0.31963	0.01069	0.01394	0.01010	0.01212	0.00716	0.00893	0.00592	0.00386	0.00387	0.00114	0.00583	0.00317	0.00206	0.04817
58	0.01068	0.77410	0.06272	0.04790	0.01177	0.01555	0.00765	0.01224	0.00835	0.00987	0.00587	0.00690	0.00527	0.00356	0.00277	0.00092	0.00453	0.00231	0.00176	0.00527
59	0.00893	0.00797	0.00870	0.00641	0.00992	0.04611	0.00510	0.01122	0.05038	0.01341	0.00773	0.00881	0.00637	0.00323	0.00313	0.00067	0.00326	0.00256	0.00251	0.79359

[dist]
# distance from previous block
# <min> <max>
0	2

[block]
# block no. 1 follows, 65 sequences, length 37
# corresponding to MSA columns:
# 79-115
name=unknown_B
#
# <colnr> <probs for GDERKNQSTAVLIFYWHMCP>
#	G	D	E	R	K	N	Q	S	T	A	V	L	I	F	Y	W	H	M	C	P
0	0.01351	0.04874	0.01362	0.01511	0.27399	0.54231	0.00939	0.01502	0.01077	0.01111	0.00676	0.00825	0.00568	0.00402	0.00378	0.00110	0.00648	0.00295	0.00207	0.00534
1	0.01504	0.01118	0.01217	0.04040	0.01319	0.01232	0.00782	0.75544	0.01847	0.02482	0.00966	0.00984	0.00689	0.00482	0.00407	0.00121	0.00450	0.00365	0.00396	0.04056
2	0.00510	0.00365	0.00488	0.00583	0.00612	0.00342	0.00399	0.00589	0.00796	0.01059	0.02257	0.80137	0.02692	0.01276	0.00527	0.00168	0.00247	0.06234	0.00381	0.00336
3	0.00823	0.02123	0.83447	0.01170	0.01777	0.00953	0.01517	0.01300	0.00867	0.01300	0.00737	0.00867	0.00520	0.00390	0.00390	0.00130	0.00607	0.00303	0.00173	0.00607
4	0.01127	0.80396	0.02092	0.00718	0.01068	0.01602	0.00707	0.06382	0.00904	0.01070	0.00597	0.00679	0.00538	0.00360	0.00273	0.00090	0.00440	0.00229	0.00191	0.00538
5	0.00488	0.00404	0.00428	0.00448	0.00563	0.00344	0.00326	0.00585	0.00905	0.01096	0.03768	0.20683	0.66366	0.01090	0.00493	0.00144	0.00214	0.00928	0.00381	0.00344
6	0.00514	0.00363	0.00472	0.00554	0.00574	0.00343	0.00362	0.00575	0.00759	0.01011	0.02122	0.73334	0.02538	0.13500	0.00751	0.00200	0.00261	0.01084	0.00362	0.00321
7	0.00763	0.00716	0.01197	0.81068	0.02732	0.00888	0.01105	0.01030	0.00826	0.01051	0.00873	0.01214	0.03989	0.00437	0.00414	0.00137	0.00533	0.00386	0.00191	0.00451
8	0.01016	0.00975	0.01666	0.02520	0.83013	0.00975	0.01260	0.01260	0.00935	0.01341	0.00772	0.01016	0.00650	0.00366	0.00406	0.00122	0.00488	0.00366	0.00203	0.00650
9	0.88473	0.00794	0.00603	0.00540	0.00794	0.00921	0.00445	0.01207	0.00699	0.01842	0.00572	0.00667	0.00445	0.00381	0.00254	0.00127	0.00318	0.00222	0.00254	0.00445
10	0.00590	0.00395	0.00450	0.00457	0.00459	0.00393	0.00259	0.00595	0.00611	0.00815	0.01366	0.08877	0.01584	0.79258	0.01972	0.00381	0.00386	0.00640	0.00259	0.00255
11	0.04540	0.01138	0.01210	0.00931	0.01257	0.01261	0.00769	0.78887	0.01888	0.02561	0.00971	0.00975	0.00689	0.00489	0.00405	0.00123	0.00447	0.00365	0.00405	0.00689
12	0.01021	0.00882	0.00928	0.00835	0.01067	0.01021	0.00650	0.02181	0.82272	0.01717	0.01671	0.01532	0.01253	0.00557	0.00418	0.00139	0.00325	0.00464	0.00418	0.00650
13	0.88473	0.00794	0.00603	0.00540	0.00794	0.00921	0.00445	0.01207	0.00699	0.01842	0.00572	0.00667	0.00445	0.00381	0.00254	0.00127	0.00318	0.00222	0.00254	0.00445
14	0.00576	0.00416	0.00544	0.00520	0.00612	0.00384	0.00387	0.00762	0.01138	0.01608	0.77637	0.08336	0.03799	0.00868	0.00487	0.00132	0.00197	0.00770	0.00447	0.00384
15	0.01560	0.01150	0.01232	0.00944	0.01273	0.01273	0.00780	0.81645	0.01930	0.02587	0.00986	0.00986	0.00698	0.00493	0.00411	0.00123	0.00452	0.00370	0.00411	0.00698
16	0.00586	0.00440	0.00660	0.00660	0.00733	0.00513	0.00513	0.00733	0.00660	0.00953	0.01100	0.01613	0.01026	0.03079	0.83947	0.00660	0.01100	0.00440	0.00220	0.00367
17	0.00654	0.00467	0.00653	0.00747	0.00839	0.00466	0.00648	0.00838	0.00938	0.01220	0.02178	0.08371	0.02379	0.01141	0.00565	0.00188	0.00371	0.76584	0.00378	0.00376
18	0.00657	0.12161	0.00864	0.00666	0.00777	0.00666	0.00539	0.00801	0.00684	0.00955	0.01027	0.01482	0.00958	0.02704	0.72459	0.00581	0.01009	0.00410	0.00214	0.00389
19	0.01601	0.01084	0.01191	0.00913	0.01240	0.01175	0.00754	0.70048	0.01820	0.14339	0.01078	0.01045	0.00744	0.00495	0.00411	0.00124	0.00437	0.00376	0.00425	0.00698
20	0.01486	0.01113	0.01190	0.00929	0.01245	0.01238	0.00762	0.70736	0.12960	0.02468	0.01080	0.01060	0.00774	0.00502	0.00412	0.00125	0.00434	0.00383	0.00412	0.00691
21	0.00504	0.00359	0.00475	0.00567	0.00590	0.00336	0.00376	0.00573	0.00779	0.01038	0.02226	0.82177	0.02669	0.04478	0.00583	0.00175	0.00244	0.01145	0.00376	0.00330
22	0.00613	0.00420	0.00494	0.00526	0.03574	0.00420	0.00287	0.00622	0.00610	0.00817	0.01274	0.02623	0.01460	0.82347	0.02026	0.00388	0.00401	0.00588	0.00247	0.00264
23	0.00823	0.02123	0.83447	0.01170	0.01777	0.00953	0.01517	0.01300	0.00867	0.01300	0.00737	0.00867	0.00520	0.00390	0.00390	0.00130	0.00607	0.00303	0.00173	0.00607
24	0.00581	0.00420	0.00549	0.00516	0.00613	0.00387	0.00387	0.00775	0.01162	0.01646	0.82797	0.03066	0.03873	0.00839	0.00484	0.00129	0.00194	0.00742	0.00452	0.00387
25	0.01560	0.01150	0.01232	0.00944	0.01273	0.01273	0.00780	0.81645	0.01930	0.02587	0.00986	0.00986	0.00698	0.00493	0.00411	0.00123	0.00452	0.00370	0.00411	0.00698
26	0.00972	0.01099	0.02373	0.01782	0.07441	0.01034	0.76267	0.01311	0.00967	0.01317	0.00827	0.01101	0.00625	0.00347	0.00479	0.00137	0.00679	0.00477	0.00207	0.00560
27	0.00713	0.00357	0.00535	0.00535	0.00535	0.00357	0.00357	0.00535	0.00535	0.00713	0.00713	0.01248	0.00713	0.01426	0.01604	0.88057	0.00357	0.00357	0.00178	0.00178
28	0.00765	0.00383	0.00383	0.00383	0.00478	0.00383	0.00287	0.00956	0.00861	0.01530	0.01339	0.01530	0.01052	0.00478	0.00287	0.00096	0.00191	0.00383	0.87853	0.00383
29	0.01264	0.01446	0.01425	0.01818	0.43779	0.40788	0.01036	0.01442	0.01044	0.01180	0.00706	0.00884	0.00592	0.00393	0.00389	0.00114	0.00609	0.00317	0.00207	0.00567
30	0.01832	0.00714	0.00962	0.00738	0.01056	0.00626	0.00609	0.04725	0.01201	0.80537	0.01598	0.01383	0.01005	0.00508	0.00413	0.00127	0.00353	0.00411	0.00505	0.00699
31	0.00582	0.00419	0.00544	0.00513	0.00606	0.00388	0.00381	0.00767	0.01138	0.01609	0.79280	0.03050	0.03770	0.04496	0.00553	0.00141	0.00202	0.00736	0.00443	0.00381
32	0.01125	0.80447	0.02088	0.00725	0.01067	0.06897	0.00708	0.01255	0.00855	0.00968	0.00575	0.00664	0.00527	0.00356	0.00270	0.00089	0.00458	0.00222	0.00178	0.00524
33	0.00507	0.00360	0.00474	0.00562	0.00584	0.00338	0.00371	0.00573	0.00772	0.01029	0.02189	0.79067	0.02623	0.07651	0.00642	0.00184	0.00250	0.01124	0.00371	0.00327
34	0.00531	0.00379	0.00495	0.00578	0.00609	0.00360	0.00387	0.02681	0.00810	0.01080	0.02200	0.80644	0.02626	0.03784	0.00568	0.00172	0.00248	0.01129	0.00378	0.00340
35	0.86378	0.00826	0.02584	0.00555	0.00817	0.00922	0.00470	0.01209	0.00703	0.01829	0.00576	0.00672	0.00446	0.00381	0.00257	0.00127	0.00324	0.00224	0.00252	0.00448
36	0.01029	0.01000	0.01653	0.02482	0.80941	0.03079	0.01248	0.01269	0.00940	0.01333	0.00769	0.01009	0.00647	0.00367	0.00405	0.00122	0.00494	0.00363	0.00203	0.00646

[dist]
# distance from previous block
# <min> <max>
3	8

[block]
# block no. 2 follows, 65 sequences, length 27
# corresponding to MSA columns:
# 125-151
name=unknown_C
#
# <colnr> <probs for GDERKNQSTAVLIFYWHMCP>
#	G	D	E	R	K	N	Q	S	T	A	V	L	I	F	Y	W	H	M	C	P
0	0.00543	0.00369	0.00472	0.00532	0.00547	0.00354	0.00340	0.00577	0.00713	0.00950	0.01870	0.54999	0.02217	0.26584	0.01065	0.06006	0.00294	0.00943	0.00328	0.00298
1	0.00502	0.00404	0.00430	0.00446	0.00547	0.00351	0.00315	0.00587	0.00866	0.01058	0.03463	0.17539	0.58645	0.12153	0.00702	0.00177	0.00238	0.00882	0.00364	0.00332
2	0.01560	0.01150	0.01232	0.00944	0.01273	0.01273	0.00780	0.81645	0.01930	0.02587	0.00986	0.00986	0.00698	0.00493	0.00411	0.00123	0.00452	0.00370	0.00411	0.00698
3	0.00765	0.00383	0.00383	0.00383	0.00478	0.00383	0.00287	0.00956	0.00861	0.01530	0.01339	0.01530	0.01052	0.00478	0.00287	0.00096	0.00191	0.00383	0.87853	0.00383
4	0.00597	0.00398	0.00448	0.00448	0.00448	0.00398	0.00249	0.00597	0.00597	0.00796	0.01293	0.02686	0.01492	0.85574	0.02089	0.00398	0.00398	0.00597	0.00249	0.00249
5	0.88473	0.00794	0.00603	0.00540	0.00794	0.00921	0.00445	0.01207	0.00699	0.01842	0.00572	0.00667	0.00445	0.00381	0.00254	0.00127	0.00318	0.00222	0.00254	0.00445
6	0.00823	0.02123	0.83447	0.01170	0.01777	0.00953	0.01517	0.01300	0.00867	0.01300	0.00737	0.00867	0.00520	0.00390	0.00390	0.00130	0.00607	0.00303	0.00173	0.00607
7	0.00485	0.00416	0.00416	0.00416	0.00554	0.00347	0.00312	0.00589	0.00936	0.01109	0.04158	0.03950	0.82847	0.01040	0.00485	0.00139	0.00208	0.00866	0.00381	0.00347
8	0.01560	0.01150	0.01232	0.00944	0.01273	0.01273	0.00780	0.81645	0.01930	0.02587	0.00986	0.00986	0.00698	0.00493	0.00411	0.00123	0.00452	0.00370	0.00411	0.00698
9	0.75605	0.00764	0.00626	0.00550	0.00802	0.00863	0.00452	0.01271	0.00753	0.09697	0.00712	0.00782	0.00531	0.00398	0.00271	0.00125	0.00314	0.00249	0.04770	0.00466
10	0.01476	0.01086	0.01171	0.00915	0.01219	0.01198	0.00748	0.75156	0.01838	0.02464	0.01088	0.07734	0.00859	0.00556	0.00420	0.00127	0.00435	0.00433	0.00408	0.00669
11	0.00775	0.00730	0.01231	0.84587	0.02827	0.00912	0.01140	0.01049	0.00821	0.01049	0.00730	0.01094	0.00547	0.00410	0.00410	0.00137	0.00547	0.00365	0.00182	0.00456
12	0.69492	0.00834	0.02377	0.00706	0.00977	0.00901	0.11079	0.01194	0.00768	0.01750	0.06121	0.00889	0.00699	0.00407	0.00302	0.00129	0.00364	0.00293	0.00260	0.00458
13	0.00608	0.00453	0.00589	0.00659	0.00762	0.00433	0.00558	0.00770	0.00936	0.01189	0.02698	0.07907	0.23493	0.01116	0.00544	0.00175	0.00327	0.56037	0.00379	0.00368
14	0.00823	0.02123	0.83447	0.01170	0.01777	0.00953	0.01517	0.01300	0.00867	0.01300	0.00737	0.00867	0.00520	0.00390	0.00390	0.00130	0.00607	0.00303	0.00173	0.00607
15	0.00807	0.00762	0.01288	0.73839	0.13329	0.00920	0.01156	0.01076	0.00836	0.01087	0.00735	0.01084	0.00561	0.00405	0.00410	0.00135	0.00539	0.00365	0.00185	0.00481
16	0.01305	0.01605	0.01027	0.00952	0.01126	0.64373	0.00711	0.01405	0.01079	0.01017	0.01080	0.12037	0.06334	0.00588	0.00433	0.00119	0.03691	0.00426	0.00244	0.00448
17	0.00506	0.00434	0.00435	0.00432	0.00574	0.00372	0.00325	0.00650	0.04050	0.01132	0.04063	0.03858	0.79723	0.01021	0.00483	0.00139	0.00212	0.00851	0.00383	0.00358
18	0.00538	0.00373	0.00465	0.00524	0.00538	0.00358	0.00330	0.00581	0.00713	0.00950	0.01887	0.53291	0.02241	0.33948	0.01131	0.00256	0.00300	0.00946	0.00330	0.00301
19	0.00605	0.03579	0.00715	0.00661	0.00745	0.00554	0.00520	0.00751	0.00666	0.00953	0.01080	0.01578	0.01008	0.02978	0.80870	0.00639	0.01075	0.00432	0.00218	0.00372
20	0.00754	0.00722	0.00707	0.00717	0.00774	0.14834	0.00515	0.00858	0.03154	0.01028	0.01647	0.49405	0.01895	0.09120	0.00752	0.00179	0.11420	0.00831	0.00314	0.00374
21	0.00498	0.00415	0.00435	0.00433	0.00563	0.00352	0.00323	0.00613	0.00962	0.01178	0.14415	0.05659	0.70707	0.01019	0.00486	0.00138	0.00207	0.00857	0.00390	0.00352
22	0.01427	0.01007	0.01115	0.00894	0.01182	0.01095	0.00741	0.63322	0.01716	0.07610	0.01223	0.04153	0.01000	0.00603	0.00435	0.00133	0.00429	0.10859	0.00412	0.00645
23	0.01124	0.00939	0.01573	0.02285	0.72278	0.00927	0.01174	0.01357	0.00966	0.12075	0.00883	0.01066	0.00698	0.00384	0.00407	0.00123	0.00470	0.00372	0.00243	0.00657
24	0.01408	0.01078	0.01238	0.01129	0.11939	0.01182	0.00819	0.61514	0.08883	0.02298	0.01059	0.03702	0.00805	0.00507	0.00414	0.00126	0.00438	0.00403	0.00383	0.00676
25	0.01281	0.00944	0.01039	0.00833	0.01091	0.01032	0.00673	0.59154	0.01641	0.02208	0.09210	0.05704	0.04136	0.02770	0.06189	0.00170	0.00450	0.00475	0.00395	0.00603
26	0.00699	0.00572	0.00804	0.00792	0.06521	0.00584	0.00573	0.00860	0.00729	0.01084	0.00956	0.01340	0.00869	0.02057	0.52578	0.00444	0.04181	0.00379	0.00223	0.23755

[dist]
# distance from previous block
# <min> <max>
1	5

[block]
# block no. 3 follows, 65 sequences, length 6
# corresponding to MSA columns:
# 158-163
name=unknown_D
#
# <colnr> <probs for GDERKNQSTAVLIFYWHMCP>
#	G	D	E	R	K	N	Q	S	T	A	V	L	I	F	Y	W	H	M	C	P
0	0.01349	0.01622	0.01109	0.01078	0.06541	0.61272	0.00766	0.01570	0.09491	0.01087	0.00809	0.00986	0.00687	0.04971	0.04785	0.00154	0.00682	0.00318	0.00235	0.00488
1	0.00845	0.00717	0.00823	0.00650	0.00948	0.00618	0.00507	0.01211	0.17242	0.01380	0.01097	0.10799	0.00983	0.00469	0.00352	0.00089	0.00301	0.00395	0.00294	0.60280
2	0.74077	0.00868	0.05692	0.09281	0.01064	0.00922	0.00582	0.01196	0.00721	0.01727	0.00598	0.00723	0.00460	0.00385	0.00278	0.00128	0.00359	0.00242	0.00242	0.00456
3	0.00725	0.00428	0.00668	0.16603	0.00973	0.00463	0.00506	0.00633	0.00589	0.00777	0.00716	0.01218	0.00681	0.01232	0.01376	0.71249	0.00393	0.00358	0.00179	0.00231
4	0.28702	0.00622	0.00744	0.03941	0.09297	0.00652	0.00539	0.01044	0.00860	0.09316	0.21600	0.01509	0.01446	0.00709	0.00607	0.16937	0.00323	0.00418	0.00306	0.00425
5	0.00504	0.00415	0.00433	0.00430	0.00554	0.00355	0.00316	0.00611	0.00940	0.01151	0.13105	0.03765	0.68325	0.06573	0.00590	0.00155	0.00219	0.00834	0.00381	0.00345

[dist]
# distance from previous block
# <min> <max>
0	3

[block]
# block no. 4 follows, 65 sequences, length 18
# corresponding to MSA columns:
# 167-184
name=unknown_E
#
# <colnr> <probs for GDERKNQSTAVLIFYWHMCP>
#	G	D	E	R	K	N	Q	S	T	A	V	L	I	F	Y	W	H	M	C	P
0	0.01175	0.01001	0.00961	0.00853	0.01091	0.11677	0.00663	0.02092	0.63082	0.10398	0.01531	0.01415	0.01134	0.00534	0.00411	0.00134	0.00381	0.00433	0.00401	0.00633
1	0.00815	0.00431	0.00436	0.00418	0.00529	0.00439	0.00318	0.06060	0.00928	0.01597	0.01317	0.01496	0.01030	0.00479	0.00295	0.00097	0.00208	0.00382	0.82322	0.00403
2	0.06057	0.00817	0.01195	0.62979	0.02398	0.00985	0.01028	0.17147	0.01035	0.01402	0.00771	0.01048	0.00571	0.00425	0.00401	0.00134	0.00515	0.00357	0.00232	0.00504
3	0.01447	0.01813	0.01176	0.01060	0.01243	0.72692	0.00807	0.01551	0.01091	0.01002	0.00622	0.00762	0.00530	0.00463	0.00503	0.00116	0.12167	0.00277	0.00207	0.00472
4	0.01096	0.56629	0.16802	0.00819	0.01206	0.01423	0.00856	0.12156	0.00984	0.01247	0.00672	0.00768	0.00563	0.00455	0.02688	0.00117	0.00490	0.00261	0.00208	0.00560
5	0.00499	0.00419	0.00449	0.00449	0.00579	0.00369	0.00339	0.00609	0.00898	0.01088	0.03743	0.03633	0.71728	0.01317	0.11827	0.00209	0.00329	0.00808	0.00359	0.00349
6	0.00652	0.00468	0.00649	0.00733	0.00829	0.00464	0.00636	0.00839	0.00957	0.01250	0.06936	0.04521	0.04531	0.01114	0.00560	0.00184	0.00363	0.73552	0.00382	0.00378
7	0.00519	0.00377	0.00496	0.00573	0.00615	0.00345	0.00387	0.00596	0.00789	0.01063	0.02182	0.80884	0.02605	0.01235	0.00512	0.00161	0.00242	0.01119	0.00374	0.04928
8	0.00486	0.00412	0.00420	0.00426	0.00557	0.00346	0.00316	0.00588	0.00926	0.01105	0.04040	0.09016	0.77857	0.01055	0.00488	0.00140	0.00210	0.00885	0.00381	0.00346
9	0.00841	0.00814	0.01147	0.01001	0.01014	0.01120	0.00827	0.00941	0.00634	0.00981	0.00642	0.01030	0.00629	0.01154	0.16583	0.00268	0.69380	0.00374	0.00187	0.00434
10	0.00617	0.00425	0.00550	0.00515	0.00609	0.00394	0.00379	0.00791	0.01106	0.03802	0.72480	0.02983	0.03558	0.09240	0.00641	0.00156	0.00218	0.00719	0.00433	0.00382
11	0.00722	0.00589	0.00711	0.00586	0.00825	0.00469	0.00445	0.00876	0.00874	0.01299	0.11735	0.23896	0.01597	0.00638	0.00387	0.00098	0.00272	0.00557	0.00307	0.53118
12	0.00853	0.00791	0.01133	0.19351	0.01381	0.01062	0.00868	0.00997	0.00702	0.01075	0.00690	0.01027	0.00610	0.00618	0.00997	0.00159	0.54785	0.00364	0.12095	0.00442
13	0.69767	0.00786	0.00651	0.00571	0.00817	0.00892	0.00467	0.09129	0.00860	0.01860	0.05141	0.01029	0.05780	0.00457	0.00296	0.00127	0.00318	0.00304	0.00288	0.00461
14	0.00969	0.01107	0.02422	0.01730	0.02145	0.01038	0.81522	0.01315	0.00969	0.01315	0.00830	0.01107	0.00623	0.00346	0.00484	0.00138	0.00692	0.00484	0.00208	0.00554
15	0.68182	0.00954	0.11889	0.04706	0.01018	0.00900	0.00621	0.01191	0.00749	0.01720	0.04458	0.00827	0.00621	0.00405	0.00291	0.00128	0.00362	0.00265	0.00249	0.00464
16	0.01072	0.00916	0.00989	0.19314	0.01408	0.08323	0.00725	0.33140	0.01328	0.01676	0.01817	0.01847	0.24470	0.00627	0.00429	0.00129	0.00428	0.00503	0.00334	0.00523
17	0.00529	0.00435	0.00459	0.00448	0.00584	0.00378	0.00337	0.02825	0.00993	0.01227	0.15656	0.05422	0.67278	0.01000	0.00484	0.00137	0.00213	0.00841	0.00392	0.00362

[dist]
# distance from previous block
# <min> <max>
0	14

# created by:
# /share/home/app/bin/augustus-3.3.1/scripts/msa2prfl.pl /dev/shm/tmp/ogap_db/mt-rosids/msas/atp8.aln --setname=atp8
