[name]
matR

[dist]
# distance from previous block
# <min> <max>
0	26

[block]
# block no. 0 follows, 63 sequences, length 35
# corresponding to MSA columns:
# 26-60
name=unknown_A
#
# <colnr> <probs for GDERKNQSTAVLIFYWHMCP>
#	G	D	E	R	K	N	Q	S	T	A	V	L	I	F	Y	W	H	M	C	P
0	0.00644	0.00473	0.00631	0.00710	0.00815	0.00460	0.00611	0.00821	0.00966	0.01235	0.02603	0.04613	0.17252	0.01143	0.00565	0.00184	0.00355	0.65150	0.00388	0.00381
1	0.00595	0.00430	0.00562	0.00529	0.00628	0.00397	0.00397	0.00793	0.01190	0.01686	0.82382	0.03140	0.03966	0.00859	0.00496	0.00132	0.00198	0.00760	0.00463	0.00397
2	0.00512	0.00366	0.00488	0.00585	0.00610	0.00341	0.00390	0.00585	0.00805	0.01073	0.02317	0.84952	0.02780	0.01317	0.00537	0.00171	0.00244	0.01195	0.00390	0.00341
3	0.00865	0.02057	0.76112	0.01157	0.01740	0.00965	0.01466	0.04613	0.00921	0.01364	0.00789	0.00973	0.00583	0.04045	0.00475	0.00145	0.00606	0.00326	0.00191	0.00609
4	0.01498	0.01099	0.01180	0.00915	0.01218	0.01212	0.00744	0.73000	0.01838	0.02463	0.01041	0.01187	0.00798	0.09128	0.00596	0.00155	0.00457	0.00402	0.00404	0.00668
5	0.00497	0.00426	0.00426	0.00426	0.00568	0.00355	0.00319	0.00603	0.00958	0.01136	0.04259	0.04046	0.82433	0.01065	0.00497	0.00142	0.00213	0.00887	0.00390	0.00355
6	0.00601	0.00450	0.00676	0.00676	0.00751	0.00525	0.00525	0.00751	0.00676	0.00976	0.01126	0.01651	0.01051	0.03153	0.83560	0.00676	0.01126	0.00450	0.00225	0.00375
7	0.01124	0.85479	0.02203	0.00719	0.01079	0.01663	0.00719	0.01259	0.00854	0.00989	0.00584	0.00674	0.00539	0.00360	0.00270	0.00090	0.00450	0.00225	0.00180	0.00539
8	0.00952	0.00795	0.00915	0.00661	0.01030	0.00642	0.00531	0.09889	0.00993	0.01511	0.00776	0.00887	0.00633	0.00333	0.00323	0.00069	0.00328	0.00263	0.00268	0.78201
9	0.00843	0.02174	0.83048	0.01198	0.01819	0.00976	0.01553	0.01331	0.00888	0.01331	0.00754	0.00888	0.00533	0.00399	0.00399	0.00133	0.00621	0.00311	0.00178	0.00621
10	0.00611	0.00408	0.00458	0.00458	0.00458	0.00408	0.00255	0.00611	0.00611	0.00815	0.01325	0.02751	0.01528	0.85226	0.02140	0.00408	0.00408	0.00611	0.00255	0.00255
11	0.00914	0.00746	0.00876	0.00628	0.00999	0.00563	0.00503	0.01100	0.00885	0.04751	0.00785	0.00895	0.00640	0.00320	0.00316	0.00065	0.00313	0.00256	0.00260	0.84185
12	0.01124	0.85479	0.02203	0.00719	0.01079	0.01663	0.00719	0.01259	0.00854	0.00989	0.00584	0.00674	0.00539	0.00360	0.00270	0.00090	0.00450	0.00225	0.00180	0.00539
13	0.01089	0.00893	0.00952	0.00850	0.01092	0.01024	0.00663	0.02224	0.77706	0.05922	0.01708	0.01561	0.01271	0.00568	0.00427	0.00142	0.00334	0.00473	0.00432	0.00668
14	0.01583	0.01173	0.01274	0.01011	0.03535	0.01295	0.00812	0.79009	0.01949	0.02614	0.01003	0.01010	0.00714	0.00501	0.00420	0.00126	0.00464	0.00378	0.00415	0.00714
15	0.00920	0.00920	0.01288	0.01104	0.01104	0.01288	0.00920	0.01012	0.00644	0.01012	0.00552	0.00920	0.00552	0.00736	0.01380	0.00184	0.84457	0.00368	0.00184	0.00460
16	0.00611	0.00408	0.00458	0.00458	0.00458	0.00408	0.00255	0.00611	0.00611	0.00815	0.01325	0.02751	0.01528	0.85226	0.02140	0.00408	0.00408	0.00611	0.00255	0.00255
17	0.00804	0.00761	0.01263	0.77768	0.02756	0.00961	0.01148	0.01069	0.00825	0.01069	0.00732	0.01105	0.00560	0.00445	0.00495	0.00143	0.07069	0.00373	0.00187	0.00466
18	0.01598	0.01177	0.01262	0.00967	0.01304	0.01304	0.00799	0.81202	0.01976	0.02649	0.01009	0.01009	0.00715	0.00505	0.00421	0.00126	0.00463	0.00378	0.00421	0.00715
19	0.88196	0.00813	0.00618	0.00553	0.00813	0.00943	0.00455	0.01236	0.00715	0.01886	0.00585	0.00683	0.00455	0.00390	0.00260	0.00130	0.00325	0.00228	0.00260	0.00455
20	0.00833	0.00823	0.01501	0.67982	0.02758	0.00959	0.16902	0.01128	0.00870	0.01128	0.00768	0.01123	0.00576	0.00407	0.00435	0.00140	0.00590	0.00398	0.00192	0.00487
21	0.88196	0.00813	0.00618	0.00553	0.00813	0.00943	0.00455	0.01236	0.00715	0.01886	0.00585	0.00683	0.00455	0.00390	0.00260	0.00130	0.00325	0.00228	0.00260	0.00455
22	0.00788	0.00550	0.00779	0.37744	0.01562	0.00633	0.00683	0.01022	0.00863	0.01347	0.01093	0.01368	0.00847	0.00459	0.00350	0.00117	0.00358	0.00384	0.48626	0.00425
23	0.00867	0.00842	0.01186	0.01033	0.01045	0.01162	0.00855	0.00969	0.00649	0.01006	0.00647	0.01041	0.00634	0.01135	0.14964	0.00265	0.70683	0.00382	0.00191	0.00446
24	0.01598	0.01177	0.01262	0.00967	0.01304	0.01304	0.00799	0.81202	0.01976	0.02649	0.01009	0.01009	0.00715	0.00505	0.00421	0.00126	0.00463	0.00378	0.00421	0.00715
25	0.01216	0.00576	0.00766	0.00640	0.00849	0.00516	0.00507	0.01420	0.03017	0.40104	0.42374	0.02296	0.02522	0.00692	0.00460	0.00131	0.00277	0.00594	0.00489	0.00554
26	0.00512	0.00366	0.00488	0.00585	0.00610	0.00341	0.00390	0.00585	0.00805	0.01073	0.02317	0.84952	0.02780	0.01317	0.00537	0.00171	0.00244	0.01195	0.00390	0.00341
27	0.00794	0.00747	0.01261	0.84216	0.02895	0.00934	0.01167	0.01074	0.00841	0.01074	0.00747	0.01121	0.00560	0.00420	0.00420	0.00140	0.00560	0.00374	0.00187	0.00467
28	0.00794	0.00747	0.01261	0.84216	0.02895	0.00934	0.01167	0.01074	0.00841	0.01074	0.00747	0.01121	0.00560	0.00420	0.00420	0.00140	0.00560	0.00374	0.00187	0.00467
29	0.00497	0.00426	0.00426	0.00426	0.00568	0.00355	0.00319	0.00603	0.00958	0.01136	0.04259	0.04046	0.82433	0.01065	0.00497	0.00142	0.00213	0.00887	0.00390	0.00355
30	0.01040	0.00999	0.01706	0.02580	0.82604	0.00999	0.01290	0.01290	0.00957	0.01373	0.00791	0.01040	0.00666	0.00375	0.00416	0.00125	0.00499	0.00375	0.00208	0.00666
31	0.00843	0.02174	0.83048	0.01198	0.01819	0.00976	0.01553	0.01331	0.00888	0.01331	0.00754	0.00888	0.00533	0.00399	0.00399	0.00133	0.00621	0.00311	0.00178	0.00621
32	0.00843	0.02174	0.83048	0.01198	0.01819	0.00976	0.01553	0.01331	0.00888	0.01331	0.00754	0.00888	0.00533	0.00399	0.00399	0.00133	0.00621	0.00311	0.00178	0.00621
33	0.00730	0.00365	0.00548	0.00548	0.00548	0.00365	0.00365	0.00548	0.00548	0.00730	0.00730	0.01278	0.00730	0.01460	0.01643	0.87769	0.00365	0.00365	0.00183	0.00183
34	0.80085	0.00807	0.00678	0.08316	0.01006	0.00942	0.00521	0.01221	0.00727	0.01811	0.00600	0.00724	0.00465	0.00393	0.00275	0.00131	0.00347	0.00241	0.00253	0.00456

[dist]
# distance from previous block
# <min> <max>
0	9

[block]
# block no. 1 follows, 63 sequences, length 13
# corresponding to MSA columns:
# 70-82
name=unknown_B
#
# <colnr> <probs for GDERKNQSTAVLIFYWHMCP>
#	G	D	E	R	K	N	Q	S	T	A	V	L	I	F	Y	W	H	M	C	P
0	0.00827	0.00713	0.00742	0.00684	0.00884	0.00771	0.00528	0.01585	0.49634	0.01510	0.02725	0.02555	0.33598	0.00767	0.00455	0.00142	0.00285	0.00639	0.00413	0.00542
1	0.01598	0.01177	0.01262	0.00967	0.01304	0.01304	0.00799	0.81202	0.01976	0.02649	0.01009	0.01009	0.00715	0.00505	0.00421	0.00126	0.00463	0.00378	0.00421	0.00715
2	0.00794	0.00747	0.01261	0.84216	0.02895	0.00934	0.01167	0.01074	0.00841	0.01074	0.00747	0.01121	0.00560	0.00420	0.00420	0.00140	0.00560	0.00374	0.00187	0.00467
3	0.00730	0.00365	0.00548	0.00548	0.00548	0.00365	0.00365	0.00548	0.00548	0.00730	0.00730	0.01278	0.00730	0.01460	0.01643	0.87769	0.00365	0.00365	0.00183	0.00183
4	0.00611	0.00408	0.00458	0.00458	0.00458	0.00408	0.00255	0.00611	0.00611	0.00815	0.01325	0.02751	0.01528	0.85226	0.02140	0.00408	0.00408	0.00611	0.00255	0.00255
5	0.00512	0.00366	0.00488	0.00585	0.00610	0.00341	0.00390	0.00585	0.00805	0.01073	0.02317	0.84952	0.02780	0.01317	0.00537	0.00171	0.00244	0.01195	0.00390	0.00341
6	0.00843	0.02174	0.83048	0.01198	0.01819	0.00976	0.01553	0.01331	0.00888	0.01331	0.00754	0.00888	0.00533	0.00399	0.00399	0.00133	0.00621	0.00311	0.00178	0.00621
7	0.00611	0.00408	0.00458	0.00458	0.00458	0.00408	0.00255	0.00611	0.00611	0.00815	0.01325	0.02751	0.01528	0.85226	0.02140	0.00408	0.00408	0.00611	0.00255	0.00255
8	0.01124	0.85479	0.02203	0.00719	0.01079	0.01663	0.00719	0.01259	0.00854	0.00989	0.00584	0.00674	0.00539	0.00360	0.00270	0.00090	0.00450	0.00225	0.00180	0.00539
9	0.00497	0.00426	0.00426	0.00426	0.00568	0.00355	0.00319	0.00603	0.00958	0.01136	0.04259	0.04046	0.82433	0.01065	0.00497	0.00142	0.00213	0.00887	0.00390	0.00355
10	0.00794	0.00747	0.01261	0.84216	0.02895	0.00934	0.01167	0.01074	0.00841	0.01074	0.00747	0.01121	0.00560	0.00420	0.00420	0.00140	0.00560	0.00374	0.00187	0.00467
11	0.01125	0.01159	0.01624	0.02341	0.69627	0.14173	0.01214	0.01352	0.00995	0.01318	0.00768	0.00995	0.00646	0.00384	0.00410	0.00122	0.00541	0.00358	0.00209	0.00637
12	0.00819	0.00437	0.00451	0.00435	0.00545	0.00447	0.00331	0.05267	0.00931	0.01599	0.01341	0.01541	0.01057	0.00609	0.03999	0.00125	0.00252	0.00394	0.79013	0.00408

[dist]
# distance from previous block
# <min> <max>
0	2

[block]
# block no. 2 follows, 63 sequences, length 40
# corresponding to MSA columns:
# 85-124
name=unknown_C
#
# <colnr> <probs for GDERKNQSTAVLIFYWHMCP>
#	G	D	E	R	K	N	Q	S	T	A	V	L	I	F	Y	W	H	M	C	P
0	0.01041	0.00899	0.00949	0.00850	0.01091	0.01033	0.00661	0.02204	0.79806	0.01749	0.01687	0.01551	0.01267	0.00564	0.00425	0.00141	0.00332	0.00470	0.00423	0.02859
1	0.00497	0.00426	0.00426	0.00426	0.00568	0.00355	0.00319	0.00603	0.00958	0.01136	0.04259	0.04046	0.82433	0.01065	0.00497	0.00142	0.00213	0.00887	0.00390	0.00355
2	0.03781	0.82896	0.02154	0.00714	0.01071	0.01641	0.00711	0.01258	0.00850	0.01016	0.00584	0.00675	0.00537	0.00361	0.00269	0.00091	0.00446	0.00225	0.00182	0.00537
3	0.00794	0.00747	0.01261	0.84216	0.02895	0.00934	0.01167	0.01074	0.00841	0.01074	0.00747	0.01121	0.00560	0.00420	0.00420	0.00140	0.00560	0.00374	0.00187	0.00467
4	0.00920	0.00920	0.01288	0.01104	0.01104	0.01288	0.00920	0.01012	0.00644	0.01012	0.00552	0.00920	0.00552	0.00736	0.01380	0.00184	0.84457	0.00368	0.00184	0.00460
5	0.00794	0.00747	0.01261	0.84216	0.02895	0.00934	0.01167	0.01074	0.00841	0.01074	0.00747	0.01121	0.00560	0.00420	0.00420	0.00140	0.00560	0.00374	0.00187	0.00467
6	0.00512	0.00366	0.00488	0.00585	0.00610	0.00341	0.00390	0.00585	0.00805	0.01073	0.02317	0.84952	0.02780	0.01317	0.00537	0.00171	0.00244	0.01195	0.00390	0.00341
7	0.00497	0.00426	0.00426	0.00426	0.00568	0.00355	0.00319	0.00603	0.00958	0.01136	0.04259	0.04046	0.82433	0.01065	0.00497	0.00142	0.00213	0.00887	0.00390	0.00355
8	0.01046	0.00907	0.01242	0.00901	0.01276	0.00807	0.14984	0.17968	0.01126	0.01635	0.00821	0.00948	0.00645	0.00360	0.00367	0.00090	0.00414	0.00320	0.00279	0.53866
9	0.00497	0.00426	0.00426	0.00426	0.00568	0.00355	0.00319	0.00603	0.00958	0.01136	0.04259	0.04046	0.82433	0.01065	0.00497	0.00142	0.00213	0.00887	0.00390	0.00355
10	0.00590	0.00399	0.00465	0.00486	0.00491	0.00393	0.00284	0.00606	0.00653	0.00870	0.01536	0.20272	0.01795	0.67341	0.01798	0.00357	0.00373	0.00736	0.00284	0.00273
11	0.01040	0.00999	0.01706	0.02580	0.82604	0.00999	0.01290	0.01290	0.00957	0.01373	0.00791	0.01040	0.00666	0.00375	0.00416	0.00125	0.00499	0.00375	0.00208	0.00666
12	0.00843	0.02174	0.83048	0.01198	0.01819	0.00976	0.01553	0.01331	0.00888	0.01331	0.00754	0.00888	0.00533	0.00399	0.00399	0.00133	0.00621	0.00311	0.00178	0.00621
13	0.00843	0.02174	0.83048	0.01198	0.01819	0.00976	0.01553	0.01331	0.00888	0.01331	0.00754	0.00888	0.00533	0.00399	0.00399	0.00133	0.00621	0.00311	0.00178	0.00621
14	0.00497	0.00426	0.00426	0.00426	0.00568	0.00355	0.00319	0.00603	0.00958	0.01136	0.04259	0.04046	0.82433	0.01065	0.00497	0.00142	0.00213	0.00887	0.00390	0.00355
15	0.01169	0.64956	0.09227	0.00819	0.01179	0.14472	0.00808	0.01331	0.00910	0.01026	0.00610	0.00706	0.00539	0.00375	0.00298	0.00097	0.00513	0.00240	0.00185	0.00539
16	0.01124	0.85479	0.02203	0.00719	0.01079	0.01663	0.00719	0.01259	0.00854	0.00989	0.00584	0.00674	0.00539	0.00360	0.00270	0.00090	0.00450	0.00225	0.00180	0.00539
17	0.00872	0.00747	0.00872	0.00623	0.00996	0.00560	0.00498	0.01058	0.00872	0.01370	0.00747	0.00872	0.00623	0.00311	0.00311	0.00062	0.00311	0.00249	0.00249	0.87796
18	0.01040	0.00999	0.01706	0.02580	0.82604	0.00999	0.01290	0.01290	0.00957	0.01373	0.00791	0.01040	0.00666	0.00375	0.00416	0.00125	0.00499	0.00375	0.00208	0.00666
19	0.00611	0.00408	0.00458	0.00458	0.00458	0.00408	0.00255	0.00611	0.00611	0.00815	0.01325	0.02751	0.01528	0.85226	0.02140	0.00408	0.00408	0.00611	0.00255	0.00255
20	0.00611	0.00408	0.00458	0.00458	0.00458	0.00408	0.00255	0.00611	0.00611	0.00815	0.01325	0.02751	0.01528	0.85226	0.02140	0.00408	0.00408	0.00611	0.00255	0.00255
21	0.00626	0.04593	0.00750	0.00678	0.00767	0.00581	0.00535	0.00775	0.00684	0.00977	0.01100	0.01604	0.01026	0.03017	0.79502	0.00647	0.01093	0.00439	0.00223	0.00383
22	0.01445	0.01083	0.01174	0.00894	0.01230	0.01150	0.00733	0.64943	0.01747	0.02379	0.00968	0.01020	0.00715	0.02198	0.00436	0.00120	0.00434	0.00360	0.00386	0.16586
23	0.00505	0.00427	0.00435	0.00438	0.00576	0.00360	0.00330	0.00613	0.00951	0.01133	0.04125	0.04041	0.77943	0.02889	0.00535	0.00149	0.00223	0.03583	0.00387	0.00354
24	0.00983	0.01077	0.01953	0.01477	0.01723	0.03978	0.45836	0.01222	0.00858	0.01200	0.00723	0.01034	0.00600	0.00512	0.00850	0.00158	0.34659	0.00436	0.00201	0.00521
25	0.01035	0.01014	0.01793	0.02490	0.73601	0.01006	0.10224	0.01296	0.00961	0.01370	0.00797	0.01051	0.00663	0.00372	0.00425	0.00127	0.00523	0.00388	0.00209	0.00655
26	0.00590	0.00426	0.00558	0.00532	0.00627	0.00394	0.00396	0.00782	0.01169	0.01652	0.77970	0.07649	0.03901	0.00885	0.00498	0.00134	0.00201	0.00784	0.00459	0.00394
27	0.00611	0.00408	0.00458	0.00458	0.00458	0.00408	0.00255	0.00611	0.00611	0.00815	0.01325	0.02751	0.01528	0.85226	0.02140	0.00408	0.00408	0.00611	0.00255	0.00255
28	0.01525	0.01124	0.01219	0.00946	0.01263	0.01247	0.00779	0.75303	0.01881	0.02527	0.01018	0.01056	0.00740	0.00699	0.06516	0.00166	0.00511	0.00384	0.00406	0.00690
29	0.04756	0.02257	0.00965	0.00730	0.01042	0.00637	0.00603	0.01944	0.01179	0.74575	0.05631	0.01477	0.01157	0.00530	0.00418	0.00129	0.00350	0.00429	0.00502	0.00687
30	0.85210	0.00811	0.00640	0.03411	0.00884	0.00943	0.00480	0.01230	0.00720	0.01858	0.00591	0.00698	0.00459	0.00391	0.00266	0.00130	0.00333	0.00233	0.00258	0.00456
31	0.00794	0.00747	0.01261	0.84216	0.02895	0.00934	0.01167	0.01074	0.00841	0.01074	0.00747	0.01121	0.00560	0.00420	0.00420	0.00140	0.00560	0.00374	0.00187	0.00467
32	0.00512	0.00366	0.00488	0.00585	0.00610	0.00341	0.00390	0.00585	0.00805	0.01073	0.02317	0.84952	0.02780	0.01317	0.00537	0.00171	0.00244	0.01195	0.00390	0.00341
33	0.00590	0.00426	0.00558	0.00532	0.00627	0.00394	0.00396	0.00782	0.01169	0.01652	0.77970	0.07649	0.03901	0.00885	0.00498	0.00134	0.00201	0.00784	0.00459	0.00394
34	0.88196	0.00813	0.00618	0.00553	0.00813	0.00943	0.00455	0.01236	0.00715	0.01886	0.00585	0.00683	0.00455	0.00390	0.00260	0.00130	0.00325	0.00228	0.00260	0.00455
35	0.72516	0.00744	0.00608	0.00549	0.00780	0.00845	0.00445	0.01157	0.00800	0.01850	0.15226	0.01123	0.01084	0.00474	0.00302	0.00130	0.00302	0.00323	0.00296	0.00445
36	0.00851	0.02117	0.78608	0.01230	0.01840	0.00981	0.05936	0.01332	0.00893	0.01332	0.00760	0.00901	0.00538	0.00397	0.00405	0.00134	0.00626	0.00321	0.00179	0.00618
37	0.00990	0.00947	0.01615	0.19247	0.66330	0.00986	0.01265	0.01246	0.00933	0.01312	0.00782	0.01057	0.00644	0.00384	0.00417	0.00128	0.00512	0.00374	0.00204	0.00625
38	0.86043	0.00811	0.00627	0.00558	0.00819	0.00935	0.00459	0.01256	0.00728	0.03907	0.00612	0.00702	0.00470	0.00393	0.00264	0.00130	0.00326	0.00232	0.00267	0.00462
39	0.00872	0.00747	0.00872	0.00623	0.00996	0.00560	0.00498	0.01058	0.00872	0.01370	0.00747	0.00872	0.00623	0.00311	0.00311	0.00062	0.00311	0.00249	0.00249	0.87796

[dist]
# distance from previous block
# <min> <max>
0	3

[block]
# block no. 3 follows, 63 sequences, length 33
# corresponding to MSA columns:
# 128-160
name=unknown_D
#
# <colnr> <probs for GDERKNQSTAVLIFYWHMCP>
#	G	D	E	R	K	N	Q	S	T	A	V	L	I	F	Y	W	H	M	C	P
0	0.00595	0.00430	0.00562	0.00529	0.00628	0.00397	0.00397	0.00793	0.01190	0.01686	0.82382	0.03140	0.03966	0.00859	0.00496	0.00132	0.00198	0.00760	0.00463	0.00397
1	0.00831	0.00704	0.00828	0.00618	0.00953	0.00536	0.00486	0.01005	0.00864	0.01336	0.00924	0.10364	0.00866	0.00425	0.00337	0.00075	0.00304	0.00356	0.00265	0.77923
2	0.00920	0.00920	0.01288	0.01104	0.01104	0.01288	0.00920	0.01012	0.00644	0.01012	0.00552	0.00920	0.00552	0.00736	0.01380	0.00184	0.84457	0.00368	0.00184	0.00460
3	0.01567	0.01147	0.01228	0.00945	0.01272	0.01268	0.00780	0.78108	0.01934	0.02608	0.01023	0.01031	0.00729	0.00504	0.00416	0.00125	0.00452	0.00379	0.03781	0.00702
4	0.00589	0.00427	0.00555	0.00528	0.00625	0.00393	0.00394	0.00779	0.01168	0.01645	0.76873	0.06324	0.06352	0.00883	0.00497	0.00134	0.00201	0.00781	0.00458	0.00393
5	0.00512	0.00366	0.00488	0.00585	0.00610	0.00341	0.00390	0.00585	0.00805	0.01073	0.02317	0.84952	0.02780	0.01317	0.00537	0.00171	0.00244	0.01195	0.00390	0.00341
6	0.00512	0.00366	0.00488	0.00585	0.00610	0.00341	0.00390	0.00585	0.00805	0.01073	0.02317	0.84952	0.02780	0.01317	0.00537	0.00171	0.00244	0.01195	0.00390	0.00341
7	0.01535	0.01157	0.01312	0.01149	0.10482	0.01269	0.00854	0.72181	0.01861	0.02505	0.00985	0.01013	0.00709	0.00490	0.00420	0.00126	0.00467	0.00378	0.00397	0.00709
8	0.01886	0.00715	0.00976	0.00748	0.01073	0.00618	0.00618	0.02049	0.01203	0.82895	0.01658	0.01431	0.01041	0.00520	0.00423	0.00130	0.00358	0.00423	0.00520	0.00715
9	0.00512	0.00366	0.00488	0.00585	0.00610	0.00341	0.00390	0.00585	0.00805	0.01073	0.02317	0.84952	0.02780	0.01317	0.00537	0.00171	0.00244	0.01195	0.00390	0.00341
10	0.00849	0.00664	0.00795	0.00621	0.00917	0.00516	0.00481	0.01010	0.00875	0.05662	0.01133	0.18971	0.01109	0.00539	0.00366	0.00089	0.00299	0.00462	0.00294	0.64349
11	0.88196	0.00813	0.00618	0.00553	0.00813	0.00943	0.00455	0.01236	0.00715	0.01886	0.00585	0.00683	0.00455	0.00390	0.00260	0.00130	0.00325	0.00228	0.00260	0.00455
12	0.01542	0.01950	0.01219	0.01163	0.05644	0.79128	0.00838	0.01658	0.01179	0.01047	0.00657	0.00773	0.00548	0.00430	0.00381	0.00109	0.00744	0.00276	0.00216	0.00497
13	0.00497	0.00426	0.00426	0.00426	0.00568	0.00355	0.00319	0.00603	0.00958	0.01136	0.04259	0.04046	0.82433	0.01065	0.00497	0.00142	0.00213	0.00887	0.00390	0.00355
14	0.00601	0.00450	0.00676	0.00676	0.00751	0.00525	0.00525	0.00751	0.00676	0.00976	0.01126	0.01651	0.01051	0.03153	0.83560	0.00676	0.01126	0.00450	0.00225	0.00375
15	0.00512	0.00366	0.00488	0.00585	0.00610	0.00341	0.00390	0.00585	0.00805	0.01073	0.02317	0.84952	0.02780	0.01317	0.00537	0.00171	0.00244	0.01195	0.00390	0.00341
16	0.00920	0.00920	0.01288	0.01104	0.01104	0.01288	0.00920	0.01012	0.00644	0.01012	0.00552	0.00920	0.00552	0.00736	0.01380	0.00184	0.84457	0.00368	0.00184	0.00460
17	0.01040	0.00999	0.01706	0.02580	0.82604	0.00999	0.01290	0.01290	0.00957	0.01373	0.00791	0.01040	0.00666	0.00375	0.00416	0.00125	0.00499	0.00375	0.00208	0.00666
18	0.00512	0.00366	0.00488	0.00585	0.00610	0.00341	0.00390	0.00585	0.00805	0.01073	0.02317	0.84952	0.02780	0.01317	0.00537	0.00171	0.00244	0.01195	0.00390	0.00341
19	0.01124	0.85479	0.02203	0.00719	0.01079	0.01663	0.00719	0.01259	0.00854	0.00989	0.00584	0.00674	0.00539	0.00360	0.00270	0.00090	0.00450	0.00225	0.00180	0.00539
20	0.00992	0.01134	0.02481	0.01772	0.02197	0.01063	0.81077	0.01347	0.00992	0.01347	0.00850	0.01134	0.00638	0.00354	0.00496	0.00142	0.00709	0.00496	0.00213	0.00567
21	0.00843	0.02174	0.83048	0.01198	0.01819	0.00976	0.01553	0.01331	0.00888	0.01331	0.00754	0.00888	0.00533	0.00399	0.00399	0.00133	0.00621	0.00311	0.00178	0.00621
22	0.00497	0.00426	0.00426	0.00426	0.00568	0.00355	0.00319	0.00603	0.00958	0.01136	0.04259	0.04046	0.82433	0.01065	0.00497	0.00142	0.00213	0.00887	0.00390	0.00355
23	0.72687	0.00801	0.00732	0.15398	0.01182	0.00941	0.00582	0.01207	0.00738	0.01742	0.00614	0.00761	0.00474	0.00396	0.00289	0.00132	0.00367	0.00254	0.00247	0.00457
24	0.00794	0.00747	0.01261	0.84216	0.02895	0.00934	0.01167	0.01074	0.00841	0.01074	0.00747	0.01121	0.00560	0.00420	0.00420	0.00140	0.00560	0.00374	0.00187	0.00467
25	0.00497	0.00426	0.00426	0.00426	0.00568	0.00355	0.00319	0.00603	0.00958	0.01136	0.04259	0.04046	0.82433	0.01065	0.00497	0.00142	0.00213	0.00887	0.00390	0.00355
26	0.00804	0.00767	0.01324	0.79925	0.02859	0.00941	0.05326	0.01088	0.00848	0.01088	0.00753	0.01121	0.00564	0.00417	0.00424	0.00140	0.00568	0.00380	0.00188	0.00472
27	0.00992	0.01134	0.02481	0.01772	0.02197	0.01063	0.81077	0.01347	0.00992	0.01347	0.00850	0.01134	0.00638	0.00354	0.00496	0.00142	0.00709	0.00496	0.00213	0.00567
28	0.01040	0.00999	0.01706	0.02580	0.82604	0.00999	0.01290	0.01290	0.00957	0.01373	0.00791	0.01040	0.00666	0.00375	0.00416	0.00125	0.00499	0.00375	0.00208	0.00666
29	0.00601	0.00450	0.00676	0.00676	0.00751	0.00525	0.00525	0.00751	0.00676	0.00976	0.01126	0.01651	0.01051	0.03153	0.83560	0.00676	0.01126	0.00450	0.00225	0.00375
30	0.00883	0.02121	0.78678	0.01186	0.01792	0.00994	0.01513	0.05599	0.00946	0.01402	0.00768	0.00894	0.00542	0.00405	0.00401	0.00133	0.00613	0.00314	0.00190	0.00626
31	0.00497	0.00426	0.00426	0.00426	0.00568	0.00355	0.00319	0.00603	0.00958	0.01136	0.04259	0.04046	0.82433	0.01065	0.00497	0.00142	0.00213	0.00887	0.00390	0.00355
32	0.00872	0.00747	0.00872	0.00623	0.00996	0.00560	0.00498	0.01058	0.00872	0.01370	0.00747	0.00872	0.00623	0.00311	0.00311	0.00062	0.00311	0.00249	0.00249	0.87796

[dist]
# distance from previous block
# <min> <max>
0	3

[block]
# block no. 4 follows, 63 sequences, length 10
# corresponding to MSA columns:
# 164-173
name=unknown_E
#
# <colnr> <probs for GDERKNQSTAVLIFYWHMCP>
#	G	D	E	R	K	N	Q	S	T	A	V	L	I	F	Y	W	H	M	C	P
0	0.00794	0.00747	0.01261	0.84216	0.02895	0.00934	0.01167	0.01074	0.00841	0.01074	0.00747	0.01121	0.00560	0.00420	0.00420	0.00140	0.00560	0.00374	0.00187	0.00467
1	0.00517	0.00427	0.00454	0.00447	0.00580	0.00363	0.00335	0.00642	0.01005	0.01248	0.20209	0.03861	0.66413	0.01023	0.00497	0.00140	0.00210	0.00861	0.00405	0.00363
2	0.00794	0.00747	0.01261	0.84216	0.02895	0.00934	0.01167	0.01074	0.00841	0.01074	0.00747	0.01121	0.00560	0.00420	0.00420	0.00140	0.00560	0.00374	0.00187	0.00467
3	0.01418	0.01043	0.01133	0.00904	0.01189	0.01144	0.00731	0.67857	0.01783	0.02388	0.01226	0.14906	0.01057	0.00639	0.00440	0.00134	0.00426	0.00514	0.00416	0.00653
4	0.00590	0.00426	0.00557	0.00532	0.00627	0.00393	0.00396	0.00780	0.01166	0.01648	0.77398	0.08233	0.03893	0.00888	0.00498	0.00135	0.00201	0.00787	0.00458	0.00393
5	0.00512	0.00366	0.00488	0.00585	0.00610	0.00341	0.00390	0.00585	0.00805	0.01073	0.02317	0.84952	0.02780	0.01317	0.00537	0.00171	0.00244	0.01195	0.00390	0.00341
6	0.00512	0.00366	0.00488	0.00585	0.00610	0.00341	0.00390	0.00585	0.00805	0.01073	0.02317	0.84952	0.02780	0.01317	0.00537	0.00171	0.00244	0.01195	0.00390	0.00341
7	0.00794	0.00747	0.01261	0.84216	0.02895	0.00934	0.01167	0.01074	0.00841	0.01074	0.00747	0.01121	0.00560	0.00420	0.00420	0.00140	0.00560	0.00374	0.00187	0.00467
8	0.01108	0.00889	0.00952	0.00847	0.01092	0.01014	0.00662	0.02220	0.75839	0.07801	0.01707	0.01558	0.01265	0.00567	0.00427	0.00142	0.00335	0.00471	0.00435	0.00669
9	0.88196	0.00813	0.00618	0.00553	0.00813	0.00943	0.00455	0.01236	0.00715	0.01886	0.00585	0.00683	0.00455	0.00390	0.00260	0.00130	0.00325	0.00228	0.00260	0.00455

[dist]
# distance from previous block
# <min> <max>
0	3

[block]
# block no. 5 follows, 63 sequences, length 43
# corresponding to MSA columns:
# 177-219
name=unknown_F
#
# <colnr> <probs for GDERKNQSTAVLIFYWHMCP>
#	G	D	E	R	K	N	Q	S	T	A	V	L	I	F	Y	W	H	M	C	P
0	0.01124	0.85479	0.02203	0.00719	0.01079	0.01663	0.00719	0.01259	0.00854	0.00989	0.00584	0.00674	0.00539	0.00360	0.00270	0.00090	0.00450	0.00225	0.00180	0.00539
1	0.01124	0.85479	0.02203	0.00719	0.01079	0.01663	0.00719	0.01259	0.00854	0.00989	0.00584	0.00674	0.00539	0.00360	0.00270	0.00090	0.00450	0.00225	0.00180	0.00539
2	0.00992	0.01134	0.02481	0.01772	0.02197	0.01063	0.81077	0.01347	0.00992	0.01347	0.00850	0.01134	0.00638	0.00354	0.00496	0.00142	0.00709	0.00496	0.00213	0.00567
3	0.00864	0.02147	0.80797	0.01192	0.01805	0.00985	0.01532	0.03530	0.00918	0.01368	0.00761	0.00891	0.00538	0.00402	0.00400	0.00133	0.00617	0.00313	0.00184	0.00624
4	0.01549	0.01967	0.01195	0.01084	0.01293	0.80790	0.00816	0.01656	0.01173	0.01028	0.00647	0.00763	0.00542	0.00443	0.00412	0.00111	0.03555	0.00274	0.00216	0.00486
5	0.01455	0.01093	0.01185	0.00899	0.01243	0.01157	0.00740	0.65405	0.01759	0.02397	0.00958	0.00982	0.00697	0.00467	0.00399	0.00114	0.00433	0.00353	0.00387	0.17879
6	0.82851	0.00803	0.00644	0.04145	0.00899	0.00933	0.00485	0.01221	0.00729	0.01848	0.02078	0.00746	0.00524	0.00400	0.00271	0.00131	0.00333	0.00244	0.00261	0.00455
7	0.00843	0.02174	0.83048	0.01198	0.01819	0.00976	0.01553	0.01331	0.00888	0.01331	0.00754	0.00888	0.00533	0.00399	0.00399	0.00133	0.00621	0.00311	0.00178	0.00621
8	0.00843	0.02174	0.83048	0.01198	0.01819	0.00976	0.01553	0.01331	0.00888	0.01331	0.00754	0.00888	0.00533	0.00399	0.00399	0.00133	0.00621	0.00311	0.00178	0.00621
9	0.14140	0.00729	0.00925	0.00720	0.01036	0.00664	0.00595	0.01933	0.01134	0.71393	0.01506	0.01325	0.00957	0.00502	0.00400	0.00130	0.00353	0.00395	0.00483	0.00678
10	0.01475	0.01062	0.01160	0.00908	0.01196	0.01170	0.00737	0.69751	0.01774	0.02377	0.00970	0.01047	0.00717	0.00640	0.00594	0.12570	0.00449	0.00377	0.00387	0.00639
11	0.00664	0.00510	0.00746	0.00647	0.00708	0.00499	0.11732	0.00715	0.00669	0.00895	0.01275	0.04014	0.01425	0.71652	0.01877	0.00366	0.00447	0.00606	0.00251	0.00301
12	0.01488	0.13826	0.01325	0.01024	0.01258	0.70323	0.00794	0.01601	0.01134	0.01022	0.00650	0.00763	0.00551	0.00475	0.01957	0.00117	0.00721	0.00268	0.00212	0.00493
13	0.01749	0.00744	0.01020	0.00798	0.01077	0.00713	0.00661	0.01901	0.01124	0.71269	0.01501	0.01358	0.00971	0.00551	0.00559	0.00138	0.12298	0.00415	0.00473	0.00679
14	0.00872	0.00747	0.00872	0.00623	0.00996	0.00560	0.00498	0.01058	0.00872	0.01370	0.00747	0.00872	0.00623	0.00311	0.00311	0.00062	0.00311	0.00249	0.00249	0.87796
15	0.00992	0.01134	0.02481	0.01772	0.02197	0.01063	0.81077	0.01347	0.00992	0.01347	0.00850	0.01134	0.00638	0.00354	0.00496	0.00142	0.00709	0.00496	0.00213	0.00567
16	0.08531	0.78277	0.02068	0.00705	0.01056	0.01602	0.00697	0.01257	0.00842	0.01065	0.00585	0.00675	0.00532	0.00362	0.00269	0.00093	0.00439	0.00225	0.00187	0.00532
17	0.01433	0.01724	0.01234	0.01264	0.12808	0.62865	0.00861	0.04978	0.01158	0.01144	0.00716	0.00867	0.00600	0.00606	0.05820	0.00148	0.00733	0.00302	0.00225	0.00515
18	0.04547	0.00750	0.01233	0.80623	0.02806	0.00934	0.01137	0.01081	0.00835	0.01109	0.00740	0.01102	0.00556	0.00419	0.00413	0.00140	0.00550	0.00367	0.00190	0.00466
19	0.01767	0.00742	0.00972	0.00763	0.01076	0.00679	0.00625	0.02075	0.12653	0.71375	0.01666	0.01450	0.01075	0.00527	0.00423	0.00132	0.00354	0.00430	0.00507	0.00708
20	0.00549	0.00458	0.00567	0.12365	0.00912	0.00437	0.00461	0.00679	0.00922	0.01149	0.08527	0.21765	0.47669	0.01016	0.00495	0.00148	0.00268	0.00875	0.00366	0.00371
21	0.00497	0.00426	0.00426	0.00426	0.00568	0.00355	0.00319	0.00603	0.00958	0.01136	0.04259	0.04046	0.82433	0.01065	0.00497	0.00142	0.00213	0.00887	0.00390	0.00355
22	0.00589	0.00424	0.00559	0.00553	0.00641	0.00395	0.00414	0.00769	0.01121	0.01571	0.65778	0.14861	0.03697	0.00944	0.00507	0.00142	0.00217	0.05984	0.00448	0.00388
23	0.86209	0.00844	0.02492	0.00567	0.00836	0.00944	0.00480	0.01238	0.00719	0.01873	0.00589	0.00688	0.00457	0.00390	0.00263	0.00130	0.00332	0.00230	0.00258	0.00459
24	0.13409	0.00875	0.01200	0.47191	0.07654	0.01027	0.00988	0.19964	0.01098	0.01580	0.00789	0.01027	0.00589	0.00433	0.00397	0.00134	0.00500	0.00354	0.00254	0.00537
25	0.00651	0.00443	0.00575	0.00535	0.00646	0.00405	0.00404	0.00844	0.01181	0.05471	0.75241	0.03099	0.07199	0.00852	0.00492	0.00133	0.00206	0.00750	0.00462	0.00410
26	0.01040	0.00999	0.01706	0.02580	0.82604	0.00999	0.01290	0.01290	0.00957	0.01373	0.00791	0.01040	0.00666	0.00375	0.00416	0.00125	0.00499	0.00375	0.00208	0.00666
27	0.01571	0.01163	0.01262	0.03749	0.01357	0.01291	0.00811	0.78524	0.01939	0.02597	0.01001	0.01013	0.00710	0.00502	0.00421	0.00127	0.00466	0.00378	0.00413	0.00707
28	0.00536	0.00432	0.00469	0.00486	0.00607	0.00380	0.00371	0.00646	0.00926	0.01126	0.03647	0.05365	0.61374	0.08530	0.00656	0.00174	0.00258	0.13288	0.00378	0.00351
29	0.00992	0.01134	0.02481	0.01772	0.02197	0.01063	0.81077	0.01347	0.00992	0.01347	0.00850	0.01134	0.00638	0.00354	0.00496	0.00142	0.00709	0.00496	0.00213	0.00567
30	0.00754	0.00693	0.01151	0.72342	0.02571	0.00850	0.01057	0.01005	0.00835	0.01074	0.00970	0.13023	0.00876	0.00548	0.00437	0.00144	0.00515	0.00490	0.00216	0.00449
31	0.01040	0.00999	0.01706	0.02580	0.82604	0.00999	0.01290	0.01290	0.00957	0.01373	0.00791	0.01040	0.00666	0.00375	0.00416	0.00125	0.00499	0.00375	0.00208	0.00666
32	0.01767	0.00742	0.00972	0.00763	0.01076	0.00679	0.00625	0.02075	0.12653	0.71375	0.01666	0.01450	0.01075	0.00527	0.00423	0.00132	0.00354	0.00430	0.00507	0.00708
33	0.01845	0.00781	0.01016	0.00779	0.01106	0.00715	0.00644	0.13287	0.01313	0.71502	0.01566	0.01371	0.00994	0.00518	0.00422	0.00130	0.00373	0.00416	0.00506	0.00715
34	0.00605	0.00405	0.00460	0.00467	0.00469	0.00403	0.00264	0.00610	0.00624	0.00832	0.01391	0.08227	0.01612	0.79637	0.02033	0.00392	0.00397	0.00650	0.00264	0.00260
35	0.00963	0.00992	0.01281	0.01102	0.01117	0.06766	0.00913	0.01056	0.00680	0.01013	0.00558	0.00909	0.00551	0.00716	0.01313	0.00179	0.78882	0.00361	0.00186	0.00462
36	0.01598	0.01177	0.01262	0.00967	0.01304	0.01304	0.00799	0.81202	0.01976	0.02649	0.01009	0.01009	0.00715	0.00505	0.00421	0.00126	0.00463	0.00378	0.00421	0.00715
37	0.00512	0.00366	0.00488	0.00585	0.00610	0.00341	0.00390	0.00585	0.00805	0.01073	0.02317	0.84952	0.02780	0.01317	0.00537	0.00171	0.00244	0.01195	0.00390	0.00341
38	0.00592	0.00427	0.00559	0.00531	0.00627	0.00395	0.00396	0.00785	0.01175	0.01662	0.79289	0.06301	0.03921	0.00877	0.00497	0.00134	0.00200	0.00777	0.00460	0.00395
39	0.01444	0.01062	0.01152	0.00913	0.01205	0.01167	0.00741	0.69756	0.01810	0.02426	0.01195	0.12928	0.01008	0.00620	0.00437	0.00132	0.00432	0.00494	0.00416	0.00662
40	0.01598	0.01177	0.01262	0.00967	0.01304	0.01304	0.00799	0.81202	0.01976	0.02649	0.01009	0.01009	0.00715	0.00505	0.00421	0.00126	0.00463	0.00378	0.00421	0.00715
41	0.00730	0.00365	0.00548	0.00548	0.00548	0.00365	0.00365	0.00548	0.00548	0.00730	0.00730	0.01278	0.00730	0.01460	0.01643	0.87769	0.00365	0.00365	0.00183	0.00183
42	0.00920	0.00920	0.01288	0.01104	0.01104	0.01288	0.00920	0.01012	0.00644	0.01012	0.00552	0.00920	0.00552	0.00736	0.01380	0.00184	0.84457	0.00368	0.00184	0.00460

[dist]
# distance from previous block
# <min> <max>
4	9

[block]
# block no. 6 follows, 63 sequences, length 11
# corresponding to MSA columns:
# 229-239
name=unknown_G
#
# <colnr> <probs for GDERKNQSTAVLIFYWHMCP>
#	G	D	E	R	K	N	Q	S	T	A	V	L	I	F	Y	W	H	M	C	P
0	0.00794	0.00747	0.01261	0.84216	0.02895	0.00934	0.01167	0.01074	0.00841	0.01074	0.00747	0.01121	0.00560	0.00420	0.00420	0.00140	0.00560	0.00374	0.00187	0.00467
1	0.83454	0.00809	0.00653	0.05092	0.00926	0.00943	0.00494	0.01227	0.00722	0.01842	0.00594	0.00707	0.00461	0.00392	0.00269	0.00131	0.00338	0.00236	0.00256	0.00456
2	0.01148	0.80950	0.02148	0.00739	0.01091	0.06106	0.00724	0.01282	0.00872	0.00991	0.00588	0.00679	0.00540	0.00364	0.00276	0.00091	0.00466	0.00227	0.00182	0.00537
3	0.00992	0.01134	0.02481	0.01772	0.02197	0.01063	0.81077	0.01347	0.00992	0.01347	0.00850	0.01134	0.00638	0.00354	0.00496	0.00142	0.00709	0.00496	0.00213	0.00567
4	0.01025	0.00983	0.01678	0.07726	0.77580	0.00995	0.01282	0.01277	0.00950	0.01355	0.00788	0.01045	0.00659	0.00377	0.00416	0.00126	0.00503	0.00374	0.00207	0.00653
5	0.00968	0.00844	0.01014	0.17175	0.04015	0.00979	0.00784	0.01873	0.57281	0.01574	0.01533	0.01707	0.01209	0.00580	0.00438	0.00145	0.00387	0.06516	0.00371	0.00605
6	0.00927	0.00780	0.00902	0.00649	0.01020	0.00617	0.00521	0.07187	0.00956	0.01468	0.00767	0.00882	0.00630	0.00326	0.00320	0.00067	0.00323	0.00259	0.00262	0.81137
7	0.00646	0.00436	0.00491	0.00483	0.00498	0.00440	0.00281	0.03781	0.00673	0.00897	0.01351	0.05916	0.01546	0.78592	0.02009	0.00387	0.00403	0.00625	0.00267	0.00276
8	0.07952	0.00458	0.00562	0.00534	0.00642	0.00439	0.00401	0.00818	0.01127	0.01666	0.70783	0.07761	0.03601	0.00847	0.00478	0.00134	0.00212	0.00741	0.00441	0.00398
9	0.00603	0.00404	0.00461	0.00469	0.00471	0.00402	0.00266	0.00609	0.00628	0.00837	0.01408	0.09659	0.01634	0.78174	0.02005	0.00388	0.00394	0.00660	0.00266	0.00262
10	0.00872	0.00747	0.00872	0.00623	0.00996	0.00560	0.00498	0.01058	0.00872	0.01370	0.00747	0.00872	0.00623	0.00311	0.00311	0.00062	0.00311	0.00249	0.00249	0.87796

[dist]
# distance from previous block
# <min> <max>
0	2

[block]
# block no. 7 follows, 63 sequences, length 22
# corresponding to MSA columns:
# 242-263
name=unknown_H
#
# <colnr> <probs for GDERKNQSTAVLIFYWHMCP>
#	G	D	E	R	K	N	Q	S	T	A	V	L	I	F	Y	W	H	M	C	P
0	0.01579	0.01168	0.01251	0.00963	0.01296	0.01295	0.00794	0.78492	0.04717	0.02619	0.01033	0.01028	0.00734	0.00507	0.00421	0.00127	0.00458	0.00382	0.00421	0.00713
1	0.01823	0.00702	0.00961	0.00744	0.01057	0.00613	0.00613	0.01985	0.01177	0.78865	0.01632	0.01442	0.01041	0.00650	0.04512	0.00157	0.00395	0.00424	0.00506	0.00699
2	0.00540	0.00398	0.00535	0.00640	0.02826	0.00368	0.00419	0.00623	0.00812	0.01093	0.02215	0.79457	0.02640	0.01253	0.00525	0.00165	0.00253	0.01137	0.00380	0.03722
3	0.01817	0.08396	0.01087	0.00745	0.01074	0.00713	0.00627	0.01977	0.01172	0.75473	0.01561	0.01362	0.00995	0.00506	0.00409	0.00126	0.00366	0.00405	0.00489	0.00699
4	0.01649	0.00663	0.00900	0.00708	0.00991	0.00577	0.00577	0.01818	0.01201	0.67985	0.16479	0.01745	0.01578	0.00583	0.00436	0.00130	0.00328	0.00485	0.00510	0.00657
5	0.00611	0.00408	0.00458	0.00458	0.00458	0.00408	0.00255	0.00611	0.00611	0.00815	0.01325	0.02751	0.01528	0.85226	0.02140	0.00408	0.00408	0.00611	0.00255	0.00255
6	0.00512	0.00366	0.00488	0.00585	0.00610	0.00341	0.00390	0.00585	0.00805	0.01073	0.02317	0.84952	0.02780	0.01317	0.00537	0.00171	0.00244	0.01195	0.00390	0.00341
7	0.01570	0.02004	0.01191	0.01083	0.01300	0.83539	0.00812	0.01679	0.01191	0.01029	0.00650	0.00758	0.00541	0.00433	0.00379	0.00108	0.00758	0.00271	0.00217	0.00487
8	0.01040	0.00999	0.01706	0.02580	0.82604	0.00999	0.01290	0.01290	0.00957	0.01373	0.00791	0.01040	0.00666	0.00375	0.00416	0.00125	0.00499	0.00375	0.00208	0.00666
9	0.00898	0.00763	0.00886	0.00635	0.01007	0.00587	0.00509	0.03960	0.00912	0.01416	0.00757	0.00877	0.00626	0.00318	0.00315	0.00065	0.00317	0.00254	0.00255	0.84643
10	0.01598	0.01177	0.01262	0.00967	0.01304	0.01304	0.00799	0.81202	0.01976	0.02649	0.01009	0.01009	0.00715	0.00505	0.00421	0.00126	0.00463	0.00378	0.00421	0.00715
11	0.01598	0.01177	0.01262	0.00967	0.01304	0.01304	0.00799	0.81202	0.01976	0.02649	0.01009	0.01009	0.00715	0.00505	0.00421	0.00126	0.00463	0.00378	0.00421	0.00715
12	0.00512	0.00366	0.00488	0.00585	0.00610	0.00341	0.00390	0.00585	0.00805	0.01073	0.02317	0.84952	0.02780	0.01317	0.00537	0.00171	0.00244	0.01195	0.00390	0.00341
13	0.00512	0.00366	0.00488	0.00585	0.00610	0.00341	0.00390	0.00585	0.00805	0.01073	0.02317	0.84952	0.02780	0.01317	0.00537	0.00171	0.00244	0.01195	0.00390	0.00341
14	0.00812	0.00419	0.00422	0.00412	0.00518	0.00423	0.00311	0.03732	0.00919	0.01604	0.01359	0.01548	0.01065	0.00490	0.00298	0.00099	0.00205	0.00391	0.84570	0.00403
15	0.01848	0.00724	0.00974	0.00753	0.01074	0.00637	0.00620	0.02057	0.04857	0.79219	0.01661	0.01437	0.01052	0.00523	0.00423	0.00131	0.00357	0.00425	0.00516	0.00713
16	0.01886	0.00715	0.00976	0.00748	0.01073	0.00618	0.00618	0.02049	0.01203	0.82895	0.01658	0.01431	0.01041	0.00520	0.00423	0.00130	0.00358	0.00423	0.00520	0.00715
17	0.00611	0.00408	0.00458	0.00458	0.00458	0.00408	0.00255	0.00611	0.00611	0.00815	0.01325	0.02751	0.01528	0.85226	0.02140	0.00408	0.00408	0.00611	0.00255	0.00255
18	0.00529	0.00373	0.00483	0.00563	0.00584	0.00353	0.00367	0.00590	0.00772	0.01029	0.02146	0.70794	0.02565	0.15769	0.00813	0.00212	0.00272	0.01095	0.00367	0.00327
19	0.00505	0.00428	0.00437	0.00442	0.00582	0.00361	0.00336	0.00615	0.00959	0.01141	0.04166	0.04077	0.78808	0.01069	0.00501	0.00144	0.00221	0.04461	0.00390	0.00356
20	0.00843	0.02174	0.83048	0.01198	0.01819	0.00976	0.01553	0.01331	0.00888	0.01331	0.00754	0.00888	0.00533	0.00399	0.00399	0.00133	0.00621	0.00311	0.00178	0.00621
21	0.06097	0.00775	0.00992	0.00764	0.01088	0.00716	0.00631	0.11449	0.01271	0.69339	0.01528	0.01344	0.00973	0.00512	0.00414	0.00130	0.00369	0.00408	0.00496	0.00703

[dist]
# distance from previous block
# <min> <max>
2	6

[block]
# block no. 8 follows, 63 sequences, length 9
# corresponding to MSA columns:
# 270-278
name=unknown_I
#
# <colnr> <probs for GDERKNQSTAVLIFYWHMCP>
#	G	D	E	R	K	N	Q	S	T	A	V	L	I	F	Y	W	H	M	C	P
0	0.00872	0.00747	0.00872	0.00623	0.00996	0.00560	0.00498	0.01058	0.00872	0.01370	0.00747	0.00872	0.00623	0.00311	0.00311	0.00062	0.00311	0.00249	0.00249	0.87796
1	0.00992	0.00971	0.01721	0.16752	0.59073	0.00995	0.10794	0.01259	0.00941	0.01318	0.00790	0.01066	0.00644	0.00380	0.00426	0.00130	0.00535	0.00389	0.00205	0.00619
2	0.01756	0.05581	0.01043	0.00757	0.01076	0.00722	0.00629	0.02023	0.09518	0.69827	0.01602	0.01402	0.01037	0.00516	0.00415	0.00129	0.00360	0.00417	0.00491	0.00700
3	0.00843	0.02174	0.83048	0.01198	0.01819	0.00976	0.01553	0.01331	0.00888	0.01331	0.00754	0.00888	0.00533	0.00399	0.00399	0.00133	0.00621	0.00311	0.00178	0.00621
4	0.00611	0.00408	0.00458	0.00458	0.00458	0.00408	0.00255	0.00611	0.00611	0.00815	0.01325	0.02751	0.01528	0.85226	0.02140	0.00408	0.00408	0.00611	0.00255	0.00255
5	0.00619	0.00444	0.00646	0.00646	0.00724	0.00512	0.00502	0.00774	0.00697	0.01037	0.01151	0.01643	0.01054	0.02878	0.74954	0.00616	0.01030	0.00444	0.09252	0.00377
6	0.88196	0.00813	0.00618	0.00553	0.00813	0.00943	0.00455	0.01236	0.00715	0.01886	0.00585	0.00683	0.00455	0.00390	0.00260	0.00130	0.00325	0.00228	0.00260	0.00455
7	0.20215	0.00762	0.01118	0.65626	0.02433	0.00936	0.01009	0.01110	0.00813	0.01254	0.00711	0.01023	0.00537	0.00414	0.00385	0.00138	0.00508	0.00341	0.00203	0.00464
8	0.00843	0.02174	0.83048	0.01198	0.01819	0.00976	0.01553	0.01331	0.00888	0.01331	0.00754	0.00888	0.00533	0.00399	0.00399	0.00133	0.00621	0.00311	0.00178	0.00621

[dist]
# distance from previous block
# <min> <max>
2	5

[block]
# block no. 9 follows, 63 sequences, length 16
# corresponding to MSA columns:
# 284-299
name=unknown_J
#
# <colnr> <probs for GDERKNQSTAVLIFYWHMCP>
#	G	D	E	R	K	N	Q	S	T	A	V	L	I	F	Y	W	H	M	C	P
0	0.01475	0.01822	0.01284	0.01353	0.15953	0.68663	0.00898	0.01609	0.01149	0.01091	0.00675	0.00809	0.00564	0.00423	0.00386	0.00111	0.00711	0.00289	0.00215	0.00520
1	0.00676	0.00365	0.00533	0.00557	0.00563	0.00359	0.00371	0.00557	0.00612	0.00815	0.01125	0.22088	0.01240	0.01425	0.01368	0.65983	0.00335	0.00572	0.00234	0.00222
2	0.01886	0.00715	0.00976	0.00748	0.01073	0.00618	0.00618	0.02049	0.01203	0.82895	0.01658	0.01431	0.01041	0.00520	0.00423	0.00130	0.00358	0.00423	0.00520	0.00715
3	0.00670	0.00481	0.00667	0.00760	0.00858	0.00479	0.00663	0.00860	0.00967	0.01253	0.02309	0.04713	0.05708	0.01157	0.00577	0.00191	0.00380	0.76532	0.00387	0.00386
4	0.00804	0.00758	0.01279	0.80860	0.06172	0.00937	0.01173	0.01083	0.00845	0.01086	0.00749	0.01117	0.00565	0.00418	0.00420	0.00139	0.00558	0.00374	0.00188	0.00475
5	0.01090	0.75416	0.11969	0.00777	0.01168	0.01580	0.00820	0.01268	0.00858	0.01030	0.00605	0.00700	0.00539	0.00364	0.00285	0.00095	0.00470	0.00235	0.00180	0.00549
6	0.00586	0.00449	0.00605	0.00706	0.05415	0.00406	0.00455	0.00683	0.00822	0.01126	0.02039	0.69925	0.02397	0.01141	0.00502	0.00155	0.00267	0.01033	0.00363	0.10925
7	0.00558	0.00626	0.10420	0.00546	0.00708	0.00436	0.00468	0.00690	0.00876	0.01102	0.03128	0.14409	0.49498	0.13782	0.00740	0.00185	0.00296	0.00817	0.00344	0.00370
8	0.01036	0.01011	0.01778	0.02505	0.75165	0.01005	0.08672	0.01295	0.00960	0.01371	0.00796	0.01049	0.00663	0.00373	0.00424	0.00126	0.00519	0.00386	0.00209	0.00657
9	0.00642	0.00480	0.00700	0.00688	0.00773	0.00557	0.00537	0.04058	0.00729	0.01045	0.01121	0.01625	0.01037	0.03044	0.80143	0.00653	0.01099	0.00447	0.00233	0.00389
10	0.00762	0.00399	0.00426	0.00426	0.00521	0.00408	0.00322	0.00952	0.00857	0.01496	0.01342	0.01577	0.01074	0.00811	0.10353	0.00168	0.00308	0.00399	0.77010	0.00390
11	0.01040	0.00999	0.01706	0.02580	0.82604	0.00999	0.01290	0.01290	0.00957	0.01373	0.00791	0.01040	0.00666	0.00375	0.00416	0.00125	0.00499	0.00375	0.00208	0.00666
12	0.00794	0.00747	0.01261	0.84216	0.02895	0.00934	0.01167	0.01074	0.00841	0.01074	0.00747	0.01121	0.00560	0.00420	0.00420	0.00140	0.00560	0.00374	0.00187	0.00467
13	0.01040	0.00999	0.01706	0.02580	0.82604	0.00999	0.01290	0.01290	0.00957	0.01373	0.00791	0.01040	0.00666	0.00375	0.00416	0.00125	0.00499	0.00375	0.00208	0.00666
