[name]
rpl10

[dist]
# distance from previous block
# <min> <max>
0	0

[block]
# block no. 0 follows, 32 sequences, length 15
# corresponding to MSA columns:
# 0-14
name=unknown_A
#
# <colnr> <probs for GDERKNQSTAVLIFYWHMCP>
#	G	D	E	R	K	N	Q	S	T	A	V	L	I	F	Y	W	H	M	C	P
0	0.01081	0.00772	0.01081	0.01236	0.01390	0.00772	0.01081	0.01390	0.01545	0.02008	0.03553	0.07569	0.03862	0.01854	0.00927	0.00309	0.00618	0.67717	0.00618	0.00618
1	0.01391	0.01193	0.01391	0.00994	0.01590	0.00894	0.00795	0.01690	0.01391	0.02186	0.01193	0.01391	0.00994	0.00497	0.00497	0.00099	0.00497	0.00398	0.00398	0.80521
2	0.00974	0.00653	0.00742	0.00739	0.00749	0.00649	0.00421	0.00994	0.01035	0.01391	0.06610	0.04431	0.02690	0.71582	0.03246	0.00622	0.00629	0.00991	0.00428	0.00421
3	0.72579	0.01286	0.01096	0.08821	0.01655	0.01504	0.00849	0.01945	0.01163	0.02871	0.00962	0.01165	0.00745	0.00628	0.00443	0.00209	0.00559	0.00388	0.00403	0.00729
4	0.01227	0.01150	0.01901	0.68588	0.04310	0.01413	0.01750	0.01651	0.01357	0.01723	0.01663	0.02181	0.06856	0.00757	0.00681	0.00224	0.00848	0.00665	0.00325	0.00730
5	0.02547	0.01998	0.02004	0.01560	0.02080	0.08528	0.01277	0.63939	0.03042	0.03996	0.01559	0.01575	0.01116	0.00795	0.00665	0.00199	0.00781	0.00589	0.00642	0.01108
6	0.00888	0.00656	0.00815	0.00917	0.01010	0.00615	0.00632	0.03930	0.01408	0.01839	0.04140	0.60814	0.15898	0.01977	0.00838	0.00262	0.00396	0.01767	0.00625	0.00574
7	0.00816	0.00589	0.00773	0.00921	0.00970	0.00546	0.00617	0.00936	0.01298	0.01718	0.03862	0.72313	0.08000	0.02081	0.00853	0.00270	0.00387	0.01882	0.00623	0.00546
8	0.01510	0.01895	0.11072	0.13634	0.03611	0.01651	0.52276	0.02081	0.01529	0.02081	0.01316	0.01765	0.00981	0.00589	0.00757	0.00224	0.01080	0.00730	0.00327	0.00890
9	0.01397	0.01468	0.06987	0.47453	0.23207	0.01531	0.01929	0.01908	0.04017	0.01916	0.01271	0.01755	0.00982	0.00657	0.00667	0.00216	0.00860	0.00596	0.00321	0.00862
10	0.01346	0.03471	0.72942	0.01912	0.02904	0.01558	0.02479	0.02125	0.01417	0.02125	0.01204	0.01417	0.00850	0.00637	0.00637	0.00212	0.00992	0.00496	0.00283	0.00992
11	0.02410	0.01895	0.02006	0.09424	0.02353	0.06861	0.01340	0.58113	0.02875	0.03784	0.01527	0.01603	0.01096	0.00783	0.00667	0.00202	0.00787	0.00592	0.00609	0.01074
12	0.00818	0.00584	0.00779	0.00934	0.00973	0.00545	0.00623	0.00934	0.01285	0.01713	0.03698	0.75981	0.04438	0.02102	0.00856	0.00273	0.00389	0.01908	0.00623	0.00545
13	0.00936	0.00713	0.01055	0.07215	0.01409	0.00794	0.00851	0.01152	0.01171	0.01624	0.02393	0.27509	0.02551	0.03670	0.42834	0.00733	0.01243	0.01113	0.00444	0.00593
14	0.01267	0.01193	0.02013	0.74806	0.04621	0.01491	0.01863	0.01714	0.01342	0.01714	0.01193	0.01789	0.00894	0.00671	0.00671	0.00224	0.00894	0.00596	0.00298	0.00745

[dist]
# distance from previous block
# <min> <max>
4	6

[block]
# block no. 1 follows, 32 sequences, length 30
# corresponding to MSA columns:
# 22-51
name=unknown_B
#
# <colnr> <probs for GDERKNQSTAVLIFYWHMCP>
#	G	D	E	R	K	N	Q	S	T	A	V	L	I	F	Y	W	H	M	C	P
0	0.01362	0.05478	0.58459	0.11814	0.05711	0.01586	0.02337	0.02063	0.01409	0.02054	0.01196	0.01465	0.00864	0.00638	0.00636	0.00211	0.00962	0.00509	0.00287	0.00957
1	0.04543	0.01197	0.01970	0.71775	0.04485	0.01491	0.01817	0.01725	0.01333	0.01768	0.01182	0.01760	0.00888	0.00669	0.00660	0.00223	0.00879	0.00587	0.00303	0.00745
2	0.13166	0.01801	0.01875	0.01455	0.01975	0.02003	0.01201	0.60810	0.02883	0.04064	0.01520	0.01541	0.01085	0.00781	0.00637	0.00202	0.00709	0.00572	0.00637	0.01085
3	0.01375	0.01193	0.01475	0.10961	0.01999	0.00975	0.00939	0.01693	0.01385	0.02123	0.01193	0.01445	0.00980	0.00520	0.00520	0.00116	0.00551	0.00424	0.00384	0.69748
4	0.01509	0.03256	0.63364	0.01863	0.02793	0.01629	0.02317	0.11290	0.01651	0.02409	0.01259	0.01443	0.00889	0.00660	0.00642	0.00211	0.00957	0.00510	0.00336	0.01012
5	0.00884	0.00786	0.00865	0.00826	0.01022	0.00767	0.00639	0.01051	0.01462	0.01786	0.05998	0.05784	0.62362	0.01628	0.00983	0.00236	0.10448	0.01304	0.00579	0.00589
6	0.00837	0.00599	0.00766	0.00890	0.00936	0.00561	0.00586	0.00942	0.01259	0.01664	0.03693	0.61632	0.08715	0.12111	0.01198	0.00320	0.00421	0.01749	0.00594	0.00528
7	0.00793	0.00680	0.00680	0.00680	0.00906	0.00566	0.00510	0.00963	0.01529	0.01813	0.06797	0.06457	0.71961	0.01699	0.00793	0.00227	0.00340	0.01416	0.00623	0.00566
8	0.01634	0.01194	0.01360	0.01221	0.01495	0.01269	0.00930	0.33472	0.02166	0.02898	0.02715	0.40942	0.02885	0.01491	0.00769	0.00239	0.00554	0.01293	0.00646	0.00826
9	0.00976	0.00651	0.00732	0.00732	0.00732	0.00651	0.00407	0.00976	0.00976	0.01301	0.02114	0.04391	0.02439	0.76419	0.03415	0.00651	0.00651	0.00976	0.00407	0.00407
10	0.01468	0.01468	0.02055	0.01762	0.01762	0.02055	0.01468	0.01615	0.01028	0.01615	0.00881	0.01468	0.00881	0.01174	0.02202	0.00294	0.75191	0.00587	0.00294	0.00734
11	0.02571	0.01847	0.01994	0.01528	0.02065	0.02032	0.01263	0.67050	0.03100	0.07252	0.01657	0.01641	0.01164	0.00807	0.00671	0.00202	0.00731	0.00607	0.00678	0.01141
12	0.02551	0.01879	0.02014	0.01544	0.02081	0.02081	0.01275	0.69996	0.03155	0.04229	0.01611	0.01611	0.01141	0.00805	0.00671	0.00201	0.00738	0.00604	0.00671	0.01141
13	0.81159	0.01298	0.00986	0.00882	0.01298	0.01505	0.00727	0.01972	0.01142	0.03010	0.00934	0.01090	0.00727	0.00623	0.00415	0.00208	0.00519	0.00363	0.00415	0.00727
14	0.02231	0.01641	0.01786	0.01432	0.01877	0.01798	0.01155	0.57272	0.02810	0.03765	0.01996	0.15313	0.01749	0.01044	0.00705	0.00214	0.00674	0.00844	0.00662	0.01031
15	0.01669	0.01441	0.01517	0.01365	0.01745	0.01669	0.01062	0.03565	0.71021	0.02807	0.02731	0.02503	0.02048	0.00910	0.00683	0.00228	0.00531	0.00759	0.00683	0.01062
16	0.02551	0.01879	0.02014	0.01544	0.02081	0.02081	0.01275	0.69996	0.03155	0.04229	0.01611	0.01611	0.01141	0.00805	0.00671	0.00201	0.00738	0.00604	0.00671	0.01141
17	0.02309	0.02870	0.01946	0.11682	0.04917	0.61401	0.01400	0.02527	0.01813	0.01672	0.01066	0.01304	0.00875	0.00685	0.00616	0.00181	0.01153	0.00460	0.00339	0.00784
18	0.01584	0.01810	0.03959	0.02828	0.03507	0.01697	0.69796	0.02149	0.01584	0.02149	0.01357	0.01810	0.01018	0.00566	0.00792	0.00226	0.01131	0.00792	0.00339	0.00905
19	0.01353	0.00758	0.01028	0.00965	0.01037	0.00785	0.00676	0.10208	0.01182	0.01579	0.01226	0.01982	0.01162	0.02125	0.02359	0.69637	0.00604	0.00586	0.00343	0.00406
20	0.01267	0.01193	0.02013	0.74806	0.04621	0.01491	0.01863	0.01714	0.01342	0.01714	0.01193	0.01789	0.00894	0.00671	0.00671	0.00224	0.00894	0.00596	0.00298	0.00745
21	0.01661	0.01594	0.02724	0.04119	0.72233	0.01594	0.02059	0.02059	0.01528	0.02192	0.01262	0.01661	0.01063	0.00598	0.00664	0.00199	0.00797	0.00598	0.00332	0.01063
22	0.00818	0.00584	0.00779	0.00934	0.00973	0.00545	0.00623	0.00934	0.01285	0.01713	0.03698	0.75981	0.04438	0.02102	0.00856	0.00273	0.00389	0.01908	0.00623	0.00545
23	0.01661	0.01594	0.02724	0.04119	0.72233	0.01594	0.02059	0.02059	0.01528	0.02192	0.01262	0.01661	0.01063	0.00598	0.00664	0.00199	0.00797	0.00598	0.00332	0.01063
24	0.02506	0.03198	0.01901	0.01729	0.02074	0.73725	0.01296	0.02679	0.01901	0.01642	0.01037	0.01210	0.00864	0.00691	0.00605	0.00173	0.01210	0.00432	0.00346	0.00778
25	0.01327	0.01105	0.01301	0.01002	0.01494	0.00872	0.00780	0.03978	0.01434	0.02172	0.01669	0.15142	0.01634	0.00804	0.00569	0.00135	0.00486	0.00683	0.00449	0.62964
26	0.01166	0.00583	0.00874	0.00874	0.00874	0.00583	0.00583	0.00874	0.00874	0.01166	0.01166	0.02040	0.01166	0.02331	0.02622	0.80478	0.00583	0.00583	0.00291	0.00291
27	0.00976	0.00651	0.00732	0.00732	0.00732	0.00651	0.00407	0.00976	0.00976	0.01301	0.02114	0.04391	0.02439	0.76419	0.03415	0.00651	0.00651	0.00976	0.00407	0.00407
28	0.01391	0.01193	0.01391	0.00994	0.01590	0.00894	0.00795	0.01690	0.01391	0.02186	0.01193	0.01391	0.00994	0.00497	0.00497	0.00099	0.00497	0.00398	0.00398	0.80521
29	0.81159	0.01298	0.00986	0.00882	0.01298	0.01505	0.00727	0.01972	0.01142	0.03010	0.00934	0.01090	0.00727	0.00623	0.00415	0.00208	0.00519	0.00363	0.00415	0.00727

[dist]
# distance from previous block
# <min> <max>
0	2

[block]
# block no. 2 follows, 32 sequences, length 8
# corresponding to MSA columns:
# 54-61
name=unknown_C
#
# <colnr> <probs for GDERKNQSTAVLIFYWHMCP>
#	G	D	E	R	K	N	Q	S	T	A	V	L	I	F	Y	W	H	M	C	P
0	0.01613	0.01378	0.02013	0.55053	0.03936	0.01650	0.01705	0.20124	0.01831	0.02392	0.01305	0.01741	0.00961	0.00707	0.00671	0.00218	0.00852	0.00598	0.00399	0.00852
1	0.01669	0.01441	0.01517	0.01365	0.01745	0.01669	0.01062	0.03565	0.71021	0.02807	0.02731	0.02503	0.02048	0.00910	0.00683	0.00228	0.00531	0.00759	0.00683	0.01062
2	0.01257	0.01018	0.01212	0.01005	0.01401	0.00841	0.00763	0.05449	0.01458	0.02140	0.02101	0.27710	0.02217	0.01081	0.00634	0.00166	0.00473	0.00942	0.00493	0.47638
3	0.00976	0.00651	0.00732	0.00732	0.00732	0.00651	0.00407	0.00976	0.00976	0.01301	0.02114	0.04391	0.02439	0.76419	0.03415	0.00651	0.00651	0.00976	0.00407	0.00407
4	0.01613	0.01378	0.02013	0.55053	0.03936	0.01650	0.01705	0.20124	0.01831	0.02392	0.01305	0.01741	0.00961	0.00707	0.00671	0.00218	0.00852	0.00598	0.00399	0.00852
5	0.01828	0.01179	0.01436	0.01048	0.01623	0.00919	0.00847	0.02116	0.01534	0.21198	0.01585	0.01632	0.01174	0.00587	0.00545	0.00129	0.00517	0.00472	0.00514	0.59119
6	0.02313	0.01761	0.01880	0.01496	0.01990	0.01970	0.01218	0.52085	0.21453	0.03845	0.01913	0.01852	0.01386	0.00834	0.00674	0.00208	0.00682	0.00646	0.00674	0.01120
7	0.01323	0.00697	0.00722	0.00694	0.00864	0.00709	0.00523	0.05566	0.01479	0.02525	0.02094	0.02422	0.01653	0.00875	0.00608	0.04905	0.00354	0.00622	0.70730	0.00636

[dist]
# distance from previous block
# <min> <max>
1	4

[block]
# block no. 3 follows, 32 sequences, length 34
# corresponding to MSA columns:
# 67-100
name=unknown_D
#
# <colnr> <probs for GDERKNQSTAVLIFYWHMCP>
#	G	D	E	R	K	N	Q	S	T	A	V	L	I	F	Y	W	H	M	C	P
0	0.81159	0.01298	0.00986	0.00882	0.01298	0.01505	0.00727	0.01972	0.01142	0.03010	0.00934	0.01090	0.00727	0.00623	0.00415	0.00208	0.00519	0.00363	0.00415	0.00727
1	0.01826	0.01907	0.02563	0.03653	0.58562	0.15650	0.01911	0.02180	0.01601	0.02085	0.01218	0.01573	0.01024	0.00616	0.00653	0.00194	0.00878	0.00566	0.00335	0.01007
2	0.01611	0.01567	0.02559	0.17817	0.56838	0.03857	0.01997	0.02012	0.01503	0.02082	0.01241	0.01671	0.01024	0.00615	0.00664	0.00203	0.00829	0.00592	0.00326	0.00992
3	0.01700	0.01668	0.02686	0.04008	0.68994	0.04925	0.02024	0.02088	0.01545	0.02167	0.01252	0.01640	0.01054	0.00602	0.00662	0.00198	0.00816	0.00590	0.00333	0.01050
4	0.06069	0.01199	0.01951	0.70363	0.04422	0.01492	0.01795	0.01730	0.01330	0.01792	0.01177	0.01747	0.00884	0.00668	0.00655	0.00223	0.00872	0.00582	0.00305	0.00744
5	0.00971	0.00657	0.00764	0.00754	0.00785	0.00647	0.00451	0.01032	0.01156	0.01572	0.15709	0.04512	0.03198	0.61795	0.02904	0.00565	0.00585	0.01022	0.00471	0.00451
6	0.00976	0.00651	0.00732	0.00732	0.00732	0.00651	0.00407	0.00976	0.00976	0.01301	0.02114	0.04391	0.02439	0.76419	0.03415	0.00651	0.00651	0.00976	0.00407	0.00407
7	0.02686	0.01596	0.15467	0.01334	0.01945	0.01098	0.01277	0.03047	0.01822	0.58946	0.02366	0.02115	0.01503	0.00793	0.00667	0.00209	0.00653	0.00640	0.00724	0.01113
8	0.01462	0.01597	0.03398	0.02487	0.03057	0.01530	0.56359	0.01964	0.01485	0.02034	0.01443	0.01971	0.01147	0.01436	0.15011	0.00392	0.01261	0.00778	0.00343	0.00845
9	0.00818	0.00584	0.00779	0.00934	0.00973	0.00545	0.00623	0.00934	0.01285	0.01713	0.03698	0.75981	0.04438	0.02102	0.00856	0.00273	0.00389	0.01908	0.00623	0.00545
10	0.02575	0.01107	0.01462	0.01151	0.01601	0.00998	0.00939	0.07787	0.02007	0.54020	0.16062	0.02766	0.02533	0.00934	0.00697	0.00208	0.00534	0.00775	0.00801	0.01043
11	0.01491	0.01535	0.02426	0.01969	0.02102	0.01985	0.14783	0.01719	0.01136	0.01719	0.00974	0.01535	0.00908	0.01056	0.01927	0.00280	0.60759	0.00627	0.00303	0.00767
12	0.02551	0.01879	0.02014	0.01544	0.02081	0.02081	0.01275	0.69996	0.03155	0.04229	0.01611	0.01611	0.01141	0.00805	0.00671	0.00201	0.00738	0.00604	0.00671	0.01141
13	0.02695	0.01152	0.01525	0.01155	0.01689	0.00968	0.00949	0.02962	0.01817	0.58958	0.02364	0.02110	0.01531	0.00765	0.00640	0.00187	0.00557	0.00621	0.00746	0.16610
14	0.81159	0.01298	0.00986	0.00882	0.01298	0.01505	0.00727	0.01972	0.01142	0.03010	0.00934	0.01090	0.00727	0.00623	0.00415	0.00208	0.00519	0.00363	0.00415	0.00727
15	0.01391	0.01193	0.01391	0.00994	0.01590	0.00894	0.00795	0.01690	0.01391	0.02186	0.01193	0.01391	0.00994	0.00497	0.00497	0.00099	0.00497	0.00398	0.00398	0.80521
16	0.01669	0.01441	0.01517	0.01365	0.01745	0.01669	0.01062	0.03565	0.71021	0.02807	0.02731	0.02503	0.02048	0.00910	0.00683	0.00228	0.00531	0.00759	0.00683	0.01062
17	0.01254	0.00736	0.00896	0.15080	0.01530	0.00794	0.00741	0.01593	0.01394	0.02348	0.01995	0.02363	0.01559	0.00760	0.00508	0.00169	0.00426	0.00620	0.64585	0.00649
18	0.00947	0.00900	0.01319	0.01098	0.01413	0.00787	0.14011	0.01194	0.01540	0.01878	0.05737	0.05552	0.58137	0.01478	0.00793	0.00227	0.00494	0.01294	0.00568	0.00632
19	0.01362	0.00991	0.01167	0.01126	0.01321	0.01028	0.00828	0.22633	0.01872	0.02503	0.03042	0.52614	0.03402	0.01695	0.00798	0.00250	0.00499	0.01498	0.00638	0.00732
20	0.00959	0.00719	0.01078	0.01078	0.01198	0.00839	0.00839	0.01198	0.01078	0.01558	0.01797	0.02636	0.01677	0.05032	0.73760	0.01078	0.01797	0.00719	0.00359	0.00599
21	0.00885	0.00584	0.00797	0.00923	0.00954	0.00552	0.00615	0.00923	0.01205	0.01606	0.03205	0.61573	0.03800	0.02147	0.01201	0.15901	0.00427	0.01649	0.00558	0.00496
22	0.02690	0.19428	0.02057	0.01204	0.01737	0.01454	0.01043	0.06977	0.01860	0.51440	0.02172	0.01952	0.01437	0.00767	0.00616	0.00192	0.00616	0.00594	0.00690	0.01074
23	0.01346	0.03471	0.72942	0.01912	0.02904	0.01558	0.02479	0.02125	0.01417	0.02125	0.01204	0.01417	0.00850	0.00637	0.00637	0.00212	0.00992	0.00496	0.00283	0.00992
24	0.01407	0.03105	0.59259	0.02342	0.16414	0.01565	0.02397	0.02112	0.01438	0.02138	0.01215	0.01464	0.00891	0.00630	0.00643	0.00210	0.00954	0.00516	0.00293	0.01006
25	0.07708	0.01151	0.01523	0.01175	0.01688	0.01017	0.00971	0.03192	0.01874	0.68509	0.02544	0.02212	0.01605	0.00818	0.00659	0.00208	0.00568	0.00656	0.00806	0.01117
26	0.02551	0.01879	0.02014	0.01544	0.02081	0.02081	0.01275	0.69996	0.03155	0.04229	0.01611	0.01611	0.01141	0.00805	0.00671	0.00201	0.00738	0.00604	0.00671	0.01141
27	0.01794	0.76823	0.03516	0.01148	0.01722	0.02655	0.01148	0.02009	0.01363	0.01579	0.00933	0.01076	0.00861	0.00574	0.00431	0.00144	0.00718	0.00359	0.00287	0.00861
28	0.01267	0.01193	0.02013	0.74806	0.04621	0.01491	0.01863	0.01714	0.01342	0.01714	0.01193	0.01789	0.00894	0.00671	0.00671	0.00224	0.00894	0.00596	0.00298	0.00745
29	0.00818	0.00584	0.00779	0.00934	0.00973	0.00545	0.00623	0.00934	0.01285	0.01713	0.03698	0.75981	0.04438	0.02102	0.00856	0.00273	0.00389	0.01908	0.00623	0.00545
30	0.01360	0.03388	0.69859	0.02009	0.05948	0.01560	0.02461	0.02122	0.01422	0.02128	0.01207	0.01427	0.00859	0.00636	0.00639	0.00212	0.00983	0.00500	0.00285	0.00995
31	0.00938	0.00635	0.00743	0.00780	0.00789	0.00625	0.00458	0.00966	0.01050	0.01399	0.02492	0.21484	0.02917	0.58674	0.02804	0.00560	0.00588	0.01198	0.00458	0.00440
32	0.00818	0.00584	0.00779	0.00934	0.00973	0.00545	0.00623	0.00934	0.01285	0.01713	0.03698	0.75981	0.04438	0.02102	0.00856	0.00273	0.00389	0.01908	0.00623	0.00545
33	0.01387	0.01193	0.01414	0.03728	0.01702	0.00917	0.00835	0.01690	0.01390	0.02169	0.01193	0.01406	0.00990	0.00503	0.00503	0.00104	0.00512	0.00405	0.00394	0.77565

[dist]
# distance from previous block
# <min> <max>
0	2

[block]
# block no. 4 follows, 32 sequences, length 56
# corresponding to MSA columns:
# 103-158
name=unknown_E
#
# <colnr> <probs for GDERKNQSTAVLIFYWHMCP>
#	G	D	E	R	K	N	Q	S	T	A	V	L	I	F	Y	W	H	M	C	P
0	0.02551	0.01879	0.02014	0.01544	0.02081	0.02081	0.01275	0.69996	0.03155	0.04229	0.01611	0.01611	0.01141	0.00805	0.00671	0.00201	0.00738	0.00604	0.00671	0.01141
1	0.07150	0.00717	0.00951	0.00918	0.00984	0.00743	0.00638	0.05276	0.01049	0.01509	0.01251	0.04134	0.01229	0.02103	0.02285	0.67157	0.00582	0.00607	0.00334	0.00384
2	0.01794	0.76823	0.03516	0.01148	0.01722	0.02655	0.01148	0.02009	0.01363	0.01579	0.00933	0.01076	0.00861	0.00574	0.00431	0.00144	0.00718	0.00359	0.00287	0.00861
3	0.02551	0.01879	0.02014	0.01544	0.02081	0.02081	0.01275	0.69996	0.03155	0.04229	0.01611	0.01611	0.01141	0.00805	0.00671	0.00201	0.00738	0.00604	0.00671	0.01141
4	0.01125	0.00822	0.01113	0.01245	0.01416	0.00839	0.01080	0.01551	0.06676	0.02067	0.03492	0.07195	0.03728	0.01784	0.00909	0.00303	0.00611	0.62771	0.00623	0.00651
5	0.01770	0.71257	0.03408	0.01193	0.01725	0.02611	0.01172	0.01980	0.01339	0.01581	0.00929	0.01105	0.00863	0.00618	0.00561	0.00155	0.06218	0.00376	0.00288	0.00852
6	0.01579	0.01795	0.03874	0.02780	0.03429	0.01713	0.66737	0.02125	0.01559	0.02125	0.01336	0.01795	0.01012	0.00593	0.00855	0.00229	0.04448	0.00783	0.00337	0.00897
7	0.01794	0.76823	0.03516	0.01148	0.01722	0.02655	0.01148	0.02009	0.01363	0.01579	0.00933	0.01076	0.00861	0.00574	0.00431	0.00144	0.00718	0.00359	0.00287	0.00861
8	0.00860	0.00629	0.00824	0.00939	0.01019	0.00571	0.00636	0.00990	0.01293	0.01748	0.03513	0.70472	0.04183	0.01984	0.00830	0.00260	0.00397	0.01796	0.00606	0.06452
9	0.00818	0.00584	0.00779	0.00934	0.00973	0.00545	0.00623	0.00934	0.01285	0.01713	0.03698	0.75981	0.04438	0.02102	0.00856	0.00273	0.00389	0.01908	0.00623	0.00545
10	0.02263	0.01664	0.01809	0.01443	0.01897	0.01826	0.01167	0.58531	0.02844	0.03811	0.01957	0.13957	0.01688	0.01021	0.00702	0.00213	0.00680	0.00820	0.00663	0.01042
11	0.00818	0.00584	0.00779	0.00934	0.00973	0.00545	0.00623	0.00934	0.01285	0.01713	0.03698	0.75981	0.04438	0.02102	0.00856	0.00273	0.00389	0.01908	0.00623	0.00545
12	0.00958	0.00717	0.01070	0.01068	0.01189	0.00830	0.00830	0.01201	0.01115	0.01608	0.04936	0.02742	0.01886	0.04868	0.70492	0.01040	0.01731	0.00741	0.00376	0.00601
13	0.81159	0.01298	0.00986	0.00882	0.01298	0.01505	0.00727	0.01972	0.01142	0.03010	0.00934	0.01090	0.00727	0.00623	0.00415	0.00208	0.00519	0.00363	0.00415	0.00727
14	0.01584	0.01810	0.03959	0.02828	0.03507	0.01697	0.69796	0.02149	0.01584	0.02149	0.01357	0.01810	0.01018	0.00566	0.00792	0.00226	0.01131	0.00792	0.00339	0.00905
15	0.00959	0.00719	0.01078	0.01078	0.01198	0.00839	0.00839	0.01198	0.01078	0.01558	0.01797	0.02636	0.01677	0.05032	0.73760	0.01078	0.01797	0.00719	0.00359	0.00599
16	0.01267	0.01193	0.02013	0.74806	0.04621	0.01491	0.01863	0.01714	0.01342	0.01714	0.01193	0.01789	0.00894	0.00671	0.00671	0.00224	0.00894	0.00596	0.00298	0.00745
17	0.02551	0.01879	0.02014	0.01544	0.02081	0.02081	0.01275	0.69996	0.03155	0.04229	0.01611	0.01611	0.01141	0.00805	0.00671	0.00201	0.00738	0.00604	0.00671	0.01141
18	0.01669	0.01441	0.01517	0.01365	0.01745	0.01669	0.01062	0.03565	0.71021	0.02807	0.02731	0.02503	0.02048	0.00910	0.00683	0.00228	0.00531	0.00759	0.00683	0.01062
19	0.00818	0.00584	0.00779	0.00934	0.00973	0.00545	0.00623	0.00934	0.01285	0.01713	0.03698	0.75981	0.04438	0.02102	0.00856	0.00273	0.00389	0.01908	0.00623	0.00545
20	0.00945	0.00682	0.00892	0.00848	0.01001	0.00630	0.00633	0.01253	0.01876	0.02653	0.69240	0.07759	0.06258	0.01400	0.00794	0.00213	0.00319	0.01240	0.00734	0.00630
21	0.01804	0.60735	0.03201	0.01263	0.01754	0.02529	0.01202	0.06976	0.01449	0.01779	0.00976	0.01171	0.00885	0.00675	0.00696	0.00169	0.11147	0.00409	0.00316	0.00864
22	0.01468	0.01468	0.02055	0.01762	0.01762	0.02055	0.01468	0.01615	0.01028	0.01615	0.00881	0.01468	0.00881	0.01174	0.02202	0.00294	0.75191	0.00587	0.00294	0.00734
23	0.01081	0.00772	0.01081	0.01236	0.01390	0.00772	0.01081	0.01390	0.01545	0.02008	0.03553	0.07569	0.03862	0.01854	0.00927	0.00309	0.00618	0.67717	0.00618	0.00618
24	0.01794	0.76823	0.03516	0.01148	0.01722	0.02655	0.01148	0.02009	0.01363	0.01579	0.00933	0.01076	0.00861	0.00574	0.00431	0.00144	0.00718	0.00359	0.00287	0.00861
25	0.00950	0.00686	0.00897	0.00844	0.01002	0.00633	0.00633	0.01266	0.01899	0.02691	0.71879	0.05012	0.06331	0.01372	0.00791	0.00211	0.00317	0.01213	0.00739	0.00633
26	0.01396	0.03174	0.61848	0.02261	0.13858	0.01564	0.02413	0.02115	0.01434	0.02136	0.01213	0.01455	0.00884	0.00631	0.00642	0.00210	0.00961	0.00512	0.00291	0.01003
27	0.01661	0.01594	0.02724	0.04119	0.72233	0.01594	0.02059	0.02059	0.01528	0.02192	0.01262	0.01661	0.01063	0.00598	0.00664	0.00199	0.00797	0.00598	0.00332	0.01063
28	0.03010	0.01142	0.01557	0.01194	0.01713	0.00986	0.00986	0.03270	0.01920	0.72698	0.02647	0.02284	0.01661	0.00830	0.00675	0.00208	0.00571	0.00675	0.00830	0.01142
29	0.02413	0.01775	0.01914	0.01485	0.01980	0.01963	0.01215	0.64007	0.02969	0.03983	0.01644	0.01791	0.01227	0.04887	0.03361	0.00255	0.00771	0.00627	0.00647	0.01084
30	0.01753	0.67336	0.03332	0.01225	0.01727	0.02579	0.01188	0.01960	0.01321	0.01583	0.00926	0.01126	0.00864	0.00650	0.00654	0.00162	0.10094	0.00388	0.00288	0.00845
31	0.00947	0.00638	0.00740	0.00768	0.00776	0.00631	0.00446	0.00968	0.01032	0.01376	0.02401	0.17358	0.02801	0.62958	0.02952	0.00582	0.00603	0.01145	0.00446	0.00432
32	0.01838	0.72222	0.03415	0.01184	0.01744	0.07096	0.01157	0.02051	0.01397	0.01583	0.00939	0.01085	0.00861	0.00581	0.00441	0.00145	0.00748	0.00363	0.00291	0.00856
33	0.01346	0.03471	0.72942	0.01912	0.02904	0.01558	0.02479	0.02125	0.01417	0.02125	0.01204	0.01417	0.00850	0.00637	0.00637	0.00212	0.00992	0.00496	0.00283	0.00992
34	0.00887	0.00607	0.00770	0.00883	0.00925	0.00580	0.00584	0.00998	0.01237	0.01687	0.03269	0.54089	0.03832	0.17496	0.01368	0.00345	0.00447	0.03927	0.05546	0.00524
35	0.01421	0.03371	0.68511	0.01889	0.02853	0.01591	0.02404	0.06366	0.01525	0.02256	0.01230	0.01429	0.00868	0.00648	0.00640	0.00212	0.00976	0.00503	0.00308	0.01001
36	0.01644	0.01426	0.01548	0.05954	0.01925	0.01658	0.01112	0.03450	0.66667	0.02739	0.02635	0.02459	0.01976	0.00895	0.00682	0.00227	0.00554	0.00748	0.00659	0.01042
37	0.02551	0.01879	0.02014	0.01544	0.02081	0.02081	0.01275	0.69996	0.03155	0.04229	0.01611	0.01611	0.01141	0.00805	0.00671	0.00201	0.00738	0.00604	0.00671	0.01141
38	0.00818	0.00584	0.00779	0.00934	0.00973	0.00545	0.00623	0.00934	0.01285	0.01713	0.03698	0.75981	0.04438	0.02102	0.00856	0.00273	0.00389	0.01908	0.00623	0.00545
39	0.00976	0.00651	0.00732	0.00732	0.00732	0.00651	0.00407	0.00976	0.00976	0.01301	0.02114	0.04391	0.02439	0.76419	0.03415	0.00651	0.00651	0.00976	0.00407	0.00407
40	0.01468	0.01468	0.02055	0.01762	0.01762	0.02055	0.01468	0.01615	0.01028	0.01615	0.00881	0.01468	0.00881	0.01174	0.02202	0.00294	0.75191	0.00587	0.00294	0.00734
41	0.00976	0.00651	0.00732	0.00732	0.00732	0.00651	0.00407	0.00976	0.00976	0.01301	0.02114	0.04391	0.02439	0.76419	0.03415	0.00651	0.00651	0.00976	0.00407	0.00407
42	0.01002	0.04679	0.01205	0.01082	0.01225	0.00933	0.00855	0.01240	0.01093	0.01559	0.01752	0.02555	0.01635	0.04800	0.69944	0.01030	0.01741	0.00700	0.00356	0.00613
43	0.00818	0.00584	0.00779	0.00934	0.00973	0.00545	0.00623	0.00934	0.01285	0.01713	0.03698	0.75981	0.04438	0.02102	0.00856	0.00273	0.00389	0.01908	0.00623	0.00545
44	0.01391	0.01193	0.01391	0.00994	0.01590	0.00894	0.00795	0.01690	0.01391	0.02186	0.01193	0.01391	0.00994	0.00497	0.00497	0.00099	0.00497	0.00398	0.00398	0.80521
45	0.02551	0.01879	0.02014	0.01544	0.02081	0.02081	0.01275	0.69996	0.03155	0.04229	0.01611	0.01611	0.01141	0.00805	0.00671	0.00201	0.00738	0.00604	0.00671	0.01141
46	0.02460	0.01812	0.01949	0.01512	0.02023	0.02001	0.01241	0.66402	0.03057	0.04098	0.01720	0.05481	0.01313	0.00873	0.00681	0.00205	0.00720	0.00672	0.00669	0.01110
47	0.00959	0.00719	0.01078	0.01078	0.01198	0.00839	0.00839	0.01198	0.01078	0.01558	0.01797	0.02636	0.01677	0.05032	0.73760	0.01078	0.01797	0.00719	0.00359	0.00599
48	0.00828	0.00589	0.00775	0.00920	0.00957	0.00552	0.00608	0.00937	0.01263	0.01685	0.03589	0.71058	0.04300	0.07213	0.01032	0.00298	0.00407	0.01843	0.00608	0.00535
49	0.01738	0.01095	0.01146	0.00970	0.01269	0.01171	0.00771	0.27210	0.02062	0.03149	0.01972	0.02168	0.01503	0.00791	0.00545	0.00173	0.00472	0.00617	0.50360	0.00819
50	0.00976	0.00651	0.00732	0.00732	0.00732	0.00651	0.00407	0.00976	0.00976	0.01301	0.02114	0.04391	0.02439	0.76419	0.03415	0.00651	0.00651	0.00976	0.00407	0.00407
51	0.00950	0.00686	0.00897	0.00844	0.01002	0.00633	0.00633	0.01266	0.01899	0.02691	0.71879	0.05012	0.06331	0.01372	0.00791	0.00211	0.00317	0.01213	0.00739	0.00633
52	0.01251	0.00625	0.00625	0.00625	0.00782	0.00625	0.00469	0.01563	0.01407	0.02502	0.02189	0.02502	0.01720	0.00782	0.00469	0.00156	0.00313	0.00625	0.80144	0.00625
53	0.02551	0.01879	0.02014	0.01544	0.02081	0.02081	0.01275	0.69996	0.03155	0.04229	0.01611	0.01611	0.01141	0.00805	0.00671	0.00201	0.00738	0.00604	0.00671	0.01141
54	0.17974	0.01264	0.01953	0.53639	0.03839	0.01510	0.07036	0.01803	0.01319	0.02020	0.01152	0.01645	0.00869	0.00652	0.00627	0.00220	0.00835	0.00563	0.00326	0.00754
55	0.03810	0.03266	0.65555	0.02044	0.07976	0.01559	0.02394	0.02115	0.01416	0.02157	0.01200	0.01425	0.00862	0.00634	0.00633	0.00211	0.00963	0.00499	0.00291	0.00989

[dist]
# distance from previous block
# <min> <max>
0	26

# created by:
# /share/home/app/bin/augustus-3.3.1/scripts/msa2prfl.pl /dev/shm/tmp/ogap_db/mt-rosids/msas/rpl10.aln --setname=rpl10
