[name]
rps3

[dist]
# distance from previous block
# <min> <max>
5	13

[block]
# block no. 0 follows, 56 sequences, length 10
# corresponding to MSA columns:
# 13-22
name=unknown_A
#
# <colnr> <probs for GDERKNQSTAVLIFYWHMCP>
#	G	D	E	R	K	N	Q	S	T	A	V	L	I	F	Y	W	H	M	C	P
0	0.00882	0.00857	0.01599	0.01632	0.22015	0.00820	0.26856	0.01114	0.00990	0.01356	0.01568	0.34941	0.01663	0.00823	0.00537	0.00163	0.00507	0.00820	0.00310	0.00546
1	0.01481	0.02243	0.24879	0.01220	0.01586	0.58217	0.01125	0.01722	0.01203	0.01221	0.00743	0.00869	0.00588	0.00462	0.00420	0.00126	0.00784	0.00308	0.00224	0.00575
2	0.00867	0.00816	0.01377	0.82762	0.03162	0.01020	0.01275	0.01173	0.00918	0.01173	0.00816	0.01224	0.00612	0.00459	0.00459	0.00153	0.00612	0.00408	0.00204	0.00510
3	0.01745	0.01286	0.01378	0.01056	0.01424	0.01424	0.00873	0.79471	0.02159	0.02893	0.01102	0.01102	0.00781	0.00551	0.00459	0.00138	0.00505	0.00413	0.00459	0.00781
4	0.26846	0.01169	0.01171	0.00923	0.01266	0.01308	0.00762	0.56500	0.01754	0.02648	0.00966	0.00997	0.00697	0.00514	0.00408	0.00139	0.00461	0.00365	0.00408	0.00697
5	0.01380	0.59778	0.02103	0.00865	0.01250	0.01701	0.00811	0.24339	0.01293	0.01613	0.00775	0.00844	0.00645	0.00439	0.00343	0.00110	0.00495	0.00295	0.00274	0.00645
6	0.01745	0.01286	0.01378	0.01056	0.01424	0.01424	0.00873	0.79471	0.02159	0.02893	0.01102	0.01102	0.00781	0.00551	0.00459	0.00138	0.00505	0.00413	0.00459	0.00781
7	0.01526	0.01244	0.01383	0.01106	0.01359	0.05050	0.00912	0.52929	0.01692	0.02288	0.00938	0.01061	0.00720	0.00622	0.00765	0.00155	0.24785	0.00405	0.00373	0.00688
8	0.26214	0.00765	0.01035	0.44324	0.02048	0.00915	0.00894	0.01125	0.00822	0.01368	0.00761	0.01113	0.00610	0.00647	0.00640	0.15181	0.00499	0.00360	0.00227	0.00452
9	0.26085	0.00575	0.00552	0.00531	0.00615	0.00617	0.00343	0.00868	0.00701	0.01234	0.01209	0.02340	0.01324	0.59330	0.01733	0.00356	0.00419	0.00544	0.00280	0.00343

[dist]
# distance from previous block
# <min> <max>
2	6

[block]
# block no. 1 follows, 56 sequences, length 19
# corresponding to MSA columns:
# 31-49
name=unknown_B
#
# <colnr> <probs for GDERKNQSTAVLIFYWHMCP>
#	G	D	E	R	K	N	Q	S	T	A	V	L	I	F	Y	W	H	M	C	P
0	0.00656	0.00492	0.00738	0.00738	0.00820	0.00574	0.00574	0.00820	0.00738	0.01066	0.01230	0.01804	0.01148	0.03443	0.82046	0.00738	0.01230	0.00492	0.00246	0.00410
1	0.00656	0.00492	0.00738	0.00738	0.00820	0.00574	0.00574	0.00820	0.00738	0.01066	0.01230	0.01804	0.01148	0.03443	0.82046	0.00738	0.01230	0.00492	0.00246	0.00410
2	0.00656	0.00489	0.00725	0.00725	0.00803	0.00567	0.00558	0.00812	0.00734	0.01057	0.01241	0.01867	0.01175	0.07679	0.77848	0.00722	0.01188	0.00501	0.00248	0.00403
3	0.76858	0.00874	0.00726	0.00672	0.03025	0.00992	0.00529	0.01403	0.00829	0.07326	0.00746	0.00836	0.00564	0.00438	0.00301	0.00141	0.00359	0.00272	0.02589	0.00520
4	0.01133	0.01101	0.01920	0.02759	0.75779	0.01095	0.06586	0.01413	0.01048	0.01498	0.00868	0.01143	0.00725	0.00408	0.00460	0.00138	0.00561	0.00418	0.00228	0.00720
5	0.00926	0.00666	0.00772	0.00733	0.00853	0.00693	0.00526	0.23564	0.01209	0.01616	0.01899	0.43532	0.02108	0.17611	0.00898	0.00224	0.00371	0.00919	0.00406	0.00473
6	0.00646	0.00466	0.00612	0.00590	0.00693	0.00432	0.00442	0.00853	0.01262	0.01779	0.72781	0.09180	0.04188	0.00984	0.00547	0.00149	0.00226	0.03243	0.00497	0.00429
7	0.00656	0.00492	0.00738	0.00738	0.00820	0.00574	0.00574	0.00820	0.00738	0.01066	0.01230	0.01804	0.01148	0.03443	0.82046	0.00738	0.01230	0.00492	0.00246	0.00410
8	0.01084	0.01238	0.02709	0.01935	0.02399	0.01161	0.79334	0.01471	0.01084	0.01471	0.00929	0.01238	0.00697	0.00387	0.00542	0.00155	0.00774	0.00542	0.00232	0.00619
9	0.01291	0.73449	0.02262	0.00837	0.01210	0.12281	0.00799	0.01435	0.00981	0.01086	0.00648	0.00748	0.00589	0.00403	0.00310	0.00101	0.00535	0.00252	0.00202	0.00582
10	0.00638	0.00460	0.00603	0.00586	0.00683	0.00425	0.00432	0.00836	0.01243	0.01752	0.70323	0.14120	0.04159	0.01005	0.00547	0.00150	0.00223	0.00894	0.00495	0.00425
11	0.01715	0.02188	0.01301	0.01183	0.01419	0.82022	0.00887	0.01833	0.01301	0.01124	0.00710	0.00828	0.00591	0.00473	0.00414	0.00118	0.00828	0.00296	0.00237	0.00532
12	0.00559	0.00400	0.00533	0.00639	0.00666	0.00373	0.00426	0.00639	0.00879	0.01172	0.02530	0.83566	0.03036	0.01438	0.00586	0.00186	0.00266	0.01305	0.00426	0.00373
13	0.00867	0.00816	0.01377	0.82762	0.03162	0.01020	0.01275	0.01173	0.00918	0.01173	0.00816	0.01224	0.00612	0.00459	0.00459	0.00153	0.00612	0.00408	0.00204	0.00510
14	0.01766	0.01252	0.01357	0.01040	0.01407	0.01374	0.00859	0.74339	0.02102	0.08104	0.01149	0.01133	0.00804	0.00552	0.00459	0.00138	0.00498	0.00417	0.00467	0.00781
15	0.00656	0.00492	0.00738	0.00738	0.00820	0.00574	0.00574	0.00820	0.00738	0.01066	0.01230	0.01804	0.01148	0.03443	0.82046	0.00738	0.01230	0.00492	0.00246	0.00410
16	0.00661	0.00442	0.00503	0.00509	0.00511	0.00441	0.00287	0.00666	0.00680	0.00907	0.01512	0.07869	0.01752	0.78888	0.02231	0.00429	0.00434	0.00706	0.00287	0.00284
17	0.87108	0.00888	0.00675	0.00604	0.00888	0.01030	0.00497	0.01350	0.00781	0.02060	0.00639	0.00746	0.00497	0.00426	0.00284	0.00142	0.00355	0.00249	0.00284	0.00497
18	0.01745	0.01286	0.01378	0.01056	0.01424	0.01424	0.00873	0.79471	0.02159	0.02893	0.01102	0.01102	0.00781	0.00551	0.00459	0.00138	0.00505	0.00413	0.00459	0.00781

[dist]
# distance from previous block
# <min> <max>
4	9

[block]
# block no. 2 follows, 56 sequences, length 26
# corresponding to MSA columns:
# 59-84
name=unknown_C
#
# <colnr> <probs for GDERKNQSTAVLIFYWHMCP>
#	G	D	E	R	K	N	Q	S	T	A	V	L	I	F	Y	W	H	M	C	P
0	0.68758	0.00931	0.00928	0.01076	0.17988	0.01043	0.00692	0.01362	0.00838	0.01940	0.00687	0.00829	0.00546	0.00423	0.00320	0.00141	0.00396	0.00283	0.00272	0.00546
1	0.00664	0.00450	0.00525	0.00517	0.00540	0.00443	0.00311	0.00710	0.00803	0.01093	0.18375	0.03095	0.02237	0.66165	0.01954	0.00381	0.00396	0.00702	0.00327	0.00311
2	0.01054	0.00916	0.01377	0.65323	0.02791	0.01106	0.01189	0.17885	0.01183	0.01540	0.00877	0.01198	0.00648	0.00479	0.00459	0.00150	0.00589	0.00409	0.00258	0.00568
3	0.00559	0.00400	0.00533	0.00639	0.00666	0.00373	0.00426	0.00639	0.00879	0.01172	0.02530	0.83566	0.03036	0.01438	0.00586	0.00186	0.00266	0.01305	0.00426	0.00373
4	0.87108	0.00888	0.00675	0.00604	0.00888	0.01030	0.00497	0.01350	0.00781	0.02060	0.00639	0.00746	0.00497	0.00426	0.00284	0.00142	0.00355	0.00249	0.00284	0.00497
5	0.03102	0.00824	0.01346	0.77472	0.03027	0.01025	0.01234	0.01227	0.03986	0.01225	0.00852	0.01231	0.00640	0.00465	0.00455	0.00153	0.00596	0.00408	0.00216	0.00518
6	0.00856	0.00428	0.00428	0.00428	0.00535	0.00428	0.00321	0.01070	0.00963	0.01712	0.01498	0.01712	0.01177	0.00535	0.00321	0.00107	0.00214	0.00428	0.86414	0.00428
7	0.00543	0.00465	0.00465	0.00465	0.00620	0.00388	0.00349	0.00659	0.01046	0.01240	0.04651	0.04418	0.80815	0.01163	0.00543	0.00155	0.00233	0.00969	0.00426	0.00388
8	0.00547	0.00448	0.00482	0.00510	0.00632	0.00384	0.00369	0.00654	0.01003	0.01223	0.04107	0.24722	0.60863	0.01233	0.00554	0.00163	0.00241	0.01055	0.00426	0.00384
9	0.00554	0.00422	0.00509	0.00579	0.00650	0.00378	0.00399	0.00646	0.00937	0.01196	0.03268	0.56026	0.30100	0.01342	0.00571	0.00176	0.00255	0.01188	0.00426	0.00378
10	0.01038	0.01060	0.01401	0.01204	0.01215	0.05186	0.00999	0.01139	0.00731	0.01106	0.00608	0.00996	0.00602	0.00788	0.01455	0.00197	0.79171	0.00397	0.00203	0.00504
11	0.00668	0.00445	0.00501	0.00501	0.00501	0.00445	0.00278	0.00668	0.00668	0.00890	0.01447	0.03004	0.01669	0.83866	0.02337	0.00445	0.00445	0.00668	0.00278	0.00278
12	0.01121	0.00916	0.01043	0.00760	0.01160	0.00785	0.00614	0.17872	0.01210	0.01794	0.00877	0.00984	0.00701	0.00385	0.00365	0.00083	0.00375	0.00302	0.00312	0.68339
13	0.01136	0.01091	0.01863	0.02818	0.81002	0.01091	0.01409	0.01409	0.01045	0.01500	0.00864	0.01136	0.00727	0.00409	0.00455	0.00136	0.00545	0.00409	0.00227	0.00727
14	0.00857	0.00805	0.01348	0.80121	0.03080	0.01000	0.01245	0.01156	0.00922	0.01175	0.00939	0.01326	0.03186	0.00482	0.00462	0.00153	0.00600	0.00426	0.00211	0.00506
15	0.01092	0.00943	0.00990	0.00895	0.01146	0.01079	0.00695	0.02291	0.73566	0.01864	0.02101	0.01939	0.08032	0.00668	0.00473	0.00156	0.00352	0.00557	0.00464	0.00698
16	0.00668	0.00445	0.00501	0.00501	0.00501	0.00445	0.00278	0.00668	0.00668	0.00890	0.01447	0.03004	0.01669	0.83866	0.02337	0.00445	0.00445	0.00668	0.00278	0.00278
17	0.00543	0.00465	0.00465	0.00465	0.00620	0.00388	0.00349	0.00659	0.01046	0.01240	0.04651	0.04418	0.80815	0.01163	0.00543	0.00155	0.00233	0.00969	0.00426	0.00388
18	0.01027	0.01044	0.01384	0.01192	0.01205	0.04985	0.00988	0.01130	0.00731	0.01105	0.00624	0.01018	0.00617	0.00859	0.03614	0.00212	0.77164	0.00399	0.00204	0.00501
19	0.00668	0.00445	0.00501	0.00501	0.00501	0.00445	0.00278	0.00668	0.00668	0.00890	0.01447	0.03004	0.01669	0.83866	0.02337	0.00445	0.00445	0.00668	0.00278	0.00278
20	0.00668	0.00445	0.00501	0.00501	0.00501	0.00445	0.00278	0.00668	0.00668	0.00890	0.01447	0.03004	0.01669	0.83866	0.02337	0.00445	0.00445	0.00668	0.00278	0.00278
21	0.00559	0.00400	0.00533	0.00639	0.00666	0.00373	0.00426	0.00639	0.00879	0.01172	0.02530	0.83566	0.03036	0.01438	0.00586	0.00186	0.00266	0.01305	0.00426	0.00373
22	0.00987	0.00837	0.00971	0.00697	0.01103	0.00648	0.00559	0.04655	0.01006	0.01558	0.00829	0.00959	0.00684	0.00349	0.00345	0.00071	0.00347	0.00278	0.00280	0.82835
23	0.00898	0.00859	0.01384	0.64085	0.02714	0.01108	0.01213	0.01157	0.00869	0.01157	0.00767	0.01174	0.00610	0.00538	0.00699	0.00164	0.19485	0.00407	0.00203	0.00508
24	0.19275	0.00831	0.01227	0.65226	0.02677	0.01022	0.01109	0.01211	0.00889	0.01362	0.00778	0.01122	0.00587	0.00452	0.00422	0.00151	0.00557	0.00374	0.00221	0.00507
25	0.00934	0.00816	0.01043	0.18200	0.01531	0.00699	0.00700	0.01160	0.00945	0.01427	0.00816	0.01010	0.00665	0.00365	0.00365	0.00086	0.00398	0.00301	0.00257	0.68281

[dist]
# distance from previous block
# <min> <max>
0	5

[block]
# block no. 3 follows, 56 sequences, length 9
# corresponding to MSA columns:
# 90-98
name=unknown_D
#
# <colnr> <probs for GDERKNQSTAVLIFYWHMCP>
#	G	D	E	R	K	N	Q	S	T	A	V	L	I	F	Y	W	H	M	C	P
0	0.12797	0.00826	0.01280	0.71397	0.02847	0.01021	0.01167	0.01197	0.00899	0.01296	0.00792	0.01158	0.00596	0.00454	0.00435	0.00151	0.00576	0.00386	0.00215	0.00508
1	0.12797	0.00826	0.01280	0.71397	0.02847	0.01021	0.01167	0.01197	0.00899	0.01296	0.00792	0.01158	0.00596	0.00454	0.00435	0.00151	0.00576	0.00386	0.00215	0.00508
2	0.01037	0.04730	0.56214	0.01589	0.17722	0.01079	0.04149	0.01483	0.01005	0.05513	0.00879	0.01034	0.00643	0.00434	0.00440	0.00142	0.00634	0.00363	0.00221	0.00688
3	0.01136	0.01091	0.01863	0.02818	0.81002	0.01091	0.01409	0.01409	0.01045	0.01500	0.00864	0.01136	0.00727	0.00409	0.00455	0.00136	0.00545	0.00409	0.00227	0.00727
4	0.01485	0.01156	0.01231	0.01004	0.01324	0.01302	0.00810	0.46192	0.35862	0.02473	0.01433	0.01366	0.01049	0.00582	0.00463	0.00146	0.00444	0.00459	0.00463	0.00757
5	0.00926	0.00876	0.01483	0.65299	0.20165	0.01035	0.01304	0.01225	0.00946	0.01244	0.00826	0.01205	0.00637	0.00448	0.00458	0.00149	0.00597	0.00408	0.00209	0.00557
6	0.01041	0.00868	0.01000	0.00722	0.01125	0.00703	0.00581	0.09904	0.01087	0.01652	0.00848	0.00969	0.00691	0.00364	0.00353	0.00076	0.00358	0.00288	0.00293	0.77078
7	0.74954	0.00878	0.00774	0.12183	0.01208	0.01029	0.00607	0.01325	0.00801	0.01935	0.00664	0.00813	0.00513	0.00431	0.00309	0.00144	0.00391	0.00271	0.00273	0.00499
8	0.01136	0.01091	0.01863	0.02818	0.81002	0.01091	0.01409	0.01409	0.01045	0.01500	0.00864	0.01136	0.00727	0.00409	0.00455	0.00136	0.00545	0.00409	0.00227	0.00727

[dist]
# distance from previous block
# <min> <max>
5	65

[block]
# block no. 4 follows, 56 sequences, length 7
# corresponding to MSA columns:
# 168-174
name=unknown_E
#
# <colnr> <probs for GDERKNQSTAVLIFYWHMCP>
#	G	D	E	R	K	N	Q	S	T	A	V	L	I	F	Y	W	H	M	C	P
0	0.01904	0.00867	0.04295	0.00844	0.01199	0.00738	0.00718	0.06162	0.04514	0.67657	0.04911	0.01596	0.01235	0.00579	0.00464	0.00143	0.00400	0.00471	0.00541	0.00761
1	0.57673	0.00989	0.07373	0.22083	0.01569	0.01030	0.00797	0.01312	0.00832	0.01780	0.00700	0.00888	0.00534	0.00436	0.00342	0.00145	0.00448	0.00297	0.00256	0.00515
2	0.01136	0.01091	0.01863	0.02818	0.81002	0.01091	0.01409	0.01409	0.01045	0.01500	0.00864	0.01136	0.00727	0.00409	0.00455	0.00136	0.00545	0.00409	0.00227	0.00727
3	0.00890	0.00839	0.01418	0.75983	0.09762	0.01026	0.01286	0.01193	0.00929	0.01201	0.00820	0.01217	0.00622	0.00455	0.00459	0.00152	0.00606	0.00408	0.00206	0.00528
4	0.00650	0.00469	0.00614	0.00578	0.00686	0.00433	0.00433	0.00866	0.01300	0.01841	0.80760	0.03429	0.04332	0.00939	0.00541	0.00144	0.00217	0.00830	0.00505	0.00433
5	0.14456	0.02141	0.68795	0.01198	0.01814	0.01061	0.01508	0.01438	0.00940	0.01549	0.00795	0.00934	0.00568	0.00435	0.00412	0.00145	0.00628	0.00325	0.00208	0.00650
6	0.01745	0.01286	0.01378	0.01056	0.01424	0.01424	0.00873	0.79471	0.02159	0.02893	0.01102	0.01102	0.00781	0.00551	0.00459	0.00138	0.00505	0.00413	0.00459	0.00781

[dist]
# distance from previous block
# <min> <max>
3	9

[block]
# block no. 5 follows, 56 sequences, length 37
# corresponding to MSA columns:
# 185-221
name=unknown_F
#
# <colnr> <probs for GDERKNQSTAVLIFYWHMCP>
#	G	D	E	R	K	N	Q	S	T	A	V	L	I	F	Y	W	H	M	C	P
0	0.00870	0.02597	0.01375	0.77895	0.03036	0.01018	0.01244	0.01169	0.00924	0.01179	0.00873	0.01363	0.00688	0.00488	0.00462	0.00154	0.00602	0.03342	0.00212	0.00508
1	0.00965	0.02109	0.65013	0.01621	0.18335	0.01071	0.01637	0.01445	0.00985	0.01463	0.00832	0.01004	0.00612	0.00431	0.00440	0.00144	0.00651	0.00354	0.00201	0.00689
2	0.01136	0.01091	0.01863	0.02818	0.81002	0.01091	0.01409	0.01409	0.01045	0.01500	0.00864	0.01136	0.00727	0.00409	0.00455	0.00136	0.00545	0.00409	0.00227	0.00727
3	0.01061	0.01396	0.13634	0.01848	0.02342	0.01148	0.68567	0.01468	0.01068	0.01468	0.00914	0.01201	0.00681	0.00394	0.00527	0.00153	0.00761	0.00514	0.00227	0.00627
4	0.01674	0.02111	0.01340	0.01297	0.07003	0.76344	0.00924	0.01803	0.01283	0.01150	0.00720	0.00850	0.00601	0.00469	0.00417	0.00120	0.00808	0.00304	0.00236	0.00546
5	0.01001	0.02263	0.75844	0.01274	0.01930	0.01039	0.01625	0.01509	0.00993	0.07057	0.00893	0.01011	0.00620	0.00445	0.00438	0.00145	0.00658	0.00348	0.00220	0.00686
6	0.00578	0.00503	0.00565	0.09442	0.00897	0.00457	0.00450	0.00715	0.01032	0.01233	0.04232	0.04070	0.72066	0.01086	0.00533	0.00155	0.00274	0.00908	0.00402	0.00401
7	0.00865	0.00805	0.01357	0.80631	0.03095	0.01004	0.01252	0.01158	0.00910	0.01163	0.00816	0.01228	0.00617	0.00488	0.00494	0.02396	0.00606	0.00408	0.00204	0.00502
8	0.14922	0.00535	0.00500	0.00488	0.00665	0.00494	0.00373	0.00774	0.01002	0.01376	0.03984	0.03808	0.67473	0.01040	0.00500	0.00153	0.00253	0.00849	0.00403	0.00406
9	0.00788	0.00399	0.00596	0.00600	0.00601	0.00398	0.00400	0.00600	0.00609	0.00812	0.00863	0.04509	0.00882	0.01589	0.01748	0.83366	0.00394	0.00433	0.00208	0.00206
10	0.00952	0.00816	0.00952	0.00680	0.01088	0.00612	0.00544	0.01156	0.00952	0.01496	0.00816	0.00952	0.00680	0.00340	0.00340	0.00068	0.00340	0.00272	0.00272	0.86672
11	0.01136	0.01091	0.01863	0.02818	0.81002	0.01091	0.01409	0.01409	0.01045	0.01500	0.00864	0.01136	0.00727	0.00409	0.00455	0.00136	0.00545	0.00409	0.00227	0.00727
12	0.01136	0.01091	0.01863	0.02818	0.81002	0.01091	0.01409	0.01409	0.01045	0.01500	0.00864	0.01136	0.00727	0.00409	0.00455	0.00136	0.00545	0.00409	0.00227	0.00727
13	0.01136	0.01091	0.01863	0.02818	0.81002	0.01091	0.01409	0.01409	0.01045	0.01500	0.00864	0.01136	0.00727	0.00409	0.00455	0.00136	0.00545	0.00409	0.00227	0.00727
14	0.01052	0.01459	0.18033	0.01813	0.02319	0.01143	0.64232	0.01467	0.01061	0.01467	0.00908	0.01186	0.00674	0.00397	0.00521	0.00153	0.00755	0.00502	0.00225	0.00631
15	0.25847	0.02811	0.01198	0.57031	0.02456	0.01042	0.01038	0.01229	0.00879	0.01428	0.00761	0.01074	0.00578	0.00448	0.00404	0.00149	0.00535	0.00358	0.00227	0.00508
16	0.00656	0.00492	0.00738	0.00738	0.00820	0.00574	0.00574	0.00820	0.00738	0.01066	0.01230	0.01804	0.01148	0.03443	0.82046	0.00738	0.01230	0.00492	0.00246	0.00410
17	0.84754	0.00886	0.00694	0.02846	0.00950	0.01030	0.00518	0.01345	0.00785	0.02036	0.00644	0.00759	0.00500	0.00427	0.00289	0.00142	0.00362	0.00253	0.00282	0.00498
18	0.00656	0.00492	0.00738	0.00738	0.00820	0.00574	0.00574	0.00820	0.00738	0.01066	0.01230	0.01804	0.01148	0.03443	0.82046	0.00738	0.01230	0.00492	0.00246	0.00410
19	0.01004	0.01004	0.01406	0.01205	0.01205	0.01406	0.01004	0.01105	0.00703	0.01105	0.00603	0.01004	0.00603	0.00804	0.01507	0.00201	0.83025	0.00402	0.00201	0.00502
20	0.01219	0.82021	0.04457	0.00799	0.01199	0.01797	0.00809	0.01377	0.00934	0.01090	0.00643	0.00742	0.00589	0.00394	0.00298	0.00099	0.00496	0.00248	0.00196	0.00591
21	0.00873	0.00829	0.01417	0.80348	0.03139	0.01024	0.03607	0.01182	0.00923	0.01182	0.00819	0.01224	0.00615	0.00457	0.00461	0.00153	0.00617	0.00412	0.00205	0.00513
22	0.01666	0.01232	0.01327	0.01025	0.01380	0.01349	0.00842	0.73165	0.02059	0.02769	0.01146	0.04308	0.00864	0.00577	0.00459	0.00137	0.00489	0.00442	0.00450	0.04314
23	0.00952	0.00816	0.00952	0.00680	0.01088	0.00612	0.00544	0.01156	0.00952	0.01496	0.00816	0.00952	0.00680	0.00340	0.00340	0.00068	0.00340	0.00272	0.00272	0.86672
24	0.01745	0.01286	0.01378	0.01056	0.01424	0.01424	0.00873	0.79471	0.02159	0.02893	0.01102	0.01102	0.00781	0.00551	0.00459	0.00138	0.00505	0.00413	0.00459	0.00781
25	0.00613	0.00542	0.00664	0.18424	0.01175	0.00526	0.00551	0.00771	0.01018	0.01226	0.03814	0.03721	0.63314	0.01009	0.00524	0.00155	0.00315	0.00847	0.00378	0.00414
26	0.01136	0.01091	0.01863	0.02818	0.81002	0.01091	0.01409	0.01409	0.01045	0.01500	0.00864	0.01136	0.00727	0.00409	0.00455	0.00136	0.00545	0.00409	0.00227	0.00727
27	0.01095	0.01047	0.01765	0.02653	0.75362	0.01041	0.01335	0.01356	0.01045	0.01482	0.01129	0.01367	0.06346	0.00462	0.00461	0.00138	0.00523	0.00448	0.00241	0.00703
28	0.01634	0.02063	0.01247	0.01145	0.01366	0.76294	0.00855	0.01749	0.01271	0.01127	0.00837	0.06633	0.00763	0.00541	0.00426	0.00123	0.00789	0.00367	0.00250	0.00521
29	0.00559	0.00400	0.00533	0.00639	0.00666	0.00373	0.00426	0.00639	0.00879	0.01172	0.02530	0.83566	0.03036	0.01438	0.00586	0.00186	0.00266	0.01305	0.00426	0.00373
30	0.01745	0.01286	0.01378	0.01056	0.01424	0.01424	0.00873	0.79471	0.02159	0.02893	0.01102	0.01102	0.00781	0.00551	0.00459	0.00138	0.00505	0.00413	0.00459	0.00781
31	0.01136	0.01091	0.01863	0.02818	0.81002	0.01091	0.01409	0.01409	0.01045	0.01500	0.00864	0.01136	0.00727	0.00409	0.00455	0.00136	0.00545	0.00409	0.00227	0.00727
32	0.01387	0.01018	0.01123	0.00930	0.01195	0.01107	0.00738	0.55678	0.01772	0.02374	0.01533	0.25991	0.01462	0.00819	0.00498	0.00152	0.00433	0.00682	0.00449	0.00658
33	0.00559	0.00400	0.00533	0.00639	0.00666	0.00373	0.00426	0.00639	0.00879	0.01172	0.02530	0.83566	0.03036	0.01438	0.00586	0.00186	0.00266	0.01305	0.00426	0.00373
34	0.00829	0.00764	0.01272	0.72549	0.02852	0.00940	0.01169	0.01107	0.00913	0.01173	0.01029	0.11464	0.00913	0.00581	0.00475	0.00157	0.00569	0.00520	0.00232	0.00493
35	0.00643	0.00480	0.00617	0.00610	0.02375	0.00439	0.00441	0.00843	0.01249	0.01734	0.66529	0.05069	0.15318	0.00969	0.00541	0.00147	0.00227	0.00851	0.00487	0.00432
36	0.04029	0.01275	0.01359	0.01044	0.01409	0.01413	0.00863	0.77381	0.02122	0.02871	0.01090	0.01093	0.00773	0.00548	0.00455	0.00138	0.00501	0.00409	0.00455	0.00773

[dist]
# distance from previous block
# <min> <max>
2	5

[block]
# block no. 6 follows, 56 sequences, length 14
# corresponding to MSA columns:
# 227-240
name=unknown_G
#
# <colnr> <probs for GDERKNQSTAVLIFYWHMCP>
#	G	D	E	R	K	N	Q	S	T	A	V	L	I	F	Y	W	H	M	C	P
0	0.01004	0.01004	0.01406	0.01205	0.01205	0.01406	0.01004	0.01105	0.00703	0.01105	0.00603	0.01004	0.00603	0.00804	0.01507	0.00201	0.83025	0.00402	0.00201	0.00502
1	0.00933	0.00796	0.00932	0.00678	0.01068	0.00601	0.00538	0.01131	0.00949	0.01481	0.00898	0.04900	0.00793	0.00392	0.00352	0.00074	0.00336	0.00321	0.00279	0.82548
2	0.01184	0.01182	0.01817	0.02682	0.74408	0.07796	0.01366	0.01444	0.01067	0.01469	0.00851	0.01111	0.00716	0.00414	0.00451	0.00135	0.00569	0.00400	0.00228	0.00711
3	0.00736	0.12212	0.00972	0.00745	0.00870	0.00748	0.00604	0.00898	0.00765	0.01068	0.01147	0.01654	0.01069	0.03016	0.70593	0.00648	0.01126	0.00457	0.00239	0.00435
4	0.02060	0.00781	0.01065	0.00817	0.01172	0.00675	0.00675	0.02237	0.01314	0.81320	0.01811	0.01563	0.01136	0.00568	0.00462	0.00142	0.00391	0.00462	0.00568	0.00781
5	0.71898	0.00874	0.00788	0.12183	0.01218	0.01016	0.00613	0.01357	0.00820	0.04791	0.00706	0.00843	0.00536	0.00436	0.00315	0.00144	0.00393	0.00279	0.00283	0.00509
6	0.00734	0.00488	0.00641	0.00592	0.00715	0.00448	0.00448	0.00948	0.01300	0.06597	0.76035	0.03318	0.04141	0.00916	0.00537	0.00144	0.00227	0.00808	0.00509	0.00454
7	0.00650	0.00469	0.00614	0.00578	0.00686	0.00433	0.00433	0.00866	0.01300	0.01841	0.80760	0.03429	0.04332	0.00939	0.00541	0.00144	0.00217	0.00830	0.00505	0.00433
8	0.01715	0.02188	0.01301	0.01183	0.01419	0.82022	0.00887	0.01833	0.01301	0.01124	0.00710	0.00828	0.00591	0.00473	0.00414	0.00118	0.00828	0.00296	0.00237	0.00532
9	0.06367	0.79160	0.02302	0.00775	0.01161	0.01769	0.00768	0.01373	0.00924	0.01139	0.00638	0.00737	0.00584	0.00395	0.00294	0.00101	0.00483	0.00246	0.00202	0.00584
10	0.00543	0.00465	0.00465	0.00465	0.00620	0.00388	0.00349	0.00659	0.01046	0.01240	0.04651	0.04418	0.80815	0.01163	0.00543	0.00155	0.00233	0.00969	0.00426	0.00388
11	0.01892	0.00872	0.01100	0.00863	0.01206	0.00833	0.00706	0.11766	0.12524	0.60490	0.01732	0.01527	0.01130	0.00574	0.00462	0.00143	0.00401	0.00464	0.00541	0.00774
12	0.00757	0.00515	0.00573	0.00547	0.00577	0.00526	0.00327	0.07197	0.00791	0.01056	0.01418	0.02847	0.01595	0.76962	0.02181	0.00420	0.00450	0.00647	0.00293	0.00320
13	0.00559	0.00400	0.00533	0.00639	0.00666	0.00373	0.00426	0.00639	0.00879	0.01172	0.02530	0.83566	0.03036	0.01438	0.00586	0.00186	0.00266	0.01305	0.00426	0.00373

[dist]
# distance from previous block
# <min> <max>
1	8

[block]
# block no. 7 follows, 56 sequences, length 12
# corresponding to MSA columns:
# 249-260
name=unknown_H
#
# <colnr> <probs for GDERKNQSTAVLIFYWHMCP>
#	G	D	E	R	K	N	Q	S	T	A	V	L	I	F	Y	W	H	M	C	P
0	0.00668	0.00445	0.00501	0.00501	0.00501	0.00445	0.00278	0.00668	0.00668	0.00890	0.01447	0.03004	0.01669	0.83866	0.02337	0.00445	0.00445	0.00668	0.00278	0.00278
1	0.00900	0.00850	0.01437	0.72895	0.12770	0.01029	0.01292	0.01202	0.00934	0.01213	0.00822	0.01213	0.00626	0.00453	0.00458	0.00151	0.00604	0.00408	0.00207	0.00537
2	0.01136	0.01091	0.01863	0.02818	0.81002	0.01091	0.01409	0.01409	0.01045	0.01500	0.00864	0.01136	0.00727	0.00409	0.00455	0.00136	0.00545	0.00409	0.00227	0.00727
3	0.01081	0.00942	0.01090	0.11603	0.04321	0.01091	0.00809	0.02160	0.63571	0.01776	0.01724	0.05192	0.01346	0.00629	0.00471	0.00156	0.00398	0.00535	0.00423	0.00683
4	0.01170	0.01108	0.01866	0.02682	0.73430	0.01113	0.04261	0.05985	0.01112	0.01580	0.00880	0.01138	0.00729	0.00417	0.00458	0.00137	0.00552	0.00414	0.00241	0.00726
5	0.00579	0.00408	0.00527	0.00614	0.00636	0.00386	0.00399	0.00644	0.00841	0.01121	0.02334	0.69005	0.02789	0.16337	0.00902	0.00233	0.00299	0.01190	0.00399	0.00356
6	0.00663	0.00444	0.00507	0.00509	0.00514	0.00442	0.00290	0.00675	0.00701	0.00939	0.04719	0.06004	0.01828	0.77435	0.02199	0.00423	0.00429	0.00698	0.00293	0.00288
7	0.01122	0.01092	0.01875	0.02633	0.69780	0.01121	0.05950	0.01387	0.01019	0.01465	0.00846	0.01131	0.00715	0.00440	0.00547	0.00143	0.07389	0.00416	0.00225	0.00702
8	0.00647	0.00432	0.00506	0.00534	0.00545	0.00425	0.00319	0.00677	0.00736	0.00999	0.01733	0.24055	0.02006	0.58685	0.01791	0.00363	0.00388	0.00824	0.04023	0.00309
9	0.00652	0.00438	0.00505	0.00521	0.00525	0.00434	0.00300	0.00663	0.00699	0.00932	0.01608	0.14984	0.01872	0.71609	0.02076	0.00407	0.00419	0.00762	0.00300	0.00292
10	0.00649	0.00437	0.00506	0.00524	0.00529	0.00433	0.00303	0.00663	0.00704	0.00938	0.01631	0.16732	0.01902	0.69820	0.02038	0.00401	0.00415	0.00776	0.00303	0.00294
11	0.00961	0.00844	0.01068	0.00763	0.01174	0.00648	0.05738	0.01177	0.00961	0.01494	0.00823	0.00971	0.00681	0.00343	0.00353	0.00074	0.00369	0.00290	0.00269	0.80999

[dist]
# distance from previous block
# <min> <max>
11	23

[block]
# block no. 8 follows, 56 sequences, length 51
# corresponding to MSA columns:
# 292-342
name=unknown_I
#
# <colnr> <probs for GDERKNQSTAVLIFYWHMCP>
#	G	D	E	R	K	N	Q	S	T	A	V	L	I	F	Y	W	H	M	C	P
0	0.00848	0.00796	0.01324	0.77983	0.03014	0.00983	0.01221	0.01143	0.00925	0.01177	0.01039	0.01409	0.05269	0.00500	0.00464	0.00153	0.00590	0.00441	0.00217	0.00503
1	0.01142	0.00986	0.01038	0.00934	0.01194	0.01142	0.00727	0.02440	0.80172	0.01920	0.01869	0.01713	0.01401	0.00623	0.00467	0.00156	0.00363	0.00519	0.00467	0.00727
2	0.00559	0.00400	0.00533	0.00639	0.00666	0.00373	0.00426	0.00639	0.00879	0.01172	0.02530	0.83566	0.03036	0.01438	0.00586	0.00186	0.00266	0.01305	0.00426	0.00373
3	0.00952	0.00816	0.00952	0.00680	0.01088	0.00612	0.00544	0.01156	0.00952	0.01496	0.00816	0.00952	0.00680	0.00340	0.00340	0.00068	0.00340	0.00272	0.00272	0.86672
4	0.02060	0.00781	0.01065	0.00817	0.01172	0.00675	0.00675	0.02237	0.01314	0.81320	0.01811	0.01563	0.01136	0.00568	0.00462	0.00142	0.00391	0.00462	0.00568	0.00781
5	0.00650	0.00469	0.00614	0.00578	0.00686	0.00433	0.00433	0.00866	0.01300	0.01841	0.80760	0.03429	0.04332	0.00939	0.00541	0.00144	0.00217	0.00830	0.00505	0.00433
6	0.00867	0.00807	0.01354	0.80790	0.03099	0.01006	0.01252	0.01171	0.00919	0.01186	0.00832	0.01236	0.00626	0.00461	0.00456	0.00152	0.00602	0.00408	0.02269	0.00508
7	0.00948	0.00790	0.00924	0.00697	0.01054	0.00629	0.00548	0.05638	0.01013	0.01536	0.01050	0.11437	0.00985	0.00492	0.00378	0.00087	0.00340	0.00411	0.00302	0.70741
8	0.01745	0.01286	0.01378	0.01056	0.01424	0.01424	0.00873	0.79471	0.02159	0.02893	0.01102	0.01102	0.00781	0.00551	0.00459	0.00138	0.00505	0.00413	0.00459	0.00781
9	0.00572	0.00405	0.00529	0.00623	0.00647	0.00381	0.00409	0.00643	0.00854	0.01139	0.02403	0.74125	0.02876	0.11098	0.00791	0.00217	0.00287	0.01230	0.00409	0.00362
10	0.01674	0.02119	0.01307	0.01184	0.01407	0.77341	0.00894	0.01791	0.01266	0.01123	0.00703	0.00838	0.00592	0.00492	0.00477	0.00123	0.05601	0.00302	0.00234	0.00530
11	0.00658	0.00484	0.00699	0.00699	0.00768	0.00553	0.00526	0.00795	0.00726	0.01037	0.01265	0.02000	0.01233	0.16590	0.69016	0.00690	0.01101	0.00521	0.00251	0.00388
12	0.01202	0.00880	0.00991	0.00865	0.01077	0.00943	0.00668	0.43389	0.01573	0.02105	0.01756	0.38847	0.01813	0.00957	0.00517	0.00160	0.00396	0.00822	0.00444	0.00594
13	0.00650	0.00469	0.00614	0.00578	0.00686	0.00433	0.00433	0.00866	0.01300	0.01841	0.80760	0.03429	0.04332	0.00939	0.00541	0.00144	0.00217	0.00830	0.00505	0.00433
14	0.00740	0.00528	0.00740	0.00845	0.00951	0.00528	0.00740	0.00951	0.01057	0.01374	0.02431	0.05179	0.02642	0.01268	0.00634	0.00211	0.00423	0.77912	0.00423	0.00423
15	0.01084	0.01238	0.02709	0.01935	0.02399	0.01161	0.79334	0.01471	0.01084	0.01471	0.00929	0.01238	0.00697	0.00387	0.00542	0.00155	0.00774	0.00542	0.00232	0.00619
16	0.00656	0.00492	0.00738	0.00738	0.00820	0.00574	0.00574	0.00820	0.00738	0.01066	0.01230	0.01804	0.01148	0.03443	0.82046	0.00738	0.01230	0.00492	0.00246	0.00410
17	0.00591	0.00413	0.00523	0.00599	0.00618	0.00394	0.00383	0.00648	0.00818	0.01090	0.02215	0.60139	0.02639	0.25408	0.01095	0.00262	0.00318	0.01120	0.00383	0.00345
18	0.00580	0.00408	0.00527	0.00613	0.00635	0.00386	0.00398	0.00645	0.00839	0.01119	0.02327	0.68426	0.02779	0.16929	0.00915	0.00235	0.00300	0.01185	0.00398	0.00355
19	0.01694	0.02145	0.01280	0.01164	0.01398	0.80027	0.00873	0.01815	0.01293	0.01138	0.00729	0.00850	0.00606	0.00475	0.00412	0.00118	0.00813	0.00299	0.02345	0.00530
20	0.01061	0.00936	0.01137	0.24920	0.01771	0.01106	0.00887	0.02068	0.56941	0.01701	0.01560	0.01570	0.01170	0.00575	0.00465	0.00155	0.00436	0.00486	0.00390	0.00663
21	0.01136	0.01091	0.01863	0.02818	0.81002	0.01091	0.01409	0.01409	0.01045	0.01500	0.00864	0.01136	0.00727	0.00409	0.00455	0.00136	0.00545	0.00409	0.00227	0.00727
22	0.01696	0.02152	0.01320	0.01237	0.04053	0.79344	0.00904	0.01819	0.01293	0.01136	0.00715	0.00838	0.00596	0.00471	0.00415	0.00119	0.00819	0.00299	0.00236	0.00539
23	0.01098	0.01197	0.02471	0.02184	0.24548	0.01141	0.57376	0.01453	0.01073	0.01479	0.00910	0.01210	0.00705	0.00393	0.00517	0.00150	0.00710	0.00504	0.00231	0.00650
24	0.00646	0.00498	0.00609	0.00664	0.00793	0.00461	0.00553	0.00812	0.01052	0.01310	0.03491	0.04815	0.39975	0.01218	0.00590	0.00184	0.00332	0.41166	0.00424	0.00406
25	0.01206	0.04079	0.01411	0.01185	0.01263	0.23440	0.00965	0.01313	0.00874	0.01109	0.00633	0.00947	0.00599	0.00700	0.01168	0.00175	0.57841	0.00368	0.00210	0.00513
26	0.00668	0.00445	0.00501	0.00501	0.00501	0.00445	0.00278	0.00668	0.00668	0.00890	0.01447	0.03004	0.01669	0.83866	0.02337	0.00445	0.00445	0.00668	0.00278	0.00278
27	0.01227	0.84142	0.02406	0.00786	0.01178	0.01817	0.00786	0.01375	0.00933	0.01080	0.00638	0.00736	0.00589	0.00393	0.00295	0.00098	0.00491	0.00245	0.00196	0.00589
28	0.00970	0.00827	0.00962	0.00689	0.01096	0.00631	0.00552	0.02969	0.00980	0.01528	0.00823	0.00955	0.00682	0.00345	0.00343	0.00070	0.00344	0.00275	0.00276	0.84684
29	0.00642	0.00467	0.00604	0.00574	0.00682	0.00429	0.00429	0.00849	0.01273	0.01789	0.74430	0.06233	0.07944	0.00966	0.00543	0.00146	0.00219	0.00853	0.00499	0.00429
30	0.06182	0.00497	0.00625	0.00589	0.00707	0.00480	0.00445	0.00895	0.01234	0.01810	0.71015	0.03163	0.03902	0.01051	0.05258	0.00179	0.00284	0.00773	0.00476	0.00436
31	0.00650	0.00469	0.00614	0.00578	0.00686	0.00433	0.00433	0.00866	0.01300	0.01841	0.80760	0.03429	0.04332	0.00939	0.00541	0.00144	0.00217	0.00830	0.00505	0.00433
32	0.00559	0.00400	0.00533	0.00639	0.00666	0.00373	0.00426	0.00639	0.00879	0.01172	0.02530	0.83566	0.03036	0.01438	0.00586	0.00186	0.00266	0.01305	0.00426	0.00373
33	0.01695	0.02156	0.01304	0.01183	0.01413	0.79806	0.00890	0.01813	0.01285	0.01123	0.00707	0.00833	0.00592	0.00482	0.00444	0.00121	0.03088	0.00299	0.00236	0.00531
34	0.01004	0.01004	0.01406	0.01205	0.01205	0.01406	0.01004	0.01105	0.00703	0.01105	0.00603	0.01004	0.00603	0.00804	0.01507	0.00201	0.83025	0.00402	0.00201	0.00502
35	0.00668	0.00445	0.00501	0.00501	0.00501	0.00445	0.00278	0.00668	0.00668	0.00890	0.01447	0.03004	0.01669	0.83866	0.02337	0.00445	0.00445	0.00668	0.00278	0.00278
36	0.00690	0.00478	0.00627	0.00584	0.00700	0.00440	0.00440	0.00906	0.01300	0.04124	0.78492	0.03376	0.04240	0.00928	0.00539	0.00144	0.00222	0.00820	0.00507	0.00443
37	0.03804	0.00835	0.01089	0.00837	0.01192	0.00759	0.00691	0.10163	0.01390	0.71597	0.01714	0.01498	0.01087	0.00563	0.00458	0.00142	0.00402	0.00452	0.00551	0.00775
38	0.00952	0.00816	0.00952	0.00680	0.01088	0.00612	0.00544	0.01156	0.00952	0.01496	0.00816	0.00952	0.00680	0.00340	0.00340	0.00068	0.00340	0.00272	0.00272	0.86672
39	0.87108	0.00888	0.00675	0.00604	0.00888	0.01030	0.00497	0.01350	0.00781	0.02060	0.00639	0.00746	0.00497	0.00426	0.00284	0.00142	0.00355	0.00249	0.00284	0.00497
40	0.00906	0.00524	0.00694	0.00624	0.00775	0.00475	0.00477	0.01110	0.01285	0.16466	0.62999	0.06369	0.03690	0.00891	0.00529	0.00146	0.00251	0.00782	0.00514	0.00495
41	0.02037	0.00819	0.01089	0.00835	0.01191	0.00730	0.00689	0.07958	0.01377	0.75510	0.01759	0.01529	0.01110	0.00567	0.00462	0.00142	0.00399	0.00458	0.00560	0.00781
42	0.00921	0.02375	0.81487	0.01309	0.01987	0.01066	0.01696	0.01454	0.00969	0.01454	0.00824	0.00969	0.00582	0.00436	0.00436	0.00145	0.00678	0.00339	0.00194	0.00678
43	0.00952	0.00816	0.00952	0.00680	0.01088	0.00612	0.00544	0.01156	0.00952	0.01496	0.00816	0.00952	0.00680	0.00340	0.00340	0.00068	0.00340	0.00272	0.00272	0.86672
44	0.01634	0.01199	0.01288	0.00999	0.01329	0.01323	0.00811	0.71365	0.02005	0.02687	0.01138	0.01298	0.00872	0.09121	0.00652	0.00169	0.00499	0.00439	0.00441	0.00729
45	0.01142	0.00986	0.01038	0.00934	0.01194	0.01142	0.00727	0.02440	0.80172	0.01920	0.01869	0.01713	0.01401	0.00623	0.00467	0.00156	0.00363	0.00519	0.00467	0.00727
46	0.00760	0.00570	0.00854	0.00909	0.01035	0.00565	0.05304	0.00981	0.01058	0.01380	0.02344	0.04950	0.02529	0.01217	0.00629	0.00208	0.00443	0.73419	0.00412	0.00434
47	0.85078	0.00886	0.00691	0.02538	0.00941	0.01030	0.00516	0.01345	0.00785	0.02039	0.00643	0.00757	0.00500	0.00427	0.00288	0.00142	0.00361	0.00252	0.00282	0.00497
48	0.60345	0.00866	0.00893	0.26100	0.01594	0.01027	0.00739	0.01295	0.00824	0.01785	0.00694	0.00894	0.00533	0.00436	0.00338	0.00145	0.00435	0.00298	0.00259	0.00501
49	0.02060	0.00781	0.01065	0.00817	0.01172	0.00675	0.00675	0.02237	0.01314	0.81320	0.01811	0.01563	0.01136	0.00568	0.00462	0.00142	0.00391	0.00462	0.00568	0.00781
50	0.01663	0.02089	0.01352	0.01330	0.08575	0.74746	0.00934	0.01795	0.01278	0.01157	0.00723	0.00856	0.00604	0.00467	0.00418	0.00120	0.00803	0.00306	0.00236	0.00550

[dist]
# distance from previous block
# <min> <max>
0	1

[block]
# block no. 9 follows, 56 sequences, length 19
# corresponding to MSA columns:
# 344-362
name=unknown_J
#
# <colnr> <probs for GDERKNQSTAVLIFYWHMCP>
#	G	D	E	R	K	N	Q	S	T	A	V	L	I	F	Y	W	H	M	C	P
0	0.01084	0.01238	0.02709	0.01935	0.02399	0.01161	0.79334	0.01471	0.01084	0.01471	0.00929	0.01238	0.00697	0.00387	0.00542	0.00155	0.00774	0.00542	0.00232	0.00619
1	0.87108	0.00888	0.00675	0.00604	0.00888	0.01030	0.00497	0.01350	0.00781	0.02060	0.00639	0.00746	0.00497	0.00426	0.00284	0.00142	0.00355	0.00249	0.00284	0.00497
2	0.00910	0.00860	0.01455	0.69943	0.15643	0.01031	0.01296	0.01211	0.00938	0.01225	0.00824	0.01210	0.00630	0.00451	0.00458	0.00150	0.00601	0.00408	0.00208	0.00545
3	0.09970	0.01248	0.01310	0.01013	0.01372	0.01386	0.00836	0.71944	0.02026	0.02813	0.01058	0.01068	0.00753	0.00539	0.00442	0.00138	0.00491	0.00397	0.00442	0.00753
4	0.00636	0.00517	0.00583	0.00675	0.00716	0.05758	0.00457	0.00718	0.00907	0.01169	0.02410	0.78109	0.02875	0.01375	0.00575	0.00182	0.00303	0.01239	0.00414	0.00383
5	0.01177	0.63521	0.09667	0.01016	0.01446	0.01644	0.13340	0.01397	0.00960	0.01176	0.00701	0.00837	0.00606	0.00396	0.00347	0.00111	0.00553	0.00301	0.00202	0.00602
6	0.01117	0.01080	0.01758	0.02622	0.73177	0.03612	0.01328	0.01372	0.01043	0.01466	0.00969	0.06563	0.00875	0.00479	0.00462	0.00139	0.00536	0.00465	0.00241	0.00698
7	0.00867	0.00816	0.01377	0.82762	0.03162	0.01020	0.01275	0.01173	0.00918	0.01173	0.00816	0.01224	0.00612	0.00459	0.00459	0.00153	0.00612	0.00408	0.00204	0.00510
8	0.00543	0.00465	0.00465	0.00465	0.00620	0.00388	0.00349	0.00659	0.01046	0.01240	0.04651	0.04418	0.80815	0.01163	0.00543	0.00155	0.00233	0.00969	0.00426	0.00388
9	0.00867	0.00816	0.01377	0.82762	0.03162	0.01020	0.01275	0.01173	0.00918	0.01173	0.00816	0.01224	0.00612	0.00459	0.00459	0.00153	0.00612	0.00408	0.00204	0.00510
10	0.01745	0.01286	0.01378	0.01056	0.01424	0.01424	0.00873	0.79471	0.02159	0.02893	0.01102	0.01102	0.00781	0.00551	0.00459	0.00138	0.00505	0.00413	0.00459	0.00781
11	0.00867	0.00816	0.01377	0.82762	0.03162	0.01020	0.01275	0.01173	0.00918	0.01173	0.00816	0.01224	0.00612	0.00459	0.00459	0.00153	0.00612	0.00408	0.00204	0.00510
12	0.00543	0.00465	0.00465	0.00465	0.00620	0.00388	0.00349	0.00659	0.01046	0.01240	0.04651	0.04418	0.80815	0.01163	0.00543	0.00155	0.00233	0.00969	0.00426	0.00388
13	0.02060	0.00781	0.01065	0.00817	0.01172	0.00675	0.00675	0.02237	0.01314	0.81320	0.01811	0.01563	0.01136	0.00568	0.00462	0.00142	0.00391	0.00462	0.00568	0.00781
14	0.00662	0.00443	0.00502	0.00508	0.00510	0.00441	0.00286	0.00666	0.00679	0.00905	0.01505	0.07386	0.01743	0.79383	0.02241	0.00431	0.00435	0.00702	0.00286	0.00283
15	0.00668	0.00445	0.00501	0.00501	0.00501	0.00445	0.00278	0.00668	0.00668	0.00890	0.01447	0.03004	0.01669	0.83866	0.02337	0.00445	0.00445	0.00668	0.00278	0.00278
16	0.00646	0.00466	0.00610	0.00580	0.00685	0.00431	0.00433	0.00857	0.01283	0.01814	0.77602	0.06664	0.04280	0.00959	0.00543	0.00146	0.00219	0.00849	0.00502	0.00431
17	0.00921	0.02375	0.81487	0.01309	0.01987	0.01066	0.01696	0.01454	0.00969	0.01454	0.00824	0.00969	0.00582	0.00436	0.00436	0.00145	0.00678	0.00339	0.00194	0.00678
18	0.01745	0.01286	0.01378	0.01056	0.01424	0.01424	0.00873	0.79471	0.02159	0.02893	0.01102	0.01102	0.00781	0.00551	0.00459	0.00138	0.00505	0.00413	0.00459	0.00781

[dist]
# distance from previous block
# <min> <max>
3	7

[block]
# block no. 10 follows, 56 sequences, length 44
# corresponding to MSA columns:
# 370-413
name=unknown_K
#
# <colnr> <probs for GDERKNQSTAVLIFYWHMCP>
#	G	D	E	R	K	N	Q	S	T	A	V	L	I	F	Y	W	H	M	C	P
0	0.01088	0.01046	0.01690	0.02511	0.69061	0.03661	0.01278	0.01333	0.01034	0.01449	0.01052	0.10701	0.00991	0.00531	0.00468	0.00142	0.00522	0.00509	0.00251	0.00680
1	0.00889	0.00493	0.00499	0.00487	0.00611	0.00511	0.00368	0.01229	0.10164	0.01736	0.01541	0.01712	0.01203	0.00545	0.00338	0.00113	0.00231	0.00438	0.76431	0.00463
2	0.00559	0.00400	0.00533	0.00639	0.00666	0.00373	0.00426	0.00639	0.00879	0.01172	0.02530	0.83566	0.03036	0.01438	0.00586	0.00186	0.00266	0.01305	0.00426	0.00373
3	0.02049	0.00798	0.01076	0.00825	0.01180	0.00699	0.00681	0.04770	0.01342	0.78748	0.01788	0.01548	0.01125	0.00568	0.00462	0.00142	0.00394	0.00460	0.00565	0.00781
4	0.00921	0.02375	0.81487	0.01309	0.01987	0.01066	0.01696	0.01454	0.00969	0.01454	0.00824	0.00969	0.00582	0.00436	0.00436	0.00145	0.00678	0.00339	0.00194	0.00678
5	0.01918	0.00838	0.01168	0.01056	0.10433	0.00752	0.00765	0.05272	0.01310	0.67292	0.01653	0.01482	0.01065	0.00545	0.00458	0.00140	0.00412	0.00450	0.00518	0.02471
6	0.01136	0.01091	0.01863	0.02818	0.81002	0.01091	0.01409	0.01409	0.01045	0.01500	0.00864	0.01136	0.00727	0.00409	0.00455	0.00136	0.00545	0.00409	0.00227	0.00727
7	0.01223	0.01256	0.01779	0.02572	0.69020	0.13275	0.01330	0.01473	0.01084	0.01443	0.00840	0.01090	0.00707	0.00419	0.00448	0.00134	0.00588	0.00392	0.00229	0.00698
8	0.00874	0.00823	0.01389	0.80752	0.05119	0.01022	0.01278	0.01179	0.00921	0.01181	0.00817	0.01222	0.00615	0.00458	0.00459	0.00153	0.00610	0.00408	0.00205	0.00515
9	0.00559	0.00400	0.00533	0.00639	0.00666	0.00373	0.00426	0.00639	0.00879	0.01172	0.02530	0.83566	0.03036	0.01438	0.00586	0.00186	0.00266	0.01305	0.00426	0.00373
10	0.01142	0.00986	0.01038	0.00934	0.01194	0.01142	0.00727	0.02440	0.80172	0.01920	0.01869	0.01713	0.01401	0.00623	0.00467	0.00156	0.00363	0.00519	0.00467	0.00727
11	0.00998	0.00996	0.01405	0.04841	0.01293	0.01389	0.01016	0.01108	0.00713	0.01108	0.00612	0.01014	0.00603	0.00788	0.01460	0.00199	0.79352	0.00402	0.00201	0.00503
12	0.00668	0.00445	0.00501	0.00501	0.00501	0.00445	0.00278	0.00668	0.00668	0.00890	0.01447	0.03004	0.01669	0.83866	0.02337	0.00445	0.00445	0.00668	0.00278	0.00278
13	0.00543	0.00465	0.00465	0.00465	0.00620	0.00388	0.00349	0.00659	0.01046	0.01240	0.04651	0.04418	0.80815	0.01163	0.00543	0.00155	0.00233	0.00969	0.00426	0.00388
14	0.00867	0.00816	0.01377	0.82762	0.03162	0.01020	0.01275	0.01173	0.00918	0.01173	0.00816	0.01224	0.00612	0.00459	0.00459	0.00153	0.00612	0.00408	0.00204	0.00510
15	0.00799	0.00832	0.04313	0.01224	0.01463	0.00739	0.34663	0.01028	0.00971	0.01311	0.01777	0.44997	0.01937	0.00948	0.00562	0.00171	0.00501	0.00941	0.00334	0.00490
16	0.11880	0.00877	0.05206	0.00818	0.01181	0.00736	0.00707	0.02093	0.01234	0.67956	0.01624	0.01437	0.01033	0.00545	0.00440	0.00142	0.00402	0.00431	0.00516	0.00743
17	0.01715	0.02188	0.01301	0.01183	0.01419	0.82022	0.00887	0.01833	0.01301	0.01124	0.00710	0.00828	0.00591	0.00473	0.00414	0.00118	0.00828	0.00296	0.00237	0.00532
18	0.01227	0.84142	0.02406	0.00786	0.01178	0.01817	0.00786	0.01375	0.00933	0.01080	0.00638	0.00736	0.00589	0.00393	0.00295	0.00098	0.00491	0.00245	0.00196	0.00589
19	0.00559	0.00400	0.00533	0.00639	0.00666	0.00373	0.00426	0.00639	0.00879	0.01172	0.02530	0.83566	0.03036	0.01438	0.00586	0.00186	0.00266	0.01305	0.00426	0.00373
20	0.00867	0.00816	0.01377	0.82762	0.03162	0.01020	0.01275	0.01173	0.00918	0.01173	0.00816	0.01224	0.00612	0.00459	0.00459	0.00153	0.00612	0.00408	0.00204	0.00510
21	0.00668	0.00445	0.00501	0.00501	0.00501	0.00445	0.00278	0.00668	0.00668	0.00890	0.01447	0.03004	0.01669	0.83866	0.02337	0.00445	0.00445	0.00668	0.00278	0.00278
22	0.02060	0.00781	0.01065	0.00817	0.01172	0.00675	0.00675	0.02237	0.01314	0.81320	0.01811	0.01563	0.01136	0.00568	0.00462	0.00142	0.00391	0.00462	0.00568	0.00781
23	0.87108	0.00888	0.00675	0.00604	0.00888	0.01030	0.00497	0.01350	0.00781	0.02060	0.00639	0.00746	0.00497	0.00426	0.00284	0.00142	0.00355	0.00249	0.00284	0.00497
