[name]
ATP6

[dist]
# distance from previous block
# <min> <max>
0	0

[block]
# block no. 0 follows, 200 sequences, length 226
# corresponding to MSA columns:
# 0-225
name=unknown_A
#
# <colnr> <probs for GDERKNQSTAVLIFYWHMCP>
#	G	D	E	R	K	N	Q	S	T	A	V	L	I	F	Y	W	H	M	C	P
0	0.00256	0.00183	0.00256	0.00292	0.00329	0.00183	0.00256	0.00329	0.00365	0.00475	0.00840	0.01789	0.00913	0.00438	0.00219	0.00073	0.00146	0.92369	0.00146	0.00146
1	0.00590	0.02050	0.00455	0.00407	0.00489	0.92503	0.00306	0.00631	0.00448	0.00388	0.00245	0.00286	0.00204	0.00163	0.00142	0.00041	0.00284	0.00102	0.00082	0.00184
2	0.00326	0.00767	0.81294	0.00487	0.02739	0.00372	0.10809	0.00503	0.00340	0.00503	0.00289	0.00346	0.00206	0.00149	0.00155	0.00051	0.00237	0.00125	0.00069	0.00232
3	0.00585	0.01669	0.02340	0.00408	0.00493	0.90991	0.00312	0.00629	0.00446	0.00390	0.00246	0.00287	0.00204	0.00163	0.00143	0.00041	0.00284	0.00102	0.00081	0.00185
4	0.00193	0.00138	0.00184	0.00221	0.00230	0.00129	0.00147	0.00221	0.00304	0.00405	0.00874	0.94323	0.01049	0.00497	0.00202	0.00064	0.00092	0.00451	0.00147	0.00129
5	0.00231	0.00154	0.00173	0.00173	0.00173	0.00154	0.00096	0.00231	0.00231	0.00308	0.00500	0.01038	0.00577	0.94426	0.00807	0.00154	0.00154	0.00231	0.00096	0.00096
6	0.00632	0.00305	0.00376	0.00299	0.00415	0.01076	0.00243	0.09457	0.19780	0.64326	0.00608	0.00538	0.00788	0.00200	0.00160	0.00050	0.00138	0.00162	0.00184	0.00265
7	0.00533	0.00404	0.00445	0.00337	0.00466	0.00424	0.01356	0.69289	0.01724	0.00876	0.00362	0.00377	0.00266	0.00866	0.00155	0.00043	0.00162	0.00133	0.00143	0.21638
8	0.00231	0.00154	0.00173	0.00173	0.00173	0.00154	0.00096	0.00231	0.00231	0.00308	0.00500	0.01038	0.00577	0.94426	0.00807	0.00154	0.00154	0.00231	0.00096	0.00096
9	0.00315	0.00254	0.00253	0.00235	0.00303	0.06383	0.00183	0.04986	0.16297	0.07352	0.03548	0.02292	0.49491	0.00330	0.00179	0.00054	0.00115	0.07104	0.00150	0.00175
10	0.00381	0.00310	0.00331	0.00297	0.00382	0.00347	0.00231	0.03267	0.70654	0.04054	0.05477	0.00703	0.08727	0.00236	0.00164	0.00053	0.00119	0.00862	0.02384	0.01021
11	0.00329	0.00282	0.00329	0.00235	0.00376	0.00211	0.00188	0.00399	0.00329	0.00517	0.00282	0.00329	0.00235	0.00117	0.00117	0.00023	0.00117	0.00094	0.00094	0.95396
12	0.00381	0.00320	0.00343	0.00311	0.00393	0.01538	0.00245	0.07311	0.67075	0.00657	0.07760	0.00755	0.01776	0.00811	0.00173	0.00055	0.00129	0.09575	0.00159	0.00231
13	0.00228	0.00168	0.00214	0.00236	0.00272	0.00159	0.00190	0.00284	0.00962	0.01185	0.06249	0.18523	0.26561	0.02034	0.00215	0.00066	0.00114	0.42052	0.00148	0.00141
14	0.00245	0.00172	0.00233	0.00263	0.00294	0.00168	0.00213	0.00310	0.02231	0.02253	0.05370	0.30615	0.02977	0.00441	0.00209	0.00068	0.00124	0.53520	0.00149	0.00145
15	0.91529	0.02044	0.00249	0.00215	0.00313	0.02600	0.00177	0.00470	0.00275	0.00698	0.00221	0.00258	0.00173	0.00147	0.00099	0.00049	0.00127	0.00086	0.00097	0.00173
16	0.00201	0.00157	0.00197	0.00210	0.00241	0.00142	0.02151	0.00243	0.01417	0.00426	0.04447	0.50104	0.33861	0.02694	0.00211	0.00062	0.00094	0.02860	0.00146	0.00134
17	0.00347	0.00295	0.00338	0.00249	0.00384	0.00241	0.00199	0.04511	0.09102	0.00552	0.00321	0.00356	0.00260	0.00130	0.00123	0.00027	0.00121	0.00104	0.00103	0.82237
18	0.00273	0.00206	0.00227	0.00222	0.00278	0.00189	0.00166	0.00358	0.10952	0.05079	0.10257	0.11093	0.54595	0.00392	0.00198	0.00060	0.00102	0.05020	0.00163	0.00170
19	0.00310	0.00213	0.00864	0.00240	0.00293	0.00198	0.00180	0.00407	0.10457	0.09593	0.49331	0.14009	0.12060	0.00829	0.00199	0.00058	0.00101	0.00299	0.00176	0.00183
20	0.00281	0.00228	0.00255	0.00232	0.00303	0.00221	0.00179	0.00441	0.25201	0.01937	0.14592	0.06562	0.29314	0.01020	0.00177	0.00051	0.00102	0.04622	0.00148	0.14135
21	0.00217	0.00154	0.00194	0.00215	0.00239	0.00141	0.00149	0.00251	0.00802	0.02751	0.00924	0.63784	0.14496	0.06723	0.00237	0.00067	0.00099	0.04533	0.00143	0.03879
22	0.00219	0.00181	0.00186	0.00184	0.00239	0.00152	0.00136	0.00255	0.00387	0.00471	0.08281	0.01536	0.85817	0.00413	0.00200	0.00058	0.00090	0.00884	0.00158	0.00150
23	0.00207	0.00169	0.00185	0.00187	0.00238	0.00150	0.00145	0.00267	0.03157	0.00463	0.11026	0.01497	0.68774	0.00393	0.00191	0.00056	0.00090	0.12515	0.00150	0.00141
24	0.00269	0.00176	0.00237	0.00259	0.00296	0.00170	0.00210	0.00330	0.01417	0.07228	0.03543	0.25129	0.06604	0.02563	0.01314	0.00071	0.00128	0.49259	0.00647	0.00150
25	0.00236	0.00157	0.00182	0.00185	0.00191	0.00155	0.00110	0.00946	0.01093	0.01890	0.00583	0.15973	0.02363	0.74500	0.00677	0.00134	0.00142	0.00266	0.00108	0.00108
26	0.00330	0.00285	0.00341	0.00244	0.00385	0.00215	0.02065	0.00402	0.00330	0.00517	0.00283	0.00331	0.00235	0.00118	0.00119	0.00024	0.00120	0.00096	0.00094	0.93468
27	0.02774	0.00338	0.00349	0.00293	0.00386	0.04687	0.00234	0.31101	0.22364	0.09288	0.00568	0.01588	0.06564	0.00228	0.01504	0.00051	0.00143	0.01410	0.14376	0.01752
28	0.00215	0.00166	0.00201	0.00217	0.00255	0.00153	0.00711	0.00271	0.02969	0.00998	0.02553	0.30863	0.39201	0.00430	0.00198	0.00061	0.00101	0.20151	0.00148	0.00140
29	0.00201	0.00145	0.00188	0.00220	0.00235	0.00136	0.00153	0.00232	0.00310	0.00408	0.00910	0.72424	0.08589	0.05855	0.00237	0.00069	0.00100	0.09314	0.00144	0.00129
30	0.00220	0.00153	0.00180	0.00186	0.00195	0.00151	0.00115	0.00234	0.00258	0.00342	0.01561	0.15196	0.09624	0.62926	0.07876	0.00137	0.00158	0.00270	0.00109	0.00109
31	0.00363	0.00302	0.00351	0.00276	0.02751	0.00261	0.00214	0.12595	0.06102	0.00583	0.00373	0.02227	0.02489	0.00156	0.00134	0.00032	0.00659	0.02182	0.00110	0.67839
32	0.00503	0.00393	0.00718	0.01349	0.02730	0.03753	0.00639	0.39588	0.35250	0.06485	0.00484	0.00476	0.00357	0.00196	0.00160	0.00049	0.00699	0.00918	0.00152	0.05102
33	0.00401	0.00324	0.00367	0.00272	0.00406	0.00289	0.00220	0.22390	0.04913	0.01452	0.00325	0.00356	0.00256	0.00141	0.00133	0.00031	0.00836	0.00111	0.00113	0.66666
34	0.03376	0.02677	0.00985	0.01507	0.27160	0.39684	0.00347	0.07866	0.11660	0.02221	0.00327	0.00368	0.00260	0.00171	0.00679	0.00046	0.00219	0.00127	0.00099	0.00220
35	0.00311	0.00299	0.00483	0.79536	0.04349	0.02714	0.02114	0.00411	0.00318	0.00409	0.00285	0.00757	0.00221	0.00193	0.02773	0.00059	0.04376	0.00143	0.00072	0.00179
36	0.00205	0.00140	0.00188	0.00218	0.00228	0.00132	0.00146	0.00222	0.00292	0.00390	0.00797	0.78954	0.01995	0.02101	0.00262	0.11505	0.00099	0.00757	0.00136	0.01232
37	0.00203	0.00165	0.00179	0.00183	0.00229	0.00146	0.00136	0.00671	0.03005	0.00453	0.09959	0.13319	0.64526	0.02222	0.00743	0.00058	0.00089	0.03427	0.00149	0.00138
38	0.01078	0.01996	0.00430	0.00368	0.00463	0.62130	0.00282	0.09797	0.06018	0.01457	0.01205	0.00332	0.00247	0.00165	0.00142	0.00040	0.00235	0.00112	0.00522	0.12981
39	0.00593	0.00752	0.00450	0.00408	0.00490	0.92533	0.00306	0.01876	0.00453	0.00396	0.00247	0.00287	0.00205	0.00164	0.00143	0.00041	0.00285	0.00103	0.00083	0.00185
40	0.00300	0.00283	0.00479	0.93322	0.01090	0.00353	0.01156	0.00406	0.00318	0.00406	0.00282	0.00423	0.00212	0.00158	0.00159	0.00053	0.00212	0.00141	0.00071	0.00176
41	0.00216	0.00160	0.00197	0.00218	0.00243	0.00152	0.00154	0.00272	0.05477	0.01117	0.04916	0.54592	0.18118	0.05146	0.00904	0.00865	0.00101	0.06868	0.00146	0.00138
42	0.00282	0.00245	0.00989	0.01334	0.00356	0.00238	0.11327	0.05578	0.13987	0.01640	0.18735	0.02000	0.39403	0.00984	0.00190	0.00054	0.01384	0.00955	0.00145	0.00174
43	0.00540	0.00383	0.00417	0.00334	0.00446	0.00418	0.00271	0.55910	0.21677	0.10707	0.01741	0.00936	0.03859	0.00209	0.00161	0.00050	0.00153	0.00594	0.00936	0.00257
44	0.00219	0.00164	0.00192	0.00205	0.00238	0.00153	0.00147	0.00273	0.04899	0.01764	0.02324	0.34820	0.34519	0.11162	0.00265	0.00070	0.00101	0.08206	0.00143	0.00137
45	0.00373	0.00426	0.00930	0.00665	0.00825	0.00399	0.92194	0.00506	0.00374	0.00507	0.00325	0.01103	0.00246	0.00136	0.00187	0.00054	0.00266	0.00189	0.00081	0.00213
46	0.00342	0.00371	0.00764	0.03237	0.00710	0.00356	0.68929	0.01454	0.00368	0.00493	0.00984	0.04112	0.09465	0.00200	0.00872	0.00057	0.03233	0.03763	0.00093	0.00198
47	0.00281	0.00153	0.00213	0.00899	0.00220	0.02171	0.00144	0.00222	0.00217	0.00288	0.00288	0.01324	0.00286	0.01008	0.01646	0.88282	0.00143	0.00141	0.02000	0.00075
48	0.00218	0.00151	0.00198	0.00227	0.00245	0.00142	0.00157	0.00261	0.02596	0.03240	0.02833	0.78095	0.04039	0.01160	0.00205	0.00064	0.00097	0.05784	0.00149	0.00137
49	0.00244	0.00195	0.00216	0.00208	0.00262	0.00189	0.00158	0.00357	0.15582	0.02649	0.17587	0.08531	0.49651	0.00358	0.00191	0.00054	0.01995	0.01259	0.00154	0.00160
50	0.00389	0.00970	0.00682	0.18486	0.23564	0.09794	0.34563	0.02368	0.01418	0.00484	0.00304	0.01051	0.00242	0.00155	0.00183	0.00051	0.04468	0.00156	0.00460	0.00212
51	0.00211	0.00156	0.00207	0.00234	0.00250	0.00844	0.01775	0.01086	0.01296	0.00414	0.00844	0.80546	0.02433	0.02067	0.00220	0.01997	0.00102	0.05042	0.00143	0.00132
52	0.00283	0.00232	0.00251	0.00727	0.00303	0.00240	0.00182	0.00484	0.35705	0.02026	0.13279	0.03203	0.37264	0.02224	0.00191	0.00056	0.00102	0.02911	0.00156	0.00182
53	0.00370	0.00273	0.00311	0.00285	0.00350	0.00293	0.00217	0.26869	0.19801	0.03572	0.01215	0.40908	0.02464	0.00337	0.00180	0.00057	0.00125	0.02019	0.00155	0.00200
54	0.00393	0.00379	0.00645	0.00968	0.92308	0.00871	0.01121	0.00488	0.00362	0.00517	0.00298	0.00392	0.00251	0.00141	0.00157	0.00047	0.00189	0.00141	0.00079	0.00251
55	0.00373	0.00426	0.00930	0.01817	0.00832	0.00400	0.91725	0.00507	0.00374	0.00507	0.00320	0.00428	0.00240	0.00134	0.00187	0.00053	0.00267	0.00187	0.00080	0.00213
56	0.00242	0.00173	0.00240	0.00276	0.00307	0.00171	0.00232	0.00305	0.00352	0.00460	0.00853	0.21035	0.01665	0.00450	0.00215	0.00071	0.00134	0.72530	0.00146	0.00142
57	0.00246	0.00176	0.00245	0.00281	0.00314	0.00175	0.00239	0.00312	0.00356	0.00464	0.00845	0.15644	0.00933	0.00447	0.00217	0.00072	0.00138	0.78606	0.00146	0.00143
58	0.03277	0.00318	0.00336	0.00302	0.01148	0.06822	0.00237	0.20035	0.18068	0.13103	0.02233	0.12471	0.07701	0.00867	0.00176	0.00055	0.00143	0.11912	0.00152	0.00643
59	0.00269	0.00215	0.00243	0.00242	0.00299	0.00630	0.00193	0.01903	0.21189	0.01487	0.06604	0.03772	0.36906	0.00361	0.00190	0.00059	0.00111	0.25008	0.00152	0.00168
60	0.00347	0.00347	0.00489	0.00418	0.00419	0.00485	0.00908	0.00382	0.00244	0.00382	0.00209	0.00347	0.00208	0.00277	0.00518	0.00069	0.93567	0.00139	0.00069	0.00174
61	0.01749	0.00672	0.00445	0.00393	0.00483	0.71062	0.00300	0.16095	0.06410	0.00512	0.00293	0.00321	0.00233	0.00171	0.00146	0.00043	0.00255	0.00114	0.00100	0.00202
62	0.00382	0.00357	0.01319	0.01052	0.13488	0.08590	0.05499	0.06359	0.15960	0.02684	0.02374	0.02080	0.09135	0.00221	0.01865	0.00050	0.08274	0.00464	0.00113	0.19734
63	0.00382	0.00373	0.00988	0.02744	0.79920	0.00370	0.08032	0.00481	0.01040	0.00512	0.00325	0.03028	0.00773	0.00153	0.00161	0.00048	0.00192	0.00155	0.00081	0.00243
64	0.94905	0.00306	0.00234	0.00209	0.00307	0.00355	0.00172	0.00468	0.00271	0.01340	0.00224	0.00260	0.00173	0.00148	0.00099	0.00049	0.00123	0.00086	0.00099	0.00172
65	0.00333	0.00348	0.00683	0.52022	0.00974	0.00374	0.42033	0.00451	0.00343	0.00451	0.00299	0.00425	0.00225	0.00147	0.00171	0.00053	0.00237	0.00162	0.00075	0.00193
66	0.00428	0.00350	0.00374	0.00331	0.01102	0.00399	0.00258	0.12705	0.76345	0.03361	0.00615	0.00581	0.00828	0.00214	0.00162	0.00053	0.00133	0.01350	0.00161	0.00252
67	0.00275	0.00138	0.00207	0.00207	0.00207	0.00138	0.00138	0.00207	0.00207	0.00275	0.00275	0.00482	0.00275	0.00551	0.00620	0.95386	0.00138	0.00138	0.00069	0.00069
68	0.00584	0.00382	0.00427	0.00337	0.00455	0.00412	0.00275	0.52427	0.20045	0.22210	0.00493	0.00462	0.00343	0.00197	0.00159	0.00049	0.00155	0.00154	0.00168	0.00266
69	0.00193	0.00138	0.00184	0.00221	0.00230	0.00129	0.00147	0.00221	0.00304	0.00405	0.00874	0.94323	0.01049	0.00497	0.00202	0.00064	0.00092	0.00451	0.00147	0.00129
70	0.00253	0.00181	0.00253	0.00290	0.00325	0.00181	0.00252	0.00325	0.00363	0.00472	0.00841	0.05104	0.00918	0.00440	0.00218	0.00073	0.00144	0.89077	0.00146	0.00145
71	0.00194	0.00139	0.00183	0.00219	0.00229	0.00129	0.00146	0.00221	0.00304	0.00404	0.00885	0.91061	0.03027	0.01771	0.00210	0.00065	0.00093	0.00445	0.00147	0.00128
72	0.00238	0.00185	0.00223	0.00235	0.00281	0.00179	0.00189	0.00334	0.09612	0.00489	0.10710	0.07978	0.33264	0.00395	0.00198	0.00061	0.00110	0.35015	0.00151	0.00151
73	0.00597	0.00431	0.00465	0.00359	0.00484	0.00475	0.00296	0.83759	0.05662	0.05239	0.00406	0.00399	0.00287	0.00192	0.00159	0.00048	0.00170	0.00146	0.00161	0.00269
74	0.00193	0.00138	0.00184	0.00221	0.00230	0.00129	0.00147	0.00221	0.00304	0.00405	0.00874	0.94323	0.01049	0.00497	0.00202	0.00064	0.00092	0.00451	0.00147	0.00129
75	0.00192	0.00160	0.00164	0.00166	0.00215	0.00136	0.00123	0.00230	0.00352	0.00422	0.01505	0.03465	0.83558	0.06139	0.00226	0.00060	0.00087	0.02523	0.00144	0.00132
76	0.00233	0.00175	0.00219	0.00242	0.00272	0.00173	0.00181	0.02391	0.08454	0.00459	0.00912	0.54020	0.10589	0.00442	0.00200	0.00064	0.00107	0.20572	0.00148	0.00147
77	0.00231	0.00154	0.00173	0.00173	0.00173	0.00154	0.00096	0.00231	0.00231	0.00308	0.00500	0.01038	0.00577	0.94426	0.00807	0.00154	0.00154	0.00231	0.00096	0.00096
78	0.00190	0.00163	0.00163	0.00163	0.00217	0.00137	0.00122	0.00235	0.01444	0.00431	0.01595	0.01515	0.92289	0.00399	0.00187	0.00054	0.00081	0.00333	0.00147	0.00135
79	0.54293	0.00302	0.00296	0.00246	0.00354	0.00321	0.00202	0.04926	0.03869	0.33223	0.00386	0.00375	0.00265	0.00169	0.00125	0.00049	0.00130	0.00118	0.00138	0.00214
80	0.00549	0.00408	0.00440	0.00349	0.00463	0.00452	0.00285	0.74352	0.11773	0.01610	0.00450	0.06418	0.00352	0.00215	0.00162	0.00050	0.00163	0.01091	0.00158	0.00257
81	0.00405	0.00361	0.00364	0.00327	0.00417	0.04705	0.00254	0.01595	0.88108	0.00654	0.00625	0.00576	0.00469	0.00213	0.00161	0.00053	0.00133	0.00175	0.00158	0.00248
82	0.00592	0.00756	0.00449	0.00409	0.00490	0.93790	0.00306	0.00633	0.00449	0.00388	0.00245	0.00286	0.00204	0.00163	0.00143	0.00041	0.00286	0.00102	0.00082	0.00184
83	0.00193	0.00139	0.00183	0.00218	0.00229	0.00129	0.00146	0.00221	0.00306	0.00406	0.00907	0.90138	0.05212	0.00493	0.00202	0.00064	0.00091	0.00446	0.00147	0.00129
84	0.00193	0.00138	0.00184	0.00220	0.00230	0.00129	0.00147	0.00221	0.00304	0.00405	0.00882	0.93317	0.02049	0.00496	0.00202	0.00064	0.00092	0.00450	0.00147	0.00129
85	0.95547	0.00307	0.00233	0.00209	0.00307	0.00356	0.00172	0.00466	0.00270	0.00712	0.00221	0.00258	0.00172	0.00147	0.00098	0.00049	0.00123	0.00086	0.00098	0.00172
86	0.00200	0.00143	0.00192	0.00229	0.00241	0.00135	0.00160	0.00233	0.00311	0.00413	0.00870	0.83575	0.01033	0.00490	0.00204	0.00065	0.00098	0.11127	0.00147	0.00131
87	0.00207	0.00151	0.00195	0.00227	0.00241	0.00146	0.00154	0.00259	0.05420	0.00419	0.01269	0.83202	0.01512	0.03070	0.00217	0.00066	0.00097	0.02865	0.00147	0.00135
88	0.00329	0.00282	0.00329	0.00235	0.00376	0.00211	0.00188	0.00399	0.00329	0.00517	0.00282	0.00329	0.00235	0.00117	0.00117	0.00023	0.00117	0.00094	0.00094	0.95396
89	0.00309	0.00291	0.00413	0.00365	0.00374	0.00395	0.00300	0.00350	0.00247	0.00377	0.00277	0.00434	0.00268	0.00566	0.30058	0.00128	0.64461	0.00149	0.00074	0.00163
90	0.00576	0.00418	0.00451	0.00354	0.00474	0.00462	0.00290	0.73283	0.15332	0.06046	0.00436	0.00423	0.00310	0.00195	0.00159	0.00049	0.00165	0.00149	0.00161	0.00267
91	0.00231	0.00154	0.00173	0.00173	0.00174	0.00154	0.00097	0.00231	0.00231	0.00308	0.00499	0.01036	0.00576	0.93903	0.01329	0.00154	0.00155	0.00230	0.00096	0.00096
92	0.00394	0.00341	0.00359	0.00323	0.00412	0.00394	0.00251	0.00843	0.93150	0.00663	0.00646	0.00592	0.00484	0.00215	0.00161	0.00054	0.00126	0.00179	0.00161	0.00251
93	0.00333	0.00283	0.00330	0.00236	0.00377	0.00213	0.00189	0.00815	0.00332	0.01184	0.00285	0.00331	0.00236	0.00118	0.00118	0.00024	0.00118	0.00095	0.00095	0.94292
94	0.00394	0.00341	0.00359	0.00323	0.00412	0.00394	0.00251	0.00843	0.93150	0.00663	0.00646	0.00592	0.00484	0.00215	0.00161	0.00054	0.00126	0.00179	0.00161	0.00251
95	0.00406	0.00339	0.00360	0.00322	0.00413	0.00391	0.00251	0.01613	0.89653	0.03394	0.00643	0.00588	0.00480	0.00214	0.00161	0.00054	0.00126	0.00178	0.00162	0.00252
96	0.00374	0.00428	0.00936	0.00668	0.00829	0.00401	0.92861	0.00508	0.00374	0.00508	0.00321	0.00428	0.00241	0.00134	0.00187	0.00053	0.00267	0.00187	0.00080	0.00214
97	0.00193	0.00138	0.00184	0.00221	0.00230	0.00129	0.00147	0.00221	0.00304	0.00405	0.00874	0.94323	0.01049	0.00497	0.00202	0.00064	0.00092	0.00451	0.00147	0.00129
98	0.00604	0.00443	0.00475	0.00364	0.00491	0.00490	0.00301	0.92354	0.00744	0.01556	0.00382	0.00382	0.00270	0.00190	0.00159	0.00048	0.00174	0.00143	0.00159	0.00270
99	0.00259	0.00188	0.00257	0.00290	0.00329	0.00189	0.00252	0.00345	0.03938	0.00480	0.00842	0.03543	0.01944	0.00430	0.00216	0.00072	0.00143	0.85987	0.00147	0.00150
100	0.00592	0.00756	0.00449	0.00409	0.00490	0.93790	0.00306	0.00633	0.00449	0.00388	0.00245	0.00286	0.00204	0.00163	0.00143	0.00041	0.00286	0.00102	0.00082	0.00184
101	0.00195	0.00143	0.00183	0.00214	0.00231	0.00131	0.00146	0.00227	0.00317	0.00416	0.03169	0.76443	0.14167	0.00478	0.00200	0.00063	0.00091	0.02908	0.00148	0.00130
102	0.79736	0.00310	0.00261	0.00225	0.00327	0.00349	0.00185	0.05092	0.00928	0.10974	0.00276	0.00297	0.00203	0.00155	0.00108	0.00049	0.00127	0.00097	0.00112	0.00188
103	0.00255	0.00182	0.00255	0.00291	0.00327	0.00182	0.00254	0.00327	0.00364	0.00474	0.00840	0.02835	0.00914	0.00439	0.00219	0.00073	0.00145	0.91331	0.00146	0.00146
104	0.00712	0.00270	0.00368	0.00282	0.00405	0.00233	0.00233	0.00773	0.00454	0.93547	0.00626	0.00540	0.00393	0.00196	0.00159	0.00049	0.00135	0.00159	0.00196	0.00270
105	0.00189	0.00160	0.00164	0.00164	0.00216	0.00134	0.00123	0.00230	0.00363	0.00436	0.05391	0.04520	0.86567	0.00402	0.00188	0.00054	0.00080	0.00336	0.00148	0.00134
106	0.00329	0.00282	0.00329	0.00235	0.00376	0.00211	0.00188	0.00399	0.00329	0.00517	0.00282	0.00329	0.00235	0.00117	0.00117	0.00023	0.00117	0.00094	0.00094	0.95396
107	0.00194	0.00138	0.00185	0.00221	0.00231	0.00129	0.00148	0.00221	0.00304	0.00405	0.00871	0.93304	0.01044	0.00497	0.00205	0.00514	0.00093	0.01022	0.00147	0.00129
108	0.00275	0.00138	0.00207	0.00207	0.00207	0.00138	0.00138	0.00207	0.00207	0.00275	0.00275	0.00482	0.00275	0.00551	0.00620	0.95386	0.00138	0.00138	0.00069	0.00069
109	0.01066	0.00258	0.00347	0.00281	0.00388	0.00230	0.00231	0.01399	0.03139	0.75444	0.00655	0.05111	0.00477	0.00815	0.00171	0.00053	0.00134	0.09365	0.00187	0.00249
110	0.75176	0.00301	0.00263	0.00225	0.00329	0.00332	0.00186	0.01428	0.00312	0.19752	0.00305	0.00317	0.00218	0.00158	0.00111	0.00049	0.00126	0.00102	0.00119	0.00193
111	0.00479	0.00323	0.00362	0.00312	0.00411	0.00352	0.00247	0.01302	0.68268	0.25118	0.00639	0.00577	0.00459	0.00210	0.00161	0.00053	0.00128	0.00174	0.00171	0.00256
112	0.00224	0.00162	0.00211	0.00199	0.00237	0.00149	0.00149	0.00298	0.00447	0.00632	0.91763	0.01191	0.03089	0.00326	0.00187	0.00050	0.00075	0.00288	0.00174	0.00149
113	0.00255	0.00172	0.00199	0.00193	0.00243	0.00152	0.00144	0.01066	0.01004	0.09917	0.13366	0.15106	0.49431	0.05757	0.00222	0.00060	0.00094	0.02315	0.00153	0.00149
114	0.00284	0.00223	0.00268	0.00279	0.00977	0.00236	0.00218	0.00466	0.30463	0.01027	0.05308	0.24595	0.04492	0.00370	0.00193	0.00062	0.00120	0.30088	0.00153	0.00177
115	0.95547	0.00307	0.00233	0.00209	0.00307	0.00356	0.00172	0.00466	0.00270	0.00712	0.00221	0.00258	0.00172	0.00147	0.00098	0.00049	0.00123	0.00086	0.00098	0.00172
116	0.00225	0.00151	0.00175	0.00180	0.00182	0.00150	0.00104	0.00229	0.00242	0.00323	0.00558	0.15661	0.00651	0.79702	0.00712	0.00140	0.00144	0.00265	0.00104	0.00101
117	0.00300	0.00282	0.00476	0.94045	0.01092	0.00352	0.00440	0.00405	0.00317	0.00405	0.00282	0.00423	0.00211	0.00159	0.00159	0.00053	0.00211	0.00141	0.00070	0.00176
118	0.00389	0.00419	0.00407	0.01300	0.00937	0.27856	0.00288	0.01009	0.00311	0.00381	0.00297	0.03146	0.00290	0.08063	0.14228	0.00095	0.40189	0.00149	0.00080	0.00165
119	0.00394	0.00380	0.00642	0.00969	0.92732	0.01085	0.00485	0.00488	0.00362	0.00517	0.00298	0.00392	0.00251	0.00141	0.00157	0.00047	0.00189	0.00141	0.00079	0.00251
120	0.00377	0.00309	0.00338	0.00299	0.00390	0.00334	0.00233	0.00709	0.65340	0.03995	0.00614	0.05153	0.01078	0.01289	0.00167	0.00052	0.00124	0.04463	0.00150	0.14586
121	0.00396	0.00387	0.01173	0.00957	0.90386	0.02269	0.01119	0.00490	0.00363	0.00515	0.00297	0.00390	0.00250	0.00142	0.00157	0.00047	0.00191	0.00141	0.00079	0.00249
122	0.00552	0.00322	0.01221	0.00335	0.04013	0.04468	0.02134	0.15722	0.09333	0.42780	0.03335	0.00689	0.04048	0.00229	0.00167	0.00052	0.00150	0.10045	0.00166	0.00240
123	0.00599	0.00436	0.00469	0.00361	0.00486	0.00481	0.00298	0.88120	0.02763	0.03180	0.00393	0.00390	0.00278	0.00191	0.00158	0.00048	0.00172	0.00144	0.00764	0.00269
124	0.00194	0.00139	0.00184	0.00220	0.00229	0.00130	0.00146	0.00222	0.00304	0.00406	0.01912	0.91443	0.01045	0.02335	0.00214	0.00066	0.00093	0.00445	0.00147	0.00128
125	0.01738	0.00272	0.00368	0.00282	0.00405	0.00237	0.00233	0.01811	0.00455	0.91495	0.00619	0.00535	0.00389	0.00196	0.00159	0.00049	0.00135	0.00159	0.00195	0.00269
126	0.00347	0.00347	0.00486	0.00416	0.00416	0.00486	0.00347	0.00382	0.00243	0.00382	0.00208	0.00347	0.00208	0.00278	0.00520	0.00069	0.94136	0.00139	0.00069	0.00173
127	0.00222	0.00150	0.00175	0.00183	0.00185	0.00148	0.00107	0.00228	0.00247	0.00329	0.00582	0.21465	0.00680	0.73858	0.00675	0.00134	0.00140	0.00279	0.00107	0.00103
128	0.00193	0.00138	0.00184	0.00221	0.00230	0.00129	0.00147	0.00221	0.00303	0.00404	0.00872	0.93726	0.01046	0.01098	0.00206	0.00065	0.00092	0.00449	0.00147	0.00129
129	0.00329	0.00282	0.00329	0.00235	0.00376	0.00211	0.00188	0.00399	0.00329	0.00517	0.00282	0.00329	0.00235	0.00117	0.00117	0.00023	0.00117	0.00094	0.00094	0.95396
130	0.00369	0.00419	0.00912	0.00654	0.00810	0.00392	0.89905	0.00499	0.00372	0.00505	0.00338	0.03422	0.00266	0.00145	0.00188	0.00054	0.00262	0.00196	0.00082	0.00211
131	0.95547	0.00307	0.00233	0.00209	0.00307	0.00356	0.00172	0.00466	0.00270	0.00712	0.00221	0.00258	0.00172	0.00147	0.00098	0.00049	0.00123	0.00086	0.00098	0.00172
132	0.00394	0.00341	0.00359	0.00323	0.00412	0.00394	0.00251	0.00843	0.93150	0.00663	0.00646	0.00592	0.00484	0.00215	0.00161	0.00054	0.00126	0.00179	0.00161	0.00251
133	0.00329	0.00282	0.00329	0.00235	0.00376	0.00211	0.00188	0.00399	0.00329	0.00517	0.00282	0.00329	0.00235	0.00117	0.00117	0.00023	0.00117	0.00094	0.00094	0.95396
134	0.00685	0.00260	0.00278	0.00258	0.00328	0.01261	0.00197	0.02176	0.42764	0.03795	0.03986	0.11036	0.25878	0.01970	0.00185	0.00056	0.00111	0.02073	0.00153	0.02550
135	0.00319	0.00253	0.00297	0.00231	0.00337	0.00205	0.00177	0.02604	0.01982	0.03378	0.01659	0.10185	0.01395	0.11430	0.00214	0.00046	0.00120	0.00672	0.00108	0.64388
136	0.00197	0.00141	0.00187	0.00222	0.00233	0.00133	0.00149	0.01183	0.00308	0.00411	0.00869	0.93347	0.01041	0.00494	0.00202	0.00064	0.00093	0.00448	0.00147	0.00130
137	0.00190	0.00162	0.00163	0.00163	0.00216	0.00136	0.00122	0.00234	0.01132	0.00434	0.03363	0.01512	0.90837	0.00399	0.00187	0.00053	0.00081	0.00333	0.00148	0.00135
138	0.00329	0.00282	0.00329	0.00235	0.00376	0.00211	0.00188	0.00399	0.00329	0.00517	0.00282	0.00329	0.00235	0.00117	0.00117	0.00023	0.00117	0.00094	0.00094	0.95396
139	0.00259	0.00184	0.00256	0.00290	0.00328	0.00183	0.00253	0.00334	0.00922	0.01183	0.01993	0.01763	0.01702	0.00433	0.00218	0.00072	0.00144	0.89190	0.00147	0.00148
140	0.00193	0.00138	0.00184	0.00221	0.00230	0.00129	0.00147	0.00221	0.00304	0.00405	0.00874	0.94323	0.01049	0.00497	0.00202	0.00064	0.00092	0.00451	0.00147	0.00129
141	0.00209	0.00163	0.00190	0.00183	0.00228	0.00144	0.00137	0.00270	0.01090	0.00541	0.50628	0.01337	0.43593	0.00359	0.00187	0.00052	0.00078	0.00308	0.00162	0.00143
142	0.00206	0.00165	0.00178	0.00179	0.00229	0.00142	0.00136	0.00255	0.01119	0.02057	0.09884	0.05313	0.72795	0.00396	0.00189	0.00055	0.00086	0.06326	0.00151	0.00139
143	0.00187	0.00161	0.00161	0.00161	0.00214	0.00134	0.00120	0.00228	0.00361	0.00428	0.01607	0.01526	0.93373	0.00402	0.00187	0.00054	0.00080	0.00335	0.00147	0.00134
144	0.00318	0.00820	0.93605	0.00452	0.00686	0.00368	0.00586	0.00502	0.00335	0.00502	0.00285	0.00335	0.00201	0.00151	0.00151	0.00050	0.00234	0.00117	0.00067	0.00234
145	0.00397	0.00342	0.00360	0.00323	0.00413	0.00396	0.00252	0.02008	0.91981	0.00668	0.00642	0.00589	0.00481	0.00215	0.00161	0.00054	0.00126	0.00179	0.00161	0.00251
146	0.00188	0.00161	0.00162	0.00161	0.00215	0.00134	0.00121	0.00229	0.00363	0.00432	0.03367	0.01520	0.91610	0.00400	0.00187	0.00053	0.00080	0.00334	0.00148	0.00134
147	0.00603	0.00444	0.00476	0.00365	0.00492	0.00492	0.00301	0.92908	0.00746	0.01000	0.00381	0.00381	0.00270	0.00190	0.00159	0.00048	0.00175	0.00143	0.00159	0.00270
148	0.00193	0.00138	0.00184	0.00221	0.00230	0.00129	0.00147	0.00221	0.00304	0.00405	0.00874	0.94323	0.01049	0.00497	0.00202	0.00064	0.00092	0.00451	0.00147	0.00129
149	0.00225	0.00152	0.00176	0.00181	0.00183	0.00150	0.00105	0.00231	0.00244	0.00326	0.01401	0.14525	0.00656	0.79345	0.00710	0.00139	0.00144	0.00901	0.00105	0.00102
150	0.00187	0.00161	0.00161	0.00161	0.00214	0.00134	0.00120	0.00228	0.00361	0.00428	0.01607	0.01526	0.93373	0.00402	0.00187	0.00054	0.00080	0.00335	0.00147	0.00134
151	0.00374	0.00428	0.00936	0.00668	0.00829	0.00401	0.92861	0.00508	0.00374	0.00508	0.00321	0.00428	0.00241	0.00134	0.00187	0.00053	0.00267	0.00187	0.00080	0.00214
152	0.00329	0.00282	0.00329	0.00235	0.00376	0.00211	0.00188	0.00399	0.00329	0.00517	0.00282	0.00329	0.00235	0.00117	0.00117	0.00023	0.00117	0.00094	0.00094	0.95396
153	0.00236	0.00171	0.00230	0.00252	0.00286	0.00166	0.00205	0.00305	0.01705	0.00498	0.21570	0.18354	0.05745	0.00418	0.00206	0.00065	0.00117	0.49173	0.00153	0.00145
154	0.00712	0.00270	0.00368	0.00282	0.00405	0.00233	0.00233	0.00773	0.00454	0.93547	0.00626	0.00540	0.00393	0.00196	0.00159	0.00049	0.00135	0.00159	0.00196	0.00270
155	0.00193	0.00138	0.00184	0.00221	0.00230	0.00129	0.00147	0.00221	0.00304	0.00405	0.00874	0.94323	0.01049	0.00497	0.00202	0.00064	0.00092	0.00451	0.00147	0.00129
156	0.00707	0.00269	0.00366	0.00281	0.00403	0.00232	0.00232	0.00769	0.00453	0.92581	0.00625	0.00540	0.00393	0.00196	0.00159	0.00049	0.00134	0.00159	0.01184	0.00269
157	0.00223	0.00162	0.00210	0.00198	0.00236	0.00149	0.00148	0.00296	0.00445	0.00627	0.89173	0.01200	0.05682	0.00328	0.00187	0.00050	0.00075	0.00289	0.00173	0.00149
158	0.00300	0.00282	0.00476	0.94045	0.01092	0.00352	0.00440	0.00405	0.00317	0.00405	0.00282	0.00423	0.00211	0.00159	0.00159	0.00053	0.00211	0.00141	0.00070	0.00176
159	0.00193	0.00138	0.00184	0.00221	0.00230	0.00129	0.00147	0.00221	0.00304	0.00405	0.00874	0.94323	0.01049	0.00497	0.00202	0.00064	0.00092	0.00451	0.00147	0.00129
160	0.00398	0.00340	0.00359	0.00322	0.00412	0.00393	0.00251	0.00842	0.92221	0.01594	0.00645	0.00591	0.00483	0.00215	0.00161	0.00054	0.00126	0.00179	0.00162	0.00251
161	0.00712	0.00270	0.00368	0.00282	0.00405	0.00233	0.00233	0.00773	0.00454	0.93547	0.00626	0.00540	0.00393	0.00196	0.00159	0.00049	0.00135	0.00159	0.00196	0.00270
162	0.00592	0.00756	0.00449	0.00409	0.00490	0.93790	0.00306	0.00633	0.00449	0.00388	0.00245	0.00286	0.00204	0.00163	0.00143	0.00041	0.00286	0.00102	0.00082	0.00184
163	0.00187	0.00161	0.00161	0.00161	0.00214	0.00134	0.00120	0.00228	0.00361	0.00428	0.01607	0.01526	0.93373	0.00402	0.00187	0.00054	0.00080	0.00335	0.00147	0.00134
164	0.00394	0.00341	0.00359	0.00323	0.00412	0.00394	0.00251	0.00843	0.93150	0.00663	0.00646	0.00592	0.00484	0.00215	0.00161	0.00054	0.00126	0.00179	0.00161	0.00251
165	0.00712	0.00270	0.00368	0.00282	0.00405	0.00233	0.00233	0.00773	0.00454	0.93547	0.00626	0.00540	0.00393	0.00196	0.00159	0.00049	0.00135	0.00159	0.00196	0.00270
166	0.95547	0.00307	0.00233	0.00209	0.00307	0.00356	0.00172	0.00466	0.00270	0.00712	0.00221	0.00258	0.00172	0.00147	0.00098	0.00049	0.00123	0.00086	0.00098	0.00172
167	0.00347	0.00347	0.00486	0.00416	0.00416	0.00486	0.00347	0.00382	0.00243	0.00382	0.00208	0.00347	0.00208	0.00278	0.00520	0.00069	0.94136	0.00139	0.00069	0.00173
168	0.00194	0.00139	0.00185	0.00222	0.00231	0.00129	0.00149	0.00222	0.00304	0.00406	0.00874	0.93185	0.01047	0.00496	0.00203	0.00065	0.00093	0.01581	0.00147	0.00129
169	0.00193	0.00138	0.00184	0.00221	0.00230	0.00129	0.00147	0.00221	0.00304	0.00405	0.00874	0.94323	0.01049	0.00497	0.00202	0.00064	0.00092	0.00451	0.00147	0.00129
170	0.00223	0.00171	0.00211	0.00232	0.00274	0.00159	0.00192	0.00279	0.00360	0.00451	0.01168	0.06911	0.40311	0.00426	0.00205	0.00064	0.00115	0.47960	0.00147	0.00140
171	0.00344	0.00343	0.00481	0.00929	0.00417	0.00479	0.00345	0.00380	0.00244	0.00382	0.00213	0.00353	0.00212	0.00295	0.02373	0.00073	0.91755	0.00139	0.00070	0.00173
172	0.00193	0.00138	0.00184	0.00221	0.00230	0.00129	0.00147	0.00221	0.00305	0.00406	0.01483	0.93710	0.01052	0.00496	0.00202	0.00064	0.00092	0.00450	0.00147	0.00129
173	0.00195	0.00165	0.00169	0.00170	0.00222	0.00142	0.00127	0.00247	0.03209	0.00437	0.02356	0.06609	0.84003	0.00401	0.00188	0.00054	0.00083	0.00937	0.00148	0.00137
174	0.90166	0.00313	0.00245	0.00217	0.00316	0.00362	0.00179	0.04626	0.01378	0.00724	0.00233	0.00267	0.00180	0.00150	0.00102	0.00049	0.00125	0.00090	0.00102	0.00177
175	0.48771	0.04763	0.02945	0.00293	0.02062	0.03857	0.00966	0.26818	0.00430	0.05705	0.00303	0.00341	0.00230	0.00167	0.00126	0.00048	0.00152	0.01696	0.00118	0.00210
176	0.00671	0.00277	0.00366	0.00287	0.00405	0.00251	0.00235	0.00777	0.11149	0.82077	0.00630	0.00556	0.00407	0.00200	0.00160	0.00050	0.00134	0.00907	0.00192	0.00267
177	0.00411	0.00328	0.00353	0.00314	0.00404	0.00372	0.00245	0.01596	0.81238	0.07335	0.04559	0.00617	0.01075	0.00219	0.00162	0.00053	0.00124	0.00183	0.00164	0.00248
178	0.00213	0.00152	0.00199	0.00229	0.00244	0.00146	0.00157	0.04276	0.00324	0.00433	0.00852	0.87966	0.01012	0.00482	0.00201	0.00064	0.00097	0.02672	0.00148	0.00135
179	0.00561	0.00270	0.02122	0.00273	0.00376	0.00938	0.00225	0.00674	0.11708	0.60122	0.18912	0.00682	0.01959	0.00226	0.00165	0.00050	0.00124	0.00188	0.00184	0.00241
180	0.00194	0.00139	0.00185	0.00222	0.00232	0.00130	0.00149	0.00223	0.00305	0.00406	0.00879	0.92200	0.01682	0.00495	0.00203	0.00064	0.00093	0.01924	0.00147	0.00129
181	0.00350	0.00260	0.00305	0.00291	0.00356	0.00277	0.00236	0.16984	0.21321	0.03307	0.02472	0.11706	0.06227	0.02399	0.00202	0.00063	0.00135	0.32764	0.00153	0.00192
182	0.00889	0.03576	0.00461	0.00372	0.02156	0.22227	0.00294	0.50834	0.10293	0.02089	0.00376	0.00397	0.00284	0.00201	0.01586	0.00049	0.00647	0.01192	0.00134	0.01942
183	0.00195	0.00167	0.00168	0.00168	0.00222	0.00143	0.00126	0.00250	0.03703	0.00436	0.01554	0.03838	0.87693	0.00397	0.00187	0.00054	0.00082	0.00332	0.00148	0.00138
184	0.00577	0.00503	0.00456	0.00369	0.00478	0.23293	0.00296	0.64542	0.00643	0.00810	0.00350	0.00373	0.00262	0.00246	0.06015	0.00059	0.00217	0.00135	0.00135	0.00241
185	0.00305	0.00239	0.00287	0.00261	0.00631	0.00226	0.01247	0.02329	0.18601	0.03110	0.04358	0.20117	0.06680	0.02616	0.00185	0.00053	0.00118	0.13116	0.00136	0.25384
186	0.00400	0.00299	0.00334	0.00281	0.00375	0.00809	0.00221	0.15243	0.29460	0.08384	0.02115	0.06516	0.05536	0.05506	0.00194	0.00053	0.00130	0.03904	0.00144	0.20096
187	0.00401	0.00289	0.00326	0.00289	0.00371	0.00313	0.00227	0.05636	0.51236	0.12911	0.14943	0.03315	0.04926	0.00253	0.00170	0.00053	0.00119	0.03828	0.00166	0.00226
188	0.00660	0.00314	0.00391	0.00304	0.00425	0.00304	0.00250	0.20938	0.08509	0.65291	0.00574	0.00509	0.00374	0.00197	0.00159	0.00049	0.00143	0.00158	0.00185	0.00268
189	0.00311	0.00231	0.00269	0.00260	0.00310	0.00239	0.00194	0.14057	0.15828	0.02035	0.03215	0.37626	0.02938	0.08975	0.00241	0.00067	0.00121	0.08682	0.01130	0.03273
190	0.00205	0.00172	0.00180	0.00180	0.00233	0.00153	0.00136	0.00273	0.06415	0.00451	0.04599	0.07684	0.74997	0.00392	0.00187	0.00054	0.00086	0.02629	0.00149	0.00823
191	0.00400	0.00335	0.00356	0.00317	0.00408	0.00383	0.00247	0.03458	0.84111	0.02682	0.00657	0.01180	0.02767	0.00219	0.00161	0.00053	0.00126	0.00182	0.00161	0.01798
192	0.00234	0.00159	0.00180	0.00179	0.00185	0.00158	0.00104	0.02080	0.00254	0.00336	0.02069	0.04949	0.05006	0.82638	0.00730	0.00141	0.00147	0.00244	0.00103	0.00104
193	0.00256	0.00210	0.00222	0.00212	0.00274	0.00205	0.00162	0.01440	0.22927	0.02245	0.06523	0.04035	0.57807	0.00349	0.00181	0.00054	0.00095	0.02483	0.00153	0.00167
194	0.00195	0.00162	0.00170	0.00170	0.00220	0.00139	0.00127	0.00243	0.01501	0.00454	0.12114	0.06476	0.76691	0.00396	0.00188	0.00054	0.00081	0.00334	0.00151	0.00137
195	0.00194	0.00140	0.00183	0.00217	0.00229	0.00130	0.00146	0.00222	0.00306	0.00405	0.00910	0.87595	0.06130	0.01590	0.00209	0.00065	0.00092	0.00963	0.00147	0.00129
196	0.00260	0.00190	0.00218	0.00212	0.00258	0.00184	0.00155	0.00364	0.14576	0.05292	0.19324	0.16394	0.29642	0.11051	0.00255	0.00066	0.00100	0.01151	0.00152	0.00157
197	0.00201	0.00144	0.00191	0.00226	0.00238	0.00136	0.00154	0.01309	0.00311	0.00415	0.00865	0.88326	0.01031	0.00912	0.00205	0.00065	0.00096	0.04897	0.00147	0.00131
198	0.00193	0.00138	0.00184	0.00221	0.00230	0.00129	0.00147	0.00221	0.00304	0.00405	0.00874	0.94323	0.01049	0.00497	0.00202	0.00064	0.00092	0.00451	0.00147	0.00129
199	0.00384	0.00325	0.00345	0.00311	0.00397	0.00370	0.00242	0.03205	0.80473	0.01406	0.03409	0.00677	0.05450	0.00232	0.00165	0.00054	0.00123	0.02031	0.00161	0.00240
200	0.00581	0.00175	0.00186	0.00185	0.00238	0.00156	0.00141	0.00287	0.06163	0.01843	0.08888	0.03050	0.71471	0.00383	0.00187	0.00055	0.00088	0.05628	0.00151	0.00145
201	0.00194	0.00139	0.00186	0.00847	0.00236	0.00130	0.00149	0.00222	0.00304	0.00405	0.00870	0.93696	0.01043	0.00495	0.00202	0.00064	0.00093	0.00449	0.00147	0.00129
202	0.00318	0.00820	0.93605	0.00452	0.00686	0.00368	0.00586	0.00502	0.00335	0.00502	0.00285	0.00335	0.00201	0.00151	0.00151	0.00050	0.00234	0.00117	0.00067	0.00234
203	0.00218	0.00150	0.00176	0.00185	0.00192	0.00146	0.00112	0.00229	0.00261	0.00345	0.01713	0.26167	0.06511	0.62224	0.00599	0.00122	0.00132	0.00297	0.00114	0.00108
204	0.05929	0.00274	0.00360	0.00279	0.00400	0.00244	0.00230	0.00758	0.02728	0.86143	0.00604	0.00526	0.00383	0.00194	0.00156	0.00049	0.00134	0.00156	0.00190	0.00264
205	0.00224	0.00162	0.00212	0.00200	0.00237	0.00150	0.00150	0.00299	0.00449	0.00636	0.93353	0.01185	0.01496	0.00324	0.00187	0.00050	0.00075	0.00287	0.00175	0.00150
206	0.01519	0.00270	0.00367	0.00282	0.00404	0.00234	0.00233	0.00770	0.00452	0.92756	0.00622	0.00537	0.00391	0.00196	0.00159	0.00049	0.00135	0.00159	0.00195	0.00269
207	0.00204	0.00146	0.00196	0.00232	0.00246	0.00138	0.00165	0.00240	0.00316	0.00419	0.01927	0.75641	0.02170	0.01268	0.00210	0.00066	0.00101	0.16035	0.00147	0.00132
208	0.00187	0.00161	0.00161	0.00161	0.00214	0.00134	0.00120	0.00228	0.00361	0.00428	0.01607	0.01526	0.93373	0.00402	0.00187	0.00054	0.00080	0.00335	0.00147	0.00134
209	0.00374	0.00428	0.00936	0.00668	0.00829	0.00401	0.92861	0.00508	0.00374	0.00508	0.00321	0.00428	0.00241	0.00134	0.00187	0.00053	0.00267	0.00187	0.00080	0.00214
210	0.01308	0.02180	0.00377	0.00281	0.00404	0.00242	0.00233	0.00765	0.00450	0.91070	0.00615	0.00532	0.00387	0.00195	0.00158	0.00049	0.00136	0.00158	0.00193	0.00268
211	0.00227	0.00170	0.00254	0.00254	0.00282	0.00198	0.00198	0.00282	0.00254	0.00367	0.00423	0.00621	0.00395	0.01182	0.92684	0.01392	0.00421	0.00170	0.00085	0.00141
212	0.00227	0.00165	0.00215	0.00203	0.00241	0.00153	0.00153	0.00306	0.01555	0.00633	0.90371	0.01190	0.01473	0.00325	0.00187	0.00050	0.00077	0.02151	0.00174	0.00151
213	0.00236	0.00155	0.00175	0.00174	0.00176	0.00155	0.00098	0.00237	0.00233	0.01422	0.00501	0.01032	0.00574	0.93300	0.00799	0.00153	0.00154	0.00230	0.00097	0.00098
214	0.00396	0.00347	0.00359	0.00324	0.00412	0.02284	0.00252	0.00832	0.90162	0.00654	0.00635	0.00586	0.00477	0.00226	0.01280	0.00056	0.00132	0.00178	0.00159	0.00248
215	0.00193	0.00138	0.00184	0.00220	0.00230	0.00129	0.00147	0.00221	0.00305	0.00405	0.00889	0.92443	0.02919	0.00495	0.00202	0.00064	0.00092	0.00449	0.00147	0.00129
216	0.00193	0.00138	0.00184	0.00221	0.00230	0.00129	0.00147	0.00221	0.00304	0.00405	0.00874	0.94323	0.01049	0.00497	0.00202	0.00064	0.00092	0.00451	0.00147	0.00129
217	0.00223	0.00162	0.00210	0.00198	0.00236	0.00149	0.00148	0.00296	0.00445	0.00626	0.88906	0.01201	0.05950	0.00328	0.00187	0.00050	0.00075	0.00289	0.00173	0.00149
218	0.01467	0.00446	0.00473	0.00364	0.00490	0.01414	0.00300	0.91153	0.00738	0.00991	0.00378	0.00379	0.00268	0.00190	0.00158	0.00048	0.00175	0.00142	0.00157	0.00268
219	0.00193	0.00138	0.00184	0.00220	0.00230	0.00129	0.00147	0.00221	0.00305	0.00405	0.00889	0.92443	0.02919	0.00495	0.00202	0.00064	0.00092	0.00449	0.00147	0.00129
220	0.00228	0.00172	0.00257	0.00257	0.00285	0.00201	0.00200	0.00284	0.00255	0.00368	0.00423	0.00620	0.00395	0.01180	0.92829	0.00253	0.01398	0.00170	0.00085	0.00142
221	0.00194	0.00138	0.00185	0.00221	0.00231	0.00129	0.00148	0.00222	0.00304	0.00405	0.00874	0.93556	0.01048	0.00496	0.00203	0.00064	0.00092	0.01213	0.00147	0.00129
222	0.00349	0.00353	0.00507	0.00428	0.00438	0.01467	0.05444	0.00390	0.00253	0.00389	0.00218	0.00355	0.00213	0.00283	0.01962	0.00071	0.86495	0.00142	0.00070	0.00175
223	0.00437	0.84969	0.02092	0.00286	0.00418	0.08816	0.00279	0.00489	0.00334	0.00376	0.00224	0.00258	0.00204	0.00138	0.00106	0.00035	0.00181	0.00087	0.00069	0.00202
224	0.00591	0.00750	0.00451	0.00413	0.01282	0.92271	0.00308	0.01347	0.00451	0.00394	0.00247	0.00288	0.00205	0.00163	0.00143	0.00041	0.00284	0.00103	0.00082	0.00185
225	0.00440	0.00359	0.00381	0.00330	0.00427	0.00409	0.00260	0.18018	0.73948	0.02693	0.00596	0.00551	0.00442	0.00210	0.00161	0.00053	0.00135	0.00172	0.00162	0.00255

[dist]
# distance from previous block
# <min> <max>
0	0

# created by:
# /share/home/app/bin/augustus-3.3.1/scripts/msa2prfl.pl /dev/shm/tmp/mt-Mammalia/msas/ATP6.aln --setname=ATP6
