[name]
ATP8

[dist]
# distance from previous block
# <min> <max>
0	0

[block]
# block no. 0 follows, 199 sequences, length 17
# corresponding to MSA columns:
# 0-16
name=unknown_A
#
# <colnr> <probs for GDERKNQSTAVLIFYWHMCP>
#	G	D	E	R	K	N	Q	S	T	A	V	L	I	F	Y	W	H	M	C	P
0	0.00257	0.00183	0.00257	0.00293	0.00330	0.00183	0.00257	0.00330	0.00367	0.00477	0.00844	0.01797	0.00917	0.00440	0.00220	0.00073	0.00147	0.92335	0.00147	0.00147
1	0.00365	0.00333	0.09121	0.00261	0.00410	0.00229	0.00231	0.00446	0.00343	0.09113	0.00315	0.00351	0.00247	0.00128	0.00125	0.00029	0.00131	0.00103	0.00101	0.77619
2	0.00369	0.00416	0.00897	0.09468	0.00858	0.00398	0.84122	0.00501	0.00371	0.00501	0.00319	0.00429	0.00239	0.00137	0.00185	0.00054	0.00263	0.00184	0.00080	0.00211
3	0.00248	0.00155	0.00209	0.00234	0.00257	0.00144	0.00166	0.00283	0.00325	0.09019	0.00852	0.76915	0.00980	0.00466	0.00201	0.00064	0.00102	0.09084	0.00152	0.00144
4	0.00463	0.62338	0.07861	0.00323	0.00453	0.25407	0.00306	0.00522	0.00359	0.00389	0.00233	0.00270	0.00204	0.00145	0.00117	0.00037	0.00207	0.00092	0.00072	0.00202
5	0.00342	0.00293	0.00310	0.00285	0.00364	0.00327	0.00221	0.00682	0.67964	0.00603	0.00873	0.02537	0.21178	0.00270	0.00170	0.00055	0.00116	0.03029	0.00158	0.00221
6	0.00511	0.00385	0.00405	0.00324	0.00433	0.02179	0.00264	0.64617	0.06727	0.02643	0.00639	0.00634	0.17669	0.00236	0.00166	0.00050	0.00155	0.01568	0.00156	0.00241
7	0.00365	0.00297	0.00320	0.00282	0.00371	0.00318	0.00221	0.04219	0.56010	0.04181	0.02922	0.00772	0.17815	0.00247	0.00164	0.00051	0.00118	0.02019	0.00154	0.09154
8	0.00269	0.00138	0.00205	0.00209	0.00210	0.00138	0.00139	0.00209	0.00217	0.00289	0.00332	0.09155	0.00349	0.00548	0.00584	0.86557	0.00134	0.00167	0.00076	0.00075
9	0.00267	0.00194	0.00228	0.00217	0.00253	0.00185	0.00147	0.05653	0.03944	0.01379	0.00589	0.30583	0.00655	0.39512	0.01689	0.00097	0.00133	0.00274	0.00120	0.13880
10	0.00248	0.00194	0.00227	0.00233	0.00273	0.01230	0.00175	0.00345	0.13005	0.02120	0.05223	0.29604	0.27250	0.02271	0.04408	0.00942	0.02245	0.09708	0.00145	0.00154
11	0.00363	0.00268	0.00303	0.00274	0.00347	0.01407	0.00215	0.02718	0.41570	0.09991	0.27320	0.00895	0.06906	0.00272	0.00175	0.00053	0.00114	0.06434	0.00166	0.00210
12	0.00322	0.00197	0.00221	0.00198	0.00270	0.00171	0.00154	0.03054	0.01661	0.21402	0.02988	0.01258	0.66810	0.00347	0.00181	0.00053	0.00096	0.00288	0.00160	0.00171
13	0.03959	0.00204	0.00243	0.00239	0.00288	0.00203	0.00180	0.03917	0.10686	0.10191	0.12643	0.30692	0.09874	0.04104	0.00208	0.00061	0.00109	0.09112	0.02919	0.00169
14	0.01543	0.00317	0.00344	0.00286	0.00374	0.00335	0.00226	0.46889	0.04588	0.03064	0.00715	0.12873	0.19151	0.05631	0.00206	0.00057	0.00139	0.00228	0.00151	0.02884
15	0.00305	0.00218	0.00277	0.00282	0.00334	0.00224	0.00235	0.03345	0.15594	0.04694	0.18987	0.01380	0.00918	0.00362	0.00200	0.00064	0.00130	0.52120	0.00158	0.00174
16	0.00228	0.00172	0.00204	0.00212	0.00249	0.00162	0.00155	0.01686	0.05767	0.01704	0.12790	0.31812	0.31067	0.04510	0.02256	0.00067	0.00104	0.06559	0.00149	0.00145

[dist]
# distance from previous block
# <min> <max>
0	1

[block]
# block no. 1 follows, 199 sequences, length 17
# corresponding to MSA columns:
# 18-34
name=unknown_B
#
# <colnr> <probs for GDERKNQSTAVLIFYWHMCP>
#	G	D	E	R	K	N	Q	S	T	A	V	L	I	F	Y	W	H	M	C	P
0	0.00224	0.00165	0.00197	0.00209	0.00242	0.00153	0.00150	0.00278	0.04395	0.02500	0.05708	0.39049	0.28449	0.09586	0.00254	0.00069	0.00101	0.06636	0.00145	0.01489
1	0.02646	0.00359	0.00382	0.03517	0.00447	0.04058	0.00264	0.16437	0.53871	0.10785	0.01668	0.00555	0.00429	0.00209	0.00160	0.00052	0.00144	0.02081	0.00156	0.01780
2	0.00194	0.00141	0.00182	0.00214	0.00228	0.00131	0.00144	0.00223	0.00309	0.00407	0.00947	0.82376	0.10742	0.02676	0.00216	0.00066	0.00093	0.00436	0.00147	0.00129
3	0.00241	0.00159	0.00188	0.00187	0.00195	0.00160	0.00115	0.00251	0.00248	0.02340	0.00546	0.02795	0.03184	0.76929	0.09037	0.00154	0.00175	0.02887	0.00102	0.00108
4	0.02858	0.00183	0.00203	0.00201	0.00247	0.00180	0.00153	0.01560	0.05143	0.03040	0.03444	0.11299	0.38878	0.01798	0.04603	0.00064	0.02750	0.04664	0.18582	0.00151
5	0.00226	0.00166	0.00205	0.02846	0.00266	0.00156	0.00160	0.01383	0.01599	0.02536	0.08730	0.36585	0.27779	0.07567	0.00242	0.00067	0.00103	0.09099	0.00145	0.00140
6	0.00229	0.00163	0.00201	0.00213	0.00230	0.00163	0.00148	0.00264	0.02149	0.00377	0.00702	0.17537	0.07616	0.43183	0.10867	0.00127	0.00166	0.15424	0.00118	0.00122
7	0.00373	0.00419	0.00888	0.00639	0.00789	0.00402	0.83345	0.00498	0.00365	0.00502	0.00313	0.00421	0.00239	0.00144	0.00209	0.00054	0.06684	0.00182	0.00080	0.03455
8	0.00226	0.00170	0.00215	0.00240	0.01416	0.00164	0.00166	0.02565	0.06694	0.00450	0.01743	0.70806	0.07854	0.00448	0.00196	0.00062	0.00100	0.03992	0.00147	0.02346
9	0.00404	0.00399	0.00644	0.00926	0.83526	0.05000	0.04111	0.00503	0.02003	0.00516	0.00304	0.00394	0.00254	0.00144	0.00158	0.00047	0.00196	0.00142	0.00081	0.00248
10	0.00226	0.00175	0.00208	0.00219	0.00257	0.00167	0.00166	0.00304	0.07844	0.00466	0.10052	0.23010	0.31240	0.06374	0.00235	0.00066	0.00104	0.18592	0.00148	0.00144
11	0.00410	0.00304	0.00347	0.00309	0.02200	0.00325	0.00237	0.38785	0.09144	0.03350	0.06850	0.23261	0.07962	0.00303	0.00185	0.00054	0.02335	0.03276	0.00154	0.00209
12	0.06071	0.00480	0.00508	0.00627	0.41065	0.28386	0.00368	0.06044	0.07735	0.02036	0.00334	0.01616	0.00278	0.00168	0.00152	0.00046	0.00205	0.01851	0.00097	0.01933
13	0.00290	0.00264	0.00392	0.00335	0.00374	0.00306	0.11945	0.01847	0.03826	0.00416	0.00564	0.03647	0.14024	0.15850	0.14451	0.00106	0.28914	0.02193	0.00098	0.00159
14	0.00381	0.02032	0.07525	0.00333	0.02590	0.12802	0.01729	0.13638	0.16255	0.01793	0.02032	0.15737	0.08615	0.02119	0.04878	0.00065	0.03890	0.01359	0.00803	0.01425
15	0.00248	0.00185	0.00246	0.02943	0.00291	0.00199	0.00188	0.02317	0.01311	0.00398	0.00582	0.05285	0.05154	0.26470	0.33401	0.00156	0.02687	0.15094	0.00106	0.02738
16	0.00324	0.00278	0.00314	0.00269	0.00343	0.04337	0.00814	0.07472	0.10747	0.00501	0.01278	0.05103	0.11835	0.07245	0.13392	0.01256	0.07528	0.01132	0.00113	0.25718

[dist]
# distance from previous block
# <min> <max>
3	5

[block]
# block no. 2 follows, 199 sequences, length 6
# corresponding to MSA columns:
# 40-45
name=unknown_C
#
# <colnr> <probs for GDERKNQSTAVLIFYWHMCP>
#	G	D	E	R	K	N	Q	S	T	A	V	L	I	F	Y	W	H	M	C	P
0	0.02113	0.00469	0.21217	0.00475	0.09861	0.05065	0.19131	0.09050	0.10221	0.02443	0.02167	0.05712	0.02610	0.01785	0.01496	0.00055	0.00199	0.02146	0.00106	0.03679
1	0.00381	0.06411	0.05792	0.00320	0.01503	0.07486	0.05931	0.13097	0.05721	0.01644	0.01705	0.11860	0.02264	0.01514	0.00164	0.00044	0.01366	0.01913	0.02843	0.28042
2	0.00392	0.03428	0.08939	0.00633	0.43796	0.05884	0.00390	0.03218	0.12840	0.02851	0.02048	0.02287	0.04522	0.00189	0.00169	0.00049	0.02871	0.02543	0.00102	0.02849
3	0.01397	0.06029	0.03657	0.01878	0.10610	0.05782	0.07454	0.11806	0.12530	0.03075	0.02762	0.10749	0.02433	0.02775	0.01761	0.00056	0.03258	0.03641	0.00118	0.08230
4	0.00331	0.01682	0.03201	0.00310	0.04020	0.01847	0.02777	0.06060	0.19181	0.04009	0.05139	0.16268	0.10480	0.02519	0.01617	0.00058	0.01930	0.08365	0.00136	0.10069
5	0.02644	0.04474	0.08666	0.00546	0.32230	0.07052	0.01562	0.06466	0.05489	0.03180	0.00473	0.07367	0.05089	0.01621	0.00180	0.00052	0.02523	0.07107	0.00105	0.03172

[dist]
# distance from previous block
# <min> <max>
0	2

[block]
# block no. 3 follows, 199 sequences, length 8
# corresponding to MSA columns:
# 48-55
name=unknown_D
#
# <colnr> <probs for GDERKNQSTAVLIFYWHMCP>
#	G	D	E	R	K	N	Q	S	T	A	V	L	I	F	Y	W	H	M	C	P
0	0.00368	0.01334	0.01401	0.01223	0.11139	0.02814	0.02576	0.08568	0.22244	0.04307	0.02420	0.11369	0.05352	0.01922	0.01886	0.00056	0.02160	0.06388	0.00130	0.12343
1	0.00372	0.01516	0.01700	0.01645	0.08681	0.02400	0.19084	0.08425	0.16642	0.02297	0.02469	0.08130	0.02259	0.01801	0.03922	0.00061	0.06627	0.02664	0.00115	0.09189
2	0.01849	0.01403	0.04415	0.00648	0.46658	0.04063	0.02608	0.09210	0.08212	0.01881	0.00475	0.02916	0.08666	0.00192	0.00164	0.00049	0.01326	0.01251	0.00104	0.03911
3	0.00344	0.00327	0.01662	0.01714	0.04199	0.01780	0.16108	0.02898	0.11551	0.01759	0.01381	0.02618	0.05723	0.03372	0.09644	0.00079	0.27544	0.00176	0.01720	0.05401
4	0.00432	0.02064	0.02352	0.00448	0.10237	0.21343	0.13419	0.08462	0.09221	0.03416	0.02922	0.05412	0.02689	0.01223	0.00188	0.00049	0.05649	0.01695	0.00108	0.08672
5	0.00433	0.00413	0.00359	0.00336	0.02849	0.25693	0.00249	0.07538	0.30023	0.04412	0.01847	0.10348	0.04846	0.03670	0.00186	0.00054	0.00170	0.03045	0.01532	0.01997
6	0.00343	0.00298	0.00358	0.03008	0.00408	0.00264	0.00220	0.03323	0.03970	0.00522	0.00292	0.00347	0.00243	0.00144	0.00168	0.00032	0.10756	0.00106	0.00096	0.75103
7	0.00284	0.00160	0.00261	0.00241	0.00253	0.00158	0.06910	0.00230	0.00220	0.00294	0.00280	0.00480	0.00274	0.00523	0.00591	0.88402	0.00148	0.00142	0.00070	0.00080

[dist]
# distance from previous block
# <min> <max>
0	1

[block]
# block no. 4 follows, 199 sequences, length 12
# corresponding to MSA columns:
# 57-68
name=unknown_E
#
# <colnr> <probs for GDERKNQSTAVLIFYWHMCP>
#	G	D	E	R	K	N	Q	S	T	A	V	L	I	F	Y	W	H	M	C	P
0	0.00388	0.06148	0.54939	0.00491	0.10231	0.16801	0.03151	0.01614	0.01613	0.00485	0.00289	0.00353	0.00222	0.00158	0.00155	0.00048	0.01420	0.01194	0.00075	0.00225
1	0.00404	0.01090	0.02481	0.00558	0.33817	0.04922	0.01126	0.06409	0.23783	0.04516	0.01237	0.03891	0.01756	0.00220	0.01365	0.00054	0.02877	0.05609	0.00972	0.02914
2	0.00398	0.00368	0.00606	0.00888	0.81119	0.00371	0.00455	0.00522	0.08157	0.02827	0.02520	0.00433	0.00305	0.00154	0.00159	0.00048	0.00180	0.00149	0.00091	0.00250
3	0.00277	0.00138	0.00208	0.00208	0.00208	0.00138	0.00138	0.00208	0.00208	0.00277	0.00277	0.00484	0.00277	0.00553	0.00623	0.95365	0.00138	0.00138	0.00069	0.00069
4	0.00396	0.00342	0.00360	0.00324	0.00414	0.00396	0.00252	0.00847	0.93119	0.00666	0.00648	0.00594	0.00486	0.00216	0.00162	0.00054	0.00126	0.00180	0.00162	0.00252
5	0.00394	0.00379	0.00647	0.00978	0.93407	0.00379	0.00489	0.00489	0.00363	0.00521	0.00300	0.00394	0.00252	0.00142	0.00158	0.00047	0.00189	0.00142	0.00079	0.00252
6	0.00243	0.03736	0.00225	0.00197	0.00260	0.03689	0.00152	0.02185	0.10409	0.00464	0.01382	0.01314	0.74458	0.00360	0.00180	0.00052	0.00099	0.00297	0.00144	0.00154
7	0.00233	0.00169	0.00247	0.00247	0.00277	0.00195	0.00192	0.00291	0.00262	0.00388	0.00434	0.00623	0.00399	0.01114	0.86270	0.00239	0.00399	0.00169	0.07709	0.00143
8	0.00335	0.00247	0.00288	0.00267	0.00324	0.00251	0.00199	0.29460	0.00445	0.00601	0.00669	0.55492	0.00735	0.02545	0.00197	0.00058	0.00122	0.00323	0.00146	0.07295
9	0.00332	0.00282	0.00328	0.00241	0.00374	0.00220	0.00191	0.02671	0.02511	0.00529	0.00322	0.04691	0.00281	0.00140	0.00124	0.00027	0.00118	0.00114	0.00100	0.86404
10	0.00274	0.00226	0.00284	0.00277	0.00304	0.01785	0.00206	0.07203	0.00329	0.00453	0.00642	0.57716	0.00738	0.02046	0.00269	0.00063	0.19533	0.00329	0.00127	0.07197
11	0.00535	0.00394	0.00428	0.00342	0.00449	0.00432	0.00276	0.77010	0.00673	0.00902	0.00467	0.16464	0.00405	0.00244	0.00167	0.00051	0.00161	0.00196	0.00157	0.00247

[dist]
# distance from previous block
# <min> <max>
0	5

# created by:
# /share/home/app/bin/augustus-3.3.1/scripts/msa2prfl.pl /dev/shm/tmp/mt-Mammalia/msas/ATP8.aln --setname=ATP8
