[name]
COX2

[dist]
# distance from previous block
# <min> <max>
0	0

[block]
# block no. 0 follows, 201 sequences, length 226
# corresponding to MSA columns:
# 0-225
name=unknown_A
#
# <colnr> <probs for GDERKNQSTAVLIFYWHMCP>
#	G	D	E	R	K	N	Q	S	T	A	V	L	I	F	Y	W	H	M	C	P
0	0.00254	0.00182	0.00254	0.00291	0.00327	0.00182	0.00254	0.00327	0.00363	0.00472	0.00836	0.01781	0.00909	0.00436	0.00218	0.00073	0.00145	0.92404	0.00145	0.00145
1	0.00639	0.00271	0.00359	0.00273	0.00398	0.00229	0.00224	0.00703	0.00859	0.76505	0.00562	0.00500	0.00363	0.00181	0.00151	0.00044	0.00131	0.00147	0.00177	0.17282
2	0.00256	0.00213	0.00317	0.00296	0.00324	0.00261	0.02715	0.00320	0.02447	0.00381	0.00385	0.00564	0.00358	0.01377	0.70581	0.00207	0.18109	0.00164	0.00573	0.00151
3	0.00353	0.00282	0.00331	0.00238	0.00377	0.00215	0.00191	0.01514	0.00340	0.06098	0.00302	0.00341	0.00244	0.00122	0.00120	0.00025	0.00119	0.00098	0.00100	0.88589
4	0.00301	0.00191	0.00238	0.00234	0.00267	0.00192	0.00170	0.03901	0.05151	0.10696	0.07323	0.22265	0.01137	0.30115	0.04517	0.00098	0.01672	0.11250	0.00135	0.00150
5	0.00368	0.00455	0.08049	0.00645	0.00809	0.00398	0.84522	0.00504	0.00368	0.00504	0.00315	0.00418	0.00236	0.00136	0.00188	0.00053	0.01560	0.00180	0.00079	0.00214
6	0.00211	0.00152	0.00199	0.00228	0.00244	0.00147	0.00159	0.01563	0.02629	0.00429	0.04785	0.75789	0.01003	0.03106	0.01940	0.00070	0.00104	0.06962	0.00146	0.00135
7	0.92720	0.00311	0.00236	0.00212	0.00309	0.01822	0.00174	0.00465	0.00273	0.00700	0.00229	0.00279	0.00182	0.00151	0.00100	0.00049	0.00125	0.01396	0.00098	0.00171
8	0.00217	0.00148	0.00178	0.00192	0.00196	0.00145	0.00118	0.00229	0.00258	0.00344	0.00636	0.33473	0.00746	0.59284	0.00579	0.00120	0.00132	0.02781	0.00115	0.00108
9	0.00373	0.00426	0.00932	0.00665	0.00825	0.00399	0.92893	0.00506	0.00373	0.00506	0.00319	0.00426	0.00240	0.00133	0.00186	0.00053	0.00266	0.00186	0.00080	0.00213
10	0.00430	0.90267	0.00810	0.00276	0.00409	0.04877	0.00272	0.00480	0.00327	0.00372	0.00221	0.00255	0.00203	0.00136	0.00103	0.00034	0.00174	0.00085	0.00068	0.00202
11	0.00708	0.00269	0.00366	0.00281	0.00403	0.00232	0.00232	0.00769	0.00452	0.93576	0.00623	0.00537	0.00391	0.00195	0.00159	0.00049	0.00134	0.00159	0.00195	0.00269
12	0.00444	0.00339	0.00367	0.00319	0.00414	0.00381	0.00252	0.11168	0.70922	0.10194	0.01334	0.01839	0.00466	0.00215	0.00161	0.00053	0.00131	0.00588	0.00164	0.00251
13	0.00596	0.00438	0.00470	0.00361	0.00487	0.00484	0.00298	0.89532	0.03222	0.01926	0.00389	0.00386	0.00275	0.00190	0.00158	0.00048	0.00172	0.00143	0.00158	0.00268
14	0.00327	0.00281	0.00327	0.00234	0.00374	0.00210	0.00187	0.00398	0.00327	0.00514	0.00281	0.00327	0.00234	0.00117	0.00117	0.00023	0.00117	0.00094	0.00094	0.95417
15	0.00190	0.00160	0.00165	0.00164	0.00215	0.00135	0.00123	0.00234	0.00368	0.00447	0.10569	0.01486	0.84420	0.00392	0.00187	0.00053	0.00079	0.00329	0.00149	0.00135
16	0.00254	0.00182	0.00254	0.00291	0.00327	0.00182	0.00254	0.00327	0.00363	0.00472	0.00836	0.01781	0.00909	0.00436	0.00218	0.00073	0.00145	0.92404	0.00145	0.00145
17	0.00317	0.00817	0.93633	0.00450	0.00683	0.00367	0.00583	0.00500	0.00333	0.00500	0.00283	0.00333	0.00200	0.00150	0.00150	0.00050	0.00233	0.00117	0.00067	0.00233
18	0.00317	0.00817	0.93633	0.00450	0.00683	0.00367	0.00583	0.00500	0.00333	0.00500	0.00283	0.00333	0.00200	0.00150	0.00150	0.00050	0.00233	0.00117	0.00067	0.00233
19	0.00192	0.00137	0.00183	0.00220	0.00229	0.00128	0.00147	0.00220	0.00302	0.00403	0.00870	0.94348	0.01044	0.00495	0.00202	0.00064	0.00092	0.00449	0.00147	0.00128
20	0.00231	0.00173	0.00212	0.00231	0.00261	0.00169	0.00168	0.02782	0.08404	0.01101	0.03405	0.57478	0.14043	0.00436	0.00196	0.00062	0.00101	0.10253	0.00149	0.00147
21	0.00349	0.00314	0.00413	0.00358	0.00391	0.05520	0.04076	0.03356	0.04464	0.04665	0.00342	0.00475	0.01438	0.03036	0.26250	0.00118	0.44017	0.00154	0.00089	0.00174
22	0.00230	0.00153	0.00172	0.00172	0.00172	0.00153	0.00096	0.00230	0.00230	0.00306	0.00497	0.01033	0.00574	0.94452	0.00804	0.00153	0.00153	0.00230	0.00096	0.00096
23	0.00345	0.00345	0.00484	0.00414	0.00414	0.00484	0.00345	0.00380	0.00242	0.00380	0.00207	0.00345	0.00207	0.00276	0.00518	0.00069	0.94163	0.00138	0.00069	0.00173
24	0.00422	0.94546	0.00827	0.00270	0.00405	0.00625	0.00270	0.00473	0.00321	0.00371	0.00219	0.00253	0.00203	0.00135	0.00101	0.00034	0.00169	0.00084	0.00068	0.00203
25	0.00345	0.00345	0.00484	0.00414	0.00414	0.00484	0.00345	0.00380	0.00242	0.00380	0.00207	0.00345	0.00207	0.00276	0.00518	0.00069	0.94163	0.00138	0.00069	0.00173
26	0.00465	0.00323	0.00359	0.00312	0.00409	0.00356	0.00246	0.00823	0.71914	0.21971	0.00638	0.00577	0.00461	0.00210	0.00160	0.00052	0.00127	0.00174	0.00169	0.00254
27	0.00193	0.00138	0.00183	0.00219	0.00228	0.00129	0.00146	0.00220	0.00301	0.00402	0.00864	0.92881	0.01037	0.01973	0.00211	0.00066	0.00093	0.00445	0.00146	0.00128
28	0.00254	0.00182	0.00254	0.00291	0.00327	0.00182	0.00254	0.00327	0.00363	0.00472	0.00836	0.01781	0.00909	0.00436	0.00218	0.00073	0.00145	0.92404	0.00145	0.00145
29	0.00204	0.00164	0.00168	0.00165	0.00220	0.00137	0.00124	0.00246	0.00364	0.03529	0.02873	0.01482	0.89000	0.00392	0.00186	0.00053	0.00082	0.00327	0.00149	0.00138
30	0.00224	0.00164	0.00208	0.00200	0.00241	0.00150	0.00153	0.00293	0.00427	0.01311	0.71786	0.01271	0.15414	0.00342	0.00188	0.00052	0.00081	0.07180	0.00168	0.00147
31	0.00241	0.00163	0.00183	0.00180	0.00186	0.00164	0.00105	0.03316	0.00251	0.00333	0.00522	0.01017	0.03053	0.87188	0.02363	0.00149	0.00156	0.00228	0.00099	0.00103
32	0.00202	0.00145	0.00192	0.00226	0.00239	0.00138	0.00155	0.01485	0.00972	0.00416	0.00860	0.87744	0.01023	0.00486	0.00201	0.00064	0.00096	0.05078	0.00147	0.00132
33	0.00187	0.00160	0.00161	0.00160	0.00214	0.00133	0.00120	0.00228	0.00361	0.00429	0.02847	0.01515	0.92154	0.00399	0.00187	0.00053	0.00080	0.00333	0.00147	0.00133
34	0.00593	0.00435	0.00466	0.00358	0.00482	0.00481	0.00296	0.90724	0.00732	0.00985	0.00382	0.00384	0.00272	0.00189	0.00157	0.00047	0.00171	0.00142	0.02437	0.00266
35	0.00546	0.00404	0.00434	0.00342	0.00454	0.00447	0.00277	0.73531	0.11147	0.02073	0.00428	0.02097	0.00328	0.06504	0.00202	0.00055	0.00165	0.00158	0.00154	0.00252
36	0.00217	0.00155	0.00202	0.00238	0.00250	0.00144	0.00161	0.00241	0.00319	0.00427	0.00889	0.90547	0.01057	0.00505	0.00211	0.00068	0.00101	0.03972	0.00154	0.00140
37	0.00245	0.00177	0.00226	0.00213	0.00252	0.00162	0.00158	0.00313	0.00459	0.00648	0.90630	0.01215	0.03997	0.00338	0.00196	0.00054	0.00082	0.00294	0.00180	0.00160
38	0.00192	0.00137	0.00183	0.00220	0.00229	0.00128	0.00147	0.00220	0.00302	0.00403	0.00870	0.94348	0.01044	0.00495	0.00202	0.00064	0.00092	0.00449	0.00147	0.00128
39	0.00226	0.00169	0.00254	0.00254	0.00282	0.00197	0.00197	0.00282	0.00254	0.00367	0.00423	0.00620	0.00395	0.01184	0.93826	0.00254	0.00423	0.00169	0.00085	0.00141
40	0.00240	0.00176	0.00192	0.00186	0.00241	0.00155	0.00140	0.00305	0.05186	0.07527	0.07868	0.08280	0.67546	0.00377	0.00184	0.00054	0.00087	0.00952	0.00153	0.00150
41	0.00187	0.00158	0.00162	0.00166	0.00215	0.00133	0.00123	0.00226	0.00354	0.00424	0.01524	0.11083	0.83888	0.00410	0.00188	0.00054	0.00081	0.00345	0.00147	0.00133
42	0.00474	0.00350	0.00379	0.00312	0.00408	0.00381	0.00250	0.52135	0.15730	0.03997	0.01080	0.05270	0.09687	0.05915	0.00204	0.00057	0.00148	0.02840	0.00154	0.00230
43	0.00279	0.00191	0.00237	0.00245	0.00279	0.00190	0.00176	0.10900	0.05035	0.05482	0.02800	0.69322	0.01720	0.00424	0.00192	0.00061	0.00105	0.02052	0.00152	0.00159
44	0.00267	0.00196	0.00263	0.00293	0.00334	0.00200	0.00254	0.00372	0.08542	0.00489	0.00819	0.01676	0.00871	0.00417	0.00213	0.00071	0.00144	0.84277	0.00147	0.00155
45	0.00192	0.00137	0.00183	0.00220	0.00229	0.00128	0.00147	0.00220	0.00302	0.00403	0.00870	0.94348	0.01044	0.00495	0.00202	0.00064	0.00092	0.00449	0.00147	0.00128
46	0.00415	0.00350	0.00370	0.00326	0.00419	0.00403	0.00255	0.10792	0.83192	0.00697	0.00614	0.00566	0.00459	0.00212	0.00160	0.00053	0.00130	0.00175	0.00160	0.00252
47	0.00396	0.00341	0.00359	0.00322	0.00412	0.00394	0.00251	0.02357	0.91658	0.00666	0.00638	0.00586	0.00478	0.00214	0.00161	0.00053	0.00126	0.00178	0.00161	0.00250
48	0.00397	0.00404	0.04753	0.02218	0.80966	0.02704	0.01086	0.03463	0.00768	0.00526	0.00299	0.00386	0.00248	0.00144	0.00156	0.00047	0.00192	0.00139	0.00081	0.01025
49	0.00192	0.00137	0.00183	0.00220	0.00229	0.00128	0.00147	0.00220	0.00302	0.00403	0.00870	0.94348	0.01044	0.00495	0.00202	0.00064	0.00092	0.00449	0.00147	0.00128
50	0.00383	0.00328	0.00349	0.00316	0.00402	0.00377	0.00248	0.02127	0.84640	0.00652	0.01679	0.00668	0.02052	0.00229	0.00164	0.00054	0.00125	0.04806	0.00160	0.00242
51	0.00367	0.00382	0.00480	0.00414	0.00421	0.08920	0.00342	0.00403	0.00260	0.00381	0.00211	0.00340	0.00207	0.00266	0.00484	0.00067	0.85677	0.00135	0.00070	0.00174
52	0.00388	0.00335	0.00353	0.00318	0.00406	0.00387	0.00247	0.00825	0.91043	0.00656	0.01093	0.00609	0.02194	0.00218	0.00161	0.00054	0.00124	0.00182	0.00160	0.00247
53	0.00586	0.00523	0.00460	0.01725	0.00493	0.26927	0.00300	0.63739	0.00645	0.00804	0.00357	0.00369	0.01510	0.00184	0.00154	0.00046	0.00204	0.00133	0.00601	0.00241
54	0.00373	0.00316	0.00335	0.00304	0.00389	0.00359	0.00237	0.00764	0.80157	0.01976	0.02048	0.00707	0.08739	0.00237	0.00165	0.00054	0.00121	0.02324	0.00160	0.00236
55	0.00272	0.00200	0.00265	0.00291	0.00334	0.00205	0.00250	0.02584	0.08135	0.00502	0.02458	0.02970	0.01870	0.00410	0.00211	0.00070	0.00142	0.78527	0.00147	0.00157
56	0.00445	0.81961	0.00776	0.00288	0.00416	0.12629	0.00275	0.00988	0.00339	0.00377	0.00224	0.00258	0.00203	0.00139	0.00107	0.00035	0.00184	0.00087	0.00070	0.00200
57	0.00696	0.00269	0.00364	0.00280	0.00400	0.00234	0.00231	0.02006	0.00456	0.90176	0.02762	0.00550	0.00415	0.00198	0.00159	0.00049	0.00133	0.00161	0.00194	0.00266
58	0.00373	0.00426	0.00932	0.00665	0.00825	0.00399	0.92893	0.00506	0.00373	0.00506	0.00319	0.00426	0.00240	0.00133	0.00186	0.00053	0.00266	0.00186	0.00080	0.00213
59	0.01065	0.00796	0.90339	0.00443	0.00671	0.00362	0.00570	0.00501	0.00335	0.01726	0.00953	0.00352	0.00217	0.00154	0.00150	0.00050	0.00229	0.00784	0.00070	0.00232
60	0.01380	0.00165	0.00210	0.00204	0.00244	0.00153	0.00157	0.00295	0.00426	0.00593	0.71888	0.01272	0.11741	0.00342	0.00189	0.00053	0.00083	0.10291	0.00167	0.00147
61	0.00317	0.00813	0.92789	0.00453	0.01112	0.00367	0.00997	0.00500	0.00334	0.00500	0.00284	0.00334	0.00200	0.00150	0.00150	0.00050	0.00233	0.00117	0.00067	0.00233
62	0.00369	0.00315	0.00338	0.00311	0.00393	0.00360	0.00245	0.00760	0.79589	0.00631	0.00705	0.00752	0.04651	0.00245	0.00168	0.00055	0.00125	0.09596	0.00158	0.00234
63	0.00619	0.00161	0.00177	0.00174	0.00223	0.00140	0.00131	0.00250	0.00384	0.00487	0.27470	0.01424	0.64971	0.00378	0.00187	0.00053	0.00080	0.02400	0.00154	0.00138
64	0.00274	0.00137	0.00206	0.00206	0.00206	0.00137	0.00137	0.00206	0.00206	0.00274	0.00274	0.00480	0.00274	0.00548	0.00617	0.95407	0.00137	0.00137	0.00069	0.00069
65	0.00393	0.00339	0.00357	0.00321	0.00411	0.00393	0.00250	0.00839	0.93181	0.00660	0.00643	0.00589	0.00482	0.00214	0.00161	0.00054	0.00125	0.00178	0.00161	0.00250
66	0.00189	0.00160	0.00164	0.00163	0.00215	0.00134	0.00122	0.00232	0.00366	0.00442	0.08482	0.01494	0.86510	0.00394	0.00187	0.00053	0.00080	0.00330	0.00149	0.00134
67	0.00196	0.00140	0.00187	0.00223	0.00235	0.00131	0.00153	0.00226	0.00307	0.00407	0.00876	0.87866	0.02035	0.00490	0.00202	0.00065	0.00095	0.05890	0.00146	0.00129
68	0.00331	0.00283	0.00329	0.00235	0.00376	0.00214	0.00188	0.01521	0.00332	0.00520	0.00282	0.00328	0.00234	0.00118	0.00117	0.00024	0.00118	0.00094	0.00094	0.94262
69	0.00704	0.01570	0.00373	0.00281	0.00403	0.00237	0.00233	0.00765	0.00450	0.92289	0.00617	0.00533	0.00388	0.00195	0.00158	0.00049	0.00135	0.00158	0.00194	0.00268
70	0.00222	0.00167	0.00189	0.00186	0.00235	0.00147	0.00141	0.00278	0.01661	0.04108	0.22040	0.05316	0.58133	0.01050	0.00192	0.00055	0.00086	0.05496	0.00154	0.00144
71	0.00187	0.00160	0.00160	0.00160	0.00213	0.00133	0.00120	0.00227	0.00360	0.00426	0.01599	0.01519	0.93403	0.00400	0.00187	0.00053	0.00080	0.00333	0.00147	0.00133
72	0.00192	0.00137	0.00183	0.00220	0.00229	0.00128	0.00147	0.00220	0.00302	0.00403	0.00870	0.94348	0.01044	0.00495	0.00202	0.00064	0.00092	0.00449	0.00147	0.00128
73	0.00198	0.00165	0.00173	0.00170	0.00222	0.00142	0.00128	0.00253	0.02673	0.00466	0.16419	0.01441	0.76238	0.00383	0.00186	0.00053	0.00080	0.00322	0.00151	0.00139
74	0.00234	0.00165	0.00214	0.00240	0.00263	0.00161	0.00174	0.00964	0.06560	0.02936	0.00829	0.66688	0.00948	0.02917	0.00216	0.00067	0.00106	0.16028	0.00147	0.00143
75	0.00187	0.00160	0.00160	0.00160	0.00213	0.00133	0.00120	0.00227	0.00360	0.00426	0.01599	0.01519	0.93403	0.00400	0.00187	0.00053	0.00080	0.00333	0.00147	0.00133
76	0.00708	0.00269	0.00366	0.00281	0.00403	0.00232	0.00232	0.00769	0.00452	0.93576	0.00623	0.00537	0.00391	0.00195	0.00159	0.00049	0.00134	0.00159	0.00195	0.00269
77	0.00193	0.00138	0.00183	0.00219	0.00228	0.00129	0.00146	0.00220	0.00301	0.00401	0.00864	0.92711	0.01036	0.02143	0.00212	0.00066	0.00093	0.00445	0.00146	0.00128
78	0.00327	0.00281	0.00327	0.00234	0.00374	0.00210	0.00187	0.00398	0.00327	0.00514	0.00281	0.00327	0.00234	0.00117	0.00117	0.00023	0.00117	0.00094	0.00094	0.95417
79	0.00600	0.00442	0.00474	0.00363	0.00490	0.00490	0.00300	0.92940	0.00742	0.00995	0.00379	0.00379	0.00268	0.00190	0.00158	0.00047	0.00174	0.00142	0.00158	0.00268
80	0.00192	0.00137	0.00183	0.00220	0.00229	0.00128	0.00147	0.00220	0.00302	0.00403	0.00870	0.94348	0.01044	0.00495	0.00202	0.00064	0.00092	0.00449	0.00147	0.00128
81	0.00299	0.00280	0.00470	0.90613	0.01060	0.00351	0.00432	0.00400	0.00312	0.00401	0.00279	0.00420	0.00211	0.00166	0.00173	0.01369	0.02380	0.00140	0.00070	0.00174
82	0.00191	0.00164	0.00164	0.00164	0.00218	0.00139	0.00123	0.00241	0.02504	0.00432	0.01577	0.01498	0.91256	0.00396	0.00186	0.00053	0.00081	0.00330	0.00147	0.00136
83	0.00192	0.00137	0.00183	0.00220	0.00229	0.00128	0.00147	0.00220	0.00302	0.00403	0.00870	0.94348	0.01044	0.00495	0.00202	0.00064	0.00092	0.00449	0.00147	0.00128
84	0.00226	0.00169	0.00254	0.00254	0.00282	0.00197	0.00197	0.00282	0.00254	0.00367	0.00423	0.00620	0.00395	0.01184	0.93826	0.00254	0.00423	0.00169	0.00085	0.00141
85	0.00248	0.00178	0.00247	0.00282	0.00316	0.00176	0.00242	0.00317	0.00361	0.00471	0.03331	0.08909	0.01775	0.00437	0.00216	0.00071	0.00139	0.81994	0.00146	0.00144
86	0.00271	0.00202	0.00266	0.00292	0.00336	0.00208	0.00251	0.00391	0.12318	0.00496	0.00826	0.01622	0.02634	0.00407	0.00210	0.00070	0.00141	0.78753	0.00147	0.00159
87	0.00422	0.94546	0.00827	0.00270	0.00405	0.00625	0.00270	0.00473	0.00321	0.00371	0.00219	0.00253	0.00203	0.00135	0.00101	0.00034	0.00169	0.00084	0.00068	0.00203
88	0.00317	0.00814	0.93137	0.00453	0.01178	0.00367	0.00583	0.00500	0.00333	0.00500	0.00283	0.00334	0.00200	0.00150	0.00150	0.00050	0.00233	0.00117	0.00067	0.00233
89	0.00195	0.00160	0.00169	0.00169	0.00217	0.00137	0.00126	0.00237	0.00363	0.00444	0.11494	0.02594	0.75450	0.04685	0.00216	0.00058	0.00085	0.02920	0.00147	0.00134
90	0.00519	0.02415	0.01366	0.00376	0.00451	0.71381	0.00286	0.01364	0.04605	0.00400	0.00293	0.00822	0.00253	0.02975	0.10742	0.00069	0.01300	0.00119	0.00086	0.00180
91	0.00540	0.15442	0.00511	0.00403	0.04712	0.63775	0.00303	0.04838	0.07239	0.00438	0.00278	0.00311	0.00229	0.00162	0.00139	0.00041	0.00245	0.00108	0.00088	0.00198
92	0.00327	0.00281	0.00327	0.00234	0.00374	0.00210	0.00187	0.00398	0.00327	0.00514	0.00281	0.00327	0.00234	0.00117	0.00117	0.00023	0.00117	0.00094	0.00094	0.95417
93	0.00550	0.00404	0.00443	0.00377	0.00471	0.02053	0.00293	0.51399	0.04471	0.03787	0.04325	0.11133	0.00900	0.00833	0.14707	0.00098	0.01569	0.00591	0.01327	0.00267
94	0.00200	0.00143	0.00189	0.00223	0.00235	0.00135	0.00153	0.00231	0.00306	0.00406	0.01256	0.78498	0.02638	0.05666	0.00236	0.00070	0.00100	0.09046	0.00144	0.00128
95	0.00393	0.00339	0.00357	0.00321	0.00411	0.00393	0.00250	0.00839	0.93181	0.00660	0.00643	0.00589	0.00482	0.00214	0.00161	0.00054	0.00125	0.00178	0.00161	0.00250
96	0.00217	0.00160	0.00201	0.00198	0.00235	0.00145	0.00148	0.00280	0.00412	0.00991	0.62764	0.12335	0.17155	0.00360	0.00189	0.00053	0.00080	0.03768	0.00165	0.00144
97	0.00391	0.00375	0.00641	0.00969	0.93467	0.00375	0.00485	0.00485	0.00359	0.00516	0.00297	0.00391	0.00250	0.00141	0.00156	0.00047	0.00188	0.00141	0.00078	0.00250
98	0.00479	0.00328	0.00366	0.00314	0.00413	0.00360	0.00249	0.06092	0.65901	0.22715	0.00623	0.00565	0.00448	0.00208	0.00160	0.00052	0.00130	0.00172	0.00169	0.00255
99	0.00239	0.00175	0.00233	0.00262	0.00300	0.00170	0.00223	0.00303	0.00362	0.00466	0.03895	0.07080	0.16270	0.00430	0.00211	0.00068	0.00129	0.68896	0.00147	0.00142
100	0.95567	0.00305	0.00232	0.00208	0.00305	0.00354	0.00171	0.00464	0.00269	0.00708	0.00220	0.00256	0.00171	0.00147	0.00098	0.00049	0.00122	0.00085	0.00098	0.00171
101	0.00345	0.00345	0.00484	0.00414	0.00414	0.00484	0.00345	0.00380	0.00242	0.00380	0.00207	0.00345	0.00207	0.00276	0.00518	0.00069	0.94163	0.00138	0.00069	0.00173
102	0.00373	0.00426	0.00932	0.00665	0.00825	0.00399	0.92893	0.00506	0.00373	0.00506	0.00319	0.00426	0.00240	0.00133	0.00186	0.00053	0.00266	0.00186	0.00080	0.00213
103	0.00274	0.00137	0.00206	0.00206	0.00206	0.00137	0.00137	0.00206	0.00206	0.00274	0.00274	0.00480	0.00274	0.00548	0.00617	0.95407	0.00137	0.00137	0.00069	0.00069
104	0.00226	0.00169	0.00252	0.00252	0.00279	0.00196	0.00195	0.00281	0.00253	0.00365	0.00425	0.00630	0.00399	0.03339	0.91677	0.00251	0.00417	0.00171	0.00085	0.00140
105	0.00274	0.00137	0.00206	0.00206	0.00206	0.00137	0.00137	0.00206	0.00206	0.00274	0.00274	0.00480	0.00274	0.00548	0.00617	0.95407	0.00137	0.00137	0.00069	0.00069
106	0.00583	0.00429	0.00461	0.00358	0.00481	0.00476	0.00294	0.82598	0.09384	0.02698	0.00408	0.00402	0.00291	0.00192	0.00158	0.00048	0.00168	0.00146	0.00159	0.00267
107	0.00226	0.00169	0.00254	0.00254	0.00282	0.00197	0.00197	0.00282	0.00254	0.00367	0.00423	0.00620	0.00395	0.01184	0.93826	0.00254	0.00423	0.00169	0.00085	0.00141
108	0.00317	0.00812	0.92509	0.00453	0.00685	0.00367	0.01703	0.00500	0.00334	0.00500	0.00284	0.00334	0.00200	0.00150	0.00150	0.00050	0.00234	0.00118	0.00067	0.00233
109	0.00226	0.00169	0.00254	0.00254	0.00282	0.00197	0.00197	0.00282	0.00254	0.00367	0.00423	0.00620	0.00395	0.01184	0.93826	0.00254	0.00423	0.00169	0.00085	0.00141
110	0.00411	0.00351	0.00367	0.00325	0.00418	0.01164	0.00254	0.08318	0.84915	0.00685	0.00618	0.00569	0.00462	0.00212	0.00160	0.00053	0.00130	0.00175	0.00160	0.00251
111	0.01577	0.93403	0.00820	0.00269	0.00404	0.00621	0.00269	0.00473	0.00320	0.00376	0.00219	0.00253	0.00202	0.00135	0.00101	0.00034	0.00168	0.00084	0.00068	0.00202
112	0.00228	0.00171	0.00254	0.00252	0.00279	0.00200	0.00195	0.00281	0.00252	0.00364	0.00423	0.00636	0.00401	0.05929	0.87440	0.00245	0.02054	0.00172	0.00085	0.00139
113	0.07568	0.05669	0.74711	0.00417	0.01399	0.01404	0.00513	0.00900	0.02379	0.01851	0.00970	0.00349	0.00222	0.00155	0.00145	0.00049	0.00216	0.00782	0.00075	0.00226
114	0.06156	0.69352	0.08230	0.00320	0.04339	0.06045	0.00301	0.02576	0.00337	0.00424	0.00234	0.00272	0.00205	0.00140	0.00111	0.00037	0.00179	0.00092	0.00445	0.00205
115	0.00193	0.00138	0.00184	0.00220	0.00230	0.00129	0.00147	0.00221	0.00303	0.00404	0.00870	0.93694	0.01043	0.00494	0.00202	0.00064	0.00092	0.01099	0.00147	0.00128
116	0.01153	0.00895	0.00359	0.00893	0.00400	0.27553	0.00245	0.16410	0.18647	0.06621	0.02503	0.00561	0.06579	0.00228	0.02000	0.00051	0.00177	0.02485	0.12033	0.00206
117	0.00230	0.00153	0.00172	0.00172	0.00172	0.00153	0.00096	0.00230	0.00230	0.00306	0.00497	0.01033	0.00574	0.94452	0.00804	0.00153	0.00153	0.00230	0.00096	0.00096
118	0.00435	0.87422	0.00798	0.00281	0.00412	0.07703	0.00273	0.00485	0.00330	0.00373	0.00221	0.00256	0.00203	0.00137	0.00104	0.00034	0.00178	0.00086	0.00069	0.00201
119	0.00600	0.00442	0.00474	0.00363	0.00490	0.00490	0.00300	0.92940	0.00742	0.00995	0.00379	0.00379	0.00268	0.00190	0.00158	0.00047	0.00174	0.00142	0.00158	0.00268
120	0.00226	0.00169	0.00254	0.00254	0.00282	0.00197	0.00197	0.00282	0.00254	0.00367	0.00423	0.00620	0.00395	0.01184	0.93826	0.00254	0.00423	0.00169	0.00085	0.00141
121	0.00251	0.00181	0.00250	0.00285	0.00322	0.00180	0.00248	0.00323	0.00363	0.00470	0.00871	0.01769	0.05129	0.00434	0.00217	0.00072	0.00142	0.88203	0.00145	0.00145
122	0.00217	0.00178	0.00194	0.00192	0.00242	0.00164	0.00144	0.00306	0.10141	0.00488	0.17927	0.08418	0.57879	0.00375	0.00186	0.00054	0.00086	0.02511	0.00153	0.00148
123	0.00333	0.00285	0.00330	0.00238	0.00377	0.00220	0.00191	0.01821	0.03018	0.00526	0.00293	0.00336	0.00242	0.00121	0.00119	0.00025	0.00118	0.00097	0.00096	0.91215
124	0.00400	0.00337	0.00360	0.00314	0.00410	0.00378	0.00246	0.05973	0.77790	0.01681	0.00596	0.01215	0.00450	0.00206	0.00157	0.00050	0.00127	0.00170	0.00155	0.08985
125	0.00445	0.01548	0.02524	0.00918	0.01001	0.07557	0.20710	0.31662	0.10176	0.01986	0.00429	0.09680	0.00362	0.00248	0.04438	0.00059	0.00199	0.00603	0.00124	0.05333
126	0.00377	0.58293	0.22572	0.00303	0.00443	0.01491	0.00323	0.01575	0.00319	0.00401	0.00272	0.00371	0.00249	0.11613	0.00779	0.00054	0.00185	0.00111	0.00072	0.00197
127	0.00192	0.00137	0.00183	0.00220	0.00229	0.00128	0.00147	0.00220	0.00302	0.00403	0.00870	0.94348	0.01044	0.00495	0.00202	0.00064	0.00092	0.00449	0.00147	0.00128
128	0.00407	0.01613	0.12856	0.00717	0.54520	0.08192	0.00432	0.04160	0.05869	0.03527	0.00356	0.03665	0.00300	0.00170	0.00157	0.00048	0.00191	0.02057	0.00528	0.00236
129	0.00328	0.00279	0.00324	0.00235	0.00370	0.00214	0.00187	0.01564	0.01469	0.00516	0.00300	0.01155	0.00256	0.02303	0.00135	0.00028	0.00119	0.00673	0.00096	0.89450
130	0.95567	0.00305	0.00232	0.00208	0.00305	0.00354	0.00171	0.00464	0.00269	0.00708	0.00220	0.00256	0.00171	0.00147	0.00098	0.00049	0.00122	0.00085	0.00098	0.00171
131	0.03120	0.17287	0.57737	0.00446	0.00644	0.00415	0.16230	0.00493	0.00336	0.00484	0.00282	0.00348	0.00214	0.00147	0.00147	0.00048	0.00223	0.01105	0.00071	0.00222
132	0.00200	0.00141	0.00183	0.00214	0.00223	0.00133	0.00142	0.00224	0.00294	0.00391	0.00819	0.77007	0.01734	0.14609	0.00292	0.00078	0.00102	0.02951	0.00139	0.00124
133	0.00298	0.00281	0.00473	0.93519	0.01083	0.00350	0.00437	0.00403	0.00316	0.00404	0.00281	0.00420	0.00211	0.00158	0.00158	0.00052	0.00210	0.00140	0.00070	0.00737
134	0.00192	0.00137	0.00183	0.00220	0.00229	0.00128	0.00147	0.00220	0.00302	0.00403	0.00870	0.94348	0.01044	0.00495	0.00202	0.00064	0.00092	0.00449	0.00147	0.00128
135	0.00192	0.00137	0.00183	0.00220	0.00229	0.00128	0.00147	0.00220	0.00302	0.00403	0.00870	0.94348	0.01044	0.00495	0.00202	0.00064	0.00092	0.00449	0.00147	0.00128
136	0.00319	0.03061	0.91411	0.00446	0.00677	0.00373	0.00576	0.00499	0.00333	0.00497	0.00282	0.00331	0.00200	0.00150	0.00149	0.00050	0.00232	0.00116	0.00067	0.00233
137	0.00225	0.00163	0.00213	0.00200	0.00238	0.00152	0.00150	0.00304	0.01449	0.00633	0.92381	0.01173	0.01479	0.00322	0.00186	0.00050	0.00075	0.00284	0.00174	0.00150
138	0.00422	0.94546	0.00827	0.00270	0.00405	0.00625	0.00270	0.00473	0.00321	0.00371	0.00219	0.00253	0.00203	0.00135	0.00101	0.00034	0.00169	0.00084	0.00068	0.00203
139	0.00590	0.00752	0.00447	0.00407	0.00488	0.93818	0.00305	0.00630	0.00447	0.00386	0.00244	0.00285	0.00203	0.00163	0.00142	0.00041	0.00285	0.00102	0.00081	0.00183
140	0.00299	0.00282	0.00474	0.92433	0.01076	0.00353	0.00437	0.00403	0.00314	0.00403	0.00279	0.00420	0.00210	0.00160	0.00164	0.00053	0.01854	0.00140	0.00070	0.00175
141	0.00241	0.00176	0.00225	0.00221	0.00261	0.00169	0.00170	0.00336	0.06507	0.01465	0.65362	0.06667	0.03778	0.00343	0.00190	0.00054	0.00090	0.13427	0.00167	0.00155
142	0.00233	0.00170	0.00217	0.00203	0.00244	0.00160	0.00153	0.00323	0.04674	0.01283	0.84781	0.01162	0.05156	0.00320	0.00185	0.00050	0.00077	0.00282	0.00172	0.00154
143	0.00193	0.00138	0.00183	0.00220	0.00229	0.00129	0.00147	0.00221	0.00303	0.00403	0.00873	0.92545	0.01728	0.00991	0.00205	0.00065	0.00092	0.01061	0.00146	0.00128
144	0.00327	0.00281	0.00327	0.00234	0.00374	0.00210	0.00187	0.00398	0.00327	0.00514	0.00281	0.00327	0.00234	0.00117	0.00117	0.00023	0.00117	0.00094	0.00094	0.95417
145	0.00274	0.00202	0.00261	0.00280	0.00327	0.00205	0.00238	0.00394	0.12673	0.02152	0.04413	0.01557	0.08372	0.00395	0.00206	0.00067	0.00134	0.67539	0.00149	0.00161
146	0.00759	0.07758	0.80638	0.00452	0.01666	0.00388	0.05211	0.00498	0.00334	0.00492	0.00280	0.00332	0.00203	0.00148	0.00148	0.00049	0.00229	0.00118	0.00068	0.00230
147	0.00295	0.00187	0.00247	0.00261	0.00302	0.00182	0.00207	0.00376	0.06772	0.11785	0.03935	0.33576	0.03013	0.00407	0.00199	0.00064	0.00120	0.37755	0.00154	0.00162
148	0.00385	0.04619	0.00376	0.00281	0.00401	0.00325	0.00226	0.09638	0.34919	0.01071	0.00424	0.00427	0.00329	0.00161	0.00137	0.00038	0.00128	0.00130	0.00124	0.45863
149	0.00200	0.00161	0.00174	0.00170	0.00220	0.00138	0.00128	0.00248	0.00380	0.01466	0.22250	0.01432	0.71722	0.00380	0.00186	0.00052	0.00079	0.00321	0.00153	0.00138
150	0.00299	0.00283	0.00480	0.92783	0.01084	0.00351	0.01715	0.00405	0.00316	0.00405	0.00281	0.00421	0.00211	0.00158	0.00158	0.00053	0.00211	0.00141	0.00070	0.00176
151	0.00248	0.00178	0.00245	0.00275	0.00311	0.00176	0.00236	0.00319	0.00373	0.00490	0.12494	0.03330	0.03153	0.00422	0.00213	0.00069	0.00134	0.77040	0.00149	0.00145
152	0.00197	0.00141	0.00189	0.00225	0.00236	0.00132	0.00155	0.00228	0.00306	0.00408	0.00865	0.86893	0.01030	0.00490	0.00205	0.00496	0.00096	0.07432	0.00146	0.00129
153	0.00193	0.00160	0.00169	0.00167	0.00217	0.00136	0.00125	0.00240	0.00376	0.00464	0.18352	0.01457	0.76627	0.00386	0.00187	0.00053	0.00079	0.00324	0.00152	0.00136
154	0.00569	0.00427	0.00456	0.00357	0.00478	0.00475	0.00293	0.79062	0.14672	0.00945	0.00419	0.00411	0.00301	0.00193	0.00158	0.00048	0.00166	0.00148	0.00158	0.00266
155	0.00600	0.00442	0.00474	0.00363	0.00490	0.00490	0.00300	0.92940	0.00742	0.00995	0.00379	0.00379	0.00268	0.00190	0.00158	0.00047	0.00174	0.00142	0.00158	0.00268
156	0.00323	0.00769	0.82363	0.00476	0.00701	0.00371	0.11807	0.00501	0.00338	0.00501	0.00288	0.00345	0.00205	0.00148	0.00154	0.00050	0.00237	0.00125	0.00068	0.00231
157	0.00422	0.94546	0.00827	0.00270	0.00405	0.00625	0.00270	0.00473	0.00321	0.00371	0.00219	0.00253	0.00203	0.00135	0.00101	0.00034	0.00169	0.00084	0.00068	0.00203
158	0.00223	0.00161	0.00211	0.00199	0.00236	0.00149	0.00149	0.00298	0.00447	0.00633	0.93383	0.01179	0.01490	0.00323	0.00186	0.00050	0.00074	0.00286	0.00174	0.00149
159	0.00192	0.00138	0.00183	0.00218	0.00229	0.00128	0.00146	0.00220	0.00304	0.00404	0.00889	0.91987	0.03393	0.00492	0.00201	0.00064	0.00091	0.00446	0.00147	0.00128
160	0.00345	0.00345	0.00484	0.00414	0.00414	0.00484	0.00345	0.00380	0.00242	0.00380	0.00207	0.00345	0.00207	0.00276	0.00518	0.00069	0.94163	0.00138	0.00069	0.00173
161	0.00613	0.00422	0.00461	0.00354	0.00479	0.00460	0.00292	0.82176	0.00708	0.11807	0.00408	0.00398	0.00283	0.00190	0.00158	0.00048	0.00169	0.00144	0.00162	0.00269
162	0.00274	0.00137	0.00206	0.00206	0.00206	0.00137	0.00137	0.00206	0.00206	0.00274	0.00274	0.00480	0.00274	0.00548	0.00617	0.95407	0.00137	0.00137	0.00069	0.00069
163	0.00640	0.00284	0.00364	0.00290	0.00405	0.00267	0.00236	0.00784	0.20390	0.73598	0.00627	0.00548	0.00410	0.00199	0.00159	0.00050	0.00132	0.00163	0.00188	0.00265
164	0.00217	0.00161	0.00202	0.00194	0.00233	0.00146	0.00145	0.00284	0.00428	0.00591	0.74806	0.03879	0.16382	0.00341	0.00187	0.00051	0.00077	0.01361	0.00168	0.00146
165	0.00327	0.00281	0.00327	0.00234	0.00374	0.00210	0.00187	0.00398	0.00327	0.00514	0.00281	0.00327	0.00234	0.00117	0.00117	0.00023	0.00117	0.00094	0.00094	0.95417
166	0.00597	0.00428	0.00462	0.00357	0.00481	0.00471	0.00294	0.83547	0.04879	0.06258	0.00405	0.00398	0.00285	0.00191	0.00158	0.00048	0.00169	0.00145	0.00160	0.00268
167	0.00194	0.00139	0.00186	0.00222	0.00232	0.00130	0.00150	0.00223	0.00304	0.00405	0.00869	0.91341	0.01040	0.00493	0.00202	0.00064	0.00093	0.03436	0.00147	0.00129
168	0.94283	0.00305	0.00234	0.00209	0.00307	0.00353	0.00172	0.00468	0.00271	0.01965	0.00225	0.00260	0.00174	0.00147	0.00099	0.00049	0.00122	0.00086	0.00099	0.00172
169	0.00196	0.00142	0.00185	0.00214	0.00229	0.00131	0.00145	0.00230	0.00323	0.00432	0.12138	0.77583	0.06532	0.00468	0.00199	0.00062	0.00089	0.00422	0.00150	0.00131
170	0.00391	0.00375	0.00641	0.00969	0.93467	0.00375	0.00485	0.00485	0.00359	0.00516	0.00297	0.00391	0.00250	0.00141	0.00156	0.00047	0.00188	0.00141	0.00078	0.00250
171	0.00427	0.00332	0.00359	0.00317	0.00410	0.00377	0.00248	0.01340	0.83041	0.10312	0.00639	0.00583	0.00471	0.00212	0.00160	0.00053	0.00126	0.00176	0.00164	0.00252
172	0.00422	0.94546	0.00827	0.00270	0.00405	0.00625	0.00270	0.00473	0.00321	0.00371	0.00219	0.00253	0.00203	0.00135	0.00101	0.00034	0.00169	0.00084	0.00068	0.00203
173	0.00708	0.00269	0.00366	0.00281	0.00403	0.00232	0.00232	0.00769	0.00452	0.93576	0.00623	0.00537	0.00391	0.00195	0.00159	0.00049	0.00134	0.00159	0.00195	0.00269
174	0.00191	0.00160	0.00166	0.00164	0.00216	0.00135	0.00123	0.00235	0.00370	0.00451	0.12332	0.01480	0.82655	0.00391	0.00187	0.00053	0.00079	0.00328	0.00150	0.00135
175	0.00327	0.00281	0.00327	0.00234	0.00374	0.00210	0.00187	0.00398	0.00327	0.00514	0.00281	0.00327	0.00234	0.00117	0.00117	0.00023	0.00117	0.00094	0.00094	0.95417
176	0.95567	0.00305	0.00232	0.00208	0.00305	0.00354	0.00171	0.00464	0.00269	0.00708	0.00220	0.00256	0.00171	0.00147	0.00098	0.00049	0.00122	0.00085	0.00098	0.00171
177	0.00298	0.00281	0.00474	0.94072	0.01087	0.00351	0.00438	0.00403	0.00316	0.00403	0.00281	0.00421	0.00210	0.00158	0.00158	0.00053	0.00210	0.00140	0.00070	0.00175
178	0.00192	0.00137	0.00183	0.00220	0.00229	0.00128	0.00147	0.00220	0.00302	0.00403	0.00870	0.94348	0.01044	0.00495	0.00202	0.00064	0.00092	0.00449	0.00147	0.00128
179	0.00590	0.00752	0.00447	0.00407	0.00488	0.93818	0.00305	0.00630	0.00447	0.00386	0.00244	0.00285	0.00203	0.00163	0.00142	0.00041	0.00285	0.00102	0.00081	0.00183
180	0.00373	0.00426	0.00932	0.00665	0.00825	0.00399	0.92893	0.00506	0.00373	0.00506	0.00319	0.00426	0.00240	0.00133	0.00186	0.00053	0.00266	0.00186	0.00080	0.00213
181	0.00501	0.00289	0.00341	0.00289	0.00386	0.00296	0.00230	0.01270	0.43006	0.38806	0.05694	0.00668	0.05860	0.00226	0.00163	0.00052	0.00124	0.01381	0.00175	0.00244
182	0.00378	0.00321	0.00343	0.00311	0.00396	0.00368	0.00243	0.01240	0.82459	0.01062	0.03762	0.00687	0.03062	0.00233	0.00165	0.00054	0.00123	0.04394	0.00160	0.00239
183	0.00196	0.00140	0.00182	0.00214	0.00224	0.00131	0.00142	0.00223	0.00302	0.00401	0.02879	0.82068	0.04168	0.07624	0.00246	0.00070	0.00095	0.00425	0.00143	0.00126
184	0.00330	0.00246	0.00295	0.00293	0.00353	0.00263	0.00238	0.04858	0.32151	0.04803	0.02133	0.11555	0.02184	0.00342	0.00190	0.00062	0.00131	0.39227	0.00154	0.00191
185	0.03203	0.00388	0.00431	0.00335	0.00456	0.00415	0.00275	0.61826	0.06144	0.23192	0.00462	0.00438	0.01300	0.00193	0.00157	0.00048	0.00159	0.00149	0.00165	0.00263
186	0.00411	0.00340	0.00364	0.00324	0.00412	0.01695	0.00259	0.16850	0.61980	0.00688	0.01504	0.01145	0.00504	0.00239	0.00169	0.00055	0.00568	0.11690	0.00157	0.00644
187	0.00298	0.00281	0.00474	0.94072	0.01087	0.00351	0.00438	0.00403	0.00316	0.00403	0.00281	0.00421	0.00210	0.00158	0.00158	0.00053	0.00210	0.00140	0.00070	0.00175
188	0.00326	0.00279	0.00325	0.00233	0.00372	0.00209	0.00186	0.00396	0.00329	0.00517	0.01887	0.00342	0.00256	0.00120	0.00118	0.00024	0.00116	0.00097	0.00095	0.93772
189	0.95567	0.00305	0.00232	0.00208	0.00305	0.00354	0.00171	0.00464	0.00269	0.00708	0.00220	0.00256	0.00171	0.00147	0.00098	0.00049	0.00122	0.00085	0.00098	0.00171
190	0.00198	0.00144	0.00187	0.00211	0.00229	0.00133	0.00145	0.00235	0.00335	0.00449	0.18569	0.69006	0.08669	0.00454	0.00197	0.00060	0.00087	0.00408	0.00152	0.00133
191	0.00227	0.00163	0.00221	0.00221	0.00238	0.00180	0.00157	0.00261	0.00244	0.00342	0.00453	0.00785	0.00466	0.38485	0.56623	0.00213	0.00315	0.00193	0.00089	0.00123
192	0.00226	0.00169	0.00252	0.00252	0.00280	0.00197	0.00196	0.00281	0.00253	0.00366	0.00424	0.00627	0.00397	0.02611	0.92403	0.00252	0.00419	0.00170	0.00085	0.00140
193	0.94252	0.00312	0.01521	0.00211	0.00311	0.00354	0.00177	0.00465	0.00270	0.00705	0.00221	0.00258	0.00171	0.00147	0.00098	0.00049	0.00124	0.00086	0.00097	0.00172
194	0.00373	0.00426	0.00932	0.00665	0.00825	0.00399	0.92893	0.00506	0.00373	0.00506	0.00319	0.00426	0.00240	0.00133	0.00186	0.00053	0.00266	0.00186	0.00080	0.00213
195	0.00294	0.00147	0.00148	0.00148	0.00184	0.00147	0.00111	0.00367	0.00330	0.00586	0.00513	0.00588	0.00404	0.00187	0.00114	0.00718	0.00074	0.00147	0.94647	0.00147
196	0.00600	0.00442	0.00474	0.00363	0.00490	0.00490	0.00300	0.92940	0.00742	0.00995	0.00379	0.00379	0.00268	0.00190	0.00158	0.00047	0.00174	0.00142	0.00158	0.00268
197	0.00317	0.00817	0.93633	0.00450	0.00683	0.00367	0.00583	0.00500	0.00333	0.00500	0.00283	0.00333	0.00200	0.00150	0.00150	0.00050	0.00233	0.00117	0.00067	0.00233
198	0.00187	0.00160	0.00160	0.00160	0.00213	0.00133	0.00120	0.00227	0.00360	0.00426	0.01599	0.01519	0.93403	0.00400	0.00187	0.00053	0.00080	0.00333	0.00147	0.00133
199	0.00294	0.00147	0.00147	0.00147	0.00184	0.00147	0.00110	0.00368	0.00331	0.00589	0.00515	0.00589	0.00405	0.00184	0.00110	0.00037	0.00074	0.00147	0.95328	0.00147
200	0.95567	0.00305	0.00232	0.00208	0.00305	0.00354	0.00171	0.00464	0.00269	0.00708	0.00220	0.00256	0.00171	0.00147	0.00098	0.00049	0.00122	0.00085	0.00098	0.00171
201	0.00623	0.00406	0.00451	0.00346	0.00471	0.00435	0.00286	0.73566	0.00681	0.20456	0.00430	0.00412	0.00294	0.00191	0.00158	0.00048	0.00165	0.00146	0.00166	0.00269
202	0.00590	0.00752	0.00447	0.00407	0.00488	0.93818	0.00305	0.00630	0.00447	0.00386	0.00244	0.00285	0.00203	0.00163	0.00142	0.00041	0.00285	0.00102	0.00081	0.00183
203	0.00345	0.00345	0.00484	0.00414	0.00414	0.00484	0.00345	0.00380	0.00242	0.00380	0.00207	0.00345	0.00207	0.00276	0.00518	0.00069	0.94163	0.00138	0.00069	0.00173
204	0.00600	0.00442	0.00474	0.00363	0.00490	0.00490	0.00300	0.92940	0.00742	0.00995	0.00379	0.00379	0.00268	0.00190	0.00158	0.00047	0.00174	0.00142	0.00158	0.00268
205	0.00229	0.00153	0.00173	0.00173	0.00174	0.00153	0.00097	0.00230	0.00230	0.00307	0.00499	0.01592	0.00575	0.92938	0.01744	0.00154	0.00155	0.00230	0.00096	0.00096
206	0.00254	0.00182	0.00254	0.00291	0.00327	0.00182	0.00254	0.00327	0.00363	0.00472	0.00836	0.01781	0.00909	0.00436	0.00218	0.00073	0.00145	0.92404	0.00145	0.00145
207	0.00327	0.00281	0.00327	0.00234	0.00374	0.00210	0.00187	0.00398	0.00327	0.00514	0.00281	0.00327	0.00234	0.00117	0.00117	0.00023	0.00117	0.00094	0.00094	0.95417
208	0.00187	0.00160	0.00160	0.00160	0.00213	0.00133	0.00120	0.00227	0.00361	0.00428	0.02442	0.01516	0.92559	0.00399	0.00187	0.00053	0.00080	0.00333	0.00147	0.00133
209	0.00230	0.00165	0.00214	0.00201	0.00240	0.00153	0.00151	0.00310	0.01916	0.01421	0.90473	0.01167	0.02118	0.00321	0.00186	0.00050	0.00076	0.00283	0.00174	0.00151
210	0.00209	0.00143	0.00188	0.00218	0.00234	0.00132	0.00148	0.00239	0.00311	0.03505	0.00910	0.85072	0.07146	0.00478	0.00199	0.00063	0.00092	0.00432	0.00148	0.00133
211	0.00317	0.00817	0.93633	0.00450	0.00683	0.00367	0.00583	0.00500	0.00333	0.00500	0.00283	0.00333	0.00200	0.00150	0.00150	0.00050	0.00233	0.00117	0.00067	0.00233
212	0.00233	0.00165	0.00217	0.00245	0.00269	0.00160	0.00185	0.02590	0.01095	0.01436	0.02567	0.50767	0.02987	0.05173	0.00235	0.00070	0.00115	0.31208	0.00145	0.00139
213	0.00241	0.00182	0.00221	0.00207	0.00253	0.00174	0.00156	0.00853	0.09905	0.01459	0.67641	0.01164	0.16301	0.00322	0.00183	0.00051	0.00082	0.00280	0.00168	0.00158
214	0.00341	0.00289	0.00333	0.00250	0.00379	0.00242	0.00199	0.03953	0.11560	0.00544	0.00335	0.00374	0.00272	0.00180	0.04399	0.00038	0.00134	0.00109	0.00104	0.75964
215	0.00196	0.00140	0.00186	0.00219	0.00229	0.00132	0.00147	0.00223	0.00298	0.00398	0.00837	0.85971	0.00998	0.04806	0.03656	0.00075	0.00107	0.01113	0.00142	0.00127
216	0.00790	0.01189	0.10306	0.00790	0.62642	0.01973	0.06122	0.07153	0.03045	0.00864	0.00315	0.00395	0.00255	0.00175	0.02672	0.00053	0.00201	0.00141	0.00086	0.00832
217	0.00317	0.05758	0.00371	0.00310	0.00812	0.06564	0.01708	0.01907	0.07698	0.01991	0.01357	0.00596	0.09742	0.00924	0.35733	0.00131	0.22861	0.00170	0.00879	0.00169
218	0.00230	0.00153	0.00172	0.00172	0.00172	0.00153	0.00096	0.00230	0.00230	0.00306	0.00497	0.01033	0.00574	0.94452	0.00804	0.00153	0.00153	0.00230	0.00096	0.00096
219	0.00320	0.02867	0.88518	0.00450	0.00678	0.00372	0.03053	0.00498	0.00335	0.00498	0.00863	0.00339	0.00209	0.00150	0.00150	0.00050	0.00232	0.00119	0.00068	0.00232
220	0.00419	0.05024	0.09609	0.00615	0.39765	0.18598	0.00391	0.05523	0.04919	0.01194	0.04599	0.00515	0.00780	0.00184	0.00157	0.00048	0.00197	0.07146	0.00096	0.00221
221	0.07512	0.00150	0.00208	0.00206	0.00213	0.00154	0.00140	0.00225	0.00210	0.00307	0.00270	0.00463	0.00266	0.00518	0.00578	0.88164	0.00136	0.00133	0.00071	0.00076
222	0.00531	0.00383	0.00418	0.00330	0.00443	0.00412	0.00268	0.66116	0.06293	0.05103	0.00442	0.07951	0.00350	0.00210	0.00157	0.00047	0.00155	0.00166	0.02744	0.07480
223	0.00464	0.00301	0.00763	0.00293	0.00380	0.00314	0.00235	0.29813	0.14295	0.19194	0.12881	0.12012	0.02282	0.00262	0.00177	0.00646	0.01601	0.02520	0.01341	0.00223
224	0.00481	0.00361	0.00401	0.00344	0.03035	0.01054	0.00269	0.54941	0.12234	0.01612	0.00805	0.03090	0.00407	0.07427	0.04487	0.00068	0.00173	0.08432	0.00146	0.00231
225	0.00268	0.00192	0.00255	0.00281	0.00320	0.00194	0.00235	0.00901	0.08501	0.02515	0.01237	0.16608	0.01633	0.00419	0.00208	0.00069	0.00134	0.65728	0.00148	0.00155

[dist]
# distance from previous block
# <min> <max>
0	5

# created by:
# /share/home/app/bin/augustus-3.3.1/scripts/msa2prfl.pl /dev/shm/tmp/mt-Mammalia/msas/COX2.aln --setname=COX2
