[name]
CYTB

[dist]
# distance from previous block
# <min> <max>
0	1

[block]
# block no. 0 follows, 201 sequences, length 102
# corresponding to MSA columns:
# 1-102
name=unknown_A
#
# <colnr> <probs for GDERKNQSTAVLIFYWHMCP>
#	G	D	E	R	K	N	Q	S	T	A	V	L	I	F	Y	W	H	M	C	P
0	0.00254	0.00182	0.00254	0.00291	0.00327	0.00182	0.00254	0.00327	0.00363	0.00472	0.00836	0.01781	0.00909	0.00436	0.00218	0.00073	0.00145	0.92404	0.00145	0.00145
1	0.00387	0.00324	0.00346	0.00316	0.01624	0.01126	0.00242	0.01137	0.77872	0.03820	0.00697	0.01342	0.06951	0.01382	0.00174	0.00055	0.01009	0.00801	0.00157	0.00238
2	0.00551	0.00677	0.00431	0.00386	0.00468	0.78316	0.00293	0.02322	0.01709	0.01100	0.00299	0.00337	0.03181	0.00173	0.00157	0.00042	0.03739	0.00112	0.00087	0.05620
3	0.00213	0.00174	0.00194	0.00194	0.00246	0.00152	0.00145	0.00269	0.03491	0.00444	0.02523	0.20303	0.55393	0.00388	0.00185	0.00054	0.00092	0.06559	0.00143	0.08840
4	0.00298	0.00281	0.00474	0.94072	0.01087	0.00351	0.00438	0.00403	0.00316	0.00403	0.00281	0.00421	0.00210	0.00158	0.00158	0.00053	0.00210	0.00140	0.00070	0.00175
5	0.00391	0.00375	0.00641	0.00969	0.93467	0.00375	0.00485	0.00485	0.00359	0.00516	0.00297	0.00391	0.00250	0.00141	0.00156	0.00047	0.00188	0.00141	0.00078	0.00250
6	0.00467	0.00398	0.00400	0.00345	0.01455	0.07993	0.00657	0.28667	0.51713	0.01370	0.00959	0.00534	0.02298	0.00209	0.00161	0.00051	0.00551	0.01376	0.00152	0.00246
7	0.00379	0.00377	0.00493	0.00425	0.00433	0.04521	0.00350	0.01693	0.00273	0.00410	0.00236	0.00377	0.00231	0.00298	0.01987	0.00074	0.87035	0.00144	0.00078	0.00185
8	0.00327	0.00280	0.00326	0.00235	0.00373	0.00211	0.00187	0.01071	0.00330	0.00516	0.00291	0.01821	0.00247	0.00123	0.00119	0.00024	0.00117	0.00100	0.00095	0.93209
9	0.00192	0.00139	0.00182	0.00216	0.00228	0.00129	0.00145	0.00221	0.00307	0.00406	0.01626	0.88388	0.06262	0.00488	0.00201	0.00063	0.00091	0.00441	0.00147	0.00129
10	0.00285	0.00182	0.00235	0.00247	0.00288	0.00174	0.00197	0.00348	0.03043	0.10670	0.01819	0.16880	0.14414	0.09828	0.00261	0.00073	0.00125	0.40631	0.00147	0.00152
11	0.00391	0.00375	0.00641	0.00969	0.93467	0.00375	0.00485	0.00485	0.00359	0.00516	0.00297	0.00391	0.00250	0.00141	0.00156	0.00047	0.00188	0.00141	0.00078	0.00250
12	0.00198	0.00167	0.00174	0.00175	0.00228	0.00143	0.00133	0.00248	0.02121	0.00436	0.01920	0.04148	0.80693	0.00395	0.00187	0.00054	0.00086	0.06264	0.00146	0.02083
13	0.00195	0.00159	0.00172	0.00174	0.00221	0.00137	0.00130	0.00239	0.00368	0.00454	0.13967	0.07302	0.71409	0.00879	0.00192	0.00055	0.00083	0.03579	0.00150	0.00135
14	0.00590	0.00750	0.00448	0.00406	0.00488	0.93045	0.00305	0.01395	0.00450	0.00391	0.00245	0.00285	0.00204	0.00163	0.00142	0.00041	0.00284	0.00102	0.00082	0.00184
15	0.00437	0.15247	0.05683	0.01788	0.05329	0.23947	0.03140	0.06484	0.01316	0.00441	0.00247	0.00326	0.00215	0.00199	0.00277	0.00052	0.34474	0.00122	0.00079	0.00196
16	0.00611	0.00392	0.00439	0.00340	0.00463	0.00419	0.00280	0.64071	0.06755	0.23379	0.00458	0.00439	0.00316	0.00194	0.00159	0.00048	0.00161	0.00643	0.00167	0.00267
17	0.00223	0.00150	0.00174	0.00181	0.00182	0.00149	0.00105	0.00228	0.00243	0.00324	0.00565	0.17889	0.00659	0.77479	0.00695	0.00137	0.00142	0.00269	0.00105	0.00102
18	0.00192	0.00162	0.00166	0.00165	0.00218	0.00138	0.00124	0.00240	0.01545	0.00446	0.08827	0.01481	0.84973	0.00391	0.00186	0.00053	0.00080	0.00327	0.00149	0.00136
19	0.00422	0.94546	0.00827	0.00270	0.00405	0.00625	0.00270	0.00473	0.00321	0.00371	0.00219	0.00253	0.00203	0.00135	0.00101	0.00034	0.00169	0.00084	0.00068	0.00203
20	0.00192	0.00137	0.00183	0.00220	0.00229	0.00128	0.00147	0.00220	0.00302	0.00403	0.00870	0.94348	0.01044	0.00495	0.00202	0.00064	0.00092	0.00449	0.00147	0.00128
21	0.00327	0.00281	0.00327	0.00234	0.00374	0.00210	0.00187	0.00398	0.00327	0.00514	0.00281	0.00327	0.00234	0.00117	0.00117	0.00023	0.00117	0.00094	0.00094	0.95417
22	0.00512	0.00310	0.00359	0.00304	0.00405	0.00328	0.00242	0.02067	0.54753	0.36031	0.02495	0.00578	0.00465	0.00209	0.00160	0.00052	0.00128	0.00173	0.00174	0.00255
23	0.00327	0.00281	0.00327	0.00234	0.00374	0.00210	0.00187	0.00398	0.00327	0.00514	0.00281	0.00327	0.00234	0.00117	0.00117	0.00023	0.00117	0.00094	0.00094	0.95417
24	0.00573	0.00426	0.00458	0.00352	0.00477	0.00465	0.00290	0.83779	0.02876	0.00952	0.01642	0.00392	0.00288	0.00187	0.00156	0.00046	0.00168	0.00142	0.00154	0.06176
25	0.00591	0.00727	0.00450	0.00403	0.00488	0.86083	0.00305	0.08281	0.00472	0.00437	0.00255	0.00293	0.00209	0.00165	0.00144	0.00041	0.00276	0.00105	0.00088	0.00190
26	0.00188	0.00159	0.00162	0.00163	0.00214	0.00134	0.00121	0.00227	0.00357	0.00426	0.02551	0.05057	0.87729	0.01568	0.00195	0.00055	0.00081	0.00336	0.00146	0.00133
27	0.00593	0.00438	0.00470	0.00361	0.00486	0.00485	0.00298	0.90860	0.01672	0.00984	0.00382	0.00384	0.00272	0.00202	0.01318	0.00050	0.00176	0.00143	0.00157	0.00267
28	0.00597	0.00348	0.00406	0.00322	0.00436	0.00361	0.00264	0.42636	0.09546	0.36183	0.01328	0.00532	0.00376	0.00222	0.01621	0.00053	0.00156	0.04185	0.00171	0.00258
29	0.00274	0.00137	0.00205	0.00206	0.00206	0.00137	0.00137	0.00206	0.00207	0.00275	0.00279	0.01285	0.00281	0.00548	0.00613	0.94589	0.00137	0.00140	0.00069	0.00069
30	0.00274	0.00137	0.00206	0.00206	0.00206	0.00137	0.00137	0.00206	0.00206	0.00274	0.00274	0.00480	0.00274	0.00548	0.00617	0.95407	0.00137	0.00137	0.00069	0.00069
31	0.00586	0.00748	0.00445	0.00405	0.00486	0.93051	0.00304	0.00627	0.00447	0.00387	0.00255	0.00295	0.00966	0.00165	0.00143	0.00041	0.00283	0.00104	0.00082	0.00183
32	0.00228	0.00153	0.00173	0.00174	0.00174	0.00152	0.00097	0.00229	0.00232	0.00309	0.00510	0.04217	0.00590	0.91246	0.00783	0.00150	0.00151	0.00237	0.00097	0.00097
33	0.95567	0.00305	0.00232	0.00208	0.00305	0.00354	0.00171	0.00464	0.00269	0.00708	0.00220	0.00256	0.00171	0.00147	0.00098	0.00049	0.00122	0.00085	0.00098	0.00171
34	0.00593	0.00436	0.00468	0.00359	0.00483	0.00483	0.00296	0.91046	0.00732	0.00981	0.00381	0.00392	0.00275	0.02116	0.00171	0.00050	0.00173	0.00144	0.00157	0.00265
35	0.00192	0.00138	0.00183	0.00219	0.00229	0.00128	0.00146	0.00220	0.00303	0.00403	0.00879	0.93251	0.02136	0.00494	0.00201	0.00064	0.00091	0.00447	0.00147	0.00128
36	0.00192	0.00137	0.00183	0.00220	0.00229	0.00128	0.00147	0.00220	0.00302	0.00403	0.00870	0.94348	0.01044	0.00495	0.00202	0.00064	0.00092	0.00449	0.00147	0.00128
37	0.88845	0.00304	0.00240	0.00214	0.00312	0.00349	0.00176	0.00483	0.02591	0.04099	0.00251	0.00289	0.00194	0.00153	0.00103	0.00049	0.00123	0.00947	0.00103	0.00176
38	0.00315	0.00193	0.00235	0.00222	0.00279	0.00179	0.00170	0.00399	0.08062	0.18074	0.19584	0.16414	0.28345	0.01113	0.00188	0.00055	0.00099	0.05740	0.00162	0.00171
39	0.00294	0.00147	0.00147	0.00147	0.00184	0.00147	0.00110	0.00368	0.00331	0.00589	0.00515	0.00589	0.00405	0.00184	0.00110	0.00037	0.00074	0.00147	0.95328	0.00147
40	0.00192	0.00137	0.00183	0.00220	0.00229	0.00128	0.00147	0.00220	0.00302	0.00403	0.00870	0.94348	0.01044	0.00495	0.00202	0.00064	0.00092	0.00449	0.00147	0.00128
41	0.03695	0.00212	0.00237	0.00224	0.00287	0.00193	0.00172	0.00788	0.06252	0.12077	0.15731	0.03879	0.48331	0.00362	0.00192	0.00058	0.00105	0.06863	0.00165	0.00177
42	0.00210	0.00164	0.00193	0.00207	0.00243	0.00152	0.00153	0.00274	0.05412	0.00455	0.09775	0.34881	0.37301	0.00420	0.00194	0.00059	0.00093	0.09526	0.00150	0.00140
43	0.00373	0.00426	0.00932	0.00665	0.00825	0.00399	0.92893	0.00506	0.00373	0.00506	0.00319	0.00426	0.00240	0.00133	0.00186	0.00053	0.00266	0.00186	0.00080	0.00213
44	0.00221	0.00185	0.00187	0.00185	0.00241	0.00158	0.00137	0.00266	0.03028	0.00461	0.02293	0.01524	0.88872	0.00411	0.00198	0.00058	0.00091	0.01177	0.00156	0.00151
45	0.00241	0.00163	0.00203	0.00219	0.00250	0.00152	0.00156	0.00932	0.03926	0.07004	0.03345	0.58847	0.19079	0.01223	0.00199	0.00061	0.00096	0.03607	0.00151	0.00146
46	0.00393	0.00339	0.00357	0.00321	0.00411	0.00393	0.00250	0.00839	0.93181	0.00660	0.00643	0.00589	0.00482	0.00214	0.00161	0.00054	0.00125	0.00178	0.00161	0.00250
47	0.95567	0.00305	0.00232	0.00208	0.00305	0.00354	0.00171	0.00464	0.00269	0.00708	0.00220	0.00256	0.00171	0.00147	0.00098	0.00049	0.00122	0.00085	0.00098	0.00171
48	0.00193	0.00138	0.00183	0.00220	0.00229	0.00129	0.00147	0.00221	0.00303	0.00403	0.00873	0.92644	0.01681	0.01058	0.00205	0.00065	0.00092	0.00945	0.00146	0.00128
49	0.00229	0.00153	0.00172	0.00173	0.00173	0.00153	0.00096	0.00229	0.00230	0.00307	0.00501	0.02013	0.00579	0.93465	0.00797	0.00152	0.00152	0.00232	0.00096	0.00096
50	0.00196	0.00140	0.00186	0.00221	0.00231	0.00131	0.00148	0.00959	0.00306	0.00408	0.00866	0.93599	0.01038	0.00492	0.00201	0.00064	0.00092	0.00446	0.00147	0.00129
51	0.00705	0.00274	0.00369	0.00283	0.00406	0.00239	0.00234	0.03436	0.00460	0.90898	0.00616	0.00533	0.00387	0.00195	0.00159	0.00049	0.00135	0.00158	0.00194	0.00269
52	0.00254	0.00182	0.00254	0.00291	0.00327	0.00182	0.00254	0.00327	0.00363	0.00472	0.00836	0.01781	0.00909	0.00436	0.00218	0.00073	0.00145	0.92404	0.00145	0.00145
53	0.00344	0.00344	0.00482	0.00413	0.00413	0.00481	0.00344	0.00379	0.00242	0.00380	0.00209	0.00348	0.00209	0.00283	0.01253	0.00071	0.93424	0.00138	0.00069	0.00172
54	0.00226	0.00169	0.00254	0.00254	0.00282	0.00197	0.00197	0.00282	0.00254	0.00367	0.00423	0.00620	0.00395	0.01184	0.93826	0.00254	0.00423	0.00169	0.00085	0.00141
55	0.00410	0.00344	0.00364	0.00322	0.00414	0.00395	0.00252	0.07573	0.84122	0.02049	0.00633	0.00582	0.01395	0.00214	0.00161	0.00053	0.00128	0.00177	0.00161	0.00250
56	0.00547	0.00366	0.00414	0.00313	0.00442	0.00366	0.00257	0.50861	0.00576	0.18067	0.00398	0.00395	0.00282	0.00171	0.00147	0.00041	0.00151	0.00132	0.00148	0.25925
57	0.00422	0.94546	0.00827	0.00270	0.00405	0.00625	0.00270	0.00473	0.00321	0.00371	0.00219	0.00253	0.00203	0.00135	0.00101	0.00034	0.00169	0.00084	0.00068	0.00203
58	0.00402	0.00336	0.00356	0.00319	0.00409	0.00385	0.00249	0.02220	0.87415	0.03319	0.00650	0.00604	0.01441	0.00217	0.00161	0.00053	0.00126	0.00929	0.00161	0.00249
59	0.00427	0.00303	0.01303	0.00301	0.00385	0.00319	0.00241	0.20191	0.32765	0.13401	0.00668	0.15572	0.03694	0.00279	0.00173	0.00055	0.00133	0.09408	0.00160	0.00223
60	0.00400	0.00341	0.00360	0.00323	0.00413	0.00393	0.00252	0.05052	0.87166	0.00672	0.00634	0.00602	0.00480	0.00217	0.00162	0.00054	0.00128	0.01942	0.00160	0.00249
61	0.00708	0.00269	0.00366	0.00281	0.00403	0.00232	0.00232	0.00769	0.00452	0.93576	0.00623	0.00537	0.00391	0.00195	0.00159	0.00049	0.00134	0.00159	0.00195	0.00269
62	0.00230	0.00153	0.00172	0.00172	0.00172	0.00153	0.00096	0.00230	0.00230	0.00306	0.00497	0.01033	0.00574	0.94452	0.00804	0.00153	0.00153	0.00230	0.00096	0.00096
63	0.00588	0.00451	0.00470	0.00365	0.00487	0.05174	0.01098	0.84108	0.02771	0.00943	0.00377	0.00382	0.00271	0.00199	0.00962	0.00618	0.00181	0.00141	0.00152	0.00261
64	0.00600	0.00442	0.00474	0.00363	0.00490	0.00490	0.00300	0.92940	0.00742	0.00995	0.00379	0.00379	0.00268	0.00190	0.00158	0.00047	0.00174	0.00142	0.00158	0.00268
65	0.00218	0.00162	0.00204	0.00194	0.00234	0.00147	0.00146	0.00287	0.00432	0.00598	0.77218	0.01244	0.16030	0.00337	0.00187	0.00051	0.00077	0.01920	0.00169	0.00146
66	0.00534	0.00310	0.00363	0.00304	0.00408	0.00323	0.00243	0.04296	0.48105	0.40810	0.01146	0.00573	0.01014	0.00208	0.00160	0.00051	0.00130	0.00590	0.00175	0.00257
67	0.00345	0.00345	0.00484	0.00414	0.00414	0.00484	0.00345	0.00380	0.00242	0.00380	0.00207	0.00345	0.00207	0.00276	0.00518	0.00069	0.94163	0.00138	0.00069	0.00173
68	0.00191	0.00163	0.00164	0.00163	0.00217	0.00138	0.00123	0.00239	0.02190	0.00431	0.01581	0.01501	0.91571	0.00396	0.00186	0.00053	0.00081	0.00330	0.00147	0.00136
69	0.00309	0.00169	0.00172	0.00167	0.00210	0.00174	0.00127	0.01463	0.08672	0.01261	0.00528	0.00593	0.00413	0.00188	0.00116	0.00039	0.00080	0.00711	0.84449	0.00159
70	0.00298	0.00281	0.00474	0.94072	0.01087	0.00351	0.00438	0.00403	0.00316	0.00403	0.00281	0.00421	0.00210	0.00158	0.00158	0.00053	0.00210	0.00140	0.00070	0.00175
71	0.00420	0.93058	0.02301	0.00273	0.00410	0.00621	0.00275	0.00473	0.00321	0.00373	0.00221	0.00255	0.00203	0.00135	0.00102	0.00034	0.00170	0.00085	0.00068	0.00203
72	0.00223	0.00161	0.00211	0.00199	0.00236	0.00149	0.00149	0.00298	0.00447	0.00633	0.93383	0.01179	0.01490	0.00323	0.00186	0.00050	0.00074	0.00286	0.00174	0.00149
73	0.00586	0.01367	0.00451	0.00405	0.00487	0.91279	0.00305	0.01625	0.00448	0.00393	0.00245	0.00286	0.00204	0.00164	0.00146	0.00041	0.01200	0.00102	0.00082	0.00184
74	0.00232	0.00179	0.00264	0.00261	0.00290	0.00994	0.00886	0.00288	0.00256	0.00368	0.00417	0.00611	0.00389	0.01153	0.90825	0.00247	0.01945	0.00168	0.00084	0.00142
75	0.95567	0.00305	0.00232	0.00208	0.00305	0.00354	0.00171	0.00464	0.00269	0.00708	0.00220	0.00256	0.00171	0.00147	0.00098	0.00049	0.00122	0.00085	0.00098	0.00171
76	0.00274	0.00137	0.00206	0.00206	0.00206	0.00137	0.00137	0.00206	0.00206	0.00274	0.00274	0.00480	0.00274	0.00548	0.00617	0.95407	0.00137	0.00137	0.00069	0.00069
77	0.00211	0.00162	0.00192	0.00206	0.00241	0.00150	0.00151	0.00271	0.04711	0.00913	0.10168	0.37656	0.35232	0.01138	0.00198	0.00060	0.00092	0.07959	0.00150	0.00140
78	0.00191	0.00161	0.00165	0.00168	0.00218	0.00137	0.00124	0.00236	0.01709	0.00431	0.02815	0.08843	0.83455	0.00404	0.00187	0.00054	0.00081	0.00339	0.00147	0.00135
79	0.00300	0.00284	0.00483	0.92163	0.01082	0.00352	0.02328	0.00405	0.00317	0.00405	0.00281	0.00421	0.00211	0.00157	0.00158	0.00053	0.00212	0.00141	0.00070	0.00176
80	0.00292	0.00276	0.00311	0.00295	0.00334	0.15048	0.02473	0.00347	0.00287	0.00374	0.00382	0.00550	0.00352	0.00956	0.72476	0.00207	0.04649	0.00157	0.00083	0.00151
81	0.00213	0.00152	0.00201	0.00234	0.00252	0.00145	0.00169	0.00258	0.02085	0.01252	0.01384	0.70103	0.04188	0.00471	0.00203	0.00065	0.00103	0.18241	0.00147	0.00135
82	0.00345	0.00345	0.00484	0.00414	0.00414	0.00484	0.00345	0.00380	0.00242	0.00380	0.00207	0.00345	0.00207	0.00276	0.00518	0.00069	0.94163	0.00138	0.00069	0.00173
83	0.00703	0.00273	0.00369	0.00283	0.00405	0.00240	0.00234	0.02965	0.01305	0.90523	0.00617	0.00534	0.00389	0.00195	0.00159	0.00049	0.00135	0.00159	0.00194	0.00269
84	0.00590	0.00752	0.00447	0.00407	0.00488	0.93818	0.00305	0.00630	0.00447	0.00386	0.00244	0.00285	0.00203	0.00163	0.00142	0.00041	0.00285	0.00102	0.00081	0.00183
85	0.91550	0.00304	0.00242	0.04165	0.00338	0.00354	0.00182	0.00462	0.00271	0.00695	0.00222	0.00263	0.00173	0.00147	0.00100	0.00049	0.00126	0.00088	0.00097	0.00171
86	0.00704	0.00276	0.00371	0.00284	0.00407	0.00243	0.00235	0.04655	0.00464	0.89673	0.00613	0.00531	0.00386	0.00195	0.00159	0.00049	0.00136	0.00158	0.00194	0.00269
87	0.00583	0.00429	0.00462	0.00357	0.00479	0.00474	0.00294	0.89031	0.00724	0.00970	0.00400	0.04341	0.00301	0.00202	0.00160	0.00048	0.00170	0.00155	0.00157	0.00263
88	0.00269	0.00203	0.00256	0.00285	0.00324	0.04125	0.00243	0.00336	0.00365	0.01822	0.02302	0.07744	0.03674	0.00422	0.00211	0.00069	0.00144	0.76913	0.00144	0.00147
89	0.00226	0.00153	0.00172	0.00173	0.00176	0.00151	0.00099	0.00229	0.00238	0.00315	0.00558	0.04468	0.04505	0.87049	0.00756	0.00146	0.00148	0.00242	0.00100	0.00098
90	0.00228	0.00152	0.00173	0.00174	0.00175	0.00152	0.00098	0.00229	0.00233	0.00310	0.00513	0.04967	0.00594	0.90490	0.00778	0.00149	0.00150	0.00239	0.00098	0.00097
91	0.00229	0.00180	0.00204	0.00213	0.00260	0.00160	0.00165	0.00271	0.00369	0.00912	0.04167	0.08270	0.59448	0.00902	0.04154	0.00071	0.00117	0.19609	0.00152	0.00148
92	0.00290	0.00149	0.00153	0.00155	0.00190	0.00149	0.00116	0.00361	0.00329	0.00574	0.00532	0.01603	0.00437	0.02863	0.00135	0.00042	0.00079	0.04042	0.87656	0.00145
93	0.00193	0.00139	0.00184	0.00220	0.00230	0.00129	0.00148	0.00222	0.00304	0.00405	0.00882	0.91156	0.02668	0.00492	0.00202	0.00064	0.00092	0.01994	0.00147	0.00129
94	0.00226	0.00160	0.00206	0.00206	0.00220	0.00171	0.00140	0.00252	0.00245	0.00337	0.00512	0.00879	0.04412	0.50969	0.40191	0.00192	0.00264	0.00208	0.00093	0.00116
95	0.00270	0.00180	0.00223	0.00233	0.00271	0.00171	0.00173	0.04217	0.03926	0.08555	0.01523	0.47433	0.17212	0.02370	0.00206	0.00063	0.00106	0.12563	0.00151	0.00154
96	0.00347	0.00345	0.00478	0.00411	0.00414	0.00480	0.00341	0.00399	0.04160	0.00392	0.00226	0.00356	0.00219	0.00274	0.00503	0.00068	0.90198	0.00140	0.00073	0.00176
97	0.00224	0.00171	0.00209	0.04148	0.00272	0.00157	0.00157	0.00291	0.01482	0.02207	0.46948	0.01288	0.37100	0.00347	0.00186	0.00052	0.00087	0.04368	0.00158	0.00147
98	0.93135	0.00304	0.00235	0.00209	0.00308	0.00351	0.00173	0.00472	0.00273	0.03089	0.00230	0.00264	0.00177	0.00148	0.00099	0.00049	0.00122	0.00087	0.00100	0.00173
99	0.00301	0.00281	0.00473	0.93323	0.01082	0.00350	0.00437	0.00406	0.00317	0.01147	0.00283	0.00422	0.00212	0.00158	0.00158	0.00053	0.00210	0.00140	0.00071	0.00176
100	0.90075	0.00324	0.00244	0.00218	0.00315	0.03916	0.00178	0.01726	0.00283	0.01274	0.00225	0.00261	0.00175	0.00148	0.00101	0.00049	0.00129	0.00087	0.00099	0.00173
101	0.00199	0.00150	0.00186	0.00210	0.00237	0.00137	0.00152	0.00236	0.00329	0.00421	0.02170	0.53003	0.28853	0.00457	0.00201	0.00585	0.00095	0.12102	0.00146	0.00132

[dist]
# distance from previous block
# <min> <max>
0	1

[block]
# block no. 1 follows, 201 sequences, length 129
# corresponding to MSA columns:
# 104-232
name=unknown_B
#
# <colnr> <probs for GDERKNQSTAVLIFYWHMCP>
#	G	D	E	R	K	N	Q	S	T	A	V	L	I	F	Y	W	H	M	C	P
0	0.00226	0.00169	0.00254	0.00254	0.00282	0.00197	0.00197	0.00282	0.00254	0.00367	0.00423	0.00620	0.00395	0.01184	0.93826	0.00254	0.00423	0.00169	0.00085	0.00141
1	0.95567	0.00305	0.00232	0.00208	0.00305	0.00354	0.00171	0.00464	0.00269	0.00708	0.00220	0.00256	0.00171	0.00147	0.00098	0.00049	0.00122	0.00085	0.00098	0.00171
2	0.00625	0.00460	0.00492	0.00380	0.00509	0.00504	0.00311	0.92628	0.00758	0.01018	0.00404	0.00413	0.00292	0.00206	0.00169	0.00052	0.00183	0.00151	0.00166	0.00281
3	0.00233	0.00176	0.00252	0.00248	0.00269	0.00206	0.00187	0.00278	0.00249	0.00356	0.00424	0.00681	0.00417	0.18513	0.71106	0.00224	0.05781	0.00179	0.00086	0.00134
4	0.00327	0.00241	0.00280	0.00275	0.00330	0.01143	0.00211	0.03227	0.32729	0.07541	0.02578	0.32348	0.03555	0.00346	0.00185	0.00059	0.00564	0.13714	0.00155	0.00189
5	0.00244	0.00177	0.00223	0.00220	0.00237	0.00993	0.00662	0.03725	0.00269	0.00366	0.00505	0.10656	0.00548	0.47177	0.30883	0.00169	0.01442	0.01282	0.00100	0.00123
6	0.00344	0.00282	0.00398	0.03315	0.15719	0.00290	0.07013	0.16683	0.08743	0.01522	0.00597	0.32985	0.01447	0.01043	0.00184	0.00056	0.00146	0.06992	0.00130	0.02110
7	0.00327	0.01811	0.85951	0.00475	0.05633	0.01242	0.00569	0.01328	0.00339	0.00503	0.00284	0.00335	0.00203	0.00150	0.00150	0.00050	0.00230	0.00118	0.00068	0.00234
8	0.00393	0.00339	0.00357	0.00321	0.00411	0.00393	0.00250	0.00839	0.93181	0.00660	0.00643	0.00589	0.00482	0.00214	0.00161	0.00054	0.00125	0.00178	0.00161	0.00250
9	0.00274	0.00137	0.00206	0.00206	0.00206	0.00137	0.00137	0.00206	0.00206	0.00274	0.00274	0.00480	0.00274	0.00548	0.00617	0.95407	0.00137	0.00137	0.00069	0.00069
10	0.01433	0.00778	0.00480	0.00437	0.00523	0.91768	0.00325	0.01314	0.00479	0.00441	0.00293	0.00350	0.00248	0.00194	0.00163	0.00050	0.00298	0.00118	0.00098	0.00209
11	0.00253	0.00206	0.00214	0.00210	0.00267	0.00180	0.00155	0.00308	0.05640	0.00510	0.11416	0.02267	0.75221	0.00412	0.00206	0.00062	0.00101	0.02038	0.00166	0.00167
12	0.94967	0.00340	0.00267	0.00241	0.00343	0.00382	0.00193	0.00500	0.00301	0.00754	0.00268	0.00322	0.00216	0.00178	0.00119	0.00058	0.00139	0.00102	0.00114	0.00196
13	0.00209	0.00164	0.00189	0.00183	0.00229	0.00145	0.00138	0.00272	0.01794	0.00532	0.46868	0.01341	0.45635	0.00359	0.00186	0.00052	0.00079	0.01321	0.00160	0.00143
14	0.00207	0.00160	0.00182	0.00191	0.00233	0.00141	0.00143	0.00252	0.00882	0.02017	0.07039	0.21126	0.56696	0.00884	0.00195	0.00058	0.00090	0.09219	0.00149	0.00137
15	0.00192	0.00137	0.00183	0.00220	0.00229	0.00128	0.00147	0.00220	0.00302	0.00403	0.00870	0.94348	0.01044	0.00495	0.00202	0.00064	0.00092	0.00449	0.00147	0.00128
16	0.00193	0.00138	0.00184	0.00221	0.00230	0.00129	0.00148	0.00221	0.00303	0.00404	0.00870	0.93195	0.01043	0.00494	0.00202	0.00064	0.00092	0.01595	0.00147	0.00128
17	0.00213	0.00147	0.00177	0.00193	0.00199	0.00143	0.00119	0.00226	0.00265	0.00351	0.00684	0.39989	0.03103	0.51902	0.00531	0.00113	0.00126	0.01291	0.00119	0.00111
18	0.00448	0.00302	0.00342	0.00301	0.00391	0.00326	0.00238	0.03274	0.56313	0.22069	0.02180	0.02130	0.03804	0.01023	0.00171	0.00054	0.00127	0.06101	0.00167	0.00239
19	0.00273	0.00212	0.00251	0.00232	0.00285	0.00218	0.00177	0.01072	0.25898	0.01096	0.61228	0.02164	0.05673	0.00297	0.00179	0.00051	0.00090	0.00259	0.00169	0.00177
20	0.00254	0.00182	0.00254	0.00291	0.00327	0.00182	0.00254	0.00327	0.00363	0.00472	0.00836	0.01781	0.00909	0.00436	0.00218	0.00073	0.00145	0.92404	0.00145	0.00145
21	0.01239	0.00266	0.00361	0.00280	0.00399	0.00232	0.00231	0.00752	0.01325	0.88835	0.01920	0.00572	0.00417	0.00202	0.00160	0.00049	0.00134	0.02169	0.00193	0.00264
22	0.00393	0.00339	0.00357	0.00321	0.00411	0.00393	0.00250	0.00839	0.93181	0.00660	0.00643	0.00589	0.00482	0.00214	0.00161	0.00054	0.00125	0.00178	0.00161	0.00250
23	0.00708	0.00269	0.00366	0.00281	0.00403	0.00232	0.00232	0.00769	0.00452	0.93576	0.00623	0.00537	0.00391	0.00195	0.00159	0.00049	0.00134	0.00159	0.00195	0.00269
24	0.00230	0.00153	0.00172	0.00172	0.00172	0.00153	0.00096	0.00230	0.00230	0.00306	0.00497	0.01033	0.00574	0.94452	0.00804	0.00153	0.00153	0.00230	0.00096	0.00096
25	0.00247	0.00176	0.00243	0.00268	0.00304	0.00173	0.00228	0.00317	0.00379	0.00504	0.21248	0.03499	0.01033	0.00413	0.00215	0.01048	0.00129	0.69281	0.00151	0.00145
26	0.95567	0.00305	0.00232	0.00208	0.00305	0.00354	0.00171	0.00464	0.00269	0.00708	0.00220	0.00256	0.00171	0.00147	0.00098	0.00049	0.00122	0.00085	0.00098	0.00171
27	0.00226	0.00169	0.00254	0.00254	0.00282	0.00197	0.00197	0.00282	0.00254	0.00367	0.00423	0.00620	0.00395	0.01184	0.93826	0.00254	0.00423	0.00169	0.00085	0.00141
28	0.00223	0.00161	0.00211	0.00198	0.00236	0.00149	0.00149	0.00297	0.00446	0.00631	0.92422	0.01183	0.02452	0.00324	0.00186	0.00050	0.00075	0.00286	0.00174	0.00149
29	0.00192	0.00137	0.00183	0.00220	0.00229	0.00128	0.00147	0.00220	0.00302	0.00403	0.00870	0.94348	0.01044	0.00495	0.00202	0.00064	0.00092	0.00449	0.00147	0.00128
30	0.00327	0.00281	0.00327	0.00234	0.00374	0.00210	0.00187	0.00398	0.00327	0.00514	0.00281	0.00327	0.00234	0.00117	0.00117	0.00023	0.00117	0.00094	0.00094	0.95417
31	0.00274	0.00137	0.00206	0.00206	0.00206	0.00137	0.00137	0.00206	0.00206	0.00274	0.00274	0.00480	0.00274	0.00548	0.00617	0.95407	0.00137	0.00137	0.00069	0.00069
32	0.95567	0.00305	0.00232	0.00208	0.00305	0.00354	0.00171	0.00464	0.00269	0.00708	0.00220	0.00256	0.00171	0.00147	0.00098	0.00049	0.00122	0.00085	0.00098	0.00171
33	0.00373	0.00426	0.00932	0.00665	0.00825	0.00399	0.92893	0.00506	0.00373	0.00506	0.00319	0.00426	0.00240	0.00133	0.00186	0.00053	0.00266	0.00186	0.00080	0.00213
34	0.00254	0.00182	0.00254	0.00291	0.00327	0.00182	0.00254	0.00327	0.00363	0.00472	0.00836	0.01781	0.00909	0.00436	0.00218	0.00073	0.00145	0.92404	0.00145	0.00145
35	0.00600	0.00442	0.00474	0.00363	0.00490	0.00490	0.00300	0.92940	0.00742	0.00995	0.00379	0.00379	0.00268	0.00190	0.00158	0.00047	0.00174	0.00142	0.00158	0.00268
36	0.00230	0.00153	0.00172	0.00172	0.00172	0.00153	0.00096	0.00230	0.00230	0.00306	0.00497	0.01033	0.00574	0.94452	0.00804	0.00153	0.00153	0.00230	0.00096	0.00096
37	0.00274	0.00137	0.00206	0.00206	0.00206	0.00137	0.00137	0.00206	0.00206	0.00274	0.00274	0.00480	0.00274	0.00548	0.00617	0.95407	0.00137	0.00137	0.00069	0.00069
38	0.94030	0.00305	0.00234	0.00209	0.00307	0.00352	0.00172	0.00469	0.00272	0.02213	0.00226	0.00261	0.00175	0.00147	0.00099	0.00049	0.00122	0.00087	0.00099	0.00173
39	0.00708	0.00269	0.00366	0.00281	0.00403	0.00232	0.00232	0.00769	0.00452	0.93576	0.00623	0.00537	0.00391	0.00195	0.00159	0.00049	0.00134	0.00159	0.00195	0.00269
40	0.00393	0.00339	0.00357	0.00321	0.00411	0.00393	0.00250	0.00839	0.93181	0.00660	0.00643	0.00589	0.00482	0.00214	0.00161	0.00054	0.00125	0.00178	0.00161	0.00250
41	0.00223	0.00161	0.00211	0.00199	0.00236	0.00149	0.00149	0.00298	0.00447	0.00633	0.93383	0.01179	0.01490	0.00323	0.00186	0.00050	0.00074	0.00286	0.00174	0.00149
42	0.00187	0.00160	0.00160	0.00160	0.00213	0.00133	0.00120	0.00227	0.00360	0.00426	0.01599	0.01519	0.93403	0.00400	0.00187	0.00053	0.00080	0.00333	0.00147	0.00133
43	0.00393	0.00339	0.00357	0.00321	0.00411	0.00393	0.00250	0.00839	0.93181	0.00660	0.00643	0.00589	0.00482	0.00214	0.00161	0.00054	0.00125	0.00178	0.00161	0.00250
44	0.00590	0.00752	0.00447	0.00407	0.00488	0.93818	0.00305	0.00630	0.00447	0.00386	0.00244	0.00285	0.00203	0.00163	0.00142	0.00041	0.00285	0.00102	0.00081	0.00183
45	0.00192	0.00137	0.00183	0.00220	0.00229	0.00128	0.00147	0.00220	0.00302	0.00403	0.00870	0.94348	0.01044	0.00495	0.00202	0.00064	0.00092	0.00449	0.00147	0.00128
46	0.00194	0.00138	0.00183	0.00219	0.00228	0.00130	0.00146	0.00221	0.00300	0.00400	0.00856	0.90175	0.01026	0.03876	0.00223	0.00067	0.00094	0.01250	0.00145	0.00127
47	0.00597	0.00440	0.00472	0.00362	0.00488	0.00487	0.00299	0.92189	0.00738	0.00990	0.00379	0.00381	0.00270	0.00198	0.00918	0.00049	0.00176	0.00142	0.00157	0.00267
48	0.00708	0.00269	0.00366	0.00281	0.00403	0.00232	0.00232	0.00769	0.00452	0.93576	0.00623	0.00537	0.00391	0.00195	0.00159	0.00049	0.00134	0.00159	0.00195	0.00269
49	0.00191	0.00162	0.00165	0.00165	0.00217	0.00137	0.00124	0.00237	0.01384	0.00438	0.05777	0.02712	0.86478	0.00396	0.00187	0.00053	0.00081	0.00813	0.00148	0.00135
50	0.00327	0.00281	0.00327	0.00234	0.00374	0.00210	0.00187	0.00398	0.00327	0.00514	0.00281	0.00327	0.00234	0.00117	0.00117	0.00023	0.00117	0.00094	0.00094	0.95417
51	0.00226	0.00169	0.00254	0.00254	0.00282	0.00197	0.00197	0.00282	0.00254	0.00367	0.00423	0.00620	0.00395	0.01184	0.93826	0.00254	0.00423	0.00169	0.00085	0.00141
52	0.00192	0.00161	0.00168	0.00168	0.00219	0.00136	0.00127	0.00237	0.00369	0.00448	0.10598	0.01494	0.81562	0.00393	0.00188	0.00054	0.00081	0.03122	0.00149	0.00135
53	0.95567	0.00305	0.00232	0.00208	0.00305	0.00354	0.00171	0.00464	0.00269	0.00708	0.00220	0.00256	0.00171	0.00147	0.00098	0.00049	0.00122	0.00085	0.00098	0.00171
54	0.00414	0.00353	0.00367	0.00320	0.00416	0.02497	0.00251	0.10833	0.72981	0.01134	0.00592	0.00553	0.01597	0.00206	0.00157	0.00050	0.00133	0.00169	0.00154	0.06825
55	0.00973	0.29365	0.00530	0.00328	0.00432	0.22343	0.00272	0.07052	0.36064	0.00531	0.00399	0.00398	0.00315	0.00176	0.00138	0.00044	0.00179	0.00129	0.00113	0.00221
56	0.00194	0.00139	0.00185	0.00220	0.00231	0.00130	0.00149	0.00223	0.00306	0.00407	0.01670	0.89589	0.02816	0.00490	0.00201	0.00064	0.00092	0.02618	0.00147	0.00129
57	0.00230	0.00163	0.00213	0.00200	0.00238	0.00150	0.00150	0.00304	0.00447	0.01805	0.92213	0.01171	0.01476	0.00321	0.00186	0.00050	0.00075	0.00284	0.00174	0.00150
58	0.01239	0.00747	0.77447	0.00483	0.00703	0.00372	0.15807	0.00501	0.00339	0.00503	0.00289	0.00348	0.00206	0.00147	0.00155	0.00051	0.00238	0.00128	0.00069	0.00229
59	0.00274	0.00137	0.00206	0.00206	0.00206	0.00137	0.00137	0.00206	0.00206	0.00274	0.00274	0.00480	0.00274	0.00548	0.00617	0.95407	0.00137	0.00137	0.00069	0.00069
60	0.00194	0.00163	0.00170	0.00167	0.00219	0.00139	0.00126	0.00245	0.01667	0.00458	0.14050	0.01460	0.79624	0.00387	0.00186	0.00053	0.00080	0.00325	0.00150	0.00137
61	0.00274	0.00137	0.00206	0.00206	0.00206	0.00137	0.00137	0.00206	0.00206	0.00274	0.00274	0.00480	0.00274	0.00548	0.00617	0.95407	0.00137	0.00137	0.00069	0.00069
62	0.95567	0.00305	0.00232	0.00208	0.00305	0.00354	0.00171	0.00464	0.00269	0.00708	0.00220	0.00256	0.00171	0.00147	0.00098	0.00049	0.00122	0.00085	0.00098	0.00171
63	0.94169	0.00928	0.00238	0.00209	0.00307	0.00357	0.00173	0.01214	0.00273	0.00708	0.00221	0.00257	0.00172	0.00147	0.00098	0.00049	0.00123	0.00086	0.00098	0.00172
64	0.00229	0.00154	0.00178	0.00178	0.00181	0.00156	0.00103	0.00233	0.00232	0.00311	0.00494	0.01563	0.00564	0.87005	0.07664	0.00160	0.00173	0.00226	0.00095	0.00099
65	0.00607	0.00432	0.00467	0.00358	0.00484	0.00474	0.00296	0.87320	0.00725	0.06640	0.00394	0.00389	0.00276	0.00190	0.00158	0.00047	0.00171	0.00143	0.00160	0.00269
66	0.00222	0.00161	0.00209	0.00197	0.00235	0.00148	0.00148	0.00295	0.00444	0.00626	0.90042	0.01192	0.04836	0.00326	0.00186	0.00050	0.00075	0.00287	0.00173	0.00148
67	0.02674	0.91115	0.00808	0.00270	0.00404	0.01813	0.00268	0.00475	0.00321	0.00380	0.00220	0.00254	0.00202	0.00136	0.00102	0.00034	0.00169	0.00085	0.00068	0.00202
68	0.00401	0.00386	0.00632	0.00938	0.88620	0.02567	0.00475	0.03143	0.00373	0.00527	0.00298	0.00388	0.00250	0.00143	0.00156	0.00047	0.00189	0.00140	0.00081	0.00249
69	0.00684	0.00269	0.00363	0.00278	0.00400	0.00232	0.00229	0.01245	0.00447	0.87611	0.01559	0.00533	0.00394	0.00193	0.00157	0.00048	0.00133	0.00157	0.00190	0.04877
70	0.00393	0.00339	0.00357	0.00321	0.00411	0.00393	0.00250	0.00839	0.93181	0.00660	0.00643	0.00589	0.00482	0.00214	0.00161	0.00054	0.00125	0.00178	0.00161	0.00250
71	0.00192	0.00137	0.00183	0.00220	0.00229	0.00128	0.00147	0.00220	0.00302	0.00403	0.00870	0.94348	0.01044	0.00495	0.00202	0.00064	0.00092	0.00449	0.00147	0.00128
72	0.00402	0.00355	0.00361	0.00325	0.00414	0.03852	0.00252	0.01614	0.88963	0.00653	0.00626	0.00576	0.00470	0.00212	0.00160	0.00053	0.00131	0.00175	0.00158	0.00248
73	0.01212	0.00282	0.00475	0.92336	0.01078	0.00351	0.01264	0.00405	0.00316	0.00407	0.00280	0.00419	0.00210	0.00158	0.00158	0.00053	0.00210	0.00140	0.00071	0.00176
74	0.00230	0.00153	0.00172	0.00172	0.00172	0.00153	0.00096	0.00230	0.00230	0.00306	0.00497	0.01033	0.00574	0.94452	0.00804	0.00153	0.00153	0.00230	0.00096	0.00096
75	0.00229	0.00153	0.00172	0.00173	0.00173	0.00153	0.00096	0.00229	0.00230	0.00307	0.00501	0.01993	0.00579	0.93485	0.00797	0.00152	0.00152	0.00232	0.00096	0.00096
76	0.00658	0.00280	0.00365	0.00287	0.00404	0.00257	0.00235	0.00780	0.15139	0.78860	0.00626	0.00546	0.00405	0.00198	0.00159	0.00050	0.00133	0.00162	0.00190	0.00266
77	0.00223	0.00150	0.00174	0.00180	0.00182	0.00149	0.00104	0.00228	0.00242	0.00323	0.00561	0.17058	0.00655	0.78317	0.00700	0.00138	0.00143	0.00267	0.00104	0.00101
78	0.00345	0.00345	0.00484	0.00414	0.00414	0.00484	0.00345	0.00380	0.00242	0.00380	0.00207	0.00345	0.00207	0.00276	0.00518	0.00069	0.94163	0.00138	0.00069	0.00173
79	0.00230	0.00153	0.00172	0.00172	0.00172	0.00153	0.00096	0.00230	0.00230	0.00306	0.00497	0.01033	0.00574	0.94452	0.00804	0.00153	0.00153	0.00230	0.00096	0.00096
80	0.00190	0.00160	0.00164	0.00166	0.00217	0.00135	0.00124	0.00232	0.00891	0.00431	0.03250	0.06129	0.85384	0.00403	0.00188	0.00054	0.00082	0.01518	0.00147	0.00134
81	0.00196	0.00141	0.00187	0.00222	0.00233	0.00132	0.00150	0.00229	0.01042	0.00408	0.01651	0.89521	0.01036	0.01158	0.00206	0.00065	0.00094	0.03055	0.00147	0.00130
82	0.00327	0.00281	0.00327	0.00234	0.00374	0.00210	0.00187	0.00398	0.00327	0.00514	0.00281	0.00327	0.00234	0.00117	0.00117	0.00023	0.00117	0.00094	0.00094	0.95417
83	0.00230	0.00153	0.00172	0.00172	0.00172	0.00153	0.00096	0.00230	0.00230	0.00306	0.00497	0.01033	0.00574	0.94452	0.00804	0.00153	0.00153	0.00230	0.00096	0.00096
84	0.00200	0.00164	0.00173	0.00172	0.00224	0.00141	0.00131	0.00250	0.01662	0.01422	0.08485	0.02503	0.79648	0.00392	0.00187	0.00054	0.00083	0.03821	0.00149	0.00138
85	0.00210	0.00166	0.00177	0.00174	0.00227	0.00142	0.00132	0.00260	0.01395	0.03054	0.12046	0.01452	0.76059	0.00385	0.00187	0.00053	0.00084	0.03505	0.00151	0.00141
86	0.00447	0.00275	0.00325	0.00286	0.00368	0.00285	0.00224	0.08579	0.33248	0.26774	0.05485	0.17155	0.01902	0.00273	0.00171	0.00054	0.00123	0.03634	0.00168	0.00225
87	0.01367	0.00273	0.00366	0.00283	0.00403	0.00242	0.00233	0.01307	0.05036	0.87784	0.00620	0.00537	0.00393	0.00196	0.00158	0.00049	0.00134	0.00159	0.00193	0.00267
88	0.00197	0.00141	0.00188	0.00224	0.00234	0.00132	0.00153	0.00227	0.00305	0.00406	0.00862	0.86818	0.01028	0.02074	0.00213	0.00066	0.00096	0.06364	0.00146	0.00129
89	0.00459	0.00233	0.00299	0.00253	0.00334	0.00220	0.00200	0.00579	0.13349	0.41299	0.37956	0.00827	0.01643	0.00254	0.00171	0.00050	0.00109	0.01369	0.00181	0.00215
90	0.04668	0.00209	0.00255	0.00254	0.00312	0.00207	0.00208	0.01279	0.10802	0.11870	0.06289	0.09490	0.17674	0.00358	0.00189	0.00061	0.00120	0.35433	0.00153	0.00171
91	0.00225	0.00172	0.00209	0.00199	0.00242	0.00160	0.00150	0.00314	0.06231	0.00583	0.64720	0.04250	0.20761	0.00338	0.00185	0.00051	0.00080	0.00810	0.00166	0.00151
92	0.00345	0.00345	0.00484	0.00414	0.00414	0.00484	0.00345	0.00380	0.00242	0.00380	0.00207	0.00345	0.00207	0.00276	0.00518	0.00069	0.94163	0.00138	0.00069	0.00173
93	0.00193	0.00138	0.00183	0.00219	0.00228	0.00129	0.00146	0.00220	0.00301	0.00402	0.00865	0.93120	0.01038	0.01731	0.00209	0.00065	0.00092	0.00446	0.00146	0.00128
94	0.00197	0.00143	0.00187	0.00220	0.00233	0.00135	0.00148	0.00235	0.02575	0.00410	0.00892	0.88618	0.04452	0.00484	0.00200	0.00063	0.00092	0.00438	0.00147	0.00131
95	0.00229	0.00153	0.00172	0.00173	0.00173	0.00153	0.00096	0.00230	0.00230	0.00307	0.00500	0.01716	0.00577	0.93764	0.00799	0.00152	0.00153	0.00231	0.00096	0.00096
96	0.00192	0.00137	0.00183	0.00220	0.00229	0.00128	0.00147	0.00220	0.00302	0.00403	0.00870	0.94348	0.01044	0.00495	0.00202	0.00064	0.00092	0.00449	0.00147	0.00128
97	0.00345	0.00345	0.00484	0.00414	0.00414	0.00484	0.00345	0.00380	0.00242	0.00380	0.00207	0.00345	0.00207	0.00276	0.00518	0.00069	0.94163	0.00138	0.00069	0.00173
98	0.00320	0.03504	0.90151	0.00449	0.01492	0.00374	0.00573	0.00499	0.00333	0.00496	0.00282	0.00332	0.00201	0.00149	0.00149	0.00050	0.00231	0.00116	0.00067	0.00233
99	0.00400	0.00343	0.00361	0.00323	0.00413	0.00396	0.00252	0.04049	0.89959	0.00672	0.00633	0.00582	0.00475	0.00213	0.00161	0.00053	0.00127	0.00177	0.00161	0.00251
100	0.95567	0.00305	0.00232	0.00208	0.00305	0.00354	0.00171	0.00464	0.00269	0.00708	0.00220	0.00256	0.00171	0.00147	0.00098	0.00049	0.00122	0.00085	0.00098	0.00171
101	0.00600	0.00442	0.00474	0.00363	0.00490	0.00490	0.00300	0.92940	0.00742	0.00995	0.00379	0.00379	0.00268	0.00190	0.00158	0.00047	0.00174	0.00142	0.00158	0.00268
102	0.00590	0.00738	0.00449	0.00405	0.00488	0.89333	0.00305	0.05066	0.00462	0.00416	0.00251	0.00289	0.00206	0.00164	0.00143	0.00041	0.00279	0.00104	0.00085	0.00187
103	0.00590	0.00752	0.00447	0.00407	0.00488	0.93818	0.00305	0.00630	0.00447	0.00386	0.00244	0.00285	0.00203	0.00163	0.00142	0.00041	0.00285	0.00102	0.00081	0.00183
104	0.00327	0.00281	0.00327	0.00234	0.00374	0.00210	0.00187	0.00398	0.00327	0.00514	0.00281	0.00327	0.00234	0.00117	0.00117	0.00023	0.00117	0.00094	0.00094	0.95417
105	0.00441	0.00335	0.00366	0.00314	0.00402	0.00370	0.00248	0.40809	0.29048	0.01814	0.00579	0.18687	0.00944	0.00264	0.00168	0.00053	0.00139	0.02767	0.02020	0.00229
106	0.95567	0.00305	0.00232	0.00208	0.00305	0.00354	0.00171	0.00464	0.00269	0.00708	0.00220	0.00256	0.00171	0.00147	0.00098	0.00049	0.00122	0.00085	0.00098	0.00171
107	0.00197	0.00158	0.00177	0.00189	0.00229	0.00140	0.00139	0.00244	0.01840	0.00432	0.03388	0.26094	0.58704	0.00423	0.00192	0.00057	0.00088	0.07024	0.00147	0.00135
108	0.00437	0.02836	0.00785	0.00303	0.00410	0.22723	0.00241	0.17274	0.08709	0.01803	0.01989	0.01461	0.07949	0.00189	0.00145	0.00040	0.00167	0.02119	0.00116	0.30305
109	0.00569	0.00424	0.00457	0.00348	0.00476	0.00458	0.00287	0.82342	0.00695	0.00940	0.00368	0.00373	0.00265	0.00181	0.00153	0.00045	0.00167	0.00137	0.00151	0.11165
110	0.00476	0.55178	0.03778	0.00332	0.00450	0.33017	0.01525	0.01082	0.00367	0.00387	0.00232	0.00272	0.00204	0.00148	0.00127	0.00038	0.02024	0.00094	0.00073	0.00197
111	0.00506	0.00347	0.00395	0.00323	0.00429	0.00365	0.00267	0.50042	0.05171	0.11662	0.00505	0.01904	0.00421	0.00235	0.00166	0.00051	0.00154	0.17378	0.00949	0.08731
112	0.00421	0.93713	0.01653	0.00272	0.00408	0.00622	0.00273	0.00473	0.00321	0.00373	0.00220	0.00254	0.00203	0.00135	0.00102	0.00034	0.00169	0.00085	0.00068	0.00203
113	0.00387	0.00359	0.00598	0.00886	0.82068	0.00876	0.00455	0.00484	0.01932	0.02508	0.00352	0.01724	0.00310	0.00167	0.00161	0.00049	0.00182	0.06174	0.00087	0.00242
114	0.00192	0.00166	0.00164	0.00163	0.00217	0.01097	0.00122	0.00232	0.00363	0.00431	0.03575	0.01499	0.90452	0.00396	0.00186	0.00053	0.00082	0.00330	0.00147	0.00134
115	0.00346	0.00285	0.00332	0.00242	0.00378	0.00225	0.00194	0.01295	0.05142	0.03618	0.00311	0.00348	0.00252	0.00126	0.00123	0.00026	0.00607	0.00101	0.00101	0.85946
116	0.00255	0.00172	0.00191	0.00190	0.00192	0.00168	0.00108	0.00249	0.00247	0.00332	0.00522	0.01065	0.00596	0.94130	0.00812	0.00157	0.00162	0.00238	0.00104	0.00109
117	0.00345	0.00345	0.00484	0.00414	0.00414	0.00484	0.00345	0.00380	0.00242	0.00380	0.00207	0.00345	0.00207	0.00276	0.00518	0.00069	0.94163	0.00138	0.00069	0.00173
118	0.00327	0.00281	0.00327	0.00234	0.00374	0.00210	0.00187	0.00398	0.00327	0.00514	0.00281	0.00327	0.00234	0.00117	0.00117	0.00023	0.00117	0.00094	0.00094	0.95417
119	0.00226	0.00169	0.00254	0.00254	0.00282	0.00197	0.00197	0.00282	0.00254	0.00367	0.00423	0.00620	0.00395	0.01184	0.93826	0.00254	0.00423	0.00169	0.00085	0.00141
120	0.00230	0.00175	0.00259	0.00256	0.00282	0.00206	0.00198	0.00283	0.00252	0.00364	0.00418	0.00630	0.00396	0.05670	0.85729	0.00242	0.04014	0.00171	0.00085	0.00140
121	0.00408	0.00347	0.00366	0.00324	0.00417	0.00400	0.00254	0.07832	0.86163	0.00686	0.00623	0.00573	0.00466	0.00212	0.00160	0.00053	0.00129	0.00176	0.00160	0.00251
122	0.00205	0.00170	0.00177	0.00176	0.00229	0.00150	0.00133	0.00267	0.05100	0.01084	0.04605	0.03316	0.78676	0.01480	0.00755	0.00056	0.00088	0.03046	0.00148	0.00141
123	0.00391	0.00375	0.00641	0.00969	0.93467	0.00375	0.00485	0.00485	0.00359	0.00516	0.00297	0.00391	0.00250	0.00141	0.00156	0.00047	0.00188	0.00141	0.00078	0.00250
124	0.00422	0.94546	0.00827	0.00270	0.00405	0.00625	0.00270	0.00473	0.00321	0.00371	0.00219	0.00253	0.00203	0.00135	0.00101	0.00034	0.00169	0.00084	0.00068	0.00203
125	0.00241	0.00178	0.00195	0.00193	0.00244	0.00161	0.00143	0.01254	0.06393	0.06209	0.01719	0.15253	0.60036	0.04810	0.00215	0.00060	0.00094	0.02306	0.00148	0.00148
126	0.00200	0.00142	0.00188	0.00222	0.00235	0.00133	0.00151	0.00233	0.00878	0.01059	0.01911	0.86190	0.02204	0.01470	0.00208	0.00065	0.00095	0.04139	0.00147	0.00131
127	0.95567	0.00305	0.00232	0.00208	0.00305	0.00354	0.00171	0.00464	0.00269	0.00708	0.00220	0.00256	0.00171	0.00147	0.00098	0.00049	0.00122	0.00085	0.00098	0.00171
128	0.01446	0.00179	0.00232	0.00229	0.00270	0.00166	0.00166	0.00775	0.01232	0.22026	0.07599	0.44821	0.05260	0.10850	0.00256	0.00069	0.00110	0.04000	0.00154	0.00162

[dist]
# distance from previous block
# <min> <max>
0	1

[block]
# block no. 2 follows, 201 sequences, length 127
# corresponding to MSA columns:
# 234-360
name=unknown_C
#
# <colnr> <probs for GDERKNQSTAVLIFYWHMCP>
#	G	D	E	R	K	N	Q	S	T	A	V	L	I	F	Y	W	H	M	C	P
0	0.00223	0.00154	0.00192	0.00210	0.00233	0.00143	0.00146	0.00754	0.00317	0.03601	0.03527	0.51521	0.16633	0.14333	0.00287	0.00075	0.00104	0.06828	0.00141	0.00579
1	0.00225	0.00158	0.00213	0.00246	0.00267	0.00152	0.00186	0.00274	0.01589	0.01774	0.00849	0.57527	0.01406	0.02080	0.00216	0.00068	0.00112	0.32375	0.00146	0.00137
2	0.00209	0.00162	0.00186	0.00198	0.00235	0.00147	0.00144	0.00721	0.03537	0.01257	0.04423	0.34196	0.44496	0.03650	0.00214	0.00061	0.00093	0.05787	0.00147	0.00137
3	0.00231	0.00165	0.00209	0.00232	0.00253	0.00162	0.00163	0.03050	0.05752	0.01775	0.02332	0.68611	0.02960	0.06204	0.00235	0.00068	0.00104	0.07207	0.00146	0.00141
4	0.00731	0.00221	0.00255	0.00240	0.00300	0.00220	0.00182	0.03026	0.21345	0.11237	0.10231	0.18089	0.20282	0.04823	0.00208	0.00059	0.00108	0.04822	0.01347	0.02274
5	0.00203	0.00147	0.00192	0.00225	0.00238	0.00140	0.00152	0.00800	0.03176	0.00415	0.00857	0.86944	0.01426	0.01794	0.00209	0.00065	0.00095	0.02643	0.00146	0.00133
6	0.01101	0.00196	0.00250	0.00273	0.00305	0.00191	0.00210	0.04933	0.02546	0.02708	0.01284	0.47136	0.01348	0.01307	0.00218	0.00070	0.00127	0.35482	0.00155	0.00160
7	0.02059	0.00278	0.00310	0.00285	0.00357	0.00968	0.00221	0.12272	0.35980	0.09333	0.01137	0.22783	0.05233	0.01057	0.00179	0.00057	0.00124	0.06600	0.00561	0.00208
8	0.00194	0.00139	0.00185	0.00220	0.00230	0.00129	0.00147	0.00222	0.00304	0.00405	0.01436	0.92697	0.01042	0.00491	0.00201	0.00064	0.00092	0.01004	0.00146	0.00652
