[name]
ND1

[dist]
# distance from previous block
# <min> <max>
0	0

[block]
# block no. 0 follows, 200 sequences, length 16
# corresponding to MSA columns:
# 0-15
name=unknown_A
#
# <colnr> <probs for GDERKNQSTAVLIFYWHMCP>
#	G	D	E	R	K	N	Q	S	T	A	V	L	I	F	Y	W	H	M	C	P
0	0.00256	0.00183	0.00256	0.00292	0.00329	0.00183	0.00256	0.00329	0.00365	0.00475	0.00840	0.01789	0.00913	0.00438	0.00219	0.00073	0.00146	0.92369	0.00146	0.00146
1	0.00259	0.00196	0.00256	0.00233	0.00259	0.00202	0.04739	0.01141	0.04174	0.01079	0.01297	0.08959	0.01468	0.56769	0.07917	0.00129	0.05100	0.00228	0.00103	0.05491
2	0.00259	0.00187	0.00234	0.00247	0.00286	0.00184	0.00194	0.00347	0.09262	0.03028	0.04607	0.17937	0.13022	0.10799	0.00266	0.00073	0.00123	0.36588	0.00144	0.02212
3	0.00224	0.00173	0.00196	0.00198	0.00247	0.00156	0.00151	0.00289	0.04816	0.02584	0.10271	0.12070	0.54410	0.01624	0.00198	0.00057	0.00093	0.10683	0.00150	0.01410
4	0.00592	0.00756	0.00449	0.00409	0.00490	0.93790	0.00306	0.00633	0.00449	0.00388	0.00245	0.00286	0.00204	0.00163	0.00143	0.00041	0.00286	0.00102	0.00082	0.00184
5	0.00207	0.00160	0.00188	0.00203	0.00234	0.00149	0.00143	0.00265	0.05817	0.00433	0.04417	0.46113	0.34031	0.05021	0.00224	0.00064	0.00093	0.01953	0.00147	0.00137
6	0.00214	0.00150	0.00193	0.00221	0.00238	0.00141	0.00151	0.01405	0.01496	0.02379	0.00878	0.79778	0.05457	0.04680	0.00227	0.00067	0.00097	0.01947	0.00146	0.00134
7	0.00339	0.00245	0.00284	0.00269	0.00324	0.00257	0.00207	0.23458	0.10156	0.01652	0.03049	0.36201	0.02527	0.01997	0.00192	0.00059	0.00122	0.11652	0.06827	0.00182
8	0.00214	0.00157	0.00207	0.00232	0.00251	0.00156	0.00164	0.00274	0.05545	0.00434	0.06614	0.67056	0.00968	0.01736	0.09233	0.00083	0.00129	0.06265	0.00143	0.00139
9	0.00217	0.00180	0.00191	0.00188	0.00241	0.00164	0.00142	0.01660	0.08168	0.00476	0.09622	0.05737	0.68701	0.00382	0.00187	0.00054	0.00088	0.03305	0.00151	0.00147
10	0.00223	0.00162	0.00193	0.00198	0.00239	0.00145	0.00148	0.00271	0.00372	0.03826	0.22971	0.20222	0.40531	0.01771	0.00201	0.00058	0.00090	0.08083	0.00155	0.00142
11	0.00348	0.00293	0.00339	0.00244	0.00384	0.00231	0.00196	0.06811	0.00358	0.00550	0.00289	0.00332	0.00237	0.00123	0.00120	0.00025	0.00121	0.00097	0.00098	0.88802
12	0.00235	0.00179	0.00192	0.00183	0.00241	0.00159	0.00139	0.00309	0.06793	0.05523	0.12768	0.01366	0.70608	0.00368	0.00184	0.00053	0.00086	0.00309	0.00154	0.00151
13	0.00195	0.00141	0.00185	0.00220	0.00233	0.00131	0.00150	0.00225	0.00309	0.00409	0.00916	0.85379	0.06495	0.00489	0.00202	0.00064	0.00093	0.03886	0.00147	0.00130
14	0.00237	0.00179	0.00205	0.00225	0.00250	0.04783	0.00157	0.00271	0.00334	0.04343	0.06055	0.67328	0.12770	0.00445	0.00195	0.00061	0.00102	0.01775	0.00148	0.00140
15	0.00691	0.00271	0.00373	0.04934	0.00439	0.00239	0.00243	0.00755	0.00447	0.88926	0.00609	0.00534	0.00384	0.00194	0.00159	0.00049	0.00139	0.00159	0.00190	0.00265

[dist]
# distance from previous block
# <min> <max>
0	2

[block]
# block no. 1 follows, 200 sequences, length 13
# corresponding to MSA columns:
# 18-30
name=unknown_B
#
# <colnr> <probs for GDERKNQSTAVLIFYWHMCP>
#	G	D	E	R	K	N	Q	S	T	A	V	L	I	F	Y	W	H	M	C	P
0	0.00289	0.00183	0.00247	0.00249	0.00295	0.00173	0.00205	0.00361	0.00410	0.10331	0.39760	0.01397	0.03380	0.00364	0.00199	0.00060	0.00113	0.41661	0.00163	0.00160
1	0.00700	0.00288	0.00379	0.00291	0.00414	0.00260	0.00240	0.10464	0.00485	0.83812	0.00600	0.00523	0.00380	0.00196	0.00159	0.00049	0.00139	0.00158	0.00192	0.00270
2	0.00227	0.00153	0.00177	0.00181	0.00183	0.00153	0.00105	0.00232	0.00239	0.00320	0.00536	0.10835	0.00620	0.81160	0.04121	0.00148	0.00157	0.00252	0.00101	0.00101
3	0.00195	0.00139	0.00184	0.00219	0.00227	0.00130	0.00145	0.00221	0.00300	0.00400	0.00856	0.89906	0.01027	0.04944	0.00231	0.00069	0.00095	0.00440	0.00145	0.00127
4	0.00405	0.00341	0.00361	0.00321	0.00412	0.00390	0.00253	0.10490	0.77438	0.00685	0.00653	0.00639	0.03227	0.00226	0.00164	0.00054	0.00130	0.03405	0.00160	0.00246
5	0.00193	0.00138	0.00184	0.00221	0.00230	0.00129	0.00147	0.00221	0.00304	0.00405	0.00874	0.94323	0.01049	0.00497	0.00202	0.00064	0.00092	0.00451	0.00147	0.00129
6	0.00239	0.00177	0.00211	0.00205	0.00253	0.00165	0.00157	0.00325	0.06611	0.03519	0.41696	0.06272	0.32330	0.00356	0.00188	0.00054	0.00088	0.06840	0.00162	0.00154
7	0.00327	0.08302	0.86197	0.00438	0.00664	0.00389	0.00561	0.00500	0.00334	0.00492	0.00279	0.00328	0.00201	0.00149	0.00147	0.00049	0.00229	0.00115	0.00067	0.00232
8	0.07904	0.00284	0.00456	0.86553	0.01030	0.00353	0.00419	0.00410	0.00313	0.00430	0.00277	0.00410	0.00208	0.00158	0.00154	0.00053	0.00204	0.00137	0.00073	0.00176
9	0.00393	0.00377	0.00644	0.00973	0.93437	0.00377	0.00487	0.00487	0.00361	0.00518	0.00298	0.00393	0.00251	0.00141	0.00157	0.00047	0.00188	0.00141	0.00079	0.00251
10	0.00238	0.00175	0.00204	0.00198	0.00246	0.00160	0.00149	0.00314	0.05712	0.04379	0.33886	0.07632	0.40693	0.01659	0.00195	0.00055	0.00087	0.03706	0.00159	0.00151
11	0.00193	0.00138	0.00184	0.00221	0.00230	0.00129	0.00147	0.00221	0.00304	0.00405	0.00874	0.94323	0.01049	0.00497	0.00202	0.00064	0.00092	0.00451	0.00147	0.00129
12	0.95547	0.00307	0.00233	0.00209	0.00307	0.00356	0.00172	0.00466	0.00270	0.00712	0.00221	0.00258	0.00172	0.00147	0.00098	0.00049	0.00123	0.00086	0.00098	0.00172

[dist]
# distance from previous block
# <min> <max>
0	1

[block]
# block no. 2 follows, 200 sequences, length 218
# corresponding to MSA columns:
# 32-249
name=unknown_C
#
# <colnr> <probs for GDERKNQSTAVLIFYWHMCP>
#	G	D	E	R	K	N	Q	S	T	A	V	L	I	F	Y	W	H	M	C	P
0	0.00259	0.00186	0.00258	0.00293	0.00330	0.00187	0.00255	0.00340	0.02461	0.00479	0.00835	0.01762	0.00903	0.00433	0.00218	0.00073	0.00146	0.90287	0.00146	0.00148
1	0.00374	0.00428	0.00936	0.00668	0.00829	0.00401	0.92861	0.00508	0.00374	0.00508	0.00321	0.00428	0.00241	0.00134	0.00187	0.00053	0.00267	0.00187	0.00080	0.00214
2	0.00206	0.00145	0.00184	0.00212	0.00220	0.00138	0.00137	0.01142	0.00292	0.00389	0.00786	0.72610	0.00936	0.21419	0.00337	0.00084	0.00107	0.00399	0.00136	0.00123
3	0.00300	0.00282	0.00476	0.94045	0.01092	0.00352	0.00440	0.00405	0.00317	0.00405	0.00282	0.00423	0.00211	0.00159	0.00159	0.00053	0.00211	0.00141	0.00070	0.00176
4	0.00393	0.00377	0.00644	0.00973	0.93437	0.00377	0.00487	0.00487	0.00361	0.00518	0.00298	0.00393	0.00251	0.00141	0.00157	0.00047	0.00188	0.00141	0.00079	0.00251
5	0.95547	0.00307	0.00233	0.00209	0.00307	0.00356	0.00172	0.00466	0.00270	0.00712	0.00221	0.00258	0.00172	0.00147	0.00098	0.00049	0.00123	0.00086	0.00098	0.00172
6	0.00329	0.00282	0.00329	0.00235	0.00376	0.00211	0.00188	0.00399	0.00329	0.00517	0.00282	0.00329	0.00235	0.00117	0.00117	0.00023	0.00117	0.00094	0.00094	0.95396
7	0.00590	0.00752	0.00448	0.00407	0.00489	0.93143	0.00305	0.00630	0.00448	0.00388	0.00249	0.00935	0.00210	0.00166	0.00143	0.00041	0.00285	0.00105	0.00082	0.00183
8	0.00206	0.00166	0.00185	0.00180	0.00229	0.00147	0.00136	0.00270	0.02994	0.00504	0.31842	0.02067	0.58516	0.00372	0.00187	0.00053	0.00081	0.01566	0.00157	0.00143
9	0.00223	0.00162	0.00210	0.00198	0.00236	0.00149	0.00149	0.00296	0.00444	0.00625	0.88297	0.01205	0.06133	0.00329	0.00187	0.00050	0.00075	0.00711	0.00173	0.00149
10	0.95547	0.00307	0.00233	0.00209	0.00307	0.00356	0.00172	0.00466	0.00270	0.00712	0.00221	0.00258	0.00172	0.00147	0.00098	0.00049	0.00123	0.00086	0.00098	0.00172
11	0.00332	0.00282	0.00329	0.00235	0.00376	0.00212	0.00188	0.00402	0.00330	0.01184	0.00284	0.00330	0.00236	0.00118	0.00118	0.00024	0.00118	0.00094	0.00095	0.94714
12	0.00252	0.00680	0.00288	0.00274	0.00298	0.01551	0.00215	0.00301	0.00256	0.00370	0.00403	0.00605	0.01126	0.06479	0.69852	0.00761	0.14599	0.00168	0.01377	0.00144
13	0.95547	0.00307	0.00233	0.00209	0.00307	0.00356	0.00172	0.00466	0.00270	0.00712	0.00221	0.00258	0.00172	0.00147	0.00098	0.00049	0.00123	0.00086	0.00098	0.00172
14	0.00199	0.00146	0.00188	0.00219	0.00235	0.00136	0.00150	0.00238	0.01807	0.00421	0.03972	0.78073	0.09599	0.00476	0.00200	0.00063	0.00093	0.03505	0.00148	0.00133
15	0.00194	0.00139	0.00184	0.00219	0.00229	0.00129	0.00146	0.00221	0.00303	0.00403	0.00873	0.91092	0.02053	0.02722	0.00217	0.00066	0.00093	0.00444	0.00146	0.00128
16	0.00374	0.00428	0.00936	0.00668	0.00829	0.00401	0.92861	0.00508	0.00374	0.00508	0.00321	0.00428	0.00241	0.00134	0.00187	0.00053	0.00267	0.00187	0.00080	0.00214
17	0.00329	0.00282	0.00329	0.00235	0.00376	0.00211	0.00188	0.00399	0.00329	0.00517	0.00282	0.00329	0.00235	0.00117	0.00117	0.00023	0.00117	0.00094	0.00094	0.95396
18	0.00214	0.00159	0.00174	0.00174	0.00203	0.00146	0.00117	0.00240	0.00309	0.00962	0.05738	0.01297	0.43774	0.41852	0.00462	0.00098	0.00115	0.03721	0.00126	0.00119
19	0.00709	0.00273	0.00370	0.00284	0.00407	0.00238	0.00234	0.02589	0.00460	0.91723	0.00621	0.00537	0.00390	0.00196	0.00159	0.00049	0.00136	0.00159	0.00196	0.00270
20	0.00426	0.93396	0.00826	0.00273	0.00408	0.01746	0.00272	0.00477	0.00324	0.00373	0.00221	0.00255	0.00204	0.00136	0.00102	0.00034	0.00171	0.00085	0.00068	0.00203
21	0.02513	0.00271	0.00365	0.00281	0.00403	0.00235	0.00232	0.00767	0.00450	0.91784	0.00618	0.00534	0.00388	0.00195	0.00158	0.00049	0.00135	0.00158	0.00194	0.00268
22	0.00221	0.00165	0.00208	0.00219	0.00257	0.00152	0.00172	0.00279	0.00381	0.00899	0.28888	0.14964	0.25469	0.00402	0.00198	0.00060	0.00099	0.26670	0.00155	0.00142
23	0.00393	0.00377	0.00644	0.00973	0.93437	0.00377	0.00487	0.00487	0.00361	0.00518	0.00298	0.00393	0.00251	0.00141	0.00157	0.00047	0.00188	0.00141	0.00079	0.00251
24	0.00193	0.00138	0.00184	0.00221	0.00230	0.00129	0.00147	0.00221	0.00304	0.00405	0.00874	0.94323	0.01049	0.00497	0.00202	0.00064	0.00092	0.00451	0.00147	0.00129
25	0.00231	0.00154	0.00174	0.00174	0.00174	0.00154	0.00097	0.00231	0.00231	0.00308	0.00499	0.01035	0.00575	0.93791	0.01441	0.00154	0.00156	0.00230	0.00096	0.00096
26	0.00315	0.00270	0.00283	0.00262	0.00336	0.00292	0.00202	0.01429	0.55289	0.00574	0.01679	0.02768	0.33841	0.00291	0.00172	0.00054	0.00109	0.01474	0.00156	0.00205
27	0.00393	0.00377	0.00644	0.00973	0.93437	0.00377	0.00487	0.00487	0.00361	0.00518	0.00298	0.00393	0.00251	0.00141	0.00157	0.00047	0.00188	0.00141	0.00079	0.00251
28	0.00318	0.00820	0.93605	0.00452	0.00686	0.00368	0.00586	0.00502	0.00335	0.00502	0.00285	0.00335	0.00201	0.00151	0.00151	0.00050	0.00234	0.00117	0.00067	0.00234
29	0.00329	0.00282	0.00329	0.00235	0.00376	0.00211	0.00188	0.00399	0.00329	0.00517	0.00282	0.00329	0.00235	0.00117	0.00117	0.00023	0.00117	0.00094	0.00094	0.95396
30	0.00200	0.00144	0.00189	0.00222	0.00236	0.00135	0.00152	0.01165	0.00315	0.00418	0.02290	0.84731	0.04851	0.00485	0.00202	0.00064	0.00094	0.03829	0.00148	0.00131
31	0.00311	0.00297	0.00513	0.60361	0.08609	0.00350	0.10178	0.00408	0.00319	0.00425	0.00318	0.03934	0.00264	0.00224	0.04404	0.00063	0.06803	0.00817	0.01220	0.00182
32	0.00329	0.00282	0.00329	0.00235	0.00376	0.00211	0.00188	0.00399	0.00329	0.00517	0.00282	0.00329	0.00235	0.00117	0.00117	0.00023	0.00117	0.00094	0.00094	0.95396
33	0.00371	0.00244	0.00303	0.00280	0.00338	0.02077	0.03267	0.15436	0.05946	0.15460	0.02299	0.50143	0.00745	0.00359	0.00184	0.00058	0.00125	0.02024	0.00155	0.00186
34	0.00418	0.00341	0.00364	0.00322	0.00415	0.00390	0.00252	0.05344	0.83674	0.04893	0.00630	0.00579	0.00469	0.00221	0.00911	0.00055	0.00131	0.00177	0.00162	0.00252
35	0.00597	0.00441	0.00472	0.00364	0.00489	0.00489	0.00300	0.90115	0.03549	0.00989	0.00389	0.00387	0.00276	0.00191	0.00159	0.00048	0.00173	0.00144	0.00159	0.00269
36	0.00585	0.00431	0.00463	0.00359	0.00482	0.00477	0.00295	0.83128	0.08413	0.02596	0.00408	0.00405	0.00291	0.00713	0.00162	0.00049	0.00170	0.00147	0.00159	0.00267
37	0.00330	0.00272	0.00323	0.00335	0.09883	0.00283	0.00235	0.07208	0.31835	0.01452	0.07994	0.02137	0.22798	0.00284	0.00177	0.00746	0.00122	0.09551	0.00146	0.03890
38	0.00397	0.00303	0.00336	0.00296	0.00371	0.00330	0.00229	0.31222	0.26008	0.01417	0.01135	0.20296	0.02146	0.07861	0.01971	0.00066	0.00142	0.03683	0.00149	0.01643
39	0.00226	0.00162	0.00222	0.00258	0.00282	0.00157	0.00204	0.00278	0.00337	0.00442	0.00860	0.44725	0.01539	0.00465	0.00211	0.00069	0.00121	0.49157	0.00147	0.00138
40	0.00230	0.00157	0.00188	0.00188	0.00193	0.00162	0.00115	0.00240	0.00235	0.00319	0.00486	0.00962	0.00543	0.77292	0.17896	0.00172	0.00204	0.00219	0.00094	0.00104
41	0.00232	0.00194	0.00204	0.00199	0.00257	0.00183	0.00152	0.02033	0.14681	0.00487	0.05870	0.03824	0.66270	0.00369	0.00185	0.00054	0.00092	0.04407	0.00151	0.00156
42	0.00221	0.00178	0.00197	0.00203	0.00250	0.00165	0.00154	0.00304	0.09643	0.01124	0.04310	0.17910	0.54697	0.00400	0.00190	0.00057	0.00094	0.09605	0.00150	0.00147
43	0.01262	0.00277	0.00372	0.00285	0.00408	0.00244	0.00235	0.04444	0.00464	0.89314	0.00614	0.00532	0.00386	0.00196	0.00159	0.00049	0.00136	0.00158	0.00194	0.00269
44	0.00329	0.00282	0.00329	0.00235	0.00376	0.00211	0.00188	0.00399	0.00329	0.00517	0.00282	0.00329	0.00235	0.00117	0.00117	0.00023	0.00117	0.00094	0.00094	0.95396
45	0.00683	0.00240	0.00264	0.00240	0.00312	0.00243	0.00187	0.05121	0.28145	0.09297	0.08316	0.01990	0.39262	0.00310	0.00176	0.00053	0.00106	0.04069	0.00795	0.00190
46	0.00195	0.00140	0.00186	0.00223	0.00233	0.00131	0.00151	0.00224	0.00306	0.00407	0.00873	0.91236	0.01044	0.00495	0.00203	0.00065	0.00094	0.03517	0.00147	0.00129
47	0.00729	0.00292	0.00388	0.00301	0.00425	0.00256	0.00246	0.04147	0.00479	0.89902	0.00638	0.00563	0.00408	0.00210	0.00169	0.00053	0.00144	0.00166	0.00202	0.00281
48	0.00217	0.00155	0.00200	0.00234	0.00245	0.00143	0.00155	0.00239	0.00316	0.00424	0.00887	0.89894	0.01805	0.03937	0.00234	0.00072	0.00102	0.00448	0.00153	0.00139
49	0.01196	0.00373	0.00396	0.00342	0.00440	0.00419	0.00267	0.22230	0.66082	0.02652	0.00605	0.00585	0.01092	0.02325	0.00184	0.00058	0.00145	0.00179	0.00167	0.00262
50	0.00215	0.00159	0.00196	0.00224	0.00244	0.00144	0.00152	0.00240	0.00332	0.00433	0.01718	0.74389	0.19963	0.00489	0.00209	0.00066	0.00097	0.00432	0.00155	0.00142
51	0.00728	0.00289	0.00386	0.00299	0.00423	0.00252	0.00244	0.02186	0.01509	0.90834	0.00643	0.00567	0.00412	0.00211	0.00169	0.00053	0.00143	0.00167	0.00202	0.00281
52	0.00220	0.00158	0.00202	0.00235	0.00247	0.00146	0.00157	0.00246	0.01128	0.00428	0.01874	0.86969	0.01848	0.04379	0.00236	0.00072	0.00103	0.01058	0.00153	0.00141
53	0.00422	0.00341	0.00364	0.00323	0.00411	0.00377	0.00251	0.17520	0.58286	0.01647	0.01732	0.08279	0.07615	0.00266	0.00177	0.00058	0.00136	0.01386	0.00166	0.00245
54	0.00258	0.00189	0.00245	0.00274	0.00310	0.00181	0.00223	0.00317	0.01828	0.00482	0.02757	0.21041	0.13321	0.00453	0.00219	0.00072	0.00132	0.57390	0.00155	0.00154
55	0.00298	0.00154	0.00223	0.00222	0.00224	0.00151	0.00148	0.00224	0.00222	0.00298	0.00298	0.00512	0.00296	0.00564	0.00628	0.95089	0.00146	0.00145	0.00076	0.00081
56	0.00326	0.00239	0.00262	0.00241	0.00310	0.00233	0.00185	0.04428	0.21218	0.08404	0.12199	0.03901	0.43680	0.00339	0.00188	0.00057	0.00108	0.02425	0.01067	0.00191
57	0.00353	0.00299	0.00346	0.00251	0.00394	0.00226	0.00199	0.00906	0.00346	0.00541	0.00305	0.00359	0.00256	0.00132	0.00127	0.00028	0.00126	0.00102	0.00102	0.94604
58	0.00197	0.00143	0.00187	0.00220	0.00235	0.00133	0.00152	0.00229	0.00313	0.00412	0.01478	0.78890	0.08993	0.01279	0.00207	0.00065	0.00095	0.06495	0.00147	0.00130
59	0.00330	0.00282	0.00329	0.00236	0.00376	0.00213	0.00189	0.00404	0.01242	0.00518	0.00285	0.00331	0.00237	0.00118	0.00118	0.00024	0.00118	0.00095	0.00095	0.94460
60	0.00257	0.00185	0.00254	0.00286	0.00324	0.00186	0.00247	0.01322	0.02071	0.00478	0.00849	0.06307	0.03012	0.00903	0.00219	0.00072	0.00142	0.82592	0.00146	0.00148
61	0.00351	0.00298	0.00345	0.00250	0.00393	0.00225	0.00198	0.00416	0.00344	0.00539	0.00304	0.00359	0.00256	0.00132	0.00127	0.00028	0.00125	0.00102	0.00101	0.95108
62	0.00313	0.00299	0.00738	0.00353	0.01816	0.08214	0.05818	0.01576	0.00872	0.00401	0.00374	0.03838	0.01103	0.03060	0.37093	0.00140	0.29763	0.02866	0.01199	0.00162
63	0.00394	0.00307	0.00352	0.00261	0.00395	0.00693	0.00210	0.12590	0.05784	0.06601	0.00787	0.00369	0.00270	0.00139	0.00129	0.00030	0.00127	0.00111	0.00113	0.70338
64	0.00193	0.00138	0.00184	0.00221	0.00230	0.00129	0.00147	0.00221	0.00304	0.00405	0.00874	0.94323	0.01049	0.00497	0.00202	0.00064	0.00092	0.00451	0.00147	0.00129
65	0.00209	0.00167	0.00179	0.00179	0.00230	0.00146	0.00135	0.00265	0.03026	0.02110	0.10954	0.07849	0.70711	0.00392	0.00188	0.00054	0.00085	0.02829	0.00151	0.00141
66	0.00561	0.18207	0.00520	0.00383	0.00475	0.76451	0.00300	0.00604	0.00426	0.00385	0.00241	0.00280	0.00204	0.00158	0.00135	0.00040	0.00264	0.00099	0.00079	0.00188
67	0.00229	0.00164	0.00222	0.00256	0.00281	0.00160	0.00204	0.00281	0.00336	0.00440	0.00865	0.35156	0.04439	0.04886	0.00240	0.00073	0.00124	0.51361	0.00144	0.00137
68	0.00591	0.00753	0.00450	0.00409	0.00490	0.93147	0.00307	0.00632	0.00448	0.00388	0.00245	0.00286	0.00204	0.00164	0.00146	0.00041	0.00932	0.00102	0.00082	0.00184
69	0.00202	0.00144	0.00194	0.00231	0.00244	0.00137	0.00162	0.00236	0.00312	0.00414	0.00866	0.80345	0.01026	0.01283	0.00210	0.00066	0.00100	0.13550	0.00147	0.00131
70	0.83342	0.00322	0.00263	0.00228	0.00329	0.00370	0.00188	0.11233	0.00328	0.01871	0.00244	0.00275	0.00186	0.00153	0.00106	0.00049	0.00129	0.00093	0.00106	0.00184
71	0.00243	0.00163	0.00209	0.00214	0.00249	0.00149	0.00158	0.00297	0.00879	0.06445	0.35255	0.33526	0.14384	0.00394	0.00193	0.00057	0.00091	0.06786	0.00161	0.00148
72	0.00194	0.00139	0.00185	0.00220	0.00231	0.00130	0.00148	0.00223	0.00308	0.00410	0.02644	0.89967	0.02761	0.00491	0.00202	0.00064	0.00092	0.01314	0.00148	0.00129
73	0.00230	0.00154	0.00173	0.00173	0.00173	0.00154	0.00096	0.00231	0.00231	0.00308	0.00502	0.01661	0.00580	0.93798	0.00803	0.00153	0.00153	0.00232	0.00096	0.00096
74	0.00216	0.00170	0.00200	0.00214	0.00260	0.00155	0.00174	0.00273	0.01400	0.00451	0.02931	0.03854	0.53897	0.00414	0.00199	0.00061	0.00106	0.34737	0.00147	0.00140
75	0.00193	0.00138	0.00184	0.00221	0.00230	0.00129	0.00147	0.00221	0.00304	0.00405	0.00874	0.94323	0.01049	0.00497	0.00202	0.00064	0.00092	0.00451	0.00147	0.00129
76	0.00702	0.00281	0.00375	0.00288	0.00410	0.00251	0.00238	0.06464	0.01411	0.86890	0.00611	0.00531	0.00386	0.00196	0.00159	0.00049	0.00137	0.00159	0.00194	0.00270
77	0.00297	0.00228	0.00277	0.00283	0.00335	0.00243	0.00229	0.00962	0.30518	0.01929	0.06180	0.14934	0.02979	0.00362	0.00194	0.00063	0.00126	0.39527	0.00154	0.00180
78	0.00598	0.00441	0.00473	0.00363	0.00489	0.00488	0.00300	0.91872	0.00741	0.00993	0.00386	0.01431	0.00278	0.00194	0.00159	0.00048	0.00174	0.00146	0.00159	0.00268
79	0.12600	0.00429	0.00445	0.00345	0.00468	0.01115	0.00285	0.80593	0.00684	0.00959	0.00360	0.00365	0.00257	0.00185	0.00151	0.00048	0.00169	0.00135	0.00150	0.00257
80	0.00194	0.00138	0.00184	0.00220	0.00229	0.00129	0.00147	0.00221	0.00303	0.00404	0.00870	0.93405	0.01044	0.01421	0.00208	0.00065	0.00093	0.00449	0.00147	0.00128
81	0.01541	0.00311	0.00387	0.00301	0.00421	0.00299	0.00248	0.22330	0.04192	0.64491	0.00580	0.00537	0.01415	0.00202	0.00160	0.00049	0.00143	0.01942	0.00184	0.00264
82	0.00229	0.00163	0.00214	0.00201	0.00240	0.00151	0.00152	0.00304	0.00448	0.01511	0.91367	0.01186	0.01479	0.00324	0.00187	0.00050	0.00076	0.01391	0.00174	0.00151
83	0.00231	0.00177	0.00264	0.00261	0.00289	0.00210	0.00204	0.00287	0.00254	0.00369	0.00416	0.00612	0.00389	0.01152	0.90006	0.00247	0.04235	0.00169	0.00084	0.00143
84	0.00605	0.00435	0.00470	0.00360	0.00487	0.00478	0.00297	0.88201	0.00730	0.04781	0.00390	0.00387	0.00274	0.00190	0.00158	0.00047	0.00172	0.00143	0.00160	0.01234
85	0.00190	0.00161	0.00163	0.00163	0.00216	0.00136	0.00122	0.00233	0.00935	0.00433	0.03332	0.02941	0.89635	0.00401	0.00188	0.00054	0.00081	0.00335	0.00148	0.00135
86	0.00193	0.00138	0.00184	0.00220	0.00230	0.00129	0.00147	0.00221	0.00304	0.00405	0.00879	0.93694	0.01675	0.00496	0.00202	0.00064	0.00092	0.00450	0.00147	0.00129
87	0.00275	0.00138	0.00207	0.00207	0.00207	0.00138	0.00138	0.00207	0.00207	0.00275	0.00275	0.00482	0.00275	0.00551	0.00620	0.95386	0.00138	0.00138	0.00069	0.00069
88	0.00603	0.00443	0.00475	0.00364	0.00491	0.00490	0.00301	0.92424	0.00744	0.01486	0.00382	0.00382	0.00270	0.00190	0.00159	0.00048	0.00174	0.00143	0.00159	0.00270
89	0.95547	0.00307	0.00233	0.00209	0.00307	0.00356	0.00172	0.00466	0.00270	0.00712	0.00221	0.00258	0.00172	0.00147	0.00098	0.00049	0.00123	0.00086	0.00098	0.00172
90	0.00275	0.00138	0.00207	0.00207	0.00207	0.00138	0.00138	0.00207	0.00207	0.00275	0.00275	0.00482	0.00275	0.00551	0.00620	0.95386	0.00138	0.00138	0.00069	0.00069
91	0.00708	0.00276	0.00372	0.00285	0.00408	0.00242	0.00235	0.03765	0.00463	0.90542	0.00618	0.00535	0.00389	0.00196	0.00159	0.00049	0.00136	0.00159	0.00195	0.00270
92	0.00603	0.00444	0.00476	0.00365	0.00492	0.00492	0.00301	0.92908	0.00746	0.01000	0.00381	0.00381	0.00270	0.00190	0.00159	0.00048	0.00175	0.00143	0.00159	0.00270
93	0.00592	0.00756	0.00449	0.00409	0.00490	0.93790	0.00306	0.00633	0.00449	0.00388	0.00245	0.00286	0.00204	0.00163	0.00143	0.00041	0.00286	0.00102	0.00082	0.00184
94	0.00603	0.00444	0.00476	0.00365	0.00492	0.00492	0.00301	0.92908	0.00746	0.01000	0.00381	0.00381	0.00270	0.00190	0.00159	0.00048	0.00175	0.00143	0.00159	0.00270
95	0.00417	0.00424	0.00620	0.00904	0.81974	0.11897	0.00464	0.00505	0.00372	0.00502	0.00292	0.00379	0.00245	0.00144	0.00155	0.00046	0.00200	0.00136	0.00079	0.00243
96	0.00227	0.00170	0.00255	0.00255	0.00283	0.00198	0.00198	0.00283	0.00255	0.00368	0.00425	0.00623	0.00396	0.01189	0.93798	0.00255	0.00425	0.00170	0.00085	0.00142
97	0.00706	0.00279	0.00373	0.00286	0.00409	0.00246	0.00236	0.05318	0.00468	0.88981	0.00614	0.00532	0.00387	0.00196	0.00159	0.00049	0.00137	0.00159	0.00194	0.00270
98	0.00194	0.00139	0.00185	0.00222	0.00232	0.00130	0.00149	0.00223	0.00305	0.00406	0.00874	0.92754	0.01047	0.00496	0.00203	0.00065	0.00093	0.02009	0.00147	0.00129
99	0.00201	0.00165	0.00172	0.00173	0.00221	0.00143	0.00128	0.00247	0.02083	0.00933	0.02107	0.03027	0.76625	0.08461	0.00242	0.00063	0.00091	0.04639	0.00144	0.00134
100	0.95547	0.00307	0.00233	0.00209	0.00307	0.00356	0.00172	0.00466	0.00270	0.00712	0.00221	0.00258	0.00172	0.00147	0.00098	0.00049	0.00123	0.00086	0.00098	0.00172
101	0.02081	0.00272	0.00367	0.00282	0.00404	0.00238	0.00233	0.01344	0.01405	0.90671	0.00619	0.00535	0.00390	0.00196	0.00159	0.00049	0.00135	0.00159	0.00194	0.00268
102	0.00194	0.00139	0.00184	0.00221	0.00230	0.00129	0.00148	0.00222	0.00305	0.00406	0.00882	0.92749	0.02066	0.00495	0.00202	0.00064	0.00092	0.00997	0.00147	0.00129
103	0.00300	0.00282	0.00476	0.94045	0.01092	0.00352	0.00440	0.00405	0.00317	0.00405	0.00282	0.00423	0.00211	0.00159	0.00159	0.00053	0.00211	0.00141	0.00070	0.00176
104	0.00709	0.00270	0.00369	0.00870	0.00409	0.00234	0.00234	0.00771	0.00453	0.92963	0.00624	0.00539	0.00391	0.00196	0.00159	0.00049	0.00135	0.00159	0.00196	0.00269
105	0.00224	0.00162	0.00212	0.00200	0.00237	0.00150	0.00150	0.00299	0.00449	0.00636	0.93353	0.01185	0.01496	0.00324	0.00187	0.00050	0.00075	0.00287	0.00175	0.00150
106	0.00712	0.00270	0.00368	0.00282	0.00405	0.00233	0.00233	0.00773	0.00454	0.93547	0.00626	0.00540	0.00393	0.00196	0.00159	0.00049	0.00135	0.00159	0.00196	0.00270
107	0.00374	0.00428	0.00936	0.00668	0.00829	0.00401	0.92861	0.00508	0.00374	0.00508	0.00321	0.00428	0.00241	0.00134	0.00187	0.00053	0.00267	0.00187	0.00080	0.00214
108	0.00397	0.00342	0.00360	0.00323	0.00413	0.00394	0.00251	0.01917	0.91484	0.00666	0.00640	0.00588	0.00480	0.00214	0.00161	0.00054	0.00126	0.00178	0.00161	0.00851
109	0.00189	0.00161	0.00162	0.00162	0.00215	0.00134	0.00121	0.00230	0.00364	0.00434	0.04236	0.01517	0.90739	0.00399	0.00187	0.00053	0.00080	0.00333	0.00148	0.00134
110	0.00603	0.00444	0.00476	0.00365	0.00492	0.00492	0.00301	0.92908	0.00746	0.01000	0.00381	0.00381	0.00270	0.00190	0.00159	0.00048	0.00175	0.00143	0.00159	0.00270
111	0.00227	0.00170	0.00255	0.00255	0.00283	0.00198	0.00198	0.00283	0.00255	0.00368	0.00425	0.00623	0.00396	0.01189	0.93798	0.00255	0.00425	0.00170	0.00085	0.00142
112	0.00318	0.00820	0.93605	0.00452	0.00686	0.00368	0.00586	0.00502	0.00335	0.00502	0.00285	0.00335	0.00201	0.00151	0.00151	0.00050	0.00234	0.00117	0.00067	0.00234
113	0.00825	0.00163	0.00211	0.00199	0.00237	0.00151	0.00149	0.00299	0.00445	0.00631	0.90615	0.01184	0.03052	0.00917	0.00190	0.00051	0.00076	0.00286	0.00173	0.00149
114	0.00423	0.00354	0.00373	0.00327	0.00422	0.00406	0.00257	0.14072	0.78947	0.00711	0.00606	0.00561	0.00453	0.00211	0.00160	0.00053	0.00132	0.00174	0.01104	0.00253
115	0.00197	0.00141	0.00188	0.00225	0.00236	0.00132	0.00154	0.00228	0.00307	0.00409	0.00870	0.87888	0.01037	0.01082	0.00207	0.00066	0.00096	0.06260	0.00147	0.00130
116	0.00691	0.00271	0.00365	0.00283	0.00403	0.00238	0.00233	0.00768	0.04177	0.88355	0.02084	0.00552	0.00414	0.00199	0.00160	0.00049	0.00134	0.00162	0.00195	0.00267
117	0.00194	0.00165	0.00168	0.00169	0.00222	0.00140	0.00128	0.00243	0.02157	0.00435	0.02089	0.02467	0.87187	0.00400	0.00188	0.00054	0.00083	0.03226	0.00148	0.00137
118	0.00187	0.00161	0.00161	0.00161	0.00214	0.00134	0.00120	0.00228	0.00361	0.00428	0.01607	0.01526	0.93373	0.00402	0.00187	0.00054	0.00080	0.00335	0.00147	0.00134
119	0.00194	0.00139	0.00184	0.00218	0.00229	0.00130	0.00146	0.00223	0.00309	0.00411	0.03474	0.88308	0.03850	0.01103	0.00205	0.00064	0.00092	0.00441	0.00148	0.00129
120	0.00195	0.00140	0.00186	0.00221	0.00232	0.00130	0.00148	0.00224	0.00307	0.00410	0.02390	0.90446	0.01941	0.00491	0.00202	0.00064	0.00092	0.01521	0.00147	0.00512
121	0.00593	0.00427	0.00461	0.00354	0.00479	0.00467	0.00292	0.84571	0.01200	0.04505	0.00391	0.00390	0.00277	0.00188	0.00157	0.00047	0.00169	0.00142	0.01736	0.03153
122	0.00226	0.00173	0.00206	0.00198	0.00244	0.00160	0.00150	0.00311	0.05942	0.01144	0.52918	0.03060	0.31097	0.00349	0.00187	0.00052	0.00083	0.03186	0.00164	0.00151
123	0.00209	0.00151	0.00201	0.00235	0.00253	0.00144	0.00171	0.00252	0.01262	0.00428	0.02676	0.68903	0.03781	0.00475	0.00205	0.00066	0.00103	0.20205	0.00148	0.00134
124	0.00199	0.00143	0.00189	0.00225	0.00238	0.00134	0.00155	0.00230	0.00310	0.00411	0.00891	0.83010	0.03807	0.01039	0.00207	0.00065	0.00097	0.08373	0.00147	0.00130
125	0.00236	0.00174	0.00227	0.00254	0.00288	0.00169	0.00209	0.00299	0.01726	0.00451	0.01478	0.13588	0.16069	0.05622	0.02020	0.00076	0.00133	0.56697	0.00143	0.00141
126	0.00595	0.00668	0.00457	0.00396	0.00491	0.67351	0.00305	0.26782	0.00533	0.00561	0.00284	0.00313	0.00223	0.00171	0.00147	0.00043	0.00254	0.00114	0.00104	0.00208
127	0.95547	0.00307	0.00233	0.00209	0.00307	0.00356	0.00172	0.00466	0.00270	0.00712	0.00221	0.00258	0.00172	0.00147	0.00098	0.00049	0.00123	0.00086	0.00098	0.00172
128	0.00601	0.00442	0.00474	0.00364	0.00490	0.00489	0.00300	0.91298	0.01939	0.01417	0.00385	0.00384	0.00273	0.00191	0.00159	0.00048	0.00174	0.00143	0.00159	0.00269
129	0.00230	0.00156	0.00184	0.00184	0.00188	0.00160	0.00110	0.00238	0.00234	0.00316	0.00490	0.00982	0.00553	0.81981	0.13219	0.00167	0.00190	0.00223	0.00095	0.00102
130	0.00448	0.00405	0.00388	0.00343	0.00984	0.11331	0.00266	0.14336	0.68191	0.00680	0.00558	0.00524	0.00419	0.00205	0.00159	0.00051	0.00152	0.00165	0.00151	0.00246
131	0.00194	0.00139	0.00185	0.00221	0.00231	0.00130	0.00149	0.00223	0.00305	0.00406	0.00885	0.91472	0.02435	0.00495	0.00202	0.00064	0.00093	0.01895	0.00147	0.00129
132	0.01466	0.00407	0.00482	0.00438	0.12002	0.03731	0.04787	0.51854	0.08794	0.04196	0.01021	0.00847	0.01128	0.01494	0.00176	0.00050	0.01879	0.02413	0.00139	0.02696
133	0.01078	0.00392	0.00385	0.00338	0.00979	0.09827	0.00264	0.14661	0.63317	0.04467	0.00560	0.00537	0.00420	0.00214	0.00805	0.00053	0.00152	0.01151	0.00153	0.00245
134	0.00194	0.00138	0.00184	0.00220	0.00229	0.00129	0.00146	0.00221	0.00302	0.00403	0.00867	0.92518	0.01040	0.02314	0.00214	0.00066	0.00093	0.00447	0.00146	0.00128
135	0.00292	0.00236	0.00237	0.00225	0.00289	0.05435	0.00176	0.04810	0.10603	0.05901	0.01819	0.01264	0.55565	0.01449	0.00190	0.00056	0.00113	0.11025	0.00148	0.00165
136	0.00321	0.00286	0.02227	0.00289	0.01182	0.00300	0.02884	0.01673	0.51642	0.00571	0.02823	0.04731	0.24286	0.01156	0.02620	0.00060	0.00128	0.02464	0.00149	0.00206
137	0.00406	0.00341	0.00361	0.00322	0.00414	0.00391	0.00251	0.03123	0.87858	0.02718	0.00635	0.00583	0.00474	0.00213	0.00161	0.00053	0.00127	0.00177	0.00161	0.01229
138	0.00374	0.00428	0.00936	0.00668	0.00829	0.00401	0.92861	0.00508	0.00374	0.00508	0.00321	0.00428	0.00241	0.00134	0.00187	0.00053	0.00267	0.00187	0.00080	0.00214
139	0.00326	0.00783	0.85142	0.00492	0.07144	0.00847	0.02087	0.00502	0.00338	0.00503	0.00286	0.00340	0.00205	0.00150	0.00152	0.00050	0.00232	0.00120	0.00068	0.00235
140	0.00380	0.00402	0.00961	0.03099	0.03726	0.19255	0.11149	0.01079	0.00313	0.01246	0.00289	0.00431	0.00264	0.05433	0.15142	0.00094	0.36334	0.00147	0.00079	0.00176
141	0.00269	0.00205	0.00246	0.00254	0.00299	0.00207	0.00199	0.07760	0.11528	0.00517	0.04964	0.28704	0.16364	0.00402	0.00696	0.00584	0.00117	0.26374	0.00150	0.00161
142	0.00275	0.00138	0.00207	0.00207	0.00207	0.00138	0.00138	0.00207	0.00207	0.00275	0.00275	0.00482	0.00275	0.00551	0.00620	0.95386	0.00138	0.00138	0.00069	0.00069
143	0.00198	0.00142	0.00189	0.00224	0.00235	0.00133	0.00153	0.00229	0.00310	0.00413	0.02631	0.84084	0.02144	0.01898	0.00212	0.00066	0.00096	0.06366	0.00147	0.00130
144	0.00193	0.00154	0.00172	0.00183	0.00222	0.00135	0.00132	0.00231	0.00347	0.00431	0.06109	0.28882	0.57860	0.02075	0.00203	0.00059	0.00086	0.02245	0.00148	0.00133
145	0.00218	0.00157	0.00186	0.00195	0.00218	0.00147	0.00132	0.00255	0.02119	0.01606	0.10644	0.30232	0.22622	0.27956	0.00373	0.00086	0.00108	0.02482	0.00136	0.00127
146	0.00358	0.00298	0.00341	0.00253	0.00385	0.00250	0.00202	0.09804	0.06335	0.00572	0.01096	0.00379	0.00275	0.01968	0.00139	0.00031	0.00124	0.00566	0.00106	0.76520
147	0.00518	0.00353	0.00394	0.00326	0.00430	0.00383	0.00263	0.35635	0.34078	0.17798	0.00558	0.04553	0.00425	0.00222	0.00164	0.00052	0.00145	0.03285	0.00166	0.00253
148	0.00275	0.00138	0.00207	0.00207	0.00207	0.00138	0.00138	0.00207	0.00207	0.00275	0.00275	0.00482	0.00275	0.00551	0.00620	0.95386	0.00138	0.00138	0.00069	0.00069
149	0.00329	0.00282	0.00329	0.00235	0.00376	0.00211	0.00188	0.00399	0.00329	0.00517	0.00282	0.00329	0.00235	0.00117	0.00117	0.00023	0.00117	0.00094	0.00094	0.95396
150	0.00195	0.00139	0.00186	0.00223	0.00233	0.00130	0.00150	0.00224	0.00305	0.00407	0.00873	0.91564	0.01045	0.00495	0.00203	0.00065	0.00094	0.03191	0.00147	0.00129
151	0.01515	0.00272	0.00359	0.00285	0.00400	0.00247	0.00235	0.00753	0.09296	0.78823	0.01469	0.00604	0.00433	0.00210	0.00162	0.00051	0.00134	0.04303	0.00190	0.00261
152	0.00255	0.00183	0.00254	0.00290	0.00326	0.00184	0.00251	0.00331	0.01552	0.00474	0.00836	0.04446	0.00909	0.01094	0.00222	0.00073	0.00144	0.87883	0.00146	0.00147
153	0.00255	0.00182	0.00255	0.00290	0.00327	0.00182	0.00254	0.00328	0.00367	0.00478	0.02597	0.01777	0.00924	0.00436	0.00218	0.00073	0.00145	0.90621	0.00147	0.00146
154	0.00275	0.00138	0.00207	0.00207	0.00207	0.00138	0.00138	0.00207	0.00207	0.00275	0.00275	0.00482	0.00275	0.00551	0.00620	0.95386	0.00138	0.00138	0.00069	0.00069
155	0.00230	0.00156	0.00186	0.00186	0.00191	0.00160	0.00113	0.00240	0.00238	0.00323	0.02252	0.00978	0.00567	0.78465	0.14932	0.00167	0.00193	0.00222	0.00096	0.00104
156	0.00216	0.00178	0.00186	0.00181	0.00236	0.00160	0.00137	0.00296	0.08571	0.01471	0.12252	0.01393	0.73414	0.00374	0.00185	0.00053	0.00084	0.00314	0.00152	0.00148
157	0.00603	0.00444	0.00476	0.00365	0.00492	0.00492	0.00301	0.92908	0.00746	0.01000	0.00381	0.00381	0.00270	0.00190	0.00159	0.00048	0.00175	0.00143	0.00159	0.00270
158	0.00397	0.00342	0.00360	0.00323	0.00413	0.00396	0.00252	0.01920	0.92070	0.00667	0.00642	0.00589	0.00482	0.00215	0.00161	0.00054	0.00126	0.00179	0.00161	0.00251
159	0.00193	0.00138	0.00184	0.00221	0.00230	0.00129	0.00147	0.00221	0.00304	0.00405	0.00874	0.94323	0.01049	0.00497	0.00202	0.00064	0.00092	0.00451	0.00147	0.00129
160	0.00712	0.00270	0.00368	0.00282	0.00405	0.00233	0.00233	0.00773	0.00454	0.93547	0.00626	0.00540	0.00393	0.00196	0.00159	0.00049	0.00135	0.00159	0.00196	0.00270
161	0.00318	0.00820	0.93605	0.00452	0.00686	0.00368	0.00586	0.00502	0.00335	0.00502	0.00285	0.00335	0.00201	0.00151	0.00151	0.00050	0.00234	0.00117	0.00067	0.00234
162	0.00394	0.00341	0.00359	0.00323	0.00412	0.00394	0.00251	0.00843	0.93150	0.00663	0.00646	0.00592	0.00484	0.00215	0.00161	0.00054	0.00126	0.00179	0.00161	0.00251
163	0.00592	0.00756	0.00449	0.00409	0.00490	0.93790	0.00306	0.00633	0.00449	0.00388	0.00245	0.00286	0.00204	0.00163	0.00143	0.00041	0.00286	0.00102	0.00082	0.00184
164	0.00300	0.00282	0.00476	0.94045	0.01092	0.00352	0.00440	0.00405	0.00317	0.00405	0.00282	0.00423	0.00211	0.00159	0.00159	0.00053	0.00211	0.00141	0.00070	0.00176
165	0.00689	0.00275	0.00367	0.00285	0.00405	0.00244	0.00234	0.00778	0.06934	0.87054	0.00627	0.00543	0.00399	0.00198	0.00160	0.00049	0.00134	0.00161	0.00194	0.00269
166	0.00328	0.00282	0.00332	0.02017	0.00389	0.00214	0.00193	0.00399	0.00329	0.00515	0.00282	0.00331	0.00234	0.00118	0.00118	0.00024	0.00119	0.00095	0.00094	0.93587
167	0.00237	0.00159	0.00179	0.00177	0.00180	0.00160	0.00100	0.01991	0.00241	0.00322	0.00501	0.01866	0.00575	0.91790	0.00789	0.00151	0.00154	0.00231	0.00098	0.00100
168	0.00424	0.94522	0.00831	0.00271	0.00407	0.00628	0.00271	0.00475	0.00322	0.00373	0.00220	0.00254	0.00204	0.00136	0.00102	0.00034	0.00170	0.00085	0.00068	0.00204
169	0.00193	0.00138	0.00184	0.00221	0.00230	0.00129	0.00147	0.00221	0.00304	0.00405	0.00874	0.94323	0.01049	0.00497	0.00202	0.00064	0.00092	0.00451	0.00147	0.00129
170	0.00402	0.00333	0.00356	0.00320	0.00409	0.00381	0.00251	0.01344	0.85842	0.03970	0.00651	0.00634	0.00496	0.00223	0.00163	0.00054	0.00127	0.03634	0.00162	0.00248
171	0.00320	0.01337	0.91319	0.00461	0.02446	0.00370	0.00582	0.00502	0.00335	0.00502	0.00285	0.00335	0.00202	0.00150	0.00151	0.00050	0.00233	0.00117	0.00067	0.00235
172	0.95547	0.00307	0.00233	0.00209	0.00307	0.00356	0.00172	0.00466	0.00270	0.00712	0.00221	0.00258	0.00172	0.00147	0.00098	0.00049	0.00123	0.00086	0.00098	0.00172
173	0.00318	0.00820	0.93605	0.00452	0.00686	0.00368	0.00586	0.00502	0.00335	0.00502	0.00285	0.00335	0.00201	0.00151	0.00151	0.00050	0.00234	0.00117	0.00067	0.00234
174	0.00603	0.00444	0.00476	0.00365	0.00492	0.00492	0.00301	0.92908	0.00746	0.01000	0.00381	0.00381	0.00270	0.00190	0.00159	0.00048	0.00175	0.00143	0.00159	0.00270
175	0.00318	0.00820	0.93605	0.00452	0.00686	0.00368	0.00586	0.00502	0.00335	0.00502	0.00285	0.00335	0.00201	0.00151	0.00151	0.00050	0.00234	0.00117	0.00067	0.00234
176	0.00193	0.00138	0.00184	0.00221	0.00230	0.00129	0.00147	0.00221	0.00304	0.00405	0.00874	0.94323	0.01049	0.00497	0.00202	0.00064	0.00092	0.00451	0.00147	0.00129
177	0.00224	0.00162	0.00212	0.00200	0.00237	0.00150	0.00150	0.00299	0.00449	0.00636	0.93353	0.01185	0.01496	0.00324	0.00187	0.00050	0.00075	0.00287	0.00175	0.00150
178	0.00603	0.00444	0.00476	0.00365	0.00492	0.00492	0.00301	0.92908	0.00746	0.01000	0.00381	0.00381	0.00270	0.00190	0.00159	0.00048	0.00175	0.00143	0.00159	0.00270
179	0.95547	0.00307	0.00233	0.00209	0.00307	0.00356	0.00172	0.00466	0.00270	0.00712	0.00221	0.00258	0.00172	0.00147	0.00098	0.00049	0.00123	0.00086	0.00098	0.00172
180	0.00231	0.00154	0.00175	0.00175	0.00176	0.00155	0.00099	0.00232	0.00231	0.00309	0.00498	0.01027	0.00572	0.91928	0.03299	0.00156	0.00161	0.00229	0.00096	0.00097
181	0.00592	0.00756	0.00449	0.00409	0.00490	0.93790	0.00306	0.00633	0.00449	0.00388	0.00245	0.00286	0.00204	0.00163	0.00143	0.00041	0.00286	0.00102	0.00082	0.00184
182	0.00226	0.00166	0.00212	0.00200	0.00240	0.00154	0.00150	0.00307	0.02538	0.00624	0.85888	0.01191	0.06852	0.00326	0.00186	0.00050	0.00076	0.00287	0.00173	0.00151
183	0.00318	0.00820	0.93605	0.00452	0.00686	0.00368	0.00586	0.00502	0.00335	0.00502	0.00285	0.00335	0.00201	0.00151	0.00151	0.00050	0.00234	0.00117	0.00067	0.00234
184	0.00227	0.00170	0.00255	0.00255	0.00283	0.00198	0.00198	0.00283	0.00255	0.00368	0.00425	0.00623	0.00396	0.01189	0.93798	0.00255	0.00425	0.00170	0.00085	0.00142
185	0.00702	0.00277	0.00372	0.00286	0.00408	0.00245	0.00236	0.03879	0.02082	0.88807	0.00618	0.00535	0.00390	0.00196	0.00159	0.00049	0.00136	0.00159	0.00194	0.00270
186	0.07516	0.00274	0.00359	0.00277	0.00398	0.00244	0.00229	0.01421	0.00443	0.86213	0.00595	0.00518	0.00376	0.00193	0.00155	0.00049	0.00134	0.00154	0.00189	0.00263
187	0.95547	0.00307	0.00233	0.00209	0.00307	0.00356	0.00172	0.00466	0.00270	0.00712	0.00221	0.00258	0.00172	0.00147	0.00098	0.00049	0.00123	0.00086	0.00098	0.00172
188	0.00343	0.00290	0.00336	0.00241	0.00381	0.00226	0.00193	0.05284	0.00351	0.00543	0.00289	0.00333	0.00238	0.00122	0.00120	0.00025	0.00120	0.00097	0.00680	0.89790
189	0.00231	0.00154	0.00173	0.00173	0.00173	0.00154	0.00096	0.00231	0.00231	0.00308	0.00500	0.01038	0.00577	0.94426	0.00807	0.00154	0.00154	0.00231	0.00096	0.00096
190	0.00708	0.00271	0.00368	0.00283	0.00405	0.00235	0.00233	0.00774	0.01567	0.92431	0.00626	0.00540	0.00394	0.00197	0.00160	0.00049	0.00135	0.00160	0.00196	0.00270
191	0.00204	0.00145	0.00196	0.00233	0.00246	0.00138	0.00165	0.00239	0.00314	0.00416	0.00868	0.79011	0.01026	0.00487	0.00205	0.00066	0.00101	0.15660	0.00147	0.00132
192	0.00231	0.00154	0.00173	0.00173	0.00173	0.00154	0.00096	0.00231	0.00231	0.00308	0.00500	0.01038	0.00577	0.94426	0.00807	0.00154	0.00154	0.00231	0.00096	0.00096
193	0.00234	0.00156	0.00175	0.00175	0.00176	0.00157	0.00098	0.00992	0.00235	0.00313	0.00499	0.01032	0.00574	0.93652	0.00802	0.00153	0.00154	0.00230	0.00097	0.00098
194	0.00227	0.00162	0.00223	0.00259	0.00283	0.00158	0.00206	0.00279	0.00336	0.00442	0.00852	0.43297	0.00971	0.01237	0.00216	0.00070	0.00122	0.50375	0.00146	0.00138
195	0.00710	0.00270	0.00368	0.00282	0.00405	0.00234	0.00233	0.00773	0.01001	0.92999	0.00626	0.00540	0.00393	0.00196	0.00160	0.00049	0.00135	0.00160	0.00196	0.00270
196	0.00318	0.00820	0.93605	0.00452	0.00686	0.00368	0.00586	0.00502	0.00335	0.00502	0.00285	0.00335	0.00201	0.00151	0.00151	0.00050	0.00234	0.00117	0.00067	0.00234
197	0.00227	0.00170	0.00255	0.00255	0.00283	0.00198	0.00198	0.00283	0.00255	0.00368	0.00425	0.00623	0.00396	0.01189	0.93798	0.00255	0.00425	0.00170	0.00085	0.00142
198	0.00539	0.00271	0.00341	0.00290	0.00388	0.00264	0.00237	0.01568	0.23445	0.51276	0.01271	0.00785	0.03741	0.00247	0.00170	0.00054	0.00132	0.14563	0.00178	0.00240
199	0.00592	0.00756	0.00449	0.00409	0.00490	0.93790	0.00306	0.00633	0.00449	0.00388	0.00245	0.00286	0.00204	0.00163	0.00143	0.00041	0.00286	0.00102	0.00082	0.00184
200	0.00188	0.00161	0.00162	0.00161	0.00215	0.00134	0.00121	0.00229	0.00363	0.00432	0.03146	0.01521	0.91831	0.00400	0.00187	0.00053	0.00080	0.00334	0.00148	0.00134
201	0.00193	0.00162	0.00170	0.00174	0.00225	0.00138	0.00133	0.00236	0.00359	0.00431	0.01511	0.05401	0.81667	0.00409	0.00191	0.00056	0.00086	0.08176	0.00147	0.00135
202	0.00283	0.00187	0.00253	0.00274	0.00315	0.00184	0.00229	0.01239	0.02809	0.07281	0.02534	0.15634	0.04220	0.01517	0.00215	0.00069	0.00133	0.62316	0.00150	0.00155
203	0.00256	0.00183	0.00256	0.00292	0.00329	0.00183	0.00256	0.00329	0.00365	0.00475	0.00840	0.01789	0.00913	0.00438	0.00219	0.00073	0.00146	0.92369	0.00146	0.00146
204	0.00592	0.00756	0.00449	0.00409	0.00490	0.93790	0.00306	0.00633	0.00449	0.00388	0.00245	0.00286	0.00204	0.00163	0.00143	0.00041	0.00286	0.00102	0.00082	0.00184
205	0.00583	0.00261	0.00338	0.00275	0.00380	0.00239	0.00226	0.03284	0.08749	0.64180	0.02461	0.00750	0.09613	0.00240	0.00168	0.00052	0.00130	0.07646	0.00183	0.00243
206	0.00204	0.00145	0.00188	0.00218	0.00229	0.00137	0.00148	0.00232	0.00298	0.00396	0.00823	0.70121	0.02406	0.15380	0.00299	0.00079	0.00106	0.08324	0.00139	0.00125
207	0.00403	0.00345	0.00363	0.00324	0.00416	0.00398	0.00253	0.04592	0.89388	0.00677	0.00635	0.00583	0.00475	0.00214	0.00161	0.00054	0.00128	0.00178	0.00161	0.00252
208	0.00445	0.00323	0.00354	0.00308	0.00402	0.00925	0.00243	0.05453	0.65413	0.16025	0.06122	0.00623	0.02205	0.00220	0.00163	0.00052	0.00127	0.00183	0.00167	0.00247
209	0.00260	0.00216	0.00226	0.00215	0.00279	0.00214	0.00165	0.02206	0.25576	0.01603	0.02220	0.03128	0.60394	0.00346	0.00180	0.00054	0.00097	0.02299	0.00152	0.00170
210	0.00194	0.00146	0.00180	0.00205	0.00228	0.00132	0.00142	0.00227	0.00324	0.00418	0.03297	0.65147	0.26006	0.00466	0.00198	0.00061	0.00090	0.02261	0.00148	0.00131
