[name]
ND2

[dist]
# distance from previous block
# <min> <max>
0	0

[block]
# block no. 0 follows, 195 sequences, length 85
# corresponding to MSA columns:
# 0-84
name=unknown_A
#
# <colnr> <probs for GDERKNQSTAVLIFYWHMCP>
#	G	D	E	R	K	N	Q	S	T	A	V	L	I	F	Y	W	H	M	C	P
0	0.00262	0.00187	0.00262	0.00299	0.00336	0.00187	0.00262	0.00336	0.00374	0.00486	0.00859	0.01831	0.00934	0.00448	0.00224	0.00075	0.00149	0.92192	0.00149	0.00149
1	0.00569	0.00662	0.00496	0.00511	0.16458	0.65193	0.00344	0.11372	0.02012	0.00498	0.00283	0.00328	0.00230	0.00167	0.00151	0.00044	0.00259	0.00118	0.00094	0.00211
2	0.00319	0.00272	0.00316	0.00234	0.00364	0.00208	0.00185	0.00390	0.00923	0.00519	0.01553	0.03270	0.07367	0.00848	0.00135	0.00029	0.00116	0.00701	0.00104	0.82145
3	0.00252	0.00191	0.00238	0.00710	0.00284	0.00184	0.00712	0.03599	0.03142	0.01750	0.02010	0.30630	0.20160	0.06285	0.11144	0.00088	0.00809	0.10089	0.00136	0.07587
4	0.00357	0.00237	0.00270	0.00243	0.00318	0.00232	0.00189	0.02358	0.23460	0.17192	0.11114	0.04775	0.35032	0.00314	0.00180	0.00054	0.00107	0.02120	0.00166	0.01283
5	0.00310	0.00250	0.00303	0.02008	0.01445	0.05088	0.04222	0.08120	0.05647	0.02696	0.01188	0.36130	0.01686	0.17679	0.02687	0.00084	0.03820	0.06345	0.00131	0.00161
6	0.01501	0.00258	0.00283	0.00261	0.00329	0.01103	0.00200	0.14813	0.18464	0.03336	0.02307	0.20612	0.23600	0.02317	0.01163	0.00060	0.00123	0.04923	0.00152	0.04196
7	0.00279	0.00205	0.00231	0.00224	0.00282	0.00195	0.00172	0.02735	0.12515	0.06866	0.06144	0.12244	0.44536	0.02209	0.00202	0.00059	0.00104	0.09316	0.00156	0.01327
8	0.00208	0.00173	0.00184	0.00187	0.00238	0.00153	0.00141	0.00271	0.04947	0.00458	0.04841	0.09854	0.72190	0.00409	0.00194	0.00057	0.00089	0.05112	0.00152	0.00144
9	0.00289	0.00213	0.00268	0.00269	0.00312	0.00225	0.00210	0.12877	0.04715	0.00519	0.01318	0.24962	0.06275	0.04337	0.19823	0.00109	0.00193	0.21887	0.01035	0.00163
10	0.00356	0.00263	0.00298	0.00275	0.00334	0.00280	0.00207	0.17667	0.22346	0.03624	0.01286	0.21292	0.03925	0.17431	0.01701	0.00079	0.00140	0.06988	0.00147	0.01361
11	0.00439	0.00365	0.00385	0.00337	0.00434	0.01193	0.00265	0.15385	0.75186	0.01380	0.00618	0.00592	0.00466	0.00220	0.00166	0.00054	0.00138	0.01954	0.00164	0.00257
12	0.00208	0.00154	0.00191	0.00212	0.00238	0.00140	0.00150	0.00248	0.00349	0.01089	0.13972	0.52483	0.23168	0.01700	0.00210	0.00063	0.00093	0.05041	0.00154	0.00137
13	0.00734	0.00162	0.00189	0.00199	0.00226	0.00151	0.00139	0.00254	0.00321	0.01512	0.04021	0.20867	0.30720	0.29088	0.00391	0.00090	0.00116	0.10556	0.00136	0.00128
14	0.00354	0.00249	0.00297	0.00286	0.00343	0.00259	0.00223	0.19917	0.10956	0.05824	0.01827	0.35285	0.02313	0.01564	0.00201	0.00063	0.00130	0.19562	0.00157	0.00188
15	0.88076	0.00325	0.00258	0.00226	0.00329	0.00375	0.00186	0.07645	0.00314	0.00751	0.00239	0.00273	0.00184	0.00154	0.00105	0.00050	0.00130	0.00092	0.00105	0.00184
16	0.00409	0.00350	0.00370	0.00328	0.00423	0.00399	0.00256	0.04363	0.85142	0.00685	0.00633	0.00585	0.00475	0.00215	0.00163	0.00053	0.00130	0.00178	0.00162	0.04682
17	0.00302	0.00213	0.00261	0.00265	0.00314	0.00215	0.00211	0.08367	0.08872	0.04423	0.07500	0.22357	0.10509	0.01663	0.00206	0.00064	0.00123	0.31259	0.02707	0.00170
18	0.00206	0.00164	0.00182	0.00191	0.00236	0.00143	0.00142	0.00252	0.01216	0.01340	0.03553	0.21504	0.62699	0.00429	0.00197	0.00059	0.00091	0.07106	0.00152	0.00140
19	0.00344	0.00275	0.00308	0.00280	0.00351	0.00301	0.00216	0.00642	0.54113	0.03241	0.36973	0.00842	0.00899	0.00263	0.00175	0.00053	0.00108	0.00226	0.00171	0.00217
20	0.00253	0.00180	0.00234	0.00259	0.00294	0.00176	0.00206	0.00330	0.05708	0.03108	0.02186	0.33351	0.11252	0.00443	0.00209	0.00067	0.00120	0.41318	0.00153	0.00152
21	0.00289	0.00224	0.00250	0.00242	0.00293	0.00231	0.00180	0.06869	0.22051	0.01402	0.03391	0.20831	0.24375	0.12647	0.00271	0.00071	0.00116	0.05417	0.00679	0.00171
22	0.01257	0.00451	0.00484	0.00371	0.00501	0.00500	0.00307	0.90685	0.01513	0.01703	0.00393	0.00392	0.00278	0.00195	0.00162	0.00049	0.00178	0.00146	0.00162	0.00275
23	0.00607	0.00485	0.00478	0.00374	0.00498	0.11492	0.00305	0.77379	0.02522	0.01900	0.00379	0.00383	0.00273	0.00191	0.00160	0.00048	0.00190	0.00141	0.00152	0.02042
24	0.00372	0.00383	0.00495	0.00426	0.00431	0.06723	0.00352	0.00408	0.00263	0.00391	0.00216	0.00351	0.00213	0.00276	0.00507	0.00069	0.87736	0.00140	0.00072	0.00178
25	0.00277	0.00143	0.00212	0.00214	0.00216	0.00143	0.00143	0.00220	0.01318	0.00296	0.00331	0.07257	0.00342	0.00556	0.00598	0.87278	0.00137	0.00165	0.00077	0.00077
26	0.00206	0.00146	0.00187	0.00217	0.00228	0.00138	0.00144	0.00231	0.00303	0.00401	0.00866	0.71938	0.05339	0.15766	0.00308	0.00081	0.00106	0.03125	0.00142	0.00127
27	0.00249	0.00187	0.00231	0.00251	0.00280	0.00190	0.00183	0.01101	0.14667	0.00466	0.01332	0.52310	0.01672	0.08872	0.00258	0.00073	0.00116	0.16428	0.00148	0.00986
28	0.00409	0.00227	0.00281	0.00255	0.00332	0.00212	0.00207	0.01335	0.10009	0.30686	0.05982	0.01163	0.27957	0.00325	0.00186	0.00057	0.00120	0.19887	0.00170	0.00199
29	0.00282	0.00141	0.00211	0.00211	0.00211	0.00141	0.00141	0.00211	0.00211	0.00282	0.00282	0.00493	0.00282	0.00564	0.00634	0.95278	0.00141	0.00141	0.00070	0.00070
30	0.00276	0.00192	0.00233	0.00234	0.00288	0.00180	0.00189	0.01124	0.05681	0.07669	0.15493	0.05423	0.34153	0.00385	0.00198	0.00060	0.00110	0.27790	0.00159	0.00162
31	0.95443	0.00314	0.00239	0.00213	0.00314	0.00364	0.00176	0.00477	0.00276	0.00728	0.00226	0.00264	0.00176	0.00151	0.00100	0.00050	0.00126	0.00088	0.00100	0.00176
32	0.00209	0.00146	0.00185	0.00212	0.00219	0.00139	0.00136	0.00230	0.00291	0.00388	0.01637	0.67003	0.00941	0.27024	0.00382	0.00092	0.00112	0.00396	0.00136	0.00123
33	0.00325	0.00839	0.93456	0.00463	0.00702	0.00377	0.00600	0.00514	0.00343	0.00514	0.00291	0.00343	0.00206	0.00154	0.00154	0.00051	0.00240	0.00120	0.00069	0.00240
34	0.00241	0.00178	0.00233	0.00260	0.00299	0.00171	0.00219	0.00303	0.00368	0.00471	0.02730	0.08635	0.21161	0.01791	0.00224	0.00070	0.00129	0.62223	0.00150	0.00145
35	0.01691	0.00701	0.00463	0.00406	0.00500	0.72956	0.00311	0.20050	0.00522	0.00533	0.00280	0.00313	0.00223	0.00173	0.00149	0.00043	0.00267	0.00113	0.00100	0.00207
36	0.00283	0.00208	0.00271	0.00296	0.00340	0.00215	0.00249	0.00412	0.14677	0.01741	0.00829	0.11562	0.00874	0.00416	0.00212	0.00070	0.00140	0.66886	0.00153	0.00166
37	0.00210	0.00148	0.00195	0.00228	0.00239	0.00141	0.00156	0.00239	0.00308	0.00410	0.00842	0.72176	0.00997	0.12408	0.00288	0.00078	0.00108	0.10555	0.00144	0.00130
38	0.00702	0.00294	0.00384	0.00297	0.00421	0.00268	0.00245	0.07763	0.05640	0.81233	0.00622	0.00543	0.00397	0.00201	0.00163	0.00050	0.00141	0.00163	0.00196	0.00275
39	0.00211	0.00168	0.00187	0.00193	0.00239	0.00149	0.00149	0.00257	0.00364	0.00448	0.06116	0.02165	0.62679	0.08203	0.00251	0.00067	0.00101	0.17771	0.00148	0.00137
40	0.00201	0.00170	0.00174	0.00173	0.00228	0.00146	0.00130	0.00256	0.03233	0.00455	0.05447	0.01520	0.85557	0.00402	0.00191	0.00055	0.00084	0.01283	0.00152	0.00142
41	0.00337	0.00288	0.00337	0.00240	0.00385	0.00216	0.00192	0.00409	0.00337	0.00529	0.00288	0.00337	0.00240	0.00120	0.00120	0.00024	0.00120	0.00096	0.00096	0.95289
42	0.00212	0.00166	0.00188	0.00197	0.00243	0.00146	0.00151	0.00259	0.00370	0.01594	0.08045	0.14704	0.59008	0.00422	0.00198	0.00059	0.00094	0.13651	0.00153	0.00141
43	0.00219	0.00158	0.00211	0.00245	0.00266	0.00150	0.00184	0.00262	0.00333	0.00437	0.00921	0.56870	0.06586	0.02140	0.00223	0.00070	0.00113	0.30325	0.00149	0.00137
44	0.00310	0.00234	0.00280	0.00285	0.00343	0.00902	0.00235	0.00482	0.25529	0.04448	0.01499	0.03237	0.15070	0.00369	0.00199	0.00065	0.00132	0.46043	0.00156	0.00182
45	0.01134	0.01916	0.01586	0.00671	0.47324	0.12170	0.01906	0.04024	0.03259	0.01557	0.00384	0.02552	0.01929	0.01400	0.10600	0.00075	0.03146	0.03355	0.00094	0.00917
46	0.00445	0.00465	0.00988	0.01474	0.47797	0.22190	0.01910	0.03489	0.05445	0.00521	0.00319	0.00384	0.00683	0.00154	0.00153	0.00044	0.00204	0.00132	0.00091	0.13114
47	0.01549	0.00369	0.00402	0.01520	0.06536	0.11570	0.01227	0.11487	0.14108	0.07204	0.00424	0.01068	0.01409	0.09645	0.04636	0.00070	0.12306	0.01570	0.00117	0.12783
48	0.00565	0.00650	0.00465	0.00418	0.02223	0.63294	0.00317	0.14431	0.04534	0.00506	0.00294	0.00348	0.00242	0.00189	0.00190	0.00047	0.09724	0.01259	0.00098	0.00204
49	0.00343	0.00290	0.00338	0.00248	0.00386	0.00227	0.00199	0.03362	0.02200	0.00545	0.00324	0.01747	0.00278	0.00139	0.00127	0.00027	0.00123	0.02666	0.00102	0.86331
50	0.00306	0.00288	0.00487	0.93907	0.01118	0.00361	0.00451	0.00415	0.00324	0.00415	0.00288	0.00433	0.00216	0.00162	0.00162	0.00054	0.00216	0.00144	0.00072	0.00180
51	0.00641	0.00409	0.00452	0.00349	0.00476	0.02549	0.00287	0.62679	0.02697	0.26562	0.00461	0.00437	0.00314	0.00196	0.00162	0.00049	0.00169	0.00150	0.00171	0.00789
52	0.00369	0.00311	0.00335	0.00310	0.00392	0.00351	0.00245	0.00739	0.72305	0.01281	0.01631	0.00841	0.08710	0.00265	0.00175	0.00057	0.00126	0.11161	0.00162	0.00233
53	0.00327	0.00832	0.91729	0.00467	0.00705	0.00378	0.02319	0.00514	0.00343	0.00514	0.00292	0.00344	0.00206	0.00154	0.00155	0.00051	0.00240	0.00121	0.00069	0.00239
54	0.02073	0.00296	0.00386	0.00296	0.00422	0.00269	0.00244	0.10756	0.00492	0.80306	0.00601	0.00527	0.00382	0.00198	0.00161	0.00050	0.00142	0.00159	0.00193	0.02048
55	0.00686	0.00329	0.00407	0.00314	0.00440	0.00318	0.00259	0.26609	0.03658	0.64346	0.00571	0.00508	0.00370	0.00200	0.00163	0.00050	0.00149	0.00159	0.00189	0.00275
56	0.00375	0.00313	0.00332	0.00301	0.00386	0.00352	0.00233	0.01205	0.73144	0.02745	0.03654	0.00766	0.13759	0.00251	0.00170	0.00055	0.00120	0.00761	0.00844	0.00236
57	0.00402	0.00386	0.00659	0.00996	0.93284	0.00386	0.00498	0.00498	0.00370	0.00530	0.00305	0.00402	0.00257	0.00145	0.00161	0.00048	0.00193	0.00145	0.00080	0.00257
58	0.00233	0.00173	0.00260	0.00260	0.00289	0.00202	0.00202	0.00289	0.00260	0.00375	0.00433	0.00636	0.00404	0.01208	0.92392	0.01550	0.00431	0.00173	0.00087	0.00144
59	0.00242	0.00162	0.00183	0.00183	0.00185	0.00163	0.00104	0.01962	0.00249	0.00332	0.00524	0.04646	0.00603	0.88918	0.00790	0.00152	0.00155	0.00243	0.00102	0.00103
60	0.00204	0.00147	0.00197	0.01501	0.00254	0.00139	0.00162	0.00237	0.00317	0.00422	0.02215	0.83970	0.01906	0.00969	0.00210	0.00066	0.00100	0.06699	0.00150	0.00134
61	0.00363	0.00303	0.00327	0.00302	0.00382	0.00339	0.00237	0.01799	0.66537	0.01694	0.05447	0.00861	0.11423	0.00269	0.00175	0.00057	0.00123	0.08971	0.00163	0.00228
62	0.00383	0.00438	0.00958	0.00684	0.00848	0.00410	0.92695	0.00520	0.00383	0.00520	0.00328	0.00438	0.00246	0.00137	0.00192	0.00055	0.00274	0.00192	0.00082	0.00219
63	0.00678	0.00290	0.00378	0.00294	0.00416	0.00264	0.00241	0.05930	0.07764	0.77226	0.02580	0.00557	0.00423	0.00203	0.00163	0.00050	0.00138	0.00165	0.00193	0.02046
64	0.00411	0.00354	0.00370	0.00332	0.00424	0.01539	0.00260	0.04164	0.86510	0.00684	0.00650	0.00621	0.00494	0.00224	0.00166	0.00055	0.00133	0.02192	0.00164	0.00254
65	0.00723	0.00275	0.00374	0.00287	0.00412	0.00237	0.00237	0.00786	0.00463	0.92266	0.00639	0.00553	0.00402	0.00201	0.00163	0.00050	0.00137	0.00163	0.01359	0.00275
66	0.00619	0.00451	0.00485	0.00372	0.00501	0.00498	0.00307	0.90825	0.00757	0.02950	0.00395	0.00393	0.00279	0.00195	0.00162	0.00049	0.00178	0.00146	0.00163	0.00276
67	0.00291	0.00196	0.00269	0.00296	0.00340	0.00195	0.00257	0.01254	0.01947	0.05664	0.00855	0.02733	0.02656	0.00428	0.00218	0.00072	0.00147	0.81870	0.00153	0.00159
68	0.00206	0.00157	0.00187	0.00208	0.00239	0.00141	0.00149	0.00247	0.01055	0.01150	0.02490	0.47771	0.37827	0.00458	0.00201	0.00062	0.00094	0.07069	0.00151	0.00138
69	0.00205	0.00147	0.00192	0.00224	0.00238	0.00138	0.00154	0.00236	0.00316	0.00419	0.02725	0.76133	0.05628	0.06030	0.00244	0.00071	0.00101	0.06520	0.00148	0.00132
70	0.00247	0.00176	0.00245	0.00282	0.00312	0.00174	0.00236	0.00311	0.00358	0.00468	0.00864	0.22331	0.00962	0.01258	0.00225	0.00073	0.00137	0.71044	0.00149	0.00145
71	0.00241	0.00169	0.00225	0.00254	0.00278	0.00166	0.00198	0.00293	0.01145	0.01036	0.02182	0.31301	0.00923	0.14895	0.00309	0.00084	0.00131	0.45082	0.00950	0.00138
72	0.12408	0.00309	0.00374	0.00293	0.00414	0.00299	0.00241	0.14372	0.04240	0.63574	0.01466	0.00501	0.00370	0.00196	0.00156	0.00050	0.00142	0.00153	0.00181	0.00262
73	0.00229	0.00172	0.00188	0.00181	0.00236	0.00148	0.00137	0.00281	0.01053	0.05312	0.19287	0.01974	0.68256	0.01106	0.00195	0.00055	0.00085	0.00799	0.00158	0.00148
74	0.00241	0.00189	0.00211	0.00209	0.00261	0.00176	0.00160	0.04170	0.06034	0.01613	0.09837	0.11498	0.52832	0.01480	0.00626	0.00059	0.00100	0.09515	0.00634	0.00154
75	0.00247	0.00204	0.00229	0.00227	0.00273	0.02214	0.01041	0.04661	0.05106	0.00472	0.02762	0.21950	0.44028	0.02122	0.06999	0.00075	0.02366	0.04147	0.00726	0.00152
76	0.00589	0.01412	0.00456	0.00409	0.00495	0.83625	0.00309	0.02422	0.07975	0.00432	0.00287	0.00320	0.00234	0.00172	0.00148	0.00043	0.00276	0.00112	0.00092	0.00196
77	0.00351	0.00230	0.00264	0.00258	0.00303	0.05839	0.00191	0.02872	0.04412	0.16979	0.03227	0.33700	0.02612	0.13107	0.06593	0.00086	0.00153	0.08507	0.00146	0.00169
78	0.00281	0.00203	0.00266	0.00292	0.03528	0.01342	0.00220	0.02832	0.05811	0.02122	0.02115	0.22838	0.04169	0.01575	0.03824	0.12125	0.01243	0.34927	0.00135	0.00151
79	0.00313	0.03389	0.01142	0.00314	0.00728	0.07294	0.03781	0.03709	0.02942	0.01312	0.00506	0.16037	0.01060	0.07009	0.27248	0.00125	0.13895	0.07727	0.01305	0.00163
80	0.00540	0.00417	0.00440	0.00355	0.00468	0.02340	0.00287	0.63066	0.23129	0.00890	0.00479	0.05371	0.00371	0.00224	0.00811	0.00052	0.00166	0.00171	0.00160	0.00261
81	0.80255	0.01347	0.00972	0.00246	0.00347	0.11713	0.00875	0.01738	0.00307	0.00685	0.00232	0.00271	0.00182	0.00153	0.00108	0.00049	0.00149	0.00092	0.00099	0.00180
82	0.00383	0.00430	0.01747	0.00632	0.00779	0.01794	0.77883	0.02118	0.01713	0.00521	0.01319	0.00467	0.01356	0.00158	0.00212	0.00056	0.06494	0.01096	0.00629	0.00215
83	0.00280	0.00141	0.00211	0.00212	0.00212	0.00141	0.00141	0.00212	0.00214	0.00285	0.00295	0.02476	0.00299	0.00563	0.00625	0.93264	0.00140	0.00148	0.00072	0.00072
84	0.00934	0.00382	0.02592	0.00343	0.00444	0.03836	0.01355	0.16151	0.61445	0.04426	0.01207	0.00612	0.00462	0.00223	0.00167	0.00054	0.00148	0.04809	0.00159	0.00251

[dist]
# distance from previous block
# <min> <max>
6	7

[block]
# block no. 1 follows, 195 sequences, length 44
# corresponding to MSA columns:
# 92-135
name=unknown_B
#
# <colnr> <probs for GDERKNQSTAVLIFYWHMCP>
#	G	D	E	R	K	N	Q	S	T	A	V	L	I	F	Y	W	H	M	C	P
0	0.00310	0.00235	0.00283	0.00271	0.00326	0.00857	0.01762	0.00920	0.26239	0.04589	0.05444	0.16884	0.10003	0.06175	0.03169	0.04095	0.00925	0.14226	0.00146	0.03141
1	0.00521	0.00279	0.00337	0.00278	0.00379	0.00847	0.00221	0.09141	0.13561	0.43243	0.02154	0.09304	0.11804	0.00253	0.00168	0.00051	0.00128	0.00211	0.00173	0.06946
2	0.00561	0.00420	0.00445	0.00351	0.00468	0.02758	0.00286	0.72562	0.04911	0.02718	0.00451	0.04729	0.01900	0.01003	0.00966	0.00052	0.00172	0.00939	0.01130	0.03179
3	0.01545	0.00787	0.00290	0.00273	0.00333	0.07486	0.00208	0.05285	0.26783	0.02805	0.01484	0.15420	0.14282	0.08705	0.04379	0.00075	0.00149	0.07918	0.01169	0.00623
4	0.00241	0.00178	0.00223	0.00243	0.00279	0.00172	0.00189	0.00317	0.06469	0.01931	0.03835	0.31030	0.21435	0.02057	0.00216	0.00067	0.00113	0.30703	0.00152	0.00149
5	0.00275	0.00189	0.00244	0.00260	0.00305	0.00181	0.00213	0.00351	0.03951	0.06389	0.04412	0.13478	0.17784	0.01545	0.00215	0.00067	0.00126	0.48539	0.00154	0.01323
6	0.00340	0.00282	0.00308	0.00292	0.00360	0.00314	0.00222	0.00653	0.60956	0.01218	0.03627	0.18759	0.05244	0.03306	0.00198	0.00061	0.00120	0.03366	0.00160	0.00215
7	0.00243	0.00186	0.00216	0.00225	0.00270	0.00177	0.00171	0.01338	0.09461	0.02339	0.05288	0.23774	0.38010	0.02079	0.00209	0.00062	0.00104	0.15540	0.00153	0.00154
8	0.00701	0.00314	0.00399	0.00307	0.00433	0.00295	0.00253	0.19838	0.01626	0.73161	0.00589	0.00519	0.00377	0.00200	0.00163	0.00050	0.00146	0.00160	0.00192	0.00276
9	0.00203	0.00146	0.00193	0.00228	0.00242	0.00137	0.00158	0.00235	0.00318	0.00420	0.00924	0.81103	0.05563	0.01627	0.00215	0.00067	0.00099	0.07840	0.00150	0.00133
10	0.00505	0.00260	0.00325	0.00281	0.00371	0.00249	0.00226	0.05675	0.13914	0.43700	0.03344	0.09379	0.09543	0.00285	0.00178	0.00056	0.00129	0.11175	0.00177	0.00228
11	0.00257	0.00189	0.00251	0.00280	0.00322	0.00187	0.00241	0.00340	0.03752	0.00486	0.00966	0.01747	0.14347	0.00435	0.00217	0.00071	0.00139	0.75470	0.00150	0.00152
12	0.00402	0.00386	0.00659	0.00996	0.93284	0.00386	0.00498	0.00498	0.00370	0.00530	0.00305	0.00402	0.00257	0.00145	0.00161	0.00048	0.00193	0.00145	0.00080	0.00257
13	0.00202	0.00144	0.00193	0.00231	0.00242	0.00136	0.00158	0.00233	0.00315	0.00419	0.00892	0.87969	0.01064	0.00504	0.00208	0.00067	0.00098	0.06641	0.00151	0.00133
14	0.95443	0.00314	0.00239	0.00213	0.00314	0.00364	0.00176	0.00477	0.00276	0.00728	0.00226	0.00264	0.00176	0.00151	0.00100	0.00050	0.00126	0.00088	0.00100	0.00176
15	0.00236	0.00163	0.00219	0.00250	0.00272	0.00157	0.00186	0.01286	0.01236	0.02937	0.01604	0.63796	0.01007	0.00476	0.00210	0.00067	0.00112	0.25491	0.00152	0.00143
16	0.00673	0.00318	0.00397	0.00308	0.00432	0.00306	0.00253	0.20560	0.06904	0.65353	0.01707	0.00527	0.00394	0.00202	0.00163	0.00050	0.00145	0.00162	0.00189	0.00955
17	0.00342	0.00292	0.00339	0.00243	0.00387	0.00222	0.00194	0.02147	0.00345	0.00538	0.00290	0.00338	0.00241	0.00122	0.00121	0.00025	0.00121	0.00097	0.00097	0.93500
18	0.00234	0.00157	0.00178	0.00179	0.00180	0.00156	0.00101	0.00235	0.00240	0.00320	0.00531	0.05764	0.00614	0.89561	0.00795	0.00153	0.00154	0.00247	0.00101	0.00100
19	0.00355	0.00355	0.00497	0.00426	0.00426	0.00497	0.00355	0.00391	0.00249	0.00391	0.00213	0.00355	0.00213	0.00284	0.00533	0.00071	0.94000	0.00142	0.00071	0.00178
20	0.00240	0.00162	0.00185	0.00186	0.00190	0.00163	0.00109	0.01797	0.00251	0.00335	0.00534	0.07531	0.00613	0.83492	0.03444	0.00152	0.00161	0.00248	0.00103	0.00105
21	0.00282	0.00141	0.00211	0.00211	0.00211	0.00141	0.00141	0.00211	0.00211	0.00282	0.00282	0.00493	0.00282	0.00564	0.00634	0.95278	0.00141	0.00141	0.00070	0.00070
22	0.00226	0.00163	0.00213	0.00209	0.00243	0.00151	0.00155	0.00295	0.00437	0.00613	0.77625	0.13531	0.02760	0.00359	0.00194	0.00054	0.00081	0.02369	0.00174	0.00150
23	0.00343	0.00290	0.00338	0.00243	0.00386	0.00222	0.00195	0.00425	0.02850	0.01534	0.00302	0.00346	0.00249	0.00124	0.00122	0.00025	0.00121	0.00099	0.00099	0.91688
24	0.01755	0.00832	0.92055	0.00459	0.00697	0.00377	0.00593	0.00513	0.00342	0.00517	0.00290	0.00341	0.00205	0.00154	0.00153	0.00051	0.00238	0.00119	0.00069	0.00239
25	0.00235	0.00169	0.00219	0.00205	0.00245	0.00156	0.00154	0.00315	0.01268	0.01539	0.90114	0.01206	0.02899	0.00331	0.00191	0.00051	0.00078	0.00292	0.00178	0.00155
26	0.00404	0.00328	0.00352	0.00317	0.00405	0.00372	0.00247	0.03654	0.76361	0.04462	0.02000	0.05267	0.02278	0.00240	0.00168	0.00055	0.00127	0.01327	0.01391	0.00246
27	0.00382	0.00436	0.00949	0.00678	0.00842	0.00408	0.91417	0.00518	0.00382	0.00520	0.00328	0.00436	0.00246	0.00137	0.00191	0.00054	0.00271	0.00190	0.00082	0.01532
28	0.93304	0.00317	0.00244	0.00217	0.00318	0.00367	0.00179	0.02558	0.00287	0.00735	0.00230	0.00266	0.00178	0.00152	0.00102	0.00050	0.00127	0.00089	0.00102	0.00178
29	0.00268	0.00215	0.00231	0.00215	0.00279	0.00210	0.00165	0.04598	0.18322	0.02225	0.15796	0.02573	0.53597	0.00349	0.00185	0.00054	0.00096	0.00294	0.00159	0.00172
30	0.00420	0.00357	0.01408	0.00320	0.03439	0.03928	0.00823	0.22743	0.06135	0.01563	0.01044	0.02809	0.00298	0.00173	0.00813	0.00039	0.02901	0.00130	0.00561	0.50099
31	0.00203	0.00146	0.00194	0.00230	0.00242	0.00138	0.00157	0.00239	0.01476	0.00421	0.00902	0.87084	0.02611	0.00500	0.00207	0.00066	0.00097	0.04801	0.00151	0.00134
32	0.00368	0.00293	0.00358	0.00338	0.04556	0.01635	0.03966	0.17192	0.18603	0.02946	0.01633	0.17075	0.09536	0.03125	0.00878	0.01289	0.03050	0.10433	0.00143	0.02582
33	0.00541	0.00396	0.00440	0.00342	0.00466	0.00420	0.01467	0.57047	0.13274	0.07181	0.01070	0.00458	0.01818	0.00194	0.00158	0.00047	0.00160	0.00810	0.00155	0.13555
34	0.85389	0.00316	0.00256	0.00224	0.00327	0.00360	0.00185	0.03192	0.01243	0.06925	0.00263	0.00290	0.00197	0.00156	0.00107	0.00050	0.00128	0.00096	0.00110	0.00186
35	0.00256	0.00177	0.00241	0.00273	0.00304	0.00174	0.00221	0.00324	0.02733	0.03143	0.01857	0.34140	0.00963	0.00455	0.00215	0.00070	0.00128	0.54024	0.00152	0.00150
36	0.00199	0.00163	0.00176	0.00183	0.00229	0.00142	0.00135	0.00246	0.01853	0.00444	0.03905	0.19212	0.69644	0.00425	0.00195	0.00057	0.00087	0.02415	0.00152	0.00139
37	0.00199	0.00144	0.00187	0.00221	0.00235	0.00133	0.00150	0.00229	0.00319	0.00420	0.02005	0.82657	0.10050	0.00496	0.00206	0.00065	0.00094	0.01905	0.00151	0.00133
38	0.00198	0.00141	0.00188	0.00226	0.00235	0.00132	0.00151	0.00226	0.00311	0.00414	0.00894	0.94191	0.01073	0.00508	0.00207	0.00066	0.00094	0.00461	0.00151	0.00132
39	0.00407	0.00350	0.00369	0.00331	0.00423	0.00405	0.00258	0.02220	0.91628	0.00684	0.00657	0.00602	0.00492	0.00220	0.00165	0.00055	0.00129	0.00183	0.00165	0.00257
40	0.00282	0.00141	0.00211	0.00211	0.00211	0.00141	0.00141	0.00211	0.00211	0.00282	0.00282	0.00493	0.00282	0.00564	0.00634	0.95278	0.00141	0.00141	0.00070	0.00070
41	0.00383	0.00438	0.00958	0.00684	0.00848	0.00410	0.92695	0.00520	0.00383	0.00520	0.00328	0.00438	0.00246	0.00137	0.00192	0.00055	0.00274	0.00192	0.00082	0.00219
42	0.00402	0.00386	0.00659	0.00996	0.93284	0.00386	0.00498	0.00498	0.00370	0.00530	0.00305	0.00402	0.00257	0.00145	0.00161	0.00048	0.00193	0.00145	0.00080	0.00257
43	0.00197	0.00151	0.00181	0.00204	0.00231	0.00135	0.00142	0.00231	0.00336	0.00429	0.03402	0.57762	0.34239	0.00469	0.00201	0.00062	0.00090	0.01253	0.00151	0.00134

[dist]
# distance from previous block
# <min> <max>
0	1

[block]
# block no. 2 follows, 195 sequences, length 12
# corresponding to MSA columns:
# 137-148
name=unknown_C
#
# <colnr> <probs for GDERKNQSTAVLIFYWHMCP>
#	G	D	E	R	K	N	Q	S	T	A	V	L	I	F	Y	W	H	M	C	P
0	0.00337	0.00288	0.00337	0.00240	0.00385	0.00216	0.00192	0.00409	0.00337	0.00529	0.00288	0.00337	0.00240	0.00120	0.00120	0.00024	0.00120	0.00096	0.00096	0.95289
1	0.00223	0.00169	0.00209	0.00231	0.00262	0.00162	0.00172	0.00290	0.05967	0.00451	0.02481	0.44653	0.22025	0.03100	0.00222	0.00067	0.00106	0.18917	0.00150	0.00144
2	0.00565	0.00397	0.00433	0.00341	0.00456	0.00432	0.00277	0.67422	0.07565	0.08675	0.01854	0.02073	0.04202	0.02795	0.00182	0.00053	0.00162	0.00168	0.01692	0.00258
3	0.00201	0.00164	0.00180	0.00180	0.00229	0.00143	0.00135	0.00249	0.00379	0.00472	0.17087	0.05964	0.68133	0.00430	0.03307	0.00062	0.00095	0.02297	0.00153	0.00140
4	0.00220	0.00154	0.00205	0.00237	0.00255	0.00145	0.00171	0.00258	0.00328	0.01960	0.02684	0.68145	0.04379	0.02579	0.00223	0.00069	0.00106	0.17597	0.00151	0.00137
5	0.00231	0.00171	0.00241	0.00245	0.00271	0.00190	0.00185	0.00281	0.00277	0.00391	0.00577	0.11863	0.05738	0.08678	0.61858	0.00201	0.02018	0.03213	0.03232	0.00140
6	0.00387	0.01717	0.00877	0.00631	0.00781	0.01994	0.79061	0.03584	0.01639	0.00532	0.01462	0.01413	0.01279	0.00158	0.00194	0.00055	0.01710	0.02221	0.00090	0.00216
7	0.00235	0.00190	0.00202	0.00203	0.00255	0.01460	0.00154	0.02276	0.05383	0.01957	0.03364	0.11330	0.61109	0.02785	0.00209	0.00060	0.00100	0.08427	0.00151	0.00149
8	0.00481	0.01368	0.00390	0.00319	0.00405	0.03228	0.01078	0.34447	0.08040	0.13971	0.00480	0.01460	0.01661	0.10342	0.14561	0.00095	0.04941	0.01588	0.00140	0.01006
9	0.00402	0.00354	0.02102	0.00315	0.00445	0.03765	0.06408	0.14943	0.10153	0.02021	0.00364	0.00419	0.00291	0.00185	0.02734	0.00043	0.01060	0.01885	0.00114	0.51995
10	0.00496	0.00376	0.00406	0.00335	0.00433	0.02637	0.00270	0.52175	0.15513	0.02188	0.02598	0.05579	0.01117	0.01075	0.04316	0.01421	0.01638	0.03434	0.02689	0.01305
11	0.00238	0.00179	0.00208	0.00216	0.00262	0.00166	0.00164	0.00313	0.07075	0.03641	0.04156	0.24034	0.44970	0.00416	0.00197	0.00060	0.00100	0.13299	0.00154	0.00151

[dist]
# distance from previous block
# <min> <max>
0	1

[block]
# block no. 3 follows, 195 sequences, length 164
# corresponding to MSA columns:
# 150-313
name=unknown_D
#
# <colnr> <probs for GDERKNQSTAVLIFYWHMCP>
#	G	D	E	R	K	N	Q	S	T	A	V	L	I	F	Y	W	H	M	C	P
0	0.00587	0.08763	0.01225	0.00404	0.00495	0.82869	0.00312	0.02011	0.00451	0.00407	0.00251	0.00292	0.00210	0.00165	0.00143	0.00041	0.00279	0.00104	0.00084	0.00906
1	0.00315	0.00264	0.00351	0.00312	0.01204	0.00910	0.07506	0.04780	0.12596	0.00957	0.02349	0.17602	0.05019	0.03350	0.02441	0.00062	0.04414	0.16052	0.00129	0.19387
2	0.00941	0.06537	0.03035	0.00425	0.07653	0.38480	0.02135	0.06356	0.14751	0.00504	0.00354	0.01119	0.01040	0.00208	0.02086	0.00051	0.07375	0.01206	0.00101	0.05642
3	0.00208	0.00160	0.00193	0.00214	0.00244	0.00147	0.00155	0.00258	0.02632	0.00443	0.03937	0.47007	0.32987	0.01091	0.00206	0.00063	0.00096	0.09670	0.00151	0.00139
4	0.00220	0.00167	0.00207	0.00231	0.00261	0.00158	0.00171	0.00284	0.05323	0.00451	0.02444	0.49280	0.22153	0.00457	0.00204	0.00064	0.00103	0.17529	0.00152	0.00143
5	0.00239	0.00174	0.00217	0.00235	0.00268	0.00167	0.00174	0.00314	0.07591	0.02289	0.04284	0.49715	0.14888	0.00443	0.00890	0.00064	0.00106	0.14375	0.01978	0.01589
6	0.01432	0.00286	0.00317	0.00290	0.00366	0.00308	0.00225	0.08885	0.43246	0.05019	0.01907	0.15077	0.08393	0.02303	0.00716	0.00059	0.00127	0.06389	0.00157	0.04499
7	0.00319	0.00233	0.00279	0.00274	0.00326	0.00239	0.00217	0.20013	0.03055	0.01262	0.02606	0.26232	0.10343	0.04227	0.00224	0.00067	0.00132	0.28979	0.00800	0.00172
8	0.08485	0.00330	0.00396	0.00307	0.00431	0.00324	0.00253	0.26623	0.01086	0.59245	0.00536	0.00483	0.00348	0.00195	0.00158	0.00050	0.00148	0.00152	0.00182	0.00268
9	0.00234	0.00179	0.00206	0.00214	0.00256	0.00169	0.00158	0.01047	0.08367	0.02160	0.05279	0.29155	0.39694	0.04539	0.00224	0.00064	0.00100	0.07654	0.00152	0.00149
10	0.00267	0.00182	0.00231	0.00249	0.00279	0.00178	0.00179	0.06113	0.04526	0.05436	0.00849	0.69404	0.02594	0.00452	0.00201	0.00064	0.00108	0.08377	0.00155	0.00156
11	0.00618	0.00453	0.00486	0.00373	0.00503	0.00501	0.00308	0.92010	0.00761	0.01759	0.00392	0.00391	0.00277	0.00195	0.00162	0.00049	0.00178	0.00146	0.00163	0.00276
12	0.00252	0.00201	0.00216	0.00205	0.00266	0.00190	0.00156	0.01221	0.15577	0.03232	0.14626	0.01317	0.60123	0.00361	0.00187	0.00054	0.00092	0.01402	0.00159	0.00164
13	0.00255	0.00165	0.00218	0.00241	0.00270	0.00155	0.00179	0.00297	0.00341	0.07576	0.02383	0.53338	0.08074	0.03873	0.00229	0.00069	0.00112	0.21926	0.00153	0.00147
14	0.00217	0.00162	0.00194	0.00202	0.00239	0.00145	0.00147	0.00268	0.01119	0.02044	0.26409	0.29968	0.34107	0.01028	0.00201	0.00058	0.00088	0.03102	0.00159	0.00143
15	0.94710	0.00314	0.00240	0.00214	0.00315	0.00363	0.00176	0.00479	0.00278	0.01445	0.00229	0.00266	0.00178	0.00151	0.00101	0.00050	0.00126	0.00088	0.00101	0.00177
16	0.83726	0.00326	0.00266	0.00231	0.00335	0.00373	0.00190	0.09177	0.00328	0.03481	0.00254	0.00284	0.00192	0.00156	0.00108	0.00050	0.00131	0.00096	0.00109	0.00188
17	0.00282	0.00141	0.00211	0.00211	0.00211	0.00141	0.00141	0.00211	0.00211	0.00282	0.00282	0.00493	0.00282	0.00564	0.00634	0.95278	0.00141	0.00141	0.00070	0.00070
18	0.92168	0.00327	0.00246	0.00220	0.00320	0.03094	0.00180	0.00484	0.00283	0.01206	0.00229	0.00266	0.00178	0.00151	0.00102	0.00050	0.00130	0.00089	0.00100	0.00177
19	0.95443	0.00314	0.00239	0.00213	0.00314	0.00364	0.00176	0.00477	0.00276	0.00728	0.00226	0.00264	0.00176	0.00151	0.00100	0.00050	0.00126	0.00088	0.00100	0.00176
20	0.00198	0.00141	0.00188	0.00226	0.00235	0.00132	0.00151	0.00226	0.00311	0.00414	0.00894	0.94191	0.01073	0.00508	0.00207	0.00066	0.00094	0.00461	0.00151	0.00132
21	0.00606	0.00770	0.00460	0.00418	0.00502	0.92725	0.00314	0.01558	0.00463	0.00403	0.00252	0.00294	0.00210	0.00168	0.00146	0.00042	0.00292	0.00105	0.00084	0.00189
22	0.00383	0.00438	0.00958	0.00684	0.00848	0.00410	0.92695	0.00520	0.00383	0.00520	0.00328	0.00438	0.00246	0.00137	0.00192	0.00055	0.00274	0.00192	0.00082	0.00219
23	0.00400	0.00344	0.00363	0.00327	0.00418	0.00397	0.00254	0.01447	0.89595	0.00674	0.00662	0.02890	0.00507	0.00226	0.00166	0.00055	0.00128	0.00190	0.00164	0.00793
24	0.00378	0.00426	0.00901	0.00652	0.00797	0.00416	0.82040	0.00503	0.00368	0.00505	0.00323	0.01477	0.00252	0.00156	0.00227	0.00057	0.10036	0.00189	0.00082	0.00214
25	0.00203	0.00146	0.00193	0.00229	0.00241	0.00138	0.00155	0.00239	0.01755	0.00421	0.00898	0.89287	0.02091	0.00501	0.00207	0.00066	0.00096	0.02852	0.00151	0.00134
26	0.00307	0.00289	0.00487	0.92900	0.01110	0.00362	0.00450	0.00414	0.00324	0.00414	0.00288	0.00432	0.00216	0.00164	0.00166	0.00054	0.01226	0.00144	0.00072	0.00180
27	0.00402	0.00386	0.00659	0.00996	0.93284	0.00386	0.00498	0.00498	0.00370	0.00530	0.00305	0.00402	0.00257	0.00145	0.00161	0.00048	0.00193	0.00145	0.00080	0.00257
28	0.00196	0.00165	0.00170	0.00171	0.00225	0.00139	0.00130	0.00239	0.00372	0.00446	0.04000	0.02043	0.86609	0.00411	0.00193	0.00056	0.00085	0.04062	0.00151	0.00138
29	0.00223	0.00159	0.00218	0.00255	0.00276	0.00154	0.00195	0.00270	0.00336	0.00443	0.00880	0.57281	0.01018	0.00484	0.00214	0.00069	0.00116	0.37119	0.00150	0.00139
30	0.02829	0.00277	0.00374	0.00287	0.00412	0.00241	0.00237	0.00784	0.00460	0.91341	0.00631	0.00546	0.00397	0.00200	0.00162	0.00050	0.00138	0.00162	0.00199	0.00274
31	0.00232	0.00173	0.00257	0.00257	0.00285	0.00201	0.00198	0.00287	0.00260	0.00374	0.00438	0.00657	0.00414	0.05525	0.89357	0.00256	0.00422	0.00177	0.00087	0.00143
32	0.00617	0.00455	0.00487	0.00373	0.00503	0.00503	0.00308	0.92743	0.00763	0.01023	0.00390	0.00390	0.00276	0.00195	0.00162	0.00049	0.00179	0.00146	0.00162	0.00276
33	0.00617	0.00455	0.00487	0.00373	0.00503	0.00503	0.00308	0.92743	0.00763	0.01023	0.00390	0.00390	0.00276	0.00195	0.00162	0.00049	0.00179	0.00146	0.00162	0.00276
34	0.00192	0.00164	0.00164	0.00164	0.00219	0.00137	0.00123	0.00233	0.00370	0.00438	0.01644	0.01562	0.93218	0.00411	0.00192	0.00055	0.00082	0.00343	0.00151	0.00137
35	0.02453	0.00306	0.00384	0.00302	0.00423	0.00293	0.00247	0.10643	0.13709	0.68516	0.00608	0.00537	0.00397	0.00202	0.00162	0.00051	0.00141	0.00163	0.00190	0.00272
36	0.00354	0.00353	0.00494	0.00424	0.00424	0.00494	0.00353	0.00389	0.00249	0.00390	0.00216	0.00358	0.00215	0.00295	0.01607	0.00073	0.92920	0.00142	0.00071	0.00177
37	0.00261	0.00186	0.00261	0.00298	0.00335	0.00186	0.00260	0.00335	0.00373	0.00485	0.00860	0.02927	0.00936	0.00449	0.00224	0.00075	0.00149	0.91103	0.00149	0.00149
38	0.95443	0.00314	0.00239	0.00213	0.00314	0.00364	0.00176	0.00477	0.00276	0.00728	0.00226	0.00264	0.00176	0.00151	0.00100	0.00050	0.00126	0.00088	0.00100	0.00176
39	0.00282	0.00141	0.00211	0.00211	0.00211	0.00141	0.00141	0.00211	0.00211	0.00282	0.00282	0.00493	0.00282	0.00564	0.00634	0.95278	0.00141	0.00141	0.00070	0.00070
40	0.00271	0.00197	0.00268	0.00300	0.00341	0.00200	0.00261	0.01273	0.04830	0.00500	0.00851	0.01755	0.01624	0.00435	0.00220	0.00073	0.00148	0.86145	0.00150	0.00156
41	0.00373	0.00257	0.00298	0.00279	0.00349	0.01304	0.00220	0.01176	0.33518	0.14854	0.09640	0.11846	0.10371	0.00316	0.00184	0.00058	0.00122	0.14467	0.00165	0.00206
42	0.01316	0.00263	0.00328	0.00271	0.00370	0.00246	0.00220	0.06728	0.09168	0.50465	0.06578	0.01511	0.16571	0.00261	0.00173	0.00053	0.00127	0.04936	0.00181	0.00234
43	0.00211	0.00169	0.00184	0.00179	0.00231	0.00147	0.00135	0.00268	0.01827	0.01399	0.26870	0.01441	0.65601	0.00384	0.00191	0.00054	0.00082	0.00325	0.00159	0.00145
44	0.00229	0.00168	0.00208	0.00229	0.00261	0.00159	0.00168	0.00293	0.05595	0.02207	0.04717	0.49084	0.21894	0.00448	0.00202	0.00063	0.00102	0.13673	0.00153	0.00146
45	0.00322	0.00259	0.00297	0.00276	0.01244	0.03097	0.00837	0.03928	0.17985	0.03555	0.06756	0.13220	0.13611	0.01656	0.03178	0.00062	0.03489	0.11315	0.02454	0.12460
46	0.00228	0.00172	0.00237	0.00236	0.00263	0.00189	0.00177	0.00274	0.00272	0.00376	0.00613	0.01986	0.12946	0.15686	0.64269	0.00212	0.01419	0.00210	0.00098	0.00137
47	0.00564	0.03728	0.01580	0.00393	0.01075	0.73298	0.00300	0.07098	0.00459	0.00450	0.00287	0.00349	0.00241	0.02184	0.02132	0.00423	0.00269	0.00829	0.04150	0.00191
48	0.00349	0.00295	0.00342	0.00247	0.00389	0.00231	0.00198	0.03614	0.02914	0.01020	0.00312	0.00354	0.00770	0.00128	0.00124	0.00026	0.00122	0.00102	0.00101	0.88363
49	0.00489	0.00892	0.00410	0.00349	0.00449	0.13069	0.00276	0.26894	0.46535	0.02493	0.01148	0.02928	0.00412	0.00215	0.00166	0.00051	0.00915	0.00929	0.00152	0.01229
50	0.00251	0.00174	0.00218	0.00237	0.00273	0.00163	0.00180	0.01032	0.02910	0.05623	0.01403	0.40802	0.21945	0.01370	0.00210	0.00065	0.00109	0.22733	0.00153	0.00150
51	0.00379	0.00298	0.00338	0.00319	0.00395	0.00332	0.00257	0.04848	0.55674	0.04099	0.01354	0.01433	0.00625	0.01067	0.00189	0.00061	0.00137	0.27810	0.00161	0.00224
52	0.00228	0.00175	0.00211	0.00225	0.00261	0.00168	0.00167	0.00662	0.06285	0.01197	0.07002	0.37071	0.30584	0.01387	0.00212	0.00063	0.01614	0.12190	0.00152	0.00147
53	0.00205	0.00146	0.00190	0.00222	0.00234	0.00138	0.00148	0.00237	0.01425	0.00414	0.02451	0.81145	0.02933	0.07590	0.00256	0.00641	0.00100	0.01247	0.00147	0.00131
54	0.00588	0.00728	0.00450	0.00408	0.00491	0.84553	0.00307	0.01970	0.04542	0.01308	0.00280	0.00320	0.00230	0.00201	0.02896	0.00049	0.00286	0.00111	0.00090	0.00192
55	0.00199	0.00142	0.00190	0.00227	0.00237	0.00133	0.00152	0.00228	0.00311	0.00415	0.00890	0.92221	0.01066	0.00514	0.01036	0.00068	0.00098	0.01592	0.00150	0.00132
56	0.00268	0.00197	0.00232	0.00235	0.00279	0.00195	0.00174	0.01425	0.16042	0.04555	0.07851	0.33391	0.21783	0.05229	0.01019	0.00067	0.00109	0.06632	0.00154	0.00163
57	0.00220	0.00181	0.00190	0.00192	0.00244	0.00156	0.00143	0.00267	0.02369	0.00473	0.06672	0.09804	0.75157	0.00423	0.00201	0.00059	0.00092	0.02848	0.00159	0.00150
58	0.00251	0.00187	0.00274	0.00274	0.00304	0.00214	0.00211	0.00304	0.00273	0.00395	0.00453	0.00662	0.00422	0.01226	0.93418	0.00264	0.00440	0.00180	0.00093	0.00155
59	0.00220	0.00177	0.00192	0.00199	0.00246	0.00154	0.00147	0.00261	0.01195	0.00462	0.04047	0.16589	0.67035	0.01810	0.00213	0.00063	0.00097	0.06589	0.00157	0.00148
60	0.00301	0.00220	0.00259	0.00260	0.00311	0.00217	0.00200	0.01667	0.15696	0.04627	0.03911	0.17197	0.21867	0.08028	0.00255	0.00072	0.00125	0.22919	0.00157	0.01709
61	0.00306	0.00202	0.00260	0.00278	0.00317	0.00195	0.00215	0.02319	0.05397	0.08505	0.00868	0.42552	0.03127	0.01128	0.00218	0.00070	0.00128	0.33583	0.00161	0.00170
62	0.00422	0.00362	0.00380	0.00343	0.00436	0.00414	0.00265	0.00875	0.92762	0.00696	0.00678	0.00630	0.00512	0.00232	0.00173	0.00058	0.00135	0.00190	0.00171	0.00266
63	0.00281	0.00212	0.00242	0.00243	0.00287	0.00208	0.00175	0.04227	0.14712	0.02465	0.05224	0.35803	0.25754	0.07270	0.00246	0.00070	0.00112	0.02140	0.00158	0.00170
64	0.04987	0.00380	0.00403	0.00339	0.00447	0.01492	0.00268	0.26829	0.46250	0.08583	0.00566	0.01666	0.01179	0.00219	0.00167	0.00054	0.00150	0.00172	0.00926	0.04924
65	0.00319	0.00237	0.00286	0.00294	0.00346	0.00243	0.00234	0.02567	0.22623	0.03647	0.03425	0.19984	0.07487	0.00397	0.00208	0.00068	0.00133	0.37151	0.00162	0.00188
66	0.00254	0.00171	0.00192	0.00192	0.00195	0.00168	0.00110	0.00251	0.00252	0.00338	0.00546	0.02772	0.01121	0.90703	0.00810	0.00157	0.00162	0.01387	0.00106	0.00110
67	0.00321	0.00242	0.00292	0.00300	0.00351	0.00872	0.00241	0.08771	0.14139	0.00921	0.00842	0.20343	0.05632	0.01864	0.00221	0.00071	0.00142	0.44097	0.00158	0.00182
68	0.00284	0.00208	0.00251	0.00259	0.00303	0.00212	0.00197	0.02907	0.18917	0.04037	0.03805	0.39101	0.10153	0.00401	0.00196	0.00062	0.00113	0.17208	0.01214	0.00171
69	0.00215	0.00151	0.00186	0.00207	0.00216	0.00145	0.00132	0.00237	0.00911	0.00383	0.01636	0.52450	0.04527	0.35803	0.00439	0.00100	0.00118	0.01892	0.00131	0.00121
70	0.00368	0.01377	0.00331	0.00321	0.02600	0.25083	0.00247	0.03647	0.02454	0.02338	0.00737	0.02736	0.19986	0.01286	0.10837	0.00080	0.04435	0.20846	0.00120	0.00170
71	0.01463	0.00268	0.00349	0.00319	0.01038	0.05583	0.08803	0.03500	0.04608	0.02947	0.00683	0.26527	0.10888	0.04678	0.11251	0.00088	0.11309	0.04660	0.00122	0.00915
72	0.00545	0.01013	0.00440	0.00386	0.01076	0.54027	0.01813	0.16776	0.08564	0.02139	0.00375	0.01950	0.02157	0.01792	0.02256	0.00053	0.01660	0.00729	0.02042	0.00207
73	0.00550	0.00457	0.00459	0.01423	0.01920	0.12992	0.01690	0.56527	0.10322	0.02134	0.00905	0.03312	0.00328	0.01584	0.01021	0.00053	0.02093	0.00572	0.00144	0.01514
74	0.00522	0.00867	0.00417	0.00357	0.01527	0.22358	0.00280	0.33353	0.20369	0.05833	0.02658	0.00570	0.06148	0.00220	0.00164	0.00050	0.00183	0.03745	0.00144	0.00234
75	0.00389	0.00332	0.00356	0.00327	0.01008	0.00381	0.00252	0.02536	0.80729	0.00662	0.02478	0.05886	0.00551	0.00244	0.00172	0.00056	0.00758	0.02476	0.00163	0.00245
76	0.00437	0.00381	0.00424	0.00433	0.13713	0.04478	0.00298	0.09051	0.65944	0.02159	0.00567	0.00542	0.00428	0.00204	0.00163	0.00053	0.00149	0.00171	0.00150	0.00256
77	0.00335	0.00285	0.00304	0.00283	0.00359	0.00314	0.00219	0.00651	0.60891	0.00602	0.02975	0.04351	0.22456	0.00290	0.00177	0.00056	0.00116	0.04960	0.00161	0.00216
78	0.00324	0.00265	0.00315	0.00361	0.12403	0.06900	0.00231	0.12605	0.01180	0.02850	0.00699	0.58297	0.01425	0.01102	0.00194	0.00060	0.00134	0.00340	0.00139	0.00176
79	0.00553	0.00395	0.00429	0.00345	0.00458	0.01908	0.00281	0.60396	0.10685	0.09264	0.00502	0.05551	0.01424	0.00228	0.00167	0.00051	0.00163	0.04772	0.00162	0.02265
80	0.00202	0.00145	0.00192	0.00228	0.00240	0.00135	0.00156	0.00233	0.00315	0.00418	0.00912	0.85159	0.03935	0.01375	0.00213	0.00067	0.00098	0.05696	0.00150	0.00133
81	0.01873	0.00419	0.00457	0.00356	0.00481	0.00458	0.00293	0.70460	0.10180	0.12664	0.00447	0.00431	0.00313	0.00198	0.00162	0.00050	0.00168	0.00151	0.00167	0.00273
82	0.00998	0.00389	0.00477	0.05893	0.01899	0.16410	0.11999	0.03007	0.02935	0.00446	0.00425	0.16189	0.02767	0.00290	0.01764	0.00063	0.31773	0.01997	0.00097	0.00181
83	0.00339	0.00265	0.00300	0.00294	0.01005	0.01971	0.00225	0.07290	0.33917	0.03437	0.03813	0.28177	0.03692	0.00345	0.00187	0.00060	0.00126	0.14202	0.00157	0.00198
84	0.00288	0.00147	0.00215	0.00213	0.00216	0.00147	0.00143	0.01838	0.00223	0.00300	0.00288	0.00493	0.00284	0.00551	0.00618	0.92088	0.00141	0.00141	0.01589	0.00075
85	0.00604	0.00747	0.00462	0.00415	0.00501	0.86329	0.00313	0.06781	0.00920	0.00440	0.00262	0.00301	0.00215	0.00170	0.00150	0.00043	0.00956	0.00108	0.00089	0.00194
86	0.00409	0.00385	0.00595	0.00849	0.72916	0.02761	0.00446	0.05181	0.08910	0.00563	0.01147	0.00969	0.01911	0.00169	0.00163	0.00049	0.00184	0.02045	0.00096	0.00250
87	0.00463	0.00346	0.00369	0.00324	0.01008	0.05457	0.00255	0.26313	0.27440	0.10607	0.00617	0.08408	0.03093	0.03791	0.01238	0.00061	0.00155	0.09667	0.00157	0.00229
88	0.00371	0.00299	0.00344	0.00259	0.00392	0.00253	0.00206	0.01762	0.16147	0.05342	0.00374	0.00403	0.00297	0.01311	0.00139	0.00033	0.00124	0.00117	0.00114	0.71714
89	0.00279	0.00200	0.00248	0.00237	0.00290	0.00184	0.00177	0.00981	0.06032	0.04877	0.08547	0.29823	0.12872	0.01261	0.00230	0.07554	0.01560	0.08103	0.00139	0.16406
90	0.00253	0.00188	0.00230	0.00244	0.00287	0.00181	0.00194	0.01534	0.07247	0.02533	0.04518	0.20054	0.27198	0.01657	0.00212	0.00065	0.00115	0.32982	0.00153	0.00154
91	0.00390	0.00288	0.00322	0.00295	0.00376	0.00311	0.00233	0.02385	0.52534	0.11394	0.03446	0.05052	0.11620	0.00281	0.00177	0.00057	0.00124	0.10325	0.00166	0.00225
92	0.00370	0.00282	0.00310	0.00270	0.00354	0.01062	0.00211	0.20413	0.16684	0.04810	0.02342	0.13816	0.22037	0.01198	0.00180	0.00053	0.00125	0.03973	0.00151	0.11358
93	0.00277	0.00198	0.00238	0.00245	0.00289	0.00195	0.00186	0.02458	0.12832	0.05831	0.02639	0.33008	0.20689	0.03577	0.00218	0.00065	0.00112	0.16625	0.00154	0.00164
94	0.00252	0.00200	0.00222	0.00221	0.00275	0.00194	0.00169	0.01686	0.15900	0.01999	0.04574	0.13847	0.48548	0.01538	0.00200	0.00059	0.00101	0.09699	0.00154	0.00162
95	0.00276	0.00191	0.00242	0.00251	0.00291	0.00182	0.00188	0.04332	0.03564	0.05133	0.00789	0.48067	0.02809	0.06298	0.00237	0.00068	0.00118	0.19252	0.00146	0.07566
96	0.01433	0.00202	0.00238	0.00239	0.00288	0.00199	0.00181	0.03702	0.12580	0.05311	0.05831	0.32650	0.24833	0.00395	0.00193	0.00060	0.00107	0.10486	0.00156	0.00917
97	0.00343	0.00285	0.00301	0.00281	0.00351	0.03810	0.00218	0.05602	0.39971	0.02474	0.08369	0.10650	0.17176	0.00308	0.00180	0.00056	0.00123	0.08221	0.00158	0.01122
