[name]
ND3

[dist]
# distance from previous block
# <min> <max>
0	1

[block]
# block no. 0 follows, 197 sequences, length 115
# corresponding to MSA columns:
# 1-115
name=unknown_A
#
# <colnr> <probs for GDERKNQSTAVLIFYWHMCP>
#	G	D	E	R	K	N	Q	S	T	A	V	L	I	F	Y	W	H	M	C	P
0	0.00255	0.00184	0.00253	0.00287	0.00326	0.00182	0.00250	0.00326	0.00370	0.00478	0.00902	0.01796	0.06982	0.00442	0.00220	0.00073	0.00144	0.86236	0.00148	0.00147
1	0.00596	0.00756	0.00453	0.00412	0.00495	0.91479	0.00309	0.00647	0.02663	0.00400	0.00258	0.00297	0.00214	0.00167	0.00145	0.00042	0.00286	0.00105	0.00085	0.00188
2	0.00219	0.00160	0.00206	0.00234	0.00257	0.00154	0.00171	0.00272	0.03634	0.00436	0.02478	0.55785	0.09730	0.05488	0.00238	0.00070	0.00108	0.20074	0.00147	0.00138
3	0.00285	0.00195	0.00241	0.00241	0.00292	0.00185	0.00189	0.01787	0.06865	0.08548	0.12648	0.19661	0.20513	0.01160	0.00741	0.00061	0.00113	0.22918	0.00155	0.03202
4	0.00235	0.00174	0.00211	0.00233	0.00263	0.00159	0.00167	0.00276	0.02211	0.01440	0.03360	0.53512	0.25128	0.01318	0.00826	0.00069	0.00108	0.10002	0.00157	0.00150
5	0.00474	0.00322	0.00362	0.00310	0.00407	0.00347	0.00247	0.16139	0.45189	0.19570	0.04055	0.01701	0.05548	0.00238	0.00168	0.00053	0.00134	0.04321	0.00169	0.00245
6	0.00198	0.00145	0.00187	0.00220	0.00236	0.00134	0.00151	0.00230	0.00319	0.00419	0.01926	0.78998	0.11264	0.00489	0.00204	0.00064	0.00094	0.04440	0.00149	0.00132
7	0.00248	0.00186	0.00222	0.00235	0.00268	0.00187	0.00170	0.01327	0.14613	0.01477	0.01650	0.43709	0.14147	0.10875	0.00266	0.00073	0.00111	0.09940	0.00146	0.00152
8	0.00306	0.00258	0.00273	0.00253	0.00325	0.00275	0.00195	0.00991	0.47470	0.01193	0.05860	0.01033	0.36772	0.01950	0.00188	0.00056	0.00108	0.02138	0.00157	0.00198
9	0.00594	0.04187	0.00470	0.00408	0.00494	0.87429	0.00309	0.02961	0.00970	0.00410	0.00253	0.00293	0.00210	0.00166	0.00144	0.00041	0.00282	0.00104	0.00085	0.00190
10	0.00345	0.00273	0.00302	0.00276	0.00347	0.00297	0.00214	0.09521	0.40638	0.02686	0.05413	0.06465	0.15963	0.04691	0.07133	0.00075	0.00145	0.04423	0.00593	0.00204
11	0.01194	0.00262	0.00297	0.00277	0.00341	0.00279	0.00211	0.14636	0.27483	0.07133	0.00756	0.30735	0.07497	0.03032	0.00198	0.00060	0.00122	0.03838	0.01450	0.00199
12	0.00197	0.00142	0.00187	0.00221	0.00234	0.00132	0.00150	0.00227	0.00313	0.00415	0.01713	0.86611	0.06340	0.00496	0.00205	0.00065	0.00093	0.01979	0.00149	0.00131
13	0.00638	0.00312	0.00387	0.00305	0.00423	0.00304	0.00250	0.17529	0.13145	0.59970	0.02117	0.00560	0.00416	0.00207	0.00163	0.00050	0.00142	0.02041	0.00185	0.00854
14	0.00399	0.00297	0.00335	0.00300	0.00374	0.00320	0.00235	0.33992	0.17131	0.02255	0.01725	0.27993	0.03470	0.01708	0.00191	0.00059	0.00136	0.08715	0.00156	0.00209
15	0.00224	0.00158	0.00194	0.00211	0.00241	0.00144	0.00148	0.00268	0.02320	0.04410	0.05691	0.56633	0.25389	0.02052	0.00208	0.00062	0.00093	0.01257	0.00152	0.00141
16	0.00198	0.00143	0.00188	0.00221	0.00235	0.00133	0.00150	0.00230	0.00318	0.00422	0.04522	0.83292	0.06528	0.00490	0.00204	0.00064	0.00093	0.02287	0.00150	0.00132
17	0.00235	0.00172	0.00216	0.00213	0.00256	0.00160	0.00166	0.00309	0.02137	0.01939	0.53625	0.01363	0.22326	0.00362	0.00194	0.00055	0.00091	0.15862	0.00166	0.00151
18	0.00287	0.00221	0.00254	0.00252	0.00302	0.00229	0.00188	0.04723	0.25414	0.02438	0.04119	0.32956	0.17221	0.03651	0.00210	0.00063	0.00111	0.07032	0.00154	0.00175
19	0.00196	0.00163	0.00172	0.00174	0.00224	0.00139	0.00131	0.00241	0.00373	0.00457	0.11072	0.05343	0.76937	0.00404	0.00192	0.00055	0.00084	0.03354	0.00152	0.00138
20	0.00694	0.00275	0.00370	0.00288	0.00409	0.00243	0.00238	0.00776	0.05153	0.86485	0.00641	0.00581	0.00416	0.00206	0.00163	0.00051	0.00137	0.02410	0.00196	0.00270
21	0.00233	0.00156	0.00176	0.00177	0.00177	0.00155	0.00099	0.00234	0.00236	0.00314	0.00515	0.03230	0.00596	0.92156	0.00804	0.00154	0.00154	0.00239	0.00099	0.00098
22	0.00276	0.00140	0.00208	0.00210	0.00210	0.00139	0.00140	0.00210	0.00213	0.00284	0.00302	0.03734	0.00309	0.01271	0.00615	0.91304	0.00138	0.00151	0.00073	0.00072
23	0.00199	0.00143	0.00188	0.00223	0.00235	0.00133	0.00151	0.00228	0.00311	0.00412	0.00905	0.85647	0.04510	0.02445	0.00218	0.00067	0.00096	0.03611	0.00148	0.00131
24	0.00333	0.00286	0.00333	0.00238	0.00381	0.00214	0.00191	0.00405	0.00333	0.00524	0.00286	0.00333	0.00238	0.00119	0.00119	0.00024	0.00119	0.00095	0.00095	0.95332
25	0.00379	0.00433	0.00944	0.00675	0.00836	0.00408	0.91752	0.00514	0.00378	0.00514	0.00324	0.00433	0.00244	0.00137	0.00193	0.00054	0.01297	0.00189	0.00081	0.00216
26	0.00227	0.00168	0.00213	0.00239	0.00261	0.00165	0.00168	0.02691	0.07350	0.00453	0.01259	0.76359	0.02437	0.00465	0.00201	0.00064	0.00101	0.06229	0.00150	0.00798
27	0.00527	0.01605	0.00427	0.00384	0.00459	0.71444	0.00947	0.03131	0.00424	0.00408	0.00287	0.00358	0.00246	0.00362	0.17727	0.00083	0.00798	0.00118	0.00085	0.00181
28	0.01044	0.00233	0.00261	0.00244	0.00307	0.01087	0.00187	0.07972	0.18174	0.05583	0.12227	0.17831	0.27252	0.00343	0.00183	0.00055	0.00109	0.04892	0.00157	0.01858
29	0.00242	0.00184	0.00266	0.00263	0.00294	0.01060	0.00205	0.02178	0.00270	0.00387	0.00427	0.00622	0.00396	0.01170	0.90360	0.00251	0.01020	0.00171	0.00088	0.00147
30	0.00469	0.00305	0.00363	0.00311	0.00402	0.00690	0.02128	0.18469	0.27734	0.21967	0.03817	0.11916	0.01518	0.00277	0.01537	0.00057	0.00142	0.06860	0.00165	0.00872
31	0.00325	0.03317	0.91056	0.00453	0.00688	0.00380	0.00586	0.00508	0.00339	0.00506	0.00287	0.00337	0.00204	0.00152	0.00151	0.00050	0.00236	0.00118	0.00068	0.00237
32	0.00398	0.00382	0.00653	0.00987	0.93346	0.00382	0.00493	0.00493	0.00366	0.00525	0.00302	0.00398	0.00255	0.00143	0.00159	0.00048	0.00191	0.00143	0.00080	0.00255
33	0.00485	0.00311	0.00360	0.00301	0.00392	0.00932	0.00241	0.24487	0.19429	0.23446	0.04183	0.04803	0.07817	0.02066	0.06895	0.00069	0.02770	0.00621	0.00160	0.00231
34	0.02868	0.01299	0.00469	0.00373	0.00969	0.14919	0.00301	0.69510	0.06258	0.00882	0.00375	0.00380	0.00273	0.00189	0.00157	0.00047	0.00190	0.00139	0.00146	0.00256
35	0.00338	0.00288	0.00336	0.00240	0.00383	0.00219	0.00192	0.01854	0.00340	0.00532	0.00287	0.00334	0.00239	0.00120	0.00120	0.00024	0.00120	0.00096	0.00096	0.93842
36	0.00230	0.00172	0.00258	0.00258	0.00287	0.00201	0.00201	0.00287	0.00258	0.00373	0.00431	0.00632	0.00402	0.01206	0.93712	0.00258	0.00431	0.00172	0.00086	0.00144
37	0.00322	0.00832	0.93516	0.00458	0.00696	0.00373	0.00594	0.00509	0.00339	0.00509	0.00289	0.00339	0.00204	0.00153	0.00153	0.00051	0.00238	0.00119	0.00068	0.00238
38	0.00298	0.00150	0.00151	0.00151	0.00187	0.00150	0.00112	0.00370	0.00334	0.00590	0.00522	0.00611	0.00416	0.02775	0.00135	0.00642	0.00078	0.00152	0.92029	0.00148
39	0.92871	0.00306	0.00236	0.00211	0.00308	0.00355	0.00173	0.00465	0.00272	0.00709	0.00225	0.00267	0.00177	0.00160	0.00114	0.02666	0.00125	0.00089	0.00099	0.00171
40	0.00234	0.00156	0.00175	0.00175	0.00175	0.00156	0.00097	0.00234	0.00234	0.00312	0.00507	0.01052	0.00585	0.94349	0.00818	0.00156	0.00156	0.00234	0.00097	0.00097
41	0.00435	0.91873	0.00832	0.00279	0.00415	0.03192	0.00276	0.00486	0.00330	0.00379	0.00224	0.00259	0.00206	0.00138	0.00104	0.00035	0.00175	0.00086	0.00069	0.00206
42	0.00333	0.00286	0.00333	0.00238	0.00381	0.00214	0.00191	0.00405	0.00333	0.00524	0.00286	0.00333	0.00238	0.00119	0.00119	0.00024	0.00119	0.00095	0.00095	0.95332
43	0.00272	0.00203	0.00260	0.00279	0.00322	0.00207	0.00227	0.00395	0.14973	0.01302	0.03297	0.21759	0.02332	0.00407	0.00204	0.00067	0.00129	0.50439	0.00151	0.02776
44	0.64033	0.01102	0.09940	0.00408	0.01666	0.02728	0.00676	0.08585	0.03926	0.01546	0.01118	0.00586	0.01440	0.00296	0.01009	0.00086	0.00217	0.00172	0.00170	0.00295
45	0.00763	0.00564	0.00597	0.00486	0.00626	0.00575	0.00376	0.80352	0.01825	0.01134	0.00617	0.00688	0.03805	0.00321	0.00243	0.00082	0.00237	0.00214	0.00220	0.06276
46	0.00890	0.00415	0.00511	0.00421	0.00557	0.00357	0.00323	0.00918	0.03925	0.86995	0.01572	0.00811	0.00586	0.00325	0.00246	0.00085	0.00204	0.00227	0.00260	0.00371
47	0.00500	0.00424	0.00613	0.87965	0.01206	0.00468	0.00520	0.00555	0.00450	0.00604	0.00480	0.00690	0.00398	0.00292	0.00255	0.00864	0.02016	0.00207	0.01216	0.00279
48	0.00395	0.00285	0.00330	0.00357	0.00386	0.00250	0.00238	0.00377	0.00443	0.00606	0.01813	0.85810	0.06079	0.00613	0.00287	0.00099	0.00162	0.01023	0.00213	0.00234
49	0.00333	0.00286	0.00333	0.00238	0.00381	0.00214	0.00191	0.00405	0.00333	0.00524	0.00286	0.00333	0.00238	0.00119	0.00119	0.00024	0.00119	0.00095	0.00095	0.95332
50	0.00234	0.00156	0.00175	0.00175	0.00175	0.00156	0.00097	0.00234	0.00234	0.00312	0.00507	0.01052	0.00585	0.94349	0.00818	0.00156	0.00156	0.00234	0.00097	0.00097
51	0.00609	0.00449	0.00481	0.00369	0.00498	0.00497	0.00305	0.91756	0.01814	0.01009	0.00389	0.00388	0.00276	0.00193	0.00161	0.00048	0.00176	0.00145	0.00161	0.00273
52	0.00256	0.00183	0.00255	0.00292	0.00328	0.00182	0.00253	0.00328	0.00368	0.00478	0.00861	0.05473	0.01946	0.00446	0.00221	0.00073	0.00145	0.87616	0.00148	0.00147
53	0.00398	0.00382	0.00653	0.00987	0.93346	0.00382	0.00493	0.00493	0.00366	0.00525	0.00302	0.00398	0.00255	0.00143	0.00159	0.00048	0.00191	0.00143	0.00080	0.00255
54	0.00234	0.00156	0.00175	0.00175	0.00175	0.00156	0.00097	0.00234	0.00234	0.00312	0.00507	0.01052	0.00585	0.94349	0.00818	0.00156	0.00156	0.00234	0.00097	0.00097
55	0.00234	0.00156	0.00175	0.00175	0.00175	0.00156	0.00097	0.00234	0.00234	0.00312	0.00507	0.01052	0.00585	0.94349	0.00818	0.00156	0.00156	0.00234	0.00097	0.00097
56	0.00197	0.00141	0.00188	0.00225	0.00235	0.00132	0.00151	0.00226	0.00309	0.00412	0.00885	0.92360	0.01061	0.00503	0.00206	0.00065	0.00094	0.02329	0.00149	0.00131
57	0.00219	0.00164	0.00203	0.00193	0.00235	0.00148	0.00145	0.00287	0.00435	0.00598	0.72750	0.01279	0.22057	0.00346	0.00190	0.00051	0.00077	0.00302	0.00171	0.00148
58	0.00721	0.00274	0.00373	0.00286	0.00410	0.00236	0.00236	0.00784	0.00460	0.93458	0.00634	0.00547	0.00398	0.00199	0.00162	0.00050	0.00137	0.00162	0.00199	0.00274
59	0.00190	0.00163	0.00163	0.00163	0.00217	0.00136	0.00122	0.00231	0.00366	0.00434	0.01629	0.01547	0.93281	0.00407	0.00190	0.00054	0.00081	0.00339	0.00149	0.00136
60	0.00400	0.00345	0.00364	0.00327	0.00418	0.00400	0.00255	0.00854	0.93056	0.00673	0.00654	0.00600	0.00491	0.00218	0.00164	0.00055	0.00127	0.00182	0.00164	0.00255
61	0.00234	0.00156	0.00175	0.00175	0.00175	0.00156	0.00097	0.00234	0.00234	0.00312	0.00507	0.01052	0.00585	0.94349	0.00818	0.00156	0.00156	0.00234	0.00097	0.00097
62	0.00196	0.00140	0.00187	0.00224	0.00233	0.00131	0.00149	0.00224	0.00308	0.00410	0.00886	0.94244	0.01063	0.00504	0.00205	0.00065	0.00093	0.00457	0.00149	0.00131
63	0.00196	0.00140	0.00186	0.00223	0.00233	0.00131	0.00149	0.00224	0.00309	0.00411	0.00899	0.92646	0.02654	0.00502	0.00205	0.00065	0.00093	0.00455	0.00149	0.00131
64	0.00235	0.00156	0.00175	0.00175	0.00176	0.00156	0.00098	0.00236	0.00235	0.00316	0.00507	0.01046	0.00582	0.93090	0.00809	0.00154	0.00155	0.00233	0.01370	0.00098
65	0.00432	0.93188	0.00838	0.00276	0.00414	0.00634	0.00276	0.01717	0.00332	0.00387	0.00226	0.00260	0.00207	0.00138	0.00104	0.00035	0.00172	0.00087	0.00070	0.00207
66	0.00219	0.00157	0.00203	0.00240	0.00251	0.00144	0.00160	0.00241	0.00323	0.00433	0.00907	0.93976	0.01082	0.00517	0.00215	0.00069	0.00101	0.00464	0.00157	0.00142
67	0.02958	0.00832	0.90675	0.00466	0.00702	0.00386	0.00591	0.00525	0.00353	0.00537	0.00309	0.00368	0.00224	0.00167	0.00161	0.00055	0.00242	0.00125	0.00076	0.00247
68	0.00203	0.00180	0.00173	0.00172	0.00227	0.02706	0.00130	0.00244	0.00369	0.00435	0.02032	0.01516	0.88637	0.00401	0.00189	0.00054	0.00088	0.01957	0.00148	0.00137
69	0.00715	0.00274	0.00372	0.00286	0.00409	0.00237	0.00236	0.00781	0.01415	0.91846	0.01289	0.00552	0.00407	0.00200	0.00162	0.00050	0.00136	0.00163	0.00198	0.00273
70	0.00196	0.00140	0.00186	0.00223	0.00233	0.00131	0.00149	0.00224	0.00309	0.00411	0.00903	0.92173	0.03124	0.00502	0.00205	0.00065	0.00093	0.00454	0.00149	0.00131
71	0.00196	0.00140	0.00187	0.00224	0.00233	0.00131	0.00149	0.00224	0.00308	0.00410	0.00886	0.94244	0.01063	0.00504	0.00205	0.00065	0.00093	0.00457	0.00149	0.00131
72	0.00196	0.00140	0.00186	0.00223	0.00233	0.00131	0.00149	0.00224	0.00308	0.00411	0.00894	0.93270	0.02033	0.00503	0.00205	0.00065	0.00093	0.00456	0.00149	0.00131
73	0.00343	0.00289	0.00337	0.00241	0.00384	0.00220	0.00193	0.02042	0.00343	0.01746	0.00292	0.00337	0.00241	0.00121	0.00120	0.00025	0.00120	0.00097	0.00098	0.92412
74	0.00196	0.00141	0.00186	0.00222	0.00234	0.00131	0.00149	0.00225	0.00311	0.00412	0.00916	0.89470	0.04801	0.00499	0.00205	0.00065	0.00093	0.01461	0.00149	0.00131
75	0.00333	0.00286	0.00333	0.00238	0.00381	0.00214	0.00191	0.00405	0.00333	0.00524	0.00286	0.00333	0.00238	0.00119	0.00119	0.00024	0.00119	0.00095	0.00095	0.95332
76	0.00279	0.00140	0.00209	0.00209	0.00209	0.00140	0.00140	0.00209	0.00209	0.00279	0.00279	0.00489	0.00279	0.00559	0.00628	0.95322	0.00140	0.00140	0.00070	0.00070
77	0.00705	0.00270	0.00367	0.00284	0.00405	0.00233	0.00234	0.00766	0.00457	0.90451	0.01427	0.02787	0.00423	0.00207	0.00163	0.00050	0.00135	0.00170	0.00198	0.00269
78	0.00392	0.00294	0.00320	0.00278	0.00358	0.00310	0.00219	0.33446	0.14358	0.02889	0.03057	0.10734	0.24081	0.03206	0.00197	0.00057	0.00130	0.04291	0.01178	0.00205
79	0.00384	0.00439	0.00925	0.00665	0.00821	0.02633	0.88086	0.00515	0.00378	0.00509	0.00320	0.00428	0.00242	0.00140	0.00198	0.00054	0.02780	0.00186	0.00081	0.00215
80	0.00408	0.00322	0.00345	0.00310	0.00392	0.02412	0.00241	0.11271	0.54796	0.06165	0.02272	0.09790	0.02689	0.02352	0.01953	0.00061	0.00139	0.03694	0.00159	0.00230
81	0.02548	0.04143	0.01014	0.00365	0.02494	0.39685	0.01076	0.10285	0.17143	0.00533	0.00957	0.05263	0.03542	0.00223	0.01707	0.00050	0.01165	0.01831	0.00113	0.05864
82	0.00536	0.06258	0.01168	0.01432	0.06278	0.57573	0.01816	0.09637	0.08008	0.00487	0.00308	0.00354	0.00251	0.00210	0.03624	0.00052	0.01146	0.00562	0.00096	0.00205
83	0.00237	0.00173	0.00219	0.00232	0.00267	0.00158	0.00163	0.00294	0.04920	0.02660	0.01624	0.71375	0.02581	0.00430	0.00191	0.00059	0.00100	0.02071	0.00145	0.12101
84	0.01024	0.01183	0.02939	0.00470	0.18297	0.27289	0.00694	0.08596	0.14587	0.00893	0.00439	0.02679	0.02823	0.01168	0.02517	0.00055	0.01299	0.06690	0.00433	0.05925
85	0.01072	0.00256	0.00291	0.01329	0.00345	0.01122	0.00782	0.05426	0.36511	0.00562	0.03936	0.31937	0.04569	0.01984	0.00857	0.00061	0.00122	0.05756	0.00151	0.02927
86	0.00308	0.00234	0.00290	0.00297	0.00352	0.00246	0.00248	0.04057	0.22785	0.01484	0.07777	0.03455	0.00830	0.00366	0.00201	0.00066	0.00137	0.55491	0.00154	0.01221
87	0.00226	0.00164	0.00204	0.00226	0.00252	0.00157	0.00158	0.00939	0.06856	0.02341	0.03604	0.67289	0.12583	0.01659	0.00207	0.00064	0.00097	0.02677	0.00151	0.00145
88	0.02716	0.00269	0.00289	0.00278	0.02597	0.03747	0.00207	0.03193	0.29989	0.03587	0.04479	0.07237	0.19605	0.03689	0.00220	0.05016	0.00125	0.06938	0.01210	0.04609
89	0.00291	0.00219	0.00270	0.00272	0.00324	0.00223	0.00221	0.05510	0.15025	0.01558	0.13462	0.13160	0.06088	0.01475	0.00205	0.00063	0.00125	0.38572	0.00154	0.02784
90	0.00634	0.00318	0.00388	0.00304	0.00422	0.00311	0.00249	0.23827	0.08636	0.56486	0.03401	0.00562	0.03278	0.00210	0.00163	0.00050	0.00142	0.00169	0.00184	0.00264
91	0.02334	0.00153	0.00196	0.00222	0.00240	0.00148	0.00155	0.00245	0.00804	0.00415	0.00867	0.64457	0.08903	0.06907	0.08369	0.00087	0.00130	0.05096	0.00139	0.00132
92	0.03922	0.00213	0.00250	0.00237	0.00290	0.00211	0.00180	0.06942	0.07247	0.13012	0.06860	0.20579	0.10524	0.11820	0.00256	0.00068	0.00118	0.09432	0.07667	0.00172
93	0.00197	0.00140	0.00186	0.00222	0.00232	0.00131	0.00148	0.00224	0.00306	0.00408	0.00882	0.91360	0.01659	0.02793	0.00220	0.00067	0.00095	0.00451	0.00148	0.00130
94	0.00194	0.00163	0.00169	0.00171	0.00222	0.00138	0.00128	0.00238	0.00884	0.00444	0.05778	0.07955	0.81009	0.00410	0.00191	0.00055	0.00083	0.01479	0.00151	0.00137
95	0.00401	0.00299	0.00332	0.00288	0.00365	0.00318	0.00226	0.39725	0.09168	0.01520	0.05278	0.19832	0.13674	0.03614	0.00201	0.00058	0.00134	0.04203	0.00155	0.00206
96	0.00210	0.00155	0.00185	0.00201	0.00233	0.00139	0.00142	0.00250	0.01298	0.02652	0.05534	0.50177	0.37348	0.00447	0.00197	0.00060	0.00089	0.00393	0.00152	0.00138
97	0.00196	0.00140	0.00187	0.00225	0.00234	0.00131	0.00150	0.00225	0.00308	0.00411	0.00886	0.93409	0.01062	0.00503	0.00205	0.00065	0.00094	0.01287	0.00149	0.00131
98	0.01493	0.00293	0.00367	0.00291	0.00406	0.00279	0.00237	0.08563	0.15123	0.63130	0.02243	0.00596	0.04812	0.00212	0.00163	0.00050	0.00135	0.00173	0.00185	0.01248
99	0.02324	0.00188	0.00242	0.00238	0.00288	0.00173	0.00176	0.00858	0.02069	0.24636	0.03869	0.51027	0.09415	0.00394	0.00189	0.00059	0.00106	0.03412	0.00162	0.00173
100	0.58663	0.00365	0.00332	0.00273	0.00384	0.00414	0.00225	0.36310	0.00461	0.00835	0.00287	0.00310	0.00213	0.00166	0.00123	0.00049	0.00145	0.00109	0.00123	0.00213
101	0.00196	0.00140	0.00187	0.00224	0.00233	0.00131	0.00149	0.00224	0.00308	0.00410	0.00886	0.94244	0.01063	0.00504	0.00205	0.00065	0.00093	0.00457	0.00149	0.00131
102	0.00664	0.00275	0.00364	0.00287	0.00403	0.00249	0.00235	0.01275	0.08956	0.79253	0.02038	0.01101	0.01042	0.01178	0.00171	0.00052	0.00135	0.01866	0.00193	0.00264
103	0.00230	0.00172	0.00258	0.00258	0.00287	0.00201	0.00201	0.00287	0.00258	0.00373	0.00431	0.00632	0.00402	0.01206	0.93712	0.00258	0.00431	0.00172	0.00086	0.00144
104	0.00322	0.00832	0.93516	0.00458	0.00696	0.00373	0.00594	0.00509	0.00339	0.00509	0.00289	0.00339	0.00204	0.00153	0.00153	0.00051	0.00238	0.00119	0.00068	0.00238
105	0.00279	0.00140	0.00209	0.00209	0.00209	0.00140	0.00140	0.00209	0.00209	0.00279	0.00279	0.00489	0.00279	0.00559	0.00628	0.95322	0.00140	0.00140	0.00070	0.00070
106	0.00369	0.00281	0.00315	0.00288	0.00358	0.00305	0.00222	0.16556	0.34440	0.04120	0.01500	0.19456	0.07002	0.05296	0.02889	0.00068	0.00137	0.06040	0.00154	0.00207
107	0.00381	0.00464	0.06843	0.02129	0.03029	0.03017	0.80103	0.00515	0.00377	0.00509	0.00319	0.00422	0.00240	0.00139	0.00187	0.00054	0.00793	0.00181	0.00080	0.00217
108	0.04211	0.00407	0.04629	0.00920	0.83566	0.02454	0.00481	0.00497	0.00363	0.00530	0.00297	0.00388	0.00248	0.00144	0.00156	0.00048	0.00193	0.00139	0.00080	0.00249
109	0.95485	0.00311	0.00236	0.00211	0.00311	0.00361	0.00174	0.00473	0.00274	0.00721	0.00224	0.00261	0.00174	0.00149	0.00100	0.00050	0.00124	0.00087	0.00100	0.00174
110	0.00196	0.00140	0.00187	0.00224	0.00233	0.00131	0.00149	0.00224	0.00308	0.00410	0.00886	0.94244	0.01063	0.00504	0.00205	0.00065	0.00093	0.00457	0.00149	0.00131
111	0.00334	0.08919	0.82948	0.00457	0.03216	0.00396	0.00564	0.00506	0.00339	0.00498	0.00283	0.00334	0.00205	0.00151	0.00149	0.00049	0.00231	0.00117	0.00068	0.00235
112	0.00279	0.00140	0.00209	0.00209	0.00209	0.00140	0.00140	0.00209	0.00209	0.00279	0.00279	0.00489	0.00279	0.00559	0.00628	0.95322	0.00140	0.00140	0.00070	0.00070
113	0.00453	0.06272	0.04039	0.00338	0.02933	0.03458	0.02200	0.07089	0.41126	0.16957	0.07137	0.00616	0.04269	0.00218	0.00166	0.00051	0.01152	0.01134	0.00152	0.00238
114	0.00328	0.01781	0.87683	0.00484	0.05551	0.00377	0.00585	0.00508	0.00341	0.00509	0.00289	0.00342	0.00206	0.00152	0.00153	0.00051	0.00235	0.00120	0.00069	0.00238

[dist]
# distance from previous block
# <min> <max>
0	0

# created by:
# /share/home/app/bin/augustus-3.3.1/scripts/msa2prfl.pl /dev/shm/tmp/mt-Mammalia/msas/ND3.aln --setname=ND3
