[name]
ND4L

[dist]
# distance from previous block
# <min> <max>
0	0

[block]
# block no. 0 follows, 200 sequences, length 98
# corresponding to MSA columns:
# 0-97
name=unknown_A
#
# <colnr> <probs for GDERKNQSTAVLIFYWHMCP>
#	G	D	E	R	K	N	Q	S	T	A	V	L	I	F	Y	W	H	M	C	P
0	0.00256	0.00183	0.00256	0.00292	0.00329	0.00183	0.00256	0.00329	0.00365	0.00475	0.00840	0.01789	0.00913	0.00438	0.00219	0.00073	0.00146	0.92369	0.00146	0.00146
1	0.00442	0.00350	0.01592	0.00310	0.00425	0.00351	0.00932	0.30938	0.22398	0.04166	0.00448	0.03915	0.00357	0.00192	0.00155	0.00043	0.01460	0.02464	0.00137	0.28923
2	0.00335	0.00244	0.00293	0.00263	0.00329	0.00239	0.01394	0.17760	0.05202	0.04757	0.02083	0.31443	0.04685	0.07094	0.02930	0.00065	0.00134	0.06073	0.00138	0.14538
3	0.00235	0.00185	0.00203	0.00195	0.00250	0.00171	0.00149	0.00330	0.10853	0.03064	0.20615	0.01873	0.57601	0.00361	0.00185	0.00053	0.00088	0.03279	0.00156	0.00155
4	0.00315	0.00280	0.00323	0.00298	0.00335	0.09319	0.01073	0.07546	0.03300	0.00432	0.01471	0.05993	0.01106	0.09786	0.42933	0.00156	0.14897	0.00182	0.00097	0.00160
5	0.00239	0.00175	0.00215	0.00230	0.00266	0.00169	0.00176	0.01185	0.05501	0.02188	0.04012	0.25793	0.23464	0.08743	0.00253	0.00071	0.00113	0.26918	0.00145	0.00144
6	0.00589	0.00746	0.00447	0.00406	0.00487	0.91648	0.00304	0.01890	0.00451	0.00396	0.00249	0.00294	0.00209	0.01036	0.00149	0.00042	0.00283	0.00104	0.00083	0.00184
7	0.00210	0.00165	0.00189	0.00198	0.00239	0.00149	0.00147	0.00270	0.04171	0.00994	0.10414	0.25870	0.48059	0.00413	0.00193	0.00058	0.00090	0.07879	0.00151	0.00141
8	0.00263	0.00197	0.00229	0.00233	0.00277	0.00196	0.00177	0.02055	0.14994	0.03048	0.01451	0.18729	0.25148	0.13243	0.00276	0.00073	0.00116	0.18995	0.00144	0.00155
9	0.00231	0.00169	0.00216	0.00241	0.00267	0.00166	0.00178	0.02332	0.06134	0.01015	0.04789	0.58883	0.05824	0.00447	0.00200	0.00064	0.00105	0.18443	0.00150	0.00145
10	0.01461	0.00271	0.00367	0.00282	0.00404	0.00236	0.00233	0.00772	0.01834	0.91424	0.00623	0.00538	0.00392	0.00196	0.00159	0.00049	0.00135	0.00159	0.00195	0.00269
11	0.00230	0.00155	0.00182	0.00182	0.00185	0.00158	0.00108	0.00236	0.00234	0.00315	0.00496	0.02087	0.00563	0.83451	0.10649	0.00163	0.00182	0.00227	0.00096	0.00101
12	0.00379	0.00284	0.00312	0.00279	0.00355	0.00734	0.00218	0.17446	0.32334	0.06432	0.03495	0.06786	0.15771	0.06656	0.00217	0.00061	0.00128	0.07752	0.00154	0.00206
13	0.00257	0.00187	0.00226	0.00232	0.00276	0.00182	0.00179	0.00356	0.11808	0.04483	0.12761	0.22113	0.24279	0.02390	0.00206	0.00062	0.00105	0.19588	0.00153	0.00157
14	0.00639	0.00377	0.00433	0.00333	0.00457	0.00393	0.00275	0.56294	0.02711	0.35693	0.00479	0.00445	0.00321	0.00193	0.00159	0.00048	0.00159	0.00150	0.00173	0.00269
15	0.00200	0.00141	0.00184	0.00215	0.00223	0.00133	0.00141	0.00224	0.00294	0.00392	0.00819	0.79358	0.00978	0.14146	0.00291	0.00078	0.00102	0.01818	0.00140	0.00124
16	0.00275	0.00185	0.00236	0.00246	0.00285	0.00181	0.00188	0.02608	0.07689	0.07596	0.11050	0.40880	0.07196	0.00406	0.00196	0.00062	0.00109	0.20298	0.00155	0.00159
17	0.95547	0.00307	0.00233	0.00209	0.00307	0.00356	0.00172	0.00466	0.00270	0.00712	0.00221	0.00258	0.00172	0.00147	0.00098	0.00049	0.00123	0.00086	0.00098	0.00172
18	0.00254	0.00179	0.00227	0.00238	0.00273	0.00176	0.00178	0.00346	0.10511	0.04527	0.20235	0.40644	0.05487	0.01408	0.00201	0.00061	0.00102	0.14642	0.00156	0.00155
19	0.00204	0.00146	0.00194	0.00227	0.00240	0.00139	0.00157	0.00239	0.01104	0.00408	0.00840	0.77022	0.00992	0.05842	0.01775	0.00073	0.00107	0.10017	0.00143	0.00130
20	0.00230	0.00176	0.00217	0.00233	0.00275	0.00167	0.00189	0.00304	0.04459	0.00477	0.10415	0.09504	0.32868	0.00409	0.00201	0.00062	0.00111	0.39407	0.00150	0.00145
21	0.00227	0.00168	0.00244	0.00244	0.00268	0.00192	0.00184	0.00276	0.00252	0.00360	0.00435	0.00680	0.00421	0.13905	0.81115	0.00241	0.00388	0.00178	0.00086	0.00135
22	0.00299	0.00281	0.00473	0.92886	0.01082	0.00350	0.00437	0.00404	0.00316	0.00405	0.00284	0.00425	0.00214	0.00171	0.01316	0.00055	0.00214	0.00141	0.00071	0.00176
23	0.00578	0.00445	0.02676	0.00366	0.00490	0.00483	0.00306	0.83241	0.06153	0.00954	0.00390	0.00391	0.00279	0.00193	0.00167	0.00049	0.02274	0.00144	0.00155	0.00266
24	0.00347	0.00347	0.00486	0.00416	0.00416	0.00486	0.00347	0.00382	0.00243	0.00382	0.00208	0.00347	0.00208	0.00278	0.00520	0.00069	0.94136	0.00139	0.00069	0.00173
25	0.00205	0.00147	0.00196	0.00231	0.00245	0.00139	0.00164	0.00240	0.00314	0.00416	0.00880	0.73898	0.03513	0.02440	0.00217	0.00067	0.00102	0.16310	0.00146	0.00131
26	0.00254	0.00182	0.00254	0.00290	0.00326	0.00181	0.00253	0.00327	0.00365	0.00476	0.02131	0.03057	0.00923	0.00437	0.00218	0.00073	0.00144	0.89817	0.00146	0.00146
27	0.00602	0.00441	0.00473	0.00363	0.00490	0.00487	0.00300	0.90608	0.01760	0.02287	0.00387	0.00385	0.00274	0.00191	0.00159	0.00048	0.00173	0.00143	0.00159	0.00270
28	0.00564	0.00403	0.00438	0.00347	0.00464	0.00443	0.00283	0.62019	0.22731	0.09916	0.00468	0.00446	0.00333	0.00197	0.00159	0.00049	0.00159	0.00153	0.00163	0.00265
29	0.00193	0.00138	0.00184	0.00221	0.00230	0.00129	0.00147	0.00221	0.00304	0.00405	0.00874	0.94323	0.01049	0.00497	0.00202	0.00064	0.00092	0.00451	0.00147	0.00129
30	0.00194	0.00139	0.00185	0.00222	0.00232	0.00130	0.00149	0.00223	0.00305	0.00406	0.00874	0.92738	0.01047	0.00496	0.00203	0.00065	0.00093	0.02026	0.00147	0.00129
31	0.00296	0.00148	0.00148	0.00148	0.00185	0.00148	0.00111	0.00370	0.00333	0.00591	0.00517	0.00591	0.00407	0.00185	0.00111	0.00037	0.00074	0.00148	0.95307	0.00148
32	0.00194	0.00138	0.00185	0.00222	0.00231	0.00129	0.00148	0.00222	0.00304	0.00406	0.00874	0.93377	0.01048	0.00496	0.00203	0.00064	0.00093	0.01390	0.00147	0.00129
33	0.00318	0.00820	0.93605	0.00452	0.00686	0.00368	0.00586	0.00502	0.00335	0.00502	0.00285	0.00335	0.00201	0.00151	0.00151	0.00050	0.00234	0.00117	0.00067	0.00234
34	0.94239	0.00309	0.00236	0.00211	0.00309	0.00358	0.00174	0.01739	0.00276	0.00716	0.00223	0.00259	0.00173	0.00148	0.00099	0.00049	0.00123	0.00087	0.00099	0.00173
35	0.00255	0.00182	0.00254	0.00290	0.00326	0.00182	0.00252	0.00329	0.01203	0.00474	0.00839	0.05215	0.00914	0.00438	0.00218	0.00073	0.00144	0.88120	0.00146	0.00146
36	0.00262	0.00183	0.00255	0.00287	0.00325	0.00182	0.00249	0.00334	0.00370	0.02167	0.04529	0.01739	0.02068	0.00429	0.00216	0.00071	0.00142	0.85896	0.00148	0.00148
37	0.00195	0.00139	0.00186	0.00223	0.00232	0.00130	0.00150	0.00224	0.00305	0.00407	0.00873	0.92012	0.01046	0.00495	0.00203	0.00065	0.00093	0.02746	0.00147	0.00129
38	0.00601	0.00430	0.00465	0.00358	0.00483	0.00473	0.00295	0.85301	0.02645	0.05859	0.00404	0.01250	0.00288	0.00194	0.00159	0.00048	0.00171	0.00147	0.00161	0.00268
39	0.00209	0.00151	0.00199	0.00231	0.00249	0.00143	0.00166	0.01090	0.00952	0.00430	0.02977	0.70764	0.05876	0.00474	0.00203	0.00065	0.00101	0.15438	0.00148	0.00134
40	0.00231	0.00154	0.00176	0.00176	0.00177	0.00155	0.00099	0.00232	0.00231	0.00310	0.00497	0.01024	0.00571	0.91324	0.03902	0.00157	0.00163	0.00229	0.00096	0.00098
41	0.00210	0.00171	0.00187	0.00184	0.00234	0.00153	0.00140	0.00281	0.05240	0.00493	0.24147	0.01963	0.61916	0.00375	0.00187	0.00053	0.00084	0.03682	0.00155	0.00144
42	0.00224	0.00162	0.00218	0.00248	0.00271	0.00157	0.00727	0.00274	0.01511	0.00432	0.00868	0.46084	0.05241	0.05626	0.00241	0.00072	0.00118	0.37246	0.00144	0.00136
43	0.07542	0.00289	0.00320	0.00287	0.00368	0.03349	0.00234	0.17577	0.12415	0.16462	0.05498	0.05656	0.06241	0.00284	0.00173	0.00056	0.00138	0.21641	0.01266	0.00205
44	0.00495	0.00342	0.00378	0.00317	0.00420	0.00373	0.00253	0.21336	0.50089	0.18996	0.02223	0.00564	0.02376	0.00212	0.00161	0.00051	0.00136	0.00172	0.00851	0.00254
45	0.00227	0.00165	0.00205	0.00223	0.00252	0.00156	0.00161	0.02158	0.04381	0.02257	0.08184	0.56736	0.16242	0.00439	0.00197	0.00061	0.00097	0.07566	0.00151	0.00144
46	0.00296	0.00238	0.00265	0.00259	0.00316	0.00961	0.00198	0.02856	0.35010	0.01891	0.04267	0.22506	0.19358	0.01080	0.00188	0.00058	0.00112	0.09803	0.00153	0.00184
47	0.00317	0.00227	0.00252	0.00231	0.00300	0.00222	0.00182	0.08366	0.15588	0.09101	0.07021	0.03353	0.43409	0.00327	0.00179	0.00054	0.00106	0.07710	0.01796	0.01259
48	0.00258	0.00188	0.00232	0.00246	0.00275	0.00188	0.00176	0.13121	0.02519	0.00498	0.01344	0.73649	0.00921	0.00958	0.00199	0.00063	0.00107	0.04756	0.00149	0.00152
49	0.01652	0.02613	0.00461	0.00398	0.00473	0.64049	0.01058	0.07835	0.03104	0.00450	0.00623	0.00321	0.00644	0.00185	0.00202	0.00046	0.14792	0.00115	0.00089	0.00893
50	0.00367	0.00870	0.00321	0.00294	0.00352	0.08687	0.01022	0.18406	0.13230	0.01564	0.01570	0.14168	0.01730	0.15176	0.03076	0.00078	0.02390	0.16385	0.00133	0.00180
51	0.00868	0.00372	0.00489	0.01250	0.00437	0.07195	0.04142	0.01554	0.00271	0.00396	0.00234	0.01700	0.00228	0.01220	0.01628	0.00476	0.77149	0.00144	0.00074	0.00175
52	0.00279	0.00899	0.00249	0.00239	0.00263	0.01701	0.00173	0.07477	0.01205	0.01468	0.01122	0.09551	0.01114	0.44151	0.11023	0.00127	0.05277	0.13434	0.00112	0.00135
53	0.00361	0.00304	0.00319	0.00291	0.00364	0.03381	0.00223	0.06029	0.53802	0.01058	0.03508	0.05028	0.05276	0.09715	0.01441	0.00066	0.00136	0.05387	0.00147	0.03163
54	0.00296	0.00215	0.00257	0.00257	0.00297	0.00220	0.00188	0.20366	0.03794	0.01325	0.01500	0.63670	0.03492	0.00412	0.00191	0.00060	0.00113	0.03031	0.00151	0.00166
55	0.00528	0.00302	0.00361	0.00299	0.00398	0.00306	0.00245	0.29522	0.06577	0.33796	0.02740	0.04122	0.05877	0.01468	0.00738	0.00055	0.00144	0.12118	0.00169	0.00234
56	0.00444	0.00375	0.00353	0.00308	0.00895	0.16622	0.00235	0.31209	0.07027	0.03252	0.00475	0.03304	0.02134	0.21285	0.05436	0.00084	0.00192	0.05500	0.00677	0.00193
57	0.00285	0.00210	0.00267	0.00279	0.00331	0.00211	0.00237	0.05905	0.06820	0.01868	0.01310	0.01525	0.13304	0.00390	0.00203	0.00066	0.00136	0.63747	0.00147	0.02759
58	0.00332	0.00199	0.00254	0.00251	0.00306	0.00189	0.00202	0.00766	0.06286	0.18705	0.06186	0.14669	0.16406	0.03054	0.01077	0.00065	0.00123	0.30603	0.00157	0.00172
59	0.00329	0.00282	0.00329	0.00235	0.00376	0.00211	0.00188	0.00399	0.00329	0.00517	0.00282	0.00329	0.00235	0.00117	0.00117	0.00023	0.00117	0.00094	0.00094	0.95396
60	0.00195	0.00158	0.00173	0.00182	0.00224	0.00137	0.00134	0.00238	0.01074	0.00438	0.06475	0.23082	0.63249	0.00419	0.00192	0.00056	0.00085	0.03205	0.00149	0.00135
61	0.00230	0.00182	0.00197	0.00192	0.00248	0.00167	0.00147	0.00317	0.09897	0.03134	0.09937	0.05095	0.65051	0.00375	0.00186	0.00054	0.00089	0.04199	0.00153	0.00152
62	0.00195	0.00142	0.00185	0.00218	0.00232	0.00131	0.00149	0.00226	0.00311	0.00410	0.00940	0.82293	0.09469	0.00486	0.00202	0.00064	0.00093	0.03978	0.00147	0.00130
63	0.00196	0.00140	0.00188	0.00225	0.00235	0.00132	0.00153	0.00226	0.00307	0.00408	0.00872	0.89502	0.01042	0.00494	0.00203	0.00065	0.00095	0.05239	0.00147	0.00130
64	0.00224	0.00162	0.00211	0.00199	0.00236	0.00149	0.00149	0.00298	0.00447	0.00632	0.91443	0.01192	0.03409	0.00326	0.00187	0.00050	0.00075	0.00288	0.00174	0.00149
65	0.00230	0.00154	0.00173	0.00173	0.00174	0.00153	0.00097	0.00230	0.00233	0.00310	0.00517	0.02262	0.01583	0.92186	0.00793	0.00152	0.00152	0.00235	0.00097	0.00097
66	0.00688	0.00303	0.00388	0.00298	0.00421	0.00283	0.00246	0.18109	0.01307	0.75334	0.00580	0.00510	0.00370	0.00195	0.00159	0.00049	0.00142	0.00157	0.00189	0.00270
67	0.02686	0.00271	0.00365	0.00281	0.00403	0.00236	0.00232	0.00767	0.00450	0.91614	0.00617	0.00534	0.00388	0.00195	0.00158	0.00049	0.00135	0.00158	0.00194	0.00268
68	0.00295	0.00148	0.00148	0.00148	0.00185	0.00148	0.00111	0.00368	0.00331	0.00588	0.00517	0.00596	0.00408	0.01251	0.00119	0.00038	0.00075	0.00149	0.94230	0.00147
69	0.00318	0.00820	0.93605	0.00452	0.00686	0.00368	0.00586	0.00502	0.00335	0.00502	0.00285	0.00335	0.00201	0.00151	0.00151	0.00050	0.00234	0.00117	0.00067	0.00234
70	0.00701	0.00272	0.00368	0.00283	0.00405	0.00238	0.00234	0.00775	0.03470	0.90525	0.00626	0.00541	0.00396	0.00197	0.00160	0.00049	0.00135	0.00160	0.00195	0.00269
71	0.14293	0.00275	0.00349	0.00272	0.00391	0.00251	0.00224	0.00729	0.00428	0.80251	0.00568	0.00499	0.00361	0.00189	0.00151	0.00049	0.00133	0.00149	0.00182	0.00256
72	0.01240	0.00158	0.00194	0.00198	0.00233	0.00144	0.00144	0.00268	0.00387	0.01366	0.43943	0.25638	0.23719	0.00386	0.00190	0.00055	0.00083	0.01354	0.00160	0.00142
73	0.95547	0.00307	0.00233	0.00209	0.00307	0.00356	0.00172	0.00466	0.00270	0.00712	0.00221	0.00258	0.00172	0.00147	0.00098	0.00049	0.00123	0.00086	0.00098	0.00172
74	0.00193	0.00138	0.00184	0.00221	0.00230	0.00129	0.00147	0.00221	0.00304	0.00405	0.00874	0.94323	0.01049	0.00497	0.00202	0.00064	0.00092	0.00451	0.00147	0.00129
75	0.00681	0.00313	0.00394	0.00303	0.00426	0.00298	0.00250	0.24196	0.00527	0.69458	0.00565	0.01062	0.00365	0.00197	0.00160	0.00049	0.00145	0.00157	0.00186	0.00269
76	0.00194	0.00138	0.00184	0.00220	0.00229	0.00129	0.00146	0.00221	0.00303	0.00403	0.00869	0.92990	0.01042	0.01839	0.00211	0.00066	0.00093	0.00448	0.00146	0.00128
77	0.00195	0.00139	0.00185	0.00221	0.00231	0.00130	0.00148	0.00223	0.00304	0.00406	0.00868	0.93429	0.01041	0.00493	0.00202	0.00064	0.00092	0.00447	0.00147	0.01034
78	0.00237	0.00165	0.00215	0.00201	0.00242	0.00152	0.00152	0.00310	0.00444	0.03281	0.85737	0.01188	0.05279	0.00325	0.00187	0.00050	0.00078	0.01430	0.00174	0.00152
79	0.00310	0.00246	0.00352	0.00437	0.19968	0.00252	0.00300	0.04230	0.08062	0.01018	0.01570	0.05284	0.00720	0.00347	0.00197	0.00064	0.00151	0.56176	0.00134	0.00182
80	0.00223	0.00175	0.00204	0.00197	0.00245	0.00162	0.00150	0.00310	0.06895	0.00548	0.45915	0.01308	0.37941	0.00353	0.00187	0.00053	0.00084	0.04739	0.00161	0.00150
81	0.00593	0.00437	0.00468	0.00360	0.00484	0.00483	0.00296	0.90495	0.00732	0.00982	0.00384	0.00398	0.00278	0.02644	0.00176	0.00050	0.00174	0.00145	0.00157	0.00265
82	0.02984	0.02652	0.00448	0.00392	0.00478	0.78477	0.00298	0.06012	0.04130	0.01095	0.00272	0.00309	0.00222	0.00748	0.00149	0.00043	0.00900	0.00108	0.00090	0.00192
83	0.00415	0.01561	0.00368	0.00322	0.00410	0.06254	0.00251	0.09781	0.67532	0.01870	0.00617	0.04731	0.02402	0.00243	0.01766	0.00056	0.00144	0.00888	0.00153	0.00238
84	0.00232	0.00178	0.00264	0.00260	0.00287	0.00210	0.00203	0.00287	0.00254	0.00368	0.00417	0.00619	0.00392	0.03096	0.87662	0.00244	0.04632	0.00170	0.00084	0.00142
85	0.93556	0.00303	0.00233	0.00209	0.00305	0.00351	0.00171	0.00461	0.00269	0.00702	0.00222	0.00262	0.00174	0.00156	0.00109	0.02041	0.00123	0.00087	0.00098	0.00170
86	0.00351	0.00331	0.00306	0.01405	0.00359	0.16861	0.00222	0.04804	0.29481	0.00526	0.05192	0.29800	0.05548	0.00315	0.00176	0.00055	0.00143	0.03799	0.00141	0.00186
87	0.00424	0.94522	0.00831	0.00271	0.00407	0.00628	0.00271	0.00475	0.00322	0.00373	0.00220	0.00254	0.00204	0.00136	0.00102	0.00034	0.00170	0.00085	0.00068	0.00204
88	0.00249	0.00202	0.00296	0.00283	0.00305	0.00250	0.00223	0.00300	0.00252	0.00369	0.00387	0.00582	0.00366	0.03230	0.74356	0.00218	0.17737	0.00166	0.00082	0.00146
89	0.00220	0.00162	0.00206	0.00195	0.00234	0.00148	0.00146	0.00291	0.00438	0.00611	0.82118	0.01227	0.12748	0.00334	0.00187	0.00050	0.00075	0.00293	0.00171	0.00148
90	0.00379	0.01969	0.00883	0.00641	0.02865	0.01539	0.80868	0.01547	0.00371	0.00504	0.00312	0.00416	0.00239	0.00141	0.00198	0.00053	0.04614	0.00179	0.00081	0.02201
91	0.00593	0.00747	0.00450	0.00407	0.00490	0.91008	0.00306	0.03385	0.00458	0.00406	0.00249	0.00289	0.00206	0.00164	0.00143	0.00041	0.00283	0.00103	0.00084	0.00186
92	0.00193	0.00138	0.00184	0.00221	0.00230	0.00129	0.00147	0.00221	0.00304	0.00405	0.00874	0.94323	0.01049	0.00497	0.00202	0.00064	0.00092	0.00451	0.00147	0.00129
93	0.00593	0.00747	0.00450	0.00407	0.00490	0.91220	0.00306	0.03175	0.00458	0.00405	0.00249	0.00289	0.00206	0.00164	0.00143	0.00041	0.00283	0.00103	0.00084	0.00186
94	0.00202	0.00145	0.00190	0.00223	0.00235	0.00137	0.00150	0.02158	0.00315	0.00421	0.02190	0.90333	0.01732	0.00487	0.00201	0.00064	0.00093	0.00441	0.00148	0.00132
95	0.00193	0.00138	0.00184	0.00221	0.00230	0.00129	0.00147	0.00221	0.00304	0.00405	0.00874	0.94323	0.01049	0.00497	0.00202	0.00064	0.00092	0.00451	0.00147	0.00129
96	0.00373	0.00417	0.00889	0.02965	0.07994	0.00394	0.81517	0.00502	0.00371	0.00506	0.00317	0.00423	0.00241	0.00135	0.00183	0.00052	0.00257	0.00181	0.00080	0.02204
97	0.00295	0.00148	0.00149	0.00149	0.00185	0.00148	0.00111	0.00368	0.00332	0.00589	0.01220	0.00595	0.00414	0.00189	0.00116	0.00833	0.00074	0.00149	0.93789	0.00147

[dist]
# distance from previous block
# <min> <max>
0	3

# created by:
# /share/home/app/bin/augustus-3.3.1/scripts/msa2prfl.pl /dev/shm/tmp/mt-Mammalia/msas/ND4L.aln --setname=ND4L
