[name]
ND5

[dist]
# distance from previous block
# <min> <max>
0	2

[block]
# block no. 0 follows, 25 sequences, length 22
# corresponding to MSA columns:
# 2-23
name=unknown_A
#
# <colnr> <probs for GDERKNQSTAVLIFYWHMCP>
#	G	D	E	R	K	N	Q	S	T	A	V	L	I	F	Y	W	H	M	C	P
0	0.01160	0.00878	0.01116	0.01205	0.01384	0.00840	0.00918	0.01540	0.06723	0.02226	0.04115	0.39327	0.08089	0.02062	0.00959	0.00303	0.00544	0.18987	0.00703	0.06920
1	0.01279	0.00941	0.01091	0.01051	0.01184	0.00969	0.00731	0.07872	0.01589	0.02088	0.03619	0.14097	0.14970	0.33916	0.05911	0.00544	0.03461	0.03455	0.00583	0.00649
2	0.02208	0.01778	0.01876	0.01584	0.02056	0.04538	0.01268	0.21488	0.29959	0.06064	0.02840	0.02916	0.06069	0.01087	0.00857	0.00249	0.03517	0.03238	0.00732	0.05676
3	0.02468	0.01889	0.02055	0.01633	0.02205	0.02028	0.01335	0.41294	0.14484	0.04094	0.02154	0.02415	0.01667	0.00972	0.00766	0.00228	0.00761	0.04355	0.00728	0.12470
4	0.01751	0.01283	0.01461	0.01338	0.01607	0.01368	0.01013	0.22322	0.07233	0.02960	0.02972	0.21301	0.03077	0.17466	0.01573	0.00386	0.00693	0.08632	0.00687	0.00875
5	0.01539	0.01243	0.01359	0.01278	0.01604	0.01316	0.01009	0.08545	0.24306	0.02769	0.04620	0.05414	0.22992	0.06055	0.01078	0.00308	0.00595	0.12320	0.00732	0.00917
6	0.00990	0.00717	0.00919	0.01051	0.01135	0.00669	0.00729	0.01153	0.01555	0.02053	0.08498	0.50778	0.11732	0.07847	0.01217	0.00342	0.00483	0.06792	0.00708	0.00633
7	0.01218	0.00938	0.01149	0.01226	0.01406	0.00957	0.00930	0.01834	0.14582	0.02400	0.08972	0.34122	0.09598	0.01991	0.00956	0.00304	0.00531	0.15367	0.00742	0.00777
8	0.02213	0.01608	0.01768	0.01511	0.01978	0.01748	0.01215	0.20466	0.29707	0.10664	0.03396	0.03551	0.09627	0.01196	0.00820	0.00259	0.00667	0.05657	0.00790	0.01158
9	0.00982	0.00701	0.00942	0.01122	0.01183	0.00662	0.00784	0.01144	0.01521	0.02021	0.04253	0.64494	0.05047	0.02394	0.01000	0.00320	0.00482	0.09588	0.00719	0.00640
10	0.01443	0.01005	0.01164	0.01119	0.01361	0.00991	0.00834	0.05807	0.09731	0.07624	0.08845	0.18624	0.20050	0.11700	0.01331	0.00343	0.00553	0.05953	0.00724	0.00798
11	0.01115	0.00897	0.01034	0.01049	0.01306	0.00813	0.00815	0.01472	0.05801	0.02232	0.05591	0.18216	0.33845	0.01897	0.00921	0.00277	0.00498	0.13853	0.00699	0.07668
12	0.00945	0.00675	0.00900	0.01080	0.01125	0.00630	0.00720	0.01080	0.01484	0.01979	0.04274	0.72245	0.05128	0.02429	0.00990	0.00315	0.00450	0.02204	0.00720	0.00630
13	0.01381	0.01140	0.01261	0.01230	0.01508	0.01206	0.00928	0.02431	0.29249	0.02646	0.09604	0.19959	0.18532	0.01658	0.00885	0.00277	0.00510	0.03935	0.00760	0.00901
14	0.01356	0.00946	0.01102	0.01097	0.01318	0.00915	0.00804	0.04952	0.08074	0.07308	0.04850	0.29567	0.22591	0.07501	0.01158	0.00320	0.00521	0.04120	0.00728	0.00774
15	0.01608	0.01378	0.01608	0.01148	0.01837	0.01034	0.00919	0.01952	0.01608	0.02527	0.01378	0.01608	0.01148	0.00574	0.00574	0.00115	0.00574	0.00459	0.00459	0.77491
16	0.00964	0.00788	0.00847	0.00866	0.01096	0.00681	0.00653	0.01175	0.01763	0.02157	0.11353	0.10511	0.53138	0.04431	0.01037	0.00288	0.00431	0.06444	0.00720	0.00657
17	0.01304	0.00894	0.01109	0.01139	0.01367	0.00843	0.00902	0.01685	0.05643	0.07578	0.13582	0.17456	0.22019	0.01907	0.00954	0.00294	0.00526	0.19276	0.00759	0.00764
18	0.01444	0.01108	0.01281	0.01270	0.01553	0.01149	0.01015	0.02311	0.21999	0.04982	0.06369	0.08464	0.18867	0.04615	0.01046	0.00312	0.00586	0.20018	0.00742	0.00870
19	0.02422	0.02022	0.02010	0.01664	0.02183	0.07668	0.01329	0.31416	0.28547	0.03809	0.02515	0.02421	0.03989	0.00992	0.00773	0.00239	0.00777	0.00778	0.00738	0.03707
20	0.04923	0.01474	0.01468	0.01346	0.01646	0.08618	0.01037	0.13057	0.08338	0.04643	0.05603	0.09441	0.08674	0.11196	0.08626	0.00431	0.00882	0.07092	0.00639	0.00867
21	0.01816	0.01521	0.01558	0.01411	0.01755	0.04864	0.01081	0.11476	0.31625	0.02914	0.03296	0.05877	0.08381	0.12816	0.01331	0.00343	0.00690	0.05549	0.00703	0.00994

[dist]
# distance from previous block
# <min> <max>
5	6

[block]
# block no. 1 follows, 25 sequences, length 178
# corresponding to MSA columns:
# 31-208
name=unknown_B
#
# <colnr> <probs for GDERKNQSTAVLIFYWHMCP>
#	G	D	E	R	K	N	Q	S	T	A	V	L	I	F	Y	W	H	M	C	P
0	0.01933	0.04105	0.01977	0.02030	0.13311	0.16992	0.01348	0.10271	0.02006	0.02468	0.02779	0.09247	0.12489	0.01529	0.06194	0.00310	0.03401	0.00930	0.00529	0.06151
1	0.02019	0.08756	0.02049	0.01829	0.09388	0.15152	0.01272	0.09571	0.06458	0.04820	0.04383	0.16438	0.02318	0.03513	0.00866	0.00244	0.00814	0.00968	0.00570	0.08571
2	0.01143	0.00844	0.01172	0.01166	0.01283	0.00955	0.00863	0.01428	0.03688	0.01786	0.02203	0.03511	0.02159	0.21184	0.51802	0.01094	0.01714	0.00901	0.00442	0.00661
3	0.01648	0.01472	0.01948	0.01407	0.02095	0.01180	0.08150	0.02114	0.04678	0.02555	0.01483	0.01723	0.01209	0.00606	0.00623	0.00138	0.00658	0.00530	0.00467	0.65316
4	0.01868	0.01893	0.04885	0.02017	0.06565	0.10260	0.05853	0.10549	0.04429	0.02476	0.02119	0.07992	0.04393	0.01709	0.08376	0.00378	0.18695	0.04107	0.00502	0.00936
5	0.01236	0.01020	0.01493	0.01419	0.01527	0.01276	0.01128	0.01490	0.01233	0.01814	0.01846	0.02751	0.01737	0.04842	0.55016	0.01048	0.17202	0.00797	0.00399	0.00726
6	0.01276	0.00863	0.01118	0.01041	0.01258	0.00810	0.00795	0.01712	0.04811	0.06890	0.58721	0.05601	0.06691	0.01548	0.00907	0.00249	0.00406	0.03664	0.00852	0.00785
7	0.01921	0.01803	0.02840	0.04058	0.53390	0.01861	0.02126	0.02763	0.16036	0.02690	0.01833	0.02134	0.01479	0.00770	0.00772	0.00237	0.00853	0.00732	0.00473	0.01228
8	0.02261	0.02116	0.01889	0.01664	0.02095	0.16516	0.01289	0.16739	0.32839	0.03183	0.02564	0.09073	0.02114	0.01105	0.00786	0.00248	0.00818	0.00886	0.00695	0.01118
9	0.01982	0.01353	0.01551	0.01390	0.01774	0.01434	0.01112	0.11600	0.23713	0.12098	0.07775	0.07709	0.07165	0.01342	0.00841	0.00266	0.00614	0.10095	0.05138	0.01046
10	0.01117	0.00938	0.00989	0.00950	0.01230	0.00885	0.00720	0.01682	0.12973	0.02442	0.15859	0.06429	0.47466	0.01751	0.00894	0.00259	0.00427	0.01471	0.00752	0.00765
11	0.02522	0.01728	0.02057	0.01902	0.09631	0.01812	0.01376	0.36051	0.02810	0.13520	0.02755	0.05069	0.08113	0.03564	0.00916	0.00261	0.00766	0.03237	0.00738	0.01170
12	0.01322	0.00923	0.01213	0.01177	0.01352	0.01024	0.00899	0.07499	0.01549	0.02263	0.02347	0.09278	0.02226	0.08177	0.42310	0.00871	0.01469	0.00943	0.12421	0.00738
13	0.03346	0.01533	0.01932	0.01481	0.02086	0.01456	0.01223	0.19199	0.02577	0.52526	0.02759	0.02444	0.01769	0.00952	0.00779	0.00238	0.00708	0.00759	0.00914	0.01319
14	0.01119	0.00748	0.00848	0.00857	0.00859	0.00746	0.00482	0.01125	0.01145	0.01526	0.02531	0.08286	0.02929	0.69388	0.03805	0.00731	0.00737	0.01179	0.00482	0.00477
15	0.01401	0.00999	0.01163	0.01158	0.01409	0.00990	0.00884	0.02012	0.14920	0.07756	0.04860	0.20309	0.22281	0.05854	0.01090	0.00314	0.00540	0.10504	0.00739	0.00819
16	0.01441	0.01129	0.01235	0.01174	0.01487	0.01160	0.00900	0.02387	0.25713	0.05819	0.07825	0.12692	0.28237	0.01620	0.00877	0.00270	0.00506	0.03864	0.00763	0.00902
17	0.02871	0.02115	0.02274	0.01751	0.02353	0.02335	0.01443	0.62693	0.03586	0.04813	0.04571	0.02024	0.01566	0.00958	0.00781	0.00233	0.00833	0.00727	0.00779	0.01294
18	0.01145	0.00871	0.01082	0.01195	0.01341	0.00873	0.00884	0.01630	0.11149	0.02240	0.04373	0.44636	0.09758	0.02133	0.00969	0.00311	0.00519	0.13425	0.00729	0.00736
19	0.00951	0.00769	0.00845	0.00863	0.01078	0.00664	0.00633	0.01166	0.01795	0.02247	0.17282	0.17236	0.47816	0.01973	0.00927	0.00267	0.00397	0.01685	0.00742	0.00664
20	0.01738	0.01455	0.01678	0.01210	0.01892	0.01167	0.00973	0.08097	0.01805	0.02755	0.01425	0.01632	0.01165	0.00609	0.00594	0.00126	0.00601	0.00483	0.00490	0.70106
21	0.02159	0.01327	0.01588	0.01439	0.01837	0.01384	0.01147	0.03269	0.29965	0.21948	0.03408	0.11741	0.02889	0.01358	0.00854	0.00277	0.00624	0.10864	0.00819	0.01103
22	0.01489	0.01082	0.01316	0.01329	0.01582	0.01117	0.01060	0.05688	0.15052	0.05704	0.07166	0.20769	0.08712	0.01819	0.00946	0.00303	0.00599	0.22656	0.00753	0.00859
23	0.01414	0.01045	0.01318	0.01382	0.01612	0.01073	0.01150	0.08638	0.06309	0.02598	0.04076	0.16842	0.08378	0.01966	0.00997	0.00324	0.00662	0.38690	0.00727	0.00798
24	0.01118	0.00762	0.00915	0.00921	0.00945	0.00784	0.00562	0.01169	0.01160	0.01569	0.02444	0.07034	0.02750	0.59130	0.14857	0.00820	0.00963	0.01115	0.00469	0.00513
25	0.00966	0.00756	0.00848	0.00899	0.01067	0.00670	0.00636	0.01135	0.01637	0.02045	0.08654	0.24428	0.39019	0.10231	0.01290	0.00335	0.00458	0.03600	0.00697	0.00632
26	0.01706	0.01628	0.01870	0.01665	0.01856	0.11281	0.03869	0.07072	0.01610	0.02120	0.01822	0.05322	0.01768	0.08388	0.22276	0.00614	0.20476	0.03396	0.00450	0.00811
27	0.02457	0.01920	0.02085	0.01704	0.02207	0.02180	0.01377	0.38368	0.25160	0.04047	0.02339	0.04520	0.01789	0.01047	0.00890	0.00252	0.04862	0.00808	0.00753	0.01237
28	0.52937	0.02237	0.01495	0.01348	0.01801	0.24535	0.01061	0.02553	0.01614	0.02948	0.01120	0.01306	0.00893	0.00746	0.00553	0.00226	0.00868	0.00447	0.00453	0.00860
29	0.01923	0.02002	0.04137	0.02997	0.03710	0.01934	0.54408	0.02620	0.05585	0.06252	0.01717	0.02149	0.01280	0.00731	0.00986	0.00264	0.04906	0.00893	0.00445	0.01062
30	0.01595	0.09277	0.63812	0.02143	0.03252	0.01897	0.02748	0.02445	0.01632	0.02407	0.01368	0.01607	0.00983	0.00731	0.00718	0.00239	0.01122	0.00561	0.00328	0.01134
31	0.02204	0.01295	0.01596	0.01411	0.01804	0.01319	0.01139	0.11199	0.13531	0.22215	0.08180	0.10167	0.03061	0.01637	0.04872	0.00329	0.00727	0.11457	0.00802	0.01056
32	0.01179	0.00910	0.01096	0.01137	0.01337	0.00904	0.00879	0.01677	0.10173	0.02357	0.12530	0.16526	0.19689	0.06833	0.03751	0.00362	0.00594	0.16612	0.00716	0.00739
33	0.00955	0.00792	0.00840	0.00841	0.01089	0.00676	0.00639	0.01181	0.01822	0.02233	0.15136	0.07316	0.56952	0.01925	0.00924	0.00264	0.00405	0.04607	0.00736	0.00667
34	0.02656	0.02003	0.02141	0.01698	0.02253	0.02231	0.01377	0.49921	0.16258	0.04395	0.02151	0.02221	0.01601	0.04325	0.00927	0.00263	0.00800	0.00754	0.00764	0.01260
35	0.02848	0.03525	0.02179	0.01967	0.02377	0.63274	0.01483	0.05751	0.05634	0.02093	0.01329	0.01496	0.01084	0.00818	0.00707	0.00204	0.01334	0.00527	0.00436	0.00934
36	0.01347	0.00673	0.01010	0.01010	0.01010	0.00673	0.00673	0.01010	0.01010	0.01347	0.01347	0.02357	0.01347	0.02694	0.03030	0.77441	0.00673	0.00673	0.00337	0.00337
37	0.01809	0.01893	0.02485	0.02102	0.02182	0.08225	0.05289	0.02009	0.01312	0.01904	0.01065	0.01693	0.01025	0.01268	0.02291	0.00323	0.61238	0.00676	0.00348	0.00864
38	0.01347	0.00673	0.01010	0.01010	0.01010	0.00673	0.00673	0.01010	0.01010	0.01347	0.01347	0.02357	0.01347	0.02694	0.03030	0.77441	0.00673	0.00673	0.00337	0.00337
39	0.01081	0.00809	0.01032	0.01151	0.01323	0.00760	0.00924	0.01344	0.01729	0.02213	0.07838	0.22645	0.22321	0.02134	0.01003	0.00316	0.00550	0.29424	0.00723	0.00679
40	0.01965	0.01684	0.01774	0.01585	0.02030	0.01946	0.01236	0.06312	0.64262	0.03302	0.03109	0.02856	0.02329	0.01048	0.00788	0.00262	0.00622	0.00870	0.00788	0.01231
41	0.00997	0.00830	0.00881	0.00891	0.01147	0.00731	0.00689	0.01293	0.04237	0.02204	0.09744	0.07355	0.55999	0.01932	0.00928	0.00271	0.00434	0.08023	0.00727	0.00686
42	0.06277	0.02189	0.03981	0.02923	0.03594	0.08748	0.50444	0.02488	0.01791	0.02437	0.01464	0.01946	0.01128	0.00723	0.00988	0.00260	0.06393	0.00828	0.00394	0.01005
43	0.02217	0.01809	0.01915	0.01636	0.02126	0.02063	0.01297	0.21431	0.48733	0.03708	0.02790	0.02601	0.02070	0.01018	0.00785	0.00254	0.00681	0.00826	0.00785	0.01253
44	0.01046	0.00775	0.00974	0.01087	0.01225	0.00725	0.00823	0.01258	0.01638	0.02110	0.07217	0.30397	0.20008	0.07711	0.01224	0.00346	0.00533	0.19546	0.00703	0.00651
45	0.01957	0.02022	0.05579	0.04518	0.62032	0.05399	0.02352	0.02420	0.01783	0.02497	0.01442	0.01881	0.01207	0.00698	0.00763	0.00229	0.00955	0.00676	0.00382	0.01208
46	0.00944	0.00679	0.00896	0.01069	0.01122	0.00631	0.00715	0.01081	0.01494	0.01983	0.04398	0.69988	0.07304	0.02413	0.00987	0.00313	0.00448	0.02184	0.00720	0.00631
47	0.02557	0.01892	0.02020	0.01612	0.02134	0.02099	0.01303	0.46327	0.14082	0.04273	0.02168	0.02278	0.01626	0.04319	0.00906	0.00258	0.00765	0.00751	0.07418	0.01211
48	0.01036	0.00751	0.00997	0.01161	0.01266	0.00713	0.00871	0.01244	0.01602	0.02094	0.04540	0.46985	0.10466	0.02300	0.01008	0.00323	0.00526	0.20742	0.00718	0.00658
49	0.02945	0.02247	0.02321	0.01794	0.02404	0.05708	0.01475	0.62271	0.03574	0.04740	0.01829	0.01839	0.01303	0.00924	0.00772	0.00231	0.00880	0.00688	0.00757	0.01298
50	0.01109	0.00744	0.00851	0.00869	0.00873	0.00740	0.00494	0.01123	0.01163	0.01550	0.02624	0.11706	0.03047	0.65807	0.03654	0.00709	0.00722	0.01234	0.00494	0.00486
51	0.01919	0.01842	0.03147	0.04759	0.67914	0.01842	0.02380	0.02380	0.01765	0.02533	0.01458	0.01919	0.01228	0.00691	0.00768	0.00230	0.00921	0.00691	0.00384	0.01228
52	0.01058	0.00756	0.00990	0.01136	0.01228	0.00726	0.00838	0.01245	0.01544	0.02026	0.04193	0.40748	0.08266	0.11478	0.01395	0.00381	0.00565	0.20104	0.00685	0.00636
53	0.02073	0.73217	0.04063	0.01327	0.01990	0.03068	0.01327	0.02322	0.01575	0.01824	0.01078	0.01244	0.00995	0.00663	0.00498	0.00166	0.00829	0.00415	0.00332	0.00995
54	0.01142	0.00845	0.01165	0.01149	0.01235	0.00962	0.00836	0.01321	0.01204	0.01704	0.02150	0.03662	0.02190	0.28019	0.44518	0.01038	0.04883	0.00923	0.00430	0.00625
55	0.01128	0.00752	0.00846	0.00846	0.00846	0.00752	0.00470	0.01128	0.01128	0.01503	0.02443	0.05074	0.02819	0.72751	0.03946	0.00752	0.00752	0.01128	0.00470	0.00470
56	0.02947	0.02172	0.02327	0.01784	0.02404	0.02404	0.01474	0.65329	0.03646	0.04887	0.01862	0.01862	0.01319	0.00931	0.00776	0.00233	0.00853	0.00698	0.00776	0.01319
57	0.01141	0.00871	0.01084	0.01190	0.01380	0.00844	0.00955	0.01536	0.06283	0.02250	0.05078	0.21954	0.21343	0.02080	0.00992	0.00316	0.00563	0.28702	0.00722	0.00716
58	0.01097	0.00829	0.01040	0.01146	0.01317	0.00790	0.00899	0.01426	0.04421	0.02247	0.08662	0.26634	0.20504	0.02104	0.00988	0.00310	0.00532	0.23630	0.00728	0.00697
59	0.01128	0.00752	0.00846	0.00846	0.00846	0.00752	0.00470	0.01128	0.01128	0.01503	0.02443	0.05074	0.02819	0.72751	0.03946	0.00752	0.00752	0.01128	0.00470	0.00470
60	0.01220	0.00906	0.01173	0.01234	0.01427	0.00903	0.00997	0.01726	0.08157	0.02615	0.24495	0.14499	0.07512	0.01884	0.00979	0.00303	0.00551	0.27895	0.00767	0.00758
61	0.01860	0.01528	0.01743	0.01268	0.01944	0.01292	0.01023	0.13900	0.01992	0.02971	0.01469	0.01656	0.01181	0.00641	0.00612	0.00137	0.00627	0.00504	0.00519	0.63130
62	0.01131	0.00828	0.01066	0.01000	0.01193	0.00781	0.00752	0.01572	0.04825	0.03115	0.64873	0.05673	0.07114	0.01563	0.00909	0.00245	0.00376	0.01381	0.00851	0.00752
63	0.03479	0.01320	0.01799	0.01380	0.01979	0.01140	0.01140	0.03779	0.02219	0.68451	0.03059	0.02639	0.01919	0.00960	0.00780	0.00240	0.00660	0.00780	0.00960	0.01320
64	0.00945	0.00675	0.00900	0.01080	0.01125	0.00630	0.00720	0.01080	0.01484	0.01979	0.04274	0.72245	0.05128	0.02429	0.00990	0.00315	0.00450	0.02204	0.00720	0.00630
65	0.01126	0.00756	0.00868	0.00868	0.00876	0.00764	0.00498	0.01142	0.01134	0.01520	0.02422	0.04959	0.02769	0.68939	0.07689	0.00780	0.00827	0.01111	0.00467	0.00482
66	0.04293	0.00821	0.01002	0.00948	0.01156	0.00762	0.00714	0.01444	0.02093	0.02969	0.55581	0.05858	0.16290	0.01607	0.00897	0.00246	0.00380	0.01397	0.00817	0.00724
67	0.01929	0.01666	0.01753	0.01578	0.02016	0.01929	0.01227	0.04120	0.66513	0.03243	0.03156	0.02893	0.02367	0.01052	0.00789	0.00263	0.00614	0.00877	0.00789	0.01227
68	0.01352	0.00702	0.01064	0.03894	0.01189	0.00717	0.00734	0.01050	0.01032	0.01373	0.01348	0.02345	0.01334	0.02614	0.02937	0.74256	0.00688	0.00674	0.00337	0.00358
69	0.02947	0.02172	0.02327	0.01784	0.02404	0.02404	0.01474	0.65329	0.03646	0.04887	0.01862	0.01862	0.01319	0.00931	0.00776	0.00233	0.00853	0.00698	0.00776	0.01319
70	0.00916	0.00785	0.00785	0.00785	0.01047	0.00655	0.00589	0.01113	0.01767	0.02095	0.07855	0.07462	0.67599	0.01964	0.00916	0.00262	0.00393	0.01636	0.00720	0.00655
71	0.01235	0.00883	0.01229	0.01384	0.01563	0.00877	0.01199	0.01593	0.01825	0.02397	0.10252	0.08460	0.04739	0.02088	0.01056	0.00346	0.00680	0.56753	0.00727	0.00716
72	0.01571	0.03899	0.64997	0.02272	0.03396	0.01810	0.06489	0.02457	0.01648	0.02457	0.01402	0.01663	0.00994	0.00732	0.00747	0.00246	0.01155	0.00593	0.00331	0.01140
73	0.01128	0.00752	0.00846	0.00846	0.00846	0.00752	0.00470	0.01128	0.01128	0.01503	0.02443	0.05074	0.02819	0.72751	0.03946	0.00752	0.00752	0.01128	0.00470	0.00470
74	0.02947	0.02172	0.02327	0.01784	0.02404	0.02404	0.01474	0.65329	0.03646	0.04887	0.01862	0.01862	0.01319	0.00931	0.00776	0.00233	0.00853	0.00698	0.00776	0.01319
75	0.01300	0.00959	0.01235	0.01338	0.01537	0.00969	0.01104	0.05317	0.05518	0.02437	0.04250	0.20466	0.09287	0.02052	0.01009	0.00329	0.00639	0.38773	0.00723	0.00757
76	0.01347	0.00673	0.01010	0.01010	0.01010	0.00673	0.00673	0.01010	0.01010	0.01347	0.01347	0.02357	0.01347	0.02694	0.03030	0.77441	0.00673	0.00673	0.00337	0.00337
77	0.01108	0.00831	0.01246	0.01246	0.01385	0.00969	0.00969	0.01385	0.01246	0.01800	0.02077	0.03046	0.01938	0.05815	0.69678	0.01246	0.02077	0.00831	0.00415	0.00692
78	0.01249	0.00892	0.01249	0.01428	0.01606	0.00892	0.01249	0.01606	0.01785	0.02320	0.04105	0.08746	0.04462	0.02142	0.01071	0.00357	0.00714	0.62695	0.00714	0.00714
79	0.01741	0.01708	0.02221	0.01922	0.01989	0.05503	0.01584	0.04900	0.01362	0.02004	0.01201	0.01861	0.01148	0.01874	0.10870	0.00442	0.55757	0.00690	0.00373	0.00853
80	0.02987	0.02108	0.02288	0.01754	0.02373	0.02310	0.01449	0.60737	0.03539	0.09629	0.01951	0.01920	0.01363	0.00933	0.00776	0.00233	0.00839	0.00704	0.00789	0.01319
81	0.02073	0.73217	0.04063	0.01327	0.01990	0.03068	0.01327	0.02322	0.01575	0.01824	0.01078	0.01244	0.00995	0.00663	0.00498	0.00166	0.00829	0.00415	0.00332	0.00995
82	0.01608	0.01378	0.01608	0.01148	0.01837	0.01034	0.00919	0.01952	0.01608	0.02527	0.01378	0.01608	0.01148	0.00574	0.00574	0.00115	0.00574	0.00459	0.00459	0.77491
83	0.02085	0.05325	0.02125	0.01921	0.05116	0.30586	0.01447	0.02311	0.01674	0.01893	0.01382	0.01898	0.01248	0.02172	0.18340	0.00494	0.18112	0.00630	0.00386	0.00855
84	0.00918	0.00779	0.00792	0.00802	0.01052	0.00653	0.00597	0.01111	0.01751	0.02088	0.07651	0.11151	0.64042	0.01990	0.00921	0.00265	0.00396	0.01669	0.00720	0.00653
85	0.02701	0.14427	0.02459	0.01864	0.02307	0.54585	0.01453	0.03045	0.06511	0.01978	0.01314	0.01477	0.01092	0.00795	0.00674	0.00199	0.01255	0.00512	0.00416	0.00936
86	0.01583	0.01600	0.03023	0.43276	0.08050	0.01761	0.21992	0.02125	0.01647	0.02169	0.01558	0.04862	0.01252	0.00798	0.00828	0.00260	0.01091	0.00821	0.00377	0.00930
87	0.01128	0.00752	0.00846	0.00846	0.00846	0.00752	0.00470	0.01128	0.01128	0.01503	0.02443	0.05074	0.02819	0.72751	0.03946	0.00752	0.00752	0.01128	0.00470	0.00470
88	0.01086	0.00748	0.00844	0.00861	0.00896	0.00729	0.00508	0.01121	0.01236	0.01618	0.03244	0.11861	0.10504	0.57780	0.03311	0.00653	0.00681	0.01291	0.00523	0.00507
89	0.01919	0.01842	0.03147	0.04759	0.67914	0.01842	0.02380	0.02380	0.01765	0.02533	0.01458	0.01919	0.01228	0.00691	0.00768	0.00230	0.00921	0.00691	0.00384	0.01228
90	0.01108	0.00831	0.01246	0.01246	0.01385	0.00969	0.00969	0.01385	0.01246	0.01800	0.02077	0.03046	0.01938	0.05815	0.69678	0.01246	0.02077	0.00831	0.00415	0.00692
91	0.00945	0.00675	0.00900	0.01080	0.01125	0.00630	0.00720	0.01080	0.01484	0.01979	0.04274	0.72245	0.05128	0.02429	0.00990	0.00315	0.00450	0.02204	0.00720	0.00630
92	0.00962	0.00687	0.00920	0.01100	0.01153	0.00645	0.00751	0.01110	0.01502	0.01999	0.04264	0.68547	0.05089	0.02412	0.00994	0.00317	0.00465	0.05727	0.00719	0.00635
93	0.01216	0.00935	0.01151	0.01239	0.01419	0.00952	0.00949	0.01813	0.13891	0.02360	0.06523	0.33988	0.09883	0.02022	0.00965	0.00310	0.00545	0.18334	0.00736	0.00771
94	0.01128	0.00752	0.00846	0.00846	0.00846	0.00752	0.00470	0.01128	0.01128	0.01503	0.02443	0.05074	0.02819	0.72751	0.03946	0.00752	0.00752	0.01128	0.00470	0.00470
95	0.00945	0.00675	0.00900	0.01080	0.01125	0.00630	0.00720	0.01080	0.01484	0.01979	0.04274	0.72245	0.05128	0.02429	0.00990	0.00315	0.00450	0.02204	0.00720	0.00630
96	0.00925	0.00786	0.00797	0.00795	0.01053	0.00658	0.00596	0.01130	0.01788	0.02143	0.10707	0.07382	0.64717	0.01946	0.00916	0.00261	0.00391	0.01625	0.00726	0.00658
97	0.01929	0.01666	0.01753	0.01578	0.02016	0.01929	0.01227	0.04120	0.66513	0.03243	0.03156	0.02893	0.02367	0.01052	0.00789	0.00263	0.00614	0.00877	0.00789	0.01227
98	0.01249	0.00892	0.01249	0.01428	0.01606	0.00892	0.01249	0.01606	0.01785	0.02320	0.04105	0.08746	0.04462	0.02142	0.01071	0.00357	0.00714	0.62695	0.00714	0.00714
99	0.01066	0.00783	0.01025	0.01175	0.01311	0.00742	0.00917	0.01303	0.01656	0.02139	0.04797	0.35267	0.15202	0.02233	0.01011	0.00323	0.00550	0.27113	0.00717	0.00669
100	0.00926	0.00786	0.00799	0.00795	0.01053	0.00659	0.00597	0.01131	0.01790	0.02148	0.10986	0.07374	0.64435	0.01944	0.00916	0.00261	0.00391	0.01624	0.00727	0.00659
101	0.00945	0.00675	0.00900	0.01080	0.01125	0.00630	0.00720	0.01080	0.01484	0.01979	0.04274	0.72245	0.05128	0.02429	0.00990	0.00315	0.00450	0.02204	0.00720	0.00630
102	0.01176	0.00892	0.01095	0.01026	0.01246	0.00862	0.00775	0.01735	0.09561	0.03026	0.54310	0.05620	0.12590	0.01560	0.00900	0.00248	0.00397	0.01364	0.00833	0.00781
103	0.01988	0.01695	0.01787	0.01590	0.02039	0.01956	0.01242	0.07685	0.62852	0.03339	0.03080	0.02833	0.02306	0.01045	0.00788	0.00261	0.00628	0.00866	0.00788	0.01233
104	0.03479	0.01320	0.01799	0.01380	0.01979	0.01140	0.01140	0.03779	0.02219	0.68451	0.03059	0.02639	0.01919	0.00960	0.00780	0.00240	0.00660	0.00780	0.00960	0.01320
105	0.02896	0.03695	0.02197	0.01998	0.02397	0.69638	0.01498	0.03096	0.02197	0.01898	0.01199	0.01398	0.00999	0.00799	0.00699	0.00200	0.01398	0.00499	0.00400	0.00899
106	0.02896	0.03695	0.02197	0.01998	0.02397	0.69638	0.01498	0.03096	0.02197	0.01898	0.01199	0.01398	0.00999	0.00799	0.00699	0.00200	0.01398	0.00499	0.00400	0.00899
107	0.01017	0.00731	0.00979	0.01151	0.01237	0.00694	0.00841	0.01207	0.01568	0.02066	0.04380	0.54374	0.07523	0.02341	0.01006	0.00323	0.00511	0.16681	0.00718	0.00651
108	0.01111	0.00745	0.00850	0.00867	0.00871	0.00741	0.00492	0.01123	0.01159	0.01546	0.02606	0.11062	0.03025	0.66481	0.03683	0.00713	0.00725	0.01224	0.00492	0.00484
109	0.01830	0.02092	0.04575	0.03268	0.04052	0.01961	0.65098	0.02484	0.01830	0.02484	0.01569	0.02092	0.01176	0.00654	0.00915	0.00261	0.01307	0.00915	0.00392	0.01046
110	0.00945	0.00675	0.00900	0.01080	0.01125	0.00630	0.00720	0.01080	0.01484	0.01979	0.04274	0.72245	0.05128	0.02429	0.00990	0.00315	0.00450	0.02204	0.00720	0.00630
111	0.01120	0.00749	0.00848	0.00855	0.00857	0.00747	0.00480	0.01126	0.01142	0.01522	0.02516	0.07749	0.02911	0.69950	0.03829	0.00734	0.00740	0.01170	0.00480	0.00476
112	0.00931	0.00786	0.00806	0.00801	0.01056	0.00661	0.00601	0.01142	0.01802	0.02178	0.12756	0.07325	0.62646	0.01933	0.00916	0.00260	0.00391	0.01617	0.00731	0.00661
113	0.78228	0.01499	0.01140	0.01020	0.01499	0.01739	0.00840	0.02279	0.01320	0.03479	0.01080	0.01260	0.00840	0.00720	0.00480	0.00240	0.00600	0.00420	0.00480	0.00840
114	0.01347	0.00673	0.01010	0.01010	0.01010	0.00673	0.00673	0.01010	0.01010	0.01347	0.01347	0.02357	0.01347	0.02694	0.03030	0.77441	0.00673	0.00673	0.00337	0.00337
115	0.01555	0.04011	0.68733	0.02210	0.03356	0.01801	0.02865	0.02455	0.01637	0.02455	0.01391	0.01637	0.00982	0.00737	0.00737	0.00246	0.01146	0.00573	0.00327	0.01146
116	0.78228	0.01499	0.01140	0.01020	0.01499	0.01739	0.00840	0.02279	0.01320	0.03479	0.01080	0.01260	0.00840	0.00720	0.00480	0.00240	0.00600	0.00420	0.00480	0.00840
117	0.01112	0.00802	0.01057	0.01019	0.01202	0.00747	0.00782	0.01477	0.02155	0.03033	0.61358	0.06078	0.07039	0.01639	0.00930	0.00255	0.00400	0.07345	0.00840	0.00730
118	0.78228	0.01499	0.01140	0.01020	0.01499	0.01739	0.00840	0.02279	0.01320	0.03479	0.01080	0.01260	0.00840	0.00720	0.00480	0.00240	0.00600	0.00420	0.00480	0.00840
119	0.00923	0.00786	0.00795	0.00793	0.01052	0.00658	0.00595	0.01126	0.01784	0.02133	0.10140	0.07398	0.65289	0.01949	0.00916	0.00261	0.00392	0.01627	0.00725	0.00658
120	0.01249	0.00892	0.01249	0.01428	0.01606	0.00892	0.01249	0.01606	0.01785	0.02320	0.04105	0.08746	0.04462	0.02142	0.01071	0.00357	0.00714	0.62695	0.00714	0.00714
121	0.02947	0.02172	0.02327	0.01784	0.02404	0.02404	0.01474	0.65329	0.03646	0.04887	0.01862	0.01862	0.01319	0.00931	0.00776	0.00233	0.00853	0.00698	0.00776	0.01319
122	0.01128	0.00752	0.00846	0.00846	0.00846	0.00752	0.00470	0.01128	0.01128	0.01503	0.02443	0.05074	0.02819	0.72751	0.03946	0.00752	0.00752	0.01128	0.00470	0.00470
123	0.00957	0.00683	0.00914	0.01094	0.01144	0.00640	0.00741	0.01101	0.01497	0.01993	0.04267	0.69704	0.05102	0.02418	0.00993	0.00317	0.00460	0.04625	0.00720	0.00633
124	0.00945	0.00675	0.00900	0.01080	0.01125	0.00630	0.00720	0.01080	0.01484	0.01979	0.04274	0.72245	0.05128	0.02429	0.00990	0.00315	0.00450	0.02204	0.00720	0.00630
125	0.00916	0.00785	0.00785	0.00785	0.01047	0.00655	0.00589	0.01113	0.01767	0.02095	0.07855	0.07462	0.67599	0.01964	0.00916	0.00262	0.00393	0.01636	0.00720	0.00655
126	0.70929	0.01565	0.01255	0.01094	0.01587	0.01804	0.00901	0.08392	0.01545	0.03615	0.01155	0.01318	0.00886	0.00740	0.00509	0.00239	0.00624	0.00447	0.00509	0.00886
127	0.01347	0.00673	0.01010	0.01010	0.01010	0.00673	0.00673	0.01010	0.01010	0.01347	0.01347	0.02357	0.01347	0.02694	0.03030	0.77441	0.00673	0.00673	0.00337	0.00337
128	0.01347	0.00673	0.01010	0.01010	0.01010	0.00673	0.00673	0.01010	0.01010	0.01347	0.01347	0.02357	0.01347	0.02694	0.03030	0.77441	0.00673	0.00673	0.00337	0.00337
129	0.01233	0.00945	0.01325	0.01275	0.01401	0.01113	0.00977	0.03946	0.01320	0.01886	0.02033	0.03181	0.01965	0.15005	0.51722	0.01058	0.07628	0.00856	0.00431	0.00698
130	0.78228	0.01499	0.01140	0.01020	0.01499	0.01739	0.00840	0.02279	0.01320	0.03479	0.01080	0.01260	0.00840	0.00720	0.00480	0.00240	0.00600	0.00420	0.00480	0.00840
131	0.01464	0.01378	0.02326	0.70887	0.05340	0.01723	0.02153	0.01981	0.01550	0.01981	0.01378	0.02067	0.01034	0.00775	0.00775	0.00258	0.01034	0.00689	0.00345	0.00861
132	0.02393	0.01562	0.01767	0.01518	0.02005	0.01692	0.01201	0.04018	0.47259	0.22772	0.03127	0.02817	0.02233	0.01024	0.00786	0.00256	0.00627	0.00848	0.00840	0.01255
133	0.02106	0.70449	0.03989	0.01353	0.02006	0.05719	0.01334	0.02353	0.01600	0.01827	0.01083	0.01250	0.00995	0.00669	0.00506	0.00167	0.00852	0.00418	0.00334	0.00991
134	0.03479	0.01320	0.01799	0.01380	0.01979	0.01140	0.01140	0.03779	0.02219	0.68451	0.03059	0.02639	0.01919	0.00960	0.00780	0.00240	0.00660	0.00780	0.00960	0.01320
135	0.02896	0.03695	0.02197	0.01998	0.02397	0.69638	0.01498	0.03096	0.02197	0.01898	0.01199	0.01398	0.00999	0.00799	0.00699	0.00200	0.01398	0.00499	0.00400	0.00899
136	0.01929	0.01666	0.01753	0.01578	0.02016	0.01929	0.01227	0.04120	0.66513	0.03243	0.03156	0.02893	0.02367	0.01052	0.00789	0.00263	0.00614	0.00877	0.00789	0.01227
137	0.03479	0.01320	0.01799	0.01380	0.01979	0.01140	0.01140	0.03779	0.02219	0.68451	0.03059	0.02639	0.01919	0.00960	0.00780	0.00240	0.00660	0.00780	0.00960	0.01320
138	0.03479	0.01320	0.01799	0.01380	0.01979	0.01140	0.01140	0.03779	0.02219	0.68451	0.03059	0.02639	0.01919	0.00960	0.00780	0.00240	0.00660	0.00780	0.00960	0.01320
139	0.00945	0.00675	0.00900	0.01080	0.01125	0.00630	0.00720	0.01080	0.01484	0.01979	0.04274	0.72245	0.05128	0.02429	0.00990	0.00315	0.00450	0.02204	0.00720	0.00630
140	0.01830	0.02092	0.04575	0.03268	0.04052	0.01961	0.65098	0.02484	0.01830	0.02484	0.01569	0.02092	0.01176	0.00654	0.00915	0.00261	0.01307	0.00915	0.00392	0.01046
141	0.03479	0.01320	0.01799	0.01380	0.01979	0.01140	0.01140	0.03779	0.02219	0.68451	0.03059	0.02639	0.01919	0.00960	0.00780	0.00240	0.00660	0.00780	0.00960	0.01320
142	0.00943	0.00790	0.00822	0.00824	0.01076	0.00669	0.00624	0.01159	0.01803	0.02185	0.12569	0.07372	0.60436	0.01939	0.00922	0.00264	0.00402	0.03806	0.00731	0.00663
143	0.00945	0.00675	0.00900	0.01080	0.01125	0.00630	0.00720	0.01080	0.01484	0.01979	0.04274	0.72245	0.05128	0.02429	0.00990	0.00315	0.00450	0.02204	0.00720	0.00630
144	0.01108	0.00831	0.01246	0.01246	0.01385	0.00969	0.00969	0.01385	0.01246	0.01800	0.02077	0.03046	0.01938	0.05815	0.69678	0.01246	0.02077	0.00831	0.00415	0.00692
145	0.02896	0.03695	0.02197	0.01998	0.02397	0.69638	0.01498	0.03096	0.02197	0.01898	0.01199	0.01398	0.00999	0.00799	0.00699	0.00200	0.01398	0.00499	0.00400	0.00899
146	0.01464	0.01378	0.02326	0.70887	0.05340	0.01723	0.02153	0.01981	0.01550	0.01981	0.01378	0.02067	0.01034	0.00775	0.00775	0.00258	0.01034	0.00689	0.00345	0.00861
147	0.00957	0.00791	0.00842	0.00842	0.01089	0.00676	0.00640	0.01184	0.01827	0.02244	0.15845	0.07294	0.56383	0.01920	0.00923	0.00264	0.00404	0.04469	0.00738	0.00668
148	0.78228	0.01499	0.01140	0.01020	0.01499	0.01739	0.00840	0.02279	0.01320	0.03479	0.01080	0.01260	0.00840	0.00720	0.00480	0.00240	0.00600	0.00420	0.00480	0.00840
149	0.02073	0.73217	0.04063	0.01327	0.01990	0.03068	0.01327	0.02322	0.01575	0.01824	0.01078	0.01244	0.00995	0.00663	0.00498	0.00166	0.00829	0.00415	0.00332	0.00995
150	0.00966	0.00791	0.00854	0.00848	0.01090	0.00679	0.00642	0.01203	0.01856	0.02312	0.20008	0.07164	0.52919	0.01892	0.00922	0.00262	0.00399	0.03776	0.00747	0.00673
151	0.78228	0.01499	0.01140	0.01020	0.01499	0.01739	0.00840	0.02279	0.01320	0.03479	0.01080	0.01260	0.00840	0.00720	0.00480	0.00240	0.00600	0.00420	0.00480	0.00840
152	0.01111	0.00745	0.00851	0.00867	0.00871	0.00741	0.00493	0.01123	0.01160	0.01547	0.02610	0.11204	0.03030	0.66334	0.03677	0.00712	0.00724	0.01226	0.00493	0.00484
153	0.00968	0.00779	0.00869	0.00908	0.01121	0.00680	0.00684	0.01186	0.01765	0.02192	0.12476	0.17361	0.46585	0.02017	0.00942	0.00277	0.00429	0.07367	0.00732	0.00663
154	0.01168	0.00860	0.01090	0.01192	0.01322	0.00856	0.00868	0.04560	0.06501	0.02339	0.08314	0.50448	0.04792	0.02157	0.00970	0.00308	0.00512	0.10280	0.00736	0.00726
155	0.03016	0.01761	0.02036	0.01594	0.02180	0.01833	0.01306	0.32155	0.11943	0.29999	0.02522	0.02317	0.01706	0.00959	0.00779	0.00240	0.00742	0.00756	0.00851	0.01306
156	0.01249	0.00892	0.01249	0.01428	0.01606	0.00892	0.01249	0.01606	0.01785	0.02320	0.04105	0.08746	0.04462	0.02142	0.01071	0.00357	0.00714	0.62695	0.00714	0.00714
157	0.03389	0.01340	0.01797	0.01391	0.01981	0.01186	0.01145	0.03799	0.05963	0.64654	0.03065	0.02654	0.01945	0.00965	0.00780	0.00241	0.00657	0.00785	0.00950	0.01314
158	0.01347	0.00673	0.01010	0.01010	0.01010	0.00673	0.00673	0.01010	0.01010	0.01347	0.01347	0.02357	0.01347	0.02694	0.03030	0.77441	0.00673	0.00673	0.00337	0.00337
159	0.01121	0.00749	0.00848	0.00855	0.00856	0.00747	0.00479	0.01126	0.01141	0.01521	0.02512	0.07612	0.02906	0.70094	0.03835	0.00735	0.00740	0.01168	0.00479	0.00476
160	0.01193	0.00784	0.00974	0.01064	0.01168	0.00767	0.00742	0.01463	0.04904	0.04316	0.03659	0.42115	0.04081	0.13670	0.01413	0.00369	0.00526	0.06634	0.09482	0.00675
161	0.01697	0.01291	0.01486	0.01393	0.01690	0.01389	0.01091	0.15867	0.17287	0.03030	0.08434	0.17621	0.03526	0.06905	0.01127	0.00320	0.00644	0.13531	0.00739	0.00932
162	0.02239	0.02608	0.02119	0.02027	0.05860	0.37796	0.01498	0.02461	0.01767	0.01909	0.01332	0.01796	0.01187	0.01834	0.13681	0.00424	0.17595	0.00612	0.00388	0.00868
163	0.01933	0.01429	0.01622	0.01440	0.01795	0.01541	0.01150	0.27351	0.08605	0.03363	0.04974	0.13245	0.04986	0.05404	0.04257	0.00342	0.00757	0.11554	0.03269	0.00980
164	0.02803	0.03559	0.02131	0.01941	0.02334	0.66401	0.01455	0.03003	0.02177	0.01907	0.01511	0.01683	0.04124	0.00854	0.00709	0.00203	0.01351	0.00553	0.00415	0.00887
165	0.02667	0.01992	0.02139	0.01709	0.02275	0.02219	0.01389	0.45121	0.22086	0.06679	0.02285	0.02193	0.01648	0.00967	0.00780	0.00242	0.00776	0.00754	0.00786	0.01292
166	0.01347	0.00673	0.01010	0.01010	0.01010	0.00673	0.00673	0.01010	0.01010	0.01347	0.01347	0.02357	0.01347	0.02694	0.03030	0.77441	0.00673	0.00673	0.00337	0.00337
167	0.01868	0.45835	0.29651	0.01676	0.02530	0.02567	0.01935	0.02375	0.01600	0.02074	0.01202	0.01399	0.00990	0.00692	0.00592	0.00197	0.00954	0.00477	0.00330	0.01055
168	0.00989	0.00693	0.00887	0.01023	0.01057	0.00659	0.00659	0.01091	0.01398	0.01864	0.03830	0.55962	0.04568	0.19476	0.01706	0.00421	0.00523	0.01943	0.00659	0.00591
169	0.01830	0.02092	0.04575	0.03268	0.04052	0.01961	0.65098	0.02484	0.01830	0.02484	0.01569	0.02092	0.01176	0.00654	0.00915	0.00261	0.01307	0.00915	0.00392	0.01046
170	0.01830	0.02092	0.04575	0.03268	0.04052	0.01961	0.65098	0.02484	0.01830	0.02484	0.01569	0.02092	0.01176	0.00654	0.00915	0.00261	0.01307	0.00915	0.00392	0.01046
171	0.00992	0.00804	0.00895	0.00945	0.01177	0.00707	0.00744	0.01222	0.01756	0.02139	0.06827	0.11150	0.50178	0.02028	0.00955	0.00286	0.00468	0.15343	0.00719	0.00667
172	0.01128	0.00752	0.00846	0.00846	0.00846	0.00752	0.00470	0.01128	0.01128	0.01503	0.02443	0.05074	0.02819	0.72751	0.03946	0.00752	0.00752	0.01128	0.00470	0.00470
173	0.01636	0.01084	0.01310	0.01264	0.01573	0.01059	0.01039	0.09435	0.04488	0.10645	0.04771	0.10279	0.22073	0.01776	0.00940	0.00294	0.00612	0.24109	0.00756	0.00858
174	0.01225	0.00952	0.01149	0.01234	0.01399	0.00986	0.00901	0.01904	0.17906	0.02339	0.04091	0.45699	0.06412	0.02036	0.00946	0.00305	0.00518	0.08471	0.00737	0.00790
175	0.02478	0.15270	0.02736	0.02151	0.07576	0.41654	0.07103	0.02808	0.04215	0.02018	0.01349	0.01673	0.01152	0.03642	0.00822	0.00226	0.01201	0.00575	0.00402	0.00949
176	0.01857	0.01796	0.02163	0.01771	0.02197	0.09110	0.08442	0.05490	0.13638	0.02509	0.01834	0.02315	0.01545	0.01353	0.06775	0.00318	0.13812	0.03219	0.00506	0.19353
177	0.02181	0.06265	0.14962	0.01988	0.05828	0.31667	0.01699	0.02726	0.07431	0.02213	0.01682	0.02235	0.01438	0.01131	0.04118	0.00272	0.01166	0.05221	0.00443	0.05334

[dist]
# distance from previous block
# <min> <max>
0	1

[block]
# block no. 2 follows, 25 sequences, length 342
# corresponding to MSA columns:
# 210-551
name=unknown_C
#
# <colnr> <probs for GDERKNQSTAVLIFYWHMCP>
#	G	D	E	R	K	N	Q	S	T	A	V	L	I	F	Y	W	H	M	C	P
0	0.02297	0.05198	0.01970	0.01643	0.02076	0.28196	0.01267	0.12927	0.11595	0.02662	0.02058	0.12095	0.01872	0.01065	0.00745	0.00220	0.00939	0.00829	0.00569	0.09778
1	0.02242	0.02325	0.01813	0.01656	0.02009	0.29152	0.01254	0.11869	0.14934	0.02611	0.02367	0.14192	0.02226	0.04390	0.00935	0.00267	0.00949	0.03255	0.00600	0.00953
2	0.01063	0.00786	0.00978	0.01077	0.01181	0.00764	0.00745	0.01378	0.06623	0.02154	0.09994	0.47128	0.09305	0.09256	0.01262	0.00346	0.00491	0.04082	0.00712	0.00674
3	0.01608	0.01378	0.01608	0.01148	0.01837	0.01034	0.00919	0.01952	0.01608	0.02527	0.01378	0.01608	0.01148	0.00574	0.00574	0.00115	0.00574	0.00459	0.00459	0.77491
4	0.01051	0.00702	0.00938	0.01092	0.01161	0.00651	0.00737	0.01193	0.01515	0.04781	0.04222	0.69311	0.04993	0.02367	0.00981	0.00312	0.00459	0.02144	0.00730	0.00659
5	0.01279	0.00859	0.01103	0.01191	0.01375	0.00820	0.00925	0.01607	0.04844	0.07244	0.04645	0.32900	0.14521	0.02084	0.00978	0.00312	0.00549	0.21281	0.00740	0.00742
6	0.70675	0.01567	0.01259	0.01096	0.01590	0.01806	0.00903	0.08605	0.01553	0.03620	0.01158	0.01320	0.00888	0.00741	0.00510	0.00239	0.00625	0.00448	0.00510	0.00888
7	0.00943	0.00681	0.00894	0.01064	0.01121	0.00631	0.00713	0.01081	0.01499	0.01985	0.04463	0.68812	0.08438	0.02404	0.00986	0.00312	0.00447	0.02174	0.00720	0.00631
8	0.01094	0.00757	0.00981	0.01108	0.01209	0.00717	0.00772	0.01340	0.04250	0.04512	0.06632	0.58986	0.07773	0.02256	0.00971	0.00307	0.00469	0.04442	0.00736	0.00688
9	0.00950	0.00685	0.00900	0.01061	0.01122	0.00636	0.00714	0.01098	0.01530	0.02035	0.07256	0.66143	0.08263	0.02369	0.00983	0.00309	0.00443	0.02141	0.00726	0.00636
10	0.03479	0.01320	0.01799	0.01380	0.01979	0.01140	0.01140	0.03779	0.02219	0.68451	0.03059	0.02639	0.01919	0.00960	0.00780	0.00240	0.00660	0.00780	0.00960	0.01320
11	0.03479	0.01320	0.01799	0.01380	0.01979	0.01140	0.01140	0.03779	0.02219	0.68451	0.03059	0.02639	0.01919	0.00960	0.00780	0.00240	0.00660	0.00780	0.00960	0.01320
12	0.02392	0.01524	0.01742	0.01493	0.01973	0.01634	0.01181	0.03914	0.43696	0.23996	0.05476	0.02918	0.02405	0.01042	0.00791	0.00255	0.00619	0.00865	0.00846	0.01239
13	0.78228	0.01499	0.01140	0.01020	0.01499	0.01739	0.00840	0.02279	0.01320	0.03479	0.01080	0.01260	0.00840	0.00720	0.00480	0.00240	0.00600	0.00420	0.00480	0.00840
14	0.01919	0.01842	0.03147	0.04759	0.67914	0.01842	0.02380	0.02380	0.01765	0.02533	0.01458	0.01919	0.01228	0.00691	0.00768	0.00230	0.00921	0.00691	0.00384	0.01228
15	0.02947	0.02172	0.02327	0.01784	0.02404	0.02404	0.01474	0.65329	0.03646	0.04887	0.01862	0.01862	0.01319	0.00931	0.00776	0.00233	0.00853	0.00698	0.00776	0.01319
16	0.03479	0.01320	0.01799	0.01380	0.01979	0.01140	0.01140	0.03779	0.02219	0.68451	0.03059	0.02639	0.01919	0.00960	0.00780	0.00240	0.00660	0.00780	0.00960	0.01320
17	0.01830	0.02092	0.04575	0.03268	0.04052	0.01961	0.65098	0.02484	0.01830	0.02484	0.01569	0.02092	0.01176	0.00654	0.00915	0.00261	0.01307	0.00915	0.00392	0.01046
18	0.01128	0.00752	0.00846	0.00846	0.00846	0.00752	0.00470	0.01128	0.01128	0.01503	0.02443	0.05074	0.02819	0.72751	0.03946	0.00752	0.00752	0.01128	0.00470	0.00470
19	0.78228	0.01499	0.01140	0.01020	0.01499	0.01739	0.00840	0.02279	0.01320	0.03479	0.01080	0.01260	0.00840	0.00720	0.00480	0.00240	0.00600	0.00420	0.00480	0.00840
20	0.00945	0.00675	0.00900	0.01080	0.01125	0.00630	0.00720	0.01080	0.01484	0.01979	0.04274	0.72245	0.05128	0.02429	0.00990	0.00315	0.00450	0.02204	0.00720	0.00630
21	0.01696	0.01696	0.02375	0.02036	0.02036	0.02375	0.01696	0.01866	0.01187	0.01866	0.01018	0.01696	0.01018	0.01357	0.02545	0.00339	0.71332	0.00679	0.00339	0.00848
22	0.01608	0.01378	0.01608	0.01148	0.01837	0.01034	0.00919	0.01952	0.01608	0.02527	0.01378	0.01608	0.01148	0.00574	0.00574	0.00115	0.00574	0.00459	0.00459	0.77491
23	0.01347	0.00673	0.01010	0.01010	0.01010	0.00673	0.00673	0.01010	0.01010	0.01347	0.01347	0.02357	0.01347	0.02694	0.03030	0.77441	0.00673	0.00673	0.00337	0.00337
24	0.00945	0.00675	0.00900	0.01080	0.01125	0.00630	0.00720	0.01080	0.01484	0.01979	0.04274	0.72245	0.05128	0.02429	0.00990	0.00315	0.00450	0.02204	0.00720	0.00630
25	0.01608	0.01378	0.01608	0.01148	0.01837	0.01034	0.00919	0.01952	0.01608	0.02527	0.01378	0.01608	0.01148	0.00574	0.00574	0.00115	0.00574	0.00459	0.00459	0.77491
26	0.02971	0.02133	0.02303	0.01766	0.02385	0.02347	0.01459	0.62547	0.03581	0.07759	0.01916	0.01897	0.01346	0.00932	0.00776	0.00233	0.00844	0.00702	0.00784	0.01319
27	0.03479	0.01320	0.01799	0.01380	0.01979	0.01140	0.01140	0.03779	0.02219	0.68451	0.03059	0.02639	0.01919	0.00960	0.00780	0.00240	0.00660	0.00780	0.00960	0.01320
28	0.01249	0.00892	0.01249	0.01428	0.01606	0.00892	0.01249	0.01606	0.01785	0.02320	0.04105	0.08746	0.04462	0.02142	0.01071	0.00357	0.00714	0.62695	0.00714	0.00714
29	0.01555	0.04011	0.68733	0.02210	0.03356	0.01801	0.02865	0.02455	0.01637	0.02455	0.01391	0.01637	0.00982	0.00737	0.00737	0.00246	0.01146	0.00573	0.00327	0.01146
30	0.78228	0.01499	0.01140	0.01020	0.01499	0.01739	0.00840	0.02279	0.01320	0.03479	0.01080	0.01260	0.00840	0.00720	0.00480	0.00240	0.00600	0.00420	0.00480	0.00840
31	0.01608	0.01378	0.01608	0.01148	0.01837	0.01034	0.00919	0.01952	0.01608	0.02527	0.01378	0.01608	0.01148	0.00574	0.00574	0.00115	0.00574	0.00459	0.00459	0.77491
32	0.01929	0.01666	0.01753	0.01578	0.02016	0.01929	0.01227	0.04120	0.66513	0.03243	0.03156	0.02893	0.02367	0.01052	0.00789	0.00263	0.00614	0.00877	0.00789	0.01227
33	0.01608	0.01378	0.01608	0.01148	0.01837	0.01034	0.00919	0.01952	0.01608	0.02527	0.01378	0.01608	0.01148	0.00574	0.00574	0.00115	0.00574	0.00459	0.00459	0.77491
34	0.01097	0.00793	0.01036	0.00975	0.01158	0.00732	0.00732	0.01463	0.02195	0.03109	0.67505	0.05792	0.07316	0.01585	0.00914	0.00244	0.00366	0.01402	0.00854	0.00732
35	0.02947	0.02172	0.02327	0.01784	0.02404	0.02404	0.01474	0.65329	0.03646	0.04887	0.01862	0.01862	0.01319	0.00931	0.00776	0.00233	0.00853	0.00698	0.00776	0.01319
36	0.03479	0.01320	0.01799	0.01380	0.01979	0.01140	0.01140	0.03779	0.02219	0.68451	0.03059	0.02639	0.01919	0.00960	0.00780	0.00240	0.00660	0.00780	0.00960	0.01320
37	0.00945	0.00675	0.00900	0.01080	0.01125	0.00630	0.00720	0.01080	0.01484	0.01979	0.04274	0.72245	0.05128	0.02429	0.00990	0.00315	0.00450	0.02204	0.00720	0.00630
38	0.00945	0.00675	0.00900	0.01080	0.01125	0.00630	0.00720	0.01080	0.01484	0.01979	0.04274	0.72245	0.05128	0.02429	0.00990	0.00315	0.00450	0.02204	0.00720	0.00630
39	0.01696	0.01696	0.02375	0.02036	0.02036	0.02375	0.01696	0.01866	0.01187	0.01866	0.01018	0.01696	0.01018	0.01357	0.02545	0.00339	0.71332	0.00679	0.00339	0.00848
