[name]
ND6

[dist]
# distance from previous block
# <min> <max>
0	3

[block]
# block no. 0 follows, 196 sequences, length 105
# corresponding to MSA columns:
# 3-107
name=unknown_A
#
# <colnr> <probs for GDERKNQSTAVLIFYWHMCP>
#	G	D	E	R	K	N	Q	S	T	A	V	L	I	F	Y	W	H	M	C	P
0	0.00327	0.00250	0.00821	0.00294	0.00354	0.01052	0.00240	0.01354	0.31396	0.04924	0.06636	0.09432	0.03449	0.00347	0.00194	0.00063	0.00132	0.37876	0.00157	0.00703
1	0.00283	0.00745	0.02981	0.00289	0.00332	0.09695	0.00234	0.00992	0.02872	0.00410	0.00486	0.04021	0.00471	0.00904	0.61593	0.00191	0.00881	0.12368	0.00099	0.00156
2	0.00281	0.00200	0.00234	0.00228	0.00278	0.00186	0.00172	0.01142	0.05093	0.06268	0.22416	0.06158	0.36934	0.06089	0.05776	0.00078	0.00127	0.08012	0.00161	0.00167
3	0.00940	0.00196	0.00239	0.00232	0.00279	0.00181	0.00176	0.02023	0.02434	0.04578	0.47885	0.10727	0.19233	0.00389	0.01598	0.00062	0.00105	0.08380	0.00173	0.00169
4	0.00264	0.00183	0.00214	0.00213	0.00224	0.00185	0.00134	0.01883	0.01267	0.00370	0.00546	0.05228	0.01509	0.70338	0.16024	0.00168	0.00206	0.00241	0.00679	0.00125
5	0.00791	0.00170	0.00197	0.00205	0.00243	0.00156	0.00149	0.03407	0.00918	0.01498	0.07964	0.32595	0.38693	0.06062	0.00237	0.00871	0.00099	0.05454	0.00149	0.00141
6	0.00207	0.00147	0.00191	0.00223	0.00234	0.00139	0.00152	0.00235	0.00305	0.00405	0.00847	0.72984	0.02279	0.13069	0.00290	0.00078	0.00106	0.07836	0.00143	0.00128
7	0.00609	0.00450	0.00482	0.00371	0.00499	0.00499	0.00306	0.90760	0.02784	0.01011	0.00394	0.00393	0.00280	0.00194	0.00162	0.00049	0.00177	0.00146	0.00162	0.00274
8	0.01989	0.00194	0.00224	0.00215	0.00264	0.00188	0.00162	0.03614	0.09184	0.01616	0.37125	0.10091	0.28035	0.03211	0.00207	0.00058	0.00094	0.03208	0.00161	0.00160
9	0.00757	0.00166	0.00200	0.00210	0.00249	0.00150	0.00157	0.00717	0.00367	0.03335	0.16382	0.30623	0.33200	0.01483	0.00204	0.00060	0.00096	0.10622	0.00155	0.00868
10	0.00221	0.00152	0.00181	0.00193	0.00198	0.00149	0.00117	0.00233	0.00263	0.00350	0.00662	0.30865	0.03416	0.59604	0.02593	0.00127	0.00140	0.00308	0.00116	0.00111
11	0.00244	0.00171	0.00218	0.00206	0.00249	0.00157	0.00156	0.00321	0.01607	0.03878	0.76401	0.02662	0.10758	0.00337	0.00190	0.00052	0.00081	0.01981	0.00175	0.00156
12	0.00246	0.00179	0.00218	0.00227	0.00261	0.00165	0.00165	0.00294	0.01857	0.01811	0.23679	0.27237	0.21566	0.09517	0.00268	0.00073	0.00108	0.11819	0.00159	0.00151
13	0.64947	0.00348	0.00306	0.00256	0.00363	0.00395	0.00211	0.27140	0.00417	0.00805	0.00282	0.00310	0.00212	0.00164	0.00118	0.00049	0.00139	0.00106	0.03229	0.00203
14	0.00237	0.00156	0.00175	0.00177	0.00180	0.00155	0.00102	0.00243	0.00247	0.00338	0.01156	0.05264	0.01450	0.82999	0.00742	0.00144	0.00148	0.00241	0.05743	0.00103
15	0.00234	0.00167	0.00212	0.00207	0.00248	0.00153	0.00157	0.00301	0.00427	0.02639	0.63406	0.06634	0.17002	0.00360	0.00193	0.00054	0.00085	0.07201	0.00170	0.00151
16	0.61467	0.00318	0.00293	0.00246	0.00352	0.00349	0.00202	0.12769	0.00377	0.18174	0.00356	0.00363	0.01933	0.00171	0.00122	0.00050	0.00133	0.00115	0.02006	0.00206
17	0.00238	0.00880	0.00193	0.00187	0.00197	0.00164	0.00114	0.00790	0.01924	0.00378	0.13676	0.06361	0.01483	0.71990	0.00672	0.00132	0.00141	0.00254	0.00114	0.00112
18	0.00631	0.00408	0.00456	0.00350	0.00477	0.00437	0.00289	0.70169	0.01545	0.21407	0.00886	0.00430	0.00311	0.00196	0.00161	0.00049	0.00167	0.00150	0.00662	0.00820
19	0.00545	0.00398	0.00433	0.00341	0.00453	0.00436	0.00278	0.74466	0.02223	0.01986	0.08660	0.05368	0.02101	0.00226	0.00166	0.00050	0.00160	0.00179	0.01278	0.00252
20	0.00403	0.00389	0.00653	0.00983	0.92007	0.01699	0.00493	0.00498	0.00369	0.00526	0.00303	0.00398	0.00255	0.00144	0.00160	0.00048	0.00193	0.00143	0.00080	0.00255
21	0.00335	0.00287	0.00335	0.00239	0.00383	0.00215	0.00191	0.00407	0.00335	0.00526	0.00287	0.00335	0.00239	0.00120	0.00120	0.00024	0.00120	0.00096	0.00096	0.95311
22	0.00614	0.00452	0.00485	0.00372	0.00501	0.00501	0.00307	0.92777	0.00759	0.01018	0.00388	0.00388	0.00275	0.00194	0.00162	0.00048	0.00178	0.00145	0.00162	0.00275
23	0.00335	0.00287	0.00335	0.00239	0.00383	0.00215	0.00191	0.00407	0.00335	0.00526	0.00287	0.00335	0.00239	0.00120	0.00120	0.00024	0.00120	0.00096	0.00096	0.95311
24	0.00200	0.00164	0.00176	0.00174	0.00224	0.00140	0.00130	0.00248	0.00387	0.00484	0.22463	0.03039	0.70825	0.00393	0.00191	0.00054	0.00081	0.00332	0.00156	0.00140
25	0.00231	0.00172	0.00255	0.00255	0.00283	0.00200	0.00197	0.00286	0.00258	0.00372	0.00436	0.00656	0.00413	0.05820	0.89087	0.00255	0.00419	0.00176	0.00087	0.00142
26	0.93858	0.00321	0.01811	0.00217	0.00319	0.00363	0.00182	0.00475	0.00276	0.00721	0.00226	0.00264	0.00175	0.00150	0.00101	0.00050	0.00127	0.00088	0.00099	0.00176
27	0.94305	0.00314	0.00240	0.00214	0.00315	0.00364	0.00177	0.01603	0.00281	0.00728	0.00227	0.00264	0.00176	0.00150	0.00101	0.00050	0.00126	0.00088	0.00101	0.00176
28	0.00205	0.00146	0.00193	0.00219	0.00233	0.00137	0.00149	0.00241	0.00332	0.00449	0.16886	0.70630	0.02218	0.05244	0.00237	0.00543	0.00095	0.01560	0.00152	0.00133
29	0.46931	0.00312	0.00297	0.00251	0.00347	0.00344	0.00205	0.21754	0.01484	0.06940	0.11743	0.00473	0.00408	0.00193	0.00133	0.00049	0.00129	0.01282	0.06526	0.00201
30	0.00198	0.00141	0.00187	0.00224	0.00233	0.00132	0.00149	0.00225	0.00308	0.00411	0.00883	0.92493	0.01059	0.02242	0.00218	0.00067	0.00095	0.00455	0.00149	0.00131
31	0.00204	0.00164	0.00181	0.00178	0.00226	0.00142	0.00133	0.00256	0.00398	0.00507	0.32518	0.02280	0.61478	0.00383	0.00191	0.00053	0.00080	0.00326	0.00159	0.00142
32	0.00244	0.00169	0.00212	0.00203	0.00244	0.00154	0.00151	0.00307	0.00422	0.04553	0.63048	0.05551	0.15724	0.05446	0.00225	0.00058	0.00087	0.02882	0.00168	0.00151
33	0.14082	0.00423	0.00444	0.00345	0.00470	0.00468	0.00285	0.74872	0.00675	0.05802	0.00378	0.00378	0.00267	0.00188	0.00153	0.00049	0.00168	0.00138	0.00155	0.00261
34	0.95464	0.00312	0.00237	0.00212	0.00312	0.00362	0.00175	0.00475	0.00275	0.00725	0.00225	0.00262	0.00175	0.00150	0.00100	0.00050	0.00125	0.00087	0.00100	0.00175
35	0.67772	0.00291	0.00258	0.00223	0.00321	0.00320	0.00182	0.01680	0.00323	0.16957	0.03257	0.00373	0.00277	0.00969	0.00122	0.00050	0.00123	0.00113	0.06197	0.00191
36	0.00718	0.00174	0.00219	0.00214	0.00253	0.00162	0.00159	0.02971	0.00420	0.03644	0.54868	0.18754	0.10955	0.02274	0.00205	0.00057	0.00089	0.03543	0.00167	0.00153
37	0.94718	0.00313	0.00239	0.00214	0.00314	0.00363	0.00176	0.01201	0.00279	0.00727	0.00226	0.00263	0.00176	0.00150	0.00100	0.00050	0.00125	0.00088	0.00100	0.00176
38	0.00311	0.00160	0.00161	0.00157	0.00198	0.00161	0.00119	0.03172	0.00351	0.00615	0.00523	0.00596	0.00410	0.00188	0.00114	0.00038	0.00078	0.00150	0.92344	0.00154
39	0.58978	0.00286	0.00269	0.00235	0.00329	0.00310	0.00191	0.03813	0.00344	0.18367	0.06085	0.05053	0.01017	0.00204	0.00134	0.00777	0.00125	0.03159	0.00130	0.00192
40	0.00219	0.00169	0.00189	0.00193	0.00243	0.00147	0.00150	0.00268	0.00374	0.03145	0.08244	0.07189	0.64865	0.00408	0.00196	0.00058	0.00093	0.13552	0.00153	0.00143
41	0.00230	0.00174	0.00213	0.00202	0.00246	0.00162	0.00152	0.00317	0.05228	0.00601	0.67425	0.02176	0.20894	0.00344	0.00190	0.00052	0.00081	0.00988	0.00171	0.00154
42	0.00218	0.00157	0.00206	0.00227	0.00251	0.00149	0.00166	0.00786	0.00358	0.00483	0.23916	0.48398	0.05171	0.03715	0.00623	0.00067	0.00102	0.14713	0.00155	0.00139
43	0.15238	0.00473	0.01761	0.00342	0.00447	0.20298	0.00277	0.47780	0.00566	0.00773	0.01118	0.01249	0.00275	0.00853	0.05148	0.00059	0.00204	0.00134	0.02779	0.00226
44	0.00265	0.00187	0.00229	0.00223	0.00245	0.00195	0.01202	0.07218	0.01951	0.00424	0.01002	0.20416	0.00623	0.44867	0.12855	0.00131	0.01707	0.00259	0.05868	0.00133
45	0.82228	0.01187	0.08891	0.00243	0.00356	0.01622	0.00220	0.02742	0.00296	0.00705	0.00235	0.00273	0.00181	0.00151	0.00107	0.00050	0.00139	0.00092	0.00098	0.00184
46	0.80231	0.08655	0.00306	0.00229	0.00333	0.02748	0.00192	0.03748	0.00303	0.01195	0.00780	0.00274	0.00191	0.00152	0.00104	0.00048	0.00135	0.00091	0.00100	0.00182
47	0.02337	0.00414	0.00450	0.01187	0.00478	0.00456	0.01121	0.72585	0.08648	0.02524	0.03853	0.00975	0.02964	0.00207	0.00163	0.00049	0.00166	0.00160	0.00159	0.01104
48	0.00234	0.00158	0.00185	0.00185	0.00188	0.00161	0.00109	0.00240	0.00237	0.00320	0.00501	0.01013	0.00568	0.84610	0.10509	0.00167	0.00185	0.00228	0.00097	0.00103
49	0.00206	0.00147	0.00198	0.00232	0.00247	0.00139	0.00163	0.00242	0.00324	0.00433	0.05594	0.78497	0.01075	0.00490	0.00207	0.00066	0.00099	0.11354	0.00151	0.00134
50	0.95464	0.00312	0.00237	0.00212	0.00312	0.00362	0.00175	0.00475	0.00275	0.00725	0.00225	0.00262	0.00175	0.00150	0.00100	0.00050	0.00125	0.00087	0.00100	0.00175
51	0.00199	0.00142	0.00190	0.00226	0.00236	0.00133	0.00152	0.00229	0.00315	0.00421	0.03628	0.89774	0.01079	0.00500	0.00206	0.00065	0.00094	0.02129	0.00151	0.00132
52	0.00245	0.00179	0.00239	0.00264	0.00302	0.00173	0.00222	0.00316	0.00929	0.00503	0.16192	0.06768	0.10762	0.00425	0.00213	0.00068	0.00127	0.61771	0.00154	0.00148
53	0.00231	0.00167	0.00220	0.00212	0.00250	0.00155	0.00162	0.00307	0.00450	0.00633	0.85089	0.01261	0.01472	0.00340	0.00193	0.00053	0.00083	0.08395	0.00175	0.00152
54	0.00258	0.00173	0.00193	0.00193	0.00195	0.00170	0.00109	0.00252	0.00251	0.00337	0.00535	0.02125	0.00613	0.92989	0.00823	0.00159	0.00164	0.00245	0.00106	0.00110
55	0.00221	0.00158	0.00205	0.00242	0.00254	0.00146	0.00162	0.00244	0.00325	0.00436	0.00910	0.92657	0.01085	0.00519	0.00216	0.00070	0.00103	0.01747	0.00157	0.00143
56	0.00231	0.00181	0.00204	0.00197	0.00246	0.00157	0.00146	0.00282	0.00423	0.00552	0.42072	0.01428	0.52497	0.00388	0.00200	0.00057	0.00088	0.00326	0.00170	0.00155
57	0.00254	0.00191	0.00275	0.00274	0.00304	0.00216	0.00210	0.00305	0.00276	0.00398	0.00474	0.00684	0.01938	0.02594	0.89850	0.00257	0.01065	0.00184	0.00095	0.00156
58	0.00221	0.00158	0.00204	0.00240	0.00251	0.00146	0.00160	0.00243	0.00323	0.00433	0.00905	0.92429	0.01079	0.02048	0.00226	0.00071	0.00103	0.00462	0.00157	0.00143
59	0.93581	0.00331	0.00258	0.00231	0.00333	0.00378	0.00188	0.02050	0.00299	0.00751	0.00250	0.00295	0.00198	0.00165	0.00111	0.00054	0.00134	0.00096	0.00109	0.00189
60	0.95464	0.00312	0.00237	0.00212	0.00312	0.00362	0.00175	0.00475	0.00275	0.00725	0.00225	0.00262	0.00175	0.00150	0.00100	0.00050	0.00125	0.00087	0.00100	0.00175
61	0.00260	0.00186	0.00260	0.00297	0.00335	0.00186	0.00260	0.00335	0.00372	0.00483	0.00855	0.01822	0.00930	0.00446	0.00223	0.00074	0.00149	0.92228	0.00149	0.00149
62	0.00214	0.00153	0.00208	0.00245	0.00262	0.00146	0.00180	0.00255	0.00327	0.00433	0.01445	0.68390	0.01033	0.00489	0.00211	0.00068	0.00109	0.25546	0.00150	0.00136
63	0.00229	0.00165	0.00216	0.00203	0.00241	0.00152	0.00152	0.00305	0.00457	0.00648	0.93230	0.01207	0.01524	0.00330	0.00191	0.00051	0.00076	0.00292	0.00178	0.00152
64	0.00229	0.00165	0.00216	0.00203	0.00241	0.00152	0.00152	0.00305	0.00457	0.00648	0.93230	0.01207	0.01524	0.00330	0.00191	0.00051	0.00076	0.00292	0.00178	0.00152
65	0.00235	0.00157	0.00176	0.00176	0.00176	0.00157	0.00098	0.00235	0.00235	0.00313	0.00509	0.01057	0.00587	0.94323	0.00822	0.00157	0.00157	0.00235	0.00098	0.00098
66	0.92305	0.00311	0.00242	0.00215	0.00316	0.00358	0.00177	0.00485	0.00281	0.03816	0.00239	0.00272	0.00182	0.00152	0.00102	0.00050	0.00125	0.00090	0.00103	0.00178
67	0.00231	0.00173	0.00260	0.00260	0.00288	0.00202	0.00202	0.00288	0.00260	0.00375	0.00433	0.00635	0.00404	0.01211	0.93683	0.00260	0.00433	0.00173	0.00087	0.00144
68	0.00402	0.00347	0.00365	0.00329	0.00420	0.00402	0.00256	0.00858	0.93024	0.00676	0.00657	0.00603	0.00493	0.00219	0.00164	0.00055	0.00128	0.00183	0.00164	0.00256
69	0.00494	0.00327	0.00368	0.00316	0.00417	0.00355	0.00250	0.01903	0.65189	0.26856	0.00655	0.00592	0.01103	0.00215	0.00164	0.00053	0.00131	0.00178	0.00174	0.00261
70	0.00725	0.00275	0.00375	0.00287	0.00412	0.00237	0.00237	0.00787	0.00462	0.93427	0.00637	0.00550	0.00400	0.00200	0.00162	0.00050	0.00137	0.00162	0.00200	0.00275
71	0.00258	0.00185	0.00258	0.00295	0.00332	0.00184	0.00257	0.00331	0.00370	0.00481	0.00856	0.04561	0.00934	0.00448	0.00223	0.00074	0.00147	0.89508	0.00149	0.00148
72	0.00719	0.00284	0.00380	0.00292	0.00417	0.00250	0.00241	0.05293	0.00477	0.88901	0.00625	0.00542	0.00394	0.00200	0.00162	0.00050	0.00139	0.00162	0.00198	0.00275
73	0.00385	0.00307	0.00335	0.00307	0.00390	0.00342	0.00243	0.02377	0.65708	0.05850	0.00774	0.00838	0.09921	0.00264	0.00174	0.00057	0.00127	0.11206	0.00163	0.00232
74	0.00333	0.09011	0.85393	0.00444	0.00674	0.00398	0.00569	0.00509	0.00340	0.00500	0.00284	0.00334	0.00205	0.00152	0.00149	0.00050	0.00233	0.00116	0.00068	0.00236
75	0.00342	0.03134	0.55599	0.02993	0.00715	0.00381	0.26075	0.01411	0.00354	0.00509	0.00320	0.02321	0.00610	0.00159	0.00166	0.00051	0.00776	0.00772	0.00076	0.03234
76	0.00234	0.00178	0.00264	0.00262	0.00289	0.00209	0.00203	0.00290	0.00259	0.00374	0.00429	0.00638	0.00403	0.03677	0.88599	0.00252	0.03038	0.00174	0.00086	0.00144
77	0.00335	0.00287	0.00335	0.00239	0.00383	0.00215	0.00191	0.00407	0.00335	0.00526	0.00287	0.00335	0.00239	0.00120	0.00120	0.00024	0.00120	0.00096	0.00096	0.95311
78	0.00329	0.05143	0.89222	0.00452	0.00686	0.00387	0.00582	0.00510	0.00340	0.00506	0.00287	0.00337	0.00205	0.00153	0.00151	0.00050	0.00236	0.00118	0.00068	0.00237
79	0.01394	0.00305	0.00348	0.00294	0.00384	0.00323	0.00234	0.20609	0.29496	0.16419	0.23783	0.00739	0.02791	0.00246	0.00171	0.00052	0.00127	0.01881	0.00172	0.00232
80	0.00277	0.00140	0.00209	0.00211	0.00211	0.00140	0.00141	0.00211	0.00215	0.00286	0.00308	0.04658	0.00316	0.00559	0.00612	0.91066	0.00138	0.00154	0.00074	0.00073
81	0.27345	0.00234	0.02305	0.00219	0.00286	0.00229	0.00175	0.02384	0.01076	0.05315	0.48359	0.04512	0.06422	0.00276	0.00162	0.00051	0.00100	0.00229	0.00151	0.00169
82	0.12335	0.03267	0.00463	0.00349	0.00474	0.01341	0.00289	0.76058	0.02367	0.00951	0.00366	0.00371	0.00264	0.00187	0.00152	0.00048	0.00171	0.00137	0.00151	0.00259
83	0.04943	0.01781	0.00455	0.00394	0.00487	0.68366	0.00303	0.19042	0.00505	0.00534	0.00278	0.00314	0.00223	0.00186	0.01465	0.00046	0.00262	0.00112	0.00100	0.00204
84	0.01675	0.00266	0.00697	0.00477	0.29303	0.00821	0.00284	0.02573	0.07390	0.06006	0.21161	0.04495	0.05055	0.02610	0.00233	0.08575	0.00139	0.07919	0.00129	0.00193
85	0.01625	0.04050	0.03620	0.00239	0.00303	0.00218	0.00194	0.02116	0.08272	0.10605	0.48278	0.07504	0.07738	0.01844	0.01125	0.00056	0.00107	0.01763	0.00163	0.00179
86	0.00297	0.00184	0.00230	0.00211	0.00266	0.00166	0.00161	0.00368	0.02075	0.14426	0.52346	0.03228	0.22409	0.01076	0.00192	0.00053	0.00090	0.01881	0.00173	0.00168
87	0.00230	0.00155	0.00202	0.01149	0.00240	0.00151	0.00151	0.01600	0.01825	0.00394	0.01969	0.53557	0.02471	0.15851	0.00374	0.15473	0.00116	0.03840	0.00128	0.00122
88	0.60780	0.00350	0.00309	0.00268	0.00366	0.03183	0.00213	0.15719	0.00395	0.05224	0.03991	0.01557	0.00314	0.02499	0.00605	0.02566	0.00150	0.00530	0.00775	0.00206
89	0.12379	0.00288	0.00332	0.00296	0.00381	0.00289	0.00238	0.13586	0.07018	0.23779	0.07688	0.07023	0.05926	0.01760	0.00196	0.00063	0.00143	0.18224	0.00170	0.00222
90	0.00258	0.00176	0.00215	0.00230	0.00244	0.00166	0.00151	0.00275	0.00317	0.02491	0.07413	0.43929	0.01737	0.36282	0.01387	0.00106	0.00134	0.04207	0.00142	0.00140
91	0.00782	0.00177	0.00214	0.00228	0.00258	0.00161	0.00160	0.00279	0.00719	0.01005	0.19982	0.44198	0.19848	0.06613	0.00252	0.00071	0.00105	0.04043	0.00752	0.00152
92	0.01609	0.00205	0.00245	0.00253	0.00286	0.00201	0.00182	0.03344	0.07358	0.01186	0.16461	0.34078	0.05401	0.16505	0.00317	0.00083	0.00124	0.11844	0.00156	0.00163
93	0.71797	0.00333	0.00289	0.00255	0.00356	0.00370	0.00205	0.05822	0.06674	0.06266	0.05182	0.00412	0.00320	0.00191	0.00130	0.00056	0.00137	0.00872	0.00128	0.00206
94	0.03122	0.00183	0.00222	0.00238	0.00266	0.00170	0.00166	0.01592	0.00365	0.02143	0.16927	0.56275	0.08424	0.05684	0.00244	0.00072	0.00108	0.02891	0.00751	0.00156
95	0.01975	0.00186	0.00231	0.00244	0.00275	0.00174	0.00176	0.00310	0.01266	0.03247	0.23274	0.39239	0.07423	0.08656	0.00266	0.00075	0.00114	0.12547	0.00162	0.00158
96	0.01367	0.00230	0.00290	0.00289	0.00341	0.00225	0.00233	0.08456	0.01211	0.07900	0.18881	0.10163	0.03284	0.04193	0.00239	0.00072	0.00140	0.42136	0.00167	0.00183
97	0.04911	0.00822	0.87141	0.00477	0.02211	0.00392	0.00587	0.00531	0.00358	0.00551	0.00316	0.00378	0.00231	0.00172	0.00164	0.00056	0.00242	0.00128	0.00080	0.00251
98	0.08177	0.00202	0.00235	0.00239	0.00274	0.00196	0.00171	0.03608	0.00373	0.02086	0.21357	0.34429	0.05757	0.15296	0.00302	0.00080	0.00120	0.06386	0.00554	0.00159
99	0.08377	0.00219	0.00826	0.00251	0.00298	0.00209	0.00186	0.03521	0.03717	0.06324	0.20620	0.33958	0.08849	0.04728	0.00228	0.00068	0.00116	0.06567	0.00764	0.00174
100	0.01972	0.00191	0.00245	0.00256	0.00285	0.00184	0.00188	0.00326	0.04080	0.03103	0.17921	0.31305	0.02382	0.03026	0.01172	0.16432	0.00127	0.16505	0.00150	0.00152
101	0.00298	0.00200	0.00253	0.00244	0.00288	0.00190	0.00183	0.02160	0.00783	0.07004	0.41526	0.09870	0.09672	0.06948	0.13273	0.00096	0.00156	0.06523	0.00163	0.00171
102	0.02918	0.00207	0.01556	0.00769	0.00288	0.00198	0.00184	0.02354	0.00795	0.03880	0.12102	0.22086	0.05060	0.15845	0.14795	0.00110	0.00175	0.08022	0.08497	0.00161
103	0.00305	0.00193	0.00257	0.00255	0.00283	0.00194	0.00185	0.02684	0.01562	0.04489	0.08910	0.15145	0.01955	0.05805	0.25034	0.25486	0.00215	0.04584	0.02312	0.00147
104	0.02326	0.00284	0.00330	0.00314	0.00368	0.00265	0.00227	0.08695	0.01755	0.08393	0.23222	0.21267	0.08499	0.08289	0.00326	0.07711	0.00155	0.06512	0.00844	0.00219

[dist]
# distance from previous block
# <min> <max>
15	30

[block]
# block no. 1 follows, 196 sequences, length 41
# corresponding to MSA columns:
# 148-188
name=unknown_B
#
# <colnr> <probs for GDERKNQSTAVLIFYWHMCP>
#	G	D	E	R	K	N	Q	S	T	A	V	L	I	F	Y	W	H	M	C	P
0	0.08426	0.02722	0.01355	0.00280	0.00359	0.07853	0.00931	0.21803	0.01698	0.02973	0.22145	0.06458	0.05151	0.04262	0.01691	0.00059	0.00147	0.07003	0.00142	0.04544
1	0.60057	0.02331	0.10577	0.00263	0.00370	0.02680	0.00239	0.06619	0.00319	0.01928	0.00276	0.00341	0.00222	0.02624	0.08597	0.01083	0.01081	0.00109	0.00099	0.00185
2	0.00999	0.00165	0.00203	0.00202	0.00229	0.00162	0.00141	0.00291	0.01266	0.01464	0.21747	0.17990	0.02999	0.26529	0.10166	0.00103	0.00143	0.00949	0.11319	0.02934
3	0.00228	0.00166	0.00200	0.00200	0.00228	0.00157	0.00140	0.01340	0.01813	0.00486	0.33359	0.13966	0.16494	0.26098	0.00963	0.00085	0.00108	0.03688	0.00145	0.00135
4	0.19288	0.00351	0.01072	0.36171	0.00685	0.01550	0.00330	0.31381	0.00932	0.00681	0.00807	0.01639	0.00253	0.00205	0.02692	0.00057	0.00702	0.00138	0.00856	0.00209
5	0.14275	0.02973	0.56351	0.01747	0.04708	0.00996	0.10953	0.01526	0.00346	0.00548	0.03147	0.00382	0.00255	0.00159	0.00151	0.00051	0.00216	0.00915	0.00080	0.00223
6	0.05888	0.59224	0.27538	0.00338	0.00503	0.00540	0.03083	0.00492	0.00330	0.00442	0.00246	0.00288	0.00206	0.00143	0.00120	0.00041	0.00192	0.00099	0.00071	0.00215
7	0.03980	0.00274	0.00323	0.00272	0.00355	0.01573	0.00216	0.19501	0.01479	0.15834	0.03572	0.00625	0.03427	0.06550	0.21500	0.02050	0.00208	0.03108	0.03425	0.11729
8	0.03520	0.00295	0.01396	0.00290	0.00368	0.05069	0.00237	0.15878	0.09409	0.15870	0.13482	0.04825	0.06699	0.01801	0.00191	0.00058	0.00141	0.20111	0.00158	0.00203
9	0.95464	0.00312	0.00237	0.00212	0.00312	0.00362	0.00175	0.00475	0.00275	0.00725	0.00225	0.00262	0.00175	0.00150	0.00100	0.00050	0.00125	0.00087	0.00100	0.00175
10	0.08050	0.00201	0.00238	0.00215	0.00274	0.00193	0.00166	0.02804	0.03161	0.10515	0.57385	0.01071	0.14495	0.00306	0.00179	0.00051	0.00092	0.00262	0.00169	0.00171
11	0.11147	0.00336	0.00390	0.00306	0.00426	0.00341	0.00252	0.30016	0.04635	0.45986	0.00504	0.00469	0.00338	0.00222	0.02891	0.00056	0.00157	0.00149	0.00171	0.01208
12	0.06004	0.00278	0.00342	0.00281	0.00380	0.01702	0.00224	0.10885	0.01346	0.56339	0.01837	0.16628	0.00502	0.01571	0.00179	0.00742	0.00135	0.00209	0.00177	0.00237
13	0.00211	0.00150	0.00193	0.00224	0.00242	0.00139	0.00154	0.00248	0.01587	0.02193	0.00951	0.79641	0.09633	0.00485	0.00204	0.00064	0.00096	0.03296	0.00151	0.00137
14	0.00238	0.00179	0.00264	0.00262	0.00293	0.00208	0.00204	0.02098	0.00269	0.00388	0.00432	0.00630	0.00401	0.01192	0.91853	0.00255	0.00428	0.00173	0.00088	0.00147
15	0.18391	0.10786	0.00459	0.00328	0.00442	0.13101	0.00270	0.44711	0.01737	0.04413	0.02101	0.00363	0.00271	0.00185	0.00150	0.01627	0.00178	0.00126	0.00130	0.00231
16	0.00264	0.00927	0.00265	0.00865	0.01617	0.00207	0.01918	0.01707	0.00294	0.00446	0.00456	0.02285	0.00414	0.03020	0.57927	0.00179	0.01436	0.01680	0.21158	0.02935
17	0.74181	0.00352	0.00275	0.00243	0.00342	0.08579	0.00197	0.01955	0.04155	0.07107	0.01221	0.00310	0.00222	0.00160	0.00113	0.00049	0.00141	0.00101	0.00110	0.00188
18	0.20235	0.00297	0.00303	0.02634	0.00360	0.03530	0.00212	0.14958	0.15684	0.03942	0.13116	0.00605	0.03724	0.01830	0.07403	0.01471	0.00154	0.00169	0.09176	0.00196
19	0.00279	0.00140	0.00210	0.00211	0.00211	0.00140	0.00140	0.00211	0.00212	0.00283	0.00290	0.01964	0.00293	0.00560	0.00625	0.93803	0.00140	0.00145	0.00071	0.00071
20	0.00269	0.00186	0.03466	0.00231	0.00264	0.00159	0.00170	0.00308	0.00330	0.10527	0.07192	0.52529	0.03817	0.15718	0.00299	0.00077	0.00114	0.04049	0.00146	0.00147
21	0.00245	0.00169	0.00225	0.00238	0.00272	0.00159	0.00185	0.00307	0.00391	0.03670	0.35591	0.25277	0.04779	0.00408	0.00203	0.00062	0.00104	0.27404	0.00162	0.00149
22	0.00258	0.00175	0.00218	0.00211	0.00252	0.00163	0.00157	0.00327	0.03111	0.06176	0.47234	0.08690	0.15518	0.10405	0.00259	0.00066	0.00097	0.06369	0.00162	0.00153
23	0.00237	0.00165	0.00213	0.00212	0.00247	0.00152	0.00157	0.00298	0.00408	0.03277	0.55785	0.17424	0.09129	0.04556	0.00223	0.00060	0.00090	0.07052	0.00166	0.00148
24	0.02086	0.00309	0.00362	0.00305	0.00403	0.00319	0.00242	0.17327	0.27300	0.34412	0.00629	0.13510	0.00499	0.00249	0.00169	0.00054	0.00136	0.01268	0.00174	0.00246
25	0.83616	0.00298	0.00239	0.00214	0.00310	0.00340	0.00176	0.00478	0.00291	0.04742	0.02039	0.00334	0.00234	0.00162	0.00107	0.00050	0.00123	0.01608	0.04461	0.00177
26	0.01302	0.00143	0.00210	0.00209	0.00211	0.00143	0.00139	0.00214	0.00212	0.00286	0.00287	0.00505	0.00288	0.03300	0.00631	0.91493	0.00141	0.00142	0.00071	0.00072
27	0.00491	0.00335	0.00373	0.00303	0.00404	0.00353	0.00246	0.46176	0.07355	0.12693	0.09065	0.00747	0.15833	0.00254	0.00171	0.00051	0.00142	0.03590	0.01185	0.00233
28	0.00199	0.00142	0.00190	0.00227	0.00237	0.00133	0.00153	0.00228	0.00311	0.00414	0.00889	0.91582	0.01064	0.00504	0.00207	0.00066	0.00095	0.03077	0.00150	0.00132
29	0.00236	0.00156	0.00182	0.00187	0.00191	0.00154	0.00110	0.00244	0.00256	0.01826	0.02595	0.16345	0.00684	0.75368	0.00697	0.00138	0.00144	0.00272	0.00110	0.00107
30	0.00254	0.00182	0.00216	0.00210	0.00260	0.00168	0.00161	0.00334	0.05491	0.05792	0.34253	0.04569	0.35453	0.02600	0.00206	0.00058	0.00094	0.09382	0.00162	0.00157
31	0.36174	0.00356	0.00347	0.00288	0.00394	0.00401	0.00234	0.32014	0.18048	0.04532	0.00395	0.00400	0.00291	0.00182	0.00136	0.00050	0.00141	0.00132	0.05256	0.00227
32	0.00211	0.00165	0.00192	0.00189	0.00235	0.00146	0.00144	0.00269	0.00405	0.00528	0.40186	0.02754	0.47560	0.00380	0.00193	0.00054	0.00084	0.05998	0.00162	0.00144
33	0.00228	0.00166	0.00212	0.00216	0.00232	0.00171	0.00149	0.00261	0.00304	0.00417	0.16318	0.23993	0.04975	0.32221	0.12589	0.00119	0.04456	0.01807	0.01039	0.00128
34	0.00214	0.00166	0.00188	0.00182	0.00230	0.00144	0.00137	0.00270	0.00406	0.01862	0.39087	0.01398	0.54394	0.00374	0.00190	0.00053	0.00080	0.00318	0.00162	0.00145
35	0.00257	0.00178	0.00214	0.00200	0.00251	0.00160	0.00152	0.00331	0.03109	0.07375	0.52615	0.01259	0.32605	0.00344	0.00188	0.00052	0.00084	0.00296	0.00170	0.00159
36	0.00215	0.00164	0.00201	0.00221	0.00258	0.00150	0.00172	0.00263	0.00356	0.00450	0.04117	0.24732	0.38843	0.00443	0.00208	0.00954	0.00105	0.27858	0.00150	0.00139
37	0.00326	0.00824	0.90805	0.00467	0.00703	0.00376	0.03266	0.00512	0.00342	0.00512	0.00291	0.00344	0.00206	0.00153	0.00155	0.00051	0.00240	0.00121	0.00069	0.00238
38	0.00206	0.00163	0.00185	0.00185	0.00230	0.00142	0.00138	0.00259	0.00395	0.00509	0.33432	0.08492	0.52595	0.00390	0.00193	0.00054	0.00082	0.02050	0.00160	0.00142
39	0.00353	0.00293	0.00316	0.00288	0.00366	0.00325	0.00222	0.00688	0.64562	0.02347	0.16644	0.01850	0.10533	0.00261	0.00172	0.00054	0.00114	0.00221	0.00166	0.00224
40	0.00305	0.00287	0.00484	0.93935	0.01113	0.00359	0.00449	0.00413	0.00323	0.00413	0.00287	0.00431	0.00215	0.00161	0.00161	0.00054	0.00215	0.00144	0.00072	0.00179

[dist]
# distance from previous block
# <min> <max>
0	3

# created by:
# /share/home/app/bin/augustus-3.3.1/scripts/msa2prfl.pl /dev/shm/tmp/mt-Mammalia/msas/ND6.aln --setname=ND6
