[name]
atp1

[dist]
# distance from previous block
# <min> <max>
1	54

[block]
# block no. 0 follows, 31 sequences, length 10
# corresponding to MSA columns:
# 60-69
name=unknown_A
#
# <colnr> <probs for GDERKNQSTAVLIFYWHMCP>
#	G	D	E	R	K	N	Q	S	T	A	V	L	I	F	Y	W	H	M	C	P
0	0.01965	0.01863	0.10379	0.02038	0.16297	0.01737	0.01499	0.32241	0.10552	0.03188	0.02235	0.02278	0.08897	0.00870	0.00694	0.00212	0.00726	0.00711	0.00562	0.01055
1	0.01975	0.02320	0.02495	0.02392	0.14740	0.34404	0.18606	0.02288	0.01720	0.01913	0.01478	0.09585	0.01355	0.00813	0.00704	0.00206	0.01047	0.00728	0.00379	0.00852
2	0.01232	0.01226	0.01348	0.01672	0.18258	0.09490	0.00999	0.01462	0.01604	0.01921	0.04859	0.04758	0.45918	0.01337	0.00754	0.00218	0.00566	0.01122	0.00530	0.00726
3	0.02056	0.02363	0.02582	0.02968	0.32440	0.32653	0.10734	0.02386	0.01730	0.01986	0.01200	0.01515	0.00990	0.00647	0.00669	0.00195	0.01041	0.00563	0.00346	0.00936
4	0.01946	0.01940	0.02696	0.03291	0.42885	0.12444	0.09917	0.12074	0.01865	0.02450	0.01316	0.01635	0.01060	0.00651	0.00685	0.00203	0.00908	0.00609	0.00392	0.01033
5	0.01573	0.09727	0.02318	0.01969	0.11313	0.10048	0.15096	0.02077	0.09710	0.01940	0.01623	0.02183	0.01416	0.08563	0.16991	0.00443	0.01103	0.00686	0.00393	0.00827
6	0.01469	0.01902	0.17006	0.12411	0.24619	0.01510	0.17316	0.01990	0.01568	0.02207	0.09691	0.02105	0.01650	0.00715	0.00718	0.00217	0.00886	0.00709	0.00375	0.00936
7	0.01488	0.17822	0.01806	0.01127	0.01522	0.04705	0.00934	0.05011	0.09890	0.02287	0.18465	0.02534	0.02518	0.01366	0.09271	0.00282	0.00719	0.00693	0.00506	0.17056
8	0.01407	0.01883	0.20179	0.02049	0.18053	0.01255	0.05207	0.01861	0.01485	0.02167	0.01926	0.02127	0.09384	0.00717	0.00635	0.00177	0.00723	0.00624	0.00384	0.27756
9	0.01765	0.01539	0.02297	0.03076	0.44217	0.01588	0.01685	0.15814	0.05583	0.02629	0.01773	0.11598	0.01614	0.00875	0.00706	0.00215	0.00730	0.00798	0.00468	0.01029

[dist]
# distance from previous block
# <min> <max>
4	29

[block]
# block no. 1 follows, 31 sequences, length 31
# corresponding to MSA columns:
# 99-129
name=unknown_B
#
# <colnr> <probs for GDERKNQSTAVLIFYWHMCP>
#	G	D	E	R	K	N	Q	S	T	A	V	L	I	F	Y	W	H	M	C	P
0	0.01477	0.01231	0.01328	0.01242	0.01526	0.01391	0.00929	0.02883	0.50890	0.02495	0.02862	0.14299	0.02522	0.10472	0.01071	0.00293	0.00534	0.00986	0.00651	0.00916
1	0.80789	0.01323	0.01006	0.00900	0.01323	0.01535	0.00741	0.02011	0.01164	0.03070	0.00953	0.01111	0.00741	0.00635	0.00423	0.00212	0.00529	0.00370	0.00423	0.00741
2	0.01188	0.01452	0.12747	0.21076	0.15224	0.01179	0.01492	0.01577	0.01490	0.01943	0.03480	0.03613	0.28678	0.01078	0.00726	0.00223	0.00687	0.00921	0.00438	0.00787
3	0.00968	0.00699	0.00914	0.00861	0.01022	0.00646	0.00646	0.01291	0.01937	0.02743	0.71328	0.05110	0.06455	0.01399	0.00807	0.00215	0.00323	0.01237	0.00753	0.00646
4	0.00910	0.01093	0.12055	0.01022	0.01280	0.00726	0.00894	0.01154	0.01416	0.01847	0.04442	0.40441	0.26643	0.01768	0.00816	0.00252	0.00477	0.01548	0.00581	0.00635
5	0.02242	0.01757	0.02137	0.11044	0.13396	0.01944	0.01488	0.46499	0.06670	0.03580	0.01600	0.01727	0.01174	0.00777	0.00684	0.00209	0.00770	0.00623	0.00583	0.01096
6	0.00969	0.00732	0.00917	0.00963	0.01146	0.00679	0.00785	0.01241	0.01672	0.02179	0.23812	0.06614	0.26518	0.01700	0.00862	0.00260	0.00451	0.27216	0.00666	0.00617
7	0.10903	0.01769	0.02143	0.02242	0.21678	0.01917	0.01465	0.43025	0.02524	0.03589	0.01467	0.01599	0.01095	0.00741	0.00654	0.00205	0.00745	0.00587	0.00558	0.01095
8	0.01829	0.76368	0.03585	0.01171	0.01756	0.02707	0.01171	0.02049	0.01390	0.01610	0.00951	0.01097	0.00878	0.00585	0.00439	0.00146	0.00732	0.00366	0.00293	0.00878
9	0.80789	0.01323	0.01006	0.00900	0.01323	0.01535	0.00741	0.02011	0.01164	0.03070	0.00953	0.01111	0.00741	0.00635	0.00423	0.00212	0.00529	0.00370	0.00423	0.00741
10	0.00896	0.00696	0.00814	0.00785	0.00978	0.00615	0.00589	0.01151	0.01766	0.02339	0.42208	0.05777	0.35828	0.01550	0.00808	0.00222	0.00334	0.01331	0.00700	0.00615
11	0.02512	0.01041	0.01409	0.01123	0.01554	0.00910	0.00910	0.02792	0.01952	0.53736	0.20916	0.03067	0.02957	0.00993	0.00720	0.00213	0.00513	0.00834	0.00822	0.01027
12	0.01208	0.01060	0.01683	0.53540	0.03592	0.01278	0.01481	0.01535	0.01263	0.01629	0.01481	0.02573	0.01357	0.21938	0.01474	0.00351	0.00842	0.00717	0.00335	0.00662
13	0.01637	0.00798	0.00971	0.00858	0.01120	0.00734	0.00668	0.01934	0.01723	0.21042	0.22142	0.03451	0.07153	0.01035	0.00646	0.00193	0.00391	0.00868	0.31859	0.00776
14	0.01195	0.01590	0.20076	0.01342	0.01746	0.01157	0.01309	0.01862	0.12233	0.02087	0.10485	0.02638	0.02137	0.02813	0.33504	0.00618	0.01223	0.00742	0.00446	0.00796
15	0.58505	0.01380	0.01301	0.12562	0.01957	0.01606	0.00993	0.10371	0.01452	0.03016	0.01080	0.01290	0.00821	0.00666	0.00497	0.00213	0.00617	0.00439	0.00437	0.00797
16	0.00834	0.00595	0.00794	0.00953	0.00992	0.00556	0.00635	0.00953	0.01310	0.01746	0.03771	0.75510	0.04525	0.02143	0.00873	0.00278	0.00397	0.01945	0.00635	0.00556
17	0.13986	0.01261	0.01475	0.01658	0.14250	0.01386	0.01038	0.02397	0.28457	0.02372	0.02054	0.02679	0.01798	0.20739	0.01389	0.00338	0.00622	0.00739	0.00513	0.00852
18	0.02060	0.18311	0.02622	0.02594	0.29416	0.29906	0.01595	0.02336	0.01671	0.01881	0.01125	0.01385	0.00960	0.00642	0.00602	0.00180	0.00960	0.00491	0.00334	0.00926
19	0.00905	0.00697	0.00827	0.00795	0.00984	0.00619	0.00596	0.01169	0.01788	0.02391	0.45987	0.05690	0.32016	0.01530	0.00808	0.00221	0.00332	0.01319	0.00707	0.00619
20	0.01579	0.01686	0.03340	0.14040	0.07528	0.01687	0.46160	0.02296	0.10153	0.02208	0.01526	0.01921	0.01152	0.00639	0.00766	0.00229	0.01019	0.00760	0.00383	0.00926
21	0.01926	0.00899	0.01171	0.00990	0.01272	0.00813	0.00743	0.02131	0.01680	0.33734	0.20763	0.03674	0.03182	0.22202	0.01509	0.00340	0.00536	0.00920	0.00700	0.00815
22	0.68458	0.01417	0.01171	0.01006	0.01449	0.01627	0.00829	0.12640	0.01488	0.03265	0.01061	0.01195	0.00808	0.00664	0.00465	0.00211	0.00564	0.00409	0.00465	0.00808
23	0.01372	0.03539	0.72412	0.01950	0.02961	0.01589	0.02528	0.02167	0.01444	0.02167	0.01228	0.01444	0.00867	0.00650	0.00650	0.00217	0.01011	0.00506	0.00289	0.01011
24	0.00963	0.00688	0.00943	0.01101	0.01197	0.00667	0.00860	0.01177	0.01438	0.01891	0.03699	0.42837	0.04242	0.02021	0.00908	0.00296	0.00509	0.33339	0.00633	0.00591
25	0.00968	0.00699	0.00914	0.00861	0.01022	0.00646	0.00646	0.01291	0.01937	0.02743	0.71328	0.05110	0.06455	0.01399	0.00807	0.00215	0.00323	0.01237	0.00753	0.00646
26	0.01349	0.02161	0.33351	0.01433	0.02043	0.01276	0.01565	0.12306	0.01738	0.02368	0.03124	0.12072	0.20095	0.01151	0.00725	0.00226	0.00717	0.00951	0.00486	0.00863
27	0.00995	0.00663	0.00746	0.00746	0.00746	0.00663	0.00415	0.00995	0.00995	0.01327	0.02156	0.04477	0.02487	0.75957	0.03482	0.00663	0.00663	0.00995	0.00415	0.00415
28	0.01761	0.02523	0.16821	0.01558	0.02035	0.33697	0.04801	0.02089	0.01709	0.01855	0.02769	0.02821	0.20801	0.00977	0.00688	0.00203	0.00931	0.00756	0.00418	0.00786
29	0.02177	0.02111	0.01899	0.01693	0.07790	0.23774	0.01236	0.24005	0.02174	0.02733	0.01311	0.01457	0.01027	0.00679	0.00613	0.00167	0.00837	0.00502	0.00474	0.23342
30	0.54776	0.05183	0.01359	0.01048	0.01511	0.01584	0.00874	0.10623	0.01557	0.14047	0.01314	0.01369	0.00951	0.00689	0.00498	0.00208	0.00576	0.00451	0.00516	0.00867

[dist]
# distance from previous block
# <min> <max>
0	19

[block]
# block no. 2 follows, 31 sequences, length 59
# corresponding to MSA columns:
# 149-207
name=unknown_C
#
# <colnr> <probs for GDERKNQSTAVLIFYWHMCP>
#	G	D	E	R	K	N	Q	S	T	A	V	L	I	F	Y	W	H	M	C	P
0	0.00834	0.00667	0.00747	0.00784	0.00954	0.00580	0.00566	0.01010	0.01535	0.01926	0.13664	0.25336	0.45378	0.01806	0.00826	0.00242	0.00358	0.01557	0.00649	0.00580
1	0.01557	0.12100	0.10896	0.24068	0.34240	0.01740	0.01963	0.01997	0.01466	0.01997	0.01213	0.01620	0.00979	0.00633	0.00643	0.00204	0.00854	0.00563	0.00316	0.00952
2	0.80789	0.01323	0.01006	0.00900	0.01323	0.01535	0.00741	0.02011	0.01164	0.03070	0.00953	0.01111	0.00741	0.00635	0.00423	0.00212	0.00529	0.00370	0.00423	0.00741
3	0.01165	0.00952	0.01582	0.01512	0.01750	0.00928	0.12904	0.01505	0.01555	0.02042	0.03248	0.13515	0.03492	0.01687	0.00914	0.00297	0.00698	0.49000	0.00581	0.00673
4	0.01953	0.00917	0.01230	0.01028	0.01362	0.00814	0.00814	0.02249	0.01947	0.35277	0.39165	0.03807	0.04224	0.01140	0.00751	0.00214	0.00444	0.00980	0.00797	0.00889
5	0.00868	0.00622	0.00825	0.00929	0.01000	0.00579	0.00638	0.01040	0.01471	0.02002	0.21117	0.57434	0.05021	0.01952	0.00856	0.00262	0.00378	0.01763	0.00665	0.00579
6	0.22643	0.02763	0.01699	0.01541	0.01912	0.54806	0.01173	0.02547	0.01740	0.02033	0.01031	0.01202	0.00845	0.00687	0.00567	0.00185	0.01053	0.00423	0.00371	0.00780
7	0.00849	0.00621	0.00799	0.00909	0.00988	0.00571	0.00623	0.01003	0.01426	0.01897	0.13516	0.57608	0.12688	0.01992	0.00856	0.00264	0.00381	0.01788	0.00651	0.00571
8	0.01418	0.03252	0.62581	0.01873	0.02797	0.01605	0.02327	0.02370	0.11018	0.02263	0.01444	0.01598	0.01036	0.00689	0.00656	0.00219	0.00946	0.00543	0.00345	0.01021
9	0.01676	0.01461	0.02080	0.16754	0.07313	0.01430	0.09296	0.15643	0.01808	0.02551	0.01328	0.01617	0.01031	0.00623	0.00627	0.00171	0.00738	0.00552	0.00430	0.32873
10	0.01860	0.61055	0.03191	0.01241	0.01783	0.07315	0.01169	0.02315	0.11008	0.01788	0.01213	0.01308	0.01046	0.00641	0.00487	0.00160	0.00739	0.00427	0.00353	0.00901
11	0.01511	0.01579	0.01310	0.01229	0.01445	0.25389	0.00929	0.01763	0.01722	0.02083	0.29575	0.03169	0.03340	0.02121	0.19342	0.00429	0.01020	0.00837	0.00518	0.00687
12	0.01051	0.00805	0.00976	0.00915	0.01116	0.00784	0.00691	0.01580	0.11397	0.02654	0.54218	0.04929	0.13517	0.01373	0.00792	0.00219	0.00356	0.01197	0.00731	0.00698
13	0.60713	0.01475	0.01275	0.01073	0.01528	0.01685	0.00885	0.19316	0.01691	0.03388	0.01130	0.01248	0.00849	0.00683	0.00490	0.00210	0.00587	0.00433	0.00490	0.00849
14	0.00930	0.00698	0.00861	0.00821	0.00999	0.00629	0.00615	0.01217	0.01846	0.02529	0.55916	0.05463	0.22001	0.01479	0.00807	0.00219	0.00328	0.01287	0.00725	0.00629
15	0.00949	0.00699	0.00888	0.00841	0.01011	0.00638	0.00631	0.01255	0.01892	0.02638	0.63727	0.05284	0.14122	0.01438	0.00807	0.00217	0.00326	0.01262	0.00739	0.00638
16	0.00889	0.00676	0.00818	0.00825	0.00984	0.00605	0.00603	0.01121	0.01684	0.02247	0.36456	0.20178	0.27107	0.01661	0.00821	0.00233	0.00346	0.01451	0.00690	0.00605
17	0.00973	0.00654	0.00753	0.00775	0.00780	0.00648	0.00445	0.00989	0.01039	0.01385	0.02380	0.14331	0.02770	0.65716	0.03120	0.00610	0.00626	0.01127	0.00445	0.00434
18	0.49280	0.01562	0.01428	0.01171	0.01645	0.01771	0.00966	0.29171	0.01991	0.03570	0.01231	0.01325	0.00911	0.00710	0.00529	0.00209	0.00619	0.00469	0.00529	0.00911
19	0.02270	0.31964	0.02585	0.01530	0.01974	0.45529	0.01262	0.02464	0.01723	0.01649	0.01016	0.01180	0.00880	0.00658	0.00547	0.00165	0.01037	0.00411	0.00329	0.00826
20	0.01670	0.51031	0.27530	0.01442	0.02175	0.02318	0.01643	0.02090	0.01409	0.01803	0.01047	0.01218	0.00874	0.00608	0.00512	0.00171	0.00829	0.00414	0.00291	0.00924
21	0.01340	0.01285	0.02233	0.64899	0.09033	0.01541	0.06445	0.01801	0.01397	0.01810	0.01232	0.01817	0.00932	0.00672	0.00692	0.00227	0.00922	0.00622	0.00309	0.00792
22	0.01215	0.03614	0.26000	0.01512	0.08437	0.01130	0.01334	0.01537	0.01216	0.01715	0.01718	0.03066	0.01746	0.40532	0.02148	0.00450	0.00801	0.00771	0.00360	0.00699
23	0.00893	0.00696	0.00811	0.00782	0.00976	0.00614	0.00587	0.01146	0.01760	0.02324	0.41148	0.05801	0.36897	0.01555	0.00808	0.00223	0.00334	0.01334	0.00698	0.00614
24	0.01589	0.01623	0.03103	0.08163	0.35072	0.01597	0.29018	0.02040	0.01531	0.02125	0.01378	0.01946	0.01146	0.05548	0.00914	0.00246	0.00947	0.00714	0.00344	0.00953
25	0.01268	0.02810	0.54054	0.01670	0.02463	0.01347	0.02044	0.01942	0.01571	0.02315	0.19227	0.02386	0.02302	0.00842	0.00690	0.00216	0.00834	0.00693	0.00408	0.00917
26	0.48454	0.02124	0.01391	0.01256	0.01650	0.31159	0.00981	0.02309	0.01484	0.02493	0.00996	0.01162	0.00799	0.00664	0.00503	0.00197	0.00820	0.00399	0.00394	0.00762
27	0.02092	0.42125	0.07441	0.01460	0.01980	0.31046	0.01321	0.02332	0.01615	0.01672	0.01012	0.01175	0.00879	0.00638	0.00525	0.00163	0.00952	0.00405	0.00317	0.00853
28	0.01061	0.00801	0.01085	0.19649	0.01781	0.00876	0.00810	0.01185	0.01111	0.01462	0.02020	0.08460	0.02217	0.51783	0.02592	0.00526	0.00710	0.00958	0.00401	0.00513
29	0.00946	0.00698	0.00884	0.00837	0.01008	0.00636	0.00628	0.01248	0.01884	0.02619	0.62394	0.05315	0.15467	0.01445	0.00807	0.00217	0.00326	0.01266	0.00737	0.00636
30	0.01236	0.01086	0.01672	0.27752	0.18523	0.01178	0.01347	0.01516	0.01336	0.01758	0.02283	0.03183	0.11164	0.21481	0.01468	0.00342	0.00742	0.00831	0.00388	0.00714
31	0.12336	0.01231	0.01832	0.55476	0.03877	0.01450	0.01611	0.01781	0.01346	0.01988	0.01179	0.01677	0.00900	0.00656	0.00627	0.00211	0.00811	0.00551	0.00333	0.10127
32	0.23313	0.01364	0.01528	0.19980	0.02407	0.01609	0.01199	0.02705	0.33689	0.02633	0.01879	0.01970	0.01416	0.00785	0.00618	0.00225	0.00633	0.00620	0.00521	0.00906
33	0.53681	0.01181	0.01148	0.01171	0.05915	0.01354	0.00862	0.01800	0.01172	0.02608	0.01216	0.01582	0.01030	0.01868	0.20436	0.00455	0.00906	0.00486	0.00402	0.00728
34	0.02249	0.02795	0.21336	0.01738	0.02350	0.24896	0.01644	0.29446	0.02318	0.02872	0.01340	0.01456	0.00991	0.00737	0.00653	0.00199	0.00979	0.00529	0.00469	0.01002
35	0.00831	0.00694	0.00724	0.00716	0.00938	0.00587	0.00537	0.01025	0.01612	0.01972	0.15864	0.06380	0.62400	0.01686	0.00808	0.00229	0.00343	0.01415	0.00652	0.00587
36	0.00958	0.00699	0.00900	0.00849	0.01015	0.00641	0.00637	0.01270	0.01911	0.02683	0.66992	0.05210	0.10829	0.01421	0.00807	0.00216	0.00324	0.01251	0.00745	0.00641
37	0.02656	0.01828	0.01998	0.01532	0.02077	0.01990	0.01266	0.61609	0.03068	0.12320	0.01767	0.01724	0.01226	0.00824	0.00685	0.00206	0.00733	0.00624	0.00704	0.01164
38	0.00879	0.00696	0.00790	0.00767	0.00967	0.00607	0.00575	0.01118	0.01725	0.02241	0.35189	0.05937	0.42907	0.01586	0.00808	0.00224	0.00336	0.01353	0.00687	0.00607
39	0.01472	0.01371	0.01393	0.01093	0.01592	0.09396	0.00847	0.01735	0.01465	0.02097	0.01552	0.11676	0.01485	0.00757	0.00571	0.00135	0.00577	0.00623	0.00431	0.59733
40	0.01042	0.00784	0.00974	0.00912	0.01101	0.00759	0.00688	0.01535	0.09475	0.02715	0.60774	0.04897	0.08995	0.01362	0.00795	0.00218	0.00348	0.01196	0.00741	0.00691
41	0.69817	0.01343	0.01081	0.00968	0.01386	0.01558	0.00788	0.02236	0.10777	0.03041	0.01207	0.01311	0.00928	0.00676	0.00461	0.00215	0.00531	0.00426	0.00461	0.00788
42	0.01404	0.01352	0.07737	0.01129	0.01585	0.01117	0.00975	0.07834	0.14578	0.03881	0.07712	0.05055	0.19747	0.01047	0.00681	0.00193	0.00526	0.00867	0.00570	0.22011
43	0.29091	0.02604	0.40873	0.01627	0.04386	0.01606	0.01813	0.06525	0.01467	0.02624	0.01161	0.01349	0.00849	0.00655	0.00574	0.00214	0.00821	0.00469	0.00363	0.00929
44	0.00902	0.00651	0.00853	0.00898	0.01006	0.00602	0.00637	0.01127	0.01638	0.02260	0.38429	0.37436	0.07508	0.01750	0.00837	0.00244	0.00357	0.01568	0.00695	0.00602
45	0.00834	0.00595	0.00794	0.00953	0.00992	0.00556	0.00635	0.00953	0.01310	0.01746	0.03771	0.75510	0.04525	0.02143	0.00873	0.00278	0.00397	0.01945	0.00635	0.00556
46	0.80789	0.01323	0.01006	0.00900	0.01323	0.01535	0.00741	0.02011	0.01164	0.03070	0.00953	0.01111	0.00741	0.00635	0.00423	0.00212	0.00529	0.00370	0.00423	0.00741
47	0.01292	0.01216	0.02052	0.74312	0.04712	0.01520	0.01900	0.01748	0.01368	0.01748	0.01216	0.01824	0.00912	0.00684	0.00684	0.00228	0.00912	0.00608	0.00304	0.00760
48	0.00984	0.00749	0.00910	0.00861	0.01052	0.00701	0.00648	0.01381	0.06358	0.02567	0.53557	0.05246	0.19554	0.01437	0.00800	0.00220	0.00342	0.01249	0.00725	0.00660
49	0.00880	0.00669	0.00810	0.00832	0.00982	0.00599	0.00602	0.01098	0.01643	0.02181	0.32015	0.24916	0.26869	0.01711	0.00826	0.00237	0.00351	0.01498	0.00683	0.00599
50	0.02041	0.55925	0.03164	0.01281	0.01856	0.02546	0.01206	0.20544	0.01892	0.02352	0.01141	0.01247	0.00956	0.00650	0.00506	0.00163	0.00737	0.00435	0.00400	0.00956
51	0.02192	0.01192	0.01498	0.01109	0.01680	0.00956	0.00902	0.02478	0.01671	0.35004	0.01911	0.01845	0.01332	0.00666	0.00592	0.00153	0.00542	0.00538	0.00612	0.43127
52	0.00834	0.00595	0.00794	0.00953	0.00992	0.00556	0.00635	0.00953	0.01310	0.01746	0.03771	0.75510	0.04525	0.02143	0.00873	0.00278	0.00397	0.01945	0.00635	0.00556
53	0.80789	0.01323	0.01006	0.00900	0.01323	0.01535	0.00741	0.02011	0.01164	0.03070	0.00953	0.01111	0.00741	0.00635	0.00423	0.00212	0.00529	0.00370	0.00423	0.00741
54	0.01846	0.22568	0.03527	0.02207	0.02808	0.15129	0.38054	0.02252	0.01613	0.01937	0.01205	0.01528	0.00965	0.00603	0.00671	0.00198	0.01052	0.00619	0.00333	0.00887
55	0.01365	0.01155	0.01359	0.00995	0.01551	0.00881	0.00791	0.01672	0.01480	0.02290	0.09492	0.01854	0.01656	0.00612	0.00542	0.00115	0.00485	0.00504	0.00446	0.70756
56	0.00818	0.00655	0.00733	0.00795	0.00951	0.00569	0.00565	0.00970	0.01461	0.01808	0.05690	0.33646	0.45150	0.01894	0.00834	0.00249	0.00366	0.01641	0.00635	0.00569
57	0.01829	0.76368	0.03585	0.01171	0.01756	0.02707	0.01171	0.02049	0.01390	0.01610	0.00951	0.01097	0.00878	0.00585	0.00439	0.00146	0.00732	0.00366	0.00293	0.00878
58	0.38870	0.10505	0.01877	0.06678	0.16295	0.11634	0.01232	0.02116	0.01394	0.02442	0.01054	0.01295	0.00859	0.00637	0.00522	0.00198	0.00735	0.00445	0.00373	0.00837

[dist]
# distance from previous block
# <min> <max>
0	21

[block]
# block no. 3 follows, 31 sequences, length 72
# corresponding to MSA columns:
# 229-300
name=unknown_D
#
# <colnr> <probs for GDERKNQSTAVLIFYWHMCP>
#	G	D	E	R	K	N	Q	S	T	A	V	L	I	F	Y	W	H	M	C	P
0	0.80789	0.01323	0.01006	0.00900	0.01323	0.01535	0.00741	0.02011	0.01164	0.03070	0.00953	0.01111	0.00741	0.00635	0.00423	0.00212	0.00529	0.00370	0.00423	0.00741
1	0.01677	0.01501	0.02611	0.09053	0.06596	0.01374	0.27721	0.04066	0.01598	0.08338	0.01428	0.01726	0.01081	0.00596	0.00672	0.00182	0.00829	0.00624	0.00415	0.27913
2	0.01110	0.01011	0.01403	0.01887	0.25015	0.00934	0.01058	0.01362	0.01559	0.01980	0.05009	0.04919	0.47469	0.01350	0.00764	0.00222	0.00505	0.01160	0.00534	0.00750
3	0.01616	0.01730	0.01563	0.01774	0.13589	0.25031	0.01132	0.01932	0.05596	0.01976	0.09213	0.20754	0.08875	0.01221	0.00732	0.00218	0.00744	0.01032	0.00505	0.00767
4	0.02141	0.01744	0.02280	0.02208	0.16997	0.01871	0.07622	0.38204	0.11088	0.03401	0.01763	0.04444	0.01372	0.00815	0.00702	0.00213	0.00763	0.00700	0.00579	0.01092
5	0.09379	0.05666	0.10700	0.02596	0.31065	0.06381	0.01669	0.02521	0.18684	0.02395	0.01588	0.01761	0.01251	0.00701	0.00638	0.00208	0.00765	0.00591	0.00428	0.01012
6	0.01244	0.01216	0.04040	0.02048	0.13861	0.01151	0.17579	0.01633	0.03942	0.01961	0.02294	0.26544	0.02368	0.01977	0.14430	0.00405	0.00944	0.01129	0.00456	0.00778
7	0.01447	0.02004	0.25308	0.02157	0.19396	0.01363	0.01707	0.10201	0.01669	0.02335	0.02219	0.19267	0.05850	0.01075	0.00723	0.00227	0.00747	0.00938	0.00452	0.00916
8	0.06298	0.01755	0.02000	0.15228	0.02569	0.01979	0.01385	0.53276	0.02765	0.03767	0.01527	0.01650	0.01095	0.00786	0.00671	0.00210	0.00772	0.00602	0.00600	0.01066
9	0.01399	0.01365	0.02382	0.42773	0.06298	0.01454	0.16046	0.01850	0.01437	0.01951	0.01254	0.01748	0.00964	0.00625	0.00677	0.00204	0.00884	0.00612	0.00333	0.15744
10	0.00929	0.00698	0.00859	0.00819	0.00998	0.00629	0.00614	0.01214	0.01843	0.02520	0.55287	0.05477	0.22636	0.01482	0.00807	0.00219	0.00329	0.01289	0.00724	0.00629
11	0.01372	0.03539	0.72412	0.01950	0.02961	0.01589	0.02528	0.02167	0.01444	0.02167	0.01228	0.01444	0.00867	0.00650	0.00650	0.00217	0.01011	0.00506	0.00289	0.01011
12	0.00912	0.00688	0.00842	0.00823	0.00992	0.00619	0.00610	0.01175	0.01775	0.02405	0.47393	0.11948	0.24196	0.01559	0.00813	0.00225	0.00336	0.01359	0.00710	0.00619
13	0.01605	0.01562	0.02709	0.03752	0.58629	0.01540	0.08454	0.02006	0.01563	0.02196	0.01812	0.02155	0.07504	0.00709	0.00702	0.00208	0.00803	0.00705	0.00366	0.01022
14	0.03070	0.01164	0.01588	0.01217	0.01746	0.01006	0.01006	0.03334	0.01958	0.72163	0.02699	0.02329	0.01694	0.00847	0.00688	0.00212	0.00582	0.00688	0.00847	0.01164
15	0.01419	0.01216	0.01419	0.01013	0.01621	0.00912	0.00811	0.01723	0.01419	0.02229	0.01216	0.01419	0.01013	0.00507	0.00507	0.00101	0.00507	0.00405	0.00405	0.80139
16	0.80789	0.01323	0.01006	0.00900	0.01323	0.01535	0.00741	0.02011	0.01164	0.03070	0.00953	0.01111	0.00741	0.00635	0.00423	0.00212	0.00529	0.00370	0.00423	0.00741
17	0.00809	0.00693	0.00693	0.00693	0.00924	0.00578	0.00520	0.00982	0.01559	0.01848	0.06931	0.06584	0.71411	0.01733	0.00809	0.00231	0.00347	0.01444	0.00635	0.00578
18	0.00959	0.00741	0.00903	0.00983	0.01177	0.00685	0.00818	0.01205	0.01567	0.01950	0.05236	0.07165	0.36846	0.01813	0.00878	0.00274	0.00492	0.35070	0.00633	0.00604
19	0.01745	0.01106	0.01366	0.01035	0.01540	0.00885	0.00828	0.02043	0.01651	0.19746	0.14779	0.02340	0.02207	0.00759	0.00608	0.00150	0.00491	0.00632	0.00581	0.45507
20	0.01292	0.01216	0.02052	0.74312	0.04712	0.01520	0.01900	0.01748	0.01368	0.01748	0.01216	0.01824	0.00912	0.00684	0.00684	0.00228	0.00912	0.00608	0.00304	0.00760
21	0.01545	0.02377	0.26639	0.02766	0.13402	0.01668	0.37099	0.02170	0.01550	0.02190	0.01318	0.01689	0.00988	0.00606	0.00736	0.00222	0.01056	0.00678	0.00326	0.00976
22	0.02601	0.01916	0.02053	0.01574	0.02122	0.02122	0.01300	0.69408	0.03217	0.04312	0.01643	0.01643	0.01163	0.00821	0.00684	0.00205	0.00753	0.00616	0.00684	0.01163
23	0.00968	0.00699	0.00914	0.00861	0.01022	0.00646	0.00646	0.01291	0.01937	0.02743	0.71328	0.05110	0.06455	0.01399	0.00807	0.00215	0.00323	0.01237	0.00753	0.00646
24	0.02276	0.02484	0.02238	0.02542	0.25304	0.37104	0.01577	0.14009	0.02032	0.02316	0.01235	0.01457	0.00997	0.00693	0.00649	0.00190	0.01011	0.00527	0.00405	0.00954
25	0.01396	0.03141	0.59241	0.08778	0.09776	0.01586	0.02429	0.02122	0.01448	0.02135	0.01232	0.01503	0.00892	0.00649	0.00656	0.00216	0.00983	0.00525	0.00295	0.00995
26	0.01419	0.01216	0.01419	0.01013	0.01621	0.00912	0.00811	0.01723	0.01419	0.02229	0.01216	0.01419	0.01013	0.00507	0.00507	0.00101	0.00507	0.00405	0.00405	0.80139
27	0.00950	0.00684	0.00901	0.00898	0.01036	0.00636	0.00667	0.01234	0.01800	0.02521	0.55200	0.18490	0.05965	0.01564	0.00826	0.00232	0.00352	0.04691	0.00725	0.00628
28	0.01489	0.01517	0.02806	0.02149	0.02642	0.01502	0.39332	0.02318	0.18705	0.02275	0.02182	0.15884	0.01956	0.00959	0.00792	0.00240	0.00859	0.01013	0.00488	0.00894
29	0.01702	0.01470	0.01547	0.01392	0.01779	0.01702	0.01083	0.03635	0.70453	0.02862	0.02785	0.02553	0.02088	0.00928	0.00696	0.00232	0.00541	0.00773	0.00696	0.01083
30	0.80789	0.01323	0.01006	0.00900	0.01323	0.01535	0.00741	0.02011	0.01164	0.03070	0.00953	0.01111	0.00741	0.00635	0.00423	0.00212	0.00529	0.00370	0.00423	0.00741
31	0.00827	0.00620	0.00769	0.00888	0.00975	0.00561	0.00606	0.00960	0.01372	0.01772	0.04558	0.58341	0.21186	0.02041	0.00857	0.00266	0.00384	0.01820	0.00635	0.00561
32	0.01856	0.01933	0.02619	0.03741	0.58596	0.15097	0.01953	0.02219	0.01629	0.02130	0.01244	0.01607	0.01046	0.00628	0.00666	0.00198	0.00892	0.00578	0.00341	0.01029
33	0.02372	0.00997	0.01328	0.01072	0.01474	0.00880	0.00865	0.02657	0.01902	0.48130	0.19749	0.03043	0.02885	0.00979	0.00697	0.00207	0.00492	0.00820	0.08465	0.00984
34	0.00914	0.00697	0.00839	0.00804	0.00989	0.00622	0.00603	0.01186	0.01808	0.02439	0.49404	0.05612	0.28569	0.01512	0.00807	0.00221	0.00331	0.01308	0.00713	0.00622
35	0.01829	0.76368	0.03585	0.01171	0.01756	0.02707	0.01171	0.02049	0.01390	0.01610	0.00951	0.01097	0.00878	0.00585	0.00439	0.00146	0.00732	0.00366	0.00293	0.00878
36	0.02717	0.01729	0.01937	0.01485	0.02028	0.01844	0.01227	0.52949	0.02903	0.21213	0.01906	0.01813	0.01296	0.00828	0.00685	0.00207	0.00710	0.00634	0.00725	0.01164
37	0.00884	0.00632	0.00852	0.01010	0.01072	0.00599	0.00723	0.01040	0.01360	0.01803	0.03743	0.62752	0.04414	0.02096	0.00887	0.00285	0.00441	0.14203	0.00634	0.00570
38	0.00872	0.00696	0.00781	0.00760	0.00963	0.00604	0.00570	0.01104	0.01709	0.02203	0.32456	0.06000	0.45665	0.01600	0.00808	0.00225	0.00337	0.01362	0.00682	0.00604
39	0.01419	0.01216	0.01419	0.01013	0.01621	0.00912	0.00811	0.01723	0.01419	0.02229	0.01216	0.01419	0.01013	0.00507	0.00507	0.00101	0.00507	0.00405	0.00405	0.80139
40	0.00829	0.00669	0.00738	0.00773	0.00950	0.00578	0.00560	0.01003	0.01532	0.01905	0.12026	0.23619	0.48817	0.01804	0.00825	0.00241	0.00357	0.01550	0.00646	0.00578
41	0.80789	0.01323	0.01006	0.00900	0.01323	0.01535	0.00741	0.02011	0.01164	0.03070	0.00953	0.01111	0.00741	0.00635	0.00423	0.00212	0.00529	0.00370	0.00423	0.00741
42	0.01206	0.01099	0.01815	0.60507	0.04012	0.01339	0.01662	0.01598	0.01357	0.01748	0.01697	0.15691	0.01592	0.00959	0.00720	0.00237	0.00815	0.00860	0.00366	0.00722
43	0.80789	0.01323	0.01006	0.00900	0.01323	0.01535	0.00741	0.02011	0.01164	0.03070	0.00953	0.01111	0.00741	0.00635	0.00423	0.00212	0.00529	0.00370	0.00423	0.00741
44	0.01615	0.01845	0.04037	0.02884	0.03576	0.01730	0.69204	0.02191	0.01615	0.02191	0.01384	0.01845	0.01038	0.00577	0.00807	0.00231	0.01153	0.00807	0.00346	0.00923
45	0.01292	0.01216	0.02052	0.74312	0.04712	0.01520	0.01900	0.01748	0.01368	0.01748	0.01216	0.01824	0.00912	0.00684	0.00684	0.00228	0.00912	0.00608	0.00304	0.00760
46	0.01372	0.03539	0.72412	0.01950	0.02961	0.01589	0.02528	0.02167	0.01444	0.02167	0.01228	0.01444	0.00867	0.00650	0.00650	0.00217	0.01011	0.00506	0.00289	0.01011
47	0.00834	0.00595	0.00794	0.00953	0.00992	0.00556	0.00635	0.00953	0.01310	0.01746	0.03771	0.75510	0.04525	0.02143	0.00873	0.00278	0.00397	0.01945	0.00635	0.00556
48	0.00809	0.00693	0.00693	0.00693	0.00924	0.00578	0.00520	0.00982	0.01559	0.01848	0.06931	0.06584	0.71411	0.01733	0.00809	0.00231	0.00347	0.01444	0.00635	0.00578
49	0.00809	0.00693	0.00693	0.00693	0.00924	0.00578	0.00520	0.00982	0.01559	0.01848	0.06931	0.06584	0.71411	0.01733	0.00809	0.00231	0.00347	0.01444	0.00635	0.00578
50	0.80789	0.01323	0.01006	0.00900	0.01323	0.01535	0.00741	0.02011	0.01164	0.03070	0.00953	0.01111	0.00741	0.00635	0.00423	0.00212	0.00529	0.00370	0.00423	0.00741
51	0.01829	0.76368	0.03585	0.01171	0.01756	0.02707	0.01171	0.02049	0.01390	0.01610	0.00951	0.01097	0.00878	0.00585	0.00439	0.00146	0.00732	0.00366	0.00293	0.00878
52	0.01292	0.01216	0.02052	0.74312	0.04712	0.01520	0.01900	0.01748	0.01368	0.01748	0.01216	0.01824	0.00912	0.00684	0.00684	0.00228	0.00912	0.00608	0.00304	0.00760
53	0.01615	0.01845	0.04037	0.02884	0.03576	0.01730	0.69204	0.02191	0.01615	0.02191	0.01384	0.01845	0.01038	0.00577	0.00807	0.00231	0.01153	0.00807	0.00346	0.00923
54	0.01631	0.01395	0.01486	0.01341	0.01706	0.01599	0.01041	0.03408	0.63818	0.02850	0.09422	0.02800	0.02511	0.00974	0.00707	0.00230	0.00520	0.00818	0.00702	0.01041
55	0.80789	0.01323	0.01006	0.00900	0.01323	0.01535	0.00741	0.02011	0.01164	0.03070	0.00953	0.01111	0.00741	0.00635	0.00423	0.00212	0.00529	0.00370	0.00423	0.00741
56	0.01693	0.01626	0.02777	0.04199	0.71689	0.01626	0.02100	0.02100	0.01558	0.02235	0.01287	0.01693	0.01084	0.00610	0.00677	0.00203	0.00813	0.00610	0.00339	0.01084
57	0.01702	0.01470	0.01547	0.01392	0.01779	0.01702	0.01083	0.03635	0.70453	0.02862	0.02785	0.02553	0.02088	0.00928	0.00696	0.00232	0.00541	0.00773	0.00696	0.01083
58	0.02713	0.01737	0.01942	0.01489	0.02032	0.01855	0.01230	0.53641	0.02916	0.20502	0.01895	0.01806	0.01290	0.00827	0.00685	0.00207	0.00712	0.00633	0.00723	0.01164
59	0.00824	0.00694	0.00715	0.00709	0.00934	0.00584	0.00532	0.01012	0.01596	0.01935	0.13167	0.06441	0.65121	0.01700	0.00808	0.00229	0.00344	0.01424	0.00647	0.00584
60	0.10169	0.01179	0.01535	0.01188	0.01708	0.01054	0.00981	0.03213	0.01886	0.65851	0.02540	0.02217	0.01607	0.00827	0.00664	0.00212	0.00577	0.00659	0.00808	0.01126
61	0.00819	0.00697	0.00708	0.00714	0.00942	0.00585	0.00541	0.00998	0.01560	0.01856	0.06809	0.06626	0.68921	0.01738	0.00814	0.00234	0.00357	0.03866	0.00635	0.00579
62	0.01829	0.76368	0.03585	0.01171	0.01756	0.02707	0.01171	0.02049	0.01390	0.01610	0.00951	0.01097	0.00878	0.00585	0.00439	0.00146	0.00732	0.00366	0.00293	0.00878
63	0.01564	0.01324	0.01435	0.01339	0.01672	0.01508	0.01044	0.03176	0.57467	0.02681	0.02956	0.09717	0.02490	0.01132	0.00736	0.00244	0.00537	0.07302	0.00684	0.00991
64	0.00809	0.00693	0.00693	0.00693	0.00924	0.00578	0.00520	0.00982	0.01559	0.01848	0.06931	0.06584	0.71411	0.01733	0.00809	0.00231	0.00347	0.01444	0.00635	0.00578
65	0.00818	0.00654	0.00733	0.00796	0.00951	0.00569	0.00565	0.00970	0.01460	0.01808	0.05678	0.33904	0.44900	0.01895	0.00834	0.00250	0.00367	0.01642	0.00635	0.00569
66	0.02556	0.03261	0.01939	0.01763	0.02115	0.73210	0.01322	0.02732	0.01939	0.01674	0.01058	0.01234	0.00881	0.00705	0.00617	0.00176	0.01234	0.00441	0.00353	0.00793
67	0.01615	0.01845	0.04037	0.02884	0.03576	0.01730	0.69204	0.02191	0.01615	0.02191	0.01384	0.01845	0.01038	0.00577	0.00807	0.00231	0.01153	0.00807	0.00346	0.00923
68	0.01564	0.01233	0.01905	0.48102	0.07117	0.01424	0.01616	0.08044	0.01673	0.08947	0.09946	0.02250	0.01695	0.00796	0.00699	0.00222	0.00789	0.00693	0.00448	0.00838
69	0.01445	0.04112	0.27841	0.02584	0.28039	0.01465	0.05299	0.01919	0.01409	0.02021	0.01425	0.02119	0.01261	0.14801	0.01195	0.00295	0.00872	0.00648	0.00334	0.00918
70	0.01889	0.01058	0.01323	0.01051	0.01511	0.00864	0.00831	0.02139	0.01616	0.28066	0.02664	0.13140	0.08213	0.00986	0.00655	0.00180	0.00504	0.00832	0.00624	0.31854
71	0.01800	0.01911	0.01921	0.01688	0.01868	0.18967	0.01352	0.02401	0.18549	0.01956	0.01406	0.01697	0.01191	0.01013	0.01471	0.00253	0.38699	0.00605	0.00411	0.00842

[dist]
# distance from previous block
# <min> <max>
4	26

[block]
# block no. 4 follows, 31 sequences, length 28
# corresponding to MSA columns:
# 327-354
name=unknown_E
#
# <colnr> <probs for GDERKNQSTAVLIFYWHMCP>
#	G	D	E	R	K	N	Q	S	T	A	V	L	I	F	Y	W	H	M	C	P
0	0.01076	0.00872	0.01346	0.23409	0.02228	0.01034	0.01120	0.01354	0.01169	0.01605	0.01684	0.02646	0.01563	0.12558	0.42437	0.00779	0.01406	0.00727	0.00353	0.00632
1	0.01275	0.00638	0.00638	0.00638	0.00797	0.00638	0.00478	0.01594	0.01435	0.02551	0.02232	0.02551	0.01754	0.00797	0.00478	0.00159	0.00319	0.00638	0.79755	0.00638
2	0.00809	0.00693	0.00693	0.00693	0.00924	0.00578	0.00520	0.00982	0.01559	0.01848	0.06931	0.06584	0.71411	0.01733	0.00809	0.00231	0.00347	0.01444	0.00635	0.00578
3	0.00977	0.00733	0.01100	0.01100	0.01222	0.00855	0.00855	0.01222	0.01100	0.01588	0.01833	0.02688	0.01710	0.05131	0.73245	0.01100	0.01833	0.00733	0.00367	0.00611
4	0.00968	0.00699	0.00914	0.00861	0.01022	0.00646	0.00646	0.01291	0.01937	0.02743	0.71328	0.05110	0.06455	0.01399	0.00807	0.00215	0.00323	0.01237	0.00753	0.00646
5	0.58303	0.01277	0.01174	0.00992	0.01446	0.01382	0.00817	0.02394	0.01394	0.23059	0.01458	0.01464	0.01017	0.00696	0.00500	0.00212	0.00545	0.00462	0.00546	0.00863
6	0.00893	0.00696	0.00810	0.00782	0.00976	0.00613	0.00586	0.01145	0.01759	0.02321	0.40953	0.05806	0.37094	0.01556	0.00808	0.00223	0.00334	0.01335	0.00698	0.00613
7	0.80789	0.01323	0.01006	0.00900	0.01323	0.01535	0.00741	0.02011	0.01164	0.03070	0.00953	0.01111	0.00741	0.00635	0.00423	0.00212	0.00529	0.00370	0.00423	0.00741
8	0.01369	0.01494	0.03016	0.02215	0.02766	0.01378	0.48233	0.01822	0.01598	0.02087	0.03078	0.03292	0.22525	0.00930	0.00808	0.00231	0.00907	0.01002	0.00434	0.00817
9	0.01693	0.01626	0.02777	0.04199	0.71689	0.01626	0.02100	0.02100	0.01558	0.02235	0.01287	0.01693	0.01084	0.00610	0.00677	0.00203	0.00813	0.00610	0.00339	0.01084
10	0.01346	0.01321	0.02382	0.62429	0.04523	0.01555	0.13097	0.01822	0.01409	0.01822	0.01244	0.01828	0.00933	0.00666	0.00705	0.00228	0.00952	0.00641	0.00311	0.00787
11	0.02601	0.01916	0.02053	0.01574	0.02122	0.02122	0.01300	0.69408	0.03217	0.04312	0.01643	0.01643	0.01163	0.00821	0.00684	0.00205	0.00753	0.00616	0.00684	0.01163
12	0.01702	0.01470	0.01547	0.01392	0.01779	0.01702	0.01083	0.03635	0.70453	0.02862	0.02785	0.02553	0.02088	0.00928	0.00696	0.00232	0.00541	0.00773	0.00696	0.01083
13	0.00849	0.00665	0.00769	0.00806	0.00965	0.00585	0.00581	0.01036	0.01560	0.01999	0.19040	0.27330	0.37802	0.01790	0.00828	0.00242	0.00357	0.01555	0.00659	0.00585
14	0.02926	0.01394	0.01730	0.01326	0.01861	0.01346	0.01096	0.23508	0.02342	0.51446	0.02376	0.02119	0.01532	0.00839	0.00687	0.00210	0.00634	0.00666	0.00797	0.01164
15	0.01509	0.11535	0.25893	0.14250	0.03339	0.01770	0.27879	0.02092	0.01490	0.02037	0.01252	0.01619	0.00941	0.00619	0.00690	0.00215	0.01015	0.00621	0.00314	0.00919
16	0.00829	0.00612	0.00776	0.00908	0.00980	0.00559	0.00615	0.00958	0.01353	0.01764	0.04320	0.63537	0.16144	0.02072	0.00862	0.00270	0.00388	0.01858	0.00635	0.00559
17	0.01647	0.01123	0.01311	0.01159	0.01483	0.01180	0.00902	0.02684	0.32727	0.14345	0.29112	0.03498	0.03701	0.01095	0.00737	0.00222	0.00464	0.00937	0.00743	0.00928
18	0.02030	0.02080	0.02470	0.03238	0.44952	0.19962	0.01798	0.10947	0.01869	0.02360	0.01274	0.01569	0.01042	0.00661	0.00663	0.00197	0.00912	0.00567	0.00387	0.01020
19	0.01567	0.01257	0.01367	0.01247	0.01582	0.01395	0.00961	0.02994	0.50133	0.06152	0.09102	0.08922	0.08116	0.01126	0.00728	0.00233	0.00498	0.00956	0.00699	0.00967
20	0.00862	0.00622	0.00816	0.00921	0.00996	0.00576	0.00632	0.01028	0.01457	0.01968	0.18649	0.57147	0.07859	0.01963	0.00856	0.00262	0.00379	0.01769	0.00661	0.00576
21	0.01384	0.02487	0.38889	0.01762	0.07735	0.07498	0.01763	0.01862	0.01363	0.01885	0.01487	0.02294	0.01346	0.20558	0.04554	0.00367	0.00959	0.00646	0.00335	0.00825
22	0.01765	0.05547	0.31211	0.13568	0.08869	0.23489	0.01974	0.02263	0.01591	0.01936	0.01169	0.01449	0.00897	0.00666	0.00640	0.00202	0.01036	0.00506	0.00315	0.00906
23	0.01622	0.01709	0.08051	0.03492	0.54604	0.01504	0.01919	0.02042	0.01526	0.02229	0.01270	0.01628	0.01055	0.00596	0.00647	0.00187	0.00778	0.00567	0.00346	0.14230
24	0.02025	0.08195	0.02344	0.14529	0.23761	0.33859	0.01644	0.02321	0.01684	0.01853	0.01145	0.01461	0.00948	0.00663	0.00632	0.00191	0.01012	0.00514	0.00335	0.00883
25	0.02495	0.01510	0.01978	0.02189	0.23136	0.07482	0.01373	0.02929	0.07318	0.39181	0.02133	0.02058	0.01469	0.00769	0.00679	0.00208	0.00706	0.00650	0.00637	0.01101
26	0.01457	0.01485	0.01231	0.01261	0.01448	0.22825	0.00969	0.01653	0.01585	0.01798	0.03039	0.19221	0.08832	0.07416	0.01019	0.00285	0.00745	0.22557	0.00530	0.00643
27	0.01181	0.00741	0.00894	0.00856	0.00899	0.00757	0.00539	0.06367	0.01139	0.01520	0.01820	0.03521	0.01986	0.47557	0.03014	0.24880	0.00649	0.00843	0.00400	0.00438

[dist]
# distance from previous block
# <min> <max>
0	16

[block]
# block no. 5 follows, 31 sequences, length 33
# corresponding to MSA columns:
# 371-403
name=unknown_F
#
# <colnr> <probs for GDERKNQSTAVLIFYWHMCP>
#	G	D	E	R	K	N	Q	S	T	A	V	L	I	F	Y	W	H	M	C	P
0	0.00986	0.00698	0.00924	0.00924	0.00986	0.00760	0.00637	0.01109	0.01048	0.01458	0.01993	0.03575	0.02096	0.40253	0.38650	0.00883	0.01253	0.00863	0.00390	0.00513
1	0.02147	0.01691	0.01798	0.01482	0.01949	0.01910	0.01191	0.36251	0.37111	0.03581	0.02218	0.02101	0.01630	0.00875	0.00690	0.00219	0.00646	0.00695	0.00690	0.01123
2	0.01060	0.00772	0.00839	0.00799	0.01017	0.00727	0.00605	0.03863	0.05506	0.02376	0.22936	0.04983	0.33681	0.01379	0.00732	0.00212	0.00360	0.01161	0.16335	0.00657
3	0.00822	0.00694	0.00712	0.00708	0.00933	0.00583	0.00531	0.01009	0.01592	0.01926	0.12512	0.06456	0.65782	0.01704	0.00808	0.00230	0.00344	0.01426	0.00646	0.00583
4	0.00954	0.00699	0.00895	0.00846	0.01014	0.00640	0.00635	0.01264	0.01904	0.02666	0.65740	0.05238	0.12092	0.01428	0.00807	0.00217	0.00325	0.01255	0.00743	0.00640
5	0.03029	0.01230	0.01628	0.01248	0.01779	0.01102	0.01031	0.09068	0.02067	0.66275	0.02607	0.02269	0.01648	0.00845	0.00688	0.00211	0.00597	0.00682	0.00833	0.01164
6	0.02991	0.01291	0.01666	0.01277	0.01810	0.01193	0.01055	0.14443	0.02170	0.60755	0.02521	0.02213	0.01604	0.00842	0.00687	0.00211	0.00611	0.00676	0.00819	0.01164
7	0.01552	0.01339	0.01403	0.01275	0.01635	0.01513	0.00988	0.03189	0.58870	0.02691	0.03482	0.03230	0.13744	0.01063	0.00715	0.00232	0.00509	0.00886	0.00686	0.00998
8	0.02991	0.01291	0.01666	0.01277	0.01810	0.01193	0.01055	0.14443	0.02170	0.60755	0.02521	0.02213	0.01604	0.00842	0.00687	0.00211	0.00611	0.00676	0.00819	0.01164
9	0.02601	0.01916	0.02053	0.01574	0.02122	0.02122	0.01300	0.69408	0.03217	0.04312	0.01643	0.01643	0.01163	0.00821	0.00684	0.00205	0.00753	0.00616	0.00684	0.01163
10	0.01808	0.73036	0.06735	0.01206	0.01811	0.02656	0.01233	0.02054	0.01393	0.01635	0.00964	0.01113	0.00877	0.00588	0.00449	0.00150	0.00744	0.00372	0.00292	0.00884
11	0.02758	0.01664	0.01897	0.01454	0.01996	0.01747	0.01201	0.47209	0.02794	0.27108	0.01998	0.01873	0.01342	0.00830	0.00686	0.00207	0.00695	0.00640	0.00739	0.01164
12	0.03070	0.01164	0.01588	0.01217	0.01746	0.01006	0.01006	0.03334	0.01958	0.72163	0.02699	0.02329	0.01694	0.00847	0.00688	0.00212	0.00582	0.00688	0.00847	0.01164
13	0.01419	0.01216	0.01419	0.01013	0.01621	0.00912	0.00811	0.01723	0.01419	0.02229	0.01216	0.01419	0.01013	0.00507	0.00507	0.00101	0.00507	0.00405	0.00405	0.80139
14	0.00832	0.00603	0.00786	0.00931	0.00987	0.00557	0.00626	0.00955	0.01330	0.01755	0.04028	0.69903	0.09966	0.02110	0.00868	0.00274	0.00393	0.01904	0.00635	0.00557
15	0.01615	0.01845	0.04037	0.02884	0.03576	0.01730	0.69204	0.02191	0.01615	0.02191	0.01384	0.01845	0.01038	0.00577	0.00807	0.00231	0.01153	0.00807	0.00346	0.00923
16	0.00989	0.00687	0.00867	0.00867	0.00909	0.00729	0.00566	0.01073	0.01031	0.01416	0.02045	0.03863	0.02221	0.51666	0.27408	0.00813	0.01064	0.00905	0.00398	0.00482
17	0.00834	0.00595	0.00794	0.00953	0.00992	0.00556	0.00635	0.00953	0.01310	0.01746	0.03771	0.75510	0.04525	0.02143	0.00873	0.00278	0.00397	0.01945	0.00635	0.00556
18	0.03070	0.01164	0.01588	0.01217	0.01746	0.01006	0.01006	0.03334	0.01958	0.72163	0.02699	0.02329	0.01694	0.00847	0.00688	0.00212	0.00582	0.00688	0.00847	0.01164
19	0.01419	0.01216	0.01419	0.01013	0.01621	0.00912	0.00811	0.01723	0.01419	0.02229	0.01216	0.01419	0.01013	0.00507	0.00507	0.00101	0.00507	0.00405	0.00405	0.80139
20	0.00977	0.00733	0.01100	0.01100	0.01222	0.00855	0.00855	0.01222	0.01100	0.01588	0.01833	0.02688	0.01710	0.05131	0.73245	0.01100	0.01833	0.00733	0.00367	0.00611
21	0.02151	0.01461	0.01628	0.01377	0.01820	0.01598	0.01096	0.12908	0.44810	0.19349	0.02602	0.02371	0.01864	0.00894	0.00693	0.00223	0.00581	0.00731	0.00730	0.01113
22	0.80789	0.01323	0.01006	0.00900	0.01323	0.01535	0.00741	0.02011	0.01164	0.03070	0.00953	0.01111	0.00741	0.00635	0.00423	0.00212	0.00529	0.00370	0.00423	0.00741
23	0.01796	0.00790	0.00913	0.00806	0.01073	0.00744	0.00631	0.02099	0.01587	0.22753	0.02367	0.02486	0.01736	0.00811	0.00539	0.00175	0.00395	0.00652	0.56854	0.00790
24	0.02237	0.01350	0.01563	0.01324	0.01766	0.01429	0.01053	0.03517	0.43637	0.29993	0.02751	0.02465	0.01934	0.00896	0.00693	0.00224	0.00557	0.00740	0.00755	0.01115
25	0.00880	0.00647	0.00825	0.00884	0.00994	0.00592	0.00624	0.01082	0.01576	0.02130	0.29292	0.40216	0.14107	0.01812	0.00840	0.00248	0.00363	0.01616	0.00679	0.00592
26	0.80789	0.01323	0.01006	0.00900	0.01323	0.01535	0.00741	0.02011	0.01164	0.03070	0.00953	0.01111	0.00741	0.00635	0.00423	0.00212	0.00529	0.00370	0.00423	0.00741
27	0.01372	0.03539	0.72412	0.01950	0.02961	0.01589	0.02528	0.02167	0.01444	0.02167	0.01228	0.01444	0.00867	0.00650	0.00650	0.00217	0.01011	0.00506	0.00289	0.01011
28	0.00970	0.00706	0.00997	0.01009	0.01098	0.00788	0.00740	0.01150	0.01094	0.01543	0.02062	0.09007	0.02111	0.20534	0.51946	0.00936	0.01457	0.00889	0.00399	0.00563
29	0.00942	0.00667	0.00736	0.00745	0.00802	0.00637	0.00451	0.00989	0.01145	0.01472	0.03367	0.08899	0.18792	0.54438	0.02710	0.00540	0.00574	0.01153	0.00479	0.00461
30	0.01292	0.01216	0.02052	0.74312	0.04712	0.01520	0.01900	0.01748	0.01368	0.01748	0.01216	0.01824	0.00912	0.00684	0.00684	0.00228	0.00912	0.00608	0.00304	0.00760
31	0.01829	0.76368	0.03585	0.01171	0.01756	0.02707	0.01171	0.02049	0.01390	0.01610	0.00951	0.01097	0.00878	0.00585	0.00439	0.00146	0.00732	0.00366	0.00293	0.00878
32	0.02680	0.02659	0.01866	0.01619	0.02029	0.50463	0.01246	0.08298	0.02047	0.18449	0.01491	0.01524	0.01095	0.00748	0.00639	0.00187	0.01042	0.00513	0.00496	0.00910

[dist]
# distance from previous block
# <min> <max>
0	3

[block]
# block no. 6 follows, 31 sequences, length 211
# corresponding to MSA columns:
# 407-617
name=unknown_G
#
# <colnr> <probs for GDERKNQSTAVLIFYWHMCP>
#	G	D	E	R	K	N	Q	S	T	A	V	L	I	F	Y	W	H	M	C	P
0	0.54481	0.01935	0.20222	0.01392	0.06264	0.01555	0.01306	0.02058	0.01264	0.02775	0.01048	0.01238	0.00796	0.00637	0.00500	0.00212	0.00676	0.00422	0.00382	0.00835
