[name]
atp6

[dist]
# distance from previous block
# <min> <max>
0	10

[block]
# block no. 0 follows, 101 sequences, length 15
# corresponding to MSA columns:
# 10-24
name=unknown_A
#
# <colnr> <probs for GDERKNQSTAVLIFYWHMCP>
#	G	D	E	R	K	N	Q	S	T	A	V	L	I	F	Y	W	H	M	C	P
0	0.00544	0.00471	0.00566	0.00594	0.07822	0.07487	0.02868	0.02643	0.07292	0.00768	0.02486	0.11658	0.00980	0.24917	0.17217	0.01722	0.03341	0.06150	0.00194	0.00280
1	0.01067	0.00747	0.00815	0.00637	0.00857	0.00818	0.00522	0.66093	0.12941	0.11269	0.00806	0.00776	0.00568	0.00353	0.00289	0.00088	0.00297	0.00272	0.00297	0.00486
2	0.00598	0.00513	0.00598	0.00427	0.00683	0.00384	0.00342	0.00726	0.00598	0.00940	0.00513	0.00598	0.00427	0.00214	0.00214	0.00043	0.00214	0.00171	0.00171	0.91629
3	0.00351	0.00254	0.00332	0.00394	0.00416	0.00235	0.00264	0.00402	0.00559	0.00739	0.01682	0.83619	0.07907	0.00891	0.00366	0.00116	0.00166	0.00805	0.00268	0.00235
4	0.00612	0.15553	0.72123	0.00781	0.01175	0.00746	0.03390	0.00906	0.00607	0.00876	0.00501	0.00590	0.00368	0.00269	0.00262	0.00087	0.00409	0.00207	0.00123	0.00416
5	0.00681	0.00778	0.01702	0.01215	0.01507	0.00729	0.87020	0.00924	0.00681	0.00924	0.00583	0.00778	0.00438	0.00243	0.00340	0.00097	0.00486	0.00340	0.00146	0.00389
6	0.00419	0.00280	0.00315	0.00315	0.00315	0.00280	0.00175	0.00419	0.00419	0.00559	0.00909	0.01887	0.01048	0.89866	0.01468	0.00280	0.00280	0.00419	0.00175	0.00175
7	0.00654	0.02912	0.22808	0.11409	0.09473	0.00713	0.43999	0.02840	0.00662	0.00916	0.00554	0.00720	0.00415	0.00260	0.00308	0.00094	0.00438	0.00286	0.00140	0.00398
8	0.00356	0.00299	0.00311	0.00312	0.00404	0.00258	0.00232	0.00452	0.03022	0.00814	0.08713	0.08332	0.74053	0.00723	0.00341	0.00098	0.00149	0.00609	0.00272	0.00251
9	0.00407	0.00276	0.00351	0.00385	0.00429	0.00253	0.00267	0.00469	0.00594	0.05357	0.07752	0.59500	0.15613	0.04352	0.02456	0.00125	0.00184	0.00710	0.00270	0.00250
10	0.00701	0.00551	0.00635	0.00470	0.00710	0.00467	0.00377	0.15583	0.00735	0.04575	0.00615	0.04467	0.00513	0.00272	0.00236	0.00055	0.00231	0.00219	0.00203	0.68385
11	0.00359	0.00269	0.00318	0.00352	0.00392	0.00245	0.00237	0.00408	0.00565	0.00721	0.01912	0.47162	0.29739	0.15303	0.00538	0.00137	0.00179	0.00686	0.00253	0.00228
12	0.00383	0.00276	0.00330	0.00347	0.00381	0.00260	0.00229	0.00434	0.00563	0.00745	0.14752	0.28450	0.17077	0.31804	0.02536	0.00173	0.00210	0.00587	0.00241	0.00221
13	0.00936	0.04023	0.00978	0.00761	0.02644	0.20575	0.14397	0.36192	0.07018	0.01248	0.00629	0.00686	0.00476	0.00334	0.01559	0.00088	0.00384	0.00251	0.00216	0.06604
14	0.02651	0.00278	0.00320	0.00348	0.00389	0.00258	0.00232	0.00421	0.00550	0.00720	0.01787	0.41005	0.26881	0.22090	0.00618	0.00149	0.00189	0.00646	0.00243	0.00225

[dist]
# distance from previous block
# <min> <max>
0	7

[block]
# block no. 1 follows, 101 sequences, length 25
# corresponding to MSA columns:
# 32-56
name=unknown_B
#
# <colnr> <probs for GDERKNQSTAVLIFYWHMCP>
#	G	D	E	R	K	N	Q	S	T	A	V	L	I	F	Y	W	H	M	C	P
0	0.00731	0.68918	0.01295	0.00483	0.00724	0.00970	0.00462	0.02268	0.00596	0.00744	0.00440	0.00517	0.00396	0.00316	0.03606	0.00074	0.00309	0.00165	0.00136	0.16849
1	0.00395	0.00273	0.00318	0.00334	0.00347	0.00265	0.00202	0.00414	0.00473	0.00623	0.01254	0.23986	0.08821	0.59799	0.01094	0.00223	0.00240	0.00536	0.00206	0.00196
2	0.00952	0.00689	0.00749	0.00590	0.00789	0.00746	0.00482	0.64366	0.03575	0.04972	0.10749	0.01055	0.08155	0.00408	0.00299	0.00088	0.00277	0.00322	0.00293	0.00444
3	0.00384	0.00287	0.00323	0.00329	0.00380	0.00263	0.00226	0.00438	0.00580	0.00741	0.11074	0.09605	0.35936	0.32806	0.00751	0.00166	0.00201	0.05048	0.00239	0.00222
4	0.00717	0.00619	0.00652	0.00587	0.00750	0.00717	0.00456	0.01532	0.87546	0.01206	0.01174	0.01076	0.00880	0.00391	0.00293	0.00098	0.00228	0.00326	0.00293	0.00456
5	0.01077	0.01374	0.00817	0.00743	0.00891	0.88708	0.00557	0.01151	0.00817	0.00706	0.00446	0.00520	0.00371	0.00297	0.00260	0.00074	0.00520	0.00186	0.00149	0.00334
6	0.05428	0.00476	0.00585	0.00482	0.00645	0.00457	0.00379	0.13002	0.02344	0.45035	0.03814	0.11555	0.03333	0.10600	0.00430	0.00114	0.00242	0.00373	0.00303	0.00402
7	0.00720	0.00479	0.00555	0.00512	0.00630	0.03284	0.00408	0.17473	0.05867	0.14269	0.05153	0.14481	0.03916	0.08201	0.00432	0.00121	0.00256	0.22624	0.00277	0.00344
8	0.00359	0.00269	0.00334	0.00370	0.00413	0.00246	0.00257	0.00426	0.00604	0.00791	0.12453	0.53044	0.22826	0.03249	0.02844	0.00123	0.00178	0.00707	0.00268	0.00240
9	0.00575	0.00428	0.00470	0.00431	0.00555	0.00434	0.00332	0.02837	0.28902	0.08452	0.10198	0.01945	0.35891	0.04006	0.00365	0.00104	0.00193	0.03257	0.00285	0.00340
10	0.03511	0.00619	0.00559	0.00526	0.00639	0.16106	0.00392	0.07681	0.25933	0.02696	0.01207	0.26429	0.06941	0.04975	0.00366	0.00107	0.00267	0.00455	0.00250	0.00342
11	0.01528	0.00317	0.00361	0.00373	0.00442	0.00304	0.00272	0.05970	0.02284	0.00890	0.04933	0.34368	0.26896	0.03971	0.00371	0.00108	0.00175	0.04228	0.11945	0.00263
12	0.00363	0.00277	0.00325	0.00345	0.00401	0.00248	0.00242	0.00433	0.00630	0.00814	0.17338	0.32975	0.36026	0.07705	0.00438	0.00117	0.00162	0.00652	0.00269	0.00240
13	0.37609	0.00523	0.00518	0.00446	0.00613	0.00558	0.00359	0.11612	0.07457	0.16139	0.04677	0.03344	0.10916	0.01782	0.00276	0.00095	0.00227	0.02235	0.00252	0.00361
14	0.00376	0.00277	0.00375	0.00405	0.00434	0.00260	0.03091	0.00428	0.00549	0.00728	0.04601	0.62644	0.07035	0.16710	0.00560	0.00143	0.00195	0.00709	0.00249	0.00231
15	0.23963	0.00431	0.00450	0.00407	0.00528	0.00448	0.00311	0.06973	0.04857	0.10757	0.11062	0.09289	0.14135	0.11461	0.03613	0.00130	0.00233	0.00394	0.00248	0.00311
16	0.06541	0.00400	0.00451	0.00411	0.00492	0.00419	0.00298	0.13402	0.02440	0.05921	0.02713	0.04232	0.05504	0.36861	0.11331	0.00212	0.00316	0.02672	0.05107	0.00279
17	0.00436	0.00304	0.00358	0.00363	0.00399	0.00299	0.00241	0.04189	0.00543	0.01970	0.02378	0.21159	0.13931	0.43932	0.05716	0.00210	0.00261	0.02868	0.00219	0.00224
18	0.00485	0.00357	0.00500	0.00479	0.01756	0.00353	0.05353	0.05607	0.01957	0.03628	0.16269	0.26430	0.10100	0.05107	0.13739	0.04236	0.00296	0.02826	0.00244	0.00277
19	0.01950	0.00392	0.00447	0.00408	0.00495	0.00396	0.00296	0.13889	0.03480	0.07181	0.09363	0.11263	0.15468	0.27368	0.04358	0.00166	0.00251	0.00455	0.02087	0.00289
20	0.01961	0.00308	0.00362	0.00369	0.00428	0.00302	0.00262	0.00525	0.05454	0.01832	0.09545	0.20743	0.24526	0.18492	0.10303	0.00177	0.00254	0.01949	0.01957	0.00249
21	0.03985	0.00353	0.00431	0.00422	0.00491	0.00371	0.00311	0.00660	0.11345	0.04907	0.10967	0.15064	0.09282	0.16399	0.19553	0.00211	0.01533	0.03201	0.00235	0.00279
22	0.00486	0.00416	0.03669	0.01501	0.03291	0.01964	0.05915	0.02777	0.00528	0.00748	0.00850	0.01277	0.03539	0.22224	0.40839	0.00303	0.00513	0.00334	0.08559	0.00267
23	0.00453	0.00309	0.00352	0.00362	0.00422	0.00303	0.00263	0.03897	0.02830	0.00853	0.01525	0.19550	0.19652	0.16016	0.04159	0.00143	0.00215	0.07647	0.20794	0.00253
24	0.00511	0.00440	0.00582	0.00647	0.12563	0.04381	0.05579	0.04161	0.02863	0.02084	0.01467	0.37173	0.17441	0.05859	0.02777	0.00123	0.00254	0.00565	0.00232	0.00297

[dist]
# distance from previous block
# <min> <max>
5	18

[block]
# block no. 2 follows, 101 sequences, length 22
# corresponding to MSA columns:
# 77-98
name=unknown_C
#
# <colnr> <probs for GDERKNQSTAVLIFYWHMCP>
#	G	D	E	R	K	N	Q	S	T	A	V	L	I	F	Y	W	H	M	C	P
0	0.03978	0.00873	0.00764	0.00696	0.04669	0.25932	0.00523	0.19369	0.33870	0.01165	0.01731	0.00796	0.00618	0.00351	0.00301	0.00089	0.03362	0.00263	0.00235	0.00417
1	0.06096	0.00519	0.00767	0.46583	0.01368	0.00597	0.03548	0.03196	0.06333	0.07571	0.01989	0.00908	0.03824	0.02763	0.03470	0.00111	0.04651	0.00279	0.00177	0.05248
2	0.00503	0.00276	0.00383	0.00378	0.00391	0.00277	0.00253	0.03667	0.00434	0.00576	0.00684	0.03948	0.04123	0.10399	0.01075	0.71782	0.00249	0.00302	0.00147	0.00153
3	0.05208	0.00734	0.01547	0.01114	0.01381	0.00696	0.76985	0.00887	0.00654	0.00918	0.00596	0.00835	0.00471	0.06142	0.00406	0.00109	0.00459	0.00336	0.00149	0.00371
4	0.02954	0.00504	0.00713	0.00687	0.08806	0.05722	0.15879	0.03926	0.03591	0.00871	0.04433	0.29864	0.14925	0.05296	0.00391	0.00110	0.00272	0.00523	0.00223	0.00308
5	0.00409	0.00308	0.00360	0.00367	0.00428	0.00289	0.00259	0.04501	0.02283	0.00867	0.18354	0.30679	0.27538	0.11438	0.00482	0.00124	0.00177	0.00616	0.00268	0.00253
6	0.00372	0.00280	0.00325	0.00342	0.00393	0.00255	0.00237	0.00434	0.00601	0.00774	0.13299	0.26018	0.33024	0.19274	0.00584	0.00141	0.00182	0.02981	0.00255	0.00231
7	0.00603	0.01486	0.84010	0.00818	0.01230	0.05055	0.01040	0.00925	0.00619	0.00903	0.00514	0.00604	0.00366	0.00275	0.00273	0.00090	0.00431	0.00212	0.00123	0.00422
8	0.08580	0.05850	0.04878	0.01200	0.05946	0.08401	0.00485	0.18518	0.10869	0.02222	0.00977	0.09072	0.05939	0.04560	0.02780	0.00113	0.00305	0.08716	0.00227	0.00364
9	0.00392	0.00325	0.00350	0.00376	0.00436	0.03269	0.00265	0.00489	0.04763	0.00778	0.03760	0.43999	0.35803	0.03140	0.00379	0.00111	0.00176	0.00675	0.00263	0.00251
10	0.00500	0.00390	0.00485	0.00463	0.00528	0.03739	0.00351	0.08563	0.00558	0.00762	0.00834	0.01238	0.03142	0.16327	0.60357	0.00373	0.00622	0.00326	0.00173	0.00268
11	0.01949	0.08706	0.20882	0.00678	0.06418	0.16350	0.00595	0.06767	0.01312	0.05530	0.02772	0.18745	0.04847	0.00454	0.00292	0.00091	0.00330	0.02726	0.00198	0.00358
12	0.00628	0.00470	0.00522	0.00476	0.00598	0.01298	0.00366	0.09655	0.29011	0.06807	0.14514	0.11288	0.14868	0.04814	0.00375	0.00107	0.00211	0.03350	0.00286	0.00356
13	0.00650	0.00493	0.00541	0.00479	0.00619	0.00521	0.00373	0.12089	0.33376	0.06657	0.14929	0.04599	0.22447	0.00514	0.00314	0.00095	0.00204	0.00431	0.00293	0.00375
14	0.00852	0.00499	0.00612	0.00550	0.04830	0.00492	0.00414	0.20086	0.04417	0.28755	0.05329	0.09536	0.17055	0.00549	0.03315	0.00106	0.00253	0.01660	0.00294	0.00397
15	0.22995	0.07058	0.16738	0.00808	0.02704	0.03069	0.28465	0.11021	0.00700	0.03067	0.00535	0.00637	0.00400	0.00271	0.00268	0.00089	0.00372	0.00243	0.00169	0.00390
16	0.00374	0.00274	0.00355	0.00414	0.00442	0.00262	0.00285	0.00466	0.04741	0.00766	0.01596	0.79246	0.03759	0.00870	0.00365	0.00117	0.00175	0.04977	0.00269	0.00247
17	0.00467	0.00342	0.00404	0.00394	0.00478	0.00329	0.00292	0.03454	0.09915	0.04482	0.28067	0.24853	0.24086	0.00669	0.00339	0.00100	0.00167	0.00583	0.00290	0.00290
18	0.00576	0.00442	0.04694	0.00469	0.00562	0.00431	0.00374	0.14749	0.02284	0.03274	0.04690	0.01206	0.05104	0.12471	0.30605	0.16831	0.00440	0.00324	0.00193	0.00279
19	0.00854	0.64474	0.01332	0.00589	0.04945	0.01040	0.00520	0.17758	0.00750	0.04669	0.00496	0.00542	0.00412	0.00271	0.00215	0.00069	0.00309	0.00186	0.00167	0.00403
20	0.00940	0.00987	0.00734	0.00639	0.00798	0.44582	0.00493	0.26337	0.02453	0.01064	0.03280	0.05662	0.09996	0.00401	0.00286	0.00084	0.00385	0.00299	0.00216	0.00366
21	0.00360	0.00286	0.00323	0.00327	0.00405	0.00249	0.00240	0.00445	0.00682	0.00869	0.24497	0.16179	0.52678	0.00721	0.00345	0.00099	0.00147	0.00619	0.00280	0.00249

[dist]
# distance from previous block
# <min> <max>
1	11

[block]
# block no. 3 follows, 101 sequences, length 56
# corresponding to MSA columns:
# 111-166
name=unknown_D
#
# <colnr> <probs for GDERKNQSTAVLIFYWHMCP>
#	G	D	E	R	K	N	Q	S	T	A	V	L	I	F	Y	W	H	M	C	P
0	0.00661	0.00676	0.08304	0.02620	0.24506	0.00593	0.12429	0.04371	0.12594	0.02826	0.04948	0.01551	0.06170	0.00329	0.00289	0.00084	0.00306	0.01150	0.00195	0.15399
1	0.10241	0.11641	0.08881	0.12146	0.11569	0.03687	0.16016	0.03821	0.00652	0.09337	0.01863	0.00710	0.00468	0.00333	0.02155	0.00097	0.05581	0.00250	0.00169	0.00384
2	0.64737	0.00635	0.00533	0.02585	0.00669	0.07025	0.00377	0.09903	0.00640	0.09872	0.00510	0.00553	0.00376	0.00287	0.00209	0.00088	0.00260	0.00185	0.00204	0.00350
3	0.00679	0.01930	0.24524	0.02644	0.15731	0.01973	0.37556	0.00915	0.00657	0.04797	0.00607	0.03368	0.00475	0.00279	0.00305	0.00092	0.00416	0.00295	0.00152	0.02604
4	0.00664	0.02092	0.01007	0.01328	0.55389	0.01993	0.04702	0.02317	0.00634	0.01701	0.04573	0.00907	0.01543	0.06737	0.07102	0.00131	0.06335	0.00289	0.00158	0.00396
5	0.00415	0.00297	0.00404	0.00404	0.00436	0.00327	0.00287	0.00479	0.00455	0.00639	0.02922	0.01447	0.00895	0.35795	0.53098	0.00384	0.00568	0.00356	0.00166	0.00226
6	0.00409	0.00282	0.00329	0.00329	0.00347	0.00275	0.00202	0.00440	0.00507	0.00682	0.15430	0.06701	0.06517	0.63432	0.02759	0.00232	0.00251	0.00467	0.00208	0.00200
7	0.00680	0.00561	0.00642	0.00466	0.00718	0.00468	0.00376	0.14967	0.00723	0.01084	0.00542	0.00614	0.00438	0.00235	0.00226	0.00050	0.00231	0.00185	0.00190	0.76603
8	0.00400	0.00280	0.00330	0.00342	0.00362	0.00272	0.00214	0.00439	0.01400	0.00678	0.08954	0.21200	0.08443	0.52657	0.02626	0.00214	0.00240	0.00529	0.00216	0.00206
9	0.00392	0.00291	0.00332	0.00343	0.00420	0.00254	0.00252	0.00467	0.00648	0.04112	0.10475	0.24583	0.50356	0.02316	0.00367	0.00106	0.00161	0.03598	0.00274	0.00253
10	0.00559	0.00370	0.00413	0.00376	0.00427	0.00379	0.00246	0.12203	0.02788	0.04929	0.00974	0.01681	0.04234	0.66240	0.01157	0.00229	0.00274	0.00394	0.01883	0.00244
11	0.00500	0.00357	0.00437	0.00409	0.00494	0.00353	0.00316	0.08074	0.05121	0.01765	0.54682	0.03865	0.04665	0.03233	0.00364	0.00100	0.00175	0.08907	0.05885	0.00296
12	0.00373	0.00285	0.00344	0.00355	0.00419	0.00257	0.00257	0.00471	0.01674	0.00906	0.32758	0.28236	0.30300	0.00728	0.00349	0.00101	0.00151	0.01494	0.00286	0.00254
13	0.00419	0.00280	0.00315	0.00315	0.00315	0.00280	0.00175	0.00419	0.00419	0.00559	0.00909	0.01887	0.01048	0.89866	0.01468	0.00280	0.00280	0.00419	0.00175	0.00175
14	0.00719	0.00574	0.00588	0.00521	0.00637	0.07235	0.00399	0.28831	0.09054	0.01135	0.05734	0.09278	0.02540	0.19707	0.00567	0.00136	0.01221	0.08536	0.02250	0.00340
15	0.00421	0.00280	0.00316	0.00315	0.00318	0.00279	0.00178	0.00427	0.00434	0.00584	0.03417	0.01882	0.01092	0.85909	0.01416	0.00271	0.00273	0.00420	0.01590	0.00179
16	0.00352	0.00291	0.00308	0.00306	0.00397	0.00248	0.00229	0.00434	0.00679	0.00837	0.16163	0.05268	0.72068	0.00713	0.00342	0.00097	0.00145	0.00601	0.00276	0.00248
17	0.00372	0.00263	0.00339	0.00397	0.00423	0.00249	0.00270	0.00446	0.02396	0.00771	0.01579	0.78019	0.04373	0.00850	0.00356	0.00113	0.00168	0.02519	0.05854	0.00242
18	0.04550	0.00389	0.00488	0.00448	0.00540	0.00384	0.06544	0.08983	0.04338	0.00899	0.03388	0.27523	0.24267	0.13989	0.00501	0.00128	0.00220	0.00550	0.01594	0.00278
19	0.00856	0.00662	0.00648	0.00538	0.00700	0.08633	0.00428	0.45936	0.03524	0.01388	0.00976	0.06466	0.07834	0.00407	0.00277	0.00084	0.00271	0.00320	0.19659	0.00392
20	0.01077	0.01374	0.00817	0.00743	0.00891	0.88708	0.00557	0.01151	0.00817	0.00706	0.00446	0.00520	0.00371	0.00297	0.00260	0.00074	0.00520	0.00186	0.00149	0.00334
21	0.00368	0.00266	0.00348	0.00385	0.00421	0.00246	0.00267	0.00445	0.00637	0.00865	0.27713	0.59383	0.05983	0.00801	0.00358	0.00108	0.00157	0.00720	0.00283	0.00246
22	0.00551	0.00432	0.00481	0.00421	0.00545	0.00425	0.02395	0.22695	0.00820	0.01044	0.04704	0.08642	0.48957	0.06088	0.00398	0.00107	0.00208	0.00514	0.00266	0.00306
23	0.91903	0.00558	0.00424	0.00379	0.00558	0.00647	0.00312	0.00848	0.00491	0.01294	0.00402	0.00468	0.00312	0.00268	0.00178	0.00089	0.00223	0.00156	0.00178	0.00312
24	0.00382	0.00273	0.00369	0.00436	0.00466	0.00260	0.00320	0.00454	0.00582	0.00770	0.01573	0.66593	0.01841	0.00875	0.00376	0.00121	0.00194	0.23605	0.00267	0.00243
25	0.00408	0.00298	0.00362	0.00345	0.00425	0.00266	0.00259	0.00521	0.00758	0.03285	0.56010	0.04845	0.29884	0.00638	0.00340	0.00094	0.00143	0.00552	0.00301	0.00268
26	0.00598	0.00513	0.00598	0.00427	0.00683	0.00384	0.00342	0.00726	0.00598	0.00940	0.00513	0.00598	0.00427	0.00214	0.00214	0.00043	0.00214	0.00171	0.00171	0.91629
27	0.00412	0.00309	0.00463	0.00463	0.00515	0.00360	0.00360	0.00515	0.00463	0.00669	0.00772	0.01133	0.00721	0.02163	0.88723	0.00463	0.00772	0.00309	0.00154	0.00257
28	0.01081	0.00843	0.00854	0.00667	0.00889	0.07381	0.00545	0.77692	0.04396	0.01713	0.00691	0.00693	0.00496	0.00344	0.00287	0.00086	0.00329	0.00257	0.00278	0.00478
29	0.00443	0.00304	0.00342	0.00328	0.00348	0.00298	0.00192	0.02065	0.00448	0.00606	0.00880	0.01786	0.01000	0.82695	0.01369	0.00261	0.00276	0.00401	0.00177	0.05782
30	0.00717	0.00619	0.00652	0.00587	0.00750	0.00717	0.00456	0.01532	0.87546	0.01206	0.01174	0.01076	0.00880	0.00391	0.00293	0.00098	0.00228	0.00326	0.00293	0.00456
31	0.00489	0.00345	0.00398	0.00378	0.00477	0.00323	0.00285	0.00669	0.11098	0.08639	0.25337	0.11789	0.37404	0.00638	0.00333	0.00097	0.00164	0.00546	0.00292	0.00297
32	0.00717	0.00619	0.00652	0.00587	0.00750	0.00717	0.00456	0.01532	0.87546	0.01206	0.01174	0.01076	0.00880	0.00391	0.00293	0.00098	0.00228	0.00326	0.00293	0.00456
33	0.01096	0.00808	0.00865	0.00663	0.00894	0.00894	0.00548	0.87106	0.01356	0.01817	0.00692	0.00692	0.00490	0.00346	0.00288	0.00087	0.00317	0.00260	0.00288	0.00490
34	0.00625	0.00623	0.00873	0.00750	0.00751	0.00870	0.00624	0.00689	0.00442	0.00693	0.00388	0.00643	0.00387	0.00546	0.03147	0.00135	0.87118	0.00254	0.00127	0.00314
35	0.00354	0.00260	0.00328	0.00379	0.00409	0.00239	0.00256	0.00407	0.00569	0.00744	0.03675	0.69730	0.15861	0.04828	0.00412	0.00121	0.00168	0.00761	0.00265	0.00234
36	0.00381	0.00317	0.00330	0.00323	0.00417	0.00285	0.00240	0.00514	0.07499	0.00833	0.10089	0.02535	0.68583	0.05890	0.00403	0.00107	0.00159	0.00568	0.00269	0.00259
37	0.00516	0.00439	0.00744	0.00603	0.00746	0.00400	0.24642	0.00654	0.00699	0.06263	0.21155	0.10922	0.26082	0.00560	0.00343	0.00099	0.00253	0.04322	0.00250	0.00306
38	0.00717	0.00619	0.00652	0.00587	0.00750	0.00717	0.00456	0.01532	0.87546	0.01206	0.01174	0.01076	0.00880	0.00391	0.00293	0.00098	0.00228	0.00326	0.00293	0.00456
39	0.00424	0.00290	0.00357	0.00382	0.00402	0.00288	0.00263	0.00465	0.00500	0.00661	0.01152	0.12269	0.01310	0.55852	0.01056	0.00222	0.00263	0.23428	0.00210	0.00206
40	0.02356	0.00493	0.00557	0.00487	0.00617	0.00526	0.00375	0.13783	0.28725	0.08234	0.26439	0.03970	0.02487	0.09146	0.00421	0.00111	0.00218	0.00394	0.00290	0.00371
41	0.00357	0.00260	0.00334	0.00390	0.00417	0.00241	0.00265	0.00411	0.00562	0.00738	0.01706	0.72941	0.11509	0.04840	0.00415	0.00123	0.00173	0.03821	0.00263	0.00234
42	0.06758	0.00632	0.00739	0.00570	0.00794	0.00642	0.00471	0.38547	0.01035	0.45439	0.00899	0.00825	0.00592	0.00347	0.00282	0.00088	0.00275	0.00269	0.00316	0.00480
43	0.00398	0.00286	0.00350	0.00383	0.00406	0.00283	0.00249	0.00480	0.05836	0.00705	0.01348	0.50289	0.03702	0.30757	0.03026	0.00179	0.00224	0.00637	0.00235	0.00229
44	0.07929	0.00619	0.00652	0.00556	0.00726	0.00688	0.00444	0.31381	0.32997	0.02391	0.01104	0.01200	0.08322	0.04401	0.00345	0.00103	0.00257	0.05196	0.00274	0.00416
45	0.00379	0.00291	0.00347	0.00339	0.00415	0.00259	0.00252	0.00485	0.00738	0.00985	0.50032	0.08888	0.34215	0.00665	0.00342	0.00095	0.00142	0.00576	0.00295	0.00259
46	0.00418	0.00285	0.00342	0.00342	0.00351	0.00294	0.00209	0.00437	0.00427	0.00579	0.00884	0.01749	0.00988	0.73761	0.17491	0.00313	0.00370	0.00399	0.00171	0.00190
47	0.00356	0.00285	0.00309	0.00317	0.00392	0.00247	0.00228	0.00423	0.00637	0.00788	0.10067	0.14988	0.61441	0.06207	0.00427	0.01613	0.00158	0.00613	0.00264	0.00238
48	0.77397	0.00551	0.00459	0.00408	0.00585	0.00627	0.00338	0.04702	0.00558	0.05959	0.00523	0.00676	0.00424	0.00308	0.00203	0.00092	0.00231	0.05434	0.00198	0.00327
49	0.00426	0.00320	0.00381	0.00374	0.00440	0.00310	0.00273	0.00581	0.08501	0.00938	0.37833	0.07479	0.17817	0.17024	0.00548	0.00131	0.00183	0.05903	0.00274	0.00263
50	0.00805	0.00917	0.00652	0.00613	0.00735	0.48171	0.00471	0.00971	0.09389	0.00849	0.13346	0.01372	0.06295	0.00452	0.00301	0.00089	0.00374	0.13663	0.00213	0.00321
51	0.00377	0.00289	0.00320	0.00325	0.00403	0.00252	0.00237	0.00445	0.01255	0.02222	0.09489	0.15336	0.59478	0.02189	0.00410	0.05708	0.00159	0.00600	0.00263	0.00242
52	0.00350	0.00291	0.00307	0.00310	0.00399	0.00247	0.00232	0.00428	0.00665	0.00811	0.10196	0.08055	0.73373	0.00730	0.00344	0.00099	0.00149	0.02496	0.00272	0.00246
53	0.41471	0.00459	0.00412	0.00374	0.00511	0.00510	0.00298	0.02942	0.10746	0.03806	0.02820	0.00818	0.00606	0.00319	0.00210	0.00082	0.00193	0.00232	0.32869	0.00322
54	0.03419	0.00342	0.00400	0.00367	0.00459	0.00314	0.00266	0.01681	0.00633	0.18946	0.08288	0.08103	0.28703	0.24881	0.01811	0.00151	0.00216	0.00477	0.00261	0.00283
55	0.03205	0.00788	0.08307	0.01022	0.23477	0.05504	0.15108	0.21817	0.02670	0.08587	0.00689	0.04692	0.00546	0.00354	0.01849	0.00096	0.00363	0.00292	0.00205	0.00430

[dist]
# distance from previous block
# <min> <max>
0	1

[block]
# block no. 4 follows, 101 sequences, length 61
# corresponding to MSA columns:
# 168-228
name=unknown_E
#
# <colnr> <probs for GDERKNQSTAVLIFYWHMCP>
#	G	D	E	R	K	N	Q	S	T	A	V	L	I	F	Y	W	H	M	C	P
0	0.00603	0.00590	0.00830	0.00720	0.00726	0.00817	0.00596	0.00671	0.00444	0.00691	0.00429	0.00695	0.00422	0.00715	0.12104	0.00169	0.78080	0.00260	0.00130	0.00308
1	0.46731	0.00635	0.00751	0.05266	0.34052	0.03836	0.00568	0.00887	0.03076	0.01109	0.00485	0.00596	0.00389	0.00269	0.00231	0.00088	0.00287	0.00205	0.00165	0.00373
2	0.00423	0.00300	0.00385	0.00407	0.01659	0.00290	0.01352	0.01502	0.00554	0.02093	0.06613	0.28649	0.11540	0.28121	0.06443	0.02378	0.00255	0.06573	0.00230	0.00233
3	0.00727	0.00806	0.06432	0.00980	0.16399	0.13110	0.10489	0.00850	0.00581	0.03300	0.00476	0.00663	0.00412	0.00407	0.01838	0.00110	0.41663	0.00253	0.00141	0.00363
4	0.02508	0.00329	0.00416	0.00443	0.00490	0.00339	0.00342	0.01614	0.03586	0.00767	0.01200	0.05992	0.01304	0.32800	0.07836	0.00208	0.00305	0.39057	0.00223	0.00241
5	0.01799	0.00267	0.00330	0.00373	0.00390	0.00256	0.00241	0.00416	0.00516	0.00695	0.01414	0.57869	0.04722	0.27533	0.00694	0.00165	0.00202	0.01661	0.00238	0.00218
6	0.08406	0.00910	0.03985	0.00732	0.06722	0.18809	0.00568	0.50329	0.02482	0.03386	0.00620	0.00650	0.00456	0.00322	0.00273	0.00085	0.00354	0.00236	0.00237	0.00439
7	0.00378	0.00278	0.00354	0.00408	0.00436	0.00269	0.00276	0.00478	0.06386	0.00762	0.01565	0.78589	0.03668	0.04173	0.00403	0.00121	0.00175	0.00767	0.00266	0.00247
8	0.00406	0.00275	0.00317	0.00328	0.00334	0.00271	0.00192	0.00416	0.00448	0.00595	0.01080	0.16593	0.03694	0.72424	0.01251	0.00247	0.00257	0.00492	0.00193	0.00187
9	0.00354	0.00257	0.00334	0.00393	0.00418	0.00237	0.00266	0.00410	0.00571	0.00756	0.04807	0.78539	0.08946	0.00877	0.00365	0.00115	0.00165	0.01683	0.00269	0.00237
10	0.00598	0.00513	0.00598	0.00427	0.00683	0.00384	0.00342	0.00726	0.00598	0.00940	0.00513	0.00598	0.00427	0.00214	0.00214	0.00043	0.00214	0.00171	0.00171	0.91629
11	0.29339	0.00627	0.00656	0.00525	0.00734	0.00670	0.00432	0.29954	0.06714	0.25059	0.00752	0.00725	0.00521	0.00326	0.00254	0.00088	0.00261	0.00239	0.00271	0.01853
12	0.66002	0.00791	0.00536	0.00483	0.00653	0.25760	0.00382	0.00934	0.00584	0.01126	0.00414	0.00483	0.00329	0.00276	0.00202	0.00085	0.00308	0.00165	0.00170	0.00319
13	0.00827	0.00594	0.00656	0.00569	0.00743	0.00658	0.00449	0.05857	0.64606	0.16596	0.04368	0.01080	0.00899	0.00390	0.00294	0.00095	0.00232	0.00324	0.00305	0.00457
14	0.04405	0.00749	0.00822	0.06581	0.00930	0.02697	0.00545	0.61647	0.05807	0.08512	0.00714	0.00727	0.00509	0.00347	0.00309	0.00089	0.03622	0.00260	0.00270	0.00461
15	0.00381	0.00281	0.00337	0.00370	0.00413	0.00262	0.00262	0.00438	0.00568	0.00726	0.01801	0.31626	0.26146	0.21514	0.00620	0.00152	0.00202	0.13428	0.00246	0.00228
16	0.15818	0.00461	0.00485	0.00416	0.00554	0.04271	0.00317	0.02534	0.01278	0.16576	0.16162	0.05574	0.06492	0.14043	0.00454	0.00113	0.00227	0.00351	0.00245	0.13630
17	0.00351	0.00251	0.00335	0.00402	0.00418	0.00234	0.00268	0.00402	0.00552	0.00736	0.01589	0.89678	0.01907	0.00903	0.00368	0.00117	0.00167	0.00820	0.00268	0.00234
18	0.03289	0.00462	0.00613	0.00486	0.00678	0.00413	0.00396	0.01245	0.03940	0.67676	0.16432	0.01179	0.01064	0.00397	0.00296	0.00090	0.00225	0.00329	0.00343	0.00447
19	0.00436	0.00320	0.00381	0.00366	0.00426	0.00288	0.00240	0.00479	0.00499	0.00696	0.01038	0.29251	0.01186	0.42707	0.00854	0.00178	0.00230	0.00492	0.00203	0.19729
20	0.00354	0.00262	0.00331	0.00379	0.00414	0.00239	0.00259	0.00415	0.00591	0.00776	0.08373	0.67123	0.17736	0.00848	0.00361	0.00111	0.00161	0.00758	0.00271	0.00239
21	0.00351	0.00252	0.00334	0.00399	0.00418	0.00234	0.00267	0.00402	0.00554	0.00737	0.01618	0.87798	0.03769	0.00900	0.00367	0.00117	0.00167	0.00815	0.00268	0.00234
22	0.00407	0.00295	0.00384	0.00362	0.00430	0.00272	0.00271	0.00542	0.00814	0.01150	0.86597	0.02164	0.04042	0.00592	0.00340	0.00091	0.00136	0.00523	0.00317	0.00272
23	0.00598	0.00513	0.00598	0.00427	0.00683	0.00384	0.00342	0.00726	0.00598	0.00940	0.00513	0.00598	0.00427	0.00214	0.00214	0.00043	0.00214	0.00171	0.00171	0.91629
24	0.00342	0.00289	0.00295	0.00300	0.00392	0.00243	0.00223	0.00413	0.00650	0.00776	0.02825	0.09039	0.81748	0.00743	0.00343	0.00099	0.00148	0.00624	0.00268	0.00243
25	0.00583	0.03614	0.86290	0.00814	0.01236	0.00681	0.01052	0.00912	0.00608	0.00908	0.00515	0.00605	0.00365	0.00273	0.00272	0.00091	0.00423	0.00212	0.00122	0.00425
26	0.00371	0.00279	0.00315	0.00332	0.00379	0.00254	0.00224	0.00420	0.00565	0.00715	0.04472	0.23794	0.36789	0.27444	0.00686	0.00157	0.00193	0.02148	0.00241	0.00222
27	0.00384	0.00293	0.00351	0.00338	0.00414	0.00262	0.00252	0.00495	0.00751	0.01010	0.55898	0.03351	0.32408	0.02084	0.00359	0.00096	0.00142	0.00554	0.00297	0.00260
28	0.01096	0.00808	0.00865	0.00663	0.00894	0.00894	0.00548	0.87106	0.01356	0.01817	0.00692	0.00692	0.00490	0.00346	0.00288	0.00087	0.00317	0.00260	0.00288	0.00490
29	0.00413	0.00304	0.00436	0.00436	0.00478	0.00346	0.00326	0.00497	0.00455	0.00649	0.00797	0.01271	0.00781	0.18270	0.72698	0.00430	0.00682	0.00329	0.00158	0.00242
30	0.00364	0.00289	0.00324	0.00328	0.00405	0.00253	0.00241	0.00447	0.00672	0.00853	0.21887	0.12432	0.52903	0.04469	0.00393	0.00107	0.00155	0.02959	0.00275	0.00247
31	0.00705	0.00392	0.00463	0.00403	0.00483	0.00387	0.00278	0.11074	0.00627	0.21160	0.00936	0.01532	0.00903	0.58231	0.01051	0.00212	0.00276	0.00370	0.00231	0.00286
32	0.00667	0.00637	0.01085	0.26133	0.64072	0.00673	0.00862	0.00844	0.00634	0.00885	0.00534	0.00729	0.00437	0.00266	0.00286	0.00089	0.00354	0.00257	0.00139	0.00419
33	0.00583	0.00472	0.00561	0.00418	0.00638	0.00365	0.00331	0.00712	0.00645	0.03471	0.16707	0.00897	0.00860	0.00287	0.00239	0.00053	0.00200	0.00239	0.00203	0.72120
34	0.00358	0.00281	0.00320	0.00334	0.00401	0.00247	0.00239	0.00433	0.00647	0.00823	0.16882	0.26012	0.47141	0.04067	0.00390	0.00108	0.00155	0.00644	0.00273	0.00243
35	0.01096	0.00808	0.00865	0.00663	0.00894	0.00894	0.00548	0.87106	0.01356	0.01817	0.00692	0.00692	0.00490	0.00346	0.00288	0.00087	0.00317	0.00260	0.00288	0.00490
36	0.00351	0.00251	0.00335	0.00402	0.00418	0.00234	0.00268	0.00402	0.00552	0.00736	0.01589	0.89678	0.01907	0.00903	0.00368	0.00117	0.00167	0.00820	0.00268	0.00234
37	0.28384	0.00576	0.00620	0.00487	0.00703	0.00574	0.00400	0.17574	0.00786	0.30101	0.00720	0.00704	0.00500	0.00303	0.00243	0.00081	0.00247	0.00223	0.00257	0.16517
38	0.00401	0.00292	0.00378	0.00366	0.00431	0.00269	0.00273	0.00527	0.00783	0.01095	0.74353	0.09235	0.07342	0.00627	0.00344	0.00094	0.00142	0.02471	0.00310	0.00267
39	0.00545	0.00513	0.00865	0.89173	0.01986	0.00641	0.00801	0.00737	0.00577	0.00737	0.00513	0.00769	0.00384	0.00288	0.00288	0.00096	0.00384	0.00256	0.00128	0.00320
40	0.00351	0.00251	0.00335	0.00402	0.00418	0.00234	0.00268	0.00402	0.00552	0.00736	0.01589	0.89678	0.01907	0.00903	0.00368	0.00117	0.00167	0.00820	0.00268	0.00234
41	0.00419	0.00280	0.00315	0.00315	0.00315	0.00280	0.00175	0.00419	0.00419	0.00559	0.00909	0.01887	0.01048	0.89866	0.01468	0.00280	0.00280	0.00419	0.00175	0.00175
42	0.01023	0.00433	0.00567	0.00455	0.00639	0.00374	0.00369	0.01128	0.00789	0.62959	0.08389	0.01452	0.19225	0.00454	0.00305	0.00091	0.00216	0.00375	0.00335	0.00421
43	0.01077	0.01374	0.00817	0.00743	0.00891	0.88708	0.00557	0.01151	0.00817	0.00706	0.00446	0.00520	0.00371	0.00297	0.00260	0.00074	0.00520	0.00186	0.00149	0.00334
44	0.00424	0.00306	0.00416	0.00478	0.00532	0.00298	0.00392	0.00529	0.00632	0.00821	0.01638	0.27867	0.07520	0.00823	0.00386	0.00126	0.00229	0.56061	0.00266	0.00255
45	0.00461	0.00329	0.00459	0.00520	0.00586	0.00328	0.00452	0.00594	0.00674	0.00883	0.07323	0.03179	0.01731	0.00783	0.00394	0.00130	0.00257	0.80383	0.00269	0.00266
46	0.01286	0.00503	0.00676	0.00519	0.00742	0.00441	0.00428	0.04592	0.00845	0.85053	0.01121	0.00971	0.00705	0.00357	0.00290	0.00089	0.00248	0.00289	0.00354	0.00491
47	0.91903	0.00558	0.00424	0.00379	0.00558	0.00647	0.00312	0.00848	0.00491	0.01294	0.00402	0.00468	0.00312	0.00268	0.00178	0.00089	0.00223	0.00156	0.00178	0.00312
48	0.00631	0.00631	0.00883	0.00757	0.00757	0.00883	0.00631	0.00694	0.00442	0.00694	0.00379	0.00631	0.00379	0.00505	0.00946	0.00126	0.89338	0.00252	0.00126	0.00315
49	0.00756	0.00624	0.00660	0.00582	0.00749	0.00715	0.00456	0.09959	0.74755	0.02405	0.01117	0.01037	0.00834	0.00384	0.00290	0.00095	0.00234	0.00317	0.03579	0.00453
50	0.00351	0.00251	0.00335	0.00402	0.00418	0.00234	0.00268	0.00402	0.00552	0.00736	0.01589	0.89678	0.01907	0.00903	0.00368	0.00117	0.00167	0.00820	0.00268	0.00234
51	0.00351	0.00251	0.00335	0.00402	0.00418	0.00234	0.00268	0.00402	0.00552	0.00736	0.01589	0.89678	0.01907	0.00903	0.00368	0.00117	0.00167	0.00820	0.00268	0.00234
52	0.00708	0.00681	0.01151	0.01702	0.82209	0.00698	0.00868	0.00872	0.00642	0.00925	0.00531	0.00708	0.00452	0.00274	0.00330	0.00088	0.06314	0.00257	0.00142	0.00447
53	0.00426	0.00316	0.00400	0.00375	0.00451	0.00301	0.00282	0.00606	0.06630	0.01146	0.78935	0.02105	0.05766	0.00581	0.00337	0.00091	0.00143	0.00512	0.00314	0.00283
54	0.00341	0.00292	0.00292	0.00292	0.00389	0.00243	0.00219	0.00414	0.00657	0.00779	0.02921	0.02775	0.87950	0.00730	0.00341	0.00097	0.00146	0.00609	0.00268	0.00243
55	0.01024	0.00431	0.00578	0.00466	0.00642	0.00376	0.00376	0.01137	0.00807	0.62159	0.20340	0.03884	0.05592	0.00443	0.00306	0.00091	0.00214	0.00372	0.00341	0.00423
56	0.84219	0.00552	0.00445	0.00391	0.00573	0.00628	0.00322	0.00895	0.00519	0.08669	0.00464	0.00512	0.00346	0.00275	0.00188	0.00089	0.00225	0.00167	0.00194	0.00327
57	0.00419	0.00280	0.00316	0.00315	0.00317	0.00279	0.00176	0.00422	0.00426	0.00570	0.02449	0.01892	0.01078	0.88286	0.01448	0.00276	0.00277	0.00421	0.00177	0.00176
58	0.02042	0.00548	0.00688	0.00534	0.00745	0.00522	0.00439	0.21166	0.00944	0.59999	0.08419	0.01009	0.00829	0.00373	0.00293	0.00089	0.00252	0.00301	0.00336	0.00470
59	0.00487	0.00252	0.00369	0.00373	0.00374	0.00252	0.00246	0.00380	0.00388	0.00518	0.00587	0.05750	0.00614	0.06959	0.01109	0.80531	0.00248	0.00293	0.00136	0.00134
60	0.01014	0.00661	0.00738	0.00623	0.03927	0.03812	0.00485	0.33700	0.17886	0.26529	0.01050	0.00985	0.06494	0.00379	0.00292	0.00090	0.00276	0.00302	0.00298	0.00461

[dist]
# distance from previous block
# <min> <max>
8	12

[block]
# block no. 5 follows, 101 sequences, length 41
# corresponding to MSA columns:
# 243-283
name=unknown_F
#
# <colnr> <probs for GDERKNQSTAVLIFYWHMCP>
#	G	D	E	R	K	N	Q	S	T	A	V	L	I	F	Y	W	H	M	C	P
0	0.00600	0.00368	0.00455	0.00426	0.00498	0.00369	0.00303	0.10029	0.00620	0.12975	0.01060	0.23326	0.01096	0.31138	0.13763	0.00215	0.00323	0.00463	0.00233	0.01740
1	0.00373	0.00285	0.00334	0.00345	0.00407	0.00256	0.00249	0.00452	0.00649	0.00842	0.22905	0.20737	0.36361	0.10040	0.00467	0.00121	0.00167	0.04500	0.00270	0.00242
2	0.10866	0.00440	0.00544	0.00454	0.00612	0.00412	0.00359	0.04019	0.00738	0.47267	0.09766	0.09418	0.04038	0.08097	0.00394	0.00109	0.00227	0.01549	0.00303	0.00387
3	0.00576	0.00552	0.00807	0.00690	0.00715	0.00715	0.07490	0.00642	0.00467	0.00694	0.00587	0.08470	0.00626	0.15420	0.00935	0.00149	0.59694	0.00336	0.00148	0.00291
4	0.00386	0.00287	0.00343	0.00348	0.00404	0.00270	0.00245	0.00455	0.00593	0.01544	0.14900	0.15681	0.31857	0.19328	0.11891	0.00184	0.00256	0.00548	0.00242	0.00236
5	0.00370	0.00283	0.00329	0.00336	0.00400	0.00253	0.00240	0.00449	0.00658	0.00856	0.26614	0.20012	0.37726	0.09614	0.00458	0.00118	0.00161	0.00607	0.00273	0.00243
6	0.00598	0.00513	0.00598	0.00427	0.00683	0.00384	0.00342	0.00726	0.00598	0.00940	0.00513	0.00598	0.00427	0.00214	0.00214	0.00043	0.00214	0.00171	0.00171	0.91629
7	0.00364	0.00260	0.00348	0.00408	0.00432	0.00244	0.00282	0.00427	0.00581	0.00778	0.08382	0.76658	0.01954	0.00871	0.00368	0.00116	0.00172	0.06845	0.00271	0.00239
8	0.03867	0.00329	0.00393	0.00376	0.00463	0.00300	0.00272	0.00638	0.00629	0.18395	0.07337	0.24381	0.24431	0.15168	0.00513	0.00129	0.00195	0.00542	0.01356	0.00284
9	0.00462	0.00317	0.00384	0.00371	0.00458	0.00288	0.00282	0.00587	0.03498	0.07831	0.36497	0.12297	0.30117	0.00657	0.00341	0.00098	0.00161	0.04777	0.00295	0.00281
10	0.00356	0.00262	0.00326	0.00374	0.00405	0.00240	0.00252	0.00408	0.00567	0.00739	0.03645	0.64900	0.17674	0.07869	0.00449	0.00126	0.00172	0.00743	0.00261	0.00232
11	0.00408	0.00303	0.00376	0.00370	0.00437	0.00284	0.00276	0.00541	0.03677	0.01002	0.52481	0.09164	0.15975	0.07010	0.00425	0.00110	0.00162	0.06443	0.00291	0.00263
12	0.00461	0.00308	0.00359	0.00351	0.00441	0.00269	0.00260	0.00547	0.00657	0.08347	0.12122	0.23988	0.37835	0.00668	0.00326	0.00096	0.00161	0.00575	0.07457	0.04770
13	0.00357	0.00255	0.00338	0.00397	0.00417	0.00238	0.00266	0.00412	0.00567	0.00761	0.07521	0.81635	0.01944	0.02921	0.00391	0.00119	0.00168	0.00790	0.00269	0.00235
14	0.00448	0.00323	0.00385	0.00383	0.00428	0.00324	0.00270	0.00579	0.08507	0.00823	0.23439	0.02110	0.04165	0.42924	0.00879	0.00187	0.00232	0.13114	0.00238	0.00241
15	0.70633	0.00512	0.00422	0.00382	0.00541	0.00578	0.00308	0.03854	0.00560	0.01235	0.06698	0.05170	0.07463	0.00360	0.00216	0.00091	0.00212	0.00253	0.00203	0.00307
16	0.00351	0.00252	0.00333	0.00398	0.00417	0.00235	0.00266	0.00402	0.00556	0.00738	0.01637	0.86571	0.04983	0.00897	0.00367	0.00116	0.00167	0.00812	0.00268	0.00235
17	0.00578	0.01492	0.88372	0.00822	0.01248	0.00670	0.01065	0.00913	0.00609	0.00913	0.00517	0.00609	0.00365	0.00274	0.00274	0.00091	0.00426	0.00213	0.00122	0.00426
18	0.00382	0.00290	0.00354	0.00394	0.00439	0.00276	0.00273	0.00500	0.07431	0.00799	0.06029	0.62188	0.16655	0.02088	0.00372	0.00113	0.00169	0.00724	0.00271	0.00254
19	0.48395	0.00530	0.00544	0.00446	0.00646	0.00546	0.00368	0.02332	0.00659	0.41826	0.00749	0.00711	0.00502	0.00310	0.00232	0.00089	0.00235	0.00220	0.00263	0.00398
20	0.00403	0.00295	0.00379	0.00358	0.00428	0.00270	0.00268	0.00535	0.00805	0.01130	0.82059	0.02197	0.08593	0.00599	0.00340	0.00091	0.00137	0.00527	0.00314	0.00270
21	0.01230	0.00480	0.00642	0.00497	0.00708	0.00421	0.00409	0.03127	0.00819	0.79607	0.01113	0.00983	0.00711	0.00355	0.00283	0.00087	0.00238	0.00288	0.07529	0.00473
22	0.00356	0.00263	0.00333	0.00381	0.00415	0.00241	0.00261	0.00417	0.00589	0.00772	0.07888	0.65595	0.16904	0.02254	0.00379	0.00115	0.00165	0.02165	0.00270	0.00238
23	0.00342	0.00289	0.00295	0.00300	0.00391	0.00243	0.00222	0.00413	0.00650	0.00776	0.02829	0.08762	0.82022	0.00742	0.00343	0.00099	0.00148	0.00623	0.00268	0.00243
24	0.00681	0.00778	0.01702	0.01215	0.01507	0.00729	0.87020	0.00924	0.00681	0.00924	0.00583	0.00778	0.00438	0.00243	0.00340	0.00097	0.00486	0.00340	0.00146	0.00389
25	0.02621	0.00508	0.00663	0.00520	0.00735	0.00465	0.00426	0.01413	0.11948	0.75751	0.01131	0.00986	0.00729	0.00360	0.00289	0.00090	0.00243	0.00293	0.00346	0.00484
26	0.00413	0.00305	0.00444	0.00444	0.00489	0.00350	0.00337	0.00503	0.00458	0.00655	0.00790	0.01229	0.00763	0.13389	0.77554	0.00440	0.00709	0.00323	0.00157	0.00247
27	0.00408	0.00295	0.00385	0.00363	0.00431	0.00272	0.00272	0.00544	0.00816	0.01156	0.87915	0.02154	0.02721	0.00590	0.00340	0.00091	0.00136	0.00521	0.00317	0.00272
28	0.00419	0.00280	0.00315	0.00315	0.00315	0.00280	0.00175	0.00419	0.00419	0.00559	0.00909	0.01887	0.01048	0.89866	0.01468	0.00280	0.00280	0.00419	0.00175	0.00175
29	0.00699	0.00583	0.00618	0.00546	0.00704	0.00654	0.00427	0.12286	0.60414	0.01225	0.05912	0.01309	0.12484	0.00441	0.00302	0.00096	0.00224	0.00365	0.00291	0.00423
30	0.00382	0.00320	0.00336	0.00329	0.00427	0.00288	0.00247	0.00527	0.08322	0.00860	0.12831	0.04544	0.68191	0.00688	0.00337	0.00097	0.00153	0.00578	0.00276	0.00265
31	0.00351	0.00251	0.00335	0.00402	0.00418	0.00234	0.00268	0.00402	0.00552	0.00736	0.01589	0.89678	0.01907	0.00903	0.00368	0.00117	0.00167	0.00820	0.00268	0.00234
32	0.00756	0.00606	0.00641	0.00549	0.00719	0.00669	0.00435	0.25159	0.45265	0.02449	0.01383	0.01302	0.17914	0.00445	0.00301	0.00094	0.00237	0.00363	0.00288	0.00424
33	0.00595	0.00304	0.00314	0.00298	0.00379	0.00306	0.00227	0.04960	0.00650	0.04553	0.00936	0.01053	0.00726	0.00337	0.00209	0.00069	0.00148	0.00269	0.83379	0.00288
34	0.00364	0.00297	0.00327	0.00344	0.00430	0.00259	0.00268	0.00447	0.00651	0.00791	0.02573	0.08850	0.66175	0.00754	0.00353	0.00105	0.00169	0.16328	0.00267	0.00247
35	0.00412	0.00309	0.00463	0.00463	0.00515	0.00360	0.00360	0.00515	0.00463	0.00669	0.00772	0.01133	0.00721	0.02163	0.88723	0.00463	0.00772	0.00309	0.00154	0.00257
36	0.00345	0.00278	0.00307	0.00331	0.00400	0.00240	0.00236	0.00409	0.00620	0.00764	0.02449	0.33577	0.57453	0.00792	0.00350	0.00104	0.00154	0.00683	0.00268	0.00240
37	0.02121	0.08285	0.00943	0.00758	0.00928	0.71818	0.07946	0.02477	0.00792	0.00747	0.00457	0.00540	0.00378	0.00289	0.00260	0.00076	0.00494	0.00197	0.00149	0.00344
38	0.00806	0.75535	0.04451	0.00527	0.00778	0.01093	0.00520	0.11905	0.00685	0.00832	0.00442	0.00497	0.00385	0.00260	0.00201	0.00066	0.00314	0.00170	0.00144	0.00387
39	0.10390	0.00566	0.00685	0.00531	0.00750	0.00551	0.00439	0.20677	0.00911	0.58831	0.02100	0.00880	0.00649	0.00349	0.00279	0.00089	0.00258	0.00273	0.00323	0.00470
40	0.00436	0.00434	0.08105	0.00393	0.00508	0.00338	0.00328	0.07875	0.00678	0.00862	0.03721	0.17623	0.49170	0.07703	0.00424	0.00114	0.00199	0.00565	0.00250	0.00274

[dist]
# distance from previous block
# <min> <max>
0	4

# created by:
# /share/home/app/bin/augustus-3.3.1/scripts/msa2prfl.pl /dev/shm/tmp/ogap_db/mt-Sar/msas/atp6.aln --setname=atp6
