[name]
atp8

[dist]
# distance from previous block
# <min> <max>
0	0

[block]
# block no. 0 follows, 82 sequences, length 53
# corresponding to MSA columns:
# 0-52
name=unknown_A
#
# <colnr> <probs for GDERKNQSTAVLIFYWHMCP>
#	G	D	E	R	K	N	Q	S	T	A	V	L	I	F	Y	W	H	M	C	P
0	0.00551	0.00394	0.00551	0.00630	0.00709	0.00394	0.00551	0.00709	0.00787	0.01024	0.01811	0.03859	0.01969	0.00945	0.00472	0.00157	0.00315	0.83542	0.00315	0.00315
1	0.00709	0.00608	0.00709	0.00507	0.00811	0.00456	0.00405	0.00861	0.00709	0.01115	0.00608	0.00709	0.00507	0.00253	0.00253	0.00051	0.00253	0.00203	0.00203	0.90069
2	0.00807	0.00923	0.02018	0.01442	0.01788	0.00865	0.84602	0.01096	0.00807	0.01096	0.00692	0.00923	0.00519	0.00288	0.00404	0.00115	0.00577	0.00404	0.00173	0.00461
3	0.00497	0.00332	0.00373	0.00373	0.00373	0.00332	0.00207	0.00497	0.00497	0.00663	0.01078	0.02239	0.01244	0.87978	0.01741	0.00332	0.00332	0.00497	0.00207	0.00207
4	0.00915	0.88184	0.01793	0.00585	0.00878	0.01354	0.00585	0.01024	0.00695	0.00805	0.00476	0.00549	0.00439	0.00293	0.00219	0.00073	0.00366	0.00183	0.00146	0.00439
5	0.00652	0.00612	0.00926	0.00878	0.10843	0.00612	0.17536	0.01646	0.19353	0.01096	0.01881	0.10109	0.29367	0.00605	0.00402	0.00117	0.02135	0.00547	0.00274	0.00412
6	0.00508	0.00369	0.00440	0.00461	0.00519	0.00357	0.00329	0.05267	0.00721	0.00939	0.04876	0.27976	0.18460	0.24276	0.00779	0.00186	0.00255	0.12705	0.00291	0.00285
7	0.01022	0.00777	0.00838	0.00711	0.00930	0.00872	0.00565	0.22327	0.57114	0.09055	0.01247	0.01154	0.00912	0.00447	0.00346	0.00112	0.00299	0.00363	0.00353	0.00555
8	0.00479	0.00329	0.00373	0.00383	0.00397	0.00321	0.00226	0.00494	0.00545	0.00714	0.01414	0.12474	0.09868	0.68914	0.01452	0.00287	0.00300	0.00576	0.00231	0.00224
9	0.09213	0.00482	0.00477	0.00454	0.00507	0.05501	0.00298	0.06028	0.00614	0.00869	0.00983	0.04344	0.01070	0.59640	0.07915	0.00292	0.00386	0.00443	0.00216	0.00268
10	0.01212	0.01347	0.00928	0.00812	0.01014	0.59014	0.00621	0.09774	0.08574	0.05652	0.00686	0.00733	0.00536	0.00365	0.00313	0.00090	0.00516	0.00249	0.00224	0.07341
11	0.00776	0.00878	0.01890	0.01357	0.01686	0.00821	0.78110	0.01049	0.00805	0.01083	0.00906	0.01105	0.07076	0.00333	0.00404	0.00115	0.00546	0.00428	0.00184	0.00448
12	0.00564	0.00431	0.00512	0.00470	0.00581	0.00424	0.00359	0.05706	0.10958	0.01358	0.58397	0.02412	0.15149	0.00679	0.00393	0.00109	0.00189	0.00588	0.00362	0.00359
13	0.00724	0.00532	0.00549	0.00496	0.00572	0.05140	0.00337	0.17325	0.00775	0.03576	0.01107	0.07366	0.02892	0.55753	0.01231	0.00249	0.00343	0.00475	0.00248	0.00310
14	0.09259	0.00403	0.00502	0.00477	0.00527	0.00427	0.00335	0.06010	0.05525	0.00839	0.00681	0.01083	0.00647	0.07516	0.01137	0.63616	0.00300	0.00307	0.00183	0.00225
15	0.00484	0.00341	0.00424	0.00468	0.00499	0.00334	0.00309	0.01511	0.05202	0.01966	0.01643	0.60157	0.01911	0.22196	0.00747	0.00184	0.00238	0.00810	0.00294	0.00282
16	0.03031	0.00412	0.00470	0.00482	0.00571	0.00410	0.00350	0.03106	0.13978	0.01074	0.09838	0.40448	0.22836	0.00851	0.00403	0.00125	0.00207	0.00745	0.00326	0.00337
17	0.00574	0.00429	0.00484	0.00473	0.00550	0.01561	0.00334	0.12231	0.00813	0.01067	0.10740	0.30873	0.17118	0.20336	0.00704	0.00169	0.00250	0.00680	0.00301	0.00313
18	0.00629	0.00446	0.00487	0.00446	0.00551	0.00433	0.00321	0.13750	0.00824	0.05184	0.02099	0.08778	0.36146	0.27457	0.00803	0.00181	0.00261	0.00589	0.00293	0.00323
19	0.00474	0.00331	0.00404	0.00412	0.00444	0.00316	0.00268	0.00539	0.00685	0.00936	0.27841	0.20380	0.04142	0.40163	0.01014	0.00215	0.00246	0.00641	0.00286	0.00260
20	0.00578	0.00366	0.00427	0.00427	0.00472	0.00366	0.00280	0.00685	0.06044	0.05645	0.01306	0.17842	0.02941	0.45658	0.04679	0.00244	0.00302	0.00547	0.10909	0.00282
21	0.05843	0.00977	0.00759	0.00677	0.00837	0.34482	0.00510	0.11578	0.03289	0.10954	0.01066	0.11775	0.05436	0.09728	0.00485	0.00127	0.00415	0.00397	0.00261	0.00404
22	0.00486	0.00328	0.00381	0.00391	0.00396	0.00327	0.00228	0.00497	0.00520	0.00695	0.01182	0.13670	0.01370	0.74188	0.03703	0.00311	0.00329	0.00558	0.00221	0.00219
23	0.00489	0.00365	0.00540	0.00540	0.00598	0.00422	0.00416	0.00605	0.00547	0.00787	0.00925	0.01392	0.00876	0.07182	0.82035	0.00538	0.00885	0.00374	0.00185	0.00300
24	0.00515	0.00362	0.00437	0.00449	0.00484	0.00362	0.00296	0.05462	0.00655	0.00879	0.05993	0.30370	0.03817	0.40495	0.06571	0.00249	0.00314	0.01760	0.00264	0.00269
25	0.00509	0.00426	0.00433	0.00433	0.00503	0.05878	0.00303	0.00593	0.01843	0.00898	0.12409	0.13049	0.30428	0.24295	0.05421	0.00198	0.00289	0.01532	0.00279	0.00281
26	0.00683	0.00626	0.00559	0.00511	0.00636	0.14636	0.00384	0.08258	0.03056	0.02196	0.24956	0.02269	0.31764	0.07385	0.00483	0.00124	0.00278	0.00543	0.00306	0.00346
27	0.00567	0.00447	0.00511	0.00502	0.00606	0.00453	0.00371	0.05120	0.19146	0.01168	0.18319	0.29313	0.20572	0.00788	0.00399	0.00121	0.00210	0.00687	0.00337	0.00362
28	0.06854	0.00652	0.00935	0.28576	0.18378	0.06187	0.04232	0.00864	0.00681	0.00947	0.00766	0.06131	0.00700	0.06703	0.15759	0.00203	0.00506	0.00358	0.00181	0.00385
29	0.06335	0.00449	0.00485	0.00465	0.00531	0.03226	0.00323	0.07065	0.00654	0.00913	0.01248	0.07383	0.09105	0.40569	0.18301	0.00299	0.00431	0.00477	0.01455	0.00286
30	0.00630	0.00447	0.00491	0.00497	0.00568	0.05903	0.00362	0.00703	0.00693	0.09008	0.01642	0.18371	0.11854	0.28262	0.03627	0.00207	0.00318	0.15834	0.00279	0.00302
31	0.00420	0.00308	0.00395	0.00456	0.00493	0.00283	0.00311	0.00491	0.00695	0.00918	0.08533	0.70555	0.12850	0.01017	0.00430	0.00134	0.00192	0.00914	0.00322	0.00283
32	0.00656	0.00550	0.00651	0.00497	0.00749	0.00424	0.00388	0.00797	0.00723	0.01105	0.07313	0.11578	0.00932	0.00389	0.00287	0.00066	0.00239	0.00330	0.00230	0.72096
33	0.02107	0.05731	0.03137	0.00926	0.15546	0.07384	0.02397	0.24812	0.03573	0.01383	0.12084	0.01090	0.00943	0.00660	0.10553	0.00151	0.00429	0.00336	0.00255	0.06503
34	0.00524	0.00339	0.00409	0.00430	0.00496	0.00308	0.00299	0.00598	0.00706	0.07458	0.04484	0.41670	0.23506	0.11212	0.00563	0.00149	0.00212	0.00755	0.05583	0.00299
35	0.03677	0.00609	0.00694	0.00564	0.00775	0.05568	0.00454	0.08296	0.00968	0.48017	0.06178	0.01404	0.09941	0.00475	0.00336	0.00103	0.00282	0.00382	0.10791	0.00489
36	0.00765	0.00646	0.08882	0.07330	0.06330	0.00575	0.00551	0.12121	0.02568	0.09815	0.04587	0.01551	0.05931	0.25879	0.10788	0.00223	0.00415	0.00406	0.00249	0.00388
37	0.09730	0.00877	0.00778	0.00656	0.00855	0.17174	0.00520	0.32055	0.06095	0.03116	0.09878	0.01363	0.14482	0.00496	0.00340	0.00104	0.00349	0.00383	0.00299	0.00450
38	0.00500	0.00478	0.05626	0.00723	0.10714	0.00399	0.03981	0.00612	0.00703	0.00943	0.04133	0.56963	0.11152	0.00871	0.00413	0.00128	0.00253	0.00790	0.00285	0.00333
39	0.00847	0.00813	0.01388	0.02100	0.85844	0.00813	0.01050	0.01050	0.00779	0.01118	0.00643	0.00847	0.00542	0.00305	0.00339	0.00102	0.00406	0.00305	0.00169	0.00542
40	0.00898	0.00607	0.00686	0.00588	0.00743	0.00643	0.00448	0.25264	0.14064	0.11632	0.01292	0.08146	0.06467	0.21043	0.05756	0.00188	0.00344	0.00450	0.00309	0.00430
41	0.00646	0.00608	0.01026	0.87156	0.02356	0.00760	0.00950	0.00874	0.00684	0.00874	0.00608	0.00912	0.00456	0.00342	0.00342	0.00114	0.00456	0.00304	0.00152	0.00380
42	0.00949	0.00854	0.01035	0.01155	0.27517	0.13761	0.05231	0.15867	0.03303	0.06709	0.04624	0.01224	0.10488	0.00547	0.05096	0.00128	0.00422	0.00367	0.00249	0.00474
43	0.00844	0.00821	0.01437	0.02049	0.79374	0.00817	0.07481	0.01053	0.00781	0.01116	0.00647	0.00852	0.00540	0.00304	0.00344	0.00103	0.00419	0.00312	0.00170	0.00536
44	0.00771	0.00790	0.00917	0.01130	0.29381	0.17109	0.00673	0.00896	0.00769	0.00971	0.06117	0.11676	0.11440	0.02678	0.03093	0.00130	0.10390	0.00445	0.00218	0.00404
45	0.00508	0.00513	0.05269	0.00488	0.00593	0.06965	0.00380	0.00609	0.00754	0.00949	0.09336	0.37684	0.30512	0.00850	0.00402	0.00120	0.00238	0.00737	0.00299	0.02794
46	0.00768	0.00837	0.07565	0.11205	0.26606	0.11249	0.06157	0.00972	0.03140	0.03187	0.06832	0.04818	0.14276	0.00469	0.00357	0.00107	0.00388	0.00414	0.00221	0.00433
47	0.00602	0.00473	0.00626	0.00738	0.14614	0.00478	0.00443	0.05030	0.07663	0.01033	0.12693	0.20056	0.05604	0.25594	0.02682	0.00188	0.00295	0.00572	0.00270	0.00346
48	0.06046	0.10252	0.05690	0.00749	0.07229	0.05089	0.00584	0.07730	0.31464	0.06106	0.02639	0.01322	0.12747	0.00466	0.00330	0.00106	0.00315	0.00373	0.00285	0.00478
49	0.03973	0.03086	0.07490	0.00710	0.00914	0.20461	0.04083	0.16107	0.09051	0.03456	0.10818	0.05556	0.08007	0.04286	0.00406	0.00114	0.00382	0.00400	0.00270	0.00428
50	0.03122	0.11951	0.13196	0.01019	0.19656	0.07677	0.04384	0.04712	0.08268	0.05371	0.04772	0.03509	0.00809	0.09551	0.00473	0.00126	0.00392	0.00340	0.00219	0.00455
51	0.03247	0.00873	0.05293	0.00956	0.16350	0.10455	0.00667	0.22707	0.03708	0.07888	0.00933	0.06981	0.03095	0.07188	0.00498	0.00124	0.05980	0.00366	0.00257	0.02433
52	0.04357	0.04136	0.02111	0.20263	0.17533	0.06049	0.01600	0.09678	0.02473	0.07685	0.05700	0.01348	0.14743	0.00453	0.00344	0.00106	0.00361	0.00381	0.00243	0.00438

[dist]
# distance from previous block
# <min> <max>
0	88

# created by:
# /share/home/app/bin/augustus-3.3.1/scripts/msa2prfl.pl /dev/shm/tmp/ogap_db/mt-Sar/msas/atp8.aln --setname=atp8
