[name]
atp9

[dist]
# distance from previous block
# <min> <max>
0	4

[block]
# block no. 0 follows, 110 sequences, length 74
# corresponding to MSA columns:
# 4-77
name=unknown_A
#
# <colnr> <probs for GDERKNQSTAVLIFYWHMCP>
#	G	D	E	R	K	N	Q	S	T	A	V	L	I	F	Y	W	H	M	C	P
0	0.00398	0.00284	0.00393	0.00454	0.00501	0.00279	0.00372	0.00497	0.00587	0.00770	0.02734	0.30776	0.01633	0.00770	0.00361	0.00118	0.00216	0.58371	0.00248	0.00238
1	0.00335	0.00253	0.01318	0.00376	0.00402	0.00226	0.00257	0.00386	0.00516	0.00691	0.01468	0.84786	0.03614	0.01572	0.00347	0.00108	0.00160	0.00736	0.00245	0.02205
2	0.00358	0.00258	0.00340	0.00355	0.00399	0.00238	0.00252	0.00448	0.00644	0.00894	0.47427	0.42673	0.02156	0.00679	0.00327	0.00095	0.00141	0.00609	0.00272	0.01437
3	0.00626	0.00693	0.03399	0.01043	0.14546	0.06071	0.50636	0.01542	0.05712	0.00850	0.00675	0.11659	0.00596	0.00316	0.00303	0.00090	0.00381	0.00346	0.00158	0.00356
4	0.03155	0.00482	0.00632	0.00486	0.00693	0.00435	0.00402	0.08094	0.01466	0.79664	0.01012	0.00883	0.00641	0.00330	0.00268	0.00083	0.00233	0.00265	0.00323	0.00453
5	0.00929	0.00425	0.00551	0.00442	0.00607	0.00386	0.00357	0.08400	0.00798	0.54399	0.22575	0.01266	0.06842	0.00407	0.00284	0.00084	0.00203	0.00340	0.00312	0.00392
6	0.00663	0.00641	0.01107	0.01629	0.85800	0.00639	0.03903	0.00825	0.00612	0.00876	0.00506	0.00666	0.00425	0.00239	0.00268	0.00080	0.00324	0.00242	0.00133	0.00423
7	0.00420	0.00312	0.00378	0.00404	0.03530	0.00317	0.00265	0.00567	0.12353	0.00753	0.10019	0.24852	0.07146	0.28834	0.04077	0.00160	0.00219	0.01004	0.04148	0.00242
8	0.00330	0.00249	0.00306	0.00341	0.00383	0.00224	0.00237	0.00392	0.00570	0.00741	0.11866	0.55307	0.26557	0.00762	0.00332	0.00101	0.00147	0.00675	0.00254	0.00224
9	0.63950	0.00443	0.00383	0.00348	0.00482	0.00494	0.00279	0.00701	0.00551	0.01165	0.27740	0.00922	0.00985	0.00342	0.00213	0.00083	0.00183	0.00251	0.00206	0.00279
10	0.00941	0.00393	0.00536	0.00455	0.00606	0.00347	0.00363	0.01033	0.00697	0.61717	0.01185	0.21968	0.00991	0.00482	0.00295	0.00092	0.00213	0.06995	0.00306	0.00385
11	0.92463	0.00519	0.00394	0.00353	0.00519	0.00602	0.00291	0.00789	0.00457	0.01204	0.00374	0.00436	0.00291	0.00249	0.00166	0.00083	0.00208	0.00145	0.00166	0.00291
12	0.22877	0.00310	0.00338	0.00368	0.00427	0.00316	0.00261	0.00497	0.00509	0.02847	0.01238	0.63589	0.04110	0.00679	0.00297	0.00101	0.00169	0.00594	0.00231	0.00242
13	0.00970	0.00411	0.00518	0.00416	0.00578	0.00377	0.00337	0.05948	0.01627	0.56018	0.00979	0.00926	0.00662	0.00326	0.00244	0.00077	0.00200	0.00263	0.28730	0.00392
14	0.00595	0.00494	0.00553	0.00530	0.00654	0.00557	0.00427	0.01157	0.61224	0.01024	0.01194	0.01629	0.01044	0.00481	0.00303	0.00101	0.00223	0.27176	0.00265	0.00370
15	0.00327	0.00257	0.00293	0.00318	0.00375	0.00227	0.00226	0.00387	0.00569	0.00712	0.04003	0.36490	0.48392	0.03918	0.00365	0.00104	0.00150	0.02416	0.00247	0.00222
16	0.59742	0.00517	0.00464	0.00379	0.00570	0.00537	0.00309	0.04819	0.00525	0.01125	0.00418	0.00483	0.00331	0.00237	0.00181	0.00070	0.00209	0.00154	0.00169	0.28760
17	0.00324	0.00247	0.00297	0.00337	0.00380	0.00221	0.00233	0.00378	0.00549	0.00699	0.01921	0.59109	0.32773	0.00783	0.00334	0.00102	0.00149	0.00693	0.00249	0.00221
18	0.01124	0.00470	0.00614	0.00475	0.00675	0.00421	0.00391	0.08882	0.00801	0.75053	0.01141	0.01009	0.06954	0.00356	0.00273	0.00083	0.00228	0.00289	0.00321	0.00440
19	0.64006	0.00452	0.00384	0.00346	0.00475	0.00505	0.00266	0.00725	0.00461	0.06759	0.00534	0.00790	0.00483	0.22340	0.00466	0.00126	0.00222	0.00213	0.00176	0.00270
20	0.23474	0.00473	0.00560	0.00447	0.00638	0.00454	0.00367	0.01167	0.04777	0.61321	0.03055	0.00828	0.00626	0.00319	0.00246	0.00083	0.00220	0.00246	0.00288	0.00410
21	0.64175	0.00507	0.00464	0.00395	0.00571	0.00553	0.00325	0.00956	0.05546	0.23403	0.00588	0.00589	0.00415	0.00277	0.00198	0.00084	0.00213	0.00186	0.00214	0.00340
22	0.00362	0.00262	0.00333	0.00341	0.00394	0.00239	0.00246	0.00452	0.00655	0.01845	0.45587	0.31629	0.15333	0.00664	0.00325	0.00094	0.00139	0.00588	0.00273	0.00240
23	0.92463	0.00519	0.00394	0.00353	0.00519	0.00602	0.00291	0.00789	0.00457	0.01204	0.00374	0.00436	0.00291	0.00249	0.00166	0.00083	0.00208	0.00145	0.00166	0.00291
24	0.00407	0.00347	0.00359	0.00343	0.00447	0.00336	0.00261	0.00648	0.22090	0.00845	0.07924	0.02159	0.61658	0.00594	0.00306	0.00090	0.00154	0.00497	0.00258	0.00277
25	0.92463	0.00519	0.00394	0.00353	0.00519	0.00602	0.00291	0.00789	0.00457	0.01204	0.00374	0.00436	0.00291	0.00249	0.00166	0.00083	0.00208	0.00145	0.00166	0.00291
26	0.00607	0.00548	0.00518	0.00471	0.00593	0.11863	0.00363	0.06645	0.33311	0.02144	0.17028	0.03129	0.18966	0.00464	0.00289	0.00087	0.00222	0.02164	0.00254	0.00334
27	0.00358	0.00261	0.00336	0.00343	0.00394	0.00240	0.00247	0.00454	0.00670	0.00923	0.53797	0.29427	0.10249	0.00651	0.00325	0.00093	0.00136	0.00579	0.00277	0.00240
28	0.00390	0.00260	0.00293	0.00293	0.00293	0.00260	0.00163	0.00390	0.00390	0.00520	0.00846	0.01756	0.00976	0.90568	0.01366	0.00260	0.00260	0.00390	0.00163	0.00163
29	0.50201	0.00539	0.00530	0.00434	0.00620	0.00579	0.00358	0.15427	0.00683	0.27357	0.00622	0.00612	0.00429	0.00286	0.00214	0.00083	0.00228	0.00198	0.00232	0.00367
30	0.24183	0.00524	0.00583	0.00463	0.00654	0.00533	0.00381	0.19786	0.00784	0.43059	0.00786	0.00740	0.00527	0.00308	0.00239	0.00081	0.00232	0.00231	0.05502	0.00403
31	0.00346	0.00245	0.00323	0.00366	0.00382	0.00240	0.00243	0.00390	0.00481	0.00647	0.01268	0.62861	0.01490	0.17813	0.11420	0.00177	0.00244	0.00635	0.00220	0.00210
32	0.00556	0.00585	0.00460	0.00430	0.00523	0.27878	0.00322	0.00649	0.00720	0.00852	0.38253	0.01689	0.25060	0.00500	0.00294	0.00081	0.00240	0.00410	0.00234	0.00264
33	0.00387	0.00287	0.00339	0.00355	0.00416	0.00267	0.00254	0.04519	0.02773	0.02693	0.08477	0.46278	0.30525	0.00718	0.00325	0.00099	0.00156	0.00631	0.00256	0.00245
34	0.57982	0.00496	0.00481	0.00400	0.00582	0.00524	0.00330	0.00985	0.00574	0.34407	0.00633	0.00616	0.00432	0.00281	0.00205	0.00083	0.00215	0.00192	0.00229	0.00353
35	0.00443	0.00357	0.00408	0.00389	0.00480	0.00366	0.00295	0.00727	0.25607	0.00949	0.30850	0.08558	0.23467	0.00621	0.04464	0.00106	0.00184	0.01171	0.00267	0.00292
36	0.01067	0.00678	0.00760	0.00582	0.00795	0.00722	0.00481	0.66176	0.01138	0.23689	0.00749	0.00712	0.00509	0.00325	0.00269	0.00081	0.00278	0.00249	0.00285	0.00457
37	0.00507	0.00477	0.00805	0.89922	0.01849	0.00596	0.00745	0.00686	0.00537	0.00686	0.00477	0.00716	0.00358	0.00268	0.00268	0.00089	0.00358	0.00239	0.00119	0.00298
38	0.00987	0.01246	0.00753	0.00685	0.00824	0.85349	0.00514	0.01088	0.04846	0.00679	0.00446	0.00508	0.00368	0.00281	0.00243	0.00070	0.00471	0.00179	0.00145	0.00316
39	0.00557	0.00477	0.00557	0.00398	0.00636	0.00358	0.00318	0.00676	0.00557	0.00875	0.00477	0.00557	0.00398	0.00199	0.00199	0.00040	0.00199	0.00159	0.00159	0.92208
40	0.00855	0.06851	0.26572	0.00669	0.01872	0.10180	0.00651	0.46792	0.00953	0.01259	0.00554	0.00591	0.00403	0.00291	0.00255	0.00079	0.00345	0.00215	0.00198	0.00416
41	0.00414	0.00646	0.30616	0.00525	0.00672	0.00388	0.00522	0.00554	0.00529	0.00741	0.01089	0.51476	0.02192	0.00637	0.01659	0.00106	0.04440	0.02315	0.00195	0.00283
42	0.00708	0.00612	0.00994	0.05246	0.40318	0.00621	0.14660	0.11592	0.07399	0.06744	0.07811	0.00825	0.00641	0.00289	0.00279	0.00083	0.00310	0.00279	0.00186	0.00401
43	0.00656	0.45367	0.28576	0.00699	0.05040	0.03039	0.11616	0.00833	0.00571	0.00740	0.00435	0.00522	0.00355	0.00239	0.00222	0.00071	0.00348	0.00187	0.00118	0.00366
44	0.10871	0.07518	0.49239	0.00694	0.00999	0.05738	0.06971	0.07526	0.06342	0.00945	0.00515	0.00583	0.00380	0.00264	0.00245	0.00082	0.00357	0.00206	0.00145	0.00380
45	0.00330	0.00239	0.00313	0.00371	0.00394	0.00222	0.00253	0.00381	0.00524	0.00692	0.01558	0.81487	0.07433	0.00827	0.00342	0.00108	0.00158	0.03899	0.00249	0.00220
46	0.00401	0.00272	0.00314	0.00319	0.00329	0.00274	0.00196	0.00429	0.02265	0.00563	0.00911	0.01873	0.01032	0.79289	0.01239	0.00242	0.00258	0.09444	0.00174	0.00177
47	0.00694	0.00755	0.00816	0.43727	0.13476	0.28133	0.00663	0.00877	0.06879	0.00734	0.00505	0.00657	0.00396	0.00274	0.00260	0.00082	0.00381	0.00223	0.00138	0.00329
48	0.06544	0.00535	0.00474	0.00457	0.00559	0.17092	0.00354	0.00762	0.15118	0.02225	0.02780	0.05072	0.22107	0.03380	0.09610	0.00132	0.00300	0.11999	0.00215	0.00285
49	0.01038	0.00494	0.00618	0.00499	0.00689	0.00479	0.00404	0.01345	0.27906	0.61844	0.01069	0.00941	0.00712	0.00342	0.00271	0.00086	0.00223	0.00280	0.00314	0.00447
50	0.00320	0.00259	0.00285	0.00306	0.00371	0.00224	0.00219	0.00381	0.00579	0.00712	0.02307	0.31793	0.59840	0.00733	0.00326	0.00097	0.00143	0.00632	0.00249	0.00224
51	0.00360	0.00257	0.00349	0.00411	0.00441	0.00246	0.00306	0.00430	0.00546	0.00722	0.01461	0.63340	0.01704	0.00810	0.00351	0.00114	0.00184	0.27493	0.00249	0.00227
52	0.92463	0.00519	0.00394	0.00353	0.00519	0.00602	0.00291	0.00789	0.00457	0.01204	0.00374	0.00436	0.00291	0.00249	0.00166	0.00083	0.00208	0.00145	0.00166	0.00291
53	0.00390	0.00260	0.00293	0.00293	0.00293	0.00260	0.00163	0.00390	0.00390	0.00520	0.00846	0.01756	0.00976	0.90568	0.01366	0.00260	0.00260	0.00390	0.00163	0.00163
54	0.01204	0.00457	0.00623	0.00478	0.00685	0.00394	0.00394	0.01308	0.00768	0.89079	0.01059	0.00914	0.00664	0.00332	0.00270	0.00083	0.00228	0.00270	0.00332	0.00457
55	0.00335	0.00237	0.00309	0.00363	0.00377	0.00223	0.00238	0.00376	0.00498	0.00664	0.01397	0.78856	0.01671	0.12519	0.00476	0.00129	0.00169	0.00714	0.00238	0.00211
56	0.00580	0.00486	0.00522	0.00477	0.00607	0.00536	0.00373	0.05136	0.55153	0.01052	0.09121	0.01485	0.17493	0.00459	0.00291	0.00092	0.00196	0.05310	0.00269	0.00364
57	0.00538	0.01388	0.89177	0.00765	0.01162	0.00623	0.00992	0.00850	0.00567	0.00850	0.00482	0.00567	0.00340	0.00255	0.00255	0.00085	0.00397	0.00198	0.00113	0.00397
58	0.01036	0.00498	0.00620	0.00501	0.00691	0.00485	0.00405	0.02483	0.27912	0.60697	0.01064	0.00937	0.00710	0.00342	0.00271	0.00085	0.00224	0.00280	0.00313	0.00447
59	0.00345	0.00272	0.00284	0.00283	0.00346	0.00243	0.00195	0.00402	0.01549	0.00675	0.04242	0.02295	0.58464	0.28506	0.00641	0.00143	0.00175	0.00507	0.00224	0.00210
60	0.00941	0.00400	0.00530	0.00425	0.00592	0.00347	0.00344	0.01044	0.00746	0.61783	0.16761	0.01328	0.12724	0.00417	0.00284	0.00084	0.00198	0.00347	0.00315	0.00390
61	0.00347	0.00242	0.00306	0.00349	0.00359	0.00231	0.00222	0.00379	0.00476	0.00634	0.01283	0.62947	0.01528	0.28624	0.00659	0.00156	0.00188	0.00648	0.00222	0.00201
62	0.00384	0.00264	0.00314	0.00331	0.00347	0.00259	0.00215	0.00411	0.00452	0.00594	0.01119	0.13898	0.06166	0.60696	0.01028	0.00211	0.00237	0.12697	0.00191	0.00186
63	0.05282	0.00540	0.00631	0.00495	0.00682	0.00546	0.00406	0.33358	0.00916	0.39749	0.05014	0.00852	0.00661	0.00333	0.00259	0.00080	0.00237	0.00262	0.09278	0.00419
64	0.00343	0.00244	0.00307	0.00350	0.00369	0.00231	0.00230	0.00383	0.00495	0.00652	0.01424	0.60999	0.08208	0.21778	0.00580	0.00143	0.00181	0.02647	0.00229	0.00206
65	0.07425	0.00311	0.00396	0.00434	0.00491	0.00316	0.00357	0.00535	0.00569	0.00795	0.06217	0.06004	0.01414	0.16554	0.00527	0.00142	0.00236	0.56813	0.00229	0.00235
66	0.00377	0.00281	0.00353	0.00386	0.00441	0.00267	0.00299	0.00475	0.02486	0.00775	0.11112	0.24041	0.21428	0.06572	0.00409	0.00117	0.00187	0.29514	0.00248	0.00234
67	0.31626	0.00472	0.00527	0.00428	0.00607	0.00469	0.00350	0.05092	0.00686	0.46387	0.10011	0.00856	0.00726	0.00327	0.00240	0.00083	0.00214	0.00250	0.00270	0.00380
68	0.04236	0.00271	0.00302	0.00300	0.00311	0.00273	0.00176	0.00414	0.00420	0.00589	0.06565	0.03757	0.01067	0.78867	0.01224	0.00238	0.00247	0.00395	0.00173	0.00175
69	0.00432	0.00265	0.00345	0.00370	0.00414	0.00243	0.00256	0.00487	0.00553	0.10546	0.06437	0.62921	0.07300	0.07589	0.00409	0.00115	0.00169	0.00651	0.00254	0.00243
70	0.00336	0.00269	0.00300	0.00300	0.00375	0.00233	0.00221	0.00418	0.00641	0.00816	0.26277	0.10829	0.55698	0.01673	0.00331	0.00093	0.00137	0.00561	0.00261	0.00232
71	0.00340	0.00246	0.00339	0.00387	0.00410	0.00245	0.00269	0.00398	0.00495	0.00671	0.01302	0.69531	0.01517	0.01115	0.21162	0.00184	0.00287	0.00652	0.00225	0.00223
72	0.00436	0.00272	0.00314	0.00305	0.00320	0.00268	0.00180	0.00447	0.00427	0.05589	0.04531	0.01719	0.01023	0.81665	0.01260	0.00243	0.00253	0.00387	0.00178	0.00183
73	0.00944	0.00423	0.00543	0.00442	0.00611	0.00380	0.00357	0.05109	0.03469	0.58524	0.03007	0.06352	0.16329	0.00434	0.00285	0.00087	0.00209	0.01796	0.00306	0.00394

[dist]
# distance from previous block
# <min> <max>
0	1

# created by:
# /share/home/app/bin/augustus-3.3.1/scripts/msa2prfl.pl /dev/shm/tmp/ogap_db/mt-Sar/msas/atp9.aln --setname=atp9
