[name]
cob

[dist]
# distance from previous block
# <min> <max>
0	47

[block]
# block no. 0 follows, 122 sequences, length 77
# corresponding to MSA columns:
# 50-126
name=unknown_A
#
# <colnr> <probs for GDERKNQSTAVLIFYWHMCP>
#	G	D	E	R	K	N	Q	S	T	A	V	L	I	F	Y	W	H	M	C	P
0	0.01917	0.00779	0.00633	0.05215	0.07479	0.44214	0.02235	0.00852	0.09756	0.01645	0.03576	0.02356	0.04051	0.00349	0.00251	0.00077	0.00332	0.12776	0.01218	0.00290
1	0.00549	0.00546	0.00707	0.03822	0.34343	0.14257	0.05000	0.01480	0.01514	0.00772	0.16007	0.16195	0.01933	0.00392	0.01323	0.00082	0.00268	0.00338	0.00170	0.00303
2	0.00691	0.01569	0.00667	0.05458	0.09806	0.38208	0.02019	0.03439	0.08223	0.02484	0.00597	0.00711	0.04140	0.02246	0.13494	0.00123	0.05462	0.00221	0.00147	0.00295
3	0.00630	0.00431	0.00491	0.00436	0.01878	0.05339	0.00328	0.18019	0.01969	0.15270	0.00789	0.06110	0.03457	0.16637	0.22400	0.00181	0.00342	0.00290	0.00196	0.04808
4	0.00446	0.00307	0.00373	0.00357	0.00433	0.00292	0.01600	0.11126	0.00613	0.07819	0.08491	0.37726	0.26192	0.02652	0.00313	0.00091	0.00162	0.00521	0.00236	0.00249
5	0.00355	0.00259	0.00312	0.00329	0.00370	0.00250	0.00232	0.01204	0.05568	0.01509	0.11840	0.32653	0.15528	0.20291	0.00507	0.00124	0.00169	0.08071	0.00218	0.00211
6	0.11835	0.00797	0.00644	0.00538	0.00700	0.35365	0.00425	0.26958	0.01582	0.18016	0.00555	0.00560	0.00400	0.00273	0.00226	0.00070	0.00315	0.00192	0.00200	0.00348
7	0.00351	0.00233	0.00305	0.00322	0.00348	0.00222	0.00224	0.00379	0.00485	0.00652	0.20064	0.27733	0.07535	0.13610	0.00576	0.19290	0.00170	0.07117	0.00201	0.00183
8	0.00417	0.00260	0.00332	0.00325	0.00384	0.00240	0.00236	0.00491	0.00570	0.11102	0.30955	0.24176	0.13667	0.09987	0.04976	0.00117	0.00176	0.01117	0.00238	0.00233
9	0.02553	0.34664	0.00905	0.00643	0.15389	0.22284	0.00460	0.03357	0.00590	0.04348	0.05031	0.07695	0.00547	0.00288	0.00212	0.00066	0.00291	0.00220	0.00144	0.00313
10	0.02866	0.00755	0.02131	0.00551	0.00729	0.23387	0.00448	0.42858	0.02984	0.19924	0.00619	0.00607	0.00435	0.00285	0.00238	0.00072	0.00299	0.00210	0.00224	0.00379
11	0.00541	0.00547	0.00808	0.00676	0.00695	0.00742	0.07504	0.00607	0.00392	0.00607	0.00336	0.00547	0.00327	0.00412	0.00766	0.00106	0.83783	0.00221	0.00109	0.00274
12	0.00338	0.00242	0.00284	0.00303	0.00359	0.00212	0.00216	0.00394	0.00531	0.05203	0.04482	0.42764	0.42445	0.00670	0.00299	0.00090	0.00137	0.00585	0.00233	0.00215
13	0.00325	0.00314	0.04853	0.00293	0.00394	0.00238	0.00239	0.00408	0.00567	0.00719	0.13352	0.06536	0.62761	0.00561	0.00280	0.00079	0.00141	0.00473	0.00221	0.07245
14	0.00660	0.39021	0.02380	0.00491	0.00634	0.11181	0.00431	0.11742	0.04261	0.00716	0.00441	0.00549	0.00386	0.01596	0.08123	0.04820	0.11951	0.00182	0.00134	0.00301
15	0.00351	0.00263	0.00395	0.00395	0.00439	0.00307	0.00307	0.00439	0.00395	0.00570	0.00658	0.00965	0.00614	0.01843	0.90391	0.00395	0.00658	0.00263	0.00132	0.00219
16	0.00539	0.00439	0.00512	0.00380	0.00580	0.00353	0.00302	0.07575	0.00561	0.02640	0.00529	0.07401	0.00469	0.00238	0.00198	0.00045	0.00186	0.00196	0.00163	0.76694
17	0.00579	0.00447	0.00482	0.00430	0.00549	0.00498	0.00335	0.08339	0.52290	0.02395	0.14650	0.01030	0.00943	0.00348	0.00243	0.00077	0.00176	0.00290	0.15558	0.00341
18	0.00623	0.00433	0.00521	0.00378	0.00591	0.00334	0.00305	0.00730	0.00547	0.17890	0.00539	0.00572	0.00411	0.00205	0.00194	0.00044	0.00187	0.00165	0.00176	0.75156
19	0.00437	0.00321	0.00428	0.00502	0.12296	0.00303	0.00336	0.02681	0.02020	0.07078	0.06536	0.18418	0.29215	0.00565	0.00293	0.00090	0.00180	0.17820	0.00222	0.00258
20	0.03525	0.01111	0.00686	0.00617	0.00749	0.81299	0.00466	0.05275	0.01926	0.01597	0.00404	0.00460	0.00329	0.00256	0.00221	0.00065	0.00422	0.00163	0.00137	0.00294
21	0.00304	0.00231	0.00303	0.00337	0.00371	0.00210	0.02043	0.00356	0.00494	0.00644	0.03139	0.70254	0.18960	0.00724	0.00308	0.00096	0.00144	0.00650	0.00227	0.00204
22	0.00871	0.01051	0.00676	0.00610	0.00741	0.72711	0.00461	0.04687	0.14494	0.00707	0.00485	0.00523	0.00388	0.00267	0.00227	0.00067	0.00397	0.00179	0.00151	0.00307
23	0.00442	0.00325	0.00427	0.00400	0.00460	0.00366	0.00306	0.14123	0.00506	0.00706	0.00667	0.01014	0.00630	0.16418	0.61698	0.00319	0.00529	0.00272	0.00152	0.00238
24	0.00695	0.00598	0.00495	0.00459	0.00550	0.31472	0.00342	0.00755	0.00580	0.18716	0.00807	0.15936	0.00784	0.16263	0.03894	0.00119	0.00303	0.06773	0.00191	0.00267
25	0.00418	0.00218	0.00321	0.00321	0.00323	0.00220	0.00214	0.00329	0.00327	0.00438	0.00464	0.00818	0.00469	0.07153	0.05913	0.81362	0.00240	0.00226	0.00111	0.00116
26	0.17062	0.00806	0.00658	0.00545	0.00711	0.29415	0.00434	0.45376	0.00879	0.01167	0.00479	0.00510	0.00359	0.00270	0.00222	0.00071	0.00312	0.00186	0.00191	0.00349
27	0.00350	0.00245	0.00294	0.00293	0.00311	0.00248	0.00187	0.00380	0.00406	0.00547	0.07633	0.01569	0.07952	0.61153	0.17203	0.00242	0.00296	0.00360	0.00161	0.00173
28	0.93100	0.00475	0.00361	0.00323	0.00475	0.00551	0.00266	0.00722	0.00418	0.01102	0.00342	0.00399	0.00266	0.00228	0.00152	0.00076	0.00190	0.00133	0.00152	0.00266
29	0.00725	0.00520	0.00564	0.00455	0.00580	0.00566	0.00349	0.55581	0.00858	0.02136	0.00662	0.00965	0.00594	0.33637	0.00614	0.00134	0.00258	0.00271	0.00211	0.00319
30	0.00439	0.00326	0.00375	0.00374	0.00449	0.00330	0.00274	0.04826	0.20820	0.05257	0.01451	0.43496	0.19427	0.00594	0.00288	0.00090	0.00160	0.00520	0.00238	0.00266
31	0.00840	0.00362	0.00485	0.00411	0.00545	0.00323	0.00322	0.03919	0.00644	0.58373	0.01080	0.29758	0.00927	0.00453	0.00268	0.00084	0.00190	0.00391	0.00278	0.00348
32	0.88377	0.00462	0.00357	0.00324	0.00469	0.00533	0.00264	0.00703	0.00421	0.01078	0.00394	0.05021	0.00335	0.00256	0.00160	0.00077	0.00188	0.00162	0.00156	0.00263
33	0.05035	0.00258	0.00271	0.00273	0.00337	0.00235	0.00197	0.00384	0.00513	0.00663	0.05554	0.06224	0.55156	0.19024	0.00482	0.00116	0.00156	0.04710	0.00210	0.00200
34	0.00418	0.00262	0.00301	0.00302	0.00364	0.00257	0.00233	0.03707	0.01714	0.00880	0.19178	0.08330	0.09294	0.01622	0.00258	0.00078	0.00141	0.12171	0.40258	0.00233
35	0.00309	0.00218	0.00282	0.00330	0.00342	0.00206	0.00215	0.00345	0.00452	0.00602	0.01258	0.76377	0.01504	0.15762	0.00469	0.00123	0.00158	0.00642	0.00215	0.00191
36	0.05315	0.00260	0.00313	0.00302	0.00357	0.00247	0.00218	0.00450	0.00597	0.02009	0.54295	0.08958	0.10619	0.14486	0.00432	0.00104	0.00143	0.00440	0.00238	0.00218
37	0.00341	0.00275	0.00298	0.00297	0.00377	0.00248	0.00227	0.04898	0.01811	0.00740	0.08576	0.09687	0.63221	0.00610	0.00293	0.00086	0.00142	0.07418	0.00232	0.00223
38	0.00580	0.00663	0.01450	0.01036	0.01284	0.00621	0.88940	0.00787	0.00580	0.00787	0.00497	0.00663	0.00373	0.00207	0.00290	0.00083	0.00414	0.00290	0.00124	0.00331
39	0.00302	0.00251	0.00265	0.00273	0.00351	0.00215	0.00210	0.00368	0.00558	0.00670	0.02330	0.05303	0.77746	0.00633	0.00296	0.00087	0.00136	0.09570	0.00228	0.00209
40	0.00304	0.00223	0.00283	0.00324	0.00351	0.00204	0.00220	0.00354	0.00499	0.00659	0.09036	0.68725	0.13924	0.03245	0.00334	0.00099	0.00140	0.00642	0.00230	0.00202
41	0.00769	0.00606	0.00645	0.00532	0.00699	0.00685	0.00427	0.44238	0.46198	0.01283	0.00799	0.00757	0.00587	0.00315	0.00248	0.00079	0.00232	0.00250	0.00248	0.00403
42	0.93100	0.00475	0.00361	0.00323	0.00475	0.00551	0.00266	0.00722	0.00418	0.01102	0.00342	0.00399	0.00266	0.00228	0.00152	0.00076	0.00190	0.00133	0.00152	0.00266
43	0.00466	0.00277	0.00341	0.00318	0.00403	0.00244	0.00241	0.00549	0.00619	0.17879	0.30511	0.14307	0.31816	0.00543	0.00285	0.00082	0.00140	0.00467	0.00257	0.00255
44	0.00336	0.00233	0.00271	0.00285	0.00297	0.00225	0.00173	0.00353	0.00406	0.00533	0.01086	0.24768	0.09508	0.59412	0.00918	0.00188	0.00203	0.00461	0.00177	0.00168
45	0.00299	0.00214	0.00285	0.00342	0.00356	0.00200	0.00228	0.00342	0.00470	0.00627	0.01354	0.91204	0.01625	0.00770	0.00314	0.00100	0.00143	0.00699	0.00228	0.00200
46	0.01036	0.00467	0.00593	0.00461	0.00648	0.00441	0.00379	0.13898	0.08372	0.69591	0.00917	0.00808	0.00593	0.00305	0.00247	0.00076	0.00217	0.00246	0.00291	0.00416
47	0.00457	0.00336	0.00421	0.00438	0.00507	0.00351	0.00363	0.07575	0.10770	0.00793	0.01129	0.02206	0.01179	0.14633	0.00463	0.00126	0.00228	0.57558	0.00219	0.00248
48	0.00545	0.00526	0.00659	0.07701	0.00674	0.07706	0.00477	0.00609	0.00423	0.01709	0.00423	0.00674	0.00404	0.09114	0.00705	0.00110	0.60076	0.00226	0.06980	0.00258
49	0.00351	0.00263	0.00395	0.00395	0.00439	0.00307	0.00307	0.00439	0.00395	0.00570	0.00658	0.00965	0.00614	0.01843	0.90391	0.00395	0.00658	0.00263	0.00132	0.00219
50	0.00671	0.00480	0.00512	0.00448	0.00578	0.05052	0.00350	0.04322	0.45042	0.16710	0.15995	0.01022	0.00949	0.00348	0.00249	0.00078	0.00194	0.00289	0.06358	0.00353
51	0.11100	0.00458	0.00521	0.00388	0.00592	0.00393	0.00314	0.07688	0.00584	0.16578	0.00532	0.00561	0.00400	0.00218	0.00195	0.00051	0.00195	0.00168	0.00182	0.58883
52	0.00574	0.02592	0.31707	0.00651	0.05847	0.16791	0.01617	0.00725	0.00529	0.00714	0.03842	0.00670	0.04133	0.00311	0.00363	0.00080	0.21187	0.00215	0.07146	0.00306
53	0.00459	0.00346	0.00410	0.00428	0.07219	0.00336	0.00301	0.00664	0.18191	0.08381	0.10430	0.01786	0.44104	0.00499	0.00278	0.00083	0.00163	0.05411	0.00235	0.00279
54	0.00668	0.29047	0.15277	0.00544	0.00731	0.06460	0.00522	0.16675	0.00613	0.01957	0.00417	0.00495	0.00342	0.00273	0.00317	0.00071	0.17652	0.00176	0.00138	0.07626
55	0.07385	0.03707	0.04113	0.00386	0.00446	0.00325	0.00306	0.00451	0.00436	0.00643	0.00884	0.35826	0.00959	0.01150	0.39694	0.00225	0.01504	0.01166	0.00169	0.00225
56	0.01102	0.00418	0.00570	0.00437	0.00627	0.00361	0.00361	0.01197	0.00703	0.90002	0.00969	0.00836	0.00608	0.00304	0.00247	0.00076	0.00209	0.00247	0.00304	0.00418
57	0.00356	0.00244	0.00299	0.00299	0.00310	0.00255	0.00188	0.00377	0.00367	0.00499	0.00746	0.01451	0.00825	0.69495	0.23027	0.00276	0.00341	0.00334	0.00145	0.00166
58	0.00717	0.01844	0.08196	0.00523	0.00670	0.18020	0.00444	0.28792	0.00729	0.07358	0.00584	0.00700	0.00468	0.02227	0.27412	0.00171	0.00424	0.00221	0.00177	0.00322
59	0.00920	0.05311	0.00765	0.00558	0.00755	0.00773	0.00465	0.84520	0.01122	0.01499	0.00577	0.00580	0.00413	0.00291	0.00241	0.00073	0.00270	0.00217	0.00239	0.00413
60	0.00328	0.00248	0.00302	0.00294	0.00356	0.00222	0.00219	0.00423	0.00640	0.00866	0.58051	0.08765	0.27274	0.00557	0.00292	0.00081	0.00120	0.00485	0.00255	0.00222
61	0.00589	0.01059	0.61591	0.00725	0.01043	0.00577	0.15400	0.07504	0.00592	0.07870	0.00503	0.00573	0.00353	0.00239	0.00245	0.00078	0.00352	0.00208	0.00134	0.00366
62	0.00496	0.00476	0.00680	0.07430	0.00681	0.00649	0.00501	0.00563	0.00388	0.00588	0.00399	0.00642	0.00385	0.02490	0.16320	0.00158	0.66558	0.00227	0.00113	0.00258
63	0.00291	0.00246	0.00252	0.00256	0.00334	0.00207	0.00190	0.00352	0.00553	0.00661	0.02403	0.09102	0.83050	0.00633	0.00292	0.00084	0.00126	0.00532	0.00228	0.00207
64	0.00369	0.00264	0.00364	0.00415	0.00461	0.00259	0.00342	0.00465	0.00552	0.00728	0.08018	0.24304	0.01534	0.00688	0.00329	0.00107	0.00197	0.60153	0.00230	0.00220
65	0.00479	0.00510	0.07763	0.76015	0.01553	0.00553	0.00675	0.00697	0.08037	0.00674	0.00485	0.00667	0.00362	0.00252	0.00245	0.00082	0.00319	0.00221	0.00121	0.00290
66	0.00634	0.62346	0.22671	0.00506	0.00744	0.07028	0.00543	0.00761	0.00516	0.00628	0.00368	0.00429	0.00315	0.00222	0.00189	0.00060	0.01465	0.00146	0.00106	0.00324
67	0.00355	0.00266	0.00332	0.00323	0.00383	0.00253	0.00239	0.00499	0.07375	0.00904	0.61492	0.15805	0.09759	0.00542	0.00291	0.00082	0.00127	0.00478	0.00259	0.00237
68	0.00623	0.02015	0.00749	0.01727	0.22971	0.23012	0.07944	0.00698	0.00542	0.00675	0.04978	0.00651	0.01055	0.00362	0.00401	0.15425	0.07449	0.00214	0.00130	0.08378
69	0.05492	0.00771	0.00621	0.00535	0.00665	0.35276	0.00415	0.30945	0.00769	0.00937	0.00516	0.00650	0.00432	0.07391	0.12355	0.00126	0.01414	0.00208	0.00171	0.00310
70	0.93100	0.00475	0.00361	0.00323	0.00475	0.00551	0.00266	0.00722	0.00418	0.01102	0.00342	0.00399	0.00266	0.00228	0.00152	0.00076	0.00190	0.00133	0.00152	0.00266
71	0.00433	0.04864	0.00375	0.00331	0.00345	0.00259	0.00231	0.00351	0.00335	0.00446	0.00441	0.00746	0.00436	0.00899	0.07967	0.80842	0.00251	0.00213	0.00109	0.00126
72	0.05062	0.00236	0.00282	0.00316	0.00344	0.00231	0.00216	0.00408	0.00462	0.00680	0.01127	0.53389	0.02180	0.12998	0.00421	0.01598	0.00158	0.04169	0.15519	0.00201
73	0.00317	0.00246	0.00279	0.00284	0.00339	0.00225	0.00203	0.00375	0.00517	0.00656	0.11249	0.09882	0.47127	0.17192	0.07569	0.00137	0.00191	0.02801	0.00211	0.00200
74	0.00464	0.00437	0.00737	0.90774	0.01692	0.00546	0.00682	0.00628	0.00491	0.00628	0.00437	0.00655	0.00328	0.00246	0.00246	0.00082	0.00328	0.00218	0.00109	0.00273
75	0.00347	0.00260	0.00387	0.00391	0.00433	0.00299	0.00301	0.00431	0.00401	0.00575	0.00711	0.07809	0.00691	0.01761	0.83559	0.00373	0.00619	0.00296	0.00139	0.00218
76	0.00390	0.00299	0.00371	0.00390	0.00455	0.00303	0.00310	0.01982	0.12041	0.00757	0.07513	0.18693	0.16428	0.01278	0.07145	0.00121	0.00215	0.30844	0.00226	0.00242

[dist]
# distance from previous block
# <min> <max>
6	7

[block]
# block no. 1 follows, 122 sequences, length 21
# corresponding to MSA columns:
# 134-154
name=unknown_B
#
# <colnr> <probs for GDERKNQSTAVLIFYWHMCP>
#	G	D	E	R	K	N	Q	S	T	A	V	L	I	F	Y	W	H	M	C	P
0	0.00366	0.00251	0.00297	0.00291	0.00307	0.00253	0.00181	0.02027	0.00429	0.00585	0.14879	0.01572	0.01087	0.67794	0.08502	0.00223	0.00254	0.00361	0.00169	0.00173
1	0.00357	0.00238	0.00268	0.00268	0.00268	0.00238	0.00149	0.00357	0.00357	0.00476	0.00774	0.01608	0.00893	0.91365	0.01251	0.00238	0.00238	0.00357	0.00149	0.00149
2	0.00311	0.00244	0.00275	0.00294	0.00350	0.00218	0.00215	0.00369	0.00520	0.00644	0.01927	0.21294	0.51335	0.10485	0.00405	0.00107	0.00152	0.10435	0.00219	0.00202
3	0.00350	0.00250	0.00316	0.00323	0.00362	0.00239	0.00227	0.03324	0.00573	0.00786	0.37953	0.34117	0.04234	0.14218	0.00442	0.00110	0.00151	0.01579	0.00234	0.00213
4	0.00414	0.00293	0.00372	0.00361	0.00424	0.00293	0.00278	0.00580	0.13429	0.02144	0.48045	0.01682	0.03210	0.00554	0.00387	0.13361	0.00159	0.13537	0.00237	0.00238
5	0.00352	0.00261	0.00384	0.00384	0.00425	0.00301	0.00294	0.00432	0.00392	0.00563	0.00668	0.01019	0.00638	0.09297	0.82969	0.00382	0.00623	0.00271	0.00133	0.00214
6	0.02291	0.00336	0.00421	0.00384	0.00488	0.00318	0.00304	0.06850	0.01852	0.27789	0.09770	0.17879	0.10148	0.01207	0.00282	0.00087	0.00180	0.12957	0.06165	0.00294
7	0.00511	0.00498	0.00701	0.00609	0.00616	0.00689	0.00505	0.00569	0.00379	0.00588	0.00371	0.00599	0.00364	0.00632	0.13627	0.00149	0.77998	0.00222	0.00111	0.00262
8	0.00305	0.00251	0.00269	0.00279	0.00353	0.00218	0.00211	0.00378	0.01659	0.00676	0.03831	0.11573	0.70969	0.00636	0.00296	0.00087	0.00135	0.07434	0.00229	0.00211
9	0.05081	0.00256	0.00290	0.00292	0.00324	0.00249	0.00188	0.00421	0.00436	0.05002	0.04183	0.18578	0.11238	0.50112	0.00808	0.00170	0.00197	0.00425	0.01561	0.00189
10	0.00462	0.00427	0.00711	0.64451	0.14713	0.00502	0.00628	0.00606	0.00499	0.00654	0.00572	0.13607	0.00522	0.00317	0.00255	0.00083	0.00296	0.00287	0.00128	0.00280
11	0.75296	0.00623	0.13220	0.00392	0.00573	0.04988	0.00368	0.00743	0.00446	0.01031	0.00358	0.00418	0.00275	0.00230	0.00167	0.00076	0.00227	0.00141	0.00144	0.00281
12	0.00315	0.00226	0.00300	0.00344	0.00370	0.00212	0.00242	0.00375	0.00515	0.00692	0.14839	0.68364	0.03554	0.00718	0.00312	0.00097	0.00145	0.07940	0.00234	0.00207
13	0.00453	0.00399	0.00427	0.00417	0.00466	0.14590	0.00314	0.00504	0.00430	0.00551	0.00583	0.00871	0.00548	0.04397	0.59728	0.14196	0.00543	0.00242	0.00128	0.00211
14	0.00343	0.00260	0.00368	0.00368	0.00415	0.00289	0.00282	0.00422	0.00417	0.00579	0.00926	0.01197	0.13382	0.06087	0.73096	0.00343	0.00561	0.00304	0.00146	0.00214
15	0.51385	0.00513	0.00482	0.00416	0.00569	0.00578	0.00347	0.27944	0.00667	0.01188	0.00556	0.00798	0.00477	0.00313	0.00208	0.00081	0.00220	0.12761	0.00192	0.00307
16	0.00726	0.00527	0.00588	0.00476	0.00619	0.00577	0.00385	0.56383	0.00925	0.01268	0.13371	0.00864	0.00741	0.02545	0.12592	0.00121	0.00290	0.00262	0.06394	0.00346
17	0.00426	0.00331	0.00458	0.00497	0.07903	0.00362	0.00346	0.07376	0.06416	0.00710	0.00816	0.19257	0.00815	0.02498	0.48433	0.00254	0.00447	0.02230	0.00169	0.00255
18	0.00359	0.00266	0.00350	0.00369	0.00427	0.00268	0.00295	0.00449	0.01398	0.01921	0.01386	0.07958	0.23837	0.04014	0.28148	0.00195	0.00328	0.27616	0.00196	0.00219
19	0.01205	0.00504	0.15788	0.00549	0.07112	0.00396	0.02788	0.04955	0.07698	0.01903	0.00966	0.34252	0.02628	0.01230	0.07584	0.00116	0.02129	0.07730	0.00188	0.00279
20	0.00514	0.00451	0.00544	0.00404	0.00591	0.00388	0.00326	0.00615	0.00490	0.00771	0.00420	0.00514	0.00358	0.00217	0.00271	0.00047	0.13167	0.00156	0.00140	0.79614

[dist]
# distance from previous block
# <min> <max>
0	2

[block]
# block no. 2 follows, 122 sequences, length 9
# corresponding to MSA columns:
# 157-165
name=unknown_C
#
# <colnr> <probs for GDERKNQSTAVLIFYWHMCP>
#	G	D	E	R	K	N	Q	S	T	A	V	L	I	F	Y	W	H	M	C	P
0	0.00517	0.00411	0.00663	0.02511	0.16056	0.00419	0.12243	0.02230	0.01901	0.09241	0.00851	0.30264	0.02069	0.02611	0.06007	0.01838	0.08122	0.00397	0.00180	0.01468
1	0.00421	0.00311	0.00373	0.00383	0.00437	0.00315	0.00274	0.15361	0.04882	0.00804	0.01258	0.67602	0.05290	0.00662	0.00298	0.00094	0.00166	0.00590	0.00232	0.00246
2	0.00414	0.00222	0.00333	0.00333	0.00341	0.00230	0.00230	0.00341	0.00333	0.00452	0.00467	0.00785	0.00459	0.01025	0.16433	0.76854	0.00290	0.00222	0.00111	0.00126
3	0.16491	0.00327	0.00329	0.00317	0.00387	0.04642	0.00240	0.00540	0.00467	0.03803	0.00839	0.02454	0.11149	0.00585	0.07306	0.21045	0.00216	0.03415	0.25233	0.00213
4	0.00791	0.00592	0.00643	0.00513	0.00678	0.00651	0.00416	0.62304	0.12532	0.01384	0.16061	0.00848	0.00790	0.00336	0.00254	0.00076	0.00234	0.00267	0.00251	0.00382
5	0.77093	0.00508	0.00550	0.00446	0.00615	0.00563	0.15608	0.00733	0.00446	0.01048	0.00369	0.00445	0.00285	0.00224	0.00176	0.00077	0.00229	0.00160	0.00147	0.00277
6	0.08182	0.00294	0.00351	0.00334	0.00409	0.00285	0.00251	0.00567	0.06019	0.08138	0.47734	0.17125	0.08360	0.00508	0.00277	0.00082	0.00140	0.00442	0.00252	0.00252
7	0.00339	0.00251	0.00302	0.00312	0.00370	0.00228	0.00229	0.00429	0.02883	0.02774	0.25774	0.29277	0.31458	0.00622	0.00297	0.00088	0.00135	0.03768	0.00242	0.00222
8	0.00297	0.00240	0.00265	0.00284	0.00346	0.00208	0.00207	0.00356	0.00534	0.00656	0.02114	0.28058	0.60746	0.00667	0.00299	0.00089	0.00134	0.04065	0.00228	0.00206

[dist]
# distance from previous block
# <min> <max>
0	1

[block]
# block no. 3 follows, 122 sequences, length 33
# corresponding to MSA columns:
# 167-199
name=unknown_D
#
# <colnr> <probs for GDERKNQSTAVLIFYWHMCP>
#	G	D	E	R	K	N	Q	S	T	A	V	L	I	F	Y	W	H	M	C	P
0	0.00347	0.00242	0.00310	0.00319	0.00335	0.00253	0.00211	0.00381	0.00390	0.00532	0.00841	0.15474	0.00936	0.49751	0.26824	0.00260	0.00344	0.01913	0.00158	0.00179
1	0.00373	0.00255	0.00316	0.00319	0.00381	0.00231	0.00239	0.00453	0.00588	0.06417	0.29712	0.21398	0.26967	0.03055	0.00323	0.00091	0.00143	0.08269	0.00244	0.00227
2	0.00315	0.00222	0.00287	0.00334	0.00359	0.00204	0.00226	0.00361	0.00485	0.02460	0.01474	0.79359	0.11518	0.00744	0.00310	0.00097	0.00142	0.00669	0.00230	0.00205
3	0.00478	0.00345	0.00433	0.00442	0.00517	0.00355	0.00371	0.15444	0.00645	0.00847	0.02758	0.02247	0.04504	0.10252	0.00418	0.00118	0.00229	0.59124	0.00222	0.00250
4	0.00371	0.00274	0.00365	0.00406	0.00467	0.00268	0.00346	0.00471	0.00554	0.00710	0.01513	0.02572	0.20138	0.00740	0.05981	0.00124	0.00232	0.64025	0.00221	0.00222
5	0.11954	0.00390	0.00495	0.00399	0.00556	0.00357	0.00325	0.00985	0.00665	0.60435	0.18355	0.01011	0.00916	0.00340	0.00246	0.00077	0.00189	0.01667	0.00278	0.00360
6	0.00588	0.00493	0.00521	0.00470	0.00604	0.00559	0.00365	0.01194	0.76899	0.03393	0.01168	0.01079	0.10854	0.00365	0.00255	0.00083	0.00187	0.00304	0.00249	0.00369
7	0.09365	0.00423	0.00551	0.00427	0.00614	0.00378	0.00353	0.01155	0.00678	0.82018	0.00913	0.00797	0.00578	0.00297	0.00239	0.00076	0.00207	0.00237	0.00290	0.00405
8	0.00357	0.00238	0.00268	0.00268	0.00268	0.00238	0.00149	0.00357	0.00357	0.00476	0.00774	0.01608	0.00893	0.91365	0.01251	0.00238	0.00238	0.00357	0.00149	0.00149
9	0.00382	0.00300	0.00358	0.00377	0.00452	0.00296	0.00307	0.00554	0.12943	0.00751	0.03960	0.07015	0.32935	0.00611	0.00307	0.00097	0.00178	0.37705	0.00231	0.00241
10	0.93100	0.00475	0.00361	0.00323	0.00475	0.00551	0.00266	0.00722	0.00418	0.01102	0.00342	0.00399	0.00266	0.00228	0.00152	0.00076	0.00190	0.00133	0.00152	0.00266
11	0.00351	0.00263	0.00395	0.00395	0.00439	0.00307	0.00307	0.00439	0.00395	0.00570	0.00658	0.00965	0.00614	0.01843	0.90391	0.00395	0.00658	0.00263	0.00132	0.00219
12	0.00348	0.00251	0.00328	0.00309	0.00367	0.00232	0.00232	0.00464	0.00696	0.00985	0.89702	0.01835	0.02318	0.00502	0.00290	0.00077	0.00116	0.00444	0.00270	0.00232
13	0.00299	0.00214	0.00285	0.00342	0.00356	0.00200	0.00228	0.00342	0.00470	0.00627	0.01354	0.91204	0.01625	0.00770	0.00314	0.00100	0.00143	0.00699	0.00228	0.00200
14	0.00526	0.00436	0.00511	0.00366	0.00584	0.00328	0.00293	0.00635	0.00515	0.03283	0.00452	0.00519	0.00371	0.00185	0.00184	0.00037	0.00183	0.00148	0.00150	0.90294
15	0.00427	0.03570	0.00359	0.00329	0.00340	0.00247	0.00227	0.00343	0.00336	0.00447	0.00464	0.03265	0.00468	0.00890	0.06526	0.81058	0.00241	0.00227	0.00112	0.00124
16	0.93100	0.00475	0.00361	0.00323	0.00475	0.00551	0.00266	0.00722	0.00418	0.01102	0.00342	0.00399	0.00266	0.00228	0.00152	0.00076	0.00190	0.00133	0.00152	0.00266
17	0.00580	0.00663	0.01450	0.01036	0.01284	0.00621	0.88940	0.00787	0.00580	0.00787	0.00497	0.00663	0.00373	0.00207	0.00290	0.00083	0.00414	0.00290	0.00124	0.00331
18	0.00396	0.00283	0.00396	0.00453	0.00509	0.00283	0.00396	0.00509	0.00566	0.00735	0.01301	0.02772	0.01414	0.00679	0.00339	0.00113	0.00226	0.88178	0.00226	0.00226
19	0.00934	0.00688	0.00737	0.00565	0.00762	0.00762	0.00467	0.89013	0.01155	0.01549	0.00590	0.00590	0.00418	0.00295	0.00246	0.00074	0.00270	0.00221	0.00246	0.00418
20	0.00355	0.00242	0.00288	0.00289	0.00296	0.00248	0.00174	0.00369	0.00365	0.00494	0.00768	0.03200	0.00865	0.76066	0.14765	0.00259	0.00300	0.00349	0.00148	0.00161
21	0.00427	0.00213	0.00320	0.00320	0.00320	0.00213	0.00213	0.00320	0.00320	0.00427	0.00427	0.00747	0.00427	0.00854	0.00960	0.92851	0.00213	0.00213	0.00107	0.00107
22	0.91233	0.00474	0.00365	0.00325	0.00478	0.00547	0.00268	0.00732	0.00424	0.02907	0.00355	0.00408	0.00273	0.00230	0.00154	0.00076	0.00190	0.00135	0.00155	0.00269
23	0.01074	0.00412	0.00561	0.00432	0.00617	0.00356	0.00356	0.01170	0.00703	0.86660	0.04301	0.00874	0.00672	0.00312	0.00249	0.00076	0.00206	0.00255	0.00303	0.00411
24	0.00611	0.00528	0.00556	0.00500	0.00639	0.00611	0.00389	0.01306	0.89388	0.01028	0.01000	0.00917	0.00750	0.00333	0.00250	0.00083	0.00194	0.00278	0.00250	0.00389
25	0.00348	0.00251	0.00328	0.00309	0.00367	0.00232	0.00232	0.00464	0.00696	0.00985	0.89702	0.01835	0.02318	0.00502	0.00290	0.00077	0.00116	0.00444	0.00270	0.00232
26	0.00290	0.00249	0.00249	0.00249	0.00332	0.00207	0.00187	0.00353	0.00560	0.00664	0.02489	0.02365	0.89732	0.00622	0.00290	0.00083	0.00124	0.00519	0.00228	0.00207
27	0.00603	0.00516	0.00543	0.00487	0.00624	0.00591	0.00379	0.04468	0.80571	0.01024	0.01078	0.00996	0.06323	0.00350	0.00252	0.00083	0.00193	0.00291	0.00248	0.00379
28	0.00917	0.00978	0.00719	0.00629	0.02866	0.55029	0.00478	0.33615	0.00863	0.00957	0.00460	0.00501	0.00356	0.00268	0.00231	0.00067	0.00375	0.00183	0.00171	0.00337
29	0.00318	0.00226	0.00298	0.00348	0.00366	0.00215	0.00241	0.00365	0.00470	0.00624	0.01281	0.69514	0.01514	0.11113	0.00424	0.00117	0.00164	0.11985	0.00219	0.00197
30	0.00356	0.00238	0.00283	0.00291	0.00305	0.00231	0.00179	0.00381	0.00428	0.02176	0.10691	0.20676	0.02452	0.59213	0.00914	0.00186	0.00202	0.00440	0.00183	0.00174
31	0.00776	0.00619	0.03938	0.00534	0.00704	0.00662	0.00446	0.57803	0.15826	0.01287	0.00663	0.00698	0.00499	0.00531	0.13729	0.00124	0.00319	0.00236	0.00224	0.00381
32	0.01768	0.00354	0.00429	0.00364	0.00480	0.00332	0.00282	0.07543	0.04649	0.32319	0.06305	0.01342	0.24676	0.08360	0.00418	0.09324	0.00188	0.00336	0.00240	0.00293

[dist]
# distance from previous block
# <min> <max>
2	6

[block]
# block no. 4 follows, 122 sequences, length 54
# corresponding to MSA columns:
# 206-259
name=unknown_E
#
# <colnr> <probs for GDERKNQSTAVLIFYWHMCP>
#	G	D	E	R	K	N	Q	S	T	A	V	L	I	F	Y	W	H	M	C	P
0	0.17027	0.13570	0.19872	0.02098	0.05848	0.02278	0.00525	0.13198	0.03206	0.05780	0.07920	0.00714	0.00577	0.00325	0.01687	0.00086	0.00283	0.00220	0.00184	0.04604
1	0.00369	0.00252	0.00302	0.00304	0.00370	0.00222	0.00222	0.00440	0.00573	0.07801	0.20192	0.28606	0.38210	0.00616	0.00294	0.00086	0.00135	0.00535	0.00243	0.00227
2	0.00459	0.00336	0.00426	0.00432	0.05551	0.00318	0.00300	0.00606	0.07965	0.03422	0.67798	0.03165	0.05368	0.00505	0.00304	0.00087	0.00155	0.00431	0.02085	0.00286
3	0.03125	0.10102	0.30127	0.00587	0.00794	0.02759	0.06444	0.05700	0.01820	0.00851	0.05967	0.01310	0.08561	0.00439	0.01782	0.00098	0.00305	0.18716	0.00182	0.00330
4	0.00409	0.00215	0.00313	0.00318	0.00324	0.00212	0.00213	0.00324	0.00346	0.00457	0.00621	0.08239	0.05631	0.00834	0.00869	0.79960	0.00203	0.00271	0.00124	0.00120
5	0.00374	0.00280	0.00338	0.00372	0.00412	0.00260	0.00256	0.00448	0.05618	0.00730	0.06675	0.65659	0.16115	0.00736	0.00328	0.00104	0.00160	0.00644	0.00249	0.00242
6	0.00418	0.00218	0.00298	0.00303	0.00314	0.00216	0.00204	0.00368	0.00369	0.00531	0.00588	0.08225	0.00587	0.05922	0.00786	0.63780	0.00192	0.00264	0.16278	0.00138
7	0.93100	0.00475	0.00361	0.00323	0.00475	0.00551	0.00266	0.00722	0.00418	0.01102	0.00342	0.00399	0.00266	0.00228	0.00152	0.00076	0.00190	0.00133	0.00152	0.00266
8	0.85560	0.00532	0.00389	0.00348	0.00498	0.07899	0.00283	0.00743	0.00441	0.01061	0.00345	0.00403	0.00270	0.00230	0.00158	0.00075	0.00211	0.00135	0.00150	0.00268
9	0.00355	0.00246	0.00310	0.00310	0.00324	0.00261	0.00201	0.00384	0.00370	0.00507	0.00736	0.01396	0.00801	0.61781	0.30708	0.00290	0.00377	0.00326	0.00143	0.00172
10	0.00704	0.00529	0.00573	0.00488	0.00638	0.00585	0.00387	0.24311	0.48786	0.08668	0.02394	0.03998	0.06117	0.00356	0.00254	0.00081	0.00208	0.00292	0.00252	0.00379
11	0.00353	0.00253	0.00325	0.00306	0.00368	0.00232	0.00230	0.00464	0.00685	0.02062	0.81793	0.01864	0.09125	0.00509	0.00289	0.00078	0.00118	0.00448	0.00268	0.00232
12	0.27876	0.18158	0.00708	0.00494	0.02070	0.30274	0.00398	0.11720	0.00629	0.02742	0.01512	0.00473	0.00350	0.00247	0.00193	0.00067	0.00298	0.00161	0.01327	0.00305
13	0.02399	0.18575	0.00803	0.00564	0.00721	0.54987	0.01469	0.08114	0.00679	0.03691	0.00413	0.00464	0.00337	0.00245	0.00209	0.00061	0.00367	0.00162	0.00140	0.05599
14	0.00635	0.00502	0.05659	0.00411	0.00631	0.00382	0.00352	0.07948	0.00593	0.14689	0.00532	0.00567	0.00403	0.00213	0.00200	0.00048	0.00204	0.00170	0.00176	0.65684
15	0.00611	0.00528	0.00556	0.00500	0.00639	0.00611	0.00389	0.01306	0.89388	0.01028	0.01000	0.00917	0.00750	0.00333	0.00250	0.00083	0.00194	0.00278	0.00250	0.00389
16	0.00299	0.00217	0.00282	0.00335	0.00354	0.00200	0.00225	0.00343	0.00478	0.00630	0.01445	0.84131	0.08640	0.00758	0.00312	0.00098	0.00141	0.00684	0.00228	0.00200
17	0.04871	0.00932	0.00764	0.03864	0.23943	0.54922	0.00546	0.04219	0.00653	0.00712	0.00408	0.00499	0.00338	0.00248	0.00237	0.00068	0.02152	0.00178	0.00130	0.00315
18	0.00464	0.00437	0.00737	0.90774	0.01692	0.00546	0.00682	0.00628	0.00491	0.00628	0.00437	0.00655	0.00328	0.00246	0.00246	0.00082	0.00328	0.00218	0.00109	0.00273
19	0.00355	0.00239	0.00267	0.00267	0.00271	0.00237	0.00150	0.00357	0.00366	0.00484	0.00844	0.01639	0.04489	0.87692	0.01212	0.00232	0.00234	0.00364	0.00152	0.00151
20	0.00356	0.00245	0.00301	0.00301	0.00313	0.00256	0.00191	0.00379	0.00367	0.00501	0.00744	0.01439	0.00820	0.67762	0.24752	0.00280	0.00349	0.00333	0.00144	0.00167
21	0.00736	0.00540	0.00588	0.00471	0.00626	0.00578	0.00382	0.56486	0.03583	0.03490	0.15240	0.01077	0.14360	0.00380	0.00260	0.00076	0.00220	0.00305	0.00249	0.00355
22	0.00305	0.00220	0.00284	0.00331	0.00352	0.00205	0.00223	0.00350	0.00478	0.00632	0.03508	0.75073	0.08992	0.05875	0.00365	0.00106	0.00147	0.02130	0.00225	0.00199
23	0.00538	0.00538	0.00753	0.00645	0.00645	0.00753	0.00538	0.00591	0.00376	0.00591	0.00323	0.00538	0.00323	0.00430	0.00806	0.00108	0.90915	0.00215	0.00108	0.00269
24	0.00355	0.00247	0.00310	0.00310	0.00325	0.00261	0.00202	0.00385	0.00370	0.00508	0.00735	0.01393	0.00800	0.61481	0.31007	0.00291	0.00378	0.00326	0.00143	0.00172
25	0.00373	0.00290	0.00333	0.00337	0.00399	0.00286	0.00243	0.00548	0.16788	0.01560	0.14644	0.30920	0.24305	0.07382	0.00362	0.00099	0.00151	0.00508	0.00233	0.00239
26	0.00309	0.00219	0.00284	0.00330	0.00345	0.00206	0.00217	0.00348	0.00460	0.00613	0.02596	0.74497	0.03423	0.13614	0.00446	0.00119	0.00156	0.01407	0.00217	0.00193
27	0.00510	0.00437	0.00510	0.00364	0.00582	0.00328	0.00291	0.00619	0.00510	0.00801	0.00437	0.00510	0.00364	0.00182	0.00182	0.00036	0.00182	0.00146	0.00146	0.92867
28	0.00400	0.00249	0.00285	0.00278	0.00289	0.00245	0.00161	0.00405	0.00377	0.05595	0.00785	0.01564	0.00877	0.86159	0.01193	0.00229	0.00237	0.00351	0.00158	0.00164
29	0.02853	0.00254	0.00300	0.00297	0.00361	0.00230	0.00219	0.00429	0.00599	0.03007	0.38925	0.17002	0.32030	0.02013	0.00304	0.00086	0.00130	0.00498	0.00245	0.00222
30	0.02466	0.00278	0.00314	0.00297	0.00389	0.00242	0.00229	0.00498	0.00590	0.13117	0.13049	0.05551	0.57095	0.00563	0.00284	0.00083	0.00142	0.04327	0.00242	0.00242
31	0.00697	0.00340	0.00443	0.00393	0.00505	0.00314	0.00302	0.00831	0.08473	0.41156	0.13369	0.28188	0.02969	0.00481	0.00274	0.00084	0.00173	0.00418	0.00270	0.00320
32	0.60666	0.00402	0.00349	0.00317	0.00442	0.00445	0.00254	0.00686	0.00481	0.06520	0.10185	0.04648	0.00619	0.00294	0.00183	0.00075	0.00171	0.00212	0.12787	0.00264
33	0.00409	0.00263	0.00335	0.00343	0.00407	0.00241	0.00262	0.00488	0.00575	0.09856	0.19650	0.25716	0.20821	0.02906	0.00325	0.00095	0.00158	0.16674	0.00242	0.00234
34	0.00494	0.00346	0.00413	0.00366	0.00461	0.00346	0.00283	0.09713	0.13059	0.07377	0.54760	0.01552	0.08934	0.00453	0.00277	0.00078	0.00150	0.00390	0.00264	0.00284
35	0.00325	0.00233	0.00276	0.00293	0.00317	0.00219	0.00189	0.00361	0.00460	0.00604	0.09101	0.31525	0.16884	0.37310	0.00686	0.00151	0.00176	0.00507	0.00200	0.00183
36	0.00336	0.00249	0.00293	0.00290	0.00357	0.00220	0.00215	0.00417	0.00603	0.03203	0.35662	0.14723	0.41367	0.00589	0.00292	0.00083	0.00126	0.00508	0.00246	0.00221
37	0.00538	0.00538	0.00753	0.00645	0.00645	0.00753	0.00538	0.00591	0.00376	0.00591	0.00323	0.00538	0.00323	0.00430	0.00806	0.00108	0.90915	0.00215	0.00108	0.00269
38	0.00297	0.00223	0.00275	0.00317	0.00350	0.00202	0.00217	0.00345	0.00494	0.00637	0.01658	0.67411	0.25223	0.00730	0.00307	0.00095	0.00138	0.00650	0.00228	0.00202
39	0.20034	0.00358	0.00407	0.00357	0.00465	0.00363	0.00275	0.03021	0.01565	0.25149	0.05936	0.01092	0.08899	0.16455	0.14436	0.00155	0.00268	0.00281	0.00207	0.00278
40	0.00317	0.00224	0.00290	0.00329	0.00343	0.00217	0.00216	0.00354	0.00438	0.00588	0.01163	0.63070	0.01373	0.21842	0.07899	0.00156	0.00207	0.00584	0.00202	0.00189
41	0.00299	0.00214	0.00285	0.00342	0.00356	0.00200	0.00228	0.00342	0.00470	0.00627	0.01354	0.91204	0.01625	0.00770	0.00314	0.00100	0.00143	0.00699	0.00228	0.00200
42	0.00538	0.00538	0.00753	0.00645	0.00645	0.00753	0.00538	0.00591	0.00376	0.00591	0.00323	0.00538	0.00323	0.00430	0.00806	0.00108	0.90915	0.00215	0.00108	0.00269
43	0.00492	0.05462	0.12946	0.07509	0.36458	0.00489	0.03746	0.00628	0.00521	0.00721	0.00748	0.21650	0.04356	0.00410	0.02701	0.00089	0.00275	0.00336	0.00147	0.00315
44	0.00600	0.31211	0.10636	0.00541	0.00703	0.09771	0.07771	0.03097	0.00560	0.02148	0.14114	0.00722	0.01680	0.00330	0.01805	0.00078	0.13564	0.00224	0.00143	0.00301
45	0.83063	0.00498	0.00402	0.00350	0.00506	0.00574	0.00288	0.10337	0.00498	0.01151	0.00369	0.00420	0.00283	0.00235	0.00162	0.00076	0.00199	0.00143	0.00162	0.00283
46	0.00934	0.00688	0.00737	0.00565	0.00762	0.00762	0.00467	0.89013	0.01155	0.01549	0.00590	0.00590	0.00418	0.00295	0.00246	0.00074	0.00270	0.00221	0.00246	0.00418
47	0.02390	0.00943	0.00668	0.00589	0.00730	0.54910	0.00452	0.15951	0.19344	0.00859	0.00545	0.00566	0.00424	0.00277	0.00230	0.00069	0.00358	0.00194	0.00173	0.00329
48	0.00923	0.01121	0.00696	0.00624	0.00757	0.82304	0.00471	0.06736	0.00726	0.02869	0.00408	0.00462	0.00330	0.00257	0.00224	0.00064	0.00426	0.00165	0.00139	0.00297
49	0.00510	0.00437	0.00510	0.00364	0.00582	0.00328	0.00291	0.00619	0.00510	0.00801	0.00437	0.00510	0.00364	0.00182	0.00182	0.00036	0.00182	0.00146	0.00146	0.92867
50	0.00299	0.00220	0.00281	0.00328	0.00353	0.00202	0.00222	0.00347	0.00489	0.00642	0.03784	0.75894	0.14556	0.00741	0.00310	0.00097	0.00139	0.00666	0.00229	0.00202
51	0.76075	0.00500	0.00417	0.00361	0.00518	0.00573	0.00297	0.10166	0.05589	0.03004	0.00419	0.00458	0.00317	0.00243	0.00170	0.00076	0.00199	0.00153	0.00171	0.00292
52	0.00402	0.02552	0.00377	0.00336	0.00417	0.00315	0.00259	0.09914	0.01925	0.00824	0.21967	0.07339	0.32859	0.00758	0.15999	0.00135	0.00237	0.00415	0.02727	0.00243
53	0.02110	0.31343	0.07920	0.01688	0.18379	0.05149	0.00506	0.05917	0.07648	0.05886	0.07799	0.00666	0.00560	0.00312	0.03060	0.00078	0.00277	0.00208	0.00156	0.00339

[dist]
# distance from previous block
# <min> <max>
3	5

[block]
# block no. 5 follows, 122 sequences, length 34
# corresponding to MSA columns:
# 265-298
name=unknown_F
#
# <colnr> <probs for GDERKNQSTAVLIFYWHMCP>
#	G	D	E	R	K	N	Q	S	T	A	V	L	I	F	Y	W	H	M	C	P
0	0.00706	0.07933	0.00837	0.00947	0.38140	0.22979	0.00566	0.12631	0.02563	0.00825	0.00538	0.06180	0.00480	0.00300	0.01110	0.00075	0.00315	0.02380	0.00150	0.00344
1	0.00305	0.00247	0.00271	0.00272	0.00344	0.00213	0.00203	0.00378	0.00581	0.00730	0.20773	0.09519	0.62727	0.00610	0.00293	0.00084	0.00126	0.01875	0.00237	0.00212
2	0.00628	0.00599	0.00614	0.09182	0.06223	0.16750	0.00406	0.07698	0.00599	0.02181	0.00448	0.00529	0.00361	0.00214	0.00205	0.00051	0.00258	0.00167	0.00148	0.52740
3	0.00358	0.00240	0.00272	0.00274	0.00275	0.00240	0.00156	0.00362	0.00364	0.00484	0.00790	0.01643	0.00909	0.88608	0.01223	0.00234	0.00238	0.03027	0.00151	0.00151
4	0.00413	0.00288	0.00413	0.00402	0.00458	0.00324	0.00313	0.04499	0.00449	0.05139	0.00711	0.06120	0.00663	0.01633	0.76565	0.00347	0.00588	0.00286	0.00151	0.00237
5	0.00520	0.00456	0.00570	0.00413	0.00629	0.00362	0.05746	0.00668	0.05614	0.00813	0.00473	0.00542	0.00387	0.00192	0.00193	0.00042	0.00197	0.00162	0.00150	0.81871
6	0.00469	0.00427	0.00455	0.00440	0.00507	0.13337	0.00338	0.02736	0.09007	0.00646	0.00692	0.06424	0.00642	0.01365	0.61008	0.00291	0.00542	0.00275	0.00151	0.00249
7	0.00359	0.00265	0.00314	0.00318	0.00358	0.00265	0.00220	0.02216	0.04961	0.00632	0.05271	0.16773	0.18809	0.33509	0.11349	0.00180	0.00242	0.03567	0.00191	0.00202
8	0.05654	0.00254	0.00333	0.00350	0.00387	0.00269	0.00253	0.00411	0.00438	0.00634	0.05367	0.32481	0.03770	0.11043	0.36940	0.00232	0.00363	0.00434	0.00178	0.00208
9	0.00559	0.00362	0.00430	0.00375	0.00475	0.00363	0.00290	0.14522	0.08215	0.12659	0.36969	0.05070	0.07593	0.06048	0.01717	0.00092	0.00177	0.00370	0.03423	0.00290
10	0.00607	0.00538	0.00836	0.01163	0.60730	0.00547	0.00620	0.14586	0.00638	0.00891	0.00633	0.15868	0.00602	0.00324	0.00256	0.00078	0.00263	0.00300	0.00159	0.00362
11	0.00657	0.91513	0.01288	0.00420	0.00631	0.00972	0.00420	0.00736	0.00499	0.00578	0.00342	0.00394	0.00315	0.00210	0.00158	0.00053	0.00263	0.00131	0.00105	0.00315
12	0.00309	0.00230	0.00288	0.00318	0.00356	0.00209	0.00223	0.00372	0.00536	0.00709	0.19512	0.53787	0.19485	0.00684	0.00305	0.00092	0.00135	0.02005	0.00237	0.00208
13	0.00419	0.00335	0.00482	0.00595	0.20923	0.00343	0.00342	0.00500	0.01945	0.00675	0.16850	0.05027	0.01011	0.33892	0.13238	0.00181	0.02500	0.00338	0.00166	0.00238
14	0.32378	0.00448	0.00483	0.00405	0.00557	0.00464	0.00332	0.12945	0.00633	0.32304	0.01853	0.00899	0.00582	0.05913	0.00286	0.00089	0.00213	0.08658	0.00227	0.00329
15	0.00344	0.00238	0.00283	0.00301	0.00315	0.00232	0.00193	0.00368	0.00414	0.00546	0.01053	0.21826	0.06205	0.57163	0.00898	0.00186	0.00209	0.08876	0.00179	0.00171
16	0.00559	0.00438	0.00415	0.00389	0.00457	0.14563	0.00283	0.03452	0.04119	0.10632	0.07251	0.04158	0.04391	0.35259	0.01366	0.00144	0.00251	0.09967	0.01668	0.00239
17	0.01877	0.00389	0.00355	0.00340	0.00416	0.13307	0.00253	0.00540	0.00599	0.04487	0.25509	0.09389	0.26087	0.02701	0.02401	0.00088	0.00189	0.00403	0.10436	0.00236
18	0.00349	0.00261	0.00313	0.00329	0.00367	0.00257	0.00227	0.00459	0.09019	0.00676	0.11068	0.37022	0.12944	0.20278	0.04236	0.00136	0.00185	0.01449	0.00214	0.00213
19	0.00438	0.00294	0.00358	0.00359	0.00418	0.00287	0.00264	0.09909	0.00578	0.06133	0.06463	0.37777	0.11722	0.12058	0.00416	0.00110	0.00177	0.09904	0.02099	0.00236
20	0.00430	0.00312	0.00374	0.00368	0.00432	0.00312	0.00278	0.12031	0.03616	0.01382	0.14512	0.23257	0.13243	0.10563	0.00426	0.03542	0.00181	0.14279	0.00225	0.00237
21	0.00393	0.00268	0.00329	0.00331	0.00378	0.00257	0.00235	0.04964	0.00553	0.04271	0.20413	0.27483	0.10836	0.21589	0.00518	0.00124	0.00172	0.06446	0.00223	0.00217
22	0.00337	0.00236	0.00271	0.00282	0.00299	0.00228	0.00174	0.00357	0.00413	0.00538	0.01155	0.17782	0.15021	0.58503	0.01926	0.00189	0.00208	0.01735	0.00177	0.00169
23	0.13960	0.00442	0.00477	0.00411	0.00526	0.00472	0.00319	0.32927	0.00749	0.04531	0.14424	0.16765	0.02425	0.07937	0.01032	0.00095	0.00206	0.00344	0.01658	0.00299
24	0.00463	0.00321	0.00370	0.00337	0.00426	0.00309	0.00253	0.06883	0.07170	0.07329	0.14172	0.08684	0.24555	0.10793	0.05548	0.00113	0.00193	0.00390	0.05746	0.05946
25	0.00427	0.00378	0.00663	0.00527	0.00617	0.00361	0.29107	0.00513	0.00484	0.00658	0.13788	0.04394	0.00958	0.45186	0.00764	0.00159	0.00274	0.00360	0.00161	0.00222
26	0.00427	0.00318	0.00374	0.00348	0.00426	0.00311	0.00263	0.15337	0.00703	0.00947	0.40098	0.18711	0.18914	0.00543	0.00287	0.00082	0.00150	0.01259	0.00250	0.00252
27	0.06113	0.00292	0.00342	0.00330	0.00372	0.00302	0.00228	0.04919	0.00470	0.04715	0.06007	0.14436	0.05654	0.41866	0.09765	0.00186	0.02469	0.01146	0.00182	0.00208
28	0.00386	0.00306	0.00367	0.00363	0.00396	0.05452	0.00260	0.00441	0.00399	0.00539	0.00683	0.01164	0.00696	0.33610	0.53493	0.00320	0.00496	0.00291	0.00137	0.00198
29	0.21795	0.00335	0.00369	0.00338	0.00413	0.00359	0.00250	0.02045	0.00452	0.12013	0.02471	0.01867	0.00662	0.31450	0.16330	0.00187	0.02677	0.00267	0.05483	0.00237
30	0.00442	0.00376	0.00430	0.00330	0.00503	0.00290	0.00260	0.00539	0.00534	0.00776	0.06571	0.01081	0.24018	0.00318	0.00217	0.00051	0.00163	0.00263	0.00175	0.62664
31	0.00741	0.00870	0.00565	0.00523	0.00628	0.60989	0.00389	0.00793	0.00634	0.02699	0.00827	0.07052	0.15816	0.00390	0.00286	0.05774	0.00348	0.00263	0.00154	0.00258
32	0.00610	0.00454	0.03289	0.00431	0.00578	0.00429	0.00350	0.11016	0.20738	0.12801	0.10723	0.07693	0.01449	0.02248	0.05869	0.00095	0.00225	0.01583	0.00222	0.19197
33	0.00303	0.00217	0.00290	0.00347	0.00363	0.00203	0.00235	0.00349	0.00474	0.00632	0.01352	0.87517	0.01616	0.00766	0.00315	0.00100	0.00146	0.04346	0.00228	0.00201

[dist]
# distance from previous block
# <min> <max>
0	2

[block]
# block no. 6 follows, 122 sequences, length 54
# corresponding to MSA columns:
# 301-354
name=unknown_G
#
# <colnr> <probs for GDERKNQSTAVLIFYWHMCP>
#	G	D	E	R	K	N	Q	S	T	A	V	L	I	F	Y	W	H	M	C	P
0	0.54898	0.00612	0.00498	0.00423	0.00583	0.13591	0.00342	0.17749	0.00622	0.08026	0.00444	0.00476	0.00329	0.00250	0.00188	0.00074	0.00244	0.00162	0.00178	0.00310
1	0.00570	0.28101	0.07413	0.00581	0.00671	0.00806	0.00529	0.00649	0.00424	0.00601	0.00337	0.00493	0.00320	0.00349	0.00569	0.00089	0.56916	0.00187	0.00107	0.00290
2	0.00605	0.00511	0.00548	0.00406	0.00614	0.06403	0.00324	0.09691	0.00596	0.04625	0.00471	0.00527	0.00377	0.00203	0.00194	0.00044	0.00210	0.00158	0.00161	0.73332
3	0.00654	0.86949	0.01248	0.00422	0.00626	0.03001	0.00417	0.00734	0.00509	0.00590	0.02783	0.00435	0.00370	0.00219	0.00163	0.00053	0.00263	0.00141	0.00110	0.00312
4	0.00918	0.01171	0.00696	0.00633	0.00760	0.90378	0.00475	0.00981	0.00696	0.00601	0.00380	0.00443	0.00317	0.00253	0.00222	0.00063	0.00443	0.00158	0.00127	0.00285
5	0.00588	0.00350	0.00468	0.00417	0.00512	0.00375	0.00332	0.12615	0.00567	0.18856	0.00720	0.00886	0.00587	0.01235	0.54930	0.00268	0.00485	0.00252	0.05267	0.00287
