[name]
cox1

[dist]
# distance from previous block
# <min> <max>
7	123

[block]
# block no. 0 follows, 234 sequences, length 18
# corresponding to MSA columns:
# 131-148
name=unknown_A
#
# <colnr> <probs for GDERKNQSTAVLIFYWHMCP>
#	G	D	E	R	K	N	Q	S	T	A	V	L	I	F	Y	W	H	M	C	P
0	0.02425	0.35168	0.00436	0.00234	0.00324	0.00340	0.00203	0.06180	0.09372	0.23122	0.04583	0.08556	0.05980	0.00194	0.00126	0.00040	0.00121	0.02298	0.00114	0.00185
1	0.01262	0.00170	0.00224	0.00218	0.00260	0.00163	0.00167	0.04394	0.00316	0.22614	0.03980	0.34425	0.01395	0.06441	0.07831	0.00071	0.00126	0.15664	0.00131	0.00148
2	0.00470	0.00332	0.00403	0.00305	0.00417	0.00341	0.07792	0.52193	0.04964	0.14460	0.01366	0.00362	0.00263	0.00154	0.00134	0.00039	0.00142	0.00125	0.00128	0.15612
3	0.00246	0.01616	0.08483	0.01231	0.01925	0.01771	0.00200	0.01522	0.04842	0.03851	0.24049	0.22562	0.04793	0.03243	0.02444	0.00054	0.07442	0.04908	0.00116	0.04702
4	0.03249	0.02026	0.00244	0.00221	0.00273	0.13267	0.00167	0.03947	0.00303	0.02522	0.01478	0.22403	0.11101	0.07033	0.10137	0.00068	0.00148	0.06614	0.00103	0.14699
5	0.00218	0.00152	0.00173	0.00169	0.00198	0.02088	0.00119	0.03119	0.00270	0.02385	0.01691	0.06030	0.40522	0.12562	0.02712	0.27061	0.00107	0.00219	0.00102	0.00103
6	0.00317	0.00332	0.00562	0.46886	0.00793	0.07947	0.35879	0.04847	0.00320	0.00408	0.00258	0.00357	0.00195	0.00131	0.00146	0.00045	0.00205	0.00135	0.00069	0.00169
7	0.00946	0.00168	0.00197	0.00199	0.00237	0.00168	0.00148	0.00333	0.17982	0.03955	0.10622	0.30189	0.17353	0.05492	0.00190	0.00055	0.00090	0.08181	0.03356	0.00139
8	0.34262	0.02376	0.26854	0.03760	0.03362	0.01396	0.08765	0.04640	0.08738	0.00521	0.00265	0.00308	0.00201	0.00170	0.03802	0.00050	0.00164	0.00106	0.00081	0.00179
9	0.00183	0.00128	0.00159	0.00176	0.00183	0.00122	0.00112	0.00199	0.00239	0.00319	0.00617	0.53915	0.00730	0.38581	0.00385	0.00086	0.00102	0.01918	0.00109	0.01736
10	0.02702	0.00319	0.01283	0.00362	0.00470	0.04137	0.29281	0.18978	0.00399	0.27764	0.02125	0.00407	0.00281	0.00229	0.08756	0.00059	0.00187	0.00141	0.00115	0.02005
11	0.02644	0.30341	0.05398	0.00319	0.01571	0.01392	0.13520	0.25032	0.03385	0.01702	0.00299	0.00344	0.01390	0.00181	0.03861	0.00046	0.02686	0.01053	0.04647	0.00189
12	0.00302	0.00239	0.00280	0.00212	0.00318	0.00195	0.00168	0.06866	0.02154	0.04431	0.02543	0.10625	0.00318	0.00151	0.00116	0.00028	0.00103	0.00126	0.00097	0.70730
13	0.31228	0.01728	0.00324	0.07914	0.04855	0.07645	0.00223	0.13270	0.00361	0.30693	0.00332	0.00335	0.00230	0.00148	0.00119	0.00042	0.00136	0.00109	0.00115	0.00192
14	0.02823	0.01581	0.00350	0.00295	0.00376	0.19870	0.00231	0.33901	0.27964	0.00605	0.01647	0.06988	0.00340	0.02222	0.00148	0.00044	0.00151	0.00146	0.00120	0.00198
15	0.01438	0.14114	0.01309	0.08908	0.00449	0.01577	0.15542	0.05791	0.06542	0.03916	0.01357	0.01744	0.06836	0.00151	0.00127	0.00036	0.00141	0.01724	0.00090	0.28207
16	0.00216	0.00163	0.00183	0.00173	0.00210	0.00158	0.00125	0.04881	0.07585	0.01416	0.24020	0.01877	0.34129	0.22253	0.01958	0.00069	0.00096	0.00237	0.00124	0.00127
17	0.00198	0.00140	0.00181	0.00203	0.00226	0.00133	0.00155	0.00236	0.00285	0.02133	0.00796	0.36661	0.13760	0.10302	0.00233	0.00065	0.00101	0.33953	0.00123	0.00117

[dist]
# distance from previous block
# <min> <max>
2	10

[block]
# block no. 1 follows, 234 sequences, length 15
# corresponding to MSA columns:
# 160-174
name=unknown_B
#
# <colnr> <probs for GDERKNQSTAVLIFYWHMCP>
#	G	D	E	R	K	N	Q	S	T	A	V	L	I	F	Y	W	H	M	C	P
0	0.00184	0.00140	0.00155	0.00158	0.00199	0.00121	0.00118	0.00221	0.00313	0.03807	0.08190	0.18349	0.64039	0.00352	0.00165	0.00048	0.00075	0.03116	0.00131	0.00121
1	0.00240	0.00158	0.00186	0.00175	0.00219	0.00145	0.00130	0.03079	0.02110	0.11180	0.19311	0.10884	0.39871	0.08222	0.03414	0.00059	0.00094	0.00255	0.00132	0.00135
2	0.00326	0.03493	0.05461	0.00307	0.00385	0.10258	0.13377	0.05482	0.31574	0.01555	0.01655	0.08286	0.02656	0.10801	0.03714	0.00061	0.00158	0.00170	0.00106	0.00175
3	0.07546	0.00158	0.00186	0.00173	0.00199	0.00155	0.00115	0.00291	0.00240	0.15935	0.01546	0.02983	0.04079	0.51799	0.00497	0.13589	0.00122	0.00177	0.00098	0.00112
4	0.00374	0.00428	0.00465	0.00389	0.00432	0.31625	0.13441	0.00418	0.00286	0.00348	0.00205	0.00293	0.00183	0.00190	0.00302	0.00050	0.50232	0.00116	0.00065	0.00158
5	0.24272	0.00304	0.00320	0.00313	0.09198	0.13693	0.01433	0.00442	0.01875	0.17871	0.00321	0.04380	0.00263	0.00291	0.13450	0.00069	0.11118	0.00124	0.00095	0.00169
6	0.00244	0.09375	0.00291	0.00231	0.00254	0.02645	0.01884	0.00260	0.00237	0.00315	0.00469	0.16798	0.09963	0.17443	0.04648	0.13568	0.20979	0.00195	0.00084	0.00117
7	0.00178	0.00125	0.00159	0.00177	0.00194	0.00115	0.00121	0.00194	0.00269	0.00350	0.05818	0.56098	0.21390	0.00411	0.00223	0.13548	0.00082	0.00323	0.00119	0.00106
8	0.00223	0.00154	0.00209	0.00231	0.00257	0.00154	0.00188	0.02027	0.02727	0.00390	0.02190	0.15340	0.02040	0.01930	0.00242	0.13555	0.00117	0.57792	0.00118	0.00118
9	0.01222	0.00157	0.00173	0.00168	0.00193	0.00155	0.00112	0.01672	0.09222	0.01525	0.09790	0.04380	0.21852	0.48305	0.00431	0.00090	0.00108	0.00224	0.00109	0.00114
10	0.00200	0.00131	0.00159	0.00161	0.00167	0.00129	0.00099	0.00202	0.00224	0.00299	0.07882	0.08512	0.05502	0.58810	0.03405	0.13601	0.00125	0.00211	0.00091	0.00089
11	0.00191	0.00137	0.00163	0.00174	0.00190	0.00131	0.00120	0.00214	0.00256	0.00331	0.02633	0.16906	0.17667	0.43175	0.00412	0.00090	0.00110	0.16890	0.00108	0.00103
12	0.00278	0.00206	0.00219	0.00210	0.00258	0.07208	0.00161	0.01202	0.10174	0.11002	0.16703	0.15834	0.20672	0.02052	0.00168	0.00049	0.00101	0.10877	0.02481	0.00147
13	0.00215	0.00155	0.00192	0.00188	0.00220	0.00149	0.00137	0.05805	0.01190	0.01462	0.34620	0.25168	0.09160	0.11080	0.02887	0.00062	0.00095	0.03763	0.00129	0.03324
14	0.00184	0.00143	0.00168	0.00177	0.00213	0.00129	0.00139	0.00228	0.00317	0.00401	0.13778	0.06777	0.48460	0.03806	0.00190	0.00054	0.00087	0.24501	0.00129	0.00119

[dist]
# distance from previous block
# <min> <max>
0	31

[block]
# block no. 2 follows, 234 sequences, length 10
# corresponding to MSA columns:
# 206-215
name=unknown_C
#
# <colnr> <probs for GDERKNQSTAVLIFYWHMCP>
#	G	D	E	R	K	N	Q	S	T	A	V	L	I	F	Y	W	H	M	C	P
0	0.00226	0.00121	0.00178	0.00182	0.00184	0.00122	0.00122	0.00185	0.00192	0.00258	0.00316	0.11898	0.00335	0.03777	0.05953	0.75525	0.00129	0.00157	0.00069	0.00070
1	0.00220	0.00160	0.00196	0.00203	0.00231	0.00158	0.00148	0.10700	0.01744	0.00433	0.10216	0.48741	0.10206	0.05179	0.00203	0.01893	0.00093	0.09019	0.00128	0.00128
2	0.00201	0.00168	0.00279	0.00260	0.00291	0.00158	0.17304	0.00240	0.00269	0.00360	0.00634	0.65266	0.00734	0.10442	0.00229	0.00062	0.00114	0.02753	0.00112	0.00122
3	0.03760	0.00188	0.00229	0.00197	0.00255	0.00175	0.00146	0.01988	0.01510	0.02461	0.01892	0.04591	0.00359	0.21995	0.23634	0.02748	0.00175	0.00144	0.00086	0.33467
4	0.00283	0.00234	0.00306	0.17669	0.09336	0.04442	0.01978	0.03269	0.01389	0.04862	0.02000	0.01756	0.11560	0.09423	0.10523	0.00067	0.00159	0.00152	0.04847	0.15743
5	0.06343	0.00235	0.00259	0.00220	0.00289	0.00242	0.00172	0.22226	0.10067	0.16964	0.07358	0.03311	0.13593	0.08144	0.00184	0.00050	0.00108	0.00173	0.09885	0.00176
6	0.00178	0.00135	0.00158	0.00169	0.00192	0.00126	0.00116	0.00214	0.02677	0.00354	0.04522	0.36477	0.31964	0.17690	0.04326	0.00073	0.00099	0.00300	0.00118	0.00112
7	0.05579	0.03091	0.00246	0.01671	0.03303	0.01255	0.00168	0.08433	0.12126	0.02707	0.10795	0.07208	0.25730	0.06722	0.09396	0.00068	0.00128	0.01107	0.00117	0.00149
8	0.00241	0.00208	0.00226	0.00228	0.00257	0.09520	0.02295	0.05324	0.06196	0.00385	0.00605	0.53957	0.01815	0.07892	0.08199	0.00072	0.00135	0.02201	0.00114	0.00130
9	0.00200	0.00149	0.00200	0.06899	0.04114	0.00153	0.00146	0.00230	0.00250	0.00339	0.10187	0.21613	0.04107	0.37500	0.13215	0.00105	0.00149	0.00234	0.00098	0.00111

[dist]
# distance from previous block
# <min> <max>
0	108

[block]
# block no. 3 follows, 234 sequences, length 7
# corresponding to MSA columns:
# 337-343
name=unknown_D
#
# <colnr> <probs for GDERKNQSTAVLIFYWHMCP>
#	G	D	E	R	K	N	Q	S	T	A	V	L	I	F	Y	W	H	M	C	P
0	0.03016	0.10069	0.04979	0.00251	0.00324	0.15392	0.01682	0.09210	0.05411	0.10289	0.14262	0.11794	0.08971	0.03551	0.00159	0.00045	0.00134	0.00182	0.00114	0.00165
1	0.02814	0.00466	0.42205	0.06614	0.03489	0.00304	0.02191	0.12879	0.06925	0.09336	0.00339	0.04901	0.00263	0.00217	0.06402	0.00056	0.00182	0.00131	0.00091	0.00197
2	0.02317	0.03945	0.00383	0.00339	0.10303	0.04929	0.05325	0.33824	0.04210	0.05725	0.01667	0.02002	0.04189	0.11711	0.06858	0.00066	0.01768	0.00147	0.00108	0.00185
3	0.08028	0.09988	0.02598	0.06592	0.11080	0.12024	0.00246	0.11096	0.09716	0.07283	0.10393	0.00464	0.02370	0.00170	0.00129	0.00041	0.00141	0.02234	0.05227	0.00181
4	0.00374	0.08567	0.00364	0.00300	0.02958	0.27607	0.01541	0.08575	0.03807	0.06100	0.05369	0.14191	0.03775	0.01701	0.02437	0.00049	0.10793	0.01231	0.00098	0.00162
5	0.00341	0.01999	0.01797	0.03187	0.16499	0.03666	0.02233	0.15050	0.06449	0.08095	0.19161	0.06813	0.01472	0.01789	0.00150	0.00043	0.00125	0.01410	0.03640	0.06081
6	0.00301	0.07277	0.28788	0.10127	0.14972	0.05337	0.06366	0.03662	0.04516	0.00430	0.04733	0.02112	0.06279	0.02587	0.01892	0.00048	0.00173	0.00139	0.00079	0.00181

[dist]
# distance from previous block
# <min> <max>
1	15

[block]
# block no. 4 follows, 234 sequences, length 7
# corresponding to MSA columns:
# 361-367
name=unknown_E
#
# <colnr> <probs for GDERKNQSTAVLIFYWHMCP>
#	G	D	E	R	K	N	Q	S	T	A	V	L	I	F	Y	W	H	M	C	P
0	0.09971	0.03856	0.04891	0.00287	0.00388	0.03229	0.03197	0.46935	0.02487	0.11198	0.06276	0.00391	0.00308	0.01644	0.02702	0.01637	0.00149	0.00128	0.00122	0.00203
1	0.07209	0.01966	0.01443	0.00292	0.08200	0.16541	0.00208	0.09361	0.10194	0.03743	0.06717	0.11996	0.12794	0.02532	0.06145	0.00057	0.00149	0.00182	0.00108	0.00163
2	0.00239	0.00214	0.03182	0.06373	0.00348	0.00203	0.15103	0.01931	0.05661	0.00391	0.11235	0.00856	0.07106	0.34389	0.00355	0.00079	0.00140	0.11965	0.00099	0.00131
3	0.01944	0.00287	0.00318	0.00299	0.08103	0.07548	0.00214	0.15018	0.18110	0.17229	0.11104	0.00528	0.02025	0.07739	0.03737	0.00055	0.00138	0.00150	0.00124	0.05331
4	0.00280	0.05544	0.00389	0.00320	0.00331	0.00371	0.00265	0.00312	0.00223	0.00332	0.00287	0.08251	0.03548	0.00319	0.08190	0.00071	0.70606	0.00148	0.00069	0.00145
5	0.16142	0.00333	0.00347	0.00275	0.00372	0.00365	0.00223	0.58901	0.07515	0.04737	0.00336	0.00362	0.00252	0.05438	0.00159	0.00046	0.00136	0.00121	0.00125	0.03813
6	0.34047	0.00330	0.00306	0.00292	0.08355	0.14252	0.00211	0.03167	0.15190	0.10835	0.00307	0.00320	0.00232	0.00141	0.00113	0.00039	0.00134	0.00103	0.00101	0.11524

[dist]
# distance from previous block
# <min> <max>
6	49

[block]
# block no. 5 follows, 234 sequences, length 22
# corresponding to MSA columns:
# 422-443
name=unknown_F
#
# <colnr> <probs for GDERKNQSTAVLIFYWHMCP>
#	G	D	E	R	K	N	Q	S	T	A	V	L	I	F	Y	W	H	M	C	P
0	0.03752	0.00296	0.00318	0.00264	0.00350	0.00326	0.00212	0.34687	0.33856	0.09730	0.00445	0.00431	0.00325	0.00171	0.00130	0.00042	0.00118	0.00135	0.14202	0.00209
1	0.00218	0.00172	0.00189	0.00180	0.00227	0.00163	0.00137	0.10791	0.04158	0.00468	0.18911	0.11827	0.49423	0.00318	0.00161	0.00047	0.00082	0.02261	0.00134	0.00136
2	0.00185	0.00141	0.00162	0.00167	0.00195	0.00131	0.00117	0.01897	0.02657	0.00386	0.13557	0.26506	0.36293	0.15657	0.01266	0.00064	0.00088	0.00289	0.00123	0.00116
3	0.00229	0.00192	0.00218	0.00179	0.00259	0.00152	0.00137	0.00276	0.00291	0.00408	0.02112	0.09690	0.31426	0.03522	0.00150	0.00037	0.00090	0.00187	0.00102	0.50345
4	0.00430	0.00245	0.00293	0.00251	0.00332	0.00251	0.00198	0.00629	0.41730	0.39188	0.04189	0.10747	0.00473	0.00210	0.00144	0.00046	0.00107	0.00177	0.00151	0.00209
5	0.08596	0.00198	0.00229	0.00205	0.00265	0.00193	0.00157	0.11710	0.01025	0.22996	0.03846	0.24989	0.18897	0.05122	0.00177	0.00051	0.00100	0.00232	0.00851	0.00160
6	0.01431	0.00154	0.00191	0.11743	0.00278	0.00153	0.00142	0.00238	0.02548	0.01553	0.04591	0.00902	0.37536	0.21553	0.00340	0.16122	0.00108	0.00211	0.00099	0.00109
7	0.00192	0.00128	0.00166	0.00192	0.00209	0.00123	0.00140	0.00231	0.00277	0.00389	0.00700	0.61479	0.00793	0.00375	0.00165	0.00053	0.00086	0.18024	0.16159	0.00117
8	0.00178	0.00130	0.00167	0.00193	0.00210	0.00121	0.00139	0.00209	0.00278	0.00363	0.02006	0.60881	0.14035	0.04064	0.00196	0.00059	0.00088	0.16442	0.00126	0.00114
9	0.00307	0.00251	0.00234	0.00225	0.00270	0.17187	0.00166	0.03058	0.04246	0.12285	0.08579	0.34286	0.14532	0.02790	0.00170	0.00049	0.00117	0.00979	0.00124	0.00145
10	0.00175	0.00139	0.00158	0.00168	0.00200	0.00126	0.00120	0.00225	0.04757	0.00384	0.07430	0.36208	0.47467	0.01577	0.00173	0.00051	0.00076	0.00317	0.00129	0.00120
11	0.02130	0.00267	0.00302	0.00253	0.00332	0.00278	0.00201	0.34457	0.12445	0.19425	0.03375	0.16346	0.09117	0.00233	0.00146	0.00045	0.00116	0.00193	0.00141	0.00196
12	0.00242	0.00189	0.00219	0.00214	0.00255	0.00196	0.00158	0.07110	0.23846	0.00491	0.21759	0.35839	0.08314	0.00310	0.00160	0.00049	0.00088	0.00272	0.00137	0.00151
13	0.00323	0.00313	0.00302	0.00229	0.00342	0.15985	0.00180	0.00380	0.00302	0.00429	0.00239	0.00279	0.00199	0.00108	0.00105	0.00023	0.00126	0.00083	0.00080	0.79973
14	0.00365	0.00268	0.00302	0.00247	0.00320	0.00284	0.00198	0.49284	0.00521	0.00710	0.42277	0.00670	0.03517	0.00222	0.00149	0.00042	0.00110	0.00184	0.00143	0.00184
15	0.00238	0.00216	0.00203	0.00211	0.00229	0.15939	0.00144	0.00261	0.00263	0.00324	0.01599	0.41409	0.00612	0.25907	0.11723	0.00093	0.00157	0.00258	0.00100	0.00113
16	0.15900	0.00292	0.00287	0.00247	0.00324	0.11654	0.00193	0.07593	0.13951	0.31468	0.00449	0.10661	0.00364	0.05807	0.00165	0.00049	0.00129	0.00154	0.00128	0.00187
17	0.34182	0.00189	0.00191	0.00185	0.00239	0.00193	0.00140	0.00326	0.00277	0.11957	0.00637	0.34251	0.16191	0.00278	0.00137	0.00048	0.00092	0.00231	0.00118	0.00140
18	0.18139	0.00183	0.00216	0.00206	0.00257	0.00179	0.00154	0.02363	0.00301	0.25703	0.00585	0.49978	0.00600	0.00298	0.00148	0.00049	0.00096	0.00258	0.00131	0.00154
19	0.00199	0.00160	0.00226	0.16026	0.00341	0.00172	0.00184	0.00255	0.00288	0.00385	0.18707	0.01813	0.22892	0.00545	0.33833	0.00109	0.00196	0.03441	0.00102	0.00127
20	0.00353	0.00238	0.00271	0.00240	0.00307	0.00248	0.00186	0.18905	0.24402	0.15465	0.00668	0.25251	0.12353	0.00264	0.00151	0.00047	0.00106	0.00225	0.00139	0.00183
21	0.00213	0.00155	0.00210	0.00237	0.00269	0.00153	0.00203	0.00275	0.01594	0.00405	0.00799	0.07433	0.10907	0.00377	0.00185	0.00061	0.00117	0.76154	0.00127	0.00126

[dist]
# distance from previous block
# <min> <max>
0	8

[block]
# block no. 6 follows, 234 sequences, length 8
# corresponding to MSA columns:
# 452-459
name=unknown_G
#
# <colnr> <probs for GDERKNQSTAVLIFYWHMCP>
#	G	D	E	R	K	N	Q	S	T	A	V	L	I	F	Y	W	H	M	C	P
0	0.00339	0.39927	0.19830	0.00284	0.00404	0.00421	0.00284	0.00537	0.35736	0.00441	0.00342	0.00345	0.00268	0.00146	0.00116	0.00039	0.00144	0.00110	0.00089	0.00197
1	0.00299	0.00477	0.48518	0.00318	0.00448	0.00286	0.00349	0.07812	0.16740	0.02261	0.03415	0.07221	0.00322	0.00208	0.00182	0.10573	0.00158	0.00141	0.00089	0.00184
2	0.00221	0.00176	0.00243	0.00212	0.00250	0.00168	0.10395	0.05249	0.00302	0.00398	0.17421	0.03553	0.21154	0.36151	0.00365	0.00079	0.00117	0.03316	0.00109	0.00120
3	0.00289	0.00232	0.00226	0.00204	0.00249	0.10540	0.00150	0.12290	0.00332	0.05858	0.05875	0.00816	0.25795	0.26880	0.09590	0.00086	0.00149	0.00196	0.00109	0.00135
4	0.00344	0.52889	0.22487	0.00294	0.00423	0.03553	0.05299	0.00431	0.03955	0.02795	0.00271	0.00308	0.02881	0.01852	0.00126	0.00038	0.01706	0.00099	0.00068	0.00182
5	0.00317	0.00247	0.00290	0.00215	0.00326	0.00203	0.00171	0.08494	0.00316	0.05665	0.00280	0.00332	0.00230	0.03354	0.04731	0.00037	0.00121	0.00095	0.00091	0.74484
6	0.03615	0.05199	0.11340	0.00278	0.00385	0.00319	0.00249	0.30219	0.13868	0.22367	0.02733	0.02358	0.06095	0.00181	0.00136	0.00043	0.00133	0.00143	0.00130	0.00210
7	0.21620	0.00159	0.00173	0.00183	0.00214	0.00165	0.00132	0.00248	0.00254	0.00403	0.00641	0.42436	0.11766	0.09947	0.07984	0.00073	0.00115	0.03259	0.00109	0.00119

[dist]
# distance from previous block
# <min> <max>
0	1

[block]
# block no. 7 follows, 234 sequences, length 15
# corresponding to MSA columns:
# 461-475
name=unknown_H
#
# <colnr> <probs for GDERKNQSTAVLIFYWHMCP>
#	G	D	E	R	K	N	Q	S	T	A	V	L	I	F	Y	W	H	M	C	P
0	0.38165	0.00291	0.00276	0.00244	0.00327	0.00336	0.00194	0.08505	0.49107	0.00616	0.00394	0.00383	0.00297	0.00161	0.00118	0.00045	0.00111	0.00121	0.00118	0.00192
1	0.00250	0.37672	0.00381	0.00196	0.00258	0.00286	0.00166	0.00291	0.00301	0.00380	0.17536	0.23506	0.17764	0.00265	0.00136	0.00041	0.00102	0.00221	0.00105	0.00141
2	0.00305	0.00281	0.00428	0.13065	0.44827	0.00266	0.00313	0.00379	0.00297	0.00434	0.00274	0.00342	0.02064	0.00121	0.00124	0.00034	0.00141	0.00110	0.00073	0.36121
3	0.00186	0.00140	0.00172	0.00164	0.00200	0.00126	0.00123	0.00244	0.00370	0.00506	0.70985	0.01100	0.24582	0.00298	0.00162	0.00044	0.00066	0.00259	0.00145	0.00126
4	0.00186	0.00145	0.00197	0.12744	0.00301	0.00143	0.00162	0.00231	0.00300	0.00397	0.20212	0.45920	0.14592	0.00347	0.00166	0.00051	0.00090	0.03571	0.00124	0.00122
5	0.45609	0.00222	0.00229	0.00206	0.00272	0.00247	0.00165	0.03359	0.00263	0.12963	0.00308	0.00385	0.00252	0.03392	0.31468	0.00104	0.00197	0.00112	0.00094	0.00152
6	0.00328	0.00334	0.00572	0.12983	0.00586	0.01979	0.37214	0.08653	0.00305	0.00424	0.00241	0.00339	0.00196	0.00169	0.00262	0.00051	0.34985	0.00137	0.00071	0.00172
7	0.00315	0.00343	0.00657	0.00493	0.00577	0.00376	0.56910	0.00397	0.00279	0.00397	0.00239	0.00343	0.00197	0.00165	0.00276	0.00052	0.37601	0.00146	0.00066	0.00171
8	0.00210	0.00119	0.00171	0.00184	0.00187	0.00116	0.00123	0.00184	0.00212	0.00283	0.00443	0.37777	0.00503	0.00459	0.00394	0.58137	0.00104	0.00226	0.00086	0.00080
9	0.00198	0.00141	0.00187	0.00187	0.00200	0.00153	0.00130	0.00224	0.00211	0.00294	0.00399	0.00711	0.00418	0.45866	0.49894	0.00179	0.00256	0.00172	0.00078	0.00104
10	0.00239	0.00119	0.00179	0.00179	0.00179	0.00119	0.00119	0.00179	0.00179	0.00239	0.00239	0.00418	0.00239	0.00477	0.00537	0.96003	0.00119	0.00119	0.00060	0.00060
11	0.00345	0.00251	0.00272	0.00228	0.00285	0.00268	0.00171	0.43024	0.01875	0.00565	0.03008	0.01961	0.10334	0.36395	0.00355	0.00077	0.00132	0.00178	0.00116	0.00159
12	0.00198	0.00142	0.00193	0.00193	0.00208	0.00157	0.00137	0.00227	0.00212	0.00298	0.00394	0.00681	0.00405	0.38184	0.57559	0.00186	0.00275	0.00168	0.00077	0.00107
13	0.38118	0.00484	0.44798	0.00368	0.12904	0.00316	0.00355	0.00421	0.00271	0.00508	0.00226	0.00270	0.00170	0.00128	0.00113	0.00043	0.00160	0.00094	0.00070	0.00184
14	0.00242	0.00203	0.00270	0.00247	0.00261	0.00253	0.00194	0.00278	0.00235	0.00349	0.01676	0.00591	0.09386	0.13966	0.20665	0.00100	0.37576	0.01606	0.11774	0.00128

[dist]
# distance from previous block
# <min> <max>
12	1058

[block]
# block no. 8 follows, 234 sequences, length 8
# corresponding to MSA columns:
# 1675-1682
name=unknown_I
#
# <colnr> <probs for GDERKNQSTAVLIFYWHMCP>
#	G	D	E	R	K	N	Q	S	T	A	V	L	I	F	Y	W	H	M	C	P
0	0.01788	0.00174	0.00227	0.00222	0.00257	0.00189	0.00174	0.09281	0.01580	0.02229	0.01990	0.06528	0.04342	0.08721	0.45870	0.00140	0.00238	0.14528	0.01386	0.00134
1	0.00186	0.00135	0.00181	0.00209	0.00228	0.00130	0.00158	0.00224	0.00281	0.00370	0.00767	0.54196	0.06775	0.00440	0.05143	0.00066	0.00109	0.30159	0.00124	0.00117
2	0.00212	0.00153	0.00176	0.00175	0.00199	0.00150	0.00120	0.05742	0.03317	0.00376	0.08472	0.17226	0.19501	0.37242	0.00381	0.02366	0.00105	0.03861	0.00112	0.00113
3	0.03492	0.00337	0.00359	0.00292	0.00384	0.14180	0.06086	0.16208	0.08671	0.22966	0.06270	0.03152	0.02393	0.03389	0.00162	0.00046	0.00148	0.00149	0.00128	0.11189
4	0.00261	0.14344	0.14384	0.00238	0.00310	0.07325	0.00217	0.03028	0.03341	0.00400	0.04795	0.28671	0.14330	0.00272	0.00145	0.00045	0.00123	0.04285	0.03336	0.00148
5	0.28148	0.15914	0.19212	0.00303	0.06641	0.03350	0.00272	0.14893	0.00329	0.00526	0.00281	0.09036	0.00247	0.00160	0.00116	0.00041	0.00145	0.00120	0.00086	0.00179
6	0.03937	0.25414	0.02590	0.00199	0.00253	0.04641	0.00160	0.02072	0.01490	0.01570	0.01592	0.02417	0.12383	0.35124	0.05551	0.00083	0.00146	0.00164	0.00085	0.00131
7	0.00198	0.00144	0.00174	0.00186	0.00213	0.00134	0.00133	0.05132	0.00304	0.02418	0.03058	0.52477	0.27232	0.02980	0.00184	0.00054	0.00085	0.04644	0.00128	0.00122

[dist]
# distance from previous block
# <min> <max>
5	30

[block]
# block no. 9 follows, 234 sequences, length 17
# corresponding to MSA columns:
# 1713-1729
name=unknown_J
#
# <colnr> <probs for GDERKNQSTAVLIFYWHMCP>
#	G	D	E	R	K	N	Q	S	T	A	V	L	I	F	Y	W	H	M	C	P
0	0.00221	0.00194	0.00300	0.52810	0.00613	0.00222	0.00265	0.00289	0.00292	0.00377	0.11228	0.17296	0.14885	0.00238	0.00151	0.00047	0.00134	0.00210	0.00093	0.00137
1	0.00279	0.33781	0.00384	0.00222	0.00279	0.11443	0.00180	0.00314	0.00291	0.00347	0.03592	0.40898	0.06941	0.00275	0.00137	0.00043	0.00122	0.00231	0.00097	0.00141
2	0.00174	0.00133	0.00161	0.00176	0.00201	0.00121	0.00125	0.00215	0.02430	0.00386	0.11693	0.50978	0.29875	0.00381	0.00169	0.00051	0.00077	0.02404	0.00131	0.00118
3	0.03219	0.00464	0.44093	0.08932	0.00515	0.00282	0.00361	0.06593	0.01211	0.28164	0.00355	0.00394	0.00250	0.02315	0.00147	0.00046	0.00165	0.02191	0.00100	0.00204
4	0.00220	0.00169	0.00205	0.00205	0.00239	0.00173	0.00152	0.00341	0.20982	0.00474	0.34727	0.29051	0.02335	0.04022	0.00184	0.00053	0.00086	0.06105	0.00137	0.00141
5	0.00354	0.32221	0.00530	0.00362	0.08926	0.12630	0.00285	0.00394	0.00266	0.00340	0.00195	0.00270	0.00182	0.00176	0.00258	0.00045	0.42239	0.00101	0.00062	0.00166
6	0.00396	0.42561	0.00571	0.06949	0.19099	0.27564	0.00291	0.00449	0.00317	0.00354	0.00214	0.00262	0.00185	0.00127	0.00111	0.00035	0.00182	0.00091	0.00064	0.00178
7	0.00311	0.00277	0.00365	0.41475	0.03384	0.00328	0.00296	0.03412	0.47596	0.00482	0.00406	0.00438	0.00305	0.00162	0.00139	0.00046	0.00144	0.00139	0.00103	0.00190
8	0.00188	0.00137	0.00188	0.00193	0.00215	0.00141	0.00141	0.00232	0.00280	0.00391	0.27262	0.24022	0.03057	0.06803	0.35969	0.00119	0.00188	0.00243	0.00111	0.00119
9	0.00191	0.00142	0.00193	0.00192	0.00218	0.00147	0.00144	0.00239	0.00283	0.00395	0.30410	0.06426	0.08559	0.07574	0.44105	0.00133	0.00212	0.00210	0.00107	0.00121
10	0.00182	0.00133	0.00172	0.00177	0.00202	0.00122	0.00127	0.00230	0.00339	0.00466	0.54001	0.34219	0.08442	0.00339	0.00167	0.00048	0.00070	0.00302	0.00141	0.00122
11	0.00263	0.00214	0.00252	0.00201	0.00288	0.00174	0.00156	0.00329	0.03101	0.00495	0.31579	0.00642	0.08122	0.00194	0.00135	0.00034	0.00093	0.00161	0.00115	0.53453
12	0.07965	0.00264	0.04788	0.00244	0.00336	0.00245	0.00205	0.04600	0.21609	0.42151	0.08843	0.00555	0.07206	0.00191	0.00138	0.00044	0.00112	0.00155	0.00145	0.00204
13	0.00373	0.01749	0.04089	0.00383	0.05856	0.32407	0.00300	0.00413	0.00282	0.00344	0.00207	0.01629	0.00191	0.00197	0.00300	0.00049	0.50895	0.00112	0.00065	0.00159
14	0.00277	0.00215	0.00235	0.00215	0.00256	0.00235	0.00153	0.06744	0.37546	0.00455	0.09022	0.00719	0.00522	0.42365	0.00390	0.00084	0.00118	0.00181	0.00116	0.00151
15	0.00326	0.00343	0.00417	0.00360	0.00368	0.11778	0.00296	0.00357	0.00232	0.00331	0.00184	0.00294	0.00180	0.00229	0.00411	0.00057	0.83506	0.00116	0.00061	0.00151
16	0.00179	0.00140	0.00172	0.00176	0.00207	0.00136	0.00131	0.00217	0.00274	0.00354	0.04858	0.12166	0.41646	0.05987	0.30572	0.00109	0.00171	0.02280	0.00109	0.00117

[dist]
# distance from previous block
# <min> <max>
0	20

[block]
# block no. 10 follows, 234 sequences, length 8
# corresponding to MSA columns:
# 1750-1757
name=unknown_K
#
# <colnr> <probs for GDERKNQSTAVLIFYWHMCP>
#	G	D	E	R	K	N	Q	S	T	A	V	L	I	F	Y	W	H	M	C	P
0	0.00200	0.00140	0.00183	0.00188	0.00217	0.00130	0.00142	0.00252	0.00342	0.02970	0.49230	0.25512	0.06720	0.00334	0.00169	0.00049	0.00079	0.12875	0.00141	0.00126
1	0.00168	0.00124	0.00157	0.00181	0.00197	0.00113	0.00123	0.00195	0.00278	0.00363	0.04920	0.73596	0.18267	0.00409	0.00172	0.00053	0.00077	0.00366	0.00129	0.00113
2	0.00381	0.00277	0.00310	0.02694	0.00347	0.00295	0.00207	0.43732	0.10033	0.05609	0.21701	0.00643	0.12742	0.00217	0.00146	0.00043	0.00116	0.00177	0.00139	0.00191
3	0.12736	0.00279	0.00267	0.00254	0.00317	0.10854	0.00205	0.05451	0.28702	0.00504	0.03254	0.00818	0.08569	0.00245	0.00148	0.00049	0.00127	0.26936	0.00120	0.00165
4	0.39323	0.00284	0.00295	0.00236	0.00335	0.00301	0.00195	0.23804	0.00392	0.33051	0.00347	0.00334	0.00236	0.00152	0.00116	0.00042	0.00121	0.00109	0.00127	0.00199
5	0.02817	0.00234	0.00301	0.00242	0.00332	0.00221	0.00196	0.07021	0.06922	0.63512	0.05571	0.00504	0.00390	0.03037	0.07994	0.00060	0.00137	0.00145	0.00152	0.00211
6	0.00310	0.44693	0.00445	0.00212	0.00293	0.00331	0.00192	0.00360	0.00320	0.08515	0.19621	0.00697	0.12951	0.00214	0.00128	0.00039	0.00115	0.10299	0.00104	0.00158
7	0.00202	0.00150	0.00177	0.00173	0.00201	0.00145	0.00123	0.00266	0.07529	0.00424	0.35032	0.03282	0.18874	0.27557	0.00316	0.00071	0.00092	0.05139	0.00124	0.00120

[dist]
# distance from previous block
# <min> <max>
0	5

[block]
# block no. 11 follows, 234 sequences, length 13
# corresponding to MSA columns:
# 1763-1775
name=unknown_L
#
# <colnr> <probs for GDERKNQSTAVLIFYWHMCP>
#	G	D	E	R	K	N	Q	S	T	A	V	L	I	F	Y	W	H	M	C	P
0	0.00204	0.00137	0.00167	0.00170	0.00188	0.00130	0.00113	0.00232	0.01533	0.03653	0.18494	0.26456	0.09852	0.35036	0.00371	0.02677	0.00098	0.00265	0.00116	0.00109
1	0.00269	0.00216	0.00290	0.00262	0.00294	0.00262	0.00210	0.14663	0.00289	0.00412	0.03352	0.00481	0.00326	0.03158	0.54337	0.00151	0.20658	0.00142	0.00083	0.00145
2	0.00330	0.00226	0.00272	0.00238	0.00286	0.01582	0.00183	0.23793	0.00344	0.09876	0.00386	0.01915	0.00349	0.21396	0.32839	0.00124	0.04287	0.00153	0.01266	0.00155
3	0.00227	0.00125	0.00178	0.00178	0.00180	0.00127	0.00118	0.00190	0.00187	0.00252	0.00288	0.00520	0.00298	0.18157	0.10401	0.68153	0.00148	0.00137	0.00065	0.00071
4	0.00279	0.00202	0.00308	0.00254	0.00310	0.00191	0.17563	0.00341	0.04746	0.13147	0.05989	0.00816	0.18822	0.29610	0.04288	0.00080	0.00141	0.02664	0.00108	0.00141
5	0.17868	0.06599	0.23198	0.00312	0.06589	0.15021	0.00280	0.03171	0.01701	0.00467	0.11975	0.00460	0.08908	0.00174	0.00135	0.00042	0.02715	0.00131	0.00087	0.00168
6	0.00354	0.00318	0.00402	0.05415	0.33376	0.11222	0.00288	0.01792	0.04251	0.08165	0.00335	0.02841	0.03280	0.00170	0.02331	0.00042	0.04405	0.00125	0.00087	0.20804
7	0.02231	0.00195	0.00222	0.00210	0.00255	0.00200	0.00161	0.17423	0.04552	0.01517	0.03483	0.12505	0.20676	0.17132	0.04262	0.00072	0.00121	0.14525	0.00120	0.00140
8	0.00264	0.00195	0.00217	0.00206	0.00240	0.00208	0.00143	0.04601	0.28775	0.02897	0.03297	0.14605	0.00543	0.42747	0.00396	0.00086	0.00116	0.00211	0.00114	0.00140
9	0.85772	0.04265	0.00237	0.00193	0.00280	0.02357	0.00160	0.04599	0.00258	0.00609	0.00198	0.00228	0.00154	0.00129	0.00088	0.00042	0.00113	0.00077	0.00086	0.00154
10	0.00220	0.00180	0.00257	0.09427	0.14640	0.00182	0.00200	0.00275	0.00312	0.00431	0.24995	0.21813	0.15006	0.00278	0.00166	0.00047	0.03880	0.01399	0.06151	0.00140
11	0.03023	0.02353	0.03276	0.06695	0.29142	0.03280	0.15417	0.05990	0.02052	0.05319	0.00913	0.00355	0.00226	0.00165	0.00902	0.00851	0.18170	0.00822	0.00861	0.00188
12	0.00187	0.00139	0.00191	0.00196	0.00218	0.00146	0.00145	0.00228	0.00258	0.00356	0.12297	0.20470	0.09326	0.07291	0.47739	0.00142	0.00226	0.00228	0.00100	0.00118

[dist]
# distance from previous block
# <min> <max>
0	1

[block]
# block no. 12 follows, 234 sequences, length 14
# corresponding to MSA columns:
# 1777-1790
name=unknown_M
#
# <colnr> <probs for GDERKNQSTAVLIFYWHMCP>
#	G	D	E	R	K	N	Q	S	T	A	V	L	I	F	Y	W	H	M	C	P
0	0.00384	0.34830	0.11014	0.00273	0.00392	0.06591	0.00258	0.22514	0.00374	0.00492	0.00247	0.00276	0.00199	0.00132	0.00116	0.00033	0.01916	0.00093	0.02551	0.17312
1	0.01738	0.01730	0.28850	0.10191	0.05372	0.17003	0.00327	0.02288	0.00333	0.19997	0.00322	0.00354	0.00232	0.00164	0.02273	0.00045	0.00178	0.00113	0.08302	0.00188
2	0.00244	0.00174	0.00192	0.00183	0.00226	0.00175	0.00139	0.07368	0.11444	0.00489	0.16192	0.04504	0.22415	0.07148	0.00184	0.00050	0.00087	0.06704	0.21941	0.00140
3	0.00213	0.00168	0.00200	0.00182	0.00234	0.00143	0.00132	0.00250	0.00271	0.00378	0.02944	0.26332	0.15363	0.15563	0.03229	0.00060	0.00104	0.02626	0.00104	0.31503
4	0.69543	0.00244	0.00205	0.00182	0.00261	0.00270	0.00148	0.03550	0.00274	0.05538	0.03927	0.00438	0.14631	0.00171	0.00104	0.00043	0.00101	0.00119	0.00100	0.00150
5	0.00267	0.00261	0.01476	0.31631	0.06610	0.00276	0.22092	0.00373	0.07913	0.00400	0.03804	0.00537	0.10377	0.03835	0.08370	0.00064	0.01309	0.00162	0.00082	0.00160
6	0.00206	0.00147	0.00181	0.00193	0.00222	0.00138	0.00141	0.05280	0.00311	0.03380	0.06475	0.52167	0.21281	0.00376	0.00170	0.00052	0.00086	0.08939	0.00131	0.00125
7	0.00338	0.00337	0.00349	0.00310	0.00335	0.20469	0.00244	0.01698	0.09614	0.00353	0.03222	0.00356	0.00251	0.00259	0.00353	0.18359	0.42815	0.00121	0.00074	0.00142
8	0.00264	0.00229	0.00354	0.00290	0.00339	0.00236	0.21585	0.09334	0.01907	0.00394	0.00483	0.13131	0.07636	0.34152	0.00379	0.00079	0.08771	0.00208	0.00093	0.00136
9	0.02638	0.00167	0.00215	0.00206	0.00235	0.00175	0.00158	0.01009	0.05578	0.04167	0.13038	0.01550	0.16972	0.00368	0.02451	0.31085	0.08232	0.11537	0.00103	0.00116
10	0.00264	0.00216	0.00235	0.00227	0.00267	0.05308	0.00168	0.11232	0.14679	0.00450	0.07201	0.30766	0.07249	0.06934	0.11966	0.00076	0.01267	0.01228	0.00119	0.00146
11	0.00196	0.00139	0.00172	0.00180	0.00193	0.00139	0.00123	0.00223	0.01513	0.00322	0.02951	0.15794	0.06445	0.46944	0.12198	0.00114	0.00147	0.12002	0.00100	0.00103
12	0.00240	0.00165	0.00187	0.00175	0.00191	0.00172	0.00111	0.11870	0.00257	0.00345	0.00416	0.00804	0.00456	0.76928	0.07024	0.00128	0.00151	0.00187	0.00089	0.00105
13	0.10196	0.00155	0.00167	0.00164	0.00207	0.00145	0.00123	0.00259	0.01734	0.03270	0.21310	0.13734	0.42010	0.01616	0.00161	0.00047	0.00077	0.01334	0.03163	0.00127

[dist]
# distance from previous block
# <min> <max>
0	14

[block]
# block no. 13 follows, 234 sequences, length 11
# corresponding to MSA columns:
# 1805-1815
name=unknown_N
#
# <colnr> <probs for GDERKNQSTAVLIFYWHMCP>
#	G	D	E	R	K	N	Q	S	T	A	V	L	I	F	Y	W	H	M	C	P
0	0.96143	0.00266	0.00202	0.00181	0.00266	0.00308	0.00149	0.00404	0.00234	0.00616	0.00191	0.00223	0.00149	0.00128	0.00085	0.00043	0.00106	0.00074	0.00085	0.00149
1	0.00221	0.00190	0.00301	0.12440	0.00373	0.00190	0.12648	0.00292	0.00353	0.00487	0.58193	0.00856	0.09254	0.00245	0.00168	0.00045	0.03262	0.00220	0.00124	0.00139
2	0.00372	0.00413	0.00312	0.00286	0.00335	0.49619	0.03122	0.00395	0.00319	0.00333	0.05435	0.02848	0.04893	0.00343	0.12396	0.18023	0.00216	0.00130	0.00078	0.00132
3	0.00232	0.00204	0.00274	0.00257	0.00271	0.00249	0.00201	0.00273	0.02198	0.00377	0.13834	0.28326	0.08701	0.01892	0.00295	0.00056	0.39550	0.02572	0.00102	0.00133
4	0.23878	0.00277	0.00294	0.00255	0.00328	0.01980	0.00205	0.00562	0.35861	0.18097	0.00445	0.00435	0.04208	0.00182	0.00167	0.00046	0.12339	0.00132	0.00120	0.00190
5	0.00213	0.00155	0.00185	0.00177	0.00177	0.00170	0.00111	0.00217	0.00201	0.00275	0.00400	0.00822	0.00458	0.82929	0.00667	0.00124	0.12358	0.00190	0.00080	0.00092
6	0.00201	0.00142	0.00184	0.00202	0.00222	0.00139	0.00154	0.00239	0.00282	0.00373	0.09534	0.18432	0.04386	0.25746	0.00320	0.00078	0.00112	0.39026	0.00117	0.00112
7	0.00285	0.00244	0.00285	0.00203	0.00326	0.00183	0.00163	0.00346	0.00285	0.00448	0.00244	0.00285	0.00203	0.00102	0.00102	0.00020	0.00102	0.00081	0.00081	0.96012
8	0.00201	0.00165	0.00232	0.00228	0.00273	0.00153	0.08153	0.00253	0.00311	0.00392	0.00968	0.09648	0.39651	0.00348	0.00175	0.00054	0.00108	0.38441	0.00122	0.00126
9	0.00266	0.00226	0.00313	0.09762	0.03039	0.00278	0.00227	0.00318	0.03188	0.03405	0.21320	0.00595	0.00504	0.18000	0.00372	0.00067	0.37721	0.00166	0.00091	0.00140
10	0.00201	0.00138	0.00176	0.00173	0.00192	0.00137	0.00119	0.00232	0.00273	0.01772	0.29746	0.06966	0.04445	0.35959	0.16512	0.02377	0.00145	0.00219	0.00108	0.00109

[dist]
# distance from previous block
# <min> <max>
0	7

[block]
# block no. 14 follows, 234 sequences, length 7
# corresponding to MSA columns:
# 1823-1829
name=unknown_O
#
# <colnr> <probs for GDERKNQSTAVLIFYWHMCP>
#	G	D	E	R	K	N	Q	S	T	A	V	L	I	F	Y	W	H	M	C	P
0	0.00333	0.05088	0.07146	0.07259	0.08446	0.03352	0.14200	0.05235	0.01745	0.11666	0.11641	0.09661	0.00431	0.00191	0.00158	0.00044	0.05331	0.00167	0.07731	0.00174
1	0.27844	0.00251	0.00271	0.00224	0.00310	0.00259	0.00182	0.12828	0.07414	0.31340	0.14283	0.00492	0.03379	0.00180	0.00127	0.00043	0.00109	0.00140	0.00135	0.00189
2	0.00201	0.00148	0.00190	0.00197	0.00227	0.00143	0.00152	0.00270	0.05065	0.00461	0.41224	0.18519	0.06772	0.03875	0.00190	0.00054	0.00087	0.21961	0.00137	0.00127
3	0.02913	0.02402	0.06145	0.00262	0.00372	0.09297	0.00221	0.25878	0.02802	0.00550	0.00298	0.05397	0.00249	0.00145	0.00120	0.00032	0.00136	0.00113	0.00098	0.42572
4	0.00280	0.00274	0.05453	0.17977	0.04539	0.00268	0.16809	0.07324	0.12916	0.00448	0.04871	0.17737	0.00447	0.07772	0.00196	0.00054	0.00150	0.02222	0.00098	0.00164
5	0.00295	0.18185	0.21421	0.16362	0.00506	0.01509	0.06078	0.02981	0.04086	0.02255	0.04150	0.05304	0.02555	0.00228	0.07282	0.00055	0.01824	0.00135	0.00079	0.04711
6	0.00290	0.19601	0.13081	0.00309	0.00403	0.02268	0.16459	0.05068	0.00309	0.00408	0.06986	0.00545	0.15055	0.03304	0.07739	0.00060	0.07716	0.00155	0.00084	0.00162

[dist]
# distance from previous block
# <min> <max>
9	642

# created by:
# /share/home/app/bin/augustus-3.3.1/scripts/msa2prfl.pl /dev/shm/tmp/ogap_db/mt-Sar/msas/cox1.aln --setname=cox1
