[name]
cox3

[dist]
# distance from previous block
# <min> <max>
0	44

[block]
# block no. 0 follows, 125 sequences, length 9
# corresponding to MSA columns:
# 60-68
name=unknown_A
#
# <colnr> <probs for GDERKNQSTAVLIFYWHMCP>
#	G	D	E	R	K	N	Q	S	T	A	V	L	I	F	Y	W	H	M	C	P
0	0.00586	0.00587	0.00832	0.00666	0.00816	0.11548	0.30619	0.07212	0.16721	0.00846	0.09859	0.01023	0.00747	0.00381	0.03344	0.00092	0.03297	0.10339	0.00179	0.00308
1	0.00673	0.00688	0.04098	0.15781	0.17376	0.18665	0.05180	0.12505	0.18152	0.02279	0.00591	0.00656	0.01751	0.00264	0.00239	0.00074	0.00305	0.00221	0.00163	0.00339
2	0.00528	0.00533	0.00608	0.00535	0.00579	0.10866	0.00432	0.00653	0.09638	0.00669	0.08979	0.00906	0.12242	0.00423	0.00555	0.00092	0.51076	0.00270	0.00152	0.00266
3	0.03997	0.00467	0.00634	0.12168	0.18475	0.00456	0.02438	0.09327	0.02003	0.00858	0.00493	0.00596	0.00394	0.00225	0.00218	0.00059	0.02082	0.00189	0.10734	0.34187
4	0.00638	0.00371	0.00452	0.00386	0.00477	0.00382	0.00289	0.19842	0.00600	0.20750	0.00727	0.01044	0.00644	0.31998	0.15817	0.04542	0.00302	0.00275	0.00196	0.00272
5	0.00487	0.00468	0.00661	0.00579	0.00588	0.00642	0.00477	0.00547	0.00372	0.00575	0.00387	0.00617	0.00378	0.00722	0.20284	0.00166	0.71466	0.00221	0.00110	0.00253
6	0.00295	0.00213	0.00279	0.00329	0.00348	0.00197	0.00221	0.00340	0.00474	0.00630	0.04864	0.82820	0.06630	0.00735	0.00305	0.00096	0.00138	0.00664	0.00225	0.00197
7	0.04370	0.00314	0.00426	0.19993	0.00665	0.00326	0.00333	0.03051	0.00629	0.04811	0.53639	0.01448	0.08225	0.00420	0.00266	0.00077	0.00171	0.00365	0.00223	0.00249
8	0.00643	0.43673	0.00878	0.00454	0.04456	0.00702	0.00384	0.20428	0.00656	0.04627	0.00877	0.00875	0.19805	0.00316	0.00209	0.00064	0.00229	0.00239	0.00169	0.00316

[dist]
# distance from previous block
# <min> <max>
0	3

[block]
# block no. 1 follows, 125 sequences, length 6
# corresponding to MSA columns:
# 72-77
name=unknown_B
#
# <colnr> <probs for GDERKNQSTAVLIFYWHMCP>
#	G	D	E	R	K	N	Q	S	T	A	V	L	I	F	Y	W	H	M	C	P
0	0.00381	0.00232	0.00342	0.00340	0.00363	0.00246	0.00246	0.00374	0.00385	0.00536	0.11030	0.00938	0.00706	0.01165	0.35044	0.46759	0.00364	0.00254	0.00133	0.00161
1	0.00626	0.00455	0.00529	0.00400	0.00597	0.00395	0.00321	0.06782	0.13523	0.13869	0.00594	0.00609	0.00450	0.00225	0.00201	0.00050	0.00190	0.00181	0.00187	0.59818
2	0.00596	0.00404	0.00542	0.00504	0.07037	0.00402	0.06774	0.19388	0.00635	0.14187	0.00963	0.17780	0.08809	0.20307	0.00475	0.00114	0.00225	0.00367	0.00206	0.00286
3	0.00326	0.00246	0.00295	0.00301	0.00352	0.00228	0.00218	0.00417	0.03339	0.00750	0.32886	0.20988	0.25434	0.09324	0.00380	0.00099	0.00139	0.03837	0.00231	0.00211
4	0.03225	0.00455	0.00523	0.00445	0.00589	0.00472	0.00362	0.18891	0.23236	0.24885	0.03604	0.01184	0.09960	0.00382	0.00256	0.00081	0.00204	0.10645	0.00251	0.00350
5	0.05085	0.00518	0.00573	0.00463	0.00615	0.00556	0.00368	0.38613	0.16539	0.19434	0.00740	0.00820	0.00566	0.13560	0.00381	0.00098	0.00231	0.00247	0.00235	0.00359

[dist]
# distance from previous block
# <min> <max>
6	15

[block]
# block no. 2 follows, 125 sequences, length 6
# corresponding to MSA columns:
# 93-98
name=unknown_C
#
# <colnr> <probs for GDERKNQSTAVLIFYWHMCP>
#	G	D	E	R	K	N	Q	S	T	A	V	L	I	F	Y	W	H	M	C	P
0	0.15935	0.00662	0.08267	0.07895	0.15572	0.18700	0.03632	0.00753	0.00536	0.06541	0.00489	0.02298	0.00406	0.02677	0.03518	0.00085	0.00304	0.01654	0.00141	0.09937
1	0.00345	0.00247	0.00353	0.00360	0.00393	0.00272	0.00268	0.00405	0.00400	0.00562	0.03494	0.10495	0.00805	0.12770	0.58370	0.06308	0.00482	0.03326	0.00147	0.00198
2	0.01876	0.09766	0.03659	0.10742	0.04206	0.01967	0.08398	0.05531	0.08402	0.02098	0.12024	0.06968	0.11325	0.10380	0.01551	0.00098	0.00239	0.00322	0.00177	0.00273
3	0.51265	0.09930	0.00520	0.00434	0.06074	0.00549	0.00332	0.07591	0.03299	0.00954	0.00494	0.03157	0.00442	0.00321	0.00236	0.06085	0.00209	0.07676	0.00158	0.00273
4	0.53016	0.00459	0.00487	0.00406	0.00543	0.00505	0.07840	0.12646	0.00541	0.01031	0.10208	0.00628	0.00526	0.00324	0.00270	0.09731	0.00210	0.00197	0.00167	0.00266
5	0.37615	0.00495	0.00455	0.00415	0.02150	0.07488	0.00316	0.14933	0.08133	0.00960	0.02301	0.05004	0.02228	0.01995	0.03515	0.11103	0.00235	0.00217	0.00171	0.00271

[dist]
# distance from previous block
# <min> <max>
4	8

[block]
# block no. 3 follows, 125 sequences, length 12
# corresponding to MSA columns:
# 108-119
name=unknown_D
#
# <colnr> <probs for GDERKNQSTAVLIFYWHMCP>
#	G	D	E	R	K	N	Q	S	T	A	V	L	I	F	Y	W	H	M	C	P
0	0.04819	0.00364	0.00381	0.00371	0.00433	0.04893	0.00266	0.05439	0.17052	0.00744	0.06738	0.24820	0.03700	0.22667	0.04793	0.00135	0.00219	0.01728	0.00199	0.00240
1	0.60084	0.00600	0.04596	0.00396	0.00540	0.16730	0.00330	0.00740	0.00474	0.04045	0.00432	0.04996	0.00366	0.00331	0.04401	0.00088	0.00258	0.00175	0.00150	0.00268
2	0.00351	0.00257	0.00311	0.00305	0.00352	0.00232	0.00204	0.00398	0.00462	0.00640	0.14284	0.30127	0.03784	0.32882	0.00610	0.00133	0.00174	0.00443	0.00190	0.13860
3	0.00405	0.00282	0.00321	0.00310	0.00373	0.00271	0.00220	0.03884	0.07032	0.06133	0.10198	0.16946	0.28216	0.22407	0.00505	0.00119	0.00166	0.00444	0.01545	0.00224
4	0.05498	0.00327	0.00365	0.00358	0.00431	0.00343	0.00269	0.03653	0.19692	0.00768	0.06091	0.14248	0.18643	0.14082	0.04674	0.00123	0.00199	0.09779	0.00211	0.00246
5	0.00312	0.00235	0.00281	0.00300	0.00343	0.00216	0.00211	0.00379	0.01972	0.00673	0.15225	0.36403	0.28387	0.10660	0.00398	0.00104	0.00144	0.03335	0.00222	0.00201
6	0.00305	0.00222	0.00283	0.00318	0.00350	0.00204	0.00222	0.00364	0.00510	0.00681	0.14664	0.60601	0.14378	0.00681	0.00298	0.00092	0.00135	0.03301	0.02188	0.00203
7	0.00349	0.00248	0.00325	0.00329	0.00374	0.00252	0.00240	0.00412	0.00451	0.03727	0.05171	0.16379	0.19491	0.13825	0.37056	0.00229	0.00355	0.00401	0.00179	0.00207
8	0.00438	0.00317	0.00362	0.00332	0.00400	0.00325	0.00243	0.08913	0.12385	0.00886	0.36719	0.01453	0.05571	0.21397	0.00480	0.00111	0.00166	0.00357	0.08900	0.00244
9	0.00420	0.00312	0.00372	0.00397	0.00459	0.04775	0.00325	0.00509	0.00556	0.04857	0.08007	0.08904	0.12376	0.06138	0.00365	0.00107	0.00205	0.50471	0.00219	0.00225
10	0.03935	0.00318	0.00385	0.00358	0.00414	0.00349	0.00263	0.13710	0.00498	0.00715	0.02528	0.01095	0.00687	0.31422	0.37680	0.00255	0.00397	0.00280	0.04487	0.00223
11	0.01901	0.00453	0.00486	0.00429	0.00543	0.00502	0.00329	0.18965	0.40716	0.01004	0.05751	0.06910	0.04925	0.09914	0.00349	0.00095	0.00195	0.00310	0.05902	0.00322

[dist]
# distance from previous block
# <min> <max>
0	5

[block]
# block no. 4 follows, 125 sequences, length 6
# corresponding to MSA columns:
# 125-130
name=unknown_E
#
# <colnr> <probs for GDERKNQSTAVLIFYWHMCP>
#	G	D	E	R	K	N	Q	S	T	A	V	L	I	F	Y	W	H	M	C	P
0	0.00329	0.00259	0.00310	0.00327	0.04591	0.00233	0.00221	0.00405	0.00571	0.00749	0.34469	0.01944	0.41446	0.12617	0.00407	0.00099	0.00141	0.00446	0.00224	0.00213
1	0.00438	0.00406	0.00670	0.80240	0.01502	0.00497	0.00613	0.00589	0.00497	0.00638	0.05838	0.00809	0.05735	0.00277	0.00246	0.00080	0.00297	0.00244	0.00123	0.00261
2	0.00483	0.01245	0.90297	0.00686	0.01041	0.00559	0.00889	0.00762	0.00508	0.00762	0.00432	0.00508	0.00305	0.00229	0.00229	0.00076	0.00356	0.00178	0.00102	0.00356
3	0.14781	0.00446	0.00519	0.00414	0.00574	0.00444	0.00338	0.19928	0.00734	0.42568	0.12580	0.00836	0.00728	0.00310	0.00231	0.00073	0.00199	0.00245	0.03695	0.00356
4	0.12806	0.00437	0.05651	0.00403	0.00510	0.00430	0.00323	0.07060	0.26298	0.03046	0.10054	0.18689	0.00964	0.11820	0.00370	0.00101	0.00193	0.00350	0.00210	0.00285
5	0.00381	0.00280	0.00345	0.00344	0.00379	0.00303	0.00241	0.00505	0.12226	0.00588	0.00811	0.05665	0.00838	0.42884	0.27795	0.00246	0.00346	0.05459	0.00162	0.00205

[dist]
# distance from previous block
# <min> <max>
0	6

[block]
# block no. 5 follows, 125 sequences, length 40
# corresponding to MSA columns:
# 137-176
name=unknown_F
#
# <colnr> <probs for GDERKNQSTAVLIFYWHMCP>
#	G	D	E	R	K	N	Q	S	T	A	V	L	I	F	Y	W	H	M	C	P
0	0.00784	0.00530	0.00702	0.08275	0.03823	0.00557	0.08745	0.31427	0.11794	0.22082	0.04155	0.00776	0.01553	0.01918	0.01695	0.00083	0.00258	0.00250	0.00225	0.00368
1	0.00444	0.00338	0.00397	0.00356	0.00443	0.00343	0.00274	0.11070	0.14327	0.01012	0.59015	0.01556	0.08563	0.00452	0.00273	0.00077	0.00144	0.00390	0.00256	0.00270
2	0.00563	0.00519	0.00979	0.04742	0.00936	0.00504	0.49586	0.07889	0.00560	0.05871	0.00589	0.00895	0.00514	0.24153	0.00523	0.00120	0.00334	0.00290	0.00147	0.00287
3	0.00700	0.01082	0.01295	0.06861	0.11761	0.02448	0.14615	0.37977	0.03442	0.04278	0.00659	0.10797	0.01359	0.01277	0.00265	0.00079	0.00278	0.00284	0.00193	0.00350
4	0.58063	0.00494	0.00448	0.00387	0.00534	0.00558	0.00318	0.23874	0.00610	0.01146	0.00513	0.05796	0.00444	0.00298	0.00193	0.00077	0.00206	0.05564	0.00182	0.00293
5	0.00298	0.00215	0.00283	0.00328	0.00349	0.00199	0.00222	0.00350	0.00490	0.00657	0.11841	0.77585	0.04855	0.00718	0.00304	0.00095	0.00136	0.00648	0.00228	0.00199
6	0.00585	0.00452	0.00660	0.46850	0.06368	0.00514	0.00538	0.15508	0.03479	0.09023	0.10598	0.03170	0.00630	0.00297	0.00247	0.00078	0.00267	0.00256	0.00173	0.00308
7	0.00615	0.00511	0.00519	0.00479	0.00584	0.11137	0.00385	0.30153	0.04910	0.00961	0.00949	0.16709	0.02805	0.01492	0.00289	0.00089	0.00244	0.26659	0.00217	0.00293
8	0.77931	0.00461	0.00357	0.00321	0.00462	0.02873	0.00261	0.02484	0.00448	0.01025	0.00590	0.00623	0.10869	0.00271	0.00169	0.00075	0.00187	0.00177	0.00159	0.00257
9	0.00388	0.00266	0.00354	0.00397	0.00448	0.00264	0.00336	0.00489	0.00534	0.00723	0.01982	0.03817	0.03809	0.06681	0.00370	0.00111	0.00204	0.67439	0.11173	0.00216
10	0.00360	0.00240	0.00293	0.00310	0.00363	0.00213	0.00220	0.00415	0.00516	0.08274	0.05400	0.49131	0.30498	0.02206	0.00309	0.00092	0.00140	0.00572	0.00230	0.00217
11	0.12510	0.00356	0.00399	0.00387	0.00464	0.00373	0.00288	0.21168	0.00616	0.02411	0.01015	0.55058	0.01122	0.00567	0.00270	0.00089	0.00178	0.02251	0.00219	0.00258
12	0.00335	0.00236	0.00267	0.00267	0.00288	0.00226	0.00165	0.00361	0.00428	0.00564	0.11618	0.05296	0.16707	0.61208	0.00912	0.00183	0.00196	0.00401	0.00177	0.00167
13	0.00285	0.00242	0.00246	0.00248	0.00326	0.00203	0.00185	0.00345	0.00544	0.00648	0.02383	0.06698	0.85598	0.00617	0.00286	0.00082	0.00123	0.00517	0.00223	0.00203
14	0.00454	0.00307	0.00361	0.00326	0.00409	0.00291	0.00246	0.10968	0.00659	0.08466	0.35707	0.07034	0.25060	0.08202	0.00356	0.00091	0.00153	0.00420	0.00241	0.00249
15	0.00877	0.00655	0.00701	0.00546	0.00732	0.00729	0.00448	0.78839	0.11593	0.01456	0.00625	0.00616	0.00448	0.00293	0.00241	0.00073	0.00256	0.00223	0.00241	0.00406
16	0.00483	0.01245	0.90297	0.00686	0.01041	0.00559	0.00889	0.00762	0.00508	0.00762	0.00432	0.00508	0.00305	0.00229	0.00229	0.00076	0.00356	0.00178	0.00102	0.00356
17	0.00577	0.00294	0.00381	0.00343	0.00438	0.00261	0.00262	0.00659	0.00612	0.31592	0.26025	0.19710	0.15259	0.02092	0.00291	0.00083	0.00154	0.00429	0.00259	0.00278
18	0.00343	0.00247	0.00336	0.00390	0.00428	0.00239	0.00310	0.00423	0.00514	0.00672	0.01339	0.40645	0.04747	0.00701	0.00320	0.00104	0.00183	0.47626	0.00222	0.00210
19	0.00326	0.00223	0.00270	0.00293	0.00299	0.00217	0.00179	0.00344	0.00397	0.00529	0.00999	0.39672	0.01179	0.53032	0.00836	0.00176	0.00194	0.00492	0.00179	0.00167
20	0.00350	0.00233	0.00262	0.00262	0.00262	0.00233	0.00146	0.00350	0.00350	0.00467	0.00758	0.01575	0.00875	0.91543	0.01225	0.00233	0.00233	0.00350	0.00146	0.00146
21	0.00328	0.00238	0.00272	0.00272	0.00306	0.00223	0.00179	0.00370	0.00473	0.00620	0.17756	0.06566	0.24790	0.44194	0.00737	0.00154	0.00176	0.01971	0.00194	0.00180
22	0.05709	0.00515	0.00591	0.00474	0.00647	0.00537	0.00385	0.26537	0.22978	0.37780	0.00818	0.00747	0.00559	0.00299	0.00237	0.00076	0.00218	0.00236	0.00260	0.00395
23	0.00345	0.00240	0.00294	0.00294	0.00309	0.00249	0.00188	0.00371	0.00369	0.00500	0.00811	0.01446	0.05185	0.63553	0.24597	0.00266	0.00336	0.00334	0.00145	0.00167
24	0.00350	0.00233	0.00262	0.00262	0.00262	0.00233	0.00146	0.00350	0.00350	0.00467	0.00758	0.01575	0.00875	0.91543	0.01225	0.00233	0.00233	0.00350	0.00146	0.00146
25	0.00418	0.00209	0.00313	0.00313	0.00313	0.00209	0.00209	0.00313	0.00313	0.00418	0.00418	0.00731	0.00418	0.00836	0.00940	0.92999	0.00209	0.00209	0.00104	0.00104
26	0.38187	0.00444	0.00483	0.00389	0.00560	0.00446	0.00321	0.04968	0.00596	0.50305	0.00685	0.00636	0.00452	0.00267	0.00204	0.00074	0.00200	0.00196	0.00235	0.00350
27	0.00419	0.00257	0.00293	0.00277	0.00320	0.00240	0.00180	0.00446	0.00442	0.11126	0.01221	0.01680	0.24183	0.56925	0.00862	0.00175	0.00201	0.00379	0.00184	0.00192
28	0.00338	0.00232	0.00284	0.00295	0.00304	0.00236	0.00184	0.00359	0.00377	0.00509	0.00854	0.19284	0.00977	0.60578	0.13960	0.00229	0.00274	0.00403	0.00159	0.00166
29	0.00561	0.00494	0.00652	0.00566	0.00612	0.00645	0.00463	0.00763	0.20801	0.06136	0.00534	0.00665	0.00453	0.00510	0.08285	0.00122	0.57061	0.00231	0.00151	0.00295
30	0.00721	0.00517	0.00564	0.00455	0.00582	0.00564	0.00353	0.56827	0.00854	0.02712	0.00643	0.00906	0.00564	0.28747	0.03802	0.00134	0.00268	0.00260	0.00208	0.00320
31	0.00833	0.00559	0.00615	0.00483	0.00655	0.00595	0.00395	0.57664	0.05112	0.15471	0.00911	0.00871	0.12573	0.00335	0.00246	0.00074	0.00230	0.00263	0.01737	0.00377
32	0.00296	0.00217	0.00276	0.00319	0.00344	0.00199	0.00216	0.00344	0.00484	0.00637	0.06765	0.71474	0.14226	0.02588	0.00321	0.00097	0.00137	0.00637	0.00224	0.00197
33	0.00946	0.05112	0.00701	0.00517	0.00703	0.06928	0.00427	0.54377	0.00946	0.25914	0.00654	0.00625	0.00449	0.00284	0.00235	0.00071	0.00260	0.00215	0.00242	0.00395
34	0.00499	0.00428	0.00499	0.00356	0.00570	0.00321	0.00285	0.00606	0.00499	0.00784	0.00428	0.00499	0.00356	0.00178	0.00178	0.00036	0.00178	0.00143	0.00143	0.93014
35	0.00498	0.00376	0.00452	0.00400	0.00499	0.00399	0.00313	0.15890	0.14662	0.02237	0.30544	0.02737	0.02092	0.00739	0.22345	0.00151	0.00287	0.00316	0.00218	0.04847
36	0.00420	0.00337	0.00406	0.00337	0.00453	0.00295	0.00252	0.00503	0.01584	0.00676	0.05066	0.02416	0.05427	0.20870	0.15026	0.00143	0.01553	0.00253	0.00153	0.43830
37	0.05101	0.04662	0.15320	0.00466	0.00589	0.23332	0.00408	0.01319	0.01351	0.02119	0.11243	0.24489	0.00901	0.02317	0.00305	0.05056	0.00263	0.00338	0.00167	0.00256
38	0.00410	0.00326	0.00357	0.00333	0.00425	0.00326	0.00257	0.10450	0.11120	0.01597	0.02379	0.05083	0.51175	0.00702	0.12707	0.00123	0.00219	0.00413	0.01346	0.00251
39	0.56473	0.12871	0.00564	0.00405	0.00559	0.19174	0.00334	0.05833	0.00518	0.00934	0.00356	0.00410	0.00286	0.00230	0.00169	0.00069	0.00251	0.00140	0.00143	0.00279

[dist]
# distance from previous block
# <min> <max>
0	7

[block]
# block no. 6 follows, 125 sequences, length 35
# corresponding to MSA columns:
# 184-218
name=unknown_G
#
# <colnr> <probs for GDERKNQSTAVLIFYWHMCP>
#	G	D	E	R	K	N	Q	S	T	A	V	L	I	F	Y	W	H	M	C	P
0	0.00575	0.01763	0.30135	0.00732	0.18054	0.00489	0.03829	0.01914	0.04236	0.13383	0.01740	0.11974	0.01093	0.03809	0.00313	0.00085	0.05105	0.00278	0.00161	0.00333
1	0.66026	0.02162	0.00428	0.00353	0.00504	0.00514	0.00291	0.03634	0.00484	0.17729	0.00471	0.00514	0.00349	0.02523	0.01032	0.00081	0.02275	0.00162	0.00178	0.00291
2	0.00311	0.00256	0.00268	0.00267	0.00345	0.00224	0.00199	0.03743	0.00564	0.00687	0.04385	0.12238	0.74455	0.00611	0.00285	0.00083	0.00129	0.00515	0.00225	0.00211
3	0.00478	0.07539	0.26208	0.00557	0.08009	0.02993	0.02716	0.04870	0.04138	0.00818	0.21329	0.03175	0.13607	0.00358	0.00248	0.00074	0.00237	0.00302	0.00175	0.02168
4	0.00657	0.00400	0.00479	0.00413	0.00538	0.00401	0.00322	0.10993	0.19517	0.24738	0.08865	0.15784	0.05314	0.01601	0.03720	0.00092	0.00202	0.00345	0.00244	0.05377
5	0.00373	0.00303	0.00336	0.00329	0.00412	0.00295	0.00251	0.00563	0.18927	0.00745	0.08574	0.10266	0.43582	0.00558	0.00305	0.03730	0.00150	0.07503	0.00224	0.02574
6	0.00872	0.05576	0.00763	0.00594	0.02319	0.24289	0.03401	0.54937	0.02990	0.01174	0.00515	0.00540	0.00383	0.00270	0.00231	0.00069	0.00312	0.00199	0.00197	0.00366
7	0.00681	0.00487	0.00554	0.00432	0.00609	0.00470	0.00347	0.25602	0.12386	0.11495	0.06301	0.02794	0.00603	0.00277	0.00221	0.00061	0.00201	0.00224	0.01623	0.34631
8	0.00476	0.00345	0.00478	0.27147	0.00764	0.03800	0.00374	0.05041	0.00438	0.02725	0.00491	0.00781	0.00446	0.08517	0.09286	0.38048	0.00297	0.00226	0.00124	0.00197
9	0.50786	0.00463	0.03628	0.02688	0.01689	0.00501	0.00354	0.00731	0.11096	0.01810	0.00618	0.00955	0.00560	0.00338	0.00237	0.00084	0.04631	0.18385	0.00172	0.00274
10	0.00296	0.00225	0.00273	0.00302	0.00343	0.00202	0.00211	0.00353	0.00515	0.00668	0.12330	0.52413	0.29647	0.00677	0.00297	0.00090	0.00131	0.00598	0.00228	0.00202
11	0.00436	0.00373	0.00424	0.00323	0.00498	0.00286	0.00255	0.00529	0.00514	0.00744	0.01022	0.01036	0.26846	0.00306	0.00210	0.00049	0.00162	0.00251	0.00166	0.65572
12	0.00322	0.00230	0.00290	0.00323	0.00342	0.00222	0.00213	0.00386	0.03955	0.00629	0.09096	0.60605	0.01465	0.20160	0.00499	0.00124	0.00159	0.00574	0.00211	0.00195
13	0.00452	0.00365	0.00415	0.00410	0.00487	0.00397	0.00302	0.02924	0.41626	0.00839	0.06680	0.41846	0.01210	0.00529	0.00275	0.00088	0.00164	0.00467	0.00236	0.00288
14	0.00717	0.00880	0.00552	0.00509	0.00620	0.63856	0.00382	0.00779	0.00642	0.00607	0.00983	0.00990	0.26813	0.00355	0.00237	0.00068	0.00342	0.00259	0.00153	0.00257
15	0.00599	0.00517	0.00544	0.00490	0.00626	0.00599	0.00381	0.01279	0.89608	0.01007	0.00979	0.00898	0.00735	0.00326	0.00245	0.00082	0.00190	0.00272	0.00245	0.00381
16	0.00329	0.00236	0.00260	0.00262	0.00297	0.00220	0.00170	0.00367	0.00459	0.00600	0.08781	0.06726	0.31213	0.43576	0.00724	0.00152	0.00174	0.00423	0.04852	0.00179
17	0.00298	0.00232	0.00263	0.00280	0.00330	0.00205	0.00196	0.00351	0.00513	0.00648	0.08956	0.31546	0.46013	0.08595	0.00374	0.00100	0.00137	0.00546	0.00220	0.00198
18	0.00293	0.00209	0.00279	0.00335	0.00349	0.00195	0.00223	0.00335	0.00461	0.00614	0.01326	0.91386	0.01592	0.00754	0.00307	0.00098	0.00140	0.00684	0.00223	0.00195
19	0.00520	0.00283	0.00372	0.00367	0.00434	0.00263	0.00267	0.04816	0.00559	0.22864	0.05232	0.60515	0.01319	0.00607	0.00287	0.00090	0.00161	0.00541	0.00245	0.00260
20	0.00775	0.00595	0.00631	0.00512	0.00670	0.02514	0.00412	0.54876	0.21206	0.02823	0.00771	0.04306	0.03962	0.02626	0.00281	0.00080	0.02092	0.00261	0.00234	0.00374
21	0.00963	0.00596	0.00674	0.00517	0.00707	0.00630	0.00427	0.63200	0.01000	0.27741	0.00688	0.00649	0.00464	0.00292	0.00241	0.00073	0.00247	0.00224	0.00258	0.00409
22	0.65944	0.00527	0.00463	0.00387	0.00548	0.00601	0.00319	0.26884	0.00623	0.01209	0.00407	0.00446	0.00305	0.00243	0.00176	0.00074	0.00209	0.00156	0.00176	0.00305
23	0.00771	0.00333	0.00426	0.00351	0.00482	0.00295	0.00281	0.00867	0.00635	0.50898	0.12715	0.01117	0.09987	0.00352	0.00237	0.00072	0.00165	0.00291	0.19399	0.00326
24	0.00588	0.00467	0.00516	0.00467	0.00589	0.00516	0.00377	0.20699	0.39793	0.01013	0.01082	0.01379	0.08772	0.02312	0.00288	0.00089	0.00209	0.20279	0.00235	0.00330
25	0.00381	0.00297	0.00353	0.00338	0.00409	0.00297	0.00253	0.00597	0.18999	0.00895	0.50668	0.11923	0.12653	0.00502	0.00279	0.00080	0.00133	0.00439	0.00251	0.00252
26	0.08964	0.00490	0.00530	0.00462	0.00609	0.00543	0.00365	0.01206	0.63291	0.19429	0.00916	0.00836	0.00664	0.00311	0.00236	0.00079	0.00193	0.00253	0.00247	0.00376
27	0.00410	0.00218	0.00303	0.00305	0.00323	0.00223	0.00213	0.00380	0.00368	0.00543	0.00558	0.04350	0.00528	0.00841	0.12181	0.58363	0.00242	0.00237	0.19266	0.00147
28	0.11264	0.00384	0.00485	0.00397	0.00547	0.00354	0.00319	0.03197	0.00637	0.59472	0.07112	0.13229	0.00806	0.00365	0.00243	0.00078	0.00189	0.00303	0.00267	0.00351
29	0.00513	0.00527	0.00834	0.00676	0.00734	0.00663	0.18796	0.00598	0.00426	0.00625	0.00540	0.00711	0.08323	0.00393	0.00640	0.00098	0.64260	0.00252	0.00119	0.00271
30	0.00485	0.00477	0.04356	0.00577	0.04000	0.00562	0.03925	0.04192	0.00433	0.00635	0.03051	0.05125	0.00550	0.13538	0.09853	0.00146	0.47447	0.00266	0.00130	0.00254
31	0.00855	0.00412	0.00520	0.00428	0.00575	0.00394	0.00340	0.12242	0.08629	0.52436	0.00966	0.16925	0.00769	0.02990	0.00282	0.00083	0.00200	0.00323	0.00268	0.00361
32	0.00348	0.00279	0.00298	0.00286	0.00369	0.00254	0.00216	0.08288	0.00607	0.00759	0.11758	0.10112	0.64404	0.00581	0.00282	0.00081	0.00135	0.00490	0.00230	0.00223
33	0.00380	0.03935	0.23581	0.02591	0.00573	0.00344	0.00410	0.00525	0.01672	0.00795	0.35132	0.12638	0.15577	0.00457	0.00266	0.00079	0.00192	0.00393	0.00201	0.00258
34	0.07764	0.00424	0.00605	0.00709	0.26972	0.00423	0.00430	0.01657	0.02613	0.26350	0.07457	0.09948	0.00743	0.07000	0.01994	0.00095	0.04000	0.00292	0.00200	0.00325

[dist]
# distance from previous block
# <min> <max>
0	10

[block]
# block no. 7 follows, 125 sequences, length 78
# corresponding to MSA columns:
# 229-306
name=unknown_H
#
# <colnr> <probs for GDERKNQSTAVLIFYWHMCP>
#	G	D	E	R	K	N	Q	S	T	A	V	L	I	F	Y	W	H	M	C	P
0	0.65811	0.00523	0.00451	0.11499	0.01576	0.09127	0.00341	0.00752	0.00465	0.07023	0.00393	0.00457	0.00297	0.00233	0.00174	0.00074	0.00229	0.00151	0.00151	0.00275
1	0.01399	0.14722	0.01686	0.05015	0.00566	0.01699	0.01808	0.07569	0.00555	0.11261	0.01326	0.04864	0.06838	0.19243	0.00454	0.00112	0.00232	0.18730	0.00186	0.01736
2	0.00609	0.00536	0.00806	0.28648	0.38173	0.00585	0.00627	0.19228	0.03691	0.00889	0.00556	0.00674	0.03401	0.00255	0.00241	0.00075	0.00283	0.00227	0.00149	0.00346
3	0.01644	0.00497	0.06320	0.08289	0.38338	0.01277	0.03884	0.04256	0.00515	0.00718	0.00640	0.14431	0.00640	0.16221	0.01205	0.00108	0.00269	0.00308	0.00143	0.00296
4	0.00591	0.07318	0.46646	0.00686	0.04081	0.19073	0.05962	0.01553	0.00539	0.00701	0.00427	0.02180	0.00341	0.00270	0.01158	0.00077	0.07767	0.00190	0.00112	0.00324
5	0.00751	0.00387	0.00469	0.00388	0.00532	0.00364	0.00311	0.07154	0.11746	0.43551	0.06097	0.01274	0.25135	0.00396	0.00256	0.00077	0.00180	0.00327	0.00265	0.00340
6	0.00447	0.00357	0.00459	0.00410	0.00505	0.00351	0.07660	0.18987	0.00643	0.00832	0.01474	0.31499	0.31166	0.00559	0.00285	0.00086	0.00185	0.03624	0.00219	0.00254
7	0.00559	0.00510	0.01768	0.06689	0.02154	0.06833	0.14953	0.20610	0.05744	0.00883	0.04108	0.20148	0.10383	0.00966	0.02490	0.00089	0.00263	0.00366	0.00192	0.00293
8	0.32801	0.00460	0.00464	0.00383	0.00536	0.00485	0.00313	0.22900	0.00676	0.18378	0.02695	0.00913	0.17388	0.00333	0.00218	0.00075	0.00196	0.00251	0.00217	0.00315
9	0.00303	0.00219	0.00281	0.00319	0.00343	0.00204	0.00216	0.00353	0.00488	0.00649	0.11821	0.64899	0.09697	0.07511	0.00371	0.00104	0.00143	0.01659	0.00222	0.00196
10	0.16397	0.00295	0.00294	0.00291	0.00365	0.01784	0.00215	0.01160	0.00503	0.03319	0.05723	0.17700	0.27726	0.06310	0.02103	0.00094	0.00160	0.00395	0.14944	0.00222
11	0.01197	0.00266	0.00304	0.00298	0.00363	0.00254	0.00219	0.01236	0.06586	0.01544	0.19744	0.10250	0.37843	0.09240	0.07280	0.00119	0.00179	0.00444	0.02413	0.00220
12	0.00512	0.00438	0.00464	0.00429	0.00544	0.00488	0.00329	0.01019	0.64917	0.00905	0.01294	0.08441	0.18367	0.00416	0.00258	0.00083	0.00173	0.00352	0.00239	0.00331
13	0.00313	0.00239	0.00290	0.00300	0.00349	0.00225	0.00215	0.00384	0.01636	0.00672	0.16724	0.25322	0.31990	0.08493	0.11602	0.00136	0.00200	0.00494	0.00212	0.00204
14	0.03149	0.00313	0.00375	0.00356	0.00439	0.00300	0.00267	0.09079	0.02535	0.15548	0.07159	0.34629	0.18932	0.02620	0.00300	0.00089	0.00164	0.03249	0.00237	0.00261
15	0.00334	0.00238	0.00288	0.00310	0.00339	0.00229	0.00207	0.00394	0.03626	0.02078	0.02930	0.43320	0.14744	0.25640	0.04077	0.00142	0.00185	0.00522	0.00201	0.00194
16	0.27159	0.00429	0.00502	0.00398	0.00574	0.00411	0.00329	0.02127	0.00615	0.63892	0.00771	0.00695	0.00499	0.00277	0.00216	0.00074	0.00200	0.00210	0.00255	0.00367
17	0.00388	0.00473	0.19139	0.00380	0.00507	0.00315	0.00358	0.02226	0.04521	0.03077	0.14108	0.13575	0.31383	0.08053	0.00350	0.00094	0.00189	0.00416	0.00201	0.00250
18	0.00489	0.00303	0.04030	0.00314	0.00392	0.00261	0.00245	0.00568	0.00508	0.15813	0.04491	0.11748	0.12268	0.16832	0.06396	0.00122	0.00199	0.00348	0.24434	0.00240
19	0.00350	0.00233	0.00262	0.00262	0.00262	0.00233	0.00146	0.00350	0.00350	0.00467	0.00758	0.01575	0.00875	0.91543	0.01225	0.00233	0.00233	0.00350	0.00146	0.00146
20	0.01839	0.00495	0.00545	0.00475	0.00620	0.00550	0.00374	0.03472	0.68320	0.17526	0.00961	0.02364	0.00709	0.00326	0.00244	0.00080	0.00194	0.00270	0.00253	0.00382
21	0.22217	0.00467	0.01594	0.00414	0.00544	0.00494	0.00331	0.31211	0.01574	0.08880	0.02783	0.17190	0.00687	0.05214	0.02872	0.00095	0.00221	0.00297	0.02609	0.00306
22	0.00321	0.00232	0.00287	0.00321	0.00356	0.00217	0.00231	0.00378	0.00487	0.00641	0.03512	0.42420	0.19114	0.11494	0.00410	0.00110	0.00159	0.15071	0.04041	0.00197
23	0.00568	0.00649	0.01420	0.01014	0.01258	0.00609	0.89168	0.00771	0.00568	0.00771	0.00487	0.00649	0.00365	0.00203	0.00284	0.00081	0.00406	0.00284	0.00122	0.00325
24	0.37057	0.00416	0.00418	0.00366	0.00500	0.00444	0.00292	0.02014	0.16007	0.18603	0.12125	0.03803	0.05568	0.00330	0.00215	0.00077	0.00177	0.00256	0.01029	0.00303
25	0.00404	0.00299	0.00355	0.00346	0.00399	0.00320	0.00249	0.01720	0.17966	0.00714	0.11076	0.09182	0.04334	0.25567	0.18204	0.00182	0.00271	0.01698	0.06482	0.00231
26	0.00483	0.01245	0.90297	0.00686	0.01041	0.00559	0.00889	0.00762	0.00508	0.00762	0.00432	0.00508	0.00305	0.00229	0.00229	0.00076	0.00356	0.00178	0.00102	0.00356
27	0.00344	0.00258	0.00387	0.00387	0.00430	0.00301	0.00301	0.00430	0.00387	0.00559	0.00645	0.00945	0.00602	0.01805	0.90590	0.00387	0.00645	0.00258	0.00129	0.00215
28	0.00372	0.00273	0.00349	0.00354	0.00412	0.00264	0.01670	0.02611	0.05148	0.03036	0.17402	0.31056	0.16344	0.03796	0.04400	0.00108	0.00180	0.11774	0.00226	0.00227
29	0.10974	0.02427	0.17991	0.00566	0.00690	0.09787	0.00524	0.05604	0.05434	0.01800	0.01536	0.00584	0.00387	0.04097	0.00943	0.00094	0.35935	0.00201	0.00133	0.00294
30	0.00794	0.00383	0.00489	0.00413	0.00545	0.00359	0.00324	0.13756	0.00681	0.47530	0.01055	0.28001	0.03709	0.00443	0.00263	0.00081	0.00191	0.00379	0.00265	0.00339
31	0.10478	0.04309	0.07589	0.00429	0.00626	0.00491	0.00374	0.17427	0.07942	0.07018	0.00537	0.00596	0.00418	0.03920	0.00242	0.00065	0.00218	0.00183	0.00176	0.36961
32	0.00345	0.00237	0.00290	0.00292	0.00307	0.00243	0.00187	0.00364	0.00374	0.00502	0.00858	0.05168	0.06875	0.59177	0.19814	0.03997	0.00307	0.00349	0.00149	0.00165
33	0.10996	0.00593	0.00572	0.04212	0.00652	0.14849	0.00392	0.25274	0.07042	0.10974	0.00592	0.00646	0.00448	0.01438	0.04947	0.00091	0.06173	0.00208	0.09577	0.00323
34	0.00313	0.00252	0.00284	0.00298	0.00370	0.00223	0.00237	0.00389	0.00556	0.00684	0.06833	0.03632	0.61936	0.00619	0.00297	0.00089	0.00147	0.22408	0.00225	0.00209
35	0.04642	0.00835	0.00689	0.00566	0.00731	0.34133	0.00450	0.50827	0.00925	0.03178	0.00500	0.00522	0.00371	0.00271	0.00228	0.00069	0.00323	0.00191	0.00195	0.00355
36	0.00638	0.81317	0.04898	0.04086	0.00681	0.00912	0.00443	0.03587	0.00510	0.00607	0.00350	0.00408	0.00312	0.00211	0.00164	0.00054	0.00264	0.00137	0.00108	0.00312
37	0.39146	0.00559	0.00542	0.00438	0.00609	0.02924	0.00360	0.36312	0.01873	0.14291	0.00531	0.00536	0.00377	0.00262	0.00202	0.00073	0.00227	0.00184	0.00208	0.00344
38	0.00350	0.00253	0.00300	0.00287	0.00360	0.00224	0.00219	0.00439	0.00619	0.04684	0.44817	0.02013	0.40338	0.00541	0.00284	0.00079	0.00125	0.03595	0.00247	0.00224
39	0.00361	0.00262	0.00362	0.00365	0.00404	0.00288	0.00271	0.04074	0.00428	0.00596	0.00814	0.16742	0.03344	0.10512	0.55964	0.04040	0.00467	0.00345	0.00153	0.00208
40	0.83928	0.00457	0.00362	0.00323	0.00467	0.00526	0.00263	0.00725	0.04003	0.02825	0.00390	0.00468	0.00311	0.03918	0.00198	0.00081	0.00189	0.00147	0.00156	0.00264
41	0.00771	0.00589	0.00628	0.00513	0.00677	0.00661	0.00414	0.49145	0.36645	0.02470	0.00752	0.00722	0.00551	0.00304	0.00239	0.00075	0.00228	0.00240	0.03985	0.00390
42	0.00382	0.00279	0.00328	0.00324	0.00387	0.00281	0.00241	0.00562	0.14555	0.00825	0.27811	0.18864	0.12703	0.00588	0.06394	0.00100	0.00168	0.00422	0.14546	0.00241
43	0.00344	0.00231	0.00264	0.00270	0.00272	0.00229	0.00154	0.00348	0.00362	0.00483	0.00820	0.11299	0.00952	0.81713	0.01125	0.00219	0.00223	0.00386	0.00154	0.00151
44	0.00350	0.00258	0.00354	0.00354	0.00380	0.00290	0.00256	0.00404	0.00379	0.00534	0.00713	0.07266	0.00743	0.30006	0.52623	0.00307	0.04135	0.00314	0.00140	0.00194
45	0.04126	0.00252	0.00320	0.00356	0.00399	0.00251	0.00281	0.00458	0.00491	0.00708	0.01085	0.24520	0.01172	0.04367	0.00368	0.06407	0.00180	0.37755	0.16297	0.00206
46	0.00669	0.00347	0.00440	0.00380	0.00496	0.00327	0.00298	0.04450	0.08284	0.36198	0.18939	0.13345	0.09117	0.00489	0.03912	0.00091	0.00188	0.00366	0.01350	0.00313
47	0.00593	0.00513	0.00551	0.04144	0.00667	0.00596	0.00392	0.01252	0.86007	0.00991	0.00957	0.00887	0.00718	0.00323	0.00245	0.00082	0.00196	0.00270	0.00239	0.00376
48	0.93243	0.00465	0.00354	0.00316	0.00465	0.00540	0.00261	0.00707	0.00410	0.01080	0.00335	0.00391	0.00261	0.00223	0.00149	0.00074	0.00186	0.00130	0.00149	0.00261
49	0.00333	0.00226	0.00267	0.00284	0.00288	0.00222	0.00169	0.00345	0.00383	0.00511	0.00929	0.28516	0.01090	0.64309	0.00949	0.00193	0.00205	0.00450	0.00169	0.00161
50	0.00526	0.00526	0.00737	0.00632	0.00632	0.00737	0.00526	0.00579	0.00369	0.00579	0.00316	0.00526	0.00316	0.00421	0.00790	0.00105	0.91103	0.00211	0.00105	0.00263
51	0.67496	0.00401	0.00328	0.00301	0.00409	0.00455	0.00229	0.00608	0.00393	0.00910	0.00452	0.00719	0.00431	0.25534	0.00447	0.00118	0.00199	0.00191	0.00148	0.00229
52	0.00449	0.00326	0.00363	0.00340	0.00393	0.00338	0.00236	0.14584	0.06996	0.00721	0.01969	0.08692	0.09258	0.48643	0.00776	0.00163	0.00215	0.05131	0.00187	0.00219
53	0.00526	0.00526	0.00737	0.00632	0.00632	0.00737	0.00526	0.00579	0.00369	0.00579	0.00316	0.00526	0.00316	0.00421	0.00790	0.00105	0.91103	0.00211	0.00105	0.00263
54	0.00341	0.00246	0.00322	0.00303	0.00359	0.00227	0.00227	0.00454	0.00681	0.00965	0.89915	0.01797	0.02270	0.00492	0.00284	0.00076	0.00114	0.00435	0.00265	0.00227
55	0.00303	0.00236	0.00258	0.00267	0.00318	0.00209	0.00185	0.00351	0.00500	0.00625	0.07162	0.17618	0.50924	0.19395	0.00482	0.00115	0.00147	0.00502	0.00210	0.00191
56	0.00321	0.00245	0.00287	0.00279	0.00346	0.00216	0.00208	0.00408	0.00611	0.01829	0.45288	0.06110	0.41874	0.00555	0.00285	0.00079	0.00120	0.00477	0.00245	0.00217
57	0.93243	0.00465	0.00354	0.00316	0.00465	0.00540	0.00261	0.00707	0.00410	0.01080	0.00335	0.00391	0.00261	0.00223	0.00149	0.00074	0.00186	0.00130	0.00149	0.00261
58	0.00565	0.00442	0.00486	0.00450	0.00563	0.00492	0.00344	0.01835	0.62661	0.06978	0.01065	0.20274	0.01956	0.00419	0.00258	0.00084	0.00180	0.00360	0.00244	0.00341
59	0.00309	0.00234	0.00252	0.00264	0.00326	0.00205	0.00192	0.00374	0.00528	0.00684	0.05260	0.22258	0.55626	0.00597	0.00275	0.00082	0.00124	0.00510	0.11696	0.00205
60	0.00424	0.00254	0.00304	0.00300	0.00327	0.00247	0.00191	0.02188	0.00428	0.09550	0.00901	0.21495	0.00991	0.58032	0.00875	0.00179	0.00207	0.00408	0.02508	0.00191
61	0.00292	0.00215	0.00274	0.00321	0.00345	0.00197	0.00217	0.00337	0.00475	0.00620	0.01502	0.77335	0.15530	0.00731	0.00304	0.00095	0.00137	0.00656	0.00223	0.00197
62	0.01826	0.00340	0.00391	0.00351	0.00445	0.00330	0.00264	0.12637	0.04373	0.17224	0.04015	0.16602	0.24466	0.13101	0.00399	0.00102	0.00178	0.00404	0.02284	0.00269
63	0.00329	0.00258	0.00294	0.00283	0.00351	0.00235	0.00209	0.00439	0.05016	0.00791	0.39956	0.01972	0.41678	0.06717	0.00346	0.00089	0.00129	0.00454	0.00237	0.00218
64	0.03104	0.00361	0.00402	0.00354	0.00451	0.00386	0.00279	0.20351	0.04205	0.02796	0.00696	0.00807	0.00553	0.00598	0.19113	0.00130	0.00267	0.00227	0.41478	0.03443
65	0.00486	0.00351	0.00394	0.00374	0.00442	0.00375	0.00264	0.01323	0.33915	0.06848	0.00974	0.17092	0.02025	0.33346	0.00610	0.00139	0.00198	0.00373	0.00209	0.00263
66	0.00315	0.00235	0.00272	0.00280	0.00332	0.00210	0.00198	0.00362	0.00513	0.01273	0.13282	0.21256	0.44013	0.08521	0.01478	0.06408	0.00147	0.00498	0.00213	0.00195
67	0.00456	0.00461	0.04421	0.87237	0.01632	0.00536	0.00677	0.00621	0.00482	0.00621	0.00428	0.00636	0.00320	0.00240	0.00240	0.00080	0.00322	0.00212	0.00107	0.00271
68	0.06641	0.00272	0.00333	0.00343	0.00393	0.00271	0.01709	0.00423	0.02145	0.02359	0.05195	0.47993	0.23998	0.00625	0.00315	0.00091	0.05346	0.01118	0.00213	0.00217
69	0.00393	0.00303	0.00361	0.00339	0.00411	0.01360	0.00259	0.08373	0.02216	0.01393	0.20182	0.01535	0.28057	0.05731	0.27800	0.00180	0.00303	0.00372	0.00201	0.00233
70	0.00510	0.03201	0.16697	0.00926	0.04155	0.12996	0.01257	0.02040	0.02810	0.04598	0.01515	0.25512	0.00770	0.06151	0.06121	0.09702	0.00283	0.00341	0.00160	0.00255
71	0.01183	0.21038	0.01922	0.00513	0.00623	0.14803	0.07205	0.02070	0.00530	0.00670	0.13109	0.00821	0.02606	0.00537	0.13022	0.00118	0.16399	0.02418	0.00143	0.00270
72	0.00473	0.00447	0.00637	0.04292	0.00615	0.00607	0.00467	0.00538	0.00378	0.00573	0.00414	0.00659	0.00400	0.02454	0.24006	0.00179	0.62275	0.00226	0.00112	0.00249
73	0.00471	0.16218	0.00495	0.00337	0.00394	0.09721	0.00240	0.01517	0.01189	0.01325	0.04333	0.02478	0.00771	0.56773	0.02663	0.00174	0.00260	0.00295	0.00145	0.00201
74	0.00668	0.00520	0.00563	0.00481	0.00623	0.00580	0.00380	0.26487	0.48907	0.04138	0.08378	0.04632	0.01861	0.00350	0.00250	0.00079	0.00203	0.00289	0.00246	0.00367
75	0.00639	0.02251	0.00697	0.29459	0.12820	0.30558	0.00534	0.04682	0.02018	0.01425	0.08173	0.00677	0.00518	0.00321	0.03455	0.00082	0.00339	0.00215	0.00846	0.00291
76	0.00615	0.05889	0.07905	0.01991	0.05357	0.06974	0.36304	0.06586	0.21191	0.00849	0.00589	0.00664	0.00448	0.00247	0.00253	0.00076	0.00962	0.00244	0.02517	0.00340
77	0.00550	0.00692	0.14674	0.07296	0.00830	0.08594	0.08244	0.00681	0.03493	0.00643	0.00414	0.00572	0.01585	0.00343	0.00542	0.00092	0.50138	0.00213	0.00114	0.00288

[dist]
# distance from previous block
# <min> <max>
4	17

[block]
# block no. 8 follows, 125 sequences, length 24
# corresponding to MSA columns:
# 324-347
name=unknown_I
#
# <colnr> <probs for GDERKNQSTAVLIFYWHMCP>
#	G	D	E	R	K	N	Q	S	T	A	V	L	I	F	Y	W	H	M	C	P
0	0.00540	0.01052	0.61237	0.00754	0.01069	0.00587	0.22185	0.08253	0.00575	0.00828	0.00457	0.00548	0.00328	0.00227	0.00243	0.00077	0.00360	0.00207	0.00118	0.00353
1	0.00769	0.00388	0.00483	0.00399	0.00540	0.00367	0.00324	0.13988	0.00685	0.43322	0.01189	0.03418	0.18809	0.00513	0.07901	0.00104	0.00231	0.03782	0.02454	0.00334
2	0.02127	0.00439	0.00550	0.00442	0.00612	0.00423	0.00358	0.02985	0.23375	0.62271	0.03144	0.00853	0.00664	0.00309	0.00243	0.00076	0.00200	0.00252	0.00280	0.00396
3	0.00655	0.00322	0.00404	0.00353	0.00470	0.00284	0.00275	0.03312	0.00609	0.40085	0.01494	0.20382	0.29373	0.00493	0.00269	0.00081	0.00166	0.00419	0.00257	0.00298
4	0.00377	0.00209	0.00302	0.00321	0.00325	0.00205	0.00214	0.00321	0.00362	0.00482	0.00714	0.30312	0.00801	0.00809	0.00734	0.62686	0.00186	0.00364	0.00143	0.00134
5	0.00344	0.00258	0.00387	0.00387	0.00430	0.00301	0.00301	0.00430	0.00387	0.00559	0.00645	0.00945	0.00602	0.01805	0.90590	0.00387	0.00645	0.00258	0.00129	0.00215
6	0.00418	0.00209	0.00313	0.00313	0.00313	0.00209	0.00209	0.00313	0.00313	0.00418	0.00418	0.00731	0.00418	0.00836	0.00940	0.92999	0.00209	0.00209	0.00104	0.00104
7	0.00526	0.00526	0.00737	0.00632	0.00632	0.00737	0.00526	0.00579	0.00369	0.00579	0.00316	0.00526	0.00316	0.00421	0.00790	0.00105	0.91103	0.00211	0.00105	0.00263
8	0.00348	0.00233	0.00263	0.00265	0.00265	0.00232	0.00148	0.00349	0.00353	0.00471	0.00775	0.04193	0.00896	0.88897	0.01198	0.00229	0.00231	0.00360	0.00148	0.00147
9	0.00341	0.00246	0.00322	0.00303	0.00359	0.00227	0.00227	0.00454	0.00681	0.00965	0.89915	0.01797	0.02270	0.00492	0.00284	0.00076	0.00114	0.00435	0.00265	0.00227
10	0.00591	0.62177	0.30313	0.00501	0.00756	0.00824	0.00567	0.00734	0.00495	0.00630	0.00366	0.00426	0.00308	0.00213	0.00179	0.00060	0.00289	0.00145	0.00103	0.00324
11	0.00388	0.00259	0.00321	0.00298	0.00372	0.00232	0.00226	0.00486	0.00647	0.08437	0.59497	0.01850	0.25068	0.00506	0.00280	0.00077	0.00123	0.00438	0.00257	0.00236
12	0.00331	0.00246	0.00309	0.00293	0.00354	0.00223	0.00220	0.00436	0.00659	0.00913	0.75484	0.01883	0.16734	0.00511	0.00284	0.00077	0.00115	0.00447	0.00258	0.00223
13	0.00418	0.00209	0.00313	0.00313	0.00313	0.00209	0.00209	0.00313	0.00313	0.00418	0.00418	0.00731	0.00418	0.00836	0.00940	0.92999	0.00209	0.00209	0.00104	0.00104
14	0.00292	0.00213	0.00275	0.00324	0.00346	0.00196	0.00219	0.00336	0.00471	0.00618	0.01455	0.81038	0.11857	0.00737	0.00304	0.00096	0.00138	0.00664	0.00223	0.00196
15	0.03069	0.00241	0.00270	0.00267	0.00278	0.00241	0.00157	0.00369	0.00384	0.00531	0.08332	0.01576	0.03060	0.79033	0.01092	0.00212	0.00219	0.00354	0.00158	0.00157
16	0.00292	0.00222	0.00269	0.00304	0.00342	0.00199	0.00210	0.00343	0.00497	0.00639	0.04867	0.59109	0.30445	0.00697	0.00299	0.00092	0.00133	0.00618	0.00225	0.00199
17	0.00400	0.00475	0.18290	0.00437	0.04253	0.00357	0.00360	0.00471	0.00396	0.00556	0.00652	0.03443	0.00698	0.55365	0.05042	0.00188	0.07968	0.00302	0.00134	0.00212
18	0.02652	0.00241	0.00279	0.00286	0.00323	0.00227	0.00191	0.00386	0.00476	0.02473	0.14052	0.23258	0.20931	0.32442	0.00615	0.00137	0.00167	0.00470	0.00202	0.00190
19	0.02755	0.00461	0.00472	0.00427	0.00526	0.06625	0.00320	0.12423	0.29879	0.06578	0.05088	0.15553	0.00883	0.15561	0.00416	0.00106	0.00213	0.01196	0.00218	0.00299
20	0.00318	0.00238	0.00268	0.00268	0.00313	0.00217	0.00183	0.00369	0.00505	0.00653	0.19963	0.08041	0.36665	0.30266	0.00593	0.00131	0.00158	0.00453	0.00207	0.00189
21	0.00344	0.00258	0.00387	0.00387	0.00430	0.00301	0.00301	0.00430	0.00387	0.00559	0.00645	0.00945	0.00602	0.01805	0.90590	0.00387	0.00645	0.00258	0.00129	0.00215
22	0.00539	0.00344	0.00424	0.00382	0.00440	0.00368	0.00279	0.19325	0.10653	0.00726	0.00577	0.00779	0.02798	0.02810	0.00702	0.58052	0.00217	0.00229	0.00153	0.00204
23	0.00420	0.00459	0.22054	0.00406	0.00493	0.00292	0.00375	0.00424	0.00376	0.00522	0.00520	0.10504	0.00518	0.00680	0.00700	0.60474	0.00237	0.00253	0.00117	0.00175

[dist]
# distance from previous block
# <min> <max>
0	14

# created by:
# /share/home/app/bin/augustus-3.3.1/scripts/msa2prfl.pl /dev/shm/tmp/ogap_db/mt-Sar/msas/cox3.aln --setname=cox3
