[name]
nad1

[dist]
# distance from previous block
# <min> <max>
0	87

[block]
# block no. 0 follows, 106 sequences, length 175
# corresponding to MSA columns:
# 87-261
name=unknown_A
#
# <colnr> <probs for GDERKNQSTAVLIFYWHMCP>
#	G	D	E	R	K	N	Q	S	T	A	V	L	I	F	Y	W	H	M	C	P
0	0.00374	0.00293	0.00366	0.00430	0.05566	0.00270	0.00282	0.01961	0.00585	0.00751	0.02550	0.45051	0.32327	0.04655	0.00385	0.00111	0.00173	0.03380	0.00247	0.00244
1	0.03263	0.00514	0.00552	0.00537	0.04097	0.09413	0.03139	0.04028	0.21720	0.00891	0.03489	0.13133	0.15009	0.01444	0.15798	0.00155	0.00330	0.00399	0.01772	0.00317
2	0.00499	0.00450	0.00516	0.00472	0.01239	0.03729	0.06354	0.01767	0.26946	0.00886	0.02653	0.12813	0.37968	0.02025	0.00331	0.00098	0.00208	0.00485	0.00251	0.00311
3	0.00352	0.00267	0.00310	0.00326	0.00377	0.00241	0.00225	0.00414	0.00588	0.00758	0.15295	0.28785	0.35077	0.15106	0.00509	0.00126	0.00166	0.00603	0.00250	0.00225
4	0.00349	0.00253	0.00323	0.00375	0.00400	0.00236	0.00252	0.01486	0.00541	0.00714	0.01584	0.76847	0.08869	0.05856	0.00410	0.00119	0.00167	0.00742	0.00252	0.00226
5	0.00724	0.00890	0.12873	0.01205	0.46157	0.22605	0.00743	0.00879	0.00647	0.00820	0.00540	0.03287	0.00465	0.00405	0.06479	0.00107	0.00406	0.00243	0.00140	0.00386
6	0.05794	0.00341	0.00358	0.00341	0.00431	0.00333	0.00253	0.04667	0.07120	0.00822	0.04246	0.02036	0.50724	0.12224	0.06088	0.03051	0.00216	0.00468	0.00233	0.00254
7	0.00336	0.00251	0.00313	0.00360	0.00395	0.00228	0.00246	0.00391	0.00559	0.00724	0.03367	0.67854	0.22325	0.00823	0.00347	0.00108	0.00155	0.00734	0.00258	0.00228
8	0.02213	0.21162	0.00741	0.00455	0.00612	0.00617	0.00376	0.19645	0.03519	0.13742	0.01074	0.09054	0.12840	0.11001	0.00399	0.00104	0.00246	0.00343	0.01508	0.00347
9	0.00369	0.00290	0.00333	0.00352	0.00416	0.00269	0.00252	0.01848	0.05732	0.00797	0.08263	0.39129	0.39471	0.00736	0.00335	0.00101	0.00155	0.00642	0.00262	0.00248
10	0.00392	0.00304	0.00356	0.00341	0.00422	0.00281	0.00256	0.01987	0.05004	0.00975	0.47978	0.06432	0.33021	0.00615	0.00325	0.00091	0.00143	0.00531	0.00284	0.00262
11	0.00351	0.00268	0.00322	0.00340	0.00397	0.00239	0.00244	0.00431	0.00639	0.00839	0.27017	0.33635	0.32049	0.00722	0.00337	0.00099	0.00146	0.01416	0.00271	0.00239
12	0.00548	0.00444	0.00519	0.00391	0.00591	0.00346	0.00303	0.00656	0.00567	0.02259	0.03043	0.03446	0.02779	0.09116	0.00335	0.00069	0.00205	0.00230	0.02929	0.71224
13	0.00355	0.00254	0.00338	0.00380	0.00410	0.00237	0.00264	0.00427	0.00599	0.00814	0.23766	0.64687	0.02024	0.00787	0.00348	0.00106	0.00156	0.03543	0.00269	0.00235
14	0.00337	0.00241	0.00321	0.00386	0.00402	0.00225	0.00257	0.00386	0.00530	0.00707	0.01526	0.90087	0.01832	0.00868	0.00353	0.00112	0.00161	0.00787	0.00257	0.00225
15	0.00333	0.00275	0.00292	0.00301	0.00381	0.00234	0.00221	0.00403	0.00625	0.00764	0.07908	0.15871	0.70000	0.00718	0.00331	0.00096	0.00143	0.00610	0.00260	0.00234
16	0.10705	0.00603	0.00691	0.00533	0.00748	0.00611	0.00440	0.36412	0.00954	0.38924	0.00809	0.00756	0.00541	0.00321	0.00262	0.00082	0.00260	0.00246	0.00287	0.05814
17	0.00387	0.00282	0.00364	0.00346	0.00411	0.00259	0.00259	0.00512	0.00769	0.01081	0.81574	0.04621	0.06933	0.00582	0.00327	0.00088	0.00132	0.00513	0.00301	0.00259
18	0.01242	0.00471	0.00643	0.00493	0.00707	0.00407	0.00407	0.01350	0.00793	0.88733	0.01092	0.00943	0.00685	0.00343	0.00278	0.00086	0.00236	0.00278	0.00343	0.00471
19	0.00446	0.00303	0.00438	0.00430	0.00483	0.00340	0.00327	0.00533	0.00460	0.05791	0.00779	0.01171	0.00732	0.13159	0.72833	0.00402	0.00652	0.00309	0.00162	0.00250
20	0.00404	0.00276	0.00334	0.00338	0.00350	0.00284	0.00214	0.00428	0.00424	0.00572	0.00889	0.01779	0.00994	0.70539	0.15351	0.00288	0.00343	0.05837	0.00170	0.00186
21	0.00698	0.00593	0.00628	0.00559	0.00716	0.00682	0.00436	0.06482	0.79484	0.01191	0.04574	0.01053	0.00894	0.00381	0.00283	0.00093	0.00221	0.00317	0.00282	0.00433
22	0.00338	0.00249	0.00316	0.00367	0.00398	0.00228	0.00249	0.00393	0.00557	0.00730	0.05214	0.72018	0.16274	0.00828	0.00348	0.00108	0.00156	0.00742	0.00259	0.00228
23	0.00912	0.00401	0.00538	0.00451	0.00602	0.00358	0.00358	0.02477	0.01304	0.54019	0.17790	0.15479	0.01253	0.00479	0.00302	0.00091	0.00205	0.02276	0.00318	0.00387
24	0.00572	0.09321	0.81088	0.00761	0.01155	0.00683	0.00974	0.00873	0.00583	0.00857	0.00487	0.00572	0.00351	0.00261	0.00256	0.00085	0.00399	0.00200	0.00117	0.00404
25	0.00523	0.00492	0.00831	0.89603	0.01907	0.00615	0.00769	0.00708	0.00554	0.00708	0.00492	0.00738	0.00369	0.00277	0.00277	0.00092	0.00369	0.00246	0.00123	0.00308
26	0.00675	0.00713	0.06702	0.01604	0.76792	0.00660	0.07062	0.00854	0.00629	0.00902	0.00522	0.00683	0.00432	0.00247	0.00277	0.00083	0.00344	0.00250	0.00136	0.00432
27	0.01840	0.00289	0.00304	0.00302	0.00392	0.00252	0.00228	0.00439	0.01748	0.00812	0.14252	0.03759	0.70927	0.00676	0.00326	0.00094	0.00144	0.02715	0.00262	0.00242
28	0.00401	0.00290	0.00392	0.00451	0.00501	0.00281	0.00365	0.00497	0.00601	0.00782	0.01592	0.31907	0.08525	0.00794	0.00369	0.00120	0.00215	0.51419	0.00256	0.00243
29	0.40883	0.00512	0.00548	0.00443	0.00639	0.00520	0.00365	0.04776	0.00674	0.46915	0.00766	0.00716	0.00508	0.00305	0.00232	0.00086	0.00229	0.00221	0.00265	0.00397
30	0.21926	0.00568	0.00610	0.00502	0.00675	0.00612	0.00407	0.28004	0.07172	0.19991	0.02115	0.06077	0.05835	0.00383	0.00287	0.00089	0.03804	0.00292	0.00259	0.00391
31	0.00337	0.00281	0.00294	0.00290	0.00380	0.00238	0.00218	0.00416	0.00653	0.00801	0.15243	0.02578	0.75958	0.00682	0.00327	0.00093	0.00139	0.00572	0.00264	0.00238
32	0.00652	0.00732	0.01542	0.01114	0.01371	0.00710	0.78361	0.00896	0.04118	0.00883	0.00570	0.00749	0.00433	0.00256	0.00363	0.00095	0.06319	0.00321	0.00144	0.00371
33	0.00523	0.00492	0.00831	0.89603	0.01907	0.00615	0.00769	0.00708	0.00554	0.00708	0.00492	0.00738	0.00369	0.00277	0.00277	0.00092	0.00369	0.00246	0.00123	0.00308
34	0.00523	0.00492	0.00831	0.89603	0.01907	0.00615	0.00769	0.00708	0.00554	0.00708	0.00492	0.00738	0.00369	0.00277	0.00277	0.00092	0.00369	0.00246	0.00123	0.00308
35	0.00593	0.00571	0.00997	0.44714	0.36529	0.00628	0.07702	0.00769	0.00592	0.00801	0.00540	0.03350	0.00444	0.00279	0.00282	0.00089	0.00355	0.00269	0.00134	0.00363
36	0.92224	0.00536	0.00407	0.00364	0.00536	0.00621	0.00300	0.00814	0.00471	0.01242	0.00386	0.00450	0.00300	0.00257	0.00171	0.00086	0.00214	0.00150	0.00171	0.00300
37	0.00574	0.00492	0.00574	0.00410	0.00656	0.00369	0.00328	0.00697	0.00574	0.00902	0.00492	0.00574	0.00410	0.00205	0.00205	0.00041	0.00205	0.00164	0.00164	0.91961
38	0.01035	0.01298	0.00787	0.00710	0.00856	0.85641	0.00535	0.04550	0.00805	0.00720	0.00437	0.00506	0.00361	0.00287	0.00251	0.00072	0.00492	0.00181	0.00148	0.00327
39	0.00404	0.00295	0.00380	0.00357	0.00426	0.00278	0.00268	0.00560	0.04258	0.01112	0.84920	0.02027	0.02542	0.00559	0.00325	0.00087	0.00134	0.00493	0.00304	0.00268
40	0.00357	0.00282	0.00322	0.00312	0.00392	0.00247	0.00234	0.00455	0.00702	0.00916	0.42523	0.02388	0.48606	0.00639	0.00327	0.00091	0.00136	0.00546	0.00279	0.00247
41	0.92224	0.00536	0.00407	0.00364	0.00536	0.00621	0.00300	0.00814	0.00471	0.01242	0.00386	0.00450	0.00300	0.00257	0.00171	0.00086	0.00214	0.00150	0.00171	0.00300
42	0.00439	0.00334	0.00413	0.00397	0.00463	0.00346	0.00289	0.00593	0.11355	0.00742	0.06859	0.06667	0.08228	0.23699	0.28191	0.01946	0.00378	0.01787	0.00198	0.06675
43	0.00480	0.00335	0.00473	0.00448	0.00514	0.00328	0.06237	0.04051	0.00569	0.04353	0.03967	0.14949	0.09959	0.19429	0.05116	0.11003	0.00267	0.17068	0.00214	0.00240
44	0.92224	0.00536	0.00407	0.00364	0.00536	0.00621	0.00300	0.00814	0.00471	0.01242	0.00386	0.00450	0.00300	0.00257	0.00171	0.00086	0.00214	0.00150	0.00171	0.00300
45	0.00338	0.00245	0.00319	0.00377	0.00400	0.00226	0.00254	0.00390	0.00543	0.00719	0.03578	0.81777	0.08114	0.00849	0.00351	0.00111	0.00159	0.00766	0.00258	0.00226
46	0.00347	0.00250	0.00330	0.00391	0.00412	0.00236	0.00265	0.00411	0.02013	0.00724	0.02913	0.84907	0.01821	0.00852	0.00353	0.00112	0.00164	0.03011	0.00258	0.00230
47	0.00654	0.00745	0.01622	0.01160	0.01438	0.00700	0.86456	0.00894	0.01736	0.00890	0.00567	0.00751	0.00425	0.00235	0.00326	0.00093	0.00464	0.00327	0.00142	0.00374
48	0.00627	0.00481	0.00566	0.00417	0.00642	0.00379	0.00330	0.00768	0.04065	0.08584	0.00592	0.00697	0.00487	0.05501	0.00285	0.00060	0.00212	0.00194	0.00185	0.74925
49	0.00339	0.00245	0.00318	0.00375	0.00396	0.00227	0.00251	0.00387	0.00533	0.00704	0.01597	0.80996	0.08000	0.03729	0.00386	0.00116	0.00163	0.00760	0.00254	0.00224
50	0.01170	0.00482	0.00634	0.00491	0.00698	0.00430	0.00404	0.07045	0.01720	0.76872	0.01165	0.01026	0.05814	0.00363	0.00281	0.00086	0.00234	0.00295	0.00333	0.00457
51	0.00740	0.90435	0.01451	0.00474	0.00711	0.01096	0.00474	0.00829	0.00563	0.00652	0.00385	0.00444	0.00355	0.00237	0.00178	0.00059	0.00296	0.00148	0.00118	0.00355
52	0.88602	0.00533	0.00416	0.00369	0.00542	0.00613	0.00304	0.00835	0.00484	0.04726	0.00414	0.00469	0.00315	0.00260	0.00176	0.00086	0.00215	0.00155	0.00178	0.00307
53	0.00342	0.00246	0.00320	0.00374	0.00396	0.00229	0.00250	0.00391	0.00538	0.00714	0.04327	0.78067	0.06892	0.05006	0.00400	0.00118	0.00164	0.00748	0.00254	0.00224
54	0.00685	0.00658	0.01124	0.01700	0.88541	0.00658	0.00850	0.00850	0.00631	0.00905	0.00521	0.00685	0.00439	0.00247	0.00274	0.00082	0.00329	0.00247	0.00137	0.00439
55	0.00337	0.00241	0.00321	0.00386	0.00402	0.00225	0.00257	0.00386	0.00530	0.00707	0.01526	0.90087	0.01832	0.00868	0.00353	0.00112	0.00161	0.00787	0.00257	0.00225
56	0.00397	0.00269	0.00312	0.00323	0.00331	0.00266	0.00196	0.00412	0.00437	0.00579	0.01033	0.10887	0.03703	0.72893	0.01205	0.00239	0.00253	0.05898	0.00185	0.00181
57	0.00509	0.00319	0.00407	0.00377	0.00458	0.00299	0.00282	0.00654	0.05433	0.12087	0.56784	0.10227	0.04634	0.05817	0.00384	0.00101	0.00160	0.00487	0.00294	0.00288
58	0.00685	0.00658	0.01124	0.01700	0.88541	0.00658	0.00850	0.00850	0.00631	0.00905	0.00521	0.00685	0.00439	0.00247	0.00274	0.00082	0.00329	0.00247	0.00137	0.00439
59	0.00555	0.01432	0.88833	0.00789	0.01199	0.00643	0.01023	0.00877	0.00585	0.00877	0.00497	0.00585	0.00351	0.00263	0.00263	0.00088	0.00409	0.00205	0.00117	0.00409
60	0.00706	0.00567	0.00606	0.00534	0.00691	0.00636	0.00418	0.09271	0.65193	0.05405	0.03218	0.01180	0.09533	0.00407	0.00287	0.00092	0.00218	0.00337	0.00282	0.00419
61	0.00391	0.00312	0.00353	0.00338	0.00425	0.00290	0.00255	0.00556	0.09080	0.00948	0.40625	0.02244	0.41950	0.00610	0.00323	0.00091	0.00144	0.00521	0.00281	0.00266
62	0.00348	0.00251	0.00322	0.00366	0.00392	0.00233	0.00246	0.00403	0.00554	0.00739	0.10912	0.66016	0.08746	0.08559	0.00440	0.00122	0.00165	0.00707	0.00254	0.00225
63	0.00574	0.00492	0.00574	0.00410	0.00656	0.00369	0.00328	0.00697	0.00574	0.00902	0.00492	0.00574	0.00410	0.00205	0.00205	0.00041	0.00205	0.00164	0.00164	0.91961
64	0.01870	0.00675	0.00728	0.09584	0.00892	0.03954	0.00505	0.37674	0.34964	0.02194	0.00846	0.03496	0.00643	0.00357	0.00279	0.00089	0.00279	0.00287	0.00257	0.00427
65	0.00987	0.02722	0.00808	0.08523	0.00947	0.64630	0.00553	0.15938	0.00849	0.00863	0.00474	0.00548	0.00377	0.00292	0.00256	0.00075	0.00451	0.00196	0.00164	0.00346
66	0.01061	0.00518	0.00637	0.00499	0.00692	0.00499	0.00408	0.23539	0.00905	0.52038	0.06555	0.01016	0.04246	0.00367	0.00278	0.00084	0.00237	0.00296	0.05689	0.00436
67	0.00966	0.19807	0.00920	0.00661	0.00823	0.69076	0.00520	0.01056	0.02512	0.00682	0.00433	0.00499	0.00366	0.00277	0.00235	0.00069	0.00451	0.00175	0.00140	0.00331
68	0.01827	0.00455	0.00551	0.00596	0.12615	0.00469	0.00395	0.09875	0.20233	0.01026	0.15465	0.08044	0.25374	0.01439	0.00315	0.00093	0.00203	0.00436	0.00254	0.00336
69	0.05217	0.00347	0.00403	0.05586	0.00519	0.01755	0.00289	0.02338	0.03325	0.04388	0.32335	0.06289	0.18379	0.15805	0.01735	0.00125	0.00201	0.00454	0.00248	0.00262
70	0.00352	0.00254	0.00324	0.00361	0.00396	0.00233	0.00249	0.00406	0.00574	0.00759	0.14307	0.57258	0.16533	0.00801	0.00388	0.05487	0.00158	0.00679	0.00256	0.00226
71	0.00403	0.00268	0.00302	0.00302	0.00302	0.00268	0.00168	0.00403	0.00403	0.00537	0.00873	0.01812	0.01007	0.90268	0.01409	0.00268	0.00268	0.00403	0.00168	0.00168
72	0.00361	0.00283	0.00328	0.00331	0.00403	0.00254	0.00243	0.00467	0.03286	0.00868	0.29859	0.19698	0.41259	0.00681	0.00331	0.00095	0.00144	0.00590	0.00273	0.00247
73	0.00354	0.00253	0.00314	0.00356	0.00376	0.00238	0.00233	0.00393	0.00510	0.00670	0.01486	0.58745	0.09916	0.23023	0.00613	0.00150	0.00187	0.01736	0.00235	0.00212
74	0.01213	0.00519	0.00672	0.00515	0.00731	0.00478	0.00426	0.14909	0.00873	0.75060	0.01025	0.00899	0.00652	0.00341	0.00278	0.00085	0.00246	0.00274	0.00332	0.00471
75	0.00574	0.00492	0.00574	0.00410	0.00656	0.00369	0.00328	0.00697	0.00574	0.00902	0.00492	0.00574	0.00410	0.00205	0.00205	0.00041	0.00205	0.00164	0.00164	0.91961
76	0.00421	0.00298	0.00363	0.00371	0.00444	0.00274	0.00281	0.02748	0.00651	0.05197	0.16320	0.24991	0.32190	0.00743	0.02954	0.00111	0.00184	0.10935	0.00266	0.00257
77	0.00368	0.00256	0.00304	0.00339	0.00382	0.00236	0.00236	0.00435	0.00563	0.00770	0.03337	0.49498	0.21552	0.04296	0.00364	0.00107	0.00156	0.02017	0.14552	0.00231
78	0.00801	0.00585	0.00641	0.00554	0.00722	0.00652	0.00436	0.08938	0.65274	0.14836	0.01077	0.01001	0.00791	0.02031	0.00302	0.00095	0.00230	0.00304	0.00289	0.00441
79	0.00445	0.00298	0.00331	0.00320	0.00335	0.00303	0.00190	0.05523	0.00462	0.00627	0.00862	0.01714	0.00964	0.81417	0.01295	0.00249	0.00265	0.00388	0.03822	0.00189
80	0.08912	0.00358	0.00382	0.00359	0.00451	0.00354	0.00266	0.05673	0.06617	0.03692	0.15228	0.06472	0.32603	0.15343	0.00486	0.00121	0.00188	0.01980	0.00247	0.00269
81	0.06145	0.00262	0.00328	0.00380	0.00410	0.00252	0.00259	0.00420	0.00541	0.00761	0.05696	0.78499	0.03408	0.00811	0.00340	0.00109	0.00162	0.00729	0.00254	0.00232
82	0.01035	0.00734	0.00796	0.00616	0.00831	0.00806	0.00507	0.74624	0.06734	0.07920	0.00728	0.00714	0.00514	0.00336	0.00276	0.00084	0.00292	0.00256	0.01734	0.00466
83	0.00350	0.00251	0.00329	0.00383	0.00406	0.00235	0.00262	0.00405	0.00545	0.00724	0.05374	0.72105	0.05195	0.06080	0.00415	0.00121	0.00171	0.06171	0.00254	0.00225
84	0.00502	0.00319	0.00384	0.00377	0.00469	0.00288	0.00290	0.03326	0.00660	0.13582	0.06174	0.23230	0.38161	0.00678	0.00331	0.00100	0.00177	0.10403	0.00272	0.00277
85	0.29108	0.00645	0.00630	0.00518	0.00699	0.05244	0.00421	0.37582	0.02422	0.09372	0.00673	0.03511	0.01603	0.00440	0.05863	0.00108	0.00300	0.00243	0.00235	0.00385
86	0.00481	0.00241	0.00361	0.00361	0.00361	0.00241	0.00241	0.00361	0.00361	0.00481	0.00481	0.00842	0.00481	0.00962	0.01082	0.91943	0.00241	0.00241	0.00120	0.00120
87	0.00982	0.00455	0.00576	0.00464	0.00636	0.01808	0.00371	0.01994	0.07836	0.56768	0.14109	0.01149	0.00990	0.05642	0.00348	0.00095	0.00223	0.00316	0.01923	0.03316
88	0.00381	0.00281	0.00356	0.00340	0.00408	0.00256	0.00254	0.00501	0.00755	0.01048	0.73908	0.04796	0.14497	0.00594	0.00328	0.00089	0.00133	0.00521	0.00297	0.00256
89	0.00336	0.00276	0.00296	0.00306	0.00386	0.00237	0.00227	0.00408	0.00626	0.00765	0.07393	0.14771	0.69042	0.00719	0.00332	0.00097	0.00146	0.03144	0.00260	0.00235
90	0.00574	0.00492	0.00574	0.00410	0.00656	0.00369	0.00328	0.00697	0.00574	0.00902	0.00492	0.00574	0.00410	0.00205	0.00205	0.00041	0.00205	0.00164	0.00164	0.91961
91	0.00386	0.00266	0.00316	0.00328	0.00340	0.00262	0.00201	0.00410	0.00460	0.00616	0.06187	0.19549	0.04025	0.60013	0.05281	0.00229	0.00257	0.00486	0.00196	0.00191
92	0.32070	0.03446	0.00674	0.00530	0.00711	0.05206	0.00435	0.34981	0.04504	0.07300	0.00583	0.00626	0.00436	0.01777	0.00292	0.00089	0.05516	0.00215	0.00223	0.00385
93	0.00588	0.02179	0.16633	0.00741	0.15585	0.10791	0.00561	0.02623	0.00563	0.00758	0.00623	0.02716	0.00583	0.15723	0.18661	0.00187	0.04379	0.00272	0.00148	0.05687
94	0.61989	0.01832	0.00531	0.00485	0.04478	0.06116	0.02579	0.05866	0.00579	0.01170	0.08229	0.00651	0.00543	0.00357	0.03533	0.00098	0.00262	0.00203	0.00184	0.00315
95	0.03383	0.00555	0.00511	0.00486	0.00582	0.20303	0.01964	0.02783	0.00672	0.08334	0.10142	0.17429	0.11722	0.03423	0.00377	0.03757	0.00269	0.12797	0.00231	0.00282
96	0.00517	0.00346	0.00421	0.00382	0.00465	0.00341	0.00286	0.06932	0.05949	0.06537	0.52687	0.02457	0.03411	0.10530	0.02075	0.00113	0.00182	0.00432	0.05646	0.00288
97	0.00385	0.00277	0.00329	0.00336	0.00390	0.00260	0.00235	0.00443	0.00550	0.03293	0.06947	0.19856	0.32852	0.21363	0.11065	0.00178	0.00247	0.00536	0.00229	0.00227
98	0.00993	0.00511	0.00626	0.00507	0.00689	0.00509	0.00411	0.14247	0.16582	0.46679	0.04845	0.00979	0.00768	0.00458	0.05486	0.00107	0.00263	0.00290	0.04618	0.00433
99	0.00736	0.66814	0.16455	0.00550	0.00808	0.09195	0.00574	0.00863	0.00587	0.00693	0.00408	0.00474	0.00355	0.00246	0.00199	0.00065	0.00335	0.00161	0.00120	0.00361
100	0.00480	0.00372	0.00422	0.00401	0.00492	0.00365	0.00294	0.09902	0.10165	0.00888	0.04140	0.29173	0.21490	0.10681	0.00438	0.00114	0.00194	0.02119	0.00246	0.07624
101	0.00909	0.03764	0.04212	0.00812	0.01005	0.55115	0.21625	0.06098	0.00764	0.00799	0.00475	0.00572	0.00379	0.00275	0.00274	0.00078	0.01333	0.00219	0.00148	0.01143
102	0.00360	0.00270	0.00336	0.00363	0.00410	0.00252	0.00256	0.00452	0.03228	0.00807	0.19492	0.47576	0.19728	0.01856	0.03171	0.00115	0.00172	0.00653	0.00263	0.00241
103	0.83548	0.05812	0.00484	0.00381	0.00558	0.00658	0.00318	0.03971	0.00507	0.01226	0.00396	0.00457	0.00309	0.00259	0.00176	0.00084	0.00222	0.00153	0.00172	0.00309
104	0.14722	0.00323	0.00336	0.00325	0.00421	0.00305	0.00246	0.00519	0.00639	0.03370	0.23089	0.09824	0.43709	0.00604	0.00304	0.00092	0.00154	0.00506	0.00258	0.00257
105	0.00338	0.00242	0.00322	0.00385	0.00403	0.00226	0.00258	0.00388	0.00532	0.00709	0.01542	0.88165	0.02909	0.00864	0.00353	0.00112	0.00161	0.01606	0.00257	0.00225
106	0.00393	0.00290	0.00422	0.00426	0.00468	0.00331	0.00321	0.00478	0.00445	0.00635	0.00802	0.06382	0.00793	0.11626	0.74393	0.00406	0.00656	0.00337	0.00157	0.00237
107	0.00370	0.00262	0.00322	0.00356	0.00377	0.00251	0.00231	0.01996	0.00512	0.00676	0.01406	0.54107	0.08271	0.28746	0.00680	0.00159	0.00195	0.00642	0.00230	0.00212
108	0.00360	0.00253	0.00323	0.00365	0.00378	0.00245	0.00236	0.00398	0.00487	0.00653	0.01283	0.58354	0.01516	0.27387	0.06277	0.00180	0.00229	0.00642	0.00224	0.00209
109	0.05890	0.00486	0.00629	0.00492	0.00699	0.00444	0.00404	0.01333	0.08656	0.76306	0.01059	0.00925	0.00680	0.00341	0.00273	0.00086	0.00233	0.00275	0.00328	0.00459
110	0.00360	0.00287	0.00323	0.00317	0.00398	0.00255	0.00236	0.00468	0.02910	0.00883	0.32655	0.06880	0.51732	0.00654	0.00327	0.00092	0.00140	0.00559	0.00274	0.00248
111	0.01053	0.00776	0.00831	0.00637	0.00859	0.00859	0.00526	0.87617	0.01302	0.01745	0.00665	0.00665	0.00471	0.00332	0.00277	0.00083	0.00305	0.00249	0.00277	0.00471
112	0.01069	0.00750	0.00815	0.00625	0.00846	0.00821	0.00516	0.80317	0.01259	0.09107	0.00701	0.00688	0.00489	0.00333	0.00277	0.00083	0.00299	0.00252	0.00283	0.00471
113	0.00344	0.00245	0.00326	0.00386	0.00405	0.00230	0.00261	0.00395	0.00535	0.00714	0.03270	0.82782	0.01815	0.03544	0.00386	0.00117	0.00166	0.03599	0.00255	0.00225
114	0.55126	0.00730	0.00558	0.00482	0.00657	0.19473	0.00386	0.12288	0.00667	0.06716	0.00476	0.00520	0.00359	0.00278	0.00209	0.00082	0.00288	0.00177	0.00190	0.00338
115	0.00385	0.00283	0.00360	0.00341	0.00409	0.00258	0.00255	0.00508	0.00766	0.01069	0.78661	0.02136	0.12372	0.00581	0.00327	0.00088	0.00132	0.00510	0.00299	0.00258
116	0.00411	0.00318	0.00472	0.00463	0.00509	0.00381	0.00362	0.00506	0.00443	0.00643	0.00716	0.01062	0.00673	0.03063	0.81762	0.00420	0.07104	0.00294	0.00147	0.00250
117	0.80338	0.00556	0.00450	0.00395	0.00569	0.00642	0.00324	0.07062	0.05662	0.01273	0.00449	0.00499	0.00344	0.00269	0.00185	0.00086	0.00221	0.00167	0.00185	0.00320
118	0.00350	0.00281	0.00311	0.00304	0.00388	0.00243	0.00228	0.00441	0.00684	0.00873	0.32331	0.02459	0.58824	0.00655	0.00327	0.00091	0.00137	0.00556	0.00274	0.00243
119	0.00336	0.00267	0.00302	0.00326	0.00389	0.00233	0.00233	0.00401	0.00601	0.00750	0.06080	0.34576	0.51631	0.00757	0.00338	0.00101	0.00149	0.02038	0.00259	0.00232
120	0.00362	0.00284	0.00328	0.00353	0.00418	0.00259	0.00263	0.00453	0.03296	0.00752	0.02113	0.26983	0.44889	0.04808	0.00390	0.00112	0.00171	0.13274	0.00254	0.00238
121	0.09226	0.00596	0.00696	0.00538	0.00751	0.00603	0.00444	0.35176	0.00964	0.46827	0.00862	0.00790	0.00567	0.00331	0.00268	0.00085	0.00261	0.00256	0.00302	0.00456
122	0.92224	0.00536	0.00407	0.00364	0.00536	0.00621	0.00300	0.00814	0.00471	0.01242	0.00386	0.00450	0.00300	0.00257	0.00171	0.00086	0.00214	0.00150	0.00171	0.00300
123	0.00481	0.00241	0.00361	0.00361	0.00361	0.00241	0.00241	0.00361	0.00361	0.00481	0.00481	0.00842	0.00481	0.00962	0.01082	0.91943	0.00241	0.00241	0.00120	0.00120
124	0.01074	0.00741	0.00810	0.00621	0.00841	0.00807	0.00513	0.77758	0.01244	0.11687	0.00714	0.00697	0.00495	0.00334	0.00277	0.00083	0.00297	0.00253	0.00285	0.00471
125	0.01053	0.00776	0.00831	0.00637	0.00859	0.00859	0.00526	0.87617	0.01302	0.01745	0.00665	0.00665	0.00471	0.00332	0.00277	0.00083	0.00305	0.00249	0.00277	0.00471
126	0.01034	0.01320	0.00785	0.00713	0.00856	0.89156	0.00535	0.01106	0.00785	0.00678	0.00428	0.00499	0.00357	0.00285	0.00250	0.00071	0.00499	0.00178	0.00143	0.00321
127	0.01030	0.00764	0.00818	0.00632	0.00850	0.00848	0.00521	0.82175	0.06782	0.01708	0.00694	0.00688	0.00495	0.00335	0.00277	0.00084	0.00299	0.00253	0.00277	0.00469
128	0.00671	0.00643	0.01098	0.09440	0.80912	0.00654	0.00843	0.00837	0.00624	0.00887	0.00518	0.00690	0.00433	0.00249	0.00274	0.00083	0.00333	0.00247	0.00136	0.00427
129	0.00396	0.00297	0.00445	0.00445	0.00494	0.00346	0.00346	0.00494	0.00445	0.00643	0.00742	0.01088	0.00692	0.02077	0.89171	0.00445	0.00742	0.00297	0.00148	0.00247
130	0.01088	0.00521	0.00658	0.00499	0.00720	0.00468	0.00410	0.14234	0.00828	0.59122	0.00915	0.00831	0.00601	0.00315	0.00264	0.00077	0.00240	0.00253	0.00299	0.17654
131	0.00402	0.00270	0.00312	0.00312	0.00315	0.00274	0.00180	0.00409	0.00406	0.00544	0.00864	0.01762	0.00985	0.84223	0.07425	0.00281	0.00301	0.00395	0.00166	0.00173
132	0.00347	0.00248	0.00333	0.00397	0.00418	0.00234	0.00275	0.00403	0.00540	0.00718	0.01521	0.82031	0.01809	0.00858	0.00356	0.00114	0.00169	0.08744	0.00257	0.00228
133	0.92224	0.00536	0.00407	0.00364	0.00536	0.00621	0.00300	0.00814	0.00471	0.01242	0.00386	0.00450	0.00300	0.00257	0.00171	0.00086	0.00214	0.00150	0.00171	0.00300
134	0.06733	0.00522	0.00657	0.00507	0.00720	0.00489	0.00419	0.14528	0.00851	0.70103	0.00984	0.00870	0.00629	0.00336	0.00272	0.00085	0.00245	0.00266	0.00322	0.00461
135	0.00341	0.00246	0.00323	0.00380	0.00404	0.00228	0.00258	0.00394	0.00546	0.00724	0.04165	0.80204	0.07321	0.00846	0.00352	0.00111	0.00160	0.02511	0.00258	0.00227
136	0.00523	0.00492	0.00831	0.89603	0.01907	0.00615	0.00769	0.00708	0.00554	0.00708	0.00492	0.00738	0.00369	0.00277	0.00277	0.00092	0.00369	0.00246	0.00123	0.00308
137	0.01072	0.00744	0.00811	0.00622	0.00843	0.00812	0.00514	0.78602	0.01249	0.10835	0.00710	0.00694	0.00493	0.00333	0.00277	0.00083	0.00297	0.00252	0.00284	0.00471
138	0.01054	0.00509	0.00631	0.00506	0.00701	0.00491	0.00411	0.07572	0.19827	0.58195	0.01169	0.01043	0.05846	0.00370	0.00282	0.00088	0.00231	0.00302	0.00320	0.00450
139	0.01239	0.00477	0.00646	0.00495	0.00710	0.00415	0.00409	0.02869	0.00802	0.87201	0.01085	0.00938	0.00682	0.00343	0.00278	0.00086	0.00237	0.00278	0.00342	0.00471
140	0.00654	0.00747	0.01634	0.01167	0.01447	0.00700	0.87535	0.00887	0.00654	0.00887	0.00560	0.00747	0.00420	0.00233	0.00327	0.00093	0.00467	0.00327	0.00140	0.00373
141	0.00435	0.00315	0.00431	0.00489	0.00555	0.00311	0.00425	0.00558	0.00637	0.00821	0.01589	0.03082	0.09530	0.00759	0.00377	0.00124	0.00245	0.78809	0.00255	0.00253
142	0.00358	0.00282	0.00323	0.00313	0.00393	0.00247	0.00234	0.00456	0.00703	0.00919	0.43209	0.02383	0.47918	0.00637	0.00327	0.00090	0.00136	0.00545	0.00280	0.00247
143	0.01053	0.00776	0.00831	0.00637	0.00859	0.00859	0.00526	0.87617	0.01302	0.01745	0.00665	0.00665	0.00471	0.00332	0.00277	0.00083	0.00305	0.00249	0.00277	0.00471
144	0.00396	0.00297	0.00445	0.00445	0.00494	0.00346	0.00346	0.00494	0.00445	0.00643	0.00742	0.01088	0.00692	0.02077	0.89171	0.00445	0.00742	0.00297	0.00148	0.00247
145	0.00555	0.01432	0.88833	0.00789	0.01199	0.00643	0.01023	0.00877	0.00585	0.00877	0.00497	0.00585	0.00351	0.00263	0.00263	0.00088	0.00409	0.00205	0.00117	0.00409
146	0.00347	0.00271	0.00315	0.00326	0.00392	0.00239	0.00236	0.00428	0.00645	0.00834	0.25271	0.25690	0.42598	0.00709	0.00334	0.00097	0.00143	0.00616	0.00270	0.00239
147	0.00976	0.00699	0.00763	0.00596	0.00808	0.00755	0.00487	0.59989	0.14624	0.09258	0.00761	0.00739	0.00543	0.00330	0.00272	0.00082	0.00278	0.00255	0.00275	0.07509
148	0.00373	0.00293	0.00345	0.00373	0.00451	0.00265	0.00302	0.00463	0.00628	0.00776	0.02227	0.07905	0.50735	0.00735	0.00350	0.00107	0.00185	0.32991	0.00256	0.00241
149	0.82754	0.00527	0.00416	0.00371	0.00533	0.00608	0.00301	0.02926	0.02267	0.01212	0.00436	0.00547	0.00357	0.05536	0.00249	0.00096	0.00220	0.00171	0.00176	0.00299
150	0.00412	0.00289	0.00321	0.00316	0.00353	0.00278	0.00201	0.00469	0.04045	0.02628	0.04162	0.05491	0.22405	0.56331	0.00998	0.00203	0.00226	0.00459	0.00206	0.00207
151	0.07410	0.00514	0.00528	0.00451	0.00595	0.02444	0.00357	0.28805	0.09709	0.01204	0.15025	0.01549	0.29327	0.00486	0.00293	0.00088	0.00213	0.00395	0.00265	0.00342
152	0.00371	0.00271	0.00315	0.00335	0.00396	0.00239	0.00237	0.00433	0.00592	0.04014	0.05388	0.38596	0.42635	0.04390	0.00380	0.00108	0.00157	0.00646	0.00258	0.00237
153	0.00432	0.00297	0.00356	0.00364	0.00438	0.00269	0.00270	0.01727	0.02287	0.07459	0.12185	0.32422	0.33999	0.00708	0.00334	0.00101	0.00164	0.05656	0.00270	0.00260
154	0.03580	0.00844	0.00705	0.00597	0.00767	0.28554	0.00468	0.28734	0.17108	0.01175	0.06207	0.00769	0.00638	0.00330	0.00263	0.00079	0.00326	0.00247	0.02854	0.05754
155	0.00387	0.00284	0.00353	0.00336	0.00408	0.00256	0.00252	0.00502	0.00746	0.02018	0.67244	0.03619	0.21375	0.00598	0.00327	0.00089	0.00134	0.00521	0.00294	0.00257
156	0.00470	0.00289	0.00325	0.00311	0.00387	0.00270	0.00231	0.02031	0.00655	0.05253	0.23730	0.04413	0.22856	0.06178	0.00348	0.00093	0.00150	0.00426	0.31322	0.00260
157	0.00366	0.00261	0.00335	0.00365	0.00407	0.00239	0.00255	0.00440	0.00614	0.02368	0.24476	0.54606	0.12725	0.00759	0.00342	0.00103	0.00152	0.00678	0.00271	0.00240
158	0.00509	0.00271	0.00281	0.00280	0.00340	0.00272	0.00205	0.02832	0.00582	0.00990	0.00939	0.07452	0.00806	0.07096	0.00298	0.00084	0.00146	0.00307	0.76055	0.00254
159	0.00777	0.00456	0.00553	0.00462	0.00605	0.00454	0.00367	0.16630	0.10127	0.25192	0.36650	0.02485	0.01465	0.00442	0.00298	0.00087	0.00201	0.00374	0.02001	0.00375
160	0.72550	0.00581	0.00605	0.00583	0.09585	0.02089	0.08798	0.00830	0.00510	0.01164	0.00417	0.00503	0.00327	0.00254	0.00198	0.00086	0.00255	0.00177	0.00164	0.00321
161	0.00960	0.00729	0.00779	0.00618	0.00823	0.00815	0.00504	0.65600	0.23470	0.01595	0.00783	0.00759	0.00567	0.00343	0.00278	0.00086	0.00283	0.00266	0.00278	0.00463
162	0.00383	0.00263	0.00331	0.00370	0.00389	0.00254	0.00241	0.00441	0.03129	0.02292	0.01325	0.61331	0.01552	0.25596	0.00642	0.00155	0.00194	0.00657	0.00235	0.00220
163	0.01009	0.06528	0.02455	0.00699	0.00854	0.79756	0.00540	0.03634	0.00783	0.00711	0.00434	0.00503	0.00360	0.00283	0.00247	0.00071	0.00480	0.00179	0.00145	0.00329
164	0.00341	0.00244	0.00319	0.00378	0.00395	0.00228	0.00250	0.00387	0.00524	0.00697	0.01511	0.82734	0.03539	0.06513	0.00420	0.00122	0.00167	0.00759	0.00251	0.00221
165	0.00703	0.00595	0.00686	0.00628	0.05865	0.01521	0.03706	0.19531	0.42496	0.01167	0.01208	0.02966	0.14179	0.00416	0.00309	0.00092	0.02933	0.00344	0.00256	0.00402
166	0.02200	0.09376	0.32729	0.03264	0.07934	0.03490	0.03328	0.21560	0.09448	0.01082	0.00606	0.01907	0.00464	0.01082	0.00273	0.00086	0.00344	0.00237	0.00178	0.00411
167	0.00328	0.00281	0.00282	0.00282	0.00375	0.00234	0.00211	0.00399	0.00634	0.00754	0.04181	0.02655	0.87049	0.00699	0.00327	0.00093	0.00140	0.00583	0.00258	0.00234
168	0.00379	0.00283	0.00353	0.00335	0.00406	0.00256	0.00251	0.00498	0.00754	0.01040	0.71831	0.02184	0.19220	0.00592	0.00327	0.00088	0.00133	0.00517	0.00296	0.00256
169	0.00414	0.02017	0.01791	0.00385	0.00441	0.02084	0.00281	0.02078	0.00582	0.03337	0.05540	0.48776	0.17752	0.08783	0.00433	0.00119	0.00188	0.04508	0.00247	0.00244
170	0.01121	0.00527	0.00663	0.00522	0.00718	0.01322	0.00431	0.17827	0.00864	0.61235	0.00993	0.00982	0.00676	0.00364	0.00299	0.00087	0.02938	0.04399	0.03584	0.00447
171	0.00654	0.00747	0.01634	0.01167	0.01447	0.00700	0.87535	0.00887	0.00654	0.00887	0.00560	0.00747	0.00420	0.00233	0.00327	0.00093	0.00467	0.00327	0.00140	0.00373
172	0.00626	0.03329	0.08940	0.07191	0.25110	0.02566	0.13710	0.02322	0.02754	0.06005	0.02546	0.13250	0.02029	0.00931	0.03835	0.00105	0.00333	0.01180	0.02876	0.00362
173	0.03474	0.19335	0.07095	0.00773	0.16804	0.14112	0.00565	0.07605	0.12108	0.00883	0.00595	0.00707	0.00495	0.02200	0.11067	0.00126	0.01293	0.00228	0.00165	0.00370
174	0.01981	0.00284	0.00319	0.00314	0.00390	0.00254	0.00233	0.00461	0.00667	0.00886	0.33159	0.05093	0.44544	0.05149	0.00376	0.00100	0.00147	0.01916	0.03487	0.00242

[dist]
# distance from previous block
# <min> <max>
0	2

[block]
# block no. 1 follows, 106 sequences, length 71
# corresponding to MSA columns:
# 264-334
name=unknown_B
#
# <colnr> <probs for GDERKNQSTAVLIFYWHMCP>
#	G	D	E	R	K	N	Q	S	T	A	V	L	I	F	Y	W	H	M	C	P
0	0.00475	0.00243	0.00358	0.00358	0.00359	0.00244	0.00238	0.00366	0.00365	0.00487	0.00510	0.00907	0.00518	0.06653	0.02499	0.84670	0.00250	0.00252	0.00124	0.00125
1	0.00411	0.00317	0.00387	0.00398	0.00417	0.02787	0.00272	0.00453	0.00465	0.00626	0.01011	0.30174	0.01149	0.34975	0.18630	0.00238	0.06394	0.00489	0.00189	0.00216
2	0.00445	0.00278	0.00317	0.00307	0.00380	0.00259	0.00231	0.00557	0.00660	0.03194	0.30677	0.02907	0.20291	0.02668	0.01067	0.00089	0.00146	0.01790	0.33481	0.00257
3	0.00383	0.00269	0.00314	0.00315	0.00349	0.00254	0.00205	0.00417	0.00526	0.00690	0.15596	0.09298	0.21727	0.41291	0.00871	0.06392	0.00205	0.00482	0.00215	0.00200
4	0.00572	0.00485	0.00570	0.00419	0.00650	0.00381	0.00335	0.02002	0.02376	0.00903	0.00525	0.00620	0.00439	0.00337	0.06231	0.00070	0.00243	0.00177	0.00167	0.82497
5	0.00377	0.00281	0.00369	0.00408	0.00425	0.00289	0.00280	0.01882	0.00522	0.00704	0.01355	0.72691	0.01611	0.09820	0.00502	0.00128	0.07192	0.00697	0.00238	0.00229
6	0.00394	0.00264	0.00322	0.00344	0.00354	0.00260	0.00214	0.01865	0.00465	0.00620	0.01097	0.36108	0.01283	0.47885	0.00957	0.06411	0.00225	0.00539	0.00201	0.00192
7	0.00574	0.00492	0.00574	0.00410	0.00656	0.00369	0.00328	0.00697	0.00574	0.00902	0.00492	0.00574	0.00410	0.00205	0.00205	0.00041	0.00205	0.00164	0.00164	0.91961
8	0.00440	0.00343	0.00475	0.00450	0.00534	0.00328	0.06213	0.06040	0.00700	0.00934	0.27204	0.21050	0.16139	0.00654	0.00340	0.00102	0.00197	0.17324	0.00264	0.00269
9	0.08246	0.00420	0.00453	0.00396	0.00475	0.00442	0.00276	0.20460	0.00639	0.06475	0.00798	0.01381	0.00805	0.56479	0.00975	0.00199	0.00270	0.00339	0.00204	0.00267
10	0.00357	0.00272	0.00315	0.00329	0.00395	0.00240	0.00237	0.00431	0.00628	0.02116	0.17169	0.28563	0.44947	0.01599	0.00345	0.00100	0.00148	0.01305	0.00266	0.00239
11	0.00385	0.00291	0.00365	0.00399	0.00465	0.00271	0.00321	0.00481	0.00633	0.00811	0.10389	0.16321	0.30443	0.00740	0.00354	0.00110	0.00190	0.36526	0.00261	0.00244
12	0.00406	0.00268	0.00301	0.00301	0.00303	0.00268	0.00168	0.00409	0.00407	0.00550	0.00873	0.01792	0.00999	0.87921	0.01378	0.00263	0.00265	0.00399	0.02559	0.00170
13	0.00433	0.00291	0.00332	0.00330	0.00348	0.01197	0.00205	0.02237	0.00454	0.01398	0.00904	0.08107	0.00997	0.65904	0.08923	0.00250	0.00295	0.00405	0.06793	0.00196
14	0.00348	0.00290	0.00298	0.00295	0.00382	0.00252	0.00218	0.00439	0.03375	0.00768	0.07628	0.02521	0.74734	0.06747	0.00399	0.00105	0.00151	0.00559	0.00255	0.00237
15	0.25501	0.00611	0.00619	0.00497	0.00683	0.00670	0.00408	0.44379	0.00932	0.09175	0.00661	0.00684	0.00478	0.00312	0.00237	0.00081	0.00249	0.00226	0.13201	0.00395
16	0.02532	0.00353	0.00414	0.00390	0.00495	0.00348	0.00312	0.03686	0.06208	0.17486	0.01203	0.07403	0.06916	0.00467	0.00270	0.00087	0.00187	0.15270	0.35658	0.00313
17	0.00341	0.00244	0.00324	0.00383	0.00402	0.00227	0.00257	0.00394	0.00546	0.00733	0.07044	0.84496	0.01881	0.00848	0.00352	0.00111	0.00159	0.00769	0.00260	0.00227
18	0.01242	0.00471	0.00643	0.00493	0.00707	0.00407	0.00407	0.01350	0.00793	0.88733	0.01092	0.00943	0.00685	0.00343	0.00278	0.00086	0.00236	0.00278	0.00343	0.00471
19	0.00555	0.01432	0.88833	0.00789	0.01199	0.00643	0.01023	0.00877	0.00585	0.00877	0.00497	0.00585	0.00351	0.00263	0.00263	0.00088	0.00409	0.00205	0.00117	0.00409
20	0.00677	0.00572	0.00602	0.00543	0.00694	0.00660	0.00422	0.01416	0.82208	0.01150	0.01112	0.01033	0.00836	0.00372	0.00276	0.00092	0.00213	0.00309	0.06385	0.00426
21	0.01040	0.01295	0.00781	0.00707	0.00852	0.86580	0.00531	0.01113	0.00785	0.03234	0.00447	0.00512	0.00366	0.00287	0.00251	0.00072	0.00492	0.00181	0.00148	0.00325
22	0.00523	0.00492	0.00831	0.89603	0.01907	0.00615	0.00769	0.00708	0.00554	0.00708	0.00492	0.00738	0.00369	0.00277	0.00277	0.00092	0.00369	0.00246	0.00123	0.00308
23	0.00696	0.00580	0.00822	0.00695	0.00734	0.00765	0.02330	0.00769	0.00489	0.13685	0.00507	0.00732	0.00448	0.00467	0.00789	0.00116	0.72132	0.02758	0.00158	0.00328
24	0.00574	0.00492	0.00574	0.00410	0.00656	0.00369	0.00328	0.00697	0.00574	0.00902	0.00492	0.00574	0.00410	0.00205	0.00205	0.00041	0.00205	0.00164	0.00164	0.91961
25	0.00403	0.00268	0.00302	0.00302	0.00302	0.00268	0.00168	0.00403	0.00403	0.00537	0.00873	0.01812	0.01007	0.90268	0.01409	0.00268	0.00268	0.00403	0.00168	0.00168
26	0.00740	0.90435	0.01451	0.00474	0.00711	0.01096	0.00474	0.00829	0.00563	0.00652	0.00385	0.00444	0.00355	0.00237	0.00178	0.00059	0.00296	0.00148	0.00118	0.00355
27	0.00337	0.00241	0.00321	0.00386	0.00402	0.00225	0.00257	0.00386	0.00530	0.00707	0.01526	0.90087	0.01832	0.00868	0.00353	0.00112	0.00161	0.00787	0.00257	0.00225
28	0.00623	0.00494	0.00580	0.00420	0.00662	0.00381	0.00337	0.00764	0.03128	0.06856	0.00551	0.00612	0.00441	0.00219	0.00212	0.00046	0.00208	0.00176	0.00180	0.83110
29	0.00555	0.01432	0.88833	0.00789	0.01199	0.00643	0.01023	0.00877	0.00585	0.00877	0.00497	0.00585	0.00351	0.00263	0.00263	0.00088	0.00409	0.00205	0.00117	0.00409
30	0.01242	0.00471	0.00643	0.00493	0.00707	0.00407	0.00407	0.01350	0.00793	0.88733	0.01092	0.00943	0.00685	0.00343	0.00278	0.00086	0.00236	0.00278	0.00343	0.00471
31	0.00555	0.01432	0.88833	0.00789	0.01199	0.00643	0.01023	0.00877	0.00585	0.00877	0.00497	0.00585	0.00351	0.00263	0.00263	0.00088	0.00409	0.00205	0.00117	0.00409
32	0.07279	0.00525	0.00657	0.00507	0.00720	0.00494	0.00419	0.15223	0.00853	0.68873	0.00976	0.00865	0.00625	0.00335	0.00271	0.00085	0.00245	0.00265	0.00321	0.00460
33	0.00555	0.01432	0.88833	0.00789	0.01199	0.00643	0.01023	0.00877	0.00585	0.00877	0.00497	0.00585	0.00351	0.00263	0.00263	0.00088	0.00409	0.00205	0.00117	0.00409
34	0.00337	0.00241	0.00321	0.00386	0.00402	0.00225	0.00257	0.00386	0.00530	0.00707	0.01526	0.90087	0.01832	0.00868	0.00353	0.00112	0.00161	0.00787	0.00257	0.00225
35	0.00392	0.00283	0.00370	0.00348	0.00414	0.00261	0.00261	0.00523	0.00784	0.01110	0.88395	0.02069	0.02613	0.00566	0.00327	0.00087	0.00131	0.00501	0.00305	0.00261
36	0.01078	0.00736	0.00806	0.00618	0.00839	0.00799	0.00511	0.76297	0.01235	0.13160	0.00721	0.00701	0.00499	0.00334	0.00277	0.00083	0.00296	0.00253	0.00286	0.00471
37	0.92224	0.00536	0.00407	0.00364	0.00536	0.00621	0.00300	0.00814	0.00471	0.01242	0.00386	0.00450	0.00300	0.00257	0.00171	0.00086	0.00214	0.00150	0.00171	0.00300
38	0.00397	0.00294	0.00434	0.00434	0.00480	0.00340	0.00333	0.00490	0.00444	0.00640	0.00752	0.01136	0.00713	0.07940	0.82375	0.00429	0.00704	0.00303	0.01122	0.00242
39	0.00992	0.01249	0.00752	0.00686	0.00819	0.83138	0.00510	0.01058	0.00759	0.00668	0.00458	0.00588	0.00401	0.06377	0.00328	0.00085	0.00484	0.00194	0.00144	0.00311
40	0.00435	0.00329	0.00408	0.00380	0.00459	0.00324	0.00287	0.00662	0.13585	0.01117	0.75592	0.01917	0.02354	0.00538	0.00320	0.00088	0.00144	0.00473	0.00301	0.00287
41	0.00555	0.01432	0.88833	0.00789	0.01199	0.00643	0.01023	0.00877	0.00585	0.00877	0.00497	0.00585	0.00351	0.00263	0.00263	0.00088	0.00409	0.00205	0.00117	0.00409
42	0.00396	0.00297	0.00445	0.00445	0.00494	0.00346	0.00346	0.00494	0.00445	0.00643	0.00742	0.01088	0.00692	0.02077	0.89171	0.00445	0.00742	0.00297	0.00148	0.00247
43	0.01058	0.00767	0.00826	0.00633	0.00855	0.00846	0.00523	0.85213	0.01288	0.04170	0.00677	0.00673	0.00477	0.00333	0.00277	0.00083	0.00303	0.00250	0.00279	0.00471
44	0.01215	0.00515	0.00669	0.00513	0.00729	0.00471	0.00424	0.13629	0.00865	0.76351	0.01032	0.00903	0.00655	0.00341	0.00278	0.00085	0.00245	0.00274	0.00333	0.00471
45	0.00434	0.00310	0.00429	0.00485	0.00544	0.00307	0.00414	0.00553	0.00634	0.00832	0.07491	0.08538	0.01663	0.03253	0.00405	0.00128	0.00241	0.72831	0.00256	0.00251
46	0.61001	0.00554	0.00486	0.00426	0.00593	0.00634	0.00345	0.09416	0.16319	0.01268	0.06137	0.00679	0.00562	0.00305	0.00211	0.00087	0.00219	0.00211	0.00210	0.00339
47	0.00403	0.00268	0.00302	0.00302	0.00302	0.00268	0.00168	0.00403	0.00403	0.00537	0.00873	0.01812	0.01007	0.90268	0.01409	0.00268	0.00268	0.00403	0.00168	0.00168
48	0.01197	0.00461	0.00628	0.00485	0.00691	0.00399	0.00399	0.01306	0.00792	0.84092	0.05716	0.01002	0.00788	0.00355	0.00281	0.00086	0.00230	0.00290	0.00341	0.00460
49	0.00342	0.00243	0.00320	0.00380	0.00395	0.00228	0.00251	0.00387	0.00522	0.00696	0.01485	0.84480	0.01779	0.06546	0.00421	0.00122	0.00168	0.00763	0.00251	0.00221
50	0.00403	0.00268	0.00302	0.00302	0.00302	0.00268	0.00168	0.00403	0.00403	0.00537	0.00873	0.01812	0.01007	0.90268	0.01409	0.00268	0.00268	0.00403	0.00168	0.00168
51	0.00427	0.00287	0.00322	0.00314	0.00323	0.00290	0.00181	0.03634	0.00436	0.00582	0.00865	0.01770	0.00987	0.86936	0.01367	0.00262	0.00270	0.00397	0.00172	0.00179
52	0.00336	0.00246	0.00316	0.00372	0.00398	0.00226	0.00251	0.00387	0.00543	0.00712	0.01693	0.78704	0.13107	0.00846	0.00350	0.00110	0.00158	0.00761	0.00257	0.00226
53	0.75613	0.00549	0.00465	0.00399	0.00579	0.00619	0.00329	0.07976	0.00572	0.10078	0.00480	0.00517	0.00353	0.00272	0.00191	0.00085	0.00224	0.00171	0.00197	0.00331
54	0.00555	0.01432	0.88833	0.00789	0.01199	0.00643	0.01023	0.00877	0.00585	0.00877	0.00497	0.00585	0.00351	0.00263	0.00263	0.00088	0.00409	0.00205	0.00117	0.00409
55	0.00396	0.00297	0.00445	0.00445	0.00494	0.00346	0.00346	0.00494	0.00445	0.00643	0.00742	0.01088	0.00692	0.02077	0.89171	0.00445	0.00742	0.00297	0.00148	0.00247
56	0.10546	0.00561	0.00661	0.00515	0.00724	0.02646	0.00424	0.19067	0.00864	0.59710	0.00916	0.00824	0.00594	0.00330	0.00266	0.00085	0.00254	0.00257	0.00307	0.00450
57	0.01036	0.01285	0.00788	0.00709	0.00856	0.83548	0.00534	0.06601	0.00818	0.00746	0.00443	0.00510	0.00364	0.00288	0.00251	0.00072	0.00487	0.00183	0.00151	0.00331
58	0.00429	0.00313	0.00422	0.00476	0.00544	0.00306	0.00411	0.00548	0.00637	0.00817	0.01664	0.03056	0.14404	0.00756	0.00374	0.00122	0.00238	0.73976	0.00255	0.00252
59	0.06557	0.00266	0.00322	0.00371	0.00407	0.00253	0.00254	0.00416	0.00539	0.00748	0.01609	0.73108	0.12535	0.00805	0.00338	0.00108	0.00162	0.00719	0.00251	0.00231
60	0.00385	0.00285	0.00384	0.06416	0.00517	0.00278	0.00300	0.01900	0.00638	0.00871	0.33010	0.45664	0.03066	0.02458	0.00358	0.00105	0.00170	0.02683	0.00264	0.00247
61	0.00443	0.00316	0.00441	0.00499	0.00563	0.00315	0.00434	0.00570	0.00647	0.00848	0.07351	0.03052	0.01663	0.00752	0.00379	0.00125	0.00247	0.80842	0.00258	0.00255
62	0.25509	0.00662	0.00662	0.00528	0.00721	0.00737	0.00434	0.55971	0.01010	0.01542	0.00613	0.00642	0.00448	0.00311	0.00241	0.00082	0.00264	0.00223	0.08997	0.00405
63	0.27491	0.00539	0.00576	0.00473	0.00652	0.00569	0.00385	0.17748	0.10197	0.26421	0.11431	0.00893	0.00784	0.00347	0.00253	0.00086	0.00228	0.00266	0.00269	0.00392
64	0.01570	0.00290	0.00357	0.00384	0.00420	0.00283	0.00262	0.06311	0.00586	0.00793	0.08588	0.60089	0.03831	0.14280	0.00502	0.00131	0.00184	0.00656	0.00248	0.00237
65	0.02618	0.00555	0.00548	0.00499	0.00625	0.08347	0.00381	0.06077	0.41537	0.04560	0.04492	0.07927	0.10778	0.00489	0.00351	0.07441	0.00233	0.00360	0.01830	0.00354
