[name]
nad11

[dist]
# distance from previous block
# <min> <max>
5	29

[block]
# block no. 0 follows, 94 sequences, length 51
# corresponding to MSA columns:
# 47-97
name=unknown_A
#
# <colnr> <probs for GDERKNQSTAVLIFYWHMCP>
#	G	D	E	R	K	N	Q	S	T	A	V	L	I	F	Y	W	H	M	C	P
0	0.25726	0.00934	0.00812	0.00869	0.17677	0.33476	0.02904	0.04101	0.00756	0.01062	0.08432	0.00750	0.00630	0.00327	0.00269	0.00088	0.00383	0.00243	0.00187	0.00375
1	0.00649	0.00492	0.00567	0.03271	0.00668	0.00519	0.00400	0.24708	0.07810	0.01193	0.11474	0.17553	0.16929	0.03451	0.05721	0.01562	0.00273	0.02126	0.00281	0.00352
2	0.00865	0.00721	0.00750	0.00640	0.00834	0.02847	0.00506	0.22513	0.60250	0.01417	0.01073	0.01007	0.00800	0.00394	0.00306	0.00098	0.00272	0.00319	0.00301	0.04085
3	0.00407	0.00300	0.00389	0.00399	0.00457	0.00282	0.00290	0.00514	0.00728	0.01001	0.44055	0.28576	0.11747	0.00896	0.08391	0.00142	0.00217	0.00639	0.00299	0.00272
4	0.00367	0.00291	0.00330	0.00361	0.00427	0.00254	0.00255	0.00434	0.00649	0.00807	0.02481	0.40705	0.49851	0.00856	0.00374	0.00113	0.00165	0.00744	0.00284	0.00254
5	0.00833	0.03773	0.21743	0.01007	0.02635	0.03137	0.40114	0.08939	0.02074	0.11685	0.00684	0.00787	0.00491	0.00295	0.00324	0.00098	0.00442	0.00303	0.00192	0.00445
6	0.00945	0.03231	0.00619	0.00495	0.00649	0.00427	0.00394	0.01052	0.00732	0.46723	0.09596	0.01279	0.00993	0.09392	0.21827	0.00210	0.00391	0.00346	0.00296	0.00401
7	0.07086	0.00302	0.00319	0.00337	0.00401	0.00303	0.00244	0.00638	0.00616	0.01047	0.01169	0.28174	0.01134	0.00537	0.00267	0.00089	0.00160	0.00457	0.56443	0.00277
8	0.00726	0.00989	0.17951	0.00822	0.04143	0.23185	0.17923	0.03464	0.00749	0.00901	0.01127	0.09177	0.16632	0.00443	0.00324	0.00097	0.00404	0.00386	0.00191	0.00368
9	0.01064	0.00833	0.00729	0.00618	0.00800	0.27409	0.00484	0.13054	0.08322	0.27712	0.02901	0.02292	0.08503	0.01841	0.01959	0.00102	0.00357	0.00319	0.00277	0.00424
10	0.00813	0.00490	0.00591	0.00578	0.05849	0.07221	0.01711	0.00905	0.00727	0.29972	0.08699	0.26465	0.02904	0.09868	0.00465	0.00123	0.00260	0.00501	0.01497	0.00363
11	0.62046	0.02560	0.00665	0.00675	0.12202	0.14312	0.01775	0.00957	0.00603	0.01207	0.00456	0.00545	0.00365	0.00287	0.00221	0.00091	0.00309	0.00188	0.00178	0.00358
12	0.00554	0.00371	0.01944	0.00387	0.00506	0.00318	0.00303	0.00656	0.01450	0.15044	0.11796	0.03148	0.48737	0.05296	0.07973	0.00145	0.00242	0.00535	0.00288	0.00308
13	0.00881	0.03674	0.15827	0.06317	0.16985	0.14343	0.06534	0.20610	0.06359	0.02882	0.00648	0.00740	0.00493	0.00354	0.01933	0.00099	0.00412	0.00263	0.00198	0.00448
14	0.00378	0.00308	0.00334	0.00334	0.00425	0.00264	0.00248	0.00469	0.00728	0.00911	0.21356	0.08150	0.63521	0.00754	0.00363	0.00103	0.00154	0.00640	0.00296	0.00264
15	0.00642	0.00549	0.00639	0.00457	0.00729	0.00416	0.00366	0.02024	0.00646	0.01011	0.00547	0.00636	0.00454	0.00229	0.00228	0.00046	0.00228	0.00183	0.00183	0.89788
16	0.00638	0.00614	0.00955	0.33803	0.15355	0.00776	0.00764	0.00778	0.00569	0.00807	0.02537	0.00791	0.00486	0.00457	0.02996	0.00124	0.36768	0.00279	0.00143	0.00358
17	0.00437	0.00301	0.00370	0.00376	0.00390	0.00311	0.00237	0.00465	0.00468	0.00636	0.00999	0.09793	0.01121	0.62339	0.20176	0.00323	0.00399	0.00459	0.00190	0.00210
18	0.00571	0.00285	0.00285	0.00285	0.00357	0.00285	0.00214	0.00713	0.00642	0.01141	0.00998	0.01141	0.00784	0.00357	0.00214	0.00071	0.00143	0.00285	0.90943	0.00285
19	0.00439	0.00323	0.00466	0.00466	0.00512	0.00369	0.00351	0.00530	0.00484	0.00691	0.00843	0.01333	0.00822	0.16442	0.73962	0.00460	0.00735	0.00347	0.00167	0.00259
20	0.00678	0.00695	0.01079	0.00883	0.00933	0.00911	0.14589	0.00776	0.00510	0.00776	0.00437	0.00695	0.00412	0.00491	0.00900	0.00129	0.74339	0.00283	0.00137	0.00347
21	0.00851	0.24558	0.21031	0.07192	0.08404	0.24228	0.03330	0.05402	0.00744	0.00883	0.00510	0.00612	0.00410	0.00292	0.00267	0.00084	0.00431	0.00216	0.00150	0.00407
22	0.02088	0.08396	0.03754	0.01231	0.36138	0.26821	0.08558	0.00994	0.00731	0.00887	0.00617	0.03916	0.02113	0.00323	0.00308	0.00089	0.02188	0.00275	0.00159	0.00413
23	0.00373	0.00266	0.00355	0.00426	0.00444	0.00249	0.00284	0.00426	0.00586	0.00781	0.01687	0.89044	0.02024	0.00959	0.00391	0.00124	0.00178	0.00870	0.00284	0.00249
24	0.00809	0.00668	0.01602	0.00674	0.02980	0.04357	0.09852	0.33607	0.00924	0.01236	0.00836	0.04032	0.00777	0.21154	0.00607	0.00141	0.00339	0.06485	0.00236	0.08684
25	0.00379	0.00307	0.00336	0.00337	0.00426	0.00264	0.00250	0.00469	0.00727	0.00914	0.22011	0.09928	0.61070	0.00757	0.00364	0.00103	0.00154	0.00644	0.00296	0.00264
26	0.01341	0.00573	0.00742	0.00569	0.00807	0.00527	0.00470	0.14519	0.00962	0.74397	0.01135	0.00995	0.00721	0.00377	0.00308	0.00094	0.00272	0.00303	0.00368	0.00521
27	0.91406	0.00592	0.00450	0.00402	0.00592	0.00687	0.00331	0.00900	0.00521	0.01373	0.00426	0.00497	0.00331	0.00284	0.00189	0.00095	0.00237	0.00166	0.00189	0.00331
28	0.01145	0.01415	0.00871	0.00782	0.00946	0.81712	0.00591	0.07383	0.00909	0.00834	0.00492	0.00565	0.00403	0.00319	0.00278	0.00080	0.00536	0.00203	0.00168	0.00367
29	0.00571	0.00285	0.00285	0.00285	0.00357	0.00285	0.00214	0.00713	0.00642	0.01141	0.00998	0.01141	0.00784	0.00357	0.00214	0.00071	0.00143	0.00285	0.90943	0.00285
30	0.00578	0.00544	0.00918	0.88508	0.02108	0.00680	0.00850	0.00782	0.00612	0.00782	0.00544	0.00816	0.00408	0.00306	0.00306	0.00102	0.00408	0.00272	0.00136	0.00340
31	0.00558	0.00356	0.00486	0.00521	0.00605	0.00342	0.00439	0.00686	0.00725	0.09571	0.09481	0.10911	0.05884	0.00786	0.00400	0.00129	0.00252	0.57270	0.00297	0.00302
32	0.00571	0.00285	0.00285	0.00285	0.00357	0.00285	0.00214	0.00713	0.00642	0.01141	0.00998	0.01141	0.00784	0.00357	0.00214	0.00071	0.00143	0.00285	0.90943	0.00285
33	0.00372	0.00269	0.00352	0.00418	0.00442	0.00249	0.00281	0.00427	0.00593	0.00784	0.01781	0.83339	0.07669	0.00947	0.00389	0.00123	0.00176	0.00855	0.00284	0.00249
34	0.08761	0.00336	0.00397	0.00374	0.00459	0.00323	0.00283	0.00607	0.00807	0.01206	0.67058	0.02086	0.08460	0.00586	0.00335	0.00095	0.00153	0.00505	0.06879	0.00290
35	0.00573	0.01371	0.73346	0.00789	0.01178	0.00636	0.00987	0.00881	0.00647	0.00943	0.00865	0.07256	0.08449	0.00383	0.00305	0.00099	0.00405	0.00311	0.00155	0.00420
36	0.00400	0.00306	0.00369	0.00380	0.00453	0.00275	0.00284	0.00501	0.00735	0.00965	0.31830	0.19118	0.34516	0.00764	0.00372	0.00108	0.00166	0.07885	0.00302	0.00269
37	0.23580	0.01025	0.30590	0.00909	0.15848	0.02568	0.03750	0.15507	0.00768	0.01943	0.00561	0.00650	0.00419	0.00299	0.00272	0.00094	0.00366	0.00232	0.00182	0.00436
38	0.01061	0.02940	0.00962	0.01036	0.22693	0.56284	0.00665	0.01169	0.00820	0.08752	0.00565	0.00647	0.00450	0.00309	0.00284	0.00083	0.00473	0.00226	0.00176	0.00404
39	0.01042	0.08948	0.07243	0.00693	0.00942	0.00867	0.03698	0.57053	0.01183	0.08188	0.00787	0.05016	0.00610	0.00386	0.00303	0.00093	0.00336	0.01853	0.00276	0.00483
40	0.00645	0.00627	0.03840	0.14925	0.00977	0.06262	0.00490	0.00795	0.00652	0.00937	0.00651	0.00865	0.02249	0.00294	0.00259	0.00065	0.00288	0.05019	0.00178	0.59982
41	0.00758	0.00727	0.01242	0.01879	0.87334	0.00727	0.00939	0.00939	0.00697	0.01000	0.00576	0.00758	0.00485	0.00273	0.00303	0.00091	0.00364	0.00273	0.00152	0.00485
42	0.00688	0.00542	0.00640	0.00460	0.00729	0.00411	0.00369	0.00823	0.00652	0.07263	0.00592	0.00664	0.00475	0.00238	0.00233	0.00049	0.00229	0.00190	0.00196	0.84556
43	0.00641	0.00510	0.00842	0.00663	0.00830	0.00479	0.23866	0.06957	0.00840	0.09044	0.36307	0.04473	0.12195	0.00513	0.00353	0.00099	0.00273	0.00480	0.00280	0.00356
44	0.00910	0.00449	0.00586	0.00470	0.00653	0.00384	0.00376	0.01038	0.00828	0.42113	0.29560	0.01446	0.04134	0.00448	0.00314	0.00087	0.00213	0.00379	0.00330	0.15283
45	0.01122	0.00754	0.00836	0.00655	0.00878	0.00811	0.00535	0.65956	0.01278	0.14441	0.00892	0.08859	0.00693	0.00423	0.00314	0.00095	0.00311	0.00335	0.00315	0.00496
46	0.00571	0.00285	0.00285	0.00285	0.00357	0.00285	0.00214	0.00713	0.00642	0.01141	0.00998	0.01141	0.00784	0.00357	0.00214	0.00071	0.00143	0.00285	0.90943	0.00285
47	0.03795	0.00530	0.00701	0.00542	0.00772	0.00472	0.00446	0.05064	0.00890	0.78400	0.04285	0.01059	0.00813	0.00385	0.00306	0.00095	0.00259	0.00311	0.00369	0.00507
48	0.00529	0.00414	0.00499	0.00519	0.00606	0.00437	0.00405	0.00859	0.26524	0.01003	0.07259	0.27754	0.05279	0.00732	0.00373	0.00120	0.00225	0.25837	0.00295	0.00332
49	0.00815	0.00786	0.03904	0.00595	0.00830	0.13170	0.00491	0.17257	0.03523	0.01129	0.00582	0.00661	0.00467	0.00297	0.00310	0.00069	0.06707	0.00215	0.00201	0.47989
50	0.00721	0.00367	0.00470	0.00424	0.00522	0.00334	0.00308	0.00800	0.00701	0.28268	0.18710	0.15711	0.05588	0.24891	0.00677	0.00156	0.00229	0.00501	0.00298	0.00326

[dist]
# distance from previous block
# <min> <max>
0	4

[block]
# block no. 1 follows, 94 sequences, length 7
# corresponding to MSA columns:
# 102-108
name=unknown_B
#
# <colnr> <probs for GDERKNQSTAVLIFYWHMCP>
#	G	D	E	R	K	N	Q	S	T	A	V	L	I	F	Y	W	H	M	C	P
0	0.02199	0.05860	0.00559	0.11851	0.00739	0.00434	0.00416	0.02711	0.05521	0.00891	0.06819	0.44188	0.04640	0.00732	0.00358	0.00115	0.00235	0.11175	0.00259	0.00298
1	0.02975	0.00715	0.03570	0.00581	0.00786	0.14433	0.04240	0.06965	0.02720	0.07259	0.00698	0.00908	0.00592	0.07710	0.09203	0.00132	0.00376	0.02187	0.00202	0.33748
2	0.05902	0.01343	0.00869	0.00826	0.05812	0.74385	0.00597	0.05168	0.00866	0.00851	0.00489	0.00569	0.00402	0.00314	0.00274	0.00081	0.00515	0.00203	0.00166	0.00369
3	0.07267	0.07535	0.00686	0.00599	0.00708	0.13953	0.00498	0.05339	0.03458	0.00946	0.01113	0.10251	0.01164	0.00625	0.00400	0.00116	0.07482	0.37299	0.00235	0.00326
4	0.00680	0.07285	0.20330	0.16095	0.13386	0.05228	0.00733	0.07326	0.00726	0.00987	0.06206	0.01009	0.07851	0.00374	0.00331	0.00094	0.04891	0.00300	0.05777	0.00390
5	0.00386	0.00310	0.00347	0.00352	0.00440	0.00270	0.00266	0.00480	0.00724	0.00912	0.20264	0.09874	0.56943	0.00764	0.00368	0.00106	0.00163	0.06468	0.00295	0.00265
6	0.06087	0.07288	0.00529	0.00441	0.00495	0.00450	0.00324	0.00560	0.00493	0.00716	0.00867	0.08358	0.00919	0.33462	0.33193	0.00317	0.04679	0.00388	0.00179	0.00255

[dist]
# distance from previous block
# <min> <max>
0	2

[block]
# block no. 2 follows, 94 sequences, length 52
# corresponding to MSA columns:
# 111-162
name=unknown_C
#
# <colnr> <probs for GDERKNQSTAVLIFYWHMCP>
#	G	D	E	R	K	N	Q	S	T	A	V	L	I	F	Y	W	H	M	C	P
0	0.00701	0.00677	0.06948	0.00634	0.00795	0.00714	0.00530	0.03483	0.57112	0.01154	0.04023	0.01102	0.00885	0.00660	0.11423	0.00154	0.07971	0.00334	0.00265	0.00437
1	0.00985	0.25948	0.05589	0.00798	0.07140	0.50769	0.00627	0.01091	0.00765	0.00770	0.00469	0.00558	0.00400	0.00302	0.00275	0.00078	0.02711	0.00197	0.00148	0.00379
2	0.00911	0.00720	0.00775	0.00648	0.00844	0.00815	0.00519	0.38000	0.43832	0.01518	0.00995	0.00971	0.00744	0.00530	0.06628	0.00127	0.00325	0.00314	0.00299	0.00485
3	0.04242	0.00549	0.00660	0.00509	0.00743	0.00486	0.00411	0.03234	0.11540	0.33113	0.04834	0.00922	0.00735	0.00330	0.00274	0.00076	0.00240	0.00267	0.00281	0.36553
4	0.00464	0.00309	0.00427	0.07744	0.00603	0.00301	0.00340	0.00533	0.00604	0.07025	0.01533	0.72374	0.01767	0.03912	0.00418	0.00126	0.00207	0.00765	0.00275	0.00274
5	0.00446	0.00327	0.00422	0.00406	0.00481	0.00309	0.00309	0.00613	0.04128	0.01182	0.72810	0.05051	0.04958	0.00648	0.00364	0.00101	0.00159	0.06661	0.00329	0.00294
6	0.00684	0.00689	0.01261	0.29659	0.31447	0.00739	0.22848	0.00884	0.00660	0.00905	0.00564	0.00788	0.00449	0.00299	0.00370	0.00101	0.06806	0.00295	0.00146	0.00409
7	0.00732	0.00774	0.07440	0.08998	0.74063	0.00722	0.00946	0.00928	0.00686	0.00980	0.00571	0.00754	0.00471	0.00277	0.00302	0.00092	0.00374	0.00269	0.00149	0.00470
8	0.01207	0.00499	0.00666	0.00535	0.00738	0.00445	0.00431	0.05791	0.00861	0.69587	0.01257	0.14671	0.00942	0.00468	0.00321	0.00099	0.00252	0.00393	0.00360	0.00479
9	0.00623	0.00632	0.01196	0.61231	0.01949	0.00709	0.27550	0.00844	0.00647	0.00844	0.00568	0.00819	0.00426	0.00291	0.00323	0.00102	0.00442	0.00300	0.00142	0.00363
10	0.00627	0.01494	0.77565	0.00921	0.01357	0.00718	0.11134	0.00971	0.00655	0.00971	0.00557	0.00667	0.00397	0.00287	0.00299	0.00098	0.00460	0.00242	0.00132	0.00448
11	0.05045	0.08369	0.00869	0.00667	0.00849	0.34672	0.00525	0.32721	0.00996	0.01195	0.00620	0.00776	0.00519	0.10371	0.00422	0.00108	0.00411	0.00250	0.00215	0.00399
12	0.00422	0.00312	0.00394	0.00374	0.00451	0.00284	0.00280	0.00556	0.00840	0.01166	0.74284	0.02387	0.15816	0.00649	0.00361	0.00097	0.00146	0.00568	0.00329	0.00284
13	0.00421	0.00301	0.00410	0.00481	0.00520	0.00290	0.00367	0.00509	0.00633	0.00835	0.01660	0.54950	0.01920	0.00914	0.00403	0.00131	0.00219	0.34491	0.00283	0.00262
14	0.00614	0.01583	0.87658	0.00872	0.01325	0.00711	0.01131	0.00969	0.00646	0.00969	0.00549	0.00646	0.00388	0.00291	0.00291	0.00097	0.00452	0.00226	0.00129	0.00452
15	0.00447	0.00307	0.00361	0.00376	0.00390	0.00304	0.00230	0.03405	0.00524	0.00699	0.01184	0.29374	0.01379	0.58368	0.01147	0.00235	0.00261	0.00573	0.00221	0.00217
16	0.00373	0.00273	0.00351	0.00412	0.00442	0.00251	0.00280	0.00431	0.00603	0.00789	0.01876	0.76356	0.13461	0.00933	0.00387	0.00122	0.00176	0.01949	0.00284	0.00250
17	0.00373	0.00266	0.00355	0.00426	0.00444	0.00249	0.00284	0.00426	0.00586	0.00781	0.01687	0.89044	0.02024	0.00959	0.00391	0.00124	0.00178	0.00870	0.00284	0.00249
18	0.00387	0.00282	0.00340	0.00382	0.00430	0.00256	0.00265	0.00458	0.00636	0.00843	0.06450	0.54311	0.25642	0.00847	0.00368	0.00113	0.00167	0.00749	0.06817	0.00256
19	0.00995	0.01212	0.00889	0.00793	0.00902	0.60781	0.00616	0.01070	0.00743	0.00745	0.00451	0.00589	0.00397	0.00384	0.00504	0.00096	0.28115	0.00219	0.00150	0.00349
20	0.00670	0.00670	0.00937	0.00804	0.00804	0.00937	0.00670	0.00737	0.00469	0.00737	0.00402	0.00670	0.00402	0.00536	0.01004	0.00134	0.88684	0.00268	0.00134	0.00335
21	0.00635	0.00544	0.00635	0.00453	0.00725	0.00408	0.00363	0.00771	0.00635	0.00997	0.00544	0.00635	0.00453	0.00227	0.00227	0.00045	0.00227	0.00181	0.00181	0.91115
22	0.00385	0.00275	0.00368	0.00436	0.00460	0.00258	0.00302	0.00448	0.00605	0.00806	0.04349	0.79231	0.02029	0.00939	0.00392	0.00125	0.00185	0.07868	0.00286	0.00253
23	0.00818	0.89428	0.01604	0.00524	0.00786	0.01211	0.00524	0.00916	0.00622	0.00720	0.00426	0.00491	0.00393	0.00262	0.00196	0.00065	0.00327	0.00164	0.00131	0.00393
24	0.00571	0.00285	0.00285	0.00285	0.00357	0.00285	0.00214	0.00713	0.00642	0.01141	0.00998	0.01141	0.00784	0.00357	0.00214	0.00071	0.00143	0.00285	0.90943	0.00285
25	0.00635	0.00544	0.00635	0.00453	0.00725	0.00408	0.00363	0.00771	0.00635	0.00997	0.00544	0.00635	0.00453	0.00227	0.00227	0.00045	0.00227	0.00181	0.00181	0.91115
26	0.00468	0.00339	0.00389	0.00364	0.00466	0.00301	0.00277	0.03110	0.00796	0.05635	0.36453	0.02515	0.46402	0.00682	0.00357	0.00100	0.00162	0.00580	0.00311	0.00292
27	0.00571	0.00285	0.00285	0.00285	0.00357	0.00285	0.00214	0.00713	0.00642	0.01141	0.00998	0.01141	0.00784	0.00357	0.00214	0.00071	0.00143	0.00285	0.90943	0.00285
28	0.00818	0.89428	0.01604	0.00524	0.00786	0.01211	0.00524	0.00916	0.00622	0.00720	0.00426	0.00491	0.00393	0.00262	0.00196	0.00065	0.00327	0.00164	0.00131	0.00393
29	0.00722	0.00826	0.01806	0.01290	0.01600	0.00774	0.86223	0.00980	0.00722	0.00980	0.00619	0.00826	0.00464	0.00258	0.00361	0.00103	0.00516	0.00361	0.00155	0.00413
30	0.72824	0.00577	0.00504	0.00432	0.00631	0.00638	0.00356	0.01022	0.00594	0.19158	0.00587	0.00610	0.00419	0.00304	0.00214	0.00095	0.00242	0.00195	0.00228	0.00371
31	0.75897	0.00638	0.00530	0.00454	0.00653	0.00732	0.00374	0.15579	0.00679	0.01469	0.00479	0.00538	0.00364	0.00298	0.00209	0.00094	0.00254	0.00185	0.00209	0.00364
32	0.00624	0.05923	0.83407	0.00855	0.01298	0.00736	0.01101	0.00967	0.00645	0.00957	0.00543	0.00639	0.00388	0.00289	0.00286	0.00095	0.00446	0.00223	0.00129	0.00449
33	0.00571	0.00285	0.00285	0.00285	0.00357	0.00285	0.00214	0.00713	0.00642	0.01141	0.00998	0.01141	0.00784	0.00357	0.00214	0.00071	0.00143	0.00285	0.90943	0.00285
34	0.00740	0.55627	0.34716	0.00658	0.00993	0.01019	0.00757	0.00937	0.00631	0.00816	0.00473	0.00551	0.00391	0.00273	0.00233	0.00078	0.00375	0.00188	0.00130	0.00416
35	0.00373	0.00266	0.00355	0.00426	0.00444	0.00249	0.00284	0.00426	0.00586	0.00781	0.01687	0.89044	0.02024	0.00959	0.00391	0.00124	0.00178	0.00870	0.00284	0.00249
36	0.00722	0.00826	0.01806	0.01290	0.01600	0.00774	0.86223	0.00980	0.00722	0.00980	0.00619	0.00826	0.00464	0.00258	0.00361	0.00103	0.00516	0.00361	0.00155	0.00413
37	0.00739	0.55466	0.34874	0.00658	0.00994	0.01018	0.00758	0.00937	0.00631	0.00816	0.00473	0.00551	0.00391	0.00273	0.00233	0.00078	0.00376	0.00188	0.00130	0.00416
38	0.00689	0.00771	0.01553	0.01134	0.01402	0.04042	0.69626	0.00915	0.00707	0.00938	0.00809	0.00999	0.06735	0.00467	0.07637	0.00135	0.00517	0.00373	0.00165	0.00388
39	0.01053	0.00750	0.00818	0.00649	0.00867	0.00819	0.00529	0.57886	0.15359	0.09175	0.06154	0.00973	0.02737	0.00401	0.00312	0.00095	0.00299	0.00315	0.00315	0.00495
40	0.00478	0.00372	0.00520	0.00572	0.06822	0.00389	0.02334	0.00548	0.00555	0.00752	0.01200	0.22168	0.03437	0.30500	0.08099	0.00212	0.06683	0.13879	0.00217	0.00262
41	0.00761	0.00846	0.03618	0.00583	0.00698	0.35075	0.00451	0.05281	0.00746	0.00824	0.03056	0.02556	0.13955	0.19353	0.00597	0.00138	0.02317	0.08632	0.00207	0.00306
42	0.00465	0.00308	0.00373	0.00369	0.00385	0.00317	0.00229	0.00488	0.00464	0.02606	0.00942	0.01828	0.01038	0.70611	0.18037	0.00329	0.00396	0.00420	0.00186	0.00210
43	0.91406	0.00592	0.00450	0.00402	0.00592	0.00687	0.00331	0.00900	0.00521	0.01373	0.00426	0.00497	0.00331	0.00284	0.00189	0.00095	0.00237	0.00166	0.00189	0.00331
44	0.02815	0.00785	0.00760	0.00624	0.00804	0.11040	0.00490	0.50299	0.05859	0.02223	0.00890	0.04429	0.03986	0.13031	0.00484	0.00122	0.00335	0.00330	0.00268	0.00427
45	0.00877	0.61648	0.01334	0.00553	0.00797	0.01055	0.00514	0.06205	0.15141	0.08292	0.00648	0.00662	0.00522	0.00304	0.00232	0.00076	0.00308	0.00213	0.00193	0.00427
46	0.00634	0.00596	0.00975	0.56201	0.21313	0.00698	0.02015	0.00872	0.06831	0.00864	0.00608	0.00848	0.00480	0.02350	0.00359	0.00105	0.03433	0.00283	0.00153	0.00381
47	0.31265	0.00745	0.00781	0.09320	0.08091	0.04142	0.00552	0.36853	0.03137	0.01492	0.00603	0.00668	0.00449	0.00325	0.00266	0.00094	0.00318	0.00237	0.00232	0.00429
48	0.07120	0.00547	0.00884	0.82162	0.01999	0.00680	0.00813	0.00790	0.00605	0.00825	0.00536	0.00793	0.00402	0.00304	0.00298	0.00101	0.00396	0.00264	0.00140	0.00339
49	0.00490	0.00374	0.00416	0.00402	0.00412	0.03712	0.00255	0.00506	0.00467	0.00620	0.00888	0.01779	0.01001	0.72214	0.07692	0.00289	0.07682	0.00412	0.00179	0.00211
50	0.00459	0.00329	0.00402	0.00407	0.00436	0.00348	0.00269	0.00563	0.07644	0.00704	0.01060	0.14400	0.01152	0.49396	0.20820	0.00300	0.00393	0.00472	0.00205	0.00239
51	0.00540	0.01693	0.02510	0.00643	0.13689	0.02657	0.00392	0.02694	0.01639	0.00738	0.00871	0.04868	0.00926	0.48618	0.14741	0.00266	0.01666	0.00394	0.00182	0.00275

[dist]
# distance from previous block
# <min> <max>
0	1

[block]
# block no. 3 follows, 94 sequences, length 59
# corresponding to MSA columns:
# 164-222
name=unknown_D
#
# <colnr> <probs for GDERKNQSTAVLIFYWHMCP>
#	G	D	E	R	K	N	Q	S	T	A	V	L	I	F	Y	W	H	M	C	P
0	0.00583	0.00502	0.00656	0.04775	0.19735	0.05637	0.02045	0.02458	0.02224	0.00779	0.02019	0.06017	0.00912	0.41253	0.08934	0.00224	0.00375	0.00390	0.00184	0.00298
1	0.00758	0.00727	0.01242	0.01879	0.87334	0.00727	0.00939	0.00939	0.00697	0.01000	0.00576	0.00758	0.00485	0.00273	0.00303	0.00091	0.00364	0.00273	0.00152	0.00485
2	0.00756	0.00800	0.00985	0.45570	0.17310	0.20245	0.02584	0.02544	0.00696	0.00838	0.00533	0.00738	0.00422	0.00313	0.00332	0.00096	0.04460	0.00257	0.00147	0.00374
3	0.14885	0.00645	0.00670	0.00550	0.00736	0.00703	0.00443	0.40383	0.09401	0.04015	0.08862	0.01155	0.09613	0.02077	0.00318	0.00098	0.00264	0.00333	0.04424	0.00423
4	0.00422	0.00309	0.00388	0.00393	0.00453	0.00287	0.00282	0.02320	0.00754	0.01030	0.45454	0.28835	0.12354	0.04782	0.00424	0.00115	0.00167	0.00650	0.00307	0.00273
5	0.22374	0.00967	0.31974	0.00686	0.03147	0.01637	0.00691	0.15013	0.02745	0.01215	0.04156	0.08601	0.00673	0.00392	0.00308	0.00100	0.03499	0.01216	0.00202	0.00405
6	0.00880	0.72650	0.01463	0.00574	0.00816	0.17767	0.00537	0.00975	0.00669	0.00726	0.00435	0.00503	0.00393	0.00272	0.00212	0.00068	0.00370	0.00170	0.00136	0.00386
7	0.00759	0.00703	0.01052	0.01444	0.57405	0.00739	0.00782	0.01177	0.30470	0.01097	0.00807	0.00890	0.00640	0.00322	0.00306	0.00095	0.00322	0.00298	0.00207	0.00485
8	0.00702	0.11861	0.02453	0.00554	0.02128	0.26245	0.00413	0.00768	0.00616	0.00697	0.00782	0.01236	0.03503	0.31405	0.15180	0.00222	0.00462	0.00317	0.00168	0.00289
9	0.00489	0.00297	0.00399	0.07374	0.00540	0.00299	0.00304	0.00515	0.00554	0.00795	0.04598	0.23268	0.06539	0.00786	0.00621	0.31571	0.00216	0.00458	0.20151	0.00226
10	0.91406	0.00592	0.00450	0.00402	0.00592	0.00687	0.00331	0.00900	0.00521	0.01373	0.00426	0.00497	0.00331	0.00284	0.00189	0.00095	0.00237	0.00166	0.00189	0.00331
11	0.16184	0.00583	0.00644	0.00495	0.00731	0.00537	0.00400	0.14167	0.00772	0.13518	0.00706	0.05178	0.00566	0.00317	0.00253	0.00072	0.00248	0.00246	0.00235	0.44145
12	0.00426	0.00322	0.00370	0.00389	0.00445	0.00306	0.00267	0.03255	0.04232	0.00826	0.03704	0.37360	0.28184	0.17766	0.00599	0.00148	0.00201	0.00672	0.00268	0.00259
13	0.00384	0.00311	0.00341	0.00334	0.00427	0.00268	0.00250	0.00483	0.00751	0.00954	0.29748	0.02737	0.60484	0.00728	0.00361	0.00101	0.00152	0.00617	0.00301	0.00268
14	0.00751	0.00721	0.01231	0.04808	0.84453	0.00726	0.00936	0.00934	0.00694	0.00993	0.00575	0.00759	0.00482	0.00274	0.00303	0.00091	0.00365	0.00273	0.00151	0.00480
15	0.00761	0.00657	0.00692	0.00623	0.00796	0.00761	0.00484	0.01626	0.86782	0.01280	0.01246	0.01142	0.00934	0.00415	0.00311	0.00104	0.00242	0.00346	0.00311	0.00484
16	0.00452	0.00321	0.00390	0.00367	0.00457	0.00286	0.00277	0.00573	0.00811	0.05032	0.55358	0.02448	0.30767	0.00664	0.00359	0.00099	0.00153	0.00573	0.00321	0.00289
17	0.00456	0.00326	0.00451	0.00522	0.00576	0.00321	0.00429	0.00571	0.00668	0.00875	0.01641	0.29614	0.01842	0.00880	0.00413	0.00136	0.00250	0.59476	0.00283	0.00272
18	0.00749	0.00722	0.00799	0.29210	0.03068	0.11646	0.00626	0.01287	0.46236	0.01046	0.00907	0.00954	0.00686	0.00364	0.00305	0.00100	0.00337	0.00302	0.00232	0.00421
19	0.00578	0.00544	0.00918	0.88508	0.02108	0.00680	0.00850	0.00782	0.00612	0.00782	0.00544	0.00816	0.00408	0.00306	0.00306	0.00102	0.00408	0.00272	0.00136	0.00340
20	0.00571	0.00285	0.00285	0.00285	0.00357	0.00285	0.00214	0.00713	0.00642	0.01141	0.00998	0.01141	0.00784	0.00357	0.00214	0.00071	0.00143	0.00285	0.90943	0.00285
21	0.00363	0.00310	0.00312	0.00311	0.00414	0.00259	0.00233	0.00441	0.00700	0.00833	0.04359	0.02936	0.85948	0.00773	0.00362	0.00103	0.00155	0.00645	0.00285	0.00259
22	0.00655	0.00645	0.00745	0.00655	0.00704	0.11273	0.00527	0.02532	0.00672	0.00928	0.29447	0.02211	0.01253	0.00540	0.00679	0.00114	0.45523	0.00362	0.00210	0.00325
23	0.00571	0.00285	0.00285	0.00285	0.00357	0.00285	0.00214	0.00713	0.00642	0.01141	0.00998	0.01141	0.00784	0.00357	0.00214	0.00071	0.00143	0.00285	0.90943	0.00285
24	0.00761	0.00657	0.00692	0.00623	0.00796	0.00761	0.00484	0.01626	0.86782	0.01280	0.01246	0.01142	0.00934	0.00415	0.00311	0.00104	0.00242	0.00346	0.00311	0.00484
25	0.00585	0.00551	0.00931	0.84969	0.05590	0.00682	0.00854	0.00788	0.00615	0.00791	0.00545	0.00814	0.00411	0.00305	0.00306	0.00102	0.00406	0.00272	0.00137	0.00346
26	0.00571	0.00285	0.00285	0.00285	0.00357	0.00285	0.00214	0.00713	0.00642	0.01141	0.00998	0.01141	0.00784	0.00357	0.00214	0.00071	0.00143	0.00285	0.90943	0.00285
27	0.00457	0.00340	0.00429	0.00402	0.00483	0.00326	0.00303	0.00657	0.07688	0.01221	0.78181	0.02212	0.04905	0.00613	0.00357	0.00097	0.00152	0.00539	0.00334	0.00304
28	0.00578	0.00544	0.00918	0.88508	0.02108	0.00680	0.00850	0.00782	0.00612	0.00782	0.00544	0.00816	0.00408	0.00306	0.00306	0.00102	0.00408	0.00272	0.00136	0.00340
29	0.00442	0.00308	0.00388	0.00388	0.00407	0.00326	0.00254	0.00480	0.00461	0.00634	0.00914	0.01726	0.00993	0.59172	0.31465	0.00364	0.00478	0.00405	0.00178	0.00216
30	0.01017	0.00588	0.00687	0.00566	0.00758	0.00606	0.00450	0.14401	0.28817	0.35008	0.02070	0.01196	0.04444	0.07468	0.00411	0.00114	0.00264	0.00343	0.00326	0.00469
31	0.00967	0.06894	0.06552	0.00779	0.07056	0.17899	0.00618	0.10994	0.09373	0.17093	0.00721	0.00774	0.00546	0.00417	0.02323	0.00106	0.15972	0.00262	0.00223	0.00431
32	0.00618	0.06230	0.52900	0.00886	0.01241	0.00693	0.19477	0.00899	0.00654	0.00933	0.00704	0.12042	0.00615	0.00368	0.00314	0.00100	0.00424	0.00335	0.00155	0.00414
33	0.00376	0.00310	0.00334	0.00333	0.00427	0.00268	0.00249	0.00464	0.00711	0.00882	0.15775	0.05547	0.67995	0.00822	0.04029	0.00119	0.00182	0.00626	0.00287	0.00263
34	0.33532	0.00495	0.00510	0.00437	0.00607	0.00514	0.00352	0.01067	0.07064	0.26705	0.07718	0.00971	0.00792	0.00363	0.00252	0.00091	0.00219	0.00275	0.17652	0.00386
35	0.75083	0.00705	0.03327	0.02746	0.01881	0.08926	0.00405	0.00938	0.00567	0.02520	0.00451	0.00527	0.00349	0.00289	0.00207	0.00093	0.00280	0.00177	0.00185	0.00343
36	0.00765	0.02080	0.00648	0.00562	0.01685	0.16707	0.00429	0.20477	0.10170	0.01195	0.20784	0.01546	0.16591	0.04546	0.00379	0.00103	0.00289	0.00404	0.00272	0.00369
37	0.04389	0.46698	0.22806	0.00614	0.00901	0.03497	0.00649	0.00970	0.07479	0.00875	0.01808	0.02897	0.00513	0.00305	0.00240	0.00079	0.00344	0.00219	0.00157	0.04561
38	0.00716	0.17122	0.14052	0.00576	0.00771	0.05692	0.00532	0.16707	0.00801	0.02931	0.05490	0.17195	0.09062	0.04652	0.00374	0.00105	0.01517	0.01106	0.00227	0.00371
39	0.00396	0.00284	0.00354	0.00387	0.00424	0.00263	0.00262	0.00450	0.00616	0.00813	0.13291	0.47024	0.16697	0.12470	0.00572	0.04289	0.00189	0.00705	0.00271	0.00242
40	0.87614	0.00598	0.00483	0.00464	0.04220	0.00688	0.00357	0.00901	0.00528	0.01358	0.00432	0.00508	0.00338	0.00284	0.00194	0.00095	0.00242	0.00170	0.00188	0.00338
41	0.00639	0.00536	0.00585	0.00544	0.00682	0.00593	0.00421	0.01239	0.56384	0.01184	0.14508	0.05636	0.09787	0.00532	0.00334	0.00106	0.00218	0.05353	0.00310	0.00410
42	0.00749	0.00576	0.00629	0.00552	0.00690	0.00631	0.00422	0.27055	0.26997	0.01266	0.02839	0.11961	0.05394	0.15739	0.00540	0.00137	0.00268	0.02876	0.00283	0.00395
43	0.48951	0.00946	0.00639	0.01893	0.00767	0.36107	0.00451	0.03774	0.00695	0.01120	0.00503	0.00574	0.01862	0.00308	0.00233	0.00088	0.00369	0.00192	0.00181	0.00346
44	0.00578	0.00544	0.00918	0.88508	0.02108	0.00680	0.00850	0.00782	0.00612	0.00782	0.00544	0.00816	0.00408	0.00306	0.00306	0.00102	0.00408	0.00272	0.00136	0.00340
45	0.87631	0.00603	0.00469	0.00415	0.00607	0.00698	0.00342	0.04472	0.00559	0.01396	0.00439	0.00507	0.00339	0.00288	0.00194	0.00095	0.00241	0.00170	0.00194	0.00339
46	0.35057	0.00794	0.00638	0.00563	0.00730	0.22771	0.02822	0.09151	0.05466	0.01167	0.05318	0.02723	0.07501	0.00436	0.02526	0.00103	0.00337	0.01326	0.00216	0.00354
47	0.01867	0.04773	0.02532	0.03465	0.12143	0.17926	0.07580	0.14257	0.04385	0.03739	0.00576	0.00706	0.00467	0.00374	0.00483	0.00101	0.23771	0.00262	0.00185	0.00410
48	0.00995	0.00766	0.00822	0.00670	0.00882	0.00858	0.00544	0.53390	0.30645	0.01660	0.00950	0.00998	0.00719	0.00406	0.00313	0.00098	0.00302	0.04177	0.00307	0.00497
49	0.00614	0.01583	0.87658	0.00872	0.01325	0.00711	0.01131	0.00969	0.00646	0.00969	0.00549	0.00646	0.00388	0.00291	0.00291	0.00097	0.00452	0.00226	0.00129	0.00452
50	0.00362	0.00310	0.00310	0.00310	0.00413	0.00258	0.00233	0.00439	0.00698	0.00827	0.03101	0.02946	0.87210	0.00775	0.00362	0.00103	0.00155	0.00646	0.00284	0.00258
51	0.66944	0.00779	0.00567	0.00500	0.00688	0.17437	0.00401	0.07747	0.00660	0.01298	0.00460	0.00527	0.00359	0.00297	0.00215	0.00091	0.00305	0.00180	0.00193	0.00351
52	0.00684	0.00552	0.00596	0.00566	0.00682	0.04544	0.00448	0.12289	0.26876	0.01091	0.01211	0.01981	0.01159	0.17562	0.00584	0.00150	0.00292	0.28101	0.00270	0.00360
53	0.00440	0.00317	0.00437	0.00437	0.00472	0.00353	0.00314	0.00511	0.00476	0.00670	0.00870	0.01482	0.00887	0.32677	0.57815	0.00424	0.00637	0.00369	0.00171	0.00243
54	0.00551	0.03989	0.00712	0.00857	0.27040	0.02814	0.00505	0.00682	0.00715	0.00964	0.24295	0.04496	0.18832	0.00745	0.11321	0.00145	0.00317	0.00443	0.00233	0.00345
55	0.00759	0.15128	0.37656	0.01991	0.05597	0.17252	0.00795	0.01928	0.02297	0.00904	0.00585	0.00669	0.02234	0.00296	0.00269	0.00083	0.00409	0.00220	0.00151	0.10778
56	0.00919	0.00880	0.01042	0.01184	0.33757	0.17606	0.05474	0.23697	0.04388	0.01201	0.00697	0.02196	0.00581	0.00350	0.00310	0.00093	0.00389	0.04574	0.00209	0.00451
57	0.00511	0.00388	0.00484	0.00514	0.07385	0.00371	0.00345	0.04078	0.05521	0.03414	0.33470	0.07706	0.24783	0.08381	0.00457	0.00118	0.00198	0.01276	0.00289	0.00311
58	0.00411	0.00285	0.00347	0.00377	0.00392	0.00274	0.00236	0.00445	0.00540	0.00722	0.06806	0.40018	0.03803	0.42864	0.00942	0.00204	0.00231	0.00642	0.00241	0.00221

[dist]
# distance from previous block
# <min> <max>
0	1

[block]
# block no. 4 follows, 94 sequences, length 17
# corresponding to MSA columns:
# 224-240
name=unknown_E
#
# <colnr> <probs for GDERKNQSTAVLIFYWHMCP>
#	G	D	E	R	K	N	Q	S	T	A	V	L	I	F	Y	W	H	M	C	P
0	0.00796	0.06046	0.02216	0.02330	0.38451	0.18391	0.03900	0.03078	0.03265	0.02503	0.00703	0.08877	0.00640	0.00504	0.06857	0.00121	0.00418	0.00316	0.00177	0.00412
1	0.01017	0.00772	0.00823	0.00661	0.00877	0.00863	0.00536	0.57228	0.26845	0.01700	0.00899	0.00874	0.00656	0.00381	0.00304	0.00094	0.00300	0.00297	0.04373	0.00499
2	0.00614	0.01583	0.87658	0.00872	0.01325	0.00711	0.01131	0.00969	0.00646	0.00969	0.00549	0.00646	0.00388	0.00291	0.00291	0.00097	0.00452	0.00226	0.00129	0.00452
3	0.00549	0.00435	0.00487	0.00477	0.00559	0.00469	0.00340	0.00921	0.35188	0.00962	0.06063	0.25629	0.03824	0.21937	0.00637	0.00155	0.00230	0.00534	0.00274	0.00331
4	0.01163	0.00857	0.00919	0.00704	0.00949	0.00949	0.00582	0.86314	0.01439	0.01929	0.00735	0.00735	0.00520	0.00367	0.00306	0.00092	0.00337	0.00276	0.00306	0.00520
5	0.91406	0.00592	0.00450	0.00402	0.00592	0.00687	0.00331	0.00900	0.00521	0.01373	0.00426	0.00497	0.00331	0.00284	0.00189	0.00095	0.00237	0.00166	0.00189	0.00331
6	0.39536	0.01090	0.00690	0.00624	0.00795	0.50870	0.00481	0.01085	0.00720	0.01015	0.00453	0.00529	0.00368	0.00302	0.00239	0.00086	0.00418	0.00184	0.00171	0.00345
7	0.00409	0.00301	0.00382	0.00385	0.00448	0.00275	0.00280	0.00522	0.00775	0.01064	0.54901	0.23422	0.14248	0.00727	0.00368	0.00104	0.00154	0.00643	0.00317	0.00275
8	0.00384	0.00321	0.00336	0.00331	0.00432	0.00278	0.00248	0.00496	0.03399	0.00899	0.15174	0.02794	0.72361	0.00742	0.00360	0.00102	0.00156	0.00623	0.00293	0.00270
9	0.00735	0.53768	0.36537	0.00665	0.01004	0.01008	0.00770	0.00938	0.00632	0.00821	0.00476	0.00554	0.00391	0.00274	0.00235	0.00078	0.00378	0.00189	0.00130	0.00417
10	0.00372	0.00268	0.00353	0.00421	0.00443	0.00249	0.00282	0.00427	0.00591	0.00783	0.01752	0.85071	0.05956	0.00950	0.00389	0.00123	0.00177	0.00860	0.00284	0.00249
11	0.00571	0.00285	0.00285	0.00285	0.00357	0.00285	0.00214	0.00713	0.00642	0.01141	0.00998	0.01141	0.00784	0.00357	0.00214	0.00071	0.00143	0.00285	0.90943	0.00285
12	0.00635	0.00544	0.00635	0.00453	0.00725	0.00408	0.00363	0.00771	0.00635	0.00997	0.00544	0.00635	0.00453	0.00227	0.00227	0.00045	0.00227	0.00181	0.00181	0.91115
13	0.00433	0.00313	0.00409	0.00385	0.00457	0.00289	0.00289	0.00578	0.00866	0.01227	0.87173	0.02286	0.02888	0.00626	0.00361	0.00096	0.00144	0.00554	0.00337	0.00289
14	0.53489	0.00563	0.00502	0.00432	0.00608	0.00627	0.00352	0.13575	0.00705	0.06836	0.00640	0.00700	0.00480	0.00317	0.00219	0.00089	0.00234	0.00216	0.19053	0.00362
15	0.00954	0.00459	0.00602	0.00524	0.02144	0.01952	0.00393	0.07985	0.02330	0.37184	0.00851	0.00960	0.00634	0.00703	0.02341	0.38809	0.00286	0.00286	0.00255	0.00347
16	0.00520	0.00382	0.00473	0.00468	0.00530	0.00400	0.00340	0.12942	0.00695	0.00943	0.05338	0.40711	0.05572	0.10622	0.14465	0.00194	0.02885	0.00599	0.01631	0.00291

[dist]
# distance from previous block
# <min> <max>
0	657

# created by:
# /share/home/app/bin/augustus-3.3.1/scripts/msa2prfl.pl /dev/shm/tmp/ogap_db/mt-Sar/msas/nad11.aln --setname=nad11
