[name]
nad2

[dist]
# distance from previous block
# <min> <max>
5	73

[block]
# block no. 0 follows, 160 sequences, length 9
# corresponding to MSA columns:
# 120-128
name=unknown_A
#
# <colnr> <probs for GDERKNQSTAVLIFYWHMCP>
#	G	D	E	R	K	N	Q	S	T	A	V	L	I	F	Y	W	H	M	C	P
0	0.00287	0.00204	0.00241	0.00253	0.00298	0.00187	0.00180	0.00359	0.05639	0.05820	0.04396	0.44276	0.33630	0.02980	0.00254	0.00074	0.00114	0.00447	0.00184	0.00178
1	0.00279	0.00196	0.00241	0.00256	0.00286	0.00185	0.00176	0.03230	0.00405	0.02818	0.09112	0.48356	0.15692	0.14477	0.03280	0.00098	0.00137	0.00438	0.00173	0.00165
2	0.06687	0.00263	0.00341	0.00307	0.00373	0.00265	0.06620	0.04992	0.05703	0.03018	0.16289	0.10608	0.16583	0.11384	0.11570	0.00110	0.00193	0.02418	0.02082	0.00194
3	0.00274	0.00207	0.00242	0.00249	0.00290	0.00195	0.00176	0.04766	0.02611	0.00572	0.13037	0.37037	0.29473	0.09583	0.00308	0.00082	0.00119	0.00428	0.00179	0.00171
4	0.00299	0.00238	0.00285	0.00270	0.00341	0.00208	0.00196	0.00381	0.05788	0.00563	0.04426	0.44331	0.12271	0.02808	0.00231	0.00064	0.00123	0.00377	0.00162	0.26639
5	0.00290	0.00215	0.00254	0.00265	0.00307	0.00207	0.00189	0.02808	0.07987	0.02351	0.05458	0.40508	0.24724	0.09065	0.00304	0.00083	0.00125	0.04503	0.00179	0.00178
6	0.02862	0.00238	0.00301	0.00293	0.00324	0.00263	0.00220	0.00349	0.01776	0.00511	0.08346	0.16018	0.19337	0.14684	0.16138	0.00131	0.14854	0.03038	0.00144	0.00170
7	0.64011	0.00356	0.00315	0.00273	0.00390	0.00393	0.00223	0.05153	0.02461	0.12965	0.02655	0.00487	0.03798	0.00212	0.00143	0.00059	0.00148	0.00145	0.05582	0.00230
8	0.03564	0.00313	0.00348	0.03232	0.00418	0.00319	0.00241	0.20886	0.08462	0.05562	0.15282	0.05199	0.29851	0.00355	0.00208	0.00062	0.00140	0.00295	0.02755	0.02509

[dist]
# distance from previous block
# <min> <max>
19	40

[block]
# block no. 1 follows, 160 sequences, length 14
# corresponding to MSA columns:
# 174-187
name=unknown_B
#
# <colnr> <probs for GDERKNQSTAVLIFYWHMCP>
#	G	D	E	R	K	N	Q	S	T	A	V	L	I	F	Y	W	H	M	C	P
0	0.00351	0.00259	0.00295	0.00270	0.00346	0.00246	0.00204	0.05858	0.11511	0.06014	0.18706	0.13311	0.31739	0.02853	0.00237	0.00066	0.00122	0.00342	0.00186	0.07084
1	0.00275	0.00194	0.00237	0.00252	0.00270	0.00189	0.00166	0.03314	0.00372	0.00497	0.07543	0.41730	0.04612	0.34443	0.03367	0.00124	0.00155	0.01950	0.00158	0.00152
2	0.02600	0.00218	0.00254	0.00251	0.00291	0.00213	0.00177	0.01655	0.04635	0.03898	0.17886	0.17716	0.18902	0.25400	0.00436	0.00100	0.01502	0.02741	0.00954	0.00171
3	0.09084	0.00244	0.00270	0.00271	0.00326	0.00246	0.00202	0.07186	0.05520	0.00628	0.05838	0.30106	0.21256	0.06750	0.01294	0.00081	0.00135	0.07179	0.03198	0.00186
4	0.03505	0.00393	0.00433	0.00362	0.00468	0.00422	0.00284	0.42711	0.10633	0.08483	0.03451	0.14837	0.03795	0.07219	0.00260	0.00072	0.00173	0.00258	0.01973	0.00268
5	0.00307	0.00213	0.00257	0.00272	0.00309	0.00209	0.00192	0.06951	0.04043	0.02162	0.03485	0.60219	0.08352	0.02655	0.00245	0.00074	0.00120	0.00445	0.09306	0.00181
6	0.00286	0.00205	0.00246	0.00248	0.00282	0.00196	0.00170	0.03382	0.00379	0.01479	0.04796	0.26214	0.18753	0.26619	0.08775	0.03862	0.00174	0.00361	0.00152	0.03418
7	0.00247	0.00178	0.00230	0.00264	0.00284	0.00167	0.00180	0.00298	0.02244	0.00532	0.09142	0.75937	0.06605	0.00567	0.00241	0.00075	0.00110	0.00511	0.02022	0.00164
8	0.00323	0.00223	0.00291	0.00281	0.00321	0.00226	0.01659	0.03218	0.09468	0.00542	0.14444	0.12940	0.12468	0.03171	0.07544	0.29979	0.00171	0.02420	0.00148	0.00161
9	0.09364	0.00221	0.00250	0.00254	0.00298	0.00218	0.00183	0.04757	0.00426	0.00612	0.16143	0.32435	0.15786	0.11251	0.02017	0.00087	0.00132	0.02370	0.03025	0.00173
10	0.11914	0.00576	0.00462	0.00446	0.06115	0.40017	0.03328	0.01858	0.04067	0.02667	0.02126	0.05962	0.01258	0.13535	0.01141	0.02117	0.01889	0.00191	0.00120	0.00212
11	0.03383	0.09395	0.04346	0.00335	0.00410	0.23690	0.01922	0.01444	0.05325	0.00487	0.00613	0.02568	0.08853	0.35877	0.00489	0.00106	0.00225	0.00225	0.00120	0.00187
12	0.04986	0.26660	0.01837	0.04119	0.09307	0.08847	0.06351	0.01776	0.04972	0.00568	0.00393	0.05959	0.00356	0.02486	0.01222	0.00057	0.03063	0.00167	0.00108	0.16765
13	0.00452	0.01637	0.01940	0.00564	0.20855	0.15345	0.05238	0.05948	0.03508	0.02474	0.07535	0.10020	0.13688	0.01308	0.03891	0.00073	0.04895	0.00256	0.00138	0.00235

[dist]
# distance from previous block
# <min> <max>
4	22

[block]
# block no. 2 follows, 160 sequences, length 31
# corresponding to MSA columns:
# 212-242
name=unknown_C
#
# <colnr> <probs for GDERKNQSTAVLIFYWHMCP>
#	G	D	E	R	K	N	Q	S	T	A	V	L	I	F	Y	W	H	M	C	P
0	0.00317	0.00226	0.00259	0.00261	0.00289	0.02524	0.00181	0.04951	0.02073	0.00487	0.02574	0.17219	0.13831	0.28810	0.00562	0.17876	0.00160	0.07109	0.00142	0.00148
1	0.00678	0.00796	0.02423	0.00487	0.00599	0.65023	0.03270	0.15062	0.02381	0.00607	0.00360	0.00415	0.00787	0.01126	0.03655	0.00063	0.00895	0.00145	0.00117	0.01113
2	0.17678	0.04264	0.00413	0.00370	0.04843	0.17427	0.00268	0.09587	0.00464	0.08779	0.02481	0.10519	0.02743	0.13842	0.00302	0.00078	0.01638	0.00217	0.03868	0.00220
3	0.00985	0.00348	0.00409	0.00364	0.02442	0.02915	0.04147	0.17795	0.16164	0.06897	0.13147	0.08310	0.15435	0.05074	0.03750	0.00079	0.00175	0.01141	0.00180	0.00240
4	0.00257	0.00182	0.00216	0.00233	0.00248	0.00173	0.00148	0.00280	0.00349	0.00457	0.04412	0.36499	0.13859	0.41152	0.00568	0.00124	0.00143	0.00405	0.00154	0.00142
5	0.26140	0.00246	0.00243	0.00234	0.00303	0.00248	0.00177	0.00387	0.00409	0.02196	0.15751	0.07810	0.33284	0.07789	0.02502	0.00080	0.00132	0.01725	0.00163	0.00179
6	0.00396	0.00364	0.00371	0.00332	0.00410	0.11086	0.03369	0.08044	0.15337	0.00661	0.17148	0.06084	0.26626	0.02733	0.03151	0.00074	0.03128	0.00299	0.00171	0.00215
7	0.00546	0.80868	0.00954	0.00353	0.00511	0.10983	0.00337	0.02691	0.00423	0.00476	0.00277	0.00319	0.00251	0.00171	0.00132	0.00043	0.00223	0.00108	0.00087	0.00248
8	0.28399	0.03480	0.02459	0.00382	0.00482	0.24504	0.02945	0.06701	0.00432	0.00647	0.00376	0.02503	0.01183	0.01944	0.14865	0.00100	0.06308	0.00156	0.00114	0.02022
9	0.03016	0.00202	0.00231	0.00241	0.00281	0.00190	0.00169	0.02595	0.00398	0.02537	0.01242	0.34474	0.33199	0.13908	0.04277	0.00097	0.00140	0.00409	0.02229	0.00165
10	0.15231	0.00446	0.00470	0.00379	0.00512	0.00488	0.00308	0.46474	0.14411	0.10291	0.05086	0.00603	0.03956	0.00248	0.00186	0.00060	0.00179	0.00190	0.00188	0.00294
11	0.00351	0.00300	0.00436	0.03328	0.01644	0.00305	0.13874	0.06927	0.11268	0.00594	0.01558	0.26414	0.14471	0.12221	0.03815	0.00094	0.01699	0.00343	0.00155	0.00204
12	0.00353	0.00239	0.00266	0.00255	0.00284	0.04116	0.00171	0.02362	0.02091	0.06113	0.00710	0.03532	0.10122	0.45486	0.07919	0.15237	0.00205	0.00263	0.00129	0.00148
13	0.06002	0.00301	0.00332	0.00294	0.00368	0.00311	0.00218	0.15623	0.11240	0.10944	0.04128	0.09086	0.13459	0.26344	0.00423	0.00099	0.00161	0.00280	0.00171	0.00217
14	0.00412	0.00383	0.00625	0.03809	0.63956	0.00379	0.00474	0.00510	0.00439	0.00611	0.06624	0.06883	0.11756	0.02036	0.00218	0.00063	0.00197	0.00241	0.00120	0.00265
15	0.00310	0.00223	0.00244	0.00245	0.00293	0.02229	0.00174	0.03175	0.01184	0.05570	0.04120	0.27034	0.36081	0.13767	0.00335	0.00085	0.00128	0.00848	0.03780	0.00173
16	0.00280	0.00204	0.00239	0.00247	0.00289	0.00191	0.00175	0.01955	0.04525	0.02909	0.08702	0.34328	0.32912	0.08791	0.00317	0.03051	0.00119	0.00418	0.00177	0.00170
17	0.00316	0.00256	0.00289	0.00282	0.00344	0.00261	0.00210	0.00520	0.27335	0.00665	0.23519	0.20669	0.23732	0.00425	0.00223	0.00067	0.00116	0.00369	0.00193	0.00209
18	0.03760	0.00282	0.00294	0.00281	0.00345	0.02593	0.00207	0.02280	0.24598	0.01819	0.06324	0.16078	0.16741	0.10360	0.00286	0.00077	0.00135	0.00307	0.11867	0.01364
19	0.08172	0.00201	0.00226	0.00244	0.00278	0.00194	0.00168	0.00317	0.02174	0.00528	0.03701	0.45416	0.21886	0.15178	0.00348	0.00091	0.00124	0.00426	0.00166	0.00161
20	0.16454	0.00294	0.00309	0.00282	0.00356	0.00308	0.00212	0.15285	0.05308	0.05245	0.04268	0.18702	0.11987	0.14494	0.00315	0.00083	0.00148	0.00291	0.05449	0.00208
21	0.00438	0.00328	0.00360	0.00319	0.00403	0.00344	0.00243	0.24972	0.16875	0.03419	0.04661	0.15810	0.21024	0.09555	0.00291	0.00077	0.00152	0.00313	0.00184	0.00234
22	0.04750	0.00241	0.00267	0.00242	0.00317	0.00211	0.00177	0.01486	0.00401	0.05015	0.01100	0.13441	0.33565	0.17535	0.00347	0.00082	0.00134	0.01310	0.00156	0.19223
23	0.00304	0.00196	0.00239	0.00246	0.00278	0.00184	0.00168	0.01823	0.00402	0.06052	0.11113	0.37334	0.12591	0.21735	0.00401	0.00097	0.00129	0.00398	0.06144	0.00167
24	0.00366	0.00201	0.00216	0.00209	0.00255	0.00207	0.00157	0.04722	0.00411	0.00693	0.00606	0.00741	0.00496	0.05427	0.09275	0.01993	0.00145	0.00188	0.73510	0.00182
25	0.00261	0.00185	0.00233	0.00251	0.00274	0.00176	0.00173	0.00306	0.00395	0.00536	0.18859	0.38741	0.07865	0.20628	0.02797	0.00104	0.00138	0.05682	0.02242	0.00156
26	0.00325	0.00226	0.00276	0.00282	0.00324	0.00221	0.00201	0.09229	0.03015	0.04610	0.06217	0.55392	0.10301	0.06195	0.02158	0.00085	0.00136	0.00440	0.00181	0.00186
27	0.01607	0.00237	0.00281	0.00268	0.00332	0.00225	0.00201	0.02678	0.07421	0.12329	0.17264	0.19195	0.27132	0.05153	0.02027	0.00078	0.00131	0.03050	0.00190	0.00201
28	0.01470	0.00430	0.00528	0.00415	0.00541	0.01455	0.11207	0.47039	0.02682	0.02924	0.05397	0.02714	0.17744	0.04261	0.00241	0.00067	0.00194	0.00247	0.00177	0.00267
29	0.00459	0.00531	0.20967	0.00502	0.05352	0.08438	0.14935	0.04185	0.04533	0.06366	0.00430	0.02315	0.00357	0.03079	0.04731	0.22043	0.00256	0.00186	0.00111	0.00224
30	0.01090	0.13504	0.09577	0.04010	0.08058	0.18302	0.05172	0.18815	0.04836	0.07661	0.02994	0.00510	0.01812	0.01363	0.00816	0.00059	0.00848	0.00168	0.00134	0.00271

[dist]
# distance from previous block
# <min> <max>
4	10

[block]
# block no. 3 follows, 160 sequences, length 87
# corresponding to MSA columns:
# 253-339
name=unknown_D
#
# <colnr> <probs for GDERKNQSTAVLIFYWHMCP>
#	G	D	E	R	K	N	Q	S	T	A	V	L	I	F	Y	W	H	M	C	P
0	0.00372	0.00317	0.00492	0.00656	0.38707	0.00327	0.01174	0.00455	0.03276	0.00517	0.00490	0.00795	0.00479	0.28917	0.22045	0.00157	0.00283	0.00216	0.00108	0.00217
1	0.03782	0.00870	0.71473	0.00511	0.00758	0.02113	0.02204	0.01097	0.09105	0.00638	0.00463	0.00505	0.04546	0.00206	0.00186	0.00062	0.00261	0.00163	0.00100	0.00959
2	0.00278	0.00212	0.00278	0.00278	0.00309	0.01518	0.00204	0.00330	0.00326	0.00445	0.01458	0.01599	0.11284	0.21702	0.58617	0.00248	0.00388	0.00250	0.00117	0.00160
3	0.00333	0.03247	0.00301	0.00287	0.00320	0.09547	0.00200	0.03110	0.01962	0.00504	0.04972	0.40180	0.03217	0.24144	0.04387	0.00110	0.01004	0.00371	0.01637	0.00168
4	0.00248	0.00195	0.00221	0.00225	0.00273	0.00173	0.00163	0.00308	0.01620	0.00573	0.22843	0.17418	0.47237	0.06551	0.00282	0.00075	0.00106	0.01139	0.00184	0.00166
5	0.00402	0.00256	0.00302	0.00286	0.00341	0.00253	0.00206	0.15191	0.01158	0.10480	0.01864	0.37040	0.08897	0.17660	0.00363	0.00091	0.00146	0.00367	0.04497	0.00200
6	0.00266	0.00198	0.00229	0.00235	0.00268	0.00189	0.00164	0.00312	0.02079	0.00487	0.06568	0.09916	0.29942	0.34920	0.05576	0.00127	0.00163	0.08054	0.00155	0.00152
7	0.00264	0.00200	0.00237	0.00263	0.00289	0.01370	0.00179	0.02108	0.03378	0.00515	0.01575	0.63335	0.16057	0.08897	0.00307	0.00085	0.00123	0.00479	0.00174	0.00164
8	0.12667	0.00290	0.00303	0.00274	0.00349	0.00300	0.00208	0.18350	0.02469	0.00708	0.08279	0.07899	0.28304	0.14394	0.03268	0.00090	0.00157	0.00943	0.00547	0.00200
9	0.00473	0.00299	0.00355	0.00322	0.00408	0.00295	0.00256	0.21710	0.00557	0.16471	0.01695	0.21071	0.20130	0.00419	0.00225	0.00069	0.00152	0.14667	0.00194	0.00232
10	0.08097	0.03348	0.36840	0.00370	0.00523	0.00329	0.00399	0.01210	0.01172	0.02996	0.11206	0.14123	0.14086	0.00318	0.00196	0.00063	0.00185	0.00264	0.04046	0.00228
11	0.00282	0.00190	0.00239	0.00262	0.00279	0.00183	0.00172	0.02908	0.00370	0.03165	0.01834	0.61790	0.01078	0.25084	0.01140	0.00108	0.00140	0.00454	0.00165	0.00157
12	0.35501	0.00328	0.00318	0.00282	0.00369	0.00359	0.00218	0.18565	0.00477	0.00811	0.10875	0.07686	0.03750	0.12752	0.00279	0.00078	0.00153	0.01111	0.05879	0.00211
13	0.00237	0.00171	0.00224	0.00264	0.00279	0.00159	0.00177	0.00272	0.00376	0.00499	0.02802	0.84515	0.06096	0.02602	0.00262	0.00080	0.00113	0.00534	0.00179	0.00157
14	0.00290	0.00210	0.00235	0.00251	0.00294	0.01909	0.00188	0.00362	0.03326	0.00567	0.02794	0.25915	0.25862	0.04776	0.00258	0.00525	0.00124	0.14227	0.17716	0.00171
15	0.14338	0.00219	0.00240	0.00261	0.00301	0.01504	0.00186	0.00340	0.00384	0.01621	0.02978	0.55733	0.13535	0.02947	0.00242	0.00076	0.00123	0.03317	0.01485	0.00170
16	0.00305	0.00217	0.00273	0.00280	0.00321	0.00211	0.00204	0.06928	0.02898	0.02314	0.28854	0.47112	0.04852	0.00492	0.00236	0.00071	0.00117	0.03935	0.00193	0.00186
17	0.00293	0.00197	0.00218	0.00214	0.00247	0.00187	0.00143	0.01890	0.00386	0.01707	0.10225	0.04421	0.24504	0.40111	0.00539	0.00115	0.00138	0.00313	0.13998	0.00153
18	0.01240	0.00468	0.00479	0.00393	0.00515	0.04810	0.00317	0.51945	0.17975	0.01006	0.00563	0.00608	0.00428	0.00246	0.00187	0.00058	0.00187	0.03337	0.14947	0.00291
19	0.00622	0.00452	0.00466	0.00380	0.00501	0.08176	0.00305	0.41497	0.08726	0.13927	0.14007	0.00755	0.07221	0.00276	0.00199	0.00059	0.00184	0.00220	0.01743	0.00283
20	0.00399	0.00413	0.00341	0.00344	0.00387	0.28850	0.00248	0.00443	0.00411	0.00472	0.00709	0.37792	0.02418	0.07754	0.17269	0.00121	0.00267	0.01048	0.00136	0.00178
21	0.00518	0.80828	0.02624	0.00356	0.00509	0.04817	0.00347	0.00581	0.00394	0.00460	0.00271	0.00323	0.00249	0.00180	0.00165	0.00045	0.06892	0.00110	0.00084	0.00246
22	0.00247	0.00175	0.00222	0.00253	0.00266	0.00165	0.00165	0.00277	0.00363	0.00482	0.04638	0.66011	0.05192	0.20116	0.00402	0.00100	0.00127	0.00480	0.00168	0.00150
23	0.03251	0.00185	0.00221	0.00249	0.00279	0.00170	0.00173	0.00286	0.00391	0.00518	0.02661	0.60190	0.25787	0.02792	0.00256	0.00077	0.00112	0.02064	0.00177	0.00161
24	0.00439	0.00342	0.00381	0.00343	0.00420	0.00376	0.00263	0.20794	0.27050	0.00744	0.03799	0.11525	0.07124	0.16115	0.00359	0.00088	0.03275	0.06151	0.00175	0.00237
25	0.00365	0.00215	0.00259	0.00247	0.00290	0.00202	0.00170	0.00405	0.01461	0.15369	0.05976	0.11230	0.17479	0.40160	0.03645	0.00127	0.00165	0.01900	0.00162	0.00174
26	0.00277	0.00207	0.00307	0.00307	0.00339	0.00240	0.00236	0.00343	0.00310	0.00446	0.00524	0.00787	0.00495	0.05987	0.87901	0.00305	0.00503	0.00211	0.00105	0.00170
27	0.00235	0.00182	0.00214	0.00238	0.00273	0.00161	0.00166	0.00277	0.00408	0.00518	0.04947	0.50954	0.39635	0.00550	0.00239	0.00072	0.00106	0.00483	0.00181	0.00161
28	0.00557	0.00326	0.00363	0.00309	0.00390	0.05282	0.00230	0.14236	0.00493	0.29896	0.00719	0.07948	0.04877	0.32376	0.01047	0.00107	0.00185	0.00255	0.00175	0.00229
29	0.00265	0.00195	0.00223	0.00232	0.00262	0.00183	0.00161	0.00299	0.00371	0.00471	0.02724	0.07378	0.32288	0.40175	0.00560	0.00122	0.00149	0.13641	0.00154	0.00146
30	0.00389	0.01003	0.92183	0.00552	0.00839	0.00450	0.00716	0.00614	0.00409	0.00614	0.00348	0.00409	0.00246	0.00184	0.00184	0.00061	0.00286	0.00143	0.00082	0.00286
31	0.01788	0.00296	0.00350	0.00317	0.00387	0.00300	0.00235	0.22917	0.01640	0.14806	0.00789	0.36688	0.01542	0.15799	0.00346	0.00088	0.00160	0.01149	0.00182	0.00223
32	0.00358	0.00327	0.00563	0.00452	0.00548	0.00319	0.28888	0.03988	0.04161	0.00682	0.33731	0.11905	0.05753	0.00345	0.00243	0.00067	0.03217	0.04072	0.00164	0.00215
33	0.02558	0.00372	0.00418	0.00363	0.00456	0.00397	0.00282	0.47496	0.00656	0.03818	0.00729	0.40097	0.00739	0.00392	0.00215	0.00067	0.00167	0.00335	0.00188	0.00253
34	0.00233	0.00181	0.00212	0.00236	0.00272	0.00160	0.00165	0.00274	0.00404	0.00508	0.01481	0.51045	0.43032	0.00554	0.00239	0.00073	0.00106	0.00486	0.00180	0.00160
35	0.00504	0.00349	0.00398	0.00306	0.00446	0.00313	0.00246	0.19381	0.00535	0.13148	0.00713	0.00713	0.15528	0.00238	0.00175	0.00046	0.00150	0.00191	0.06079	0.40541
36	0.00301	0.00209	0.00263	0.00282	0.00305	0.00209	0.00210	0.02136	0.00370	0.00487	0.00813	0.07172	0.00908	0.46120	0.00619	0.00137	0.00180	0.38982	0.00149	0.00150
37	0.00279	0.00200	0.00271	0.00271	0.00292	0.00221	0.00192	0.00320	0.00300	0.00420	0.00556	0.00964	0.00573	0.38150	0.55844	0.00262	0.00387	0.00237	0.00109	0.00151
38	0.00262	0.00199	0.00240	0.00252	0.00294	0.00185	0.00183	0.00343	0.04892	0.01100	0.25383	0.35245	0.26830	0.00498	0.00235	0.00070	0.00107	0.03319	0.00190	0.00175
39	0.00245	0.00184	0.00228	0.00251	0.00285	0.00167	0.00180	0.00295	0.00423	0.00553	0.15736	0.48399	0.25815	0.00538	0.00241	0.00073	0.00109	0.05929	0.00185	0.00164
40	0.00541	0.00288	0.00343	0.00291	0.00398	0.00265	0.00231	0.01793	0.13276	0.39000	0.03451	0.01172	0.37442	0.00348	0.00210	0.00063	0.00135	0.00288	0.00209	0.00256
41	0.41200	0.00387	0.00393	0.00323	0.00454	0.00414	0.00264	0.17453	0.05368	0.27356	0.00504	0.03132	0.00365	0.00224	0.00163	0.00060	0.00164	0.00164	0.01342	0.00270
42	0.00310	0.00226	0.00258	0.00249	0.00294	0.00223	0.00177	0.04934	0.08849	0.00535	0.05699	0.07823	0.33405	0.18527	0.01978	0.15731	0.00146	0.00319	0.00155	0.00164
43	0.00407	0.00346	0.00602	0.01982	0.41675	0.00348	0.10236	0.00463	0.00370	0.00519	0.00380	0.00555	0.00338	0.00492	0.12849	0.27684	0.00262	0.00182	0.00094	0.00218
44	0.40728	0.00409	0.00546	0.12380	0.41297	0.00446	0.00423	0.00572	0.00387	0.00717	0.00322	0.00414	0.00259	0.00178	0.00161	0.00059	0.00199	0.00144	0.00105	0.00254
45	0.00669	0.04869	0.00615	0.02263	0.10349	0.28444	0.01981	0.41471	0.06023	0.00849	0.00411	0.00442	0.00313	0.00213	0.00186	0.00056	0.00256	0.00160	0.00146	0.00287
46	0.00578	0.00471	0.00581	0.39940	0.00915	0.03610	0.00441	0.49416	0.00675	0.00886	0.00408	0.00484	0.00296	0.00215	0.00193	0.00061	0.00237	0.00172	0.00145	0.00277
47	0.01853	0.00580	0.31235	0.00453	0.02178	0.04188	0.07916	0.09825	0.01180	0.04200	0.05644	0.00725	0.11781	0.00430	0.14089	0.00098	0.00273	0.00209	0.00127	0.03017
48	0.00312	0.00257	0.00390	0.39829	0.00726	0.00299	0.00328	0.00384	0.00342	0.00454	0.00528	0.10632	0.00533	0.25953	0.18081	0.00147	0.00273	0.00249	0.00108	0.00174
49	0.00627	0.00502	0.00664	0.02051	0.38430	0.00535	0.00463	0.50956	0.00703	0.02518	0.00427	0.00475	0.00322	0.00207	0.00193	0.00058	0.00220	0.00174	0.00153	0.00319
50	0.00394	0.00249	0.00289	0.00260	0.00343	0.00229	0.00203	0.03532	0.06863	0.17620	0.18750	0.01445	0.45509	0.00403	0.00220	0.00064	0.00119	0.03096	0.00199	0.00214
51	0.00384	0.03129	0.50590	0.24011	0.09555	0.00431	0.00607	0.00554	0.00403	0.00571	0.00398	0.07101	0.00330	0.00219	0.00194	0.00732	0.00259	0.00182	0.00091	0.00259
52	0.01742	0.00361	0.00467	0.00358	0.00509	0.00331	0.00296	0.13830	0.00604	0.78284	0.00717	0.00629	0.00456	0.00238	0.00194	0.00060	0.00172	0.00191	0.00232	0.00329
53	0.49710	0.00388	0.00383	0.00314	0.00447	0.00416	0.00259	0.16445	0.00499	0.27123	0.02047	0.00460	0.00337	0.00210	0.00156	0.00060	0.00164	0.00147	0.00169	0.00265
54	0.00262	0.00198	0.00264	0.00285	0.00311	0.01111	0.00205	0.00321	0.02070	0.00488	0.02676	0.47742	0.04939	0.02755	0.35223	0.00168	0.00270	0.00395	0.00150	0.00167
55	0.00394	0.00349	0.00569	0.00811	0.52756	0.00352	0.00441	0.00485	0.00411	0.00575	0.00573	0.10938	0.00578	0.05439	0.10672	0.00100	0.00240	0.13951	0.00120	0.00246
56	0.00277	0.00198	0.00269	0.00271	0.00291	0.00218	0.00192	0.00318	0.00303	0.00423	0.00578	0.04906	0.00604	0.36752	0.53257	0.00254	0.00374	0.00251	0.00112	0.00151
57	0.00281	0.00188	0.00212	0.00213	0.00213	0.00187	0.00119	0.00282	0.00284	0.00378	0.00620	0.03086	0.00716	0.91354	0.00972	0.00186	0.00186	0.00287	0.00119	0.00118
58	0.00239	0.00188	0.00215	0.00232	0.00275	0.00166	0.00167	0.00285	0.00418	0.00523	0.05097	0.33002	0.50713	0.02776	0.00256	0.00074	0.00109	0.04924	0.00180	0.00162
59	0.00268	0.00202	0.00274	0.00291	0.00321	0.00214	0.00212	0.00349	0.05697	0.00501	0.02449	0.41993	0.05438	0.00940	0.39691	0.00177	0.00288	0.00374	0.00149	0.00174
60	0.54295	0.00393	0.00351	0.00315	0.00430	0.00455	0.00251	0.00767	0.39403	0.00845	0.00492	0.00490	0.00373	0.00215	0.00153	0.00062	0.00151	0.00154	0.00153	0.00251
61	0.00550	0.00342	0.00403	0.00350	0.00443	0.00350	0.00271	0.34616	0.00612	0.18757	0.02056	0.37915	0.00769	0.01326	0.00224	0.00068	0.00161	0.00334	0.00197	0.00256
62	0.00295	0.00199	0.00242	0.00248	0.00284	0.00186	0.00173	0.00355	0.03113	0.05599	0.19188	0.33399	0.16602	0.17138	0.00367	0.00091	0.00123	0.00403	0.01824	0.00171
63	0.39960	0.00389	0.00398	0.00323	0.00457	0.00412	0.00266	0.20671	0.00534	0.29658	0.00548	0.00529	0.04627	0.00225	0.00165	0.00060	0.00166	0.00163	0.00177	0.00272
64	0.00736	0.00533	0.00574	0.00442	0.00596	0.00588	0.00364	0.86489	0.02864	0.04116	0.00482	0.00477	0.00340	0.00234	0.00194	0.00058	0.00210	0.00176	0.00195	0.00329
65	0.18626	0.00265	0.00292	0.00272	0.00347	0.00263	0.00207	0.05508	0.01490	0.13383	0.18248	0.23944	0.14989	0.00388	0.00205	0.00066	0.00127	0.00328	0.00844	0.00209
66	0.00271	0.00187	0.00223	0.00234	0.00244	0.00184	0.00145	0.01180	0.00332	0.00442	0.04490	0.26810	0.04939	0.55727	0.03630	0.00150	0.00170	0.00362	0.00142	0.00137
67	0.00284	0.00202	0.00253	0.00276	0.00303	0.00197	0.00208	0.00330	0.00377	0.00489	0.00982	0.10756	0.11459	0.34669	0.01188	0.00123	0.00169	0.37428	0.00156	0.00152
68	0.00240	0.00170	0.00224	0.00265	0.00276	0.00160	0.00175	0.00271	0.00364	0.00486	0.01033	0.86027	0.01238	0.07702	0.00304	0.00087	0.00118	0.00530	0.00175	0.00154
69	0.00273	0.00189	0.00224	0.00235	0.00260	0.00177	0.00155	0.00302	0.00365	0.03100	0.05528	0.30821	0.19855	0.34663	0.02882	0.00121	0.00148	0.00394	0.00158	0.00151
70	0.69050	0.00388	0.00345	0.00291	0.00420	0.00432	0.00240	0.11414	0.00433	0.14894	0.00369	0.00386	0.00266	0.00195	0.00140	0.00060	0.00160	0.00127	0.00147	0.00243
71	0.00465	0.00303	0.00341	0.00290	0.00384	0.00297	0.00228	0.23221	0.01300	0.13871	0.13378	0.01191	0.35693	0.02105	0.00243	0.03076	0.00140	0.00293	0.02950	0.00230
72	0.00515	0.00368	0.00412	0.00349	0.00448	0.00388	0.00275	0.43688	0.03453	0.04991	0.11063	0.20175	0.11642	0.00365	0.00217	0.00741	0.00160	0.00303	0.00193	0.00255
73	0.00270	0.00209	0.00282	0.00290	0.00316	0.00226	0.00214	0.00319	0.00351	0.00479	0.03029	0.30217	0.12208	0.08298	0.33539	0.00170	0.07369	0.01906	0.00141	0.00166
74	0.00244	0.00194	0.00209	0.00214	0.00271	0.00166	0.00157	0.00293	0.00436	0.02197	0.05653	0.17770	0.70518	0.00503	0.00232	0.00067	0.00102	0.00428	0.00183	0.00166
75	0.00280	0.00210	0.00315	0.00310	0.00344	0.00239	0.01886	0.00343	0.00313	0.00447	0.00537	0.03206	0.00519	0.09298	0.79406	0.01376	0.00473	0.00223	0.00107	0.00168
76	0.27880	0.00293	0.01018	0.01345	0.00354	0.03079	0.00211	0.02578	0.00925	0.07810	0.08218	0.20551	0.00700	0.14896	0.05177	0.03513	0.00844	0.00268	0.00148	0.00189
77	0.00423	0.00339	0.01530	0.00408	0.03357	0.00335	0.13854	0.13245	0.09245	0.05145	0.13186	0.02623	0.12312	0.10804	0.03983	0.00088	0.00194	0.05455	0.03247	0.00228
78	0.00430	0.00299	0.00356	0.00329	0.00406	0.00311	0.00258	0.10447	0.21984	0.09170	0.24605	0.10756	0.02627	0.03107	0.00245	0.00072	0.00144	0.14022	0.00198	0.00236
79	0.94557	0.00375	0.00285	0.00255	0.00375	0.00435	0.00210	0.00570	0.00330	0.00870	0.00270	0.00315	0.00210	0.00180	0.00120	0.00060	0.00150	0.00105	0.00120	0.00210
80	0.00552	0.00438	0.00469	0.00400	0.00517	0.00494	0.00316	0.33353	0.50360	0.00932	0.00692	0.07871	0.00550	0.00278	0.00199	0.00064	0.00171	0.00229	0.01814	0.00301
81	0.00411	0.00345	0.00372	0.00347	0.00432	0.00387	0.00263	0.00804	0.63976	0.00722	0.04232	0.13730	0.07851	0.04927	0.00247	0.00073	0.00143	0.00288	0.00190	0.00261
82	0.00636	0.21121	0.00629	0.00438	0.00549	0.56385	0.00349	0.07313	0.00530	0.00539	0.04096	0.03869	0.00360	0.00220	0.00177	0.00051	0.01810	0.00150	0.00542	0.00233
83	0.00265	0.00190	0.00254	0.00268	0.00286	0.00200	0.00186	0.00303	0.00323	0.00443	0.00736	0.28795	0.02356	0.27820	0.36460	0.00201	0.00293	0.00336	0.00132	0.00152
84	0.18282	0.03704	0.35034	0.01411	0.03740	0.06490	0.12064	0.03725	0.04211	0.01662	0.02121	0.03432	0.01783	0.01305	0.00189	0.00062	0.00242	0.00173	0.00111	0.00256
85	0.03490	0.13943	0.06353	0.00362	0.01691	0.11686	0.00308	0.15799	0.01706	0.04955	0.11441	0.01556	0.18778	0.00335	0.03270	0.00067	0.02429	0.01442	0.00151	0.00236
86	0.00242	0.00176	0.00220	0.00251	0.00272	0.00163	0.00169	0.00277	0.00377	0.00495	0.01807	0.65096	0.17285	0.08697	0.01824	0.00089	0.00123	0.00489	0.01793	0.00156

[dist]
# distance from previous block
# <min> <max>
11	690

[block]
# block no. 4 follows, 160 sequences, length 8
# corresponding to MSA columns:
# 1060-1067
name=unknown_E
#
# <colnr> <probs for GDERKNQSTAVLIFYWHMCP>
#	G	D	E	R	K	N	Q	S	T	A	V	L	I	F	Y	W	H	M	C	P
0	0.08106	0.00218	0.00251	0.00254	0.00289	0.00220	0.00176	0.05327	0.00377	0.00533	0.03283	0.28934	0.14039	0.22338	0.06270	0.08564	0.00167	0.00348	0.00149	0.00158
1	0.05652	0.00211	0.00251	0.00262	0.00306	0.00201	0.00190	0.02237	0.00413	0.05734	0.06351	0.40959	0.21853	0.05512	0.04474	0.00089	0.00141	0.04812	0.00175	0.00176
2	0.00373	0.00342	0.08983	0.00365	0.04364	0.03544	0.03649	0.08230	0.00396	0.00536	0.00617	0.06349	0.09627	0.05909	0.13497	0.27089	0.00234	0.00228	0.05489	0.00178
3	0.00309	0.00253	0.00270	0.00277	0.00313	0.06401	0.00195	0.05692	0.00419	0.00538	0.06570	0.42034	0.14825	0.14022	0.06868	0.00105	0.00171	0.00403	0.00163	0.00170
4	0.52763	0.00373	0.00355	0.00300	0.00422	0.00407	0.00243	0.09589	0.07184	0.19557	0.02725	0.00500	0.00367	0.04239	0.00189	0.00066	0.00160	0.00152	0.00160	0.00249
5	0.00279	0.00201	0.00242	0.02801	0.00294	0.00199	0.00171	0.02338	0.02392	0.00472	0.00912	0.33511	0.09724	0.41395	0.00569	0.00125	0.00154	0.03920	0.00150	0.00150
6	0.02454	0.00212	0.00236	0.00238	0.00272	0.00206	0.00160	0.02812	0.04810	0.00517	0.06022	0.21127	0.24519	0.34967	0.00510	0.00113	0.00141	0.00367	0.00158	0.00159
7	0.02669	0.00202	0.00234	0.00232	0.00268	0.00194	0.00158	0.00400	0.00376	0.10074	0.03153	0.21040	0.04946	0.31051	0.00454	0.00103	0.00137	0.00309	0.23827	0.00170

[dist]
# distance from previous block
# <min> <max>
0	3

[block]
# block no. 5 follows, 160 sequences, length 33
# corresponding to MSA columns:
# 1071-1103
name=unknown_F
#
# <colnr> <probs for GDERKNQSTAVLIFYWHMCP>
#	G	D	E	R	K	N	Q	S	T	A	V	L	I	F	Y	W	H	M	C	P
0	0.14738	0.00449	0.00492	0.00385	0.00532	0.00478	0.00317	0.47208	0.04610	0.28034	0.00539	0.00512	0.00367	0.00228	0.00183	0.00059	0.00187	0.00172	0.00197	0.00311
1	0.00254	0.00181	0.00216	0.00236	0.00251	0.00171	0.00151	0.00278	0.00350	0.00458	0.03036	0.41902	0.13676	0.37324	0.00538	0.00120	0.00140	0.00420	0.00156	0.00143
2	0.02251	0.00232	0.00297	0.00281	0.00336	0.00215	0.00200	0.01480	0.00412	0.29250	0.00839	0.38797	0.00858	0.23146	0.00409	0.00099	0.00149	0.00361	0.00182	0.00205
3	0.01089	0.00247	0.00286	0.00259	0.00309	0.00243	0.00179	0.05350	0.06552	0.14608	0.06398	0.03497	0.09872	0.49570	0.00621	0.00129	0.00166	0.00281	0.00160	0.00185
4	0.00480	0.00461	0.00787	0.01190	0.91979	0.00461	0.00595	0.00595	0.00441	0.00633	0.00365	0.00480	0.00307	0.00173	0.00192	0.00058	0.00230	0.00173	0.00096	0.00307
5	0.00249	0.00188	0.00231	0.00244	0.00282	0.00170	0.00176	0.00308	0.00452	0.00600	0.31906	0.34761	0.26025	0.00503	0.00237	0.00069	0.00103	0.03135	0.00191	0.00168
6	0.31695	0.00372	0.00386	0.00306	0.00450	0.00364	0.00248	0.06323	0.09251	0.15919	0.00440	0.00451	0.00326	0.00189	0.00153	0.00050	0.00155	0.00139	0.00150	0.32635
7	0.00490	0.00269	0.00348	0.00325	0.00407	0.00256	0.00266	0.07359	0.01241	0.27229	0.11079	0.09874	0.08318	0.00408	0.00229	0.00072	0.00154	0.30025	0.01419	0.00232
8	0.00617	0.00282	0.00370	0.00316	0.00415	0.00255	0.00247	0.05443	0.00516	0.51193	0.08297	0.24108	0.03132	0.02868	0.00234	0.00069	0.00147	0.01013	0.00215	0.00263
9	0.00402	0.00345	0.00402	0.00287	0.00459	0.00258	0.00230	0.00488	0.00402	0.00632	0.00345	0.00402	0.00287	0.00144	0.00144	0.00029	0.00144	0.00115	0.00115	0.94373
10	0.00281	0.00198	0.00249	0.00245	0.00267	0.00202	0.00166	0.00328	0.01366	0.00505	0.24584	0.01213	0.00957	0.46922	0.20334	0.00178	0.00233	0.01480	0.00141	0.00149
11	0.00434	0.00441	0.00592	0.00509	0.00512	0.03708	0.00422	0.00477	0.00305	0.00467	0.00256	0.00422	0.00254	0.00335	0.00620	0.00084	0.89696	0.00168	0.00085	0.00212
12	0.00267	0.00196	0.00244	0.00265	0.00298	0.00185	0.00198	0.00319	0.00406	0.00529	0.09911	0.23811	0.20153	0.16782	0.01778	0.00100	0.00144	0.24084	0.00171	0.00160
13	0.00337	0.00168	0.00253	0.00253	0.00253	0.00168	0.00168	0.00253	0.00253	0.00337	0.00337	0.00589	0.00337	0.00673	0.00758	0.94360	0.00168	0.00168	0.00084	0.00084
14	0.00410	0.00278	0.00325	0.00304	0.00373	0.00276	0.00228	0.22101	0.00534	0.08538	0.03487	0.43476	0.17975	0.00459	0.00226	0.00069	0.00138	0.00399	0.00189	0.00215
15	0.00475	0.00320	0.00388	0.00295	0.00443	0.00251	0.00234	0.00552	0.00431	0.19022	0.00543	0.09972	0.02696	0.00219	0.00167	0.00041	0.00144	0.00183	0.00148	0.63477
16	0.00474	0.61556	0.32374	0.00408	0.00615	0.00658	0.00464	0.00592	0.00399	0.00510	0.00296	0.00345	0.00248	0.00172	0.00145	0.00048	0.00235	0.00117	0.00083	0.00262
17	0.00476	0.00243	0.00321	0.00276	0.00359	0.00217	0.00216	0.00560	0.00544	0.32178	0.55164	0.01202	0.06748	0.00348	0.00217	0.00061	0.00117	0.00301	0.00221	0.00232
18	0.00328	0.00282	0.00409	0.00379	0.00402	0.00363	0.00305	0.00388	0.00306	0.00456	0.00428	0.00645	0.00405	0.01070	0.60850	0.00234	0.32271	0.00195	0.00097	0.00186
19	0.00349	0.00726	0.60565	0.00446	0.00650	0.00358	0.00533	0.00529	0.00457	0.00670	0.31830	0.00767	0.00790	0.00257	0.00199	0.00061	0.00219	0.00215	0.00127	0.00251
20	0.57535	0.00618	0.31907	0.00369	0.00546	0.04981	0.00392	0.00595	0.00368	0.00762	0.00298	0.00349	0.00224	0.00182	0.00145	0.00060	0.00207	0.00119	0.00106	0.00237
21	0.00815	0.00391	0.00484	0.00374	0.00523	0.00379	0.00308	0.24798	0.05376	0.63392	0.00687	0.00612	0.00446	0.00239	0.00195	0.00060	0.00177	0.00191	0.00226	0.00329
22	0.00398	0.00340	0.00397	0.00287	0.00455	0.00256	0.00228	0.00482	0.00401	0.00628	0.00363	0.02802	0.00313	0.00156	0.00146	0.00030	0.00143	0.00126	0.00117	0.91932
23	0.00532	0.00497	0.00460	0.00411	0.00519	0.14810	0.00318	0.08215	0.66991	0.00780	0.00696	0.03837	0.00541	0.00263	0.00195	0.00063	0.00187	0.00212	0.00181	0.00291
24	0.00619	0.00405	0.00421	0.00354	0.00466	0.11709	0.00926	0.17382	0.04170	0.32058	0.02046	0.12084	0.14098	0.00981	0.00210	0.00062	0.00180	0.00261	0.00193	0.01376
25	0.32794	0.00336	0.00328	0.00286	0.00385	0.00362	0.00228	0.17383	0.06163	0.00848	0.21456	0.00906	0.17211	0.00300	0.00183	0.00061	0.00139	0.00236	0.00171	0.00224
26	0.09732	0.00483	0.00504	0.00410	0.00546	0.00544	0.00332	0.51553	0.31990	0.01047	0.00558	0.00539	0.00408	0.00238	0.00188	0.00061	0.00187	0.00183	0.00188	0.00310
27	0.00340	0.00225	0.00275	0.00260	0.00306	0.00216	0.00186	0.06833	0.00477	0.06813	0.36595	0.15973	0.07624	0.21622	0.00401	0.00093	0.00132	0.01265	0.00184	0.00183
28	0.00253	0.00191	0.00205	0.00208	0.00241	0.00174	0.00137	0.00279	0.00367	0.00457	0.01307	0.08511	0.45318	0.40874	0.00560	0.00120	0.00138	0.00364	0.00153	0.00143
29	0.00266	0.00181	0.00216	0.00232	0.00235	0.00177	0.00139	0.00278	0.00313	0.00417	0.00768	0.32841	0.00903	0.61344	0.00732	0.00150	0.00162	0.00374	0.00139	0.00131
30	0.00830	0.00369	0.00455	0.00356	0.00500	0.05081	0.00292	0.06339	0.00571	0.78207	0.00756	0.00686	0.02654	0.00248	0.00196	0.00060	0.00176	0.01681	0.00227	0.00318
31	0.32765	0.00303	0.00301	0.00269	0.00358	0.00321	0.00212	0.10187	0.02810	0.03157	0.28812	0.04147	0.15020	0.00319	0.00187	0.00062	0.00130	0.00256	0.00173	0.00211
32	0.00275	0.00200	0.00240	0.00232	0.00286	0.00177	0.00173	0.00346	0.00496	0.03821	0.48706	0.08682	0.34772	0.00442	0.00229	0.00064	0.00098	0.00382	0.00199	0.00179

[dist]
# distance from previous block
# <min> <max>
0	8

[block]
# block no. 6 follows, 160 sequences, length 7
# corresponding to MSA columns:
# 1112-1118
name=unknown_G
#
# <colnr> <probs for GDERKNQSTAVLIFYWHMCP>
#	G	D	E	R	K	N	Q	S	T	A	V	L	I	F	Y	W	H	M	C	P
0	0.00246	0.00179	0.00226	0.00254	0.00276	0.00166	0.00174	0.00286	0.00390	0.00515	0.09555	0.58803	0.13598	0.10764	0.00325	0.00088	0.00119	0.03702	0.00176	0.00157
1	0.00294	0.00221	0.00261	0.00268	0.00312	0.00214	0.00194	0.08180	0.03298	0.00602	0.11121	0.43115	0.22556	0.05322	0.00274	0.00077	0.00123	0.03205	0.00182	0.00180
2	0.00395	0.00374	0.00634	0.69367	0.24463	0.00438	0.00553	0.00521	0.00401	0.00530	0.00350	0.00507	0.00271	0.00188	0.00193	0.00063	0.00251	0.00172	0.00089	0.00239
3	0.00248	0.00175	0.00221	0.00252	0.00268	0.00163	0.00167	0.00271	0.00362	0.00474	0.01085	0.63686	0.13391	0.11300	0.00366	0.06658	0.00123	0.00474	0.00166	0.00149
4	0.18388	0.00285	0.00300	0.00276	0.00345	0.00302	0.00208	0.15725	0.00464	0.02402	0.07206	0.14672	0.07483	0.15459	0.04242	0.00094	0.00164	0.02235	0.09552	0.00199
5	0.00446	0.00336	0.00371	0.00330	0.00387	0.06121	0.00246	0.15541	0.05643	0.06974	0.03849	0.00849	0.00557	0.31454	0.19846	0.00156	0.06323	0.00224	0.00141	0.00205
6	0.00361	0.09459	0.03638	0.00322	0.00398	0.00351	0.00265	0.04383	0.17524	0.00589	0.06266	0.05624	0.14076	0.07093	0.22336	0.00132	0.03793	0.03032	0.00147	0.00212

[dist]
# distance from previous block
# <min> <max>
0	1

[block]
# block no. 7 follows, 160 sequences, length 7
# corresponding to MSA columns:
# 1120-1126
name=unknown_H
#
# <colnr> <probs for GDERKNQSTAVLIFYWHMCP>
#	G	D	E	R	K	N	Q	S	T	A	V	L	I	F	Y	W	H	M	C	P
0	0.00310	0.00213	0.00249	0.00247	0.00266	0.00215	0.00161	0.06362	0.00365	0.00489	0.07060	0.10661	0.00851	0.63372	0.00746	0.00151	0.00174	0.07821	0.00141	0.00145
1	0.00307	0.00218	0.00274	0.00266	0.00292	0.00229	0.00188	0.04873	0.00355	0.00475	0.03505	0.09019	0.14911	0.27597	0.16732	0.15315	0.04880	0.00285	0.00130	0.00150
2	0.08786	0.08157	0.06319	0.21182	0.00714	0.10137	0.02063	0.22668	0.00527	0.00721	0.00419	0.06917	0.00354	0.00250	0.01655	0.00062	0.02119	0.00181	0.03308	0.03462
3	0.00292	0.00216	0.00254	0.00255	0.00288	0.00218	0.00177	0.04056	0.04959	0.00499	0.00971	0.17087	0.19659	0.34403	0.13399	0.00147	0.00202	0.02610	0.00148	0.00161
4	0.00447	0.00330	0.00389	0.00362	0.04464	0.00351	0.00258	0.24091	0.05018	0.04389	0.00708	0.14853	0.07174	0.25636	0.00450	0.00098	0.06648	0.00278	0.00157	0.03900
5	0.04231	0.13564	0.06414	0.00330	0.01757	0.02112	0.00275	0.07257	0.06044	0.04284	0.06218	0.11226	0.06654	0.09758	0.03712	0.00077	0.00183	0.00234	0.00141	0.15527
6	0.07235	0.02022	0.00377	0.00338	0.04056	0.06160	0.00244	0.10939	0.07402	0.00670	0.12019	0.03127	0.04998	0.13496	0.01718	0.06101	0.00174	0.01528	0.02171	0.15223

[dist]
# distance from previous block
# <min> <max>
0	8

[block]
# block no. 8 follows, 160 sequences, length 73
# corresponding to MSA columns:
# 1135-1207
name=unknown_I
#
# <colnr> <probs for GDERKNQSTAVLIFYWHMCP>
#	G	D	E	R	K	N	Q	S	T	A	V	L	I	F	Y	W	H	M	C	P
0	0.00305	0.00185	0.00235	0.00237	0.00243	0.00185	0.00149	0.00288	0.02439	0.00383	0.00572	0.05646	0.03837	0.43403	0.02307	0.38933	0.00177	0.00251	0.00111	0.00113
1	0.00476	0.02040	0.29218	0.05123	0.03014	0.00472	0.17006	0.10144	0.22854	0.03790	0.01188	0.00544	0.00376	0.00241	0.02589	0.00069	0.00250	0.00187	0.00132	0.00286
2	0.00413	0.06325	0.02709	0.00346	0.03287	0.09060	0.02618	0.05986	0.01928	0.00592	0.01678	0.01345	0.18315	0.08597	0.04434	0.00071	0.00194	0.00208	0.00130	0.31766
3	0.00285	0.00203	0.00250	0.00254	0.00277	0.00207	0.00172	0.03832	0.00354	0.00475	0.03635	0.20181	0.08295	0.40176	0.19579	0.00171	0.00231	0.01131	0.00139	0.00152
4	0.02897	0.00209	0.00241	0.00239	0.00274	0.00202	0.00165	0.03650	0.00413	0.01821	0.20138	0.15502	0.15853	0.32766	0.00490	0.00109	0.00138	0.02344	0.02389	0.00161
5	0.02814	0.00207	0.00250	0.00254	0.00287	0.00214	0.00181	0.02289	0.02234	0.00534	0.03384	0.17870	0.09057	0.21487	0.22971	0.00153	0.00229	0.01546	0.13873	0.00165
6	0.00367	0.00268	0.00299	0.00275	0.00344	0.00266	0.00207	0.13796	0.08933	0.04073	0.10886	0.11181	0.34436	0.08084	0.00304	0.03689	0.00134	0.01103	0.01153	0.00202
7	0.00346	0.00245	0.00258	0.00255	0.00307	0.04133	0.00188	0.06027	0.01083	0.03566	0.07955	0.23247	0.20856	0.04844	0.00243	0.00069	0.00127	0.03373	0.22694	0.00185
8	0.27387	0.00377	0.00400	0.00323	0.00453	0.00391	0.00265	0.23313	0.00562	0.31000	0.00621	0.00599	0.06527	0.00237	0.00172	0.00059	0.00163	0.00178	0.06700	0.00274
9	0.00977	0.00213	0.00263	0.00267	0.00310	0.00202	0.00191	0.04615	0.01637	0.07415	0.14441	0.44661	0.13630	0.08718	0.00300	0.00081	0.00124	0.01588	0.00184	0.00182
10	0.03205	0.00200	0.00234	0.00250	0.00280	0.00192	0.00172	0.03679	0.00398	0.00543	0.06034	0.45728	0.15534	0.17011	0.00365	0.00093	0.00127	0.01775	0.04018	0.00162
11	0.22129	0.00500	0.00510	0.00400	0.00547	0.00558	0.00330	0.68192	0.02178	0.02187	0.00429	0.00437	0.00308	0.00221	0.00177	0.00059	0.00197	0.00160	0.00178	0.00302
12	0.00250	0.00193	0.00230	0.00241	0.00287	0.00173	0.00180	0.00311	0.00453	0.00587	0.24567	0.22961	0.38948	0.00498	0.00237	0.00070	0.00108	0.09348	0.00188	0.00169
13	0.01886	0.00210	0.00239	0.00235	0.00271	0.00202	0.00161	0.03895	0.01670	0.00562	0.21359	0.13096	0.21529	0.33268	0.00496	0.00109	0.00136	0.00352	0.00165	0.00160
14	0.00267	0.00203	0.00259	0.00255	0.00301	0.00203	0.00192	0.00336	0.02345	0.00545	0.20639	0.03557	0.29422	0.04575	0.32487	0.03527	0.00252	0.00312	0.00155	0.00169
15	0.55215	0.00381	0.00355	0.00307	0.00430	0.00425	0.00249	0.03304	0.20779	0.16130	0.00474	0.00468	0.00344	0.00210	0.00152	0.00061	0.00155	0.00147	0.00159	0.00255
16	0.00670	0.00430	0.00475	0.00376	0.00506	0.00460	0.00307	0.53354	0.06265	0.16245	0.00571	0.01469	0.00410	0.00238	0.00184	0.00057	0.00178	0.00185	0.17319	0.00300
17	0.00256	0.00182	0.00224	0.00241	0.00259	0.00174	0.00158	0.00287	0.00364	0.00485	0.10328	0.39893	0.10148	0.32218	0.03792	0.00121	0.00149	0.00412	0.00159	0.00148
18	0.15094	0.00370	0.00370	0.00325	0.00425	0.04297	0.00254	0.07408	0.32821	0.10553	0.08046	0.00697	0.00577	0.03570	0.00205	0.00064	0.00154	0.00199	0.14315	0.00257
19	0.37970	0.00358	0.00388	0.00315	0.00451	0.00363	0.00259	0.03802	0.04356	0.49053	0.00560	0.00519	0.00373	0.00217	0.00165	0.00060	0.00160	0.00160	0.00189	0.00281
20	0.00236	0.00182	0.00212	0.00235	0.00268	0.00162	0.00162	0.00274	0.00395	0.00499	0.01420	0.47915	0.39958	0.06796	0.00289	0.00080	0.00111	0.00472	0.00176	0.00157
21	0.17556	0.00473	0.10307	0.32051	0.16184	0.00454	0.13431	0.03818	0.02784	0.00651	0.00357	0.00467	0.00273	0.00186	0.00184	0.00062	0.00242	0.00166	0.00102	0.00250
22	0.00443	0.00623	0.20072	0.00762	0.00977	0.00482	0.72447	0.00619	0.00447	0.00619	0.00383	0.00499	0.00284	0.00168	0.00219	0.00065	0.00318	0.00211	0.00095	0.00267
23	0.00452	0.00411	0.00528	0.18698	0.19177	0.03307	0.00404	0.02900	0.42338	0.00684	0.00633	0.00668	0.04477	0.00289	0.04124	0.00074	0.00210	0.00204	0.00147	0.00275
24	0.00489	0.30821	0.00834	0.10195	0.49992	0.00562	0.00496	0.03403	0.00435	0.00580	0.00335	0.00428	0.00284	0.00174	0.00170	0.00053	0.00225	0.00150	0.00094	0.00279
25	0.00241	0.00181	0.00213	0.00235	0.00263	0.00165	0.00158	0.00275	0.00381	0.00485	0.01300	0.46328	0.32363	0.16055	0.00365	0.00092	0.00120	0.00457	0.00170	0.00153
26	0.00480	0.00461	0.00787	0.01190	0.91979	0.00461	0.00595	0.00595	0.00441	0.00633	0.00365	0.00480	0.00307	0.00173	0.00192	0.00058	0.00230	0.00173	0.00096	0.00307
27	0.00424	0.00377	0.00569	0.71420	0.02083	0.00457	0.00495	0.11654	0.09438	0.00617	0.00403	0.00530	0.00300	0.00205	0.00194	0.00064	0.00242	0.00177	0.00110	0.00239
28	0.00240	0.00177	0.00219	0.00248	0.00271	0.00163	0.00167	0.00276	0.00383	0.00498	0.04099	0.61776	0.20639	0.09510	0.00314	0.00086	0.00116	0.00488	0.00175	0.00156
29	0.00236	0.00180	0.00217	0.00247	0.00277	0.00163	0.00170	0.00280	0.01290	0.00508	0.01364	0.61750	0.31488	0.00565	0.00241	0.00074	0.00108	0.00500	0.00180	0.00161
30	0.02218	0.00319	0.00423	0.00331	0.00471	0.00280	0.00271	0.00876	0.02535	0.79614	0.02791	0.00767	0.07669	0.00263	0.00197	0.00061	0.00158	0.00214	0.00232	0.00311
31	0.00278	0.00204	0.00292	0.00292	0.00320	0.00232	0.00218	0.00334	0.00306	0.00436	0.00537	0.00859	0.00527	0.19141	0.74790	0.00288	0.00455	0.00222	0.00106	0.00162
32	0.00685	0.00498	0.00538	0.00427	0.00570	0.00551	0.00348	0.63412	0.22753	0.07311	0.00564	0.00541	0.00403	0.00240	0.00195	0.00060	0.00196	0.00187	0.00198	0.00324
33	0.06815	0.00521	0.00556	0.00428	0.00581	0.00574	0.00354	0.80802	0.00855	0.05882	0.00468	0.00466	0.00330	0.00230	0.00189	0.00058	0.00207	0.00171	0.00191	0.00322
34	0.00261	0.00205	0.00238	0.00231	0.00288	0.00185	0.00176	0.00347	0.03226	0.00652	0.43515	0.01652	0.43595	0.00442	0.00230	0.00064	0.00100	0.04221	0.00196	0.00177
