[name]
nad3

[dist]
# distance from previous block
# <min> <max>
0	59

[block]
# block no. 0 follows, 116 sequences, length 22
# corresponding to MSA columns:
# 63-84
name=unknown_A
#
# <colnr> <probs for GDERKNQSTAVLIFYWHMCP>
#	G	D	E	R	K	N	Q	S	T	A	V	L	I	F	Y	W	H	M	C	P
0	0.00559	0.07303	0.47033	0.00619	0.00865	0.11889	0.00688	0.00752	0.00556	0.00742	0.00609	0.00975	0.00553	0.06335	0.00340	0.00094	0.02874	0.14222	0.00136	0.02856
1	0.12125	0.00292	0.00381	0.00383	0.00437	0.00328	0.00292	0.00471	0.00425	0.00665	0.00787	0.11779	0.03895	0.02945	0.57172	0.06421	0.00502	0.00320	0.00154	0.00223
2	0.03156	0.08367	0.00588	0.00451	0.00552	0.00509	0.03251	0.20009	0.06220	0.01859	0.03193	0.09298	0.01846	0.20363	0.16500	0.00177	0.02862	0.00321	0.00189	0.00286
3	0.04527	0.00502	0.00540	0.00478	0.03529	0.09145	0.00362	0.06068	0.04057	0.17630	0.03628	0.09585	0.06423	0.01391	0.02452	0.00083	0.02777	0.03754	0.00211	0.22857
4	0.00402	0.00278	0.00321	0.00317	0.00394	0.00252	0.00238	0.00509	0.04110	0.06704	0.19638	0.15508	0.40218	0.00592	0.00296	0.00087	0.00143	0.03391	0.06359	0.00245
5	0.05291	0.00251	0.00300	0.00323	0.00349	0.00245	0.00213	0.00396	0.00475	0.00666	0.09974	0.41947	0.06281	0.27969	0.00635	0.03565	0.00181	0.00534	0.00209	0.00196
6	0.00347	0.00277	0.00307	0.00303	0.00378	0.00249	0.00224	0.03061	0.02744	0.00800	0.22342	0.12962	0.52432	0.02019	0.00319	0.00090	0.00138	0.00528	0.00248	0.00232
7	0.01949	0.00304	0.00375	0.00356	0.00390	0.00326	0.00246	0.03457	0.00445	0.05675	0.00831	0.04619	0.03120	0.51831	0.17678	0.00241	0.06033	0.01746	0.00169	0.00210
8	0.00325	0.00235	0.00289	0.00325	0.00349	0.00219	0.00214	0.00366	0.00487	0.00638	0.03743	0.56366	0.14947	0.19632	0.00528	0.00131	0.00166	0.00619	0.00222	0.00199
9	0.08696	0.00294	0.00313	0.00308	0.00375	0.00291	0.00222	0.01531	0.05463	0.00826	0.16470	0.12149	0.24094	0.14384	0.00426	0.00108	0.00159	0.00428	0.13230	0.00232
10	0.00408	0.00348	0.03965	0.00402	0.00478	0.00307	0.07974	0.00522	0.05300	0.02219	0.16577	0.18623	0.12482	0.25057	0.00569	0.00132	0.00206	0.00453	0.03742	0.00235
11	0.03489	0.00633	0.00666	0.00534	0.00708	0.09993	0.00432	0.38674	0.00899	0.30529	0.00759	0.06653	0.00566	0.00343	0.00280	0.00080	0.03848	0.00263	0.00254	0.00396
12	0.00354	0.00268	0.00316	0.00325	0.00375	0.00252	0.00228	0.01455	0.05069	0.00762	0.21888	0.29547	0.24322	0.13120	0.00446	0.00113	0.00156	0.00542	0.00238	0.00224
13	0.03628	0.00275	0.00325	0.00324	0.00377	0.00260	0.00226	0.00485	0.02320	0.06916	0.19176	0.24491	0.16798	0.22605	0.00544	0.00129	0.00172	0.00494	0.00230	0.00226
14	0.00312	0.00232	0.00289	0.00333	0.00364	0.00211	0.00226	0.00360	0.00508	0.00659	0.01658	0.68611	0.21038	0.03474	0.00351	0.00105	0.00148	0.00677	0.00236	0.00209
15	0.04474	0.00502	0.00565	0.00455	0.00608	0.00523	0.00362	0.33758	0.05980	0.25131	0.00791	0.00877	0.00596	0.11847	0.00377	0.00098	0.00232	0.00257	0.12199	0.00367
16	0.07828	0.00374	0.00438	0.00439	0.06340	0.00380	0.00303	0.13439	0.00631	0.06611	0.09106	0.10085	0.15699	0.14746	0.05254	0.00126	0.00224	0.00372	0.07329	0.00275
17	0.00344	0.00264	0.00311	0.00318	0.00376	0.00243	0.00230	0.00445	0.04098	0.00793	0.29173	0.22089	0.31286	0.06619	0.00374	0.00100	0.00144	0.02320	0.00247	0.00227
18	0.00355	0.00264	0.00284	0.00285	0.00362	0.00226	0.00208	0.00415	0.00566	0.05457	0.02236	0.14185	0.66905	0.06637	0.00370	0.00099	0.00145	0.00540	0.00237	0.00223
19	0.00374	0.00256	0.00305	0.00311	0.00340	0.00246	0.00206	0.00414	0.00478	0.02414	0.10852	0.12284	0.12905	0.48354	0.02641	0.00182	0.00215	0.06831	0.00199	0.00192
20	0.27972	0.00404	0.00425	0.00378	0.00491	0.02254	0.02747	0.04136	0.03424	0.05001	0.07619	0.08100	0.13104	0.03714	0.00373	0.11851	0.00200	0.01244	0.00193	0.06368
21	0.00538	0.00296	0.00379	0.00369	0.00436	0.00275	0.00265	0.03047	0.00561	0.21026	0.04162	0.41480	0.06011	0.16889	0.00484	0.00122	0.00187	0.02969	0.00243	0.00260

[dist]
# distance from previous block
# <min> <max>
0	6

[block]
# block no. 1 follows, 116 sequences, length 8
# corresponding to MSA columns:
# 91-98
name=unknown_B
#
# <colnr> <probs for GDERKNQSTAVLIFYWHMCP>
#	G	D	E	R	K	N	Q	S	T	A	V	L	I	F	Y	W	H	M	C	P
0	0.03595	0.00752	0.11991	0.00580	0.00794	0.00721	0.00520	0.65549	0.04484	0.01441	0.06496	0.00700	0.00563	0.00314	0.00255	0.00078	0.00278	0.00241	0.00237	0.00410
1	0.00362	0.00266	0.00368	0.00371	0.00407	0.00293	0.00272	0.00429	0.00418	0.00582	0.00864	0.04976	0.06308	0.21854	0.60661	0.00342	0.00531	0.00333	0.00152	0.00211
2	0.05340	0.00325	0.00374	0.04215	0.00469	0.00338	0.00268	0.03705	0.11833	0.00775	0.10615	0.19654	0.13832	0.23713	0.01902	0.00136	0.00201	0.01851	0.00214	0.00241
3	0.00355	0.00261	0.00350	0.00414	0.05935	0.00255	0.00256	0.00401	0.00468	0.00631	0.03727	0.48480	0.03712	0.25045	0.08352	0.00167	0.00231	0.00550	0.00202	0.00210
4	0.05422	0.00499	0.00631	0.00525	0.03144	0.00503	0.06231	0.19897	0.11954	0.27535	0.10316	0.01070	0.10399	0.00364	0.00266	0.00081	0.00226	0.00305	0.00259	0.00373
5	0.00576	0.00554	0.00632	0.02732	0.09242	0.13790	0.08586	0.07463	0.09678	0.00842	0.10182	0.05647	0.14960	0.08324	0.00363	0.00095	0.00263	0.01620	0.00196	0.04258
6	0.00675	0.00601	0.00996	0.05377	0.14585	0.00626	0.27908	0.17328	0.00673	0.04986	0.00531	0.00666	0.00415	0.00356	0.04203	0.02194	0.10985	0.00250	0.00160	0.06484
7	0.00711	0.08072	0.13809	0.10264	0.13216	0.21280	0.12640	0.03308	0.00628	0.07230	0.02328	0.00648	0.01885	0.00267	0.00264	0.00077	0.02662	0.00223	0.00145	0.00343

[dist]
# distance from previous block
# <min> <max>
0	2

[block]
# block no. 2 follows, 116 sequences, length 83
# corresponding to MSA columns:
# 101-183
name=unknown_C
#
# <colnr> <probs for GDERKNQSTAVLIFYWHMCP>
#	G	D	E	R	K	N	Q	S	T	A	V	L	I	F	Y	W	H	M	C	P
0	0.00651	0.42822	0.20612	0.00619	0.00854	0.10807	0.12095	0.00796	0.00551	0.00681	0.00418	0.00512	0.00349	0.00307	0.03918	0.00083	0.03293	0.00182	0.00116	0.00333
1	0.00623	0.00515	0.00573	0.00578	0.09005	0.06008	0.00402	0.22648	0.17343	0.01951	0.03842	0.26680	0.04975	0.00506	0.02334	0.00094	0.00238	0.00403	0.00229	0.01054
2	0.00581	0.01153	0.61645	0.00711	0.01022	0.08826	0.06032	0.00923	0.15025	0.00839	0.00554	0.00611	0.00404	0.00261	0.00249	0.00081	0.00361	0.00211	0.00137	0.00374
3	0.00635	0.00610	0.01041	0.01575	0.89383	0.00610	0.00787	0.00787	0.00584	0.00838	0.00483	0.00635	0.00406	0.00229	0.00254	0.00076	0.00305	0.00229	0.00127	0.00406
4	0.00462	0.00394	0.00491	0.00620	0.17408	0.07916	0.00376	0.00537	0.00552	0.03563	0.04298	0.53491	0.03802	0.00614	0.00303	0.00094	0.00210	0.04392	0.00212	0.00264
5	0.00837	0.00658	0.00878	0.00673	0.00875	0.00700	0.19214	0.49848	0.12771	0.06059	0.00701	0.00779	0.00523	0.00835	0.00277	0.00083	0.00298	0.03354	0.00232	0.00404
6	0.00812	0.00482	0.00562	0.00453	0.00604	0.00486	0.00354	0.23834	0.11780	0.28016	0.02701	0.00985	0.00684	0.19637	0.00477	0.00113	0.00235	0.00276	0.00247	0.07262
7	0.00367	0.00275	0.00412	0.00412	0.00458	0.00321	0.00321	0.00458	0.00412	0.00596	0.00687	0.01008	0.00641	0.01924	0.89967	0.00412	0.00687	0.00275	0.00137	0.00229
8	0.00515	0.01327	0.89654	0.00731	0.01110	0.00596	0.00948	0.00812	0.00542	0.00812	0.00460	0.00542	0.00325	0.00244	0.00244	0.00081	0.00379	0.00190	0.00108	0.00379
9	0.00478	0.00239	0.00239	0.00239	0.00299	0.00239	0.00179	0.00598	0.00538	0.00956	0.00837	0.00956	0.00658	0.00299	0.00179	0.00060	0.00120	0.00239	0.92408	0.00239
10	0.92796	0.00496	0.00377	0.00337	0.00496	0.00576	0.00278	0.00754	0.00437	0.01151	0.00357	0.00417	0.00278	0.00238	0.00159	0.00079	0.00198	0.00139	0.00159	0.00278
11	0.00373	0.00249	0.00280	0.00280	0.00280	0.00249	0.00155	0.00373	0.00373	0.00497	0.00808	0.01679	0.00933	0.90984	0.01306	0.00249	0.00249	0.00373	0.00155	0.00155
12	0.00641	0.32420	0.24652	0.08108	0.15659	0.09816	0.00659	0.00821	0.03662	0.00721	0.00442	0.00530	0.00358	0.00240	0.00218	0.00070	0.00329	0.00182	0.00120	0.00351
13	0.00652	0.00472	0.00556	0.00410	0.00628	0.00387	0.00330	0.05372	0.05386	0.14009	0.00578	0.00610	0.00443	0.00224	0.00207	0.00049	0.00200	0.00179	0.00188	0.69119
14	0.00356	0.00261	0.00351	0.00358	0.00393	0.00280	0.00258	0.00417	0.00429	0.00588	0.00993	0.11322	0.09854	0.23741	0.48887	0.00304	0.00462	0.00377	0.00163	0.00207
15	0.07015	0.18907	0.41233	0.00621	0.00903	0.04570	0.02687	0.19504	0.00681	0.00958	0.00465	0.00523	0.00348	0.00253	0.00226	0.00074	0.00330	0.00186	0.00145	0.00370
16	0.02608	0.63457	0.20081	0.00497	0.00740	0.02292	0.00534	0.00778	0.00526	0.02581	0.00410	0.00495	0.00355	0.03444	0.00225	0.00069	0.00296	0.00160	0.00117	0.00334
17	0.00855	0.00422	0.00530	0.00445	0.00594	0.00402	0.00351	0.08215	0.11785	0.47058	0.01051	0.20028	0.00859	0.00421	0.00269	0.00084	0.00203	0.00357	0.03702	0.02370
18	0.00585	0.00617	0.00755	0.65597	0.03945	0.19612	0.00654	0.00731	0.00557	0.00653	0.00452	0.00647	0.00352	0.00316	0.03429	0.00093	0.00379	0.00216	0.00119	0.00289
19	0.04100	0.01786	0.03298	0.00660	0.11535	0.30007	0.01880	0.00750	0.00599	0.04001	0.02825	0.00995	0.19364	0.00432	0.03518	0.00093	0.13420	0.00277	0.00162	0.00296
20	0.00711	0.00565	0.04166	0.00764	0.11934	0.00522	0.23591	0.05911	0.11939	0.20040	0.11408	0.00924	0.02439	0.00307	0.00273	0.00081	0.00279	0.00293	0.00214	0.03639
21	0.00358	0.00250	0.00280	0.00282	0.00300	0.00241	0.00170	0.00376	0.00428	0.00559	0.04764	0.06229	0.15489	0.68024	0.01052	0.00208	0.00219	0.00422	0.00178	0.00172
22	0.00759	0.54898	0.08560	0.00532	0.00739	0.26044	0.00499	0.04101	0.00606	0.00666	0.00386	0.00444	0.00333	0.00237	0.00193	0.00061	0.00337	0.00153	0.00121	0.00328
23	0.00346	0.00256	0.00314	0.00309	0.00364	0.00234	0.00223	0.00435	0.00635	0.00864	0.52557	0.12124	0.20145	0.09568	0.00405	0.00101	0.00139	0.00501	0.00256	0.00224
24	0.00637	0.00682	0.00875	0.35454	0.22208	0.19656	0.06383	0.00772	0.00570	0.00700	0.00442	0.00614	0.00357	0.00268	0.00312	0.00082	0.09327	0.00219	0.00122	0.00320
25	0.00373	0.00250	0.00284	0.00284	0.00285	0.00251	0.00160	0.00376	0.00374	0.00500	0.00805	0.01659	0.00924	0.88339	0.03939	0.00254	0.00262	0.00370	0.00155	0.00158
26	0.00437	0.00317	0.00425	0.00406	0.00460	0.00362	0.00310	0.08576	0.00489	0.00704	0.00698	0.01044	0.00654	0.13289	0.60949	0.00325	0.02991	0.00280	0.07043	0.00241
27	0.00339	0.00254	0.00332	0.03545	0.00445	0.00241	0.00277	0.00413	0.00550	0.00722	0.11533	0.48853	0.15861	0.00712	0.00323	0.00100	0.00164	0.14876	0.00238	0.00221
28	0.00349	0.00261	0.00323	0.00323	0.00380	0.00241	0.00235	0.00457	0.03038	0.00877	0.50216	0.21246	0.17955	0.02524	0.00328	0.00091	0.00134	0.00529	0.00262	0.00233
29	0.08491	0.00425	0.00549	0.00429	0.00613	0.00382	0.00353	0.01157	0.00694	0.75159	0.00945	0.00843	0.00608	0.00310	0.00244	0.00078	0.00209	0.00247	0.07859	0.00408
30	0.00322	0.00261	0.00287	0.00287	0.00365	0.00226	0.00218	0.00401	0.00613	0.00768	0.20967	0.04830	0.63648	0.00630	0.00306	0.00088	0.00134	0.05178	0.00248	0.00223
31	0.00332	0.00235	0.00300	0.00343	0.00361	0.00223	0.00230	0.00372	0.00477	0.00630	0.01338	0.61925	0.05726	0.20010	0.00537	0.00135	0.00175	0.06232	0.00220	0.00199
32	0.00359	0.00243	0.00284	0.00298	0.00301	0.00239	0.00175	0.00369	0.00401	0.00534	0.00951	0.22605	0.01112	0.69813	0.01076	0.00215	0.00225	0.00457	0.00175	0.00168
33	0.00310	0.00248	0.00277	0.00295	0.00357	0.00216	0.00212	0.00372	0.00563	0.00702	0.07655	0.31004	0.55505	0.00692	0.00311	0.00092	0.00136	0.00597	0.00241	0.00216
34	0.00319	0.00243	0.00294	0.00324	0.00370	0.00218	0.00230	0.00382	0.00555	0.00717	0.12453	0.46677	0.31802	0.00714	0.00317	0.00096	0.00142	0.03685	0.00243	0.00216
35	0.00372	0.00254	0.00308	0.00308	0.00318	0.00264	0.00191	0.00391	0.00381	0.00518	0.00783	0.01536	0.00871	0.72003	0.20202	0.00284	0.00342	0.00352	0.00152	0.00171
36	0.00686	0.91138	0.01344	0.00439	0.00658	0.01015	0.00439	0.00768	0.00521	0.00604	0.00357	0.00412	0.00329	0.00219	0.00165	0.00055	0.00274	0.00137	0.00110	0.00329
37	0.00321	0.00249	0.00293	0.00305	0.00364	0.00221	0.00220	0.00394	0.00593	0.00767	0.24365	0.28980	0.40681	0.00664	0.00310	0.00090	0.00133	0.00578	0.00249	0.00221
38	0.00515	0.01327	0.89654	0.00731	0.01110	0.00596	0.00948	0.00812	0.00542	0.00812	0.00460	0.00542	0.00325	0.00244	0.00244	0.00081	0.00379	0.00190	0.00108	0.00379
39	0.00590	0.00373	0.00433	0.00388	0.00491	0.00375	0.00292	0.01425	0.23680	0.18508	0.11402	0.01524	0.16331	0.19742	0.00498	0.00120	0.00195	0.03083	0.00248	0.00302
40	0.00481	0.00352	0.00420	0.00397	0.00490	0.00354	0.00316	0.06357	0.15139	0.04779	0.33443	0.02751	0.15931	0.00531	0.00301	0.00090	0.00173	0.17149	0.00262	0.00284
41	0.00370	0.00252	0.00302	0.00304	0.00312	0.00259	0.00185	0.00386	0.00384	0.00519	0.00811	0.04878	0.00914	0.73259	0.15583	0.00270	0.00316	0.00370	0.00156	0.00169
42	0.00327	0.00236	0.00303	0.00344	0.00371	0.00220	0.00236	0.00381	0.00517	0.00687	0.09986	0.62160	0.09688	0.08464	0.00408	0.00113	0.00157	0.04957	0.00235	0.00209
43	0.00367	0.00251	0.00299	0.00307	0.00324	0.00249	0.00193	0.00392	0.00423	0.01461	0.02582	0.14920	0.07059	0.59855	0.08054	0.00222	0.00258	0.02429	0.00178	0.00180
44	0.00532	0.00456	0.00532	0.00380	0.00608	0.00342	0.00304	0.00646	0.00532	0.00836	0.00456	0.00532	0.00380	0.00190	0.00190	0.00038	0.00190	0.00152	0.00152	0.92552
45	0.00422	0.00229	0.00325	0.00326	0.00336	0.00224	0.00219	0.00347	0.00382	0.00505	0.05310	0.03947	0.07613	0.05308	0.00904	0.72841	0.00209	0.00284	0.00137	0.00132
46	0.00687	0.00345	0.00433	0.00382	0.00488	0.00325	0.00292	0.06325	0.02604	0.31401	0.14012	0.20288	0.01134	0.04935	0.00319	0.00090	0.00179	0.00391	0.15058	0.00313
47	0.00438	0.00297	0.00346	0.00334	0.00394	0.02232	0.00237	0.01800	0.01426	0.08380	0.28127	0.18017	0.16362	0.19847	0.00515	0.00121	0.00174	0.00477	0.00239	0.00235
48	0.00908	0.00844	0.00711	0.00592	0.00760	0.30681	0.00468	0.42983	0.12626	0.02790	0.02561	0.00647	0.00497	0.00303	0.00249	0.00075	0.00326	0.00222	0.01377	0.00379
49	0.00364	0.00243	0.00307	0.00335	0.00359	0.00231	0.00221	0.00403	0.00478	0.03923	0.04316	0.51815	0.06200	0.26018	0.03444	0.00152	0.00194	0.00578	0.00216	0.00204
50	0.06293	0.04193	0.00698	0.00552	0.03106	0.04703	0.00437	0.56412	0.02570	0.03502	0.03759	0.00726	0.00538	0.04849	0.03476	0.00096	0.00284	0.00238	0.03190	0.00381
51	0.03461	0.03504	0.06998	0.00777	0.13495	0.01154	0.21202	0.12498	0.02770	0.05181	0.03400	0.07598	0.05767	0.03310	0.02380	0.00097	0.03297	0.02594	0.00179	0.00337
52	0.00424	0.00349	0.00353	0.00368	0.00416	0.09342	0.00257	0.00482	0.01364	0.03960	0.06248	0.43323	0.15514	0.12545	0.03317	0.00124	0.00210	0.00961	0.00219	0.00225
53	0.08917	0.13039	0.00678	0.00472	0.00633	0.14923	0.00378	0.17867	0.10189	0.00931	0.00566	0.00710	0.00485	0.12423	0.00361	0.00090	0.00273	0.00211	0.00176	0.16679
54	0.00608	0.03151	0.00534	0.00443	0.00569	0.00495	0.00348	0.29300	0.11188	0.02084	0.01973	0.15419	0.15225	0.05627	0.03943	0.00106	0.00232	0.03197	0.00231	0.05327
55	0.00400	0.00340	0.03259	0.00393	0.00461	0.01218	0.03894	0.00528	0.10241	0.00717	0.09452	0.26528	0.17165	0.09683	0.03651	0.09542	0.00209	0.01877	0.00210	0.00233
56	0.64796	0.00646	0.15030	0.00429	0.00629	0.00586	0.00410	0.06977	0.02548	0.05301	0.00439	0.00485	0.00325	0.00250	0.00187	0.00080	0.00235	0.00163	0.00167	0.00316
57	0.00370	0.00263	0.00329	0.00332	0.00345	0.00278	0.00217	0.00398	0.00401	0.00546	0.00876	0.12127	0.02850	0.55502	0.20641	0.00259	0.03529	0.00392	0.00162	0.00184
58	0.00457	0.00247	0.00337	0.00331	0.00344	0.00247	0.00219	0.00409	0.03178	0.03640	0.00619	0.01030	0.02786	0.20780	0.01002	0.63600	0.00225	0.00267	0.00136	0.00145
59	0.00722	0.00486	0.00546	0.00462	0.00602	0.00509	0.00365	0.32506	0.13313	0.13605	0.05869	0.14896	0.11616	0.00444	0.00274	0.00084	0.00210	0.00370	0.02766	0.00354
60	0.06368	0.00318	0.00400	0.00423	0.00497	0.00321	0.00354	0.00588	0.05708	0.03146	0.12461	0.02357	0.07398	0.05087	0.00371	0.00112	0.00210	0.53395	0.00237	0.00249
61	0.00348	0.00258	0.00301	0.00311	0.00365	0.00237	0.00228	0.00415	0.00555	0.00723	0.15725	0.11575	0.34438	0.18337	0.00505	0.00123	0.00167	0.11988	0.03190	0.00211
62	0.00556	0.43851	0.13377	0.00438	0.00622	0.00686	0.00432	0.03771	0.02855	0.00687	0.00863	0.06038	0.14684	0.09741	0.00331	0.00088	0.00255	0.00274	0.00151	0.00299
63	0.00373	0.00250	0.00284	0.00284	0.00285	0.00251	0.00160	0.00376	0.00374	0.00500	0.00805	0.01659	0.00924	0.88339	0.03939	0.00254	0.00262	0.00370	0.00155	0.00158
64	0.00316	0.00238	0.00289	0.00325	0.00363	0.00216	0.00224	0.00368	0.00521	0.00668	0.03437	0.55300	0.28741	0.05362	0.00370	0.00106	0.00150	0.02563	0.00235	0.00209
65	0.00393	0.00272	0.00314	0.00309	0.00355	0.00256	0.00209	0.03287	0.00537	0.03774	0.15430	0.14396	0.22544	0.35995	0.00696	0.00151	0.00186	0.00470	0.00216	0.00210
66	0.00441	0.00911	0.55550	0.00573	0.00819	0.00452	0.00666	0.00641	0.00522	0.00743	0.00891	0.19096	0.09364	0.07770	0.00353	0.00100	0.00298	0.00348	0.00151	0.00310
67	0.00310	0.00232	0.00289	0.00334	0.00366	0.00210	0.00228	0.00360	0.00514	0.00664	0.01702	0.69363	0.22964	0.00766	0.00322	0.00100	0.00144	0.00684	0.00238	0.00210
68	0.16527	0.00365	0.00392	0.00363	0.00458	0.01780	0.00274	0.02530	0.08236	0.10500	0.25415	0.13625	0.10136	0.07861	0.00352	0.00098	0.00176	0.00397	0.00239	0.00274
69	0.00355	0.00259	0.00309	0.00316	0.00376	0.00235	0.00230	0.00426	0.00572	0.03555	0.18491	0.21906	0.37022	0.07045	0.04816	0.00118	0.00175	0.03333	0.00238	0.00224
70	0.68813	0.00538	0.00467	0.00395	0.00563	0.00611	0.00325	0.19473	0.00615	0.04088	0.01847	0.00498	0.00357	0.00260	0.00185	0.00079	0.00216	0.00168	0.00187	0.00316
71	0.00357	0.00244	0.00294	0.00309	0.00316	0.00243	0.00188	0.00375	0.00406	0.00545	0.00955	0.24395	0.01108	0.61741	0.07242	0.00223	0.00254	0.00457	0.00175	0.00174
72	0.00387	0.00267	0.00319	0.00312	0.00374	0.00244	0.00225	0.00457	0.00573	0.06067	0.23594	0.11035	0.32082	0.15841	0.06238	0.00135	0.00192	0.01198	0.00234	0.00226
73	0.00371	0.00274	0.00406	0.00406	0.00452	0.00318	0.00315	0.00463	0.00417	0.00609	0.00693	0.01006	0.00642	0.01864	0.86635	0.00399	0.00666	0.00274	0.03561	0.00229
74	0.00674	0.19859	0.15664	0.00446	0.00637	0.00501	0.00435	0.00801	0.00628	0.26282	0.15485	0.03032	0.13766	0.00377	0.00251	0.00076	0.00227	0.00306	0.00219	0.00335
75	0.00433	0.00244	0.00344	0.00345	0.00361	0.00248	0.00237	0.00396	0.04748	0.00514	0.00685	0.06544	0.06122	0.00903	0.05963	0.71114	0.00238	0.00281	0.00136	0.00145
76	0.00525	0.00461	0.03565	0.04852	0.17783	0.00434	0.17275	0.02643	0.00572	0.03598	0.07162	0.11194	0.02974	0.00501	0.07461	0.03538	0.00293	0.00330	0.14539	0.00300
77	0.00579	0.00487	0.00595	0.03021	0.10312	0.07097	0.04748	0.12654	0.00683	0.06052	0.12942	0.02236	0.24015	0.03432	0.03227	0.00099	0.05368	0.01942	0.00209	0.00300
78	0.53109	0.09373	0.01435	0.01817	0.01563	0.21730	0.00371	0.03598	0.00541	0.00958	0.00389	0.00460	0.00315	0.00299	0.03068	0.00085	0.00292	0.00155	0.00149	0.00293
79	0.04941	0.00472	0.00580	0.00456	0.00633	0.00453	0.00373	0.20013	0.00818	0.52224	0.12517	0.00986	0.03658	0.00350	0.00261	0.00079	0.00216	0.00283	0.00290	0.00397
80	0.00314	0.00227	0.00295	0.00347	0.00367	0.00211	0.00232	0.00360	0.00497	0.00657	0.02517	0.80123	0.08408	0.03686	0.00357	0.00107	0.00150	0.00700	0.00236	0.00208
81	0.00686	0.33508	0.31075	0.00572	0.00832	0.04311	0.00614	0.19485	0.00690	0.00911	0.03604	0.00561	0.00429	0.00260	0.00219	0.00070	0.00312	0.00189	0.01309	0.00363
82	0.00429	0.00228	0.00328	0.00327	0.00338	0.00223	0.00221	0.00345	0.00376	0.00497	0.05036	0.00990	0.08650	0.00851	0.00904	0.79524	0.00209	0.00264	0.00131	0.00127

[dist]
# distance from previous block
# <min> <max>
0	16

# created by:
# /share/home/app/bin/augustus-3.3.1/scripts/msa2prfl.pl /dev/shm/tmp/ogap_db/mt-Sar/msas/nad3.aln --setname=nad3
