[name]
nad4L

[dist]
# distance from previous block
# <min> <max>
2	181

[block]
# block no. 0 follows, 103 sequences, length 14
# corresponding to MSA columns:
# 182-195
name=unknown_A
#
# <colnr> <probs for GDERKNQSTAVLIFYWHMCP>
#	G	D	E	R	K	N	Q	S	T	A	V	L	I	F	Y	W	H	M	C	P
0	0.00648	0.00698	0.03597	0.00698	0.05936	0.19371	0.05211	0.02272	0.00584	0.00745	0.04789	0.00943	0.02477	0.08954	0.19007	0.00188	0.23138	0.00285	0.00156	0.00305
1	0.00524	0.00400	0.00508	0.00464	0.00527	0.03735	0.04736	0.03652	0.00564	0.06040	0.05400	0.15204	0.07934	0.27754	0.14276	0.00208	0.07169	0.00438	0.00206	0.00261
2	0.00425	0.00305	0.00374	0.00420	0.04583	0.00296	0.00263	0.03940	0.00551	0.00743	0.01365	0.36656	0.11411	0.31028	0.00709	0.00162	0.00212	0.00567	0.05757	0.00234
3	0.03547	0.00456	0.00523	0.02336	0.04585	0.04608	0.03163	0.10670	0.06137	0.00872	0.03516	0.11199	0.14837	0.26444	0.05725	0.00167	0.00288	0.00425	0.00215	0.00284
4	0.00450	0.00340	0.00392	0.00382	0.00453	0.00333	0.00275	0.07384	0.06856	0.00922	0.21970	0.22630	0.21802	0.13920	0.00498	0.00125	0.00185	0.00553	0.00265	0.00268
5	0.08096	0.00701	0.00682	0.00577	0.00747	0.11742	0.00459	0.26104	0.24598	0.09508	0.03418	0.00880	0.02042	0.00498	0.07292	0.00117	0.01600	0.00276	0.00253	0.00409
6	0.00704	0.00455	0.00522	0.00444	0.00581	0.00452	0.00340	0.10741	0.16939	0.16831	0.11353	0.01432	0.11889	0.15983	0.00491	0.00119	0.00222	0.00366	0.02555	0.07579
7	0.08978	0.00335	0.00372	0.00372	0.00442	0.00329	0.00263	0.03175	0.04184	0.05219	0.06296	0.30056	0.20114	0.17946	0.00537	0.00135	0.00196	0.00546	0.00246	0.00260
8	0.00362	0.00269	0.00341	0.00375	0.00417	0.00252	0.00265	0.00430	0.00584	0.00770	0.11393	0.48241	0.18754	0.05172	0.07407	0.00144	0.00213	0.04118	0.00256	0.00237
9	0.00412	0.00279	0.00330	0.00330	0.00337	0.00286	0.00197	0.00426	0.00419	0.00565	0.00875	0.01753	0.00986	0.77759	0.13654	0.00300	0.00343	0.00397	0.00169	0.00183
10	0.00469	0.00323	0.00379	0.00370	0.00428	0.00328	0.00270	0.04952	0.00624	0.01966	0.12835	0.17967	0.15351	0.14968	0.00524	0.00123	0.05626	0.02644	0.19598	0.00256
11	0.00428	0.00322	0.00355	0.00354	0.00438	0.00299	0.00259	0.03924	0.05916	0.03624	0.03304	0.23714	0.48378	0.04969	0.00385	0.00108	0.00169	0.00592	0.02197	0.00265
12	0.73920	0.00542	0.00454	0.00402	0.00571	0.00615	0.00327	0.07761	0.00569	0.04696	0.00539	0.07565	0.00461	0.00322	0.00203	0.00090	0.00223	0.00219	0.00198	0.00322
13	0.00428	0.00305	0.00379	0.00390	0.00450	0.00292	0.00284	0.00564	0.06908	0.03691	0.28539	0.32673	0.12002	0.06027	0.00409	0.00113	0.00172	0.05831	0.00278	0.00265

[dist]
# distance from previous block
# <min> <max>
0	1

[block]
# block no. 1 follows, 103 sequences, length 12
# corresponding to MSA columns:
# 197-208
name=unknown_B
#
# <colnr> <probs for GDERKNQSTAVLIFYWHMCP>
#	G	D	E	R	K	N	Q	S	T	A	V	L	I	F	Y	W	H	M	C	P
0	0.22481	0.00347	0.00364	0.00360	0.00422	0.00367	0.00251	0.00562	0.00482	0.03495	0.00929	0.14630	0.03197	0.36511	0.09707	0.00204	0.00284	0.01734	0.03436	0.00237
1	0.92034	0.00549	0.00417	0.00373	0.00549	0.00636	0.00307	0.00834	0.00483	0.01273	0.00395	0.00461	0.00307	0.00263	0.00176	0.00088	0.00219	0.00154	0.00176	0.00307
2	0.00365	0.00278	0.00337	0.00356	0.00417	0.00250	0.00261	0.00451	0.00658	0.00863	0.26444	0.30266	0.31120	0.00738	0.00347	0.00102	0.00155	0.06069	0.00277	0.00246
3	0.00364	0.00284	0.00326	0.00323	0.00398	0.00251	0.00238	0.00455	0.00689	0.00895	0.34841	0.09881	0.45609	0.03720	0.00375	0.00101	0.00146	0.00578	0.00279	0.00247
4	0.00445	0.00326	0.00403	0.00422	0.00471	0.00328	0.00297	0.09257	0.04240	0.00858	0.05785	0.59484	0.03693	0.06799	0.05654	0.00140	0.00222	0.00655	0.00256	0.00265
5	0.01060	0.01352	0.00804	0.00731	0.00877	0.88892	0.00548	0.01133	0.00804	0.00694	0.00438	0.00512	0.00365	0.00292	0.00256	0.00073	0.00512	0.00183	0.00146	0.00329
6	0.00585	0.00548	0.00888	0.63384	0.18555	0.00646	0.00770	0.00832	0.09410	0.00811	0.00576	0.00776	0.00441	0.00288	0.00284	0.00093	0.00355	0.00259	0.00145	0.00355
7	0.04981	0.00740	0.09856	0.12083	0.28482	0.02935	0.11891	0.01030	0.23170	0.00974	0.00684	0.00782	0.00528	0.00292	0.00283	0.00091	0.00338	0.00270	0.00177	0.00411
8	0.01063	0.01265	0.00811	0.00719	0.00877	0.75168	0.00547	0.14571	0.00886	0.00865	0.00476	0.00538	0.00384	0.00300	0.00260	0.00075	0.00480	0.00194	0.00168	0.00353
9	0.00344	0.00282	0.00303	0.00310	0.00392	0.00241	0.00228	0.00419	0.00649	0.00801	0.12048	0.15095	0.66448	0.00728	0.00339	0.00098	0.00146	0.00619	0.00269	0.00241
10	0.00363	0.00266	0.00341	0.00369	0.00412	0.00244	0.00259	0.00443	0.00642	0.00866	0.30390	0.50251	0.12575	0.00766	0.00350	0.00104	0.00152	0.00684	0.00280	0.00244
11	0.00416	0.00315	0.00379	0.00400	0.04553	0.00287	0.00272	0.00520	0.02727	0.03392	0.27364	0.08869	0.39020	0.09693	0.00444	0.00113	0.00170	0.00539	0.00266	0.00262

[dist]
# distance from previous block
# <min> <max>
0	1

[block]
# block no. 2 follows, 103 sequences, length 28
# corresponding to MSA columns:
# 210-237
name=unknown_C
#
# <colnr> <probs for GDERKNQSTAVLIFYWHMCP>
#	G	D	E	R	K	N	Q	S	T	A	V	L	I	F	Y	W	H	M	C	P
0	0.00490	0.00373	0.00424	0.00400	0.00501	0.00369	0.00304	0.04073	0.17665	0.04025	0.26059	0.11498	0.30291	0.00607	0.00326	0.00096	0.00171	0.01739	0.00286	0.00305
1	0.00343	0.00259	0.00317	0.00363	0.00403	0.00233	0.00249	0.00399	0.00574	0.00737	0.01955	0.63844	0.27626	0.00838	0.00354	0.00109	0.00158	0.00744	0.00263	0.00233
2	0.00425	0.00313	0.00412	0.00452	0.00523	0.00301	0.00381	0.00544	0.00674	0.00875	0.14487	0.02948	0.18926	0.00741	0.00372	0.00118	0.00219	0.56762	0.00269	0.00258
3	0.00993	0.00693	0.00752	0.00588	0.00782	0.00755	0.00475	0.68215	0.01165	0.07268	0.00744	0.00844	0.00568	0.10017	0.00405	0.00105	0.00295	0.00275	0.04623	0.00439
4	0.00383	0.00312	0.00400	0.00490	0.09342	0.00284	0.00312	0.00458	0.00607	0.00774	0.03338	0.38286	0.39158	0.00741	0.00343	0.00104	0.00176	0.03983	0.00252	0.00258
5	0.00545	0.01347	0.79582	0.00756	0.01142	0.00616	0.00963	0.00848	0.00604	0.00885	0.00750	0.00816	0.09289	0.00315	0.00276	0.00090	0.00391	0.00249	0.00134	0.00401
6	0.00356	0.00261	0.00338	0.00395	0.00427	0.00242	0.00278	0.00417	0.00568	0.00743	0.01722	0.69514	0.12727	0.00856	0.00362	0.00114	0.00172	0.10009	0.00263	0.00235
7	0.00656	0.00348	0.00459	0.00442	0.00538	0.00321	0.00337	0.03720	0.00685	0.26301	0.07820	0.40814	0.05449	0.00671	0.00337	0.00105	0.00200	0.10184	0.00293	0.00319
8	0.00345	0.00251	0.00325	0.00384	0.00409	0.00231	0.00258	0.00396	0.00554	0.00728	0.01697	0.80985	0.10651	0.00871	0.00359	0.00113	0.00162	0.00785	0.00263	0.00231
9	0.00354	0.00251	0.00327	0.00384	0.00398	0.00236	0.00251	0.00397	0.00526	0.00702	0.01476	0.78410	0.01766	0.12474	0.00503	0.00136	0.00179	0.00755	0.00251	0.00223
10	0.19691	0.00690	0.00729	0.00570	0.00785	0.00750	0.00471	0.54770	0.01070	0.16690	0.00698	0.00685	0.00485	0.00327	0.00262	0.00086	0.00281	0.00240	0.00273	0.00447
11	0.00389	0.00290	0.00337	0.00325	0.00400	0.00258	0.00238	0.00480	0.00691	0.02509	0.39267	0.03739	0.39558	0.09739	0.00447	0.00111	0.00155	0.00540	0.00277	0.00249
12	0.00980	0.01066	0.00764	0.00665	0.00823	0.53436	0.00512	0.23160	0.04240	0.01041	0.09986	0.00749	0.00664	0.00339	0.00273	0.00079	0.00409	0.00242	0.00205	0.00366
13	0.00353	0.00254	0.00329	0.00385	0.00407	0.00237	0.00259	0.00403	0.00546	0.00723	0.02780	0.75122	0.06862	0.07343	0.00439	0.00126	0.00173	0.02774	0.00257	0.00228
14	0.00974	0.01148	0.00748	0.00686	0.00825	0.68883	0.00524	0.06083	0.00809	0.02815	0.00625	0.04108	0.00572	0.00371	0.00277	0.00082	0.00454	0.09509	0.00176	0.00330
15	0.00395	0.00272	0.00310	0.00320	0.00332	0.00265	0.00190	0.00409	0.00455	0.00597	0.01193	0.14778	0.10016	0.67945	0.01173	0.00233	0.00246	0.00489	0.00195	0.00187
16	0.00420	0.00296	0.00331	0.00331	0.00415	0.00264	0.00247	0.00522	0.02541	0.04871	0.13664	0.15564	0.46663	0.00661	0.00322	0.00095	0.00153	0.02249	0.10129	0.00261
17	0.10361	0.00355	0.00413	0.00392	0.00489	0.00361	0.00301	0.00651	0.06459	0.08218	0.14042	0.06629	0.25070	0.02989	0.21810	0.00186	0.00318	0.00429	0.00241	0.00287
18	0.00502	0.00297	0.00353	0.00340	0.00366	0.00291	0.00209	0.00520	0.00463	0.10046	0.00943	0.05659	0.01021	0.73041	0.04591	0.00255	0.00285	0.00412	0.00195	0.00211
19	0.01022	0.00724	0.00785	0.00609	0.00813	0.00791	0.00495	0.73510	0.01210	0.06670	0.00728	0.00817	0.00551	0.09464	0.00402	0.00105	0.00304	0.00273	0.00276	0.00451
20	0.00439	0.00337	0.00375	0.00377	0.00446	0.04620	0.00274	0.00528	0.00688	0.04629	0.33805	0.28893	0.22166	0.00682	0.00337	0.00098	0.00169	0.00597	0.00279	0.00262
21	0.00464	0.00316	0.00392	0.00387	0.00432	0.00339	0.00278	0.05289	0.00537	0.00784	0.00984	0.15101	0.02969	0.23958	0.26022	0.00243	0.02992	0.00405	0.17863	0.00245
22	0.00366	0.00282	0.00382	0.09979	0.00577	0.00276	0.00316	0.00435	0.00562	0.00732	0.01630	0.66759	0.13709	0.00798	0.00350	0.00111	0.00186	0.02059	0.00248	0.00241
23	0.12267	0.51325	0.01135	0.00604	0.09584	0.00895	0.00486	0.05143	0.00631	0.01637	0.09892	0.00683	0.00624	0.00298	0.00243	0.00074	0.03748	0.00211	0.00161	0.00360
24	0.00778	0.68040	0.01439	0.00612	0.00850	0.10535	0.12690	0.00888	0.00614	0.00704	0.00424	0.00505	0.00374	0.00248	0.00211	0.00067	0.00350	0.00181	0.00127	0.00363
25	0.00408	0.00313	0.00370	0.00369	0.00460	0.00268	0.00275	0.00487	0.00611	0.02686	0.04173	0.32274	0.34558	0.00696	0.00330	0.00097	0.00172	0.07523	0.00252	0.13678
26	0.00495	0.09509	0.00518	0.00421	0.02101	0.03839	0.00322	0.01564	0.04692	0.02719	0.14785	0.03950	0.29472	0.11607	0.02198	0.00124	0.00227	0.10942	0.00239	0.00276
27	0.92034	0.00549	0.00417	0.00373	0.00549	0.00636	0.00307	0.00834	0.00483	0.01273	0.00395	0.00461	0.00307	0.00263	0.00176	0.00088	0.00219	0.00154	0.00176	0.00307

[dist]
# distance from previous block
# <min> <max>
0	2

[block]
# block no. 3 follows, 103 sequences, length 42
# corresponding to MSA columns:
# 240-281
name=unknown_D
#
# <colnr> <probs for GDERKNQSTAVLIFYWHMCP>
#	G	D	E	R	K	N	Q	S	T	A	V	L	I	F	Y	W	H	M	C	P
0	0.00671	0.10194	0.01490	0.01022	0.01269	0.00745	0.64029	0.04092	0.00658	0.00887	0.00575	0.02058	0.00461	0.00379	0.05682	0.00115	0.04841	0.00313	0.00148	0.00371
1	0.00360	0.00283	0.00321	0.00323	0.00397	0.00249	0.00237	0.00444	0.00668	0.00857	0.26600	0.12700	0.49269	0.04591	0.00387	0.00104	0.00150	0.01542	0.00273	0.00244
2	0.00412	0.00277	0.00317	0.00317	0.00320	0.00279	0.00182	0.00418	0.00415	0.00556	0.00887	0.01816	0.01014	0.85285	0.06165	0.00285	0.00301	0.00407	0.00171	0.00176
3	0.00935	0.00546	0.00645	0.00516	0.00695	0.00551	0.00418	0.31721	0.04721	0.29656	0.21296	0.01215	0.04967	0.00418	0.00299	0.00088	0.00236	0.00343	0.00312	0.00420
4	0.00352	0.00263	0.00324	0.00360	0.00402	0.00239	0.00248	0.00416	0.00595	0.00777	0.12246	0.54024	0.23457	0.04423	0.00396	0.00114	0.00160	0.00703	0.00266	0.00235
5	0.00387	0.00274	0.00322	0.00342	0.00366	0.00263	0.00222	0.00420	0.00498	0.00647	0.01408	0.22776	0.15218	0.47734	0.01899	0.00201	0.00232	0.06372	0.00214	0.00203
6	0.00350	0.00282	0.00312	0.00318	0.00396	0.00244	0.00233	0.00432	0.00663	0.00837	0.20239	0.15480	0.57789	0.00715	0.00339	0.00097	0.00145	0.00612	0.00273	0.00244
7	0.00352	0.00251	0.00334	0.00391	0.00413	0.00234	0.00264	0.00410	0.00571	0.00768	0.10728	0.80557	0.01961	0.00856	0.00359	0.00112	0.00161	0.00775	0.00269	0.00234
8	0.00677	0.00533	0.00578	0.00507	0.00654	0.00583	0.00397	0.13869	0.45334	0.03881	0.15363	0.01396	0.12835	0.00453	0.00300	0.00093	0.00211	0.00378	0.01564	0.00395
9	0.00516	0.00317	0.00392	0.00362	0.00458	0.00280	0.00275	0.00621	0.00736	0.14952	0.41410	0.09015	0.28361	0.00610	0.00329	0.00093	0.00156	0.00526	0.00300	0.00291
10	0.01257	0.00507	0.00673	0.00516	0.00736	0.00453	0.00427	0.08136	0.00853	0.81646	0.01085	0.00943	0.00685	0.00350	0.00285	0.00088	0.00247	0.00283	0.00346	0.00483
11	0.01170	0.00479	0.00639	0.00497	0.00701	0.00426	0.00408	0.05955	0.00839	0.74509	0.10307	0.01072	0.00899	0.00375	0.00290	0.00088	0.00234	0.00308	0.00343	0.00460
12	0.00986	0.00542	0.00632	0.00509	0.00691	0.00552	0.00412	0.24437	0.13294	0.35016	0.03585	0.00952	0.00730	0.00356	0.00272	0.00085	0.00236	0.00286	0.15994	0.00434
13	0.00569	0.01467	0.88561	0.00809	0.01228	0.00659	0.01048	0.00898	0.00599	0.00898	0.00509	0.00599	0.00359	0.00270	0.00270	0.00090	0.00419	0.00210	0.00120	0.00419
14	0.01091	0.00741	0.00814	0.00628	0.00851	0.00804	0.00517	0.70930	0.04967	0.14572	0.00766	0.00739	0.00531	0.00344	0.00284	0.00086	0.00298	0.00263	0.00294	0.00481
15	0.01204	0.00593	0.00727	0.00557	0.00779	0.00581	0.00460	0.31859	0.00997	0.57720	0.00964	0.00865	0.00624	0.00347	0.00285	0.00087	0.00266	0.00275	0.00327	0.00483
16	0.00356	0.00292	0.00305	0.00308	0.00389	0.00256	0.00223	0.00441	0.03019	0.00762	0.04987	0.09484	0.67191	0.10176	0.00453	0.00116	0.00161	0.00585	0.00256	0.00238
17	0.82424	0.00542	0.00442	0.00387	0.00567	0.00613	0.00319	0.00892	0.00518	0.10504	0.00472	0.00514	0.00349	0.00273	0.00187	0.00088	0.00222	0.00168	0.00194	0.00326
18	0.00346	0.00247	0.00329	0.00395	0.00411	0.00230	0.00263	0.00395	0.00543	0.00724	0.01563	0.89846	0.01876	0.00889	0.00362	0.00115	0.00165	0.00806	0.00263	0.00230
19	0.01130	0.00532	0.00662	0.00515	0.00723	0.00502	0.00423	0.20573	0.00912	0.59713	0.01207	0.01088	0.09912	0.00388	0.00290	0.00088	0.00247	0.00312	0.00327	0.00457
20	0.00340	0.00275	0.00302	0.00322	0.00393	0.00237	0.00232	0.00406	0.00618	0.00761	0.04318	0.29873	0.59396	0.00768	0.00344	0.00102	0.00150	0.00662	0.00264	0.00237
21	0.00363	0.00272	0.00340	0.00383	0.00431	0.00249	0.00279	0.00436	0.00604	0.00782	0.07913	0.48566	0.24291	0.00808	0.00358	0.00111	0.00171	0.13138	0.00266	0.00240
22	0.00495	0.00353	0.00407	0.00395	0.00481	0.00351	0.00294	0.04208	0.14135	0.04289	0.20091	0.24367	0.18162	0.00611	0.00316	0.00096	0.00169	0.00530	0.09954	0.00297
23	0.00518	0.00378	0.00447	0.00412	0.00507	0.00374	0.00312	0.12166	0.06938	0.03449	0.41483	0.16154	0.14552	0.00598	0.00328	0.00094	0.00173	0.00519	0.00293	0.00305
24	0.00546	0.00394	0.00491	0.00450	0.00513	0.00437	0.00332	0.17031	0.00605	0.00832	0.00773	0.02477	0.00763	0.29715	0.35470	0.05241	0.03149	0.00332	0.00183	0.00265
25	0.00508	0.00365	0.00457	0.00428	0.00485	0.00401	0.00311	0.13300	0.00569	0.00783	0.00800	0.01340	0.00801	0.36178	0.41666	0.00330	0.00504	0.00339	0.00179	0.00255
26	0.00616	0.00670	0.07853	0.47293	0.33637	0.03482	0.00831	0.00805	0.00606	0.00812	0.00513	0.00716	0.00402	0.00271	0.00281	0.00090	0.00371	0.00247	0.00131	0.00373
27	0.00512	0.00434	0.02545	0.00529	0.03283	0.00410	0.07179	0.10983	0.05446	0.01017	0.23390	0.23945	0.14381	0.00604	0.00332	0.00099	0.00214	0.04127	0.00263	0.00307
28	0.00664	0.00648	0.00881	0.38478	0.19697	0.10009	0.00711	0.06775	0.00638	0.00828	0.00520	0.00725	0.00423	0.00446	0.07044	0.00120	0.10649	0.00249	0.00144	0.00351
29	0.46050	0.07862	0.05444	0.01961	0.03377	0.23034	0.03120	0.01684	0.00596	0.01013	0.00425	0.00509	0.00342	0.00277	0.00237	0.00083	0.03318	0.00178	0.00157	0.00332
30	0.05799	0.15925	0.00833	0.00576	0.00755	0.15943	0.00471	0.32715	0.09681	0.01187	0.00724	0.10092	0.00626	0.00374	0.00262	0.00083	0.00310	0.00285	0.02968	0.00390
31	0.00416	0.00354	0.00413	0.00467	0.09717	0.00320	0.00306	0.05150	0.00683	0.00845	0.04341	0.06043	0.68618	0.00653	0.00328	0.00095	0.00174	0.00550	0.00253	0.00275
32	0.00689	0.03343	0.06526	0.18814	0.04679	0.01827	0.06815	0.19181	0.00788	0.07208	0.11690	0.14604	0.00951	0.01224	0.00312	0.00094	0.00298	0.00374	0.00222	0.00361
33	0.00388	0.00304	0.00345	0.00353	0.00425	0.00281	0.00255	0.03078	0.04302	0.00847	0.14116	0.28574	0.41490	0.03459	0.00374	0.00106	0.00161	0.00621	0.00269	0.00255
34	0.00722	0.35137	0.13757	0.00631	0.04984	0.15341	0.00567	0.05501	0.00653	0.00798	0.04191	0.02248	0.00548	0.00559	0.13093	0.00129	0.00413	0.00224	0.00150	0.00354
35	0.00660	0.05709	0.01069	0.03652	0.23281	0.04392	0.24579	0.00808	0.00612	0.02813	0.00587	0.00843	0.00513	0.12504	0.00446	0.00106	0.01603	0.00275	0.00153	0.15395
36	0.03148	0.00377	0.00437	0.00399	0.02034	0.00352	0.00292	0.05884	0.01604	0.20595	0.01749	0.01865	0.37769	0.18924	0.03202	0.00140	0.00228	0.00439	0.00258	0.00303
37	0.00840	0.00786	0.00935	0.02935	0.27395	0.15172	0.03961	0.25225	0.00837	0.02377	0.00631	0.00739	0.03196	0.00385	0.03069	0.00100	0.10565	0.00258	0.00187	0.00405
38	0.03273	0.00502	0.09810	0.05361	0.08101	0.02372	0.00445	0.03236	0.04829	0.00855	0.05271	0.39359	0.14232	0.00624	0.00322	0.00101	0.00230	0.00548	0.00229	0.00299
39	0.00456	0.00386	0.00524	0.02963	0.07668	0.03663	0.04007	0.00581	0.05278	0.00776	0.01299	0.46573	0.04837	0.01995	0.09735	0.00147	0.00286	0.08319	0.00229	0.00277
40	0.00724	0.00662	0.00852	0.16199	0.28096	0.08797	0.00643	0.13419	0.09953	0.02350	0.00756	0.05264	0.03691	0.00426	0.04112	0.00106	0.03076	0.00296	0.00189	0.00389
41	0.28057	0.00522	0.00599	0.00528	0.01852	0.01787	0.07183	0.16316	0.04289	0.01100	0.01735	0.16364	0.00775	0.07804	0.09747	0.00147	0.00314	0.00350	0.00210	0.00322

[dist]
# distance from previous block
# <min> <max>
0	17

# created by:
# /share/home/app/bin/augustus-3.3.1/scripts/msa2prfl.pl /dev/shm/tmp/ogap_db/mt-Sar/msas/nad4L.aln --setname=nad4L
