[name]
nad5

[dist]
# distance from previous block
# <min> <max>
0	6

[block]
# block no. 0 follows, 104 sequences, length 24
# corresponding to MSA columns:
# 6-29
name=unknown_A
#
# <colnr> <probs for GDERKNQSTAVLIFYWHMCP>
#	G	D	E	R	K	N	Q	S	T	A	V	L	I	F	Y	W	H	M	C	P
0	0.00438	0.00313	0.00437	0.00497	0.00554	0.00315	0.00422	0.00555	0.00620	0.00812	0.01440	0.11869	0.01578	0.02815	0.05559	0.00150	0.00278	0.70842	0.00251	0.00254
1	0.00445	0.00328	0.00453	0.00449	0.00505	0.00366	0.00340	0.07427	0.00536	0.00750	0.00904	0.17834	0.00919	0.06088	0.60882	0.00350	0.00583	0.00397	0.00183	0.00261
2	0.00384	0.00285	0.00356	0.00397	0.00437	0.00275	0.00275	0.03021	0.05191	0.00793	0.04859	0.70969	0.10078	0.00812	0.00349	0.00110	0.00168	0.00728	0.00265	0.00250
3	0.00661	0.00594	0.00540	0.00514	0.00618	0.18701	0.00380	0.06405	0.15618	0.05933	0.01135	0.40200	0.02155	0.00575	0.00308	0.00095	0.00260	0.00493	0.00243	0.04570
4	0.00338	0.00271	0.00303	0.00326	0.00391	0.00235	0.00232	0.00404	0.00610	0.00757	0.05219	0.33941	0.54447	0.00769	0.00342	0.00102	0.00150	0.00665	0.00263	0.00235
5	0.00370	0.00288	0.00340	0.00334	0.00411	0.00253	0.00246	0.00466	0.00690	0.00914	0.38349	0.14620	0.37134	0.00661	0.00332	0.00093	0.00144	0.00572	0.00278	0.03506
6	0.00401	0.00270	0.00316	0.00326	0.00333	0.00269	0.00194	0.00418	0.00441	0.00597	0.02694	0.15005	0.01161	0.69575	0.04911	0.00249	0.00271	0.00462	0.01920	0.00186
7	0.00343	0.00245	0.00326	0.00392	0.00408	0.00229	0.00261	0.00392	0.00539	0.00718	0.01551	0.89928	0.01861	0.00882	0.00359	0.00114	0.00163	0.00800	0.00261	0.00229
8	0.00646	0.00538	0.00617	0.00449	0.00694	0.00445	0.00361	0.11338	0.03044	0.01029	0.00539	0.00607	0.00436	0.00229	0.00219	0.00048	0.00221	0.00181	0.00184	0.78174
9	0.00385	0.00260	0.00332	0.00375	0.00399	0.00243	0.00248	0.00428	0.00530	0.03607	0.01485	0.66850	0.06120	0.16692	0.00546	0.00141	0.00184	0.00703	0.00248	0.00227
10	0.00392	0.00269	0.00332	0.00362	0.00399	0.00249	0.00244	0.00440	0.00543	0.04301	0.01633	0.51486	0.17794	0.17278	0.02802	0.00147	0.00198	0.00656	0.00245	0.00230
11	0.61138	0.00678	0.00551	0.00470	0.00652	0.09485	0.00382	0.19736	0.02665	0.01315	0.00475	0.00523	0.00361	0.00283	0.00208	0.00085	0.00267	0.00181	0.00197	0.00348
12	0.03337	0.00619	0.00688	0.00543	0.00720	0.00658	0.00432	0.51289	0.01018	0.17868	0.00793	0.00960	0.00626	0.18558	0.00513	0.00123	0.00287	0.00288	0.00269	0.00412
13	0.00411	0.00282	0.00326	0.00337	0.00395	0.00262	0.00238	0.02103	0.00610	0.02488	0.11367	0.27996	0.26745	0.10927	0.00446	0.00116	0.00167	0.01363	0.13179	0.00243
14	0.00605	0.00393	0.00451	0.00403	0.00503	0.00391	0.00299	0.10456	0.09683	0.11749	0.16027	0.06040	0.16915	0.19969	0.00550	0.00130	0.00209	0.00429	0.04491	0.00307
15	0.13453	0.00491	0.00575	0.00477	0.00650	0.00489	0.00383	0.08520	0.11785	0.42472	0.04336	0.09013	0.00827	0.00396	0.00273	0.00089	0.00224	0.00322	0.04816	0.00409
16	0.71765	0.00583	0.00459	0.00404	0.00575	0.04986	0.00329	0.08349	0.00582	0.01235	0.00630	0.00672	0.07895	0.00308	0.00201	0.00087	0.00234	0.00201	0.00190	0.00315
17	0.00412	0.00272	0.00334	0.00356	0.00379	0.00260	0.00231	0.00447	0.00505	0.03931	0.03489	0.37705	0.05085	0.41278	0.00842	0.00184	0.00217	0.03634	0.00225	0.00214
18	0.00406	0.00273	0.00315	0.00323	0.00327	0.00271	0.00190	0.00415	0.00430	0.00572	0.00966	0.09008	0.01116	0.79054	0.01301	0.00254	0.00263	0.04155	0.00182	0.00179
19	0.87654	0.00556	0.00435	0.00384	0.00560	0.00643	0.00316	0.05055	0.00520	0.01287	0.00406	0.00468	0.00313	0.00265	0.00179	0.00087	0.00222	0.00157	0.00179	0.00313
20	0.01423	0.00515	0.00734	0.42461	0.14339	0.05018	0.00600	0.03760	0.00570	0.00744	0.00612	0.01013	0.00563	0.23223	0.03186	0.00147	0.00357	0.00288	0.00147	0.00301
21	0.00490	0.00361	0.00508	0.00569	0.11727	0.00381	0.01538	0.00546	0.01975	0.03078	0.00820	0.06091	0.01719	0.40259	0.16590	0.07571	0.04999	0.00365	0.00169	0.00243
22	0.00378	0.00305	0.00334	0.00359	0.00407	0.03548	0.00248	0.00438	0.00590	0.00750	0.09865	0.42079	0.28625	0.10188	0.00458	0.00121	0.00178	0.00645	0.00252	0.00232
23	0.74656	0.00607	0.00453	0.00408	0.00575	0.08647	0.00329	0.00867	0.04941	0.01181	0.00555	0.00603	0.04685	0.00292	0.00195	0.00087	0.00241	0.00185	0.00181	0.00310

[dist]
# distance from previous block
# <min> <max>
0	1

[block]
# block no. 1 follows, 104 sequences, length 187
# corresponding to MSA columns:
# 31-217
name=unknown_B
#
# <colnr> <probs for GDERKNQSTAVLIFYWHMCP>
#	G	D	E	R	K	N	Q	S	T	A	V	L	I	F	Y	W	H	M	C	P
0	0.00612	0.00637	0.06892	0.15294	0.38566	0.01491	0.07300	0.02978	0.00607	0.00842	0.00653	0.01851	0.04105	0.01422	0.08573	0.02926	0.04457	0.00280	0.00146	0.00369
1	0.85381	0.04392	0.00497	0.00400	0.00580	0.00654	0.02984	0.00830	0.00489	0.01226	0.00397	0.00466	0.00311	0.00260	0.00179	0.00086	0.00229	0.00158	0.00171	0.00309
2	0.00992	0.00600	0.00693	0.00550	0.00741	0.00621	0.00447	0.42623	0.05362	0.27749	0.09202	0.04797	0.03522	0.00400	0.00292	0.00088	0.00256	0.00323	0.00303	0.00439
3	0.25557	0.00489	0.00526	0.00471	0.03280	0.00511	0.00361	0.11868	0.06649	0.17519	0.11961	0.04763	0.01860	0.00374	0.00252	0.00085	0.00213	0.00295	0.10882	0.02082
4	0.00408	0.00312	0.00370	0.02028	0.03253	0.00303	0.00262	0.01986	0.04289	0.00732	0.03620	0.19498	0.28599	0.28686	0.03396	0.00164	0.00223	0.00528	0.01105	0.00237
5	0.00351	0.00280	0.00313	0.00318	0.00393	0.00243	0.00232	0.00432	0.00660	0.00839	0.22983	0.15400	0.53893	0.01952	0.00352	0.00099	0.00145	0.00601	0.00272	0.00242
6	0.00799	0.00621	0.00668	0.00578	0.00751	0.00702	0.00456	0.13959	0.68273	0.08303	0.01074	0.00988	0.00791	0.00373	0.00285	0.00093	0.00237	0.00306	0.00291	0.00453
7	0.00534	0.00441	0.00476	0.00442	0.00560	0.00467	0.00339	0.05200	0.37002	0.01023	0.11990	0.07008	0.29158	0.02099	0.00332	0.00099	0.00189	0.02027	0.00277	0.00338
8	0.04801	0.00442	0.00487	0.00446	0.00546	0.00466	0.00334	0.25422	0.05003	0.01077	0.02709	0.27661	0.08624	0.12987	0.00462	0.00121	0.00223	0.02207	0.05671	0.00310
9	0.00653	0.00469	0.00446	0.00407	0.00512	0.06938	0.00312	0.11673	0.16495	0.01112	0.00921	0.04953	0.00746	0.02016	0.00258	0.00080	0.00202	0.00292	0.51192	0.00324
10	0.00421	0.00330	0.00390	0.00401	0.00473	0.00325	0.00297	0.00626	0.15466	0.00901	0.20120	0.31014	0.20476	0.00688	0.00337	0.00103	0.00169	0.06909	0.00276	0.00277
11	0.24364	0.00360	0.00362	0.00352	0.00427	0.00377	0.00252	0.03114	0.00542	0.01888	0.07801	0.12876	0.07664	0.29333	0.00639	0.00151	0.00215	0.02990	0.06046	0.00247
12	0.00430	0.00315	0.00377	0.00395	0.00444	0.00308	0.00275	0.08841	0.02131	0.00825	0.04179	0.53384	0.12541	0.12622	0.00489	0.00129	0.00191	0.01620	0.00253	0.00251
13	0.00924	0.00703	0.00748	0.00609	0.00805	0.01880	0.00491	0.47845	0.35074	0.05277	0.02096	0.00852	0.00665	0.00358	0.00284	0.00089	0.00273	0.00283	0.00285	0.00461
14	0.00460	0.00294	0.00325	0.00322	0.00352	0.00298	0.00205	0.02453	0.04230	0.00740	0.02069	0.07606	0.01004	0.54423	0.00969	0.01185	0.00228	0.00393	0.22229	0.00216
15	0.00413	0.00283	0.00314	0.00329	0.00365	0.01402	0.00218	0.00991	0.00535	0.00742	0.03821	0.25492	0.14397	0.31760	0.00697	0.00157	0.00198	0.01308	0.16360	0.00220
16	0.00378	0.00275	0.00328	0.00358	0.00393	0.00260	0.00242	0.00975	0.02179	0.00709	0.01606	0.41547	0.18576	0.24139	0.00631	0.00151	0.00194	0.05015	0.01821	0.00223
17	0.01084	0.00765	0.00830	0.00636	0.00861	0.00838	0.00526	0.80962	0.01284	0.08284	0.00708	0.00697	0.00495	0.00339	0.00282	0.00085	0.00304	0.00256	0.00286	0.00479
18	0.12467	0.00327	0.00357	0.00363	0.00428	0.00336	0.00261	0.04232	0.01370	0.00878	0.03302	0.29615	0.10494	0.12074	0.07648	0.00146	0.00231	0.00483	0.14735	0.00253
19	0.00429	0.00331	0.00354	0.00361	0.00410	0.04068	0.00246	0.02509	0.00569	0.02240	0.05240	0.27388	0.22909	0.27278	0.03431	0.00163	0.00227	0.00552	0.01065	0.00231
20	0.03627	0.00470	0.00515	0.00442	0.00587	0.05639	0.00350	0.09234	0.00767	0.30813	0.07463	0.04550	0.25034	0.03300	0.00337	0.00097	0.00225	0.04335	0.01867	0.00351
21	0.00397	0.00272	0.00307	0.00312	0.00321	0.00266	0.00181	0.00407	0.00439	0.00577	0.01103	0.09072	0.08314	0.75456	0.01254	0.00245	0.00253	0.00456	0.00185	0.00181
22	0.00449	0.00349	0.00473	0.00481	0.02578	0.02335	0.00359	0.04237	0.00514	0.00721	0.00857	0.06394	0.03493	0.03758	0.69373	0.00376	0.00642	0.00336	0.02011	0.00264
23	0.00651	0.02161	0.63365	0.00797	0.03836	0.13066	0.00900	0.00966	0.07735	0.00879	0.00544	0.00621	0.00401	0.00285	0.00283	0.00088	0.02666	0.00215	0.00137	0.00403
24	0.00510	0.00376	0.00451	0.00407	0.00500	0.00373	0.00311	0.15587	0.02361	0.01179	0.57976	0.09828	0.07896	0.00568	0.00325	0.00091	0.00168	0.00493	0.00297	0.00300
25	0.37766	0.00438	0.00432	0.00383	0.00531	0.00452	0.00308	0.02841	0.00625	0.17996	0.05359	0.04023	0.18457	0.00428	0.00252	0.00090	0.00199	0.03383	0.05717	0.00320
26	0.00432	0.02448	0.00405	0.00406	0.00454	0.02302	0.00282	0.00585	0.12820	0.00778	0.06309	0.50423	0.05243	0.15148	0.00513	0.00133	0.00198	0.00615	0.00247	0.00257
27	0.13322	0.01290	0.01693	0.00563	0.00725	0.11193	0.08472	0.14336	0.00758	0.17016	0.04963	0.07573	0.00764	0.02447	0.03899	0.00107	0.00308	0.03765	0.06449	0.00357
28	0.46343	0.01622	0.10957	0.00575	0.04502	0.04645	0.04185	0.05561	0.00589	0.06046	0.00566	0.07499	0.00481	0.00331	0.00266	0.00090	0.04975	0.00240	0.00183	0.00342
29	0.01983	0.00609	0.00639	0.00533	0.00689	0.06620	0.00426	0.39394	0.03657	0.09953	0.00819	0.06883	0.00661	0.00598	0.11589	0.00130	0.00333	0.00297	0.13800	0.00387
30	0.05851	0.00671	0.11811	0.00510	0.00709	0.04571	0.00449	0.16911	0.07132	0.02117	0.04415	0.03120	0.00663	0.10414	0.00382	0.00095	0.00269	0.00263	0.04585	0.25062
31	0.00579	0.00439	0.00507	0.00478	0.02515	0.00479	0.00360	0.08605	0.28421	0.01093	0.19051	0.01306	0.04881	0.00695	0.14373	0.00145	0.00280	0.00350	0.15100	0.00342
32	0.00466	0.00400	0.00490	0.00497	0.03258	0.06411	0.00364	0.00568	0.02442	0.00680	0.01762	0.02953	0.07119	0.10550	0.56278	0.00338	0.04666	0.00333	0.00166	0.00260
33	0.00346	0.00268	0.00313	0.00337	0.00394	0.00238	0.00238	0.00413	0.00611	0.00779	0.11984	0.38548	0.40624	0.03110	0.00372	0.00107	0.00153	0.00664	0.00264	0.00235
34	0.00604	0.02670	0.09754	0.04782	0.18847	0.01534	0.05032	0.08162	0.11116	0.00922	0.02731	0.00963	0.04620	0.00832	0.25347	0.00191	0.01059	0.00292	0.00179	0.00363
35	0.00356	0.00258	0.00323	0.00367	0.00403	0.00237	0.00253	0.00420	0.00579	0.00772	0.08428	0.61890	0.16691	0.01661	0.00356	0.00109	0.00159	0.02327	0.04178	0.00234
36	0.03624	0.00514	0.00575	0.00516	0.00651	0.04000	0.00420	0.20124	0.07800	0.15088	0.02105	0.01736	0.06307	0.08949	0.00422	0.00117	0.00266	0.26168	0.00266	0.00353
37	0.02546	0.00643	0.00640	0.00545	0.02925	0.11447	0.00415	0.09057	0.22468	0.01025	0.00734	0.02436	0.01701	0.00378	0.04047	0.00085	0.00282	0.00241	0.01260	0.37123
38	0.00489	0.00244	0.00367	0.00367	0.00367	0.00244	0.00244	0.00367	0.00367	0.00489	0.00489	0.00855	0.00489	0.00978	0.01100	0.91813	0.00244	0.00244	0.00122	0.00122
39	0.00354	0.00276	0.00314	0.00331	0.00394	0.00245	0.00238	0.00422	0.00613	0.00773	0.10883	0.23944	0.47216	0.08269	0.00434	0.00116	0.00163	0.04524	0.00258	0.00233
40	0.00717	0.16201	0.24087	0.00602	0.00824	0.16781	0.00591	0.12922	0.01683	0.00890	0.00810	0.00933	0.10708	0.08646	0.00382	0.00099	0.02337	0.00265	0.00170	0.00353
41	0.00982	0.00690	0.00749	0.00584	0.00782	0.00752	0.00478	0.69120	0.01188	0.06048	0.05910	0.00826	0.00648	0.01906	0.00297	0.00086	0.00280	0.00273	0.07956	0.00442
42	0.34046	0.27243	0.24329	0.00545	0.00796	0.04569	0.00573	0.00857	0.00549	0.00944	0.00423	0.00499	0.00340	0.00265	0.00227	0.00080	0.03051	0.00171	0.00141	0.00352
43	0.06037	0.00453	0.00508	0.00463	0.00569	0.00477	0.00350	0.25793	0.05601	0.02350	0.11781	0.31519	0.05069	0.06345	0.00385	0.00109	0.00217	0.01387	0.00265	0.00323
44	0.00387	0.00265	0.00312	0.00332	0.00339	0.00258	0.00199	0.00404	0.00455	0.00604	0.01146	0.28215	0.03951	0.60678	0.01077	0.00220	0.00236	0.00532	0.00200	0.00190
45	0.00779	0.04662	0.03502	0.00729	0.07152	0.25775	0.00554	0.12028	0.05275	0.00868	0.00581	0.04797	0.00522	0.02780	0.07068	0.00124	0.22025	0.00261	0.00169	0.00347
46	0.00418	0.00298	0.00341	0.00332	0.00405	0.00282	0.00245	0.00562	0.05844	0.00965	0.35749	0.06451	0.24838	0.05782	0.00371	0.00099	0.00150	0.00486	0.16121	0.00261
47	0.00862	0.35874	0.07600	0.00649	0.04558	0.30003	0.00553	0.06379	0.00703	0.05072	0.00491	0.00563	0.00406	0.00365	0.04725	0.00090	0.00400	0.00190	0.00152	0.00365
48	0.00489	0.00244	0.00367	0.00367	0.00367	0.00244	0.00244	0.00367	0.00367	0.00489	0.00489	0.00855	0.00489	0.00978	0.01100	0.91813	0.00244	0.00244	0.00122	0.00122
49	0.34694	0.05059	0.00564	0.00432	0.00610	0.03294	0.00356	0.04609	0.00670	0.32251	0.04477	0.00780	0.00602	0.00316	0.00229	0.00083	0.00230	0.00231	0.10140	0.00371
50	0.00402	0.00271	0.00308	0.00313	0.00316	0.00269	0.00179	0.00408	0.00425	0.00564	0.00987	0.08609	0.03294	0.81015	0.01322	0.00256	0.00261	0.00444	0.00180	0.00177
51	0.00445	0.00303	0.00420	0.00416	0.00479	0.00296	0.06319	0.00548	0.00573	0.00848	0.01253	0.29793	0.05619	0.03696	0.06451	0.00126	0.00230	0.11324	0.30607	0.00254
52	0.00403	0.00273	0.00309	0.00310	0.00317	0.00271	0.00179	0.00410	0.00427	0.00565	0.01017	0.04108	0.06208	0.80898	0.02988	0.00262	0.00271	0.00428	0.00178	0.00177
53	0.00752	0.90280	0.01474	0.00481	0.00722	0.01113	0.00481	0.00843	0.00572	0.00662	0.00391	0.00451	0.00361	0.00241	0.00181	0.00060	0.00301	0.00150	0.00120	0.00361
54	0.06416	0.00749	0.00791	0.00621	0.00835	0.00835	0.00509	0.70940	0.12698	0.01664	0.00721	0.00712	0.00518	0.00339	0.00276	0.00086	0.00293	0.00256	0.00276	0.00464
55	0.00343	0.00245	0.00326	0.00392	0.00408	0.00229	0.00261	0.00392	0.00539	0.00718	0.01551	0.89928	0.01861	0.00882	0.00359	0.00114	0.00163	0.00800	0.00261	0.00229
56	0.00729	0.00619	0.00653	0.00579	0.00743	0.00714	0.00452	0.08320	0.80975	0.01224	0.01108	0.01020	0.00829	0.00378	0.00286	0.00095	0.00230	0.00313	0.00286	0.00448
57	0.00659	0.00375	0.00479	0.00432	0.00545	0.00358	0.00342	0.04096	0.05923	0.22513	0.34793	0.04562	0.05553	0.02677	0.02315	0.00107	0.00206	0.11399	0.02335	0.00331
58	0.03326	0.00359	0.00418	0.00393	0.00482	0.00358	0.00297	0.05818	0.11333	0.01079	0.47844	0.11649	0.14402	0.00581	0.00322	0.00093	0.00162	0.00504	0.00289	0.00293
59	0.00451	0.00322	0.00451	0.00516	0.00579	0.00322	0.00450	0.00579	0.00646	0.00840	0.01491	0.04922	0.01624	0.00779	0.00388	0.00129	0.00257	0.84736	0.00259	0.00258
60	0.00389	0.00251	0.00310	0.00357	0.00383	0.00239	0.00241	0.00454	0.00543	0.00785	0.01364	0.64018	0.01546	0.06042	0.00385	0.00112	0.00162	0.00652	0.21534	0.00233
61	0.00399	0.00295	0.00329	0.00324	0.00403	0.00271	0.00241	0.00527	0.04657	0.00918	0.26887	0.07381	0.39250	0.02827	0.00341	0.00095	0.00148	0.01493	0.12957	0.00257
62	0.00395	0.00289	0.00372	0.00356	0.00422	0.00267	0.00265	0.00528	0.01863	0.01086	0.77704	0.07325	0.06874	0.00598	0.00333	0.00090	0.00136	0.00528	0.00304	0.00264
63	0.00390	0.00287	0.00365	0.00345	0.00415	0.00262	0.00259	0.00515	0.00777	0.01082	0.77454	0.02178	0.13438	0.00593	0.00332	0.00089	0.00134	0.00520	0.00304	0.00262
64	0.00719	0.00621	0.00639	0.00571	0.00727	0.03395	0.00444	0.08572	0.72554	0.01184	0.01124	0.05522	0.01858	0.00404	0.00289	0.00095	0.00235	0.00336	0.00280	0.00431
65	0.04786	0.00433	0.00471	0.00421	0.00497	0.00463	0.00298	0.22170	0.05083	0.00934	0.00860	0.01526	0.00882	0.53796	0.00968	0.00200	0.00276	0.05455	0.00209	0.00273
66	0.00346	0.00286	0.00304	0.00300	0.00389	0.00243	0.00225	0.00431	0.00674	0.00838	0.20949	0.02579	0.70095	0.00683	0.00332	0.00094	0.00140	0.00576	0.00272	0.00243
67	0.01070	0.00788	0.00844	0.00647	0.00873	0.00873	0.00535	0.87418	0.01323	0.01773	0.00676	0.00676	0.00479	0.00338	0.00281	0.00084	0.00310	0.00253	0.00281	0.00479
68	0.00732	0.00578	0.00619	0.00540	0.00687	0.00650	0.00418	0.19657	0.51459	0.02340	0.02069	0.03813	0.00847	0.10641	0.00417	0.00113	0.00242	0.00851	0.02924	0.00406
69	0.00360	0.00249	0.00323	0.00377	0.00401	0.00234	0.00255	0.00419	0.00556	0.00762	0.05911	0.76117	0.03533	0.01922	0.00359	0.00111	0.00160	0.00737	0.06982	0.00232
70	0.00398	0.00288	0.00376	0.00354	0.00420	0.00265	0.00265	0.00531	0.00796	0.01128	0.88207	0.02102	0.02655	0.00575	0.00332	0.00088	0.00133	0.00509	0.00310	0.00265
71	0.00603	0.00597	0.00838	0.00722	0.00725	0.00832	0.00600	0.00667	0.00432	0.00676	0.00392	0.00645	0.00389	0.00588	0.06144	0.00143	0.84330	0.00250	0.00125	0.00304
72	0.00349	0.00257	0.00317	0.00361	0.00393	0.00236	0.00243	0.00399	0.00553	0.00720	0.03853	0.61753	0.19137	0.09485	0.00457	0.00125	0.00169	0.00714	0.00254	0.00226
73	0.00402	0.00301	0.00452	0.00452	0.00502	0.00352	0.00352	0.00502	0.00452	0.00653	0.00754	0.01105	0.00703	0.02110	0.88996	0.00452	0.00754	0.00301	0.00151	0.00251
74	0.01070	0.00788	0.00844	0.00647	0.00873	0.00873	0.00535	0.87418	0.01323	0.01773	0.00676	0.00676	0.00479	0.00338	0.00281	0.00084	0.00310	0.00253	0.00281	0.00479
75	0.00611	0.00493	0.00535	0.00487	0.00616	0.00533	0.00377	0.15055	0.36480	0.01108	0.05085	0.14340	0.19396	0.00537	0.00311	0.00097	0.00209	0.03088	0.00277	0.00363
76	0.02969	0.02919	0.61320	0.00826	0.03440	0.00699	0.09695	0.13056	0.00702	0.01022	0.00531	0.00619	0.00382	0.00273	0.00272	0.00088	0.00398	0.00226	0.00146	0.00418
77	0.00402	0.00301	0.00452	0.00452	0.00502	0.00352	0.00352	0.00502	0.00452	0.00653	0.00754	0.01105	0.00703	0.02110	0.88996	0.00452	0.00754	0.00301	0.00151	0.00251
78	0.00453	0.00324	0.00453	0.00518	0.00583	0.00324	0.00453	0.00583	0.00648	0.00842	0.01490	0.03174	0.01619	0.00777	0.00389	0.00130	0.00259	0.86462	0.00259	0.00259
79	0.33011	0.00641	0.05452	0.00570	0.03476	0.00635	0.04167	0.24230	0.00791	0.17130	0.01562	0.05954	0.00551	0.00336	0.00250	0.00088	0.00268	0.00259	0.00236	0.00392
80	0.14701	0.00910	0.25930	0.00703	0.00870	0.08730	0.02426	0.00813	0.01387	0.00839	0.00433	0.00588	0.00365	0.00385	0.01455	0.00106	0.38668	0.00218	0.00134	0.00342
81	0.00752	0.90280	0.01474	0.00481	0.00722	0.01113	0.00481	0.00843	0.00572	0.00662	0.00391	0.00451	0.00361	0.00241	0.00181	0.00060	0.00301	0.00150	0.00120	0.00361
82	0.00583	0.00500	0.00583	0.00417	0.00667	0.00375	0.00333	0.00709	0.00583	0.00917	0.00500	0.00583	0.00417	0.00208	0.00208	0.00042	0.00208	0.00167	0.00167	0.91831
83	0.00616	0.00616	0.00862	0.00739	0.00739	0.00862	0.00616	0.00677	0.00431	0.00677	0.00369	0.00616	0.00369	0.00492	0.00923	0.00123	0.89596	0.00246	0.00123	0.00308
84	0.00351	0.00250	0.00326	0.00379	0.00398	0.00234	0.00252	0.00400	0.00541	0.00721	0.05235	0.75596	0.04200	0.09136	0.00457	0.00127	0.00172	0.00746	0.00255	0.00225
85	0.00736	0.00640	0.00709	0.00563	0.03442	0.07765	0.04133	0.21106	0.00786	0.02170	0.00687	0.00740	0.05637	0.00280	0.00245	0.00062	0.00268	0.00225	0.00198	0.49610
86	0.00531	0.00500	0.00844	0.89435	0.01938	0.00625	0.00781	0.00719	0.00563	0.00719	0.00500	0.00750	0.00375	0.00281	0.00281	0.00094	0.00375	0.00250	0.00125	0.00313
87	0.00409	0.00273	0.00307	0.00307	0.00307	0.00273	0.00170	0.00409	0.00409	0.00546	0.00887	0.01841	0.01023	0.90111	0.01432	0.00273	0.00273	0.00409	0.00170	0.00170
88	0.00479	0.00345	0.00462	0.00503	0.00577	0.00347	0.00432	0.05715	0.00695	0.00911	0.07487	0.05600	0.04421	0.00738	0.00376	0.00122	0.00247	0.70009	0.00264	0.00271
89	0.01039	0.00723	0.00783	0.00605	0.00817	0.00789	0.00498	0.74103	0.01226	0.07959	0.00727	0.00727	0.00514	0.00338	0.00275	0.00083	0.00290	0.00256	0.07789	0.00461
90	0.00407	0.00337	0.03160	0.00463	0.00524	0.00361	0.00373	0.00514	0.00457	0.00661	0.00746	0.01090	0.00693	0.02054	0.86272	0.00441	0.00743	0.00299	0.00150	0.00256
91	0.00342	0.00247	0.00324	0.00385	0.00406	0.00229	0.00258	0.00393	0.00545	0.00721	0.01628	0.84758	0.06981	0.00872	0.00358	0.00113	0.00162	0.00788	0.00261	0.00229
92	0.01048	0.00777	0.00832	0.00643	0.00864	0.00862	0.00530	0.82325	0.06452	0.01738	0.00703	0.00698	0.00501	0.00340	0.00282	0.00085	0.00304	0.00257	0.00282	0.00477
93	0.00347	0.00247	0.00325	0.00386	0.00402	0.00231	0.00255	0.00393	0.00531	0.00707	0.01509	0.84381	0.01808	0.06500	0.00427	0.00124	0.00170	0.00775	0.00255	0.00225
94	0.00409	0.00273	0.00307	0.00307	0.00307	0.00273	0.00170	0.00409	0.00409	0.00546	0.00887	0.01841	0.01023	0.90111	0.01432	0.00273	0.00273	0.00409	0.00170	0.00170
95	0.00700	0.00604	0.00636	0.00573	0.00732	0.00700	0.00445	0.01495	0.87848	0.01177	0.01145	0.01050	0.00859	0.00382	0.00286	0.00095	0.00223	0.00318	0.00286	0.00445
96	0.01996	0.00277	0.00309	0.00308	0.00311	0.00279	0.00173	0.00416	0.00410	0.00558	0.00878	0.01817	0.01011	0.88556	0.01410	0.00270	0.00272	0.00405	0.00171	0.00173
97	0.00409	0.00273	0.00307	0.00307	0.00307	0.00273	0.00170	0.00409	0.00409	0.00546	0.00887	0.01841	0.01023	0.90111	0.01432	0.00273	0.00273	0.00409	0.00170	0.00170
98	0.00453	0.00324	0.00453	0.00518	0.00583	0.00324	0.00453	0.00583	0.00648	0.00842	0.01490	0.03174	0.01619	0.00777	0.00389	0.00130	0.00259	0.86462	0.00259	0.00259
99	0.00345	0.00255	0.00323	0.00373	0.00406	0.00233	0.00256	0.00404	0.00571	0.00747	0.05867	0.68491	0.17662	0.00835	0.00353	0.00110	0.00160	0.02113	0.00263	0.00232
100	0.00350	0.00293	0.00305	0.00301	0.00394	0.00253	0.00226	0.00447	0.02868	0.00817	0.13538	0.02590	0.75271	0.00687	0.00331	0.00094	0.00143	0.00576	0.00268	0.00246
101	0.00343	0.00245	0.00326	0.00392	0.00408	0.00229	0.00261	0.00392	0.00539	0.00718	0.01551	0.89928	0.01861	0.00882	0.00359	0.00114	0.00163	0.00800	0.00261	0.00229
102	0.00394	0.00287	0.00370	0.00349	0.00417	0.00263	0.00262	0.00522	0.00785	0.01102	0.82043	0.02146	0.08836	0.00585	0.00332	0.00089	0.00133	0.00515	0.00306	0.00263
103	0.00743	0.00598	0.00641	0.00566	0.00730	0.00680	0.00443	0.05588	0.76331	0.06383	0.03324	0.01053	0.00877	0.00383	0.00287	0.00094	0.00226	0.00318	0.00290	0.00444
104	0.24014	0.00536	0.00618	0.00487	0.00695	0.00529	0.00402	0.12693	0.00792	0.55108	0.00872	0.00795	0.00569	0.00325	0.00255	0.00087	0.00243	0.00246	0.00296	0.00435
105	0.00786	0.77517	0.03031	0.00518	0.00750	0.12063	0.00500	0.00879	0.00600	0.00670	0.00399	0.00461	0.00361	0.00247	0.00191	0.00062	0.00329	0.00155	0.00123	0.00358
106	0.01051	0.01341	0.00797	0.00725	0.00870	0.88982	0.00544	0.01124	0.00797	0.00689	0.00435	0.00507	0.00362	0.00290	0.00254	0.00072	0.00507	0.00181	0.00145	0.00326
107	0.00401	0.00272	0.00323	0.00331	0.00338	0.00275	0.00199	0.00416	0.00428	0.00576	0.00950	0.11848	0.01088	0.71267	0.09902	0.00272	0.00307	0.00443	0.00179	0.00185
108	0.00371	0.00282	0.00344	0.00352	0.00418	0.00254	0.00263	0.00469	0.00688	0.00915	0.38678	0.18737	0.29372	0.00691	0.00341	0.00098	0.00151	0.07045	0.00282	0.00249
109	0.00664	0.00759	0.01660	0.01186	0.01471	0.00712	0.87334	0.00901	0.00664	0.00901	0.00569	0.00759	0.00427	0.00237	0.00332	0.00095	0.00474	0.00332	0.00142	0.00380
110	0.00443	0.00317	0.00442	0.00507	0.00567	0.00315	0.00436	0.00566	0.00638	0.00831	0.01495	0.11028	0.01641	0.00787	0.00386	0.00128	0.00250	0.78707	0.00259	0.00256
111	0.00409	0.00273	0.00307	0.00307	0.00307	0.00273	0.00170	0.00409	0.00409	0.00546	0.00887	0.01841	0.01023	0.90111	0.01432	0.00273	0.00273	0.00409	0.00170	0.00170
112	0.00394	0.00284	0.00368	0.00361	0.00419	0.00264	0.00266	0.00509	0.00737	0.01032	0.68620	0.11359	0.04041	0.05926	0.00402	0.00104	0.00150	0.04215	0.00293	0.00255
113	0.92099	0.00544	0.00414	0.00370	0.00544	0.00631	0.00305	0.00827	0.00479	0.01262	0.00392	0.00457	0.00305	0.00261	0.00174	0.00087	0.00218	0.00152	0.00174	0.00305
114	0.00489	0.00244	0.00367	0.00367	0.00367	0.00244	0.00244	0.00367	0.00367	0.00489	0.00489	0.00855	0.00489	0.00978	0.01100	0.91813	0.00244	0.00244	0.00122	0.00122
115	0.00564	0.01455	0.88653	0.00802	0.01218	0.00653	0.01040	0.00891	0.00594	0.00891	0.00505	0.00594	0.00356	0.00267	0.00267	0.00089	0.00416	0.00208	0.00119	0.00416
116	0.92099	0.00544	0.00414	0.00370	0.00544	0.00631	0.00305	0.00827	0.00479	0.01262	0.00392	0.00457	0.00305	0.00261	0.00174	0.00087	0.00218	0.00152	0.00174	0.00305
117	0.00396	0.00288	0.00372	0.00351	0.00419	0.00264	0.00263	0.00526	0.00790	0.01113	0.84709	0.02127	0.06163	0.00581	0.00332	0.00089	0.00133	0.00512	0.00308	0.00264
118	0.92099	0.00544	0.00414	0.00370	0.00544	0.00631	0.00305	0.00827	0.00479	0.01262	0.00392	0.00457	0.00305	0.00261	0.00174	0.00087	0.00218	0.00152	0.00174	0.00305
119	0.00351	0.00249	0.00323	0.00379	0.00395	0.00234	0.00249	0.00394	0.00524	0.00697	0.01495	0.76747	0.03678	0.12262	0.00495	0.00134	0.00177	0.00745	0.00250	0.00221
120	0.00589	0.00307	0.00317	0.00298	0.00380	0.00311	0.00228	0.06827	0.00649	0.04124	0.00907	0.01019	0.00703	0.00329	0.00206	0.00068	0.00148	0.00262	0.82043	0.00285
121	0.01070	0.00788	0.00844	0.00647	0.00873	0.00873	0.00535	0.87418	0.01323	0.01773	0.00676	0.00676	0.00479	0.00338	0.00281	0.00084	0.00310	0.00253	0.00281	0.00479
122	0.00402	0.00300	0.00445	0.00445	0.00493	0.00348	0.00343	0.00498	0.00450	0.00648	0.00760	0.01139	0.00718	0.06182	0.84945	0.00444	0.00731	0.00306	0.00152	0.00247
123	0.00343	0.00245	0.00326	0.00392	0.00408	0.00229	0.00261	0.00392	0.00539	0.00718	0.01551	0.89928	0.01861	0.00882	0.00359	0.00114	0.00163	0.00800	0.00261	0.00229
124	0.00343	0.00245	0.00326	0.00392	0.00408	0.00229	0.00261	0.00392	0.00539	0.00718	0.01551	0.89928	0.01861	0.00882	0.00359	0.00114	0.00163	0.00800	0.00261	0.00229
125	0.00333	0.00285	0.00285	0.00285	0.00380	0.00238	0.00214	0.00404	0.00641	0.00760	0.02850	0.02708	0.88242	0.00713	0.00333	0.00095	0.00143	0.00594	0.00261	0.00238
126	0.01051	0.01341	0.00797	0.00725	0.00870	0.88982	0.00544	0.01124	0.00797	0.00689	0.00435	0.00507	0.00362	0.00290	0.00254	0.00072	0.00507	0.00181	0.00145	0.00326
127	0.00409	0.00273	0.00307	0.00307	0.00307	0.00273	0.00170	0.00409	0.00409	0.00546	0.00887	0.01841	0.01023	0.90111	0.01432	0.00273	0.00273	0.00409	0.00170	0.00170
128	0.00489	0.00244	0.00367	0.00367	0.00367	0.00244	0.00244	0.00367	0.00367	0.00489	0.00489	0.00855	0.00489	0.00978	0.01100	0.91813	0.00244	0.00244	0.00122	0.00122
129	0.00424	0.00304	0.00340	0.00338	0.00349	0.02529	0.00206	0.00440	0.00425	0.00564	0.00856	0.01704	0.00961	0.75414	0.13765	0.00293	0.00347	0.00388	0.00167	0.00186
130	0.00712	0.00611	0.00682	0.00599	0.00757	0.00706	0.03121	0.03171	0.78179	0.02672	0.01084	0.01013	0.00814	0.00381	0.00315	0.00096	0.04059	0.00314	0.00276	0.00439
131	0.00531	0.00500	0.00844	0.89435	0.01938	0.00625	0.00781	0.00719	0.00563	0.00719	0.00500	0.00750	0.00375	0.00281	0.00281	0.00094	0.00375	0.00250	0.00125	0.00313
132	0.00340	0.00275	0.00302	0.00317	0.00390	0.00238	0.00230	0.00411	0.00628	0.00779	0.09289	0.24189	0.60142	0.00743	0.00339	0.00099	0.00147	0.00638	0.00265	0.00238
133	0.00664	0.00759	0.01660	0.01186	0.01471	0.00712	0.87334	0.00901	0.00664	0.00901	0.00569	0.00759	0.00427	0.00237	0.00332	0.00095	0.00474	0.00332	0.00142	0.00380
134	0.01262	0.00479	0.00653	0.00501	0.00718	0.00414	0.00414	0.01371	0.00805	0.88551	0.01110	0.00958	0.00697	0.00348	0.00283	0.00087	0.00239	0.00283	0.00348	0.00479
135	0.01051	0.01341	0.00797	0.00725	0.00870	0.88982	0.00544	0.01124	0.00797	0.00689	0.00435	0.00507	0.00362	0.00290	0.00254	0.00072	0.00507	0.00181	0.00145	0.00326
136	0.00696	0.00669	0.01142	0.01727	0.88356	0.00669	0.00864	0.00864	0.00641	0.00919	0.00529	0.00696	0.00446	0.00251	0.00279	0.00084	0.00334	0.00251	0.00139	0.00446
137	0.01252	0.00495	0.00663	0.00508	0.00727	0.00438	0.00420	0.05978	0.00833	0.83905	0.01087	0.00943	0.00685	0.00348	0.00283	0.00087	0.00243	0.00281	0.00345	0.00479
138	0.01256	0.00489	0.00659	0.00505	0.00723	0.00428	0.00417	0.04061	0.00822	0.85838	0.01097	0.00949	0.00690	0.00348	0.00283	0.00087	0.00242	0.00282	0.00346	0.00479
139	0.00333	0.00283	0.00287	0.00290	0.00381	0.00237	0.00216	0.00403	0.00637	0.00758	0.02795	0.06442	0.84544	0.00720	0.00334	0.00096	0.00143	0.00603	0.00261	0.00237
140	0.00695	0.00674	0.01173	0.01695	0.83206	0.00671	0.05989	0.00866	0.00642	0.00918	0.00532	0.00700	0.00445	0.00250	0.00282	0.00084	0.00343	0.00256	0.00139	0.00442
141	0.01262	0.00479	0.00653	0.00501	0.00718	0.00414	0.00414	0.01371	0.00805	0.88551	0.01110	0.00958	0.00697	0.00348	0.00283	0.00087	0.00239	0.00283	0.00348	0.00479
142	0.00447	0.00319	0.00446	0.00511	0.00573	0.00318	0.00442	0.00572	0.00641	0.00835	0.01493	0.08316	0.01634	0.00783	0.00387	0.00129	0.00253	0.81384	0.00259	0.00257
143	0.00355	0.00269	0.00325	0.00355	0.00406	0.00243	0.00253	0.00424	0.00605	0.00780	0.11811	0.41171	0.31746	0.04336	0.00391	0.00112	0.00163	0.05758	0.00263	0.00235
144	0.00387	0.00285	0.00364	0.00363	0.00427	0.00262	0.00273	0.00501	0.00733	0.01007	0.59493	0.13068	0.13659	0.00647	0.00340	0.00096	0.00148	0.07397	0.00293	0.00257
145	0.01051	0.01341	0.00797	0.00725	0.00870	0.88982	0.00544	0.01124	0.00797	0.00689	0.00435	0.00507	0.00362	0.00290	0.00254	0.00072	0.00507	0.00181	0.00145	0.00326
146	0.00543	0.00512	0.00864	0.83497	0.07789	0.00628	0.00787	0.00729	0.00568	0.00732	0.00502	0.00747	0.00380	0.00279	0.00281	0.00093	0.00372	0.00250	0.00126	0.00322
147	0.00348	0.00286	0.00307	0.00302	0.00390	0.00244	0.00226	0.00435	0.00679	0.00849	0.23480	0.02561	0.67557	0.00679	0.00332	0.00093	0.00140	0.00573	0.00273	0.00244
148	0.76320	0.00586	0.00488	0.00418	0.00601	0.00673	0.00345	0.15836	0.00625	0.01351	0.00441	0.00495	0.00335	0.00274	0.00193	0.00087	0.00234	0.00170	0.00193	0.00335
149	0.00752	0.90280	0.01474	0.00481	0.00722	0.01113	0.00481	0.00843	0.00572	0.00662	0.00391	0.00451	0.00361	0.00241	0.00181	0.00060	0.00301	0.00150	0.00120	0.00361
150	0.00387	0.00268	0.00308	0.00322	0.00335	0.00260	0.00194	0.00405	0.00461	0.00604	0.01237	0.19745	0.10780	0.62245	0.01094	0.00221	0.00236	0.00508	0.00199	0.00190
151	0.51260	0.00512	0.00451	0.00395	0.00549	0.02173	0.00316	0.10089	0.00629	0.06361	0.03972	0.00974	0.12600	0.05161	0.00289	0.00097	0.00221	0.00263	0.03374	0.00315
152	0.00348	0.00251	0.00326	0.00379	0.00403	0.00233	0.00254	0.00402	0.00556	0.00739	0.06752	0.74964	0.07989	0.04481	0.00399	0.00118	0.00164	0.00752	0.00260	0.00229
153	0.00747	0.00364	0.00475	0.00426	0.00548	0.00325	0.00327	0.00854	0.02906	0.37891	0.12031	0.27530	0.12152	0.00584	0.00319	0.00097	0.00192	0.01581	0.00304	0.00346
154	0.00346	0.00253	0.00320	0.00372	0.00400	0.00233	0.00251	0.00396	0.00549	0.00717	0.01714	0.71397	0.14963	0.05374	0.00410	0.00120	0.00167	0.01533	0.00257	0.00227
155	0.75239	0.00535	0.00460	0.00396	0.00578	0.00596	0.00326	0.01856	0.00545	0.16526	0.00520	0.00547	0.00375	0.00277	0.00194	0.00087	0.00222	0.00176	0.00206	0.00337
156	0.00359	0.00287	0.00307	0.00307	0.00396	0.00245	0.00230	0.00437	0.00653	0.02445	0.10561	0.07874	0.71624	0.00705	0.00334	0.00096	0.00147	0.02480	0.00267	0.00245
157	0.00421	0.00294	0.00349	0.00361	0.00386	0.00290	0.00232	0.05566	0.00537	0.00718	0.05592	0.35133	0.03352	0.44484	0.00878	0.00188	0.00224	0.00557	0.00220	0.00217
158	0.16752	0.00462	0.00483	0.00440	0.00573	0.00495	0.00341	0.04410	0.27773	0.09833	0.03875	0.13418	0.11483	0.00466	0.00276	0.00093	0.00199	0.00384	0.07896	0.00349
159	0.00398	0.00322	0.00343	0.00338	0.00428	0.00296	0.00250	0.05611	0.04399	0.00839	0.05524	0.15147	0.60931	0.03440	0.00365	0.00102	0.00163	0.00583	0.00263	0.00258
160	0.00409	0.00275	0.00319	0.00319	0.00323	0.00279	0.00186	0.00417	0.00413	0.00555	0.00875	0.01780	0.00996	0.82725	0.08782	0.00288	0.00313	0.00400	0.00169	0.00177
161	0.00441	0.02033	0.00421	0.00390	0.00474	0.01435	0.00298	0.02774	0.07298	0.01883	0.24034	0.07955	0.27269	0.02624	0.17760	0.00168	0.00285	0.01935	0.00250	0.00274
162	0.00643	0.00626	0.02283	0.00514	0.02905	0.21561	0.00386	0.00850	0.13871	0.00899	0.07159	0.06504	0.08605	0.01267	0.04069	0.00100	0.03983	0.00332	0.23134	0.00310
163	0.00404	0.00288	0.00340	0.00341	0.00368	0.00293	0.00220	0.00458	0.03189	0.00624	0.01952	0.05837	0.12145	0.56363	0.15761	0.00265	0.00328	0.00431	0.00188	0.00205
164	0.28395	0.00636	0.00838	0.11421	0.38236	0.06360	0.03126	0.00832	0.00582	0.00969	0.00493	0.00644	0.00404	0.00370	0.05506	0.00107	0.00344	0.00222	0.00149	0.00366
165	0.01014	0.00582	0.00679	0.00550	0.00746	0.00605	0.00445	0.19995	0.29993	0.38386	0.01023	0.00930	0.00704	0.00357	0.00282	0.00089	0.00246	0.00288	0.02624	0.00462
166	0.00377	0.00279	0.00352	0.00350	0.00412	0.00254	0.00256	0.00484	0.00722	0.00990	0.57854	0.19109	0.16208	0.00656	0.00337	0.00095	0.00140	0.00579	0.00293	0.00254
167	0.00734	0.70604	0.16553	0.00549	0.00815	0.05262	0.00581	0.00865	0.00586	0.00703	0.00413	0.00479	0.00360	0.00248	0.00199	0.00066	0.00331	0.00162	0.00121	0.00369
168	0.00403	0.00299	0.00437	0.00437	0.00482	0.00344	0.00333	0.00493	0.00448	0.00642	0.00767	0.01181	0.00736	0.11165	0.79987	0.00434	0.00704	0.00313	0.00153	0.00243
169	0.06353	0.09137	0.00665	0.00468	0.00636	0.00537	0.00376	0.15699	0.00764	0.38136	0.01876	0.01044	0.01700	0.18651	0.00500	0.00121	0.00258	0.00288	0.01847	0.00944
170	0.00724	0.00588	0.00631	0.00550	0.00706	0.00659	0.00431	0.20500	0.53209	0.01268	0.09012	0.04937	0.04687	0.00425	0.00294	0.00093	0.00228	0.00353	0.00285	0.00418
171	0.00453	0.00342	0.00409	0.00387	0.00471	0.00335	0.00291	0.03542	0.11885	0.02102	0.49888	0.12049	0.15572	0.00596	0.00327	0.00093	0.00156	0.00520	0.00293	0.00290
172	0.00514	0.00316	0.00403	0.00366	0.00402	0.00307	0.03929	0.00536	0.00464	0.10241	0.00898	0.01698	0.00962	0.76390	0.01259	0.00245	0.00278	0.00392	0.00189	0.00213
173	0.01094	0.00551	0.00659	0.00519	0.00717	0.03217	0.00423	0.20109	0.02095	0.54653	0.07302	0.01060	0.05525	0.00381	0.00288	0.00087	0.00250	0.00307	0.00319	0.00445
174	0.00517	0.00323	0.00405	0.00411	0.00476	0.00309	0.00293	0.04305	0.04611	0.12001	0.05733	0.51459	0.07438	0.08320	0.00431	0.00120	0.00190	0.02110	0.00269	0.00279
175	0.00823	0.00491	0.00574	0.00479	0.00642	0.00492	0.00382	0.14297	0.19425	0.28331	0.14362	0.01408	0.16165	0.00451	0.00299	0.00090	0.00214	0.00374	0.00304	0.00398
176	0.00683	0.00575	0.00633	0.00479	0.00706	0.03204	0.00384	0.15800	0.07176	0.01066	0.00587	0.00654	0.00471	0.00329	0.04112	0.00072	0.00260	0.00199	0.00194	0.62414
177	0.00493	0.00482	0.03432	0.00629	0.02253	0.02065	0.22136	0.02597	0.02791	0.00783	0.01183	0.14258	0.15592	0.10619	0.19184	0.00192	0.00396	0.00436	0.00191	0.00289
178	0.00376	0.00265	0.00334	0.00362	0.00385	0.00257	0.00240	0.00424	0.00528	0.00711	0.11601	0.40812	0.05104	0.29567	0.06083	0.00182	0.00232	0.02090	0.00231	0.00217
179	0.00678	0.00603	0.05191	0.00817	0.19127	0.00580	0.07267	0.20571	0.08487	0.02581	0.07359	0.10943	0.07914	0.00464	0.02366	0.00099	0.00285	0.00910	0.03377	0.00381
180	0.03456	0.13904	0.06359	0.00651	0.00844	0.33579	0.04243	0.14473	0.12127	0.03241	0.00610	0.01692	0.00490	0.02788	0.00288	0.00084	0.00377	0.00229	0.00187	0.00376
181	0.00651	0.05959	0.03226	0.00663	0.12306	0.08621	0.02932	0.06303	0.06482	0.04310	0.01729	0.01060	0.00682	0.22287	0.10268	0.00169	0.04175	0.00293	0.07564	0.00320
182	0.00790	0.00665	0.00731	0.00728	0.12428	0.08900	0.00508	0.16992	0.32654	0.06332	0.05999	0.00930	0.00758	0.00484	0.06862	0.00115	0.01594	0.00289	0.00243	0.01998
183	0.00384	0.00280	0.00320	0.00336	0.00381	0.00261	0.00226	0.00448	0.02702	0.01704	0.03512	0.27004	0.29693	0.28431	0.00678	0.00155	0.00193	0.01654	0.01415	0.00223
184	0.02761	0.00681	0.00629	0.00555	0.00691	0.19796	0.03132	0.19560	0.09617	0.01039	0.05029	0.10625	0.13793	0.01386	0.01427	0.00097	0.01224	0.05475	0.01070	0.01414
185	0.00398	0.00275	0.00311	0.00312	0.00327	0.00271	0.00186	0.00412	0.00443	0.00581	0.01146	0.03882	0.12136	0.72970	0.05017	0.00254	0.00274	0.00437	0.00183	0.00184
186	0.05605	0.00307	0.00351	0.00366	0.00403	0.00307	0.00243	0.05588	0.00541	0.00759	0.01244	0.40403	0.05993	0.33446	0.00731	0.00167	0.00213	0.00563	0.02543	0.00228

[dist]
# distance from previous block
# <min> <max>
0	1

[block]
# block no. 2 follows, 104 sequences, length 325
# corresponding to MSA columns:
# 219-543
name=unknown_C
#
# <colnr> <probs for GDERKNQSTAVLIFYWHMCP>
#	G	D	E	R	K	N	Q	S	T	A	V	L	I	F	Y	W	H	M	C	P
0	0.01010	0.01240	0.00773	0.00698	0.00844	0.77193	0.00525	0.05513	0.04619	0.00765	0.00542	0.00612	0.02466	0.01674	0.00276	0.00078	0.00473	0.00204	0.00161	0.00335
1	0.00424	0.00305	0.00370	0.00371	0.00438	0.00297	0.00276	0.00532	0.04543	0.03438	0.09772	0.10325	0.28451	0.12652	0.15614	0.01578	0.00282	0.07210	0.02872	0.00250
2	0.00700	0.19834	0.22908	0.00803	0.14958	0.09076	0.02318	0.10108	0.00691	0.00897	0.00734	0.01457	0.08840	0.00372	0.02691	0.00092	0.02731	0.00252	0.00158	0.00381
3	0.00401	0.00272	0.00325	0.00335	0.00360	0.00261	0.00214	0.00430	0.00504	0.01999	0.08945	0.20935	0.11670	0.45289	0.02516	0.04387	0.00228	0.00513	0.00213	0.00203
4	0.15993	0.05030	0.07760	0.00712	0.07381	0.33612	0.00558	0.17310	0.00783	0.01029	0.00492	0.00568	0.00389	0.00298	0.00278	0.00081	0.04835	0.00201	0.02322	0.00367
5	0.00696	0.00374	0.00461	0.00413	0.00536	0.00344	0.00318	0.03532	0.05840	0.29687	0.09983	0.20561	0.22256	0.01313	0.00324	0.00096	0.00189	0.00492	0.02247	0.00337
6	0.00347	0.00261	0.00321	0.00364	0.00404	0.00238	0.00250	0.00412	0.01599	0.00744	0.04400	0.62384	0.24390	0.02029	0.00365	0.00110	0.00159	0.00727	0.00262	0.00234
7	0.00875	0.36992	0.01037	0.00579	0.00772	0.26749	0.00491	0.10856	0.11912	0.03625	0.01646	0.00631	0.00489	0.01910	0.00255	0.00076	0.00348	0.00206	0.00178	0.00374
8	0.00383	0.00276	0.00344	0.00370	0.00411	0.00260	0.00255	0.00472	0.03588	0.01753	0.19075	0.48746	0.11313	0.10837	0.00468	0.00124	0.00170	0.00653	0.00263	0.00241
9	0.00489	0.00316	0.00355	0.00330	0.00440	0.00269	0.00254	0.00572	0.00681	0.14778	0.11115	0.04048	0.63261	0.00645	0.00326	0.00094	0.00158	0.01310	0.00280	0.00279
10	0.49143	0.00449	0.00384	0.00347	0.00481	0.00501	0.00278	0.06874	0.00583	0.01213	0.00622	0.00709	0.00483	0.00293	0.00191	0.00078	0.00190	0.00203	0.36679	0.00300
11	0.00358	0.00279	0.00306	0.00309	0.00378	0.00246	0.00220	0.00428	0.00622	0.00788	0.15660	0.11540	0.52266	0.13102	0.00485	0.00120	0.00161	0.00570	0.01928	0.00232
12	0.00365	0.00253	0.00320	0.00366	0.00379	0.00241	0.00235	0.00403	0.00505	0.00680	0.01357	0.64127	0.01609	0.24887	0.00644	0.00156	0.00192	0.00682	0.02385	0.00214
13	0.00340	0.00255	0.00316	0.00364	0.00401	0.00231	0.00249	0.00395	0.00565	0.00729	0.01890	0.67187	0.24383	0.00838	0.00352	0.00109	0.00158	0.00746	0.00261	0.00231
14	0.00409	0.00273	0.00307	0.00307	0.00307	0.00273	0.00170	0.00409	0.00409	0.00546	0.00887	0.01841	0.01023	0.90111	0.01432	0.00273	0.00273	0.00409	0.00170	0.00170
15	0.00353	0.00281	0.00315	0.00317	0.00393	0.00245	0.00232	0.00437	0.00666	0.00851	0.25981	0.12591	0.52837	0.02789	0.00361	0.00100	0.00145	0.00590	0.00272	0.00243
16	0.92099	0.00544	0.00414	0.00370	0.00544	0.00631	0.00305	0.00827	0.00479	0.01262	0.00392	0.00457	0.00305	0.00261	0.00174	0.00087	0.00218	0.00152	0.00174	0.00305
17	0.01214	0.00470	0.00634	0.00490	0.00698	0.00410	0.00403	0.02266	0.00802	0.82343	0.02705	0.00980	0.00731	0.00351	0.00280	0.00086	0.00234	0.00286	0.04152	0.00466
18	0.00412	0.00303	0.00391	0.00391	0.00462	0.00287	0.00309	0.00553	0.02793	0.01027	0.57696	0.02386	0.10646	0.00631	0.00344	0.00099	0.00165	0.20547	0.00293	0.00266
19	0.92099	0.00544	0.00414	0.00370	0.00544	0.00631	0.00305	0.00827	0.00479	0.01262	0.00392	0.00457	0.00305	0.00261	0.00174	0.00087	0.00218	0.00152	0.00174	0.00305
20	0.00696	0.00669	0.01142	0.01727	0.88356	0.00669	0.00864	0.00864	0.00641	0.00919	0.00529	0.00696	0.00446	0.00251	0.00279	0.00084	0.00334	0.00251	0.00139	0.00446
21	0.01070	0.00788	0.00844	0.00647	0.00873	0.00873	0.00535	0.87418	0.01323	0.01773	0.00676	0.00676	0.00479	0.00338	0.00281	0.00084	0.00310	0.00253	0.00281	0.00479
22	0.01262	0.00479	0.00653	0.00501	0.00718	0.00414	0.00414	0.01371	0.00805	0.88551	0.01110	0.00958	0.00697	0.00348	0.00283	0.00087	0.00239	0.00283	0.00348	0.00479
23	0.00664	0.00759	0.01660	0.01186	0.01471	0.00712	0.87334	0.00901	0.00664	0.00901	0.00569	0.00759	0.00427	0.00237	0.00332	0.00095	0.00474	0.00332	0.00142	0.00380
24	0.00345	0.00261	0.00319	0.00357	0.00401	0.00235	0.00248	0.00409	0.00594	0.00770	0.10320	0.55928	0.27190	0.00803	0.00349	0.00106	0.00154	0.00712	0.00266	0.00235
25	0.78067	0.00503	0.00397	0.00360	0.00508	0.00576	0.00284	0.00763	0.00468	0.01153	0.00468	0.00669	0.00415	0.14012	0.00367	0.00115	0.00226	0.00192	0.00174	0.00284
26	0.00343	0.00245	0.00326	0.00391	0.00407	0.00229	0.00260	0.00392	0.00537	0.00717	0.01544	0.89063	0.01853	0.01757	0.00370	0.00116	0.00164	0.00796	0.00260	0.00228
27	0.00616	0.00616	0.00862	0.00739	0.00739	0.00862	0.00616	0.00677	0.00431	0.00677	0.00369	0.00616	0.00369	0.00492	0.00923	0.00123	0.89596	0.00246	0.00123	0.00308
28	0.00629	0.00532	0.00570	0.00525	0.00660	0.00599	0.00403	0.03272	0.66106	0.01106	0.04563	0.11649	0.07229	0.00470	0.00300	0.00097	0.00209	0.00400	0.00282	0.00399
