[name]
nad6

[dist]
# distance from previous block
# <min> <max>
0	16

[block]
# block no. 0 follows, 101 sequences, length 10
# corresponding to MSA columns:
# 16-25
name=unknown_A
#
# <colnr> <probs for GDERKNQSTAVLIFYWHMCP>
#	G	D	E	R	K	N	Q	S	T	A	V	L	I	F	Y	W	H	M	C	P
0	0.06074	0.00356	0.00380	0.00376	0.00456	0.02345	0.00279	0.02158	0.02880	0.03306	0.11894	0.09844	0.31074	0.17392	0.00545	0.00135	0.00206	0.09790	0.00251	0.00259
1	0.00369	0.00271	0.00317	0.00344	0.00379	0.00251	0.00226	0.00410	0.00541	0.00694	0.01756	0.38573	0.25775	0.27946	0.00695	0.00161	0.00196	0.00639	0.00239	0.00219
2	0.02826	0.00361	0.00412	0.00387	0.00427	0.00385	0.00260	0.06930	0.03909	0.00757	0.05421	0.03992	0.06307	0.56507	0.04735	0.00227	0.05311	0.00410	0.00200	0.00235
3	0.03530	0.00395	0.00430	0.00418	0.00496	0.04666	0.00313	0.03816	0.04590	0.00808	0.04442	0.10522	0.27854	0.08752	0.25651	0.00218	0.02155	0.00456	0.00219	0.00269
4	0.04177	0.00355	0.00393	0.00388	0.00447	0.00361	0.00266	0.07940	0.06924	0.00828	0.01398	0.26323	0.14973	0.33074	0.00743	0.00168	0.00224	0.00530	0.00234	0.00255
5	0.00440	0.00319	0.00369	0.00377	0.00425	0.00311	0.00261	0.06889	0.00596	0.00772	0.01551	0.24167	0.19949	0.33709	0.00766	0.00172	0.00224	0.08232	0.00235	0.00236
6	0.00893	0.00584	0.00658	0.00544	0.00712	0.00624	0.00439	0.40110	0.09091	0.13982	0.00955	0.04504	0.01990	0.04116	0.04398	0.00115	0.00286	0.05037	0.10550	0.00413
7	0.08028	0.00446	0.00485	0.00436	0.00563	0.00457	0.00336	0.10537	0.15265	0.11135	0.04456	0.07830	0.24510	0.09538	0.00423	0.00115	0.00215	0.03305	0.01584	0.00336
8	0.00394	0.00295	0.00351	0.00372	0.00425	0.00275	0.00262	0.04020	0.00630	0.00819	0.10118	0.42163	0.26241	0.09592	0.00464	0.00124	0.00178	0.02767	0.00264	0.00246
9	0.20144	0.00357	0.00399	0.00399	0.00491	0.00353	0.00297	0.00642	0.00610	0.11841	0.09102	0.40626	0.10182	0.00650	0.00313	0.00104	0.00187	0.02751	0.00264	0.00288

[dist]
# distance from previous block
# <min> <max>
0	4

[block]
# block no. 1 follows, 101 sequences, length 64
# corresponding to MSA columns:
# 30-93
name=unknown_B
#
# <colnr> <probs for GDERKNQSTAVLIFYWHMCP>
#	G	D	E	R	K	N	Q	S	T	A	V	L	I	F	Y	W	H	M	C	P
0	0.00544	0.00372	0.00428	0.00394	0.00494	0.00355	0.00295	0.11595	0.01935	0.08329	0.18417	0.15304	0.31676	0.08025	0.00426	0.00112	0.00190	0.00533	0.00280	0.00297
1	0.00520	0.00393	0.00561	0.00709	0.18801	0.00390	0.00441	0.02945	0.00606	0.02548	0.01164	0.17647	0.02579	0.21292	0.00605	0.00150	0.00263	0.25365	0.02730	0.00289
2	0.00479	0.00358	0.00440	0.00407	0.00492	0.00356	0.00308	0.05305	0.10907	0.01181	0.69655	0.05497	0.02354	0.00566	0.00333	0.00092	0.00158	0.00497	0.00311	0.00304
3	0.00418	0.00346	0.00373	0.00361	0.00460	0.00329	0.00272	0.00628	0.15329	0.00924	0.19445	0.06285	0.52468	0.00653	0.00334	0.00097	0.00159	0.00553	0.00282	0.00285
4	0.00669	0.00501	0.00576	0.00512	0.01847	0.00541	0.00387	0.30474	0.08194	0.01162	0.10030	0.07976	0.07316	0.13741	0.14575	0.00179	0.00335	0.00391	0.00249	0.00344
5	0.00882	0.00612	0.00685	0.00569	0.00744	0.00660	0.00458	0.38178	0.20872	0.11782	0.10372	0.05947	0.00977	0.00433	0.00303	0.00093	0.00255	0.03818	0.01929	0.00432
6	0.00728	0.00754	0.02360	0.08639	0.14240	0.09910	0.30511	0.07639	0.12722	0.00996	0.03650	0.04421	0.00630	0.00322	0.00308	0.00092	0.00383	0.00318	0.00186	0.01192
7	0.01044	0.01302	0.00824	0.00742	0.00881	0.79620	0.00563	0.03438	0.00803	0.00735	0.00447	0.00533	0.00375	0.00314	0.00313	0.00079	0.07307	0.00193	0.00151	0.00337
8	0.00766	0.00579	0.00658	0.00517	0.00737	0.00551	0.00417	0.16558	0.19865	0.08364	0.00788	0.00871	0.00617	0.00315	0.00259	0.00071	0.00240	0.04108	0.00239	0.43481
9	0.00382	0.00291	0.00348	0.00338	0.00412	0.00260	0.00250	0.00487	0.00735	0.00984	0.50949	0.06940	0.32777	0.03111	0.00373	0.00100	0.00145	0.00565	0.00293	0.00257
10	0.00486	0.00440	0.02973	0.00560	0.00608	0.00516	0.02789	0.00577	0.00463	0.00678	0.00665	0.01047	0.00642	0.10716	0.50356	0.00330	0.25430	0.00303	0.00148	0.00273
11	0.01117	0.00774	0.00844	0.00647	0.00877	0.00844	0.00535	0.77916	0.01299	0.11087	0.00740	0.00723	0.00514	0.00347	0.00289	0.00087	0.00310	0.00263	0.00296	0.00490
12	0.19680	0.00371	0.00426	0.00397	0.00503	0.00366	0.00303	0.00711	0.00687	0.15121	0.34265	0.21194	0.03773	0.00558	0.00304	0.00096	0.00179	0.00477	0.00282	0.00307
13	0.00376	0.00263	0.00332	0.00372	0.00388	0.00251	0.00240	0.00417	0.00531	0.00713	0.07622	0.56805	0.01706	0.27783	0.00699	0.00164	0.00199	0.00677	0.00243	0.00219
14	0.00486	0.00360	0.00403	0.00389	0.00422	0.03340	0.00257	0.06728	0.00515	0.00685	0.00876	0.05155	0.00951	0.58402	0.19553	0.00291	0.00389	0.00393	0.00182	0.00223
15	0.00351	0.00251	0.00335	0.00402	0.00418	0.00234	0.00268	0.00402	0.00552	0.00736	0.01589	0.89678	0.01907	0.00903	0.00368	0.00117	0.00167	0.00820	0.00268	0.00234
16	0.00373	0.00292	0.00338	0.00330	0.00410	0.00257	0.00246	0.00476	0.00729	0.00957	0.43460	0.06001	0.43758	0.00670	0.00342	0.00095	0.00142	0.00576	0.00291	0.00257
17	0.05848	0.00383	0.03948	0.00434	0.00494	0.03309	0.00320	0.00557	0.04546	0.03109	0.03713	0.64232	0.01595	0.05599	0.00403	0.00119	0.00203	0.00668	0.00252	0.00265
18	0.01955	0.00474	0.00553	0.00482	0.00609	0.00487	0.00374	0.26243	0.04444	0.10680	0.25240	0.20946	0.01474	0.00539	0.00316	0.00094	0.00213	0.00462	0.04055	0.00360
19	0.00419	0.00281	0.00320	0.00320	0.00321	0.00282	0.00181	0.00423	0.00421	0.00563	0.00904	0.01861	0.01037	0.86883	0.04435	0.00286	0.00296	0.00416	0.00174	0.00178
20	0.00423	0.00318	0.00357	0.00359	0.00414	0.00311	0.00245	0.00561	0.10413	0.00798	0.10982	0.17313	0.23410	0.29547	0.00701	0.00158	0.00201	0.00534	0.02709	0.00247
21	0.03265	0.00644	0.00585	0.00530	0.00652	0.16924	0.00398	0.16884	0.13130	0.06019	0.01116	0.22047	0.06827	0.09147	0.00417	0.00113	0.00285	0.00426	0.00247	0.00344
22	0.26819	0.00645	0.00669	0.00542	0.00742	0.00704	0.00446	0.38684	0.06466	0.14452	0.03072	0.00837	0.00604	0.00353	0.00264	0.00090	0.00267	0.03653	0.00268	0.00423
23	0.07560	0.00680	0.00740	0.00599	0.00802	0.00742	0.00491	0.47196	0.17696	0.13564	0.00878	0.00950	0.00657	0.00379	0.00289	0.00092	0.00280	0.05659	0.00290	0.00457
24	0.21257	0.00442	0.00464	0.00410	0.00544	0.00450	0.00317	0.06821	0.05736	0.18446	0.01267	0.06188	0.17146	0.11892	0.00425	0.00116	0.00219	0.01548	0.05981	0.00331
25	0.00361	0.00279	0.00326	0.00359	0.00414	0.00250	0.00252	0.01920	0.00615	0.00779	0.03354	0.49811	0.38614	0.00815	0.00355	0.00108	0.00160	0.00716	0.00269	0.00243
26	0.00514	0.00357	0.00437	0.00448	0.00511	0.00355	0.00320	0.15328	0.00703	0.04206	0.01457	0.68569	0.04095	0.00782	0.00351	0.00110	0.00195	0.00698	0.00275	0.00288
27	0.00402	0.00274	0.00326	0.00341	0.00356	0.00266	0.00211	0.00434	0.00505	0.00685	0.10498	0.24703	0.02775	0.53612	0.01013	0.00209	0.00229	0.00534	0.02423	0.00204
28	0.00369	0.00265	0.00336	0.00375	0.00409	0.00245	0.00256	0.00422	0.00581	0.00766	0.10788	0.55384	0.15476	0.06898	0.00470	0.04250	0.00174	0.02043	0.00260	0.00231
29	0.00487	0.00338	0.00416	0.00432	0.00484	0.00337	0.00306	0.10151	0.02139	0.03515	0.01367	0.54483	0.02744	0.13935	0.02269	0.00144	0.00222	0.05706	0.00257	0.00268
30	0.26311	0.01104	0.43386	0.00825	0.13338	0.08606	0.00782	0.00912	0.00601	0.01006	0.00482	0.00576	0.00364	0.00272	0.00247	0.00088	0.00366	0.00201	0.00143	0.00390
31	0.00456	0.00319	0.00355	0.00357	0.00422	0.02658	0.00261	0.02735	0.00690	0.00993	0.29192	0.23542	0.11452	0.00601	0.00307	0.00091	0.00159	0.00522	0.24622	0.00266
32	0.00590	0.09400	0.77588	0.00777	0.01175	0.00698	0.00987	0.00896	0.00614	0.00900	0.03473	0.00648	0.00446	0.00282	0.00268	0.00089	0.00406	0.00218	0.00129	0.00416
33	0.00419	0.00282	0.00327	0.00327	0.00332	0.00286	0.00191	0.00428	0.00423	0.00569	0.00897	0.01822	0.01020	0.82344	0.08951	0.00295	0.00322	0.00410	0.00173	0.00182
34	0.00377	0.00279	0.00348	0.00389	0.00434	0.00259	0.00282	0.00447	0.00598	0.00777	0.07138	0.43171	0.20577	0.08665	0.00462	0.00128	0.00187	0.14978	0.00262	0.00239
35	0.11433	0.00584	0.00693	0.00537	0.00758	0.00575	0.00443	0.24492	0.00927	0.53375	0.00922	0.00838	0.00603	0.00341	0.00275	0.00088	0.00262	0.00264	0.00315	0.02276
36	0.00356	0.00264	0.00330	0.00375	0.00410	0.00245	0.00255	0.00410	0.00562	0.00731	0.01795	0.61238	0.20316	0.06741	0.04420	0.00139	0.00197	0.00725	0.00257	0.00233
37	0.00379	0.00281	0.00354	0.00397	0.00445	0.00261	0.00294	0.00454	0.00606	0.00783	0.05745	0.42373	0.21915	0.05474	0.00424	0.00123	0.00188	0.18997	0.00265	0.00242
38	0.00404	0.00273	0.00319	0.00335	0.00339	0.00269	0.00196	0.00415	0.00450	0.00600	0.01067	0.22259	0.01248	0.69222	0.01213	0.00242	0.00254	0.00512	0.00196	0.00189
39	0.00351	0.00274	0.00319	0.00347	0.00406	0.00242	0.00245	0.00419	0.00623	0.00790	0.09170	0.41904	0.42291	0.00797	0.00353	0.00106	0.00155	0.00697	0.00272	0.00242
40	0.00391	0.00312	0.00355	0.00371	0.00445	0.00292	0.00272	0.00535	0.09039	0.00839	0.08788	0.30946	0.41404	0.00746	0.00347	0.00105	0.00165	0.04109	0.00274	0.00264
41	0.00373	0.00292	0.00337	0.00328	0.00410	0.00257	0.00245	0.00475	0.00730	0.00956	0.43081	0.04583	0.45566	0.00668	0.00341	0.00095	0.00142	0.00573	0.00291	0.00257
42	0.00412	0.00309	0.00463	0.00463	0.00515	0.00360	0.00360	0.00515	0.00463	0.00669	0.00772	0.01133	0.00721	0.02163	0.88723	0.00463	0.00772	0.00309	0.00154	0.00257
43	0.00585	0.00329	0.00437	0.00400	0.00493	0.00298	0.00303	0.00702	0.00778	0.19318	0.56512	0.15339	0.02176	0.00589	0.00334	0.00094	0.00164	0.00519	0.00318	0.00312
44	0.91903	0.00558	0.00424	0.00379	0.00558	0.00647	0.00312	0.00848	0.00491	0.01294	0.00402	0.00468	0.00312	0.00268	0.00178	0.00089	0.00223	0.00156	0.00178	0.00312
45	0.01294	0.00491	0.00669	0.00513	0.00736	0.00424	0.00424	0.01405	0.00825	0.88267	0.01138	0.00981	0.00714	0.00357	0.00290	0.00089	0.00245	0.00290	0.00357	0.00491
46	0.00349	0.00292	0.00303	0.00300	0.00394	0.00247	0.00225	0.00429	0.00675	0.00822	0.12651	0.02704	0.78194	0.00714	0.00341	0.00097	0.00145	0.00599	0.00273	0.00247
47	0.01127	0.00510	0.00652	0.00525	0.00726	0.00481	0.00425	0.01393	0.20084	0.65374	0.01164	0.04597	0.00799	0.00387	0.00294	0.00092	0.00238	0.00319	0.00339	0.00473
48	0.00395	0.00294	0.00367	0.00349	0.00423	0.00267	0.00262	0.00519	0.00786	0.01083	0.71486	0.02274	0.19196	0.00617	0.00340	0.00092	0.00138	0.00538	0.00308	0.00267
49	0.00351	0.00251	0.00335	0.00402	0.00418	0.00234	0.00268	0.00402	0.00552	0.00736	0.01589	0.89678	0.01907	0.00903	0.00368	0.00117	0.00167	0.00820	0.00268	0.00234
50	0.00412	0.00281	0.00331	0.00331	0.00346	0.00275	0.00202	0.00444	0.00512	0.00697	0.19162	0.08318	0.01461	0.64727	0.01152	0.00228	0.00241	0.00470	0.00211	0.00199
51	0.00353	0.00253	0.00335	0.00399	0.00418	0.00235	0.00267	0.00406	0.00561	0.00749	0.04094	0.85828	0.03248	0.00892	0.00367	0.00116	0.00166	0.00808	0.00269	0.00235
52	0.00419	0.00280	0.00315	0.00315	0.00315	0.00280	0.00175	0.00419	0.00419	0.00559	0.00909	0.01887	0.01048	0.89866	0.01468	0.00280	0.00280	0.00419	0.00175	0.00175
53	0.00470	0.00315	0.00407	0.00375	0.00456	0.00291	0.00284	0.02138	0.00821	0.06260	0.78386	0.02080	0.05456	0.00576	0.00336	0.00091	0.00146	0.00506	0.00318	0.00288
54	0.00394	0.00301	0.00363	0.00350	0.00427	0.00274	0.00261	0.00526	0.03251	0.01023	0.55508	0.07091	0.27886	0.00643	0.00340	0.00094	0.00143	0.00558	0.00299	0.00267
55	0.00457	0.00328	0.00454	0.00519	0.00584	0.00326	0.00450	0.00585	0.00660	0.00856	0.01576	0.06176	0.04596	0.00798	0.00395	0.00131	0.00258	0.80323	0.00266	0.00264
56	0.00472	0.00342	0.00469	0.00529	0.00598	0.00346	0.00458	0.00633	0.04579	0.00874	0.01513	0.06094	0.01633	0.00782	0.00393	0.00131	0.00261	0.79355	0.00267	0.00273
57	0.00351	0.00252	0.00333	0.00399	0.00417	0.00234	0.00266	0.00402	0.00555	0.00737	0.01625	0.87354	0.04208	0.00899	0.00367	0.00117	0.00167	0.00814	0.00268	0.00234
58	0.00774	0.67554	0.10246	0.00614	0.03972	0.08872	0.02884	0.00897	0.00614	0.00721	0.00427	0.00500	0.00375	0.00254	0.00208	0.00068	0.00345	0.00172	0.00127	0.00376
59	0.00420	0.00323	0.00367	0.00352	0.00441	0.00296	0.00264	0.03219	0.04337	0.02330	0.32300	0.08785	0.42783	0.02051	0.00356	0.00099	0.00157	0.00563	0.00287	0.00272
60	0.00774	0.00799	0.01112	0.01601	0.73695	0.15197	0.00831	0.00929	0.00683	0.00903	0.00526	0.00682	0.00443	0.00264	0.00281	0.00084	0.00372	0.00245	0.00144	0.00437
61	0.00650	0.00439	0.03059	0.04511	0.04112	0.00414	0.00404	0.02039	0.10066	0.19883	0.11071	0.20209	0.14685	0.00629	0.03965	0.00114	0.02656	0.00476	0.00272	0.00345
62	0.01287	0.00579	0.06898	0.05222	0.06041	0.06992	0.04149	0.04316	0.11604	0.00903	0.05163	0.14470	0.25665	0.00595	0.03334	0.00109	0.01664	0.00456	0.00228	0.00326
63	0.00749	0.13114	0.23262	0.00758	0.09074	0.16467	0.03594	0.08581	0.00727	0.04442	0.00846	0.00928	0.10924	0.00415	0.03604	0.00099	0.00381	0.01479	0.00175	0.00382

[dist]
# distance from previous block
# <min> <max>
45	145

[block]
# block no. 2 follows, 101 sequences, length 45
# corresponding to MSA columns:
# 249-293
name=unknown_C
#
# <colnr> <probs for GDERKNQSTAVLIFYWHMCP>
#	G	D	E	R	K	N	Q	S	T	A	V	L	I	F	Y	W	H	M	C	P
0	0.02736	0.18654	0.05598	0.00574	0.00751	0.16644	0.06213	0.04776	0.04080	0.09025	0.08466	0.04227	0.08174	0.04726	0.04043	0.00108	0.00339	0.00313	0.00205	0.00348
1	0.00653	0.01894	0.10879	0.06307	0.20355	0.10703	0.08277	0.04261	0.07826	0.00906	0.01517	0.13679	0.05825	0.01625	0.00320	0.00097	0.00334	0.03239	0.00935	0.00368
2	0.00466	0.00356	0.03577	0.00393	0.00465	0.00310	0.00291	0.03149	0.03018	0.05965	0.10143	0.31832	0.18634	0.19382	0.00578	0.00141	0.00204	0.00581	0.00254	0.00263
3	0.00722	0.70234	0.03709	0.00498	0.00714	0.05091	0.00479	0.00815	0.00587	0.00688	0.00556	0.05847	0.02227	0.03078	0.03633	0.00089	0.00327	0.00219	0.00139	0.00349
4	0.00851	0.03909	0.01656	0.00602	0.02777	0.04726	0.00479	0.39884	0.06754	0.06684	0.03314	0.02297	0.05585	0.04760	0.09234	0.00137	0.02276	0.03421	0.00252	0.00402
5	0.00616	0.03181	0.00591	0.00492	0.00619	0.00509	0.03989	0.23110	0.08928	0.01099	0.07272	0.20008	0.19611	0.06161	0.00391	0.00108	0.00230	0.00484	0.01093	0.01508
6	0.00771	0.09574	0.00719	0.00539	0.00707	0.05882	0.00433	0.20852	0.32357	0.01194	0.00983	0.04584	0.04653	0.01242	0.00282	0.00087	0.00257	0.00306	0.10420	0.04158
7	0.02995	0.26383	0.09004	0.00656	0.00876	0.36566	0.04187	0.01072	0.01510	0.13419	0.00551	0.00593	0.00426	0.00287	0.00246	0.00076	0.00401	0.00201	0.00171	0.00378
8	0.00373	0.00289	0.00338	0.00357	0.00423	0.00260	0.00259	0.02115	0.00657	0.00842	0.14704	0.33639	0.40055	0.00767	0.00351	0.00105	0.00160	0.03779	0.00275	0.00250
9	0.01597	0.01116	0.40368	0.02575	0.09250	0.17124	0.01952	0.03152	0.00679	0.06037	0.02046	0.00823	0.00527	0.00453	0.06794	0.00117	0.00433	0.04406	0.00161	0.00391
10	0.00652	0.16276	0.04376	0.00482	0.00634	0.00576	0.00415	0.10108	0.11738	0.06374	0.32459	0.04094	0.01456	0.00463	0.00295	0.00088	0.00225	0.05347	0.03587	0.00354
11	0.00402	0.00311	0.00380	0.00379	0.00454	0.00277	0.00270	0.00476	0.00581	0.00786	0.07810	0.36284	0.19477	0.08053	0.08593	0.00145	0.00233	0.00575	0.00238	0.14275
12	0.70496	0.00587	0.00504	0.00434	0.00614	0.00674	0.00357	0.16036	0.00642	0.01349	0.00475	0.00547	0.00368	0.00393	0.05421	0.00111	0.00272	0.00183	0.00196	0.00340
13	0.00592	0.00610	0.01221	0.00918	0.01107	0.00606	0.52609	0.00758	0.00594	0.00815	0.00715	0.00984	0.04194	0.05943	0.16071	0.04449	0.06994	0.00340	0.00152	0.00329
14	0.00402	0.00313	0.00384	0.00391	0.00448	0.00309	0.00284	0.00524	0.05760	0.00865	0.22928	0.30341	0.22858	0.04457	0.04546	0.00128	0.03932	0.00602	0.00266	0.00261
15	0.00375	0.00262	0.00337	0.00387	0.00415	0.00242	0.00260	0.00426	0.00562	0.02465	0.02944	0.72831	0.09465	0.07031	0.00440	0.00126	0.00174	0.00758	0.00264	0.00237
16	0.00438	0.00323	0.00459	0.00452	0.00503	0.00370	0.00344	0.03645	0.00490	0.00697	0.00787	0.01213	0.00754	0.13230	0.74437	0.00426	0.00693	0.00321	0.00162	0.00255
17	0.00833	0.04903	0.04427	0.00608	0.00797	0.05095	0.00503	0.31614	0.36799	0.01331	0.04076	0.06130	0.00799	0.00396	0.00290	0.00092	0.00279	0.00319	0.00269	0.00437
18	0.00591	0.04916	0.04374	0.03805	0.00752	0.05482	0.04414	0.00867	0.20372	0.00832	0.00755	0.00961	0.00648	0.05161	0.31292	0.00230	0.08362	0.00286	0.00181	0.05719
19	0.05900	0.00460	0.00578	0.00529	0.00588	0.06316	0.04424	0.00605	0.00487	0.00703	0.00686	0.01103	0.00670	0.18214	0.43581	0.00312	0.14119	0.00306	0.00155	0.00265
20	0.00755	0.00395	0.00501	0.00425	0.00553	0.00362	0.00326	0.04475	0.01430	0.31591	0.23724	0.03796	0.06967	0.15152	0.03883	0.00134	0.00236	0.00400	0.00289	0.04607
21	0.00390	0.00293	0.00342	0.00347	0.00404	0.00263	0.00236	0.00446	0.00572	0.00752	0.09139	0.28721	0.25010	0.24299	0.00638	0.00147	0.00192	0.00583	0.00240	0.06988
22	0.00556	0.00484	0.00857	0.00693	0.00815	0.00484	0.28869	0.03046	0.00585	0.04455	0.00910	0.20861	0.00929	0.17752	0.12331	0.00186	0.05248	0.00449	0.00191	0.00299
23	0.00390	0.00271	0.00323	0.00345	0.00361	0.00261	0.00214	0.00418	0.00499	0.00661	0.04902	0.32623	0.07433	0.48913	0.00959	0.00202	0.00225	0.00577	0.00220	0.00204
24	0.00358	0.00268	0.00329	0.00371	0.00411	0.00242	0.00252	0.00412	0.00570	0.00740	0.01838	0.62197	0.21990	0.06096	0.00423	0.00120	0.00170	0.00733	0.00260	0.02218
25	0.00439	0.00316	0.00367	0.00370	0.00455	0.00288	0.00279	0.01217	0.03801	0.06327	0.06278	0.20334	0.45583	0.02245	0.04072	0.00121	0.00198	0.06771	0.00270	0.00269
26	0.03235	0.00524	0.00648	0.00510	0.00709	0.00502	0.00417	0.16608	0.04050	0.55311	0.05581	0.00991	0.00778	0.00365	0.00282	0.00087	0.00242	0.00293	0.08414	0.00454
27	0.91903	0.00558	0.00424	0.00379	0.00558	0.00647	0.00312	0.00848	0.00491	0.01294	0.00402	0.00468	0.00312	0.00268	0.00178	0.00089	0.00223	0.00156	0.00178	0.00312
28	0.00421	0.00346	0.00364	0.00372	0.00435	0.04566	0.00263	0.03083	0.00647	0.00819	0.13866	0.29526	0.31985	0.11400	0.00479	0.00123	0.00191	0.00609	0.00258	0.00248
29	0.00360	0.00291	0.00320	0.00328	0.00407	0.00255	0.00240	0.00452	0.02240	0.00837	0.15779	0.17866	0.58144	0.00733	0.00345	0.00100	0.00150	0.00627	0.00276	0.00250
30	0.00351	0.00251	0.00335	0.00402	0.00418	0.00234	0.00268	0.00402	0.00552	0.00736	0.01589	0.89678	0.01907	0.00903	0.00368	0.00117	0.00167	0.00820	0.00268	0.00234
31	0.00381	0.00275	0.00358	0.00403	0.00427	0.00273	0.00272	0.00458	0.03691	0.00721	0.01384	0.63834	0.01611	0.13548	0.10763	0.00179	0.00255	0.00686	0.00242	0.00237
32	0.00355	0.00276	0.00323	0.00346	0.00407	0.00244	0.00246	0.00429	0.00641	0.00821	0.15664	0.36743	0.40921	0.00776	0.00351	0.00104	0.00153	0.00678	0.00275	0.00244
33	0.11275	0.00490	0.00622	0.00488	0.00696	0.00446	0.00401	0.02972	0.00792	0.69736	0.05234	0.01016	0.02920	0.00366	0.00281	0.00089	0.00236	0.00292	0.00330	0.01318
34	0.00483	0.00329	0.00436	0.00469	0.00539	0.00321	0.00379	0.00626	0.04886	0.05775	0.12159	0.22803	0.06560	0.00748	0.00370	0.00118	0.00217	0.42221	0.00279	0.00280
35	0.00374	0.00292	0.00340	0.00342	0.00419	0.00258	0.00257	0.00471	0.00706	0.00918	0.33845	0.10456	0.43845	0.00698	0.00346	0.00099	0.00151	0.05641	0.00286	0.00254
36	0.82763	0.00555	0.00441	0.00390	0.00567	0.00637	0.00320	0.04158	0.00537	0.03549	0.00451	0.00512	0.00345	0.00275	0.00186	0.00088	0.00224	0.00168	0.03511	0.00322
37	0.03154	0.00486	0.00620	0.00490	0.00680	0.00447	0.00398	0.10898	0.00865	0.53039	0.20112	0.01176	0.01106	0.00398	0.00295	0.00087	0.00227	0.00329	0.00327	0.04866
38	0.03767	0.00317	0.00359	0.00338	0.00435	0.00282	0.00257	0.00548	0.00723	0.06998	0.35105	0.02330	0.46232	0.00634	0.00331	0.00094	0.00152	0.00537	0.00290	0.00274
39	0.00596	0.00451	0.00523	0.00468	0.00570	0.00482	0.00356	0.18322	0.14235	0.01137	0.28651	0.06668	0.04447	0.12103	0.07419	0.00147	0.01499	0.01326	0.00269	0.00329
40	0.00354	0.00254	0.00335	0.00396	0.00418	0.00236	0.00266	0.00409	0.00568	0.00757	0.05670	0.82436	0.05068	0.00882	0.00366	0.00115	0.00165	0.00798	0.00270	0.00236
41	0.00767	0.00636	0.00676	0.00589	0.00759	0.00726	0.00463	0.16139	0.68572	0.01308	0.05305	0.01063	0.00903	0.00393	0.00295	0.00096	0.00239	0.00324	0.00294	0.00453
42	0.00501	0.00449	0.00574	0.00629	0.10980	0.06774	0.05486	0.02324	0.03072	0.00887	0.17665	0.37837	0.10392	0.00642	0.00337	0.00101	0.00229	0.00576	0.00247	0.00296
43	0.00776	0.08320	0.09108	0.01014	0.20949	0.17827	0.15900	0.07225	0.04727	0.00922	0.00663	0.00767	0.04689	0.00313	0.00322	0.00088	0.05565	0.00265	0.00164	0.00395
44	0.00671	0.00706	0.11013	0.08361	0.17992	0.05992	0.05695	0.13560	0.02943	0.00951	0.03840	0.01018	0.00666	0.18397	0.05348	0.01646	0.00370	0.00299	0.00178	0.00355

[dist]
# distance from previous block
# <min> <max>
1	7

[block]
# block no. 3 follows, 101 sequences, length 9
# corresponding to MSA columns:
# 304-312
name=unknown_D
#
# <colnr> <probs for GDERKNQSTAVLIFYWHMCP>
#	G	D	E	R	K	N	Q	S	T	A	V	L	I	F	Y	W	H	M	C	P
0	0.09110	0.00554	0.00695	0.04837	0.29694	0.07414	0.00521	0.02212	0.02853	0.00926	0.02305	0.06116	0.08700	0.05044	0.05780	0.00120	0.00308	0.00326	0.12144	0.00342
1	0.00628	0.12656	0.04805	0.00685	0.08861	0.03959	0.06950	0.00881	0.16903	0.00895	0.04379	0.08853	0.05443	0.00464	0.03282	0.01929	0.04951	0.00327	0.00196	0.12955
2	0.09143	0.05609	0.17661	0.01008	0.05948	0.00706	0.49070	0.00883	0.00629	0.00925	0.00559	0.00756	0.00442	0.04961	0.00361	0.00102	0.00422	0.00289	0.00145	0.00380
3	0.00717	0.00747	0.10616	0.00582	0.02389	0.16379	0.00480	0.18279	0.04361	0.03265	0.10155	0.15475	0.05997	0.08758	0.00412	0.00109	0.00304	0.00398	0.00231	0.00345
4	0.00649	0.02194	0.04061	0.00473	0.00598	0.07776	0.00377	0.09753	0.06248	0.11052	0.16074	0.19456	0.15664	0.03852	0.00361	0.00102	0.00234	0.00479	0.00268	0.00329
5	0.06093	0.00440	0.07761	0.00453	0.00531	0.00404	0.00367	0.03848	0.00534	0.00791	0.05443	0.14250	0.01003	0.23628	0.26109	0.00251	0.04846	0.00400	0.02583	0.00263
6	0.00610	0.00535	0.00902	0.28099	0.33018	0.00565	0.06091	0.00769	0.00632	0.04384	0.05421	0.13729	0.00783	0.00383	0.00303	0.00094	0.00318	0.00359	0.02639	0.00365
7	0.00661	0.00729	0.01542	0.01196	0.09472	0.00687	0.71772	0.00888	0.00690	0.00945	0.07861	0.00887	0.00630	0.00273	0.00335	0.00096	0.00444	0.00348	0.00160	0.00385
8	0.05353	0.00338	0.00399	0.00398	0.00475	0.00319	0.00286	0.05819	0.00649	0.00913	0.14432	0.45010	0.11346	0.03976	0.00372	0.00107	0.00181	0.00606	0.00259	0.08763

[dist]
# distance from previous block
# <min> <max>
0	50

# created by:
# /share/home/app/bin/augustus-3.3.1/scripts/msa2prfl.pl /dev/shm/tmp/ogap_db/mt-Sar/msas/nad6.aln --setname=nad6
