[name]
nad7

[dist]
# distance from previous block
# <min> <max>
0	19

[block]
# block no. 0 follows, 117 sequences, length 6
# corresponding to MSA columns:
# 19-24
name=unknown_A
#
# <colnr> <probs for GDERKNQSTAVLIFYWHMCP>
#	G	D	E	R	K	N	Q	S	T	A	V	L	I	F	Y	W	H	M	C	P
0	0.00592	0.00709	0.21849	0.04958	0.07335	0.08768	0.04506	0.07606	0.03091	0.06420	0.05661	0.10604	0.02930	0.00407	0.00277	0.00087	0.00292	0.13397	0.00186	0.00323
1	0.00654	0.00742	0.10432	0.09405	0.45057	0.13827	0.00687	0.05839	0.04072	0.00824	0.00551	0.00669	0.02654	0.00310	0.03122	0.00087	0.00340	0.00225	0.00139	0.00365
2	0.00604	0.00761	0.19127	0.04606	0.32952	0.07540	0.10500	0.03953	0.03499	0.00828	0.00612	0.00920	0.00534	0.00304	0.00268	0.00083	0.00332	0.12076	0.00146	0.00356
3	0.00390	0.00295	0.00336	0.00334	0.00397	0.00284	0.00240	0.09866	0.00591	0.00761	0.05896	0.28773	0.33687	0.12940	0.03918	0.00124	0.00188	0.00524	0.00226	0.00229
4	0.00643	0.00606	0.01024	0.13435	0.57617	0.00624	0.11122	0.10217	0.00639	0.00889	0.00494	0.00642	0.00396	0.00238	0.00258	0.00078	0.00320	0.00236	0.00138	0.00383
5	0.00757	0.14070	0.00789	0.00569	0.00711	0.30427	0.00462	0.11285	0.07789	0.00798	0.00463	0.00537	0.00384	0.00292	0.00332	0.00072	0.17101	0.00187	0.00152	0.12822

[dist]
# distance from previous block
# <min> <max>
0	1

[block]
# block no. 1 follows, 117 sequences, length 81
# corresponding to MSA columns:
# 26-106
name=unknown_B
#
# <colnr> <probs for GDERKNQSTAVLIFYWHMCP>
#	G	D	E	R	K	N	Q	S	T	A	V	L	I	F	Y	W	H	M	C	P
0	0.00368	0.00250	0.00287	0.00293	0.00301	0.00247	0.00177	0.00381	0.00398	0.00526	0.00930	0.05233	0.04283	0.77914	0.01156	0.00226	0.00238	0.06462	0.00166	0.00164
1	0.00688	0.00606	0.00603	0.00551	0.03075	0.08930	0.00419	0.13068	0.58124	0.01077	0.03490	0.00929	0.00740	0.00342	0.00256	0.00082	0.00234	0.02592	0.03812	0.00382
2	0.00311	0.00249	0.00279	0.00293	0.00357	0.00216	0.00213	0.00377	0.00571	0.00715	0.11665	0.26209	0.55292	0.00673	0.00308	0.00090	0.00134	0.01590	0.00241	0.00216
3	0.00951	0.01214	0.00722	0.00656	0.00787	0.90027	0.00492	0.01017	0.00722	0.00623	0.00394	0.00459	0.00328	0.00262	0.00230	0.00066	0.00459	0.00164	0.00131	0.00295
4	0.00370	0.00247	0.00278	0.00278	0.00278	0.00247	0.00154	0.00370	0.00370	0.00494	0.00802	0.01667	0.00926	0.91050	0.01296	0.00247	0.00247	0.00370	0.00154	0.00154
5	0.92848	0.00493	0.00374	0.00335	0.00493	0.00571	0.00276	0.00749	0.00433	0.01143	0.00355	0.00414	0.00276	0.00236	0.00158	0.00079	0.00197	0.00138	0.00158	0.00276
6	0.00528	0.00453	0.00528	0.00377	0.00604	0.00340	0.00302	0.00641	0.00528	0.00830	0.00453	0.00528	0.00377	0.00189	0.00189	0.00038	0.00189	0.00151	0.00151	0.92606
7	0.00596	0.00678	0.01474	0.04532	0.01347	0.00641	0.85136	0.00809	0.00598	0.00809	0.00513	0.00687	0.00385	0.00216	0.00299	0.00086	0.00426	0.00298	0.00128	0.00341
8	0.00557	0.00557	0.00780	0.00669	0.00669	0.00780	0.00557	0.00613	0.00390	0.00613	0.00334	0.00557	0.00334	0.00446	0.00836	0.00111	0.90583	0.00223	0.00111	0.00279
9	0.00528	0.00453	0.00528	0.00377	0.00604	0.00340	0.00302	0.00641	0.00528	0.00830	0.00453	0.00528	0.00377	0.00189	0.00189	0.00038	0.00189	0.00151	0.00151	0.92606
10	0.01138	0.00441	0.00596	0.00457	0.00654	0.00386	0.00377	0.03612	0.00742	0.87248	0.00994	0.00860	0.00625	0.00315	0.00256	0.00079	0.00218	0.00255	0.00314	0.00433
11	0.01103	0.00442	0.00590	0.00458	0.00651	0.00395	0.00377	0.01250	0.07668	0.82675	0.01007	0.00873	0.00642	0.00318	0.00256	0.00079	0.00216	0.00259	0.00311	0.00431
12	0.00557	0.00557	0.00780	0.00669	0.00669	0.00780	0.00557	0.00613	0.00390	0.00613	0.00334	0.00557	0.00334	0.00446	0.00836	0.00111	0.90583	0.00223	0.00111	0.00279
13	0.92848	0.00493	0.00374	0.00335	0.00493	0.00571	0.00276	0.00749	0.00433	0.01143	0.00355	0.00414	0.00276	0.00236	0.00158	0.00079	0.00197	0.00138	0.00158	0.00276
14	0.00360	0.00260	0.00340	0.00320	0.00380	0.00240	0.00240	0.00481	0.00721	0.01021	0.89326	0.01902	0.02403	0.00521	0.00300	0.00080	0.00120	0.00461	0.00280	0.00240
15	0.00310	0.00222	0.00296	0.00355	0.00369	0.00207	0.00236	0.00355	0.00488	0.00650	0.01404	0.90883	0.01684	0.00798	0.00325	0.00103	0.00148	0.00724	0.00236	0.00207
16	0.00481	0.00453	0.00764	0.90437	0.01754	0.00566	0.00707	0.00651	0.00509	0.00651	0.00453	0.00679	0.00340	0.00255	0.00255	0.00085	0.00340	0.00226	0.00113	0.00283
17	0.00312	0.00223	0.00297	0.00356	0.00372	0.00208	0.00239	0.00357	0.00489	0.00652	0.01403	0.89706	0.01682	0.00797	0.00325	0.00104	0.00149	0.01888	0.00236	0.00207
18	0.00315	0.00257	0.00278	0.00276	0.00353	0.00220	0.00206	0.00391	0.00608	0.00760	0.21827	0.06230	0.66145	0.00624	0.00302	0.00085	0.00128	0.00529	0.00246	0.00220
19	0.00313	0.00225	0.00297	0.00350	0.00369	0.00209	0.00236	0.00363	0.00505	0.00674	0.06951	0.83119	0.03891	0.00777	0.00323	0.00102	0.00146	0.00703	0.00239	0.00209
20	0.00573	0.01111	0.63508	0.00809	0.06897	0.00600	0.12418	0.03204	0.00571	0.04813	0.00492	0.00581	0.00353	0.00248	0.00267	0.00082	0.02764	0.00211	0.00125	0.00375
21	0.00310	0.00222	0.00296	0.00355	0.00369	0.00207	0.00236	0.00355	0.00488	0.00650	0.01404	0.90883	0.01684	0.00798	0.00325	0.00103	0.00148	0.00724	0.00236	0.00207
22	0.00846	0.06485	0.00806	0.05018	0.03815	0.58860	0.06445	0.07206	0.03271	0.00733	0.01549	0.00583	0.02744	0.00274	0.00238	0.00070	0.00402	0.00198	0.00146	0.00314
23	0.92848	0.00493	0.00374	0.00335	0.00493	0.00571	0.00276	0.00749	0.00433	0.01143	0.00355	0.00414	0.00276	0.00236	0.00158	0.00079	0.00197	0.00138	0.00158	0.00276
24	0.00511	0.01317	0.89730	0.00726	0.01102	0.00591	0.00941	0.00807	0.00538	0.00807	0.00457	0.00538	0.00323	0.00242	0.00242	0.00081	0.00376	0.00188	0.00108	0.00376
25	0.00373	0.00289	0.00348	0.01568	0.01173	0.00274	0.00252	0.00522	0.08393	0.00894	0.48823	0.02916	0.28562	0.00552	0.00317	0.02792	0.00139	0.01314	0.00256	0.00245
26	0.00408	0.00272	0.00348	0.00322	0.00395	0.00247	0.00244	0.00520	0.00705	0.07141	0.73097	0.01894	0.12396	0.00521	0.00297	0.00081	0.00128	0.00455	0.00278	0.00251
27	0.00542	0.02152	0.23198	0.00884	0.10153	0.01248	0.39793	0.01413	0.00585	0.00807	0.05654	0.00887	0.08140	0.03027	0.00308	0.00087	0.00351	0.00292	0.00142	0.00335
28	0.00564	0.00557	0.00885	0.50100	0.29142	0.05337	0.05941	0.00740	0.02898	0.00727	0.00477	0.00660	0.00373	0.00246	0.00255	0.00081	0.00336	0.00229	0.00123	0.00328
29	0.01038	0.00416	0.00559	0.00442	0.00616	0.00367	0.00359	0.02873	0.00702	0.76158	0.01006	0.03109	0.00704	0.06647	0.00334	0.00093	0.00219	0.03661	0.00298	0.00401
30	0.00665	0.76834	0.07566	0.00463	0.00685	0.01997	0.00468	0.00803	0.06319	0.00646	0.00430	0.00475	0.01295	0.00233	0.00178	0.00059	0.00276	0.00154	0.00120	0.00334
31	0.00572	0.00466	0.00539	0.00392	0.00610	0.00372	0.00314	0.07818	0.00590	0.03245	0.00563	0.00618	0.03832	0.00219	0.00200	0.00044	0.00195	0.00175	0.00167	0.79069
32	0.00557	0.00557	0.00780	0.00669	0.00669	0.00780	0.00557	0.00613	0.00390	0.00613	0.00334	0.00557	0.00334	0.00446	0.00836	0.00111	0.90583	0.00223	0.00111	0.00279
33	0.00301	0.00258	0.00258	0.00258	0.00344	0.00215	0.00194	0.00366	0.00581	0.00688	0.02580	0.02451	0.89357	0.00645	0.00301	0.00086	0.00129	0.00538	0.00237	0.00215
34	0.92848	0.00493	0.00374	0.00335	0.00493	0.00571	0.00276	0.00749	0.00433	0.01143	0.00355	0.00414	0.00276	0.00236	0.00158	0.00079	0.00197	0.00138	0.00158	0.00276
35	0.00315	0.00224	0.00294	0.00349	0.00362	0.00210	0.00230	0.00356	0.00478	0.00638	0.01356	0.83870	0.01625	0.07893	0.00401	0.00115	0.00156	0.00696	0.00230	0.00203
36	0.00310	0.00222	0.00296	0.00355	0.00369	0.00207	0.00236	0.00355	0.00488	0.00650	0.01404	0.90883	0.01684	0.00798	0.00325	0.00103	0.00148	0.00724	0.00236	0.00207
37	0.00557	0.00557	0.00780	0.00669	0.00669	0.00780	0.00557	0.00613	0.00390	0.00613	0.00334	0.00557	0.00334	0.00446	0.00836	0.00111	0.90583	0.00223	0.00111	0.00279
38	0.00481	0.00453	0.00764	0.90437	0.01754	0.00566	0.00707	0.00651	0.00509	0.00651	0.00453	0.00679	0.00340	0.00255	0.00255	0.00085	0.00340	0.00226	0.00113	0.00283
39	0.92848	0.00493	0.00374	0.00335	0.00493	0.00571	0.00276	0.00749	0.00433	0.01143	0.00355	0.00414	0.00276	0.00236	0.00158	0.00079	0.00197	0.00138	0.00158	0.00276
40	0.00678	0.00569	0.00601	0.00527	0.00679	0.00654	0.00414	0.12844	0.77438	0.01136	0.00981	0.00906	0.00732	0.00340	0.00259	0.00085	0.00212	0.00280	0.00259	0.00407
41	0.00511	0.01317	0.89730	0.00726	0.01102	0.00591	0.00941	0.00807	0.00538	0.00807	0.00457	0.00538	0.00323	0.00242	0.00242	0.00081	0.00376	0.00188	0.00108	0.00376
42	0.00630	0.00605	0.01034	0.01563	0.89461	0.00605	0.00782	0.00782	0.00580	0.00832	0.00479	0.00630	0.00403	0.00227	0.00252	0.00076	0.00303	0.00227	0.00126	0.00403
43	0.00310	0.00222	0.00296	0.00355	0.00369	0.00207	0.00236	0.00355	0.00488	0.00650	0.01404	0.90883	0.01684	0.00798	0.00325	0.00103	0.00148	0.00724	0.00236	0.00207
44	0.00305	0.00259	0.00264	0.00266	0.00351	0.00218	0.00202	0.00372	0.00581	0.00691	0.02532	0.02467	0.85956	0.00647	0.00303	0.00087	0.00133	0.03913	0.00236	0.00216
45	0.00512	0.01309	0.88620	0.00730	0.01105	0.00592	0.02043	0.00807	0.00538	0.00807	0.00458	0.00540	0.00323	0.00242	0.00243	0.00081	0.00377	0.00190	0.00108	0.00376
46	0.00674	0.08912	0.00637	0.00489	0.00593	0.06992	0.00397	0.07055	0.03987	0.18439	0.00656	0.00810	0.00541	0.04516	0.30380	0.00198	0.13993	0.00243	0.00179	0.00309
47	0.00615	0.00589	0.01006	0.10767	0.80378	0.00601	0.00774	0.00768	0.00573	0.00813	0.00476	0.00635	0.00397	0.00230	0.00252	0.00077	0.00306	0.00227	0.00125	0.00391
48	0.00702	0.00715	0.00604	0.00535	0.00683	0.25352	0.00412	0.01160	0.52900	0.00909	0.00832	0.00804	0.02690	0.00313	0.00244	0.00075	0.00270	0.00245	0.00211	0.10345
49	0.00365	0.00270	0.00395	0.00395	0.00436	0.00311	0.00301	0.00446	0.00405	0.00581	0.00695	0.01071	0.00667	0.11289	0.80703	0.00392	0.00636	0.00283	0.00138	0.00220
50	0.00331	0.00241	0.00310	0.00338	0.00367	0.00225	0.01181	0.00383	0.00510	0.00679	0.12523	0.53515	0.10291	0.15594	0.00480	0.00122	0.00163	0.02315	0.00227	0.00205
51	0.00601	0.00687	0.01503	0.01073	0.01331	0.00644	0.88536	0.00816	0.00601	0.00816	0.00515	0.00687	0.00386	0.00215	0.00301	0.00086	0.00429	0.00301	0.00129	0.00343
52	0.09661	0.00453	0.00580	0.00449	0.00642	0.00413	0.00371	0.05541	0.00725	0.77030	0.00925	0.00812	0.00588	0.00307	0.00247	0.00079	0.00218	0.00244	0.00298	0.00419
53	0.00319	0.00228	0.00305	0.00361	0.00381	0.00214	0.00249	0.00372	0.00503	0.00672	0.04803	0.81323	0.01697	0.00781	0.00326	0.00103	0.00153	0.06761	0.00238	0.00210
54	0.00528	0.00453	0.00528	0.00377	0.00604	0.00340	0.00302	0.00641	0.00528	0.00830	0.00453	0.00528	0.00377	0.00189	0.00189	0.00038	0.00189	0.00151	0.00151	0.92606
55	0.00370	0.00281	0.00421	0.00417	0.00461	0.00332	0.00326	0.00460	0.00409	0.00592	0.00672	0.00987	0.00628	0.01866	0.87340	0.00400	0.03403	0.00271	0.00136	0.00229
56	0.00369	0.00247	0.00278	0.00279	0.00279	0.00246	0.00156	0.00370	0.00372	0.00496	0.00812	0.03054	0.00938	0.89646	0.01281	0.00245	0.00245	0.00376	0.00156	0.00155
57	0.00681	0.91203	0.01335	0.00436	0.00654	0.01008	0.00436	0.00763	0.00517	0.00599	0.00354	0.00409	0.00327	0.00218	0.00163	0.00054	0.00272	0.00136	0.00109	0.00327
58	0.00481	0.00453	0.00764	0.90437	0.01754	0.00566	0.00707	0.00651	0.00509	0.00651	0.00453	0.00679	0.00340	0.00255	0.00255	0.00085	0.00340	0.00226	0.00113	0.00283
59	0.00318	0.00225	0.00293	0.00345	0.00357	0.00212	0.00226	0.00357	0.00472	0.00630	0.01325	0.79135	0.01585	0.12683	0.00453	0.00122	0.00161	0.00677	0.00226	0.00200
60	0.00681	0.91203	0.01335	0.00436	0.00654	0.01008	0.00436	0.00763	0.00517	0.00599	0.00354	0.00409	0.00327	0.00218	0.00163	0.00054	0.00272	0.00136	0.00109	0.00327
61	0.00364	0.00273	0.00409	0.00409	0.00455	0.00318	0.00318	0.00455	0.00409	0.00591	0.00682	0.01001	0.00637	0.01910	0.90040	0.00409	0.00682	0.00273	0.00136	0.00227
62	0.00358	0.00260	0.00332	0.00314	0.00376	0.00238	0.00235	0.00474	0.00705	0.00993	0.80429	0.01923	0.09197	0.00525	0.00298	0.00080	0.00121	0.00461	0.02442	0.00238
63	0.00973	0.00705	0.00759	0.00582	0.00786	0.00777	0.00481	0.85967	0.01183	0.04270	0.00623	0.00619	0.00439	0.00306	0.00255	0.00077	0.00278	0.00230	0.00257	0.00433
64	0.00429	0.00296	0.00413	0.00464	0.00527	0.00294	0.00404	0.00546	0.00594	0.03182	0.03915	0.02790	0.01470	0.00688	0.00348	0.00115	0.00231	0.82816	0.00238	0.00240
65	0.00393	0.00282	0.00389	0.00446	0.00500	0.00279	0.00379	0.00498	0.00573	0.00744	0.01397	0.14969	0.04438	0.00715	0.00346	0.00114	0.00219	0.72852	0.00235	0.00230
66	0.00694	0.00438	0.04753	0.00391	0.00520	0.02759	0.00328	0.14027	0.02059	0.20070	0.11332	0.01006	0.00819	0.00335	0.00231	0.00072	0.00190	0.02319	0.37338	0.00320
67	0.00639	0.00744	0.01419	0.01028	0.01272	0.10288	0.79037	0.00838	0.00614	0.00795	0.00502	0.00662	0.00380	0.00220	0.00293	0.00084	0.00433	0.00286	0.00129	0.00338
68	0.00511	0.01317	0.89730	0.00726	0.01102	0.00591	0.00941	0.00807	0.00538	0.00807	0.00457	0.00538	0.00323	0.00242	0.00242	0.00081	0.00376	0.00188	0.00108	0.00376
69	0.00552	0.00553	0.00796	0.00676	0.00687	0.00758	0.04191	0.00614	0.00402	0.00622	0.00373	0.03208	0.00376	0.00446	0.00799	0.00110	0.84202	0.00241	0.00116	0.00279
70	0.02091	0.00509	0.00577	0.00482	0.00645	0.00541	0.00386	0.13106	0.41217	0.28908	0.00943	0.00871	0.00668	0.00325	0.00250	0.00080	0.00210	0.00264	0.07523	0.00402
71	0.00364	0.00271	0.00399	0.00399	0.00441	0.00313	0.00305	0.00448	0.00406	0.00584	0.00692	0.01053	0.00660	0.08956	0.83026	0.00396	0.00648	0.00281	0.00138	0.00222
72	0.00663	0.00388	0.00447	0.00378	0.00493	0.00392	0.00299	0.21871	0.00776	0.14629	0.25646	0.01123	0.01088	0.00365	0.00243	0.00072	0.00173	0.00301	0.30337	0.00315
73	0.00310	0.00223	0.00295	0.00352	0.00369	0.00207	0.00235	0.00355	0.00490	0.00651	0.01435	0.88535	0.04012	0.00794	0.00324	0.00103	0.00147	0.00719	0.00236	0.00207
74	0.09407	0.00436	0.00562	0.00438	0.00624	0.00395	0.00361	0.03330	0.00713	0.74424	0.05919	0.00878	0.00693	0.00319	0.00250	0.00079	0.00211	0.00256	0.00297	0.00408
75	0.00337	0.00259	0.00308	0.00296	0.00366	0.00230	0.00222	0.00435	0.00666	0.00890	0.55196	0.02118	0.36615	0.00570	0.00301	0.00082	0.00124	0.00491	0.00263	0.00230
76	0.00511	0.01317	0.89730	0.00726	0.01102	0.00591	0.00941	0.00807	0.00538	0.00807	0.00457	0.00538	0.00323	0.00242	0.00242	0.00081	0.00376	0.00188	0.00108	0.00376
77	0.00766	0.00796	0.00879	0.04670	0.44763	0.27693	0.00640	0.12431	0.03378	0.00871	0.00486	0.00588	0.00393	0.00253	0.00246	0.00073	0.00345	0.00210	0.00148	0.00370
78	0.00336	0.00230	0.00306	0.00360	0.00381	0.00214	0.00245	0.00384	0.00498	0.03069	0.01404	0.84885	0.02619	0.00780	0.00324	0.00103	0.00152	0.03257	0.00238	0.00214
79	0.01397	0.00253	0.00326	0.00363	0.00398	0.00240	0.00252	0.00452	0.03556	0.05654	0.03870	0.71607	0.03346	0.03620	0.01297	0.00108	0.00164	0.02632	0.00238	0.00227
80	0.11723	0.01589	0.00931	0.02014	0.10093	0.38455	0.24081	0.02757	0.00632	0.00779	0.00433	0.00543	0.00348	0.00251	0.00269	0.00076	0.04363	0.00209	0.00135	0.00319

[dist]
# distance from previous block
# <min> <max>
0	1

[block]
# block no. 2 follows, 117 sequences, length 75
# corresponding to MSA columns:
# 108-182
name=unknown_C
#
# <colnr> <probs for GDERKNQSTAVLIFYWHMCP>
#	G	D	E	R	K	N	Q	S	T	A	V	L	I	F	Y	W	H	M	C	P
0	0.00459	0.00314	0.00346	0.00340	0.01823	0.00319	0.00252	0.00681	0.17740	0.02182	0.13035	0.04422	0.18436	0.00468	0.02867	0.00085	0.00159	0.00354	0.35448	0.00270
1	0.00820	0.13424	0.01473	0.00806	0.20669	0.27271	0.02154	0.24837	0.00783	0.01541	0.01381	0.01322	0.00410	0.00265	0.00235	0.00070	0.00336	0.00203	0.00164	0.01835
2	0.00330	0.00260	0.00303	0.00296	0.00366	0.00236	0.00222	0.00413	0.00597	0.00775	0.29684	0.02078	0.48189	0.04057	0.10938	0.00128	0.00196	0.00476	0.00236	0.00222
3	0.00584	0.00506	0.02484	0.00415	0.00638	0.00409	0.00341	0.11063	0.03838	0.00930	0.00493	0.00554	0.00397	0.00209	0.00200	0.00045	0.00204	0.00166	0.00166	0.76359
4	0.00559	0.00467	0.05628	0.07726	0.24241	0.00421	0.03401	0.03237	0.01223	0.11917	0.02736	0.29885	0.04531	0.00457	0.00281	0.00087	0.00239	0.01621	0.00197	0.01147
5	0.00515	0.00490	0.00737	0.75703	0.01578	0.03839	0.00660	0.00745	0.10970	0.00698	0.00522	0.00706	0.00394	0.00281	0.01085	0.00087	0.00331	0.00232	0.00131	0.00297
6	0.01004	0.00404	0.00539	0.00425	0.00588	0.00356	0.00339	0.02074	0.00679	0.72946	0.02876	0.01010	0.00712	0.14352	0.00418	0.00105	0.00220	0.00278	0.00289	0.00386
7	0.00599	0.00646	0.01297	0.01036	0.11290	0.00624	0.64871	0.00863	0.11046	0.00855	0.03816	0.00756	0.00508	0.00243	0.00290	0.00085	0.00377	0.00296	0.00149	0.00354
8	0.00391	0.00320	0.00529	0.00479	0.00548	0.00350	0.10730	0.00489	0.00437	0.00618	0.00733	0.04292	0.02864	0.03845	0.69569	0.01820	0.01308	0.00300	0.00142	0.00237
9	0.00301	0.00258	0.00258	0.00258	0.00344	0.00215	0.00194	0.00366	0.00581	0.00688	0.02580	0.02451	0.89357	0.00645	0.00301	0.00086	0.00129	0.00538	0.00237	0.00215
10	0.00481	0.00453	0.00764	0.90437	0.01754	0.00566	0.00707	0.00651	0.00509	0.00651	0.00453	0.00679	0.00340	0.00255	0.00255	0.00085	0.00340	0.00226	0.00113	0.00283
11	0.00405	0.00308	0.00378	0.00352	0.00426	0.00305	0.00266	0.00623	0.15263	0.01024	0.73536	0.01753	0.03383	0.00494	0.00294	0.00081	0.00134	0.00433	0.00276	0.00267
12	0.00321	0.00238	0.00303	0.00351	0.00384	0.00219	0.00250	0.00378	0.00518	0.00671	0.01620	0.63060	0.18297	0.00757	0.00324	0.00102	0.00155	0.11604	0.00236	0.00212
13	0.00369	0.00248	0.00287	0.00289	0.00292	0.00251	0.00168	0.00376	0.00376	0.00504	0.00807	0.03546	0.00922	0.82787	0.07561	0.00255	0.00276	0.00371	0.00155	0.00161
14	0.00916	0.14496	0.00692	0.00456	0.00632	0.00533	0.00383	0.18620	0.00757	0.44107	0.00851	0.08085	0.00643	0.00342	0.00244	0.00076	0.00227	0.01511	0.06049	0.00383
15	0.00511	0.01317	0.89730	0.00726	0.01102	0.00591	0.00941	0.00807	0.00538	0.00807	0.00457	0.00538	0.00323	0.00242	0.00242	0.00081	0.00376	0.00188	0.00108	0.00376
16	0.00303	0.00251	0.00266	0.00276	0.00349	0.00214	0.00202	0.00365	0.00565	0.00684	0.03185	0.18828	0.72291	0.00672	0.00305	0.00089	0.00132	0.00571	0.00237	0.00214
17	0.00633	0.00547	0.00576	0.00518	0.00662	0.00633	0.00403	0.01353	0.89001	0.01065	0.01037	0.00950	0.00777	0.00346	0.00259	0.00086	0.00202	0.00288	0.00259	0.00403
18	0.00481	0.00453	0.00764	0.90437	0.01754	0.00566	0.00707	0.00651	0.00509	0.00651	0.00453	0.00679	0.00340	0.00255	0.00255	0.00085	0.00340	0.00226	0.00113	0.00283
19	0.00302	0.00253	0.00263	0.00272	0.00348	0.00214	0.00200	0.00364	0.00567	0.00682	0.02409	0.15316	0.76603	0.00667	0.00305	0.00089	0.00132	0.00565	0.00236	0.00214
20	0.00310	0.00224	0.00293	0.00349	0.00368	0.00207	0.00234	0.00355	0.00493	0.00652	0.01472	0.85734	0.06790	0.00789	0.00324	0.00102	0.00147	0.00713	0.00236	0.00207
21	0.00944	0.01202	0.00718	0.00653	0.00783	0.88913	0.00490	0.01010	0.00718	0.00623	0.00397	0.00466	0.00332	0.00283	0.01345	0.00070	0.00462	0.00165	0.00131	0.00294
22	0.00557	0.00557	0.00780	0.00669	0.00669	0.00780	0.00557	0.00613	0.00390	0.00613	0.00334	0.00557	0.00334	0.00446	0.00836	0.00111	0.90583	0.00223	0.00111	0.00279
23	0.00314	0.00225	0.00299	0.00357	0.00375	0.00210	0.00242	0.00361	0.00493	0.00655	0.01419	0.86385	0.02950	0.00792	0.00326	0.00104	0.00151	0.03899	0.00236	0.00208
24	0.00315	0.00229	0.00298	0.00351	0.00375	0.00212	0.00241	0.00366	0.00504	0.00664	0.02814	0.77444	0.09480	0.00776	0.00324	0.00102	0.00150	0.04907	0.00237	0.00209
25	0.12003	0.00441	0.00562	0.00438	0.00627	0.00402	0.00360	0.02561	0.00695	0.76109	0.00918	0.00824	0.00591	0.01962	0.00263	0.00082	0.00216	0.00244	0.00293	0.00410
26	0.00349	0.00256	0.00328	0.00318	0.00376	0.00234	0.00235	0.00455	0.00681	0.00948	0.71161	0.12003	0.10577	0.00564	0.00303	0.00083	0.00124	0.00498	0.00271	0.00234
27	0.59831	0.00470	0.00423	0.00367	0.00521	0.00520	0.00299	0.03041	0.07976	0.14816	0.01850	0.00599	0.00438	0.00269	0.00188	0.00078	0.00195	0.00184	0.07626	0.00311
28	0.00529	0.00300	0.00306	0.00286	0.00364	0.00312	0.00220	0.08469	0.06278	0.01015	0.00825	0.00919	0.00641	0.00301	0.00190	0.00063	0.00138	0.00240	0.78339	0.00265
29	0.00572	0.00554	0.00775	0.00663	0.00668	0.00770	0.00552	0.00629	0.00399	0.02932	0.00352	0.00565	0.00342	0.00442	0.00821	0.00111	0.88229	0.00224	0.00117	0.00283
30	0.01140	0.00438	0.00594	0.00455	0.00652	0.00381	0.00376	0.02639	0.00736	0.88229	0.00998	0.00863	0.00627	0.00315	0.00256	0.00079	0.00218	0.00256	0.00314	0.00433
31	0.00364	0.00260	0.00357	0.00416	0.00454	0.00253	0.00330	0.00448	0.00541	0.00710	0.01374	0.43636	0.01567	0.00747	0.00339	0.00111	0.00194	0.47441	0.00235	0.00222
32	0.00681	0.91203	0.01335	0.00436	0.00654	0.01008	0.00436	0.00763	0.00517	0.00599	0.00354	0.00409	0.00327	0.00218	0.00163	0.00054	0.00272	0.00136	0.00109	0.00327
33	0.00352	0.00259	0.00329	0.00313	0.00376	0.00236	0.00234	0.00463	0.00697	0.00970	0.76182	0.04289	0.13264	0.00543	0.00301	0.00081	0.00122	0.00477	0.00274	0.00236
34	0.92848	0.00493	0.00374	0.00335	0.00493	0.00571	0.00276	0.00749	0.00433	0.01143	0.00355	0.00414	0.00276	0.00236	0.00158	0.00079	0.00197	0.00138	0.00158	0.00276
35	0.01104	0.00509	0.00627	0.00484	0.00680	0.03072	0.00398	0.17686	0.00817	0.70460	0.00913	0.00807	0.00584	0.00312	0.00255	0.00078	0.00236	0.00248	0.00298	0.00429
36	0.00418	0.00305	0.00413	0.00465	0.00526	0.00309	0.00399	0.00568	0.06139	0.00774	0.01332	0.08408	0.01436	0.00687	0.00344	0.00114	0.00227	0.76656	0.00236	0.00243
37	0.00697	0.00578	0.00611	0.00531	0.00686	0.00663	0.00418	0.17823	0.72428	0.01167	0.00956	0.00886	0.00712	0.00338	0.00258	0.00085	0.00216	0.00277	0.00258	0.00409
38	0.00581	0.00476	0.00548	0.00404	0.00613	0.00400	0.00325	0.14232	0.00649	0.00967	0.08380	0.00663	0.00566	0.00236	0.00209	0.00047	0.00197	0.00191	0.00178	0.70139
39	0.00363	0.00257	0.00309	0.00316	0.00344	0.00253	0.00215	0.00406	0.00463	0.00613	0.08980	0.04612	0.12499	0.49908	0.08074	0.00204	0.00251	0.11558	0.00187	0.00187
40	0.00327	0.00232	0.00290	0.00330	0.00346	0.00219	0.00215	0.00362	0.00464	0.00613	0.01317	0.60342	0.06992	0.24733	0.00582	0.00141	0.00174	0.01914	0.00215	0.00194
41	0.00442	0.00221	0.00332	0.00332	0.00332	0.00221	0.00221	0.00332	0.00332	0.00442	0.00442	0.00774	0.00442	0.00885	0.00995	0.92590	0.00221	0.00221	0.00111	0.00111
42	0.22621	0.00458	0.00529	0.00429	0.00599	0.00451	0.00348	0.11022	0.00686	0.49552	0.00839	0.08747	0.00622	0.01643	0.00254	0.00083	0.00214	0.00268	0.00262	0.00372
43	0.00370	0.00247	0.00278	0.00278	0.00278	0.00247	0.00154	0.00370	0.00370	0.00494	0.00802	0.01667	0.00926	0.91050	0.01296	0.00247	0.00247	0.00370	0.00154	0.00154
44	0.00514	0.03045	0.88031	0.00720	0.01094	0.00599	0.00931	0.00806	0.00537	0.00803	0.00455	0.00535	0.00323	0.00242	0.00240	0.00080	0.00374	0.00187	0.00108	0.00375
45	0.00511	0.01317	0.89730	0.00726	0.01102	0.00591	0.00941	0.00807	0.00538	0.00807	0.00457	0.00538	0.00323	0.00242	0.00242	0.00081	0.00376	0.00188	0.00108	0.00376
46	0.00481	0.00453	0.00764	0.90437	0.01754	0.00566	0.00707	0.00651	0.00509	0.00651	0.00453	0.00679	0.00340	0.00255	0.00255	0.00085	0.00340	0.00226	0.00113	0.00283
47	0.00511	0.01317	0.89730	0.00726	0.01102	0.00591	0.00941	0.00807	0.00538	0.00807	0.00457	0.00538	0.00323	0.00242	0.00242	0.00081	0.00376	0.00188	0.00108	0.00376
48	0.00630	0.00605	0.01034	0.01563	0.89461	0.00605	0.00782	0.00782	0.00580	0.00832	0.00479	0.00630	0.00403	0.00227	0.00252	0.00076	0.00303	0.00227	0.00126	0.00403
49	0.00311	0.00225	0.00294	0.00348	0.00369	0.00209	0.00235	0.00357	0.00496	0.00654	0.01498	0.82745	0.08752	0.00784	0.00323	0.00102	0.00147	0.01705	0.00236	0.00208
50	0.00399	0.00285	0.00397	0.00454	0.00508	0.00284	0.00389	0.00507	0.00573	0.00747	0.01346	0.11959	0.01480	0.02059	0.00363	0.00118	0.00226	0.77443	0.00234	0.00230
51	0.00511	0.01317	0.89730	0.00726	0.01102	0.00591	0.00941	0.00807	0.00538	0.00807	0.00457	0.00538	0.00323	0.00242	0.00242	0.00081	0.00376	0.00188	0.00108	0.00376
52	0.00369	0.00247	0.00277	0.00277	0.00279	0.00246	0.00155	0.00370	0.00373	0.00497	0.00829	0.01678	0.02230	0.89717	0.01282	0.00245	0.00245	0.00373	0.00156	0.00155
53	0.00364	0.00273	0.00409	0.00409	0.00455	0.00318	0.00318	0.00455	0.00409	0.00591	0.00682	0.01001	0.00637	0.01910	0.90040	0.00409	0.00682	0.00273	0.00136	0.00227
54	0.00511	0.01317	0.89730	0.00726	0.01102	0.00591	0.00941	0.00807	0.00538	0.00807	0.00457	0.00538	0.00323	0.00242	0.00242	0.00081	0.00376	0.00188	0.00108	0.00376
55	0.00481	0.00453	0.00764	0.90437	0.01754	0.00566	0.00707	0.00651	0.00509	0.00651	0.00453	0.00679	0.00340	0.00255	0.00255	0.00085	0.00340	0.00226	0.00113	0.00283
56	0.00381	0.00265	0.00345	0.00322	0.00387	0.00243	0.00243	0.00499	0.00717	0.03582	0.84223	0.01888	0.04899	0.00518	0.00299	0.00080	0.00123	0.00457	0.00280	0.00245
57	0.00883	0.00642	0.00685	0.00538	0.00719	0.00710	0.00440	0.71486	0.07238	0.01485	0.00669	0.00677	0.00485	0.00307	0.00245	0.00075	0.00254	0.00234	0.11821	0.00406
58	0.92848	0.00493	0.00374	0.00335	0.00493	0.00571	0.00276	0.00749	0.00433	0.01143	0.00355	0.00414	0.00276	0.00236	0.00158	0.00079	0.00197	0.00138	0.00158	0.00276
59	0.01143	0.00433	0.00591	0.00453	0.00650	0.00374	0.00374	0.01241	0.00729	0.89637	0.01005	0.00867	0.00630	0.00315	0.00256	0.00079	0.00217	0.00256	0.00315	0.00433
60	0.00481	0.00453	0.00764	0.90437	0.01754	0.00566	0.00707	0.00651	0.00509	0.00651	0.00453	0.00679	0.00340	0.00255	0.00255	0.00085	0.00340	0.00226	0.00113	0.00283
61	0.00410	0.00293	0.00410	0.00469	0.00528	0.00293	0.00410	0.00528	0.00586	0.00762	0.01348	0.02873	0.01466	0.00704	0.00352	0.00117	0.00235	0.87747	0.00235	0.00235
62	0.00557	0.00557	0.00780	0.00669	0.00669	0.00780	0.00557	0.00613	0.00390	0.00613	0.00334	0.00557	0.00334	0.00446	0.00836	0.00111	0.90583	0.00223	0.00111	0.00279
63	0.03793	0.00452	0.00595	0.00458	0.00654	0.00405	0.00378	0.06467	0.00748	0.81790	0.00962	0.00838	0.00608	0.00312	0.00253	0.00079	0.00220	0.00251	0.00307	0.00429
64	0.02080	0.00618	0.00657	0.00518	0.00706	0.11096	0.00421	0.30941	0.00879	0.46593	0.00788	0.00734	0.00526	0.01063	0.00259	0.00078	0.00266	0.00236	0.01130	0.00411
65	0.00366	0.00267	0.00382	0.00382	0.00418	0.00303	0.00284	0.00436	0.00401	0.00570	0.00704	0.01133	0.00693	0.19932	0.71207	0.01288	0.00590	0.00292	0.00140	0.00211
66	0.00356	0.00254	0.00297	0.00297	0.00322	0.00253	0.00191	0.00385	0.00422	0.00555	0.02392	0.01707	0.17664	0.57597	0.16039	0.00241	0.00296	0.00387	0.00169	0.00179
67	0.00481	0.00453	0.00764	0.90437	0.01754	0.00566	0.00707	0.00651	0.00509	0.00651	0.00453	0.00679	0.00340	0.00255	0.00255	0.00085	0.00340	0.00226	0.00113	0.00283
68	0.00528	0.00453	0.00528	0.00377	0.00604	0.00340	0.00302	0.00641	0.00528	0.00830	0.00453	0.00528	0.00377	0.00189	0.00189	0.00038	0.00189	0.00151	0.00151	0.92606
69	0.78637	0.00604	0.00428	0.00385	0.00538	0.14406	0.00309	0.00790	0.00478	0.01062	0.00361	0.00421	0.00284	0.00240	0.00169	0.00077	0.00238	0.00142	0.00154	0.00279
70	0.78569	0.00620	0.14193	0.00395	0.00587	0.00574	0.00379	0.00758	0.00450	0.01091	0.00370	0.00433	0.00283	0.00237	0.00171	0.00079	0.00225	0.00146	0.00150	0.00291
71	0.00355	0.00259	0.00333	0.00317	0.00378	0.00238	0.00237	0.00469	0.00704	0.00987	0.80546	0.04488	0.08662	0.00538	0.00301	0.00081	0.00122	0.00474	0.00276	0.00238
72	0.00845	0.00787	0.00757	0.09724	0.00873	0.27202	0.03634	0.33375	0.00826	0.05831	0.00523	0.00599	0.00399	0.00360	0.03675	0.00091	0.09752	0.00215	0.00183	0.00350
73	0.00545	0.00560	0.03351	0.00788	0.00972	0.00520	0.50269	0.05107	0.04854	0.01853	0.03544	0.19944	0.02029	0.00389	0.01103	0.00091	0.00327	0.01273	0.02167	0.00314
74	0.00711	0.77267	0.01241	0.00470	0.00671	0.12167	0.00446	0.00790	0.00539	0.00603	0.00358	0.00419	0.00327	0.00230	0.00191	0.00058	0.02935	0.00142	0.00112	0.00321

[dist]
# distance from previous block
# <min> <max>
0	1

[block]
# block no. 3 follows, 117 sequences, length 68
# corresponding to MSA columns:
# 184-251
name=unknown_D
#
# <colnr> <probs for GDERKNQSTAVLIFYWHMCP>
#	G	D	E	R	K	N	Q	S	T	A	V	L	I	F	Y	W	H	M	C	P
0	0.00318	0.00245	0.00293	0.00323	0.00372	0.00220	0.00231	0.00385	0.01186	0.00702	0.08483	0.45428	0.34671	0.00711	0.00315	0.00096	0.00144	0.05422	0.00240	0.00215
1	0.04767	0.00524	0.00580	0.00437	0.00646	0.00484	0.00352	0.22479	0.07793	0.01056	0.00539	0.00583	0.00422	0.00234	0.00209	0.00053	0.00212	0.00182	0.01304	0.57145
2	0.00476	0.00375	0.00501	0.01201	0.17237	0.01071	0.00374	0.08339	0.03888	0.03311	0.05116	0.35859	0.15502	0.02363	0.00315	0.00093	0.00197	0.03281	0.00219	0.00281
3	0.77884	0.00482	0.00377	0.00341	0.00480	0.02358	0.00271	0.00731	0.03222	0.01058	0.00426	0.00570	0.00364	0.10247	0.00288	0.00097	0.00208	0.00169	0.00160	0.00267
4	0.00317	0.00227	0.00293	0.00343	0.00360	0.00212	0.00228	0.00359	0.00481	0.00637	0.01395	0.76429	0.05702	0.10293	0.00426	0.00118	0.00158	0.01592	0.00228	0.00202
5	0.00331	0.00243	0.00308	0.00350	0.00382	0.00227	0.00243	0.02378	0.00534	0.00704	0.06860	0.68651	0.13009	0.00747	0.00320	0.00100	0.00150	0.04010	0.00239	0.00216
6	0.00732	0.33634	0.19607	0.00598	0.02564	0.21126	0.01097	0.10413	0.04540	0.00784	0.00446	0.00503	0.00360	0.00254	0.00227	0.00068	0.02390	0.00175	0.00137	0.00345
7	0.00681	0.91203	0.01335	0.00436	0.00654	0.01008	0.00436	0.00763	0.00517	0.00599	0.00354	0.00409	0.00327	0.00218	0.00163	0.00054	0.00272	0.00136	0.00109	0.00327
8	0.00304	0.00255	0.00264	0.00269	0.00347	0.00215	0.00199	0.00368	0.00576	0.00695	0.05106	0.10650	0.78571	0.00655	0.00303	0.00087	0.00130	0.00552	0.00238	0.00215
9	0.00394	0.00294	0.00386	0.00385	0.00417	0.02131	0.00280	0.00453	0.00422	0.02347	0.00801	0.13875	0.00840	0.24626	0.46868	0.00297	0.04457	0.00357	0.00158	0.00213
10	0.00553	0.03641	0.15148	0.00446	0.00606	0.00440	0.00412	0.15416	0.05867	0.08202	0.01412	0.12958	0.30377	0.00491	0.00818	0.00087	0.00220	0.02373	0.00221	0.00311
11	0.00368	0.00246	0.00278	0.00280	0.00281	0.00246	0.00157	0.00370	0.00374	0.00499	0.00823	0.04712	0.00952	0.87968	0.01263	0.00242	0.00244	0.00382	0.00157	0.00156
12	0.00668	0.00414	0.00469	0.00427	0.03540	0.03208	0.00320	0.16614	0.02496	0.17580	0.13493	0.07677	0.09352	0.00401	0.00252	0.00076	0.00188	0.00333	0.22178	0.00316
13	0.07709	0.04435	0.18833	0.10537	0.07172	0.11307	0.04972	0.03840	0.03960	0.10593	0.02814	0.07116	0.03483	0.01815	0.00265	0.00082	0.00302	0.00264	0.00169	0.00332
14	0.00634	0.02174	0.05394	0.04013	0.01214	0.13295	0.64642	0.00822	0.00609	0.00774	0.00545	0.01895	0.02222	0.00241	0.00284	0.00082	0.00416	0.00282	0.00131	0.00331
15	0.00372	0.00246	0.00277	0.00279	0.00281	0.00245	0.00158	0.00377	0.00380	0.00514	0.00824	0.04690	0.00943	0.85110	0.01228	0.00236	0.00239	0.00378	0.03065	0.00159
16	0.31416	0.00638	0.00524	0.01209	0.05464	0.22589	0.00363	0.05020	0.04245	0.00883	0.02333	0.06486	0.00537	0.10298	0.00338	0.00093	0.01101	0.00232	0.00164	0.06067
17	0.00583	0.02388	0.04885	0.00626	0.00785	0.03986	0.20744	0.07233	0.28736	0.00909	0.03954	0.07317	0.09332	0.00405	0.01916	0.00092	0.04457	0.01114	0.00202	0.00337
18	0.00513	0.00477	0.00756	0.71388	0.07825	0.00578	0.00669	0.00760	0.13053	0.00722	0.00537	0.00714	0.00406	0.00266	0.00255	0.00084	0.00317	0.00235	0.00135	0.00309
19	0.00311	0.00228	0.00292	0.00340	0.00366	0.00210	0.00231	0.00362	0.00511	0.00673	0.05646	0.74596	0.13771	0.00764	0.00321	0.00100	0.00144	0.00686	0.00238	0.00210
20	0.00688	0.51989	0.00995	0.00469	0.00638	0.20741	0.00413	0.03527	0.01349	0.00664	0.03477	0.06822	0.06682	0.00311	0.00207	0.00064	0.00290	0.00225	0.00143	0.00305
21	0.00519	0.05465	0.85651	0.00713	0.01082	0.00611	0.00918	0.00805	0.00537	0.00797	0.00452	0.00532	0.00323	0.00241	0.00238	0.00079	0.00372	0.00186	0.00108	0.00374
22	0.00379	0.00277	0.00336	0.00356	0.00429	0.00254	0.00290	0.00466	0.00585	0.03762	0.05667	0.05443	0.41629	0.03235	0.00349	0.00103	0.00178	0.35795	0.00238	0.00229
23	0.00517	0.01210	0.77126	0.00718	0.01041	0.00618	0.00887	0.00779	0.00517	0.00779	0.00440	0.00540	0.00324	0.00271	0.00326	0.00085	0.13158	0.00193	0.00108	0.00363
24	0.00573	0.04614	0.70872	0.00690	0.01016	0.13267	0.00834	0.00820	0.00564	0.00769	0.00514	0.00585	0.03265	0.00257	0.00239	0.00078	0.00376	0.00194	0.00115	0.00358
25	0.00382	0.00274	0.00373	0.00419	0.00469	0.00268	0.00345	0.00481	0.00576	0.00759	0.11074	0.18574	0.04359	0.03683	0.00371	0.00114	0.00203	0.56811	0.00237	0.00227
26	0.00310	0.00222	0.00296	0.00355	0.00369	0.00207	0.00236	0.00355	0.00488	0.00650	0.01404	0.90883	0.01684	0.00798	0.00325	0.00103	0.00148	0.00724	0.00236	0.00207
27	0.00664	0.00573	0.00592	0.00526	0.00674	0.02515	0.00411	0.07604	0.80857	0.01095	0.00993	0.00916	0.00743	0.00341	0.00258	0.00085	0.00213	0.00281	0.00256	0.00403
28	0.05233	0.25040	0.14168	0.00581	0.05243	0.20292	0.00511	0.04264	0.01495	0.05371	0.01302	0.00591	0.00419	0.00486	0.12940	0.00116	0.00379	0.00190	0.01057	0.00323
29	0.00952	0.01205	0.00722	0.00655	0.00787	0.88423	0.00492	0.02592	0.00730	0.00641	0.00398	0.00462	0.00330	0.00263	0.00230	0.00066	0.00456	0.00165	0.00133	0.00298
30	0.00510	0.00485	0.00796	0.74574	0.14142	0.01822	0.00706	0.00674	0.00523	0.00680	0.00456	0.00666	0.00349	0.00249	0.00252	0.00082	0.00333	0.00224	0.00116	0.02360
31	0.00301	0.00258	0.00258	0.00258	0.00344	0.00215	0.00194	0.00366	0.00581	0.00688	0.02580	0.02451	0.89357	0.00645	0.00301	0.00086	0.00129	0.00538	0.00237	0.00215
32	0.00442	0.00221	0.00332	0.00332	0.00332	0.00221	0.00221	0.00332	0.00332	0.00442	0.00442	0.00774	0.00442	0.00885	0.00995	0.92590	0.00221	0.00221	0.00111	0.00111
33	0.00612	0.00611	0.01116	0.08591	0.62979	0.00611	0.20133	0.00779	0.00579	0.00814	0.00485	0.00647	0.00395	0.00226	0.00263	0.00079	0.00333	0.00243	0.00126	0.00381
34	0.00579	0.00887	0.28380	0.00937	0.01221	0.03670	0.56822	0.00810	0.00583	0.00803	0.00513	0.02646	0.00394	0.00238	0.00281	0.00084	0.00408	0.00271	0.00125	0.00349
35	0.00481	0.00453	0.00764	0.90437	0.01754	0.00566	0.00707	0.00651	0.00509	0.00651	0.00453	0.00679	0.00340	0.00255	0.00255	0.00085	0.00340	0.00226	0.00113	0.00283
36	0.00310	0.00222	0.00296	0.00355	0.00369	0.00207	0.00236	0.00355	0.00488	0.00650	0.01404	0.90883	0.01684	0.00798	0.00325	0.00103	0.00148	0.00724	0.00236	0.00207
37	0.00353	0.00260	0.00330	0.00313	0.00376	0.00237	0.00234	0.00466	0.00703	0.00980	0.78539	0.01971	0.13217	0.00536	0.00300	0.00081	0.00121	0.00470	0.00275	0.00237
38	0.09019	0.61228	0.01101	0.00480	0.00669	0.20730	0.00436	0.00815	0.00553	0.00654	0.00363	0.00423	0.00323	0.00234	0.00191	0.00060	0.02145	0.00144	0.00118	0.00314
39	0.00311	0.00258	0.00271	0.00268	0.00350	0.00219	0.00201	0.00384	0.00603	0.00742	0.16535	0.02363	0.75369	0.00625	0.00301	0.00085	0.00128	0.00525	0.00244	0.00219
40	0.91342	0.00492	0.00378	0.00337	0.00495	0.00568	0.00277	0.00757	0.00438	0.02597	0.00365	0.00421	0.00282	0.00238	0.00159	0.00079	0.00197	0.00140	0.00160	0.00278
41	0.00404	0.00316	0.00374	0.00355	0.01510	0.00305	0.00264	0.03338	0.11255	0.00951	0.50317	0.03602	0.22909	0.00517	0.00292	0.00082	0.00141	0.00446	0.00261	0.02362
42	0.00354	0.00261	0.00339	0.00323	0.00385	0.00246	0.00244	0.00465	0.00671	0.00938	0.70135	0.01863	0.11654	0.00687	0.10189	0.00117	0.00183	0.00448	0.00260	0.00236
43	0.00838	0.00690	0.00704	0.00600	0.03700	0.07594	0.00466	0.48250	0.32028	0.01314	0.00740	0.00720	0.00545	0.00314	0.00254	0.00079	0.00267	0.00245	0.00243	0.00411
44	0.00860	0.00428	0.00610	0.00622	0.15741	0.00401	0.00416	0.03654	0.00643	0.50192	0.00879	0.05104	0.00674	0.08946	0.08303	0.00125	0.00274	0.01512	0.00245	0.00371
45	0.00640	0.04492	0.12649	0.02194	0.31890	0.06777	0.30809	0.02810	0.00602	0.02406	0.00494	0.00632	0.00389	0.00888	0.01143	0.00083	0.00367	0.00241	0.00131	0.00365
46	0.00601	0.34712	0.30141	0.00628	0.02459	0.02334	0.09138	0.00839	0.10291	0.00753	0.00537	0.00680	0.00446	0.00268	0.00226	0.00074	0.00316	0.05075	0.00135	0.00349
47	0.01043	0.00413	0.00546	0.00426	0.00604	0.00366	0.00349	0.03481	0.00714	0.74721	0.00970	0.00872	0.00628	0.00312	0.00245	0.00076	0.00205	0.00253	0.13370	0.00406
48	0.00394	0.00278	0.00365	0.00378	0.02227	0.00258	0.03262	0.00476	0.01621	0.05181	0.05412	0.36567	0.24584	0.02179	0.04609	0.00109	0.00186	0.03124	0.08554	0.00237
49	0.01256	0.58387	0.06303	0.00553	0.03756	0.15038	0.03893	0.01636	0.03489	0.02123	0.00434	0.00490	0.01218	0.00237	0.00194	0.00062	0.00310	0.00165	0.00125	0.00332
50	0.00427	0.00280	0.00350	0.00357	0.00372	0.04697	0.00244	0.00391	0.00392	0.00512	0.00671	0.15843	0.00721	0.10406	0.13327	0.50101	0.00288	0.00325	0.00141	0.00157
51	0.86518	0.00531	0.00399	0.00355	0.00513	0.04705	0.00291	0.02759	0.00464	0.01129	0.00362	0.00420	0.00282	0.00239	0.00163	0.00078	0.00211	0.00141	0.00159	0.00280
52	0.00362	0.00242	0.00281	0.00292	0.00298	0.00240	0.00173	0.00376	0.00398	0.00539	0.00915	0.18393	0.01056	0.70012	0.02159	0.00216	0.00229	0.00431	0.03219	0.00168
53	0.00893	0.00676	0.00722	0.00571	0.00761	0.00755	0.00466	0.69005	0.20927	0.01484	0.00707	0.00688	0.00510	0.00315	0.00256	0.00079	0.00263	0.00242	0.00256	0.00426
54	0.92848	0.00493	0.00374	0.00335	0.00493	0.00571	0.00276	0.00749	0.00433	0.01143	0.00355	0.00414	0.00276	0.00236	0.00158	0.00079	0.00197	0.00138	0.00158	0.00276
55	0.00360	0.00260	0.00340	0.00320	0.00380	0.00240	0.00240	0.00481	0.00721	0.01021	0.89326	0.01902	0.02403	0.00521	0.00300	0.00080	0.00120	0.00461	0.00280	0.00240
56	0.00396	0.00283	0.00394	0.00450	0.00503	0.00281	0.00383	0.00504	0.00578	0.00757	0.04262	0.13874	0.01524	0.00709	0.00347	0.00114	0.00220	0.73954	0.00236	0.00231
57	0.00429	0.00252	0.00338	0.00368	0.00409	0.00231	0.00256	0.00482	0.00526	0.13265	0.02799	0.76660	0.01547	0.00725	0.00315	0.00100	0.00157	0.00653	0.00248	0.00240
58	0.00481	0.00453	0.00764	0.90437	0.01754	0.00566	0.00707	0.00651	0.00509	0.00651	0.00453	0.00679	0.00340	0.00255	0.00255	0.00085	0.00340	0.00226	0.00113	0.00283
59	0.69155	0.00549	0.00475	0.00400	0.00569	0.00628	0.00330	0.23406	0.00630	0.01262	0.00421	0.00465	0.00316	0.00254	0.00183	0.00078	0.00218	0.00161	0.00183	0.00316
60	0.00854	0.00633	0.00676	0.00538	0.00715	0.00702	0.00438	0.63885	0.16247	0.01441	0.02498	0.00726	0.00552	0.00316	0.00250	0.00077	0.00249	0.00245	0.08553	0.00406
61	0.90985	0.00494	0.00378	0.00339	0.00496	0.00573	0.00278	0.00761	0.02223	0.01141	0.00368	0.00425	0.00286	0.00239	0.00160	0.00079	0.00197	0.00141	0.00160	0.00278
62	0.00328	0.00265	0.00303	0.00320	0.02177	0.00234	0.00229	0.00412	0.01905	0.00757	0.19159	0.16229	0.53775	0.00633	0.00304	0.00088	0.00137	0.02276	0.00243	0.00226
63	0.00638	0.00629	0.06178	0.22159	0.18229	0.07457	0.03580	0.16238	0.02426	0.01414	0.00579	0.04656	0.01535	0.00309	0.01586	0.00081	0.01057	0.00244	0.02615	0.08391
64	0.00448	0.00254	0.00393	0.13099	0.00533	0.00270	0.00290	0.00377	0.00357	0.00472	0.00444	0.00761	0.00428	0.00795	0.00890	0.79483	0.00238	0.00222	0.00111	0.00135
65	0.00681	0.91203	0.01335	0.00436	0.00654	0.01008	0.00436	0.00763	0.00517	0.00599	0.00354	0.00409	0.00327	0.00218	0.00163	0.00054	0.00272	0.00136	0.00109	0.00327
66	0.00310	0.00222	0.00295	0.00353	0.00369	0.00207	0.00236	0.00355	0.00490	0.00651	0.01428	0.89063	0.03489	0.00795	0.00325	0.00103	0.00147	0.00720	0.00236	0.00207
67	0.00481	0.00453	0.00764	0.90437	0.01754	0.00566	0.00707	0.00651	0.00509	0.00651	0.00453	0.00679	0.00340	0.00255	0.00255	0.00085	0.00340	0.00226	0.00113	0.00283

[dist]
# distance from previous block
# <min> <max>
0	2

[block]
# block no. 4 follows, 117 sequences, length 51
# corresponding to MSA columns:
# 254-304
name=unknown_E
#
# <colnr> <probs for GDERKNQSTAVLIFYWHMCP>
#	G	D	E	R	K	N	Q	S	T	A	V	L	I	F	Y	W	H	M	C	P
0	0.00651	0.00589	0.00997	0.05762	0.80456	0.00591	0.00756	0.00800	0.00585	0.05625	0.00506	0.00645	0.00413	0.00233	0.00252	0.00076	0.00300	0.00228	0.00136	0.00399
1	0.00811	0.00772	0.00644	0.00554	0.00699	0.29006	0.00430	0.27569	0.23078	0.01899	0.02109	0.02420	0.00576	0.05221	0.00304	0.00085	0.00305	0.00244	0.02919	0.00354
2	0.00563	0.05759	0.29867	0.01685	0.01142	0.02046	0.46663	0.00781	0.00561	0.00775	0.00503	0.00674	0.00393	0.04416	0.02953	0.00099	0.00403	0.00255	0.00122	0.00340
3	0.00563	0.00477	0.00546	0.00406	0.00620	0.00399	0.00324	0.04937	0.12077	0.00898	0.00536	0.00587	0.00432	0.00215	0.00201	0.00046	0.00195	0.00172	0.00170	0.76200
4	0.00364	0.00273	0.00409	0.00409	0.00455	0.00318	0.00318	0.00455	0.00409	0.00591	0.00682	0.01001	0.00637	0.01910	0.90040	0.00409	0.00682	0.00273	0.00136	0.00227
5	0.00633	0.16026	0.61891	0.00637	0.00961	0.00628	0.00773	0.00864	0.00563	0.13972	0.00521	0.00565	0.00369	0.00249	0.00231	0.00076	0.00335	0.00190	0.00139	0.00377
6	0.00531	0.00428	0.00400	0.00367	0.00466	0.13596	0.00279	0.00626	0.02327	0.12467	0.24961	0.04113	0.37442	0.00510	0.00284	0.00081	0.00189	0.00425	0.00243	0.00266
