[name]
nad9

[dist]
# distance from previous block
# <min> <max>
0	25

[block]
# block no. 0 follows, 104 sequences, length 13
# corresponding to MSA columns:
# 30-42
name=unknown_A
#
# <colnr> <probs for GDERKNQSTAVLIFYWHMCP>
#	G	D	E	R	K	N	Q	S	T	A	V	L	I	F	Y	W	H	M	C	P
0	0.04801	0.02993	0.00462	0.00481	0.05188	0.07803	0.00335	0.00569	0.01760	0.02286	0.03368	0.32996	0.20773	0.04486	0.03498	0.00121	0.00238	0.07345	0.00232	0.00267
1	0.00519	0.02993	0.00579	0.00598	0.12165	0.00431	0.02156	0.03935	0.02447	0.05137	0.13305	0.14343	0.27147	0.02874	0.02524	0.00109	0.07727	0.00474	0.00234	0.00304
2	0.00636	0.00691	0.10073	0.00915	0.26839	0.11112	0.04940	0.02848	0.00666	0.04384	0.08077	0.09665	0.09486	0.00552	0.07749	0.00119	0.00349	0.00356	0.00189	0.00354
3	0.00577	0.00527	0.00545	0.00506	0.00585	0.14544	0.01969	0.07779	0.03824	0.00766	0.00825	0.05562	0.03500	0.14774	0.39991	0.00278	0.02663	0.00329	0.00177	0.00279
4	0.02625	0.00458	0.00563	0.07936	0.00713	0.00471	0.00399	0.19149	0.01933	0.20399	0.03262	0.11628	0.13642	0.00650	0.09885	0.00130	0.00289	0.00384	0.05128	0.00355
5	0.00685	0.02266	0.09412	0.00986	0.26091	0.07162	0.13145	0.04906	0.06153	0.04621	0.08050	0.00999	0.02517	0.06073	0.01727	0.00106	0.02408	0.02130	0.00184	0.00379
6	0.08443	0.04271	0.00676	0.00577	0.02951	0.14484	0.00445	0.23901	0.11096	0.01103	0.03680	0.04268	0.01992	0.02055	0.16108	0.00153	0.01259	0.00283	0.01894	0.00359
7	0.08063	0.00296	0.00346	0.00376	0.00424	0.00293	0.00265	0.00444	0.00551	0.00768	0.01706	0.54510	0.23027	0.03349	0.00392	0.00112	0.03935	0.00660	0.00245	0.00239
8	0.00588	0.00499	0.00663	0.00736	0.17195	0.03033	0.05157	0.04479	0.19226	0.02518	0.07234	0.19416	0.06475	0.03922	0.00352	0.00102	0.00246	0.04072	0.03741	0.00345
9	0.00709	0.01963	0.00994	0.17144	0.36026	0.07495	0.07673	0.10671	0.04042	0.00942	0.00575	0.00738	0.00464	0.00432	0.07742	0.00117	0.01465	0.00257	0.00160	0.00392
10	0.00376	0.00300	0.00375	0.00384	0.00454	0.00276	0.02769	0.00485	0.04348	0.00810	0.11078	0.34394	0.35940	0.00736	0.00344	0.00104	0.00170	0.06142	0.00264	0.00252
11	0.00368	0.00262	0.00322	0.00360	0.00396	0.00244	0.00248	0.00428	0.00563	0.00753	0.06689	0.50411	0.16217	0.11602	0.00475	0.00127	0.00174	0.04684	0.05449	0.00229
12	0.00602	0.00514	0.00618	0.07907	0.00783	0.00419	0.00380	0.04771	0.00616	0.00940	0.00508	0.00602	0.00416	0.00221	0.00218	0.00048	0.00227	0.00178	0.00169	0.79862

[dist]
# distance from previous block
# <min> <max>
0	2

[block]
# block no. 1 follows, 104 sequences, length 6
# corresponding to MSA columns:
# 45-50
name=unknown_B
#
# <colnr> <probs for GDERKNQSTAVLIFYWHMCP>
#	G	D	E	R	K	N	Q	S	T	A	V	L	I	F	Y	W	H	M	C	P
0	0.00514	0.00365	0.00418	0.00389	0.00489	0.00352	0.00294	0.09588	0.05910	0.07127	0.16005	0.14461	0.35570	0.03314	0.03805	0.00114	0.00200	0.00519	0.00272	0.00294
1	0.00580	0.03709	0.09901	0.04140	0.00907	0.07747	0.23315	0.02329	0.00645	0.02544	0.06020	0.11543	0.17379	0.02161	0.00370	0.00098	0.05697	0.00406	0.00191	0.00320
2	0.00779	0.00824	0.06983	0.07182	0.17051	0.24054	0.02422	0.03096	0.15692	0.07065	0.00813	0.00912	0.05822	0.05671	0.00346	0.00096	0.00350	0.00275	0.00191	0.00375
3	0.00520	0.00378	0.00504	0.00445	0.00538	0.00378	0.06428	0.07815	0.03611	0.04975	0.14170	0.06739	0.14988	0.16224	0.15354	0.00183	0.00311	0.00422	0.05736	0.00282
4	0.06065	0.00707	0.12848	0.02449	0.15745	0.00620	0.19715	0.00896	0.13363	0.02977	0.05183	0.00984	0.06225	0.04249	0.00386	0.00101	0.06623	0.00309	0.00182	0.00373
5	0.00411	0.00289	0.00353	0.00365	0.00426	0.00269	0.00261	0.00502	0.02959	0.05195	0.13992	0.34572	0.26791	0.06091	0.06067	0.00134	0.00203	0.00605	0.00261	0.00253

[dist]
# distance from previous block
# <min> <max>
3	7

[block]
# block no. 2 follows, 104 sequences, length 42
# corresponding to MSA columns:
# 59-100
name=unknown_C
#
# <colnr> <probs for GDERKNQSTAVLIFYWHMCP>
#	G	D	E	R	K	N	Q	S	T	A	V	L	I	F	Y	W	H	M	C	P
0	0.02638	0.00307	0.00354	0.00361	0.00432	0.00285	0.00262	0.02564	0.00611	0.02698	0.05972	0.33015	0.36538	0.05499	0.00403	0.00110	0.01848	0.02665	0.00253	0.03185
1	0.00584	0.00413	0.00460	0.00410	0.00517	0.00426	0.00316	0.19563	0.07797	0.01172	0.26251	0.07739	0.11291	0.02555	0.00317	0.00090	0.00185	0.00415	0.19180	0.00318
2	0.00357	0.00273	0.00314	0.00328	0.00383	0.00245	0.00229	0.00422	0.00604	0.00776	0.15873	0.26328	0.38074	0.13906	0.00502	0.00125	0.00166	0.00609	0.00256	0.00230
3	0.00702	0.00645	0.00617	0.05308	0.02742	0.17022	0.00436	0.19485	0.10841	0.01036	0.09811	0.09086	0.12384	0.00585	0.06557	0.01482	0.00318	0.00369	0.00232	0.00340
4	0.00432	0.00333	0.00385	0.00364	0.00451	0.00315	0.00274	0.06640	0.04652	0.01016	0.41688	0.09109	0.32046	0.00622	0.00329	0.00093	0.00155	0.00535	0.00286	0.00276
5	0.00794	0.06048	0.00900	0.01968	0.10769	0.08730	0.08022	0.24857	0.05487	0.01554	0.03944	0.00712	0.00537	0.00303	0.00304	0.00077	0.05748	0.00243	0.00198	0.18805
6	0.00705	0.02350	0.00843	0.03558	0.33920	0.01699	0.00595	0.13045	0.11210	0.03477	0.05180	0.07117	0.01350	0.01968	0.00326	0.00089	0.03710	0.00307	0.00203	0.08349
7	0.00778	0.07768	0.12787	0.01518	0.24095	0.26901	0.09395	0.02030	0.06910	0.00839	0.00551	0.00684	0.00452	0.03724	0.00313	0.00089	0.00398	0.00236	0.00150	0.00382
8	0.00557	0.02443	0.00622	0.00670	0.12765	0.12841	0.00448	0.02517	0.00576	0.00740	0.00940	0.18077	0.06975	0.02651	0.28245	0.00211	0.07865	0.00387	0.00178	0.00294
9	0.00387	0.00318	0.00353	0.00394	0.00434	0.05256	0.00274	0.00449	0.00589	0.00754	0.07536	0.63185	0.15634	0.00798	0.00348	0.00107	0.00179	0.02509	0.00258	0.00239
10	0.05335	0.02192	0.00469	0.05759	0.04867	0.01522	0.00347	0.00567	0.04848	0.00809	0.08869	0.27392	0.16782	0.00839	0.12814	0.03090	0.00278	0.00495	0.00221	0.02503
11	0.05299	0.06231	0.10973	0.00555	0.02541	0.08008	0.00483	0.13254	0.02742	0.12413	0.01925	0.05809	0.03943	0.01289	0.00267	0.00077	0.00280	0.00263	0.00210	0.23437
12	0.00568	0.00420	0.00463	0.00425	0.00534	0.03235	0.00324	0.02378	0.20904	0.09549	0.21635	0.05502	0.22971	0.04072	0.05636	0.00121	0.00225	0.00445	0.00273	0.00321
13	0.00404	0.00297	0.00363	0.00390	0.00438	0.00284	0.00276	0.06541	0.00622	0.00816	0.06030	0.55535	0.16594	0.05822	0.00409	0.00117	0.00179	0.04376	0.00260	0.00248
14	0.00549	0.00507	0.02129	0.01697	0.05087	0.09656	0.02250	0.00770	0.18667	0.00819	0.08871	0.15565	0.02307	0.25573	0.02221	0.00151	0.00275	0.02398	0.00218	0.00291
15	0.00471	0.00309	0.00354	0.00344	0.00375	0.00309	0.00217	0.00546	0.06624	0.05340	0.04565	0.03555	0.04984	0.67439	0.01150	0.00228	0.00254	0.02517	0.00202	0.00216
16	0.00352	0.00250	0.00329	0.00386	0.00403	0.00235	0.00257	0.00401	0.00536	0.00716	0.03607	0.78368	0.01803	0.08615	0.00452	0.00128	0.00174	0.02508	0.00254	0.00225
17	0.00734	0.00669	0.01042	0.01428	0.63530	0.04072	0.00774	0.00875	0.00622	0.07041	0.00542	0.00697	0.00449	0.00313	0.01041	0.00093	0.15255	0.00250	0.00152	0.00419
18	0.00707	0.00739	0.01467	0.00741	0.11038	0.25882	0.00523	0.06873	0.00634	0.00778	0.00595	0.04142	0.00553	0.04212	0.23703	0.00193	0.16476	0.00270	0.00157	0.00319
19	0.00660	0.05471	0.00824	0.00681	0.00722	0.13088	0.00557	0.02176	0.00513	0.00698	0.00490	0.06912	0.00494	0.00567	0.05722	0.00130	0.59574	0.00274	0.00140	0.00307
20	0.01171	0.00549	0.00576	0.00505	0.00636	0.03410	0.00389	0.20667	0.32775	0.01146	0.08684	0.01285	0.07629	0.10276	0.00461	0.05016	0.00243	0.02180	0.02043	0.00362
21	0.00743	0.00806	0.00671	0.02325	0.05826	0.39224	0.03596	0.04095	0.01353	0.02227	0.00812	0.23888	0.00839	0.07098	0.05119	0.00121	0.00386	0.00381	0.00186	0.00303
22	0.14427	0.00467	0.00519	0.00498	0.05236	0.00515	0.00362	0.18491	0.05500	0.01104	0.00740	0.00949	0.00624	0.09972	0.15402	0.00163	0.01820	0.00268	0.22620	0.00322
23	0.01922	0.03679	0.01406	0.04989	0.01312	0.13984	0.62179	0.00899	0.00667	0.00847	0.00579	0.04143	0.00473	0.01231	0.00324	0.00093	0.00452	0.00316	0.00147	0.00359
24	0.00400	0.00278	0.00348	0.00354	0.00370	0.00289	0.00228	0.00432	0.00434	0.00592	0.00919	0.10676	0.01023	0.57437	0.24731	0.00305	0.00390	0.00420	0.00175	0.00198
25	0.00712	0.09044	0.09090	0.01230	0.39056	0.09754	0.16247	0.00878	0.00629	0.00842	0.00496	0.00648	0.00410	0.00278	0.00341	0.00087	0.09481	0.00245	0.00135	0.00397
26	0.00456	0.00333	0.00395	0.00396	0.00473	0.00327	0.00303	0.06669	0.05631	0.00965	0.20754	0.21601	0.19081	0.00648	0.00327	0.00099	0.00176	0.12321	0.08772	0.00276
27	0.00358	0.00252	0.00328	0.00387	0.00412	0.00236	0.00266	0.00417	0.00552	0.00745	0.01573	0.76278	0.05737	0.00838	0.00351	0.00112	0.00166	0.05608	0.05149	0.00232
28	0.00725	0.00563	0.00631	0.00549	0.00704	0.00622	0.02136	0.14822	0.49428	0.05355	0.10034	0.01240	0.03014	0.00417	0.00294	0.00093	0.00230	0.04937	0.03796	0.00411
29	0.00759	0.33936	0.06918	0.00474	0.00668	0.00736	0.00441	0.17985	0.00739	0.06349	0.01958	0.00757	0.00551	0.03179	0.00259	0.00077	0.00260	0.00225	0.23364	0.00363
30	0.00352	0.00287	0.00314	0.00322	0.00406	0.00248	0.00245	0.00435	0.00654	0.00808	0.12597	0.07875	0.64891	0.00713	0.00339	0.00099	0.00154	0.08752	0.00267	0.00242
31	0.00866	0.00583	0.00629	0.00511	0.00681	0.00628	0.00413	0.43963	0.11126	0.08588	0.00943	0.00945	0.05295	0.00361	0.00264	0.00082	0.00240	0.00284	0.23194	0.00408
32	0.57696	0.00500	0.00470	0.00399	0.00575	0.00535	0.00327	0.00962	0.00587	0.25932	0.02797	0.00681	0.00503	0.00298	0.00210	0.00086	0.00216	0.00206	0.06672	0.00350
33	0.00469	0.00320	0.00404	0.00376	0.00460	0.00303	0.00285	0.00630	0.06055	0.07214	0.60590	0.03622	0.12195	0.00651	0.05068	0.00110	0.00181	0.00486	0.00296	0.00287
34	0.00771	0.84951	0.01437	0.00491	0.00731	0.01099	0.00485	0.05998	0.00616	0.00728	0.00408	0.00465	0.00368	0.00247	0.00187	0.00062	0.00301	0.00157	0.00130	0.00368
35	0.00458	0.00385	0.00532	0.00502	0.00568	0.05643	0.05008	0.00554	0.00480	0.00661	0.00717	0.01052	0.00665	0.03078	0.74381	0.03917	0.00698	0.00295	0.00149	0.00256
36	0.00524	0.00441	0.00509	0.00393	0.00591	0.00346	0.00308	0.02319	0.00619	0.00908	0.06203	0.05860	0.16314	0.00359	0.00247	0.00059	0.00192	0.00299	0.00199	0.63310
37	0.07150	0.06990	0.32989	0.00708	0.00974	0.15179	0.08357	0.10769	0.01757	0.02044	0.03940	0.01796	0.00544	0.00349	0.01930	0.00093	0.00385	0.03499	0.00167	0.00378
38	0.00692	0.00708	0.00967	0.30583	0.27161	0.14151	0.08248	0.03003	0.06794	0.00845	0.00564	0.00730	0.00447	0.00344	0.03494	0.00100	0.00393	0.00254	0.00150	0.00371
39	0.00600	0.01980	0.32810	0.00898	0.16290	0.02834	0.11676	0.04698	0.03759	0.00938	0.08727	0.11102	0.00796	0.01265	0.00306	0.00093	0.00342	0.00334	0.00174	0.00380
40	0.00632	0.08640	0.20858	0.00740	0.09913	0.15358	0.02183	0.00778	0.00571	0.00741	0.00562	0.00794	0.00500	0.07232	0.21361	0.00185	0.08237	0.00245	0.00138	0.00333
41	0.00541	0.00510	0.00862	0.84212	0.07084	0.00628	0.00786	0.00728	0.00567	0.00731	0.00502	0.00747	0.00379	0.00279	0.00281	0.00093	0.00373	0.00250	0.00126	0.00321

[dist]
# distance from previous block
# <min> <max>
0	1

[block]
# block no. 3 follows, 104 sequences, length 24
# corresponding to MSA columns:
# 102-125
name=unknown_D
#
# <colnr> <probs for GDERKNQSTAVLIFYWHMCP>
#	G	D	E	R	K	N	Q	S	T	A	V	L	I	F	Y	W	H	M	C	P
0	0.00409	0.00274	0.00314	0.00314	0.00316	0.00277	0.00179	0.00414	0.00411	0.00551	0.00880	0.01806	0.01008	0.85868	0.05654	0.00281	0.00296	0.00404	0.00170	0.00174
1	0.00587	0.07617	0.53508	0.00869	0.10926	0.00657	0.08242	0.00865	0.04114	0.00874	0.00625	0.08710	0.00529	0.00321	0.00277	0.00089	0.00373	0.00277	0.00143	0.00396
2	0.00365	0.00281	0.00333	0.00332	0.00403	0.00249	0.00244	0.00462	0.00700	0.00927	0.42668	0.14286	0.36392	0.00671	0.00336	0.00095	0.00141	0.00582	0.00284	0.00249
3	0.00443	0.00304	0.00370	0.00349	0.00426	0.00278	0.00258	0.02292	0.00721	0.05956	0.47806	0.06699	0.23627	0.08708	0.00429	0.00108	0.00159	0.00518	0.00284	0.00264
4	0.00402	0.00301	0.00452	0.00452	0.00502	0.00352	0.00352	0.00502	0.00452	0.00653	0.00754	0.01105	0.00703	0.02110	0.88996	0.00452	0.00754	0.00301	0.00151	0.00251
5	0.00715	0.27726	0.30952	0.00634	0.00907	0.17880	0.00664	0.00911	0.03772	0.00787	0.00490	0.00571	0.00397	0.00337	0.03808	0.00088	0.00387	0.00190	0.00136	0.08647
6	0.00346	0.00246	0.00326	0.00388	0.00403	0.00231	0.00257	0.00393	0.00532	0.00710	0.01518	0.85608	0.01820	0.05257	0.00412	0.00122	0.00169	0.00781	0.00257	0.00226
7	0.00343	0.00245	0.00326	0.00392	0.00408	0.00229	0.00261	0.00392	0.00539	0.00718	0.01551	0.89928	0.01861	0.00882	0.00359	0.00114	0.00163	0.00800	0.00261	0.00229
8	0.01038	0.00901	0.00818	0.00660	0.00862	0.20984	0.00530	0.61330	0.07626	0.01481	0.00655	0.00665	0.00480	0.00330	0.00276	0.00083	0.00348	0.00242	0.00251	0.00441
9	0.00380	0.00310	0.00371	0.00371	0.00433	0.00305	0.00276	0.00468	0.01975	0.00823	0.19478	0.23884	0.40390	0.00702	0.00392	0.00101	0.08240	0.00592	0.00259	0.00251
10	0.01574	0.00556	0.00865	0.45164	0.10919	0.00645	0.05497	0.11483	0.01763	0.00935	0.10204	0.00875	0.00655	0.00332	0.00338	0.00093	0.07300	0.00283	0.00170	0.00347
11	0.00586	0.00422	0.00512	0.01928	0.00545	0.00470	0.00341	0.19666	0.00637	0.02604	0.00772	0.01266	0.00757	0.36681	0.24777	0.00261	0.05658	0.00329	0.01510	0.00278
12	0.01053	0.01291	0.00802	0.00718	0.00870	0.81010	0.00543	0.08931	0.00845	0.00787	0.00457	0.00523	0.00373	0.00294	0.00256	0.00074	0.00490	0.00188	0.00157	0.00340
13	0.03903	0.00639	0.00647	0.06486	0.00770	0.08935	0.00444	0.37911	0.05896	0.03527	0.02250	0.08915	0.03188	0.01984	0.00293	0.00088	0.00276	0.00315	0.13155	0.00376
14	0.00531	0.00500	0.00844	0.89435	0.01938	0.00625	0.00781	0.00719	0.00563	0.00719	0.00500	0.00750	0.00375	0.00281	0.00281	0.00094	0.00375	0.00250	0.00125	0.00313
15	0.00347	0.00268	0.00315	0.00340	0.00395	0.00238	0.00239	0.00415	0.00611	0.00783	0.12948	0.39651	0.38667	0.02984	0.00371	0.00107	0.00153	0.00666	0.00265	0.00236
16	0.08877	0.00567	0.00839	0.59780	0.14422	0.03400	0.00723	0.03077	0.04110	0.00843	0.00523	0.00718	0.00401	0.00281	0.00271	0.00091	0.00351	0.00242	0.00143	0.00342
17	0.00359	0.00284	0.00321	0.00316	0.00395	0.00248	0.00234	0.00450	0.00690	0.00890	0.34249	0.06551	0.51038	0.02290	0.00353	0.00097	0.00142	0.00569	0.00278	0.00246
18	0.00641	0.00604	0.01007	0.02811	0.72818	0.00601	0.00762	0.00798	0.00654	0.00924	0.08628	0.00968	0.06922	0.00314	0.00287	0.00085	0.00303	0.00299	0.00163	0.00413
19	0.00573	0.00481	0.00515	0.00472	0.00601	0.00526	0.00364	0.01100	0.54197	0.01083	0.15822	0.01555	0.18648	0.00479	0.00301	0.00094	0.00190	0.00404	0.02225	0.00370
20	0.00533	0.00466	0.00638	0.01642	0.01390	0.03837	0.10583	0.04983	0.03689	0.00806	0.03993	0.16208	0.05850	0.15484	0.08959	0.00163	0.13891	0.01146	0.05458	0.00282
21	0.00633	0.00442	0.00504	0.00454	0.00582	0.00457	0.00351	0.03133	0.33528	0.13193	0.19981	0.07496	0.17055	0.00510	0.00309	0.00094	0.00190	0.00434	0.00294	0.00361
22	0.04151	0.33666	0.03758	0.00617	0.02719	0.24765	0.00523	0.04372	0.02662	0.00768	0.00560	0.00643	0.04622	0.00355	0.01900	0.00085	0.13132	0.00209	0.00147	0.00344
23	0.00613	0.12242	0.71683	0.00769	0.01147	0.04970	0.03056	0.00897	0.00603	0.00854	0.00489	0.00577	0.00359	0.00264	0.00258	0.00085	0.00408	0.00203	0.00121	0.00404

[dist]
# distance from previous block
# <min> <max>
0	1

[block]
# block no. 4 follows, 104 sequences, length 74
# corresponding to MSA columns:
# 127-200
name=unknown_E
#
# <colnr> <probs for GDERKNQSTAVLIFYWHMCP>
#	G	D	E	R	K	N	Q	S	T	A	V	L	I	F	Y	W	H	M	C	P
0	0.00760	0.06830	0.03511	0.00749	0.07585	0.24869	0.11169	0.06959	0.17494	0.00924	0.03135	0.06200	0.05178	0.01496	0.00298	0.00089	0.00349	0.01842	0.00198	0.00365
1	0.04585	0.00537	0.00603	0.00450	0.00678	0.01188	0.00361	0.12823	0.02018	0.04292	0.00613	0.00675	0.02749	0.00274	0.00252	0.02813	0.00226	0.00198	0.00193	0.64471
2	0.00356	0.00271	0.00328	0.00344	0.00402	0.00243	0.00247	0.00438	0.00652	0.00858	0.28542	0.33814	0.31023	0.00731	0.00342	0.00100	0.00147	0.00642	0.00276	0.00243
3	0.00677	0.14658	0.17665	0.00597	0.03901	0.10606	0.00544	0.07453	0.02702	0.00893	0.01893	0.02120	0.05519	0.03179	0.00294	0.00077	0.01949	0.00235	0.00167	0.24870
4	0.01016	0.00762	0.00814	0.00637	0.00852	0.00848	0.00522	0.75053	0.13774	0.01688	0.00743	0.00729	0.00533	0.00344	0.00282	0.00086	0.00297	0.00263	0.00282	0.00474
5	0.00445	0.00294	0.00349	0.00339	0.00420	0.00265	0.00258	0.00550	0.00693	0.06228	0.32924	0.08226	0.30055	0.00605	0.00316	0.00091	0.00151	0.05010	0.12514	0.00266
6	0.02958	0.05185	0.10795	0.00455	0.00601	0.00452	0.01995	0.03881	0.12824	0.01033	0.30284	0.01600	0.15104	0.00476	0.00293	0.00088	0.00207	0.02700	0.08752	0.00319
7	0.04469	0.06308	0.02315	0.00806	0.16182	0.13464	0.01668	0.25204	0.06071	0.04438	0.00680	0.05238	0.00575	0.00354	0.00305	0.00086	0.04827	0.03465	0.00207	0.03338
8	0.00366	0.00288	0.00333	0.00349	0.00415	0.00263	0.00251	0.00477	0.05016	0.00831	0.17230	0.32789	0.38914	0.00731	0.00339	0.00101	0.00152	0.00637	0.00271	0.00250
9	0.00405	0.00286	0.00370	0.00370	0.00394	0.00307	0.00251	0.00450	0.00432	0.00597	0.00865	0.01534	0.02514	0.49751	0.39907	0.00348	0.00482	0.00365	0.00164	0.00207
10	0.00670	0.00524	0.00685	0.03420	0.17498	0.00487	0.00460	0.11703	0.02432	0.05942	0.00711	0.09166	0.00639	0.06597	0.00339	0.00084	0.00251	0.00285	0.02366	0.35742
11	0.14483	0.00685	0.00686	0.00552	0.00750	0.09705	0.00448	0.31651	0.05578	0.28345	0.00777	0.00746	0.00537	0.00327	0.00261	0.00084	0.00284	0.00244	0.03429	0.00428
12	0.02619	0.00497	0.00656	0.00507	0.00722	0.00446	0.00418	0.04807	0.04055	0.80504	0.01083	0.00942	0.00688	0.00348	0.00281	0.00087	0.00241	0.00281	0.00341	0.00475
13	0.08257	0.02053	0.00779	0.00703	0.03179	0.64346	0.00526	0.10392	0.04473	0.02058	0.00498	0.00555	0.00398	0.00296	0.00252	0.00076	0.00441	0.00195	0.00170	0.00351
14	0.00489	0.00244	0.00367	0.00367	0.00367	0.00244	0.00244	0.00367	0.00367	0.00489	0.00489	0.00855	0.00489	0.00978	0.01100	0.91813	0.00244	0.00244	0.00122	0.00122
15	0.00550	0.00320	0.00425	0.00401	0.00439	0.00338	0.00286	0.08208	0.00503	0.03332	0.00648	0.02958	0.00615	0.09367	0.10504	0.49909	0.02691	0.00282	0.08021	0.00203
16	0.00564	0.01455	0.88653	0.00802	0.01218	0.00653	0.01040	0.00891	0.00594	0.00891	0.00505	0.00594	0.00356	0.00267	0.00267	0.00089	0.00416	0.00208	0.00119	0.00416
17	0.00621	0.00493	0.00749	0.62859	0.01532	0.00586	0.00652	0.09458	0.00655	0.05310	0.00610	0.00797	0.00453	0.00297	0.00269	0.00088	0.00326	0.00254	0.13661	0.00330
18	0.00564	0.01455	0.88653	0.00802	0.01218	0.00653	0.01040	0.00891	0.00594	0.00891	0.00505	0.00594	0.00356	0.00267	0.00267	0.00089	0.00416	0.00208	0.00119	0.00416
19	0.00405	0.00305	0.00339	0.00327	0.00420	0.00270	0.00246	0.00520	0.04113	0.04809	0.23219	0.05580	0.57121	0.00656	0.00329	0.00094	0.00148	0.00556	0.00278	0.00263
20	0.00479	0.00249	0.00370	0.00370	0.00373	0.00253	0.00248	0.00378	0.00374	0.00502	0.00524	0.00916	0.00527	0.05037	0.07012	0.81592	0.00280	0.00256	0.00126	0.00133
21	0.00752	0.90280	0.01474	0.00481	0.00722	0.01113	0.00481	0.00843	0.00572	0.00662	0.00391	0.00451	0.00361	0.00241	0.00181	0.00060	0.00301	0.00150	0.00120	0.00361
22	0.00408	0.00290	0.00395	0.00456	0.00498	0.00284	0.00361	0.00498	0.00590	0.00775	0.01473	0.36275	0.01672	0.06811	0.00447	0.00133	0.00223	0.47916	0.00254	0.00241
23	0.00404	0.00276	0.00334	0.00338	0.00349	0.00284	0.00209	0.00425	0.00425	0.00576	0.00904	0.07251	0.01018	0.68633	0.17150	0.00295	0.00353	0.00414	0.00173	0.00189
24	0.92099	0.00544	0.00414	0.00370	0.00544	0.00631	0.00305	0.00827	0.00479	0.01262	0.00392	0.00457	0.00305	0.00261	0.00174	0.00087	0.00218	0.00152	0.00174	0.00305
25	0.00366	0.00286	0.00332	0.00321	0.00401	0.00252	0.00240	0.00469	0.00721	0.00950	0.46906	0.02395	0.44068	0.00642	0.00332	0.00092	0.00137	0.00550	0.00286	0.00252
26	0.03163	0.00285	0.00335	0.00340	0.00355	0.00293	0.00213	0.00439	0.00432	0.00601	0.00910	0.06181	0.01024	0.68197	0.12654	0.00277	0.00327	0.03605	0.00176	0.00191
27	0.00416	0.00281	0.00317	0.00311	0.00320	0.00277	0.00176	0.00420	0.00416	0.00559	0.00873	0.01796	0.01001	0.86852	0.01388	0.00264	0.00270	0.00400	0.00170	0.03493
28	0.00678	0.00589	0.03876	0.00633	0.05154	0.03055	0.06630	0.26731	0.10915	0.01117	0.03278	0.21770	0.03875	0.04360	0.05893	0.00125	0.00304	0.00418	0.00238	0.00360
29	0.08052	0.07489	0.00781	0.00645	0.00784	0.60024	0.00496	0.03600	0.01960	0.00762	0.00477	0.00607	0.00415	0.04878	0.03631	0.00100	0.04625	0.00200	0.00152	0.00322
30	0.00658	0.00691	0.00915	0.00771	0.00805	0.08727	0.07034	0.00734	0.00481	0.00695	0.00390	0.00617	0.00373	0.00455	0.00820	0.00117	0.75031	0.00247	0.00126	0.00315
31	0.00670	0.05491	0.00672	0.00501	0.02473	0.03064	0.00393	0.10031	0.11709	0.02171	0.00649	0.04254	0.00544	0.00323	0.02340	0.00069	0.00249	0.00226	0.00196	0.53975
32	0.00846	0.56874	0.01223	0.03787	0.00816	0.29254	0.00513	0.02520	0.00658	0.00693	0.00414	0.00484	0.00364	0.00260	0.00210	0.00066	0.00370	0.00166	0.00131	0.00350
33	0.00348	0.00250	0.00332	0.00396	0.00416	0.00234	0.00270	0.00402	0.00546	0.00725	0.01571	0.83978	0.03423	0.00873	0.00360	0.00115	0.00168	0.05101	0.00261	0.00230
34	0.00559	0.00503	0.00775	0.56181	0.10388	0.00592	0.00669	0.00822	0.13097	0.00841	0.04488	0.00932	0.03753	0.00323	0.00282	0.00091	0.00318	0.00284	0.04763	0.00338
35	0.00531	0.00500	0.00844	0.89435	0.01938	0.00625	0.00781	0.00719	0.00563	0.00719	0.00500	0.00750	0.00375	0.00281	0.00281	0.00094	0.00375	0.00250	0.00125	0.00313
36	0.00335	0.00274	0.00296	0.00314	0.00388	0.00235	0.00227	0.00401	0.00614	0.00749	0.02498	0.26357	0.64820	0.00758	0.00340	0.00100	0.00148	0.00650	0.00261	0.00235
37	0.00343	0.00245	0.00326	0.00392	0.00408	0.00229	0.00261	0.00392	0.00539	0.00718	0.01551	0.89928	0.01861	0.00882	0.00359	0.00114	0.00163	0.00800	0.00261	0.00229
38	0.00709	0.00624	0.00640	0.00577	0.00735	0.03022	0.00448	0.01485	0.85558	0.01164	0.01127	0.01036	0.00846	0.00379	0.00285	0.00095	0.00230	0.00315	0.00283	0.00442
39	0.00752	0.90280	0.01474	0.00481	0.00722	0.01113	0.00481	0.00843	0.00572	0.00662	0.00391	0.00451	0.00361	0.00241	0.00181	0.00060	0.00301	0.00150	0.00120	0.00361
40	0.00402	0.00301	0.00452	0.00452	0.00502	0.00352	0.00352	0.00502	0.00452	0.00653	0.00754	0.01105	0.00703	0.02110	0.88996	0.00452	0.00754	0.00301	0.00151	0.00251
41	0.92099	0.00544	0.00414	0.00370	0.00544	0.00631	0.00305	0.00827	0.00479	0.01262	0.00392	0.00457	0.00305	0.00261	0.00174	0.00087	0.00218	0.00152	0.00174	0.00305
42	0.00409	0.00273	0.00307	0.00307	0.00307	0.00273	0.00170	0.00409	0.00409	0.00546	0.00887	0.01841	0.01023	0.90111	0.01432	0.00273	0.00273	0.00409	0.00170	0.00170
43	0.00583	0.01128	0.55047	0.00867	0.07482	0.00625	0.14670	0.04052	0.00644	0.00919	0.02283	0.00862	0.08947	0.00313	0.00286	0.00090	0.00384	0.00275	0.00147	0.00395
44	0.92099	0.00544	0.00414	0.00370	0.00544	0.00631	0.00305	0.00827	0.00479	0.01262	0.00392	0.00457	0.00305	0.00261	0.00174	0.00087	0.00218	0.00152	0.00174	0.00305
45	0.00554	0.00520	0.00726	0.00640	0.00649	0.00704	0.00519	0.00616	0.00433	0.00659	0.00496	0.00836	0.00501	0.10073	0.17738	0.00201	0.63446	0.00274	0.00133	0.00283
46	0.00618	0.00499	0.00587	0.00421	0.00669	0.00377	0.00337	0.00742	0.00595	0.05321	0.00531	0.00602	0.00431	0.00215	0.00212	0.00044	0.00210	0.00173	0.00176	0.87240
47	0.02804	0.00255	0.00332	0.00394	0.00416	0.00241	0.00266	0.00408	0.00539	0.00736	0.01519	0.85667	0.01814	0.00863	0.00355	0.00114	0.00167	0.02622	0.00259	0.00231
48	0.00546	0.00508	0.00844	0.87061	0.01910	0.00632	0.00775	0.03037	0.00583	0.00747	0.00505	0.00748	0.00378	0.00283	0.00281	0.00094	0.00373	0.00250	0.00129	0.00317
49	0.00696	0.00669	0.01142	0.01727	0.88356	0.00669	0.00864	0.00864	0.00641	0.00919	0.00529	0.00696	0.00446	0.00251	0.00279	0.00084	0.00334	0.00251	0.00139	0.00446
50	0.00766	0.86090	0.01443	0.00493	0.00729	0.05253	0.00484	0.00856	0.00582	0.00663	0.00393	0.00454	0.00361	0.00243	0.00184	0.00061	0.00311	0.00152	0.00122	0.00359
51	0.00409	0.00273	0.00307	0.00307	0.00307	0.00273	0.00170	0.00409	0.00409	0.00546	0.00887	0.01841	0.01023	0.90111	0.01432	0.00273	0.00273	0.00409	0.00170	0.00170
52	0.00583	0.00500	0.00583	0.00417	0.00667	0.00375	0.00333	0.00709	0.00583	0.00917	0.00500	0.00583	0.00417	0.00208	0.00208	0.00042	0.00208	0.00167	0.00167	0.91831
53	0.00346	0.00247	0.00329	0.00390	0.00409	0.00230	0.00261	0.00399	0.00552	0.00739	0.05906	0.85514	0.01901	0.00866	0.00358	0.00113	0.00162	0.00785	0.00264	0.00230
54	0.00920	0.00688	0.00745	0.00600	0.00791	0.00760	0.00489	0.62116	0.13808	0.01564	0.05212	0.03610	0.00743	0.00393	0.00290	0.00089	0.00278	0.04325	0.02138	0.00441
55	0.92099	0.00544	0.00414	0.00370	0.00544	0.00631	0.00305	0.00827	0.00479	0.01262	0.00392	0.00457	0.00305	0.00261	0.00174	0.00087	0.00218	0.00152	0.00174	0.00305
56	0.00405	0.00289	0.00386	0.00386	0.00414	0.00316	0.00270	0.00460	0.00433	0.00605	0.00814	0.01438	0.00848	0.41916	0.49388	0.00371	0.00536	0.00350	0.00160	0.00215
57	0.00421	0.00319	0.00398	0.00424	0.03689	0.00321	0.00282	0.00552	0.08502	0.00787	0.15590	0.19793	0.11855	0.24397	0.11236	0.00187	0.00267	0.00501	0.00230	0.00251
58	0.00581	0.09139	0.81112	0.00774	0.01175	0.00693	0.00991	0.00887	0.00592	0.00871	0.00495	0.00582	0.00357	0.00265	0.00260	0.00087	0.00406	0.00203	0.00119	0.00411
59	0.00510	0.00349	0.00436	0.00416	0.00497	0.00341	0.00315	0.09787	0.02713	0.05753	0.42457	0.24866	0.04184	0.00629	0.00333	0.00097	0.00175	0.05559	0.00291	0.00293
60	0.00613	0.00517	0.00734	0.43944	0.05786	0.00597	0.00599	0.16728	0.04779	0.00935	0.01928	0.02977	0.05606	0.08221	0.04747	0.00125	0.00342	0.00306	0.00181	0.00334
61	0.00403	0.00299	0.00439	0.00439	0.00485	0.00345	0.00336	0.00494	0.00448	0.00644	0.00766	0.01171	0.00732	0.09949	0.81196	0.00436	0.00711	0.00311	0.00152	0.00244
62	0.00884	0.43612	0.01119	0.00591	0.00787	0.30829	0.00509	0.12432	0.00745	0.00821	0.00487	0.00546	0.01944	0.00287	0.00247	0.00070	0.03392	0.00186	0.00153	0.00361
63	0.00592	0.12436	0.52608	0.00673	0.00969	0.05626	0.00778	0.02433	0.00613	0.00851	0.06484	0.05220	0.00624	0.02546	0.04817	0.00109	0.01847	0.00260	0.00146	0.00370
64	0.00603	0.21584	0.00790	0.01501	0.10890	0.03172	0.00434	0.04247	0.14927	0.00857	0.04382	0.14653	0.09105	0.05755	0.03638	0.00110	0.00270	0.00372	0.00204	0.02506
65	0.00665	0.02703	0.03321	0.07163	0.27272	0.08039	0.25691	0.00898	0.09111	0.00889	0.03310	0.08334	0.00651	0.00328	0.00299	0.00090	0.00362	0.00326	0.00168	0.00381
66	0.00685	0.00694	0.03660	0.20421	0.53202	0.05584	0.00805	0.04032	0.00642	0.00878	0.00512	0.00688	0.00419	0.00279	0.00321	0.00088	0.06302	0.00245	0.00140	0.00402
67	0.00563	0.00491	0.00694	0.44268	0.05487	0.03813	0.00578	0.07360	0.00688	0.00923	0.22936	0.01123	0.01004	0.03065	0.00332	0.00095	0.01476	0.00319	0.04470	0.00314
68	0.00401	0.00297	0.00375	0.00357	0.00428	0.00278	0.00267	0.00549	0.04006	0.01079	0.73555	0.05611	0.10550	0.00593	0.00331	0.00090	0.00138	0.00521	0.00302	0.00268
69	0.00475	0.00429	0.06385	0.00501	0.07561	0.00357	0.00374	0.04085	0.03027	0.03118	0.49372	0.01904	0.20246	0.00538	0.00319	0.00090	0.00182	0.00465	0.00272	0.00302
70	0.00583	0.00470	0.00543	0.07382	0.06527	0.07702	0.00409	0.08258	0.02868	0.00906	0.01967	0.01013	0.03817	0.00933	0.29922	0.00203	0.01452	0.00283	0.24458	0.00303
71	0.02082	0.04458	0.63160	0.04097	0.02479	0.00664	0.08631	0.00908	0.06450	0.00898	0.00579	0.03325	0.00443	0.00290	0.00273	0.00090	0.00390	0.00243	0.00138	0.00402
72	0.00751	0.04019	0.04112	0.05086	0.03978	0.14908	0.02003	0.04515	0.00673	0.10368	0.00635	0.00717	0.02805	0.02630	0.00272	0.00069	0.00294	0.00214	0.00183	0.41769
73	0.00346	0.00277	0.00310	0.00319	0.00393	0.00241	0.00233	0.00424	0.00648	0.00817	0.17688	0.20678	0.55191	0.00723	0.00338	0.00098	0.00145	0.00622	0.00270	0.00241

[dist]
# distance from previous block
# <min> <max>
0	1

[block]
# block no. 5 follows, 104 sequences, length 14
# corresponding to MSA columns:
# 202-215
name=unknown_F
#
# <colnr> <probs for GDERKNQSTAVLIFYWHMCP>
#	G	D	E	R	K	N	Q	S	T	A	V	L	I	F	Y	W	H	M	C	P
0	0.00724	0.01264	0.52363	0.00785	0.01104	0.16295	0.06392	0.12728	0.00728	0.00968	0.00521	0.00609	0.00385	0.00313	0.01716	0.00092	0.02243	0.00220	0.00148	0.00401
1	0.00429	0.00372	0.00386	0.00416	0.00458	0.09347	0.00291	0.00486	0.00558	0.00700	0.01436	0.50881	0.11689	0.08434	0.11273	0.00163	0.00279	0.01938	0.00228	0.00238
2	0.03540	0.00679	0.00711	0.00571	0.00763	0.02951	0.00463	0.52920	0.14012	0.06665	0.00988	0.00959	0.09545	0.00380	0.00281	0.00086	0.00272	0.00295	0.03487	0.00432
3	0.00662	0.00729	0.01266	0.00934	0.01175	0.09658	0.55470	0.00846	0.00653	0.00867	0.00627	0.08289	0.00541	0.00292	0.00304	0.00085	0.00404	0.00327	0.00157	0.16716
4	0.00655	0.10224	0.42155	0.00976	0.21147	0.00710	0.07269	0.08224	0.00672	0.00945	0.00612	0.00706	0.03899	0.00282	0.00270	0.00085	0.00370	0.00240	0.00145	0.00413
5	0.00451	0.00342	0.00465	0.00511	0.09429	0.00349	0.00317	0.00513	0.00462	0.00652	0.00772	0.01367	0.00804	0.43404	0.30908	0.00295	0.00437	0.00336	0.00160	0.08025
6	0.00551	0.00519	0.00865	0.64653	0.19751	0.00606	0.00757	0.00726	0.00585	0.00764	0.00680	0.00884	0.06881	0.00307	0.00285	0.00092	0.00349	0.00276	0.00138	0.00335
7	0.00744	0.00658	0.00619	0.00583	0.04554	0.17588	0.00426	0.22404	0.08214	0.04043	0.04980	0.16595	0.10859	0.04443	0.00351	0.00099	0.00284	0.01967	0.00242	0.00347
8	0.00413	0.00291	0.00336	0.00335	0.00355	0.00296	0.00208	0.00466	0.04319	0.00606	0.01051	0.04697	0.07453	0.67343	0.10455	0.00265	0.00308	0.00420	0.00183	0.00198
9	0.00702	0.23056	0.14710	0.01665	0.06318	0.12460	0.00545	0.02408	0.00659	0.08271	0.09713	0.00952	0.07160	0.00529	0.09570	0.00118	0.00363	0.00270	0.00180	0.00352
10	0.00494	0.00330	0.00400	0.00376	0.00419	0.00349	0.00263	0.00584	0.04742	0.05703	0.11251	0.01579	0.04560	0.42616	0.09049	0.00209	0.06876	0.00380	0.09580	0.00242
11	0.00650	0.09803	0.00720	0.03046	0.03197	0.12694	0.00455	0.07079	0.10523	0.00831	0.00954	0.07802	0.11099	0.06128	0.05483	0.00125	0.16084	0.01361	0.00190	0.01776
12	0.00865	0.05906	0.00770	0.00651	0.04658	0.27275	0.00493	0.25514	0.15166	0.01128	0.08266	0.00935	0.05440	0.00367	0.00276	0.00083	0.00331	0.01264	0.00227	0.00385
13	0.00702	0.00729	0.08112	0.00511	0.00743	0.16259	0.00437	0.04499	0.00672	0.04802	0.02832	0.00714	0.03977	0.00269	0.00236	0.00058	0.00281	0.00207	0.00179	0.53779

[dist]
# distance from previous block
# <min> <max>
0	106

# created by:
# /share/home/app/bin/augustus-3.3.1/scripts/msa2prfl.pl /dev/shm/tmp/ogap_db/mt-Sar/msas/nad9.aln --setname=nad9
