[name]
ORF130

[dist]
# distance from previous block
# <min> <max>
0	1

[block]
# block no. 0 follows, 44 sequences, length 39
# corresponding to MSA columns:
# 1-39
name=unknown_A
#
# <colnr> <probs for GDERKNQSTAVLIFYWHMCP>
#	G	D	E	R	K	N	Q	S	T	A	V	L	I	F	Y	W	H	M	C	P
0	0.00879	0.00628	0.00879	0.01004	0.01130	0.00628	0.00879	0.01130	0.01255	0.01632	0.02887	0.06150	0.03138	0.01506	0.00753	0.00251	0.00502	0.73770	0.00502	0.00502
1	0.00926	0.00689	0.00800	0.00694	0.00856	0.00628	0.00466	0.02954	0.00945	0.01347	0.01468	0.02690	0.01565	0.49703	0.07186	0.00410	0.00557	0.00632	0.00331	0.25154
2	0.01371	0.07657	0.01340	0.01070	0.01390	0.01370	0.00850	0.02707	0.65178	0.04488	0.02223	0.02055	0.04429	0.00740	0.00541	0.00179	0.00439	0.00608	0.00530	0.00836
3	0.01607	0.01000	0.01208	0.00898	0.01353	0.00836	0.00728	0.06520	0.04428	0.25488	0.01408	0.01404	0.01018	0.00517	0.00464	0.00118	0.00436	0.00415	0.00456	0.49698
4	0.01030	0.00969	0.01635	0.79530	0.03755	0.01211	0.01514	0.01393	0.01090	0.01393	0.00969	0.01453	0.00727	0.00545	0.00545	0.00182	0.00727	0.00484	0.00242	0.00606
5	0.01349	0.01295	0.02213	0.03346	0.77440	0.01295	0.01673	0.01673	0.01241	0.01781	0.01025	0.01349	0.00864	0.00486	0.00540	0.00162	0.00648	0.00486	0.00270	0.00864
6	0.01146	0.01088	0.01845	0.51831	0.30545	0.01242	0.01572	0.01495	0.01145	0.01534	0.00990	0.01416	0.00776	0.00523	0.00543	0.00174	0.00698	0.00485	0.00252	0.00699
7	0.01104	0.01071	0.01583	0.01358	0.01413	0.01427	0.05592	0.01261	0.00872	0.01328	0.00909	0.01426	0.00870	0.01638	0.19228	0.00380	0.57196	0.00512	0.00253	0.00580
8	0.00664	0.00474	0.00633	0.00759	0.00791	0.00443	0.00506	0.00759	0.01044	0.01392	0.03005	0.80485	0.03606	0.01708	0.00696	0.00221	0.00316	0.01550	0.00506	0.00443
9	0.01039	0.00979	0.01652	0.77246	0.05964	0.01214	0.01519	0.01401	0.01095	0.01405	0.00971	0.01450	0.00731	0.00543	0.00545	0.00181	0.00724	0.00485	0.00243	0.00613
10	0.01325	0.01333	0.04844	0.06894	0.71314	0.01290	0.01678	0.01662	0.01231	0.01761	0.01021	0.01347	0.00851	0.00490	0.00539	0.00163	0.00657	0.00483	0.00267	0.00849
11	0.01340	0.01286	0.02196	0.05602	0.75258	0.01293	0.01668	0.01665	0.01237	0.01770	0.01024	0.01352	0.00860	0.00488	0.00540	0.00163	0.00650	0.00486	0.00269	0.00856
12	0.01133	0.01136	0.01626	0.71521	0.03543	0.09150	0.01467	0.01473	0.01137	0.01387	0.00956	0.01405	0.00724	0.00547	0.00540	0.00177	0.00753	0.00471	0.00246	0.00608
13	0.00898	0.00611	0.00715	0.00729	0.00783	0.02422	0.00479	0.00959	0.00972	0.06439	0.02293	0.31490	0.05094	0.38772	0.01697	0.00360	0.03389	0.01043	0.00420	0.00434
14	0.00793	0.00529	0.00595	0.00595	0.00595	0.00529	0.00330	0.00793	0.00793	0.01057	0.01718	0.03568	0.01982	0.80840	0.02775	0.00529	0.00529	0.00793	0.00330	0.00330
15	0.00671	0.00483	0.00636	0.00746	0.00790	0.00448	0.00503	0.00778	0.01086	0.01449	0.08159	0.72209	0.06714	0.01654	0.00690	0.00216	0.00311	0.01495	0.00512	0.00448
16	0.01522	0.01184	0.01368	0.01064	0.01444	0.01215	0.00867	0.29394	0.05206	0.04862	0.01203	0.01340	0.00940	0.00830	0.05944	0.00190	0.08696	0.00441	0.00419	0.31873
17	0.01383	0.01830	0.19481	0.02631	0.47089	0.11940	0.04401	0.01757	0.01264	0.01706	0.00992	0.01258	0.00800	0.00503	0.00532	0.00162	0.00740	0.00454	0.00263	0.00814
18	0.01272	0.01590	0.10400	0.02296	0.07785	0.01362	0.63410	0.01740	0.01271	0.01747	0.01086	0.01432	0.00816	0.00467	0.00624	0.00181	0.00890	0.00610	0.00271	0.00751
19	0.03829	0.01215	0.04893	0.20496	0.09321	0.01264	0.14781	0.06096	0.17593	0.01869	0.03476	0.01760	0.03993	0.00749	0.03198	0.00204	0.03604	0.00575	0.00360	0.00723
20	0.01353	0.01202	0.01216	0.01097	0.01399	0.04471	0.00851	0.02775	0.70123	0.02207	0.02307	0.02131	0.04914	0.00760	0.00556	0.00183	0.00447	0.00629	0.00541	0.00836
21	0.00793	0.00529	0.00595	0.00595	0.00595	0.00529	0.00330	0.00793	0.00793	0.01057	0.01718	0.03568	0.01982	0.80840	0.02775	0.00529	0.00529	0.00793	0.00330	0.00330
22	0.02153	0.00864	0.01166	0.00916	0.01289	0.00750	0.00748	0.02367	0.01546	0.64754	0.12374	0.02282	0.04725	0.00761	0.00565	0.00170	0.00429	0.00630	0.00658	0.00854
23	0.00666	0.00483	0.00624	0.00736	0.00781	0.00447	0.00493	0.00762	0.01055	0.01390	0.03202	0.71518	0.10324	0.03793	0.00747	0.00226	0.00318	0.01493	0.00501	0.00441
24	0.00745	0.00512	0.00605	0.00646	0.00664	0.00498	0.00391	0.00782	0.00893	0.01183	0.02298	0.28388	0.05780	0.51921	0.02013	0.00415	0.00449	0.01052	0.00395	0.00372
25	0.02037	0.02598	0.01545	0.01404	0.01685	0.78652	0.01053	0.02177	0.01545	0.01334	0.00843	0.00983	0.00702	0.00562	0.00492	0.00140	0.00983	0.00351	0.00281	0.00632
26	0.37731	0.00988	0.01065	0.00865	0.01247	0.00996	0.00712	0.02210	0.03159	0.43571	0.01555	0.01444	0.01031	0.00604	0.00458	0.00169	0.00445	0.00441	0.00527	0.00781
27	0.02072	0.01527	0.01636	0.01254	0.01691	0.01691	0.01036	0.75622	0.02563	0.03436	0.01309	0.01309	0.00927	0.00654	0.00545	0.00164	0.00600	0.00491	0.00545	0.00927
28	0.02037	0.02598	0.01545	0.01404	0.01685	0.78652	0.01053	0.02177	0.01545	0.01334	0.00843	0.00983	0.00702	0.00562	0.00492	0.00140	0.00983	0.00351	0.00281	0.00632
29	0.00664	0.00474	0.00633	0.00759	0.00791	0.00443	0.00506	0.00759	0.01044	0.01392	0.03005	0.80485	0.03606	0.01708	0.00696	0.00221	0.00316	0.01550	0.00506	0.00443
30	0.01349	0.01295	0.02213	0.03346	0.77440	0.01295	0.01673	0.01673	0.01241	0.01781	0.01025	0.01349	0.00864	0.00486	0.00540	0.00162	0.00648	0.00486	0.00270	0.00864
31	0.01610	0.01223	0.01321	0.01127	0.01473	0.01374	0.00893	0.18162	0.53812	0.09694	0.02021	0.01865	0.01479	0.00716	0.00552	0.00179	0.00470	0.00584	0.00564	0.00883
32	0.01987	0.01471	0.01587	0.01232	0.01648	0.01632	0.01014	0.69674	0.04932	0.03295	0.01346	0.01372	0.00972	0.00820	0.04249	0.00198	0.00635	0.00499	0.00534	0.00904
33	0.01303	0.04470	0.09562	0.02643	0.35711	0.01360	0.33413	0.01708	0.01248	0.01743	0.01045	0.01366	0.00826	0.00477	0.00575	0.00171	0.00776	0.00539	0.00267	0.00797
34	0.00649	0.00550	0.00559	0.00562	0.00740	0.00461	0.00419	0.00789	0.01246	0.01491	0.07521	0.07168	0.73230	0.01382	0.00646	0.00185	0.00277	0.01156	0.00509	0.00461
35	0.01596	0.05326	0.09201	0.04264	0.23843	0.04190	0.01301	0.27522	0.13088	0.02374	0.01279	0.01388	0.00973	0.00589	0.00531	0.00165	0.00625	0.00485	0.00403	0.00856
36	0.01292	0.01482	0.12542	0.08317	0.62125	0.01286	0.01709	0.01661	0.01219	0.01747	0.01015	0.01329	0.00831	0.00494	0.00537	0.00165	0.00675	0.00474	0.00263	0.00838
37	0.00677	0.00554	0.00598	0.00587	0.00756	0.00474	0.00440	0.00846	0.01320	0.01656	0.23889	0.04946	0.58738	0.01312	0.00644	0.00181	0.00271	0.01108	0.00530	0.00474
38	0.01217	0.01160	0.01973	0.34987	0.46837	0.01260	0.01607	0.01557	0.01179	0.01620	0.01002	0.01393	0.00807	0.00510	0.00542	0.00170	0.00681	0.00485	0.00258	0.00756

[dist]
# distance from previous block
# <min> <max>
0	1

[block]
# block no. 1 follows, 44 sequences, length 87
# corresponding to MSA columns:
# 41-127
name=unknown_B
#
# <colnr> <probs for GDERKNQSTAVLIFYWHMCP>
#	G	D	E	R	K	N	Q	S	T	A	V	L	I	F	Y	W	H	M	C	P
0	0.00748	0.00544	0.00718	0.00808	0.00890	0.00521	0.00603	0.00941	0.02985	0.01590	0.13779	0.46312	0.06680	0.01536	0.00697	0.00219	0.00354	0.19078	0.00520	0.00478
1	0.01705	0.01249	0.01364	0.01109	0.01434	0.01363	0.00881	0.55571	0.02137	0.02862	0.01663	0.16545	0.01519	0.07081	0.00747	0.00203	0.00540	0.00716	0.00521	0.00789
2	0.00777	0.00559	0.00713	0.00799	0.00863	0.00543	0.00548	0.06750	0.01165	0.01555	0.02869	0.74148	0.03391	0.01624	0.00684	0.00217	0.00339	0.01465	0.00509	0.00482
3	0.06590	0.01139	0.01995	0.19370	0.28049	0.01173	0.18342	0.01504	0.01203	0.01710	0.04216	0.04338	0.06723	0.00624	0.00568	0.00176	0.00660	0.00612	0.00307	0.00703
4	0.17196	0.01862	0.01503	0.10804	0.10517	0.38534	0.01092	0.09181	0.01442	0.01807	0.00909	0.01095	0.00725	0.00550	0.00480	0.00155	0.00772	0.00386	0.00312	0.00677
5	0.45264	0.00979	0.00999	0.00824	0.01186	0.01011	0.00674	0.02038	0.01202	0.35683	0.01409	0.01413	0.00977	0.03551	0.00521	0.00182	0.00444	0.00425	0.00486	0.00730
6	0.01298	0.01254	0.02172	0.14725	0.62972	0.01287	0.05029	0.01634	0.01221	0.01721	0.01021	0.01370	0.00841	0.00493	0.00545	0.00166	0.00672	0.00493	0.00266	0.00819
7	0.00666	0.00492	0.00622	0.00718	0.00782	0.00449	0.00490	0.00776	0.01103	0.01443	0.06899	0.63290	0.17035	0.01621	0.00684	0.00212	0.00306	0.01451	0.00510	0.00449
8	0.00779	0.00582	0.00865	0.00865	0.00959	0.00676	0.00668	0.00967	0.00873	0.01258	0.01470	0.02196	0.01386	0.07010	0.75791	0.00863	0.01425	0.00592	0.00294	0.00481
9	0.01352	0.00984	0.01098	0.00926	0.01117	0.01079	0.00687	0.32609	0.01551	0.02090	0.01487	0.02426	0.01445	0.38960	0.06216	0.00382	0.03932	0.00639	0.00416	0.00604
10	0.00839	0.00605	0.00756	0.00713	0.00867	0.00569	0.00543	0.01155	0.05882	0.04129	0.58816	0.04120	0.13981	0.01129	0.00640	0.00177	0.00285	0.03672	0.00584	0.00539
11	0.01130	0.00969	0.01130	0.00807	0.01292	0.00727	0.00646	0.01373	0.01130	0.01776	0.00969	0.01130	0.00807	0.00404	0.00404	0.00081	0.00404	0.00323	0.00323	0.84173
12	0.00669	0.00476	0.00631	0.00753	0.00783	0.00446	0.00500	0.00760	0.01034	0.01379	0.02957	0.77633	0.03546	0.04642	0.00773	0.00233	0.00324	0.01522	0.00500	0.00439
13	0.00779	0.00584	0.00876	0.00876	0.00974	0.00681	0.00681	0.00974	0.00876	0.01266	0.01460	0.02142	0.01363	0.04089	0.78680	0.00876	0.01460	0.00584	0.00292	0.00487
14	0.00664	0.00474	0.00633	0.00759	0.00791	0.00443	0.00506	0.00759	0.01044	0.01392	0.03005	0.80485	0.03606	0.01708	0.00696	0.00221	0.00316	0.01550	0.00506	0.00443
15	0.01564	0.01566	0.01586	0.04686	0.21992	0.23541	0.01164	0.04385	0.20736	0.04699	0.01478	0.01826	0.01221	0.00669	0.00547	0.00170	0.00672	0.06348	0.00388	0.00763
16	0.01130	0.00969	0.01130	0.00807	0.01292	0.00727	0.00646	0.01373	0.01130	0.01776	0.00969	0.01130	0.00807	0.00404	0.00404	0.00081	0.00404	0.00323	0.00323	0.84173
17	0.01130	0.00969	0.01130	0.00807	0.01292	0.00727	0.00646	0.01373	0.01130	0.01776	0.00969	0.01130	0.00807	0.00404	0.00404	0.00081	0.00404	0.00323	0.00323	0.84173
18	0.01318	0.01262	0.02157	0.03132	0.69390	0.01260	0.04335	0.01667	0.02676	0.01810	0.04877	0.01504	0.01092	0.00521	0.00549	0.00164	0.00634	0.00519	0.00292	0.00841
19	0.00708	0.00578	0.00815	0.00819	0.00939	0.00523	0.06476	0.00845	0.01124	0.01445	0.03625	0.51074	0.25972	0.01508	0.00676	0.00207	0.00352	0.01355	0.00488	0.00472
20	0.52252	0.00981	0.00929	0.00784	0.01132	0.01049	0.00644	0.03182	0.01161	0.24698	0.01261	0.01271	0.00885	0.00569	0.00407	0.00165	0.00424	0.00390	0.07125	0.00689
21	0.00918	0.00730	0.04696	0.00830	0.03341	0.00597	0.00630	0.01150	0.04113	0.09197	0.12923	0.25996	0.30254	0.01275	0.00636	0.00190	0.00349	0.01106	0.00515	0.00554
22	0.84691	0.01054	0.00801	0.00717	0.01054	0.01223	0.00590	0.01603	0.00928	0.02446	0.00759	0.00886	0.00590	0.00506	0.00337	0.00169	0.00422	0.00295	0.00337	0.00590
23	0.00959	0.00526	0.00596	0.00596	0.00716	0.00550	0.00453	0.01199	0.01079	0.01849	0.01702	0.02059	0.01389	0.01462	0.19118	0.00306	0.00543	0.00526	0.63867	0.00503
24	0.01130	0.00969	0.01130	0.00807	0.01292	0.00727	0.00646	0.01373	0.01130	0.01776	0.00969	0.01130	0.00807	0.00404	0.00404	0.00081	0.00404	0.00323	0.00323	0.84173
25	0.00922	0.00604	0.00736	0.00735	0.00895	0.00550	0.00553	0.01138	0.04067	0.10318	0.16513	0.24869	0.27683	0.01328	0.00652	0.00195	0.00329	0.06833	0.00543	0.00536
26	0.00674	0.00533	0.00607	0.00631	0.00765	0.00466	0.00457	0.00824	0.01249	0.01589	0.18617	0.24460	0.44369	0.01414	0.00657	0.00191	0.00283	0.01222	0.00524	0.00466
27	0.00802	0.00618	0.00759	0.00819	0.00975	0.00588	0.00681	0.01063	0.04407	0.01617	0.06634	0.05545	0.32359	0.01410	0.00698	0.00219	0.00401	0.39395	0.00510	0.00501
28	0.01056	0.00633	0.00731	0.00667	0.00891	0.00541	0.00514	0.01221	0.01337	0.18366	0.12409	0.07237	0.49929	0.01209	0.00625	0.00181	0.00317	0.01015	0.00553	0.00568
29	0.00767	0.00611	0.00697	0.00682	0.00852	0.00567	0.00524	0.01072	0.07583	0.01804	0.30270	0.04639	0.39640	0.01244	0.00645	0.00185	0.00300	0.06860	0.00543	0.00516
30	0.00779	0.00584	0.00876	0.00876	0.00974	0.00681	0.00681	0.00974	0.00876	0.01266	0.01460	0.02142	0.01363	0.04089	0.78680	0.00876	0.01460	0.00584	0.00292	0.00487
31	0.01394	0.41645	0.28863	0.01292	0.04970	0.04209	0.01353	0.07605	0.01259	0.01632	0.00893	0.01029	0.00722	0.00503	0.00437	0.00143	0.00677	0.00356	0.00260	0.00760
32	0.01556	0.05476	0.04129	0.04462	0.13044	0.08418	0.04520	0.18462	0.29772	0.02250	0.01506	0.01544	0.01143	0.00626	0.00537	0.00169	0.00603	0.00519	0.00435	0.00831
33	0.00671	0.00484	0.00635	0.00745	0.00790	0.00448	0.00502	0.00778	0.01087	0.01449	0.08136	0.71869	0.07081	0.01653	0.00690	0.00216	0.00310	0.01493	0.00512	0.00448
34	0.03019	0.08638	0.17075	0.02312	0.27197	0.01394	0.26575	0.01741	0.03579	0.01745	0.01051	0.01323	0.00823	0.00490	0.00550	0.00168	0.00753	0.00506	0.00271	0.00789
35	0.01426	0.66014	0.11560	0.01005	0.01496	0.01948	0.01046	0.01657	0.01121	0.04153	0.00861	0.00990	0.00747	0.00614	0.03281	0.00153	0.00637	0.00325	0.00251	0.00713
36	0.00734	0.00525	0.00713	0.00839	0.00902	0.00503	0.00628	0.00880	0.01113	0.01470	0.02966	0.56156	0.03453	0.01642	0.00715	0.00231	0.00377	0.25187	0.00505	0.00462
37	0.01252	0.01359	0.02796	0.15658	0.14162	0.01338	0.51781	0.01675	0.01246	0.01691	0.01068	0.01450	0.00815	0.00478	0.00611	0.00180	0.00846	0.00593	0.00269	0.00732
38	0.01456	0.15142	0.07976	0.03784	0.16871	0.18110	0.04285	0.04612	0.11923	0.01711	0.04021	0.05354	0.01193	0.00629	0.00514	0.00159	0.00672	0.00514	0.00337	0.00737
39	0.01991	0.08852	0.01653	0.01362	0.01663	0.70117	0.01043	0.04436	0.01542	0.01396	0.00851	0.00985	0.00709	0.00557	0.00482	0.00139	0.00939	0.00351	0.00285	0.00647
40	0.00761	0.00590	0.00663	0.00642	0.00812	0.00530	0.00482	0.01008	0.05120	0.03365	0.28662	0.07777	0.45101	0.01260	0.00640	0.00181	0.00283	0.01074	0.00543	0.00507
41	0.01407	0.01058	0.01165	0.00938	0.01323	0.04457	0.00737	0.03366	0.19632	0.13385	0.01617	0.07808	0.01320	0.00643	0.00493	0.00135	0.00443	0.00531	0.00450	0.39091
42	0.01392	0.07056	0.29605	0.01706	0.14545	0.12370	0.04563	0.11207	0.01401	0.01841	0.01253	0.01427	0.04705	0.00721	0.03712	0.00191	0.00768	0.00469	0.00303	0.00766
43	0.00648	0.00540	0.00565	0.00586	0.00745	0.00457	0.00429	0.00779	0.01210	0.01460	0.05114	0.17463	0.65266	0.01434	0.00653	0.00190	0.00283	0.01215	0.00506	0.00457
44	0.01851	0.01047	0.01238	0.01024	0.01381	0.01066	0.00829	0.13921	0.23375	0.34438	0.02342	0.02305	0.07452	0.00788	0.00568	0.00178	0.00463	0.04286	0.00598	0.00851
45	0.01468	0.01097	0.01364	0.09554	0.08617	0.01180	0.00979	0.22575	0.16459	0.08362	0.04103	0.13476	0.01662	0.00830	0.00573	0.00178	0.00511	0.02680	0.00487	0.03845
46	0.01256	0.01338	0.04806	0.02590	0.35622	0.01251	0.32547	0.01633	0.01251	0.01740	0.01261	0.04739	0.01105	0.00593	0.00603	0.00180	0.00744	0.05677	0.00296	0.00767
47	0.00716	0.00548	0.00666	0.00725	0.00847	0.00498	0.00554	0.00879	0.01222	0.01561	0.11875	0.26453	0.32376	0.01472	0.00683	0.00208	0.00336	0.17394	0.00515	0.00470
48	0.01526	0.61250	0.08854	0.01065	0.01528	0.15161	0.01043	0.01733	0.01186	0.01328	0.00791	0.00916	0.00699	0.00487	0.00388	0.00125	0.00670	0.00311	0.00241	0.00697
49	0.01016	0.00508	0.00508	0.00508	0.00635	0.00508	0.00381	0.01270	0.01143	0.02033	0.01778	0.02033	0.01397	0.00635	0.00381	0.00127	0.00254	0.00508	0.83867	0.00508
50	0.00662	0.00483	0.00624	0.00736	0.00785	0.00445	0.00496	0.00762	0.01066	0.01401	0.03286	0.72068	0.11841	0.01671	0.00690	0.00217	0.00312	0.01505	0.00506	0.00445
51	0.77919	0.01044	0.00839	0.00738	0.01082	0.01188	0.00608	0.01689	0.00980	0.08652	0.00874	0.00965	0.00653	0.00520	0.00355	0.00169	0.00425	0.00316	0.00365	0.00618
52	0.00704	0.00544	0.00641	0.00639	0.00778	0.00482	0.00471	0.00889	0.01350	0.01779	0.37038	0.14701	0.35410	0.01306	0.00651	0.00183	0.00273	0.01130	0.00548	0.00482
53	0.01896	0.01375	0.01480	0.01156	0.01540	0.01517	0.00944	0.64279	0.02325	0.03161	0.01368	0.01479	0.01019	0.03730	0.03160	0.00197	0.00597	0.00506	0.07415	0.00856
54	0.00644	0.00552	0.00552	0.00552	0.00736	0.00460	0.00414	0.00782	0.01243	0.01473	0.05523	0.05247	0.77218	0.01381	0.00644	0.00184	0.00276	0.01151	0.00506	0.00460
55	0.01471	0.29427	0.22503	0.01514	0.08097	0.19281	0.07273	0.01794	0.01245	0.01491	0.00886	0.01060	0.00722	0.00503	0.00466	0.00146	0.00766	0.00379	0.00250	0.00729
56	0.01441	0.01411	0.02130	0.03086	0.67570	0.07506	0.01592	0.05430	0.01332	0.01828	0.01025	0.01318	0.00854	0.00500	0.00536	0.00160	0.00672	0.00475	0.00285	0.00848
57	0.01321	0.01257	0.02132	0.03208	0.73578	0.01257	0.01606	0.01629	0.01219	0.01745	0.01060	0.01461	0.00920	0.04524	0.00652	0.00180	0.00642	0.00501	0.00273	0.00837
58	0.00947	0.00473	0.00710	0.00710	0.00710	0.00473	0.00473	0.00710	0.00710	0.00947	0.00947	0.01657	0.00947	0.01894	0.02131	0.84138	0.00473	0.00473	0.00237	0.00237
59	0.00779	0.00584	0.00876	0.00876	0.00974	0.00681	0.00681	0.00974	0.00876	0.01266	0.01460	0.02142	0.01363	0.04089	0.78680	0.00876	0.01460	0.00584	0.00292	0.00487
60	0.01773	0.01350	0.01475	0.01112	0.01564	0.01384	0.00912	0.52002	0.02107	0.02908	0.01201	0.01252	0.00889	0.00575	0.00500	0.00137	0.00538	0.00437	0.00475	0.27409
61	0.00869	0.00666	0.00720	0.00685	0.00887	0.00621	0.00519	0.02757	0.10770	0.05523	0.12228	0.09032	0.50230	0.01241	0.00629	0.00184	0.00312	0.01046	0.00532	0.00549
62	0.01374	0.10060	0.09069	0.04558	0.43191	0.09992	0.04869	0.01688	0.01251	0.01664	0.04151	0.01358	0.00982	0.00536	0.00558	0.00160	0.03015	0.00470	0.00276	0.00780
63	0.00887	0.00738	0.00806	0.00783	0.00865	0.06384	0.00558	0.00996	0.00974	0.01278	0.04512	0.04667	0.11754	0.30982	0.24084	0.00509	0.05424	0.00744	0.02610	0.00444
64	0.00709	0.00493	0.00619	0.00702	0.00722	0.00473	0.00445	0.00771	0.00956	0.01275	0.02557	0.53712	0.03041	0.29251	0.01419	0.00328	0.00390	0.01286	0.00445	0.00404
65	0.01242	0.01936	0.34063	0.02593	0.45894	0.01283	0.01816	0.01696	0.01203	0.01758	0.01006	0.01266	0.00791	0.00499	0.00531	0.00166	0.00714	0.00451	0.00253	0.00839
66	0.01462	0.04468	0.04881	0.07078	0.46329	0.12615	0.01460	0.05548	0.07561	0.01797	0.01097	0.01332	0.00889	0.00530	0.00527	0.00161	0.00685	0.00467	0.00304	0.00810
67	0.08066	0.11022	0.04868	0.01324	0.07621	0.06183	0.01043	0.37088	0.06420	0.02523	0.01205	0.01315	0.00927	0.00884	0.06935	0.00217	0.00680	0.00455	0.00421	0.00806
68	0.01683	0.01947	0.01821	0.02175	0.31607	0.40614	0.01312	0.01894	0.01356	0.01509	0.00903	0.01148	0.00767	0.00570	0.00636	0.00158	0.08491	0.00417	0.00272	0.00720
69	0.00937	0.00812	0.00832	0.00795	0.01010	0.02454	0.00601	0.01580	0.28303	0.01779	0.06643	0.10816	0.39033	0.01153	0.00613	0.00186	0.00350	0.00972	0.00522	0.00609
70	0.01061	0.01241	0.13442	0.05788	0.09948	0.06520	0.01028	0.03009	0.08826	0.02710	0.03825	0.23957	0.11994	0.01034	0.00601	0.00188	0.00523	0.03256	0.00414	0.00636
71	0.17002	0.01610	0.01204	0.01081	0.01366	0.31091	0.00830	0.03815	0.17389	0.05590	0.08008	0.01711	0.04029	0.02341	0.00547	0.00169	0.00630	0.00503	0.00412	0.00672
72	0.00759	0.00626	0.01026	0.00993	0.01104	0.00585	0.11914	0.00909	0.01081	0.01446	0.02715	0.68459	0.03183	0.01518	0.00688	0.00216	0.00408	0.01412	0.00471	0.00487
73	0.01561	0.04745	0.24286	0.01765	0.16102	0.28750	0.01434	0.07786	0.02870	0.01717	0.00997	0.01180	0.00786	0.00651	0.02908	0.00179	0.00828	0.00413	0.00289	0.00753
74	0.01305	0.01262	0.05466	0.02772	0.58543	0.01170	0.03755	0.01619	0.01255	0.05561	0.01630	0.01844	0.10184	0.00605	0.00555	0.00166	0.00609	0.00571	0.00317	0.00811
75	0.01366	0.01337	0.02163	0.06165	0.71465	0.04529	0.01641	0.01684	0.01248	0.01748	0.01016	0.01338	0.00852	0.00491	0.00538	0.00162	0.00665	0.00480	0.00269	0.00844
76	0.01479	0.00891	0.01040	0.00918	0.01203	0.00899	0.00715	0.02157	0.29316	0.25791	0.02907	0.12695	0.15711	0.00962	0.00587	0.00184	0.00398	0.00814	0.00577	0.00755
77	0.00664	0.00474	0.00633	0.00759	0.00791	0.00443	0.00506	0.00759	0.01044	0.01392	0.03005	0.80485	0.03606	0.01708	0.00696	0.00221	0.00316	0.01550	0.00506	0.00443
78	0.04950	0.01213	0.01424	0.01095	0.01521	0.01232	0.00905	0.36856	0.02010	0.40464	0.01710	0.01568	0.01127	0.00660	0.00540	0.00166	0.00526	0.00513	0.00603	0.00916
79	0.00675	0.00479	0.00629	0.00745	0.00774	0.00450	0.00491	0.00762	0.01022	0.01363	0.02893	0.73802	0.03465	0.08583	0.00876	0.00248	0.00335	0.01484	0.00491	0.00433
80	0.00687	0.00484	0.00626	0.00730	0.00756	0.00458	0.00475	0.00765	0.00999	0.01332	0.02775	0.66747	0.03316	0.15842	0.01067	0.00276	0.00354	0.01415	0.00475	0.00423
81	0.00664	0.00474	0.00633	0.00759	0.00791	0.00443	0.00506	0.00759	0.01044	0.01392	0.03005	0.80485	0.03606	0.01708	0.00696	0.00221	0.00316	0.01550	0.00506	0.00443
82	0.00764	0.00588	0.00757	0.00850	0.04662	0.00571	0.00564	0.00963	0.04273	0.01527	0.13358	0.32323	0.17048	0.09729	0.09173	0.00304	0.00465	0.01124	0.00469	0.00488
83	0.01362	0.01338	0.02260	0.03234	0.70959	0.03156	0.06271	0.01690	0.01251	0.01768	0.01026	0.01348	0.00857	0.00486	0.00545	0.00163	0.00673	0.00492	0.00270	0.00850
84	0.01031	0.00908	0.01110	0.01282	0.13018	0.07574	0.00822	0.05889	0.01184	0.01565	0.04997	0.25223	0.04442	0.05030	0.21313	0.00383	0.02402	0.00868	0.00387	0.00570
85	0.01744	0.01652	0.01790	0.03684	0.30294	0.21183	0.01268	0.22611	0.01694	0.04933	0.01153	0.03409	0.00930	0.00594	0.00534	0.00159	0.00706	0.00484	0.00371	0.00808
86	0.01338	0.12498	0.01789	0.19878	0.14390	0.07100	0.05659	0.05367	0.05866	0.05468	0.01318	0.07745	0.01133	0.00772	0.03413	0.00191	0.00660	0.00559	0.04160	0.00697

[dist]
# distance from previous block
# <min> <max>
0	22

# created by:
# /share/home/app/bin/augustus-3.3.1/scripts/msa2prfl.pl /dev/shm/tmp/ogap_db/mt-Sar/msas/ORF130.aln --setname=ORF130
