[name]
ORF41

[dist]
# distance from previous block
# <min> <max>
0	0

[block]
# block no. 0 follows, 40 sequences, length 39
# corresponding to MSA columns:
# 0-38
name=unknown_A
#
# <colnr> <probs for GDERKNQSTAVLIFYWHMCP>
#	G	D	E	R	K	N	Q	S	T	A	V	L	I	F	Y	W	H	M	C	P
0	0.00937	0.00669	0.00937	0.01071	0.01205	0.00669	0.00937	0.01205	0.01339	0.01740	0.03079	0.06560	0.03347	0.01606	0.00803	0.00268	0.00535	0.72021	0.00535	0.00535
1	0.01196	0.01133	0.01921	0.56791	0.24616	0.01318	0.01664	0.01571	0.01209	0.01604	0.01051	0.01519	0.00817	0.00563	0.00580	0.00188	0.00751	0.00517	0.00267	0.00725
2	0.00726	0.00586	0.00616	0.00611	0.00771	0.00508	0.00440	0.00864	0.01287	0.01585	0.12662	0.05194	0.57167	0.13222	0.01030	0.00250	0.00333	0.01151	0.00522	0.00476
3	0.02211	0.01629	0.01745	0.01338	0.01803	0.01803	0.01105	0.73997	0.02734	0.03665	0.01396	0.01396	0.00989	0.00698	0.00582	0.00175	0.00640	0.00524	0.00582	0.00989
4	0.00809	0.00548	0.00645	0.00681	0.00690	0.00539	0.00402	0.00836	0.00917	0.01223	0.02198	0.23865	0.02575	0.58875	0.02370	0.00477	0.00504	0.01061	0.00402	0.00384
5	0.00793	0.00569	0.00735	0.00839	0.00897	0.00547	0.00571	0.04908	0.01204	0.01607	0.03104	0.74828	0.03686	0.01759	0.00733	0.00233	0.00354	0.01590	0.00542	0.00501
6	0.01373	0.01569	0.03431	0.02451	0.03039	0.01471	0.73824	0.01863	0.01373	0.01863	0.01176	0.01569	0.00882	0.00490	0.00686	0.00196	0.00980	0.00686	0.00294	0.00784
7	0.00822	0.00558	0.00637	0.00652	0.00666	0.00550	0.00378	0.00841	0.00900	0.01190	0.02185	0.12632	0.05817	0.66831	0.02595	0.00508	0.00525	0.00957	0.00383	0.00373
8	0.00715	0.00520	0.00674	0.00783	0.00840	0.00480	0.00531	0.00832	0.01172	0.01553	0.08577	0.66702	0.10994	0.01743	0.00733	0.00229	0.00329	0.01569	0.00547	0.00480
9	0.00839	0.00561	0.00636	0.00643	0.00645	0.00559	0.00362	0.00844	0.00859	0.01145	0.01901	0.07563	0.02201	0.75688	0.02849	0.00547	0.00552	0.00886	0.00362	0.00358
10	0.00720	0.00553	0.00660	0.00712	0.00826	0.00493	0.00504	0.00869	0.01286	0.01663	0.16681	0.38235	0.31549	0.01580	0.00712	0.00212	0.00310	0.01387	0.00557	0.00493
11	0.00923	0.00650	0.00740	0.00729	0.00801	0.00648	0.00470	0.07301	0.01139	0.01506	0.05020	0.18208	0.09801	0.47229	0.02020	0.00417	0.00490	0.01017	0.00437	0.00452
12	0.04862	0.00584	0.00616	0.00612	0.00671	0.00592	0.00383	0.01046	0.00970	0.01524	0.01804	0.03156	0.01848	0.51093	0.02036	0.00411	0.00467	0.00725	0.26175	0.00425
13	0.00737	0.00535	0.00695	0.00773	0.00846	0.00494	0.00535	0.00886	0.01268	0.01712	0.22266	0.54158	0.09680	0.01631	0.00723	0.00219	0.00318	0.01464	0.00566	0.00494
14	0.83671	0.01125	0.00855	0.00765	0.01125	0.01305	0.00630	0.01709	0.00990	0.02609	0.00810	0.00945	0.00630	0.00540	0.00360	0.00180	0.00450	0.00315	0.00360	0.00630
15	0.00742	0.00523	0.00675	0.00771	0.00807	0.00495	0.00506	0.00838	0.01103	0.01481	0.08311	0.59660	0.03646	0.16197	0.01149	0.00293	0.00375	0.01459	0.00512	0.00456
16	0.00709	0.00506	0.00675	0.00810	0.00843	0.00472	0.00540	0.00810	0.01113	0.01484	0.03205	0.79184	0.03846	0.01822	0.00742	0.00236	0.00337	0.01653	0.00540	0.00472
17	0.00846	0.00564	0.00634	0.00634	0.00634	0.00564	0.00352	0.00846	0.00846	0.01128	0.01832	0.03805	0.02114	0.79563	0.02960	0.00564	0.00564	0.00846	0.00352	0.00352
18	0.00846	0.00564	0.00634	0.00634	0.00634	0.00564	0.00352	0.00846	0.00846	0.01128	0.01832	0.03805	0.02114	0.79563	0.02960	0.00564	0.00564	0.00846	0.00352	0.00352
19	0.02609	0.00990	0.01350	0.01035	0.01484	0.00855	0.00855	0.02834	0.01664	0.76338	0.02294	0.01979	0.01439	0.00720	0.00585	0.00180	0.00495	0.00585	0.00720	0.00990
20	0.01555	0.79913	0.03047	0.00995	0.01493	0.02301	0.00995	0.01741	0.01182	0.01368	0.00808	0.00933	0.00746	0.00498	0.00373	0.00124	0.00622	0.00311	0.00249	0.00746
21	0.00749	0.00523	0.00663	0.00758	0.00782	0.00499	0.00484	0.00820	0.01034	0.01379	0.02800	0.56915	0.03334	0.24788	0.01397	0.00333	0.00404	0.01415	0.00484	0.00437
22	0.01352	0.01296	0.01273	0.00957	0.01441	0.12307	0.00755	0.01594	0.01273	0.01824	0.01013	0.01182	0.00844	0.00456	0.00445	0.00096	0.00524	0.00349	0.00338	0.70682
23	0.01354	0.01394	0.02605	0.12171	0.32046	0.01449	0.27802	0.01732	0.01272	0.01777	0.01078	0.01481	0.00871	0.00573	0.00770	0.00193	0.09767	0.00578	0.00283	0.00805
24	0.00709	0.00506	0.00675	0.00810	0.00843	0.00472	0.00540	0.00810	0.01113	0.01484	0.03205	0.79184	0.03846	0.01822	0.00742	0.00236	0.00337	0.01653	0.00540	0.00472
25	0.01764	0.00811	0.01028	0.00849	0.01180	0.00698	0.00680	0.01966	0.01543	0.43029	0.10469	0.03476	0.27980	0.01029	0.00630	0.00186	0.00404	0.00855	0.00649	0.00772
26	0.01456	0.01462	0.06486	0.03392	0.69766	0.01365	0.01779	0.01817	0.01328	0.03955	0.01124	0.01442	0.00925	0.00526	0.00575	0.00174	0.00695	0.00515	0.00297	0.00920
27	0.24803	0.01239	0.01132	0.01002	0.01301	0.07993	0.00783	0.21493	0.05272	0.02454	0.02034	0.17762	0.08571	0.00955	0.00557	0.00190	0.00518	0.00758	0.00481	0.00702
28	0.00960	0.00654	0.00817	0.00755	0.00932	0.00607	0.00573	0.01281	0.05253	0.07446	0.56627	0.04251	0.15260	0.01177	0.00674	0.00185	0.00302	0.01025	0.00629	0.00590
29	0.01416	0.01424	0.04907	0.06627	0.70378	0.01377	0.01790	0.01774	0.01314	0.01880	0.01090	0.01437	0.00909	0.00522	0.00575	0.00174	0.00700	0.00515	0.00285	0.00907
30	0.01298	0.02108	0.31304	0.02210	0.06921	0.01420	0.42409	0.01850	0.01315	0.01857	0.01121	0.01431	0.00829	0.00516	0.00629	0.00190	0.00918	0.00579	0.00275	0.00821
31	0.01439	0.01382	0.02360	0.03569	0.75936	0.01382	0.01785	0.01785	0.01324	0.01900	0.01094	0.01439	0.00921	0.00518	0.00576	0.00173	0.00691	0.00518	0.00288	0.00921
32	0.00708	0.00593	0.00618	0.00620	0.00809	0.00503	0.00470	0.00870	0.01350	0.01634	0.10935	0.05544	0.67472	0.01457	0.00692	0.00198	0.00303	0.04179	0.00547	0.00497
33	0.01414	0.01316	0.02165	0.21503	0.52996	0.01391	0.01693	0.07057	0.01389	0.01930	0.01102	0.01463	0.00891	0.00547	0.00578	0.00178	0.00708	0.00518	0.00302	0.00859
34	0.25361	0.01256	0.08489	0.01036	0.01475	0.01110	0.00927	0.05883	0.07162	0.34456	0.01819	0.01837	0.02880	0.00704	0.00528	0.00185	0.00519	0.02987	0.00544	0.00842
35	0.01164	0.00861	0.01109	0.01011	0.01195	0.00975	0.00793	0.18572	0.01361	0.01892	0.01537	0.02174	0.01387	0.08556	0.53803	0.00727	0.01270	0.00614	0.00379	0.00621
36	0.01271	0.01217	0.02004	0.02724	0.50638	0.01197	0.06784	0.01646	0.04829	0.01851	0.02205	0.02389	0.17237	0.00737	0.00609	0.00181	0.00615	0.00692	0.00358	0.00817
37	0.01402	0.01342	0.02272	0.03421	0.72187	0.01337	0.01718	0.01737	0.01324	0.01883	0.01333	0.01647	0.04651	0.00566	0.00581	0.00174	0.00671	0.00554	0.00300	0.00900
38	0.03129	0.01277	0.01654	0.03728	0.31477	0.07151	0.01197	0.14109	0.01556	0.02105	0.09034	0.05962	0.04802	0.07664	0.02445	0.00227	0.00638	0.00675	0.00406	0.00765

[dist]
# distance from previous block
# <min> <max>
0	4

# created by:
# /share/home/app/bin/augustus-3.3.1/scripts/msa2prfl.pl /dev/shm/tmp/ogap_db/mt-Sar/msas/ORF41.aln --setname=ORF41
