[name]
rpl16

[dist]
# distance from previous block
# <min> <max>
5	18

[block]
# block no. 0 follows, 113 sequences, length 8
# corresponding to MSA columns:
# 18-25
name=unknown_A
#
# <colnr> <probs for GDERKNQSTAVLIFYWHMCP>
#	G	D	E	R	K	N	Q	S	T	A	V	L	I	F	Y	W	H	M	C	P
0	0.00522	0.00433	0.00512	0.00526	0.07557	0.00467	0.00364	0.00926	0.42459	0.00985	0.25426	0.07662	0.04559	0.05995	0.00350	0.00098	0.00189	0.00387	0.00253	0.00332
1	0.00740	0.00690	0.00974	0.04254	0.61478	0.07748	0.00717	0.18405	0.00734	0.00994	0.00513	0.00633	0.00413	0.00254	0.00259	0.00078	0.00321	0.00229	0.00156	0.00409
2	0.00424	0.00354	0.00492	0.00453	0.00509	0.04511	0.07909	0.00500	0.00446	0.00605	0.00737	0.04675	0.00744	0.26385	0.49717	0.00317	0.00523	0.00324	0.00149	0.00226
3	0.00618	0.00601	0.00885	0.09160	0.56153	0.07634	0.00676	0.00789	0.05216	0.00811	0.02638	0.04128	0.00544	0.00434	0.08480	0.00111	0.00348	0.00261	0.00145	0.00367
4	0.00606	0.00586	0.00893	0.01291	0.64611	0.06465	0.00674	0.00737	0.00581	0.00799	0.00629	0.12436	0.00602	0.00451	0.07385	0.00108	0.00333	0.00300	0.00146	0.00367
5	0.00514	0.00458	0.02170	0.18508	0.00827	0.04036	0.05356	0.06490	0.07746	0.01977	0.09058	0.01176	0.09988	0.09160	0.18763	0.00171	0.02817	0.00319	0.00181	0.00284
6	0.00581	0.00582	0.00750	0.12787	0.16686	0.14712	0.10665	0.00674	0.00527	0.00663	0.00582	0.00982	0.00566	0.29458	0.02584	0.00145	0.06358	0.00280	0.00138	0.00279
7	0.00603	0.00548	0.00862	0.07726	0.54946	0.00571	0.00652	0.04296	0.09504	0.00854	0.00629	0.04521	0.00554	0.05467	0.07028	0.00117	0.00322	0.00273	0.00155	0.00371

[dist]
# distance from previous block
# <min> <max>
0	6

[block]
# block no. 1 follows, 113 sequences, length 8
# corresponding to MSA columns:
# 33-40
name=unknown_B
#
# <colnr> <probs for GDERKNQSTAVLIFYWHMCP>
#	G	D	E	R	K	N	Q	S	T	A	V	L	I	F	Y	W	H	M	C	P
0	0.00529	0.00484	0.00653	0.00765	0.24679	0.05025	0.04112	0.01973	0.08787	0.00800	0.04142	0.15383	0.10110	0.06600	0.05207	0.00113	0.01956	0.00370	0.00185	0.08130
1	0.00683	0.03321	0.14169	0.02607	0.15642	0.15049	0.00570	0.12630	0.15547	0.00960	0.08068	0.04836	0.02453	0.00333	0.00261	0.00080	0.00300	0.00274	0.00189	0.02029
2	0.04064	0.00521	0.00537	0.00488	0.02159	0.05551	0.00366	0.13792	0.32187	0.03694	0.01029	0.04495	0.09342	0.11494	0.07011	0.00130	0.00269	0.00321	0.00226	0.02324
3	0.04060	0.00611	0.00876	0.08841	0.44744	0.04096	0.03797	0.13980	0.05348	0.00971	0.03066	0.00829	0.07035	0.00296	0.00263	0.00080	0.00295	0.00264	0.00170	0.00379
4	0.10927	0.00612	0.01725	0.00613	0.08986	0.11372	0.03656	0.15757	0.13848	0.06953	0.01715	0.05508	0.01731	0.12278	0.00397	0.00104	0.00277	0.01570	0.00205	0.01768
5	0.04067	0.00677	0.00738	0.07189	0.07309	0.20950	0.09200	0.07753	0.08862	0.02396	0.03198	0.06938	0.06177	0.02524	0.02984	0.00099	0.08145	0.00296	0.00177	0.00320
6	0.02447	0.02910	0.05045	0.09301	0.28746	0.09502	0.04343	0.04214	0.07069	0.00855	0.03274	0.00817	0.06963	0.00320	0.01914	0.00081	0.00304	0.00251	0.00160	0.11486
7	0.00354	0.00263	0.00324	0.00353	0.00396	0.00246	0.00247	0.02920	0.00542	0.00711	0.03672	0.54490	0.18820	0.06814	0.02917	0.00119	0.00178	0.03911	0.00234	0.02485

[dist]
# distance from previous block
# <min> <max>
0	2

[block]
# block no. 2 follows, 113 sequences, length 34
# corresponding to MSA columns:
# 43-76
name=unknown_C
#
# <colnr> <probs for GDERKNQSTAVLIFYWHMCP>
#	G	D	E	R	K	N	Q	S	T	A	V	L	I	F	Y	W	H	M	C	P
0	0.00535	0.01219	0.21082	0.06698	0.12682	0.05557	0.03542	0.01853	0.10401	0.00855	0.13872	0.01127	0.11553	0.04676	0.00321	0.00090	0.00277	0.00309	0.00181	0.03170
1	0.01582	0.00443	0.02041	0.03553	0.14672	0.06114	0.04889	0.01059	0.00491	0.00660	0.00775	0.10286	0.02756	0.29183	0.17495	0.00203	0.02551	0.00346	0.00156	0.00747
2	0.70427	0.01436	0.00469	0.00410	0.00570	0.11168	0.00330	0.04397	0.07028	0.01122	0.00433	0.00481	0.00336	0.00258	0.00183	0.00080	0.00239	0.00160	0.00170	0.00303
3	0.00670	0.00655	0.03365	0.04566	0.09579	0.19824	0.03311	0.08460	0.13407	0.00915	0.04404	0.02208	0.02326	0.03165	0.01573	0.00087	0.01577	0.00262	0.19325	0.00324
4	0.00465	0.00317	0.00376	0.00353	0.00415	0.00317	0.00251	0.08947	0.00571	0.05721	0.08297	0.08473	0.18177	0.31914	0.14068	0.00195	0.00281	0.00415	0.00209	0.00238
5	0.40854	0.00460	0.01941	0.00410	0.00569	0.00464	0.00344	0.02142	0.00592	0.30597	0.05693	0.00955	0.00672	0.01601	0.03168	0.00099	0.00230	0.08644	0.00231	0.00333
6	0.00330	0.00244	0.00298	0.00331	0.00366	0.00224	0.00225	0.00381	0.00527	0.00686	0.07606	0.51892	0.22166	0.11827	0.00451	0.00119	0.00159	0.01720	0.00236	0.00211
7	0.00495	0.00454	0.00724	0.05196	0.37935	0.00444	0.06139	0.00620	0.01401	0.00795	0.08350	0.08153	0.22229	0.05499	0.00346	0.00094	0.00247	0.00384	0.00182	0.00315
8	0.00843	0.00414	0.00520	0.00429	0.00573	0.00390	0.00339	0.11980	0.02438	0.42996	0.12858	0.10029	0.02146	0.05488	0.00332	0.00092	0.00205	0.00345	0.06062	0.01522
9	0.00470	0.00355	0.02378	0.01270	0.00533	0.02815	0.05233	0.00564	0.01799	0.09041	0.05148	0.38293	0.04687	0.05837	0.09020	0.00140	0.00260	0.11672	0.00225	0.00257
10	0.03902	0.06013	0.41556	0.00899	0.21420	0.07956	0.04334	0.04447	0.01370	0.01571	0.03047	0.00631	0.01188	0.00261	0.00249	0.00079	0.00350	0.00215	0.00136	0.00377
11	0.00884	0.00803	0.07926	0.00606	0.00799	0.18312	0.03388	0.40871	0.01617	0.09733	0.00620	0.00671	0.00461	0.01233	0.08511	0.00110	0.00366	0.00229	0.00953	0.01908
12	0.38780	0.00465	0.00461	0.01672	0.02876	0.00504	0.00327	0.04654	0.14059	0.11994	0.03931	0.00928	0.10379	0.01696	0.00240	0.00084	0.00200	0.00256	0.06173	0.00322
13	0.00493	0.00444	0.00693	0.28338	0.17524	0.01819	0.04288	0.01551	0.02587	0.00711	0.00748	0.05419	0.05133	0.08676	0.17466	0.00166	0.01099	0.02405	0.00149	0.00291
14	0.00334	0.00250	0.00293	0.00312	0.00354	0.00228	0.00212	0.00386	0.00536	0.00692	0.10968	0.34055	0.31207	0.18342	0.00520	0.00127	0.00163	0.00581	0.00232	0.00209
15	0.00742	0.02350	0.18059	0.04895	0.00864	0.21629	0.00570	0.14860	0.26262	0.00968	0.00660	0.00711	0.00508	0.03076	0.00302	0.00086	0.02669	0.00232	0.00188	0.00370
16	0.16094	0.00536	0.03467	0.00470	0.00632	0.00541	0.00392	0.26708	0.00765	0.19056	0.05481	0.01570	0.00619	0.04293	0.05779	0.00107	0.03563	0.00248	0.05402	0.04277
17	0.00581	0.00526	0.03506	0.27130	0.24953	0.00542	0.04448	0.06198	0.00617	0.05413	0.05738	0.04227	0.09137	0.00363	0.01369	0.00090	0.04359	0.00301	0.00167	0.00335
18	0.00574	0.00664	0.05470	0.04203	0.01181	0.03501	0.60764	0.00768	0.00578	0.00782	0.00555	0.00756	0.00442	0.00567	0.17803	0.00153	0.00488	0.00291	0.00133	0.00328
19	0.00322	0.00255	0.00284	0.00300	0.00359	0.00227	0.00212	0.00377	0.00544	0.00674	0.02073	0.25966	0.53370	0.09993	0.03727	0.00123	0.00172	0.00577	0.00231	0.00213
20	0.00540	0.01207	0.72034	0.00761	0.06004	0.03852	0.00877	0.00822	0.02987	0.00818	0.00528	0.03530	0.00410	0.00344	0.04084	0.00098	0.00387	0.00220	0.00123	0.00375
21	0.00916	0.00470	0.00581	0.00480	0.00640	0.00461	0.00386	0.17880	0.08363	0.44970	0.01013	0.09714	0.00806	0.05486	0.00338	0.00096	0.00231	0.06493	0.00285	0.00390
22	0.00732	0.00393	0.00474	0.00409	0.00536	0.00378	0.00316	0.04847	0.13825	0.33570	0.06081	0.09604	0.13823	0.09179	0.00380	0.00102	0.00197	0.00377	0.04438	0.00339
23	0.00523	0.00493	0.00838	0.65316	0.18870	0.00576	0.03129	0.00687	0.00534	0.00705	0.00491	0.00731	0.00391	0.03255	0.02338	0.00099	0.00350	0.00241	0.00122	0.00312
24	0.00569	0.00587	0.01134	0.25375	0.20366	0.00597	0.38175	0.00751	0.00584	0.00787	0.00620	0.03330	0.03351	0.00278	0.00288	0.00087	0.00366	0.02278	0.00137	0.00339
25	0.00734	0.00597	0.00561	0.00535	0.05570	0.20654	0.00384	0.03398	0.12200	0.18750	0.06536	0.03904	0.13134	0.07779	0.03997	0.00109	0.00286	0.00323	0.00224	0.00325
26	0.00314	0.00260	0.00276	0.00289	0.00363	0.00222	0.00212	0.00378	0.00581	0.00703	0.02409	0.18646	0.71187	0.00695	0.00316	0.00093	0.00139	0.02456	0.00244	0.00220
27	0.00671	0.00621	0.00734	0.24966	0.13326	0.16065	0.02968	0.05804	0.08758	0.06965	0.06996	0.00887	0.05095	0.00396	0.04539	0.00098	0.00333	0.00268	0.00179	0.00334
28	0.00529	0.00493	0.00731	0.51904	0.14186	0.04685	0.00618	0.03341	0.00562	0.00727	0.04197	0.00898	0.03790	0.07999	0.04186	0.00113	0.00338	0.00267	0.00140	0.00297
29	0.03151	0.00553	0.03469	0.01027	0.46335	0.04755	0.00573	0.03880	0.00596	0.00817	0.00946	0.07775	0.15238	0.04329	0.05323	0.00108	0.00296	0.00327	0.00165	0.00338
30	0.00390	0.00290	0.00335	0.00337	0.00408	0.00270	0.00251	0.02344	0.04365	0.03250	0.13568	0.16345	0.39139	0.08810	0.00408	0.00108	0.00165	0.08731	0.00245	0.00239
31	0.00649	0.00635	0.01037	0.01459	0.74381	0.04182	0.05952	0.01802	0.00620	0.00868	0.05468	0.00719	0.00528	0.00252	0.00265	0.00078	0.00315	0.00249	0.00141	0.00398
32	0.00581	0.00516	0.00842	0.53047	0.27533	0.00586	0.00705	0.04900	0.00581	0.03483	0.00515	0.00731	0.00409	0.04134	0.00308	0.00091	0.00328	0.00241	0.00136	0.00335
33	0.00573	0.00741	0.22342	0.09506	0.35802	0.01494	0.08445	0.00756	0.00579	0.03291	0.00704	0.08675	0.05296	0.00317	0.00271	0.00084	0.00321	0.00293	0.00146	0.00363

[dist]
# distance from previous block
# <min> <max>
0	7

[block]
# block no. 3 follows, 113 sequences, length 49
# corresponding to MSA columns:
# 84-132
name=unknown_D
#
# <colnr> <probs for GDERKNQSTAVLIFYWHMCP>
#	G	D	E	R	K	N	Q	S	T	A	V	L	I	F	Y	W	H	M	C	P
0	0.00619	0.00602	0.00892	0.12464	0.56769	0.07452	0.00682	0.00775	0.03635	0.00787	0.00558	0.03001	0.00495	0.07156	0.02924	0.00103	0.00328	0.00256	0.00139	0.00362
1	0.00335	0.00248	0.00309	0.00341	0.00383	0.00230	0.00242	0.00401	0.00547	0.00723	0.09877	0.48894	0.22613	0.01726	0.05832	0.00120	0.00182	0.03620	0.03158	0.00221
2	0.00483	0.00566	0.23364	0.00498	0.02052	0.01932	0.01923	0.00537	0.02636	0.00603	0.00511	0.00776	0.00462	0.02845	0.10428	0.49482	0.00330	0.00231	0.00122	0.00219
3	0.00340	0.00281	0.00290	0.00285	0.00371	0.00245	0.00212	0.03608	0.00614	0.00746	0.05225	0.06099	0.76258	0.03830	0.00345	0.00095	0.00143	0.00541	0.00243	0.00228
4	0.00587	0.00581	0.00614	0.25420	0.06153	0.20069	0.00482	0.04267	0.00603	0.01490	0.03735	0.16795	0.04314	0.07389	0.00365	0.00098	0.01882	0.01773	0.01724	0.01658
5	0.00395	0.00286	0.00336	0.00323	0.00407	0.00250	0.00240	0.00488	0.01862	0.05248	0.24747	0.18748	0.36724	0.00601	0.00302	0.00086	0.00144	0.00519	0.01663	0.06630
6	0.00425	0.00347	0.03540	0.07346	0.05513	0.00334	0.00302	0.03676	0.00459	0.00620	0.00825	0.11950	0.00908	0.55574	0.06916	0.00213	0.00289	0.00386	0.00165	0.00214
7	0.00611	0.00447	0.00534	0.00411	0.00609	0.00365	0.00329	0.03746	0.02667	0.10991	0.00671	0.04133	0.00586	0.03473	0.00265	0.00063	0.00205	0.06938	0.00191	0.62765
8	0.00751	0.61533	0.01157	0.00513	0.00702	0.20205	0.00465	0.01720	0.03820	0.00655	0.00428	0.00528	0.00387	0.00262	0.00219	0.00064	0.03661	0.02474	0.00128	0.00329
9	0.00454	0.00396	0.00459	0.00501	0.09192	0.03471	0.01188	0.00667	0.18949	0.00797	0.06285	0.14245	0.30658	0.07983	0.03471	0.00114	0.00213	0.00452	0.00224	0.00281
10	0.04604	0.00502	0.00590	0.00441	0.00658	0.00440	0.00358	0.13177	0.02185	0.25109	0.00650	0.00654	0.00470	0.00252	0.00223	0.00059	0.00216	0.00198	0.00219	0.48996
11	0.00356	0.00272	0.00333	0.00348	0.02738	0.00244	0.00246	0.00445	0.00641	0.01806	0.36765	0.17137	0.35610	0.00625	0.00313	0.00089	0.00139	0.01394	0.00259	0.00238
12	0.00765	0.00619	0.00667	0.03716	0.00767	0.00705	0.00455	0.31220	0.55519	0.01273	0.00896	0.00849	0.00663	0.00339	0.00265	0.00085	0.00240	0.00274	0.00260	0.00421
13	0.00780	0.00653	0.00827	0.14854	0.25425	0.08575	0.01552	0.23742	0.06183	0.08735	0.02611	0.01550	0.00507	0.00296	0.00277	0.00081	0.02525	0.00246	0.00193	0.00387
14	0.00649	0.00623	0.01065	0.01610	0.89144	0.00623	0.00805	0.00805	0.00597	0.00857	0.00493	0.00649	0.00416	0.00234	0.00260	0.00078	0.00312	0.00234	0.00130	0.00416
15	0.00781	0.00540	0.00614	0.00458	0.00677	0.02837	0.00371	0.19246	0.00737	0.19185	0.00616	0.00632	0.00453	0.00248	0.00224	0.00057	0.00228	0.00195	0.00212	0.51690
16	0.00676	0.00563	0.00639	0.00654	0.13051	0.03986	0.00447	0.19980	0.32220	0.03079	0.01779	0.09404	0.11559	0.00409	0.00276	0.00086	0.00235	0.00344	0.00238	0.00375
17	0.07387	0.03396	0.38529	0.00623	0.00894	0.12530	0.00660	0.12205	0.00700	0.19749	0.00592	0.00612	0.00412	0.00275	0.00244	0.00079	0.00335	0.00206	0.00183	0.00388
18	0.00880	0.00564	0.00598	0.00489	0.00647	0.09805	0.00391	0.26051	0.00864	0.30272	0.16439	0.01107	0.04631	0.03699	0.00312	0.00087	0.00248	0.02274	0.00269	0.00372
19	0.00495	0.00466	0.00787	0.90150	0.01807	0.00583	0.00729	0.00670	0.00525	0.00670	0.00466	0.00699	0.00350	0.00262	0.00262	0.00087	0.00350	0.00233	0.00117	0.00291
20	0.00423	0.00302	0.00423	0.00483	0.00544	0.00302	0.00423	0.00544	0.00604	0.00785	0.01389	0.02959	0.01510	0.00725	0.00362	0.00121	0.00242	0.87378	0.00242	0.00242
21	0.92633	0.00507	0.00386	0.00345	0.00507	0.00589	0.00284	0.00771	0.00446	0.01177	0.00365	0.00426	0.00284	0.00244	0.00162	0.00081	0.00203	0.00142	0.00162	0.00284
22	0.00661	0.00645	0.01054	0.01578	0.86075	0.03719	0.00795	0.00814	0.00602	0.00850	0.00490	0.00643	0.00413	0.00235	0.00259	0.00078	0.00317	0.00231	0.00130	0.00412
23	0.92633	0.00507	0.00386	0.00345	0.00507	0.00589	0.00284	0.00771	0.00446	0.01177	0.00365	0.00426	0.00284	0.00244	0.00162	0.00081	0.00203	0.00142	0.00162	0.00284
24	0.00649	0.00623	0.01065	0.01610	0.89144	0.00623	0.00805	0.00805	0.00597	0.00857	0.00493	0.00649	0.00416	0.00234	0.00260	0.00078	0.00312	0.00234	0.00130	0.00416
25	0.92633	0.00507	0.00386	0.00345	0.00507	0.00589	0.00284	0.00771	0.00446	0.01177	0.00365	0.00426	0.00284	0.00244	0.00162	0.00081	0.00203	0.00142	0.00162	0.00284
26	0.01649	0.03979	0.00834	0.00911	0.31787	0.08038	0.03041	0.09100	0.00712	0.28022	0.02440	0.00808	0.00561	0.00322	0.01692	0.00084	0.00295	0.03251	0.00210	0.02265
27	0.01162	0.00271	0.00327	0.00321	0.00380	0.00252	0.00232	0.00468	0.02849	0.00881	0.48157	0.12701	0.20940	0.09399	0.00410	0.00104	0.00145	0.00508	0.00259	0.00234
28	0.00739	0.19207	0.00852	0.00650	0.09518	0.17373	0.02673	0.17574	0.00710	0.02858	0.03683	0.05755	0.00566	0.00451	0.07188	0.00102	0.05964	0.00247	0.03552	0.00338
29	0.03784	0.00532	0.04333	0.12564	0.00785	0.02893	0.01844	0.04159	0.03541	0.00711	0.00532	0.02253	0.00500	0.11508	0.11442	0.00158	0.36841	0.00261	0.01079	0.00280
30	0.00456	0.00228	0.00342	0.00342	0.00342	0.00228	0.00228	0.00342	0.00342	0.00456	0.00456	0.00797	0.00456	0.00911	0.01025	0.92367	0.00228	0.00228	0.00114	0.00114
31	0.05770	0.00341	0.02732	0.00349	0.00448	0.00302	0.00277	0.03786	0.00677	0.09725	0.37801	0.08785	0.23764	0.00530	0.00291	0.00085	0.00156	0.00452	0.03458	0.00271
32	0.02360	0.00416	0.00508	0.00418	0.00567	0.00398	0.00334	0.08028	0.08407	0.43154	0.10011	0.01113	0.05747	0.03685	0.00297	0.00086	0.00198	0.00302	0.13601	0.00369
33	0.00669	0.00548	0.00798	0.25350	0.25216	0.00592	0.00609	0.13442	0.06694	0.07085	0.00593	0.01662	0.00462	0.00339	0.03386	0.00092	0.03478	0.00240	0.00172	0.08572
34	0.00374	0.00275	0.00323	0.00318	0.00391	0.00246	0.00236	0.00475	0.02699	0.04094	0.34275	0.15488	0.38605	0.00621	0.00311	0.00089	0.00137	0.00537	0.00264	0.00243
35	0.01498	0.00575	0.00779	0.14372	0.24094	0.02565	0.01141	0.22331	0.01712	0.05292	0.00599	0.04236	0.00496	0.02761	0.03592	0.00095	0.03430	0.00252	0.00180	0.09999
36	0.09803	0.00517	0.00727	0.03580	0.24912	0.00494	0.02434	0.02865	0.03703	0.32859	0.01535	0.00729	0.00516	0.00272	0.00244	0.00075	0.00249	0.00231	0.00873	0.13381
37	0.84888	0.00531	0.00419	0.00371	0.00529	0.02217	0.00305	0.03795	0.00478	0.01167	0.00374	0.00439	0.00293	0.00253	0.00189	0.00082	0.03068	0.00149	0.00164	0.00290
38	0.00644	0.00603	0.03272	0.03492	0.27126	0.02153	0.18924	0.08806	0.12403	0.03148	0.00715	0.00830	0.03567	0.01770	0.05826	0.00105	0.00333	0.00274	0.05641	0.00368
39	0.00481	0.00399	0.00468	0.00464	0.07337	0.00941	0.00324	0.02883	0.16674	0.02155	0.19374	0.01596	0.30881	0.00461	0.00278	0.00078	0.00175	0.00391	0.00236	0.14403
40	0.00327	0.00244	0.00296	0.00331	0.00368	0.00222	0.00227	0.00378	0.00529	0.00683	0.05183	0.52690	0.26145	0.09034	0.00419	0.00114	0.00157	0.02204	0.00238	0.00212
41	0.00402	0.00261	0.00313	0.00318	0.00335	0.00259	0.00200	0.00425	0.00428	0.03628	0.00969	0.13577	0.02991	0.63014	0.07059	0.00228	0.00265	0.03487	0.01654	0.00187
42	0.00482	0.00999	0.58063	0.04168	0.00980	0.00515	0.05408	0.00719	0.01825	0.00788	0.00736	0.19756	0.02328	0.01708	0.00288	0.00091	0.00330	0.00330	0.00146	0.00339
43	0.00355	0.00254	0.00308	0.00327	0.00372	0.00232	0.00227	0.00416	0.00560	0.02736	0.17110	0.37416	0.24123	0.12763	0.00457	0.00117	0.00159	0.01606	0.00242	0.00220
44	0.03836	0.05905	0.03684	0.00565	0.09368	0.02986	0.00416	0.14415	0.08322	0.01921	0.00784	0.04649	0.04066	0.02943	0.23523	0.00171	0.00973	0.00279	0.10876	0.00317
45	0.68582	0.04010	0.00491	0.00411	0.00570	0.15695	0.00332	0.01819	0.02856	0.01061	0.00434	0.00488	0.01867	0.00259	0.00182	0.00078	0.00251	0.00159	0.00161	0.00294
46	0.00387	0.00292	0.00338	0.00342	0.03302	0.00256	0.00243	0.00476	0.01528	0.05018	0.21953	0.04354	0.54510	0.03711	0.00339	0.00092	0.00148	0.00500	0.00250	0.01960
47	0.01415	0.23354	0.03080	0.00597	0.04639	0.20782	0.01077	0.26696	0.01518	0.02847	0.00587	0.00639	0.03948	0.01872	0.00253	0.00072	0.00925	0.00208	0.00177	0.05312
48	0.00656	0.11319	0.05769	0.01477	0.10119	0.00525	0.00444	0.10900	0.04612	0.14131	0.02831	0.14459	0.01419	0.06646	0.10187	0.00131	0.01678	0.00862	0.00203	0.01631

[dist]
# distance from previous block
# <min> <max>
0	1

[block]
# block no. 4 follows, 113 sequences, length 14
# corresponding to MSA columns:
# 134-147
name=unknown_E
#
# <colnr> <probs for GDERKNQSTAVLIFYWHMCP>
#	G	D	E	R	K	N	Q	S	T	A	V	L	I	F	Y	W	H	M	C	P
0	0.00594	0.05387	0.21199	0.07188	0.19411	0.10991	0.05113	0.02149	0.02588	0.00761	0.00575	0.02004	0.01950	0.02664	0.14414	0.00138	0.02160	0.00241	0.00135	0.00337
1	0.00498	0.02767	0.02478	0.18503	0.03601	0.07153	0.12422	0.00643	0.04874	0.00733	0.06210	0.10322	0.15872	0.09613	0.01758	0.00109	0.00912	0.00375	0.00177	0.00981
2	0.19679	0.00421	0.04068	0.00397	0.00540	0.00377	0.00327	0.00811	0.02229	0.31563	0.04664	0.17757	0.15204	0.00461	0.00265	0.00087	0.00194	0.00381	0.00252	0.00322
3	0.00494	0.00458	0.01886	0.00600	0.13588	0.08005	0.03481	0.04619	0.02313	0.00802	0.13243	0.14514	0.16908	0.08407	0.06670	0.00125	0.00267	0.03137	0.00205	0.00277
4	0.04258	0.05181	0.06466	0.02246	0.30918	0.08212	0.01556	0.03699	0.04485	0.04587	0.01623	0.02508	0.02582	0.03702	0.00298	0.00080	0.02467	0.00236	0.00159	0.14736
5	0.04574	0.00357	0.00463	0.00403	0.00530	0.00320	0.00313	0.00857	0.00659	0.45444	0.10549	0.24341	0.09069	0.00503	0.00287	0.00089	0.00185	0.00432	0.00286	0.00338
6	0.00439	0.00350	0.00415	0.00469	0.06721	0.03992	0.00298	0.04639	0.05989	0.00735	0.04713	0.47361	0.01322	0.20676	0.00539	0.00132	0.00208	0.00542	0.00216	0.00244
7	0.00676	0.00698	0.02871	0.07268	0.50489	0.10496	0.11647	0.02925	0.00615	0.02239	0.00508	0.02373	0.00425	0.00266	0.00298	0.00082	0.05365	0.00245	0.00137	0.00377
8	0.00838	0.00585	0.01941	0.00729	0.15603	0.03285	0.04119	0.20117	0.14354	0.24089	0.00799	0.03728	0.00601	0.00453	0.07434	0.00109	0.00305	0.00273	0.00235	0.00403
9	0.46502	0.00394	0.00377	0.00347	0.00461	0.00423	0.00269	0.00666	0.00501	0.08996	0.07993	0.07232	0.07398	0.00450	0.00337	0.13936	0.00191	0.00271	0.02996	0.00259
10	0.13062	0.00575	0.00659	0.04240	0.08422	0.04241	0.00455	0.28600	0.01945	0.23799	0.00766	0.07185	0.00606	0.00351	0.00258	0.00083	0.00260	0.03869	0.00240	0.00384
11	0.03510	0.00751	0.00757	0.00889	0.29965	0.28958	0.00541	0.04323	0.02488	0.12410	0.00679	0.02534	0.03941	0.00297	0.00248	0.00075	0.00322	0.00239	0.06714	0.00358
12	0.00597	0.00552	0.00934	0.12619	0.62075	0.00568	0.03286	0.00751	0.00579	0.00829	0.00562	0.00791	0.00479	0.00330	0.03763	0.00093	0.00319	0.03825	0.06675	0.00372
13	0.00324	0.00237	0.00308	0.00356	0.00381	0.00223	0.00242	0.00374	0.00505	0.00666	0.01521	0.71606	0.11952	0.03147	0.06707	0.00131	0.00192	0.00681	0.00234	0.00214

[dist]
# distance from previous block
# <min> <max>
0	1

[block]
# block no. 5 follows, 113 sequences, length 7
# corresponding to MSA columns:
# 149-155
name=unknown_F
#
# <colnr> <probs for GDERKNQSTAVLIFYWHMCP>
#	G	D	E	R	K	N	Q	S	T	A	V	L	I	F	Y	W	H	M	C	P
0	0.05208	0.00545	0.00586	0.06678	0.00725	0.06027	0.00373	0.10608	0.04534	0.00949	0.00515	0.00587	0.00411	0.00230	0.00211	0.00054	0.00232	0.00179	0.03002	0.58346
1	0.00373	0.00275	0.00336	0.00349	0.00400	0.00260	0.00251	0.04621	0.00610	0.00811	0.22901	0.36189	0.18491	0.07736	0.00400	0.00108	0.00161	0.05246	0.00249	0.00232
2	0.00669	0.08609	0.00962	0.11810	0.46337	0.08307	0.02690	0.02829	0.00607	0.02663	0.00483	0.00613	0.00396	0.00238	0.00243	0.00072	0.00313	0.00213	0.00138	0.11808
3	0.00539	0.00439	0.00465	0.00435	0.00540	0.02448	0.00330	0.05727	0.39831	0.00989	0.11570	0.15676	0.11200	0.00479	0.00280	0.00088	0.00183	0.00409	0.08046	0.00326
4	0.00646	0.00520	0.00797	0.04297	0.46907	0.00526	0.00591	0.08032	0.02694	0.09020	0.00813	0.07933	0.06546	0.04219	0.05200	0.00108	0.00295	0.00309	0.00180	0.00367
5	0.00334	0.00260	0.00284	0.00289	0.00347	0.00234	0.00201	0.00387	0.00540	0.00674	0.06966	0.10010	0.52391	0.22105	0.03709	0.00141	0.00183	0.00516	0.00222	0.00208
6	0.00384	0.00306	0.00388	0.02064	0.00454	0.00298	0.03699	0.02810	0.01896	0.00746	0.11117	0.09775	0.35997	0.13101	0.11237	0.00152	0.01754	0.00463	0.03127	0.00234

[dist]
# distance from previous block
# <min> <max>
0	27

# created by:
# /share/home/app/bin/augustus-3.3.1/scripts/msa2prfl.pl /dev/shm/tmp/ogap_db/mt-Sar/msas/rpl16.aln --setname=rpl16
