[name]
rpl14

[dist]
# distance from previous block
# <min> <max>
0	11

[block]
# block no. 0 follows, 109 sequences, length 24
# corresponding to MSA columns:
# 11-34
name=unknown_A
#
# <colnr> <probs for GDERKNQSTAVLIFYWHMCP>
#	G	D	E	R	K	N	Q	S	T	A	V	L	I	F	Y	W	H	M	C	P
0	0.00436	0.00311	0.00436	0.00498	0.00560	0.00311	0.00436	0.00560	0.00623	0.00809	0.01432	0.03051	0.01557	0.00747	0.00374	0.00125	0.00249	0.86987	0.00249	0.00249
1	0.00328	0.00270	0.00289	0.00292	0.00373	0.00231	0.00216	0.00402	0.00624	0.00769	0.12991	0.11452	0.69456	0.00686	0.00322	0.00092	0.00138	0.00581	0.00257	0.00231
2	0.00602	0.00661	0.01379	0.12763	0.01378	0.00654	0.66659	0.00809	0.00609	0.00828	0.02414	0.00766	0.00459	0.00335	0.04490	0.00108	0.04295	0.00308	0.00138	0.00345
3	0.00644	0.00551	0.01600	0.04574	0.28845	0.01199	0.07676	0.05031	0.17169	0.07265	0.03783	0.03639	0.13072	0.00376	0.00286	0.00087	0.00268	0.02297	0.00209	0.01428
4	0.10089	0.00896	0.25660	0.03237	0.02140	0.04657	0.44767	0.00846	0.00601	0.00880	0.00534	0.03470	0.00419	0.00262	0.00282	0.00088	0.00403	0.00273	0.00137	0.00359
5	0.00774	0.00631	0.00668	0.00571	0.00742	0.00720	0.00453	0.25998	0.63594	0.01294	0.00973	0.00907	0.00722	0.00355	0.00274	0.00089	0.00238	0.00288	0.00274	0.00437
6	0.00510	0.00489	0.00629	0.00761	0.23131	0.10003	0.04511	0.00608	0.00595	0.00763	0.04814	0.27310	0.15999	0.00662	0.07848	0.00120	0.00292	0.00463	0.00197	0.00295
7	0.00336	0.00241	0.00316	0.00369	0.00389	0.00224	0.00247	0.00389	0.00536	0.00718	0.08799	0.77946	0.03582	0.04056	0.00380	0.00113	0.00158	0.00728	0.00252	0.00221
8	0.00677	0.00716	0.04590	0.07798	0.54789	0.12468	0.02571	0.00825	0.01618	0.00815	0.00536	0.00756	0.00462	0.00308	0.00318	0.04355	0.01982	0.03901	0.00138	0.00377
9	0.00392	0.00305	0.00368	0.00334	0.00430	0.00263	0.00253	0.00501	0.00690	0.00954	0.51269	0.04731	0.23643	0.00542	0.00302	0.00081	0.00142	0.00469	0.00264	0.14067
10	0.09159	0.00500	0.00509	0.00495	0.05528	0.09577	0.00361	0.07472	0.07175	0.08386	0.24743	0.01499	0.17285	0.00458	0.00283	0.00086	0.00218	0.04029	0.01923	0.00315
11	0.00723	0.90657	0.01417	0.00463	0.00694	0.01070	0.00463	0.00810	0.00550	0.00636	0.00376	0.00434	0.00347	0.00231	0.00174	0.00058	0.00289	0.00145	0.00116	0.00347
12	0.00937	0.01152	0.00797	0.04565	0.10383	0.71920	0.00561	0.01053	0.04822	0.00709	0.00462	0.00542	0.00380	0.00278	0.00249	0.00073	0.00452	0.00190	0.00144	0.00331
13	0.00929	0.00672	0.00716	0.00563	0.00752	0.00741	0.00460	0.69898	0.06080	0.01568	0.00710	0.00724	0.00516	0.00326	0.00259	0.00079	0.00267	0.00248	0.14066	0.00427
14	0.83889	0.04718	0.00464	0.00373	0.00546	0.00639	0.00311	0.04857	0.00502	0.01210	0.00389	0.00449	0.00303	0.00254	0.00172	0.00082	0.00217	0.00151	0.00170	0.00303
15	0.04057	0.00400	0.00511	0.00419	0.00572	0.00361	0.00336	0.04049	0.00762	0.47721	0.27113	0.01393	0.10272	0.00432	0.00287	0.00085	0.00192	0.00362	0.00307	0.00370
16	0.00610	0.00545	0.00888	0.07555	0.59404	0.02285	0.00674	0.00710	0.00557	0.00775	0.00543	0.04861	0.00493	0.00410	0.00427	0.18217	0.00303	0.00263	0.00135	0.00346
17	0.00516	0.00414	0.00533	0.00583	0.11994	0.00421	0.02100	0.10063	0.13031	0.00894	0.04940	0.24029	0.18455	0.04467	0.00400	0.05953	0.00212	0.00468	0.00229	0.00299
18	0.22220	0.00365	0.00404	0.00363	0.00472	0.00366	0.00283	0.00692	0.03448	0.11102	0.50534	0.01521	0.06307	0.00458	0.00276	0.00085	0.00162	0.00382	0.00268	0.00291
19	0.00642	0.00633	0.01919	0.26833	0.29107	0.08484	0.15020	0.00801	0.00606	0.04085	0.00581	0.04880	0.00489	0.02332	0.00302	0.00089	0.00354	0.00277	0.02216	0.00352
20	0.00536	0.00293	0.00308	0.00295	0.00373	0.00295	0.00224	0.00716	0.08393	0.04869	0.06615	0.01122	0.03737	0.00348	0.00213	0.00069	0.00139	0.00284	0.70893	0.00276
21	0.00339	0.00269	0.00282	0.00286	0.00349	0.00236	0.00198	0.00389	0.00554	0.00676	0.02186	0.07812	0.61153	0.23399	0.00588	0.00136	0.00170	0.00538	0.00229	0.00212
22	0.00644	0.00610	0.00970	0.03458	0.54947	0.00685	0.00724	0.02729	0.00567	0.00834	0.00481	0.00661	0.00417	0.00316	0.00448	0.00091	0.26888	0.00240	0.03911	0.00379
23	0.00393	0.00319	0.00354	0.00345	0.00417	0.03215	0.00255	0.00518	0.04749	0.00911	0.44382	0.11637	0.28229	0.02647	0.00342	0.00093	0.00153	0.00523	0.00269	0.00251

[dist]
# distance from previous block
# <min> <max>
0	4

[block]
# block no. 1 follows, 109 sequences, length 22
# corresponding to MSA columns:
# 39-60
name=unknown_B
#
# <colnr> <probs for GDERKNQSTAVLIFYWHMCP>
#	G	D	E	R	K	N	Q	S	T	A	V	L	I	F	Y	W	H	M	C	P
0	0.07017	0.00486	0.00524	0.02214	0.05260	0.07380	0.00358	0.17093	0.00628	0.02129	0.00730	0.05656	0.00718	0.29212	0.19224	0.00213	0.00378	0.00315	0.00183	0.00281
1	0.19920	0.00589	0.00767	0.11273	0.30564	0.06141	0.03959	0.00826	0.07393	0.02165	0.00574	0.02237	0.00492	0.08361	0.00346	0.00098	0.00296	0.00245	0.00159	0.03594
2	0.02581	0.00629	0.00964	0.21499	0.43746	0.05195	0.03815	0.02312	0.00584	0.00812	0.00487	0.01690	0.00411	0.00293	0.00361	0.00089	0.13790	0.00244	0.00133	0.00367
3	0.01646	0.00648	0.00884	0.24168	0.35502	0.09808	0.00680	0.09086	0.00693	0.11311	0.01600	0.00733	0.00470	0.00281	0.00268	0.00083	0.00332	0.01252	0.00171	0.00385
4	0.00588	0.00458	0.00603	0.00586	0.07982	0.01944	0.03124	0.10819	0.05981	0.05357	0.08324	0.01158	0.04954	0.15602	0.17175	0.03607	0.10925	0.00319	0.00193	0.00300
5	0.13944	0.00529	0.00621	0.00494	0.00691	0.00528	0.00404	0.14196	0.12099	0.52269	0.00912	0.00824	0.00605	0.00326	0.00257	0.00084	0.00235	0.00254	0.00294	0.00433
6	0.06130	0.00687	0.00755	0.03753	0.24348	0.15868	0.01212	0.16944	0.08003	0.01014	0.05676	0.00830	0.01356	0.05002	0.04659	0.00107	0.00331	0.00258	0.02705	0.00363
7	0.00390	0.00286	0.00333	0.00334	0.00401	0.00263	0.00242	0.02746	0.01938	0.02281	0.20581	0.23892	0.32235	0.07135	0.00394	0.00105	0.00157	0.01354	0.03669	0.01262
8	0.71692	0.00591	0.00474	0.00411	0.00583	0.07014	0.00335	0.07547	0.00569	0.08047	0.00454	0.00496	0.00339	0.00265	0.00189	0.00082	0.00238	0.00166	0.00186	0.00320
9	0.00769	0.61392	0.10467	0.00543	0.00776	0.15999	0.00532	0.05458	0.00627	0.00720	0.00409	0.00469	0.00353	0.00247	0.00199	0.00064	0.00335	0.00161	0.00128	0.00353
10	0.00437	0.00341	0.00409	0.00446	0.05826	0.01213	0.00294	0.00597	0.12668	0.02212	0.10871	0.24534	0.18776	0.17753	0.00518	0.00128	0.00194	0.02286	0.00236	0.00262
11	0.00390	0.00281	0.00328	0.00318	0.00399	0.00246	0.00238	0.00481	0.00672	0.05375	0.34750	0.09467	0.44812	0.00631	0.00319	0.00090	0.00140	0.00541	0.00273	0.00250
12	0.00429	0.00353	0.00516	0.00675	0.21777	0.00339	0.00395	0.00533	0.01836	0.00828	0.18413	0.38970	0.10383	0.00617	0.00319	0.00096	0.00192	0.02815	0.00232	0.00282
13	0.05235	0.00316	0.00382	0.00352	0.00444	0.00292	0.00268	0.00614	0.02501	0.12124	0.48692	0.07087	0.19562	0.00550	0.00306	0.00088	0.00150	0.00473	0.00283	0.00279
14	0.01024	0.00706	0.00773	0.00599	0.00809	0.00769	0.00492	0.70106	0.07987	0.12815	0.00738	0.00712	0.00515	0.00329	0.00271	0.00082	0.00282	0.00252	0.00279	0.00458
15	0.00426	0.00291	0.00345	0.00323	0.00411	0.00255	0.00245	0.00525	0.00700	0.08457	0.42800	0.02186	0.40850	0.00593	0.00315	0.00088	0.00141	0.00507	0.00280	0.00261
16	0.00610	0.00618	0.01164	0.18908	0.38284	0.00626	0.29379	0.00791	0.00603	0.00830	0.00566	0.05322	0.00479	0.00274	0.00289	0.00087	0.00365	0.00294	0.00138	0.00371
17	0.03482	0.01986	0.02747	0.03570	0.34311	0.04066	0.07395	0.24126	0.06196	0.04084	0.03472	0.00731	0.00529	0.00315	0.01724	0.00088	0.00321	0.00254	0.00192	0.00410
18	0.00383	0.00296	0.00387	0.07350	0.00538	0.00300	0.00307	0.00519	0.08613	0.00780	0.12121	0.54837	0.07915	0.00752	0.03480	0.00114	0.00193	0.00620	0.00245	0.00251
19	0.00530	0.00495	0.00829	0.66642	0.17753	0.00582	0.00727	0.00703	0.00572	0.00757	0.07353	0.00813	0.00544	0.00287	0.00274	0.00088	0.00335	0.00260	0.00137	0.00320
20	0.00712	0.00606	0.00725	0.00662	0.09744	0.11616	0.08285	0.10148	0.01438	0.09860	0.00721	0.13247	0.00649	0.02294	0.02618	0.00087	0.00294	0.00300	0.00196	0.25799
21	0.03403	0.00741	0.00832	0.34997	0.17591	0.24520	0.00661	0.02646	0.00622	0.00761	0.02324	0.00655	0.00416	0.00292	0.00316	0.00085	0.08448	0.00225	0.00136	0.00330

[dist]
# distance from previous block
# <min> <max>
1	7

[block]
# block no. 2 follows, 109 sequences, length 19
# corresponding to MSA columns:
# 68-86
name=unknown_C
#
# <colnr> <probs for GDERKNQSTAVLIFYWHMCP>
#	G	D	E	R	K	N	Q	S	T	A	V	L	I	F	Y	W	H	M	C	P
0	0.00648	0.00606	0.00931	0.07566	0.61398	0.05766	0.00704	0.00784	0.03515	0.00804	0.00515	0.00697	0.00438	0.00354	0.00385	0.13831	0.00317	0.00238	0.00136	0.00366
1	0.00421	0.00355	0.00382	0.00380	0.00452	0.07078	0.00292	0.00525	0.00693	0.00905	0.43809	0.09349	0.20146	0.00613	0.00324	0.00093	0.00178	0.13491	0.00265	0.00250
2	0.00638	0.00652	0.00771	0.03717	0.28520	0.18368	0.05370	0.00765	0.01588	0.01871	0.06627	0.07033	0.12239	0.00367	0.00274	0.00079	0.00300	0.00319	0.00176	0.10327
3	0.00675	0.00680	0.06459	0.03472	0.78827	0.00633	0.00825	0.00844	0.00616	0.03622	0.00524	0.00672	0.00429	0.00246	0.00267	0.00081	0.00324	0.00239	0.00139	0.00425
4	0.50072	0.00588	0.00645	0.07511	0.18016	0.00657	0.00475	0.17279	0.00651	0.01202	0.00462	0.00546	0.00356	0.00265	0.00215	0.00083	0.00260	0.00191	0.00177	0.00352
5	0.03900	0.18657	0.37058	0.07553	0.06170	0.00724	0.06221	0.02578	0.12012	0.01845	0.00555	0.00629	0.00421	0.00266	0.00246	0.00081	0.00339	0.00216	0.00146	0.00383
6	0.00428	0.00347	0.00499	0.00617	0.18774	0.00329	0.00374	0.00543	0.00674	0.00930	0.43685	0.15396	0.12349	0.00556	0.00314	0.00090	0.00178	0.03385	0.00249	0.00282
7	0.00541	0.00469	0.00556	0.00553	0.05690	0.07269	0.00395	0.06017	0.00567	0.02023	0.07635	0.16641	0.02962	0.12408	0.11582	0.00161	0.20066	0.00381	0.03810	0.00274
8	0.00606	0.00576	0.00888	0.09856	0.39813	0.04200	0.05016	0.00734	0.02757	0.00765	0.00556	0.05087	0.00509	0.03430	0.02526	0.07148	0.14781	0.00275	0.00140	0.00339
9	0.24889	0.00482	0.00555	0.00444	0.00627	0.00472	0.00360	0.07050	0.00697	0.53374	0.00842	0.00842	0.00581	0.07212	0.00329	0.00097	0.00232	0.00247	0.00274	0.00394
10	0.00349	0.00258	0.00326	0.00344	0.00392	0.00235	0.00245	0.00432	0.00634	0.00854	0.36376	0.39869	0.17287	0.00702	0.00330	0.00097	0.00142	0.00623	0.00270	0.00235
11	0.00347	0.00272	0.00308	0.00304	0.00376	0.00240	0.00223	0.00432	0.00652	0.00843	0.33234	0.06336	0.48880	0.05893	0.00382	0.00100	0.00142	0.00540	0.00263	0.00234
12	0.07419	0.00304	0.00352	0.00339	0.00416	0.00290	0.00254	0.00533	0.04242	0.00990	0.53172	0.09185	0.20365	0.00574	0.00308	0.00089	0.00142	0.00495	0.00273	0.00257
13	0.00615	0.00573	0.00950	0.37206	0.03340	0.00650	0.20174	0.07485	0.10163	0.02591	0.00617	0.04373	0.00495	0.00320	0.00346	0.00093	0.09217	0.00287	0.00162	0.00343
14	0.03272	0.00578	0.00634	0.00555	0.00712	0.00656	0.02625	0.08651	0.69511	0.03616	0.02421	0.03979	0.00825	0.00375	0.00276	0.00091	0.00224	0.00314	0.00270	0.00417
15	0.00680	0.00580	0.00912	0.21329	0.43929	0.01954	0.02704	0.04679	0.05940	0.08340	0.00649	0.05959	0.00537	0.00303	0.00275	0.00085	0.00311	0.00279	0.00169	0.00388
16	0.00660	0.00557	0.00762	0.13293	0.30180	0.06773	0.00576	0.06351	0.04116	0.08007	0.03362	0.02030	0.02836	0.05813	0.12269	0.00141	0.00362	0.01384	0.00177	0.00352
17	0.07745	0.00699	0.16918	0.09691	0.15986	0.04725	0.09363	0.04415	0.01952	0.00853	0.01835	0.12994	0.00647	0.05946	0.00366	0.02964	0.00316	0.00315	0.00160	0.02111
18	0.00494	0.01261	0.00574	0.00666	0.18391	0.02159	0.01739	0.02587	0.04632	0.02026	0.04346	0.18061	0.15454	0.10621	0.09710	0.00147	0.05164	0.00428	0.01251	0.00289

[dist]
# distance from previous block
# <min> <max>
0	2

[block]
# block no. 3 follows, 109 sequences, length 12
# corresponding to MSA columns:
# 89-100
name=unknown_D
#
# <colnr> <probs for GDERKNQSTAVLIFYWHMCP>
#	G	D	E	R	K	N	Q	S	T	A	V	L	I	F	Y	W	H	M	C	P
0	0.00579	0.00491	0.00751	0.27767	0.24140	0.00536	0.01515	0.05246	0.06758	0.03716	0.05959	0.08117	0.03251	0.03223	0.03371	0.00106	0.01185	0.01165	0.01786	0.00338
1	0.00735	0.01650	0.00901	0.19925	0.26545	0.14480	0.05651	0.14624	0.03266	0.02356	0.00580	0.00774	0.00474	0.01886	0.01851	0.00093	0.00358	0.03315	0.00166	0.00370
2	0.00619	0.00623	0.03613	0.12429	0.36214	0.05363	0.08689	0.03216	0.10105	0.00878	0.04090	0.06964	0.04184	0.01469	0.00295	0.00088	0.00311	0.00311	0.00170	0.00368
3	0.06614	0.33310	0.00887	0.00494	0.00668	0.18899	0.00420	0.08959	0.03375	0.06923	0.01885	0.00811	0.10855	0.00352	0.00266	0.04245	0.00297	0.00233	0.00177	0.00332
4	0.64540	0.00566	0.00475	0.00439	0.03274	0.05609	0.00338	0.10033	0.00570	0.01173	0.00462	0.00562	0.00372	0.03405	0.03005	0.00099	0.00252	0.00179	0.04338	0.00308
5	0.00721	0.02353	0.04647	0.03956	0.02428	0.11882	0.00455	0.26209	0.15181	0.01127	0.12792	0.07837	0.03145	0.02437	0.00301	0.00088	0.00271	0.00327	0.03487	0.00358
6	0.19764	0.00466	0.01885	0.04990	0.00671	0.00491	0.08553	0.06032	0.04436	0.01972	0.05930	0.04695	0.07915	0.09829	0.09187	0.00141	0.05597	0.02054	0.02274	0.03118
7	0.00452	0.00342	0.00420	0.00389	0.00470	0.00334	0.03373	0.09650	0.02084	0.02110	0.10720	0.16860	0.28350	0.13782	0.07719	0.00145	0.00236	0.00490	0.01819	0.00258
8	0.00686	0.00585	0.00843	0.07512	0.25229	0.01776	0.08675	0.23165	0.04896	0.01046	0.04641	0.02512	0.01945	0.06645	0.04413	0.01900	0.00323	0.01823	0.01016	0.00368
9	0.00413	0.00269	0.00310	0.00312	0.00324	0.00271	0.00189	0.02206	0.00436	0.00603	0.00884	0.08832	0.00985	0.67637	0.04022	0.03735	0.00257	0.00400	0.07734	0.00183
10	0.16153	0.11306	0.04053	0.04343	0.11564	0.09789	0.14348	0.04751	0.05342	0.07072	0.00551	0.00671	0.00439	0.04121	0.00321	0.00090	0.04337	0.00230	0.00165	0.00354
11	0.00697	0.05546	0.30688	0.04035	0.16095	0.11129	0.00705	0.13970	0.02590	0.00964	0.00555	0.00648	0.00426	0.00311	0.02123	0.00086	0.00352	0.00218	0.08481	0.00381

[dist]
# distance from previous block
# <min> <max>
0	5

[block]
# block no. 4 follows, 109 sequences, length 7
# corresponding to MSA columns:
# 106-112
name=unknown_E
#
# <colnr> <probs for GDERKNQSTAVLIFYWHMCP>
#	G	D	E	R	K	N	Q	S	T	A	V	L	I	F	Y	W	H	M	C	P
0	0.00908	0.01122	0.00702	0.00644	0.00775	0.73055	0.00482	0.01025	0.06781	0.00700	0.00660	0.05800	0.05533	0.00341	0.00256	0.00075	0.00430	0.00240	0.00162	0.00311
1	0.03769	0.00656	0.00660	0.04690	0.06799	0.13657	0.00451	0.33070	0.00879	0.08162	0.05249	0.00808	0.00612	0.02519	0.00278	0.00081	0.00281	0.00250	0.16759	0.00368
2	0.04700	0.00336	0.00393	0.00361	0.00456	0.00326	0.00277	0.00679	0.10766	0.07990	0.49155	0.01797	0.16536	0.00512	0.00298	0.00086	0.00151	0.00438	0.04456	0.00288
3	0.00564	0.00346	0.00416	0.00367	0.00477	0.00320	0.00285	0.06082	0.03083	0.16687	0.38694	0.01847	0.26108	0.00525	0.00303	0.00086	0.00161	0.00446	0.02900	0.00301
4	0.00328	0.00243	0.00306	0.00357	0.00387	0.00221	0.00242	0.00379	0.00536	0.00698	0.01726	0.73795	0.18160	0.00817	0.00340	0.00106	0.00153	0.00732	0.00251	0.00221
5	0.00343	0.00259	0.00314	0.00341	0.00390	0.00235	0.00243	0.00412	0.00588	0.00764	0.15796	0.40249	0.29061	0.04881	0.00382	0.00108	0.00156	0.04997	0.00254	0.00227
6	0.03359	0.09663	0.00850	0.00807	0.17650	0.31616	0.00546	0.09070	0.22003	0.00927	0.00617	0.00657	0.00488	0.00292	0.00250	0.00077	0.00345	0.00222	0.00182	0.00380

[dist]
# distance from previous block
# <min> <max>
0	2

[block]
# block no. 5 follows, 109 sequences, length 15
# corresponding to MSA columns:
# 115-129
name=unknown_F
#
# <colnr> <probs for GDERKNQSTAVLIFYWHMCP>
#	G	D	E	R	K	N	Q	S	T	A	V	L	I	F	Y	W	H	M	C	P
0	0.00737	0.02694	0.02936	0.04590	0.41899	0.13705	0.01388	0.07921	0.02260	0.04730	0.00584	0.04376	0.00494	0.00286	0.00260	0.00077	0.00322	0.01018	0.00164	0.09558
1	0.00635	0.02574	0.01292	0.19144	0.21249	0.01952	0.45511	0.02739	0.00627	0.00845	0.00522	0.00703	0.00403	0.00242	0.00292	0.00087	0.00400	0.00278	0.00135	0.00367
2	0.12910	0.01954	0.10806	0.00786	0.16326	0.18547	0.07595	0.00791	0.02625	0.00836	0.00722	0.18726	0.00713	0.00400	0.00278	0.00088	0.01245	0.04154	0.00169	0.00326
3	0.00767	0.00708	0.00958	0.03303	0.50879	0.12450	0.04113	0.03100	0.11472	0.08648	0.00623	0.00712	0.00486	0.00272	0.00268	0.00081	0.00328	0.00246	0.00173	0.00411
4	0.00529	0.00441	0.00512	0.00393	0.00587	0.00353	0.00306	0.03589	0.01964	0.00878	0.03149	0.08766	0.07302	0.03562	0.00271	0.00062	0.00195	0.00268	0.00185	0.66689
5	0.00387	0.00307	0.00419	0.00523	0.12299	0.00288	0.00319	0.00461	0.00570	0.00755	0.10298	0.41779	0.19321	0.07689	0.00408	0.00112	0.00183	0.03398	0.00233	0.00250
6	0.71588	0.00508	0.00442	0.00381	0.00550	0.00564	0.00311	0.02845	0.00529	0.16054	0.00517	0.00573	0.00385	0.03516	0.00231	0.00090	0.00217	0.00179	0.00198	0.00320
7	0.00705	0.00609	0.00717	0.00756	0.16478	0.00683	0.00508	0.09429	0.64473	0.01141	0.00953	0.00915	0.00720	0.00340	0.00273	0.00089	0.00241	0.00288	0.00249	0.00431
8	0.00505	0.00553	0.08538	0.67147	0.05043	0.00579	0.00721	0.00682	0.00549	0.00715	0.00683	0.00872	0.08397	0.00313	0.00296	0.00090	0.03609	0.00267	0.00132	0.00307
9	0.00333	0.00271	0.00296	0.00298	0.00376	0.00233	0.00220	0.00412	0.00637	0.00798	0.20022	0.11320	0.62492	0.00675	0.00322	0.00092	0.00137	0.00574	0.00261	0.00233
10	0.00580	0.00469	0.04412	0.00493	0.03689	0.00450	0.00376	0.22970	0.03660	0.02298	0.07503	0.16359	0.08551	0.18511	0.00521	0.00128	0.00238	0.08256	0.00234	0.00302
11	0.61579	0.00538	0.03416	0.00405	0.00586	0.00560	0.00345	0.03271	0.03536	0.19335	0.00573	0.00589	0.00410	0.00277	0.00199	0.00083	0.00219	0.00186	0.03554	0.00339
12	0.05357	0.00461	0.00513	0.00400	0.00592	0.00397	0.00314	0.02865	0.10571	0.00927	0.04725	0.00951	0.10851	0.03361	0.00268	0.00065	0.00196	0.00248	0.00193	0.56743
13	0.04375	0.00273	0.00321	0.00333	0.00394	0.00250	0.00241	0.00441	0.00623	0.00850	0.29306	0.32171	0.28091	0.00680	0.00321	0.00095	0.00144	0.00594	0.00262	0.00237
14	0.00698	0.00575	0.00618	0.00484	0.00681	0.03863	0.00383	0.24566	0.10872	0.01100	0.00668	0.05605	0.00566	0.04280	0.00290	0.00072	0.00240	0.00244	0.00208	0.43990

[dist]
# distance from previous block
# <min> <max>
0	1

[block]
# block no. 6 follows, 109 sequences, length 7
# corresponding to MSA columns:
# 131-137
name=unknown_G
#
# <colnr> <probs for GDERKNQSTAVLIFYWHMCP>
#	G	D	E	R	K	N	Q	S	T	A	V	L	I	F	Y	W	H	M	C	P
0	0.01817	0.04116	0.29092	0.12175	0.00947	0.03382	0.03421	0.05107	0.08326	0.02616	0.03703	0.13815	0.06135	0.02566	0.01521	0.00098	0.00309	0.00339	0.00179	0.00337
1	0.00358	0.00255	0.00327	0.00364	0.00391	0.00242	0.00252	0.00417	0.00545	0.00729	0.13576	0.49386	0.05789	0.17020	0.00530	0.00135	0.00180	0.09046	0.00242	0.00218
2	0.00629	0.00576	0.00915	0.43515	0.27899	0.00647	0.04344	0.09716	0.07422	0.00894	0.00557	0.00721	0.00429	0.00273	0.00272	0.00086	0.00335	0.00249	0.00152	0.00368
3	0.09056	0.00568	0.00838	0.12411	0.40672	0.02340	0.00636	0.03344	0.02042	0.10628	0.00594	0.02236	0.00478	0.00375	0.04658	0.00102	0.05845	0.00247	0.02553	0.00376
4	0.07393	0.00597	0.00829	0.07790	0.26477	0.05571	0.08320	0.10499	0.05397	0.09960	0.00725	0.11296	0.00633	0.02940	0.00306	0.00091	0.00299	0.00311	0.00194	0.00371
5	0.10044	0.00631	0.00942	0.06522	0.56613	0.03972	0.03658	0.00884	0.09846	0.00929	0.03019	0.00718	0.00508	0.00267	0.00261	0.00083	0.00306	0.00245	0.00156	0.00396
6	0.00556	0.00406	0.00487	0.00446	0.00497	0.07483	0.03455	0.00587	0.00483	0.09625	0.00761	0.07807	0.00766	0.29618	0.15297	0.13705	0.07278	0.00337	0.00172	0.00234

[dist]
# distance from previous block
# <min> <max>
0	26

[block]
# block no. 7 follows, 109 sequences, length 8
# corresponding to MSA columns:
# 164-171
name=unknown_H
#
# <colnr> <probs for GDERKNQSTAVLIFYWHMCP>
#	G	D	E	R	K	N	Q	S	T	A	V	L	I	F	Y	W	H	M	C	P
0	0.04409	0.05987	0.00474	0.00398	0.00498	0.00353	0.00307	0.00694	0.03547	0.20329	0.15867	0.31863	0.10093	0.00586	0.00303	0.00094	0.00182	0.03452	0.00266	0.00299
1	0.00844	0.00526	0.00610	0.00509	0.00666	0.00545	0.00406	0.34821	0.08144	0.22041	0.04716	0.16906	0.04789	0.00460	0.00292	0.00090	0.00234	0.02728	0.00282	0.00390
2	0.00544	0.00377	0.00461	0.03600	0.00577	0.00378	0.00358	0.15967	0.00713	0.07137	0.01507	0.28188	0.18321	0.00644	0.00326	0.00102	0.00211	0.20044	0.00255	0.00290
3	0.00974	0.00587	0.00643	0.00514	0.00683	0.06116	0.00407	0.32002	0.03514	0.34076	0.00841	0.00950	0.00635	0.16263	0.00465	0.00114	0.00276	0.00278	0.00268	0.00398
4	0.10073	0.00550	0.00723	0.11746	0.20927	0.00572	0.00523	0.19308	0.00745	0.12448	0.02918	0.00742	0.00524	0.00288	0.00247	0.00078	0.00264	0.00237	0.09559	0.07528
5	0.37931	0.00597	0.00630	0.05756	0.18700	0.08655	0.00462	0.06953	0.00593	0.05052	0.00519	0.00665	0.00426	0.05996	0.04230	0.00108	0.00298	0.00210	0.01887	0.00331
6	0.00495	0.00426	0.00448	0.08609	0.00600	0.06659	0.00326	0.06529	0.11419	0.00787	0.01406	0.17151	0.23697	0.19620	0.00530	0.00129	0.00233	0.00455	0.00217	0.00266
7	0.00384	0.00277	0.00317	0.00314	0.00386	0.00244	0.00227	0.00457	0.00620	0.04987	0.20287	0.14242	0.46146	0.09382	0.00423	0.00109	0.00154	0.00549	0.00256	0.00238

[dist]
# distance from previous block
# <min> <max>
0	2

# created by:
# /share/home/app/bin/augustus-3.3.1/scripts/msa2prfl.pl /dev/shm/tmp/ogap_db/mt-Sar/msas/rpl14.aln --setname=rpl14
