[name]
rpl2

[dist]
# distance from previous block
# <min> <max>
1	50

[block]
# block no. 0 follows, 112 sequences, length 10
# corresponding to MSA columns:
# 52-61
name=unknown_A
#
# <colnr> <probs for GDERKNQSTAVLIFYWHMCP>
#	G	D	E	R	K	N	Q	S	T	A	V	L	I	F	Y	W	H	M	C	P
0	0.04078	0.02103	0.03247	0.04851	0.13078	0.03489	0.05392	0.13190	0.08327	0.03619	0.00760	0.12150	0.00726	0.18544	0.00526	0.04813	0.00275	0.00332	0.00188	0.00311
1	0.01962	0.00568	0.04034	0.05244	0.24828	0.09891	0.04423	0.02015	0.04239	0.02671	0.05959	0.11504	0.11295	0.00498	0.04477	0.00103	0.00297	0.05488	0.00186	0.00321
2	0.00617	0.01978	0.05400	0.02721	0.21595	0.09009	0.01898	0.07772	0.13501	0.01720	0.03028	0.03417	0.10746	0.10819	0.01620	0.00106	0.00284	0.00308	0.00187	0.03273
3	0.00609	0.01729	0.01627	0.03282	0.23392	0.02194	0.02938	0.04870	0.08764	0.02912	0.00652	0.03221	0.02194	0.07765	0.00332	0.00082	0.00255	0.00246	0.00171	0.32766
4	0.00556	0.00461	0.00562	0.00610	0.16013	0.04584	0.00384	0.06006	0.03313	0.01807	0.00806	0.12330	0.04199	0.12291	0.01760	0.03575	0.00242	0.01568	0.05384	0.23550
5	0.00334	0.00259	0.00323	0.04539	0.00442	0.00244	0.00254	0.00396	0.00538	0.00690	0.04326	0.44893	0.31811	0.04687	0.04890	0.00122	0.00188	0.00613	0.00232	0.00221
6	0.00687	0.00691	0.03961	0.01489	0.76693	0.05145	0.00784	0.05768	0.00644	0.00897	0.00500	0.00641	0.00414	0.00243	0.00260	0.00078	0.00323	0.00231	0.00138	0.00414
7	0.00754	0.00663	0.00836	0.02839	0.31947	0.09124	0.02392	0.26417	0.02590	0.03091	0.00642	0.02691	0.02530	0.02197	0.06938	0.00110	0.03416	0.00259	0.00184	0.00382
8	0.02599	0.02548	0.05776	0.00791	0.14372	0.12300	0.17798	0.02752	0.00605	0.00787	0.02588	0.18044	0.09620	0.00427	0.00326	0.00089	0.06199	0.01895	0.00172	0.00313
9	0.00550	0.00501	0.00583	0.06049	0.14956	0.06853	0.00434	0.04100	0.24230	0.00877	0.04267	0.17934	0.16630	0.00475	0.00287	0.00089	0.00230	0.00410	0.00220	0.00325

[dist]
# distance from previous block
# <min> <max>
0	3

[block]
# block no. 1 follows, 112 sequences, length 10
# corresponding to MSA columns:
# 65-74
name=unknown_B
#
# <colnr> <probs for GDERKNQSTAVLIFYWHMCP>
#	G	D	E	R	K	N	Q	S	T	A	V	L	I	F	Y	W	H	M	C	P
0	0.00552	0.00502	0.02182	0.07995	0.27258	0.01796	0.05270	0.05173	0.04340	0.01724	0.03160	0.06464	0.08369	0.16808	0.01894	0.00123	0.05572	0.00334	0.00170	0.00314
1	0.31051	0.00585	0.00555	0.00528	0.06868	0.11970	0.00381	0.08896	0.02712	0.15874	0.01919	0.02107	0.01723	0.10482	0.02137	0.00107	0.01343	0.00237	0.00200	0.00326
2	0.00471	0.00396	0.00517	0.04581	0.09596	0.04988	0.01967	0.02521	0.00509	0.00679	0.00949	0.23137	0.07333	0.10713	0.12170	0.08985	0.07509	0.00406	0.02325	0.00246
3	0.00714	0.00731	0.00995	0.03560	0.47919	0.15925	0.10908	0.07291	0.02181	0.00882	0.01967	0.00710	0.02984	0.00266	0.00265	0.00078	0.00345	0.00246	0.00150	0.01884
4	0.00691	0.00697	0.00843	0.20552	0.23921	0.17104	0.03732	0.06901	0.11919	0.00851	0.00557	0.00678	0.00443	0.00322	0.02525	0.00090	0.04412	0.00233	0.00156	0.03372
5	0.00789	0.00626	0.00773	0.05554	0.25167	0.06391	0.00548	0.31326	0.02908	0.08452	0.01944	0.09089	0.02200	0.00347	0.00268	0.00082	0.00283	0.00294	0.02569	0.00389
6	0.07121	0.00644	0.00620	0.00522	0.00679	0.12691	0.00413	0.26934	0.17656	0.06966	0.00708	0.00772	0.00550	0.03752	0.10305	0.00122	0.00325	0.00241	0.02643	0.06337
7	0.79577	0.00521	0.00432	0.00374	0.00544	0.00592	0.00308	0.06490	0.00525	0.08017	0.00437	0.00479	0.00325	0.00256	0.00178	0.00082	0.00212	0.00159	0.00183	0.00309
8	0.00530	0.00503	0.00844	0.70342	0.17489	0.00604	0.00741	0.00698	0.00536	0.00708	0.00470	0.00690	0.00364	0.00268	0.00289	0.00088	0.04165	0.00235	0.00120	0.00316
9	0.00963	0.01164	0.00778	0.00747	0.07632	0.74754	0.00533	0.08904	0.00782	0.00756	0.00436	0.00505	0.00356	0.00274	0.00242	0.00070	0.00447	0.00181	0.00147	0.00328

[dist]
# distance from previous block
# <min> <max>
0	2

[block]
# block no. 2 follows, 112 sequences, length 24
# corresponding to MSA columns:
# 77-100
name=unknown_C
#
# <colnr> <probs for GDERKNQSTAVLIFYWHMCP>
#	G	D	E	R	K	N	Q	S	T	A	V	L	I	F	Y	W	H	M	C	P
0	0.00645	0.00619	0.01503	0.02505	0.27300	0.04309	0.18246	0.10387	0.14479	0.00943	0.00856	0.05543	0.08619	0.01238	0.00300	0.00087	0.01552	0.00316	0.00184	0.00370
1	0.92578	0.00511	0.00389	0.00348	0.00511	0.00593	0.00286	0.00777	0.00450	0.01186	0.00368	0.00429	0.00286	0.00245	0.00164	0.00082	0.00204	0.00143	0.00164	0.00286
2	0.00632	0.00618	0.00967	0.24083	0.34694	0.05086	0.09930	0.06047	0.00603	0.00816	0.00496	0.01606	0.00412	0.01767	0.00357	0.00089	0.11059	0.00248	0.00136	0.00354
3	0.00333	0.00282	0.00290	0.00285	0.00375	0.00245	0.00215	0.00435	0.04608	0.00759	0.09499	0.02428	0.78041	0.00645	0.00310	0.00089	0.00137	0.00540	0.00250	0.00234
4	0.00624	0.00525	0.00557	0.00499	0.00639	0.00590	0.00388	0.08156	0.65144	0.01094	0.05822	0.03705	0.10281	0.00411	0.00277	0.00089	0.00202	0.00344	0.00267	0.00385
5	0.00562	0.00347	0.00427	0.00379	0.00481	0.00328	0.00294	0.10019	0.00764	0.14961	0.46234	0.06516	0.13089	0.00514	0.00300	0.00085	0.00163	0.02188	0.02051	0.00297
6	0.00493	0.00390	0.00595	0.32183	0.10234	0.02037	0.00480	0.01689	0.00469	0.00620	0.00537	0.00876	0.00494	0.11019	0.10039	0.26887	0.00341	0.00255	0.00128	0.00236
7	0.00589	0.00576	0.00802	0.03292	0.01761	0.03039	0.04864	0.01888	0.00454	0.00693	0.00408	0.00620	0.00378	0.00423	0.00736	0.00107	0.71361	0.00235	0.07479	0.00293
8	0.00567	0.00543	0.00923	0.49467	0.37424	0.00612	0.02469	0.00733	0.00557	0.00754	0.00479	0.00680	0.00380	0.00258	0.00283	0.00085	0.03082	0.00237	0.00123	0.00346
9	0.79303	0.00521	0.00496	0.07570	0.00672	0.00597	0.05970	0.00773	0.00467	0.01123	0.00387	0.00470	0.00299	0.00245	0.00181	0.00083	0.00232	0.00161	0.00158	0.00291
10	0.67935	0.00561	0.00508	0.03746	0.10160	0.05726	0.00375	0.02011	0.00505	0.03602	0.00422	0.00514	0.00335	0.02423	0.00215	0.00085	0.00240	0.00169	0.00163	0.00306
11	0.63905	0.00581	0.00497	0.03879	0.07666	0.10058	0.00370	0.01538	0.00506	0.01055	0.00421	0.00511	0.00337	0.00330	0.04269	0.00095	0.00269	0.00168	0.03248	0.00297
12	0.02431	0.00580	0.00736	0.02651	0.09747	0.08493	0.01915	0.01601	0.00505	0.00709	0.04136	0.00850	0.08481	0.00552	0.07733	0.00127	0.48046	0.00270	0.00143	0.00295
13	0.00647	0.00580	0.00929	0.01277	0.61707	0.01196	0.03096	0.07012	0.01461	0.02871	0.00597	0.00787	0.01886	0.05870	0.07703	0.00118	0.00339	0.00256	0.00151	0.01517
14	0.00639	0.00629	0.00812	0.35004	0.17437	0.13318	0.04665	0.10205	0.01689	0.00827	0.00697	0.00833	0.08198	0.00363	0.03491	0.00095	0.00353	0.00261	0.00153	0.00331
15	0.00500	0.00436	0.00565	0.10247	0.17466	0.06149	0.00439	0.06205	0.00607	0.00801	0.04289	0.39806	0.05647	0.00549	0.00298	0.00093	0.00234	0.02369	0.03012	0.00286
16	0.00431	0.07569	0.00576	0.00503	0.03755	0.00435	0.02843	0.00524	0.00454	0.00638	0.00744	0.06506	0.03234	0.01500	0.61645	0.00320	0.07615	0.00304	0.00146	0.00257
17	0.00475	0.00448	0.00674	0.66003	0.01447	0.03752	0.00607	0.00619	0.00543	0.00679	0.00847	0.10665	0.11436	0.00376	0.00277	0.00090	0.00308	0.00328	0.00148	0.00277
18	0.00702	0.06770	0.07613	0.01255	0.16475	0.12168	0.06468	0.09431	0.05229	0.08713	0.00909	0.05265	0.12394	0.00365	0.01047	0.00083	0.00959	0.00295	0.00189	0.03673
19	0.00338	0.00280	0.00298	0.00296	0.00379	0.00246	0.00221	0.00444	0.04614	0.00783	0.15740	0.07498	0.66647	0.00645	0.00312	0.00089	0.00137	0.00545	0.00253	0.00236
20	0.00796	0.41574	0.01021	0.00573	0.02425	0.37247	0.01912	0.03048	0.00645	0.00672	0.00526	0.04374	0.03601	0.00289	0.00217	0.00066	0.00355	0.00201	0.00137	0.00321
21	0.00386	0.00277	0.00354	0.00395	0.05461	0.00276	0.00238	0.00418	0.00446	0.00599	0.03538	0.15127	0.07907	0.49286	0.11293	0.02907	0.00282	0.00431	0.00178	0.00198
22	0.00761	0.03557	0.00789	0.02110	0.18599	0.24110	0.03666	0.16490	0.07365	0.02371	0.00662	0.06389	0.01817	0.02194	0.05813	0.00104	0.01326	0.00267	0.01256	0.00353
23	0.03204	0.00510	0.00737	0.68897	0.01532	0.06741	0.00656	0.00679	0.00530	0.00683	0.00515	0.04772	0.00429	0.00388	0.04955	0.00106	0.03999	0.00254	0.00127	0.00288

[dist]
# distance from previous block
# <min> <max>
0	11

[block]
# block no. 3 follows, 112 sequences, length 23
# corresponding to MSA columns:
# 112-134
name=unknown_D
#
# <colnr> <probs for GDERKNQSTAVLIFYWHMCP>
#	G	D	E	R	K	N	Q	S	T	A	V	L	I	F	Y	W	H	M	C	P
0	0.00543	0.00595	0.11552	0.01710	0.19048	0.03037	0.07628	0.07628	0.01893	0.00845	0.02405	0.11763	0.11434	0.02335	0.05779	0.00114	0.03110	0.08077	0.00182	0.00322
1	0.07856	0.11206	0.03441	0.00652	0.08100	0.23910	0.01289	0.09897	0.10073	0.01551	0.00605	0.07776	0.00539	0.02150	0.02430	0.00092	0.07675	0.00252	0.00171	0.00336
2	0.00737	0.00631	0.00678	0.00658	0.10789	0.09260	0.00468	0.23090	0.22313	0.05060	0.01043	0.01035	0.15326	0.00384	0.00317	0.00085	0.07225	0.00300	0.00226	0.00374
3	0.00578	0.00667	0.12402	0.00760	0.10792	0.06839	0.18205	0.01788	0.16169	0.02174	0.03233	0.17175	0.04657	0.02955	0.00318	0.00093	0.00298	0.00371	0.00189	0.00338
4	0.53708	0.00571	0.00516	0.00448	0.00600	0.05891	0.00369	0.12866	0.00610	0.07993	0.00538	0.00705	0.00441	0.00316	0.00256	0.00086	0.06654	0.06920	0.00191	0.00320
5	0.00357	0.01413	0.01428	0.01788	0.02921	0.00887	0.00257	0.01567	0.01201	0.00736	0.06211	0.11177	0.62049	0.03254	0.02988	0.00105	0.00175	0.01015	0.00233	0.00237
6	0.00432	0.00296	0.00354	0.00334	0.00413	0.00273	0.00248	0.00558	0.05325	0.07729	0.41491	0.06598	0.27314	0.06995	0.00381	0.00099	0.00150	0.00483	0.00268	0.00258
7	0.00509	0.00490	0.07911	0.00474	0.03461	0.00435	0.02554	0.09069	0.19627	0.00967	0.12464	0.04409	0.29913	0.00475	0.00284	0.00086	0.00199	0.00401	0.05956	0.00315
8	0.24745	0.00669	0.00717	0.00711	0.15767	0.09111	0.02202	0.26679	0.04323	0.11758	0.00585	0.00617	0.00429	0.00281	0.00237	0.00080	0.00282	0.00214	0.00208	0.00385
9	0.00323	0.00257	0.00289	0.00305	0.00368	0.00224	0.00219	0.00390	0.00587	0.00739	0.12063	0.28713	0.51824	0.02050	0.00335	0.00096	0.00140	0.00604	0.00249	0.00223
10	0.00641	0.02772	0.41322	0.00687	0.00952	0.07144	0.09400	0.17856	0.00705	0.00964	0.00641	0.12223	0.00556	0.00338	0.00267	0.00084	0.00343	0.00286	0.02453	0.00365
11	0.00428	0.00369	0.00458	0.00446	0.00500	0.06717	0.00348	0.00516	0.00461	0.00625	0.00818	0.01088	0.07455	0.01671	0.71257	0.00356	0.05803	0.00293	0.00148	0.00243
12	0.00650	0.63461	0.01134	0.00526	0.06929	0.05481	0.00440	0.00731	0.00547	0.00647	0.00603	0.10748	0.03872	0.02951	0.00238	0.00072	0.00274	0.00241	0.00137	0.00319
13	0.00652	0.03209	0.00659	0.00538	0.07513	0.07010	0.00395	0.11904	0.00656	0.00942	0.00486	0.00559	0.00396	0.00221	0.00212	0.00050	0.00240	0.00174	0.00166	0.64022
14	0.00817	0.00886	0.00721	0.00770	0.16606	0.47917	0.00507	0.00916	0.02409	0.07009	0.00645	0.00764	0.05055	0.05062	0.05948	0.00106	0.02186	0.00232	0.01123	0.00322
15	0.00580	0.00583	0.00845	0.63149	0.19232	0.09730	0.00727	0.00742	0.00566	0.00710	0.00469	0.00671	0.00364	0.00259	0.00261	0.00084	0.00357	0.00228	0.00122	0.00320
16	0.01746	0.00711	0.00743	0.00684	0.10423	0.09583	0.00496	0.47433	0.14112	0.01992	0.00806	0.00808	0.06797	0.00332	0.00263	0.00080	0.00285	0.00261	0.00234	0.02212
17	0.09135	0.00472	0.00555	0.00439	0.00621	0.02327	0.00358	0.08149	0.02295	0.51905	0.00868	0.00813	0.00584	0.00306	0.00240	0.00075	0.00217	0.00240	0.12883	0.07516
18	0.00528	0.02115	0.00485	0.00454	0.00508	0.18839	0.00335	0.01633	0.00507	0.00619	0.00747	0.07699	0.00780	0.26510	0.27913	0.00238	0.04850	0.04846	0.00158	0.00235
19	0.00334	0.00269	0.00298	0.00311	0.00380	0.00239	0.00225	0.00425	0.03828	0.00751	0.10543	0.25891	0.54191	0.00688	0.00317	0.00094	0.00141	0.00592	0.00251	0.00231
20	0.12907	0.00470	0.00591	0.00529	0.06923	0.00454	0.00393	0.07987	0.02595	0.50081	0.07681	0.00954	0.00746	0.05037	0.00313	0.00091	0.00228	0.01354	0.00273	0.00392
21	0.02245	0.00446	0.00631	0.20962	0.04921	0.02673	0.06744	0.10296	0.00629	0.06464	0.00926	0.21489	0.05773	0.00562	0.07394	0.00115	0.00297	0.00381	0.06751	0.00301
22	0.00389	0.00305	0.00321	0.00315	0.00385	0.03529	0.00228	0.00461	0.00610	0.03272	0.22482	0.09820	0.42985	0.11729	0.00436	0.00109	0.00164	0.00507	0.01724	0.00231

[dist]
# distance from previous block
# <min> <max>
4	9

[block]
# block no. 4 follows, 112 sequences, length 20
# corresponding to MSA columns:
# 144-163
name=unknown_E
#
# <colnr> <probs for GDERKNQSTAVLIFYWHMCP>
#	G	D	E	R	K	N	Q	S	T	A	V	L	I	F	Y	W	H	M	C	P
0	0.00690	0.04837	0.07426	0.05909	0.37912	0.06129	0.09118	0.13530	0.04107	0.00952	0.01965	0.00729	0.03169	0.00275	0.00262	0.00079	0.00323	0.00248	0.01954	0.00386
1	0.00516	0.00481	0.02505	0.00508	0.00580	0.07527	0.06044	0.07618	0.00543	0.00719	0.00851	0.12177	0.06377	0.18484	0.20208	0.00199	0.13876	0.00358	0.00169	0.00260
2	0.00694	0.00615	0.00567	0.00520	0.02527	0.20334	0.00379	0.13933	0.09069	0.05876	0.00713	0.02191	0.00652	0.24903	0.13067	0.00175	0.03017	0.00283	0.00187	0.00298
3	0.00434	0.00346	0.00443	0.00435	0.00490	0.04489	0.00333	0.05034	0.00488	0.00671	0.00761	0.08753	0.00742	0.05646	0.69250	0.00355	0.00608	0.00321	0.00158	0.00245
4	0.00380	0.04520	0.00438	0.02644	0.02296	0.00324	0.04316	0.00492	0.03869	0.00751	0.06662	0.02164	0.62039	0.00634	0.03029	0.00099	0.00189	0.04675	0.00229	0.00250
5	0.00374	0.00302	0.00390	0.00454	0.08267	0.00273	0.00291	0.00455	0.01838	0.00739	0.05120	0.45843	0.25851	0.00661	0.00310	0.00093	0.00165	0.00586	0.00230	0.07757
6	0.01004	0.00463	0.00608	0.00485	0.00662	0.00435	0.02020	0.11946	0.03824	0.59592	0.01001	0.08826	0.00727	0.00446	0.04421	0.00100	0.00250	0.00308	0.02471	0.00411
7	0.00625	0.00507	0.00617	0.00470	0.00681	0.00451	0.04896	0.03889	0.19763	0.05734	0.00650	0.00683	0.00505	0.00246	0.00224	0.00057	0.00215	0.00206	0.02118	0.57463
8	0.00705	0.04057	0.12912	0.03015	0.23216	0.12349	0.08858	0.08578	0.14139	0.02984	0.00673	0.00740	0.03222	0.00285	0.00259	0.00080	0.00326	0.00246	0.02976	0.00380
9	0.29312	0.12158	0.02969	0.03867	0.14568	0.25524	0.01258	0.01715	0.03207	0.00876	0.00437	0.00523	0.00357	0.00286	0.01881	0.00081	0.00330	0.00179	0.00145	0.00327
10	0.00391	0.00304	0.00372	0.00389	0.00435	0.01865	0.02057	0.02681	0.04630	0.01371	0.02194	0.58022	0.14141	0.05441	0.00387	0.00109	0.02191	0.00623	0.02159	0.00237
11	0.00650	0.03808	0.00858	0.02715	0.34435	0.08056	0.08239	0.09971	0.02466	0.00866	0.01870	0.01368	0.01494	0.12230	0.04560	0.00118	0.01441	0.00267	0.04244	0.00344
12	0.00397	0.00336	0.00448	0.02730	0.14849	0.00314	0.01126	0.00500	0.01865	0.00803	0.18179	0.09639	0.42808	0.03311	0.00334	0.00093	0.00176	0.00484	0.01344	0.00263
13	0.66192	0.02545	0.00482	0.00420	0.00569	0.15650	0.01654	0.00792	0.00510	0.01036	0.00466	0.07796	0.00418	0.00297	0.00193	0.00081	0.00252	0.00200	0.00164	0.00286
14	0.00757	0.41580	0.08788	0.00630	0.00854	0.13927	0.13112	0.09233	0.03619	0.02890	0.00472	0.00538	0.00382	0.00254	0.00234	0.00070	0.01965	0.00194	0.00144	0.00356
15	0.04683	0.00375	0.00409	0.00411	0.03628	0.04948	0.00295	0.05053	0.01721	0.00824	0.17490	0.05631	0.30547	0.06001	0.15854	0.00155	0.01081	0.00421	0.00217	0.00255
16	0.00358	0.00287	0.00318	0.00311	0.00389	0.00262	0.00230	0.00484	0.06869	0.00823	0.25734	0.07461	0.49563	0.05290	0.00364	0.00097	0.00144	0.00520	0.00255	0.00240
17	0.00625	0.00683	0.05434	0.26204	0.30654	0.13068	0.07439	0.02123	0.00600	0.00772	0.01500	0.00716	0.01860	0.00387	0.06727	0.00106	0.00385	0.00241	0.00134	0.00344
18	0.00922	0.00738	0.00744	0.04749	0.00830	0.10332	0.00492	0.60861	0.08746	0.03662	0.00690	0.04803	0.00530	0.00337	0.00265	0.00081	0.00299	0.00260	0.00245	0.00413
19	0.30621	0.02036	0.00526	0.00463	0.00592	0.21529	0.00360	0.11984	0.00635	0.00952	0.00726	0.06770	0.07675	0.03740	0.10204	0.00124	0.00330	0.00260	0.00179	0.00293

[dist]
# distance from previous block
# <min> <max>
4	17

[block]
# block no. 5 follows, 112 sequences, length 20
# corresponding to MSA columns:
# 181-200
name=unknown_F
#
# <colnr> <probs for GDERKNQSTAVLIFYWHMCP>
#	G	D	E	R	K	N	Q	S	T	A	V	L	I	F	Y	W	H	M	C	P
0	0.06244	0.01502	0.00966	0.05244	0.32496	0.06398	0.20668	0.05420	0.00629	0.00871	0.02417	0.03923	0.06128	0.01293	0.03385	0.00097	0.00340	0.01473	0.00157	0.00350
1	0.00571	0.07578	0.00557	0.00497	0.03910	0.25302	0.00358	0.00665	0.03460	0.00727	0.08279	0.27860	0.15265	0.00520	0.00281	0.00084	0.00257	0.00435	0.00202	0.03192
2	0.75553	0.00553	0.00449	0.00389	0.00558	0.03979	0.00319	0.07591	0.00544	0.07423	0.00438	0.00480	0.00327	0.00258	0.00181	0.00081	0.00223	0.00160	0.00182	0.00311
3	0.00687	0.00711	0.00672	0.00591	0.00655	0.25854	0.00464	0.08416	0.00586	0.00728	0.00558	0.00796	0.03269	0.11876	0.04402	0.00127	0.35776	0.00247	0.03300	0.00286
4	0.00821	0.00557	0.00646	0.08980	0.00775	0.00602	0.00434	0.44358	0.04953	0.12899	0.02920	0.04404	0.01970	0.12605	0.00415	0.00106	0.00265	0.00295	0.01621	0.00374
5	0.00427	0.00428	0.07402	0.03027	0.17444	0.00359	0.02889	0.00533	0.00556	0.00745	0.01302	0.37296	0.13643	0.02051	0.00330	0.00101	0.00225	0.10761	0.00205	0.00277
6	0.03472	0.00483	0.01842	0.01761	0.03908	0.03467	0.00349	0.03627	0.07166	0.02345	0.00913	0.02565	0.13120	0.03760	0.00279	0.00070	0.00214	0.03643	0.01552	0.45466
7	0.00328	0.00238	0.00305	0.00354	0.00379	0.00221	0.00240	0.00377	0.00517	0.00680	0.03266	0.71913	0.11697	0.05780	0.00390	0.00113	0.00158	0.02589	0.00242	0.00214
8	0.01468	0.06185	0.06186	0.07705	0.12330	0.09110	0.10623	0.18210	0.02841	0.03192	0.04020	0.01860	0.00558	0.03387	0.07139	0.00113	0.03259	0.01286	0.00174	0.00353
9	0.03474	0.04728	0.04641	0.12258	0.12295	0.30605	0.02955	0.00782	0.00598	0.00709	0.00598	0.13437	0.00574	0.00463	0.06206	0.00105	0.04836	0.00283	0.00147	0.00307
10	0.00416	0.00287	0.00318	0.00305	0.00395	0.00250	0.00230	0.00486	0.00599	0.09904	0.05054	0.03146	0.63720	0.07655	0.03865	0.00115	0.00178	0.02589	0.00245	0.00244
11	0.00557	0.00494	0.00541	0.00470	0.04036	0.07269	0.00347	0.04656	0.00590	0.00838	0.00708	0.17589	0.00707	0.01677	0.00256	0.00065	0.00222	0.04327	0.00180	0.54473
12	0.00477	0.00448	0.04770	0.00530	0.09717	0.00419	0.00378	0.02058	0.25198	0.00922	0.17919	0.06283	0.28836	0.00496	0.00293	0.00088	0.00188	0.00425	0.00242	0.00314
13	0.71101	0.02105	0.00476	0.00412	0.00563	0.10466	0.00335	0.02731	0.00499	0.01080	0.00389	0.00467	0.00313	0.00320	0.03276	0.00093	0.04765	0.00157	0.00159	0.00291
14	0.00760	0.07593	0.07560	0.00535	0.00720	0.00683	0.00465	0.38527	0.22064	0.01247	0.03599	0.00874	0.02438	0.03195	0.00289	0.00086	0.00255	0.01497	0.07224	0.00390
15	0.00439	0.00319	0.00378	0.00356	0.00435	0.00293	0.00253	0.04640	0.02043	0.03610	0.05860	0.28397	0.14485	0.20152	0.02677	0.00130	0.00201	0.00476	0.00217	0.14638
16	0.00342	0.00265	0.00281	0.00281	0.00354	0.00232	0.00205	0.00413	0.00589	0.00750	0.11129	0.04692	0.60284	0.09987	0.00411	0.00105	0.00147	0.01953	0.07359	0.00221
17	0.00627	0.00555	0.00662	0.00573	0.00632	0.06315	0.00461	0.16487	0.00590	0.00832	0.00534	0.00773	0.00486	0.07237	0.16472	0.00168	0.40176	0.00250	0.05874	0.00298
18	0.00957	0.01168	0.00757	0.00677	0.00808	0.76146	0.00515	0.07521	0.00759	0.00722	0.00421	0.00496	0.00349	0.00290	0.00289	0.00073	0.07412	0.00180	0.00144	0.00316
19	0.00324	0.00257	0.00291	0.00307	0.00370	0.00224	0.00221	0.00392	0.00592	0.00748	0.13753	0.29376	0.50811	0.00701	0.00320	0.00094	0.00139	0.00606	0.00251	0.00224

[dist]
# distance from previous block
# <min> <max>
1	3

[block]
# block no. 6 follows, 112 sequences, length 20
# corresponding to MSA columns:
# 204-223
name=unknown_G
#
# <colnr> <probs for GDERKNQSTAVLIFYWHMCP>
#	G	D	E	R	K	N	Q	S	T	A	V	L	I	F	Y	W	H	M	C	P
0	0.00599	0.03053	0.04758	0.00624	0.11889	0.05565	0.03840	0.06017	0.03149	0.00886	0.03848	0.02599	0.02648	0.00340	0.04273	0.00076	0.00272	0.00224	0.00166	0.45175
1	0.32932	0.02595	0.02439	0.01964	0.14124	0.16352	0.04664	0.08856	0.01683	0.01954	0.00493	0.00643	0.00411	0.04119	0.02106	0.00095	0.02177	0.01902	0.00162	0.00328
2	0.08393	0.04557	0.10434	0.00958	0.32747	0.08246	0.02689	0.11031	0.06593	0.02086	0.00545	0.00663	0.00441	0.03267	0.02044	0.00091	0.02513	0.00225	0.00160	0.02317
3	0.04683	0.11018	0.03999	0.13670	0.24420	0.12919	0.01361	0.02239	0.01854	0.00791	0.02961	0.06123	0.02966	0.00339	0.02136	0.00083	0.01029	0.00254	0.00149	0.07006
4	0.45712	0.00504	0.00513	0.00448	0.02956	0.00541	0.00352	0.12250	0.00635	0.23155	0.00667	0.00697	0.02909	0.01888	0.05639	0.00105	0.00253	0.00213	0.00218	0.00345
5	0.00669	0.00677	0.01102	0.01285	0.50163	0.06673	0.21948	0.04061	0.04987	0.00890	0.03163	0.00740	0.01879	0.00260	0.00275	0.00081	0.00343	0.00265	0.00150	0.00389
6	0.00337	0.00255	0.00316	0.00340	0.00383	0.00245	0.00239	0.00394	0.00507	0.00657	0.01618	0.35889	0.28408	0.10724	0.18248	0.00181	0.00269	0.00559	0.00215	0.00216
7	0.00677	0.00408	0.00482	0.00424	0.00544	0.00402	0.00328	0.19826	0.03261	0.20090	0.06769	0.25797	0.14891	0.00530	0.00292	0.00089	0.00194	0.00452	0.04216	0.00328
8	0.00508	0.00475	0.00799	0.73505	0.12728	0.00570	0.00714	0.00674	0.00536	0.00699	0.00533	0.06129	0.00445	0.00295	0.00268	0.00088	0.00335	0.00266	0.00127	0.00305
9	0.01097	0.00593	0.00702	0.00538	0.00746	0.00601	0.00445	0.44075	0.00996	0.46120	0.00842	0.00769	0.00553	0.00322	0.00265	0.00081	0.00257	0.00252	0.00296	0.00450
10	0.01046	0.00488	0.00623	0.00472	0.00683	0.00433	0.00388	0.11469	0.00775	0.62395	0.00888	0.00803	0.00581	0.00302	0.00253	0.00074	0.00227	0.00242	0.00288	0.17572
11	0.92578	0.00511	0.00389	0.00348	0.00511	0.00593	0.00286	0.00777	0.00450	0.01186	0.00368	0.00429	0.00286	0.00245	0.00164	0.00082	0.00204	0.00143	0.00164	0.00286
12	0.03695	0.00654	0.00642	0.00547	0.00715	0.11431	0.00433	0.14361	0.45666	0.17597	0.00900	0.00838	0.00652	0.00333	0.00261	0.00084	0.00257	0.00263	0.00260	0.00411
13	0.00475	0.00343	0.00408	0.00381	0.00428	0.01517	0.00270	0.11481	0.00526	0.00726	0.03214	0.01324	0.00819	0.43591	0.28176	0.00269	0.01788	0.00327	0.03705	0.00230
14	0.31948	0.00491	0.00518	0.00429	0.00591	0.00512	0.00345	0.16927	0.00696	0.29053	0.00749	0.06873	0.00586	0.05795	0.00298	0.00093	0.00224	0.00259	0.03258	0.00354
15	0.00560	0.00562	0.02181	0.13851	0.10303	0.01988	0.29653	0.05274	0.01625	0.00824	0.05453	0.04934	0.07638	0.03894	0.03282	0.00107	0.06246	0.01142	0.00162	0.00320
16	0.00323	0.00253	0.00292	0.00314	0.00371	0.00222	0.00223	0.00387	0.00579	0.00734	0.11012	0.37232	0.45681	0.00719	0.00322	0.00096	0.00141	0.00626	0.00250	0.00222
17	0.00385	0.00309	0.00400	0.00476	0.09847	0.00291	0.00302	0.02808	0.02529	0.00776	0.09504	0.40007	0.29035	0.01666	0.00327	0.00097	0.00168	0.00583	0.00237	0.00252
18	0.00604	0.04704	0.19188	0.02786	0.37504	0.00635	0.23531	0.00802	0.00584	0.00825	0.00509	0.00664	0.00407	0.00341	0.05673	0.00102	0.00387	0.00246	0.00127	0.00380
19	0.00615	0.00591	0.01012	0.18318	0.61690	0.00613	0.06044	0.00798	0.03480	0.00841	0.03108	0.00717	0.00479	0.00253	0.00267	0.00081	0.00320	0.00249	0.00138	0.00386

[dist]
# distance from previous block
# <min> <max>
0	3

[block]
# block no. 7 follows, 112 sequences, length 18
# corresponding to MSA columns:
# 227-244
name=unknown_H
#
# <colnr> <probs for GDERKNQSTAVLIFYWHMCP>
#	G	D	E	R	K	N	Q	S	T	A	V	L	I	F	Y	W	H	M	C	P
0	0.00642	0.04223	0.08395	0.02540	0.01514	0.13379	0.00456	0.02413	0.43151	0.00936	0.03069	0.04231	0.07775	0.00372	0.00267	0.00084	0.01024	0.00300	0.04871	0.00358
1	0.00653	0.02965	0.04010	0.05138	0.28118	0.13339	0.00555	0.08705	0.09997	0.00861	0.00761	0.10147	0.03235	0.07179	0.00355	0.00096	0.01008	0.02355	0.00177	0.00345
2	0.15205	0.06797	0.03907	0.03828	0.23369	0.18344	0.00550	0.03409	0.18365	0.00914	0.00574	0.00641	0.00456	0.00310	0.02185	0.00086	0.00318	0.00214	0.00167	0.00362
3	0.00457	0.00401	0.02733	0.00427	0.00486	0.07903	0.00325	0.02580	0.00504	0.02509	0.00969	0.20011	0.06063	0.14544	0.35267	0.00247	0.03031	0.01124	0.00178	0.00241
4	0.04135	0.00400	0.00499	0.00410	0.00555	0.00372	0.00323	0.04428	0.02990	0.49616	0.05659	0.01146	0.04174	0.12860	0.00409	0.00105	0.00212	0.01441	0.09907	0.00360
5	0.00515	0.00471	0.00738	0.17223	0.26045	0.02003	0.05637	0.02986	0.00589	0.00799	0.09831	0.08887	0.08535	0.00587	0.11390	0.00129	0.02811	0.00343	0.00170	0.00312
6	0.00330	0.00264	0.00296	0.00306	0.00377	0.00230	0.00227	0.00406	0.00612	0.00769	0.16739	0.16545	0.56227	0.00676	0.00319	0.00093	0.00141	0.04963	0.00253	0.00227
7	0.00576	0.00631	0.08858	0.29776	0.31840	0.00605	0.10402	0.00801	0.07106	0.00824	0.04656	0.00754	0.00513	0.00270	0.00276	0.00085	0.01268	0.00256	0.00143	0.00360
8	0.00325	0.00235	0.00307	0.00364	0.00387	0.00218	0.00248	0.00375	0.00517	0.00681	0.01549	0.81059	0.08417	0.00813	0.00336	0.00106	0.00155	0.03448	0.00245	0.00216
9	0.00772	0.00738	0.00756	0.04721	0.16698	0.20546	0.00514	0.22083	0.00772	0.01000	0.00521	0.00632	0.00422	0.00264	0.00241	0.00066	0.00311	0.02096	0.00174	0.26672
10	0.00973	0.00760	0.00773	0.00607	0.00808	0.06744	0.00496	0.74737	0.08878	0.01549	0.00658	0.00655	0.00474	0.00318	0.00263	0.00079	0.00296	0.00239	0.00256	0.00437
11	0.79455	0.00528	0.00486	0.00530	0.13152	0.00598	0.00361	0.00782	0.00472	0.01140	0.00386	0.00461	0.00305	0.00244	0.00178	0.00081	0.00220	0.00156	0.00159	0.00305
12	0.00593	0.00923	0.37290	0.06950	0.20825	0.02540	0.16305	0.00828	0.02503	0.03267	0.00567	0.05186	0.00457	0.00278	0.00270	0.00085	0.00362	0.00259	0.00137	0.00376
13	0.00516	0.00571	0.07560	0.00734	0.10511	0.04796	0.19526	0.01605	0.03373	0.00761	0.01014	0.11496	0.15165	0.02431	0.12261	0.00138	0.06702	0.00370	0.00169	0.00303
14	0.00539	0.00508	0.00845	0.38811	0.33157	0.00556	0.03848	0.00709	0.02928	0.00762	0.00726	0.02424	0.08483	0.00376	0.04141	0.00100	0.00330	0.00280	0.00142	0.00334
15	0.00462	0.00340	0.00511	0.03030	0.17736	0.00349	0.00382	0.00511	0.00480	0.02804	0.00855	0.26536	0.00916	0.09932	0.11689	0.16513	0.02771	0.01838	0.02098	0.00245
16	0.00380	0.00274	0.00321	0.00319	0.00367	0.00259	0.00222	0.00436	0.00549	0.02855	0.17486	0.10157	0.29252	0.29865	0.00664	0.00146	0.02374	0.03636	0.00225	0.00215
17	0.00703	0.11866	0.00738	0.00519	0.02030	0.06655	0.02339	0.26261	0.00758	0.01021	0.00642	0.13464	0.00593	0.00337	0.00251	0.00068	0.01790	0.00271	0.00192	0.29502

[dist]
# distance from previous block
# <min> <max>
0	1

[block]
# block no. 8 follows, 112 sequences, length 48
# corresponding to MSA columns:
# 246-293
name=unknown_I
#
# <colnr> <probs for GDERKNQSTAVLIFYWHMCP>
#	G	D	E	R	K	N	Q	S	T	A	V	L	I	F	Y	W	H	M	C	P
0	0.07004	0.00360	0.00433	0.00466	0.08178	0.00345	0.00314	0.07243	0.00624	0.07571	0.03074	0.27443	0.29506	0.00569	0.00290	0.00089	0.00180	0.00488	0.03104	0.02720
1	0.00665	0.08306	0.07684	0.01694	0.26567	0.13166	0.04858	0.04241	0.15741	0.00859	0.00709	0.09890	0.00636	0.00343	0.00265	0.00083	0.00309	0.03448	0.00173	0.00364
2	0.10580	0.00495	0.00528	0.00448	0.00587	0.03288	0.03944	0.15273	0.20748	0.07439	0.00806	0.00835	0.00604	0.00311	0.00227	0.00076	0.00211	0.00248	0.33009	0.00344
3	0.00473	0.00395	0.00567	0.02776	0.07712	0.00410	0.07719	0.06530	0.06406	0.00779	0.01965	0.12638	0.14944	0.11642	0.20386	0.00186	0.01887	0.02119	0.00191	0.00276
4	0.01169	0.00446	0.00608	0.00467	0.00669	0.00386	0.00386	0.01272	0.00756	0.87389	0.02892	0.00922	0.00693	0.00332	0.00267	0.00082	0.00223	0.00270	0.00326	0.00446
5	0.00669	0.00558	0.00583	0.00516	0.00662	0.02745	0.00403	0.09335	0.64680	0.03071	0.08841	0.01097	0.04903	0.00382	0.00273	0.00087	0.00213	0.00317	0.00268	0.00396
6	0.00491	0.00485	0.00433	0.00454	0.04124	0.18025	0.00315	0.02009	0.02784	0.00725	0.05217	0.26351	0.29791	0.04859	0.01810	0.00103	0.00235	0.01321	0.00216	0.00252
7	0.92578	0.00511	0.00389	0.00348	0.00511	0.00593	0.00286	0.00777	0.00450	0.01186	0.00368	0.00429	0.00286	0.00245	0.00164	0.00082	0.00204	0.00143	0.00164	0.00286
8	0.00467	0.00388	0.03392	0.13511	0.04141	0.00360	0.00371	0.03813	0.03890	0.06251	0.23647	0.01764	0.35983	0.00502	0.00295	0.00086	0.00193	0.00427	0.00236	0.00283
9	0.00495	0.00480	0.00425	0.00401	0.00480	0.19389	0.00299	0.00597	0.00718	0.00910	0.54953	0.06268	0.12547	0.00514	0.00297	0.00082	0.00203	0.00436	0.00250	0.00257
10	0.08229	0.00701	0.00741	0.00578	0.00777	0.00777	0.00475	0.77644	0.01150	0.01587	0.00647	0.04318	0.00490	0.00333	0.00259	0.00081	0.00278	0.00252	0.00256	0.00427
11	0.04732	0.01182	0.00742	0.00695	0.03715	0.79709	0.00510	0.01039	0.02903	0.00687	0.00426	0.00495	0.00352	0.00275	0.00245	0.00070	0.01596	0.00175	0.00140	0.00312
12	0.00572	0.02837	0.20483	0.06967	0.00811	0.04177	0.02627	0.09146	0.09087	0.01879	0.05124	0.03855	0.10421	0.05478	0.00334	0.00090	0.01546	0.02757	0.00185	0.11622
13	0.01445	0.12331	0.10673	0.00624	0.06808	0.26708	0.01549	0.02958	0.04230	0.02019	0.00685	0.14322	0.00670	0.06960	0.05067	0.00110	0.00352	0.02018	0.00162	0.00309
14	0.00725	0.01531	0.00793	0.01384	0.06184	0.15276	0.05129	0.18179	0.02234	0.02349	0.00537	0.02577	0.01145	0.04308	0.03933	0.01178	0.31796	0.00250	0.00163	0.00329
15	0.00624	0.04541	0.00810	0.21144	0.31964	0.12382	0.00601	0.04170	0.00596	0.00764	0.00586	0.04516	0.00540	0.11424	0.00392	0.00102	0.00323	0.01986	0.02211	0.00326
16	0.00432	0.00337	0.00448	0.00552	0.14826	0.01402	0.00319	0.02645	0.01179	0.00670	0.01033	0.29405	0.03849	0.36808	0.02869	0.00168	0.00243	0.02390	0.00189	0.00236
17	0.00537	0.00540	0.04951	0.07462	0.04459	0.08756	0.00416	0.03328	0.24531	0.00869	0.06931	0.06799	0.24471	0.01313	0.01664	0.00094	0.00241	0.02103	0.00221	0.00314
18	0.00632	0.00616	0.01920	0.05357	0.47887	0.09741	0.01975	0.03137	0.02880	0.01665	0.13402	0.00933	0.03688	0.02547	0.00294	0.00083	0.00293	0.00280	0.01468	0.01202
19	0.00393	0.00313	0.00402	0.02385	0.06631	0.01061	0.00309	0.03381	0.04183	0.00754	0.04020	0.51663	0.18150	0.00745	0.04216	0.00113	0.00198	0.00599	0.00232	0.00251
20	0.45208	0.00565	0.01460	0.02675	0.26535	0.01504	0.03134	0.05583	0.03045	0.02243	0.00471	0.00573	0.00375	0.00321	0.03037	0.02304	0.00273	0.00196	0.00160	0.00338
21	0.00629	0.00596	0.01010	0.01517	0.81244	0.00595	0.00769	0.00780	0.00598	0.00852	0.00580	0.04982	0.00527	0.00284	0.00270	0.00082	0.00304	0.03842	0.00141	0.00402
22	0.01186	0.00450	0.00613	0.00470	0.00675	0.00389	0.00389	0.01288	0.00757	0.89245	0.01043	0.00900	0.00654	0.00327	0.00266	0.00082	0.00225	0.00266	0.00327	0.00450
23	0.92578	0.00511	0.00389	0.00348	0.00511	0.00593	0.00286	0.00777	0.00450	0.01186	0.00368	0.00429	0.00286	0.00245	0.00164	0.00082	0.00204	0.00143	0.00164	0.00286
24	0.00528	0.03340	0.00947	0.45382	0.05456	0.00589	0.22225	0.00712	0.03054	0.00740	0.00757	0.00916	0.10818	0.00308	0.00297	0.00088	0.03098	0.00291	0.00141	0.00311
25	0.00986	0.00829	0.00736	0.00598	0.00782	0.25199	0.00478	0.49957	0.01931	0.10920	0.00711	0.00707	0.04307	0.00322	0.00260	0.00077	0.00327	0.00237	0.00235	0.00400
26	0.00494	0.00460	0.00769	0.85848	0.01748	0.00572	0.00707	0.00662	0.00522	0.00668	0.00487	0.00753	0.00381	0.04522	0.00315	0.00096	0.00348	0.00242	0.00119	0.00287
27	0.00508	0.00355	0.00396	0.00389	0.00406	0.10259	0.00267	0.00434	0.00404	0.00502	0.00536	0.06881	0.00554	0.05056	0.00908	0.69190	0.02412	0.00266	0.00128	0.00149
28	0.00398	0.00335	0.00432	0.02864	0.11137	0.04486	0.00337	0.00465	0.00538	0.00705	0.02800	0.67581	0.05502	0.00704	0.00320	0.00100	0.00192	0.00635	0.00224	0.00247
29	0.47760	0.00830	0.00569	0.00506	0.00659	0.36549	0.00397	0.06648	0.00622	0.00989	0.00402	0.00465	0.00320	0.00265	0.00214	0.00077	0.02102	0.00162	0.00158	0.00305
30	0.00527	0.00482	0.00759	0.31687	0.28493	0.01370	0.00611	0.00649	0.00544	0.00735	0.05733	0.00966	0.07892	0.05596	0.00424	0.04954	0.07843	0.00283	0.00145	0.00307
31	0.00513	0.00484	0.00818	0.82171	0.09617	0.00591	0.00741	0.00687	0.00535	0.00692	0.00472	0.00700	0.00358	0.00262	0.00264	0.00087	0.00349	0.00235	0.00119	0.00305
32	0.00577	0.00487	0.00563	0.00405	0.00638	0.00381	0.00325	0.06106	0.00591	0.00911	0.00480	0.00553	0.00395	0.00203	0.00200	0.00042	0.00202	0.00162	0.00163	0.86615
33	0.00662	0.00571	0.00644	0.05621	0.07434	0.04491	0.00457	0.19821	0.29060	0.01065	0.05911	0.01104	0.13796	0.00414	0.01350	0.00091	0.06602	0.00315	0.00229	0.00364
34	0.00374	0.00270	0.00353	0.00333	0.00395	0.00249	0.00249	0.00499	0.00748	0.01060	0.88922	0.01974	0.02494	0.00540	0.00312	0.00083	0.00125	0.00478	0.00291	0.00249
35	0.00499	0.00470	0.00793	0.90075	0.01821	0.00587	0.00734	0.00675	0.00529	0.00675	0.00470	0.00705	0.00352	0.00264	0.00264	0.00088	0.00352	0.00235	0.00117	0.00294
36	0.92578	0.00511	0.00389	0.00348	0.00511	0.00593	0.00286	0.00777	0.00450	0.01186	0.00368	0.00429	0.00286	0.00245	0.00164	0.00082	0.00204	0.00143	0.00164	0.00286
37	0.00372	0.00270	0.00350	0.00330	0.00393	0.00248	0.00248	0.00494	0.00743	0.01047	0.85682	0.01996	0.05742	0.00545	0.00312	0.00083	0.00125	0.00481	0.00289	0.00248
38	0.01186	0.00450	0.00613	0.00470	0.00675	0.00389	0.00389	0.01288	0.00757	0.89245	0.01043	0.00900	0.00654	0.00327	0.00266	0.00082	0.00225	0.00266	0.00327	0.00450
39	0.00453	0.00343	0.00503	0.00622	0.11123	0.00343	0.00472	0.00579	0.00608	0.00800	0.01292	0.02704	0.01390	0.00671	0.00353	0.00117	0.00252	0.76882	0.00230	0.00264
40	0.00987	0.01260	0.00749	0.00681	0.00817	0.89649	0.00511	0.01055	0.00749	0.00647	0.00409	0.00477	0.00340	0.00272	0.00238	0.00068	0.00477	0.00170	0.00136	0.00306
41	0.00543	0.00464	0.00542	0.00390	0.00619	0.00349	0.00311	0.00660	0.00554	0.00868	0.03230	0.00593	0.00457	0.00207	0.00199	0.00041	0.00194	0.00167	0.00161	0.89454
42	0.00341	0.00269	0.00307	0.00298	0.00374	0.00235	0.00223	0.00434	0.00669	0.00873	0.42298	0.02282	0.49234	0.00610	0.00312	0.00086	0.00130	0.00521	0.00266	0.00235
43	0.00707	0.90870	0.01385	0.00452	0.00678	0.01046	0.00452	0.00791	0.00537	0.00622	0.00367	0.00424	0.00339	0.00226	0.00170	0.00057	0.00283	0.00141	0.00113	0.00339
44	0.00578	0.00578	0.00810	0.00694	0.00694	0.00810	0.00578	0.00636	0.00405	0.00636	0.00347	0.00578	0.00347	0.00463	0.00867	0.00116	0.90227	0.00231	0.00116	0.00289
45	0.00548	0.00470	0.00548	0.00392	0.00626	0.00352	0.00313	0.00666	0.00548	0.00861	0.00470	0.00548	0.00392	0.00196	0.00196	0.00039	0.00196	0.00157	0.00157	0.92326
46	0.00609	0.00629	0.00805	0.00693	0.00703	0.07371	0.00573	0.00667	0.00430	0.00637	0.00352	0.00571	0.00347	0.00449	0.00821	0.00112	0.83598	0.00227	0.00117	0.00290
47	0.92578	0.00511	0.00389	0.00348	0.00511	0.00593	0.00286	0.00777	0.00450	0.01186	0.00368	0.00429	0.00286	0.00245	0.00164	0.00082	0.00204	0.00143	0.00164	0.00286

[dist]
# distance from previous block
# <min> <max>
9	12

[block]
# block no. 9 follows, 112 sequences, length 10
# corresponding to MSA columns:
# 306-315
name=unknown_J
#
# <colnr> <probs for GDERKNQSTAVLIFYWHMCP>
#	G	D	E	R	K	N	Q	S	T	A	V	L	I	F	Y	W	H	M	C	P
0	0.00440	0.00342	0.00498	0.13076	0.08924	0.00351	0.00389	0.01919	0.00652	0.02082	0.45829	0.05842	0.01644	0.04272	0.07325	0.00120	0.00238	0.05558	0.00230	0.00271
1	0.00755	0.00616	0.00652	0.00558	0.00724	0.00703	0.00442	0.25675	0.64156	0.01262	0.00952	0.00888	0.00707	0.00347	0.00268	0.00087	0.00232	0.00282	0.00268	0.00427
2	0.00543	0.00466	0.00561	0.00446	0.04609	0.00359	0.00333	0.00659	0.00549	0.00853	0.00515	0.04547	0.00453	0.00226	0.00205	0.00044	0.00199	0.00187	0.00159	0.84088
3	0.00480	0.00292	0.00486	0.00477	0.04927	0.00287	0.07896	0.00412	0.00386	0.00519	0.00495	0.03237	0.00487	0.00821	0.00912	0.77110	0.00251	0.00251	0.00121	0.00154
4	0.86085	0.00500	0.00391	0.00348	0.00510	0.00573	0.00286	0.00789	0.00464	0.04295	0.00409	0.00466	0.00313	0.00250	0.00168	0.00081	0.00202	0.00151	0.03426	0.00291
5	0.00606	0.00560	0.00913	0.08333	0.65006	0.02265	0.00695	0.00726	0.00565	0.00786	0.00573	0.02616	0.02652	0.03007	0.00373	0.09269	0.00302	0.00257	0.00134	0.00360
6	0.00521	0.00442	0.00514	0.00414	0.00576	0.02195	0.03798	0.09378	0.02855	0.00890	0.04699	0.08382	0.22476	0.03010	0.00288	0.00073	0.00202	0.00341	0.00203	0.38744
7	0.00766	0.00680	0.00648	0.00599	0.04093	0.15319	0.00449	0.03855	0.60928	0.08306	0.00928	0.00872	0.00692	0.00336	0.00263	0.00085	0.00261	0.00271	0.00246	0.00403
8	0.00639	0.00601	0.01001	0.07007	0.66512	0.00615	0.04667	0.04292	0.04970	0.00882	0.00568	0.03575	0.00483	0.00312	0.02659	0.00090	0.00322	0.00260	0.00146	0.00398
9	0.44689	0.00610	0.00595	0.09926	0.15687	0.12513	0.00447	0.02890	0.00546	0.00966	0.00528	0.00656	0.03930	0.04718	0.00267	0.00089	0.00277	0.00203	0.00155	0.00307

[dist]
# distance from previous block
# <min> <max>
0	41

# created by:
# /share/home/app/bin/augustus-3.3.1/scripts/msa2prfl.pl /dev/shm/tmp/ogap_db/mt-Sar/msas/rpl2.aln --setname=rpl2
