[name]
rpl31

[dist]
# distance from previous block
# <min> <max>
1	3

[block]
# block no. 0 follows, 43 sequences, length 35
# corresponding to MSA columns:
# 3-37
name=unknown_A
#
# <colnr> <probs for GDERKNQSTAVLIFYWHMCP>
#	G	D	E	R	K	N	Q	S	T	A	V	L	I	F	Y	W	H	M	C	P
0	0.05794	0.01214	0.02055	0.25782	0.46781	0.01291	0.05871	0.01615	0.01201	0.01727	0.01015	0.01384	0.00819	0.00511	0.00545	0.00172	0.00685	0.00492	0.00270	0.00776
1	0.01195	0.00898	0.01044	0.01011	0.05173	0.00922	0.00716	0.24968	0.01599	0.02108	0.05115	0.22209	0.18694	0.08026	0.00865	0.02940	0.00446	0.00958	0.00493	0.00622
2	0.01202	0.01045	0.01510	0.01796	0.27056	0.04366	0.07197	0.01517	0.05246	0.07166	0.02671	0.07018	0.23380	0.00978	0.03060	0.00199	0.00558	0.00774	0.02568	0.00695
3	0.01017	0.00846	0.00899	0.00896	0.03403	0.07395	0.00643	0.01378	0.10143	0.05026	0.33951	0.14224	0.15763	0.01129	0.00630	0.00182	0.00379	0.00975	0.00540	0.00584
4	0.01410	0.01415	0.02288	0.03186	0.66182	0.06270	0.07650	0.01739	0.01285	0.01777	0.01036	0.01357	0.00864	0.00496	0.00554	0.00165	0.00702	0.00498	0.00275	0.00852
5	0.01663	0.01176	0.01632	0.15668	0.04478	0.01256	0.08579	0.25922	0.04660	0.15501	0.01465	0.01739	0.01111	0.07496	0.04940	0.00243	0.00678	0.00559	0.00452	0.00782
6	0.01407	0.01391	0.02232	0.03272	0.71560	0.05461	0.03115	0.01729	0.01279	0.01784	0.01033	0.01353	0.00868	0.00497	0.00548	0.00164	0.00682	0.00489	0.00275	0.00862
7	0.00908	0.00731	0.00871	0.00943	0.03471	0.00761	0.00653	0.01461	0.23798	0.01708	0.03009	0.46254	0.10518	0.01363	0.00653	0.00208	0.00363	0.01210	0.00521	0.00595
8	0.00755	0.00516	0.00619	0.00669	0.00681	0.00503	0.00405	0.00792	0.00904	0.01206	0.02252	0.33278	0.02652	0.50011	0.02001	0.00416	0.00453	0.01103	0.00405	0.00380
9	0.79985	0.01064	0.00840	0.00742	0.01090	0.01219	0.00611	0.01686	0.00978	0.06568	0.00848	0.00953	0.00642	0.00523	0.00354	0.00171	0.00431	0.00314	0.00361	0.00618
10	0.01935	0.01908	0.01550	0.01308	0.01640	0.33689	0.01031	0.34359	0.03996	0.02318	0.01151	0.01277	0.00896	0.00922	0.06921	0.00218	0.03251	0.00450	0.00411	0.00768
11	0.00729	0.00572	0.00664	0.00682	0.00825	0.00518	0.00506	0.00946	0.03908	0.01698	0.22705	0.20304	0.37349	0.01387	0.00668	0.00195	0.00302	0.05007	0.00540	0.00494
12	0.00680	0.00484	0.00641	0.00765	0.00796	0.00453	0.00507	0.00772	0.01051	0.01401	0.03003	0.77274	0.03600	0.04721	0.00787	0.00237	0.00329	0.01545	0.00507	0.00446
13	0.02105	0.01551	0.01662	0.01274	0.01717	0.01717	0.01053	0.75235	0.02604	0.03490	0.01330	0.01330	0.00942	0.00665	0.00554	0.00166	0.00609	0.00499	0.00554	0.00942
14	0.01553	0.71206	0.02738	0.01007	0.01457	0.11595	0.00963	0.01727	0.01180	0.01309	0.00781	0.00902	0.00711	0.00486	0.00373	0.00121	0.00642	0.00304	0.00243	0.00702
15	0.84448	0.01071	0.00814	0.00728	0.01071	0.01242	0.00600	0.01628	0.00943	0.02485	0.00771	0.00900	0.00600	0.00514	0.00343	0.00171	0.00428	0.00300	0.00343	0.00600
16	0.02105	0.01551	0.01662	0.01274	0.01717	0.01717	0.01053	0.75235	0.02604	0.03490	0.01330	0.01330	0.00942	0.00665	0.00554	0.00166	0.00609	0.00499	0.00554	0.00942
17	0.00894	0.00613	0.00699	0.00686	0.00728	0.00622	0.00424	0.07028	0.00996	0.01329	0.01915	0.15411	0.02182	0.61523	0.02299	0.00457	0.00509	0.00900	0.00382	0.00404
18	0.01453	0.01482	0.01435	0.16198	0.05216	0.23272	0.01071	0.09757	0.03785	0.01735	0.03925	0.01785	0.07790	0.00802	0.02279	0.00188	0.10951	0.00538	0.05686	0.00653
19	0.00805	0.00537	0.00604	0.00604	0.00604	0.00537	0.00336	0.00805	0.00805	0.01074	0.01745	0.03624	0.02013	0.80536	0.02819	0.00537	0.00537	0.00805	0.00336	0.00336
20	0.00999	0.00595	0.00789	0.03326	0.01009	0.00557	0.00611	0.01166	0.01234	0.12655	0.11496	0.42205	0.07952	0.01377	0.00658	0.00205	0.00359	0.07248	0.05013	0.00545
21	0.00945	0.04146	0.11490	0.02355	0.01288	0.02446	0.02784	0.01303	0.06532	0.01598	0.06635	0.10165	0.11100	0.01920	0.23863	0.00391	0.00791	0.02811	0.03947	0.03491
22	0.03609	0.08101	0.09639	0.00899	0.01095	0.03121	0.00756	0.01104	0.01133	0.03690	0.06462	0.52707	0.02891	0.01346	0.00629	0.00201	0.00427	0.01188	0.00455	0.00544
23	0.05045	0.18952	0.01575	0.00908	0.01369	0.03635	0.00769	0.05306	0.05266	0.04132	0.01045	0.01155	0.00852	0.00474	0.00418	0.00109	0.00484	0.00352	0.00342	0.47812
24	0.13342	0.10641	0.04132	0.01202	0.01608	0.14170	0.01018	0.40144	0.01937	0.02632	0.01082	0.01158	0.00817	0.00612	0.00533	0.00160	0.03159	0.00422	0.00425	0.00805
25	0.00985	0.00765	0.00986	0.00904	0.01029	0.00868	0.00705	0.05060	0.01112	0.04851	0.04873	0.02949	0.20570	0.10564	0.25626	0.00455	0.16026	0.00748	0.00387	0.00537
26	0.01096	0.01021	0.05231	0.00999	0.01175	0.06718	0.05038	0.11133	0.01233	0.01616	0.01848	0.23087	0.01987	0.25164	0.08198	0.00359	0.02281	0.00879	0.00395	0.00542
27	0.01581	0.01204	0.01351	0.01063	0.01451	0.01227	0.00856	0.40592	0.01893	0.02620	0.01413	0.09086	0.01211	0.00989	0.07036	0.00208	0.00597	0.00563	0.00464	0.24593
28	0.01337	0.01647	0.15795	0.02204	0.18704	0.01358	0.32001	0.07641	0.07625	0.01949	0.01248	0.03691	0.00984	0.00559	0.00594	0.00179	0.00769	0.00587	0.00323	0.00806
29	0.01076	0.01034	0.05626	0.10691	0.29504	0.00966	0.04453	0.01340	0.02272	0.01619	0.04037	0.21518	0.01736	0.00965	0.00726	0.07188	0.00558	0.00788	0.03249	0.00653
30	0.01143	0.07277	0.25209	0.01046	0.01428	0.01072	0.01051	0.12783	0.01312	0.01800	0.07862	0.02430	0.05683	0.26119	0.01266	0.00285	0.00604	0.00632	0.00363	0.00632
31	0.00932	0.00790	0.01236	0.01743	0.29005	0.00770	0.00952	0.01114	0.01135	0.01560	0.02309	0.51039	0.02633	0.01276	0.00648	0.00203	0.00446	0.01175	0.00425	0.00608
32	0.04911	0.01915	0.01432	0.01323	0.04887	0.40413	0.00977	0.13482	0.11200	0.01900	0.01598	0.01642	0.08587	0.00683	0.00526	0.00157	0.00743	0.00499	0.00389	0.02735
33	0.01070	0.00732	0.00892	0.07315	0.01195	0.00745	0.00668	0.08725	0.01325	0.05961	0.05961	0.02970	0.21008	0.01509	0.14606	0.00296	0.00585	0.02713	0.18240	0.03483
34	0.01449	0.01425	0.01889	0.02533	0.47181	0.09775	0.01395	0.02111	0.22697	0.01905	0.01368	0.01529	0.01092	0.00576	0.00547	0.00169	0.00632	0.00516	0.00358	0.00851

[dist]
# distance from previous block
# <min> <max>
0	1

[block]
# block no. 1 follows, 43 sequences, length 29
# corresponding to MSA columns:
# 39-67
name=unknown_B
#
# <colnr> <probs for GDERKNQSTAVLIFYWHMCP>
#	G	D	E	R	K	N	Q	S	T	A	V	L	I	F	Y	W	H	M	C	P
0	0.00681	0.00500	0.00639	0.00736	0.00798	0.00458	0.00502	0.00797	0.01130	0.01491	0.09460	0.63569	0.13927	0.01640	0.00695	0.00216	0.00311	0.01471	0.00522	0.00458
1	0.01481	0.80869	0.02902	0.00948	0.01421	0.02191	0.00948	0.01658	0.01125	0.01303	0.00770	0.00888	0.00711	0.00474	0.00355	0.00118	0.00592	0.00296	0.00237	0.00711
2	0.00801	0.00618	0.00706	0.00733	0.00871	0.02465	0.00521	0.00933	0.01172	0.03811	0.05704	0.44446	0.25450	0.01446	0.00655	0.00196	0.00336	0.01271	0.00501	0.07364
3	0.01626	0.06988	0.01328	0.01108	0.01360	0.33333	0.00846	0.05519	0.02943	0.10884	0.03975	0.21909	0.04042	0.00930	0.00564	0.00170	0.00656	0.00749	0.00426	0.00645
4	0.02072	0.02547	0.01577	0.01414	0.01713	0.71817	0.01069	0.08404	0.01657	0.01536	0.00896	0.01027	0.00733	0.00579	0.00504	0.00145	0.00966	0.00369	0.00308	0.00667
5	0.01212	0.01212	0.01696	0.01454	0.01454	0.01696	0.01212	0.01333	0.00848	0.01333	0.00727	0.01212	0.00727	0.00969	0.01818	0.00242	0.79523	0.00485	0.00242	0.00606
6	0.01178	0.00938	0.01101	0.00849	0.01191	0.00824	0.02215	0.11097	0.01245	0.01813	0.01259	0.01914	0.01191	0.24197	0.01149	0.00230	0.00486	0.00499	0.00359	0.46265
7	0.01054	0.00628	0.00814	0.00732	0.00917	0.00566	0.00562	0.01296	0.01543	0.14598	0.58114	0.03871	0.10969	0.01082	0.00637	0.00175	0.00298	0.00943	0.00614	0.00587
8	0.00962	0.00481	0.00722	0.00722	0.00722	0.00481	0.00481	0.00722	0.00722	0.00962	0.00962	0.01684	0.00962	0.01924	0.02165	0.83886	0.00481	0.00481	0.00241	0.00241
9	0.01476	0.01168	0.01255	0.01114	0.01438	0.01327	0.00871	0.02921	0.69445	0.09010	0.02248	0.02050	0.01662	0.00746	0.00563	0.00186	0.00441	0.00620	0.00574	0.00882
10	0.84448	0.01071	0.00814	0.00728	0.01071	0.01242	0.00600	0.01628	0.00943	0.02485	0.00771	0.00900	0.00600	0.00514	0.00343	0.00171	0.00428	0.00300	0.00343	0.00600
11	0.01351	0.01308	0.02269	0.07209	0.69630	0.01316	0.05369	0.01689	0.01256	0.01787	0.01043	0.01382	0.00868	0.00495	0.00554	0.00167	0.00676	0.00501	0.00273	0.00857
12	0.25307	0.01010	0.01415	0.56377	0.03016	0.01234	0.01265	0.01477	0.01059	0.01726	0.00922	0.01309	0.00698	0.00542	0.00492	0.00181	0.00648	0.00436	0.00274	0.00611
13	0.01458	0.01003	0.01243	0.00943	0.01367	0.00866	0.03096	0.08829	0.04457	0.16151	0.08118	0.04193	0.01456	0.00609	0.00497	0.00127	0.00443	0.00511	0.00456	0.44179
14	0.01392	0.01337	0.02152	0.03173	0.69603	0.03806	0.01616	0.03776	0.01321	0.01858	0.03911	0.01462	0.01038	0.00525	0.00551	0.00164	0.00653	0.00508	0.00295	0.00858
15	0.01167	0.06518	0.71064	0.01543	0.02323	0.04460	0.01955	0.01768	0.01183	0.01717	0.00978	0.01149	0.00702	0.00526	0.00517	0.00171	0.00815	0.00402	0.00236	0.00806
16	0.01307	0.01494	0.03268	0.02334	0.02894	0.01401	0.75070	0.01774	0.01307	0.01774	0.01120	0.01494	0.00840	0.00467	0.00654	0.00187	0.00934	0.00654	0.00280	0.00747
17	0.01401	0.01201	0.01266	0.01132	0.01449	0.01389	0.00882	0.05290	0.73695	0.02355	0.02224	0.02042	0.01666	0.00749	0.00563	0.00187	0.00444	0.00622	0.00563	0.00879
18	0.01144	0.09813	0.71007	0.01522	0.02310	0.01367	0.01948	0.01745	0.01165	0.01714	0.00974	0.01144	0.00702	0.00522	0.00511	0.00170	0.00798	0.00399	0.00234	0.00809
19	0.00661	0.00561	0.00570	0.00568	0.00752	0.00470	0.00426	0.00808	0.01278	0.01533	0.09237	0.05269	0.73207	0.01389	0.00654	0.00186	0.00280	0.01160	0.00519	0.00470
20	0.01829	0.01333	0.01443	0.01169	0.01546	0.01474	0.00940	0.41814	0.26798	0.08812	0.01724	0.01733	0.01278	0.04698	0.00671	0.00192	0.00538	0.00561	0.00557	0.00890
21	0.01524	0.01100	0.01191	0.01039	0.01302	0.04764	0.00802	0.34157	0.01819	0.08467	0.02172	0.33159	0.03897	0.01110	0.00616	0.00190	0.00493	0.00945	0.00535	0.00718
22	0.00805	0.00537	0.00604	0.00604	0.00604	0.00537	0.00336	0.00805	0.00805	0.01074	0.01745	0.03624	0.02013	0.80536	0.02819	0.00537	0.00537	0.00805	0.00336	0.00336
23	0.00729	0.00564	0.00664	0.00639	0.00794	0.00499	0.00479	0.00938	0.01437	0.01911	0.46399	0.04646	0.35809	0.01248	0.00654	0.00180	0.00269	0.01073	0.00569	0.00499
24	0.37379	0.15888	0.06487	0.00894	0.01241	0.08316	0.00794	0.01584	0.01158	0.03605	0.11629	0.06259	0.01491	0.00678	0.00442	0.00163	0.00508	0.00494	0.00366	0.00626
25	0.01166	0.01107	0.01878	0.51233	0.30850	0.01262	0.01598	0.01520	0.01164	0.01561	0.01006	0.01438	0.00790	0.00531	0.00552	0.00177	0.00709	0.00493	0.00256	0.00712
26	0.00773	0.00527	0.00610	0.00636	0.00650	0.00516	0.00375	0.00798	0.00876	0.01160	0.02167	0.19227	0.05390	0.61330	0.02302	0.00459	0.00483	0.00976	0.00379	0.00364
27	0.02974	0.01638	0.01437	0.08421	0.10401	0.31560	0.01094	0.01964	0.14258	0.01658	0.01631	0.02352	0.03206	0.00790	0.00572	0.00179	0.00721	0.14090	0.00377	0.00678
28	0.01418	0.01324	0.02183	0.05687	0.68761	0.01345	0.01643	0.07494	0.01362	0.01929	0.01063	0.01371	0.00878	0.00509	0.00549	0.00165	0.00657	0.00494	0.00295	0.00874

[dist]
# distance from previous block
# <min> <max>
0	4

# created by:
# /share/home/app/bin/augustus-3.3.1/scripts/msa2prfl.pl /dev/shm/tmp/ogap_db/mt-Sar/msas/rpl31.aln --setname=rpl31
