[name]
rpl5

[dist]
# distance from previous block
# <min> <max>
0	3

[block]
# block no. 0 follows, 92 sequences, length 38
# corresponding to MSA columns:
# 3-40
name=unknown_A
#
# <colnr> <probs for GDERKNQSTAVLIFYWHMCP>
#	G	D	E	R	K	N	Q	S	T	A	V	L	I	F	Y	W	H	M	C	P
0	0.00585	0.00524	0.06632	0.03450	0.02078	0.01645	0.01259	0.06716	0.04286	0.01029	0.04145	0.02798	0.01516	0.00724	0.00398	0.00131	0.00308	0.61173	0.00271	0.00332
1	0.00775	0.01868	0.01913	0.00832	0.08137	0.17484	0.08244	0.06419	0.06712	0.00921	0.00678	0.04011	0.00613	0.06566	0.09234	0.00155	0.19381	0.00307	0.00183	0.05567
2	0.00637	0.00584	0.00552	0.00508	0.00607	0.14229	0.00368	0.04819	0.06402	0.00856	0.01077	0.16074	0.05781	0.24090	0.06664	0.00177	0.02959	0.01156	0.00218	0.12241
3	0.00435	0.00324	0.00426	0.00444	0.00469	0.00344	0.00309	0.00491	0.00545	0.00744	0.04035	0.35822	0.04927	0.24284	0.18547	0.00248	0.06532	0.00597	0.00229	0.00249
4	0.00750	0.03014	0.15481	0.04869	0.26707	0.08943	0.28447	0.00970	0.00707	0.00946	0.00595	0.00793	0.00479	0.02602	0.02397	0.00112	0.01311	0.00295	0.00152	0.00429
5	0.00816	0.00843	0.00812	0.02481	0.11694	0.28323	0.03030	0.05342	0.06762	0.02909	0.00894	0.01050	0.07989	0.03295	0.17223	0.00178	0.05483	0.00310	0.00195	0.00371
6	0.00650	0.00597	0.00793	0.00697	0.00734	0.02749	0.00567	0.06671	0.00561	0.00820	0.00583	0.00904	0.00557	0.05471	0.25376	0.00243	0.51241	0.00298	0.00160	0.00329
7	0.00467	0.00360	0.00547	0.00594	0.06615	0.00409	0.00422	0.00579	0.00516	0.00743	0.00839	0.03074	0.00794	0.04180	0.77821	0.00459	0.00776	0.00344	0.00169	0.00291
8	0.00734	0.06446	0.05775	0.03080	0.09286	0.15874	0.14388	0.05887	0.00715	0.00891	0.00867	0.01117	0.08142	0.10909	0.11197	0.00168	0.03653	0.00330	0.00179	0.00362
9	0.01786	0.05371	0.08635	0.01010	0.20179	0.34436	0.00709	0.04453	0.09234	0.00942	0.00606	0.00714	0.00496	0.00414	0.03861	0.00108	0.06208	0.00247	0.00176	0.00416
10	0.00565	0.00476	0.00495	0.00453	0.00570	0.05094	0.00347	0.06746	0.14874	0.01160	0.37183	0.02132	0.27474	0.00612	0.00351	0.00100	0.00202	0.00518	0.00311	0.00337
11	0.00444	0.00331	0.00392	0.00392	0.00469	0.00312	0.00288	0.00607	0.06890	0.01052	0.36386	0.20039	0.23496	0.00710	0.00360	0.00104	0.00164	0.00619	0.06655	0.00292
12	0.00722	0.00740	0.01301	0.05419	0.33798	0.03465	0.29513	0.00941	0.03796	0.00987	0.04674	0.00998	0.04022	0.00345	0.00385	0.00102	0.06581	0.01609	0.00175	0.00426
13	0.00602	0.00556	0.00963	0.09298	0.24177	0.00582	0.14350	0.00759	0.00611	0.00857	0.00748	0.01059	0.02375	0.05980	0.31412	0.00252	0.02426	0.00327	0.00163	0.02504
14	0.00833	0.80254	0.06954	0.00566	0.00840	0.04673	0.00574	0.00949	0.00645	0.00750	0.00443	0.00512	0.00400	0.00271	0.00209	0.00069	0.00350	0.00172	0.00134	0.00402
15	0.00396	0.00280	0.00368	0.00428	0.00447	0.00267	0.00286	0.00447	0.00579	0.00773	0.01591	0.71712	0.01890	0.12768	0.03049	0.00161	0.00219	0.03819	0.00272	0.00246
16	0.00417	0.00330	0.00376	0.00385	0.00466	0.00303	0.00281	0.02694	0.03457	0.00922	0.13661	0.26422	0.44690	0.00848	0.03183	0.00123	0.00192	0.00678	0.00294	0.00279
17	0.00736	0.00724	0.00641	0.00610	0.00726	0.21691	0.01605	0.05921	0.25770	0.01005	0.01216	0.35610	0.01225	0.00612	0.00340	0.00107	0.00306	0.00522	0.00266	0.00367
18	0.00813	0.00699	0.01053	0.06300	0.41718	0.00728	0.06707	0.18079	0.06363	0.01227	0.00751	0.00877	0.01740	0.00324	0.00304	0.00093	0.00340	0.00296	0.11128	0.00459
19	0.03516	0.00641	0.14077	0.00510	0.00635	0.05742	0.00435	0.05687	0.05187	0.00880	0.01117	0.13650	0.07025	0.33553	0.02231	0.00184	0.01059	0.00444	0.03123	0.00303
20	0.00839	0.03093	0.00767	0.00728	0.06805	0.37831	0.00514	0.02456	0.06844	0.00832	0.02884	0.02187	0.06757	0.14724	0.02349	0.00134	0.08331	0.00316	0.00191	0.01416
21	0.00482	0.00368	0.00461	0.00434	0.00528	0.00363	0.00327	0.03013	0.02335	0.00887	0.09626	0.07972	0.17464	0.08650	0.31848	0.00256	0.00429	0.00447	0.03138	0.10973
22	0.07204	0.00812	0.05408	0.04577	0.20384	0.09202	0.08882	0.14308	0.10277	0.06029	0.01824	0.00882	0.02556	0.00397	0.02798	0.00106	0.00376	0.00292	0.02366	0.01319
23	0.00980	0.01105	0.00825	0.02033	0.02951	0.47960	0.00572	0.04336	0.26392	0.00992	0.04267	0.00834	0.00676	0.00375	0.00331	0.00092	0.04384	0.00270	0.00218	0.00406
24	0.00666	0.00474	0.00547	0.00475	0.00612	0.00469	0.00367	0.17550	0.05046	0.06944	0.18090	0.07210	0.19396	0.06900	0.06819	0.00140	0.00270	0.00467	0.00288	0.07271
25	0.00775	0.00660	0.03988	0.04978	0.08829	0.05813	0.00523	0.23933	0.03808	0.03839	0.01065	0.06344	0.06890	0.18853	0.00603	0.00144	0.01770	0.06566	0.00242	0.00378
26	0.03298	0.02185	0.23144	0.02097	0.20334	0.03142	0.11000	0.03964	0.05796	0.01024	0.01748	0.11066	0.00814	0.00434	0.00330	0.00105	0.00373	0.08535	0.00195	0.00417
27	0.00397	0.00390	0.06445	0.00407	0.00500	0.00295	0.00325	0.00488	0.00662	0.00843	0.05340	0.35380	0.42059	0.03374	0.00410	0.00119	0.00193	0.01823	0.00277	0.00272
28	0.00704	0.00582	0.00668	0.00496	0.00750	0.00492	0.00397	0.11497	0.04776	0.01165	0.06926	0.00806	0.00674	0.00287	0.00255	0.00059	0.00239	0.00232	0.00218	0.68776
29	0.06957	0.00698	0.05275	0.03929	0.32421	0.00664	0.10466	0.06502	0.07546	0.06239	0.04304	0.03777	0.06817	0.02623	0.00350	0.00104	0.00336	0.00348	0.00215	0.00433
30	0.00490	0.00401	0.00471	0.00427	0.00559	0.00348	0.01084	0.00638	0.06675	0.00925	0.06066	0.26293	0.23752	0.03897	0.00378	0.00101	0.00200	0.00549	0.00259	0.26488
31	0.00773	0.01821	0.07937	0.03861	0.39991	0.11515	0.00756	0.03502	0.13391	0.01039	0.03940	0.01001	0.06687	0.00357	0.00309	0.00094	0.00358	0.00309	0.00198	0.02160
32	0.03388	0.00736	0.01230	0.01781	0.77267	0.00742	0.03645	0.00993	0.05273	0.01043	0.00619	0.00786	0.00513	0.00285	0.00307	0.00094	0.00365	0.00281	0.00164	0.00487
33	0.00386	0.00315	0.00342	0.00343	0.00437	0.00271	0.00257	0.00479	0.00738	0.00920	0.19261	0.07393	0.64137	0.00771	0.00371	0.00106	0.00160	0.02745	0.00300	0.00269
34	0.00635	0.02251	0.00515	0.00446	0.00564	0.02688	0.00347	0.11693	0.06983	0.04172	0.18065	0.05339	0.22898	0.00557	0.00341	0.00096	0.03024	0.00458	0.18584	0.00342
35	0.00381	0.00280	0.00357	0.00414	0.00448	0.00257	0.00282	0.00443	0.00627	0.00824	0.06068	0.71819	0.14794	0.00932	0.00392	0.00122	0.00176	0.00836	0.00292	0.00257
36	0.00886	0.03007	0.00708	0.02618	0.00779	0.39195	0.00478	0.09958	0.00813	0.01934	0.00762	0.00926	0.03079	0.04289	0.13699	0.00155	0.00475	0.00270	0.15623	0.00347
37	0.00443	0.00324	0.00375	0.00393	0.00434	0.00314	0.00262	0.02242	0.04106	0.00780	0.01677	0.29774	0.18441	0.35021	0.00848	0.00189	0.00233	0.03646	0.00252	0.00247

[dist]
# distance from previous block
# <min> <max>
0	2

[block]
# block no. 1 follows, 92 sequences, length 7
# corresponding to MSA columns:
# 43-49
name=unknown_B
#
# <colnr> <probs for GDERKNQSTAVLIFYWHMCP>
#	G	D	E	R	K	N	Q	S	T	A	V	L	I	F	Y	W	H	M	C	P
0	0.61659	0.00711	0.03108	0.05808	0.00772	0.08554	0.00436	0.08187	0.00655	0.01303	0.00555	0.06022	0.00473	0.00343	0.00234	0.00097	0.00292	0.00234	0.00201	0.00355
1	0.19237	0.00524	0.00542	0.00525	0.04283	0.02908	0.00380	0.06248	0.14168	0.07462	0.03679	0.07211	0.10166	0.09843	0.03151	0.00132	0.00265	0.00379	0.08536	0.00359
2	0.03685	0.03616	0.12423	0.02494	0.25025	0.05598	0.05311	0.12718	0.07995	0.01148	0.02173	0.00867	0.04230	0.00330	0.00297	0.00089	0.00353	0.00281	0.00200	0.11167
3	0.12155	0.06849	0.03510	0.02735	0.08341	0.12859	0.11040	0.18759	0.04504	0.04315	0.00681	0.03159	0.00564	0.05834	0.00396	0.00108	0.03276	0.00288	0.00211	0.00415
4	0.00944	0.03652	0.00821	0.00635	0.00828	0.03865	0.05763	0.30903	0.11857	0.14220	0.15291	0.02829	0.01072	0.05413	0.00394	0.00108	0.00300	0.00361	0.00300	0.00444
5	0.00990	0.24073	0.10341	0.00714	0.00949	0.34947	0.00632	0.14473	0.08245	0.01014	0.00587	0.00637	0.00468	0.00321	0.00269	0.00083	0.00430	0.00221	0.00187	0.00420
6	0.00623	0.10072	0.13542	0.00593	0.03036	0.11407	0.00515	0.03514	0.00697	0.00871	0.04895	0.11271	0.16853	0.09927	0.03096	0.00134	0.02265	0.06143	0.00215	0.00330

[dist]
# distance from previous block
# <min> <max>
0	5

[block]
# block no. 2 follows, 92 sequences, length 24
# corresponding to MSA columns:
# 55-78
name=unknown_C
#
# <colnr> <probs for GDERKNQSTAVLIFYWHMCP>
#	G	D	E	R	K	N	Q	S	T	A	V	L	I	F	Y	W	H	M	C	P
0	0.01729	0.00876	0.01112	0.04708	0.51083	0.18369	0.03232	0.08677	0.00800	0.01033	0.00608	0.02491	0.00513	0.00373	0.02971	0.00104	0.00422	0.00278	0.00173	0.00450
1	0.03150	0.00811	0.04788	0.00988	0.22501	0.14873	0.03385	0.13774	0.03893	0.01055	0.00764	0.02010	0.03614	0.01498	0.17609	0.00177	0.04212	0.00299	0.00193	0.00407
2	0.00438	0.00320	0.00423	0.00473	0.03743	0.00298	0.00326	0.00535	0.00713	0.02130	0.28682	0.38410	0.11554	0.03312	0.00417	0.00120	0.00188	0.07338	0.00299	0.00281
3	0.00571	0.00355	0.00430	0.00414	0.00512	0.00322	0.00308	0.03917	0.00764	0.13399	0.18723	0.27569	0.27576	0.00728	0.00362	0.00107	0.00185	0.00632	0.02810	0.00316
4	0.02018	0.00751	0.00759	0.00609	0.00828	0.10968	0.00491	0.30982	0.05132	0.16114	0.02504	0.01038	0.05361	0.00391	0.00300	0.00087	0.00312	0.03488	0.01129	0.16740
5	0.03710	0.00669	0.00658	0.00555	0.00725	0.07802	0.00442	0.34329	0.06476	0.05440	0.02455	0.02422	0.13505	0.02403	0.00333	0.00099	0.00282	0.03070	0.14216	0.00409
6	0.00469	0.00334	0.00393	0.00419	0.00472	0.02689	0.00291	0.00537	0.00658	0.05645	0.11285	0.50762	0.15568	0.08377	0.00483	0.00132	0.00199	0.00726	0.00288	0.00272
7	0.11931	0.00395	0.00455	0.00443	0.00539	0.00394	0.00326	0.05443	0.01917	0.13898	0.03532	0.40709	0.01368	0.05491	0.00395	0.00118	0.00212	0.00564	0.11544	0.00326
8	0.07572	0.00525	0.00654	0.00537	0.00730	0.00500	0.00430	0.10030	0.04116	0.51283	0.06157	0.14068	0.01038	0.00481	0.00320	0.00101	0.00251	0.00400	0.00345	0.00460
9	0.00447	0.00312	0.00397	0.00441	0.00485	0.00296	0.00305	0.03724	0.01977	0.03403	0.04223	0.72398	0.08610	0.00903	0.00387	0.00122	0.00188	0.00811	0.00295	0.00277
10	0.00701	0.01056	0.32210	0.09229	0.22429	0.10060	0.00856	0.01896	0.02644	0.00931	0.00660	0.04616	0.00571	0.07689	0.00409	0.00112	0.00407	0.00292	0.00160	0.03072
11	0.00399	0.00294	0.00350	0.00387	0.00436	0.00270	0.00266	0.00476	0.01824	0.00837	0.05045	0.49224	0.26696	0.06891	0.00459	0.00128	0.00180	0.00741	0.04838	0.00258
12	0.00393	0.00316	0.00352	0.00362	0.00445	0.00279	0.00264	0.00499	0.02968	0.00910	0.16519	0.21368	0.52630	0.00795	0.00373	0.00109	0.00163	0.00683	0.00299	0.00272
13	0.13157	0.00635	0.00661	0.00571	0.00754	0.00706	0.00454	0.16223	0.41402	0.07893	0.02418	0.01134	0.05119	0.00417	0.00298	0.00100	0.00253	0.01495	0.05861	0.00451
14	0.33288	0.00882	0.00742	0.00657	0.03054	0.22778	0.03091	0.18368	0.07534	0.01288	0.00626	0.00745	0.00503	0.03184	0.00307	0.00100	0.00358	0.01880	0.00218	0.00396
15	0.00736	0.00852	0.04506	0.02976	0.11573	0.02581	0.68459	0.00984	0.00728	0.00988	0.00637	0.02307	0.00497	0.00280	0.00356	0.00103	0.00498	0.00356	0.00158	0.00425
16	0.00687	0.00671	0.02592	0.12954	0.46199	0.01826	0.09148	0.00885	0.03794	0.00938	0.00759	0.02421	0.02979	0.08188	0.02948	0.00128	0.00388	0.01908	0.00170	0.00417
17	0.17856	0.00547	0.00591	0.00454	0.00686	0.00480	0.00363	0.05192	0.00695	0.02436	0.09040	0.00887	0.04124	0.00313	0.00248	0.00066	0.00228	0.00244	0.00215	0.55334
18	0.00607	0.00502	0.02198	0.04470	0.12932	0.00526	0.02958	0.09940	0.02435	0.00972	0.02530	0.07552	0.06223	0.03425	0.28983	0.03003	0.03351	0.00378	0.06674	0.00344
19	0.00463	0.00390	0.00392	0.00407	0.00462	0.07163	0.00280	0.00526	0.00652	0.00822	0.11696	0.31313	0.23314	0.18936	0.00620	0.00150	0.00226	0.00641	0.01293	0.00256
20	0.00671	0.00586	0.00610	0.00584	0.03455	0.05166	0.00431	0.05895	0.41341	0.01171	0.12145	0.08154	0.17402	0.00547	0.00336	0.00104	0.00239	0.00461	0.00299	0.00402
21	0.00704	0.00661	0.01051	0.08139	0.21932	0.02901	0.19680	0.07569	0.06339	0.02112	0.01051	0.11922	0.09356	0.00432	0.00335	0.00100	0.00351	0.00410	0.00211	0.04746
22	0.00961	0.00895	0.10352	0.02166	0.03556	0.03311	0.13777	0.39332	0.09757	0.05552	0.00761	0.00819	0.00558	0.00418	0.03152	0.00112	0.03497	0.00296	0.00250	0.00478
23	0.03567	0.00805	0.01189	0.06219	0.61864	0.09172	0.05347	0.04365	0.00746	0.01029	0.00578	0.00746	0.00475	0.00286	0.00304	0.00092	0.00391	0.00270	0.00162	0.02392

[dist]
# distance from previous block
# <min> <max>
0	6

[block]
# block no. 3 follows, 92 sequences, length 29
# corresponding to MSA columns:
# 85-113
name=unknown_D
#
# <colnr> <probs for GDERKNQSTAVLIFYWHMCP>
#	G	D	E	R	K	N	Q	S	T	A	V	L	I	F	Y	W	H	M	C	P
0	0.00862	0.02339	0.01126	0.03038	0.56298	0.14338	0.00819	0.09883	0.03714	0.01071	0.00639	0.03297	0.00541	0.00320	0.00306	0.00092	0.00388	0.00284	0.00180	0.00465
1	0.04033	0.00585	0.00587	0.02797	0.08493	0.10949	0.00424	0.09817	0.04909	0.01042	0.09249	0.07752	0.36976	0.00593	0.00338	0.00100	0.00260	0.00493	0.00263	0.00342
2	0.21964	0.00712	0.00942	0.16442	0.36000	0.06476	0.02497	0.04433	0.01901	0.01091	0.00630	0.00777	0.02717	0.00310	0.00282	0.00095	0.00351	0.00260	0.01708	0.00413
3	0.06153	0.00723	0.00998	0.02229	0.44667	0.03243	0.00719	0.13945	0.06517	0.03054	0.00681	0.01809	0.00562	0.03931	0.00361	0.00099	0.01830	0.00281	0.00202	0.07996
4	0.38546	0.00661	0.00672	0.19828	0.08366	0.10382	0.00532	0.00878	0.02120	0.01072	0.00758	0.02457	0.07508	0.00451	0.04505	0.00117	0.00347	0.00269	0.00185	0.00348
5	0.00821	0.07482	0.18596	0.05375	0.03844	0.15142	0.00686	0.17498	0.04262	0.01109	0.05801	0.02452	0.03643	0.00445	0.02788	0.00107	0.07352	0.00293	0.01894	0.00411
6	0.12901	0.00478	0.00538	0.01301	0.00639	0.00428	0.00349	0.02451	0.01752	0.15403	0.08560	0.05604	0.16701	0.03516	0.00335	0.00091	0.00221	0.00371	0.00261	0.28101
7	0.00515	0.00398	0.00440	0.00416	0.00515	0.03709	0.00315	0.02441	0.04847	0.04615	0.42759	0.06667	0.27989	0.00667	0.00361	0.00102	0.00185	0.02435	0.00316	0.00309
8	0.83772	0.00625	0.00497	0.00435	0.00633	0.00721	0.00359	0.07988	0.00608	0.01445	0.00460	0.00526	0.00353	0.00296	0.00203	0.00096	0.00249	0.00178	0.00203	0.00353
9	0.25420	0.00380	0.00354	0.00339	0.00444	0.00407	0.00263	0.00762	0.00625	0.01210	0.05726	0.01051	0.00793	0.00454	0.04465	0.00101	0.00205	0.00275	0.56425	0.00303
10	0.00767	0.00734	0.01264	0.01777	0.74956	0.00732	0.07123	0.03212	0.00735	0.01045	0.02545	0.00864	0.00573	0.00298	0.00317	0.00095	0.00374	0.01944	0.00165	0.00481
11	0.00420	0.00320	0.00387	0.00384	0.00460	0.00292	0.00283	0.00553	0.03249	0.01059	0.46434	0.17014	0.26539	0.00731	0.00371	0.00105	0.00159	0.00638	0.00318	0.00284
12	0.00781	0.09527	0.00780	0.00601	0.00779	0.04231	0.00480	0.08424	0.55494	0.01260	0.10634	0.01220	0.03583	0.00433	0.00310	0.00099	0.00262	0.00354	0.00294	0.00453
13	0.00385	0.00275	0.00367	0.00439	0.00460	0.00257	0.00298	0.00442	0.00601	0.00801	0.01714	0.85372	0.02050	0.00971	0.00399	0.00127	0.00185	0.04312	0.00289	0.00254
14	0.00671	0.00630	0.00977	0.66463	0.11049	0.04172	0.02829	0.03331	0.03780	0.02270	0.00598	0.00827	0.00453	0.00314	0.00311	0.00101	0.00408	0.00279	0.00157	0.00378
15	0.27190	0.00728	0.03215	0.13671	0.38180	0.06529	0.00717	0.00921	0.00650	0.01070	0.00574	0.04189	0.00490	0.00317	0.00276	0.00096	0.00347	0.00263	0.00168	0.00407
16	0.03497	0.03869	0.07331	0.02480	0.24496	0.14341	0.01849	0.05158	0.06379	0.05879	0.01860	0.13088	0.03800	0.00431	0.00320	0.00097	0.01514	0.00364	0.02836	0.00411
17	0.00918	0.00889	0.01036	0.04449	0.16094	0.22920	0.14313	0.11471	0.06107	0.06999	0.00756	0.04758	0.00623	0.00389	0.01517	0.00100	0.00417	0.02200	0.02010	0.02032
18	0.00610	0.02198	0.00622	0.00705	0.12138	0.00443	0.00500	0.05871	0.00749	0.06606	0.01574	0.15020	0.11262	0.02085	0.00401	0.00125	0.00271	0.38209	0.00273	0.00338
19	0.00499	0.03486	0.02829	0.00480	0.00540	0.03889	0.00367	0.00581	0.00518	0.00708	0.02553	0.02330	0.00895	0.28207	0.48232	0.00378	0.02704	0.00365	0.00175	0.00265
20	0.00680	0.08115	0.02993	0.00664	0.09730	0.13072	0.00466	0.04527	0.02638	0.04120	0.03610	0.20132	0.15038	0.07533	0.01018	0.00117	0.01899	0.00470	0.00231	0.02948
21	0.00453	0.00302	0.00340	0.00340	0.00340	0.00302	0.00189	0.00453	0.00453	0.00604	0.00982	0.02039	0.01133	0.89052	0.01586	0.00302	0.00302	0.00453	0.00189	0.00189
22	0.00410	0.00296	0.00380	0.00421	0.00450	0.00290	0.00285	0.00477	0.02243	0.00763	0.01563	0.53190	0.08268	0.15896	0.11845	0.01729	0.00286	0.00704	0.00255	0.00249
23	0.00595	0.00697	0.19158	0.00612	0.00775	0.00533	0.05209	0.09355	0.01990	0.01984	0.00958	0.08835	0.04375	0.23182	0.16432	0.00227	0.04155	0.00396	0.00198	0.00334
24	0.00780	0.00780	0.01162	0.08771	0.67327	0.09476	0.00886	0.00953	0.00710	0.00960	0.00585	0.00777	0.00492	0.00384	0.04547	0.00112	0.00416	0.00272	0.00154	0.00458
25	0.00455	0.00316	0.00397	0.00440	0.00484	0.00303	0.00303	0.00568	0.06549	0.04347	0.01713	0.66055	0.07674	0.06944	0.00469	0.00135	0.00197	0.02086	0.00288	0.00278
26	0.00415	0.00324	0.00376	0.00415	0.00462	0.02562	0.00290	0.00484	0.00651	0.00839	0.09577	0.49476	0.20679	0.06959	0.00469	0.00131	0.00197	0.05153	0.00284	0.00259
27	0.00496	0.00368	0.00414	0.00397	0.00442	0.00381	0.00264	0.02507	0.08919	0.00798	0.06775	0.04051	0.14074	0.52694	0.01103	0.00222	0.03769	0.00478	0.01596	0.00253
28	0.02253	0.12694	0.14963	0.04283	0.00883	0.10806	0.03870	0.05874	0.04082	0.00893	0.00720	0.03336	0.01724	0.17926	0.00626	0.00137	0.10671	0.00306	0.03598	0.00356

[dist]
# distance from previous block
# <min> <max>
0	3

[block]
# block no. 4 follows, 92 sequences, length 7
# corresponding to MSA columns:
# 117-123
name=unknown_E
#
# <colnr> <probs for GDERKNQSTAVLIFYWHMCP>
#	G	D	E	R	K	N	Q	S	T	A	V	L	I	F	Y	W	H	M	C	P
0	0.00463	0.00338	0.00391	0.00378	0.00474	0.00304	0.00283	0.00599	0.04436	0.05350	0.31231	0.10559	0.42612	0.00719	0.00366	0.00104	0.00165	0.00616	0.00313	0.00296
1	0.00495	0.00364	0.00422	0.00430	0.00482	0.00367	0.00292	0.06892	0.08008	0.00869	0.01520	0.38184	0.10300	0.29034	0.00761	0.00176	0.00235	0.00633	0.00261	0.00275
2	0.00604	0.00507	0.00604	0.00457	0.00690	0.00396	0.00360	0.00737	0.00655	0.01007	0.08044	0.04870	0.00768	0.00432	0.05763	0.00083	0.00259	0.00259	0.00202	0.73305
3	0.03057	0.00975	0.00929	0.14255	0.18938	0.37289	0.02719	0.02931	0.00762	0.00879	0.00637	0.08255	0.00577	0.00376	0.00333	0.00094	0.04235	0.00297	0.02083	0.00379
4	0.00457	0.00379	0.02507	0.00411	0.00492	0.00345	0.00304	0.02620	0.08033	0.00893	0.09101	0.22309	0.30513	0.17241	0.00596	0.00147	0.00212	0.02885	0.00274	0.00281
5	0.00756	0.00778	0.01026	0.20369	0.37678	0.15196	0.03768	0.00959	0.05594	0.00921	0.00750	0.07356	0.02766	0.00364	0.00315	0.00097	0.00391	0.00327	0.00175	0.00413
6	0.00879	0.06557	0.01185	0.01051	0.14927	0.32537	0.22054	0.01068	0.05097	0.00917	0.06021	0.00821	0.00630	0.00374	0.02389	0.00101	0.02527	0.00288	0.00176	0.00400

[dist]
# distance from previous block
# <min> <max>
6	13

[block]
# block no. 5 follows, 92 sequences, length 7
# corresponding to MSA columns:
# 138-144
name=unknown_F
#
# <colnr> <probs for GDERKNQSTAVLIFYWHMCP>
#	G	D	E	R	K	N	Q	S	T	A	V	L	I	F	Y	W	H	M	C	P
0	0.03407	0.05568	0.00995	0.00964	0.16394	0.43659	0.03789	0.12042	0.04106	0.01005	0.00583	0.00683	0.00474	0.00415	0.04495	0.00106	0.00479	0.00240	0.00184	0.00411
1	0.00756	0.00623	0.00604	0.00534	0.00683	0.10576	0.00418	0.19382	0.10323	0.06086	0.11981	0.05570	0.26182	0.00575	0.00341	0.00101	0.00266	0.04328	0.00294	0.00377
2	0.00425	0.00316	0.00395	0.00407	0.00446	0.00320	0.00282	0.00486	0.00572	0.00763	0.07273	0.22243	0.16948	0.27080	0.17733	0.00245	0.03017	0.00570	0.00235	0.00246
3	0.00918	0.00727	0.00732	0.00607	0.00773	0.12294	0.04360	0.34631	0.04103	0.04181	0.00868	0.05187	0.00717	0.07762	0.00399	0.00107	0.00319	0.00323	0.20588	0.00406
4	0.00448	0.00304	0.00360	0.00367	0.00386	0.00307	0.00231	0.00481	0.00498	0.00683	0.01151	0.09548	0.06053	0.58864	0.13642	0.00291	0.00350	0.00476	0.05341	0.00217
5	0.00716	0.00704	0.03771	0.02463	0.20640	0.08620	0.10148	0.09935	0.06326	0.01095	0.14268	0.10793	0.04929	0.03730	0.00382	0.00107	0.00331	0.00418	0.00233	0.00395
6	0.00399	0.00306	0.00362	0.00400	0.00453	0.00284	0.00277	0.00497	0.04707	0.00824	0.02121	0.52295	0.29408	0.05597	0.00448	0.00128	0.00183	0.00763	0.00285	0.00264

[dist]
# distance from previous block
# <min> <max>
0	1

[block]
# block no. 6 follows, 92 sequences, length 17
# corresponding to MSA columns:
# 146-162
name=unknown_G
#
# <colnr> <probs for GDERKNQSTAVLIFYWHMCP>
#	G	D	E	R	K	N	Q	S	T	A	V	L	I	F	Y	W	H	M	C	P
0	0.00777	0.12479	0.04287	0.14684	0.33235	0.09157	0.06811	0.04705	0.02260	0.00962	0.02060	0.03898	0.00561	0.00322	0.00298	0.00091	0.00388	0.00286	0.00168	0.02572
1	0.00921	0.39351	0.06434	0.00660	0.00875	0.36430	0.00580	0.01048	0.03115	0.00781	0.00575	0.06814	0.00533	0.00345	0.00256	0.00079	0.00421	0.00240	0.00160	0.00380
2	0.00505	0.00439	0.00463	0.00478	0.02760	0.06532	0.00341	0.02438	0.05273	0.00943	0.13858	0.28265	0.28065	0.00727	0.00361	0.00107	0.00214	0.03599	0.00281	0.04350
3	0.00524	0.05766	0.00485	0.00417	0.00472	0.00410	0.00285	0.09309	0.00629	0.00826	0.01297	0.28076	0.07268	0.41789	0.00927	0.00200	0.00262	0.00563	0.00235	0.00261
4	0.00780	0.00622	0.00677	0.00593	0.00730	0.08891	0.03733	0.24427	0.01636	0.06072	0.05301	0.15931	0.09586	0.07379	0.01412	0.00126	0.02278	0.09184	0.00274	0.00368
5	0.00440	0.00298	0.00348	0.00361	0.00366	0.00296	0.00212	0.00453	0.00479	0.00641	0.01105	0.17113	0.01284	0.71233	0.03866	0.00277	0.00296	0.00525	0.00206	0.00203
6	0.00713	0.00886	0.23388	0.00990	0.20223	0.00666	0.07086	0.07533	0.07406	0.03251	0.00741	0.03177	0.00637	0.12902	0.00514	0.00126	0.03412	0.00313	0.00189	0.05848
7	0.00667	0.04621	0.69317	0.09888	0.01384	0.06909	0.01061	0.00983	0.00669	0.00942	0.00549	0.00663	0.00397	0.00298	0.00293	0.00097	0.00458	0.00231	0.00134	0.00439
8	0.00382	0.00283	0.00350	0.00401	0.00437	0.00259	0.00271	0.00438	0.00611	0.00792	0.01981	0.63826	0.20661	0.07177	0.00475	0.00134	0.00184	0.00805	0.00282	0.00251
9	0.00682	0.00920	0.30076	0.01756	0.10653	0.00635	0.03825	0.11433	0.06015	0.03045	0.12095	0.01153	0.06296	0.00597	0.09306	0.00140	0.00399	0.00337	0.00215	0.00421
10	0.00734	0.03039	0.08371	0.02067	0.14286	0.07786	0.05441	0.08826	0.09446	0.01035	0.00797	0.09051	0.00728	0.09521	0.00432	0.00110	0.00336	0.00334	0.00205	0.17455
11	0.00655	0.05493	0.16468	0.03864	0.03549	0.15083	0.09714	0.00801	0.00656	0.00828	0.00899	0.24289	0.00933	0.08648	0.03635	0.00136	0.03378	0.00440	0.00189	0.00343
12	0.00520	0.00377	0.00478	0.00456	0.00515	0.00411	0.00331	0.09336	0.00595	0.00816	0.01009	0.01562	0.05758	0.32546	0.43509	0.00366	0.00558	0.00389	0.00196	0.00272
13	0.00658	0.08592	0.04085	0.00590	0.02873	0.09296	0.04261	0.02067	0.00650	0.02646	0.00826	0.14076	0.01525	0.06985	0.13688	0.00159	0.00390	0.00352	0.00194	0.26086
14	0.00571	0.00525	0.00597	0.02287	0.11970	0.12191	0.00441	0.00656	0.00600	0.00768	0.01008	0.24529	0.01084	0.15848	0.25236	0.00250	0.00466	0.00474	0.00200	0.00297
15	0.00445	0.00299	0.00342	0.00349	0.00351	0.00297	0.00199	0.00451	0.00468	0.00624	0.01057	0.10995	0.01228	0.79965	0.01463	0.00284	0.00290	0.00498	0.00199	0.00195
16	0.12378	0.00985	0.15635	0.03076	0.23348	0.14919	0.13552	0.04268	0.02776	0.01059	0.03362	0.00788	0.01865	0.00314	0.00299	0.00095	0.00410	0.00273	0.00174	0.00423

[dist]
# distance from previous block
# <min> <max>
0	2

[block]
# block no. 7 follows, 92 sequences, length 11
# corresponding to MSA columns:
# 165-175
name=unknown_H
#
# <colnr> <probs for GDERKNQSTAVLIFYWHMCP>
#	G	D	E	R	K	N	Q	S	T	A	V	L	I	F	Y	W	H	M	C	P
0	0.00868	0.27769	0.10310	0.04504	0.02839	0.23998	0.02588	0.04042	0.14332	0.00928	0.02282	0.00774	0.02836	0.00335	0.00273	0.00085	0.00395	0.00248	0.00185	0.00410
1	0.00431	0.00352	0.00408	0.00464	0.02971	0.04065	0.00312	0.00507	0.00672	0.00869	0.13200	0.54188	0.18715	0.00846	0.00380	0.00116	0.00194	0.00751	0.00287	0.00272
2	0.12850	0.02728	0.07420	0.03412	0.00866	0.13844	0.00511	0.08806	0.04320	0.01100	0.00640	0.00715	0.02831	0.00306	0.00276	0.00075	0.02655	0.00222	0.00194	0.36230
3	0.07170	0.00736	0.02807	0.00861	0.17468	0.07645	0.02946	0.20135	0.04571	0.03984	0.00775	0.02420	0.02564	0.01482	0.03369	0.00106	0.03741	0.00286	0.08284	0.08648
4	0.00387	0.00284	0.00350	0.00398	0.00431	0.00261	0.00266	0.00439	0.00600	0.00779	0.01901	0.60634	0.18530	0.12548	0.00548	0.00145	0.00192	0.00784	0.00276	0.00247
5	0.00912	0.22796	0.01262	0.00943	0.11955	0.26277	0.13924	0.05650	0.05675	0.00919	0.00560	0.00669	0.00463	0.00317	0.00332	0.00088	0.06432	0.00246	0.00168	0.00412
6	0.00471	0.00304	0.00339	0.00335	0.00411	0.00283	0.00248	0.00591	0.00725	0.01069	0.26694	0.06406	0.23660	0.03416	0.00353	0.00098	0.00156	0.00500	0.33662	0.00279
7	0.00879	0.00865	0.03084	0.00901	0.01142	0.10536	0.30141	0.15499	0.27429	0.03293	0.02435	0.00922	0.00673	0.00348	0.00330	0.00100	0.00398	0.00329	0.00241	0.00456
8	0.00416	0.00308	0.00359	0.00363	0.00419	0.00283	0.00251	0.00488	0.00668	0.00876	0.23896	0.12940	0.28778	0.25644	0.00716	0.00162	0.00202	0.02706	0.00275	0.00249
9	0.00579	0.00542	0.00655	0.00583	0.00638	0.07483	0.03334	0.00665	0.00633	0.00857	0.20343	0.03078	0.10271	0.14740	0.05923	0.00167	0.28576	0.00419	0.00214	0.00297
10	0.00626	0.00479	0.00522	0.00481	0.00573	0.00522	0.00344	0.07403	0.31448	0.01011	0.04062	0.01686	0.03270	0.40211	0.00890	0.00193	0.00272	0.03137	0.02534	0.00335

[dist]
# distance from previous block
# <min> <max>
4	5

[block]
# block no. 8 follows, 92 sequences, length 13
# corresponding to MSA columns:
# 182-194
name=unknown_I
#
# <colnr> <probs for GDERKNQSTAVLIFYWHMCP>
#	G	D	E	R	K	N	Q	S	T	A	V	L	I	F	Y	W	H	M	C	P
0	0.00765	0.00771	0.02296	0.07257	0.28510	0.14654	0.06722	0.07842	0.00764	0.00988	0.02926	0.05689	0.03812	0.04035	0.06172	0.00128	0.00411	0.00330	0.00188	0.05741
1	0.01896	0.04158	0.11474	0.00958	0.16046	0.25525	0.05799	0.13483	0.04958	0.03564	0.01594	0.03672	0.00591	0.04491	0.00362	0.00101	0.00418	0.00286	0.00199	0.00425
2	0.00629	0.09432	0.68722	0.00812	0.01201	0.00743	0.01002	0.00931	0.00634	0.00928	0.00573	0.00722	0.00442	0.03018	0.06108	0.00129	0.03169	0.00239	0.00136	0.00431
3	0.00484	0.00356	0.00436	0.00455	0.00519	0.00353	0.00330	0.02977	0.10530	0.02144	0.15936	0.42799	0.08322	0.06128	0.00452	0.00128	0.00202	0.06854	0.00297	0.00298
4	0.00627	0.00543	0.00578	0.00568	0.04001	0.11581	0.02435	0.07287	0.00700	0.02566	0.09866	0.16850	0.04964	0.24467	0.07880	0.00190	0.02761	0.01604	0.00232	0.00300
5	0.00542	0.03275	0.00467	0.00420	0.00493	0.02085	0.00299	0.00666	0.06452	0.06830	0.18089	0.16622	0.11242	0.26301	0.04690	0.00180	0.00259	0.00534	0.00266	0.00287
6	0.00422	0.00329	0.00369	0.00411	0.00443	0.03487	0.00272	0.00470	0.00594	0.00761	0.01727	0.55004	0.14153	0.19302	0.00637	0.00158	0.00217	0.00737	0.00264	0.00245
7	0.30055	0.00384	0.00389	0.00413	0.00494	0.00402	0.00297	0.00593	0.00576	0.00987	0.01368	0.49885	0.07563	0.04739	0.00383	0.00123	0.00204	0.00615	0.00253	0.00278
8	0.00929	0.01011	0.00908	0.06405	0.07968	0.37164	0.02767	0.10588	0.06546	0.00970	0.00722	0.00896	0.03972	0.00403	0.00417	0.00099	0.14045	0.03609	0.00192	0.00390
9	0.19117	0.00756	0.02638	0.00675	0.00916	0.00787	0.08757	0.43040	0.01073	0.14504	0.00753	0.00770	0.00530	0.00346	0.00290	0.00095	0.00323	0.00271	0.03889	0.00470
10	0.00422	0.00294	0.00362	0.00396	0.00425	0.00284	0.00265	0.00477	0.00571	0.00774	0.03234	0.39776	0.09024	0.27132	0.06433	0.00198	0.00258	0.03755	0.05677	0.00241
11	0.00762	0.00813	0.01205	0.01240	0.28776	0.15090	0.26659	0.00920	0.00702	0.00900	0.00690	0.06245	0.00638	0.10517	0.00497	0.00122	0.03311	0.00349	0.00168	0.00395
12	0.00419	0.00318	0.00398	0.00395	0.00449	0.00297	0.02779	0.00483	0.00619	0.00807	0.12064	0.21669	0.25690	0.27870	0.04196	0.00185	0.00243	0.00613	0.00256	0.00247

[dist]
# distance from previous block
# <min> <max>
0	13

# created by:
# /share/home/app/bin/augustus-3.3.1/scripts/msa2prfl.pl /dev/shm/tmp/ogap_db/mt-Sar/msas/rpl5.aln --setname=rpl5
