[name]
rpl6

[dist]
# distance from previous block
# <min> <max>
0	29

[block]
# block no. 0 follows, 105 sequences, length 13
# corresponding to MSA columns:
# 29-41
name=unknown_A
#
# <colnr> <probs for GDERKNQSTAVLIFYWHMCP>
#	G	D	E	R	K	N	Q	S	T	A	V	L	I	F	Y	W	H	M	C	P
0	0.01593	0.13665	0.00841	0.06425	0.17252	0.02645	0.02715	0.11689	0.06386	0.05081	0.03990	0.04336	0.13582	0.00459	0.03546	0.00100	0.03567	0.01565	0.00202	0.00362
1	0.00546	0.00528	0.03418	0.02920	0.15039	0.03279	0.10361	0.02341	0.01659	0.00815	0.02855	0.12659	0.03268	0.04193	0.17660	0.00163	0.03973	0.00346	0.00172	0.13806
2	0.02741	0.02826	0.01594	0.05134	0.04383	0.09286	0.00392	0.05090	0.11133	0.02995	0.13439	0.06198	0.14730	0.07294	0.06628	0.00128	0.00282	0.03119	0.02302	0.00307
3	0.00377	0.00284	0.00349	0.00377	0.02914	0.00269	0.00250	0.00438	0.00557	0.00732	0.12717	0.21269	0.25120	0.23675	0.09259	0.00177	0.00242	0.00538	0.00228	0.00228
4	0.00638	0.00589	0.00828	0.31409	0.27662	0.06514	0.00658	0.09313	0.00662	0.00870	0.00687	0.03177	0.04334	0.05699	0.03906	0.00112	0.00351	0.00285	0.01957	0.00350
5	0.00428	0.00363	0.00439	0.02118	0.00511	0.03553	0.04740	0.03876	0.00611	0.00777	0.06401	0.30253	0.30672	0.11137	0.00475	0.00120	0.02470	0.00572	0.00236	0.00249
6	0.00612	0.00524	0.00613	0.00460	0.00677	0.02478	0.03482	0.09692	0.00655	0.00957	0.00698	0.00804	0.06449	0.03846	0.03520	0.00076	0.00251	0.00224	0.00182	0.63800
7	0.00677	0.04165	0.04625	0.00995	0.34490	0.06101	0.04561	0.07165	0.07833	0.03620	0.03986	0.01926	0.14414	0.00358	0.00282	0.00084	0.00294	0.00314	0.00193	0.03917
8	0.17415	0.15626	0.06930	0.02299	0.01970	0.34733	0.00523	0.04575	0.04127	0.00862	0.00468	0.00551	0.00385	0.00346	0.03079	0.00090	0.05337	0.00189	0.00153	0.00341
9	0.00368	0.00284	0.00331	0.00338	0.00401	0.00259	0.00242	0.00469	0.03530	0.00844	0.26107	0.22973	0.34603	0.07468	0.00417	0.00110	0.00156	0.00591	0.00267	0.00243
10	0.01705	0.02951	0.06538	0.12134	0.33618	0.12271	0.04137	0.08081	0.07531	0.03011	0.00642	0.01986	0.02156	0.00296	0.00273	0.00084	0.00346	0.00257	0.01588	0.00396
11	0.00414	0.00275	0.00309	0.00315	0.00383	0.00250	0.00228	0.00498	0.00616	0.03518	0.12263	0.19792	0.34189	0.05183	0.00360	0.00100	0.00151	0.00529	0.20383	0.00246
12	0.00567	0.00474	0.00529	0.00547	0.08031	0.06378	0.00373	0.16270	0.02119	0.00948	0.08805	0.18326	0.18483	0.07774	0.08960	0.00141	0.00285	0.00456	0.00232	0.00302

[dist]
# distance from previous block
# <min> <max>
0	4

[block]
# block no. 1 follows, 105 sequences, length 14
# corresponding to MSA columns:
# 46-59
name=unknown_B
#
# <colnr> <probs for GDERKNQSTAVLIFYWHMCP>
#	G	D	E	R	K	N	Q	S	T	A	V	L	I	F	Y	W	H	M	C	P
0	0.00709	0.04159	0.08967	0.00686	0.10494	0.04607	0.04615	0.20221	0.06004	0.05659	0.00965	0.08864	0.08966	0.04542	0.03832	0.00109	0.00305	0.00337	0.04559	0.01400
1	0.00756	0.04220	0.03196	0.02942	0.24093	0.19613	0.09853	0.08995	0.11696	0.00931	0.00767	0.00872	0.06606	0.03855	0.00323	0.00091	0.00353	0.00276	0.00179	0.00381
2	0.08167	0.05176	0.12194	0.01046	0.30924	0.25688	0.05769	0.02250	0.03109	0.00875	0.00517	0.02104	0.00427	0.00277	0.00260	0.00081	0.00381	0.00227	0.00147	0.00383
3	0.18928	0.00793	0.02364	0.01012	0.33165	0.20418	0.03801	0.02698	0.03667	0.00942	0.00493	0.00604	0.00404	0.00275	0.00279	0.00082	0.04510	0.00214	0.00155	0.05195
4	0.00521	0.00472	0.00642	0.00753	0.21984	0.04273	0.05291	0.00674	0.08018	0.00816	0.06732	0.10185	0.21713	0.11038	0.01826	0.02730	0.01394	0.00425	0.00205	0.00306
5	0.00358	0.00268	0.00322	0.00340	0.00395	0.00241	0.00241	0.00437	0.00633	0.00839	0.25342	0.34418	0.28859	0.03287	0.00367	0.00104	0.00150	0.00628	0.02532	0.00239
6	0.00534	0.00427	0.00486	0.03298	0.03902	0.02904	0.00346	0.10402	0.12534	0.00937	0.10970	0.10806	0.16602	0.12933	0.07602	0.00145	0.00263	0.00428	0.04184	0.00298
7	0.00382	0.00273	0.00329	0.00337	0.00378	0.00256	0.00231	0.00448	0.00591	0.00797	0.26937	0.18554	0.15512	0.28120	0.00668	0.00151	0.00186	0.03593	0.02033	0.00223
8	0.00637	0.00739	0.17083	0.00810	0.18621	0.04848	0.04011	0.15676	0.03678	0.01022	0.07242	0.08334	0.15263	0.00422	0.00295	0.00089	0.00293	0.00362	0.00206	0.00370
9	0.62932	0.00607	0.00511	0.00497	0.05201	0.07269	0.00371	0.02745	0.12049	0.01170	0.00549	0.04079	0.00451	0.00302	0.00208	0.00087	0.00244	0.00207	0.00189	0.00330
10	0.04749	0.01425	0.00682	0.00591	0.06994	0.08286	0.00434	0.19792	0.02470	0.05049	0.02341	0.04360	0.00559	0.02878	0.00294	0.00074	0.02271	0.00240	0.00203	0.36310
11	0.00516	0.00501	0.06052	0.03863	0.14973	0.04742	0.02544	0.04555	0.01899	0.00826	0.03183	0.38846	0.02751	0.06539	0.01300	0.00113	0.01701	0.00501	0.04295	0.00299
12	0.62887	0.00614	0.03939	0.00527	0.06061	0.04440	0.03549	0.00879	0.06965	0.02751	0.00562	0.02892	0.02373	0.00295	0.00210	0.00087	0.00250	0.00208	0.00182	0.00329
13	0.00589	0.00484	0.01703	0.08478	0.04511	0.00496	0.10291	0.10314	0.08677	0.04269	0.16385	0.09910	0.09813	0.01841	0.01717	0.00100	0.03777	0.00401	0.05914	0.00331

[dist]
# distance from previous block
# <min> <max>
19	50

[block]
# block no. 2 follows, 105 sequences, length 10
# corresponding to MSA columns:
# 112-121
name=unknown_C
#
# <colnr> <probs for GDERKNQSTAVLIFYWHMCP>
#	G	D	E	R	K	N	Q	S	T	A	V	L	I	F	Y	W	H	M	C	P
0	0.00628	0.00591	0.00901	0.05992	0.49441	0.03013	0.02624	0.00792	0.03466	0.00878	0.00659	0.11473	0.00613	0.00323	0.00274	0.00080	0.00294	0.00301	0.00162	0.17494
1	0.00830	0.00654	0.01836	0.00642	0.05958	0.14040	0.05173	0.12179	0.05696	0.19226	0.00827	0.00977	0.02904	0.03037	0.11168	0.00132	0.00365	0.04482	0.00223	0.09654
2	0.00456	0.00324	0.00413	0.02267	0.01879	0.00325	0.00302	0.04307	0.00587	0.05526	0.05599	0.36623	0.16381	0.12062	0.07738	0.00153	0.04005	0.00561	0.00236	0.00257
3	0.00637	0.04161	0.00777	0.04689	0.03240	0.13038	0.14594	0.04635	0.16733	0.00876	0.04391	0.10308	0.04661	0.09753	0.04147	0.00123	0.00330	0.00361	0.02217	0.00328
4	0.19330	0.00689	0.00723	0.04139	0.03539	0.16334	0.08000	0.09149	0.04014	0.04756	0.00633	0.06790	0.00550	0.00422	0.04191	0.00102	0.05860	0.02195	0.00187	0.08398
5	0.08162	0.00551	0.00592	0.00539	0.00662	0.07670	0.03762	0.06240	0.31840	0.00998	0.04434	0.10597	0.00912	0.00752	0.16845	0.00161	0.00348	0.04359	0.00230	0.00346
6	0.00533	0.01392	0.08132	0.00537	0.02922	0.03902	0.02917	0.01618	0.17798	0.02657	0.05696	0.08618	0.04583	0.08494	0.27285	0.00215	0.00410	0.00360	0.01618	0.00313
7	0.00669	0.00566	0.00701	0.04400	0.08350	0.09281	0.07841	0.13492	0.03612	0.06783	0.11496	0.11747	0.08176	0.02927	0.07423	0.00124	0.01465	0.00385	0.00224	0.00338
8	0.05779	0.00577	0.00656	0.04363	0.09211	0.06582	0.00456	0.20412	0.04642	0.18743	0.05461	0.04625	0.09372	0.00461	0.03788	0.00101	0.00282	0.00320	0.03786	0.00382
9	0.00483	0.00408	0.00484	0.00495	0.03786	0.07232	0.05076	0.04196	0.00633	0.02692	0.05004	0.47381	0.16165	0.00675	0.00327	0.00100	0.00214	0.00599	0.03780	0.00271

[dist]
# distance from previous block
# <min> <max>
0	2

[block]
# block no. 3 follows, 105 sequences, length 8
# corresponding to MSA columns:
# 124-131
name=unknown_D
#
# <colnr> <probs for GDERKNQSTAVLIFYWHMCP>
#	G	D	E	R	K	N	Q	S	T	A	V	L	I	F	Y	W	H	M	C	P
0	0.00699	0.00799	0.01144	0.00941	0.06845	0.21969	0.41451	0.00853	0.00660	0.00803	0.00746	0.06821	0.06607	0.00390	0.02799	0.00101	0.05543	0.00331	0.00157	0.00341
1	0.06211	0.00487	0.00586	0.02610	0.12273	0.04618	0.00423	0.09244	0.04231	0.14120	0.03298	0.16077	0.06971	0.03226	0.06089	0.00119	0.00276	0.02523	0.06277	0.00341
2	0.00388	0.00272	0.00328	0.00352	0.00402	0.00248	0.00247	0.00452	0.00587	0.03710	0.09390	0.39830	0.26556	0.10093	0.00452	0.00121	0.00170	0.03826	0.02341	0.00237
3	0.00524	0.00500	0.00583	0.02296	0.14204	0.11990	0.03627	0.00626	0.02485	0.00746	0.03775	0.19591	0.15074	0.11673	0.10899	0.00157	0.00328	0.00444	0.00196	0.00283
4	0.41512	0.04460	0.21155	0.00610	0.06554	0.06619	0.00553	0.06494	0.00602	0.04126	0.00487	0.00566	0.00373	0.00355	0.04397	0.00101	0.00324	0.00190	0.00165	0.00356
5	0.00492	0.00404	0.00423	0.00407	0.00488	0.06193	0.00304	0.05690	0.08338	0.00957	0.29424	0.15640	0.15342	0.06412	0.00390	0.00105	0.00195	0.04540	0.03977	0.00279
6	0.00583	0.00461	0.02197	0.06315	0.06094	0.00462	0.00410	0.17584	0.07957	0.04059	0.09671	0.25699	0.16245	0.00563	0.00314	0.00096	0.00220	0.00488	0.00254	0.00329
7	0.00514	0.00436	0.00632	0.00551	0.00655	0.02821	0.14379	0.03379	0.08759	0.03525	0.03510	0.23321	0.11465	0.06067	0.17078	0.00175	0.01755	0.00468	0.00216	0.00293

[dist]
# distance from previous block
# <min> <max>
0	1

[block]
# block no. 4 follows, 105 sequences, length 19
# corresponding to MSA columns:
# 133-151
name=unknown_E
#
# <colnr> <probs for GDERKNQSTAVLIFYWHMCP>
#	G	D	E	R	K	N	Q	S	T	A	V	L	I	F	Y	W	H	M	C	P
0	0.50667	0.00512	0.00459	0.02123	0.00579	0.03098	0.00327	0.04435	0.05139	0.01094	0.02712	0.07387	0.04027	0.04070	0.04187	0.00108	0.00247	0.00258	0.00192	0.08379
1	0.00472	0.00399	0.03629	0.02338	0.00531	0.02787	0.00341	0.07926	0.00558	0.00754	0.02963	0.12533	0.05789	0.21822	0.35592	0.00275	0.00451	0.00395	0.00187	0.00256
2	0.00614	0.00506	0.00687	0.12837	0.16622	0.00562	0.00517	0.10039	0.16633	0.01875	0.05379	0.01059	0.04710	0.05249	0.12906	0.00149	0.03663	0.00306	0.05334	0.00353
3	0.00538	0.00502	0.03777	0.08639	0.19401	0.01732	0.08006	0.02014	0.02201	0.03984	0.06935	0.11944	0.21993	0.02130	0.00344	0.00097	0.02169	0.03064	0.00207	0.00323
4	0.00689	0.00883	0.21936	0.02681	0.28920	0.08410	0.10971	0.08057	0.02010	0.02631	0.00780	0.00868	0.09284	0.00312	0.00284	0.00086	0.00358	0.00278	0.00164	0.00397
5	0.00345	0.00249	0.00328	0.00389	0.00411	0.00232	0.00265	0.00398	0.00545	0.00721	0.01609	0.80939	0.06748	0.00860	0.00356	0.00113	0.00165	0.04839	0.00259	0.00229
6	0.00649	0.00671	0.02015	0.08200	0.26034	0.18324	0.03255	0.03859	0.02006	0.00845	0.08300	0.08460	0.10182	0.05559	0.00356	0.00097	0.00318	0.00350	0.00184	0.00335
7	0.00345	0.00251	0.00316	0.00366	0.00392	0.00232	0.00244	0.00392	0.00536	0.00702	0.01654	0.69644	0.13694	0.09282	0.00453	0.00126	0.00169	0.00729	0.00251	0.00223
8	0.00580	0.00524	0.00753	0.02026	0.30864	0.03583	0.04544	0.06877	0.00729	0.00992	0.27548	0.01403	0.14116	0.00431	0.00327	0.00088	0.03676	0.00378	0.00217	0.00345
9	0.92162	0.00540	0.00410	0.00367	0.00540	0.00626	0.00302	0.00821	0.00475	0.01252	0.00389	0.00453	0.00302	0.00259	0.00173	0.00086	0.00216	0.00151	0.00173	0.00302
10	0.00360	0.00286	0.00336	0.02932	0.00443	0.00257	0.00256	0.00452	0.00670	0.00864	0.29358	0.12800	0.46536	0.00673	0.00333	0.00095	0.00150	0.02682	0.00270	0.00246
11	0.92162	0.00540	0.00410	0.00367	0.00540	0.00626	0.00302	0.00821	0.00475	0.01252	0.00389	0.00453	0.00302	0.00259	0.00173	0.00086	0.00216	0.00151	0.00173	0.00302
12	0.00401	0.00288	0.00407	0.00410	0.00445	0.00322	0.00300	0.00468	0.00440	0.00621	0.00804	0.05178	0.00814	0.22240	0.61964	0.03579	0.00595	0.00343	0.00158	0.00225
13	0.00600	0.00576	0.00998	0.43751	0.38781	0.00634	0.05957	0.00778	0.00593	0.00807	0.00521	0.00734	0.00416	0.00325	0.03298	0.00101	0.00373	0.00255	0.00132	0.00368
14	0.00615	0.00349	0.00443	0.00392	0.00497	0.00322	0.00300	0.02879	0.03393	0.21692	0.46617	0.05673	0.09997	0.05116	0.00372	0.00099	0.00173	0.00456	0.00301	0.00315
15	0.00588	0.03247	0.02043	0.10092	0.01948	0.05116	0.01276	0.16429	0.02268	0.00884	0.05356	0.05726	0.05922	0.27386	0.09729	0.00179	0.00334	0.00356	0.00831	0.00289
16	0.00502	0.01878	0.04588	0.01897	0.16862	0.00421	0.02422	0.00617	0.02408	0.02056	0.02968	0.09497	0.26430	0.07443	0.00428	0.02785	0.03748	0.00404	0.00197	0.12451
17	0.00626	0.05113	0.28600	0.00678	0.05298	0.05286	0.03762	0.08692	0.04439	0.03570	0.10882	0.09468	0.04070	0.02174	0.01412	0.00098	0.04948	0.00332	0.00192	0.00360
18	0.00732	0.09608	0.23602	0.00915	0.19669	0.19679	0.04410	0.03257	0.00659	0.02295	0.00592	0.00688	0.04270	0.00297	0.00298	0.00082	0.05517	0.00230	0.00145	0.03057

[dist]
# distance from previous block
# <min> <max>
0	4

[block]
# block no. 5 follows, 105 sequences, length 27
# corresponding to MSA columns:
# 156-182
name=unknown_F
#
# <colnr> <probs for GDERKNQSTAVLIFYWHMCP>
#	G	D	E	R	K	N	Q	S	T	A	V	L	I	F	Y	W	H	M	C	P
0	0.05573	0.09899	0.13074	0.11683	0.08506	0.35398	0.05280	0.02537	0.01990	0.00796	0.00483	0.00607	0.00392	0.02307	0.00279	0.00084	0.00410	0.00210	0.00141	0.00351
1	0.02955	0.00639	0.03012	0.00845	0.24135	0.15803	0.04924	0.00775	0.04599	0.02950	0.06124	0.14617	0.09757	0.05179	0.02362	0.00107	0.00310	0.00383	0.00194	0.00332
2	0.00343	0.00249	0.00324	0.00381	0.00406	0.00230	0.00259	0.00398	0.00553	0.00731	0.04205	0.78333	0.09111	0.00849	0.00354	0.00111	0.00161	0.02511	0.00260	0.00229
3	0.00457	0.00422	0.04417	0.02110	0.10986	0.00381	0.01901	0.00589	0.04272	0.02915	0.05357	0.04093	0.41009	0.04449	0.09270	0.00138	0.03342	0.03383	0.00220	0.00289
4	0.00371	0.00259	0.00311	0.00340	0.00354	0.00249	0.00212	0.00398	0.00479	0.00632	0.01310	0.40698	0.07691	0.44416	0.00873	0.00189	0.00213	0.00590	0.00215	0.00199
5	0.00734	0.00627	0.00943	0.18374	0.43296	0.00673	0.00715	0.17524	0.04366	0.03732	0.00603	0.00761	0.00481	0.03259	0.01478	0.00097	0.01492	0.00259	0.00176	0.00411
6	0.00343	0.00248	0.00325	0.00381	0.00404	0.00229	0.00257	0.00398	0.00556	0.00740	0.06980	0.79921	0.06493	0.00847	0.00353	0.00111	0.00159	0.00765	0.00262	0.00229
7	0.92162	0.00540	0.00410	0.00367	0.00540	0.00626	0.00302	0.00821	0.00475	0.01252	0.00389	0.00453	0.00302	0.00259	0.00173	0.00086	0.00216	0.00151	0.00173	0.00302
8	0.00413	0.00306	0.00421	0.00415	0.00445	0.00349	0.00302	0.00476	0.00433	0.00613	0.00772	0.01320	0.00788	0.32095	0.54414	0.00370	0.05356	0.00333	0.00155	0.00225
9	0.01043	0.00764	0.00818	0.00629	0.00847	0.00845	0.00519	0.84539	0.01287	0.01735	0.00678	0.00683	0.00483	0.00335	0.00276	0.00083	0.00301	0.00252	0.03416	0.00467
10	0.03742	0.01530	0.00879	0.01960	0.11964	0.04574	0.00629	0.00721	0.00474	0.00723	0.00392	0.00611	0.00374	0.00436	0.00765	0.00113	0.69422	0.00238	0.00127	0.00324
11	0.00688	0.01405	0.00705	0.00599	0.03690	0.06977	0.08201	0.20070	0.06458	0.02953	0.00889	0.11844	0.04823	0.08182	0.04850	0.00117	0.01096	0.01836	0.00214	0.14404
12	0.00371	0.00300	0.00348	0.00361	0.03378	0.00269	0.00256	0.00462	0.00667	0.00862	0.26239	0.05358	0.53728	0.01874	0.00351	0.00095	0.01698	0.00544	0.02588	0.00251
13	0.03652	0.04261	0.00564	0.04107	0.08059	0.07052	0.00387	0.07724	0.01624	0.02037	0.04160	0.05791	0.21352	0.09669	0.18160	0.00178	0.00354	0.00379	0.00200	0.00292
14	0.00374	0.00286	0.00343	0.00356	0.02059	0.00269	0.00244	0.00441	0.00575	0.00749	0.15391	0.10312	0.34372	0.21095	0.11732	0.00179	0.00251	0.00511	0.00230	0.00230
15	0.00678	0.15502	0.10720	0.05190	0.26556	0.09595	0.03301	0.00868	0.06102	0.00832	0.00576	0.02208	0.01143	0.03557	0.00293	0.00082	0.00329	0.00235	0.00797	0.11435
16	0.00347	0.00278	0.00308	0.00319	0.00392	0.00242	0.00234	0.00420	0.00626	0.00781	0.11629	0.17080	0.57215	0.04471	0.00382	0.00106	0.00154	0.04518	0.00260	0.00235
17	0.00633	0.04786	0.00648	0.02387	0.00710	0.01851	0.00371	0.07816	0.04485	0.00967	0.00551	0.02200	0.00459	0.00241	0.00220	0.00051	0.00227	0.00191	0.00178	0.71028
18	0.02125	0.04555	0.17155	0.04041	0.21060	0.12212	0.00652	0.09214	0.03415	0.05142	0.05974	0.03021	0.00613	0.00385	0.03965	0.00096	0.00351	0.00257	0.00178	0.05589
19	0.08371	0.20797	0.11323	0.00647	0.06458	0.20811	0.01466	0.04331	0.03907	0.02618	0.02705	0.00671	0.00490	0.02124	0.05479	0.03213	0.02013	0.00214	0.02017	0.00345
20	0.00403	0.00283	0.00341	0.00342	0.00409	0.00253	0.00247	0.00487	0.00658	0.05205	0.30150	0.22823	0.31162	0.05475	0.00392	0.00106	0.00155	0.00584	0.00274	0.00251
21	0.00806	0.00799	0.07510	0.00820	0.16848	0.16044	0.02099	0.25820	0.04481	0.03204	0.03211	0.01882	0.02563	0.04259	0.06754	0.00118	0.01923	0.00271	0.00200	0.00388
22	0.00436	0.00316	0.00374	0.02367	0.00463	0.00296	0.00269	0.03143	0.03426	0.04747	0.29506	0.12584	0.33176	0.07150	0.00406	0.00107	0.00167	0.00533	0.00270	0.00264
23	0.01909	0.00594	0.00635	0.10079	0.09670	0.11747	0.00459	0.12964	0.11710	0.00934	0.03633	0.04483	0.14106	0.13467	0.00466	0.00115	0.02142	0.00350	0.00208	0.00328
24	0.00573	0.00451	0.00440	0.00431	0.02593	0.10493	0.01540	0.08004	0.02176	0.00933	0.05917	0.15637	0.06839	0.10625	0.00396	0.00103	0.00221	0.00391	0.31960	0.00278
25	0.11862	0.02895	0.00680	0.01922	0.03898	0.09932	0.11173	0.07209	0.00638	0.00899	0.03964	0.18282	0.06284	0.09655	0.00406	0.00106	0.01472	0.00382	0.00196	0.08147
26	0.00745	0.02668	0.00996	0.03057	0.56352	0.08908	0.00723	0.08438	0.11115	0.00984	0.01468	0.00756	0.01966	0.00286	0.00275	0.00083	0.00327	0.00256	0.00171	0.00424

[dist]
# distance from previous block
# <min> <max>
2	8

[block]
# block no. 6 follows, 105 sequences, length 6
# corresponding to MSA columns:
# 191-196
name=unknown_G
#
# <colnr> <probs for GDERKNQSTAVLIFYWHMCP>
#	G	D	E	R	K	N	Q	S	T	A	V	L	I	F	Y	W	H	M	C	P
0	0.00366	0.00265	0.00327	0.00349	0.00382	0.00252	0.00235	0.00420	0.00547	0.00727	0.13545	0.36697	0.14838	0.23879	0.05738	0.00167	0.00216	0.00594	0.00236	0.00220
1	0.00604	0.03028	0.00559	0.05274	0.02852	0.00504	0.00370	0.22788	0.03053	0.01006	0.06616	0.10762	0.11104	0.20220	0.00569	0.00130	0.04356	0.00397	0.05502	0.00306
2	0.00363	0.00270	0.00323	0.00351	0.00396	0.00249	0.00248	0.00422	0.00569	0.00731	0.06843	0.33705	0.28322	0.16666	0.00539	0.00135	0.00183	0.09214	0.00246	0.00224
3	0.00582	0.00536	0.05353	0.07684	0.05599	0.02990	0.03165	0.12241	0.11939	0.00928	0.04345	0.03117	0.10002	0.15187	0.09844	0.00159	0.00330	0.05468	0.00209	0.00321
4	0.34731	0.00712	0.00649	0.00529	0.00720	0.07779	0.00431	0.44580	0.00928	0.01453	0.00558	0.00594	0.00413	0.00303	0.00234	0.00083	0.00281	0.00209	0.04424	0.00389
5	0.00847	0.02910	0.00641	0.03734	0.00722	0.13254	0.00422	0.11210	0.07082	0.25449	0.01091	0.06859	0.11737	0.00485	0.04239	0.00101	0.02171	0.00326	0.00248	0.06471

[dist]
# distance from previous block
# <min> <max>
0	1

[block]
# block no. 7 follows, 105 sequences, length 40
# corresponding to MSA columns:
# 198-237
name=unknown_H
#
# <colnr> <probs for GDERKNQSTAVLIFYWHMCP>
#	G	D	E	R	K	N	Q	S	T	A	V	L	I	F	Y	W	H	M	C	P
0	0.00890	0.31525	0.00995	0.00596	0.00772	0.36781	0.00495	0.13972	0.00761	0.00843	0.00482	0.00577	0.00411	0.03392	0.00292	0.00078	0.03335	0.00193	0.03261	0.00350
1	0.00484	0.00351	0.00516	0.00624	0.15403	0.00354	0.00382	0.00558	0.00519	0.05313	0.00976	0.27186	0.01038	0.14727	0.24341	0.03496	0.00373	0.01490	0.00194	0.01678
2	0.21938	0.03426	0.00721	0.02045	0.01652	0.05784	0.17124	0.03250	0.00610	0.02386	0.03140	0.08589	0.17226	0.03398	0.00327	0.00095	0.02632	0.00352	0.00193	0.05111
3	0.05371	0.07594	0.03037	0.03421	0.14107	0.04264	0.01890	0.04999	0.05618	0.00875	0.09549	0.11831	0.09126	0.11044	0.01442	0.00116	0.03278	0.01924	0.00201	0.00314
4	0.00349	0.00256	0.00328	0.00369	0.00404	0.00235	0.00254	0.00416	0.00594	0.00794	0.18013	0.63210	0.12154	0.00798	0.00348	0.00106	0.00154	0.00715	0.00268	0.00235
5	0.09112	0.00727	0.00948	0.05468	0.05762	0.12794	0.23330	0.05498	0.22455	0.00987	0.00711	0.01711	0.00573	0.00330	0.00316	0.00092	0.04667	0.03953	0.00191	0.00374
6	0.00806	0.00929	0.02947	0.00945	0.12150	0.33725	0.26369	0.06187	0.02127	0.00872	0.05133	0.00739	0.00540	0.01811	0.01842	0.00093	0.02000	0.00264	0.00161	0.00360
7	0.00427	0.00314	0.00355	0.00355	0.00394	0.00320	0.00233	0.00553	0.12073	0.00689	0.02638	0.12351	0.12398	0.50420	0.04102	0.00207	0.00249	0.01486	0.00209	0.00226
8	0.00921	0.00463	0.00580	0.00474	0.00637	0.00444	0.00380	0.14081	0.05444	0.42811	0.20284	0.06324	0.01163	0.00425	0.00292	0.00087	0.00215	0.00356	0.04214	0.00403
9	0.00936	0.04467	0.04012	0.00602	0.00789	0.03052	0.04081	0.22694	0.12201	0.28584	0.00855	0.05481	0.00642	0.00398	0.01546	0.00095	0.08588	0.00293	0.00261	0.00423
10	0.01297	0.09719	0.00740	0.00667	0.12491	0.03383	0.04667	0.13315	0.04796	0.01582	0.03665	0.11323	0.05075	0.10505	0.13852	0.00162	0.00350	0.01884	0.00198	0.00328
11	0.00339	0.00273	0.00296	0.00311	0.00380	0.00236	0.00222	0.00401	0.00603	0.00741	0.04605	0.22956	0.60705	0.06159	0.00402	0.00109	0.00154	0.00623	0.00255	0.00230
12	0.00550	0.00512	0.00863	0.57001	0.20634	0.00593	0.02595	0.00717	0.00561	0.00748	0.00542	0.00808	0.00443	0.04145	0.08042	0.00129	0.00394	0.00261	0.00132	0.00329
13	0.00816	0.00661	0.01950	0.16894	0.14422	0.10653	0.00583	0.19921	0.00794	0.13974	0.02082	0.10899	0.00653	0.00378	0.00312	0.00089	0.04011	0.00311	0.00213	0.00383
14	0.00459	0.00372	0.00521	0.00512	0.02545	0.01859	0.05316	0.01595	0.03733	0.00749	0.00988	0.30329	0.01043	0.06517	0.26744	0.00216	0.08319	0.00459	0.07460	0.00265
15	0.00610	0.00580	0.00986	0.45263	0.45534	0.00642	0.00816	0.00785	0.00597	0.00813	0.00511	0.00717	0.00407	0.00264	0.00278	0.00088	0.00352	0.00248	0.00131	0.00377
16	0.00600	0.00465	0.00664	0.00815	0.27733	0.00460	0.00473	0.08469	0.00635	0.05929	0.02910	0.13770	0.05025	0.15772	0.08787	0.00151	0.00306	0.00376	0.00198	0.06462
17	0.00595	0.00477	0.00569	0.00425	0.00644	0.00383	0.00339	0.03588	0.00609	0.04150	0.04502	0.00711	0.00552	0.00405	0.08344	0.00084	0.00257	0.00200	0.00181	0.72986
18	0.04644	0.34394	0.32574	0.00637	0.00919	0.15159	0.00682	0.06528	0.00656	0.00840	0.00454	0.00522	0.00362	0.00263	0.00228	0.00075	0.00370	0.00181	0.00135	0.00377
19	0.05501	0.00512	0.00570	0.00451	0.00640	0.00486	0.00361	0.19476	0.05710	0.06824	0.04550	0.03847	0.05514	0.00365	0.01838	0.00075	0.00226	0.00269	0.08055	0.34731
20	0.00399	0.00298	0.00445	0.00445	0.00493	0.00347	0.00344	0.00496	0.00447	0.00645	0.00751	0.01116	0.00706	0.04488	0.86702	0.00444	0.00735	0.00302	0.00150	0.00247
21	0.00691	0.00660	0.01107	0.01653	0.83846	0.00665	0.00835	0.00890	0.05217	0.00925	0.00557	0.00709	0.00464	0.00256	0.00277	0.00084	0.00326	0.00252	0.00146	0.00442
22	0.72144	0.00640	0.07543	0.00429	0.00624	0.04377	0.00381	0.00890	0.00529	0.09636	0.00468	0.00514	0.00346	0.00269	0.00194	0.00086	0.00246	0.00169	0.00184	0.00329
23	0.01564	0.00599	0.00943	0.06032	0.53135	0.00602	0.00699	0.04139	0.04975	0.19584	0.00690	0.00781	0.00522	0.00359	0.04062	0.00100	0.00324	0.00260	0.00195	0.00434
24	0.92162	0.00540	0.00410	0.00367	0.00540	0.00626	0.00302	0.00821	0.00475	0.01252	0.00389	0.00453	0.00302	0.00259	0.00173	0.00086	0.00216	0.00151	0.00173	0.00302
25	0.00372	0.00293	0.00329	0.00329	0.00401	0.00268	0.00238	0.00485	0.05217	0.00833	0.21796	0.14051	0.44431	0.09177	0.00434	0.00112	0.00158	0.00566	0.00263	0.00245
26	0.00411	0.00309	0.00429	0.00425	0.00477	0.00305	0.04637	0.04054	0.00581	0.00790	0.11165	0.42247	0.06619	0.11342	0.13163	0.00173	0.00275	0.00578	0.01774	0.00246
27	0.00411	0.00316	0.00464	0.00499	0.04881	0.00354	0.00353	0.00496	0.00467	0.00663	0.00861	0.15254	0.00884	0.09258	0.60311	0.00352	0.03375	0.00383	0.00167	0.00250
28	0.02472	0.10163	0.14965	0.00900	0.21424	0.08156	0.10553	0.04502	0.00653	0.03098	0.05041	0.08343	0.01973	0.04086	0.01820	0.00099	0.00343	0.00876	0.00168	0.00365
29	0.11892	0.13491	0.02051	0.00631	0.01496	0.52092	0.02573	0.03186	0.01517	0.00792	0.00556	0.00626	0.04336	0.00357	0.03212	0.00087	0.00421	0.00202	0.00154	0.00328
30	0.00575	0.01326	0.75623	0.00872	0.08004	0.00661	0.02856	0.00871	0.00586	0.00876	0.00497	0.00602	0.00363	0.00274	0.00300	0.00090	0.04880	0.00214	0.00120	0.00409
31	0.00552	0.00521	0.03886	0.05441	0.24573	0.01208	0.00501	0.06495	0.10545	0.00916	0.03240	0.03053	0.31949	0.03446	0.00336	0.00095	0.00245	0.00919	0.00214	0.01865
32	0.00382	0.00324	0.00415	0.00409	0.04086	0.00285	0.04625	0.00481	0.00675	0.00866	0.25467	0.04880	0.53916	0.00628	0.00327	0.00092	0.00164	0.00541	0.00260	0.01177
33	0.00562	0.00504	0.01421	0.02150	0.12108	0.06118	0.01624	0.08713	0.12606	0.00960	0.12749	0.16596	0.19951	0.01803	0.00326	0.00095	0.00231	0.00918	0.00241	0.00325
34	0.00427	0.00318	0.00477	0.04360	0.02545	0.00309	0.08294	0.00523	0.00575	0.00824	0.07290	0.48512	0.02201	0.02711	0.00869	0.00104	0.00201	0.00574	0.18630	0.00257
35	0.00691	0.00663	0.01133	0.01713	0.88449	0.00663	0.00857	0.00857	0.00636	0.00912	0.00525	0.00691	0.00442	0.00249	0.00276	0.00083	0.00332	0.00249	0.00138	0.00442
36	0.00592	0.01028	0.44726	0.00977	0.18181	0.00620	0.14116	0.00861	0.03819	0.00892	0.00624	0.05161	0.01753	0.00295	0.00280	0.00087	0.00371	0.00270	0.00143	0.05203
37	0.69351	0.00530	0.00474	0.00477	0.07417	0.00595	0.00344	0.05117	0.00540	0.01182	0.00627	0.00717	0.07341	0.04015	0.00250	0.00094	0.00226	0.00209	0.00182	0.00311
38	0.00729	0.00706	0.01099	0.01605	0.79224	0.05555	0.00823	0.05213	0.00678	0.00942	0.00527	0.00679	0.00439	0.00255	0.00275	0.00082	0.00340	0.00245	0.00146	0.00437
39	0.00691	0.00668	0.01065	0.04042	0.75411	0.03597	0.00805	0.00893	0.06273	0.00909	0.00566	0.00718	0.00470	0.00302	0.02326	0.00092	0.00341	0.00252	0.00148	0.00430

[dist]
# distance from previous block
# <min> <max>
0	7

# created by:
# /share/home/app/bin/augustus-3.3.1/scripts/msa2prfl.pl /dev/shm/tmp/ogap_db/mt-Sar/msas/rpl6.aln --setname=rpl6
