[name]
rps10

[dist]
# distance from previous block
# <min> <max>
0	989

[block]
# block no. 0 follows, 98 sequences, length 18
# corresponding to MSA columns:
# 989-1006
name=unknown_A
#
# <colnr> <probs for GDERKNQSTAVLIFYWHMCP>
#	G	D	E	R	K	N	Q	S	T	A	V	L	I	F	Y	W	H	M	C	P
0	0.00557	0.00543	0.06856	0.03693	0.12226	0.02354	0.04957	0.05652	0.03387	0.00900	0.01300	0.09869	0.15614	0.11529	0.02989	0.00135	0.00299	0.12337	0.02938	0.01864
1	0.00471	0.00336	0.00408	0.00405	0.00468	0.02817	0.03324	0.00568	0.00583	0.00847	0.01301	0.20607	0.10974	0.08701	0.16173	0.00179	0.00305	0.03469	0.27803	0.00261
2	0.00617	0.02452	0.16001	0.04969	0.13832	0.06393	0.00605	0.03989	0.09097	0.00908	0.00928	0.12981	0.05328	0.03809	0.08789	0.00138	0.02688	0.00362	0.03153	0.02960
3	0.00380	0.00284	0.00346	0.00369	0.00422	0.00259	0.00261	0.00457	0.00651	0.00855	0.21333	0.35839	0.25954	0.07651	0.00451	0.00122	0.00171	0.03669	0.00279	0.00248
4	0.00643	0.00530	0.00820	0.21256	0.22189	0.00581	0.03384	0.07916	0.04963	0.00876	0.03195	0.00881	0.00572	0.02272	0.02855	0.22685	0.03608	0.00281	0.00164	0.00331
5	0.00540	0.00393	0.00435	0.00401	0.00503	0.00384	0.00301	0.15659	0.01986	0.02767	0.13057	0.14877	0.33220	0.07835	0.00427	0.00113	0.00196	0.00533	0.06073	0.00301
6	0.00741	0.00659	0.04211	0.01866	0.15730	0.00655	0.11765	0.18371	0.17980	0.03043	0.06070	0.05988	0.03861	0.01514	0.02754	0.00108	0.00318	0.00967	0.02984	0.00416
7	0.00971	0.00716	0.00772	0.00616	0.00814	0.00789	0.00496	0.59604	0.14231	0.03856	0.00896	0.00966	0.03633	0.08249	0.01922	0.00115	0.00308	0.00305	0.00285	0.00456
8	0.04318	0.03903	0.00873	0.00999	0.31275	0.01491	0.00606	0.05675	0.18140	0.06287	0.03834	0.00953	0.01962	0.05730	0.00460	0.03049	0.09533	0.00296	0.00208	0.00409
9	0.00987	0.16886	0.00978	0.00694	0.00877	0.43082	0.03119	0.17132	0.06266	0.00980	0.00558	0.00618	0.00448	0.00318	0.00286	0.00080	0.03552	0.00217	0.02536	0.00386
10	0.00586	0.00541	0.01882	0.00922	0.30109	0.05035	0.03118	0.04339	0.00656	0.00873	0.03370	0.18851	0.11333	0.13167	0.02411	0.00132	0.00298	0.00450	0.00204	0.01723
11	0.00701	0.00798	0.12308	0.01808	0.31891	0.07114	0.12517	0.04042	0.02376	0.03425	0.01688	0.05532	0.09286	0.00366	0.00319	0.00092	0.02071	0.00332	0.00181	0.03152
12	0.00938	0.00812	0.00821	0.00808	0.14318	0.17536	0.00558	0.37087	0.03271	0.04592	0.05709	0.04152	0.04108	0.00383	0.00295	0.00088	0.00334	0.00305	0.03459	0.00426
13	0.00403	0.00304	0.00359	0.00387	0.00441	0.00283	0.00270	0.05235	0.00639	0.00821	0.01970	0.52719	0.28717	0.05485	0.00423	0.00121	0.00179	0.00719	0.00271	0.00255
14	0.00770	0.06069	0.05919	0.03744	0.33934	0.18304	0.04071	0.03962	0.05699	0.00901	0.00718	0.00875	0.05258	0.05226	0.00375	0.00099	0.03234	0.00276	0.00167	0.00398
15	0.00721	0.00710	0.00843	0.07386	0.10405	0.18591	0.10963	0.06285	0.02171	0.03360	0.02722	0.13087	0.02297	0.05556	0.05547	0.00130	0.05567	0.03120	0.00194	0.00345
16	0.00413	0.00282	0.00362	0.00381	0.00404	0.00283	0.00254	0.00445	0.00500	0.00676	0.03644	0.27595	0.05460	0.31993	0.16520	0.08422	0.00327	0.00526	0.01299	0.00215
17	0.03036	0.00546	0.00702	0.03563	0.14901	0.06434	0.05334	0.06456	0.04485	0.05036	0.08044	0.15068	0.04896	0.09019	0.03545	0.00127	0.02829	0.00412	0.04509	0.01058

[dist]
# distance from previous block
# <min> <max>
5	32

[block]
# block no. 1 follows, 98 sequences, length 9
# corresponding to MSA columns:
# 1050-1058
name=unknown_B
#
# <colnr> <probs for GDERKNQSTAVLIFYWHMCP>
#	G	D	E	R	K	N	Q	S	T	A	V	L	I	F	Y	W	H	M	C	P
0	0.00641	0.03085	0.00608	0.02273	0.03450	0.06638	0.02880	0.14853	0.02329	0.03325	0.12055	0.03609	0.18942	0.18454	0.00568	0.00132	0.01896	0.01808	0.00240	0.02216
1	0.00589	0.00521	0.02288	0.02122	0.09344	0.03513	0.11625	0.05575	0.00673	0.03825	0.05316	0.11956	0.16590	0.10734	0.03786	0.00132	0.03937	0.00437	0.03393	0.03643
2	0.15494	0.03297	0.00901	0.07329	0.18535	0.03675	0.08822	0.19979	0.03730	0.01187	0.04337	0.02389	0.01823	0.02244	0.02911	0.00105	0.00338	0.00282	0.00203	0.02417
3	0.00680	0.00555	0.00682	0.00590	0.03137	0.03544	0.07866	0.22851	0.03959	0.01115	0.03536	0.04096	0.15524	0.06901	0.10170	0.00147	0.02524	0.00374	0.08120	0.03631
4	0.00547	0.00448	0.00584	0.05855	0.00686	0.00468	0.07272	0.07091	0.16488	0.00923	0.06418	0.08129	0.15575	0.24198	0.03883	0.00163	0.00282	0.00449	0.00236	0.00308
5	0.26158	0.00702	0.00828	0.03468	0.03043	0.09429	0.14886	0.12373	0.03696	0.09048	0.00630	0.00714	0.00476	0.00401	0.05053	0.00109	0.00356	0.00245	0.02326	0.06060
6	0.00483	0.00406	0.00606	0.00689	0.13952	0.00394	0.06419	0.00627	0.06401	0.00848	0.04103	0.42106	0.08565	0.05571	0.02322	0.00125	0.00247	0.03041	0.00239	0.02856
7	0.00786	0.00702	0.00912	0.06728	0.19348	0.05931	0.07144	0.21366	0.02424	0.01147	0.00630	0.03916	0.00518	0.00302	0.00278	0.00077	0.00323	0.00263	0.00198	0.27009
8	0.00720	0.02900	0.00822	0.04600	0.21042	0.11923	0.02672	0.05867	0.23183	0.01008	0.02795	0.01222	0.14727	0.00415	0.00323	0.00094	0.02922	0.02148	0.00221	0.00397

[dist]
# distance from previous block
# <min> <max>
0	1

[block]
# block no. 2 follows, 98 sequences, length 35
# corresponding to MSA columns:
# 1060-1094
name=unknown_C
#
# <colnr> <probs for GDERKNQSTAVLIFYWHMCP>
#	G	D	E	R	K	N	Q	S	T	A	V	L	I	F	Y	W	H	M	C	P
0	0.00780	0.02306	0.05510	0.10462	0.42798	0.17684	0.04173	0.05218	0.02250	0.00931	0.00632	0.02888	0.02441	0.00309	0.00292	0.00088	0.00388	0.00272	0.00161	0.00415
1	0.00567	0.00564	0.00626	0.09156	0.12363	0.13368	0.02570	0.00704	0.03928	0.00836	0.07091	0.03774	0.33253	0.02704	0.07088	0.00128	0.00321	0.00431	0.00216	0.00313
2	0.00718	0.00666	0.01036	0.07245	0.58170	0.00703	0.00781	0.04120	0.14374	0.01006	0.00712	0.00857	0.02295	0.02129	0.00347	0.00096	0.03838	0.00285	0.00178	0.00444
3	0.00547	0.00501	0.00738	0.33016	0.18946	0.02294	0.00604	0.00704	0.03087	0.00818	0.03320	0.03597	0.19608	0.07997	0.00425	0.00113	0.02114	0.00378	0.00866	0.00328
4	0.00432	0.00309	0.00375	0.03600	0.00430	0.00322	0.00243	0.00463	0.00471	0.00629	0.02944	0.01848	0.08108	0.64203	0.12157	0.00280	0.02372	0.00424	0.00185	0.00206
5	0.00823	0.00679	0.00718	0.00619	0.00802	0.00776	0.00489	0.20776	0.67882	0.01378	0.01092	0.01015	0.00813	0.00391	0.00300	0.00098	0.00255	0.00319	0.00300	0.00476
6	0.00385	0.00287	0.00359	0.00380	0.00434	0.00259	0.00267	0.00467	0.00657	0.00884	0.25571	0.45135	0.16498	0.03307	0.00391	0.00111	0.00164	0.00684	0.00282	0.03475
7	0.00362	0.00260	0.00341	0.00404	0.00424	0.00242	0.00269	0.00413	0.00566	0.00750	0.01659	0.82927	0.05284	0.04056	0.00416	0.00125	0.00175	0.00818	0.00271	0.00238
8	0.00661	0.00629	0.01051	0.36771	0.41813	0.00689	0.04556	0.00906	0.08271	0.00904	0.00603	0.00790	0.00476	0.00288	0.00297	0.00094	0.00365	0.00273	0.00154	0.00409
9	0.01132	0.00815	0.00880	0.00674	0.00911	0.00898	0.00557	0.83432	0.01369	0.05240	0.00728	0.00722	0.00512	0.00355	0.00296	0.00089	0.00322	0.00267	0.00299	0.00503
10	0.00613	0.00526	0.00613	0.00438	0.00701	0.00394	0.00350	0.00745	0.00613	0.00964	0.00526	0.00613	0.00438	0.00219	0.00219	0.00044	0.00219	0.00175	0.00175	0.91416
11	0.00584	0.00570	0.00729	0.00663	0.00677	0.05626	0.00528	0.00646	0.00509	0.00726	0.00774	0.27958	0.00870	0.00631	0.00748	0.00124	0.56728	0.00434	0.00175	0.00299
12	0.30307	0.00398	0.00419	0.00383	0.00496	0.00410	0.00298	0.00692	0.00728	0.04438	0.55895	0.01599	0.01906	0.00488	0.00293	0.00092	0.00173	0.00403	0.00280	0.00301
13	0.01012	0.02955	0.00816	0.00723	0.00866	0.71292	0.00550	0.04447	0.00805	0.00763	0.00500	0.00610	0.00425	0.00519	0.09819	0.00121	0.03069	0.00208	0.00157	0.00341
14	0.00739	0.00716	0.01193	0.01795	0.86132	0.02351	0.00901	0.00913	0.00676	0.00961	0.00554	0.00728	0.00467	0.00264	0.00292	0.00088	0.00355	0.00262	0.00146	0.00466
15	0.00803	0.00694	0.00964	0.09440	0.44977	0.07120	0.00720	0.03772	0.13291	0.10279	0.00814	0.00895	0.04259	0.00324	0.00295	0.00091	0.00332	0.00287	0.00202	0.00442
16	0.01213	0.00686	0.00799	0.00613	0.00846	0.00706	0.00506	0.49399	0.01152	0.39579	0.00910	0.00840	0.00603	0.00360	0.00296	0.00090	0.00293	0.00280	0.00327	0.00503
17	0.00662	0.00667	0.01233	0.18119	0.40083	0.00674	0.25547	0.00857	0.00665	0.00909	0.00724	0.00927	0.05691	0.00303	0.00315	0.00095	0.00389	0.01582	0.00154	0.00406
18	0.00666	0.28316	0.54238	0.00742	0.01101	0.03039	0.04020	0.00918	0.00630	0.00864	0.02632	0.00622	0.00438	0.00280	0.00257	0.00084	0.00398	0.00212	0.00132	0.00412
19	0.00685	0.00742	0.01438	0.03045	0.03365	0.00783	0.56051	0.00920	0.05819	0.00902	0.00579	0.00776	0.00460	0.00327	0.00499	0.00107	0.22642	0.00322	0.00153	0.00384
20	0.00424	0.00288	0.00342	0.00346	0.00354	0.00293	0.00208	0.00440	0.00445	0.00599	0.00966	0.08148	0.01100	0.73171	0.11420	0.00296	0.00336	0.00447	0.00184	0.00193
21	0.02464	0.04424	0.53137	0.00720	0.01035	0.04984	0.02752	0.02983	0.03709	0.00930	0.00842	0.04155	0.08902	0.00410	0.02399	0.00103	0.02911	0.00289	0.02458	0.00393
22	0.00521	0.00458	0.02414	0.14295	0.09069	0.00473	0.03632	0.03595	0.07098	0.00851	0.05561	0.07784	0.11933	0.11654	0.19152	0.00201	0.00391	0.00404	0.00202	0.00312
23	0.00605	0.00545	0.00819	0.42139	0.15728	0.03622	0.02100	0.00761	0.00635	0.03906	0.03400	0.02302	0.12713	0.00388	0.00342	0.00097	0.05575	0.00329	0.03649	0.00344
24	0.00588	0.00859	0.27542	0.00734	0.09115	0.09358	0.02809	0.00799	0.04725	0.00901	0.11815	0.08654	0.07755	0.06298	0.03448	0.00122	0.01588	0.02341	0.00196	0.00352
25	0.00454	0.00347	0.00495	0.00483	0.00529	0.00409	0.00372	0.01942	0.00489	0.00707	0.00793	0.03167	0.00766	0.10065	0.68172	0.00408	0.07811	0.00333	0.01994	0.00265
26	0.06066	0.00726	0.02919	0.24842	0.14998	0.08688	0.00658	0.20727	0.09748	0.01140	0.01403	0.03488	0.00554	0.00337	0.00287	0.00092	0.00344	0.00278	0.02299	0.00404
27	0.05374	0.00629	0.00831	0.10641	0.21361	0.06464	0.04738	0.13014	0.00761	0.02169	0.09225	0.01013	0.01784	0.02226	0.07651	0.00124	0.00361	0.02634	0.01684	0.07317
28	0.02283	0.00570	0.03660	0.00836	0.12672	0.03618	0.19710	0.00753	0.05551	0.00859	0.03388	0.13896	0.04047	0.04872	0.20554	0.00194	0.01606	0.00405	0.00189	0.00336
29	0.00407	0.00304	0.00348	0.00352	0.00400	0.00296	0.00237	0.00482	0.03742	0.00713	0.03294	0.10904	0.29097	0.37294	0.10653	0.00220	0.00283	0.00520	0.00224	0.00230
30	0.00606	0.10008	0.00729	0.00716	0.16929	0.03511	0.00468	0.04013	0.08485	0.01795	0.08076	0.10236	0.11319	0.02602	0.10594	0.00141	0.02961	0.00391	0.06075	0.00345
31	0.00372	0.00286	0.00325	0.00343	0.00401	0.00255	0.00238	0.00435	0.00624	0.00794	0.11125	0.27490	0.41566	0.13758	0.00526	0.00132	0.00175	0.00649	0.00266	0.00240
32	0.00660	0.03776	0.14100	0.00922	0.24433	0.06175	0.01305	0.05935	0.05995	0.00927	0.02450	0.07081	0.04146	0.10111	0.03640	0.00128	0.05028	0.00333	0.02480	0.00375
33	0.07832	0.00651	0.00648	0.00542	0.00703	0.06779	0.00427	0.36305	0.09408	0.02979	0.08013	0.01138	0.06710	0.08607	0.03289	0.00120	0.00297	0.00323	0.04836	0.00390
34	0.00745	0.04537	0.03682	0.03457	0.09916	0.13614	0.06086	0.13410	0.05625	0.02915	0.04788	0.04246	0.02685	0.08971	0.09297	0.00146	0.01512	0.00318	0.01389	0.02662

[dist]
# distance from previous block
# <min> <max>
4	12

[block]
# block no. 3 follows, 98 sequences, length 7
# corresponding to MSA columns:
# 1109-1115
name=unknown_D
#
# <colnr> <probs for GDERKNQSTAVLIFYWHMCP>
#	G	D	E	R	K	N	Q	S	T	A	V	L	I	F	Y	W	H	M	C	P
0	0.00877	0.01866	0.05886	0.02305	0.10375	0.10111	0.00521	0.06802	0.03076	0.27343	0.04470	0.06055	0.05666	0.04289	0.06589	0.00128	0.02656	0.00338	0.00249	0.00399
1	0.00454	0.00302	0.00363	0.00374	0.00420	0.00292	0.00256	0.02765	0.00586	0.03798	0.05193	0.31011	0.13612	0.24831	0.06609	0.00179	0.00244	0.00569	0.07894	0.00247
2	0.00404	0.00284	0.00349	0.00377	0.00426	0.00259	0.00264	0.00460	0.00608	0.02977	0.08521	0.41759	0.25301	0.08384	0.00500	0.04550	0.00183	0.03885	0.00265	0.00243
3	0.00662	0.11560	0.08124	0.03045	0.21607	0.03502	0.08013	0.02822	0.02394	0.00857	0.00830	0.01047	0.09581	0.01653	0.01719	0.02526	0.15446	0.04075	0.00165	0.00371
4	0.00562	0.00545	0.06528	0.04344	0.16796	0.02269	0.00505	0.07798	0.04035	0.00966	0.09307	0.09073	0.23081	0.05680	0.00398	0.00110	0.00261	0.07173	0.00234	0.00337
5	0.00383	0.00291	0.00352	0.00379	0.00430	0.00272	0.00265	0.00476	0.03481	0.00814	0.11137	0.43195	0.25772	0.06879	0.04335	0.00138	0.00199	0.00680	0.00269	0.00251
6	0.00768	0.04990	0.01013	0.06316	0.30371	0.07539	0.09400	0.02390	0.10162	0.08738	0.00804	0.07243	0.02937	0.00368	0.00341	0.00094	0.05594	0.00323	0.00196	0.00412

[dist]
# distance from previous block
# <min> <max>
0	5

[block]
# block no. 4 follows, 98 sequences, length 10
# corresponding to MSA columns:
# 1121-1130
name=unknown_E
#
# <colnr> <probs for GDERKNQSTAVLIFYWHMCP>
#	G	D	E	R	K	N	Q	S	T	A	V	L	I	F	Y	W	H	M	C	P
0	0.23816	0.26413	0.06928	0.00611	0.03195	0.25111	0.00524	0.03473	0.00678	0.04296	0.00476	0.00540	0.00385	0.00282	0.00226	0.00078	0.00359	0.00183	0.00164	0.02260
1	0.00514	0.00416	0.00476	0.00490	0.05281	0.03766	0.00341	0.05340	0.07393	0.02341	0.31310	0.15095	0.22187	0.03251	0.00374	0.00104	0.00197	0.00537	0.00282	0.00306
2	0.00666	0.00594	0.00818	0.03610	0.32582	0.06282	0.03556	0.06858	0.05855	0.02936	0.03166	0.22387	0.03519	0.05358	0.00384	0.00108	0.00300	0.00433	0.00212	0.00375
3	0.00457	0.00336	0.00388	0.00392	0.00466	0.00325	0.00291	0.06097	0.03443	0.00921	0.10265	0.21925	0.27924	0.07986	0.02267	0.00127	0.00202	0.08215	0.07700	0.00272
4	0.00751	0.00870	0.10329	0.06190	0.50473	0.12987	0.03786	0.00982	0.07149	0.00934	0.00637	0.00768	0.02236	0.00292	0.00292	0.00089	0.00380	0.00264	0.00158	0.00433
5	0.00462	0.00356	0.00405	0.00385	0.00474	0.00341	0.00285	0.07638	0.05434	0.01012	0.29013	0.12368	0.33448	0.06532	0.00422	0.00111	0.00177	0.00563	0.00287	0.00286
6	0.00690	0.00678	0.05810	0.02935	0.50275	0.00642	0.04178	0.08969	0.00744	0.01044	0.09266	0.03097	0.03549	0.00396	0.01948	0.00100	0.01996	0.03074	0.00188	0.00421
7	0.02588	0.00346	0.00381	0.02379	0.00467	0.02319	0.00272	0.02661	0.00618	0.00804	0.09444	0.18165	0.31829	0.21481	0.03224	0.00157	0.01815	0.00557	0.00243	0.00248
8	0.00669	0.00595	0.02475	0.04138	0.08503	0.05350	0.08889	0.15108	0.08080	0.02848	0.01322	0.13762	0.18140	0.03388	0.00359	0.00103	0.00286	0.01659	0.02832	0.01494
9	0.00641	0.00675	0.07334	0.02390	0.17377	0.12447	0.00535	0.07294	0.04139	0.00920	0.02170	0.19494	0.12088	0.04016	0.02960	0.00115	0.01733	0.00431	0.02896	0.00346

[dist]
# distance from previous block
# <min> <max>
0	94

# created by:
# /share/home/app/bin/augustus-3.3.1/scripts/msa2prfl.pl /dev/shm/tmp/ogap_db/mt-Sar/msas/rps10.aln --setname=rps10
