[name]
rps14

[dist]
# distance from previous block
# <min> <max>
0	20

[block]
# block no. 0 follows, 102 sequences, length 25
# corresponding to MSA columns:
# 20-44
name=unknown_A
#
# <colnr> <probs for GDERKNQSTAVLIFYWHMCP>
#	G	D	E	R	K	N	Q	S	T	A	V	L	I	F	Y	W	H	M	C	P
0	0.00518	0.00454	0.00672	0.03373	0.14790	0.03763	0.08858	0.02339	0.00634	0.00838	0.02911	0.26591	0.05844	0.03167	0.02833	0.00122	0.00287	0.20225	0.01478	0.00302
1	0.00468	0.00406	0.00543	0.13514	0.13020	0.02097	0.00426	0.00601	0.04534	0.00811	0.08327	0.14344	0.27349	0.08433	0.02072	0.00120	0.00245	0.02180	0.00220	0.00289
2	0.05844	0.00772	0.13471	0.07572	0.17317	0.10183	0.05451	0.08175	0.03029	0.06028	0.01641	0.02605	0.03436	0.05690	0.05235	0.01827	0.00369	0.00281	0.00702	0.00370
3	0.00660	0.00596	0.00969	0.08065	0.51619	0.00611	0.04435	0.04643	0.04129	0.02423	0.00804	0.08644	0.03284	0.00377	0.00312	0.00094	0.01535	0.06221	0.00179	0.00402
4	0.00784	0.61729	0.06511	0.00554	0.00780	0.14677	0.00532	0.02937	0.00642	0.00732	0.00507	0.00702	0.00471	0.00300	0.00220	0.00071	0.00342	0.07007	0.00141	0.00359
5	0.00550	0.00498	0.00781	0.06464	0.31178	0.00531	0.03589	0.02587	0.00592	0.00816	0.00996	0.05275	0.14009	0.02322	0.20765	0.00182	0.08004	0.00351	0.00171	0.00338
6	0.00682	0.00702	0.03421	0.05558	0.60534	0.06227	0.05701	0.00845	0.00642	0.00880	0.00647	0.00812	0.04391	0.00391	0.05270	0.00108	0.02359	0.00272	0.00147	0.00411
7	0.00630	0.00655	0.00865	0.25119	0.16302	0.14871	0.10343	0.00784	0.02415	0.00799	0.01893	0.12349	0.08962	0.00407	0.00317	0.00094	0.02328	0.00362	0.00171	0.00335
8	0.00551	0.00529	0.00924	0.82262	0.01932	0.00642	0.07657	0.00745	0.00580	0.00745	0.00514	0.00763	0.00385	0.00282	0.00290	0.00095	0.00389	0.00261	0.00128	0.00323
9	0.01975	0.01863	0.05324	0.02830	0.24078	0.07402	0.13036	0.06176	0.00672	0.00902	0.04525	0.10333	0.04655	0.03910	0.08246	0.00132	0.00957	0.02447	0.00181	0.00354
10	0.05744	0.00528	0.00627	0.04868	0.06866	0.06893	0.04207	0.14839	0.03054	0.01658	0.02701	0.31226	0.03680	0.04579	0.03486	0.01986	0.02052	0.00465	0.00223	0.00318
11	0.00452	0.00320	0.00363	0.00356	0.00385	0.02778	0.00231	0.00488	0.00491	0.03242	0.07156	0.03107	0.06764	0.57872	0.14575	0.00266	0.00337	0.00414	0.00192	0.00212
12	0.00724	0.00628	0.02749	0.01611	0.32985	0.07303	0.01168	0.12308	0.01996	0.06968	0.01610	0.12047	0.00751	0.09678	0.06078	0.00133	0.00342	0.00345	0.00199	0.00378
13	0.00678	0.00672	0.01955	0.04166	0.31739	0.11815	0.04621	0.05925	0.09588	0.00925	0.01605	0.17530	0.04954	0.00429	0.00314	0.00093	0.02039	0.00380	0.00196	0.00375
14	0.00547	0.00459	0.00575	0.04155	0.01754	0.05460	0.02438	0.05154	0.02644	0.03465	0.00976	0.20203	0.04916	0.09808	0.23207	0.00213	0.13125	0.00420	0.00195	0.00286
15	0.00579	0.01440	0.83597	0.00837	0.01252	0.00668	0.05887	0.00906	0.00608	0.00906	0.00517	0.00613	0.00366	0.00270	0.00275	0.00091	0.00426	0.00218	0.00122	0.00421
16	0.00685	0.00627	0.03311	0.05737	0.23585	0.07923	0.02221	0.14247	0.03216	0.03654	0.02446	0.12147	0.13017	0.02210	0.02076	0.00102	0.00303	0.00380	0.01745	0.00367
17	0.00760	0.05265	0.01020	0.10706	0.32396	0.15700	0.08978	0.07754	0.06991	0.00928	0.00661	0.00802	0.03374	0.03059	0.00318	0.00091	0.00368	0.00267	0.00168	0.00394
18	0.00570	0.00548	0.00902	0.48776	0.15079	0.01977	0.07150	0.00733	0.00578	0.00766	0.00650	0.00891	0.04738	0.03179	0.05112	0.00121	0.07472	0.00284	0.00140	0.00332
19	0.00591	0.00516	0.00755	0.02630	0.41558	0.04151	0.00559	0.00694	0.00595	0.03260	0.02499	0.19429	0.02227	0.18644	0.00539	0.00131	0.00290	0.00411	0.00185	0.00337
20	0.00585	0.00356	0.00414	0.00376	0.00493	0.00322	0.00288	0.00728	0.07602	0.19880	0.13221	0.06610	0.43587	0.03786	0.00364	0.00101	0.00177	0.00506	0.00290	0.00312
21	0.00365	0.00270	0.00339	0.00385	0.00417	0.00256	0.00261	0.00440	0.03234	0.00735	0.01672	0.65221	0.13916	0.07355	0.03589	0.00137	0.00194	0.00722	0.00256	0.00237
22	0.00735	0.00725	0.01123	0.04649	0.56805	0.07683	0.11427	0.06387	0.00702	0.00948	0.00582	0.00806	0.00494	0.02895	0.00325	0.00093	0.00367	0.02680	0.00155	0.00419
23	0.00792	0.00515	0.00654	0.00554	0.02316	0.00528	0.05211	0.18839	0.10936	0.19882	0.07931	0.03891	0.10215	0.06477	0.05358	0.00125	0.02096	0.00363	0.02934	0.00382
24	0.00399	0.00312	0.00356	0.00352	0.00433	0.00286	0.00261	0.05311	0.00698	0.00900	0.20901	0.18956	0.45170	0.00756	0.03492	0.00111	0.00178	0.00595	0.00273	0.00260

[dist]
# distance from previous block
# <min> <max>
0	4

[block]
# block no. 1 follows, 102 sequences, length 16
# corresponding to MSA columns:
# 49-64
name=unknown_B
#
# <colnr> <probs for GDERKNQSTAVLIFYWHMCP>
#	G	D	E	R	K	N	Q	S	T	A	V	L	I	F	Y	W	H	M	C	P
0	0.00781	0.00544	0.00679	0.02403	0.05192	0.00566	0.03443	0.30610	0.00885	0.12742	0.05066	0.08028	0.13585	0.06260	0.01996	0.00113	0.03572	0.02901	0.00260	0.00376
1	0.03102	0.00778	0.06740	0.07136	0.21678	0.17907	0.04065	0.05221	0.08433	0.04500	0.02558	0.02569	0.04451	0.04412	0.02002	0.00104	0.00357	0.03424	0.00188	0.00374
2	0.00975	0.03937	0.04026	0.00685	0.00838	0.69630	0.00533	0.03407	0.03743	0.00758	0.00516	0.00633	0.00437	0.05150	0.00321	0.00086	0.00464	0.00206	0.03319	0.00334
3	0.00626	0.06423	0.04971	0.06202	0.04764	0.00597	0.20841	0.13062	0.05727	0.00975	0.02588	0.17436	0.05557	0.06109	0.00381	0.00106	0.00311	0.00408	0.02566	0.00348
4	0.01759	0.02500	0.04041	0.00714	0.03873	0.45918	0.00552	0.13569	0.11325	0.05984	0.00634	0.02419	0.00503	0.00359	0.01595	0.00088	0.03351	0.00237	0.00197	0.00382
5	0.00391	0.00292	0.00400	0.00408	0.00453	0.00277	0.04696	0.00457	0.00557	0.00753	0.05950	0.46665	0.11787	0.14674	0.05812	0.00154	0.00229	0.00627	0.05181	0.00237
6	0.00767	0.07068	0.05930	0.00663	0.07535	0.12057	0.02398	0.21335	0.03753	0.01070	0.00692	0.07804	0.00613	0.03954	0.00313	0.00085	0.00308	0.01658	0.03366	0.18631
7	0.00623	0.00582	0.00725	0.04032	0.21415	0.08380	0.02061	0.05579	0.05953	0.00908	0.05928	0.10423	0.10390	0.03220	0.03358	0.00106	0.05493	0.00363	0.00199	0.10263
8	0.00673	0.05825	0.07354	0.00681	0.09903	0.03319	0.04519	0.09524	0.14577	0.06815	0.03668	0.13856	0.04307	0.08812	0.01038	0.00114	0.00284	0.04139	0.00228	0.00363
9	0.00447	0.00366	0.00502	0.00514	0.05014	0.00357	0.05597	0.03118	0.07660	0.00879	0.12960	0.34750	0.19425	0.01792	0.05141	0.00124	0.00229	0.00586	0.00254	0.00286
10	0.00598	0.00570	0.00982	0.62891	0.18623	0.00658	0.07605	0.03174	0.00617	0.00815	0.00525	0.00750	0.00402	0.00278	0.00289	0.00093	0.00379	0.00261	0.00136	0.00354
11	0.00541	0.00444	0.07288	0.03032	0.06171	0.00395	0.01914	0.04970	0.03732	0.00703	0.00777	0.05736	0.07045	0.02688	0.00793	0.50084	0.02987	0.00311	0.00159	0.00230
12	0.00724	0.00725	0.00876	0.03805	0.38910	0.20762	0.02096	0.00807	0.00612	0.00764	0.00514	0.00718	0.00451	0.00519	0.05003	0.18526	0.03471	0.00241	0.00139	0.00339
13	0.00893	0.00475	0.00557	0.00480	0.00629	0.05175	0.00374	0.06415	0.03778	0.42627	0.03675	0.22679	0.09943	0.00527	0.00311	0.00095	0.00230	0.00447	0.00305	0.00385
14	0.00568	0.00562	0.03829	0.05931	0.06233	0.01954	0.28611	0.04191	0.03052	0.00821	0.00940	0.08560	0.08477	0.18041	0.02175	0.04828	0.00349	0.00391	0.00178	0.00309
15	0.00510	0.00405	0.00584	0.00554	0.03743	0.02287	0.10486	0.02179	0.04664	0.05297	0.05764	0.30615	0.13620	0.04495	0.08995	0.02715	0.00289	0.02276	0.00234	0.00289

[dist]
# distance from previous block
# <min> <max>
0	3

[block]
# block no. 2 follows, 102 sequences, length 8
# corresponding to MSA columns:
# 68-75
name=unknown_C
#
# <colnr> <probs for GDERKNQSTAVLIFYWHMCP>
#	G	D	E	R	K	N	Q	S	T	A	V	L	I	F	Y	W	H	M	C	P
0	0.00656	0.03870	0.15926	0.03542	0.31126	0.04573	0.10447	0.02926	0.00636	0.02413	0.00665	0.00864	0.03322	0.00533	0.11124	0.00135	0.04208	0.02494	0.00153	0.00388
1	0.03934	0.00366	0.00551	0.05784	0.12025	0.00368	0.04259	0.00538	0.00554	0.00770	0.03940	0.36821	0.04527	0.05024	0.04215	0.10554	0.00261	0.05036	0.00209	0.00265
2	0.00768	0.02777	0.05202	0.00647	0.05262	0.10788	0.00501	0.26543	0.12766	0.01108	0.00821	0.08854	0.00746	0.10677	0.03957	0.00128	0.04592	0.03266	0.00223	0.00373
3	0.02049	0.06335	0.05788	0.05700	0.22102	0.14841	0.07737	0.04711	0.03433	0.06587	0.00680	0.04271	0.00596	0.07879	0.03882	0.00117	0.00375	0.02371	0.00176	0.00371
4	0.00430	0.00326	0.00421	0.00488	0.07157	0.00322	0.00306	0.03003	0.03875	0.00770	0.04380	0.41461	0.09961	0.21080	0.04544	0.00161	0.00235	0.00592	0.00233	0.00255
5	0.00742	0.04287	0.00781	0.00614	0.03172	0.10245	0.06186	0.15582	0.07713	0.01046	0.00649	0.04939	0.00546	0.00320	0.00300	0.00073	0.06233	0.00252	0.04871	0.31448
6	0.02578	0.00603	0.00948	0.22713	0.29690	0.00640	0.07897	0.09594	0.05593	0.08813	0.02965	0.00861	0.00570	0.04887	0.00349	0.00100	0.00333	0.00282	0.00187	0.00399
7	0.00749	0.06910	0.00955	0.09996	0.10812	0.24012	0.14910	0.06520	0.03859	0.00853	0.00803	0.05278	0.08454	0.00382	0.00324	0.03982	0.00376	0.00304	0.00172	0.00348

[dist]
# distance from previous block
# <min> <max>
0	1

[block]
# block no. 3 follows, 102 sequences, length 22
# corresponding to MSA columns:
# 77-98
name=unknown_D
#
# <colnr> <probs for GDERKNQSTAVLIFYWHMCP>
#	G	D	E	R	K	N	Q	S	T	A	V	L	I	F	Y	W	H	M	C	P
0	0.01029	0.00792	0.00824	0.00680	0.04129	0.07157	0.00532	0.69774	0.01211	0.03642	0.00715	0.04191	0.00550	0.02044	0.00308	0.00090	0.00320	0.00278	0.01278	0.00456
1	0.00551	0.00516	0.02276	0.06149	0.32071	0.02139	0.03800	0.04035	0.00647	0.00862	0.01270	0.20742	0.19000	0.02873	0.00344	0.00100	0.00269	0.00454	0.00201	0.01702
2	0.00722	0.00552	0.00594	0.00514	0.00662	0.01907	0.00404	0.19729	0.35403	0.04554	0.19310	0.01292	0.06081	0.00432	0.00295	0.00090	0.00220	0.00358	0.06483	0.00397
3	0.00582	0.00518	0.00816	0.58681	0.10726	0.00607	0.00702	0.08397	0.00662	0.00872	0.06058	0.04360	0.02734	0.00390	0.02637	0.00104	0.00352	0.00302	0.00164	0.00337
4	0.00440	0.00336	0.00434	0.00408	0.00486	0.00323	0.04268	0.00564	0.04980	0.03322	0.21904	0.20132	0.26809	0.07082	0.00436	0.00112	0.03312	0.00553	0.03833	0.00269
5	0.00710	0.00669	0.00862	0.03171	0.25221	0.08419	0.03673	0.12305	0.07307	0.01015	0.11452	0.01006	0.06157	0.00394	0.00411	0.00094	0.16245	0.00310	0.00198	0.00380
6	0.00960	0.01161	0.00798	0.03913	0.06654	0.67597	0.00556	0.03984	0.00774	0.00749	0.00522	0.04095	0.00468	0.04298	0.00333	0.00087	0.02331	0.00230	0.00156	0.00333
7	0.00531	0.00496	0.00801	0.56691	0.05355	0.00604	0.02627	0.00682	0.00557	0.00735	0.00714	0.07756	0.04992	0.02662	0.02230	0.00112	0.11678	0.00322	0.00147	0.00309
8	0.00533	0.00267	0.00267	0.00267	0.00333	0.00267	0.00200	0.00666	0.00600	0.01066	0.00933	0.01066	0.00733	0.00333	0.00200	0.00067	0.00133	0.00267	0.91537	0.00267
9	0.00383	0.00286	0.00346	0.00343	0.00414	0.00259	0.00255	0.00488	0.00712	0.00964	0.45158	0.12575	0.28840	0.00696	0.02532	0.00104	0.00159	0.01512	0.03718	0.00256
10	0.00525	0.06940	0.13046	0.02851	0.04569	0.00455	0.02758	0.05775	0.00643	0.04111	0.07383	0.38687	0.05527	0.01811	0.03479	0.00115	0.00265	0.00521	0.00225	0.00313
11	0.00748	0.00636	0.00690	0.00642	0.04635	0.00727	0.00480	0.09918	0.75303	0.01244	0.01089	0.01014	0.00816	0.00378	0.00290	0.00095	0.00240	0.00314	0.00284	0.00456
12	0.39564	0.04730	0.00612	0.02653	0.01215	0.14994	0.03044	0.03651	0.01509	0.02083	0.02533	0.03135	0.09870	0.00453	0.04810	0.00107	0.04277	0.00259	0.00185	0.00316
13	0.00673	0.00677	0.00850	0.67178	0.01699	0.15716	0.00733	0.07595	0.00673	0.00810	0.00511	0.00714	0.00387	0.00292	0.00281	0.00091	0.00399	0.00242	0.00143	0.00333
14	0.11340	0.00704	0.00883	0.06717	0.28838	0.02726	0.00628	0.34085	0.04760	0.03615	0.00618	0.00691	0.00468	0.00301	0.00271	0.00086	0.00313	0.00245	0.00213	0.02500
15	0.02383	0.00615	0.00945	0.43554	0.33850	0.05157	0.00775	0.00861	0.00631	0.07699	0.00563	0.00741	0.00432	0.00280	0.00282	0.00090	0.00359	0.00252	0.00152	0.00382
16	0.09208	0.00622	0.00738	0.12473	0.09114	0.00685	0.00522	0.37717	0.06304	0.03269	0.03894	0.00963	0.05097	0.07700	0.00376	0.00104	0.00292	0.00292	0.00234	0.00396
17	0.00476	0.00339	0.00389	0.00370	0.00438	0.02490	0.00265	0.03614	0.00692	0.05400	0.36537	0.11193	0.16314	0.19548	0.00571	0.00133	0.00191	0.00512	0.00268	0.00261
18	0.02494	0.00562	0.00547	0.00499	0.00602	0.14028	0.00383	0.09434	0.06038	0.05375	0.06037	0.08335	0.17041	0.05511	0.16141	0.00168	0.05883	0.00389	0.00223	0.00311
19	0.08220	0.00675	0.00918	0.28858	0.30103	0.06547	0.00718	0.13222	0.01699	0.00998	0.00531	0.00689	0.00419	0.00295	0.00308	0.00090	0.04919	0.00243	0.00162	0.00388
20	0.04509	0.03618	0.00581	0.00540	0.05825	0.03983	0.05746	0.03357	0.03547	0.01519	0.05118	0.17549	0.04962	0.26025	0.04102	0.03742	0.02293	0.00428	0.00200	0.02357
21	0.00482	0.00345	0.00427	0.00415	0.00465	0.00375	0.00294	0.02849	0.11277	0.02368	0.00924	0.06480	0.00924	0.36293	0.32385	0.00297	0.00436	0.00378	0.02329	0.00257

[dist]
# distance from previous block
# <min> <max>
5	6

[block]
# block no. 4 follows, 102 sequences, length 18
# corresponding to MSA columns:
# 106-123
name=unknown_E
#
# <colnr> <probs for GDERKNQSTAVLIFYWHMCP>
#	G	D	E	R	K	N	Q	S	T	A	V	L	I	F	Y	W	H	M	C	P
0	0.00603	0.00607	0.09070	0.02478	0.09569	0.01199	0.18557	0.02647	0.07993	0.05449	0.21088	0.01457	0.06095	0.03373	0.00363	0.00102	0.00951	0.07821	0.00225	0.00354
1	0.00381	0.00267	0.00328	0.00356	0.00374	0.00256	0.00227	0.00419	0.00517	0.00691	0.08131	0.41217	0.05441	0.37502	0.02436	0.00186	0.00219	0.00608	0.00229	0.00212
2	0.00579	0.00532	0.00769	0.45705	0.08043	0.07455	0.04243	0.00721	0.00604	0.04024	0.00806	0.23663	0.00789	0.00442	0.00306	0.00098	0.00332	0.00397	0.00175	0.00316
3	0.00651	0.04265	0.08744	0.26054	0.38918	0.07643	0.00781	0.00821	0.00626	0.00830	0.00596	0.07683	0.00528	0.00318	0.00283	0.00089	0.00358	0.00285	0.00145	0.00382
4	0.00411	0.00301	0.00405	0.00452	0.02351	0.00307	0.00308	0.00468	0.00549	0.02441	0.05395	0.61433	0.01650	0.10804	0.00529	0.00133	0.07197	0.04377	0.00245	0.00245
5	0.03427	0.00439	0.00547	0.00455	0.00609	0.00410	0.00360	0.08402	0.02217	0.42823	0.11885	0.05242	0.10190	0.08958	0.00413	0.00110	0.00225	0.02601	0.00305	0.00382
6	0.00765	0.00642	0.00827	0.25375	0.15563	0.03975	0.00623	0.30806	0.03562	0.01137	0.00678	0.02690	0.00570	0.08851	0.00400	0.00108	0.00334	0.02506	0.00201	0.00387
7	0.03647	0.05287	0.11828	0.05956	0.18124	0.11326	0.03948	0.17282	0.01527	0.02817	0.00683	0.07309	0.01354	0.07232	0.00370	0.00102	0.00347	0.00294	0.00185	0.00383
8	0.74121	0.00562	0.00525	0.04961	0.07441	0.00649	0.00395	0.00845	0.00510	0.03345	0.00432	0.00518	0.00337	0.00278	0.00226	0.00090	0.04090	0.00175	0.00174	0.00326
9	0.00538	0.01405	0.04779	0.00547	0.05948	0.00423	0.01670	0.12038	0.01608	0.01811	0.11743	0.25351	0.01346	0.16405	0.02873	0.00143	0.01112	0.08435	0.01529	0.00296
10	0.00359	0.00270	0.00319	0.00348	0.00392	0.00245	0.00237	0.00416	0.00584	0.00752	0.08784	0.42087	0.29850	0.13394	0.00508	0.00130	0.00172	0.00665	0.00256	0.00230
11	0.00681	0.00579	0.00722	0.00561	0.00764	0.02389	0.08134	0.15984	0.07864	0.01985	0.02507	0.05136	0.03429	0.00426	0.05042	0.00092	0.03220	0.00276	0.00208	0.40003
12	0.74680	0.00645	0.00500	0.00442	0.00609	0.09042	0.00359	0.04729	0.00553	0.01221	0.00414	0.00487	0.00327	0.00284	0.00228	0.00089	0.04728	0.00167	0.00176	0.00320
13	0.00387	0.00281	0.00353	0.00376	0.00424	0.00264	0.00273	0.00456	0.00605	0.00797	0.17234	0.27182	0.20449	0.10025	0.04327	0.04733	0.00209	0.11138	0.00253	0.00234
14	0.00717	0.00615	0.00970	0.32737	0.27740	0.00675	0.05972	0.13051	0.02521	0.05750	0.00638	0.02356	0.01530	0.00311	0.00311	0.00092	0.03166	0.00277	0.00175	0.00396
15	0.00692	0.00658	0.01093	0.01560	0.72946	0.00660	0.03537	0.00909	0.07479	0.00948	0.00620	0.03509	0.00529	0.00283	0.00286	0.00086	0.00326	0.00277	0.00158	0.03445
16	0.01034	0.00616	0.00761	0.00666	0.07636	0.00638	0.00502	0.39042	0.00989	0.31551	0.00839	0.00846	0.00591	0.00583	0.12209	0.00137	0.00353	0.00274	0.00280	0.00453
17	0.00919	0.00691	0.00732	0.00631	0.05136	0.06317	0.00482	0.51272	0.03788	0.04731	0.08904	0.00889	0.00739	0.00388	0.01728	0.00090	0.00291	0.00282	0.11566	0.00423

[dist]
# distance from previous block
# <min> <max>
0	1

# created by:
# /share/home/app/bin/augustus-3.3.1/scripts/msa2prfl.pl /dev/shm/tmp/ogap_db/mt-Sar/msas/rps14.aln --setname=rps14
