[name]
rps13

[dist]
# distance from previous block
# <min> <max>
0	24

[block]
# block no. 0 follows, 109 sequences, length 8
# corresponding to MSA columns:
# 24-31
name=unknown_A
#
# <colnr> <probs for GDERKNQSTAVLIFYWHMCP>
#	G	D	E	R	K	N	Q	S	T	A	V	L	I	F	Y	W	H	M	C	P
0	0.00469	0.00363	0.00410	0.00379	0.00477	0.03033	0.00284	0.03910	0.00621	0.03306	0.15297	0.15937	0.17540	0.11803	0.00433	0.00107	0.00196	0.08214	0.00231	0.16992
1	0.00422	0.00340	0.00541	0.00514	0.03542	0.00361	0.09671	0.00509	0.00456	0.00639	0.00763	0.04983	0.00764	0.23998	0.50896	0.00329	0.00542	0.00338	0.00153	0.00241
2	0.00326	0.00264	0.00290	0.00305	0.00375	0.00228	0.00220	0.00392	0.00598	0.00740	0.07218	0.26038	0.60621	0.00721	0.00326	0.00096	0.00142	0.00619	0.00254	0.00228
3	0.00488	0.00472	0.00400	0.00406	0.00459	0.18962	0.00280	0.00537	0.00571	0.00673	0.05688	0.31602	0.16195	0.21384	0.00556	0.00132	0.00246	0.00509	0.00210	0.00230
4	0.34535	0.09968	0.11996	0.09668	0.09820	0.18331	0.00547	0.00854	0.00568	0.00913	0.00423	0.00517	0.00336	0.00256	0.00215	0.00079	0.00324	0.00178	0.00142	0.00331
5	0.00653	0.00578	0.00654	0.00680	0.12476	0.05417	0.00468	0.07325	0.47149	0.01013	0.00975	0.00999	0.05150	0.00623	0.14462	0.00143	0.00327	0.00296	0.00227	0.00384
6	0.00634	0.03480	0.09385	0.00632	0.05409	0.06523	0.08584	0.08893	0.08217	0.04388	0.00957	0.07516	0.12640	0.02752	0.00347	0.00088	0.06965	0.00321	0.00193	0.12078
7	0.00359	0.00273	0.00314	0.00331	0.00379	0.00255	0.00227	0.00444	0.04786	0.00717	0.07254	0.32439	0.31694	0.18641	0.00537	0.00131	0.00172	0.00585	0.00238	0.00224

[dist]
# distance from previous block
# <min> <max>
5	7

[block]
# block no. 1 follows, 109 sequences, length 47
# corresponding to MSA columns:
# 40-86
name=unknown_B
#
# <colnr> <probs for GDERKNQSTAVLIFYWHMCP>
#	G	D	E	R	K	N	Q	S	T	A	V	L	I	F	Y	W	H	M	C	P
0	0.00432	0.00334	0.00413	0.02618	0.02101	0.03046	0.01988	0.01752	0.01973	0.03133	0.19839	0.22708	0.13690	0.15611	0.08989	0.00154	0.00248	0.00496	0.00228	0.00246
1	0.00548	0.00514	0.00778	0.02940	0.05357	0.05612	0.23000	0.06041	0.02756	0.00776	0.00893	0.02898	0.09521	0.21026	0.14781	0.00183	0.00978	0.00345	0.00766	0.00288
2	0.13076	0.00594	0.00646	0.00518	0.00704	0.00636	0.00422	0.39220	0.11128	0.19698	0.06718	0.00882	0.03860	0.00350	0.00263	0.00084	0.00245	0.00272	0.00272	0.00412
3	0.00387	0.00309	0.00401	0.00485	0.07640	0.02831	0.00310	0.00458	0.00568	0.00758	0.12798	0.60864	0.05335	0.00776	0.03409	0.00114	0.00196	0.01872	0.00241	0.00246
4	0.04616	0.00681	0.00770	0.04197	0.15504	0.11854	0.05422	0.20826	0.17434	0.03818	0.00799	0.00836	0.05226	0.00321	0.00263	0.00082	0.00295	0.00265	0.06405	0.00385
5	0.00636	0.06412	0.03307	0.07331	0.25993	0.05277	0.03619	0.07139	0.03684	0.00854	0.05365	0.01363	0.05182	0.00436	0.05046	0.00107	0.17469	0.00271	0.00160	0.00351
6	0.00349	0.00272	0.00303	0.00305	0.00382	0.00235	0.00225	0.00426	0.00635	0.02276	0.19525	0.14813	0.57949	0.00676	0.00322	0.00093	0.00140	0.00578	0.00262	0.00236
7	0.00398	0.00301	0.00443	0.00431	0.00474	0.00344	0.01987	0.00479	0.00431	0.00615	0.00734	0.01166	0.00716	0.17275	0.70167	0.00390	0.02963	0.00307	0.00147	0.00232
8	0.92405	0.00523	0.00398	0.00356	0.00523	0.00607	0.00293	0.00795	0.00460	0.01214	0.00377	0.00439	0.00293	0.00251	0.00167	0.00084	0.00209	0.00146	0.00167	0.00293
9	0.00341	0.00264	0.00290	0.00298	0.00366	0.00229	0.00215	0.00385	0.00571	0.00697	0.03878	0.13451	0.63669	0.02955	0.00435	0.10803	0.00154	0.00551	0.00234	0.00213
10	0.51635	0.00811	0.00583	0.00563	0.05903	0.32459	0.00413	0.03313	0.00602	0.01010	0.00407	0.00476	0.00326	0.00262	0.00204	0.00078	0.00318	0.00165	0.00158	0.00313
11	0.00630	0.07204	0.07796	0.01759	0.19983	0.13725	0.03310	0.05532	0.05473	0.00819	0.00790	0.19324	0.02416	0.03982	0.03404	0.00104	0.01175	0.00349	0.00175	0.02051
12	0.03846	0.00522	0.02269	0.00546	0.04580	0.02596	0.00412	0.23384	0.09762	0.08169	0.01675	0.04143	0.00728	0.14336	0.17311	0.00180	0.01545	0.03440	0.00217	0.00339
13	0.00612	0.00656	0.06018	0.06987	0.06403	0.04133	0.32783	0.04963	0.14651	0.00884	0.00767	0.09397	0.02032	0.05196	0.02004	0.00107	0.01542	0.00340	0.00177	0.00349
14	0.00922	0.00586	0.00681	0.00564	0.03246	0.00620	0.00446	0.47866	0.00980	0.20154	0.00849	0.00863	0.04445	0.00538	0.10638	0.00122	0.00317	0.00270	0.05482	0.00412
15	0.03396	0.01775	0.02055	0.04546	0.37886	0.08518	0.02193	0.02201	0.03021	0.02337	0.02617	0.10920	0.01358	0.13285	0.02637	0.00119	0.00310	0.00324	0.00166	0.00336
16	0.00500	0.00433	0.00609	0.07644	0.15327	0.02671	0.05546	0.06485	0.00615	0.01672	0.01312	0.17258	0.22774	0.06119	0.07826	0.00131	0.00287	0.02298	0.00200	0.00292
17	0.00333	0.00262	0.00300	0.00326	0.00386	0.00232	0.00236	0.00397	0.00582	0.00726	0.04374	0.33637	0.48968	0.02396	0.00351	0.00103	0.00153	0.05760	0.00251	0.00226
18	0.00483	0.00264	0.00283	0.00286	0.00345	0.00269	0.00212	0.00615	0.03071	0.00941	0.00919	0.07618	0.00786	0.03612	0.07540	0.00105	0.00184	0.00300	0.71916	0.00251
19	0.00665	0.08444	0.05856	0.04027	0.54781	0.05096	0.09738	0.00825	0.00603	0.00827	0.00495	0.00651	0.00413	0.00302	0.02819	0.00091	0.03605	0.00236	0.00131	0.00394
20	0.00714	0.00736	0.04852	0.19651	0.39973	0.11545	0.03142	0.11181	0.03928	0.00921	0.00530	0.00665	0.00419	0.00267	0.00267	0.00082	0.00350	0.00236	0.00152	0.00388
21	0.01797	0.00310	0.00388	0.00381	0.00454	0.00286	0.00273	0.02874	0.00592	0.19663	0.02541	0.43298	0.12851	0.12436	0.00457	0.00120	0.00188	0.00561	0.00258	0.00273
22	0.76470	0.00656	0.13300	0.00438	0.00642	0.00612	0.02882	0.00806	0.00481	0.01152	0.00397	0.00467	0.00303	0.00251	0.00185	0.00084	0.00244	0.00159	0.00159	0.00310
23	0.00419	0.00312	0.00384	0.00428	0.07582	0.00306	0.00255	0.03458	0.00505	0.00668	0.04383	0.09559	0.15779	0.50536	0.04130	0.00199	0.00250	0.00438	0.00192	0.00218
24	0.22072	0.00756	0.00696	0.00594	0.02376	0.23234	0.07611	0.22894	0.00754	0.01058	0.00554	0.01952	0.00475	0.11163	0.02608	0.00111	0.00344	0.00236	0.00183	0.00331
25	0.00641	0.06902	0.00795	0.01895	0.15859	0.02592	0.06367	0.13027	0.06934	0.00950	0.01293	0.03183	0.03488	0.00506	0.10626	0.00114	0.00327	0.02584	0.00181	0.21736
26	0.00801	0.21671	0.00989	0.02259	0.05496	0.24215	0.09547	0.14127	0.02361	0.02575	0.00572	0.00676	0.02930	0.02939	0.02926	0.00092	0.05084	0.00226	0.00162	0.00350
27	0.00614	0.00490	0.03962	0.00448	0.00557	0.06730	0.00353	0.16167	0.03556	0.08034	0.01236	0.25749	0.12208	0.08843	0.00395	0.00107	0.00231	0.03583	0.06437	0.00302
28	0.00637	0.00614	0.00784	0.21675	0.26860	0.10908	0.00611	0.04666	0.14334	0.00856	0.00738	0.11026	0.01788	0.00402	0.02842	0.00097	0.00322	0.00310	0.00175	0.00355
29	0.18998	0.00335	0.00355	0.00345	0.00432	0.00329	0.00253	0.00546	0.02047	0.03801	0.12765	0.22310	0.20230	0.08597	0.00402	0.02721	0.00176	0.00461	0.00228	0.04671
30	0.00712	0.02164	0.02355	0.04006	0.33392	0.22403	0.00584	0.09594	0.00716	0.00879	0.02593	0.01904	0.15373	0.00348	0.00270	0.00080	0.00322	0.00289	0.01660	0.00355
31	0.00778	0.18078	0.08829	0.00754	0.10137	0.21413	0.03241	0.13495	0.02696	0.00865	0.00496	0.02851	0.00423	0.00316	0.00345	0.00081	0.14467	0.00220	0.00154	0.00360
32	0.00349	0.00257	0.00336	0.00365	0.00405	0.00244	0.00260	0.00424	0.00578	0.00782	0.21984	0.48532	0.11233	0.00897	0.10698	0.00140	0.00215	0.01819	0.00250	0.00232
33	0.00746	0.02164	0.05572	0.00892	0.25614	0.04832	0.00591	0.18588	0.34145	0.01124	0.00774	0.02491	0.00602	0.00320	0.00269	0.00085	0.00284	0.00269	0.00216	0.00422
34	0.00660	0.19850	0.06547	0.00726	0.14721	0.08339	0.07505	0.04463	0.01891	0.02412	0.00567	0.03223	0.00515	0.11570	0.01832	0.00100	0.01368	0.00243	0.00152	0.13315
35	0.00772	0.11035	0.23874	0.01018	0.03093	0.15336	0.00607	0.17136	0.06459	0.06749	0.01156	0.05160	0.00521	0.01589	0.01170	0.00086	0.01266	0.00244	0.00183	0.02546
36	0.00643	0.08198	0.13157	0.01079	0.22894	0.03918	0.31953	0.00835	0.01885	0.00821	0.00516	0.02355	0.00425	0.00277	0.00343	0.00087	0.09844	0.00264	0.00134	0.00373
37	0.12338	0.00345	0.00393	0.04415	0.00506	0.00354	0.00291	0.06838	0.02152	0.00847	0.08336	0.16554	0.26141	0.00705	0.05206	0.13464	0.00218	0.00436	0.00215	0.00246
38	0.04739	0.00655	0.00823	0.02726	0.32273	0.13680	0.06326	0.07927	0.03554	0.02205	0.06119	0.01768	0.06637	0.03351	0.05378	0.00107	0.00338	0.00285	0.00176	0.00933
39	0.00595	0.03099	0.07506	0.11618	0.20820	0.07028	0.07269	0.06841	0.01071	0.00823	0.01326	0.10989	0.07187	0.06542	0.02048	0.00106	0.03744	0.00891	0.00166	0.00330
40	0.00338	0.00252	0.00301	0.00337	0.00372	0.00230	0.00228	0.00385	0.00529	0.00678	0.01751	0.50338	0.26578	0.14473	0.00496	0.00128	0.00169	0.01966	0.00238	0.00214
41	0.02232	0.07221	0.19319	0.00653	0.12778	0.05406	0.00530	0.04377	0.02346	0.02109	0.08715	0.12582	0.17436	0.00441	0.00278	0.00085	0.00263	0.00371	0.00193	0.02666
42	0.00800	0.00840	0.04145	0.03391	0.20184	0.25474	0.11291	0.15383	0.04421	0.02748	0.00607	0.00759	0.01223	0.00368	0.03952	0.00096	0.00391	0.03381	0.00173	0.00374
43	0.00415	0.00304	0.00358	0.00373	0.00422	0.02737	0.00264	0.02441	0.01702	0.03224	0.04544	0.40395	0.16790	0.08405	0.10429	0.04222	0.00243	0.00557	0.01942	0.00234
44	0.00466	0.00291	0.00359	0.00354	0.00433	0.00258	0.00263	0.00548	0.00641	0.13377	0.20105	0.28418	0.29805	0.00658	0.00322	0.00095	0.00157	0.02913	0.00273	0.00265
45	0.00694	0.13905	0.36595	0.00658	0.02444	0.15971	0.00678	0.08034	0.03839	0.03296	0.00654	0.05773	0.03953	0.00323	0.00265	0.00081	0.02066	0.00246	0.00157	0.00366
46	0.01752	0.01327	0.06386	0.03387	0.26582	0.18143	0.00614	0.14311	0.07178	0.10576	0.02765	0.00741	0.02167	0.00304	0.00280	0.00081	0.02573	0.00244	0.00193	0.00396

[dist]
# distance from previous block
# <min> <max>
0	3

[block]
# block no. 2 follows, 109 sequences, length 51
# corresponding to MSA columns:
# 90-140
name=unknown_C
#
# <colnr> <probs for GDERKNQSTAVLIFYWHMCP>
#	G	D	E	R	K	N	Q	S	T	A	V	L	I	F	Y	W	H	M	C	P
0	0.02778	0.10786	0.02413	0.01817	0.10526	0.31292	0.00484	0.07117	0.00677	0.03336	0.02583	0.01326	0.00507	0.07167	0.05233	0.00103	0.00368	0.00220	0.00160	0.11108
1	0.00361	0.00258	0.00326	0.00356	0.00394	0.00245	0.00247	0.00416	0.00523	0.02470	0.03492	0.49084	0.18155	0.10821	0.11386	0.00162	0.00235	0.00615	0.00231	0.00224
2	0.00543	0.01511	0.03519	0.02995	0.19048	0.00421	0.00447	0.00705	0.06955	0.04830	0.04896	0.20355	0.06312	0.02035	0.00294	0.00083	0.00225	0.01770	0.00201	0.22856
3	0.00396	0.00307	0.00402	0.00473	0.09900	0.00281	0.00301	0.00482	0.00622	0.02871	0.21416	0.27515	0.31270	0.02094	0.00337	0.00097	0.00165	0.00564	0.00250	0.00258
4	0.23910	0.00836	0.12517	0.00711	0.11629	0.20700	0.03085	0.06832	0.04797	0.07318	0.00553	0.02047	0.00432	0.00340	0.03111	0.00093	0.00342	0.00214	0.00174	0.00358
5	0.09397	0.02998	0.00873	0.07456	0.08215	0.13317	0.14022	0.15748	0.02198	0.17050	0.00645	0.03286	0.00488	0.00302	0.00273	0.00083	0.01740	0.00254	0.00202	0.01451
6	0.00678	0.50194	0.14216	0.00550	0.03307	0.02914	0.00528	0.09072	0.02408	0.00802	0.02057	0.07357	0.03179	0.01394	0.00236	0.00074	0.00293	0.00237	0.00152	0.00352
7	0.00332	0.00238	0.00311	0.00368	0.00386	0.00222	0.00245	0.00378	0.00515	0.00683	0.01506	0.82255	0.05131	0.05546	0.00398	0.00117	0.00162	0.00741	0.00247	0.00217
8	0.00618	0.00641	0.05360	0.24398	0.44532	0.00645	0.09467	0.02681	0.01426	0.00836	0.00516	0.01745	0.00421	0.00271	0.00308	0.00087	0.05283	0.00253	0.00134	0.00378
9	0.00610	0.04512	0.00914	0.32493	0.34695	0.06227	0.02635	0.02645	0.00593	0.00781	0.00541	0.03631	0.00461	0.00422	0.07612	0.00113	0.00375	0.00255	0.00136	0.00349
10	0.00551	0.00438	0.01253	0.09314	0.03100	0.02323	0.07539	0.10455	0.03235	0.05129	0.03757	0.10586	0.12489	0.24643	0.02704	0.01328	0.00275	0.00397	0.00203	0.00280
11	0.00564	0.00545	0.01957	0.04328	0.30851	0.03521	0.12612	0.00744	0.07668	0.00828	0.06198	0.10474	0.06021	0.09275	0.00411	0.00106	0.01890	0.01493	0.00179	0.00335
12	0.00722	0.05741	0.05643	0.00783	0.17000	0.25358	0.03075	0.07763	0.07939	0.01766	0.05548	0.12008	0.04153	0.00381	0.00276	0.00082	0.00914	0.00315	0.00186	0.00347
13	0.02121	0.25094	0.10223	0.00604	0.03628	0.16083	0.07055	0.04758	0.02939	0.00779	0.00717	0.12191	0.03321	0.04536	0.00302	0.00087	0.00318	0.02124	0.02796	0.00324
14	0.00734	0.02233	0.00831	0.14244	0.25681	0.29372	0.02333	0.06566	0.01490	0.00812	0.00704	0.06754	0.06423	0.00334	0.00269	0.00081	0.00357	0.00278	0.00159	0.00344
15	0.00424	0.00362	0.01870	0.00525	0.12665	0.00333	0.00339	0.01487	0.02526	0.02925	0.03469	0.19167	0.45308	0.03985	0.00372	0.00100	0.03120	0.00522	0.00229	0.00270
16	0.00669	0.07901	0.00911	0.21117	0.27199	0.15927	0.05251	0.03636	0.01204	0.00768	0.00552	0.03632	0.00494	0.09180	0.00371	0.00098	0.00351	0.00258	0.00143	0.00338
17	0.00591	0.01283	0.14054	0.30927	0.09476	0.09485	0.09599	0.01561	0.02857	0.00749	0.00550	0.00809	0.00464	0.11652	0.01090	0.00111	0.03262	0.00257	0.00899	0.00322
18	0.00386	0.00289	0.00396	0.00486	0.07686	0.00281	0.00303	0.03094	0.00537	0.00723	0.01311	0.70628	0.01539	0.07546	0.03327	0.00129	0.00201	0.00666	0.00232	0.00241
19	0.00492	0.08045	0.01645	0.00369	0.00468	0.00383	0.00294	0.08486	0.00661	0.03304	0.16325	0.12273	0.22426	0.02105	0.08141	0.00117	0.00224	0.00428	0.13540	0.00275
20	0.06334	0.01318	0.08458	0.00564	0.03516	0.10895	0.03167	0.16422	0.03850	0.08303	0.08840	0.14374	0.00898	0.08297	0.03455	0.00114	0.00295	0.00348	0.00217	0.00333
21	0.00354	0.00301	0.00313	0.00330	0.00402	0.03107	0.00243	0.00426	0.01329	0.00725	0.02240	0.26272	0.56676	0.00717	0.00327	0.00098	0.00161	0.05501	0.00248	0.00232
22	0.03710	0.00720	0.00883	0.05089	0.43350	0.16058	0.00656	0.13245	0.00733	0.02399	0.02651	0.01458	0.00561	0.00313	0.00271	0.00083	0.00332	0.06933	0.00172	0.00384
23	0.00797	0.00609	0.00653	0.00549	0.00716	0.00680	0.00437	0.35592	0.41239	0.03690	0.00961	0.05098	0.02459	0.00376	0.00273	0.00087	0.00239	0.00305	0.04823	0.00419
24	0.00479	0.00435	0.00484	0.00484	0.02442	0.12251	0.00363	0.01677	0.00518	0.00674	0.03662	0.01118	0.07266	0.01586	0.64893	0.00337	0.00615	0.00300	0.00158	0.00257
25	0.00548	0.00517	0.00858	0.62888	0.19674	0.00610	0.00739	0.00715	0.00553	0.00740	0.01718	0.00717	0.00406	0.00277	0.00302	0.00088	0.05280	0.00241	0.00127	0.03001
26	0.89617	0.00521	0.00405	0.00360	0.00528	0.00600	0.00296	0.00811	0.00470	0.03897	0.00398	0.00454	0.00304	0.00254	0.00171	0.00084	0.00210	0.00150	0.00173	0.00298
27	0.00386	0.00285	0.00340	0.00356	0.00407	0.00269	0.00250	0.06011	0.00600	0.00785	0.10060	0.45203	0.23059	0.08033	0.00432	0.02260	0.00169	0.00617	0.00247	0.00234
28	0.00511	0.00481	0.00811	0.89844	0.01863	0.00601	0.00751	0.00691	0.00541	0.00691	0.00481	0.00721	0.00361	0.00270	0.00270	0.00090	0.00361	0.00240	0.00120	0.00300
29	0.00567	0.00551	0.00829	0.16134	0.05810	0.02315	0.08319	0.03321	0.00516	0.00728	0.00585	0.14281	0.00586	0.00452	0.00583	0.00106	0.43542	0.00325	0.00146	0.00304
30	0.01961	0.00614	0.00823	0.22779	0.29960	0.07584	0.00633	0.16122	0.00731	0.00973	0.08262	0.03764	0.02894	0.00346	0.01331	0.00088	0.00316	0.00283	0.00177	0.00363
31	0.00639	0.00653	0.02146	0.12580	0.31691	0.07056	0.23230	0.00837	0.05442	0.02284	0.01355	0.06696	0.00550	0.00354	0.03201	0.00098	0.00368	0.00299	0.00154	0.00366
32	0.78055	0.00571	0.00492	0.00517	0.10383	0.04613	0.00363	0.00812	0.00491	0.01152	0.00393	0.00467	0.00311	0.00251	0.00182	0.00083	0.00234	0.00158	0.00162	0.00309
33	0.00334	0.00238	0.00317	0.00375	0.00391	0.00225	0.00250	0.00381	0.00510	0.00681	0.01439	0.83698	0.01719	0.04633	0.03302	0.00127	0.00180	0.00738	0.00244	0.00218
34	0.00561	0.00481	0.00561	0.00401	0.00641	0.00361	0.00320	0.00681	0.00561	0.00881	0.00481	0.00561	0.00401	0.00200	0.00200	0.00040	0.00200	0.00160	0.00160	0.92148
35	0.00436	0.00312	0.00390	0.00359	0.00435	0.00299	0.00272	0.05355	0.03024	0.02035	0.76151	0.01894	0.04434	0.00530	0.00311	0.00085	0.00140	0.00464	0.02801	0.00272
36	0.00517	0.00490	0.00813	0.82501	0.01768	0.00620	0.00738	0.00688	0.00530	0.00688	0.00470	0.00710	0.00360	0.00287	0.00321	0.00092	0.07746	0.00240	0.00120	0.00300
37	0.92405	0.00523	0.00398	0.00356	0.00523	0.00607	0.00293	0.00795	0.00460	0.01214	0.00377	0.00439	0.00293	0.00251	0.00167	0.00084	0.00209	0.00146	0.00167	0.00293
38	0.00638	0.00730	0.01596	0.01140	0.01414	0.00684	0.87825	0.00866	0.00638	0.00866	0.00547	0.00730	0.00410	0.00228	0.00319	0.00091	0.00456	0.00319	0.00137	0.00365
39	0.00552	0.00547	0.00808	0.82500	0.01778	0.07918	0.00732	0.00723	0.00559	0.00689	0.00476	0.00702	0.00360	0.00271	0.00268	0.00088	0.00371	0.00235	0.00122	0.00302
40	0.00673	0.00581	0.00612	0.00550	0.00703	0.00673	0.00428	0.01437	0.88319	0.01131	0.01101	0.01009	0.00826	0.00367	0.00275	0.00092	0.00214	0.00306	0.00275	0.00428
41	0.00573	0.00547	0.00780	0.08122	0.00771	0.00751	0.00570	0.00625	0.00419	0.00636	0.00377	0.00625	0.00367	0.00502	0.00853	0.09194	0.73654	0.00237	0.00118	0.00279
42	0.00731	0.00610	0.00644	0.00562	0.00725	0.00700	0.00442	0.15569	0.74092	0.01225	0.01027	0.00950	0.00766	0.00360	0.00274	0.00090	0.00228	0.00296	0.00274	0.00433
43	0.01010	0.01289	0.00766	0.00697	0.00836	0.89409	0.00523	0.01080	0.00766	0.00662	0.00418	0.00488	0.00348	0.00279	0.00244	0.00070	0.00488	0.00174	0.00139	0.00314
44	0.04199	0.00476	0.00634	0.01662	0.00706	0.00434	0.00408	0.04072	0.00766	0.79533	0.01002	0.00884	0.00637	0.00335	0.00286	0.00085	0.02848	0.00265	0.00318	0.00448
45	0.00627	0.00588	0.00974	0.14312	0.59057	0.02036	0.02810	0.00758	0.00571	0.00798	0.00492	0.00686	0.00417	0.00327	0.00381	0.09166	0.05262	0.00241	0.00130	0.00368
46	0.00724	0.00620	0.00756	0.02321	0.20640	0.00690	0.00538	0.14585	0.53644	0.01156	0.00887	0.00872	0.00672	0.00330	0.00273	0.00088	0.00254	0.00280	0.00240	0.00431
47	0.00849	0.00497	0.00704	0.22202	0.00988	0.00511	0.05258	0.13188	0.03274	0.34231	0.07621	0.00927	0.01423	0.00330	0.00272	0.00084	0.00268	0.00281	0.05732	0.01360
48	0.00607	0.00548	0.00877	0.13936	0.42710	0.00562	0.04399	0.05368	0.02134	0.01754	0.01241	0.02839	0.04005	0.01629	0.09080	0.00118	0.00346	0.00273	0.00156	0.07419
49	0.00655	0.00632	0.00902	0.13143	0.46468	0.09196	0.02232	0.02958	0.02498	0.02289	0.01067	0.08142	0.01535	0.00359	0.02254	0.00092	0.03606	0.00286	0.00154	0.01530
50	0.01966	0.00414	0.00453	0.04976	0.03256	0.07665	0.00330	0.07099	0.01508	0.00791	0.07237	0.34927	0.09017	0.13578	0.03065	0.00129	0.01384	0.00503	0.00217	0.01485

[dist]
# distance from previous block
# <min> <max>
0	160

# created by:
# /share/home/app/bin/augustus-3.3.1/scripts/msa2prfl.pl /dev/shm/tmp/ogap_db/mt-Sar/msas/rps13.aln --setname=rps13
