[name]
rps19

[dist]
# distance from previous block
# <min> <max>
1	4

[block]
# block no. 0 follows, 97 sequences, length 11
# corresponding to MSA columns:
# 4-14
name=unknown_A
#
# <colnr> <probs for GDERKNQSTAVLIFYWHMCP>
#	G	D	E	R	K	N	Q	S	T	A	V	L	I	F	Y	W	H	M	C	P
0	0.01021	0.00786	0.00803	0.00639	0.00849	0.07852	0.00518	0.56013	0.09522	0.06293	0.08950	0.00896	0.00764	0.00378	0.00299	0.00089	0.00311	0.00293	0.00290	0.03435
1	0.00890	0.00922	0.00969	0.03595	0.37582	0.30554	0.00703	0.08053	0.00790	0.04117	0.00675	0.02875	0.03754	0.00334	0.00310	0.00088	0.02932	0.00269	0.00177	0.00412
2	0.00527	0.00301	0.00463	0.00513	0.07441	0.00306	0.00322	0.00444	0.00420	0.00571	0.00547	0.00917	0.00535	0.01084	0.09072	0.75652	0.00316	0.00265	0.00134	0.00170
3	0.00718	0.00688	0.01174	0.11782	0.77864	0.00703	0.00905	0.00898	0.00670	0.00950	0.00557	0.00745	0.00464	0.00269	0.00296	0.00090	0.00359	0.00266	0.00146	0.00456
4	0.35359	0.05346	0.00592	0.00479	0.00641	0.00659	0.00382	0.13974	0.17158	0.01250	0.00845	0.11317	0.02174	0.03795	0.00303	0.00102	0.00242	0.00315	0.03559	0.01508
5	0.00637	0.00576	0.00660	0.00610	0.09070	0.06828	0.00421	0.02740	0.00628	0.00904	0.00674	0.09596	0.00652	0.08707	0.00412	0.00087	0.05023	0.00284	0.00183	0.51305
6	0.00481	0.00338	0.00417	0.00409	0.00445	0.00358	0.00281	0.06695	0.00537	0.00729	0.00959	0.06528	0.01036	0.50341	0.24303	0.00308	0.00420	0.04987	0.00194	0.00235
7	0.00468	0.00357	0.00398	0.00382	0.00461	0.00348	0.00274	0.06760	0.06905	0.00924	0.16055	0.12641	0.31646	0.20339	0.00606	0.00143	0.00201	0.00550	0.00268	0.00274
8	0.03950	0.18994	0.05732	0.00992	0.28522	0.11015	0.00659	0.11414	0.02456	0.01013	0.02762	0.00763	0.03154	0.00320	0.00293	0.00084	0.03715	0.00249	0.03500	0.00413
9	0.00714	0.00755	0.03313	0.03745	0.34419	0.17953	0.02179	0.00866	0.02040	0.00902	0.09374	0.02807	0.01677	0.03575	0.07437	0.00124	0.00391	0.00299	0.00177	0.07253
10	0.00874	0.04272	0.04547	0.02963	0.13092	0.22339	0.04993	0.24270	0.03027	0.01113	0.00730	0.11950	0.00656	0.00434	0.02125	0.00099	0.01582	0.00324	0.00209	0.00403

[dist]
# distance from previous block
# <min> <max>
7	22

[block]
# block no. 1 follows, 97 sequences, length 53
# corresponding to MSA columns:
# 37-89
name=unknown_B
#
# <colnr> <probs for GDERKNQSTAVLIFYWHMCP>
#	G	D	E	R	K	N	Q	S	T	A	V	L	I	F	Y	W	H	M	C	P
0	0.00564	0.00475	0.00529	0.00531	0.04595	0.00500	0.00382	0.03804	0.36543	0.01034	0.03639	0.12151	0.30304	0.01669	0.00346	0.00105	0.00208	0.01977	0.00283	0.00361
1	0.02766	0.01080	0.00564	0.00528	0.02577	0.00409	0.06426	0.02119	0.10886	0.03024	0.02629	0.07345	0.08076	0.04863	0.05570	0.31202	0.00291	0.08047	0.01333	0.00265
2	0.02493	0.00928	0.00838	0.00700	0.02872	0.23599	0.00546	0.48624	0.02113	0.05696	0.00684	0.02832	0.00522	0.00369	0.01213	0.00089	0.00373	0.00259	0.00251	0.04998
3	0.00613	0.00581	0.00984	0.64216	0.26255	0.00676	0.00853	0.00805	0.00620	0.00822	0.00539	0.00779	0.00419	0.00289	0.00297	0.00096	0.00385	0.00265	0.00137	0.00371
4	0.03798	0.08406	0.00921	0.22352	0.04526	0.31650	0.01689	0.16142	0.02430	0.02446	0.00608	0.00709	0.02427	0.00319	0.00277	0.00086	0.00411	0.00239	0.00182	0.00382
5	0.01110	0.00816	0.00885	0.00733	0.00934	0.00864	0.00573	0.64827	0.02884	0.01752	0.01029	0.15154	0.00906	0.00652	0.05075	0.00144	0.00379	0.00416	0.00337	0.00529
6	0.00672	0.00723	0.16304	0.00595	0.00797	0.00610	0.02044	0.03824	0.42198	0.05332	0.10646	0.01325	0.09269	0.03885	0.00357	0.00106	0.00265	0.00366	0.00267	0.00415
7	0.00355	0.00302	0.00306	0.00305	0.00404	0.00253	0.00229	0.00433	0.00686	0.00821	0.06344	0.02845	0.84205	0.00750	0.00352	0.00100	0.00151	0.00626	0.00279	0.00253
8	0.00503	0.00394	0.00483	0.00467	0.00565	0.00401	0.00357	0.05242	0.12038	0.00909	0.02382	0.23979	0.12689	0.01047	0.21932	0.00195	0.00352	0.06435	0.00243	0.09389
9	0.00670	0.03839	0.00716	0.00563	0.05353	0.01552	0.02390	0.09184	0.02128	0.01017	0.00610	0.02308	0.00527	0.04673	0.04211	0.00087	0.00281	0.00227	0.00188	0.59478
10	0.02209	0.05769	0.15864	0.00787	0.11558	0.03718	0.05483	0.14092	0.00798	0.16045	0.07098	0.05141	0.00780	0.04775	0.04455	0.00119	0.00352	0.00317	0.00227	0.00414
11	0.00574	0.04397	0.00463	0.00403	0.00473	0.00358	0.00288	0.02269	0.00599	0.12745	0.06114	0.20652	0.05798	0.28927	0.09552	0.00198	0.00289	0.00486	0.05139	0.00278
12	0.00490	0.00406	0.00477	0.00509	0.07708	0.03307	0.00345	0.05058	0.01917	0.01022	0.34895	0.05029	0.30448	0.03888	0.00387	0.00104	0.00197	0.03235	0.00280	0.00299
13	0.55454	0.13760	0.02324	0.00513	0.00708	0.20070	0.01668	0.00951	0.00601	0.01098	0.00430	0.00503	0.00348	0.00280	0.00208	0.00085	0.00319	0.00172	0.00168	0.00340
14	0.00539	0.00481	0.00592	0.01916	0.08313	0.08051	0.03218	0.02586	0.00630	0.02115	0.01315	0.48800	0.06139	0.02106	0.00430	0.00115	0.08384	0.03737	0.00235	0.00297
15	0.00768	0.01784	0.03134	0.06763	0.24477	0.05089	0.00628	0.16296	0.23809	0.01155	0.02367	0.02095	0.05594	0.01750	0.02882	0.00108	0.00327	0.00315	0.00227	0.00432
16	0.00413	0.00287	0.00353	0.00371	0.00407	0.00276	0.00252	0.00480	0.00593	0.00818	0.17823	0.28129	0.08126	0.26188	0.05778	0.00180	0.00235	0.02667	0.06386	0.00237
17	0.03682	0.02134	0.00990	0.04631	0.16110	0.15548	0.14411	0.13735	0.01232	0.00994	0.00638	0.02749	0.01063	0.06342	0.07071	0.00135	0.06948	0.00292	0.00179	0.01117
18	0.00393	0.00311	0.00355	0.00344	0.00431	0.00277	0.00258	0.00516	0.02846	0.00990	0.40786	0.04041	0.46012	0.00685	0.00351	0.00098	0.00149	0.00586	0.00301	0.00270
19	0.00545	0.00495	0.00708	0.00639	0.00665	0.00658	0.00520	0.00630	0.00467	0.00706	0.00584	0.00898	0.00559	0.01333	0.42293	0.00295	0.47274	0.00289	0.00144	0.00298
20	0.01056	0.04104	0.00894	0.00839	0.08302	0.69236	0.00598	0.06028	0.04681	0.00838	0.00516	0.00589	0.00422	0.00309	0.00272	0.00079	0.00490	0.00208	0.00167	0.00372
21	0.91626	0.00577	0.00438	0.00392	0.00577	0.00669	0.00323	0.00877	0.00508	0.01338	0.00415	0.00484	0.00323	0.00277	0.00185	0.00092	0.00231	0.00161	0.00185	0.00323
22	0.00693	0.00659	0.01126	0.03954	0.66141	0.00661	0.06871	0.02362	0.00673	0.00949	0.00700	0.02350	0.03894	0.02003	0.05572	0.00118	0.00380	0.00302	0.00159	0.00434
23	0.01907	0.14666	0.12183	0.00862	0.19503	0.10994	0.00635	0.03984	0.11721	0.05218	0.00922	0.00973	0.10086	0.00447	0.04547	0.00106	0.00358	0.00287	0.00194	0.00406
24	0.00459	0.00341	0.00424	0.00441	0.00475	0.02463	0.00323	0.00524	0.00526	0.00700	0.01089	0.07816	0.01189	0.37780	0.21436	0.00277	0.01962	0.21337	0.00204	0.00234
25	0.00501	0.00438	0.00543	0.08110	0.12443	0.03395	0.00413	0.04012	0.01997	0.00902	0.11837	0.09237	0.37304	0.05514	0.00402	0.00110	0.00232	0.02060	0.00245	0.00304
26	0.00803	0.04664	0.18646	0.01030	0.26981	0.17352	0.00742	0.07476	0.03692	0.03426	0.04311	0.01826	0.00576	0.00323	0.00820	0.00087	0.00379	0.00255	0.00178	0.06434
27	0.00420	0.00340	0.00482	0.22080	0.00828	0.00353	0.00405	0.00525	0.00637	0.00836	0.14850	0.40536	0.15187	0.00700	0.00351	0.00108	0.00220	0.00623	0.00249	0.00272
28	0.00667	0.00737	0.10181	0.05369	0.36280	0.06601	0.00703	0.04450	0.05951	0.00963	0.04491	0.10219	0.08682	0.00420	0.00329	0.00096	0.02904	0.00365	0.00193	0.00399
29	0.00389	0.00320	0.00350	0.00333	0.00437	0.00270	0.00250	0.00483	0.00707	0.00902	0.21130	0.05278	0.59438	0.00686	0.00343	0.00095	0.00155	0.00580	0.00280	0.07573
30	0.00798	0.00765	0.00867	0.01007	0.27925	0.14998	0.00624	0.06621	0.25696	0.02639	0.04723	0.04640	0.01689	0.00383	0.00338	0.00094	0.05230	0.00316	0.00221	0.00426
31	0.00764	0.17264	0.13538	0.03249	0.07528	0.05145	0.00596	0.08677	0.01508	0.05876	0.00616	0.00774	0.00507	0.00303	0.00270	0.00075	0.01896	0.04351	0.00183	0.26882
32	0.00679	0.12697	0.43591	0.00824	0.09737	0.07494	0.00817	0.04658	0.00660	0.00902	0.00566	0.00728	0.00461	0.04773	0.07834	0.00129	0.00437	0.00235	0.00145	0.02636
33	0.00496	0.00378	0.00530	0.00594	0.03156	0.00398	0.00496	0.00626	0.00666	0.00876	0.01518	0.03032	0.05726	0.00779	0.00454	0.00134	0.07829	0.71769	0.00259	0.00284
34	0.00434	0.00339	0.00411	0.01395	0.00487	0.00316	0.01271	0.04685	0.00784	0.01042	0.43319	0.07841	0.34180	0.00664	0.00358	0.00098	0.01226	0.00571	0.00298	0.00281
35	0.82038	0.00585	0.00478	0.00459	0.03954	0.02252	0.00353	0.00867	0.00519	0.01282	0.00440	0.00529	0.00350	0.00372	0.04463	0.00111	0.00269	0.00174	0.00181	0.00326
36	0.00568	0.00518	0.00746	0.00691	0.04871	0.00656	0.03833	0.00637	0.00475	0.00702	0.00608	0.01061	0.00624	0.22071	0.15891	0.00224	0.45067	0.00316	0.00149	0.00291
37	0.00733	0.00703	0.01201	0.04496	0.85035	0.00707	0.00913	0.00911	0.00677	0.00968	0.00560	0.00740	0.00470	0.00267	0.00295	0.00089	0.00356	0.00266	0.00147	0.00468
38	0.00448	0.00295	0.00349	0.00358	0.00390	0.00279	0.00229	0.00484	0.00542	0.04916	0.05736	0.24303	0.12749	0.46506	0.00957	0.00202	0.00232	0.00564	0.00234	0.00227
39	0.91626	0.00577	0.00438	0.00392	0.00577	0.00669	0.00323	0.00877	0.00508	0.01338	0.00415	0.00484	0.00323	0.00277	0.00185	0.00092	0.00231	0.00161	0.00185	0.00323
40	0.00598	0.01485	0.82623	0.00854	0.01279	0.00686	0.04391	0.00933	0.00628	0.00936	0.00547	0.00667	0.00397	0.02330	0.00314	0.00099	0.00440	0.00230	0.00128	0.00433
41	0.00432	0.00288	0.00326	0.00327	0.00328	0.00288	0.00183	0.00433	0.00437	0.00583	0.00957	0.04096	0.01106	0.87345	0.01490	0.00285	0.00286	0.00444	0.00183	0.00182
42	0.00594	0.00396	0.00476	0.00420	0.00533	0.00382	0.00328	0.09381	0.00838	0.11664	0.39891	0.02055	0.27238	0.00594	0.00365	0.00097	0.03617	0.00499	0.00307	0.00325
43	0.05097	0.00601	0.00609	0.04367	0.02312	0.12027	0.01974	0.04042	0.10766	0.02293	0.00814	0.09477	0.00782	0.20607	0.00556	0.00127	0.00296	0.00333	0.00204	0.22714
44	0.00742	0.00641	0.00674	0.00607	0.00775	0.00742	0.00472	0.01585	0.87120	0.01247	0.01214	0.01113	0.00910	0.00405	0.00303	0.00101	0.00236	0.00337	0.00303	0.00472
45	0.00567	0.00534	0.00902	0.86801	0.04024	0.00664	0.00830	0.00765	0.00598	0.00767	0.00531	0.00794	0.00399	0.00297	0.00298	0.00099	0.00397	0.00265	0.00133	0.00335
46	0.00804	0.00717	0.05472	0.01508	0.62999	0.00666	0.04620	0.02273	0.02034	0.12285	0.03262	0.00822	0.00579	0.00293	0.00300	0.00090	0.00344	0.00281	0.00186	0.00467
47	0.00717	0.00724	0.04126	0.16796	0.20092	0.10012	0.06456	0.00954	0.10356	0.03681	0.00701	0.02836	0.02134	0.00354	0.01679	0.00094	0.04290	0.00279	0.00178	0.13541
48	0.00536	0.00435	0.00518	0.01098	0.00529	0.03082	0.00344	0.03516	0.03034	0.00729	0.00801	0.02074	0.01470	0.41680	0.16437	0.00253	0.14950	0.00353	0.01497	0.06663
49	0.00561	0.00569	0.11492	0.03362	0.04767	0.00452	0.02958	0.09030	0.03144	0.03831	0.15526	0.04725	0.27675	0.08105	0.00428	0.00112	0.00250	0.00454	0.00247	0.02310
50	0.00566	0.00427	0.02529	0.00531	0.04194	0.00414	0.04126	0.00644	0.00525	0.07980	0.00816	0.01356	0.00805	0.38247	0.21405	0.00263	0.05427	0.00345	0.00184	0.09215
51	0.03628	0.00697	0.01089	0.01497	0.64630	0.02814	0.03285	0.02970	0.00687	0.00999	0.00585	0.00736	0.01560	0.00269	0.00283	0.00083	0.00337	0.00255	0.00158	0.13438
52	0.00710	0.00677	0.01123	0.02884	0.72266	0.00676	0.02985	0.00917	0.05181	0.00975	0.00734	0.00877	0.05417	0.00299	0.00298	0.00089	0.00337	0.00290	0.00164	0.03102

[dist]
# distance from previous block
# <min> <max>
0	50

# created by:
# /share/home/app/bin/augustus-3.3.1/scripts/msa2prfl.pl /dev/shm/tmp/ogap_db/mt-Sar/msas/rps19.aln --setname=rps19
