[name]
rps12

[dist]
# distance from previous block
# <min> <max>
5	19

[block]
# block no. 0 follows, 114 sequences, length 41
# corresponding to MSA columns:
# 22-62
name=unknown_A
#
# <colnr> <probs for GDERKNQSTAVLIFYWHMCP>
#	G	D	E	R	K	N	Q	S	T	A	V	L	I	F	Y	W	H	M	C	P
0	0.00613	0.00546	0.00793	0.20975	0.31546	0.02291	0.01380	0.05212	0.16079	0.03185	0.04953	0.00863	0.03254	0.03015	0.00321	0.00089	0.04086	0.00268	0.00173	0.00358
1	0.00573	0.00515	0.00841	0.25218	0.42095	0.00544	0.02797	0.04828	0.00600	0.02509	0.02243	0.09962	0.04313	0.00334	0.00272	0.00084	0.00292	0.01477	0.00156	0.00346
2	0.00754	0.01505	0.00688	0.00730	0.16403	0.38894	0.00480	0.05473	0.04697	0.04588	0.10435	0.06824	0.06034	0.00358	0.00261	0.00076	0.00326	0.00286	0.00184	0.01006
3	0.00591	0.00559	0.00939	0.16995	0.64250	0.00583	0.00730	0.00738	0.00569	0.00800	0.02483	0.03224	0.00500	0.03440	0.00313	0.00087	0.02440	0.00256	0.00134	0.00370
4	0.00801	0.00583	0.00688	0.04952	0.08424	0.00632	0.00470	0.36567	0.21740	0.10844	0.06819	0.00915	0.04690	0.00344	0.00267	0.00082	0.00247	0.00281	0.00251	0.00402
5	0.00552	0.00425	0.00538	0.06410	0.05072	0.00368	0.00355	0.04618	0.00624	0.06820	0.17932	0.05281	0.03982	0.00326	0.00241	0.00062	0.00197	0.00278	0.00200	0.45718
6	0.20677	0.00448	0.00524	0.00423	0.00599	0.00429	0.00345	0.06157	0.00685	0.53724	0.01021	0.04705	0.08436	0.00355	0.00247	0.00082	0.00210	0.00280	0.00274	0.00379
7	0.00319	0.00228	0.00304	0.00361	0.00378	0.00213	0.00242	0.00368	0.00509	0.00681	0.05212	0.86856	0.01754	0.00804	0.00331	0.00105	0.00150	0.00729	0.00244	0.00213
8	0.07527	0.03101	0.13723	0.14356	0.13383	0.08079	0.06324	0.03855	0.04395	0.04867	0.00709	0.05385	0.04789	0.00324	0.00262	0.00083	0.01483	0.02691	0.04331	0.00333
9	0.34216	0.03049	0.01906	0.09904	0.12849	0.10067	0.10995	0.01770	0.00550	0.00929	0.00546	0.00648	0.03856	0.00264	0.00220	0.00078	0.00285	0.00211	0.07345	0.00310
10	0.00590	0.00453	0.00398	0.00364	0.00449	0.16519	0.03965	0.02507	0.00598	0.00918	0.00750	0.00861	0.00591	0.00294	0.00198	0.00063	0.00201	0.00232	0.69786	0.00262
11	0.00541	0.00465	0.00546	0.00393	0.00619	0.00358	0.00315	0.00655	0.00537	0.00843	0.00460	0.00541	0.00385	0.00199	0.00209	0.00040	0.02330	0.00156	0.00153	0.90256
12	0.00613	0.00697	0.01504	0.01079	0.01331	0.00665	0.84466	0.00825	0.00605	0.00825	0.00519	0.00697	0.00393	0.00230	0.00331	0.00089	0.04349	0.00304	0.00131	0.00348
13	0.00619	0.00593	0.01014	0.14065	0.74804	0.00609	0.01802	0.00775	0.00582	0.00822	0.00498	0.01743	0.00419	0.00243	0.00260	0.00079	0.00314	0.00239	0.00128	0.00392
14	0.00591	0.00601	0.04781	0.29489	0.57878	0.00605	0.00782	0.00758	0.00568	0.00791	0.00480	0.00656	0.00388	0.00242	0.00258	0.00081	0.00324	0.00230	0.00124	0.00372
15	0.84420	0.00498	0.00403	0.00353	0.00518	0.00566	0.00291	0.00811	0.00470	0.09140	0.00423	0.00465	0.00315	0.00249	0.00170	0.00081	0.00203	0.00152	0.00176	0.00297
16	0.00417	0.00314	0.00367	0.00343	0.00429	0.00301	0.00262	0.04327	0.07801	0.02991	0.40850	0.01960	0.31193	0.01815	0.03452	0.00099	0.00166	0.02388	0.00262	0.00262
17	0.00463	0.00247	0.00260	0.00256	0.00318	0.00243	0.00192	0.00583	0.00577	0.00976	0.14566	0.01158	0.03050	0.00347	0.00204	0.00065	0.00122	0.00285	0.75845	0.00243
18	0.00381	0.00287	0.00353	0.00383	0.00428	0.00285	0.00276	0.01381	0.11114	0.00752	0.06241	0.50989	0.08981	0.06616	0.00388	0.00112	0.00172	0.10382	0.00241	0.00240
19	0.00637	0.00614	0.01003	0.14598	0.72355	0.02947	0.00774	0.02461	0.00598	0.00833	0.00486	0.00647	0.00401	0.00239	0.00258	0.00078	0.00319	0.00230	0.00130	0.00392
20	0.00419	0.00286	0.00359	0.00343	0.00416	0.00260	0.00254	0.00530	0.02610	0.06778	0.48009	0.17645	0.12877	0.02674	0.00327	0.00089	0.00145	0.01490	0.00266	0.04223
21	0.00398	0.00309	0.00417	0.13359	0.00583	0.00339	0.00311	0.00479	0.02091	0.00662	0.13795	0.07215	0.06443	0.33075	0.14887	0.00201	0.04658	0.00380	0.00178	0.00220
22	0.00414	0.00372	0.00384	0.00374	0.01718	0.06147	0.01641	0.00571	0.10847	0.00813	0.19979	0.08400	0.45199	0.01590	0.00310	0.00088	0.00171	0.00482	0.00242	0.00256
23	0.00492	0.00400	0.00591	0.36150	0.09714	0.00449	0.00493	0.01421	0.07613	0.00851	0.16683	0.05337	0.00898	0.00350	0.00258	0.00081	0.00239	0.00307	0.17380	0.00292
24	0.00792	0.00674	0.00661	0.00564	0.00726	0.10108	0.00446	0.25204	0.51244	0.04113	0.00860	0.00815	0.00638	0.00334	0.00269	0.00083	0.01549	0.00263	0.00250	0.00408
25	0.00540	0.00463	0.00540	0.00386	0.00617	0.00347	0.00309	0.00656	0.00540	0.00848	0.00463	0.00540	0.00386	0.00193	0.00193	0.00039	0.00193	0.00154	0.00154	0.92441
26	0.00630	0.00604	0.01030	0.10100	0.80837	0.00615	0.00792	0.00786	0.00586	0.00833	0.00487	0.00649	0.00406	0.00235	0.00258	0.00078	0.00313	0.00232	0.00128	0.00401
27	0.00644	0.00619	0.01057	0.01598	0.89225	0.00619	0.00799	0.00799	0.00593	0.00851	0.00490	0.00644	0.00412	0.00232	0.00258	0.00077	0.00309	0.00232	0.00129	0.00412
28	0.00540	0.00463	0.00540	0.00386	0.00617	0.00347	0.00309	0.00656	0.00540	0.00848	0.00463	0.00540	0.00386	0.00193	0.00193	0.00039	0.00193	0.00154	0.00154	0.92441
29	0.00949	0.01193	0.00714	0.00650	0.00781	0.85476	0.00488	0.01019	0.00729	0.00653	0.00424	0.00494	0.00351	0.00270	0.00232	0.00067	0.00453	0.00171	0.04588	0.00299
30	0.00990	0.00729	0.00781	0.00599	0.00807	0.00807	0.00495	0.88357	0.01224	0.01641	0.00625	0.00625	0.00443	0.00313	0.00260	0.00078	0.00287	0.00234	0.00260	0.00443
31	0.01168	0.00443	0.00604	0.00463	0.00665	0.00383	0.00383	0.01269	0.00745	0.89405	0.01027	0.00886	0.00645	0.00322	0.00262	0.00081	0.00222	0.00262	0.00322	0.00443
32	0.00473	0.00435	0.00657	0.40040	0.12005	0.03857	0.02595	0.00598	0.00542	0.00700	0.00868	0.25746	0.03837	0.00453	0.00288	0.00092	0.00281	0.06088	0.00166	0.00279
33	0.00492	0.00463	0.00781	0.90223	0.01793	0.00579	0.00723	0.00665	0.00521	0.00665	0.00463	0.00694	0.00347	0.00260	0.00260	0.00087	0.00347	0.00231	0.00116	0.00289
34	0.00652	0.00585	0.00959	0.03851	0.70846	0.00570	0.00712	0.00799	0.00591	0.05125	0.00511	0.00644	0.00418	0.00232	0.00249	0.00073	0.00291	0.00223	0.00141	0.12526
35	0.00369	0.00272	0.00347	0.00342	0.00402	0.00256	0.00256	0.00498	0.03770	0.00954	0.62796	0.14120	0.09270	0.00584	0.00312	0.00088	0.00136	0.04712	0.00274	0.00244
36	0.00888	0.00406	0.00531	0.00431	0.00587	0.00371	0.00347	0.02707	0.07679	0.54725	0.26992	0.01200	0.01187	0.00386	0.00275	0.00082	0.00192	0.00326	0.00306	0.00382
37	0.00618	0.00603	0.00972	0.13995	0.66119	0.04358	0.02414	0.00769	0.00581	0.00802	0.00513	0.02759	0.00439	0.00314	0.03566	0.00092	0.00335	0.00244	0.00130	0.00378
38	0.00386	0.00266	0.00341	0.00334	0.00395	0.00242	0.00246	0.00487	0.00675	0.04740	0.58771	0.19693	0.11257	0.00593	0.00310	0.00087	0.00134	0.00524	0.00275	0.00245
39	0.04418	0.00499	0.00762	0.41860	0.23358	0.02186	0.00629	0.00675	0.01350	0.00728	0.00630	0.00842	0.06299	0.05497	0.01390	0.00099	0.07494	0.00257	0.00719	0.00308
40	0.00319	0.00230	0.00299	0.00354	0.00372	0.00214	0.00236	0.00364	0.00499	0.00660	0.01473	0.82227	0.06344	0.04608	0.00373	0.00111	0.00154	0.00715	0.00238	0.00210

[dist]
# distance from previous block
# <min> <max>
0	8

[block]
# block no. 1 follows, 114 sequences, length 13
# corresponding to MSA columns:
# 71-83
name=unknown_B
#
# <colnr> <probs for GDERKNQSTAVLIFYWHMCP>
#	G	D	E	R	K	N	Q	S	T	A	V	L	I	F	Y	W	H	M	C	P
0	0.00805	0.00605	0.00669	0.03255	0.00735	0.00671	0.00441	0.51665	0.17627	0.03005	0.11211	0.00901	0.00769	0.04326	0.00325	0.00089	0.01974	0.00280	0.00254	0.00393
1	0.00909	0.01048	0.00740	0.02846	0.04698	0.61875	0.00509	0.11686	0.11674	0.00825	0.00516	0.00564	0.00409	0.00282	0.00243	0.00072	0.00405	0.00196	0.00165	0.00337
2	0.09197	0.02860	0.03333	0.14234	0.45785	0.11868	0.03431	0.02292	0.00593	0.00827	0.00488	0.03047	0.00412	0.00259	0.00247	0.00078	0.00326	0.00228	0.00135	0.00359
3	0.00485	0.00434	0.00669	0.05574	0.31167	0.01380	0.02154	0.00608	0.01471	0.00763	0.10396	0.04159	0.10799	0.02104	0.22791	0.00170	0.04083	0.00326	0.00166	0.00303
4	0.00622	0.00591	0.00804	0.19136	0.30304	0.07998	0.03826	0.07026	0.11703	0.00871	0.04101	0.00936	0.06106	0.01860	0.00286	0.00085	0.00299	0.02926	0.00170	0.00350
5	0.00372	0.00291	0.00378	0.00419	0.06774	0.00271	0.00279	0.00486	0.03202	0.00876	0.42478	0.21389	0.20617	0.00595	0.00308	0.00088	0.00147	0.00524	0.00255	0.00249
6	0.00458	0.00401	0.02950	0.00427	0.00528	0.00412	0.00341	0.00778	0.31345	0.00844	0.08022	0.05395	0.19429	0.00864	0.22643	0.00172	0.00311	0.04159	0.00224	0.00297
7	0.06837	0.00454	0.00541	0.00440	0.00606	0.00447	0.00356	0.08165	0.14620	0.47191	0.02924	0.00886	0.00673	0.00323	0.00245	0.00079	0.00206	0.00259	0.14356	0.00393
8	0.00452	0.00324	0.00475	0.00452	0.00505	0.00384	0.00358	0.00541	0.00440	0.06992	0.00680	0.00961	0.00615	0.01663	0.73135	0.00359	0.10989	0.00272	0.00150	0.00254
9	0.00308	0.00264	0.00264	0.00264	0.00352	0.00220	0.00198	0.00374	0.00593	0.00703	0.02638	0.02506	0.89119	0.00659	0.00308	0.00088	0.00132	0.00550	0.00242	0.00220
10	0.04946	0.00451	0.00519	0.00379	0.00595	0.00351	0.00303	0.00649	0.00549	0.00878	0.06830	0.00635	0.00530	0.00220	0.00200	0.00044	0.00188	0.00176	0.00164	0.81393
11	0.92688	0.00504	0.00383	0.00342	0.00504	0.00584	0.00282	0.00765	0.00443	0.01168	0.00363	0.00423	0.00282	0.00242	0.00161	0.00081	0.00201	0.00141	0.00161	0.00282
12	0.02336	0.00633	0.22327	0.00583	0.00781	0.00424	0.20004	0.00608	0.00590	0.00788	0.04396	0.01592	0.37707	0.00452	0.00293	0.00088	0.00270	0.05652	0.00185	0.00293

[dist]
# distance from previous block
# <min> <max>
1	2

[block]
# block no. 2 follows, 114 sequences, length 29
# corresponding to MSA columns:
# 87-115
name=unknown_C
#
# <colnr> <probs for GDERKNQSTAVLIFYWHMCP>
#	G	D	E	R	K	N	Q	S	T	A	V	L	I	F	Y	W	H	M	C	P
0	0.00585	0.00595	0.00795	0.00683	0.00688	0.04117	0.00567	0.00642	0.00411	0.00627	0.00344	0.00566	0.00342	0.00449	0.00831	0.00112	0.87019	0.00226	0.00115	0.00285
1	0.03301	0.00936	0.00723	0.20978	0.02137	0.52778	0.00538	0.03121	0.10546	0.00736	0.00499	0.00588	0.00395	0.00296	0.01284	0.00079	0.00401	0.00199	0.00148	0.00315
2	0.00316	0.00230	0.00299	0.00354	0.00375	0.00212	0.00238	0.00363	0.00507	0.00668	0.01537	0.83234	0.09102	0.00803	0.00330	0.00104	0.00149	0.00724	0.00242	0.00212
3	0.00609	0.00665	0.01383	0.13822	0.05680	0.00649	0.68988	0.03346	0.00618	0.00834	0.00519	0.00696	0.00390	0.00229	0.00297	0.00087	0.00415	0.00291	0.00133	0.00348
4	0.00615	0.02061	0.47626	0.08408	0.15491	0.00581	0.05812	0.01668	0.00583	0.09474	0.00529	0.00618	0.00383	0.00249	0.00252	0.00080	0.00345	0.00213	0.00139	0.04873
5	0.00515	0.00482	0.00640	0.00570	0.00587	0.03931	0.00458	0.00569	0.00412	0.00604	0.00476	0.00778	0.00471	0.07864	0.23270	0.04323	0.53422	0.00250	0.00124	0.00255
6	0.00990	0.00729	0.00781	0.00599	0.00807	0.00807	0.00495	0.88357	0.01224	0.01641	0.00625	0.00625	0.00443	0.00313	0.00260	0.00078	0.00287	0.00234	0.00260	0.00443
7	0.00660	0.00655	0.00767	0.00620	0.00780	0.16600	0.19413	0.13801	0.15872	0.00965	0.11429	0.01141	0.15395	0.00375	0.00280	0.00082	0.00294	0.00329	0.00211	0.00332
8	0.00389	0.00271	0.00352	0.00329	0.00395	0.00248	0.00248	0.00509	0.00731	0.03550	0.82893	0.01939	0.06097	0.00532	0.00306	0.00082	0.00126	0.00468	0.00286	0.00250
9	0.00332	0.00234	0.00304	0.00355	0.00380	0.00215	0.00240	0.00380	0.00512	0.02290	0.01544	0.80493	0.10173	0.00792	0.00329	0.00104	0.00150	0.00713	0.00243	0.00217
10	0.00350	0.00266	0.00321	0.00321	0.00387	0.00241	0.00244	0.00444	0.00645	0.00855	0.41071	0.06931	0.33049	0.03981	0.00352	0.00096	0.00145	0.09811	0.00259	0.00231
11	0.00501	0.00503	0.03356	0.81565	0.03054	0.00584	0.05432	0.00681	0.00528	0.00682	0.00467	0.00690	0.00350	0.00257	0.00262	0.00087	0.00353	0.00234	0.00117	0.00297
12	0.92688	0.00504	0.00383	0.00342	0.00504	0.00584	0.00282	0.00765	0.00443	0.01168	0.00363	0.00423	0.00282	0.00242	0.00161	0.00081	0.00201	0.00141	0.00161	0.00282
13	0.92688	0.00504	0.00383	0.00342	0.00504	0.00584	0.00282	0.00765	0.00443	0.01168	0.00363	0.00423	0.00282	0.00242	0.00161	0.00081	0.00201	0.00141	0.00161	0.00282
14	0.13667	0.00499	0.00737	0.67505	0.07697	0.03165	0.00653	0.00696	0.00521	0.00749	0.00460	0.01729	0.00359	0.00263	0.00246	0.00085	0.00325	0.00223	0.00125	0.00296
15	0.00447	0.00305	0.00391	0.08080	0.00531	0.00285	0.00287	0.00560	0.00667	0.08210	0.45926	0.01744	0.20592	0.00489	0.00286	0.00080	0.00156	0.00421	0.05798	0.04745
16	0.00606	0.00588	0.00894	0.17846	0.43447	0.04888	0.05095	0.00754	0.00575	0.00804	0.00476	0.00624	0.00389	0.00229	0.00245	0.00070	0.00304	0.00214	0.00133	0.21819
17	0.00696	0.91006	0.01364	0.00446	0.00668	0.01030	0.00446	0.00780	0.00529	0.00613	0.00362	0.00418	0.00334	0.00223	0.00167	0.00056	0.00278	0.00139	0.00111	0.00334
18	0.00317	0.00228	0.00300	0.00358	0.00377	0.00212	0.00240	0.00363	0.00503	0.00666	0.01489	0.86741	0.05626	0.00809	0.00331	0.00105	0.00150	0.00732	0.00242	0.00212
19	0.00540	0.00463	0.00540	0.00386	0.00617	0.00347	0.00309	0.00656	0.00540	0.00848	0.00463	0.00540	0.00386	0.00193	0.00193	0.00039	0.00193	0.00154	0.00154	0.92441
20	0.88237	0.00501	0.00393	0.00348	0.00511	0.00574	0.00287	0.00790	0.00458	0.05460	0.00395	0.00446	0.00300	0.00246	0.00166	0.00081	0.00202	0.00147	0.00169	0.00290
21	0.00360	0.00266	0.00336	0.00319	0.00384	0.00242	0.00239	0.00475	0.00717	0.00997	0.77022	0.02023	0.14552	0.00550	0.00307	0.00083	0.00124	0.00482	0.00280	0.00242
22	0.00619	0.00585	0.00974	0.21486	0.62767	0.00624	0.00762	0.03812	0.00591	0.00827	0.00482	0.00652	0.00396	0.00251	0.00283	0.00081	0.04066	0.00232	0.00130	0.00380
23	0.00380	0.00291	0.00435	0.00430	0.00474	0.00346	0.00336	0.00472	0.00418	0.00605	0.00682	0.01004	0.00638	0.01889	0.86027	0.00405	0.04518	0.00277	0.00138	0.00235
24	0.00560	0.00534	0.00777	0.23524	0.13796	0.00669	0.00603	0.00758	0.13071	0.00738	0.00599	0.00756	0.04383	0.00368	0.00508	0.00097	0.37541	0.00253	0.00144	0.00320
25	0.00417	0.00256	0.00322	0.00341	0.00391	0.00236	0.00243	0.00491	0.00568	0.07897	0.13452	0.49378	0.09614	0.00649	0.00300	0.00093	0.00148	0.01579	0.13386	0.00240
26	0.00332	0.00265	0.00298	0.00290	0.00367	0.00230	0.00217	0.00421	0.00652	0.00841	0.37657	0.02279	0.54014	0.00608	0.00307	0.00085	0.00128	0.00518	0.00260	0.00230
27	0.00494	0.00466	0.00781	0.87797	0.01763	0.00584	0.00719	0.00664	0.00517	0.00664	0.00460	0.00691	0.00347	0.00266	0.00276	0.00088	0.02786	0.00231	0.00116	0.00289
28	0.71873	0.00671	0.00463	0.00417	0.00572	0.20833	0.00332	0.00828	0.00510	0.01048	0.00372	0.00434	0.00294	0.00248	0.00178	0.00078	0.00262	0.00147	0.00155	0.00287

[dist]
# distance from previous block
# <min> <max>
0	2

[block]
# block no. 3 follows, 114 sequences, length 8
# corresponding to MSA columns:
# 118-125
name=unknown_D
#
# <colnr> <probs for GDERKNQSTAVLIFYWHMCP>
#	G	D	E	R	K	N	Q	S	T	A	V	L	I	F	Y	W	H	M	C	P
0	0.00562	0.00518	0.00859	0.12262	0.57903	0.00528	0.00662	0.00712	0.00617	0.00872	0.20944	0.00951	0.00876	0.00305	0.00269	0.00080	0.00271	0.00287	0.00164	0.00359
1	0.00378	0.00287	0.00402	0.00444	0.04150	0.00308	0.00308	0.00486	0.05398	0.00658	0.00996	0.35029	0.01074	0.07032	0.41491	0.00257	0.00418	0.00459	0.00186	0.00237
2	0.00696	0.91006	0.01364	0.00446	0.00668	0.01030	0.00446	0.00780	0.00529	0.00613	0.00362	0.00418	0.00334	0.00223	0.00167	0.00056	0.00278	0.00139	0.00111	0.00334
3	0.00374	0.00255	0.00310	0.00338	0.00358	0.00250	0.00220	0.03703	0.00490	0.00669	0.01164	0.52064	0.01349	0.30361	0.00646	0.00150	0.00188	0.00569	0.06338	0.00205
4	0.02244	0.04207	0.13476	0.03754	0.07250	0.05149	0.02460	0.12148	0.02423	0.10967	0.03623	0.14464	0.03822	0.01358	0.01937	0.00093	0.05322	0.02570	0.00197	0.02536
5	0.67172	0.00505	0.00466	0.00449	0.06900	0.00553	0.00329	0.03923	0.00500	0.04329	0.00431	0.00519	0.00344	0.03416	0.00219	0.00082	0.00214	0.00165	0.00167	0.09317
6	0.00382	0.00272	0.00340	0.00347	0.00405	0.00253	0.00253	0.00494	0.04291	0.03940	0.35838	0.32390	0.16071	0.00641	0.00314	0.00092	0.00144	0.03028	0.00263	0.00243
7	0.02448	0.00462	0.00627	0.00709	0.20739	0.00475	0.00450	0.10973	0.07935	0.04359	0.06072	0.16617	0.00854	0.00595	0.10973	0.00123	0.03152	0.02324	0.00199	0.09915

[dist]
# distance from previous block
# <min> <max>
0	1

[block]
# block no. 4 follows, 114 sequences, length 14
# corresponding to MSA columns:
# 127-140
name=unknown_E
#
# <colnr> <probs for GDERKNQSTAVLIFYWHMCP>
#	G	D	E	R	K	N	Q	S	T	A	V	L	I	F	Y	W	H	M	C	P
0	0.28229	0.06622	0.00678	0.00606	0.08006	0.29239	0.00444	0.09534	0.07632	0.03063	0.00516	0.00612	0.00418	0.00281	0.00220	0.00076	0.00312	0.03011	0.00171	0.00331
1	0.00513	0.00491	0.00850	0.76661	0.10307	0.00587	0.05552	0.00688	0.00533	0.00693	0.00469	0.00690	0.00356	0.00255	0.00263	0.00086	0.00348	0.00236	0.00118	0.00305
2	0.00642	0.00599	0.00882	0.05504	0.57459	0.04870	0.00658	0.07301	0.06033	0.00877	0.01904	0.03053	0.02638	0.06067	0.00329	0.00090	0.00296	0.00266	0.00156	0.00375
3	0.00695	0.00676	0.00663	0.00632	0.06657	0.16783	0.02657	0.03306	0.55656	0.00989	0.06526	0.00900	0.00768	0.00338	0.00271	0.00083	0.01515	0.00277	0.00228	0.00379
4	0.07439	0.00596	0.00717	0.15736	0.03300	0.00644	0.00499	0.43758	0.00916	0.22781	0.00673	0.00687	0.00464	0.00299	0.00254	0.00080	0.00276	0.00234	0.00240	0.00405
5	0.00492	0.00463	0.00781	0.90223	0.01793	0.00579	0.00723	0.00665	0.00521	0.00665	0.00463	0.00694	0.00347	0.00260	0.00260	0.00087	0.00347	0.00231	0.00116	0.00289
6	0.00990	0.00729	0.00781	0.00599	0.00807	0.00807	0.00495	0.88357	0.01224	0.01641	0.00625	0.00625	0.00443	0.00313	0.00260	0.00078	0.00287	0.00234	0.00260	0.00443
7	0.00589	0.00554	0.00920	0.10223	0.68296	0.00560	0.00708	0.00735	0.00584	0.00821	0.00725	0.00856	0.09754	0.00282	0.00261	0.00079	0.00288	0.00266	0.03126	0.00374
8	0.00372	0.00279	0.00418	0.00418	0.00465	0.00325	0.00325	0.00465	0.00418	0.00604	0.00697	0.01023	0.00651	0.01953	0.89817	0.00418	0.00697	0.00279	0.00139	0.00232
9	0.88369	0.00501	0.00393	0.00348	0.00511	0.00575	0.00287	0.00789	0.00457	0.05333	0.00394	0.00445	0.00299	0.00246	0.00166	0.00081	0.00202	0.00147	0.00169	0.00290
10	0.00562	0.00456	0.00497	0.00455	0.00578	0.00499	0.00354	0.01057	0.55518	0.03931	0.14914	0.01428	0.14174	0.00440	0.00282	0.00088	0.00184	0.03966	0.00266	0.00352
11	0.00646	0.00605	0.00988	0.04560	0.74011	0.00602	0.00738	0.04989	0.00616	0.00882	0.00493	0.00636	0.00409	0.00233	0.00252	0.00074	0.00299	0.00225	0.00137	0.08604
12	0.00601	0.00573	0.00848	0.09662	0.52321	0.05915	0.01936	0.04739	0.00617	0.00829	0.00809	0.06792	0.10867	0.00330	0.00267	0.00081	0.00289	0.00300	0.01869	0.00356
13	0.05358	0.04745	0.02820	0.07978	0.07451	0.01657	0.00398	0.06913	0.03977	0.01881	0.04178	0.10189	0.09280	0.03556	0.01239	0.00080	0.00230	0.00299	0.00182	0.27588

[dist]
# distance from previous block
# <min> <max>
0	21

# created by:
# /share/home/app/bin/augustus-3.3.1/scripts/msa2prfl.pl /dev/shm/tmp/ogap_db/mt-Sar/msas/rps12.aln --setname=rps12
