[name]
rps11-38

[dist]
# distance from previous block
# <min> <max>
8	79

[block]
# block no. 0 follows, 34 sequences, length 34
# corresponding to MSA columns:
# 99-132
name=unknown_A
#
# <colnr> <probs for GDERKNQSTAVLIFYWHMCP>
#	G	D	E	R	K	N	Q	S	T	A	V	L	I	F	Y	W	H	M	C	P
0	0.00804	0.00640	0.00703	0.00717	0.00881	0.00559	0.00515	0.00967	0.01445	0.01812	0.15320	0.16038	0.47396	0.08099	0.00988	0.00257	0.00356	0.01368	0.00598	0.00539
1	0.01267	0.05959	0.01251	0.01076	0.01309	0.01071	0.00851	0.12504	0.10234	0.02309	0.10602	0.25527	0.09068	0.01443	0.00749	0.00234	0.00491	0.12731	0.00604	0.00719
2	0.03297	0.00811	0.01093	0.00989	0.01221	0.00811	0.00766	0.01801	0.01343	0.24523	0.03332	0.07437	0.01905	0.09036	0.30760	0.00574	0.00994	0.00767	0.07811	0.00729
3	0.01390	0.01469	0.01170	0.01101	0.01309	0.23859	0.00818	0.01642	0.04703	0.01867	0.17866	0.09867	0.19617	0.06199	0.00930	0.00232	0.03830	0.00977	0.00515	0.00639
4	0.00789	0.00610	0.00720	0.00790	0.00913	0.00541	0.00555	0.00940	0.01389	0.01775	0.11087	0.40891	0.33090	0.01799	0.00794	0.00239	0.00349	0.01579	0.00610	0.00541
5	0.01648	0.10314	0.01842	0.01552	0.06286	0.23320	0.01171	0.01851	0.01348	0.01656	0.01196	0.01606	0.01066	0.01565	0.15027	0.00358	0.19890	0.00524	0.07059	0.00720
6	0.00797	0.00649	0.00688	0.00688	0.00872	0.00559	0.00501	0.00962	0.01461	0.01801	0.13965	0.08862	0.56204	0.07949	0.00977	0.00252	0.00352	0.01325	0.00596	0.00539
7	0.01862	0.01822	0.01827	0.08586	0.14470	0.18972	0.01315	0.15277	0.18837	0.02426	0.01934	0.02017	0.06239	0.00787	0.00641	0.00197	0.00768	0.00631	0.00482	0.00911
8	0.01524	0.00825	0.01001	0.00902	0.01100	0.00797	0.00653	0.07520	0.01509	0.18424	0.08794	0.15382	0.02641	0.24259	0.01465	0.00333	0.00504	0.00969	0.10716	0.00682
9	0.01997	0.01475	0.01579	0.01309	0.01703	0.03491	0.01042	0.39829	0.13198	0.07549	0.02320	0.14606	0.04917	0.01038	0.00682	0.00210	0.00609	0.00850	0.00639	0.00957
10	0.01215	0.01059	0.01441	0.10263	0.13701	0.03425	0.01084	0.04442	0.01334	0.01813	0.02118	0.29099	0.02305	0.09738	0.01124	0.00269	0.07433	0.01053	0.00441	0.06643
11	0.01910	0.01752	0.02089	0.05435	0.32419	0.14397	0.01511	0.12700	0.08798	0.06928	0.04617	0.01782	0.01349	0.00701	0.00639	0.00192	0.00773	0.00595	0.00451	0.00961
12	0.02414	0.03079	0.01831	0.01665	0.01998	0.74698	0.01248	0.02580	0.01831	0.01581	0.00999	0.01165	0.00832	0.00666	0.00583	0.00166	0.01165	0.00416	0.00333	0.00749
13	0.01533	0.01313	0.01397	0.01277	0.01613	0.01509	0.00984	0.03204	0.65677	0.02607	0.02714	0.09154	0.02181	0.00981	0.00673	0.00223	0.00499	0.00831	0.00652	0.00978
14	0.00886	0.00693	0.00827	0.07151	0.01173	0.00675	0.00617	0.01071	0.03651	0.01611	0.04014	0.21339	0.29041	0.22659	0.01466	0.00342	0.00473	0.01265	0.00517	0.00529
15	0.00795	0.00629	0.00701	0.00736	0.00886	0.00551	0.00523	0.00946	0.01404	0.01758	0.11110	0.24453	0.44364	0.07003	0.00956	0.00257	0.00359	0.01441	0.00595	0.00535
16	0.02078	0.01926	0.01792	0.01503	0.01844	0.20273	0.01203	0.32481	0.05200	0.02714	0.01376	0.01585	0.01092	0.01276	0.09436	0.00299	0.11997	0.00557	0.00479	0.00889
17	0.00818	0.00610	0.00761	0.00823	0.00931	0.00553	0.00579	0.00995	0.01454	0.01935	0.23695	0.41569	0.19424	0.01744	0.00794	0.00236	0.00345	0.01548	0.00631	0.00553
18	0.01802	0.01557	0.01561	0.01367	0.01750	0.06603	0.01079	0.16387	0.50989	0.02860	0.02344	0.02365	0.01800	0.00881	0.00660	0.00214	0.00598	0.03553	0.00631	0.01001
19	0.01991	0.33855	0.02535	0.01646	0.09179	0.32289	0.01250	0.02307	0.06237	0.01685	0.01087	0.01239	0.00926	0.00623	0.00524	0.00161	0.00884	0.00424	0.00330	0.00829
20	0.01204	0.01253	0.08699	0.01077	0.01332	0.05790	0.00917	0.07425	0.01432	0.01893	0.05619	0.03423	0.19439	0.13832	0.14686	0.00427	0.06432	0.00854	0.03618	0.00648
21	0.01815	0.03780	0.03651	0.05800	0.33026	0.12846	0.01539	0.15302	0.04893	0.02339	0.01524	0.01759	0.04164	0.00757	0.00707	0.03395	0.00786	0.00585	0.00406	0.00925
22	0.81856	0.01250	0.00950	0.00850	0.01250	0.01449	0.00700	0.01899	0.01100	0.02899	0.00900	0.01050	0.00700	0.00600	0.00400	0.00200	0.00500	0.00350	0.00400	0.00700
23	0.02103	0.02491	0.02376	0.02255	0.13966	0.45233	0.16243	0.02388	0.01707	0.03596	0.01139	0.01386	0.00915	0.00629	0.00632	0.00182	0.01068	0.00522	0.00341	0.00829
24	0.01065	0.00810	0.00985	0.01005	0.01170	0.00805	0.00734	0.05925	0.10631	0.02057	0.07714	0.46903	0.04700	0.01621	0.00767	0.00239	0.00430	0.05726	0.00603	0.06110
25	0.01212	0.01073	0.01707	0.02401	0.36693	0.01063	0.01297	0.01491	0.01402	0.01950	0.08377	0.19806	0.08330	0.01511	0.08459	0.00300	0.00701	0.00997	0.00444	0.00786
26	0.01169	0.00945	0.01391	0.01879	0.26532	0.00930	0.01008	0.01381	0.01306	0.01848	0.08241	0.10436	0.06950	0.24300	0.01469	0.00330	0.00575	0.00915	0.07717	0.00677
27	0.01165	0.01087	0.01978	0.07778	0.02092	0.01070	0.25669	0.01476	0.01345	0.01803	0.08146	0.03467	0.06753	0.19867	0.06978	0.00385	0.00844	0.07031	0.00416	0.00650
28	0.01158	0.00752	0.01150	0.01224	0.07218	0.00774	0.03023	0.01205	0.01070	0.04589	0.01652	0.07231	0.01610	0.09492	0.23538	0.29255	0.00928	0.00731	0.02876	0.00523
29	0.02377	0.01855	0.01889	0.01483	0.01974	0.06728	0.01211	0.60491	0.09213	0.03785	0.01613	0.01604	0.01160	0.00778	0.00643	0.00194	0.00723	0.00584	0.00627	0.01069
30	0.02184	0.01307	0.01496	0.01232	0.01655	0.01376	0.00990	0.16694	0.28262	0.27212	0.02342	0.02167	0.01643	0.00820	0.00635	0.00202	0.00546	0.00662	0.07545	0.01028
31	0.36827	0.01460	0.01737	0.03452	0.25673	0.01593	0.01262	0.16323	0.01631	0.02854	0.01146	0.01352	0.00895	0.00629	0.00536	0.00196	0.00641	0.00478	0.00422	0.00892
32	0.01872	0.01383	0.01558	0.01319	0.01665	0.01520	0.01056	0.40617	0.07343	0.04615	0.02217	0.19671	0.02083	0.01160	0.00770	0.00223	0.03882	0.05520	0.00620	0.00908
33	0.00838	0.00596	0.00788	0.00899	0.00960	0.00563	0.00625	0.00986	0.01324	0.01784	0.13522	0.55546	0.04361	0.07005	0.00988	0.00281	0.00401	0.07399	0.00601	0.00534

[dist]
# distance from previous block
# <min> <max>
3	7

[block]
# block no. 1 follows, 34 sequences, length 6
# corresponding to MSA columns:
# 140-145
name=unknown_B
#
# <colnr> <probs for GDERKNQSTAVLIFYWHMCP>
#	G	D	E	R	K	N	Q	S	T	A	V	L	I	F	Y	W	H	M	C	P
0	0.01662	0.01603	0.02181	0.22021	0.34150	0.09125	0.01692	0.08333	0.08815	0.02173	0.01350	0.01665	0.01065	0.00652	0.00638	0.00198	0.00802	0.00575	0.00377	0.00922
1	0.05801	0.01434	0.06116	0.12442	0.05188	0.03921	0.24402	0.04240	0.01414	0.04930	0.01649	0.09832	0.01524	0.12947	0.01106	0.00281	0.00824	0.00806	0.00392	0.00752
2	0.01722	0.01575	0.02525	0.03610	0.63035	0.01602	0.01875	0.11904	0.01696	0.02392	0.01264	0.01592	0.01034	0.00604	0.00641	0.00192	0.00759	0.00577	0.00367	0.01034
3	0.01416	0.01319	0.02026	0.11837	0.34626	0.01453	0.01547	0.01931	0.10179	0.02078	0.08908	0.02239	0.05059	0.00828	0.00874	0.00214	0.11492	0.00692	0.00406	0.00874
4	0.01870	0.01951	0.02061	0.09980	0.27914	0.24504	0.01520	0.10015	0.05578	0.02128	0.01384	0.05614	0.01184	0.00729	0.00634	0.00192	0.00860	0.00603	0.00391	0.00887
5	0.01562	0.01495	0.02522	0.23024	0.09501	0.01604	0.24238	0.09639	0.15218	0.02293	0.01535	0.01832	0.01155	0.00665	0.00686	0.00212	0.00844	0.00667	0.00413	0.00895

[dist]
# distance from previous block
# <min> <max>
0	1

[block]
# block no. 2 follows, 34 sequences, length 12
# corresponding to MSA columns:
# 147-158
name=unknown_C
#
# <colnr> <probs for GDERKNQSTAVLIFYWHMCP>
#	G	D	E	R	K	N	Q	S	T	A	V	L	I	F	Y	W	H	M	C	P
0	0.12092	0.01024	0.01252	0.01316	0.07817	0.05435	0.04347	0.01419	0.01347	0.01963	0.09450	0.11220	0.12797	0.02112	0.19312	0.00424	0.00851	0.04705	0.00464	0.00653
1	0.01962	0.01417	0.01293	0.01128	0.01451	0.19352	0.00872	0.02180	0.01746	0.27265	0.15774	0.07783	0.12924	0.01063	0.00682	0.00199	0.00616	0.00868	0.00624	0.00803
2	0.00828	0.00616	0.00747	0.00794	0.00901	0.00561	0.00551	0.00986	0.01402	0.01849	0.20266	0.33737	0.22270	0.10174	0.01070	0.00278	0.00374	0.01459	0.00602	0.00535
3	0.01357	0.01298	0.01951	0.14758	0.13141	0.04359	0.11401	0.04279	0.06185	0.01977	0.06550	0.07857	0.08203	0.04746	0.00979	0.00240	0.08706	0.00824	0.00421	0.00769
4	0.01483	0.09756	0.01889	0.12018	0.12727	0.01440	0.04095	0.13135	0.08025	0.02189	0.01897	0.13147	0.01824	0.09042	0.00943	0.00255	0.00672	0.04202	0.00457	0.00804
5	0.00875	0.00679	0.00756	0.00774	0.00915	0.00634	0.00543	0.01110	0.05711	0.01747	0.09519	0.18466	0.34486	0.17860	0.01312	0.00315	0.00416	0.02771	0.00567	0.00544
6	0.01046	0.00770	0.00944	0.00922	0.01068	0.00786	0.00680	0.08468	0.01458	0.01955	0.12213	0.15983	0.13859	0.15940	0.17096	0.00475	0.00741	0.04478	0.00527	0.00591
7	0.01545	0.01498	0.02029	0.13848	0.24742	0.10817	0.05719	0.07790	0.01520	0.01984	0.01341	0.01803	0.01126	0.01688	0.19279	0.00407	0.01091	0.00596	0.00352	0.00825
8	0.01315	0.01237	0.06841	0.06788	0.26147	0.01101	0.01299	0.04801	0.01485	0.05184	0.06440	0.16780	0.10858	0.05796	0.00860	0.00239	0.00612	0.00963	0.00465	0.00790
9	0.00884	0.00617	0.00773	0.00835	0.00937	0.00564	0.00578	0.01033	0.01376	0.04133	0.15442	0.44602	0.16662	0.07241	0.00976	0.00269	0.00379	0.01538	0.00610	0.00552
10	0.01360	0.01325	0.01485	0.07651	0.06898	0.14720	0.05676	0.05789	0.01603	0.02012	0.14618	0.28696	0.03015	0.01251	0.00725	0.00218	0.00648	0.01108	0.00508	0.00692
11	0.01676	0.01500	0.01958	0.07072	0.21503	0.06003	0.05812	0.17604	0.10667	0.02514	0.05337	0.02375	0.08206	0.03974	0.00775	0.00218	0.00706	0.00715	0.00482	0.00903

[dist]
# distance from previous block
# <min> <max>
0	1

[block]
# block no. 3 follows, 34 sequences, length 20
# corresponding to MSA columns:
# 160-179
name=unknown_D
#
# <colnr> <probs for GDERKNQSTAVLIFYWHMCP>
#	G	D	E	R	K	N	Q	S	T	A	V	L	I	F	Y	W	H	M	C	P
0	0.01295	0.06872	0.01789	0.02118	0.28399	0.04570	0.01233	0.01554	0.01287	0.01736	0.01867	0.02456	0.07309	0.08482	0.25676	0.00509	0.01054	0.00686	0.00355	0.00754
1	0.01207	0.00801	0.00925	0.00941	0.01076	0.03664	0.00664	0.03841	0.01376	0.10451	0.03204	0.40743	0.08473	0.15267	0.01228	0.00312	0.00491	0.04152	0.00577	0.00605
2	0.01594	0.01477	0.02211	0.02428	0.27547	0.06699	0.14671	0.02111	0.09792	0.07628	0.02456	0.02577	0.14256	0.00822	0.00684	0.00204	0.00731	0.00767	0.00450	0.00893
3	0.01202	0.01022	0.01259	0.06662	0.01502	0.05181	0.06577	0.08911	0.01445	0.01842	0.02831	0.19012	0.13487	0.24415	0.01512	0.00346	0.00623	0.01084	0.00480	0.00607
4	0.01180	0.01058	0.01471	0.08082	0.23390	0.04949	0.01126	0.01392	0.01315	0.01737	0.02413	0.30896	0.05224	0.11545	0.01071	0.00279	0.00611	0.01129	0.00445	0.00688
5	0.01598	0.01548	0.02527	0.14283	0.54934	0.03918	0.05145	0.04502	0.01517	0.02096	0.01215	0.01608	0.00994	0.00595	0.00645	0.00196	0.00807	0.00579	0.00328	0.00965
6	0.06409	0.04525	0.01404	0.01458	0.12702	0.10380	0.00961	0.03967	0.11087	0.02073	0.05631	0.03604	0.31112	0.01096	0.00665	0.00202	0.00565	0.00897	0.00508	0.00752
7	0.01617	0.07883	0.02423	0.06883	0.41883	0.05800	0.05386	0.07078	0.01576	0.02130	0.04610	0.01755	0.01271	0.00929	0.05802	0.00248	0.00848	0.00594	0.00360	0.00922
8	0.01362	0.01172	0.01479	0.01579	0.16259	0.03136	0.00986	0.01754	0.07211	0.02017	0.01497	0.01995	0.01318	0.10725	0.05193	0.00255	0.00640	0.00558	0.06008	0.34855
9	0.00809	0.00616	0.00744	0.00797	0.00922	0.00551	0.00565	0.00983	0.01453	0.01899	0.20599	0.36476	0.27786	0.01731	0.00790	0.00234	0.00343	0.01523	0.00626	0.00551
10	0.01933	0.01270	0.01767	0.07573	0.24492	0.04278	0.01271	0.05094	0.01622	0.25963	0.02289	0.02493	0.08864	0.07175	0.00875	0.00234	0.00658	0.00707	0.00528	0.00915
11	0.00804	0.00610	0.00741	0.00806	0.00922	0.00547	0.00567	0.00968	0.01422	0.01856	0.17478	0.41204	0.26193	0.01771	0.00794	0.00237	0.00347	0.01563	0.00621	0.00547
12	0.01269	0.01199	0.01531	0.01341	0.01426	0.06791	0.05017	0.01415	0.01112	0.01537	0.04393	0.02519	0.01612	0.23279	0.12508	0.00472	0.30910	0.00716	0.00347	0.00607
13	0.00842	0.00604	0.00715	0.00779	0.00835	0.00568	0.00499	0.00920	0.01166	0.01514	0.03525	0.35724	0.16265	0.31022	0.01765	0.00395	0.00463	0.01403	0.00519	0.00477
14	0.01750	0.01887	0.02044	0.07903	0.25840	0.23444	0.01508	0.03797	0.03755	0.01862	0.01376	0.01694	0.03938	0.00894	0.03273	0.00230	0.13054	0.00567	0.00347	0.00835
15	0.42265	0.02162	0.01389	0.01256	0.01622	0.37954	0.00973	0.02239	0.01464	0.02242	0.00949	0.01107	0.00766	0.00633	0.00491	0.00183	0.00831	0.00383	0.00366	0.00724
16	0.01185	0.00965	0.01182	0.10290	0.01628	0.01059	0.00885	0.01999	0.26771	0.02276	0.23566	0.13259	0.03412	0.07506	0.00929	0.00254	0.00484	0.01009	0.00598	0.00741
17	0.41503	0.05058	0.01463	0.04435	0.08978	0.10294	0.01005	0.01941	0.03988	0.02307	0.01106	0.01473	0.00950	0.06572	0.00819	0.00233	0.06299	0.00467	0.00374	0.00735
18	0.01256	0.01032	0.01438	0.01455	0.10032	0.01017	0.06690	0.10425	0.03551	0.02052	0.02637	0.20440	0.10357	0.15312	0.03522	0.00315	0.00620	0.01042	0.00490	0.06316
19	0.30614	0.01619	0.01367	0.04683	0.03858	0.19322	0.00994	0.07652	0.01447	0.02264	0.01194	0.01516	0.00997	0.01625	0.17872	0.00388	0.00994	0.00483	0.00384	0.00727

[dist]
# distance from previous block
# <min> <max>
0	1

[block]
# block no. 4 follows, 34 sequences, length 9
# corresponding to MSA columns:
# 181-189
name=unknown_E
#
# <colnr> <probs for GDERKNQSTAVLIFYWHMCP>
#	G	D	E	R	K	N	Q	S	T	A	V	L	I	F	Y	W	H	M	C	P
0	0.01273	0.01375	0.07488	0.39247	0.15883	0.01360	0.08749	0.01699	0.01380	0.01828	0.01789	0.02384	0.07590	0.00772	0.00678	0.00215	0.00812	0.04352	0.00341	0.00783
1	0.01304	0.01139	0.01246	0.01163	0.01299	0.08479	0.00874	0.08475	0.03935	0.01799	0.01910	0.14774	0.01970	0.16750	0.20893	0.00521	0.11530	0.00874	0.00429	0.00638
2	0.01514	0.01521	0.01275	0.05179	0.01516	0.25363	0.00903	0.05026	0.01470	0.01695	0.07037	0.13626	0.02065	0.10963	0.08738	0.09407	0.00865	0.00814	0.00418	0.00606
3	0.00825	0.00645	0.00726	0.00725	0.00887	0.00569	0.00523	0.01006	0.01494	0.01918	0.23995	0.12035	0.41204	0.09339	0.01028	0.00260	0.00356	0.01310	0.00609	0.00545
4	0.00948	0.00805	0.00916	0.01032	0.05735	0.04225	0.00676	0.01117	0.01399	0.01782	0.12622	0.24481	0.27726	0.08772	0.04534	0.00301	0.00502	0.01300	0.00551	0.00576
5	0.01776	0.01746	0.02430	0.09784	0.45235	0.11071	0.05190	0.10865	0.01704	0.02249	0.01229	0.01555	0.00992	0.00618	0.00640	0.00192	0.00836	0.00565	0.00361	0.00962
6	0.01754	0.01989	0.05790	0.06271	0.25375	0.25721	0.01463	0.06555	0.01658	0.01967	0.01771	0.08613	0.06640	0.00836	0.00646	0.00194	0.00843	0.00691	0.00388	0.00836
7	0.00786	0.00568	0.00743	0.00883	0.00933	0.00526	0.00593	0.00902	0.01253	0.01656	0.03760	0.72161	0.08854	0.01998	0.00821	0.00259	0.00372	0.01805	0.00600	0.00526
8	0.01471	0.01403	0.02362	0.17758	0.55177	0.01452	0.01850	0.01850	0.01436	0.01998	0.01545	0.01920	0.05622	0.00658	0.00649	0.00198	0.00758	0.00626	0.00331	0.00933

[dist]
# distance from previous block
# <min> <max>
0	1

[block]
# block no. 5 follows, 34 sequences, length 12
# corresponding to MSA columns:
# 191-202
name=unknown_F
#
# <colnr> <probs for GDERKNQSTAVLIFYWHMCP>
#	G	D	E	R	K	N	Q	S	T	A	V	L	I	F	Y	W	H	M	C	P
0	0.01662	0.01564	0.02524	0.13622	0.43246	0.05254	0.10606	0.03585	0.03960	0.05726	0.01331	0.01670	0.01049	0.00612	0.00655	0.00199	0.00821	0.00600	0.00360	0.00952
1	0.01674	0.09453	0.02120	0.05902	0.30562	0.16105	0.01420	0.05173	0.04258	0.01939	0.01638	0.05204	0.04907	0.05971	0.00802	0.00218	0.00782	0.00647	0.00376	0.00848
2	0.00899	0.00676	0.00756	0.00768	0.00873	0.00653	0.00511	0.01089	0.05377	0.01569	0.03761	0.14569	0.26014	0.33709	0.05608	0.00438	0.00542	0.01177	0.00503	0.00508
3	0.01190	0.00997	0.01536	0.02016	0.27837	0.01001	0.02992	0.01375	0.01182	0.01643	0.01789	0.07997	0.01887	0.35323	0.08126	0.00463	0.00768	0.00840	0.00373	0.00665
4	0.00802	0.00641	0.00718	0.00731	0.00904	0.00557	0.00536	0.00989	0.01515	0.01922	0.21158	0.17607	0.46386	0.01629	0.00773	0.00222	0.00330	0.01398	0.00625	0.00557
5	0.04695	0.01211	0.01936	0.20498	0.36535	0.01272	0.01546	0.01647	0.01383	0.01935	0.02060	0.11634	0.09183	0.00892	0.00668	0.00210	0.00682	0.00811	0.00381	0.00821
6	0.10854	0.00851	0.00997	0.00924	0.01138	0.00882	0.00704	0.06858	0.01462	0.08408	0.13428	0.09708	0.09411	0.09141	0.18111	0.00440	0.00751	0.00899	0.04373	0.00659
7	0.00857	0.00692	0.00771	0.00789	0.00974	0.00630	0.00590	0.01144	0.06023	0.01907	0.13806	0.17559	0.44693	0.01622	0.00774	0.00228	0.00360	0.05379	0.00617	0.00584
8	0.01344	0.01266	0.01921	0.07456	0.25676	0.04597	0.09220	0.01763	0.07621	0.01887	0.01959	0.14696	0.03286	0.11084	0.03116	0.00291	0.00741	0.00881	0.00411	0.00783
9	0.01906	0.32211	0.02370	0.01296	0.01733	0.13588	0.01121	0.18878	0.05192	0.02231	0.01636	0.01716	0.07127	0.00770	0.00649	0.00176	0.05584	0.00534	0.00422	0.00859
10	0.01150	0.00974	0.01368	0.05336	0.19023	0.02900	0.01010	0.01388	0.03036	0.01641	0.02040	0.07991	0.05459	0.24541	0.18829	0.00527	0.00911	0.00837	0.00388	0.00650
11	0.01845	0.02116	0.05411	0.04789	0.02028	0.30386	0.04431	0.02738	0.29820	0.02074	0.01727	0.01813	0.01346	0.01010	0.05397	0.00250	0.00913	0.00586	0.00458	0.00862

[dist]
# distance from previous block
# <min> <max>
0	1

[block]
# block no. 6 follows, 34 sequences, length 15
# corresponding to MSA columns:
# 204-218
name=unknown_G
#
# <colnr> <probs for GDERKNQSTAVLIFYWHMCP>
#	G	D	E	R	K	N	Q	S	T	A	V	L	I	F	Y	W	H	M	C	P
0	0.01717	0.01448	0.01628	0.01429	0.03897	0.07221	0.05055	0.21098	0.18105	0.04069	0.04352	0.14385	0.01983	0.01181	0.04366	0.00247	0.00690	0.00835	0.00562	0.05734
1	0.01237	0.01154	0.01817	0.05186	0.15005	0.01282	0.09075	0.01587	0.05349	0.01802	0.02188	0.10655	0.09630	0.04040	0.11494	0.00360	0.16146	0.00859	0.00400	0.00736
2	0.01660	0.01280	0.01471	0.01076	0.01634	0.01098	0.00871	0.15813	0.01715	0.06822	0.01315	0.01435	0.01025	0.00558	0.00523	0.00122	0.00530	0.00439	0.00461	0.60152
3	0.01023	0.00796	0.01052	0.00999	0.01037	0.00939	0.00718	0.01125	0.00981	0.01390	0.01714	0.03151	0.01829	0.39477	0.26260	0.00696	0.15156	0.00789	0.00356	0.00511
4	0.02414	0.03079	0.01831	0.01665	0.01998	0.74698	0.01248	0.02580	0.01831	0.01581	0.00999	0.01165	0.00832	0.00666	0.00583	0.00166	0.01165	0.00416	0.00333	0.00749
5	0.81856	0.01250	0.00950	0.00850	0.01250	0.01449	0.00700	0.01899	0.01100	0.02899	0.00900	0.01050	0.00700	0.00600	0.00400	0.00200	0.00500	0.00350	0.00400	0.00700
6	0.01192	0.00596	0.00639	0.00639	0.00766	0.00596	0.00468	0.01404	0.01277	0.02213	0.01958	0.02341	0.01575	0.00980	0.00767	0.12492	0.00341	0.00596	0.68607	0.00553
7	0.01176	0.01082	0.01797	0.60145	0.07941	0.01303	0.01624	0.01556	0.01294	0.01678	0.01520	0.13158	0.01390	0.00852	0.00673	0.00221	0.00782	0.00767	0.00337	0.00706
8	0.01602	0.01297	0.01805	0.02068	0.24264	0.01291	0.03117	0.18727	0.01804	0.04661	0.02090	0.18408	0.04980	0.00987	0.00673	0.00199	0.00616	0.00876	0.00497	0.10038
9	0.13726	0.01381	0.02088	0.17975	0.40038	0.01463	0.01625	0.01953	0.04943	0.02166	0.01221	0.01566	0.00985	0.00603	0.00595	0.00193	0.00715	0.00537	0.00346	0.05881
10	0.01476	0.01387	0.02337	0.03499	0.62249	0.01381	0.01772	0.01818	0.01436	0.02041	0.01573	0.13060	0.01518	0.00796	0.00668	0.00203	0.00708	0.00768	0.00362	0.00948
11	0.01233	0.01138	0.01948	0.11410	0.23828	0.01141	0.11391	0.01569	0.01443	0.01952	0.06752	0.15235	0.07653	0.01094	0.00737	0.00226	0.00678	0.09365	0.00442	0.00767
12	0.01395	0.01317	0.02227	0.32692	0.40908	0.01430	0.01819	0.01780	0.01384	0.01896	0.01338	0.06463	0.01166	0.00697	0.00654	0.00206	0.00780	0.00656	0.00325	0.00868
13	0.01301	0.01279	0.02266	0.55687	0.08137	0.01506	0.12306	0.01728	0.01319	0.01735	0.01157	0.01699	0.00888	0.00657	0.00758	0.00219	0.05703	0.00602	0.00295	0.00758
14	0.01200	0.01100	0.01744	0.27863	0.24932	0.01172	0.01430	0.01537	0.01431	0.01900	0.08838	0.06225	0.16116	0.00946	0.00686	0.00210	0.00652	0.00844	0.00413	0.00761

[dist]
# distance from previous block
# <min> <max>
0	73

# created by:
# /share/home/app/bin/augustus-3.3.1/scripts/msa2prfl.pl /dev/shm/tmp/ogap_db/mt-Sar/msas/rps11-38.aln --setname=rps11-38
