[name]
rps2

[dist]
# distance from previous block
# <min> <max>
0	0

[block]
# block no. 0 follows, 44 sequences, length 175
# corresponding to MSA columns:
# 0-174
name=unknown_A
#
# <colnr> <probs for GDERKNQSTAVLIFYWHMCP>
#	G	D	E	R	K	N	Q	S	T	A	V	L	I	F	Y	W	H	M	C	P
0	0.00879	0.00628	0.00879	0.01004	0.01130	0.00628	0.00879	0.01130	0.01255	0.01632	0.02887	0.06150	0.03138	0.01506	0.00753	0.00251	0.00502	0.73770	0.00502	0.00502
1	0.00910	0.03100	0.01230	0.04212	0.03623	0.00875	0.07795	0.01112	0.01195	0.01653	0.25053	0.18956	0.08140	0.05125	0.00941	0.00212	0.13963	0.00930	0.00433	0.00541
2	0.01371	0.01470	0.01807	0.30216	0.27276	0.20020	0.03586	0.01662	0.01262	0.01520	0.01139	0.01454	0.03754	0.00560	0.00537	0.00165	0.00751	0.00483	0.00272	0.00695
3	0.01344	0.01186	0.01454	0.01634	0.19859	0.01314	0.01046	0.04373	0.53293	0.02156	0.02038	0.01978	0.04474	0.00701	0.00554	0.00179	0.00482	0.00603	0.00483	0.00849
4	0.01269	0.03387	0.32911	0.02516	0.43290	0.03720	0.01779	0.01710	0.01212	0.01736	0.00996	0.01249	0.00786	0.00501	0.00526	0.00165	0.00721	0.00444	0.00253	0.00830
5	0.01416	0.01587	0.01732	0.04058	0.01705	0.25024	0.09678	0.01596	0.01116	0.01367	0.00880	0.01262	0.00788	0.01068	0.08689	0.00262	0.36429	0.00468	0.00261	0.00613
6	0.15786	0.03373	0.06398	0.02750	0.01569	0.01325	0.00962	0.33718	0.01823	0.23071	0.01405	0.01386	0.00969	0.00694	0.02209	0.00181	0.00568	0.00465	0.00505	0.00841
7	0.01465	0.02774	0.01543	0.48072	0.02812	0.01153	0.01250	0.06650	0.01314	0.20929	0.03520	0.01602	0.01027	0.00612	0.00580	0.00177	0.02918	0.00511	0.00382	0.00708
8	0.00659	0.00495	0.00611	0.00703	0.00776	0.00448	0.00481	0.00765	0.01097	0.01414	0.03684	0.60180	0.23472	0.01620	0.00682	0.00211	0.00305	0.01442	0.00506	0.00448
9	0.00680	0.00488	0.00621	0.00721	0.00760	0.00456	0.00475	0.00765	0.01025	0.01353	0.03025	0.64324	0.09042	0.12362	0.00972	0.00260	0.00342	0.01417	0.00482	0.00429
10	0.02007	0.01480	0.01598	0.01235	0.01655	0.01640	0.01018	0.71864	0.02478	0.03327	0.01317	0.01351	0.00949	0.00827	0.04478	0.00199	0.00643	0.00496	0.00533	0.00905
11	0.00781	0.00524	0.00598	0.00609	0.00612	0.00521	0.00346	0.00790	0.00815	0.01087	0.01833	0.10461	0.02128	0.73748	0.02589	0.00501	0.00510	0.00861	0.00346	0.00340
12	0.00746	0.00509	0.00609	0.00655	0.00666	0.00497	0.00395	0.00780	0.00885	0.01180	0.02189	0.31739	0.02577	0.51858	0.02013	0.00416	0.00451	0.01070	0.00395	0.00372
13	0.00689	0.00549	0.00618	0.00612	0.00767	0.00478	0.00455	0.00866	0.01333	0.01713	0.30029	0.09853	0.47488	0.01311	0.00647	0.00182	0.00272	0.01120	0.00539	0.00478
14	0.78621	0.01089	0.00863	0.00756	0.01101	0.01257	0.00623	0.07041	0.01048	0.02519	0.00800	0.00917	0.00615	0.00517	0.00353	0.00168	0.00435	0.00310	0.00353	0.00615
15	0.01951	0.01422	0.01531	0.01190	0.01592	0.01572	0.00979	0.67742	0.02403	0.03257	0.01346	0.01390	0.00976	0.00788	0.03598	0.00189	0.00611	0.00496	0.06085	0.00882
16	0.01710	0.01239	0.01375	0.01107	0.01445	0.01374	0.00902	0.53430	0.02086	0.02862	0.01384	0.01546	0.01060	0.01350	0.16391	0.00305	0.00742	0.00511	0.08382	0.00798
17	0.84691	0.01054	0.00801	0.00717	0.01054	0.01223	0.00590	0.01603	0.00928	0.02446	0.00759	0.00886	0.00590	0.00506	0.00337	0.00169	0.00422	0.00295	0.00337	0.00590
18	0.00779	0.00584	0.00876	0.00876	0.00974	0.00681	0.00681	0.00974	0.00876	0.01266	0.01460	0.02142	0.01363	0.04089	0.78680	0.00876	0.01460	0.00584	0.00292	0.00487
19	0.00671	0.00480	0.00639	0.00754	0.00792	0.00448	0.00507	0.00777	0.01077	0.01445	0.07943	0.75395	0.03708	0.01668	0.00692	0.00218	0.00312	0.01512	0.00512	0.00448
20	0.00775	0.00559	0.00733	0.00695	0.00823	0.00518	0.00524	0.01032	0.01535	0.02171	0.75115	0.04129	0.05089	0.01125	0.00646	0.00174	0.00264	0.02982	0.00597	0.00514
21	0.01130	0.00969	0.01130	0.00807	0.01292	0.00727	0.00646	0.01373	0.01130	0.01776	0.00969	0.01130	0.00807	0.00404	0.00404	0.00081	0.00404	0.00323	0.00323	0.84173
22	0.01018	0.00947	0.01583	0.75551	0.03596	0.01177	0.01454	0.01363	0.01075	0.01376	0.01007	0.01560	0.00790	0.04593	0.00657	0.00199	0.00717	0.00500	0.00247	0.00592
23	0.01221	0.00979	0.01117	0.00850	0.01237	0.00849	0.00660	0.13788	0.01319	0.01935	0.01218	0.04694	0.01112	0.12314	0.00788	0.00166	0.00452	0.00469	0.00369	0.54465
24	0.00974	0.00826	0.01276	0.07057	0.22892	0.00846	0.03710	0.01161	0.01041	0.01430	0.05455	0.02623	0.06606	0.28053	0.13383	0.00399	0.00705	0.00679	0.00324	0.00559
25	0.02037	0.02598	0.01545	0.01404	0.01685	0.78652	0.01053	0.02177	0.01545	0.01334	0.00843	0.00983	0.00702	0.00562	0.00492	0.00140	0.00983	0.00351	0.00281	0.00632
26	0.03690	0.26711	0.47745	0.01319	0.01976	0.04622	0.01572	0.01736	0.01158	0.03539	0.00929	0.01070	0.00708	0.00508	0.00461	0.00154	0.00725	0.00367	0.00248	0.00763
27	0.03074	0.45711	0.02096	0.01000	0.01341	0.15679	0.00887	0.01571	0.01127	0.01311	0.00944	0.01202	0.00859	0.01364	0.19397	0.00306	0.00866	0.00373	0.00258	0.00633
28	0.04174	0.00625	0.00749	0.00694	0.00856	0.00593	0.00527	0.04772	0.01521	0.02144	0.58626	0.03996	0.16468	0.01110	0.00626	0.00173	0.00284	0.00960	0.00572	0.00529
29	0.01209	0.01158	0.01981	0.29645	0.43554	0.01240	0.05275	0.01571	0.02781	0.01642	0.01152	0.03119	0.02170	0.00551	0.00552	0.00172	0.00671	0.00529	0.00275	0.00752
30	0.00678	0.00554	0.00599	0.00588	0.00757	0.00475	0.00441	0.00848	0.01322	0.01662	0.24522	0.04935	0.58101	0.01310	0.00644	0.00181	0.00271	0.01107	0.00531	0.00475
31	0.02072	0.01527	0.01636	0.01254	0.01691	0.01691	0.01036	0.75622	0.02563	0.03436	0.01309	0.01309	0.00927	0.00654	0.00545	0.00164	0.00600	0.00491	0.00545	0.00927
32	0.01349	0.01295	0.02213	0.03346	0.77440	0.01295	0.01673	0.01673	0.01241	0.01781	0.01025	0.01349	0.00864	0.00486	0.00540	0.00162	0.00648	0.00486	0.00270	0.00864
33	0.01356	0.01171	0.01233	0.01109	0.01418	0.01356	0.00863	0.02897	0.76455	0.02281	0.02219	0.02034	0.01664	0.00740	0.00555	0.00185	0.00431	0.00616	0.00555	0.00863
34	0.00785	0.00593	0.00752	0.00833	0.00974	0.00559	0.00697	0.00989	0.01240	0.01564	0.03818	0.09580	0.29170	0.01472	0.00712	0.00226	0.00413	0.44633	0.00504	0.00484
35	0.01196	0.01282	0.04249	0.01617	0.01775	0.01551	0.18712	0.01413	0.00952	0.01425	0.00844	0.01294	0.00767	0.00948	0.04497	0.00249	0.55831	0.00518	0.00249	0.00631
36	0.01509	0.01155	0.01296	0.00965	0.01416	0.01074	0.00783	0.28600	0.01668	0.04589	0.01158	0.01251	0.00889	0.00512	0.00459	0.00115	0.00472	0.00398	0.03578	0.48113
37	0.00782	0.00573	0.00818	0.00818	0.00896	0.00650	0.00609	0.00936	0.00859	0.01223	0.01513	0.02434	0.01490	0.19821	0.63121	0.00805	0.01269	0.00627	0.00300	0.00455
38	0.00670	0.00486	0.00632	0.00737	0.00788	0.00449	0.00499	0.00779	0.01093	0.01451	0.08151	0.69187	0.09783	0.01641	0.00688	0.00215	0.00309	0.01479	0.00512	0.00449
39	0.00664	0.00474	0.00633	0.00759	0.00791	0.00443	0.00506	0.00759	0.01044	0.01392	0.03005	0.80485	0.03606	0.01708	0.00696	0.00221	0.00316	0.01550	0.00506	0.00443
40	0.84691	0.01054	0.00801	0.00717	0.01054	0.01223	0.00590	0.01603	0.00928	0.02446	0.00759	0.00886	0.00590	0.00506	0.00337	0.00169	0.00422	0.00295	0.00337	0.00590
41	0.01349	0.01295	0.02213	0.03346	0.77440	0.01295	0.01673	0.01673	0.01241	0.01781	0.01025	0.01349	0.00864	0.00486	0.00540	0.00162	0.00648	0.00486	0.00270	0.00864
42	0.01030	0.00969	0.01635	0.79530	0.03755	0.01211	0.01514	0.01393	0.01090	0.01393	0.00969	0.01453	0.00727	0.00545	0.00545	0.00182	0.00727	0.00484	0.00242	0.00606
43	0.04130	0.19342	0.01787	0.01253	0.01578	0.51792	0.00999	0.06888	0.01475	0.01491	0.00878	0.01025	0.00740	0.00687	0.03589	0.00167	0.00875	0.00355	0.00290	0.00659
44	0.00783	0.00655	0.00681	0.00692	0.00842	0.03481	0.00504	0.04612	0.01280	0.01589	0.09136	0.27776	0.43210	0.01395	0.00649	0.00192	0.00330	0.01198	0.00506	0.00489
45	0.00827	0.00651	0.00950	0.00923	0.01003	0.00786	0.00718	0.01001	0.00866	0.01258	0.01391	0.02122	0.01327	0.08532	0.65058	0.00781	0.10444	0.00585	0.00288	0.00490
46	0.00855	0.00648	0.00935	0.00910	0.01022	0.00758	0.00713	0.04745	0.00960	0.01376	0.01433	0.02075	0.01324	0.03833	0.72726	0.00824	0.03471	0.00577	0.00303	0.00512
47	0.00754	0.00512	0.00606	0.00645	0.00654	0.00502	0.00384	0.00783	0.00869	0.01159	0.02111	0.27047	0.02478	0.56685	0.02140	0.00435	0.00464	0.01024	0.00384	0.00365
48	0.00779	0.00584	0.00876	0.00876	0.00974	0.00681	0.00681	0.00974	0.00876	0.01266	0.01460	0.02142	0.01363	0.04089	0.78680	0.00876	0.01460	0.00584	0.00292	0.00487
49	0.01969	0.11700	0.01697	0.01350	0.01652	0.69791	0.01039	0.02114	0.01494	0.01328	0.00833	0.00971	0.00702	0.00551	0.00475	0.00138	0.00937	0.00344	0.00275	0.00640
50	0.00664	0.00474	0.00633	0.00759	0.00791	0.00443	0.00506	0.00759	0.01044	0.01392	0.03005	0.80485	0.03606	0.01708	0.00696	0.00221	0.00316	0.01550	0.00506	0.00443
51	0.01093	0.02820	0.78016	0.01554	0.02360	0.01266	0.02014	0.01727	0.01151	0.01727	0.00978	0.01151	0.00691	0.00518	0.00518	0.00173	0.00806	0.00403	0.00230	0.00806
52	0.01349	0.01295	0.02213	0.03346	0.77440	0.01295	0.01673	0.01673	0.01241	0.01781	0.01025	0.01349	0.00864	0.00486	0.00540	0.00162	0.00648	0.00486	0.00270	0.00864
53	0.02072	0.01527	0.01636	0.01254	0.01691	0.01691	0.01036	0.75622	0.02563	0.03436	0.01309	0.01309	0.00927	0.00654	0.00545	0.00164	0.00600	0.00491	0.00545	0.00927
54	0.00667	0.00479	0.00634	0.00752	0.00790	0.00445	0.00504	0.00768	0.01064	0.01419	0.05387	0.76232	0.05475	0.01681	0.00693	0.00219	0.00313	0.01522	0.00509	0.00445
55	0.00790	0.00601	0.00898	0.00891	0.00986	0.00709	0.00695	0.00983	0.00875	0.01267	0.01440	0.02116	0.01345	0.04003	0.76571	0.00859	0.03610	0.00581	0.00291	0.00490
56	0.81386	0.01073	0.00835	0.00738	0.01080	0.01242	0.00608	0.04564	0.00993	0.02486	0.00781	0.00903	0.00604	0.00512	0.00346	0.00168	0.00429	0.00303	0.00346	0.00604
57	0.00644	0.00552	0.00552	0.00552	0.00736	0.00460	0.00414	0.00782	0.01243	0.01473	0.05523	0.05247	0.77218	0.01381	0.00644	0.00184	0.00276	0.01151	0.00506	0.00460
58	0.01030	0.00969	0.01635	0.79530	0.03755	0.01211	0.01514	0.01393	0.01090	0.01393	0.00969	0.01453	0.00727	0.00545	0.00545	0.00182	0.00727	0.00484	0.00242	0.00606
59	0.02412	0.00983	0.01299	0.00996	0.01419	0.00883	0.00823	0.09338	0.01652	0.71006	0.02074	0.01806	0.01311	0.00673	0.00548	0.00168	0.00476	0.00543	0.00663	0.00928
60	0.01464	0.01173	0.01255	0.01108	0.01430	0.01336	0.00868	0.06542	0.67826	0.07291	0.02169	0.01986	0.01606	0.00731	0.00554	0.00183	0.00442	0.00606	0.00562	0.00870
61	0.00696	0.00502	0.00667	0.00787	0.00840	0.00472	0.00559	0.00818	0.01086	0.01433	0.03113	0.65202	0.07244	0.01660	0.00702	0.00224	0.00343	0.12693	0.00505	0.00453
62	0.01104	0.05124	0.75805	0.01536	0.02331	0.01292	0.01982	0.01724	0.01150	0.01713	0.00972	0.01143	0.00691	0.00516	0.00513	0.00171	0.00799	0.00400	0.00230	0.00803
63	0.00762	0.00557	0.00716	0.00676	0.00809	0.00510	0.00507	0.01011	0.01521	0.02133	0.71848	0.04159	0.10481	0.01134	0.00643	0.00172	0.00259	0.00998	0.00593	0.00510
64	0.00684	0.00483	0.00627	0.00734	0.00761	0.00456	0.00479	0.00764	0.01005	0.01340	0.02808	0.68700	0.03357	0.13832	0.01014	0.00268	0.00349	0.01434	0.00479	0.00426
65	0.01254	0.01862	0.30401	0.02680	0.49520	0.01284	0.01800	0.01693	0.01208	0.01761	0.01008	0.01276	0.00799	0.00498	0.00532	0.00166	0.00706	0.00455	0.00255	0.00842
66	0.01591	0.01714	0.01562	0.01797	0.21879	0.34146	0.01143	0.01957	0.09917	0.03870	0.03371	0.01994	0.02882	0.00706	0.00551	0.00167	0.00726	0.08962	0.00359	0.00707
67	0.00783	0.00633	0.00716	0.00745	0.00917	0.00598	0.00591	0.01097	0.09208	0.01595	0.04306	0.10157	0.44654	0.01368	0.00667	0.00204	0.00355	0.20383	0.00510	0.00513
68	0.00675	0.00553	0.00594	0.00584	0.00755	0.00473	0.00438	0.00841	0.01314	0.01643	0.22643	0.04966	0.59991	0.01317	0.00644	0.00181	0.00272	0.01111	0.00529	0.00473
69	0.07005	0.25509	0.05478	0.00966	0.01311	0.01328	0.00854	0.14301	0.01390	0.11604	0.01636	0.19449	0.01573	0.02460	0.00556	0.00174	0.00507	0.02783	0.00422	0.00695
70	0.01787	0.05476	0.01680	0.06031	0.04626	0.11316	0.05967	0.35711	0.03787	0.08399	0.04777	0.03200	0.01181	0.00654	0.00539	0.00162	0.00633	0.00526	0.02746	0.00801
71	0.14995	0.02484	0.59768	0.01446	0.03701	0.05155	0.01723	0.01728	0.01136	0.01827	0.00936	0.01103	0.00678	0.00518	0.00487	0.00170	0.00748	0.00384	0.00251	0.00763
72	0.62857	0.01051	0.00943	0.00798	0.01159	0.01156	0.00658	0.05552	0.01146	0.18697	0.01086	0.01115	0.00771	0.00550	0.00393	0.00168	0.00440	0.00359	0.00420	0.00680
73	0.01399	0.31117	0.06246	0.02295	0.42896	0.04154	0.01395	0.01677	0.01197	0.01578	0.00918	0.01151	0.00789	0.00483	0.00466	0.00145	0.00643	0.00405	0.00255	0.00792
74	0.00672	0.00572	0.00580	0.00575	0.00761	0.00490	0.00432	0.00858	0.03608	0.01526	0.08228	0.05100	0.72028	0.01350	0.00641	0.00184	0.00280	0.01127	0.00511	0.00475
75	0.00663	0.00478	0.00629	0.00750	0.00788	0.00444	0.00502	0.00760	0.01052	0.01395	0.03110	0.77330	0.06692	0.01694	0.00694	0.00220	0.00315	0.01533	0.00506	0.00444
76	0.00788	0.00526	0.00596	0.00601	0.00602	0.00525	0.00337	0.00792	0.00802	0.01070	0.01766	0.06480	0.02044	0.77844	0.02696	0.00517	0.00521	0.00821	0.00337	0.00335
77	0.00707	0.00555	0.00640	0.00619	0.00775	0.00487	0.00464	0.00905	0.01392	0.01827	0.41073	0.04664	0.41447	0.01249	0.00644	0.00178	0.00267	0.01069	0.00553	0.00487
78	0.06226	0.01830	0.01566	0.01273	0.01657	0.25160	0.01019	0.49471	0.02170	0.02744	0.01139	0.01188	0.00842	0.00619	0.00518	0.00157	0.00708	0.00438	0.00454	0.00820
79	0.01743	0.43527	0.02259	0.01115	0.01537	0.16924	0.00985	0.22493	0.01601	0.01897	0.00929	0.01018	0.00764	0.00538	0.00432	0.00134	0.00666	0.00359	0.00330	0.00750
80	0.01365	0.05039	0.01238	0.01008	0.01255	0.01136	0.00792	0.34834	0.01705	0.02287	0.01849	0.26454	0.01853	0.03270	0.12983	0.00300	0.00644	0.00836	0.00473	0.00680
81	0.01125	0.00928	0.01078	0.00810	0.01216	0.00748	0.00632	0.05866	0.01209	0.01826	0.04969	0.04495	0.01236	0.07142	0.00631	0.00133	0.00415	0.00452	0.00358	0.64731
82	0.00890	0.00651	0.00758	0.00734	0.00914	0.00593	0.00541	0.04788	0.04114	0.05493	0.08901	0.31207	0.28900	0.01301	0.00630	0.00186	0.00331	0.01129	0.00510	0.07428
83	0.00678	0.00506	0.00621	0.00706	0.00780	0.00462	0.00489	0.00786	0.01091	0.01403	0.03582	0.51703	0.23000	0.06835	0.00822	0.00233	0.00329	0.05035	0.00494	0.00443
84	0.01379	0.01300	0.04788	0.06936	0.39068	0.01322	0.05128	0.04267	0.17943	0.05190	0.01327	0.01517	0.01038	0.00589	0.00629	0.00175	0.05701	0.00522	0.00354	0.00827
85	0.01188	0.01161	0.01741	0.05486	0.07294	0.06208	0.22962	0.10807	0.01414	0.01801	0.02547	0.04219	0.24964	0.00995	0.04537	0.00212	0.00666	0.00760	0.00386	0.00651
86	0.23327	0.00806	0.00943	0.19807	0.01584	0.00895	0.00759	0.01497	0.01138	0.08844	0.06365	0.01708	0.01266	0.00615	0.00442	0.00158	0.00432	0.00481	0.28342	0.00592
87	0.00753	0.00514	0.00605	0.00641	0.00654	0.00503	0.00382	0.00783	0.00874	0.01161	0.02164	0.25545	0.04012	0.56611	0.02137	0.00434	0.00463	0.01016	0.00384	0.00365
88	0.12170	0.25689	0.01797	0.01033	0.01427	0.04631	0.00894	0.28866	0.01665	0.07154	0.03491	0.01287	0.00995	0.00819	0.05665	0.00197	0.00625	0.00425	0.00407	0.00762
89	0.01295	0.01307	0.01875	0.03694	0.33800	0.07804	0.05073	0.01562	0.03184	0.01569	0.01100	0.07395	0.01032	0.00742	0.00951	0.00191	0.25857	0.00565	0.00287	0.00715
90	0.04830	0.09473	0.21052	0.01522	0.02016	0.27276	0.15351	0.06823	0.03564	0.01716	0.00986	0.01156	0.00761	0.00532	0.00513	0.00158	0.00827	0.00429	0.00291	0.00726
91	0.01257	0.01061	0.01139	0.00891	0.01274	0.06009	0.02636	0.12296	0.01420	0.04893	0.02269	0.02276	0.21108	0.00723	0.00506	0.00131	0.00453	0.00586	0.00414	0.38657
92	0.01952	0.15497	0.01801	0.01269	0.01639	0.37087	0.01027	0.29396	0.01850	0.02107	0.01002	0.01086	0.00785	0.00580	0.00488	0.00145	0.00773	0.00393	0.00371	0.00753
93	0.00652	0.00543	0.00569	0.00582	0.00746	0.00460	0.00429	0.00789	0.01231	0.01492	0.08087	0.14204	0.65525	0.01409	0.00650	0.00188	0.00280	0.01192	0.00510	0.00460
94	0.01840	0.01827	0.01478	0.01267	0.01605	0.30957	0.00990	0.25396	0.24730	0.02281	0.01409	0.01406	0.01066	0.00645	0.00528	0.00161	0.00695	0.00476	0.00447	0.00795
95	0.09993	0.00724	0.00842	0.00787	0.00954	0.00805	0.00612	0.10141	0.01157	0.01860	0.01470	0.01948	0.01268	0.06184	0.34924	0.00485	0.00858	0.00531	0.23907	0.00549
96	0.00682	0.00548	0.00609	0.00612	0.00768	0.00475	0.00456	0.00847	0.01299	0.01643	0.22729	0.11620	0.51641	0.01347	0.00651	0.00186	0.00280	0.02606	0.00529	0.00473
97	0.01373	0.01354	0.02173	0.05405	0.67319	0.05191	0.04042	0.01720	0.02927	0.01757	0.01044	0.01353	0.00868	0.00496	0.00541	0.00163	0.00671	0.00487	0.00276	0.00840
98	0.00933	0.00474	0.00706	0.00713	0.00714	0.00472	0.00475	0.00713	0.00727	0.00969	0.01051	0.05625	0.01081	0.01885	0.02058	0.79914	0.00466	0.00528	0.00250	0.00247
99	0.01336	0.01372	0.06034	0.03256	0.73655	0.01294	0.01690	0.01676	0.01237	0.01778	0.01023	0.01339	0.00855	0.00487	0.00539	0.00162	0.00656	0.00482	0.00268	0.00861
100	0.04377	0.00972	0.01602	0.76377	0.03647	0.01212	0.01477	0.01401	0.01084	0.01435	0.00961	0.01431	0.00721	0.00543	0.00537	0.00181	0.00715	0.00477	0.00246	0.00605
101	0.52858	0.01236	0.01123	0.00924	0.01300	0.01403	0.00762	0.30122	0.01558	0.02827	0.00971	0.01049	0.00720	0.00563	0.00418	0.00167	0.00490	0.00371	0.00418	0.00720
102	0.10044	0.00864	0.01013	0.00898	0.01116	0.00946	0.00711	0.18787	0.03370	0.02204	0.23814	0.02380	0.02306	0.01928	0.26725	0.00406	0.00763	0.00651	0.00455	0.00620
103	0.00663	0.00481	0.00626	0.00742	0.00786	0.00444	0.00498	0.00761	0.01060	0.01398	0.03214	0.74221	0.09734	0.01681	0.00692	0.00218	0.00313	0.01517	0.00506	0.00444
104	0.01904	0.02902	0.01371	0.01054	0.01428	0.01216	0.00863	0.35874	0.05775	0.25061	0.12651	0.02010	0.03894	0.00748	0.00559	0.00167	0.00492	0.00600	0.00584	0.00846
105	0.01374	0.01422	0.05212	0.03177	0.70623	0.05188	0.01656	0.01701	0.01253	0.01756	0.01014	0.01323	0.00849	0.00491	0.00536	0.00161	0.00671	0.00476	0.00269	0.00850
106	0.01593	0.01154	0.01250	0.01013	0.01288	0.01256	0.00778	0.47795	0.01911	0.02560	0.01494	0.04114	0.01361	0.28451	0.01321	0.00291	0.00568	0.00622	0.00470	0.00708
107	0.05542	0.01290	0.02180	0.03174	0.70771	0.01295	0.04412	0.01672	0.01227	0.01813	0.01015	0.01331	0.00848	0.00486	0.00533	0.00163	0.00647	0.00482	0.00273	0.00845
108	0.01446	0.42233	0.09423	0.01771	0.24726	0.08993	0.01269	0.01705	0.01194	0.01480	0.00868	0.01055	0.00749	0.00486	0.00436	0.00138	0.00661	0.00367	0.00249	0.00753
109	0.01452	0.00742	0.00971	0.00819	0.01071	0.00679	0.00646	0.05381	0.01601	0.30022	0.45793	0.03119	0.03538	0.00930	0.00603	0.00170	0.00350	0.00800	0.00625	0.00687
110	0.01483	0.77764	0.02800	0.00953	0.01412	0.05471	0.00938	0.01656	0.01127	0.01285	0.00762	0.00879	0.00700	0.00471	0.00356	0.00118	0.00600	0.00294	0.00235	0.00697
111	0.00664	0.00474	0.00633	0.00759	0.00791	0.00443	0.00506	0.00759	0.01044	0.01392	0.03005	0.80485	0.03606	0.01708	0.00696	0.00221	0.00316	0.01550	0.00506	0.00443
112	0.00765	0.00557	0.00720	0.00679	0.00811	0.00512	0.00509	0.01016	0.01528	0.02150	0.73547	0.04131	0.08772	0.01128	0.00643	0.00172	0.00258	0.00994	0.00595	0.00512
113	0.00781	0.00528	0.00601	0.00605	0.00619	0.00521	0.00350	0.00801	0.00852	0.01136	0.05124	0.07522	0.04669	0.70843	0.02509	0.00487	0.00498	0.00851	0.00356	0.00348
114	0.00664	0.00474	0.00633	0.00759	0.00791	0.00443	0.00506	0.00759	0.01044	0.01392	0.03005	0.80485	0.03606	0.01708	0.00696	0.00221	0.00316	0.01550	0.00506	0.00443
115	0.01641	0.10456	0.01406	0.00992	0.01321	0.06493	0.00817	0.35833	0.05619	0.02561	0.01404	0.01495	0.01067	0.00625	0.00470	0.00147	0.00509	0.00470	0.25927	0.00750
116	0.23410	0.50476	0.02161	0.00926	0.01344	0.07358	0.00857	0.05393	0.01165	0.01701	0.00792	0.00907	0.00683	0.00493	0.00367	0.00134	0.00570	0.00307	0.00280	0.00678
117	0.00682	0.00554	0.00604	0.00591	0.00759	0.00476	0.00444	0.00855	0.01331	0.01682	0.26523	0.04902	0.56088	0.01303	0.00644	0.00180	0.00271	0.01102	0.00534	0.00476
118	0.06703	0.01957	0.42610	0.05251	0.01959	0.04020	0.01508	0.01641	0.03053	0.04778	0.01495	0.02394	0.01325	0.00770	0.00565	0.00191	0.00687	0.18054	0.00331	0.00708
119	0.01321	0.01315	0.04253	0.08422	0.70424	0.01289	0.01672	0.01656	0.01229	0.01753	0.01020	0.01351	0.00850	0.00491	0.00539	0.00164	0.00657	0.00483	0.00267	0.00845
120	0.01093	0.02820	0.78016	0.01554	0.02360	0.01266	0.02014	0.01727	0.01151	0.01727	0.00978	0.01151	0.00691	0.00518	0.00518	0.00173	0.00806	0.00403	0.00230	0.00806
121	0.02037	0.02598	0.01545	0.01404	0.01685	0.78652	0.01053	0.02177	0.01545	0.01334	0.00843	0.00983	0.00702	0.00562	0.00492	0.00140	0.00983	0.00351	0.00281	0.00632
122	0.00664	0.00474	0.00633	0.00759	0.00791	0.00443	0.00506	0.00759	0.01044	0.01392	0.03005	0.80485	0.03606	0.01708	0.00696	0.00221	0.00316	0.01550	0.00506	0.00443
123	0.00767	0.00557	0.00723	0.00681	0.00812	0.00513	0.00511	0.01021	0.01533	0.02163	0.74800	0.04111	0.07511	0.01123	0.00643	0.00172	0.00258	0.00991	0.00597	0.00513
124	0.01093	0.02820	0.78016	0.01554	0.02360	0.01266	0.02014	0.01727	0.01151	0.01727	0.00978	0.01151	0.00691	0.00518	0.00518	0.00173	0.00806	0.00403	0.00230	0.00806
125	0.02279	0.01059	0.01321	0.01019	0.01430	0.01013	0.00840	0.21176	0.01795	0.55041	0.01918	0.01725	0.01244	0.00668	0.00539	0.00165	0.00488	0.00532	0.04842	0.00906
126	0.01193	0.01193	0.01670	0.01431	0.01431	0.01670	0.01193	0.01312	0.00835	0.01312	0.00716	0.01193	0.00716	0.00954	0.01789	0.00239	0.79843	0.00477	0.00239	0.00596
127	0.01030	0.00969	0.01635	0.79530	0.03755	0.01211	0.01514	0.01393	0.01090	0.01393	0.00969	0.01453	0.00727	0.00545	0.00545	0.00182	0.00727	0.00484	0.00242	0.00606
128	0.03340	0.01717	0.23441	0.02778	0.54489	0.01285	0.01742	0.01686	0.01208	0.01782	0.01006	0.01282	0.00808	0.00495	0.00529	0.00165	0.00686	0.00458	0.00260	0.00841
129	0.02517	0.00518	0.00513	0.00512	0.00643	0.00521	0.00385	0.01276	0.01139	0.02040	0.01760	0.02012	0.01383	0.00633	0.00380	0.00128	0.00257	0.00504	0.82368	0.00510
130	0.00756	0.00525	0.00680	0.00777	0.00833	0.00503	0.00526	0.00924	0.04845	0.03671	0.02892	0.71366	0.03381	0.04569	0.00762	0.00229	0.00334	0.01445	0.00507	0.00474
131	0.00688	0.00499	0.00658	0.00762	0.00816	0.00457	0.00513	0.00790	0.01048	0.01411	0.02902	0.76490	0.03465	0.01642	0.00681	0.00214	0.00321	0.01488	0.00497	0.04657
132	0.00739	0.00538	0.00686	0.00758	0.00833	0.00508	0.00529	0.03803	0.01197	0.01601	0.14011	0.59068	0.09124	0.01551	0.00679	0.00210	0.00320	0.02849	0.00521	0.00475
133	0.00934	0.00621	0.00790	0.00719	0.00884	0.00576	0.00548	0.03955	0.01563	0.07687	0.64096	0.03884	0.09467	0.01083	0.00633	0.00172	0.00286	0.00946	0.00597	0.00557
134	0.84691	0.01054	0.00801	0.00717	0.01054	0.01223	0.00590	0.01603	0.00928	0.02446	0.00759	0.00886	0.00590	0.00506	0.00337	0.00169	0.00422	0.00295	0.00337	0.00590
135	0.00759	0.00557	0.00711	0.00672	0.00807	0.00509	0.00504	0.01004	0.01513	0.02114	0.69923	0.04191	0.12418	0.01141	0.00643	0.00173	0.00259	0.01003	0.00591	0.00509
136	0.84691	0.01054	0.00801	0.00717	0.01054	0.01223	0.00590	0.01603	0.00928	0.02446	0.00759	0.00886	0.00590	0.00506	0.00337	0.00169	0.00422	0.00295	0.00337	0.00590
137	0.21942	0.01413	0.01435	0.01125	0.01538	0.01578	0.00929	0.57820	0.02170	0.03198	0.01177	0.01207	0.00846	0.00619	0.00495	0.00165	0.00557	0.00444	0.00495	0.00846
138	0.01549	0.01195	0.01323	0.00997	0.01426	0.01160	0.00805	0.35910	0.01781	0.02519	0.01185	0.01359	0.00937	0.04575	0.00588	0.00143	0.00498	0.00429	0.02517	0.39103
139	0.01356	0.01171	0.01233	0.01109	0.01418	0.01356	0.00863	0.02897	0.76455	0.02281	0.02219	0.02034	0.01664	0.00740	0.00555	0.00185	0.00431	0.00616	0.00555	0.00863
140	0.01179	0.00802	0.01014	0.01028	0.01234	0.00836	0.00866	0.01760	0.20775	0.10389	0.02631	0.04599	0.02554	0.01214	0.00679	0.00225	0.00479	0.46559	0.00535	0.00644
141	0.02072	0.01527	0.01636	0.01254	0.01691	0.01691	0.01036	0.75622	0.02563	0.03436	0.01309	0.01309	0.00927	0.00654	0.00545	0.00164	0.00600	0.00491	0.00545	0.00927
142	0.06799	0.01176	0.01936	0.27219	0.49093	0.01264	0.01551	0.01580	0.01173	0.01703	0.00990	0.01351	0.00802	0.00506	0.00528	0.00169	0.00658	0.00473	0.00266	0.00764
143	0.00800	0.00618	0.00749	0.00766	0.00925	0.00587	0.00615	0.01101	0.06344	0.01784	0.25450	0.04965	0.28490	0.01298	0.00671	0.00201	0.00350	0.23234	0.00536	0.00516
144	0.01999	0.01400	0.01528	0.01198	0.01612	0.01534	0.00981	0.55405	0.14430	0.11835	0.01554	0.01490	0.01095	0.00671	0.00547	0.00168	0.00557	0.00518	0.00562	0.00917
145	0.00779	0.00584	0.00876	0.00876	0.00974	0.00681	0.00681	0.00974	0.00876	0.01266	0.01460	0.02142	0.01363	0.04089	0.78680	0.00876	0.01460	0.00584	0.00292	0.00487
146	0.00957	0.00785	0.00945	0.00790	0.01106	0.00621	0.00594	0.01145	0.01098	0.01633	0.01726	0.30639	0.01848	0.00889	0.00512	0.00133	0.00371	0.00779	0.00391	0.53037
147	0.00791	0.00530	0.00604	0.00601	0.00609	0.00528	0.00343	0.00809	0.00843	0.01132	0.06751	0.03601	0.02193	0.75520	0.02633	0.00505	0.00510	0.00806	0.00348	0.00343
148	0.02037	0.02598	0.01545	0.01404	0.01685	0.78652	0.01053	0.02177	0.01545	0.01334	0.00843	0.00983	0.00702	0.00562	0.00492	0.00140	0.00983	0.00351	0.00281	0.00632
149	0.00664	0.00474	0.00633	0.00759	0.00791	0.00443	0.00506	0.00759	0.01044	0.01392	0.03005	0.80485	0.03606	0.01708	0.00696	0.00221	0.00316	0.01550	0.00506	0.00443
150	0.02037	0.02598	0.01545	0.01404	0.01685	0.78652	0.01053	0.02177	0.01545	0.01334	0.00843	0.00983	0.00702	0.00562	0.00492	0.00140	0.00983	0.00351	0.00281	0.00632
151	0.00668	0.00549	0.00566	0.00577	0.00749	0.00467	0.00434	0.00812	0.01228	0.01496	0.05149	0.09295	0.67712	0.01374	0.00640	0.00186	0.00285	0.03577	0.03775	0.00463
152	0.01173	0.11973	0.66228	0.01475	0.02221	0.04405	0.01850	0.01733	0.01161	0.01659	0.00947	0.01112	0.00692	0.00514	0.00497	0.00165	0.00787	0.00388	0.00233	0.00786
153	0.01901	0.25880	0.01985	0.01152	0.01587	0.06916	0.00994	0.44571	0.02002	0.06281	0.01151	0.01181	0.00863	0.00592	0.00482	0.00148	0.00614	0.00423	0.00439	0.00838
154	0.01134	0.00961	0.01065	0.00848	0.01231	0.00865	0.00669	0.05415	0.18172	0.01915	0.02166	0.02155	0.16077	0.00685	0.00492	0.00129	0.00395	0.00561	0.00423	0.44642
155	0.00718	0.00491	0.00642	0.00744	0.00781	0.00461	0.00492	0.00804	0.01026	0.03020	0.02836	0.69769	0.03367	0.10945	0.00936	0.00256	0.00344	0.01439	0.00489	0.00440
156	0.00663	0.00479	0.00628	0.00746	0.00787	0.00444	0.00500	0.00761	0.01056	0.01397	0.03160	0.75842	0.08148	0.01688	0.00693	0.00219	0.00314	0.01525	0.00506	0.00444
157	0.02057	0.01383	0.01525	0.01180	0.01592	0.01496	0.00966	0.59083	0.04650	0.14792	0.01484	0.01506	0.01058	0.03868	0.00635	0.00180	0.00571	0.00516	0.00557	0.00901
158	0.01292	0.20405	0.01551	0.00981	0.01256	0.01306	0.00825	0.21203	0.01383	0.01846	0.01259	0.01663	0.01108	0.05137	0.35824	0.00487	0.00981	0.00496	0.00347	0.00651
159	0.00947	0.00473	0.00710	0.00710	0.00710	0.00473	0.00473	0.00710	0.00710	0.00947	0.00947	0.01657	0.00947	0.01894	0.02131	0.84138	0.00473	0.00473	0.00237	0.00237
160	0.00788	0.00526	0.00596	0.00601	0.00602	0.00525	0.00337	0.00791	0.00803	0.01070	0.01768	0.06584	0.02046	0.77737	0.02693	0.00516	0.00520	0.00822	0.00337	0.00335
161	0.00780	0.00523	0.00598	0.00611	0.00614	0.00520	0.00347	0.00790	0.00817	0.01090	0.01842	0.11022	0.02139	0.73172	0.02573	0.00499	0.00508	0.00866	0.00347	0.00341
162	0.22120	0.01865	0.01395	0.01187	0.01534	0.34070	0.00935	0.26639	0.01736	0.02308	0.00979	0.01069	0.00750	0.00579	0.00472	0.00155	0.00718	0.00384	0.00383	0.00721
163	0.01470	0.00734	0.00956	0.00857	0.01090	0.00676	0.00655	0.03548	0.05175	0.32481	0.14107	0.28637	0.05071	0.01114	0.00616	0.00188	0.00378	0.00972	0.00592	0.00684
164	0.00703	0.00548	0.00639	0.00639	0.00783	0.00484	0.00476	0.00886	0.01341	0.01751	0.33655	0.13072	0.38643	0.01314	0.00652	0.00185	0.00279	0.02926	0.00543	0.00481
165	0.01174	0.00867	0.01086	0.00970	0.01163	0.00977	0.00762	0.23687	0.01383	0.01910	0.01434	0.01998	0.01278	0.08966	0.49034	0.00632	0.01126	0.00572	0.00372	0.00609
166	0.01045	0.00765	0.00935	0.00916	0.01109	0.00792	0.00741	0.01640	0.21679	0.05805	0.25442	0.04152	0.06167	0.01133	0.00651	0.00202	0.00397	0.25250	0.00555	0.00623
167	0.01407	0.01034	0.01116	0.00956	0.01266	0.01098	0.00757	0.17981	0.29718	0.10122	0.03023	0.02839	0.24535	0.00910	0.00579	0.00178	0.00424	0.00745	0.00550	0.00761
168	0.01050	0.00588	0.00640	0.00614	0.00757	0.00613	0.00471	0.06177	0.01197	0.02008	0.01698	0.02001	0.01361	0.01166	0.12389	0.00244	0.00462	0.00519	0.65512	0.00533
169	0.00894	0.04781	0.01216	0.26924	0.01894	0.00853	0.03858	0.01169	0.01298	0.01744	0.33800	0.09327	0.08250	0.00935	0.00600	0.00178	0.00462	0.00829	0.00436	0.00553
170	0.01175	0.01225	0.04924	0.39837	0.26262	0.01268	0.14325	0.01553	0.01173	0.01586	0.01010	0.01413	0.00785	0.00511	0.00559	0.00176	0.00738	0.00509	0.00256	0.00715
171	0.82971	0.01064	0.00819	0.00728	0.01068	0.01233	0.00600	0.03144	0.00962	0.02467	0.00771	0.00894	0.00597	0.00509	0.00342	0.00169	0.00425	0.00299	0.00342	0.00597
172	0.01506	0.01467	0.01864	0.06285	0.37651	0.14368	0.04152	0.13666	0.01494	0.01927	0.01242	0.04714	0.01097	0.00644	0.00557	0.00169	0.00688	0.05393	0.00340	0.00776
173	0.01167	0.01165	0.04270	0.44827	0.34915	0.01249	0.01597	0.01522	0.01156	0.01568	0.00993	0.01400	0.00784	0.00519	0.00542	0.00173	0.00696	0.00482	0.00254	0.00721
174	0.01128	0.01022	0.04510	0.07217	0.33437	0.00969	0.01274	0.01426	0.01242	0.03873	0.02013	0.03452	0.05602	0.00944	0.00629	0.00200	0.00578	0.29419	0.00382	0.00683

[dist]
# distance from previous block
# <min> <max>
3	8

[block]
# block no. 1 follows, 44 sequences, length 13
# corresponding to MSA columns:
# 184-196
name=unknown_B
#
# <colnr> <probs for GDERKNQSTAVLIFYWHMCP>
#	G	D	E	R	K	N	Q	S	T	A	V	L	I	F	Y	W	H	M	C	P
0	0.10078	0.01051	0.01443	0.01510	0.18674	0.01033	0.06155	0.10260	0.03669	0.02129	0.18510	0.01981	0.01870	0.03302	0.00599	0.00164	0.00492	0.00576	0.00406	0.16098
1	0.00753	0.00553	0.00634	0.00656	0.00728	0.00530	0.00430	0.00897	0.04528	0.01371	0.08434	0.22550	0.19526	0.34217	0.01532	0.00334	0.00396	0.01063	0.00443	0.00425
2	0.01468	0.01214	0.01342	0.01112	0.04100	0.04427	0.00861	0.28129	0.04054	0.02347	0.07000	0.01726	0.06403	0.00673	0.00602	0.00144	0.06218	0.00516	0.00433	0.27231
3	0.32322	0.01304	0.01350	0.06864	0.04310	0.01470	0.00930	0.40355	0.01807	0.02864	0.01072	0.01165	0.00786	0.00586	0.00469	0.00167	0.00545	0.00418	0.00437	0.00778
4	0.00708	0.00493	0.00620	0.00704	0.00725	0.00472	0.00447	0.00770	0.00959	0.01279	0.02571	0.54532	0.03058	0.28408	0.01397	0.00325	0.00388	0.01294	0.00447	0.00405
5	0.00664	0.00474	0.00633	0.00759	0.00791	0.00443	0.00506	0.00759	0.01044	0.01392	0.03005	0.80485	0.03606	0.01708	0.00696	0.00221	0.00316	0.01550	0.00506	0.00443
6	0.84691	0.01054	0.00801	0.00717	0.01054	0.01223	0.00590	0.01603	0.00928	0.02446	0.00759	0.00886	0.00590	0.00506	0.00337	0.00169	0.00422	0.00295	0.00337	0.00590
7	0.05656	0.01725	0.23875	0.04465	0.39924	0.01292	0.09556	0.01720	0.03361	0.01801	0.01039	0.01303	0.00815	0.00502	0.00534	0.00169	0.00706	0.00473	0.00270	0.00812
8	0.36327	0.01037	0.01242	0.18751	0.07906	0.01136	0.00951	0.04043	0.01195	0.20834	0.01189	0.01303	0.00841	0.00559	0.00459	0.00171	0.00524	0.00422	0.00400	0.00709
9	0.05808	0.01313	0.01776	0.13002	0.13485	0.08813	0.14077	0.15164	0.01458	0.02005	0.01266	0.01510	0.03421	0.00679	0.02987	0.00183	0.00690	0.00508	0.06363	0.05491
10	0.00958	0.00787	0.01107	0.23963	0.04079	0.00826	0.00877	0.05825	0.01193	0.01617	0.07666	0.23981	0.04725	0.06819	0.02862	0.00222	0.00516	0.00850	0.00391	0.10736
11	0.05189	0.01269	0.01842	0.09710	0.46238	0.06837	0.01400	0.01596	0.01194	0.01718	0.03653	0.01424	0.00987	0.00581	0.00664	0.00170	0.09608	0.00485	0.04687	0.00749
12	0.20024	0.01442	0.06711	0.04457	0.26224	0.11767	0.06477	0.01751	0.01250	0.07447	0.06514	0.01428	0.01106	0.00562	0.00502	0.00165	0.00634	0.00471	0.00337	0.00729

[dist]
# distance from previous block
# <min> <max>
0	21

# created by:
# /share/home/app/bin/augustus-3.3.1/scripts/msa2prfl.pl /dev/shm/tmp/ogap_db/mt-Sar/msas/rps2.aln --setname=rps2
