[name]
rps3

[dist]
# distance from previous block
# <min> <max>
0	0

[block]
# block no. 0 follows, 34 sequences, length 15
# corresponding to MSA columns:
# 0-14
name=unknown_A
#
# <colnr> <probs for GDERKNQSTAVLIFYWHMCP>
#	G	D	E	R	K	N	Q	S	T	A	V	L	I	F	Y	W	H	M	C	P
0	0.01041	0.00744	0.01041	0.01190	0.01339	0.00744	0.01041	0.01339	0.01487	0.01934	0.03421	0.07288	0.03719	0.01785	0.00892	0.00297	0.00595	0.68913	0.00595	0.00595
1	0.81856	0.01250	0.00950	0.00850	0.01250	0.01449	0.00700	0.01899	0.01100	0.02899	0.00900	0.01050	0.00700	0.00600	0.00400	0.00200	0.00500	0.00350	0.00400	0.00700
2	0.01525	0.01743	0.03813	0.02723	0.03377	0.01634	0.70915	0.02070	0.01525	0.02070	0.01307	0.01743	0.00980	0.00545	0.00763	0.00218	0.01089	0.00763	0.00327	0.00871
3	0.01599	0.01535	0.02623	0.03966	0.73262	0.01535	0.01983	0.01983	0.01471	0.02111	0.01215	0.01599	0.01023	0.00576	0.00640	0.00192	0.00768	0.00576	0.00320	0.01023
4	0.00948	0.00778	0.00850	0.00811	0.01034	0.00741	0.00614	0.01430	0.13335	0.02152	0.25311	0.05177	0.41602	0.01418	0.00746	0.00214	0.00351	0.01201	0.00642	0.00644
5	0.01636	0.09140	0.01472	0.01176	0.01480	0.35837	0.00908	0.01806	0.01627	0.01646	0.03382	0.03333	0.31965	0.01074	0.00645	0.00186	0.00759	0.00818	0.00443	0.00669
6	0.01488	0.01144	0.01355	0.00975	0.01543	0.00870	0.00783	0.01772	0.01388	0.08926	0.01282	0.01422	0.01018	0.00509	0.00495	0.00106	0.00485	0.00408	0.00423	0.73608
7	0.01093	0.01050	0.01073	0.13288	0.01660	0.08303	0.00840	0.01463	0.08057	0.01847	0.08274	0.04533	0.43546	0.01286	0.00716	0.00212	0.00517	0.01067	0.00532	0.00642
8	0.01504	0.01199	0.01224	0.01043	0.01370	0.04065	0.00823	0.28501	0.02114	0.02705	0.08920	0.07464	0.33960	0.01257	0.00713	0.00208	0.00512	0.01029	0.00615	0.00774
9	0.00863	0.00604	0.00717	0.00776	0.00812	0.00579	0.00483	0.00923	0.01108	0.01456	0.03075	0.32876	0.10023	0.40401	0.02076	0.00444	0.00499	0.01333	0.00494	0.00459
10	0.01220	0.01148	0.01938	0.75739	0.04450	0.01436	0.01794	0.01651	0.01292	0.01651	0.01148	0.01723	0.00861	0.00646	0.00646	0.00215	0.00861	0.00574	0.00287	0.00718
11	0.01030	0.00898	0.01483	0.01447	0.05557	0.00868	0.13956	0.01361	0.06315	0.01829	0.02938	0.53177	0.03306	0.01582	0.00791	0.00247	0.00541	0.01485	0.00537	0.00654
12	0.18397	0.03875	0.01744	0.01737	0.13141	0.21758	0.01187	0.17957	0.01819	0.02510	0.01327	0.06082	0.01143	0.00911	0.03524	0.00224	0.00821	0.00564	0.00432	0.00845
13	0.01373	0.01341	0.01768	0.02147	0.26964	0.08924	0.05172	0.01783	0.06558	0.02094	0.15761	0.03127	0.15600	0.01093	0.03272	0.00229	0.00674	0.00844	0.00473	0.00802
14	0.09210	0.01439	0.01839	0.04320	0.28242	0.04878	0.01338	0.02325	0.21637	0.02288	0.01595	0.01775	0.01271	0.00862	0.04136	0.00228	0.00700	0.00573	0.00433	0.10912

[dist]
# distance from previous block
# <min> <max>
2	4

[block]
# block no. 1 follows, 34 sequences, length 10
# corresponding to MSA columns:
# 20-29
name=unknown_B
#
# <colnr> <probs for GDERKNQSTAVLIFYWHMCP>
#	G	D	E	R	K	N	Q	S	T	A	V	L	I	F	Y	W	H	M	C	P
0	0.01378	0.09325	0.07662	0.01054	0.01249	0.10709	0.00865	0.01332	0.01098	0.01378	0.01140	0.01731	0.01056	0.01629	0.01760	0.50205	0.00675	0.00514	0.04763	0.00478
1	0.01561	0.04492	0.09307	0.01668	0.07519	0.19217	0.06379	0.04790	0.05450	0.01899	0.02164	0.14420	0.09158	0.01028	0.00809	0.00212	0.07899	0.00832	0.00422	0.00771
2	0.02282	0.01680	0.01815	0.01425	0.01893	0.01850	0.01163	0.63787	0.02850	0.03820	0.01761	0.09404	0.01430	0.00906	0.00665	0.00201	0.00676	0.00713	0.00642	0.01039
3	0.01760	0.01674	0.02469	0.02628	0.28948	0.07450	0.16571	0.17615	0.01857	0.02463	0.01695	0.05206	0.05158	0.00745	0.00678	0.00201	0.00815	0.00705	0.00425	0.00937
4	0.01113	0.00676	0.01000	0.00970	0.00993	0.00758	0.00699	0.00978	0.00896	0.01243	0.01215	0.02021	0.01192	0.02648	0.16911	0.56746	0.08672	0.00588	0.00294	0.00384
5	0.00896	0.00756	0.00831	0.00813	0.00985	0.00741	0.00602	0.01159	0.06573	0.01742	0.05070	0.12188	0.48376	0.09246	0.01123	0.00269	0.06237	0.01258	0.00559	0.00576
6	0.07815	0.01718	0.20043	0.01261	0.01760	0.01278	0.01245	0.19250	0.01924	0.08056	0.19877	0.02572	0.05237	0.00895	0.00645	0.00199	0.00609	0.00724	0.04029	0.00862
7	0.01800	0.07212	0.11423	0.02363	0.24711	0.25260	0.04416	0.02138	0.01537	0.01870	0.01102	0.01368	0.00909	0.00619	0.00649	0.00178	0.03687	0.00487	0.00320	0.07953
8	0.01681	0.06625	0.02228	0.02802	0.41420	0.18245	0.01565	0.01972	0.01494	0.01871	0.01365	0.07355	0.01262	0.01022	0.06097	0.00251	0.00895	0.00631	0.00344	0.00877
9	0.01928	0.16899	0.06343	0.07235	0.09714	0.34496	0.01344	0.04503	0.01603	0.01741	0.01104	0.01428	0.00951	0.04884	0.00712	0.00194	0.00931	0.00469	0.00329	0.03193

[dist]
# distance from previous block
# <min> <max>
0	1

[block]
# block no. 2 follows, 34 sequences, length 48
# corresponding to MSA columns:
# 31-78
name=unknown_C
#
# <colnr> <probs for GDERKNQSTAVLIFYWHMCP>
#	G	D	E	R	K	N	Q	S	T	A	V	L	I	F	Y	W	H	M	C	P
0	0.01738	0.12843	0.30104	0.01592	0.02182	0.27191	0.01622	0.02252	0.06525	0.01838	0.01307	0.05557	0.01100	0.00722	0.00591	0.00187	0.00929	0.00533	0.00340	0.00847
1	0.01169	0.00869	0.01098	0.01021	0.01209	0.00939	0.00785	0.13423	0.01530	0.02096	0.10653	0.07687	0.09198	0.08406	0.36177	0.00635	0.01085	0.00882	0.00485	0.00653
2	0.02353	0.01565	0.01729	0.06613	0.02018	0.06312	0.01142	0.32367	0.07306	0.23539	0.01822	0.01771	0.01261	0.00752	0.00632	0.00190	0.00674	0.00586	0.00627	0.06740
3	0.01679	0.01914	0.09492	0.01562	0.05779	0.22178	0.03010	0.12220	0.05940	0.02123	0.01892	0.19866	0.01846	0.01310	0.05964	0.00266	0.00859	0.00849	0.00457	0.00792
4	0.00836	0.00616	0.00777	0.00842	0.00923	0.00600	0.00579	0.00960	0.01191	0.01567	0.03520	0.35871	0.16804	0.16260	0.15126	0.00466	0.00666	0.01366	0.00514	0.00514
5	0.01072	0.00833	0.01283	0.01181	0.01381	0.00785	0.11104	0.01369	0.05708	0.06125	0.03482	0.47746	0.12100	0.01611	0.00787	0.00244	0.00494	0.01478	0.00575	0.00644
6	0.01387	0.01218	0.01595	0.01381	0.01448	0.01570	0.01096	0.09555	0.01220	0.01770	0.01285	0.02215	0.01305	0.20828	0.06309	0.00403	0.43724	0.00670	0.00357	0.00665
7	0.01320	0.01265	0.02317	0.06720	0.19899	0.01245	0.24943	0.01628	0.01293	0.01769	0.01530	0.02575	0.01463	0.27393	0.01608	0.00354	0.00834	0.00767	0.00345	0.00732
8	0.01802	0.58207	0.02937	0.01205	0.01706	0.11870	0.01114	0.02210	0.10397	0.01679	0.01132	0.01228	0.00975	0.00609	0.00468	0.00152	0.00730	0.00404	0.00332	0.00843
9	0.00795	0.00579	0.00734	0.00852	0.00912	0.00535	0.00570	0.00906	0.01248	0.01634	0.03862	0.62048	0.13549	0.07304	0.00991	0.00282	0.00386	0.01708	0.00585	0.00518
10	0.01448	0.09616	0.62662	0.01728	0.02616	0.01553	0.02174	0.02115	0.01394	0.07121	0.01236	0.01395	0.00875	0.00622	0.00599	0.00199	0.00903	0.00478	0.00311	0.00954
11	0.00834	0.00674	0.00747	0.00777	0.00948	0.00610	0.00564	0.01096	0.05780	0.01842	0.10533	0.25998	0.43936	0.01676	0.00774	0.00230	0.00350	0.01445	0.00612	0.00574
12	0.01372	0.01325	0.02283	0.45113	0.20326	0.01494	0.09792	0.01904	0.06378	0.01882	0.01288	0.01745	0.00992	0.00634	0.00659	0.00210	0.00841	0.00607	0.00326	0.00829
13	0.01718	0.01774	0.02461	0.03472	0.57901	0.13212	0.01834	0.02054	0.01502	0.01995	0.01160	0.01520	0.00983	0.00621	0.00714	0.00193	0.05054	0.00550	0.00320	0.00962
14	0.00921	0.00658	0.00887	0.00896	0.00960	0.00717	0.00628	0.01052	0.01011	0.01410	0.01966	0.07793	0.02074	0.33759	0.41498	0.00825	0.01204	0.00862	0.00380	0.00499
15	0.00812	0.00606	0.00709	0.00778	0.00866	0.00553	0.00519	0.00917	0.01251	0.01596	0.04213	0.38134	0.26394	0.18032	0.01333	0.00326	0.00413	0.01489	0.00555	0.00503
16	0.01790	0.02519	0.26870	0.01655	0.02227	0.20428	0.05966	0.16172	0.01789	0.02256	0.01300	0.01635	0.01039	0.05939	0.05360	0.00272	0.00994	0.00544	0.00380	0.00866
17	0.01724	0.01844	0.01813	0.05806	0.06266	0.27813	0.09844	0.02159	0.10122	0.03971	0.06071	0.07463	0.03587	0.07608	0.00895	0.00236	0.00840	0.00740	0.00436	0.00761
18	0.00842	0.00650	0.00749	0.00810	0.00928	0.00605	0.00559	0.01057	0.05260	0.01697	0.04423	0.38290	0.29084	0.10662	0.01083	0.00287	0.00395	0.01496	0.00579	0.00545
19	0.00879	0.00601	0.00723	0.00782	0.00797	0.00586	0.00474	0.00924	0.01058	0.01410	0.02642	0.33078	0.03113	0.47399	0.02310	0.00482	0.00527	0.01296	0.00474	0.00444
20	0.01777	0.02102	0.07229	0.17296	0.15931	0.27067	0.06469	0.05938	0.01644	0.01912	0.01467	0.01740	0.05222	0.00697	0.00636	0.00192	0.00932	0.00573	0.00350	0.00825
21	0.01649	0.08085	0.02036	0.06945	0.06442	0.09503	0.09906	0.16064	0.06710	0.02251	0.01582	0.05990	0.01360	0.01643	0.16525	0.00377	0.01006	0.00669	0.00428	0.00828
22	0.01693	0.01694	0.02200	0.11268	0.33614	0.15132	0.05594	0.06872	0.01564	0.01992	0.01219	0.01616	0.01012	0.00970	0.04916	0.05979	0.00907	0.00562	0.00341	0.00855
23	0.34559	0.02054	0.05944	0.01783	0.15368	0.26477	0.01234	0.02157	0.01436	0.02247	0.01009	0.01213	0.00814	0.00619	0.00521	0.00187	0.00805	0.00423	0.00354	0.00794
24	0.00820	0.00713	0.02949	0.00883	0.01034	0.00595	0.02452	0.00992	0.01365	0.01759	0.08374	0.43535	0.28630	0.01767	0.00792	0.00241	0.00390	0.01563	0.00589	0.00559
25	0.01286	0.01071	0.01481	0.01797	0.20652	0.01102	0.01076	0.10760	0.01587	0.02150	0.07808	0.20439	0.13533	0.06632	0.00989	0.00250	0.05069	0.01064	0.00505	0.00748
26	0.00843	0.00668	0.00766	0.00828	0.00969	0.00620	0.00587	0.01114	0.06994	0.01775	0.04768	0.40589	0.33601	0.01766	0.00785	0.00240	0.00365	0.01545	0.00604	0.00573
27	0.01235	0.01324	0.05821	0.17429	0.06407	0.06474	0.01237	0.01605	0.05974	0.01775	0.02835	0.08855	0.20674	0.01120	0.00948	0.00227	0.14047	0.00880	0.00424	0.00709
28	0.01946	0.11925	0.04327	0.01891	0.12097	0.26152	0.06850	0.12266	0.06017	0.02109	0.01303	0.01613	0.01088	0.05731	0.01776	0.00221	0.00902	0.00540	0.00391	0.00856
29	0.01039	0.00675	0.00708	0.00713	0.00888	0.00651	0.00529	0.01389	0.06694	0.02140	0.05859	0.12439	0.24418	0.01205	0.00618	0.00192	0.00334	0.01012	0.37891	0.00607
30	0.01654	0.01740	0.02258	0.02962	0.43488	0.17081	0.05777	0.01962	0.01518	0.01929	0.01508	0.12226	0.01442	0.00799	0.00661	0.00198	0.00816	0.00732	0.00363	0.00885
31	0.00806	0.00672	0.00709	0.00722	0.00927	0.00583	0.00547	0.01018	0.03126	0.01799	0.08104	0.10403	0.60972	0.01641	0.00773	0.00225	0.00350	0.05459	0.00604	0.00560
32	0.01512	0.01585	0.01699	0.10048	0.02023	0.20807	0.11383	0.05857	0.01600	0.01889	0.08820	0.07639	0.10475	0.10636	0.01018	0.00256	0.00790	0.00840	0.00438	0.00687
33	0.01261	0.01143	0.01899	0.27559	0.27491	0.01276	0.01555	0.01613	0.01276	0.01765	0.01352	0.01932	0.01151	0.01919	0.23539	0.00461	0.01097	0.00611	0.00317	0.00781
34	0.01803	0.01488	0.01568	0.01446	0.06735	0.06662	0.01058	0.30772	0.14075	0.02915	0.06290	0.07057	0.10829	0.03402	0.00759	0.00217	0.00620	0.00812	0.00589	0.00902
35	0.06941	0.02164	0.15242	0.01556	0.02101	0.15371	0.06326	0.26354	0.02075	0.09075	0.01437	0.01533	0.01039	0.00699	0.00611	0.00191	0.00819	0.00537	0.04991	0.00938
36	0.02101	0.06849	0.02209	0.02391	0.26261	0.35491	0.01487	0.11722	0.01843	0.02099	0.01142	0.01358	0.00934	0.00643	0.00601	0.00177	0.00939	0.00489	0.00368	0.00895
37	0.01909	0.02170	0.06175	0.01988	0.16484	0.31539	0.01359	0.10205	0.06429	0.02157	0.06544	0.07018	0.01596	0.00814	0.00638	0.00190	0.00858	0.00647	0.00430	0.00850
38	0.00789	0.00594	0.00731	0.00827	0.00921	0.00536	0.00571	0.00928	0.01341	0.01738	0.08925	0.52731	0.23284	0.01872	0.00804	0.00246	0.00357	0.01663	0.00607	0.00536
39	0.01645	0.01590	0.01529	0.01354	0.01600	0.21271	0.04887	0.12361	0.01623	0.02015	0.01642	0.10931	0.01540	0.01831	0.16193	0.04914	0.05526	0.00722	0.06117	0.00707
40	0.00794	0.00626	0.00717	0.00756	0.00907	0.00549	0.00544	0.00964	0.01454	0.01846	0.15875	0.28215	0.41044	0.01710	0.00783	0.00230	0.00339	0.01482	0.00617	0.00549
41	0.01112	0.05555	0.11975	0.01099	0.01372	0.06179	0.00977	0.01365	0.01196	0.01576	0.02213	0.02947	0.10596	0.16024	0.32301	0.00625	0.01144	0.00750	0.00371	0.00623
42	0.00939	0.00681	0.00780	0.00785	0.00971	0.00605	0.00577	0.01165	0.03638	0.06030	0.14345	0.23177	0.40723	0.01619	0.00769	0.00226	0.00355	0.01394	0.00628	0.00596
43	0.01568	0.22247	0.01961	0.01303	0.05881	0.01606	0.01010	0.18703	0.01622	0.02146	0.01466	0.02051	0.01333	0.12192	0.21673	0.00473	0.00983	0.00596	0.00406	0.00778
44	0.00873	0.00634	0.00773	0.00793	0.00879	0.00613	0.00538	0.01005	0.01255	0.01675	0.15194	0.18089	0.15896	0.27574	0.10922	0.00465	0.00610	0.01192	0.00517	0.00505
45	0.01219	0.01142	0.01795	0.03236	0.01798	0.05207	0.17097	0.01506	0.01210	0.01686	0.01529	0.02232	0.01373	0.06960	0.35965	0.00628	0.08885	0.00686	0.05182	0.00662
46	0.01363	0.01419	0.03058	0.01640	0.13603	0.15327	0.06899	0.01574	0.01423	0.01734	0.07497	0.03316	0.14778	0.21998	0.01400	0.00315	0.00725	0.00844	0.00421	0.00665
47	0.02013	0.01896	0.01742	0.01607	0.06488	0.20770	0.01186	0.25664	0.15883	0.02677	0.01710	0.06186	0.01408	0.01062	0.04786	0.00245	0.02598	0.00648	0.00517	0.00915

[dist]
# distance from previous block
# <min> <max>
0	55

[block]
# block no. 3 follows, 34 sequences, length 11
# corresponding to MSA columns:
# 134-144
name=unknown_D
#
# <colnr> <probs for GDERKNQSTAVLIFYWHMCP>
#	G	D	E	R	K	N	Q	S	T	A	V	L	I	F	Y	W	H	M	C	P
0	0.01710	0.01242	0.01857	0.12887	0.19145	0.01283	0.05824	0.09928	0.04486	0.14178	0.01716	0.02340	0.01436	0.17712	0.01241	0.00296	0.00717	0.00688	0.00464	0.00849
1	0.01447	0.01538	0.07967	0.12824	0.46040	0.01425	0.06336	0.01834	0.01384	0.01947	0.01299	0.01898	0.01130	0.09104	0.00941	0.00246	0.00800	0.00621	0.00320	0.00898
2	0.01768	0.01634	0.02349	0.07579	0.48563	0.05586	0.01743	0.13966	0.06123	0.02428	0.01345	0.01625	0.01075	0.00638	0.00639	0.00194	0.00769	0.00578	0.00396	0.01003
3	0.01473	0.09164	0.05971	0.13192	0.14677	0.01402	0.01308	0.08131	0.05815	0.05447	0.01539	0.02071	0.01312	0.08878	0.16443	0.00412	0.00942	0.00619	0.00394	0.00808
4	0.01107	0.00988	0.01202	0.01267	0.07654	0.05727	0.00875	0.01313	0.01236	0.01641	0.02634	0.03160	0.17343	0.08594	0.31438	0.00577	0.05814	0.00803	0.00401	0.06226
5	0.01310	0.01180	0.01393	0.05488	0.09580	0.08207	0.03863	0.05057	0.10340	0.02089	0.07664	0.24054	0.09156	0.01215	0.00702	0.00216	0.00571	0.01067	0.06115	0.00731
6	0.01124	0.01019	0.01193	0.01497	0.14372	0.08378	0.00884	0.01281	0.01320	0.01680	0.02907	0.38893	0.08976	0.12119	0.01105	0.00287	0.00560	0.01291	0.00491	0.00623
7	0.01849	0.01771	0.07709	0.02160	0.20315	0.06110	0.06273	0.28082	0.02052	0.02766	0.01564	0.09116	0.01345	0.00799	0.00655	0.00196	0.00753	0.00690	0.00473	0.05324
8	0.01446	0.01347	0.02209	0.02382	0.25397	0.05267	0.16980	0.01769	0.01356	0.04783	0.01494	0.02154	0.01318	0.10336	0.18414	0.00446	0.01064	0.00681	0.00356	0.00800
9	0.01885	0.01925	0.02034	0.02438	0.30268	0.22951	0.01460	0.12827	0.01815	0.02231	0.01617	0.01974	0.05432	0.00744	0.00634	0.00186	0.00827	0.03496	0.00406	0.04849
10	0.01674	0.01780	0.02071	0.02776	0.41070	0.20888	0.01530	0.01962	0.01567	0.01937	0.05156	0.07773	0.05419	0.00808	0.00652	0.00193	0.00796	0.00704	0.00380	0.00865

[dist]
# distance from previous block
# <min> <max>
0	110

[block]
# block no. 4 follows, 34 sequences, length 9
# corresponding to MSA columns:
# 278-286
name=unknown_E
#
# <colnr> <probs for GDERKNQSTAVLIFYWHMCP>
#	G	D	E	R	K	N	Q	S	T	A	V	L	I	F	Y	W	H	M	C	P
0	0.00800	0.00614	0.00733	0.00793	0.00918	0.00547	0.00560	0.00964	0.01426	0.01844	0.16358	0.38086	0.30516	0.01760	0.00791	0.00236	0.00345	0.01546	0.00619	0.00547
1	0.01133	0.00811	0.00902	0.00863	0.01055	0.00797	0.00638	0.12494	0.01650	0.02240	0.09649	0.23053	0.23320	0.05762	0.00859	0.00238	0.00414	0.01208	0.12280	0.00635
2	0.01737	0.01972	0.08037	0.02578	0.31661	0.20339	0.06083	0.02106	0.03265	0.04247	0.01454	0.01812	0.03150	0.04304	0.04263	0.00249	0.00920	0.00589	0.00356	0.00876
3	0.08791	0.03966	0.01955	0.01526	0.01909	0.10749	0.05709	0.33970	0.02117	0.02880	0.01486	0.01645	0.04226	0.00833	0.00906	0.00209	0.15161	0.00579	0.00484	0.00900
4	0.00783	0.00577	0.00734	0.00860	0.00927	0.00528	0.00582	0.00904	0.01276	0.01665	0.04049	0.65329	0.15501	0.01961	0.00815	0.00255	0.00367	0.01760	0.00600	0.00528
5	0.01972	0.02243	0.06100	0.01777	0.05258	0.31381	0.06852	0.13782	0.04100	0.02127	0.01333	0.06309	0.01160	0.00831	0.00854	0.00203	0.11879	0.00607	0.00402	0.00830
6	0.01473	0.01508	0.06063	0.01252	0.01511	0.14166	0.03010	0.11930	0.01613	0.02050	0.02441	0.20123	0.09614	0.07580	0.01038	0.00251	0.07645	0.00962	0.05068	0.00701
7	0.00932	0.00657	0.00858	0.00858	0.00911	0.00709	0.00582	0.01038	0.00985	0.01366	0.01896	0.03454	0.02013	0.44091	0.36030	0.00815	0.01133	0.00826	0.00371	0.00476
8	0.01195	0.00918	0.01088	0.01039	0.01242	0.01013	0.00789	0.06269	0.19866	0.02081	0.02628	0.11832	0.08059	0.06380	0.25689	0.00514	0.00891	0.00896	0.06900	0.00711

[dist]
# distance from previous block
# <min> <max>
3	4

[block]
# block no. 5 follows, 34 sequences, length 11
# corresponding to MSA columns:
# 291-301
name=unknown_F
#
# <colnr> <probs for GDERKNQSTAVLIFYWHMCP>
#	G	D	E	R	K	N	Q	S	T	A	V	L	I	F	Y	W	H	M	C	P
0	0.02070	0.15450	0.08519	0.01673	0.06427	0.35628	0.01346	0.10287	0.08911	0.02043	0.01237	0.01358	0.00988	0.00670	0.00575	0.00175	0.00923	0.00470	0.00386	0.00866
1	0.00817	0.00653	0.00710	0.00697	0.00878	0.00569	0.00509	0.00998	0.01504	0.01897	0.21924	0.05685	0.49906	0.09200	0.01018	0.00256	0.00352	0.01274	0.00606	0.00545
2	0.01490	0.01423	0.01891	0.02422	0.33236	0.07869	0.01365	0.01877	0.08446	0.01847	0.01491	0.02255	0.01401	0.19223	0.01462	0.00309	0.10157	0.00664	0.00368	0.00807
3	0.00801	0.00586	0.00754	0.00860	0.00933	0.00538	0.00588	0.00945	0.01343	0.01785	0.13080	0.59118	0.12516	0.01886	0.00809	0.00249	0.00360	0.01693	0.00615	0.00538
4	0.01277	0.01104	0.01352	0.08029	0.11878	0.04477	0.00967	0.05900	0.06711	0.01813	0.02440	0.03313	0.12866	0.28519	0.01708	0.00362	0.05354	0.00835	0.00431	0.00665
5	0.00829	0.00629	0.00747	0.00801	0.00926	0.00570	0.00575	0.00989	0.01393	0.01793	0.13639	0.29184	0.29678	0.08840	0.01031	0.00275	0.00388	0.06582	0.00595	0.00536
6	0.01296	0.01321	0.06472	0.02477	0.32719	0.01241	0.06708	0.01608	0.01299	0.01844	0.01667	0.12259	0.01646	0.08231	0.11750	0.00371	0.05120	0.00805	0.00364	0.00801
7	0.02046	0.02132	0.02137	0.05739	0.11983	0.28512	0.08947	0.18330	0.01954	0.02346	0.01214	0.01424	0.00951	0.00646	0.00618	0.00177	0.00911	0.00519	0.00406	0.09008
8	0.01276	0.01074	0.01138	0.01193	0.05952	0.07415	0.00823	0.04880	0.10818	0.05511	0.08885	0.24613	0.21098	0.01387	0.00732	0.00221	0.00495	0.01194	0.00586	0.00709
9	0.01840	0.02170	0.02745	0.02292	0.08072	0.28383	0.30577	0.02179	0.01559	0.01824	0.01124	0.01475	0.00912	0.00672	0.00873	0.00206	0.11362	0.00594	0.00322	0.00816
10	0.01329	0.01321	0.01270	0.06087	0.08766	0.18464	0.00924	0.01485	0.01364	0.01631	0.05442	0.25732	0.02531	0.19231	0.01316	0.00313	0.00691	0.01044	0.00443	0.00614

[dist]
# distance from previous block
# <min> <max>
5	12

[block]
# block no. 6 follows, 34 sequences, length 8
# corresponding to MSA columns:
# 314-321
name=unknown_G
#
# <colnr> <probs for GDERKNQSTAVLIFYWHMCP>
#	G	D	E	R	K	N	Q	S	T	A	V	L	I	F	Y	W	H	M	C	P
0	0.01481	0.01413	0.02417	0.22445	0.31115	0.01477	0.13418	0.07313	0.01557	0.02105	0.01701	0.02052	0.07208	0.00697	0.00673	0.00205	0.00805	0.00676	0.00362	0.00881
1	0.01389	0.01276	0.02091	0.06462	0.39155	0.01290	0.06829	0.01836	0.06648	0.02099	0.12537	0.02492	0.02027	0.09934	0.00988	0.00251	0.00690	0.00737	0.00413	0.00856
2	0.01542	0.01697	0.01411	0.01539	0.11017	0.28450	0.01008	0.01796	0.04415	0.01773	0.05625	0.11655	0.20066	0.04212	0.00785	0.00217	0.00724	0.00909	0.00461	0.00699
3	0.00912	0.00726	0.01061	0.01030	0.01154	0.00718	0.06209	0.01056	0.01222	0.01618	0.03323	0.35704	0.15560	0.08024	0.11276	0.04669	0.03365	0.01327	0.00499	0.00547
4	0.07271	0.01668	0.06951	0.22281	0.39102	0.07954	0.01804	0.01946	0.01422	0.01995	0.01152	0.01539	0.00927	0.00606	0.00618	0.00197	0.00821	0.00539	0.00315	0.00891
5	0.01380	0.01543	0.10619	0.06028	0.36414	0.01332	0.07279	0.01830	0.05123	0.01966	0.01866	0.02383	0.07561	0.10729	0.01006	0.00257	0.00749	0.00705	0.00365	0.00864
6	0.01122	0.00784	0.00978	0.01041	0.05028	0.00753	0.00701	0.05784	0.01425	0.07092	0.03728	0.25781	0.23071	0.12039	0.07336	0.00351	0.00566	0.01243	0.00553	0.00625
7	0.01127	0.00855	0.01019	0.01100	0.07317	0.00866	0.00671	0.06637	0.06482	0.01756	0.02796	0.08001	0.13835	0.42386	0.02106	0.00437	0.00574	0.00984	0.00470	0.00581

[dist]
# distance from previous block
# <min> <max>
0	1

[block]
# block no. 7 follows, 34 sequences, length 8
# corresponding to MSA columns:
# 323-330
name=unknown_H
#
# <colnr> <probs for GDERKNQSTAVLIFYWHMCP>
#	G	D	E	R	K	N	Q	S	T	A	V	L	I	F	Y	W	H	M	C	P
0	0.06470	0.10099	0.01934	0.08274	0.17189	0.04792	0.07175	0.01766	0.06782	0.01856	0.01785	0.08817	0.03766	0.15285	0.01130	0.00281	0.00702	0.00759	0.00391	0.00750
1	0.01360	0.01373	0.08105	0.02082	0.22123	0.01250	0.08763	0.06930	0.01363	0.01903	0.01536	0.02515	0.01477	0.26297	0.06478	0.00400	0.04211	0.00716	0.00366	0.00754
2	0.00963	0.00862	0.01391	0.01343	0.05648	0.00793	0.13469	0.01185	0.01372	0.01781	0.03878	0.38195	0.23441	0.01556	0.00785	0.00237	0.00515	0.01429	0.00533	0.00624
3	0.01432	0.01365	0.02321	0.35598	0.42935	0.01491	0.01900	0.01837	0.01392	0.01908	0.01186	0.01654	0.00952	0.00607	0.00642	0.00202	0.00809	0.00575	0.00305	0.00889
4	0.01851	0.01913	0.02338	0.06785	0.46436	0.19244	0.01731	0.08096	0.01685	0.02130	0.01189	0.01496	0.00976	0.00618	0.00627	0.00187	0.00863	0.00538	0.00350	0.00948
5	0.01488	0.01475	0.01809	0.06150	0.29178	0.13896	0.01346	0.01817	0.04398	0.01779	0.01451	0.02098	0.01318	0.10927	0.17649	0.00434	0.01030	0.00625	0.00350	0.00782
6	0.01943	0.10048	0.02297	0.06597	0.11970	0.20030	0.12129	0.02392	0.08182	0.12396	0.04657	0.01766	0.01336	0.00689	0.00629	0.00189	0.00840	0.00591	0.00436	0.00883
7	0.01257	0.01203	0.01908	0.32845	0.14590	0.03910	0.06844	0.01584	0.01326	0.01750	0.01730	0.19817	0.01720	0.00991	0.00788	0.00226	0.05519	0.00888	0.00372	0.00734

[dist]
# distance from previous block
# <min> <max>
0	2

[block]
# block no. 8 follows, 34 sequences, length 9
# corresponding to MSA columns:
# 333-341
name=unknown_I
#
# <colnr> <probs for GDERKNQSTAVLIFYWHMCP>
#	G	D	E	R	K	N	Q	S	T	A	V	L	I	F	Y	W	H	M	C	P
0	0.00981	0.00779	0.01056	0.01258	0.11424	0.00779	0.00760	0.01139	0.01188	0.01580	0.03037	0.07175	0.19733	0.25963	0.19793	0.00546	0.00833	0.00972	0.00431	0.00574
1	0.01499	0.08403	0.01351	0.01087	0.01263	0.24322	0.00776	0.01646	0.03606	0.01445	0.01604	0.02797	0.01670	0.38764	0.06801	0.00450	0.00872	0.00697	0.00368	0.00577
2	0.01556	0.01512	0.05937	0.02944	0.45256	0.01443	0.04567	0.07950	0.05200	0.02270	0.01626	0.01930	0.04190	0.00930	0.05255	0.00247	0.00788	0.00629	0.04821	0.00949
3	0.01714	0.07544	0.34254	0.02149	0.16363	0.18261	0.01891	0.06716	0.01599	0.02054	0.01143	0.01357	0.00881	0.00625	0.00601	0.00189	0.00933	0.00481	0.00321	0.00923
4	0.14218	0.01171	0.01166	0.01026	0.01333	0.05933	0.00802	0.11649	0.07741	0.08956	0.21674	0.07239	0.12381	0.01084	0.00661	0.00205	0.00496	0.00886	0.00610	0.00768
5	0.01047	0.00881	0.01284	0.01726	0.22223	0.00844	0.00962	0.01247	0.01352	0.01810	0.07105	0.27861	0.17130	0.10317	0.01044	0.00272	0.00507	0.01227	0.00499	0.00665
6	0.01717	0.02479	0.24003	0.02732	0.33620	0.20331	0.01917	0.02156	0.01531	0.01955	0.01143	0.01417	0.00912	0.00610	0.00617	0.00189	0.00926	0.00505	0.00309	0.00932
7	0.00971	0.00758	0.00874	0.00909	0.01077	0.00742	0.00696	0.01354	0.10507	0.01835	0.04275	0.13229	0.28704	0.12624	0.01156	0.00302	0.00467	0.18346	0.00576	0.00595
8	0.00793	0.00614	0.00711	0.00771	0.00897	0.00545	0.00539	0.00934	0.01365	0.01730	0.09159	0.36075	0.35652	0.06006	0.00931	0.00259	0.00363	0.01529	0.00595	0.00532

[dist]
# distance from previous block
# <min> <max>
0	2

[block]
# block no. 9 follows, 34 sequences, length 22
# corresponding to MSA columns:
# 344-365
name=unknown_J
#
# <colnr> <probs for GDERKNQSTAVLIFYWHMCP>
#	G	D	E	R	K	N	Q	S	T	A	V	L	I	F	Y	W	H	M	C	P
0	0.00923	0.00634	0.00739	0.00745	0.00846	0.00612	0.00510	0.01075	0.01270	0.01769	0.13273	0.11077	0.16826	0.26600	0.08530	0.00422	0.00555	0.01068	0.12012	0.00513
1	0.01557	0.01513	0.08407	0.01425	0.01806	0.08087	0.11025	0.14741	0.01786	0.07086	0.07558	0.22632	0.07259	0.01158	0.00719	0.00217	0.00673	0.01025	0.00535	0.00790
2	0.10932	0.00980	0.01021	0.04683	0.01287	0.06225	0.00750	0.04467	0.01290	0.01819	0.02664	0.08142	0.15808	0.14648	0.21967	0.00512	0.00901	0.00869	0.00437	0.00595
3	0.01859	0.01106	0.01292	0.01108	0.01459	0.01130	0.00873	0.08439	0.23688	0.24014	0.09455	0.07752	0.07453	0.01010	0.00669	0.00208	0.00484	0.00846	0.06240	0.00916
4	0.01209	0.01087	0.01118	0.12109	0.01561	0.10880	0.00810	0.01454	0.06313	0.01526	0.01995	0.12916	0.02117	0.36571	0.05267	0.00443	0.00743	0.00907	0.00413	0.00561
5	0.23578	0.01695	0.06348	0.01612	0.11748	0.15107	0.01171	0.05939	0.03380	0.06483	0.01319	0.01584	0.01062	0.01439	0.14529	0.00351	0.00940	0.00509	0.00402	0.00804
6	0.01420	0.01267	0.01393	0.06756	0.06595	0.08117	0.01022	0.08448	0.19587	0.02198	0.06299	0.12756	0.07223	0.03875	0.09783	0.00327	0.00744	0.00887	0.00521	0.00784
7	0.32146	0.01560	0.01997	0.02088	0.20479	0.08908	0.14256	0.01956	0.01340	0.02290	0.01147	0.01555	0.00964	0.05890	0.00749	0.00227	0.00757	0.00534	0.00358	0.00800
8	0.02208	0.02344	0.01927	0.01881	0.12154	0.38198	0.01303	0.20438	0.02051	0.02362	0.01189	0.01345	0.00941	0.00664	0.00598	0.00171	0.00925	0.00479	0.00418	0.08404
9	0.01855	0.01049	0.01258	0.01045	0.01434	0.00970	0.00853	0.13052	0.01842	0.26977	0.03521	0.03740	0.22580	0.01117	0.00693	0.00205	0.00509	0.08201	0.00655	0.08444
10	0.01808	0.04758	0.06737	0.06054	0.17159	0.28868	0.01403	0.05423	0.02671	0.01884	0.01220	0.01558	0.01027	0.02952	0.07972	0.00271	0.00996	0.00511	0.00348	0.06380
11	0.00838	0.00620	0.00771	0.00872	0.00967	0.00575	0.00628	0.00983	0.01306	0.01682	0.04096	0.41884	0.20161	0.08994	0.01054	0.00292	0.00424	0.12745	0.00579	0.00529
12	0.00779	0.00593	0.00718	0.00818	0.00916	0.00532	0.00564	0.00909	0.01315	0.01681	0.04551	0.53443	0.27062	0.01896	0.00804	0.00248	0.00359	0.01680	0.00600	0.00532
13	0.10223	0.01371	0.01573	0.01247	0.01722	0.01413	0.01020	0.23537	0.12574	0.35323	0.02101	0.01924	0.01417	0.00785	0.00626	0.00201	0.00588	0.00612	0.00694	0.01049
14	0.01397	0.01885	0.20658	0.06214	0.21003	0.06391	0.05083	0.01900	0.06065	0.01893	0.01444	0.02028	0.01249	0.11572	0.08162	0.00339	0.00922	0.00620	0.00342	0.00832
15	0.00919	0.00683	0.00897	0.00902	0.00973	0.00740	0.00639	0.01047	0.01068	0.01460	0.02471	0.12459	0.08888	0.28654	0.31160	0.00692	0.04451	0.00973	0.00414	0.00511
16	0.00779	0.00650	0.00679	0.00682	0.00885	0.00550	0.00507	0.00953	0.01494	0.01820	0.12600	0.09627	0.63304	0.01626	0.00767	0.00219	0.00328	0.01369	0.00610	0.00550
17	0.02050	0.01404	0.01741	0.03289	0.13671	0.01467	0.01183	0.33629	0.02269	0.13668	0.09100	0.02214	0.04219	0.00827	0.00648	0.00194	0.00617	0.00679	0.06157	0.00975
18	0.01339	0.06803	0.01943	0.12092	0.02101	0.08144	0.14184	0.01562	0.01223	0.01569	0.01376	0.02227	0.01299	0.16640	0.11980	0.05822	0.08062	0.00666	0.00326	0.00642
19	0.01422	0.01453	0.08579	0.01574	0.01983	0.01352	0.14831	0.08088	0.23665	0.02326	0.02242	0.09841	0.01995	0.01373	0.07706	0.00306	0.00795	0.09104	0.00513	0.00851
20	0.00791	0.00596	0.00716	0.00807	0.00900	0.00539	0.00550	0.00911	0.01291	0.01651	0.04405	0.49025	0.26101	0.07354	0.00984	0.00275	0.00378	0.01621	0.00585	0.00522
21	0.01421	0.02327	0.35309	0.09379	0.23849	0.01522	0.05836	0.02123	0.08071	0.02092	0.01322	0.01587	0.01001	0.00627	0.00637	0.00204	0.00856	0.00555	0.00327	0.00955

[dist]
# distance from previous block
# <min> <max>
0	10

[block]
# block no. 10 follows, 34 sequences, length 21
# corresponding to MSA columns:
# 376-396
name=unknown_K
#
# <colnr> <probs for GDERKNQSTAVLIFYWHMCP>
#	G	D	E	R	K	N	Q	S	T	A	V	L	I	F	Y	W	H	M	C	P
0	0.01600	0.07555	0.02137	0.18912	0.28709	0.12614	0.01540	0.05954	0.01566	0.01954	0.01790	0.02058	0.09424	0.00740	0.00630	0.00192	0.00788	0.00626	0.00363	0.00846
1	0.01628	0.01610	0.01979	0.02374	0.29012	0.13222	0.05138	0.07241	0.10615	0.02159	0.02052	0.12147	0.06183	0.00907	0.00673	0.00204	0.00731	0.00802	0.00446	0.00878
2	0.01459	0.01392	0.02370	0.30480	0.47842	0.01498	0.01913	0.01860	0.01405	0.01941	0.01191	0.01645	0.00964	0.00602	0.00642	0.00201	0.00802	0.00575	0.00308	0.00911
3	0.01489	0.01311	0.01992	0.19765	0.32923	0.01399	0.01556	0.03781	0.12775	0.04894	0.02094	0.02307	0.09367	0.00775	0.00659	0.00205	0.00688	0.00693	0.00425	0.00902
4	0.01441	0.07145	0.02173	0.01684	0.01794	0.01948	0.05827	0.01620	0.01064	0.01611	0.00895	0.01403	0.00860	0.01020	0.01829	0.00259	0.62116	0.00553	0.00290	0.04469
5	0.01687	0.01779	0.01893	0.10660	0.24204	0.21985	0.01417	0.02225	0.12985	0.02005	0.06144	0.06973	0.01653	0.00805	0.00648	0.00197	0.00792	0.00680	0.00419	0.00851
6	0.10673	0.06612	0.02103	0.02080	0.20876	0.05735	0.12447	0.06201	0.01415	0.02040	0.01376	0.02062	0.01256	0.15479	0.06676	0.00338	0.00849	0.00633	0.00364	0.00784
7	0.01134	0.00833	0.00990	0.00922	0.01030	0.00901	0.00642	0.07090	0.06818	0.01827	0.11346	0.03583	0.02544	0.41442	0.12397	0.00544	0.04050	0.00873	0.00465	0.00569
8	0.00825	0.00619	0.00756	0.00800	0.00918	0.00560	0.00565	0.01003	0.01462	0.01935	0.24713	0.33650	0.23120	0.04930	0.00895	0.00249	0.00352	0.01475	0.00624	0.00550
9	0.12118	0.01858	0.01870	0.18016	0.19168	0.24640	0.01436	0.02139	0.05651	0.01954	0.01198	0.01507	0.00968	0.00828	0.03847	0.00229	0.00906	0.00510	0.00348	0.00809
10	0.01334	0.01283	0.01006	0.00962	0.01051	0.20450	0.00621	0.01379	0.01178	0.01341	0.01758	0.03409	0.01943	0.56785	0.02564	0.00503	0.00771	0.00800	0.00376	0.00487
11	0.00789	0.00608	0.00705	0.00778	0.00891	0.00542	0.00536	0.00915	0.01317	0.01660	0.04743	0.40393	0.34075	0.07746	0.00991	0.00272	0.00374	0.01560	0.00584	0.00523
12	0.01770	0.17329	0.02637	0.02974	0.45996	0.14753	0.01674	0.02079	0.01503	0.01896	0.01112	0.01407	0.00950	0.00587	0.00584	0.00176	0.00823	0.00500	0.00313	0.00935
13	0.01773	0.01878	0.02236	0.11857	0.29766	0.21092	0.06785	0.05871	0.04907	0.02021	0.01349	0.05042	0.01148	0.00698	0.00644	0.00195	0.00877	0.00613	0.00366	0.00881
14	0.01621	0.01055	0.01230	0.01089	0.01412	0.01056	0.00889	0.16914	0.07204	0.14472	0.08391	0.04364	0.21324	0.01260	0.00737	0.00225	0.00515	0.14780	0.00654	0.00809
15	0.00795	0.00586	0.00727	0.00834	0.00905	0.00537	0.00560	0.00909	0.01260	0.01636	0.04039	0.56549	0.18026	0.08183	0.01017	0.00284	0.00386	0.01667	0.00583	0.00518
16	0.01474	0.06891	0.10164	0.02542	0.22285	0.01571	0.25616	0.01954	0.04672	0.01960	0.01349	0.01882	0.01144	0.08421	0.01015	0.00249	0.04950	0.00658	0.00335	0.00869
17	0.01150	0.01570	0.22857	0.01268	0.01695	0.00999	0.04265	0.01676	0.08029	0.04868	0.15252	0.20791	0.10498	0.01217	0.00719	0.00221	0.00581	0.01065	0.00523	0.00754
18	0.00894	0.00617	0.00763	0.00806	0.00832	0.00623	0.00508	0.00958	0.01038	0.01399	0.02426	0.24576	0.02793	0.45992	0.12429	0.00580	0.00707	0.01160	0.00444	0.00455
19	0.01022	0.00809	0.00819	0.00809	0.00891	0.04689	0.00520	0.01182	0.05296	0.01467	0.02813	0.07584	0.13904	0.49468	0.05645	0.00512	0.00637	0.00999	0.00446	0.00488
20	0.01607	0.01659	0.02407	0.09531	0.29865	0.10979	0.13436	0.02102	0.07782	0.01998	0.01450	0.02028	0.01234	0.00734	0.00768	0.00211	0.05689	0.05269	0.00366	0.00884

[dist]
# distance from previous block
# <min> <max>
5	9

[block]
# block no. 11 follows, 34 sequences, length 25
# corresponding to MSA columns:
# 407-431
name=unknown_L
#
# <colnr> <probs for GDERKNQSTAVLIFYWHMCP>
#	G	D	E	R	K	N	Q	S	T	A	V	L	I	F	Y	W	H	M	C	P
0	0.01383	0.13560	0.01985	0.01825	0.18074	0.06247	0.07236	0.01720	0.04874	0.03285	0.06247	0.12943	0.15942	0.01040	0.00667	0.00201	0.00630	0.00912	0.00453	0.00778
1	0.69755	0.01356	0.01092	0.07489	0.01578	0.06066	0.00831	0.01920	0.01163	0.02706	0.00928	0.01116	0.00722	0.00608	0.00433	0.00199	0.00574	0.00374	0.00386	0.00704
2	0.00838	0.00670	0.00823	0.00820	0.00992	0.00656	0.00626	0.01037	0.01319	0.01699	0.08746	0.04643	0.39944	0.02915	0.30683	0.00549	0.00894	0.01080	0.00504	0.00562
3	0.01466	0.01424	0.02498	0.27876	0.44086	0.01511	0.07983	0.01879	0.01416	0.01953	0.01201	0.01653	0.00965	0.00596	0.00653	0.00202	0.00827	0.00592	0.00309	0.00908
4	0.00785	0.00612	0.00713	0.00780	0.00909	0.00540	0.00550	0.00934	0.01387	0.01758	0.09620	0.39157	0.36362	0.01797	0.00792	0.00238	0.00348	0.01572	0.00607	0.00540
5	0.01271	0.01269	0.02469	0.02212	0.12819	0.01206	0.33373	0.01645	0.01449	0.01976	0.05506	0.23079	0.02320	0.01076	0.00770	0.00231	0.00774	0.05349	0.00437	0.00768
6	0.00820	0.00647	0.00681	0.00678	0.00834	0.00571	0.00472	0.00949	0.01353	0.01667	0.09538	0.05598	0.49882	0.21841	0.01439	0.00326	0.00406	0.01238	0.00551	0.00508
7	0.01642	0.01539	0.02511	0.03666	0.64937	0.01563	0.01881	0.05480	0.06304	0.02247	0.01327	0.01651	0.01091	0.00606	0.00641	0.00194	0.00748	0.00586	0.00359	0.01027
8	0.81856	0.01250	0.00950	0.00850	0.01250	0.01449	0.00700	0.01899	0.01100	0.02899	0.00900	0.01050	0.00700	0.00600	0.00400	0.00200	0.00500	0.00350	0.00400	0.00700
9	0.01220	0.01148	0.01938	0.75739	0.04450	0.01436	0.01794	0.01651	0.01292	0.01651	0.01148	0.01723	0.00861	0.00646	0.00646	0.00215	0.00861	0.00574	0.00287	0.00718
10	0.00870	0.00601	0.00738	0.00800	0.00829	0.00580	0.00501	0.00945	0.01144	0.01538	0.08579	0.36262	0.03507	0.37860	0.01995	0.00431	0.00489	0.01354	0.00510	0.00468
11	0.02414	0.03079	0.01831	0.01665	0.01998	0.74698	0.01248	0.02580	0.01831	0.01581	0.00999	0.01165	0.00832	0.00666	0.00583	0.00166	0.01165	0.00416	0.00333	0.00749
12	0.28114	0.01576	0.01931	0.08475	0.36318	0.09361	0.01466	0.01993	0.01373	0.02277	0.01083	0.01381	0.00883	0.00599	0.00555	0.00194	0.00730	0.00484	0.00345	0.00863
13	0.02211	0.01391	0.01809	0.18478	0.06583	0.01487	0.01300	0.25382	0.06524	0.25413	0.01824	0.01853	0.01254	0.00748	0.00648	0.00202	0.00685	0.00611	0.00595	0.01003
14	0.01505	0.01385	0.02158	0.14375	0.31169	0.01347	0.06176	0.05998	0.01500	0.02151	0.01211	0.01546	0.00979	0.00567	0.00600	0.00168	0.00712	0.00529	0.00354	0.25570
15	0.01220	0.01148	0.01938	0.75739	0.04450	0.01436	0.01794	0.01651	0.01292	0.01651	0.01148	0.01723	0.00861	0.00646	0.00646	0.00215	0.00861	0.00574	0.00287	0.00718
16	0.02070	0.01474	0.02042	0.02387	0.30697	0.01518	0.01439	0.17238	0.13269	0.18433	0.01810	0.01852	0.01320	0.00716	0.00646	0.00198	0.00666	0.00618	0.00550	0.01056
17	0.01647	0.01573	0.02381	0.17791	0.49248	0.05821	0.01837	0.08033	0.01595	0.02162	0.01219	0.01594	0.00987	0.00612	0.00638	0.00195	0.00804	0.00567	0.00343	0.00954
18	0.01672	0.01521	0.02232	0.02849	0.41082	0.01669	0.01632	0.10178	0.14734	0.02365	0.01463	0.01717	0.01183	0.00737	0.00863	0.00211	0.11887	0.00604	0.00415	0.00985
19	0.01078	0.00897	0.01308	0.09814	0.12184	0.00940	0.01070	0.01342	0.01415	0.01897	0.12712	0.10996	0.12576	0.05565	0.03032	0.00283	0.04987	0.16745	0.00501	0.00656
20	0.01031	0.00835	0.00997	0.01053	0.05393	0.02302	0.00714	0.01446	0.10038	0.02176	0.32494	0.12856	0.16585	0.08030	0.00968	0.00250	0.00416	0.01157	0.00612	0.00647
21	0.00855	0.00639	0.00769	0.00810	0.00914	0.00613	0.00570	0.00984	0.01223	0.01575	0.03852	0.20089	0.25491	0.21578	0.12409	0.00459	0.00639	0.05513	0.00509	0.00509
22	0.01429	0.01588	0.02876	0.02142	0.02638	0.07799	0.47592	0.01835	0.01493	0.01912	0.02113	0.06782	0.10283	0.05410	0.00903	0.00241	0.00931	0.00881	0.00381	0.00771
23	0.01270	0.01478	0.11819	0.02351	0.30123	0.01189	0.08287	0.01632	0.01432	0.01967	0.06739	0.02999	0.16490	0.08317	0.00940	0.00245	0.00691	0.00817	0.00403	0.00813
24	0.81856	0.01250	0.00950	0.00850	0.01250	0.01449	0.00700	0.01899	0.01100	0.02899	0.00900	0.01050	0.00700	0.00600	0.00400	0.00200	0.00500	0.00350	0.00400	0.00700

[dist]
# distance from previous block
# <min> <max>
0	1

[block]
# block no. 12 follows, 34 sequences, length 32
# corresponding to MSA columns:
# 433-464
name=unknown_M
#
# <colnr> <probs for GDERKNQSTAVLIFYWHMCP>
#	G	D	E	R	K	N	Q	S	T	A	V	L	I	F	Y	W	H	M	C	P
0	0.07608	0.01715	0.07467	0.14924	0.30578	0.05860	0.18567	0.01983	0.01441	0.02049	0.01186	0.01571	0.00937	0.00589	0.00647	0.00202	0.00877	0.00588	0.00320	0.00891
1	0.00808	0.00650	0.00713	0.00733	0.00910	0.00567	0.00545	0.00981	0.01457	0.01805	0.12284	0.13309	0.51149	0.05600	0.00910	0.00248	0.00363	0.05825	0.00600	0.00545
2	0.01695	0.01356	0.01601	0.01417	0.08994	0.01289	0.01019	0.21668	0.06506	0.02729	0.01433	0.01570	0.01119	0.00618	0.00553	0.00146	0.00565	0.00497	0.05933	0.39290
3	0.00804	0.00576	0.00765	0.00888	0.00941	0.00536	0.00601	0.00943	0.01317	0.01776	0.12900	0.67170	0.04519	0.01930	0.00816	0.00254	0.00365	0.01747	0.00615	0.00536
4	0.01706	0.01808	0.02351	0.01869	0.02261	0.18718	0.26147	0.11348	0.01710	0.02109	0.01689	0.16627	0.01613	0.00941	0.00809	0.00216	0.06004	0.00858	0.00424	0.00793
5	0.01817	0.01492	0.01579	0.01357	0.01760	0.01705	0.01073	0.20156	0.55030	0.03041	0.02363	0.02198	0.01757	0.00852	0.00655	0.00213	0.00561	0.00694	0.00655	0.01042
6	0.00893	0.00706	0.00922	0.01131	0.08340	0.00657	0.00704	0.01044	0.01308	0.01691	0.04026	0.36042	0.24310	0.10781	0.01086	0.00287	0.00441	0.04515	0.00546	0.00569
7	0.03786	0.14682	0.19011	0.04740	0.23004	0.10781	0.01691	0.06235	0.06335	0.02094	0.01229	0.01440	0.00975	0.00627	0.00585	0.00186	0.00823	0.00500	0.00347	0.00927
8	0.01631	0.01272	0.01639	0.01760	0.16187	0.01365	0.01162	0.19431	0.12988	0.05783	0.02255	0.02439	0.08755	0.01800	0.18132	0.00399	0.00885	0.00714	0.00513	0.00891
9	0.01840	0.19881	0.02444	0.09415	0.10183	0.22076	0.08062	0.06765	0.01613	0.01906	0.01098	0.01341	0.00902	0.00603	0.00566	0.00167	0.00866	0.00475	0.00339	0.09458
10	0.00770	0.00648	0.00669	0.00678	0.00881	0.00546	0.00503	0.00935	0.01467	0.01766	0.08521	0.11508	0.65591	0.01655	0.00768	0.00221	0.00330	0.01393	0.00604	0.00546
11	0.01704	0.32019	0.02791	0.02008	0.18730	0.06218	0.10795	0.06519	0.01528	0.01998	0.01202	0.01448	0.00999	0.00599	0.00544	0.00168	0.00753	0.00503	0.08603	0.00871
12	0.00923	0.00692	0.01038	0.01038	0.01154	0.00808	0.00808	0.01154	0.01038	0.01500	0.01731	0.02538	0.01615	0.04846	0.74732	0.01038	0.01731	0.00692	0.00346	0.00577
13	0.06375	0.01323	0.01476	0.01303	0.01504	0.08885	0.01032	0.02034	0.10919	0.11964	0.01620	0.02069	0.01372	0.08226	0.15337	0.00419	0.22314	0.00628	0.00441	0.00758
14	0.01263	0.06196	0.19704	0.01722	0.05329	0.01274	0.20651	0.01630	0.01259	0.01738	0.01548	0.04140	0.01486	0.27475	0.01586	0.00353	0.00840	0.00746	0.00339	0.00720
15	0.02013	0.10356	0.01949	0.01595	0.06550	0.20941	0.01198	0.17432	0.26435	0.02532	0.01687	0.01695	0.01298	0.00744	0.00607	0.00189	0.00762	0.00564	0.00506	0.00946
16	0.01339	0.05544	0.28947	0.01715	0.02342	0.01432	0.17282	0.02115	0.13977	0.02154	0.07415	0.02381	0.08876	0.00800	0.00673	0.00208	0.00781	0.00724	0.00420	0.00874
17	0.02136	0.00977	0.01237	0.01009	0.01324	0.00909	0.00763	0.07459	0.01600	0.41467	0.02283	0.02906	0.01841	0.29284	0.01632	0.00358	0.00591	0.00753	0.00636	0.00836
18	0.01042	0.00871	0.01257	0.01568	0.18018	0.00870	0.00936	0.01273	0.01323	0.01792	0.10145	0.03700	0.20670	0.10720	0.22432	0.00493	0.00869	0.00916	0.00448	0.00657
19	0.01694	0.01431	0.01510	0.01333	0.01713	0.01648	0.01044	0.10387	0.64999	0.02844	0.02519	0.02322	0.01883	0.00866	0.00656	0.00217	0.00532	0.00715	0.00656	0.01031
20	0.01298	0.01049	0.01329	0.01383	0.11110	0.00975	0.00901	0.11189	0.01553	0.02165	0.02431	0.23673	0.08228	0.06290	0.00839	0.00217	0.00518	0.00976	0.00493	0.23383
21	0.02113	0.02002	0.01667	0.01419	0.01782	0.27560	0.01116	0.30925	0.02177	0.02666	0.01421	0.01629	0.01124	0.01381	0.12365	0.00315	0.01006	0.00542	0.05933	0.00858
22	0.81856	0.01250	0.00950	0.00850	0.01250	0.01449	0.00700	0.01899	0.01100	0.02899	0.00900	0.01050	0.00700	0.00600	0.00400	0.00200	0.00500	0.00350	0.00400	0.00700
23	0.01501	0.01075	0.01199	0.01059	0.01378	0.01120	0.00827	0.06997	0.29187	0.11410	0.16273	0.03664	0.19369	0.01120	0.00700	0.00212	0.00449	0.00939	0.00671	0.00850
24	0.01011	0.00613	0.00668	0.00683	0.00758	0.00602	0.00442	0.01145	0.01160	0.01757	0.02517	0.11146	0.06947	0.36066	0.01812	0.00385	0.00460	0.00934	0.30401	0.00494
25	0.52287	0.01458	0.01318	0.01087	0.01530	0.01656	0.00897	0.27673	0.01821	0.03336	0.01142	0.01236	0.00848	0.00665	0.00492	0.00198	0.00578	0.00436	0.00492	0.00848
26	0.00812	0.00647	0.00728	0.00728	0.00908	0.00563	0.00538	0.01014	0.01557	0.01994	0.26501	0.13053	0.45515	0.01580	0.00769	0.00218	0.00325	0.01353	0.00634	0.00563
27	0.01599	0.01535	0.02623	0.03966	0.73262	0.01535	0.01983	0.01983	0.01471	0.02111	0.01215	0.01599	0.01023	0.00576	0.00640	0.00192	0.00768	0.00576	0.00320	0.01023
