[name]
rps4

[dist]
# distance from previous block
# <min> <max>
1	21

[block]
# block no. 0 follows, 77 sequences, length 17
# corresponding to MSA columns:
# 21-37
name=unknown_A
#
# <colnr> <probs for GDERKNQSTAVLIFYWHMCP>
#	G	D	E	R	K	N	Q	S	T	A	V	L	I	F	Y	W	H	M	C	P
0	0.00700	0.00639	0.01050	0.53525	0.20492	0.00737	0.00893	0.00895	0.00709	0.00939	0.00729	0.01174	0.00637	0.14743	0.00602	0.00155	0.00446	0.00354	0.00173	0.00407
1	0.00586	0.00487	0.00580	0.03232	0.05431	0.06217	0.00419	0.00659	0.00634	0.00834	0.01209	0.22678	0.01333	0.30723	0.21555	0.00313	0.02001	0.00571	0.00233	0.00303
2	0.00886	0.00820	0.03305	0.17802	0.57381	0.00829	0.01022	0.01160	0.06541	0.05635	0.00762	0.00949	0.00603	0.00346	0.00357	0.00111	0.00423	0.00327	0.00201	0.00539
3	0.00798	0.00708	0.00867	0.00792	0.10721	0.03591	0.00555	0.02605	0.00764	0.02423	0.00710	0.05332	0.00633	0.00366	0.00389	0.00079	0.09407	0.00284	0.00215	0.58762
4	0.00683	0.00616	0.00995	0.28949	0.31070	0.00661	0.00808	0.00853	0.00738	0.00994	0.01110	0.16503	0.05891	0.07978	0.00506	0.00140	0.00384	0.00488	0.00212	0.00419
5	0.00583	0.00487	0.00579	0.00571	0.00633	0.07381	0.00426	0.00684	0.00604	0.00813	0.00963	0.01529	0.00941	0.18539	0.63046	0.00495	0.00821	0.00399	0.00197	0.00309
6	0.00890	0.00855	0.01460	0.02208	0.85115	0.00855	0.01104	0.01104	0.00819	0.01175	0.00677	0.00890	0.00570	0.00320	0.00356	0.00107	0.00427	0.00320	0.00178	0.00570
7	0.00941	0.05784	0.01202	0.04143	0.20653	0.00860	0.11566	0.28037	0.01111	0.01485	0.06225	0.01390	0.14065	0.00473	0.00374	0.00111	0.00386	0.00417	0.00274	0.00504
8	0.00556	0.00340	0.00403	0.00423	0.00472	0.00341	0.00293	0.00660	0.00685	0.01053	0.05623	0.23248	0.01490	0.18157	0.10615	0.00211	0.00307	0.00568	0.34258	0.00300
9	0.00616	0.00527	0.00525	0.00534	0.00607	0.10503	0.00378	0.00725	0.03681	0.03080	0.06483	0.32428	0.13112	0.14282	0.10643	0.00214	0.00370	0.00682	0.00290	0.00321
10	0.00774	0.00655	0.00961	0.29718	0.07907	0.06446	0.07449	0.02346	0.01909	0.03878	0.00767	0.01059	0.02411	0.00743	0.05556	0.24260	0.00459	0.00334	0.00187	0.02180
11	0.00788	0.00605	0.00638	0.00610	0.00724	0.07462	0.00449	0.16125	0.05889	0.06454	0.04985	0.45896	0.03585	0.03459	0.00458	0.00135	0.00292	0.00716	0.00334	0.00397
12	0.00896	0.00861	0.01162	0.39994	0.28470	0.13560	0.00943	0.01094	0.00809	0.05799	0.00694	0.00937	0.00548	0.02290	0.00386	0.00116	0.00475	0.00314	0.00187	0.00464
13	0.00906	0.02309	0.12064	0.10595	0.24086	0.05927	0.07535	0.01375	0.24944	0.05221	0.00925	0.01014	0.00703	0.00383	0.00359	0.00114	0.00426	0.00341	0.00240	0.00531
14	0.01206	0.26573	0.01269	0.00881	0.07026	0.39657	0.00673	0.01374	0.05897	0.11218	0.00708	0.00756	0.00560	0.00365	0.00306	0.00093	0.00492	0.00253	0.00218	0.00474
15	0.00540	0.00375	0.00420	0.00403	0.00504	0.00333	0.00293	0.00641	0.00827	0.05898	0.21259	0.02878	0.44477	0.14300	0.00632	0.00153	0.00212	0.00653	0.04883	0.00318
16	0.00688	0.00572	0.01031	0.05783	0.06039	0.00593	0.21447	0.00750	0.00635	0.00869	0.00800	0.09781	0.00775	0.00926	0.05774	0.35160	0.07456	0.00418	0.00184	0.00320

[dist]
# distance from previous block
# <min> <max>
0	7

[block]
# block no. 1 follows, 77 sequences, length 12
# corresponding to MSA columns:
# 45-56
name=unknown_B
#
# <colnr> <probs for GDERKNQSTAVLIFYWHMCP>
#	G	D	E	R	K	N	Q	S	T	A	V	L	I	F	Y	W	H	M	C	P
0	0.00803	0.02801	0.03638	0.01076	0.25282	0.04295	0.00663	0.11873	0.03256	0.02194	0.02767	0.17138	0.05552	0.12896	0.00607	0.00151	0.02379	0.01933	0.00258	0.00438
1	0.05237	0.00853	0.01160	0.08715	0.38189	0.05138	0.03028	0.08801	0.19511	0.01325	0.00957	0.01060	0.03646	0.00395	0.00355	0.00112	0.00397	0.00348	0.00243	0.00531
2	0.00516	0.00346	0.00394	0.00401	0.00402	0.00344	0.00227	0.00521	0.00536	0.00715	0.01199	0.08947	0.01391	0.80652	0.01724	0.00333	0.00338	0.00562	0.00227	0.00224
3	0.00756	0.02444	0.03818	0.03054	0.33965	0.08763	0.04770	0.00923	0.00827	0.01102	0.12157	0.23338	0.01391	0.00589	0.00389	0.00117	0.00370	0.00538	0.00246	0.00442
4	0.00890	0.12331	0.01347	0.21903	0.40137	0.05061	0.00942	0.04733	0.04769	0.01111	0.00678	0.00871	0.00553	0.00352	0.00363	0.00107	0.02860	0.00303	0.00187	0.00504
5	0.00827	0.00789	0.01230	0.03197	0.19333	0.02416	0.19492	0.04044	0.11912	0.01226	0.04426	0.05568	0.00836	0.00404	0.00391	0.00105	0.03503	0.00382	0.00234	0.19684
6	0.00862	0.00826	0.01410	0.13370	0.74171	0.00847	0.01090	0.01079	0.00806	0.01141	0.00672	0.00899	0.00558	0.00326	0.00357	0.00109	0.00434	0.00320	0.00176	0.00547
7	0.12448	0.00363	0.00477	0.00469	0.00499	0.00378	0.00323	0.00547	0.00488	0.00756	0.00608	0.01026	0.00594	0.01128	0.01249	0.77692	0.00308	0.00297	0.00165	0.00187
8	0.04903	0.31544	0.08659	0.01151	0.19325	0.03065	0.14008	0.05305	0.03846	0.02535	0.02089	0.00813	0.00582	0.00338	0.00317	0.00100	0.00435	0.00289	0.00194	0.00502
9	0.05150	0.03890	0.01015	0.17619	0.12983	0.09317	0.00734	0.17451	0.06699	0.04326	0.00924	0.12349	0.00821	0.00493	0.00398	0.00116	0.04584	0.00402	0.00255	0.00473
10	0.00491	0.00371	0.00453	0.00515	0.04471	0.00347	0.00328	0.00556	0.00694	0.00896	0.04119	0.26484	0.25493	0.28270	0.00879	0.00201	0.00261	0.04592	0.00291	0.00288
11	0.00653	0.00554	0.00784	0.00854	0.14758	0.02961	0.07258	0.00799	0.00852	0.05073	0.15271	0.10410	0.29041	0.00719	0.00431	0.00123	0.01987	0.06781	0.00303	0.00389

[dist]
# distance from previous block
# <min> <max>
11	30

[block]
# block no. 2 follows, 77 sequences, length 8
# corresponding to MSA columns:
# 98-105
name=unknown_C
#
# <colnr> <probs for GDERKNQSTAVLIFYWHMCP>
#	G	D	E	R	K	N	Q	S	T	A	V	L	I	F	Y	W	H	M	C	P
0	0.00746	0.05277	0.00858	0.00720	0.00816	0.10576	0.03084	0.05964	0.00711	0.00941	0.00842	0.05167	0.00808	0.06473	0.38570	0.00339	0.17158	0.00379	0.00201	0.00369
1	0.03379	0.00674	0.00892	0.03006	0.08115	0.02727	0.07922	0.07697	0.07297	0.04771	0.04230	0.07013	0.07185	0.02616	0.07452	0.00144	0.00385	0.00406	0.00261	0.23828
2	0.00497	0.00378	0.00491	0.00547	0.04797	0.00347	0.00362	0.00603	0.00806	0.01093	0.27316	0.36848	0.14131	0.06432	0.00520	0.00140	0.00215	0.00777	0.00333	0.03367
3	0.00968	0.00805	0.00750	0.00679	0.03713	0.16852	0.00501	0.15268	0.05807	0.05804	0.06828	0.05126	0.00984	0.04016	0.00415	0.02235	0.00345	0.00366	0.18462	0.10076
4	0.00891	0.05501	0.01290	0.13757	0.30995	0.12118	0.05672	0.01063	0.00772	0.01022	0.00608	0.00827	0.00514	0.00386	0.00500	0.00112	0.16805	0.00299	0.00174	0.06695
5	0.00808	0.16945	0.00947	0.00750	0.08222	0.13348	0.00523	0.03004	0.05549	0.00913	0.00919	0.07330	0.00939	0.27823	0.06260	0.00211	0.04517	0.00405	0.00213	0.00374
6	0.07993	0.00663	0.00857	0.00809	0.08230	0.02373	0.04950	0.12448	0.05785	0.06815	0.06757	0.01246	0.00931	0.06505	0.22121	0.00243	0.04194	0.00367	0.00259	0.06454
7	0.01089	0.01198	0.14437	0.04404	0.04839	0.20951	0.06736	0.22820	0.03564	0.06209	0.00874	0.00960	0.03498	0.00523	0.04692	0.00132	0.01999	0.00322	0.00249	0.00503

[dist]
# distance from previous block
# <min> <max>
5	20

[block]
# block no. 3 follows, 77 sequences, length 16
# corresponding to MSA columns:
# 127-142
name=unknown_D
#
# <colnr> <probs for GDERKNQSTAVLIFYWHMCP>
#	G	D	E	R	K	N	Q	S	T	A	V	L	I	F	Y	W	H	M	C	P
0	0.00531	0.00396	0.00550	0.00542	0.00584	0.00454	0.00399	0.00619	0.00560	0.00796	0.00988	0.01659	0.00998	0.27695	0.56548	0.00488	0.05278	0.00423	0.00198	0.00294
1	0.00774	0.00736	0.01250	0.48626	0.39605	0.00824	0.01046	0.01002	0.00764	0.01034	0.00656	0.00928	0.00520	0.00342	0.00358	0.00114	0.00456	0.00320	0.00168	0.00476
2	0.01081	0.07004	0.08557	0.00870	0.01082	0.49534	0.05442	0.01272	0.06329	0.00940	0.00703	0.00902	0.00605	0.06968	0.07056	0.00153	0.00597	0.00288	0.00195	0.00422
3	0.00917	0.03548	0.00907	0.05235	0.09748	0.16768	0.00632	0.07265	0.31538	0.01251	0.01303	0.11822	0.06455	0.00539	0.00368	0.00115	0.00373	0.00447	0.00289	0.00480
4	0.00458	0.00332	0.00444	0.02077	0.00571	0.00314	0.00360	0.00541	0.00733	0.00979	0.09942	0.70074	0.04783	0.01061	0.00455	0.00143	0.00217	0.05879	0.00337	0.00301
5	0.00840	0.00657	0.00875	0.00738	0.00873	0.00729	0.07392	0.20960	0.00930	0.05487	0.01315	0.13548	0.09639	0.10443	0.04736	0.00176	0.16905	0.03058	0.00280	0.00417
6	0.00940	0.07417	0.04713	0.00615	0.00803	0.13826	0.00505	0.04511	0.07648	0.16510	0.05195	0.08330	0.16334	0.05861	0.00451	0.00124	0.00337	0.00471	0.04977	0.00432
7	0.04567	0.00648	0.00892	0.11063	0.26573	0.05088	0.00692	0.00936	0.05620	0.03518	0.02167	0.25327	0.04429	0.00751	0.05972	0.00151	0.00388	0.00539	0.00250	0.00428
8	0.00835	0.00783	0.01291	0.01344	0.26922	0.04415	0.23453	0.05948	0.02727	0.03745	0.02760	0.18062	0.01032	0.04454	0.00463	0.00130	0.00425	0.00503	0.00240	0.00468
9	0.00795	0.00624	0.01006	0.26860	0.20552	0.00662	0.07345	0.02210	0.00803	0.06458	0.02660	0.02711	0.02250	0.00399	0.00341	0.00107	0.00369	0.00362	0.23044	0.00440
10	0.00483	0.00351	0.00417	0.00449	0.00488	0.00335	0.00294	0.00567	0.03520	0.00896	0.05593	0.39038	0.15011	0.29835	0.00907	0.00208	0.00252	0.00777	0.00299	0.00281
11	0.01010	0.00872	0.01313	0.23778	0.21659	0.05950	0.14423	0.15963	0.00986	0.09373	0.00773	0.00934	0.00574	0.00363	0.00368	0.00112	0.00466	0.00337	0.00233	0.00514
12	0.00601	0.00537	0.00654	0.23813	0.01099	0.07269	0.00536	0.00745	0.03903	0.00919	0.01500	0.39928	0.06582	0.09596	0.00555	0.00153	0.00333	0.00679	0.00264	0.00335
13	0.00518	0.00354	0.00426	0.00429	0.00441	0.00364	0.00263	0.00543	0.00540	0.00731	0.01140	0.05811	0.01283	0.69038	0.16313	0.00380	0.00449	0.00521	0.00219	0.00239
14	0.00512	0.00381	0.00561	0.00564	0.00623	0.00438	0.00432	0.00630	0.00579	0.00829	0.01009	0.04407	0.00975	0.07797	0.77886	0.00549	0.00900	0.00416	0.00199	0.00314
15	0.74674	0.00787	0.05744	0.00582	0.03960	0.03231	0.00475	0.01052	0.00637	0.01508	0.00545	0.00685	0.00442	0.04103	0.00307	0.00121	0.00313	0.00219	0.00215	0.00398

[dist]
# distance from previous block
# <min> <max>
0	3

[block]
# block no. 4 follows, 77 sequences, length 12
# corresponding to MSA columns:
# 146-157
name=unknown_E
#
# <colnr> <probs for GDERKNQSTAVLIFYWHMCP>
#	G	D	E	R	K	N	Q	S	T	A	V	L	I	F	Y	W	H	M	C	P
0	0.00464	0.00342	0.00432	0.00497	0.00536	0.00325	0.00340	0.00569	0.04100	0.00941	0.02071	0.68727	0.10023	0.05562	0.00525	0.00154	0.00220	0.03544	0.00329	0.00302
1	0.04840	0.05369	0.01199	0.06706	0.23895	0.04349	0.07653	0.23179	0.03865	0.01427	0.00842	0.08180	0.00725	0.00424	0.00353	0.00108	0.00404	0.00370	0.00248	0.05864
2	0.00794	0.00878	0.11929	0.10081	0.16485	0.02822	0.00843	0.08543	0.00768	0.01084	0.00732	0.04180	0.00659	0.04214	0.11429	0.00193	0.23375	0.00352	0.00193	0.00445
3	0.03799	0.00867	0.04470	0.07791	0.39298	0.09494	0.00861	0.04291	0.05159	0.01129	0.00761	0.00985	0.00638	0.00829	0.17864	0.00204	0.00554	0.00323	0.00198	0.00485
4	0.05138	0.00753	0.01033	0.00922	0.07172	0.07676	0.16885	0.04654	0.10983	0.09644	0.01133	0.01425	0.05016	0.06527	0.15256	0.00212	0.00513	0.04352	0.00259	0.00447
5	0.00478	0.00337	0.00423	0.00465	0.00498	0.00319	0.00313	0.00536	0.00690	0.00915	0.09397	0.43383	0.09839	0.22366	0.00824	0.03086	0.00247	0.05301	0.00305	0.00277
6	0.00877	0.00847	0.01465	0.06807	0.77343	0.00854	0.04314	0.01096	0.00815	0.01160	0.00677	0.00897	0.00564	0.00322	0.00359	0.00108	0.00437	0.00324	0.00177	0.00557
7	0.05742	0.01025	0.01138	0.11060	0.33840	0.22793	0.00847	0.08331	0.04434	0.01179	0.00702	0.00886	0.00576	0.02273	0.03559	0.00128	0.00492	0.00301	0.00205	0.00488
8	0.00607	0.00495	0.00691	0.05327	0.00802	0.01898	0.08366	0.06717	0.00753	0.00993	0.01523	0.32918	0.06987	0.20565	0.04769	0.00204	0.01843	0.03940	0.00273	0.00330
9	0.00630	0.00380	0.00430	0.00416	0.00516	0.00357	0.00311	0.00783	0.02853	0.06971	0.17496	0.06368	0.20735	0.06658	0.00460	0.00125	0.00203	0.03016	0.30948	0.00343
10	0.02703	0.00876	0.03871	0.09270	0.25461	0.14848	0.07856	0.01017	0.03318	0.01053	0.05751	0.09546	0.02375	0.03745	0.00494	0.04774	0.01979	0.00415	0.00214	0.00433
11	0.00706	0.00745	0.07352	0.08286	0.13911	0.05281	0.04487	0.03852	0.00797	0.01065	0.01403	0.14083	0.15838	0.02592	0.03660	0.00135	0.03174	0.00491	0.00238	0.11903

[dist]
# distance from previous block
# <min> <max>
3	19

[block]
# block no. 5 follows, 77 sequences, length 58
# corresponding to MSA columns:
# 177-234
name=unknown_F
#
# <colnr> <probs for GDERKNQSTAVLIFYWHMCP>
#	G	D	E	R	K	N	Q	S	T	A	V	L	I	F	Y	W	H	M	C	P
0	0.00720	0.05483	0.01280	0.08831	0.16802	0.00741	0.24172	0.00906	0.00757	0.01025	0.02652	0.08984	0.08363	0.04562	0.07745	0.00168	0.05026	0.00464	0.00210	0.01109
1	0.04616	0.01508	0.00953	0.07824	0.19598	0.11675	0.02712	0.13630	0.00944	0.03398	0.04740	0.09066	0.09731	0.03278	0.04077	0.00140	0.00413	0.00992	0.00256	0.00448
2	0.02707	0.00381	0.00462	0.00475	0.00524	0.00370	0.00320	0.00657	0.02717	0.05212	0.05825	0.30657	0.01754	0.37743	0.01026	0.00226	0.00284	0.05806	0.00288	0.02565
3	0.00446	0.00339	0.00399	0.00440	0.00500	0.00305	0.00304	0.00518	0.00733	0.00933	0.04538	0.43471	0.33715	0.09369	0.00579	0.00156	0.00214	0.02424	0.00324	0.00291
4	0.17560	0.02653	0.07965	0.03605	0.11106	0.06673	0.08472	0.15555	0.00911	0.01351	0.01415	0.01090	0.08617	0.00583	0.06170	0.00145	0.05094	0.00342	0.00232	0.00461
5	0.00703	0.00546	0.02505	0.00631	0.04374	0.01944	0.00453	0.10238	0.03064	0.05292	0.03024	0.28865	0.12940	0.12422	0.00646	0.00157	0.05970	0.00639	0.05214	0.00373
6	0.00475	0.00334	0.00430	0.00484	0.00511	0.00319	0.00326	0.00541	0.00693	0.00931	0.09815	0.53649	0.02212	0.20568	0.00769	0.00190	0.00246	0.06912	0.00314	0.00283
7	0.00721	0.01861	0.85495	0.01025	0.01557	0.00835	0.01329	0.01139	0.00759	0.01139	0.00646	0.00759	0.00456	0.00342	0.00342	0.00114	0.00532	0.00266	0.00152	0.00532
8	0.19586	0.00986	0.01058	0.09247	0.09484	0.15157	0.07844	0.22182	0.08534	0.01496	0.00739	0.00834	0.00562	0.00377	0.00331	0.00110	0.00433	0.00297	0.00250	0.00494
9	0.00683	0.00647	0.01105	0.84398	0.02463	0.00802	0.03041	0.00925	0.00722	0.00925	0.00642	0.00959	0.00481	0.00358	0.00361	0.00120	0.00483	0.00322	0.00160	0.00402
10	0.00440	0.00315	0.00418	0.00497	0.00521	0.00294	0.00333	0.00506	0.00699	0.00932	0.04068	0.83589	0.03827	0.01113	0.00458	0.00145	0.00207	0.01009	0.00335	0.00294
11	0.02638	0.67688	0.08047	0.00753	0.01079	0.03331	0.10115	0.01098	0.00751	0.00918	0.00538	0.00637	0.00469	0.00312	0.00263	0.00086	0.00425	0.00225	0.00159	0.00467
12	0.00720	0.00656	0.00621	0.00580	0.00711	0.12339	0.00443	0.04633	0.16099	0.01258	0.28653	0.03980	0.17604	0.04392	0.00463	0.00127	0.00288	0.05706	0.00335	0.00390
13	0.00697	0.00525	0.00573	0.00538	0.00654	0.03419	0.00402	0.10298	0.11010	0.03191	0.22897	0.21187	0.10348	0.03853	0.00448	0.00127	0.00245	0.00624	0.08575	0.00388
14	0.00490	0.00331	0.00433	0.00495	0.00536	0.00304	0.00338	0.00560	0.00720	0.04590	0.03722	0.75225	0.08766	0.01073	0.00452	0.00142	0.00210	0.00966	0.00340	0.00308
15	0.00532	0.00404	0.00577	0.00567	0.00616	0.00471	0.00429	0.00635	0.00581	0.00831	0.03044	0.03708	0.01036	0.16414	0.62064	0.00489	0.06663	0.00426	0.00203	0.00309
16	0.00679	0.00639	0.01079	0.86494	0.02477	0.00799	0.00999	0.00919	0.00719	0.00919	0.00639	0.00959	0.00480	0.00360	0.00360	0.00120	0.00480	0.00320	0.00160	0.00400
17	0.00856	0.00519	0.00634	0.00591	0.00724	0.00519	0.00444	0.12686	0.09387	0.17842	0.05191	0.43508	0.01712	0.00795	0.00410	0.00128	0.00259	0.00698	0.02667	0.00432
18	0.42976	0.00793	0.00862	0.03635	0.23169	0.07435	0.00639	0.01039	0.00692	0.01293	0.00604	0.00825	0.00521	0.05879	0.02345	0.00137	0.06259	0.00268	0.00201	0.00428
19	0.00508	0.00352	0.00422	0.00430	0.00449	0.00357	0.00268	0.00539	0.00563	0.00755	0.01321	0.10460	0.05760	0.61180	0.14819	0.00353	0.00423	0.00562	0.00231	0.00246
20	0.02546	0.00472	0.00557	0.00506	0.00615	0.00469	0.00368	0.08167	0.05098	0.14029	0.15866	0.13556	0.01622	0.23702	0.00762	0.00177	0.00271	0.00538	0.10302	0.00378
21	0.02241	0.00818	0.03171	0.05597	0.10579	0.04500	0.04937	0.14387	0.00852	0.03281	0.00750	0.04979	0.00665	0.02857	0.06792	0.00160	0.25068	0.00353	0.00220	0.07794
22	0.01304	0.00998	0.01042	0.00818	0.01092	0.03686	0.00669	0.70551	0.12607	0.02124	0.00934	0.00920	0.00671	0.00437	0.00360	0.00109	0.00389	0.00332	0.00355	0.00600
23	0.00453	0.00354	0.00405	0.00431	0.00512	0.00315	0.00313	0.00543	0.00783	0.00985	0.09367	0.24998	0.45515	0.06605	0.00531	0.00145	0.00210	0.06903	0.00331	0.00300
24	0.00644	0.00537	0.00832	0.18408	0.15224	0.00579	0.02533	0.02798	0.00725	0.00979	0.01123	0.10030	0.01144	0.14333	0.14570	0.00238	0.00479	0.14225	0.00228	0.00373
25	0.00899	0.01084	0.23481	0.00884	0.01164	0.09220	0.10275	0.09519	0.03428	0.09060	0.00847	0.01021	0.00662	0.01003	0.23334	0.00238	0.02853	0.00333	0.00225	0.00472
26	0.01471	0.00763	0.00917	0.00706	0.00983	0.00758	0.00582	0.35012	0.01290	0.48637	0.01274	0.01159	0.03810	0.00457	0.00363	0.00110	0.00338	0.00361	0.00407	0.00601
27	0.03404	0.00699	0.01129	0.61393	0.13103	0.00830	0.02609	0.04828	0.00777	0.03111	0.00664	0.00934	0.00506	0.00370	0.00392	0.00119	0.04195	0.00319	0.00181	0.00438
28	0.00826	0.00914	0.01793	0.11096	0.06292	0.04533	0.60209	0.01089	0.00825	0.01090	0.00814	0.01086	0.03157	0.04059	0.00469	0.00129	0.00560	0.00413	0.00186	0.00460
29	0.00779	0.00408	0.00537	0.00526	0.00624	0.00372	0.00379	0.01880	0.00789	0.23620	0.03787	0.48070	0.06207	0.06371	0.00550	0.03371	0.00247	0.00756	0.00352	0.00374
30	0.00427	0.00362	0.00369	0.00373	0.00489	0.00304	0.00278	0.00518	0.00816	0.00977	0.04955	0.07955	0.79115	0.00920	0.00427	0.00123	0.00183	0.00771	0.00335	0.00304
31	0.00929	0.00830	0.00972	0.00947	0.10805	0.16251	0.09884	0.12232	0.00952	0.07833	0.04412	0.24511	0.01777	0.01777	0.04072	0.00141	0.00425	0.00532	0.00279	0.00440
32	0.00903	0.00797	0.01051	0.00888	0.00964	0.03598	0.02852	0.09037	0.04312	0.06986	0.00667	0.00899	0.00577	0.00739	0.07690	0.00178	0.56888	0.00329	0.00211	0.00435
33	0.39366	0.01020	0.00917	0.03049	0.11426	0.22101	0.04009	0.11931	0.00892	0.01425	0.00596	0.00700	0.00468	0.00354	0.00294	0.00106	0.00423	0.00249	0.00222	0.00452
34	0.04739	0.00870	0.01211	0.03239	0.43958	0.08228	0.00899	0.01044	0.00745	0.01084	0.00626	0.00852	0.00542	0.00420	0.00578	0.00119	0.25078	0.00307	0.04978	0.00482
35	0.00525	0.00394	0.00465	0.00440	0.00549	0.00361	0.00332	0.00711	0.05442	0.03170	0.49435	0.02859	0.32429	0.00778	0.00420	0.00117	0.00183	0.00670	0.00373	0.00345
36	0.00603	0.00566	0.04389	0.07593	0.07333	0.02693	0.06384	0.02742	0.01840	0.00968	0.01390	0.36908	0.03533	0.12297	0.08891	0.00203	0.00397	0.00659	0.00258	0.00354
37	0.00490	0.00363	0.00456	0.00440	0.00527	0.00330	0.00327	0.00638	0.00961	0.01324	0.65023	0.08605	0.17597	0.00793	0.00427	0.00117	0.00175	0.00695	0.00381	0.00330
38	0.01346	0.01634	0.01026	0.00915	0.01112	0.76283	0.00694	0.10804	0.01096	0.01038	0.00591	0.00673	0.00480	0.00378	0.00328	0.00094	0.00620	0.00242	0.00205	0.00439
39	0.40730	0.07113	0.00894	0.03853	0.05575	0.25387	0.02691	0.03179	0.00784	0.01261	0.00571	0.00694	0.00466	0.00472	0.04890	0.00129	0.00456	0.00236	0.00203	0.00417
40	0.00841	0.00903	0.07921	0.02832	0.39480	0.03669	0.14562	0.06196	0.00886	0.01225	0.09072	0.04842	0.02978	0.00426	0.00398	0.00113	0.02528	0.00404	0.00219	0.00502
41	0.00616	0.00517	0.00719	0.01517	0.20394	0.00493	0.00527	0.01268	0.04106	0.01737	0.11593	0.16524	0.20945	0.04809	0.05523	0.00153	0.00312	0.00590	0.00283	0.07374
42	0.00602	0.00468	0.00555	0.00496	0.00638	0.00437	0.03362	0.10093	0.01508	0.03357	0.22158	0.04867	0.47412	0.00785	0.00417	0.00119	0.00225	0.01786	0.00349	0.00363
43	0.14457	0.00834	0.01122	0.11015	0.32561	0.04480	0.04742	0.04269	0.20478	0.01316	0.00835	0.00950	0.00652	0.00372	0.00341	0.00113	0.00394	0.00323	0.00234	0.00514
44	0.01006	0.01043	0.03121	0.00824	0.00984	0.25189	0.02671	0.17438	0.06218	0.01199	0.00936	0.01101	0.06410	0.03691	0.09049	0.00171	0.17929	0.00345	0.00237	0.00441
45	0.14754	0.03766	0.00909	0.02249	0.15031	0.09252	0.02684	0.11871	0.00883	0.01330	0.00890	0.05589	0.03714	0.00428	0.00350	0.00102	0.04047	0.00336	0.12611	0.09205
46	0.18457	0.00966	0.00895	0.00741	0.00964	0.15000	0.01847	0.37082	0.03232	0.04518	0.00816	0.03517	0.00653	0.03297	0.04099	0.00137	0.02076	0.00319	0.00892	0.00492
47	0.00552	0.00470	0.04227	0.00594	0.04196	0.00461	0.00422	0.00639	0.00589	0.00824	0.03219	0.02384	0.03207	0.38890	0.33585	0.00394	0.04382	0.00454	0.00209	0.00299
48	0.00772	0.04469	0.00844	0.02883	0.00900	0.12125	0.09197	0.07451	0.07722	0.02714	0.07795	0.05932	0.30012	0.00655	0.00396	0.00117	0.00342	0.04974	0.00297	0.00402
49	0.00493	0.00329	0.00439	0.00504	0.00540	0.00305	0.00343	0.00564	0.00720	0.04602	0.06119	0.79168	0.02366	0.01078	0.00453	0.00143	0.00211	0.00975	0.00342	0.00308
50	0.00921	0.00928	0.01521	0.07452	0.45749	0.06258	0.21300	0.05620	0.04460	0.01207	0.00723	0.00917	0.00576	0.00335	0.00372	0.00111	0.00481	0.00344	0.00196	0.00530
51	0.00945	0.00879	0.02888	0.05986	0.42157	0.07272	0.02852	0.05430	0.07507	0.05757	0.02119	0.00981	0.00676	0.00361	0.00348	0.00103	0.00408	0.01449	0.00226	0.11656
52	0.65117	0.00792	0.00598	0.00540	0.00737	0.11180	0.00426	0.04589	0.00707	0.01459	0.00638	0.05135	0.00567	0.05822	0.00354	0.00125	0.00329	0.00268	0.00229	0.00387
53	0.00984	0.82912	0.01842	0.00627	0.00934	0.01407	0.00619	0.05539	0.00783	0.00923	0.00520	0.00592	0.00470	0.00314	0.00238	0.00079	0.00385	0.00199	0.00165	0.00470
54	0.00528	0.00404	0.00480	0.00512	0.02706	0.00397	0.00343	0.02763	0.06614	0.00969	0.03902	0.27868	0.23389	0.21448	0.05849	0.00209	0.00295	0.00711	0.00298	0.00315
55	0.00466	0.00363	0.00423	0.00414	0.00512	0.00320	0.00308	0.00593	0.00907	0.01193	0.42228	0.07730	0.41576	0.00839	0.00427	0.00119	0.00178	0.00722	0.00363	0.00320
56	0.00862	0.03621	0.44925	0.01058	0.07282	0.00885	0.09081	0.13508	0.08975	0.01347	0.00786	0.00881	0.00578	0.00366	0.00349	0.00112	0.00468	0.00308	0.04071	0.00535
57	0.00472	0.00346	0.00395	0.00419	0.00464	0.00322	0.00274	0.00521	0.00665	0.00849	0.02142	0.24863	0.27171	0.36233	0.01009	0.00222	0.00261	0.02819	0.00287	0.00266

[dist]
# distance from previous block
# <min> <max>
1	483

[block]
# block no. 6 follows, 77 sequences, length 9
# corresponding to MSA columns:
# 720-728
name=unknown_G
#
# <colnr> <probs for GDERKNQSTAVLIFYWHMCP>
#	G	D	E	R	K	N	Q	S	T	A	V	L	I	F	Y	W	H	M	C	P
0	0.00828	0.00952	0.12050	0.20553	0.17342	0.12844	0.02619	0.02955	0.02602	0.03211	0.01013	0.03733	0.06282	0.03240	0.03631	0.00140	0.00471	0.04874	0.00212	0.00446
1	0.01169	0.04056	0.01100	0.04764	0.10984	0.00842	0.07437	0.30262	0.03870	0.20327	0.00981	0.01131	0.00746	0.10074	0.00524	0.00136	0.00391	0.00360	0.00311	0.00536
2	0.05567	0.01103	0.05583	0.22029	0.12218	0.24701	0.04485	0.10339	0.06576	0.01186	0.00695	0.00846	0.00540	0.00375	0.00362	0.00110	0.02310	0.00297	0.00209	0.00471
3	0.00475	0.00373	0.00480	0.00544	0.04256	0.00353	0.00374	0.00574	0.00745	0.00968	0.06732	0.32612	0.31040	0.01246	0.14373	0.00205	0.00334	0.03689	0.00307	0.00317
4	0.00667	0.06181	0.02862	0.06433	0.16419	0.02872	0.00577	0.00798	0.00782	0.04780	0.09682	0.32818	0.07629	0.03891	0.00453	0.00132	0.00304	0.02051	0.00280	0.00389
5	0.01013	0.00890	0.02999	0.06322	0.35181	0.09594	0.03654	0.10918	0.03923	0.10707	0.00935	0.01101	0.03732	0.04904	0.02447	0.00132	0.00439	0.00350	0.00244	0.00516
6	0.00992	0.00820	0.01126	0.28972	0.09371	0.04762	0.06785	0.25243	0.01063	0.06869	0.05232	0.01029	0.00723	0.00472	0.02818	0.00127	0.02503	0.00347	0.00255	0.00493
7	0.00785	0.03223	0.03014	0.07642	0.05793	0.17497	0.02862	0.00998	0.08141	0.00983	0.01060	0.08803	0.03535	0.07803	0.15750	0.00212	0.00516	0.04075	0.00227	0.07080
8	0.00689	0.00597	0.00869	0.03120	0.28758	0.00628	0.00653	0.00890	0.07549	0.01034	0.01352	0.07384	0.10948	0.15365	0.03911	0.00179	0.06833	0.06657	0.02173	0.00411

[dist]
# distance from previous block
# <min> <max>
1	247

[block]
# block no. 7 follows, 77 sequences, length 13
# corresponding to MSA columns:
# 976-988
name=unknown_H
#
# <colnr> <probs for GDERKNQSTAVLIFYWHMCP>
#	G	D	E	R	K	N	Q	S	T	A	V	L	I	F	Y	W	H	M	C	P
0	0.00765	0.00663	0.00792	0.05720	0.04481	0.08884	0.00566	0.06363	0.00687	0.00908	0.00797	0.08953	0.00808	0.10098	0.05846	0.20829	0.21911	0.00398	0.00199	0.00332
1	0.00465	0.00342	0.00395	0.00421	0.00467	0.00316	0.00276	0.00519	0.00683	0.00876	0.04747	0.30418	0.27125	0.30253	0.00912	0.00206	0.00247	0.00762	0.00297	0.00272
2	0.00712	0.00730	0.08036	0.01014	0.09264	0.00643	0.23580	0.00907	0.00758	0.05289	0.04546	0.09687	0.07454	0.04381	0.17666	0.00223	0.03980	0.00483	0.00230	0.00418
3	0.00675	0.00585	0.00643	0.00685	0.08793	0.04244	0.00451	0.02634	0.22554	0.01122	0.06565	0.04328	0.26545	0.17803	0.00676	0.00164	0.00290	0.00548	0.00302	0.00394
4	0.01100	0.21214	0.01262	0.17841	0.06210	0.36454	0.00759	0.09190	0.00947	0.01031	0.00596	0.00728	0.00487	0.00357	0.00315	0.00097	0.00517	0.00254	0.00189	0.00452
5	0.00573	0.00464	0.00677	0.00683	0.04161	0.00558	0.00505	0.00684	0.00578	0.00840	0.00892	0.01392	0.00861	0.11097	0.60376	0.00469	0.14283	0.00386	0.00189	0.00332
6	0.00954	0.01008	0.09314	0.22310	0.27886	0.10442	0.00942	0.16521	0.00971	0.01282	0.00695	0.00868	0.00539	0.00359	0.00348	0.00108	0.00460	0.00303	0.02039	0.02651
7	0.00878	0.00888	0.00826	0.08631	0.06481	0.21880	0.00606	0.04810	0.23518	0.01158	0.02838	0.13361	0.11467	0.00580	0.00375	0.00116	0.00382	0.00480	0.00282	0.00442
8	0.00517	0.00381	0.00480	0.00517	0.00577	0.00374	0.00371	0.05958	0.00762	0.01005	0.01991	0.52074	0.13584	0.04492	0.10056	0.00197	0.00314	0.05716	0.00315	0.00317
9	0.00983	0.00965	0.04585	0.18145	0.13328	0.05860	0.21909	0.22891	0.05246	0.01404	0.00763	0.00921	0.00573	0.00365	0.00373	0.00114	0.00484	0.00345	0.00232	0.00515
10	0.00588	0.00490	0.00615	0.08485	0.09707	0.00497	0.00452	0.00801	0.11454	0.00993	0.04300	0.02355	0.31757	0.25045	0.00799	0.00184	0.00295	0.00558	0.00275	0.00352
11	0.00558	0.00444	0.00597	0.00725	0.13768	0.00413	0.00458	0.00681	0.00816	0.03409	0.12434	0.17088	0.35739	0.00916	0.04717	0.00148	0.00276	0.06142	0.00313	0.00359
12	0.00530	0.00405	0.00548	0.17454	0.00859	0.00431	0.00419	0.00613	0.00642	0.00847	0.05293	0.17223	0.08002	0.37963	0.07030	0.00255	0.00371	0.00587	0.00243	0.00287

[dist]
# distance from previous block
# <min> <max>
0	125

[block]
# block no. 8 follows, 77 sequences, length 6
# corresponding to MSA columns:
# 1114-1119
name=unknown_I
#
# <colnr> <probs for GDERKNQSTAVLIFYWHMCP>
#	G	D	E	R	K	N	Q	S	T	A	V	L	I	F	Y	W	H	M	C	P
0	0.13645	0.05215	0.05988	0.00702	0.00933	0.17468	0.00592	0.23695	0.01081	0.08164	0.06985	0.05083	0.04074	0.00468	0.00333	0.00106	0.00386	0.00354	0.04259	0.00471
1	0.00910	0.27938	0.09390	0.04510	0.09076	0.09454	0.00717	0.09238	0.06663	0.01089	0.00740	0.00930	0.00632	0.04846	0.12228	0.00175	0.00506	0.00291	0.00203	0.00463
2	0.00632	0.00484	0.00598	0.00541	0.00667	0.00473	0.03987	0.07499	0.09401	0.03598	0.25013	0.13776	0.24222	0.06843	0.00515	0.00137	0.00243	0.00651	0.00345	0.00374
3	0.03831	0.08633	0.06956	0.02523	0.16070	0.15121	0.03129	0.13516	0.04763	0.01267	0.00749	0.00884	0.00601	0.00461	0.02969	0.00119	0.07013	0.00297	0.10618	0.00479
4	0.00943	0.08435	0.03257	0.00694	0.00868	0.16875	0.00561	0.06408	0.12512	0.09569	0.05751	0.10623	0.02972	0.04284	0.06999	0.00158	0.04556	0.02092	0.00279	0.02163
5	0.00975	0.08623	0.00976	0.00798	0.09047	0.03435	0.00582	0.24537	0.04983	0.05156	0.00977	0.02845	0.04654	0.05438	0.04591	0.00131	0.00377	0.00338	0.00270	0.21268

[dist]
# distance from previous block
# <min> <max>
0	31

[block]
# block no. 9 follows, 77 sequences, length 7
# corresponding to MSA columns:
# 1151-1157
name=unknown_J
#
# <colnr> <probs for GDERKNQSTAVLIFYWHMCP>
#	G	D	E	R	K	N	Q	S	T	A	V	L	I	F	Y	W	H	M	C	P
0	0.00844	0.00893	0.09097	0.00756	0.04922	0.14228	0.00610	0.08348	0.12725	0.02862	0.11742	0.05383	0.10831	0.01890	0.00397	0.00115	0.00357	0.06071	0.00290	0.07638
1	0.00828	0.03200	0.00789	0.09141	0.04396	0.07224	0.00571	0.16955	0.00978	0.05192	0.06452	0.11517	0.12143	0.03134	0.05411	0.00155	0.00382	0.10823	0.00296	0.00415
2	0.00519	0.00366	0.00479	0.00479	0.00509	0.00396	0.00326	0.00579	0.00549	0.00762	0.01054	0.01914	0.01117	0.47786	0.41142	0.00456	0.00636	0.00459	0.00206	0.00266
3	0.00918	0.05224	0.00857	0.00665	0.00903	0.20694	0.00519	0.07067	0.08419	0.01165	0.00867	0.11285	0.00794	0.00430	0.00317	0.00085	0.00366	0.00340	0.00243	0.38840
4	0.00535	0.00384	0.00467	0.00461	0.00472	0.00409	0.00295	0.00564	0.00571	0.00781	0.05648	0.10534	0.01434	0.62405	0.06356	0.00314	0.07332	0.00554	0.00233	0.00252
5	0.00750	0.03405	0.00846	0.23547	0.03519	0.16520	0.00643	0.00866	0.00707	0.00861	0.00846	0.09564	0.00821	0.07454	0.17888	0.06222	0.04599	0.00396	0.00193	0.00353
6	0.00757	0.02533	0.03188	0.00578	0.00697	0.08848	0.00443	0.04971	0.00855	0.11528	0.13026	0.34371	0.06373	0.05802	0.04191	0.00156	0.00321	0.00665	0.00321	0.00375

[dist]
# distance from previous block
# <min> <max>
0	1

[block]
# block no. 10 follows, 77 sequences, length 10
# corresponding to MSA columns:
# 1159-1168
name=unknown_K
#
# <colnr> <probs for GDERKNQSTAVLIFYWHMCP>
#	G	D	E	R	K	N	Q	S	T	A	V	L	I	F	Y	W	H	M	C	P
0	0.01156	0.19263	0.05126	0.00907	0.04717	0.44281	0.04016	0.09683	0.00975	0.01041	0.00623	0.00774	0.00530	0.04963	0.00395	0.00107	0.00536	0.00261	0.00196	0.00450
1	0.00498	0.00381	0.00462	0.00519	0.02507	0.02326	0.00345	0.00576	0.00736	0.00971	0.13560	0.46381	0.09941	0.15262	0.00674	0.00171	0.00244	0.03832	0.00316	0.00298
2	0.00965	0.29362	0.08213	0.04838	0.26409	0.14379	0.04442	0.03434	0.00833	0.01029	0.00610	0.00758	0.00513	0.00385	0.02311	0.00108	0.00478	0.00266	0.00174	0.00492
3	0.00905	0.03226	0.24426	0.02757	0.09685	0.09828	0.00837	0.17595	0.03978	0.01314	0.01016	0.07733	0.05842	0.00478	0.00388	0.00112	0.04058	0.00379	0.04956	0.00487
4	0.05585	0.00467	0.00590	0.05416	0.02517	0.00453	0.00427	0.02573	0.01933	0.16597	0.20790	0.10707	0.19340	0.04185	0.04999	0.01840	0.00288	0.00572	0.00335	0.00387
5	0.00515	0.05153	0.00546	0.04438	0.00656	0.00434	0.00379	0.00684	0.07616	0.01014	0.07657	0.37300	0.30499	0.00895	0.00421	0.00129	0.00225	0.00780	0.00323	0.00336
6	0.00779	0.00663	0.05438	0.09282	0.18326	0.03451	0.00648	0.00976	0.09238	0.06555	0.05272	0.04759	0.07892	0.00665	0.00597	0.19962	0.00344	0.00406	0.04345	0.00401
7	0.00968	0.05860	0.00839	0.05196	0.00902	0.12651	0.00531	0.20401	0.00971	0.09115	0.03763	0.01372	0.03400	0.17625	0.14614	0.00229	0.00496	0.00379	0.00266	0.00423
8	0.00747	0.00526	0.00641	0.00589	0.00701	0.00562	0.00445	0.21024	0.00896	0.04464	0.01332	0.18892	0.05753	0.13312	0.28094	0.00301	0.00519	0.00538	0.00283	0.00383
9	0.00879	0.00902	0.04589	0.14652	0.47838	0.06828	0.05484	0.05760	0.00853	0.01152	0.00738	0.00953	0.01905	0.00484	0.05330	0.00137	0.00490	0.00329	0.00189	0.00511

[dist]
# distance from previous block
# <min> <max>
0	4

# created by:
# /share/home/app/bin/augustus-3.3.1/scripts/msa2prfl.pl /dev/shm/tmp/ogap_db/mt-Sar/msas/rps4.aln --setname=rps4
