[name]
rps7-41

[dist]
# distance from previous block
# <min> <max>
0	15

[block]
# block no. 0 follows, 19 sequences, length 73
# corresponding to MSA columns:
# 15-87
name=unknown_A
#
# <colnr> <probs for GDERKNQSTAVLIFYWHMCP>
#	G	D	E	R	K	N	Q	S	T	A	V	L	I	F	Y	W	H	M	C	P
0	0.01442	0.01030	0.01442	0.01648	0.01854	0.01030	0.01442	0.01854	0.02060	0.02677	0.04737	0.10092	0.05149	0.02471	0.01236	0.00412	0.00824	0.56956	0.00824	0.00824
1	0.01794	0.04628	0.63923	0.02550	0.03872	0.02078	0.03305	0.02833	0.01889	0.02833	0.01606	0.01889	0.01133	0.00850	0.00850	0.00283	0.01322	0.00661	0.00378	0.01322
2	0.01090	0.00779	0.01038	0.01246	0.01298	0.00727	0.00830	0.01246	0.01713	0.02284	0.04931	0.67975	0.05917	0.02803	0.01142	0.00363	0.00519	0.02543	0.00830	0.00727
3	0.02553	0.02768	0.03302	0.04535	0.44903	0.20990	0.02440	0.02994	0.02187	0.02703	0.01593	0.02034	0.01338	0.00835	0.00862	0.00255	0.01228	0.00731	0.00448	0.01303
4	0.01788	0.11944	0.02117	0.01595	0.01897	0.11997	0.01282	0.02088	0.01677	0.02100	0.02053	0.02883	0.01891	0.04846	0.44571	0.01048	0.02047	0.00822	0.00461	0.00892
5	0.01895	0.03924	0.45285	0.02938	0.04128	0.02136	0.21238	0.02844	0.01960	0.02844	0.01670	0.02056	0.01205	0.00820	0.00915	0.00289	0.01381	0.00787	0.00402	0.01285
6	0.02286	0.04512	0.44413	0.02472	0.03521	0.22065	0.02804	0.03068	0.02094	0.02629	0.01535	0.01801	0.01139	0.00873	0.00836	0.00267	0.01415	0.00634	0.00404	0.01232
7	0.02048	0.01922	0.01822	0.01682	0.01974	0.15920	0.01288	0.10168	0.02063	0.02569	0.02167	0.03095	0.01978	0.10034	0.36084	0.00949	0.01886	0.00880	0.00539	0.00932
8	0.01947	0.01889	0.02966	0.11926	0.33403	0.04959	0.06477	0.02422	0.02012	0.02687	0.02810	0.08559	0.07469	0.01228	0.00957	0.00293	0.01025	0.05269	0.00533	0.01170
9	0.01057	0.00906	0.00906	0.00906	0.01208	0.00755	0.00680	0.01284	0.02039	0.02417	0.09063	0.08610	0.62615	0.02266	0.01057	0.00302	0.00453	0.01888	0.00831	0.00755
10	0.02098	0.02007	0.03421	0.18983	0.50394	0.02095	0.02688	0.02644	0.01982	0.02782	0.01662	0.02252	0.01367	0.00819	0.00888	0.00273	0.01092	0.00797	0.00433	0.01323
11	0.02573	0.02805	0.03283	0.04479	0.43841	0.22098	0.02422	0.03008	0.02195	0.02690	0.01588	0.02023	0.01333	0.00837	0.00861	0.00255	0.01238	0.00727	0.00449	0.01296
12	0.01572	0.01270	0.01357	0.01377	0.01596	0.04841	0.00992	0.10392	0.02197	0.02814	0.04975	0.44196	0.14293	0.02338	0.01070	0.00331	0.00644	0.02053	0.00819	0.00872
13	0.01301	0.00867	0.00976	0.00976	0.00976	0.00867	0.00542	0.01301	0.01301	0.01735	0.02819	0.05855	0.03253	0.68559	0.04554	0.00867	0.00867	0.01301	0.00542	0.00542
14	0.01076	0.00907	0.00932	0.00926	0.01220	0.00763	0.00694	0.01320	0.02083	0.02521	0.13834	0.08438	0.57779	0.02227	0.01057	0.00300	0.00450	0.01864	0.00845	0.00763
15	0.02984	0.03584	0.02884	0.03318	0.21902	0.44995	0.02052	0.03310	0.02377	0.02423	0.01478	0.01804	0.01237	0.00882	0.00832	0.00242	0.01438	0.00646	0.00455	0.01158
16	0.01395	0.01003	0.01384	0.01581	0.01778	0.00992	0.01356	0.01776	0.02028	0.02632	0.04934	0.15115	0.07610	0.02492	0.01220	0.00403	0.00782	0.49882	0.00825	0.00812
17	0.01090	0.00779	0.01038	0.01246	0.01298	0.00727	0.00830	0.01246	0.01713	0.02284	0.04931	0.67975	0.05917	0.02803	0.01142	0.00363	0.00519	0.02543	0.00830	0.00727
18	0.01090	0.00779	0.01038	0.01246	0.01298	0.00727	0.00830	0.01246	0.01713	0.02284	0.04931	0.67975	0.05917	0.02803	0.01142	0.00363	0.00519	0.02543	0.00830	0.00727
19	0.02183	0.02094	0.03575	0.09091	0.59621	0.02118	0.02730	0.02719	0.02022	0.02885	0.01677	0.02224	0.01404	0.00803	0.00886	0.00268	0.01071	0.00797	0.00440	0.01392
20	0.02157	0.02067	0.03527	0.12179	0.56740	0.02111	0.02717	0.02695	0.02010	0.02853	0.01673	0.02233	0.01392	0.00808	0.00887	0.00269	0.01077	0.00797	0.00438	0.01371
21	0.74878	0.01730	0.01315	0.01177	0.01730	0.02007	0.00969	0.02630	0.01523	0.04014	0.01246	0.01453	0.00969	0.00830	0.00554	0.00277	0.00692	0.00484	0.00554	0.00969
22	0.14173	0.02061	0.03250	0.04781	0.52898	0.02106	0.02453	0.02727	0.01952	0.03102	0.01611	0.02089	0.01343	0.00803	0.00831	0.00268	0.01002	0.00746	0.00461	0.01343
23	0.02214	0.02126	0.03631	0.05491	0.62978	0.02126	0.02746	0.02746	0.02037	0.02923	0.01683	0.02214	0.01417	0.00797	0.00886	0.00266	0.01063	0.00797	0.00443	0.01417
24	0.02487	0.02308	0.02111	0.01856	0.02369	0.12506	0.01446	0.12720	0.37710	0.03661	0.03517	0.03335	0.07547	0.01237	0.00904	0.00286	0.00877	0.00985	0.00827	0.01312
25	0.01839	0.01507	0.01311	0.03921	0.01682	0.10414	0.00957	0.06009	0.02180	0.02988	0.04537	0.04638	0.21198	0.01409	0.00819	0.00249	0.00676	0.01128	0.31647	0.00892
26	0.03596	0.02193	0.02491	0.01910	0.02618	0.02311	0.01578	0.42313	0.03683	0.24059	0.02587	0.02433	0.01742	0.01085	0.00896	0.00271	0.00914	0.00835	0.00962	0.01522
27	0.01794	0.04628	0.63923	0.02550	0.03872	0.02078	0.03305	0.02833	0.01889	0.02833	0.01606	0.01889	0.01133	0.00850	0.00850	0.00283	0.01322	0.00661	0.00378	0.01322
28	0.03162	0.03758	0.02461	0.02208	0.02694	0.50397	0.01675	0.07617	0.12331	0.02680	0.01807	0.01934	0.01437	0.00980	0.00830	0.00245	0.01421	0.00663	0.00565	0.01133
29	0.01068	0.00866	0.00948	0.01014	0.01237	0.00746	0.00728	0.01272	0.01935	0.02375	0.07750	0.27477	0.44595	0.02436	0.01084	0.00322	0.00474	0.02096	0.00831	0.00746
30	0.01294	0.00896	0.01123	0.01123	0.01173	0.00947	0.00725	0.01395	0.01344	0.01843	0.02685	0.05111	0.02930	0.48902	0.23769	0.01049	0.01353	0.01192	0.00522	0.00624
31	0.02388	0.02510	0.03185	0.04401	0.43737	0.16398	0.02368	0.02832	0.02097	0.02680	0.01678	0.02193	0.01430	0.01353	0.06592	0.00362	0.01308	0.00761	0.00450	0.01275
32	0.03238	0.04068	0.02636	0.02597	0.08291	0.59201	0.01822	0.03497	0.02490	0.02257	0.01410	0.01669	0.01177	0.00910	0.00814	0.00234	0.01563	0.00596	0.00459	0.01072
33	0.01072	0.00907	0.00926	0.00921	0.01217	0.00761	0.00691	0.01312	0.02073	0.02497	0.12710	0.08478	0.58918	0.02236	0.01057	0.00301	0.00451	0.01870	0.00841	0.00761
34	0.01090	0.00779	0.01038	0.01246	0.01298	0.00727	0.00830	0.01246	0.01713	0.02284	0.04931	0.67975	0.05917	0.02803	0.01142	0.00363	0.00519	0.02543	0.00830	0.00727
35	0.01057	0.00906	0.00906	0.00906	0.01208	0.00755	0.00680	0.01284	0.02039	0.02417	0.09063	0.08610	0.62615	0.02266	0.01057	0.00302	0.00453	0.01888	0.00831	0.00755
36	0.02806	0.04286	0.22025	0.02363	0.03100	0.42486	0.02217	0.03384	0.04668	0.02456	0.01543	0.01769	0.01209	0.00911	0.00825	0.00250	0.01485	0.00620	0.00452	0.01143
37	0.01087	0.00790	0.01027	0.01216	0.01290	0.00729	0.00817	0.01249	0.01742	0.02296	0.05294	0.62759	0.10898	0.02756	0.01134	0.00358	0.00513	0.02486	0.00831	0.00729
38	0.01949	0.01822	0.03059	0.14128	0.44120	0.01874	0.02390	0.02428	0.01946	0.02720	0.02203	0.13063	0.02123	0.01142	0.00929	0.00287	0.00993	0.01084	0.00500	0.01239
39	0.02215	0.02115	0.03551	0.05307	0.59932	0.02131	0.02679	0.02847	0.05016	0.02964	0.01781	0.02271	0.01483	0.00818	0.00887	0.00268	0.01045	0.00808	0.00466	0.01417
40	0.02029	0.01807	0.02356	0.02840	0.21413	0.01939	0.01719	0.03527	0.32009	0.03327	0.07628	0.03785	0.09248	0.01238	0.00928	0.00290	0.00773	0.01081	0.00758	0.01305
41	0.02225	0.01922	0.02023	0.01821	0.02326	0.02225	0.01416	0.04754	0.61361	0.03742	0.03641	0.03338	0.02731	0.01214	0.00910	0.00303	0.00708	0.01011	0.00910	0.01416
42	0.02214	0.02126	0.03631	0.05491	0.62978	0.02126	0.02746	0.02746	0.02037	0.02923	0.01683	0.02214	0.01417	0.00797	0.00886	0.00266	0.01063	0.00797	0.00443	0.01417
43	0.02112	0.02413	0.05279	0.03771	0.04676	0.02262	0.59729	0.02866	0.02112	0.02866	0.01810	0.02413	0.01357	0.00754	0.01056	0.00302	0.01508	0.01056	0.00452	0.01207
44	0.02214	0.02126	0.03631	0.05491	0.62978	0.02126	0.02746	0.02746	0.02037	0.02923	0.01683	0.02214	0.01417	0.00797	0.00886	0.00266	0.01063	0.00797	0.00443	0.01417
45	0.01855	0.01590	0.01855	0.01325	0.02120	0.01193	0.01060	0.02253	0.01855	0.02915	0.01590	0.01855	0.01325	0.00663	0.00663	0.00133	0.00663	0.00530	0.00530	0.74028
46	0.02418	0.02892	0.01885	0.01764	0.02141	0.38916	0.01315	0.02641	0.02308	0.02271	0.04173	0.09122	0.21625	0.01509	0.00915	0.00264	0.01148	0.01160	0.00611	0.00921
47	0.01301	0.00867	0.00976	0.00976	0.00976	0.00867	0.00542	0.01301	0.01301	0.01735	0.02819	0.05855	0.03253	0.68559	0.04554	0.00867	0.00867	0.01301	0.00542	0.00542
48	0.01076	0.00907	0.00932	0.00926	0.01220	0.00763	0.00694	0.01319	0.02083	0.02520	0.13758	0.08441	0.57856	0.02227	0.01057	0.00300	0.00450	0.01864	0.00844	0.00763
49	0.01090	0.00779	0.01038	0.01246	0.01298	0.00727	0.00830	0.01246	0.01713	0.02284	0.04931	0.67975	0.05917	0.02803	0.01142	0.00363	0.00519	0.02543	0.00830	0.00727
50	0.01428	0.01037	0.01148	0.01111	0.01279	0.01017	0.00764	0.06502	0.01836	0.02358	0.04727	0.06700	0.20345	0.37662	0.02930	0.00611	0.00755	0.06395	0.00681	0.00715
51	0.02214	0.02126	0.03631	0.05491	0.62978	0.02126	0.02746	0.02746	0.02037	0.02923	0.01683	0.02214	0.01417	0.00797	0.00886	0.00266	0.01063	0.00797	0.00443	0.01417
52	0.03133	0.01980	0.02219	0.01780	0.02397	0.02114	0.01445	0.28380	0.16653	0.19485	0.02902	0.02748	0.02039	0.01111	0.00876	0.00273	0.00816	0.00879	0.07332	0.01437
53	0.01057	0.00906	0.00906	0.00906	0.01208	0.00755	0.00680	0.01284	0.02039	0.02417	0.09063	0.08610	0.62615	0.02266	0.01057	0.00302	0.00453	0.01888	0.00831	0.00755
54	0.02302	0.54842	0.08496	0.01906	0.05994	0.03286	0.01761	0.02647	0.01796	0.02207	0.01288	0.01558	0.01165	0.00843	0.00819	0.00220	0.06783	0.00536	0.00387	0.01161
55	0.02992	0.03749	0.02286	0.02090	0.02527	0.55127	0.01568	0.03222	0.02459	0.02224	0.02560	0.02686	0.10571	0.01128	0.00845	0.00241	0.01436	0.00777	0.00518	0.00994
56	0.01090	0.00779	0.01038	0.01246	0.01298	0.00727	0.00830	0.01246	0.01713	0.02284	0.04931	0.67975	0.05917	0.02803	0.01142	0.00363	0.00519	0.02543	0.00830	0.00727
57	0.01934	0.01189	0.01482	0.01422	0.01695	0.01164	0.01049	0.11431	0.02325	0.12346	0.09316	0.41806	0.04848	0.02173	0.01057	0.00327	0.00624	0.01924	0.00897	0.00990
58	0.01855	0.01590	0.01855	0.01325	0.02120	0.01193	0.01060	0.02253	0.01855	0.02915	0.01590	0.01855	0.01325	0.00663	0.00663	0.00133	0.00663	0.00530	0.00530	0.74028
59	0.02216	0.02092	0.03367	0.04887	0.52996	0.02142	0.02527	0.03076	0.11801	0.03058	0.02005	0.02399	0.01633	0.00866	0.00890	0.00272	0.01004	0.00832	0.00520	0.01417
60	0.01090	0.00779	0.01038	0.01246	0.01298	0.00727	0.00830	0.01246	0.01713	0.02284	0.04931	0.67975	0.05917	0.02803	0.01142	0.00363	0.00519	0.02543	0.00830	0.00727
61	0.02214	0.02126	0.03631	0.05491	0.62978	0.02126	0.02746	0.02746	0.02037	0.02923	0.01683	0.02214	0.01417	0.00797	0.00886	0.00266	0.01063	0.00797	0.00443	0.01417
62	0.02904	0.01359	0.01765	0.01520	0.01993	0.01264	0.01185	0.05556	0.07521	0.36611	0.03931	0.23672	0.03410	0.01654	0.00977	0.00306	0.00688	0.01428	0.00994	0.01260
63	0.01057	0.00906	0.00906	0.00906	0.01208	0.00755	0.00680	0.01284	0.02039	0.02417	0.09063	0.08610	0.62615	0.02266	0.01057	0.00302	0.00453	0.01888	0.00831	0.00755
64	0.03382	0.03065	0.02637	0.02137	0.02772	0.22541	0.01709	0.42062	0.03675	0.04542	0.01905	0.01978	0.01404	0.01026	0.00867	0.00256	0.01184	0.00733	0.00757	0.01368
65	0.01127	0.00898	0.01010	0.01006	0.01257	0.00781	0.00745	0.01409	0.02167	0.02777	0.25685	0.13213	0.40416	0.02174	0.01064	0.00301	0.00449	0.01860	0.00880	0.00781
66	0.01855	0.01590	0.01855	0.01325	0.02120	0.01193	0.01060	0.02253	0.01855	0.02915	0.01590	0.01855	0.01325	0.00663	0.00663	0.00133	0.00663	0.00530	0.00530	0.74028
67	0.02648	0.03198	0.02062	0.01894	0.02290	0.44573	0.01420	0.02907	0.02453	0.02441	0.12014	0.03542	0.12385	0.01282	0.00886	0.00250	0.01240	0.00952	0.00602	0.00961
68	0.02582	0.02416	0.03387	0.04350	0.41385	0.07890	0.04818	0.15909	0.02581	0.03476	0.01768	0.02154	0.01415	0.00870	0.00888	0.00265	0.01113	0.00790	0.00548	0.01398
69	0.02178	0.02089	0.03567	0.09648	0.59101	0.02116	0.02728	0.02714	0.02020	0.02879	0.01677	0.02226	0.01402	0.00804	0.00886	0.00268	0.01072	0.00797	0.00440	0.01388
70	0.01767	0.01669	0.02823	0.57457	0.14510	0.02008	0.02523	0.02353	0.01825	0.02379	0.01604	0.02360	0.01226	0.00880	0.00893	0.00293	0.01174	0.00795	0.00404	0.01056
71	0.09066	0.02939	0.02760	0.12936	0.19710	0.28830	0.02056	0.06399	0.02294	0.02770	0.01530	0.01915	0.01237	0.00884	0.00825	0.00257	0.01280	0.00676	0.00480	0.01157
72	0.02216	0.02086	0.03318	0.04776	0.51157	0.02145	0.02487	0.03137	0.13599	0.03083	0.02065	0.02433	0.01673	0.00878	0.00891	0.00273	0.00994	0.00839	0.00534	0.01417

[dist]
# distance from previous block
# <min> <max>
0	1

[block]
# block no. 1 follows, 19 sequences, length 27
# corresponding to MSA columns:
# 89-115
name=unknown_B
#
# <colnr> <probs for GDERKNQSTAVLIFYWHMCP>
#	G	D	E	R	K	N	Q	S	T	A	V	L	I	F	Y	W	H	M	C	P
0	0.02369	0.02373	0.03274	0.14024	0.42099	0.11110	0.02497	0.06321	0.02204	0.02889	0.01655	0.02150	0.01352	0.00847	0.00876	0.00266	0.01156	0.00766	0.00466	0.01305
1	0.02175	0.02086	0.03560	0.10054	0.58722	0.02115	0.02726	0.02711	0.02019	0.02875	0.01676	0.02227	0.01400	0.00804	0.00886	0.00268	0.01073	0.00797	0.00439	0.01385
2	0.02214	0.02126	0.03631	0.05491	0.62978	0.02126	0.02746	0.02746	0.02037	0.02923	0.01683	0.02214	0.01417	0.00797	0.00886	0.00266	0.01063	0.00797	0.00443	0.01417
3	0.02177	0.02087	0.03564	0.09848	0.58914	0.02116	0.02727	0.02713	0.02019	0.02877	0.01676	0.02226	0.01401	0.00804	0.00886	0.00268	0.01072	0.00797	0.00440	0.01387
4	0.02772	0.43621	0.03884	0.01781	0.02480	0.14906	0.01602	0.14310	0.02430	0.02827	0.01451	0.01611	0.01224	0.00856	0.00682	0.00214	0.01085	0.00562	0.00500	0.01202
5	0.01733	0.01619	0.02643	0.42663	0.13760	0.01942	0.02271	0.02237	0.01810	0.02426	0.04528	0.07419	0.01902	0.01135	0.01134	0.00307	0.08018	0.00962	0.00462	0.01029
6	0.01278	0.00959	0.01438	0.01438	0.01598	0.01118	0.01118	0.01598	0.01438	0.02077	0.02396	0.03515	0.02237	0.06710	0.65013	0.01438	0.02396	0.00959	0.00479	0.00799
7	0.01301	0.00867	0.00976	0.00976	0.00976	0.00867	0.00542	0.01301	0.01301	0.01735	0.02819	0.05855	0.03253	0.68559	0.04554	0.00867	0.00867	0.01301	0.00542	0.00542
8	0.01090	0.00779	0.01038	0.01246	0.01298	0.00727	0.00830	0.01246	0.01713	0.02284	0.04931	0.67975	0.05917	0.02803	0.01142	0.00363	0.00519	0.02543	0.00830	0.00727
9	0.01365	0.01005	0.01335	0.01499	0.01725	0.00975	0.01289	0.01740	0.02055	0.02625	0.05602	0.09795	0.16642	0.02430	0.01200	0.00390	0.00750	0.45942	0.00825	0.00810
10	0.01189	0.00820	0.01009	0.01119	0.01146	0.00793	0.00695	0.01272	0.01519	0.02025	0.03937	0.38746	0.04663	0.33742	0.02747	0.00600	0.00683	0.01959	0.00695	0.00640
11	0.01132	0.00796	0.01026	0.01192	0.01233	0.00755	0.00773	0.01257	0.01630	0.02174	0.04509	0.55551	0.05384	0.15954	0.01824	0.00464	0.00589	0.02295	0.00773	0.00690
12	0.03048	0.08473	0.02908	0.02887	0.14775	0.48005	0.01918	0.03343	0.02384	0.02330	0.01433	0.01721	0.01205	0.00886	0.00806	0.00235	0.01456	0.00613	0.00452	0.01121
13	0.01942	0.03749	0.42760	0.03582	0.24619	0.02095	0.03109	0.02803	0.01941	0.02865	0.01633	0.02003	0.01233	0.00831	0.00863	0.00277	0.01231	0.00709	0.00401	0.01356
14	0.02253	0.28850	0.29564	0.02312	0.06769	0.11038	0.02388	0.02868	0.01957	0.02477	0.01443	0.01700	0.01159	0.00824	0.00742	0.00240	0.01207	0.00589	0.00395	0.01224
15	0.02214	0.02126	0.03631	0.05491	0.62978	0.02126	0.02746	0.02746	0.02037	0.02923	0.01683	0.02214	0.01417	0.00797	0.00886	0.00266	0.01063	0.00797	0.00443	0.01417
16	0.02112	0.02413	0.05279	0.03771	0.04676	0.02262	0.59729	0.02866	0.02112	0.02866	0.01810	0.02413	0.01357	0.00754	0.01056	0.00302	0.01508	0.01056	0.00452	0.01207
17	0.01075	0.00907	0.00931	0.00925	0.01219	0.00763	0.00694	0.01318	0.02081	0.02516	0.13590	0.08447	0.58026	0.02229	0.01057	0.00300	0.00451	0.01865	0.00844	0.00763
18	0.02214	0.02126	0.03631	0.05491	0.62978	0.02126	0.02746	0.02746	0.02037	0.02923	0.01683	0.02214	0.01417	0.00797	0.00886	0.00266	0.01063	0.00797	0.00443	0.01417
19	0.02467	0.12651	0.03451	0.03981	0.37229	0.14915	0.02259	0.03051	0.06547	0.02714	0.01703	0.02061	0.01422	0.00849	0.00825	0.00250	0.01130	0.00721	0.00472	0.01300
20	0.03493	0.02357	0.02593	0.01988	0.02700	0.02554	0.01642	0.51593	0.03958	0.14390	0.02357	0.02283	0.01626	0.01079	0.00896	0.00270	0.00951	0.00820	0.00927	0.01522
21	0.01152	0.00910	0.01038	0.01006	0.01267	0.00796	0.00755	0.01468	0.02264	0.02950	0.33390	0.07733	0.37956	0.02067	0.01056	0.00293	0.00439	0.01765	0.00901	0.00796
22	0.03414	0.03194	0.02584	0.02135	0.02741	0.29173	0.01689	0.32536	0.03393	0.07740	0.01907	0.01976	0.01407	0.01011	0.00858	0.00253	0.01239	0.00714	0.00723	0.01315
23	0.01499	0.00813	0.01220	0.01220	0.01252	0.00845	0.00845	0.01252	0.01220	0.01659	0.01722	0.02879	0.01691	0.03828	0.15800	0.59464	0.01101	0.00813	0.00407	0.00471
24	0.01109	0.00800	0.01019	0.01185	0.01255	0.00744	0.00786	0.01255	0.01700	0.02239	0.05099	0.55811	0.10999	0.09684	0.01494	0.00411	0.00550	0.02350	0.00800	0.00710
25	0.01101	0.00783	0.01035	0.01231	0.01280	0.00734	0.00815	0.01249	0.01691	0.02254	0.04818	0.64647	0.05774	0.06325	0.01325	0.00390	0.00538	0.02477	0.00815	0.00717
26	0.01724	0.01131	0.01359	0.01328	0.01518	0.01133	0.00927	0.10860	0.02062	0.07058	0.03824	0.36282	0.04241	0.19917	0.01994	0.00476	0.00703	0.01818	0.00784	0.00861

[dist]
# distance from previous block
# <min> <max>
3	9

[block]
# block no. 2 follows, 19 sequences, length 38
# corresponding to MSA columns:
# 126-163
name=unknown_C
#
# <colnr> <probs for GDERKNQSTAVLIFYWHMCP>
#	G	D	E	R	K	N	Q	S	T	A	V	L	I	F	Y	W	H	M	C	P
0	0.01171	0.00860	0.01108	0.01287	0.01371	0.00834	0.00872	0.01496	0.05973	0.02388	0.04839	0.63358	0.05690	0.02689	0.01125	0.00359	0.00533	0.02434	0.00836	0.00776
1	0.07378	0.02255	0.07268	0.04998	0.54875	0.02114	0.02654	0.02743	0.01991	0.02995	0.01647	0.02139	0.01367	0.00803	0.00860	0.00268	0.01053	0.00766	0.00447	0.01379
2	0.03261	0.04111	0.02614	0.02532	0.07066	0.60478	0.01801	0.03513	0.02500	0.02242	0.01404	0.01656	0.01171	0.00913	0.00812	0.00233	0.01574	0.00592	0.00460	0.01064
3	0.01066	0.00874	0.00940	0.00992	0.01231	0.00748	0.00718	0.01274	0.01956	0.02383	0.08014	0.23676	0.48226	0.02402	0.01079	0.00318	0.00470	0.02054	0.00831	0.00748
4	0.01734	0.01433	0.01587	0.01482	0.01843	0.01554	0.01128	0.03224	0.33534	0.03415	0.19943	0.11242	0.10898	0.01647	0.00987	0.00303	0.00586	0.01418	0.00914	0.01126
5	0.03244	0.03661	0.02611	0.02417	0.06254	0.45202	0.01769	0.15868	0.05265	0.03047	0.01659	0.01835	0.01312	0.00960	0.00835	0.00244	0.01407	0.00657	0.00573	0.01180
6	0.01794	0.04628	0.63923	0.02550	0.03872	0.02078	0.03305	0.02833	0.01889	0.02833	0.01606	0.01889	0.01133	0.00850	0.00850	0.00283	0.01322	0.00661	0.00378	0.01322
7	0.01057	0.00906	0.00906	0.00906	0.01208	0.00755	0.00680	0.01284	0.02039	0.02417	0.09063	0.08610	0.62615	0.02266	0.01057	0.00302	0.00453	0.01888	0.00831	0.00755
8	0.01069	0.00860	0.00954	0.01030	0.01241	0.00745	0.00735	0.01270	0.01920	0.02368	0.07558	0.30227	0.41969	0.02461	0.01088	0.00324	0.00477	0.02127	0.00831	0.00745
9	0.17368	0.02293	0.03889	0.02858	0.03649	0.02323	0.34788	0.15469	0.02454	0.03716	0.01769	0.02157	0.01314	0.00841	0.00917	0.00289	0.01224	0.00883	0.00571	0.01227
10	0.02225	0.01922	0.02023	0.01821	0.02326	0.02225	0.01416	0.04754	0.61361	0.03742	0.03641	0.03338	0.02731	0.01214	0.00910	0.00303	0.00708	0.01011	0.00910	0.01416
11	0.02636	0.01909	0.02063	0.01664	0.02119	0.02080	0.01279	0.38622	0.03148	0.04217	0.02392	0.03498	0.02152	0.25648	0.02227	0.00487	0.00942	0.00986	0.00766	0.01165
12	0.02625	0.02904	0.03232	0.04331	0.41052	0.25009	0.02375	0.03047	0.02219	0.02656	0.01574	0.01995	0.01321	0.00843	0.00857	0.00253	0.01263	0.00717	0.00449	0.01279
13	0.03195	0.04020	0.02557	0.02309	0.02722	0.58384	0.01753	0.03422	0.02412	0.02186	0.01361	0.01650	0.01155	0.00990	0.01032	0.00248	0.08523	0.00598	0.00454	0.01031
14	0.02214	0.02126	0.03631	0.05491	0.62978	0.02126	0.02746	0.02746	0.02037	0.02923	0.01683	0.02214	0.01417	0.00797	0.00886	0.00266	0.01063	0.00797	0.00443	0.01417
15	0.03401	0.02506	0.02685	0.02058	0.02774	0.02774	0.01700	0.59995	0.04206	0.05638	0.02148	0.02148	0.01521	0.01074	0.00895	0.00268	0.00984	0.00805	0.00895	0.01521
16	0.02214	0.02126	0.03631	0.05491	0.62978	0.02126	0.02746	0.02746	0.02037	0.02923	0.01683	0.02214	0.01417	0.00797	0.00886	0.00266	0.01063	0.00797	0.00443	0.01417
17	0.02653	0.02135	0.02264	0.01907	0.02490	0.02425	0.01520	0.24869	0.40549	0.04433	0.03098	0.02905	0.02291	0.01163	0.00905	0.00291	0.00809	0.00936	0.00905	0.01454
18	0.01057	0.00906	0.00906	0.00906	0.01208	0.00755	0.00680	0.01284	0.02039	0.02417	0.09063	0.08610	0.62615	0.02266	0.01057	0.00302	0.00453	0.01888	0.00831	0.00755
19	0.02742	0.13843	0.02570	0.01916	0.02384	0.42035	0.01498	0.03000	0.02369	0.02340	0.08282	0.02832	0.08383	0.01130	0.00821	0.00237	0.01268	0.00804	0.00540	0.01006
20	0.02163	0.01930	0.02543	0.03104	0.24327	0.02103	0.01845	0.03805	0.35971	0.03317	0.02876	0.03087	0.02285	0.05309	0.01131	0.00325	0.00847	0.00952	0.00717	0.01361
21	0.02285	0.02354	0.03263	0.17520	0.41751	0.12051	0.02531	0.02782	0.02065	0.02676	0.01616	0.02154	0.01329	0.00837	0.00875	0.00267	0.01177	0.00762	0.00436	0.01270
22	0.02251	0.15904	0.03849	0.04676	0.50493	0.02417	0.02496	0.02732	0.01992	0.02755	0.01592	0.02054	0.01362	0.00791	0.00822	0.00250	0.01041	0.00732	0.00430	0.01362
23	0.02036	0.09803	0.24412	0.03147	0.04175	0.02330	0.35447	0.02836	0.02009	0.02779	0.01686	0.02144	0.01263	0.00787	0.00940	0.00285	0.01392	0.00869	0.00421	0.01239
24	0.01635	0.01415	0.01626	0.01561	0.01819	0.06381	0.01206	0.02411	0.13940	0.02548	0.07333	0.03579	0.02744	0.04734	0.41674	0.01017	0.01831	0.00991	0.00607	0.00948
25	0.01278	0.00959	0.01438	0.01438	0.01598	0.01118	0.01118	0.01598	0.01438	0.02077	0.02396	0.03515	0.02237	0.06710	0.65013	0.01438	0.02396	0.00959	0.00479	0.00799
26	0.01976	0.01875	0.03071	0.04548	0.50269	0.01844	0.02321	0.02445	0.02038	0.02819	0.03201	0.03530	0.14008	0.01099	0.00921	0.00273	0.00937	0.01022	0.00523	0.01281
27	0.02724	0.16413	0.20427	0.02231	0.02994	0.35634	0.02141	0.03196	0.02218	0.02357	0.01420	0.01659	0.01146	0.00872	0.00776	0.00238	0.01408	0.00582	0.00423	0.01139
28	0.01057	0.00906	0.00906	0.00906	0.01208	0.00755	0.00680	0.01284	0.02039	0.02417	0.09063	0.08610	0.62615	0.02266	0.01057	0.00302	0.00453	0.01888	0.00831	0.00755
29	0.02372	0.02524	0.03797	0.04633	0.41445	0.12108	0.14308	0.02901	0.02131	0.02795	0.01661	0.02160	0.01363	0.00808	0.00908	0.00268	0.01242	0.00815	0.00448	0.01314
30	0.02214	0.02126	0.03631	0.05491	0.62978	0.02126	0.02746	0.02746	0.02037	0.02923	0.01683	0.02214	0.01417	0.00797	0.00886	0.00266	0.01063	0.00797	0.00443	0.01417
31	0.01090	0.00779	0.01038	0.01246	0.01298	0.00727	0.00830	0.01246	0.01713	0.02284	0.04931	0.67975	0.05917	0.02803	0.01142	0.00363	0.00519	0.02543	0.00830	0.00727
32	0.02023	0.01931	0.03286	0.27674	0.42289	0.02075	0.02651	0.02578	0.01947	0.02691	0.01649	0.02277	0.01335	0.00833	0.00889	0.00278	0.01110	0.00796	0.00426	0.01263
33	0.01291	0.00907	0.01177	0.01177	0.01247	0.00977	0.00793	0.01430	0.01361	0.01884	0.02635	0.04835	0.02810	0.41619	0.30888	0.01116	0.01533	0.01152	0.00515	0.00654
34	0.03342	0.04264	0.02535	0.02305	0.02766	0.64967	0.01729	0.03572	0.02535	0.02190	0.01383	0.01613	0.01152	0.00922	0.00807	0.00230	0.01613	0.00576	0.00461	0.01037
35	0.01088	0.00840	0.00976	0.01080	0.01239	0.00748	0.00747	0.01266	0.01833	0.02311	0.06639	0.38056	0.30884	0.06392	0.01303	0.00366	0.00510	0.02181	0.00814	0.00729
36	0.01547	0.01384	0.02047	0.05489	0.23958	0.01342	0.01560	0.01932	0.02054	0.02726	0.12578	0.05438	0.26805	0.01895	0.05021	0.00358	0.00826	0.01350	0.00669	0.01021
37	0.01283	0.00884	0.01045	0.01045	0.01088	0.00901	0.00641	0.01347	0.01366	0.01829	0.03115	0.05644	0.06547	0.54904	0.13927	0.00925	0.01085	0.01281	0.00549	0.00595

[dist]
# distance from previous block
# <min> <max>
0	29

# created by:
# /share/home/app/bin/augustus-3.3.1/scripts/msa2prfl.pl /dev/shm/tmp/ogap_db/mt-Sar/msas/rps7-41.aln --setname=rps7-41
