[name]
rps8

[dist]
# distance from previous block
# <min> <max>
0	6

[block]
# block no. 0 follows, 97 sequences, length 20
# corresponding to MSA columns:
# 6-25
name=unknown_A
#
# <colnr> <probs for GDERKNQSTAVLIFYWHMCP>
#	G	D	E	R	K	N	Q	S	T	A	V	L	I	F	Y	W	H	M	C	P
0	0.00662	0.00556	0.00606	0.00575	0.00685	0.08209	0.00464	0.09319	0.15450	0.03037	0.01189	0.07327	0.04487	0.02245	0.09071	0.00151	0.06223	0.26553	0.00248	0.02942
1	0.00366	0.00268	0.00338	0.00392	0.00422	0.00246	0.00263	0.00418	0.00581	0.00758	0.01824	0.70633	0.15588	0.05858	0.00440	0.00127	0.00176	0.00790	0.00271	0.00240
2	0.00771	0.00518	0.00578	0.00498	0.00622	0.06009	0.00383	0.19803	0.00774	0.12408	0.03686	0.01161	0.11680	0.00793	0.09699	0.25563	0.00328	0.00321	0.00230	0.04175
3	0.02050	0.08253	0.01008	0.03621	0.25124	0.30432	0.04041	0.04943	0.00728	0.00878	0.00533	0.00676	0.00448	0.00403	0.04536	0.00105	0.08113	0.00237	0.03486	0.00385
4	0.00412	0.00306	0.00383	0.00422	0.00482	0.00287	0.00328	0.00501	0.00646	0.00830	0.07121	0.22575	0.25038	0.08479	0.00481	0.00134	0.00211	0.30839	0.00271	0.00253
5	0.00438	0.00308	0.00365	0.00372	0.00415	0.00300	0.00250	0.02911	0.00561	0.02638	0.01546	0.22567	0.20208	0.35779	0.09819	0.00218	0.00284	0.00555	0.00230	0.00236
6	0.00986	0.04100	0.00791	0.04839	0.00875	0.23657	0.00515	0.25122	0.13015	0.12671	0.00870	0.03540	0.03379	0.03889	0.00340	0.00097	0.00351	0.00293	0.00250	0.00418
7	0.00735	0.05213	0.00923	0.09075	0.32774	0.13993	0.00658	0.03712	0.10452	0.00958	0.07450	0.01038	0.08259	0.00370	0.00318	0.00091	0.03081	0.00310	0.00193	0.00399
8	0.00357	0.00284	0.00320	0.00349	0.00415	0.00248	0.00247	0.00423	0.00635	0.00787	0.02451	0.38679	0.52098	0.00829	0.00364	0.00109	0.00160	0.00720	0.00277	0.00248
9	0.00681	0.00655	0.01098	0.30991	0.42300	0.01951	0.07553	0.03507	0.00664	0.00908	0.00559	0.00770	0.00452	0.00353	0.03219	0.00107	0.03406	0.00273	0.00147	0.00407
10	0.01053	0.01322	0.00827	0.00785	0.04066	0.79554	0.00570	0.01132	0.00822	0.00741	0.00539	0.06151	0.00488	0.00345	0.00277	0.00080	0.00508	0.00236	0.00161	0.00344
11	0.60219	0.00616	0.00566	0.00470	0.00672	0.00683	0.00388	0.17501	0.00733	0.14826	0.00591	0.00611	0.00423	0.00307	0.00224	0.00092	0.00253	0.00204	0.00235	0.00387
12	0.00556	0.00514	0.00923	0.00798	0.06350	0.00510	0.28765	0.04651	0.00635	0.00867	0.02073	0.16360	0.05025	0.07439	0.22896	0.00213	0.00467	0.00441	0.00192	0.00324
13	0.00519	0.00392	0.00545	0.04108	0.10844	0.00392	0.00442	0.01553	0.07151	0.04238	0.06593	0.34099	0.06758	0.00707	0.00361	0.00114	0.00233	0.20373	0.00264	0.00313
14	0.00895	0.00502	0.00613	0.00504	0.00668	0.00492	0.00403	0.21369	0.02415	0.29947	0.30910	0.04900	0.04108	0.00484	0.00322	0.00094	0.00226	0.00407	0.00331	0.00411
15	0.12951	0.00544	0.00811	0.18486	0.30971	0.01696	0.00644	0.00764	0.00579	0.00890	0.00609	0.00857	0.00525	0.02121	0.26086	0.00208	0.00478	0.00269	0.00154	0.00358
16	0.00678	0.00678	0.00995	0.20083	0.29276	0.06276	0.02892	0.00813	0.00595	0.00819	0.00546	0.04938	0.00496	0.00390	0.00521	0.00106	0.29089	0.00289	0.00145	0.00374
17	0.00765	0.02722	0.02234	0.03098	0.25176	0.10676	0.00563	0.15999	0.01637	0.04128	0.00815	0.06543	0.02911	0.18963	0.02370	0.00140	0.00347	0.00338	0.00202	0.00374
18	0.10131	0.00680	0.03332	0.00730	0.11166	0.06180	0.05322	0.23069	0.08434	0.01165	0.03372	0.01075	0.01728	0.20310	0.01927	0.00142	0.00330	0.00312	0.00219	0.00376
19	0.00451	0.00348	0.00401	0.00382	0.00473	0.00331	0.00288	0.00646	0.11246	0.02200	0.38976	0.02319	0.32221	0.05485	0.00411	0.00109	0.00169	0.02956	0.00298	0.00292

[dist]
# distance from previous block
# <min> <max>
0	4

[block]
# block no. 1 follows, 97 sequences, length 25
# corresponding to MSA columns:
# 30-54
name=unknown_B
#
# <colnr> <probs for GDERKNQSTAVLIFYWHMCP>
#	G	D	E	R	K	N	Q	S	T	A	V	L	I	F	Y	W	H	M	C	P
0	0.03858	0.00512	0.00598	0.02533	0.06810	0.01969	0.00423	0.20272	0.07585	0.01135	0.10117	0.15605	0.12483	0.04901	0.05614	0.00130	0.02030	0.00449	0.02627	0.00350
1	0.03361	0.00559	0.02074	0.00709	0.00851	0.03402	0.30570	0.00697	0.00592	0.00813	0.01020	0.01398	0.12243	0.25031	0.05382	0.00172	0.06161	0.00388	0.04277	0.00300
2	0.00711	0.00687	0.02239	0.05593	0.35223	0.04437	0.10034	0.04701	0.02613	0.00980	0.00594	0.00750	0.00486	0.00353	0.03438	0.00097	0.04690	0.00258	0.04264	0.17853
3	0.00707	0.04584	0.24869	0.13523	0.30594	0.05678	0.02018	0.00945	0.04549	0.03974	0.00600	0.00765	0.00477	0.03544	0.00344	0.00099	0.01899	0.00256	0.00155	0.00420
4	0.00814	0.03103	0.00846	0.00910	0.24334	0.09705	0.00577	0.24474	0.05073	0.02889	0.17730	0.01149	0.06303	0.00401	0.00306	0.00089	0.00303	0.00336	0.00244	0.00416
5	0.08136	0.00735	0.00879	0.16746	0.28417	0.14661	0.00657	0.07196	0.00720	0.06829	0.00609	0.00803	0.00500	0.07345	0.00376	0.00103	0.00362	0.00257	0.00179	0.04491
6	0.00444	0.00372	0.00559	0.00504	0.01726	0.00347	0.13654	0.00516	0.00571	0.00739	0.01562	0.20709	0.23131	0.32922	0.00781	0.00173	0.00263	0.00557	0.00221	0.00250
7	0.00633	0.00379	0.00392	0.00355	0.00457	0.00389	0.00275	0.15745	0.00773	0.01218	0.03628	0.01252	0.09560	0.00398	0.00243	0.00077	0.00173	0.00319	0.63416	0.00316
8	0.00549	0.00636	0.16832	0.00518	0.00690	0.01334	0.00478	0.05656	0.16437	0.02536	0.10117	0.12963	0.25727	0.00631	0.03438	0.00114	0.00261	0.00478	0.00256	0.00349
9	0.00880	0.05539	0.02538	0.09304	0.30070	0.21824	0.03911	0.12821	0.00813	0.04833	0.00620	0.02500	0.00511	0.00321	0.00291	0.00088	0.00394	0.02143	0.00182	0.00418
10	0.00415	0.00311	0.00365	0.00353	0.00421	0.00289	0.00253	0.02267	0.00699	0.00930	0.35555	0.04411	0.29751	0.18468	0.04087	0.00151	0.00205	0.00541	0.00274	0.00255
11	0.00363	0.00261	0.00345	0.00413	0.00432	0.00242	0.00276	0.00416	0.00573	0.00762	0.01676	0.87307	0.03970	0.00930	0.00380	0.00121	0.00173	0.00843	0.00277	0.00242
12	0.00835	0.27746	0.03408	0.05039	0.24131	0.25990	0.00653	0.00960	0.00697	0.00806	0.00561	0.00664	0.03122	0.00290	0.00255	0.00077	0.00389	0.00219	0.00147	0.04012
13	0.00420	0.00319	0.00354	0.00347	0.00437	0.00283	0.00257	0.03161	0.00713	0.03237	0.17298	0.12984	0.54391	0.03964	0.00395	0.00108	0.00165	0.00613	0.00285	0.00268
14	0.00373	0.00269	0.00354	0.00418	0.00444	0.00252	0.00288	0.00432	0.00583	0.00770	0.01695	0.76599	0.06234	0.02579	0.00403	0.00125	0.00182	0.07482	0.00275	0.00244
15	0.00473	0.00297	0.00434	0.00454	0.03154	0.00306	0.00313	0.00467	0.00495	0.00680	0.10021	0.05245	0.05450	0.01287	0.25624	0.44173	0.00392	0.00352	0.00174	0.00207
16	0.00776	0.11594	0.01191	0.04311	0.63962	0.06783	0.00817	0.00958	0.03569	0.02435	0.00568	0.00712	0.00472	0.00275	0.00281	0.00086	0.00358	0.00251	0.00154	0.00449
17	0.00649	0.02752	0.73570	0.00879	0.03177	0.03906	0.05694	0.04254	0.00672	0.00970	0.00542	0.00639	0.00389	0.00285	0.00286	0.00093	0.00440	0.00228	0.00135	0.00438
18	0.70421	0.00775	0.00534	0.00480	0.00658	0.21205	0.00382	0.00950	0.00587	0.01196	0.00426	0.00497	0.00337	0.00284	0.00204	0.00089	0.00303	0.00169	0.00177	0.00328
19	0.00409	0.00288	0.00365	0.00384	0.00405	0.00293	0.00253	0.00450	0.00492	0.00664	0.01190	0.26476	0.04701	0.41455	0.20573	0.00277	0.00365	0.00533	0.00207	0.00220
20	0.00356	0.00302	0.00306	0.00305	0.00405	0.00253	0.00229	0.00434	0.00687	0.00823	0.06827	0.02841	0.83721	0.00749	0.00352	0.00100	0.00151	0.00625	0.00279	0.00253
21	0.00706	0.00669	0.00950	0.14450	0.33873	0.08019	0.06416	0.09065	0.02518	0.00976	0.00815	0.15622	0.02441	0.00408	0.00312	0.00096	0.00344	0.00372	0.01556	0.00393
22	0.57857	0.00687	0.00599	0.00508	0.00694	0.05286	0.00415	0.21006	0.03888	0.01399	0.00516	0.00573	0.00394	0.00314	0.00260	0.00093	0.04728	0.00200	0.00211	0.00373
23	0.00428	0.00312	0.00443	0.00443	0.00484	0.00353	0.00328	0.00509	0.00469	0.00665	0.00832	0.01355	0.00825	0.22802	0.67881	0.00434	0.00679	0.00346	0.00165	0.00246
24	0.02226	0.00674	0.01708	0.18511	0.24800	0.04854	0.06617	0.06266	0.20007	0.02678	0.02496	0.00953	0.02617	0.03883	0.00350	0.00102	0.00339	0.00303	0.00202	0.00413

[dist]
# distance from previous block
# <min> <max>
3	11

[block]
# block no. 2 follows, 97 sequences, length 9
# corresponding to MSA columns:
# 66-74
name=unknown_C
#
# <colnr> <probs for GDERKNQSTAVLIFYWHMCP>
#	G	D	E	R	K	N	Q	S	T	A	V	L	I	F	Y	W	H	M	C	P
0	0.21555	0.08691	0.08216	0.06828	0.10810	0.22772	0.00596	0.09376	0.02655	0.01045	0.00588	0.00670	0.03003	0.00308	0.00255	0.00086	0.00366	0.00222	0.00175	0.01784
1	0.08274	0.00546	0.02633	0.01715	0.11228	0.04879	0.10412	0.01861	0.06877	0.00931	0.07564	0.10368	0.12813	0.11480	0.03739	0.00136	0.00306	0.02472	0.01441	0.00325
2	0.00385	0.00303	0.00359	0.00373	0.00440	0.00287	0.00271	0.00477	0.02749	0.00781	0.04030	0.23419	0.41732	0.05846	0.16964	0.00187	0.00287	0.00604	0.00252	0.00254
3	0.00652	0.06951	0.18389	0.02981	0.17972	0.06776	0.02493	0.00952	0.16108	0.00963	0.08253	0.06808	0.06581	0.00447	0.02297	0.00102	0.00332	0.00345	0.00202	0.00396
4	0.00378	0.00303	0.00337	0.00328	0.00418	0.00262	0.00246	0.00477	0.00739	0.00947	0.33523	0.02638	0.56949	0.00703	0.00352	0.00098	0.00147	0.00597	0.00295	0.00262
5	0.00533	0.00533	0.07867	0.00484	0.00556	0.08822	0.00380	0.02840	0.00550	0.00718	0.02175	0.12371	0.00981	0.35208	0.16743	0.03437	0.03688	0.01673	0.00185	0.00257
6	0.00374	0.00266	0.00350	0.00409	0.00426	0.00254	0.00271	0.00423	0.00551	0.00738	0.01525	0.75461	0.01815	0.10628	0.04861	0.00157	0.00217	0.00777	0.00261	0.00237
7	0.00664	0.00596	0.01000	0.38389	0.42297	0.00648	0.00817	0.00840	0.00644	0.04417	0.00644	0.06551	0.00549	0.00327	0.00302	0.00095	0.00357	0.00305	0.00159	0.00399
8	0.00442	0.00338	0.00489	0.00481	0.00524	0.00398	0.00368	0.00533	0.00472	0.00680	0.00789	0.01232	0.00763	0.12758	0.71978	0.00433	0.06572	0.00330	0.00160	0.00260

[dist]
# distance from previous block
# <min> <max>
0	1

[block]
# block no. 3 follows, 97 sequences, length 19
# corresponding to MSA columns:
# 76-94
name=unknown_D
#
# <colnr> <probs for GDERKNQSTAVLIFYWHMCP>
#	G	D	E	R	K	N	Q	S	T	A	V	L	I	F	Y	W	H	M	C	P
0	0.00694	0.02783	0.09991	0.05933	0.15991	0.10053	0.00638	0.07662	0.01813	0.02323	0.02504	0.05714	0.00651	0.04828	0.14169	0.00166	0.13242	0.00306	0.00174	0.00365
1	0.00841	0.20412	0.08715	0.07206	0.16205	0.30349	0.04679	0.01004	0.03273	0.00812	0.00520	0.00638	0.00431	0.00352	0.03277	0.00095	0.00438	0.00222	0.00147	0.00387
2	0.54895	0.03528	0.01612	0.00544	0.02443	0.20732	0.00431	0.03181	0.00633	0.05907	0.00479	0.00544	0.00372	0.00299	0.00244	0.00089	0.03347	0.00185	0.00186	0.00349
3	0.00807	0.00754	0.00993	0.04303	0.38212	0.10616	0.05603	0.19382	0.00836	0.01099	0.01977	0.03398	0.03991	0.04842	0.01790	0.00106	0.00367	0.00307	0.00194	0.00421
4	0.00781	0.00638	0.00686	0.00548	0.03436	0.08198	0.00420	0.11249	0.00766	0.08526	0.04652	0.00736	0.00581	0.00277	0.00250	0.00060	0.00265	0.00219	0.00212	0.57499
5	0.00599	0.00389	0.00454	0.00415	0.00528	0.02104	0.00320	0.01931	0.06598	0.15502	0.34030	0.06660	0.25906	0.00609	0.00341	0.00098	0.00185	0.02694	0.00311	0.00326
6	0.00421	0.00311	0.00322	0.00325	0.00412	0.00284	0.00241	0.00542	0.04676	0.00879	0.02303	0.07081	0.54646	0.04752	0.00377	0.00105	0.00163	0.02651	0.19245	0.00264
7	0.03035	0.00753	0.00915	0.02157	0.24702	0.13558	0.08539	0.08169	0.19070	0.01070	0.00837	0.00932	0.03977	0.00381	0.02067	0.00099	0.01213	0.01152	0.06961	0.00414
8	0.03292	0.06090	0.05663	0.20701	0.15201	0.13703	0.06289	0.13097	0.06582	0.01019	0.00641	0.00767	0.01787	0.00362	0.02629	0.00100	0.00395	0.00261	0.01021	0.00400
9	0.00370	0.00288	0.00335	0.00361	0.00424	0.00256	0.00259	0.00444	0.00650	0.00825	0.10620	0.34540	0.42589	0.02841	0.00392	0.00113	0.00166	0.03996	0.00280	0.00250
10	0.00696	0.00614	0.00942	0.01058	0.31236	0.00625	0.11593	0.11135	0.10821	0.01881	0.10501	0.01185	0.09033	0.00469	0.04367	0.00111	0.00328	0.00353	0.02641	0.00411
11	0.00516	0.00381	0.00491	0.12910	0.01708	0.00388	0.00368	0.03464	0.05894	0.04702	0.11529	0.21523	0.13037	0.17058	0.00553	0.00136	0.00235	0.00513	0.01455	0.03137
12	0.00378	0.00288	0.00337	0.00355	0.00413	0.00258	0.00249	0.00451	0.00654	0.00847	0.19207	0.29969	0.35303	0.09336	0.00474	0.00124	0.00169	0.00662	0.00278	0.00248
13	0.01134	0.00805	0.00872	0.00672	0.00908	0.00883	0.00554	0.77446	0.04514	0.08002	0.00767	0.00752	0.00538	0.00360	0.00299	0.00090	0.00319	0.00273	0.00304	0.00506
14	0.00743	0.00678	0.01041	0.16614	0.51134	0.00725	0.00798	0.08516	0.14732	0.01061	0.00675	0.00807	0.00533	0.00302	0.00297	0.00093	0.00340	0.00277	0.00183	0.00451
15	0.05651	0.00609	0.00621	0.00468	0.00709	0.09012	0.00370	0.00792	0.00645	0.00978	0.04522	0.00677	0.00539	0.00250	0.00230	0.00052	0.00249	0.00194	0.00182	0.73251
16	0.23469	0.00673	0.00845	0.18266	0.05844	0.00769	0.06723	0.26323	0.04852	0.01285	0.00590	0.00699	0.00446	0.00327	0.00322	0.00096	0.06746	0.00250	0.01073	0.00400
17	0.00691	0.19223	0.01188	0.14316	0.37622	0.00778	0.07141	0.00850	0.00651	0.00887	0.06740	0.00804	0.00608	0.00308	0.00321	0.00088	0.05572	0.00269	0.01538	0.00402
18	0.00621	0.00586	0.00885	0.58668	0.08865	0.04675	0.04205	0.05476	0.00655	0.00836	0.00688	0.00954	0.04517	0.06696	0.00388	0.00111	0.00382	0.00294	0.00155	0.00342

[dist]
# distance from previous block
# <min> <max>
0	1

[block]
# block no. 4 follows, 97 sequences, length 10
# corresponding to MSA columns:
# 96-105
name=unknown_E
#
# <colnr> <probs for GDERKNQSTAVLIFYWHMCP>
#	G	D	E	R	K	N	Q	S	T	A	V	L	I	F	Y	W	H	M	C	P
0	0.00451	0.00360	0.00444	0.00500	0.07070	0.00343	0.00332	0.04943	0.04165	0.00912	0.10361	0.31441	0.33045	0.02212	0.00373	0.00109	0.00190	0.02186	0.00273	0.00289
1	0.00481	0.00371	0.00533	0.00564	0.06036	0.00420	0.00401	0.02815	0.04951	0.00760	0.00814	0.01193	0.00758	0.09108	0.68910	0.00410	0.00688	0.00325	0.00172	0.00289
2	0.00487	0.00337	0.00433	0.00419	0.00503	0.00319	0.01919	0.03711	0.00676	0.07281	0.13032	0.25626	0.27330	0.00960	0.13567	0.01993	0.00276	0.00580	0.00268	0.00284
3	0.00988	0.00793	0.00939	0.04745	0.19188	0.03193	0.00643	0.54583	0.09303	0.01550	0.00716	0.00757	0.00530	0.00339	0.00297	0.00090	0.00334	0.00272	0.00256	0.00485
4	0.00677	0.00570	0.00564	0.07973	0.00730	0.14630	0.00414	0.10328	0.00771	0.07588	0.07948	0.19153	0.16656	0.00661	0.05105	0.00118	0.00302	0.01794	0.03693	0.00324
5	0.03424	0.03963	0.03171	0.02171	0.36051	0.08676	0.00629	0.09281	0.00727	0.00984	0.02689	0.18332	0.01872	0.03803	0.00349	0.00100	0.00317	0.00380	0.00196	0.02885
6	0.00805	0.32890	0.11027	0.00737	0.00995	0.05067	0.17685	0.07306	0.10778	0.05399	0.00649	0.02695	0.00521	0.00311	0.00282	0.00085	0.01912	0.00259	0.00182	0.00413
7	0.00365	0.00271	0.00341	0.00390	0.00428	0.00247	0.00267	0.00428	0.00611	0.00799	0.07687	0.66460	0.18864	0.00877	0.00373	0.00115	0.00167	0.00784	0.00280	0.00247
8	0.00630	0.00347	0.00460	0.00425	0.00497	0.00340	0.00311	0.04276	0.01924	0.12627	0.00924	0.05929	0.06190	0.05544	0.11841	0.39215	0.00312	0.00336	0.04177	0.03696
9	0.00715	0.00687	0.01093	0.26093	0.47889	0.03919	0.05491	0.06282	0.00709	0.00957	0.00627	0.00807	0.02814	0.00295	0.00300	0.00092	0.00374	0.00278	0.00157	0.00420

[dist]
# distance from previous block
# <min> <max>
0	4

[block]
# block no. 5 follows, 97 sequences, length 33
# corresponding to MSA columns:
# 110-142
name=unknown_F
#
# <colnr> <probs for GDERKNQSTAVLIFYWHMCP>
#	G	D	E	R	K	N	Q	S	T	A	V	L	I	F	Y	W	H	M	C	P
0	0.03217	0.06656	0.00973	0.01588	0.16953	0.12811	0.05219	0.31004	0.12052	0.01273	0.00715	0.04110	0.00574	0.00346	0.00290	0.00089	0.00350	0.00282	0.00226	0.01271
1	0.04210	0.21028	0.06191	0.00900	0.21749	0.10878	0.00630	0.17791	0.02358	0.03001	0.00624	0.04732	0.00536	0.02595	0.00311	0.01257	0.00347	0.00260	0.00188	0.00415
2	0.00626	0.00597	0.02228	0.01722	0.21233	0.10087	0.03674	0.01884	0.08756	0.00849	0.04728	0.11658	0.01662	0.25584	0.00661	0.00151	0.01060	0.02311	0.00201	0.00329
3	0.46697	0.00664	0.00696	0.03261	0.09804	0.05483	0.05368	0.09707	0.08445	0.01247	0.01934	0.02400	0.00503	0.00358	0.02218	0.00102	0.00301	0.00237	0.00201	0.00373
4	0.00457	0.00344	0.00404	0.00404	0.00465	0.00345	0.00286	0.00645	0.13814	0.00910	0.23344	0.19122	0.11471	0.22648	0.00641	0.00151	0.00205	0.03800	0.00270	0.00274
5	0.00392	0.00294	0.00364	0.00391	0.00436	0.00286	0.00272	0.00473	0.02761	0.00757	0.03641	0.38746	0.21200	0.13549	0.14828	0.00197	0.00287	0.00634	0.00246	0.00246
6	0.00368	0.00301	0.00316	0.00313	0.00402	0.00258	0.00230	0.00445	0.00681	0.00837	0.13515	0.02716	0.69945	0.07825	0.00445	0.00115	0.00161	0.00602	0.00276	0.00250
7	0.00414	0.00289	0.00357	0.00376	0.00424	0.00266	0.00259	0.00484	0.00640	0.03400	0.21297	0.38386	0.17306	0.14059	0.00537	0.00136	0.00181	0.00661	0.00277	0.00251
8	0.01086	0.00804	0.00864	0.00672	0.00899	0.00891	0.00551	0.79293	0.05585	0.01807	0.00775	0.04012	0.00581	0.00382	0.00302	0.00091	0.00318	0.00293	0.00298	0.00496
9	0.00742	0.00641	0.00674	0.00607	0.00775	0.00742	0.00472	0.01585	0.87120	0.01247	0.01214	0.01113	0.00910	0.00405	0.00303	0.00101	0.00236	0.00337	0.00303	0.00472
10	0.00878	0.06065	0.00816	0.02592	0.00852	0.12988	0.00500	0.27373	0.16191	0.01238	0.00688	0.00721	0.00531	0.00320	0.00288	0.00078	0.02849	0.00239	0.00228	0.24567
11	0.00655	0.00648	0.03027	0.08731	0.48225	0.00638	0.11339	0.01899	0.01877	0.00927	0.00809	0.07162	0.05282	0.00438	0.03893	0.00112	0.01744	0.02014	0.00169	0.00409
12	0.91626	0.00577	0.00438	0.00392	0.00577	0.00669	0.00323	0.00877	0.00508	0.01338	0.00415	0.00484	0.00323	0.00277	0.00185	0.00092	0.00231	0.00161	0.00185	0.00323
13	0.00368	0.00290	0.00327	0.00343	0.00412	0.00255	0.00245	0.00442	0.00659	0.00832	0.13239	0.25973	0.49540	0.05184	0.00418	0.00115	0.00162	0.00667	0.00279	0.00249
14	0.00476	0.00378	0.00558	0.00697	0.14566	0.00367	0.02001	0.00586	0.00643	0.00853	0.02952	0.30529	0.07939	0.03539	0.00411	0.00125	0.00248	0.32588	0.00251	0.00294
15	0.00895	0.00730	0.00748	0.00635	0.00826	0.04791	0.00504	0.26904	0.54852	0.04216	0.01030	0.00965	0.00761	0.00385	0.00300	0.00096	0.00278	0.00309	0.00297	0.00478
16	0.07377	0.25425	0.00853	0.00512	0.00666	0.03261	0.00434	0.08645	0.01404	0.09212	0.04425	0.13026	0.12576	0.00484	0.00357	0.00093	0.10305	0.00369	0.00221	0.00354
17	0.00630	0.03214	0.22918	0.02643	0.18427	0.08801	0.00682	0.00838	0.05387	0.02073	0.01015	0.12700	0.10423	0.01939	0.04370	0.00117	0.02893	0.00371	0.00186	0.00374
18	0.00742	0.10395	0.35566	0.00908	0.04039	0.08786	0.21737	0.09209	0.00740	0.00987	0.00612	0.00717	0.02622	0.00296	0.00300	0.00091	0.01417	0.00260	0.00156	0.00418
19	0.00918	0.00409	0.00492	0.00410	0.00559	0.00383	0.00328	0.06025	0.00770	0.38198	0.01105	0.01099	0.03288	0.00369	0.00257	0.00081	0.00199	0.00297	0.44423	0.00389
20	0.00565	0.00522	0.00821	0.19449	0.38011	0.00534	0.00651	0.00712	0.00666	0.00887	0.05758	0.05327	0.23983	0.00451	0.00318	0.00096	0.00290	0.00403	0.00194	0.00364
21	0.00659	0.00634	0.01024	0.32391	0.34174	0.03890	0.08206	0.03420	0.00671	0.00896	0.00701	0.07881	0.02516	0.00346	0.00307	0.00096	0.00367	0.00325	0.01109	0.00387
22	0.00642	0.00603	0.02722	0.02939	0.32614	0.07314	0.00598	0.03936	0.03136	0.02680	0.00969	0.31256	0.01014	0.02636	0.02098	0.00114	0.03691	0.00467	0.00207	0.00365
23	0.29841	0.00857	0.00841	0.06274	0.21444	0.24811	0.03549	0.03808	0.00681	0.01029	0.00485	0.00604	0.00393	0.00296	0.00283	0.00089	0.03962	0.00215	0.00165	0.00374
24	0.00515	0.06698	0.18654	0.04554	0.00749	0.00459	0.02180	0.00687	0.03144	0.04225	0.17616	0.23236	0.14946	0.00585	0.00328	0.00100	0.00250	0.00507	0.00240	0.00326
25	0.88538	0.00586	0.00454	0.00402	0.00589	0.00678	0.00331	0.03804	0.00538	0.01356	0.00426	0.00492	0.00329	0.00280	0.00188	0.00092	0.00234	0.00165	0.00188	0.00329
26	0.91626	0.00577	0.00438	0.00392	0.00577	0.00669	0.00323	0.00877	0.00508	0.01338	0.00415	0.00484	0.00323	0.00277	0.00185	0.00092	0.00231	0.00161	0.00185	0.00323
27	0.00602	0.01314	0.67888	0.00954	0.13893	0.00659	0.01002	0.00896	0.00627	0.00926	0.00605	0.04751	0.00492	0.03715	0.00337	0.00102	0.00410	0.00264	0.00138	0.00426
28	0.00433	0.00337	0.00396	0.00379	0.00484	0.00284	0.00278	0.00519	0.00650	0.02374	0.10069	0.31162	0.32058	0.00688	0.00335	0.00095	0.00173	0.00598	0.00263	0.18427
29	0.00372	0.00276	0.00343	0.00383	0.00422	0.00255	0.00262	0.00432	0.00596	0.00778	0.06408	0.54667	0.21586	0.07624	0.04014	0.00142	0.00200	0.00729	0.00268	0.00243
30	0.05916	0.00382	0.00437	0.00383	0.00498	0.00365	0.00289	0.03990	0.00689	0.23687	0.05764	0.01489	0.12455	0.17431	0.00511	0.00125	0.00212	0.00367	0.24683	0.00327
31	0.00522	0.00423	0.00525	0.00571	0.08658	0.03953	0.00392	0.03910	0.03226	0.02486	0.11985	0.07963	0.18746	0.01124	0.29017	0.00222	0.00410	0.02228	0.03333	0.00306
32	0.00573	0.00337	0.00391	0.00362	0.00472	0.00294	0.00274	0.00664	0.00708	0.17855	0.11052	0.09175	0.44281	0.04143	0.00378	0.00105	0.00176	0.00536	0.07920	0.00303

[dist]
# distance from previous block
# <min> <max>
0	1

# created by:
# /share/home/app/bin/augustus-3.3.1/scripts/msa2prfl.pl /dev/shm/tmp/ogap_db/mt-Sar/msas/rps8.aln --setname=rps8
