[name]
tatC

[dist]
# distance from previous block
# <min> <max>
0	11

[block]
# block no. 0 follows, 91 sequences, length 39
# corresponding to MSA columns:
# 11-49
name=unknown_A
#
# <colnr> <probs for GDERKNQSTAVLIFYWHMCP>
#	G	D	E	R	K	N	Q	S	T	A	V	L	I	F	Y	W	H	M	C	P
0	0.00604	0.00448	0.00536	0.00513	0.00607	0.00470	0.00392	0.16379	0.07837	0.01115	0.12427	0.21841	0.04584	0.10280	0.08413	0.00171	0.00301	0.12465	0.00283	0.00333
1	0.00591	0.00527	0.00788	0.00783	0.12369	0.00536	0.12454	0.04253	0.11580	0.00979	0.04776	0.05787	0.21196	0.06478	0.13407	0.00177	0.02272	0.00453	0.00233	0.00359
2	0.00596	0.00543	0.00766	0.03592	0.25802	0.04195	0.00581	0.00743	0.03882	0.00865	0.01066	0.16321	0.07683	0.02074	0.21924	0.00208	0.08173	0.00432	0.00198	0.00357
3	0.00494	0.00402	0.00584	0.00559	0.00601	0.00497	0.00439	0.00592	0.00501	0.00731	0.00785	0.03114	0.00757	0.05623	0.65329	0.00417	0.17778	0.00342	0.00166	0.00289
4	0.00455	0.00338	0.00418	0.00440	0.00488	0.00342	0.00309	0.00599	0.08962	0.00843	0.07081	0.34479	0.08559	0.19726	0.11183	0.00206	0.00296	0.04743	0.00262	0.00273
5	0.00568	0.00525	0.00881	0.03090	0.04532	0.02098	0.25769	0.00725	0.03266	0.02467	0.03111	0.21875	0.15978	0.10281	0.02310	0.00139	0.00333	0.00544	0.01178	0.00329
6	0.00630	0.01626	0.87324	0.00896	0.01360	0.00730	0.01161	0.00995	0.00664	0.00995	0.00564	0.00664	0.00398	0.00299	0.00299	0.00100	0.00465	0.00232	0.00133	0.00465
7	0.00383	0.00295	0.00344	0.00381	0.00436	0.00263	0.00263	0.00445	0.00642	0.00810	0.02307	0.46805	0.38224	0.06322	0.00462	0.00129	0.00180	0.00768	0.00286	0.00256
8	0.00815	0.00835	0.01142	0.04954	0.58215	0.15235	0.03099	0.02367	0.00737	0.00965	0.00598	0.00786	0.00504	0.00468	0.07818	0.00127	0.00451	0.00274	0.00160	0.00450
9	0.00732	0.00772	0.00649	0.00613	0.00713	0.31999	0.00467	0.03391	0.00679	0.00782	0.00780	0.01049	0.03080	0.03606	0.48879	0.00323	0.00695	0.00299	0.00175	0.00316
10	0.00711	0.00746	0.00942	0.68964	0.04185	0.17567	0.00824	0.00895	0.00682	0.00803	0.00545	0.00784	0.00418	0.00315	0.00308	0.00100	0.00446	0.00264	0.00144	0.00356
11	0.03425	0.00338	0.00392	0.00401	0.00458	0.00325	0.00274	0.02321	0.02539	0.04619	0.05722	0.31982	0.16650	0.25806	0.00717	0.00168	0.00222	0.01315	0.02059	0.00268
12	0.00544	0.00334	0.00402	0.00398	0.00464	0.00309	0.00274	0.00605	0.01543	0.11792	0.02455	0.24274	0.22247	0.28531	0.02212	0.01422	0.00240	0.01409	0.00269	0.00275
13	0.00444	0.00345	0.00447	0.00451	0.00500	0.00366	0.00334	0.00528	0.00613	0.00839	0.09805	0.25642	0.18890	0.06416	0.20426	0.00216	0.08931	0.00577	0.03957	0.00273
14	0.00658	0.00424	0.00496	0.00466	0.00577	0.00415	0.00346	0.06015	0.13092	0.14597	0.03558	0.27527	0.21094	0.08673	0.00472	0.00128	0.00220	0.00588	0.00305	0.00349
15	0.00531	0.00379	0.00435	0.00434	0.00515	0.00372	0.00311	0.04953	0.10280	0.04954	0.03743	0.32424	0.23126	0.12686	0.00533	0.00139	0.00212	0.01200	0.02469	0.00305
16	0.00461	0.00348	0.00387	0.00392	0.00458	0.00336	0.00272	0.00597	0.09311	0.01875	0.01968	0.15564	0.32629	0.29292	0.00770	0.00175	0.00226	0.04408	0.00263	0.00268
17	0.26243	0.00631	0.00621	0.00539	0.00717	0.02483	0.00427	0.11794	0.29844	0.08535	0.06117	0.01010	0.00823	0.02887	0.00316	0.00104	0.00257	0.00300	0.05928	0.00425
18	0.05742	0.00413	0.00474	0.00453	0.00520	0.00445	0.00319	0.02174	0.21837	0.00882	0.03194	0.05026	0.02919	0.22156	0.02342	0.27405	0.00270	0.00377	0.02775	0.00276
19	0.03937	0.00381	0.00426	0.00422	0.00499	0.00381	0.00299	0.04155	0.10074	0.02579	0.07418	0.25042	0.19661	0.19958	0.00629	0.00153	0.00220	0.01294	0.02178	0.00294
20	0.00582	0.00418	0.00487	0.00468	0.00541	0.01219	0.00336	0.12596	0.05092	0.02530	0.01294	0.23234	0.06796	0.25163	0.12865	0.00219	0.00339	0.02334	0.03184	0.00301
21	0.00563	0.00489	0.00477	0.00476	0.00551	0.09974	0.00341	0.03825	0.09111	0.00920	0.09297	0.28664	0.13326	0.15220	0.00565	0.00142	0.00254	0.03734	0.01772	0.00298
22	0.00451	0.00313	0.00365	0.00371	0.00396	0.00306	0.00233	0.01930	0.00567	0.00755	0.10253	0.15496	0.08240	0.56360	0.01150	0.00234	0.00259	0.01863	0.00234	0.00225
23	0.00556	0.00403	0.00460	0.00442	0.00526	0.00402	0.00318	0.12246	0.05308	0.02818	0.07771	0.27068	0.19989	0.17707	0.01413	0.00152	0.00232	0.00601	0.01283	0.00306
24	0.00604	0.00503	0.00518	0.00478	0.00605	0.04786	0.00365	0.04334	0.24575	0.03420	0.21948	0.06095	0.29300	0.00615	0.00350	0.00104	0.00213	0.00519	0.00309	0.00360
25	0.06650	0.00547	0.00579	0.00498	0.00658	0.00581	0.00394	0.21249	0.16946	0.07326	0.05758	0.02291	0.15304	0.00470	0.00301	0.00095	0.00230	0.00378	0.19339	0.00404
26	0.00480	0.00359	0.00510	0.00500	0.00565	0.00410	0.00387	0.04438	0.00556	0.00786	0.00941	0.01323	0.04322	0.06079	0.76293	0.00461	0.00767	0.00353	0.00181	0.00288
27	0.00681	0.00545	0.00650	0.03191	0.00734	0.04014	0.03384	0.05432	0.23947	0.05998	0.02811	0.08640	0.04803	0.12860	0.16536	0.00207	0.04540	0.00411	0.00249	0.00366
28	0.00451	0.00329	0.00468	0.00468	0.00511	0.00373	0.00346	0.00537	0.00494	0.00702	0.00876	0.01423	0.00868	0.22216	0.67961	0.00459	0.00719	0.00364	0.00173	0.00260
29	0.00837	0.00760	0.01194	0.03331	0.68695	0.00781	0.00887	0.13603	0.04728	0.01177	0.00646	0.00794	0.00523	0.00302	0.00312	0.00094	0.00365	0.00284	0.00186	0.00501
30	0.00734	0.19131	0.31993	0.00935	0.02928	0.05095	0.26119	0.01001	0.03623	0.00931	0.00598	0.00758	0.00475	0.03925	0.00354	0.00103	0.00447	0.00273	0.00152	0.00426
31	0.10170	0.00752	0.08364	0.00751	0.00984	0.02094	0.19124	0.13833	0.12062	0.09283	0.12129	0.01082	0.02096	0.00464	0.03906	0.00116	0.00359	0.00341	0.00254	0.01837
32	0.00381	0.00286	0.00354	0.00407	0.00448	0.00259	0.00279	0.00444	0.00637	0.00824	0.03937	0.65351	0.23392	0.00930	0.00393	0.00122	0.00176	0.00829	0.00293	0.00259
33	0.00387	0.00304	0.00347	0.00367	0.00438	0.00267	0.00262	0.00464	0.00692	0.00877	0.12930	0.30795	0.46183	0.03698	0.00421	0.00119	0.00170	0.00720	0.00295	0.00264
34	0.00486	0.00349	0.00443	0.00431	0.00458	0.00383	0.00294	0.03094	0.00506	0.00699	0.00908	0.01675	0.00970	0.52431	0.31582	0.00361	0.04107	0.00402	0.00184	0.00239
35	0.00472	0.00374	0.00418	0.00433	0.00507	0.02279	0.00314	0.06051	0.03439	0.00934	0.06787	0.40455	0.29039	0.03314	0.00414	0.00121	0.00202	0.03868	0.00291	0.00288
36	0.00412	0.00297	0.00363	0.00399	0.00432	0.00278	0.00268	0.00467	0.00608	0.00798	0.07820	0.42028	0.14827	0.24282	0.00714	0.00170	0.00214	0.05107	0.00269	0.00244
37	0.10410	0.00349	0.00389	0.00403	0.00479	0.00342	0.00290	0.00589	0.04628	0.00993	0.17830	0.34421	0.20933	0.03613	0.00396	0.00117	0.00184	0.00646	0.02702	0.00285
38	0.00774	0.04081	0.06426	0.04823	0.11853	0.13083	0.12788	0.04960	0.02902	0.00991	0.00671	0.00795	0.03275	0.00331	0.00328	0.03804	0.00373	0.00261	0.00178	0.27304

[dist]
# distance from previous block
# <min> <max>
0	10

[block]
# block no. 1 follows, 91 sequences, length 81
# corresponding to MSA columns:
# 60-140
name=unknown_B
#
# <colnr> <probs for GDERKNQSTAVLIFYWHMCP>
#	G	D	E	R	K	N	Q	S	T	A	V	L	I	F	Y	W	H	M	C	P
0	0.00920	0.04971	0.01668	0.01949	0.17207	0.22906	0.09781	0.10376	0.09467	0.06084	0.00782	0.03127	0.01948	0.02655	0.02503	0.00109	0.00416	0.01143	0.00212	0.01776
1	0.31499	0.04026	0.02954	0.00613	0.04289	0.05919	0.00489	0.08571	0.06399	0.04843	0.04299	0.02039	0.05851	0.00444	0.00350	0.00105	0.08152	0.08550	0.00231	0.00378
2	0.00513	0.00438	0.02632	0.00522	0.02748	0.04494	0.02504	0.02379	0.05030	0.02363	0.05815	0.49357	0.08474	0.09275	0.00491	0.00134	0.00237	0.00680	0.01617	0.00296
3	0.00864	0.02971	0.00892	0.00858	0.16574	0.05236	0.02674	0.29984	0.02845	0.01294	0.00771	0.07152	0.00680	0.05987	0.00384	0.00100	0.00327	0.01574	0.00234	0.18599
4	0.00573	0.00508	0.00692	0.00635	0.00678	0.02847	0.00511	0.02799	0.00531	0.00772	0.00675	0.01007	0.00634	0.01599	0.51770	0.00350	0.32637	0.00310	0.00161	0.00312
5	0.00454	0.00305	0.00347	0.00348	0.00353	0.00306	0.00199	0.00460	0.00466	0.00621	0.01046	0.03342	0.03044	0.83244	0.03992	0.00303	0.00315	0.00465	0.00194	0.00196
6	0.00386	0.00316	0.00340	0.00341	0.00435	0.00270	0.00253	0.00476	0.00741	0.00922	0.18487	0.08688	0.65692	0.00781	0.00373	0.00106	0.00159	0.00661	0.00302	0.00270
7	0.00723	0.00529	0.00594	0.00522	0.00635	0.00577	0.00387	0.22832	0.16307	0.03046	0.01042	0.03900	0.02978	0.32546	0.11788	0.00225	0.00365	0.00393	0.00253	0.00358
8	0.00817	0.00671	0.00714	0.00635	0.00817	0.00768	0.00496	0.03605	0.79878	0.05229	0.01281	0.01173	0.01637	0.00427	0.00320	0.00106	0.00251	0.00354	0.00323	0.00498
9	0.27222	0.17864	0.06647	0.00643	0.00861	0.34738	0.00553	0.06440	0.00762	0.01042	0.00485	0.00557	0.00394	0.00306	0.00245	0.00085	0.00408	0.00194	0.00174	0.00382
10	0.00401	0.00307	0.00368	0.00380	0.00450	0.00274	0.00275	0.00498	0.00746	0.00984	0.32867	0.27437	0.32287	0.00795	0.00380	0.00110	0.00162	0.00695	0.00311	0.00274
11	0.02742	0.00673	0.00709	0.00629	0.00811	0.00770	0.00491	0.05830	0.76284	0.01343	0.03342	0.01155	0.00964	0.00422	0.00316	0.00104	0.00251	0.00349	0.00315	0.02502
12	0.00655	0.11948	0.77219	0.00854	0.01295	0.00791	0.01088	0.00989	0.00661	0.00965	0.00549	0.00645	0.00399	0.00295	0.00287	0.00096	0.00449	0.00225	0.00133	0.00457
13	0.00397	0.00322	0.00351	0.00350	0.00443	0.00281	0.00260	0.00500	0.02010	0.00931	0.19655	0.07510	0.60715	0.03041	0.00405	0.00112	0.00165	0.01979	0.00300	0.00273
14	0.00450	0.00302	0.00345	0.00352	0.00354	0.00300	0.00201	0.00455	0.00472	0.00629	0.01064	0.10678	0.01236	0.80205	0.01481	0.00287	0.00293	0.00501	0.00201	0.00197
15	0.00597	0.00464	0.00506	0.00467	0.00545	0.04813	0.02159	0.09749	0.04831	0.02824	0.03658	0.09656	0.12805	0.38390	0.05259	0.00211	0.00315	0.02222	0.00240	0.00289
16	0.00666	0.00531	0.00576	0.00532	0.00663	0.02774	0.00406	0.01166	0.43232	0.04901	0.24434	0.09530	0.06171	0.00550	0.00340	0.00105	0.00218	0.00471	0.02333	0.00403
17	0.00581	0.00545	0.00559	0.00546	0.00615	0.16335	0.00413	0.00677	0.00574	0.00728	0.00809	0.03130	0.00775	0.09282	0.62504	0.00402	0.00732	0.00335	0.00172	0.00288
18	0.00408	0.00303	0.00358	0.00381	0.00431	0.00278	0.00263	0.00474	0.00646	0.00838	0.12746	0.29728	0.27668	0.19975	0.00650	0.00157	0.00202	0.03966	0.00277	0.00251
19	0.00677	0.00820	0.12253	0.02998	0.12131	0.05125	0.28748	0.01676	0.00672	0.00921	0.02843	0.04288	0.01541	0.05926	0.09864	0.00161	0.08450	0.00351	0.00168	0.00387
20	0.00394	0.00293	0.00360	0.00405	0.00449	0.00268	0.00281	0.00458	0.00633	0.00818	0.04545	0.53178	0.23306	0.08312	0.00495	0.00137	0.00191	0.04936	0.00285	0.00255
21	0.00848	0.00599	0.03051	0.00512	0.00682	0.02662	0.00421	0.28398	0.06702	0.08560	0.02754	0.01278	0.12693	0.00437	0.00293	0.00090	0.00249	0.00348	0.29015	0.00408
22	0.00636	0.00469	0.00544	0.00490	0.00611	0.00480	0.02397	0.08124	0.19822	0.07087	0.04491	0.08504	0.24566	0.15856	0.04370	0.00158	0.00268	0.00496	0.00283	0.00351
23	0.00536	0.00399	0.00424	0.00402	0.00458	0.02511	0.00268	0.09141	0.01914	0.00839	0.03325	0.06925	0.16065	0.51223	0.03009	0.00228	0.00289	0.00490	0.01298	0.00256
24	0.00424	0.00325	0.00373	0.00382	0.00450	0.00300	0.00270	0.01983	0.03175	0.00907	0.16365	0.25094	0.35389	0.12474	0.00539	0.00137	0.00189	0.00665	0.00289	0.00269
25	0.07856	0.00744	0.00790	0.00635	0.00848	0.02993	0.00514	0.47625	0.11254	0.12478	0.03300	0.03191	0.00715	0.00418	0.00329	0.02349	0.00305	0.00309	0.02866	0.00481
26	0.00712	0.00675	0.00602	0.00606	0.05205	0.20263	0.00415	0.04673	0.11155	0.02622	0.03553	0.11034	0.10530	0.23592	0.00663	0.00154	0.00328	0.02655	0.00236	0.00327
27	0.01615	0.00670	0.01013	0.00801	0.00980	0.03946	0.26335	0.19462	0.03727	0.01114	0.00872	0.06326	0.02088	0.10283	0.15286	0.00194	0.02440	0.02250	0.00216	0.00381
28	0.00441	0.00328	0.00364	0.00365	0.00428	0.00310	0.00253	0.00543	0.04521	0.00850	0.11019	0.08067	0.33179	0.29488	0.01630	0.00175	0.00221	0.02939	0.04625	0.00256
29	0.19488	0.00497	0.00515	0.00480	0.00605	0.00540	0.00365	0.08811	0.18446	0.02584	0.08331	0.19531	0.04574	0.04816	0.01878	0.00121	0.00236	0.00452	0.07373	0.00358
30	0.00437	0.00337	0.00398	0.00411	0.00481	0.00323	0.00295	0.02656	0.05101	0.00906	0.11344	0.31568	0.29964	0.06310	0.07841	0.00158	0.00242	0.00665	0.00283	0.00281
31	0.10543	0.00478	0.00633	0.00532	0.00683	0.00455	0.10416	0.01584	0.06664	0.01862	0.09538	0.12155	0.15637	0.07231	0.02903	0.02504	0.00268	0.00451	0.00241	0.15219
32	0.00446	0.00349	0.00438	0.00436	0.00512	0.00338	0.02427	0.02043	0.03493	0.00864	0.06608	0.18756	0.31348	0.11169	0.13079	0.00193	0.00303	0.06659	0.00263	0.00277
33	0.01402	0.00393	0.00456	0.00456	0.01541	0.00389	0.00322	0.05927	0.10298	0.04449	0.07465	0.30114	0.20831	0.13833	0.00549	0.00141	0.00217	0.00620	0.00286	0.00310
34	0.02556	0.00333	0.00392	0.00405	0.00464	0.00318	0.00281	0.03710	0.00656	0.03812	0.06578	0.36835	0.18351	0.16648	0.03049	0.00159	0.00225	0.00650	0.04306	0.00272
35	0.00496	0.00393	0.00477	0.00472	0.00556	0.00419	0.00354	0.02154	0.16600	0.00897	0.02424	0.16266	0.20134	0.05825	0.30773	0.00258	0.00428	0.00513	0.00250	0.00313
36	0.00691	0.00746	0.01455	0.01096	0.01294	0.00790	0.53234	0.00880	0.00654	0.00916	0.00680	0.09396	0.00615	0.00417	0.00562	0.00117	0.25512	0.00395	0.00166	0.00385
37	0.00515	0.00392	0.00442	0.00435	0.00521	0.00388	0.00315	0.09227	0.08702	0.01005	0.07408	0.30753	0.26615	0.08831	0.00479	0.00129	0.00206	0.00637	0.02693	0.00307
38	0.00515	0.00314	0.00422	0.00423	0.00458	0.00317	0.00291	0.00533	0.00529	0.05573	0.04656	0.15358	0.03050	0.25150	0.20346	0.20778	0.00386	0.00459	0.00209	0.00234
39	0.00463	0.00346	0.00432	0.00440	0.00496	0.00334	0.02107	0.04423	0.02915	0.00889	0.09367	0.37931	0.14497	0.19170	0.00638	0.00157	0.00223	0.04628	0.00274	0.00271
40	0.00457	0.00305	0.00343	0.00343	0.00343	0.00305	0.00190	0.00457	0.00457	0.00609	0.00990	0.02057	0.01143	0.88953	0.01600	0.00305	0.00305	0.00457	0.00190	0.00190
41	0.00415	0.00294	0.00364	0.00410	0.00434	0.00282	0.00268	0.00481	0.02754	0.00781	0.01610	0.59154	0.06562	0.21705	0.00676	0.00166	0.00211	0.00750	0.02434	0.00248
42	0.00833	0.00638	0.00829	0.27105	0.06807	0.00706	0.00631	0.29023	0.05984	0.06876	0.01084	0.04773	0.10688	0.00435	0.00325	0.00101	0.00328	0.01272	0.01135	0.00426
43	0.02987	0.03136	0.03507	0.00656	0.07810	0.02615	0.03196	0.06822	0.02487	0.01065	0.00744	0.10851	0.00691	0.00360	0.00277	0.00073	0.00276	0.02235	0.00206	0.50008
44	0.75686	0.00619	0.00523	0.00450	0.00653	0.00698	0.00371	0.06722	0.00637	0.10451	0.00543	0.00586	0.00399	0.00308	0.00215	0.00097	0.00253	0.00193	0.00223	0.00374
45	0.00385	0.00275	0.00367	0.00440	0.00459	0.00257	0.00295	0.00441	0.00604	0.00805	0.01731	0.87315	0.02074	0.00983	0.00402	0.00128	0.00184	0.02306	0.00292	0.00256
46	0.00499	0.00404	0.00516	0.00509	0.00570	0.04693	0.00387	0.00630	0.03983	0.00743	0.00857	0.01282	0.00810	0.10838	0.71275	0.00448	0.00751	0.00343	0.00176	0.00284
47	0.00761	0.03252	0.01825	0.04620	0.37602	0.02864	0.02958	0.04466	0.02609	0.08794	0.00999	0.03411	0.09987	0.02155	0.07809	0.00135	0.02857	0.00345	0.00206	0.02345
48	0.00622	0.00512	0.00646	0.03011	0.14263	0.04319	0.00456	0.08651	0.04203	0.00882	0.00879	0.01389	0.02243	0.31464	0.24822	0.00280	0.00477	0.00363	0.00195	0.00322
49	0.00630	0.01626	0.87324	0.00896	0.01360	0.00730	0.01161	0.00995	0.00664	0.00995	0.00564	0.00664	0.00398	0.00299	0.00299	0.00100	0.00465	0.00232	0.00133	0.00465
50	0.00852	0.00645	0.00650	0.00579	0.00713	0.16410	0.00451	0.09320	0.02037	0.18515	0.00983	0.03099	0.04466	0.04744	0.34777	0.00264	0.00551	0.00334	0.00238	0.00371
51	0.00740	0.00714	0.02033	0.06372	0.25043	0.14300	0.01689	0.05062	0.05756	0.03141	0.01003	0.09768	0.07223	0.10770	0.04889	0.00143	0.00380	0.00386	0.00207	0.00381
52	0.00609	0.00516	0.00705	0.02245	0.13080	0.02454	0.06260	0.00862	0.15877	0.04276	0.02300	0.09530	0.19190	0.06572	0.13915	0.00180	0.00366	0.00460	0.00241	0.00362
53	0.00503	0.00346	0.00393	0.00398	0.00468	0.00333	0.00281	0.03013	0.05819	0.04059	0.02669	0.27236	0.24400	0.16040	0.01963	0.00149	0.00215	0.00603	0.10828	0.00285
54	0.00596	0.00517	0.00777	0.08116	0.28659	0.02423	0.03928	0.00708	0.00644	0.02783	0.01197	0.19915	0.10130	0.17527	0.00586	0.00144	0.00309	0.00487	0.00210	0.00346
55	0.00844	0.00846	0.00842	0.00946	0.21656	0.24297	0.00593	0.10886	0.08860	0.01021	0.01489	0.07672	0.03073	0.08822	0.04101	0.00131	0.01051	0.00343	0.00211	0.02317
56	0.00455	0.00318	0.00376	0.00387	0.00446	0.00294	0.00269	0.01476	0.00637	0.04148	0.06202	0.26676	0.29578	0.19903	0.04105	0.02491	0.00234	0.01477	0.00268	0.00259
57	0.00445	0.00310	0.00397	0.00425	0.00459	0.00309	0.00289	0.00517	0.02413	0.02687	0.01458	0.41489	0.07084	0.23785	0.16219	0.00238	0.00333	0.00643	0.00247	0.00255
58	0.00493	0.00408	0.00524	0.04604	0.08660	0.00396	0.02526	0.02717	0.04354	0.00886	0.06262	0.05142	0.39162	0.18708	0.02808	0.00155	0.00256	0.00529	0.01111	0.00298
59	0.04473	0.00483	0.00516	0.00485	0.00602	0.02761	0.00365	0.04658	0.22828	0.05983	0.09770	0.16325	0.17915	0.06305	0.01777	0.00126	0.00235	0.01694	0.02343	0.00356
60	0.06961	0.00563	0.00596	0.00521	0.00659	0.04821	0.00397	0.14039	0.12640	0.14064	0.02936	0.03629	0.08189	0.19075	0.08778	0.00181	0.00338	0.00967	0.00269	0.00376
61	0.00457	0.00342	0.00387	0.00384	0.00464	0.00318	0.00276	0.02665	0.04044	0.02889	0.13889	0.17421	0.39827	0.13210	0.01889	0.00142	0.00203	0.00627	0.00287	0.00280
62	0.06331	0.00342	0.00368	0.00371	0.00440	0.00328	0.00256	0.01813	0.02090	0.02761	0.01858	0.19847	0.30285	0.25926	0.00706	0.00165	0.00217	0.00581	0.05053	0.00262
63	0.02599	0.00466	0.00482	0.00472	0.01941	0.06569	0.00319	0.08608	0.02520	0.02375	0.06735	0.16776	0.04392	0.38802	0.03559	0.00203	0.00301	0.00492	0.02104	0.00282
64	0.00677	0.00639	0.00573	0.00552	0.00620	0.24068	0.00404	0.00726	0.02784	0.00704	0.00735	0.05336	0.00714	0.07378	0.29344	0.23456	0.00537	0.00320	0.00170	0.00265
65	0.00552	0.00407	0.00458	0.00442	0.00535	0.00412	0.00324	0.03425	0.17609	0.04133	0.07587	0.13484	0.23404	0.17973	0.01630	0.00152	0.00231	0.04327	0.02596	0.00318
66	0.00478	0.00334	0.00377	0.00386	0.00437	0.01655	0.00267	0.02492	0.00616	0.00862	0.03834	0.20892	0.15199	0.23194	0.10464	0.00199	0.00286	0.00537	0.17232	0.00260
67	0.00695	0.00507	0.00566	0.00511	0.00632	0.00526	0.00384	0.26564	0.07196	0.03631	0.01558	0.28045	0.16278	0.10815	0.00499	0.00132	0.00249	0.00561	0.00292	0.00360
68	0.00511	0.00418	0.00478	0.00456	0.00555	0.02350	0.00349	0.04886	0.10118	0.00942	0.09195	0.01956	0.31878	0.04129	0.30072	0.00246	0.00423	0.00474	0.00253	0.00312
69	0.00610	0.00530	0.00509	0.00482	0.00581	0.10452	0.00356	0.06241	0.11170	0.01806	0.05961	0.11445	0.22158	0.13326	0.09664	0.00173	0.00324	0.00489	0.03406	0.00318
70	0.02276	0.00355	0.00397	0.00403	0.00456	0.01083	0.00274	0.05573	0.01478	0.00832	0.01636	0.25315	0.19390	0.33464	0.02995	0.00195	0.00256	0.02530	0.00834	0.00257
71	0.01200	0.00385	0.00446	0.00428	0.00521	0.00370	0.00313	0.07444	0.04791	0.07317	0.13332	0.24983	0.25436	0.09597	0.00488	0.00129	0.00206	0.00611	0.01690	0.00313
72	0.00628	0.00538	0.00563	0.00588	0.07010	0.11755	0.00381	0.04391	0.00622	0.02172	0.03367	0.07621	0.02841	0.37469	0.10496	0.02786	0.03867	0.00410	0.02215	0.00283
73	0.00662	0.00674	0.05616	0.00742	0.13030	0.07278	0.02620	0.00875	0.08927	0.00974	0.03132	0.02482	0.09592	0.04891	0.06403	0.00119	0.00336	0.00318	0.00205	0.31124
74	0.00625	0.00521	0.00571	0.00607	0.08515	0.07920	0.00412	0.07780	0.02649	0.04185	0.03621	0.14167	0.27098	0.05651	0.05159	0.03357	0.00295	0.04366	0.00255	0.02246
75	0.02612	0.00347	0.00373	0.00387	0.00463	0.02447	0.00278	0.00521	0.00674	0.03293	0.06150	0.28182	0.42142	0.08024	0.00474	0.00128	0.00196	0.02755	0.00283	0.00270
76	0.00414	0.00319	0.00363	0.00370	0.00445	0.00288	0.00265	0.00511	0.02413	0.01749	0.16435	0.19085	0.44066	0.09082	0.02649	0.00137	0.00195	0.00655	0.00290	0.00269
77	0.00707	0.00656	0.00964	0.03445	0.16059	0.01531	0.13602	0.02687	0.02816	0.01040	0.00597	0.00724	0.00485	0.00257	0.00275	0.00068	0.00315	0.00240	0.00181	0.53350
78	0.02663	0.00508	0.00519	0.00500	0.00570	0.10110	0.00369	0.00720	0.06734	0.02653	0.10701	0.16092	0.09085	0.15970	0.07281	0.02097	0.07441	0.03216	0.02477	0.00295
79	0.03043	0.00520	0.02541	0.00527	0.02748	0.00520	0.00395	0.23210	0.04765	0.01175	0.01863	0.17855	0.14595	0.14938	0.00541	0.00137	0.00257	0.02634	0.07387	0.00348
80	0.00536	0.00283	0.00420	0.02639	0.00460	0.00287	0.00291	0.00434	0.00435	0.00588	0.00635	0.06049	0.00645	0.01083	0.03568	0.78467	0.00284	0.00311	0.02426	0.00157

[dist]
# distance from previous block
# <min> <max>
0	1

[block]
# block no. 2 follows, 91 sequences, length 7
# corresponding to MSA columns:
# 142-148
name=unknown_C
#
# <colnr> <probs for GDERKNQSTAVLIFYWHMCP>
#	G	D	E	R	K	N	Q	S	T	A	V	L	I	F	Y	W	H	M	C	P
0	0.04214	0.08170	0.16946	0.04537	0.16845	0.12289	0.07489	0.02713	0.02625	0.02782	0.05186	0.04402	0.02766	0.07230	0.00405	0.00111	0.00387	0.00319	0.00185	0.00400
1	0.00473	0.00344	0.00405	0.00411	0.00447	0.00354	0.00270	0.00602	0.10008	0.00773	0.04543	0.19214	0.05269	0.46064	0.09241	0.00250	0.00312	0.00535	0.00233	0.00253
2	0.00447	0.00300	0.00346	0.00356	0.00358	0.00298	0.00204	0.00454	0.00477	0.00636	0.01093	0.13987	0.01272	0.76847	0.01435	0.00280	0.00288	0.00517	0.00204	0.00199
3	0.00635	0.00508	0.00574	0.00538	0.00630	0.04380	0.00405	0.17820	0.05384	0.01049	0.03186	0.28040	0.06133	0.07040	0.18408	0.00206	0.03951	0.00521	0.00255	0.00335
4	0.06015	0.00977	0.05945	0.00787	0.06730	0.23832	0.00608	0.16255	0.24793	0.07686	0.00819	0.00826	0.00613	0.00366	0.00316	0.00096	0.02356	0.00275	0.00249	0.00457
5	0.00455	0.03979	0.00468	0.00430	0.00475	0.00379	0.00307	0.00516	0.00536	0.00718	0.01292	0.15255	0.11861	0.29689	0.29327	0.00303	0.03055	0.00494	0.00208	0.00253
6	0.04841	0.00980	0.01114	0.00867	0.01108	0.22832	0.22654	0.27863	0.05537	0.04780	0.00683	0.00752	0.00508	0.00329	0.00313	0.00093	0.00433	0.00282	0.00229	0.03802

[dist]
# distance from previous block
# <min> <max>
1	7

[block]
# block no. 3 follows, 91 sequences, length 32
# corresponding to MSA columns:
# 157-188
name=unknown_D
#
# <colnr> <probs for GDERKNQSTAVLIFYWHMCP>
#	G	D	E	R	K	N	Q	S	T	A	V	L	I	F	Y	W	H	M	C	P
0	0.06870	0.00534	0.00628	0.00525	0.00708	0.01881	0.03112	0.07979	0.07875	0.13608	0.01223	0.20779	0.08542	0.00509	0.00312	0.00092	0.00246	0.00433	0.00270	0.23872
1	0.00412	0.00357	0.03129	0.00385	0.00466	0.00299	0.00288	0.00512	0.02786	0.00871	0.11978	0.23199	0.41308	0.11941	0.00530	0.00135	0.00194	0.00660	0.00281	0.00269
2	0.05129	0.11779	0.00962	0.00720	0.02085	0.20024	0.03248	0.14183	0.12791	0.03698	0.00668	0.00779	0.00546	0.03840	0.00463	0.00105	0.15583	0.00262	0.00210	0.02925
3	0.00397	0.00295	0.00353	0.00386	0.00430	0.00269	0.00261	0.00457	0.00634	0.00823	0.09065	0.44101	0.25426	0.14915	0.00581	0.00148	0.00193	0.00734	0.00280	0.00251
4	0.00646	0.00546	0.00698	0.00620	0.00724	0.00642	0.03644	0.06616	0.26527	0.00997	0.00980	0.01215	0.03497	0.09150	0.27985	0.00254	0.14312	0.00352	0.00225	0.00370
5	0.00443	0.00299	0.00347	0.00361	0.00364	0.00295	0.00209	0.00453	0.00484	0.00646	0.01130	0.18323	0.01318	0.72448	0.01375	0.00272	0.00282	0.00539	0.00209	0.00203
6	0.00630	0.01626	0.87324	0.00896	0.01360	0.00730	0.01161	0.00995	0.00664	0.00995	0.00564	0.00664	0.00398	0.00299	0.00299	0.00100	0.00465	0.00232	0.00133	0.00465
7	0.04396	0.00578	0.00676	0.00514	0.00767	0.00501	0.00413	0.02921	0.12178	0.21003	0.00812	0.00815	0.00600	0.00300	0.00264	0.00069	0.00246	0.00240	0.00254	0.52453
8	0.00710	0.00684	0.01131	0.37427	0.50358	0.02453	0.00920	0.00904	0.00683	0.00930	0.00576	0.00799	0.00464	0.00295	0.00312	0.00098	0.00396	0.00278	0.00149	0.00434
9	0.00398	0.00296	0.00360	0.00397	0.00443	0.00271	0.00275	0.00464	0.00644	0.00835	0.08795	0.45668	0.24693	0.10994	0.00530	0.00141	0.00192	0.04064	0.00284	0.00255
10	0.00942	0.08249	0.00936	0.00759	0.02739	0.40411	0.07185	0.02414	0.05058	0.06767	0.00841	0.06520	0.05623	0.00501	0.04366	0.00112	0.05686	0.00313	0.00200	0.00378
11	0.00839	0.35906	0.28751	0.00745	0.02072	0.17954	0.02390	0.02392	0.04641	0.00881	0.00536	0.00612	0.00432	0.00298	0.00260	0.00084	0.00423	0.00211	0.00151	0.00423
12	0.00459	0.00349	0.00513	0.00508	0.00559	0.00410	0.00392	0.00563	0.00501	0.00724	0.00834	0.01263	0.00793	0.07453	0.79181	0.00479	0.04233	0.00342	0.00169	0.00278
13	0.00417	0.00301	0.00366	0.00400	0.00431	0.00287	0.00264	0.00483	0.02440	0.00788	0.05907	0.45094	0.12012	0.26814	0.00748	0.00176	0.00217	0.02344	0.00265	0.00245
14	0.00838	0.11042	0.02498	0.01892	0.10056	0.22495	0.02382	0.02373	0.16258	0.04160	0.08113	0.03925	0.02335	0.01613	0.03311	0.00112	0.04639	0.01339	0.00220	0.00401
15	0.00531	0.00436	0.00564	0.00516	0.00532	0.01661	0.02170	0.00570	0.00481	0.00674	0.00807	0.01551	0.00884	0.51817	0.12518	0.00280	0.23197	0.00389	0.00173	0.00249
16	0.00410	0.00309	0.00383	0.00401	0.00454	0.00300	0.00284	0.00482	0.00608	0.00797	0.06875	0.24487	0.26837	0.14921	0.20755	0.00234	0.00345	0.00609	0.00251	0.00256
17	0.00643	0.00596	0.00912	0.03351	0.20113	0.01866	0.15111	0.00921	0.16759	0.00972	0.04774	0.04035	0.10178	0.16711	0.00580	0.00140	0.01325	0.00413	0.00220	0.00380
18	0.00875	0.04531	0.08377	0.00932	0.05128	0.16441	0.22406	0.15664	0.10383	0.01133	0.01669	0.00851	0.02269	0.00418	0.03422	0.00112	0.04449	0.00302	0.00205	0.00433
19	0.00544	0.00404	0.00466	0.00456	0.00531	0.00409	0.00324	0.12833	0.06620	0.01012	0.08194	0.35974	0.12530	0.17502	0.00604	0.00150	0.00228	0.00631	0.00282	0.00304
20	0.03554	0.00686	0.00584	0.00555	0.00638	0.26011	0.00407	0.01497	0.00631	0.03125	0.00803	0.04459	0.00789	0.21780	0.32798	0.00292	0.00572	0.00340	0.00184	0.00294
21	0.00585	0.00502	0.01698	0.00710	0.12799	0.01496	0.01601	0.03345	0.14542	0.01696	0.02347	0.07495	0.14556	0.10493	0.22040	0.00226	0.02859	0.00432	0.00229	0.00350
22	0.03053	0.00399	0.00510	0.00485	0.00588	0.00394	0.02904	0.06067	0.02899	0.08064	0.03665	0.24113	0.23407	0.01033	0.16461	0.00185	0.00334	0.04846	0.00274	0.00320
23	0.00474	0.00340	0.00388	0.00407	0.00475	0.00329	0.00290	0.04406	0.05793	0.00947	0.01884	0.41673	0.22689	0.04081	0.00402	0.00118	0.00187	0.00669	0.14159	0.00288
24	0.04491	0.00624	0.00563	0.00525	0.00633	0.15698	0.00391	0.04669	0.16710	0.01003	0.09726	0.06273	0.07665	0.12331	0.10371	0.01834	0.00357	0.00399	0.05406	0.00335
25	0.00472	0.00345	0.00402	0.00409	0.00475	0.00338	0.00288	0.00617	0.09141	0.02975	0.04516	0.25683	0.24585	0.18480	0.07219	0.00180	0.00257	0.00608	0.02728	0.00280
26	0.07490	0.00609	0.00595	0.00534	0.00672	0.09554	0.00418	0.20845	0.04058	0.01179	0.06097	0.07380	0.18108	0.00853	0.15010	0.00168	0.00374	0.02737	0.02961	0.00359
27	0.00510	0.00327	0.00379	0.00387	0.00424	0.00326	0.00253	0.02143	0.03925	0.03215	0.01228	0.25136	0.02106	0.40962	0.02415	0.00204	0.00251	0.00536	0.15018	0.00255
28	0.00636	0.00635	0.00990	0.00749	0.00970	0.03791	0.27851	0.00792	0.00685	0.00943	0.01112	0.05198	0.16375	0.01673	0.00386	0.00091	0.06368	0.00376	0.00197	0.30181
29	0.04133	0.00390	0.00448	0.00422	0.00518	0.00394	0.00315	0.06776	0.03494	0.07338	0.05193	0.10890	0.17568	0.12016	0.13650	0.00186	0.00308	0.00465	0.15183	0.00313
30	0.00456	0.00319	0.00380	0.00392	0.00436	0.00302	0.00261	0.00531	0.02658	0.01868	0.10091	0.29901	0.09966	0.32325	0.00808	0.00180	0.00225	0.01668	0.03626	0.03605
31	0.02782	0.00372	0.00436	0.00424	0.00513	0.00359	0.00311	0.00705	0.08261	0.09723	0.09713	0.17373	0.24588	0.15256	0.04482	0.00160	0.00243	0.03708	0.00285	0.00306

[dist]
# distance from previous block
# <min> <max>
0	1

[block]
# block no. 4 follows, 91 sequences, length 6
# corresponding to MSA columns:
# 190-195
name=unknown_E
#
# <colnr> <probs for GDERKNQSTAVLIFYWHMCP>
#	G	D	E	R	K	N	Q	S	T	A	V	L	I	F	Y	W	H	M	C	P
0	0.03151	0.00392	0.00454	0.00450	0.00539	0.00391	0.00333	0.02923	0.13249	0.04538	0.14838	0.25754	0.17705	0.08267	0.00472	0.00129	0.00209	0.05591	0.00297	0.00317
1	0.00443	0.00330	0.00405	0.00433	0.00487	0.00310	0.00299	0.03016	0.03507	0.00876	0.05645	0.58670	0.10474	0.08040	0.00480	0.00132	0.00198	0.00745	0.00282	0.05228
2	0.07644	0.00670	0.00596	0.00571	0.04091	0.16722	0.00407	0.10903	0.07520	0.01015	0.03769	0.01576	0.20537	0.17626	0.04887	0.00157	0.00341	0.00397	0.00236	0.00336
3	0.00543	0.00378	0.00448	0.00444	0.00515	0.00378	0.00316	0.05619	0.07468	0.05599	0.01598	0.27501	0.15458	0.22049	0.07954	0.00193	0.00285	0.02690	0.00266	0.00295
4	0.00463	0.00346	0.00400	0.00405	0.00465	0.00335	0.00280	0.03976	0.05740	0.00903	0.13000	0.27999	0.20777	0.22672	0.00680	0.00160	0.00214	0.00635	0.00276	0.00272
5	0.00535	0.04082	0.07409	0.00654	0.00799	0.00477	0.18910	0.02628	0.00664	0.00888	0.01399	0.31988	0.11277	0.09958	0.00496	0.00133	0.00303	0.04229	0.02855	0.00317

[dist]
# distance from previous block
# <min> <max>
0	2

[block]
# block no. 5 follows, 91 sequences, length 6
# corresponding to MSA columns:
# 198-203
name=unknown_F
#
# <colnr> <probs for GDERKNQSTAVLIFYWHMCP>
#	G	D	E	R	K	N	Q	S	T	A	V	L	I	F	Y	W	H	M	C	P
0	0.05182	0.03303	0.00672	0.05865	0.05003	0.14407	0.00468	0.09928	0.05398	0.02851	0.09992	0.11280	0.11385	0.04445	0.07062	0.00140	0.00349	0.01676	0.00244	0.00353
1	0.05644	0.05224	0.00736	0.00710	0.10237	0.18749	0.00495	0.07834	0.00736	0.00938	0.03173	0.01245	0.13384	0.04811	0.22656	0.00207	0.02332	0.00338	0.00200	0.00348
2	0.04637	0.00631	0.03545	0.05170	0.09248	0.02741	0.00515	0.02934	0.38917	0.03743	0.01273	0.06640	0.09390	0.08697	0.00441	0.00123	0.00279	0.00398	0.00265	0.00415
3	0.00921	0.03167	0.05405	0.02702	0.16117	0.31865	0.06484	0.09464	0.08541	0.01030	0.00725	0.02789	0.02936	0.00346	0.00302	0.00089	0.00425	0.00279	0.00195	0.06217
4	0.00565	0.00441	0.00606	0.07029	0.12015	0.00452	0.00467	0.00727	0.07075	0.05944	0.04894	0.26578	0.18992	0.03009	0.00432	0.00119	0.05031	0.05026	0.00262	0.00337
5	0.00772	0.02700	0.05133	0.05599	0.29253	0.09072	0.09465	0.09836	0.02742	0.01033	0.00810	0.07916	0.03696	0.05200	0.00411	0.00109	0.03004	0.00349	0.00192	0.02707

[dist]
# distance from previous block
# <min> <max>
0	2

[block]
# block no. 6 follows, 91 sequences, length 19
# corresponding to MSA columns:
# 206-224
name=unknown_G
#
# <colnr> <probs for GDERKNQSTAVLIFYWHMCP>
#	G	D	E	R	K	N	Q	S	T	A	V	L	I	F	Y	W	H	M	C	P
0	0.00534	0.00474	0.00648	0.04226	0.24298	0.02051	0.00487	0.00677	0.03012	0.00964	0.16222	0.07181	0.32972	0.04386	0.00404	0.00111	0.00244	0.00515	0.00252	0.00342
1	0.00802	0.00834	0.01142	0.03314	0.49980	0.15529	0.08719	0.01004	0.05328	0.00972	0.00751	0.07002	0.02503	0.00356	0.00320	0.00096	0.00397	0.00331	0.00178	0.00443
2	0.00567	0.00504	0.00553	0.00532	0.00589	0.09613	0.00397	0.04072	0.00628	0.00822	0.05947	0.18606	0.05753	0.13153	0.26219	0.00255	0.10816	0.00470	0.00214	0.00290
3	0.00617	0.00591	0.01022	0.76154	0.09135	0.00708	0.05698	0.00828	0.00642	0.00833	0.00566	0.00834	0.00429	0.00309	0.00317	0.00104	0.00422	0.00285	0.00142	0.00366
4	0.22902	0.00769	0.01037	0.02977	0.56577	0.07336	0.00778	0.02241	0.00695	0.01111	0.00548	0.00697	0.00452	0.00288	0.00281	0.00094	0.00357	0.00247	0.00168	0.00447
5	0.00481	0.00360	0.00401	0.00393	0.00478	0.00340	0.00283	0.05381	0.04223	0.02981	0.06402	0.18522	0.41216	0.14981	0.02010	0.00147	0.00215	0.00620	0.00281	0.00285
6	0.00633	0.00400	0.00455	0.00424	0.00500	0.02527	0.00297	0.01450	0.03604	0.14754	0.03214	0.06795	0.16488	0.40388	0.02421	0.00203	0.01905	0.02995	0.00256	0.00291
7	0.00452	0.00343	0.00507	0.00507	0.00558	0.00400	0.00391	0.00558	0.00509	0.00732	0.00883	0.06199	0.00856	0.04204	0.78253	0.00468	0.03356	0.00369	0.00175	0.00279
8	0.00424	0.00316	0.00370	0.00385	0.00434	0.00302	0.00263	0.00501	0.02815	0.00788	0.05571	0.22328	0.26339	0.28400	0.06909	0.00202	0.00263	0.02888	0.00255	0.00249
9	0.07243	0.00524	0.00654	0.05659	0.12742	0.00551	0.00478	0.07063	0.15891	0.06480	0.02964	0.12741	0.11752	0.11305	0.00485	0.00130	0.00270	0.02434	0.00258	0.00376
10	0.00684	0.00434	0.00487	0.00444	0.00533	0.02722	0.00316	0.09206	0.01813	0.14024	0.04933	0.10589	0.11343	0.36375	0.00854	0.00186	0.00270	0.02660	0.01817	0.00310
11	0.00425	0.00302	0.00345	0.00358	0.00397	0.00284	0.00232	0.00472	0.00591	0.00778	0.07734	0.20070	0.23096	0.38848	0.00901	0.00194	0.00225	0.00600	0.03912	0.00234
12	0.00541	0.00384	0.00435	0.00420	0.00512	0.00373	0.00310	0.11360	0.02147	0.02904	0.10482	0.26489	0.27655	0.05038	0.00416	0.00116	0.00198	0.00611	0.09304	0.00308
13	0.00452	0.00322	0.00367	0.00371	0.00425	0.00302	0.00248	0.00529	0.03171	0.03102	0.09342	0.17389	0.27244	0.34375	0.00842	0.00185	0.00223	0.00598	0.00261	0.00252
14	0.01187	0.00639	0.00757	0.00592	0.00820	0.00635	0.00485	0.31982	0.03906	0.43138	0.01299	0.01194	0.11033	0.00435	0.00322	0.00098	0.00282	0.00347	0.00348	0.00501
15	0.00974	0.00566	0.00656	0.00559	0.00738	0.02344	0.00438	0.01375	0.33537	0.35855	0.01338	0.01322	0.06876	0.07673	0.04176	0.00135	0.00287	0.00365	0.00326	0.00460
16	0.00413	0.00300	0.00347	0.00368	0.00409	0.00278	0.00243	0.00465	0.00606	0.00792	0.07513	0.29156	0.25003	0.29588	0.00778	0.00176	0.00213	0.00652	0.02460	0.00241
17	0.00420	0.00335	0.00366	0.00363	0.00462	0.00297	0.00273	0.00546	0.04491	0.02218	0.15875	0.09444	0.60233	0.00766	0.00372	0.00107	0.00168	0.02674	0.00303	0.00284
18	0.00747	0.00633	0.00665	0.00593	0.00765	0.00712	0.00463	0.08053	0.65713	0.01290	0.01551	0.01444	0.15035	0.00483	0.00328	0.00106	0.00242	0.00400	0.00315	0.00462

[dist]
# distance from previous block
# <min> <max>
0	1

[block]
# block no. 7 follows, 91 sequences, length 28
# corresponding to MSA columns:
# 226-253
name=unknown_H
#
# <colnr> <probs for GDERKNQSTAVLIFYWHMCP>
#	G	D	E	R	K	N	Q	S	T	A	V	L	I	F	Y	W	H	M	C	P
0	0.00629	0.00536	0.00623	0.00464	0.00716	0.00416	0.00367	0.00790	0.03750	0.01025	0.02982	0.04781	0.03596	0.00304	0.00252	0.00056	0.00226	0.00251	0.00204	0.78033
1	0.00815	0.78419	0.12145	0.00582	0.00875	0.01181	0.00614	0.00948	0.00642	0.00771	0.00453	0.00524	0.00403	0.00273	0.00214	0.00071	0.00352	0.00176	0.00134	0.00411
2	0.00415	0.00319	0.00370	0.00369	0.00450	0.00283	0.00271	0.00514	0.00742	0.00976	0.30109	0.13128	0.38690	0.05751	0.00441	0.00117	0.00171	0.02838	0.01941	0.02106
3	0.00467	0.00323	0.00384	0.00395	0.00460	0.00302	0.00278	0.00558	0.02934	0.05083	0.07377	0.29769	0.27074	0.14330	0.05573	0.00164	0.00235	0.00642	0.03378	0.00274
4	0.04365	0.01015	0.00867	0.00718	0.00921	0.28076	0.00570	0.48966	0.01179	0.01475	0.00697	0.03729	0.00553	0.00482	0.04859	0.00113	0.00432	0.00277	0.00254	0.00451
5	0.00695	0.00764	0.01625	0.01179	0.01449	0.00718	0.72789	0.00922	0.00704	0.00954	0.00721	0.04596	0.00617	0.10176	0.00509	0.00129	0.00491	0.00402	0.00168	0.00391
6	0.00476	0.00355	0.00412	0.00423	0.00504	0.00339	0.00307	0.00652	0.11383	0.04004	0.08602	0.34309	0.30460	0.04028	0.00420	0.00121	0.00190	0.02416	0.00299	0.00300
7	0.01909	0.00304	0.00360	0.00389	0.00444	0.00281	0.00271	0.00472	0.00644	0.00843	0.08801	0.39019	0.29603	0.10335	0.03520	0.00150	0.00210	0.01906	0.00279	0.00258
8	0.00450	0.00351	0.00401	0.00393	0.00477	0.00333	0.00288	0.02577	0.06035	0.00972	0.23168	0.10032	0.36886	0.10215	0.04725	0.00147	0.00219	0.01756	0.00291	0.00286
9	0.33207	0.00580	0.00573	0.00495	0.00659	0.00639	0.00392	0.20548	0.05217	0.05344	0.00926	0.02568	0.06942	0.08862	0.08390	0.00154	0.00318	0.00308	0.03506	0.00374
10	0.01703	0.00380	0.00420	0.00424	0.00491	0.02352	0.00296	0.04583	0.04508	0.03762	0.04673	0.32512	0.18681	0.20694	0.00646	0.00157	0.00228	0.01320	0.01888	0.00282
11	0.03309	0.00434	0.00489	0.00435	0.00569	0.01445	0.00323	0.03680	0.02916	0.00993	0.08143	0.20706	0.08622	0.10135	0.00449	0.00111	0.00220	0.02124	0.06403	0.28496
12	0.00430	0.00321	0.00408	0.00416	0.00461	0.00302	0.03186	0.00498	0.02150	0.00788	0.04654	0.35540	0.18558	0.27222	0.00760	0.01492	0.00227	0.00660	0.01679	0.00248
13	0.00390	0.00315	0.00334	0.00342	0.00431	0.00272	0.00252	0.00469	0.00697	0.00857	0.06177	0.09877	0.66482	0.06195	0.00448	0.00120	0.00174	0.03693	0.02211	0.00263
14	0.00499	0.00353	0.00415	0.00426	0.02031	0.00343	0.00291	0.03395	0.04550	0.02946	0.09282	0.19952	0.19882	0.24841	0.01893	0.00168	0.00231	0.02494	0.05730	0.00278
15	0.02920	0.00379	0.00416	0.00403	0.00480	0.00374	0.00286	0.08633	0.02702	0.00917	0.03806	0.13821	0.30059	0.27225	0.03067	0.00178	0.00249	0.02584	0.01225	0.00277
16	0.00464	0.00337	0.00448	0.00447	0.00493	0.00370	0.00325	0.00569	0.03467	0.00735	0.01037	0.01616	0.05086	0.28559	0.50065	0.00392	0.00595	0.02129	0.02605	0.00260
17	0.00630	0.01626	0.87324	0.00896	0.01360	0.00730	0.01161	0.00995	0.00664	0.00995	0.00564	0.00664	0.00398	0.00299	0.00299	0.00100	0.00465	0.00232	0.00133	0.00465
18	0.00486	0.00383	0.00417	0.00407	0.00502	0.00367	0.00298	0.07833	0.06891	0.00961	0.05191	0.18364	0.44894	0.09816	0.00495	0.00130	0.00202	0.01778	0.00287	0.00297
19	0.00564	0.00499	0.00834	0.01454	0.00819	0.00489	0.24534	0.04955	0.03133	0.00891	0.02711	0.22090	0.06185	0.24124	0.04444	0.00181	0.01031	0.00530	0.00222	0.00311
20	0.00402	0.00313	0.00365	0.00384	0.00453	0.00283	0.00274	0.00507	0.03176	0.00913	0.17279	0.33084	0.37689	0.02896	0.00409	0.00117	0.00171	0.00714	0.00300	0.00272
21	0.00501	0.00369	0.00489	0.00561	0.09121	0.01040	0.00348	0.00570	0.00578	0.03368	0.04466	0.16493	0.09690	0.32264	0.17569	0.00255	0.00375	0.01447	0.00223	0.00274
22	0.02975	0.00453	0.00495	0.01703	0.00571	0.03576	0.00347	0.09239	0.05593	0.00982	0.10980	0.10835	0.20814	0.16835	0.10989	0.00189	0.02364	0.00500	0.00256	0.00305
23	0.01920	0.00528	0.03218	0.02274	0.11288	0.05105	0.03376	0.05669	0.00668	0.05005	0.01218	0.15123	0.13498	0.06727	0.05769	0.17313	0.00327	0.00445	0.00217	0.00312
24	0.00583	0.00424	0.00510	0.00468	0.00577	0.00416	0.02876	0.08698	0.07179	0.06599	0.05571	0.15198	0.30897	0.11979	0.03569	0.00148	0.00866	0.02839	0.00282	0.00322
25	0.00443	0.00314	0.00387	0.00415	0.00456	0.00311	0.00285	0.01876	0.02942	0.00822	0.01557	0.42389	0.10584	0.17432	0.11471	0.00200	0.00287	0.00650	0.06917	0.00261
26	0.00698	0.00638	0.00927	0.03964	0.34797	0.04073	0.03237	0.07771	0.03243	0.00994	0.00906	0.13639	0.04080	0.01731	0.10985	0.00155	0.07167	0.00394	0.00199	0.00403
27	0.03405	0.05572	0.10288	0.02236	0.29394	0.11776	0.01437	0.05991	0.05777	0.03972	0.01933	0.04392	0.05509	0.02353	0.04515	0.00119	0.00390	0.00318	0.00198	0.00426

[dist]
# distance from previous block
# <min> <max>
0	35

# created by:
# /share/home/app/bin/augustus-3.3.1/scripts/msa2prfl.pl /dev/shm/tmp/ogap_db/mt-Sar/msas/tatC.aln --setname=tatC
