[name]
unknown

[dist]
# distance from previous block
# <min> <max>
0	0

[block]
# block no. 0 follows, 39 sequences, length 60
# corresponding to MSA columns:
# 0-59
name=unknown_A
#
# <colnr> <probs for GDERKNQSTAVLIFYWHMCP>
#	G	D	E	R	K	N	Q	S	T	A	V	L	I	F	Y	W	H	M	C	P
0	0.00953	0.00681	0.00953	0.01089	0.01225	0.00681	0.00953	0.01225	0.01361	0.01770	0.03131	0.06671	0.03403	0.01634	0.00817	0.00272	0.00545	0.71547	0.00545	0.00545
1	0.01226	0.01051	0.01226	0.00876	0.01401	0.00788	0.00701	0.01489	0.01226	0.01927	0.01051	0.01226	0.00876	0.00438	0.00438	0.00088	0.00438	0.00350	0.00350	0.82832
2	0.01396	0.01595	0.03490	0.02493	0.03091	0.01496	0.73380	0.01894	0.01396	0.01894	0.01196	0.01595	0.00897	0.00499	0.00698	0.00199	0.00997	0.00698	0.00299	0.00798
3	0.00721	0.00515	0.00686	0.00823	0.00858	0.00480	0.00549	0.00823	0.01132	0.01510	0.03259	0.78831	0.03911	0.01853	0.00755	0.00240	0.00343	0.01681	0.00549	0.00480
4	0.01581	0.79572	0.03099	0.01012	0.01518	0.02340	0.01012	0.01771	0.01202	0.01391	0.00822	0.00949	0.00759	0.00506	0.00379	0.00126	0.00632	0.00316	0.00253	0.00759
5	0.01442	0.01372	0.02292	0.03375	0.68660	0.01348	0.01712	0.01785	0.01335	0.01932	0.01107	0.01442	0.00931	0.00519	0.00572	0.00167	0.00678	0.00511	0.00298	0.08525
6	0.00828	0.00560	0.00655	0.00686	0.00694	0.00552	0.00403	0.00852	0.00923	0.01231	0.02187	0.21243	0.02558	0.61286	0.02487	0.00496	0.00520	0.01050	0.00403	0.00387
7	0.01471	0.01270	0.01337	0.01203	0.01538	0.01471	0.00936	0.03142	0.74459	0.02474	0.02407	0.02206	0.01805	0.00802	0.00602	0.00201	0.00468	0.00669	0.00602	0.00936
8	0.00845	0.00634	0.00950	0.00950	0.01056	0.00739	0.00739	0.01056	0.00950	0.01373	0.01584	0.02323	0.01478	0.04435	0.76873	0.00950	0.01584	0.00634	0.00317	0.00528
9	0.00860	0.00573	0.00645	0.00645	0.00645	0.00573	0.00358	0.00860	0.00860	0.01147	0.01863	0.03870	0.02150	0.79217	0.03010	0.00573	0.00573	0.00860	0.00358	0.00358
10	0.01824	0.01446	0.01536	0.01275	0.01672	0.01636	0.01021	0.35122	0.41905	0.03043	0.01959	0.01849	0.01442	0.00760	0.00597	0.00190	0.00551	0.00607	0.00597	0.00968
11	0.01396	0.01595	0.03490	0.02493	0.03091	0.01496	0.73380	0.01894	0.01396	0.01894	0.01196	0.01595	0.00897	0.00499	0.00698	0.00199	0.00997	0.00698	0.00299	0.00798
12	0.00860	0.00573	0.00645	0.00645	0.00645	0.00573	0.00358	0.00860	0.00860	0.01147	0.01863	0.03870	0.02150	0.79217	0.03010	0.00573	0.00573	0.00860	0.00358	0.00358
13	0.00858	0.00576	0.00658	0.00654	0.00667	0.00572	0.00377	0.00884	0.00935	0.01260	0.08660	0.03921	0.02468	0.71989	0.02796	0.00537	0.00546	0.00879	0.00385	0.00377
14	0.01027	0.00514	0.00770	0.00770	0.00770	0.00514	0.00514	0.00770	0.00770	0.01027	0.01027	0.01798	0.01027	0.02054	0.02311	0.82794	0.00514	0.00514	0.00257	0.00257
15	0.01105	0.00802	0.00960	0.00959	0.01103	0.00821	0.00694	0.19124	0.01547	0.02068	0.02797	0.59353	0.03180	0.01565	0.00714	0.00224	0.00421	0.01392	0.00560	0.00613
16	0.01102	0.00551	0.00551	0.00551	0.00689	0.00551	0.00413	0.01378	0.01240	0.02205	0.01929	0.02205	0.01516	0.00689	0.00413	0.00138	0.00276	0.00551	0.82500	0.00551
17	0.00721	0.00515	0.00686	0.00823	0.00858	0.00480	0.00549	0.00823	0.01132	0.01510	0.03259	0.78831	0.03911	0.01853	0.00755	0.00240	0.00343	0.01681	0.00549	0.00480
18	0.00860	0.00573	0.00645	0.00645	0.00645	0.00573	0.00358	0.00860	0.00860	0.01147	0.01863	0.03870	0.02150	0.79217	0.03010	0.00573	0.00573	0.00860	0.00358	0.00358
19	0.00806	0.00551	0.00661	0.00714	0.00728	0.00537	0.00432	0.00846	0.00966	0.01288	0.02405	0.32976	0.02834	0.49177	0.02134	0.00444	0.00484	0.01179	0.00432	0.00406
20	0.00872	0.00569	0.00640	0.00647	0.00659	0.00567	0.00372	0.00898	0.00902	0.01245	0.01937	0.07404	0.02188	0.69460	0.02702	0.00524	0.00539	0.00877	0.06621	0.00379
21	0.01277	0.01092	0.01158	0.01071	0.01356	0.01222	0.00822	0.02558	0.55878	0.02243	0.03064	0.09868	0.13848	0.01012	0.00632	0.00204	0.00429	0.00856	0.00588	0.00823
22	0.00860	0.00573	0.00645	0.00645	0.00645	0.00573	0.00358	0.00860	0.00860	0.01147	0.01863	0.03870	0.02150	0.79217	0.03010	0.00573	0.00573	0.00860	0.00358	0.00358
23	0.00845	0.00634	0.00950	0.00950	0.01056	0.00739	0.00739	0.01056	0.00950	0.01373	0.01584	0.02323	0.01478	0.04435	0.76873	0.00950	0.01584	0.00634	0.00317	0.00528
24	0.00699	0.00599	0.00599	0.00599	0.00799	0.00499	0.00449	0.00849	0.01348	0.01598	0.05991	0.05691	0.75288	0.01498	0.00699	0.00200	0.00300	0.01248	0.00549	0.00499
25	0.01273	0.00947	0.01214	0.01171	0.10311	0.00804	0.00761	0.01471	0.01189	0.08571	0.01482	0.05596	0.01396	0.20152	0.01126	0.00235	0.00506	0.00583	0.00390	0.40823
26	0.00699	0.00599	0.00599	0.00599	0.00799	0.00499	0.00449	0.00849	0.01348	0.01598	0.05991	0.05691	0.75288	0.01498	0.00699	0.00200	0.00300	0.01248	0.00549	0.00499
27	0.01077	0.00549	0.00579	0.00579	0.00693	0.00549	0.00418	0.01282	0.01168	0.02015	0.01841	0.02294	0.01519	0.06794	0.00787	0.07829	0.00320	0.00571	0.68626	0.00509
28	0.02209	0.02819	0.01676	0.01524	0.01828	0.76843	0.01143	0.02361	0.01676	0.01447	0.00914	0.01066	0.00762	0.00609	0.00533	0.00152	0.01066	0.00381	0.00305	0.00686
29	0.01639	0.72461	0.02967	0.01059	0.01547	0.09243	0.01024	0.01826	0.01246	0.01397	0.00831	0.00960	0.00759	0.00516	0.00394	0.00129	0.00673	0.00322	0.00258	0.00752
30	0.75771	0.01135	0.00953	0.07914	0.01415	0.01325	0.00733	0.01717	0.01023	0.02547	0.00845	0.01018	0.00654	0.00553	0.00387	0.00184	0.00488	0.00339	0.00356	0.00642
31	0.01639	0.72461	0.02967	0.01059	0.01547	0.09243	0.01024	0.01826	0.01246	0.01397	0.00831	0.00960	0.00759	0.00516	0.00394	0.00129	0.00673	0.00322	0.00258	0.00752
32	0.83394	0.01144	0.00869	0.00778	0.01144	0.01327	0.00640	0.01738	0.01006	0.02653	0.00823	0.00961	0.00640	0.00549	0.00366	0.00183	0.00457	0.00320	0.00366	0.00640
33	0.00833	0.00604	0.00785	0.00740	0.00881	0.00556	0.00555	0.01108	0.01664	0.02349	0.73168	0.04455	0.07642	0.01218	0.00698	0.00186	0.00280	0.01075	0.00648	0.00556
34	0.00721	0.00515	0.00686	0.00823	0.00858	0.00480	0.00549	0.00823	0.01132	0.01510	0.03259	0.78831	0.03911	0.01853	0.00755	0.00240	0.00343	0.01681	0.00549	0.00480
35	0.83394	0.01144	0.00869	0.00778	0.01144	0.01327	0.00640	0.01738	0.01006	0.02653	0.00823	0.00961	0.00640	0.00549	0.00366	0.00183	0.00457	0.00320	0.00366	0.00640
36	0.00699	0.00599	0.00599	0.00599	0.00799	0.00499	0.00449	0.00849	0.01348	0.01598	0.05991	0.05691	0.75288	0.01498	0.00699	0.00200	0.00300	0.01248	0.00549	0.00499
37	0.02248	0.01656	0.01775	0.01361	0.01834	0.01834	0.01124	0.73556	0.02780	0.03727	0.01420	0.01420	0.01006	0.00710	0.00592	0.00177	0.00651	0.00532	0.00592	0.01006
38	0.01117	0.01051	0.01774	0.77795	0.04073	0.01314	0.01642	0.01511	0.01182	0.01511	0.01051	0.01577	0.00788	0.00591	0.00591	0.00197	0.00788	0.00526	0.00263	0.00657
39	0.00699	0.00599	0.00599	0.00599	0.00799	0.00499	0.00449	0.00849	0.01348	0.01598	0.05991	0.05691	0.75288	0.01498	0.00699	0.00200	0.00300	0.01248	0.00549	0.00499
40	0.00721	0.00515	0.00686	0.00823	0.00858	0.00480	0.00549	0.00823	0.01132	0.01510	0.03259	0.78831	0.03911	0.01853	0.00755	0.00240	0.00343	0.01681	0.00549	0.00480
41	0.01464	0.01405	0.02400	0.03630	0.75528	0.01405	0.01815	0.01815	0.01347	0.01932	0.01112	0.01464	0.00937	0.00527	0.00585	0.00176	0.00703	0.00527	0.00293	0.00937
42	0.00721	0.00515	0.00686	0.00823	0.00858	0.00480	0.00549	0.00823	0.01132	0.01510	0.03259	0.78831	0.03911	0.01853	0.00755	0.00240	0.00343	0.01681	0.00549	0.00480
43	0.01117	0.01051	0.01774	0.77795	0.04073	0.01314	0.01642	0.01511	0.01182	0.01511	0.01051	0.01577	0.00788	0.00591	0.00591	0.00197	0.00788	0.00526	0.00263	0.00657
44	0.02209	0.02819	0.01676	0.01524	0.01828	0.76843	0.01143	0.02361	0.01676	0.01447	0.00914	0.01066	0.00762	0.00609	0.00533	0.00152	0.01066	0.00381	0.00305	0.00686
45	0.01398	0.01590	0.03457	0.02526	0.05239	0.01493	0.71257	0.01892	0.01394	0.01895	0.01194	0.01591	0.00898	0.00499	0.00695	0.00199	0.00988	0.00693	0.00299	0.00802
46	0.00721	0.00515	0.00686	0.00823	0.00858	0.00480	0.00549	0.00823	0.01132	0.01510	0.03259	0.78831	0.03911	0.01853	0.00755	0.00240	0.00343	0.01681	0.00549	0.00480
47	0.00768	0.00551	0.00728	0.00791	0.00868	0.00512	0.00553	0.00942	0.01351	0.01858	0.32320	0.48778	0.04585	0.01593	0.00732	0.00218	0.00317	0.01434	0.00590	0.00512
48	0.02248	0.01656	0.01775	0.01361	0.01834	0.01834	0.01124	0.73556	0.02780	0.03727	0.01420	0.01420	0.01006	0.00710	0.00592	0.00177	0.00651	0.00532	0.00592	0.01006
49	0.01431	0.01538	0.01999	0.01664	0.01779	0.11962	0.10136	0.01609	0.01071	0.01484	0.00847	0.01300	0.00789	0.00911	0.01597	0.00237	0.58185	0.00521	0.00270	0.00671
50	0.01143	0.01102	0.01933	0.70818	0.03982	0.01331	0.08289	0.01546	0.01202	0.01546	0.01065	0.01578	0.00798	0.00583	0.00601	0.00197	0.00808	0.00542	0.00266	0.00670
51	0.77073	0.01137	0.00939	0.06694	0.01369	0.01326	0.00717	0.01721	0.01020	0.02566	0.00841	0.01008	0.00652	0.00552	0.00383	0.00184	0.00483	0.00336	0.00358	0.00642
52	0.01953	0.02334	0.01924	0.02246	0.27100	0.50975	0.01373	0.02174	0.01563	0.01614	0.00982	0.01203	0.00822	0.00581	0.00551	0.00160	0.00942	0.00431	0.00301	0.00772
53	0.01799	0.02012	0.01868	0.02212	0.28052	0.35215	0.01342	0.02319	0.15781	0.01821	0.01277	0.01431	0.01028	0.00618	0.00565	0.00170	0.00820	0.00489	0.00358	0.00824
54	0.00758	0.00650	0.00655	0.00645	0.00855	0.00573	0.00486	0.01023	0.06914	0.01664	0.05718	0.05426	0.69693	0.01445	0.00692	0.00200	0.00312	0.01204	0.00553	0.00532
55	0.01173	0.01106	0.01965	0.47588	0.03255	0.01295	0.14497	0.01481	0.01145	0.01513	0.01049	0.01581	0.00836	0.00795	0.00947	0.10358	0.07959	0.00555	0.00268	0.00632
56	0.02115	0.01586	0.01775	0.10318	0.02096	0.01773	0.01185	0.65113	0.02593	0.03467	0.01377	0.01438	0.00980	0.00696	0.00592	0.00180	0.00667	0.00532	0.00553	0.00965
57	0.01727	0.02106	0.08953	0.02634	0.40227	0.30615	0.01589	0.02032	0.01465	0.01739	0.01031	0.01290	0.00852	0.00562	0.00563	0.00168	0.00859	0.00462	0.00293	0.00834
58	0.01551	0.73747	0.08661	0.01063	0.01597	0.02266	0.01101	0.01779	0.01205	0.01428	0.00840	0.00971	0.00758	0.00510	0.00393	0.00131	0.00651	0.00325	0.00253	0.00768
59	0.01245	0.01068	0.01235	0.00901	0.01412	0.00840	0.00719	0.01615	0.06802	0.01969	0.01154	0.01301	0.00947	0.00466	0.00450	0.00096	0.00440	0.00375	0.00370	0.76597

[dist]
# distance from previous block
# <min> <max>
0	2

[block]
# block no. 1 follows, 39 sequences, length 37
# corresponding to MSA columns:
# 62-98
name=unknown_B
#
# <colnr> <probs for GDERKNQSTAVLIFYWHMCP>
#	G	D	E	R	K	N	Q	S	T	A	V	L	I	F	Y	W	H	M	C	P
0	0.01951	0.02329	0.01927	0.02254	0.27378	0.50690	0.01376	0.02172	0.01562	0.01615	0.00983	0.01204	0.00822	0.00581	0.00551	0.00160	0.00940	0.00432	0.00301	0.00773
1	0.02196	0.01628	0.01775	0.04899	0.01938	0.01810	0.01148	0.70220	0.02707	0.03624	0.01403	0.01427	0.00996	0.00704	0.00592	0.00178	0.00657	0.00532	0.00576	0.00990
2	0.00737	0.00527	0.00705	0.00843	0.00884	0.00495	0.00578	0.00852	0.01149	0.01528	0.03250	0.73640	0.03875	0.01837	0.00759	0.00242	0.00358	0.06707	0.00549	0.00485
3	0.01186	0.03059	0.76153	0.01686	0.02560	0.01373	0.02185	0.01873	0.01249	0.01873	0.01061	0.01249	0.00749	0.00562	0.00562	0.00187	0.00874	0.00437	0.00250	0.00874
4	0.01629	0.73968	0.03004	0.01037	0.01541	0.02304	0.01020	0.06934	0.01315	0.01559	0.00865	0.00983	0.00777	0.00521	0.00395	0.00130	0.00634	0.00332	0.00277	0.00777
5	0.00705	0.00577	0.00622	0.00657	0.00814	0.00494	0.00475	0.00842	0.01292	0.01575	0.05284	0.24608	0.56827	0.01590	0.00713	0.00210	0.00311	0.01360	0.00549	0.00494
6	0.00745	0.00525	0.00679	0.00792	0.00821	0.00496	0.00516	0.00830	0.01085	0.01447	0.03017	0.65818	0.03606	0.15282	0.01146	0.00298	0.00383	0.01539	0.00516	0.00459
7	0.01097	0.01030	0.01719	0.74221	0.03921	0.01276	0.01587	0.01480	0.01190	0.01515	0.01280	0.01767	0.04237	0.00633	0.00596	0.00197	0.00766	0.00559	0.00276	0.00650
8	0.01464	0.01405	0.02400	0.03630	0.75528	0.01405	0.01815	0.01815	0.01347	0.01932	0.01112	0.01464	0.00937	0.00527	0.00585	0.00176	0.00703	0.00527	0.00293	0.00937
9	0.83394	0.01144	0.00869	0.00778	0.01144	0.01327	0.00640	0.01738	0.01006	0.02653	0.00823	0.00961	0.00640	0.00549	0.00366	0.00183	0.00457	0.00320	0.00366	0.00640
10	0.00847	0.00568	0.00649	0.00662	0.00665	0.00565	0.00376	0.00857	0.00885	0.01181	0.01994	0.10863	0.02314	0.72000	0.02800	0.00542	0.00552	0.00937	0.00376	0.00370
11	0.02248	0.01656	0.01775	0.01361	0.01834	0.01834	0.01124	0.73556	0.02780	0.03727	0.01420	0.01420	0.01006	0.00710	0.00592	0.00177	0.00651	0.00532	0.00592	0.01006
12	0.01471	0.01270	0.01337	0.01203	0.01538	0.01471	0.00936	0.03142	0.74459	0.02474	0.02407	0.02206	0.01805	0.00802	0.00602	0.00201	0.00468	0.00669	0.00602	0.00936
13	0.83394	0.01144	0.00869	0.00778	0.01144	0.01327	0.00640	0.01738	0.01006	0.02653	0.00823	0.00961	0.00640	0.00549	0.00366	0.00183	0.00457	0.00320	0.00366	0.00640
14	0.00829	0.00598	0.00783	0.00750	0.00882	0.00552	0.00557	0.01095	0.01635	0.02309	0.70040	0.09770	0.05460	0.01255	0.00702	0.00190	0.00284	0.01113	0.00644	0.00552
15	0.02248	0.01656	0.01775	0.01361	0.01834	0.01834	0.01124	0.73556	0.02780	0.03727	0.01420	0.01420	0.01006	0.00710	0.00592	0.00177	0.00651	0.00532	0.00592	0.01006
16	0.00845	0.00634	0.00950	0.00950	0.01056	0.00739	0.00739	0.01056	0.00950	0.01373	0.01584	0.02323	0.01478	0.04435	0.76873	0.00950	0.01584	0.00634	0.00317	0.00528
17	0.00942	0.00673	0.00940	0.01076	0.01208	0.00671	0.00934	0.01206	0.01350	0.01757	0.03137	0.10126	0.03428	0.01644	0.00814	0.00271	0.00535	0.68202	0.00545	0.00541
18	0.00960	0.12963	0.01286	0.00960	0.01128	0.00989	0.00782	0.01168	0.00990	0.01376	0.01465	0.02109	0.01366	0.03822	0.64926	0.00822	0.01435	0.00584	0.00307	0.00564
19	0.02316	0.01548	0.01708	0.01309	0.01780	0.01673	0.01082	0.61790	0.02599	0.15748	0.01572	0.01519	0.01082	0.00714	0.00592	0.00178	0.00626	0.00543	0.00615	0.01006
20	0.02127	0.01596	0.01706	0.01336	0.01788	0.01777	0.01095	0.62558	0.13976	0.03531	0.01574	0.01543	0.01131	0.00724	0.00593	0.00181	0.00622	0.00554	0.00593	0.00995
21	0.00727	0.00517	0.00684	0.00815	0.00848	0.00485	0.00540	0.00825	0.01120	0.01493	0.03195	0.75392	0.03831	0.05402	0.00858	0.00255	0.00354	0.01644	0.00540	0.00475
22	0.00888	0.00611	0.00726	0.00782	0.04080	0.00611	0.00425	0.00904	0.00882	0.01183	0.01829	0.03760	0.02094	0.75607	0.02899	0.00555	0.00579	0.00845	0.00355	0.00385
23	0.01186	0.03059	0.76153	0.01686	0.02560	0.01373	0.02185	0.01873	0.01249	0.01873	0.01061	0.01249	0.00749	0.00562	0.00562	0.00187	0.00874	0.00437	0.00250	0.00874
24	0.00837	0.00604	0.00790	0.00744	0.00883	0.00558	0.00558	0.01116	0.01674	0.02371	0.75216	0.04417	0.05580	0.01209	0.00697	0.00186	0.00279	0.01069	0.00651	0.00558
25	0.02248	0.01656	0.01775	0.01361	0.01834	0.01834	0.01124	0.73556	0.02780	0.03727	0.01420	0.01420	0.01006	0.00710	0.00592	0.00177	0.00651	0.00532	0.00592	0.01006
26	0.01399	0.01586	0.03437	0.02547	0.06559	0.01491	0.69953	0.01891	0.01393	0.01896	0.01192	0.01589	0.00899	0.00500	0.00693	0.00198	0.00983	0.00690	0.00299	0.00804
27	0.01027	0.00514	0.00770	0.00770	0.00770	0.00514	0.00514	0.00770	0.00770	0.01027	0.01027	0.01798	0.01027	0.02054	0.02311	0.82794	0.00514	0.00514	0.00257	0.00257
28	0.01102	0.00551	0.00551	0.00551	0.00689	0.00551	0.00413	0.01378	0.01240	0.02205	0.01929	0.02205	0.01516	0.00689	0.00413	0.00138	0.00276	0.00551	0.82500	0.00551
29	0.01741	0.01932	0.02130	0.02845	0.48060	0.29521	0.01564	0.02019	0.01469	0.01751	0.01038	0.01316	0.00872	0.00558	0.00566	0.00167	0.00838	0.00472	0.00297	0.00843
30	0.02633	0.01039	0.01393	0.01068	0.01526	0.00918	0.00882	0.06425	0.01747	0.72318	0.02287	0.01983	0.01441	0.00731	0.00595	0.00183	0.00511	0.00592	0.00725	0.01006
31	0.00837	0.00604	0.00790	0.00744	0.00883	0.00558	0.00558	0.01116	0.01674	0.02371	0.75216	0.04417	0.05580	0.01209	0.00697	0.00186	0.00279	0.01069	0.00651	0.00558
32	0.01626	0.74052	0.02997	0.01049	0.01540	0.07699	0.01021	0.01813	0.01236	0.01395	0.00829	0.00957	0.00759	0.00513	0.00391	0.00128	0.00664	0.00321	0.00257	0.00754
33	0.00735	0.00521	0.00682	0.00805	0.00835	0.00490	0.00529	0.00827	0.01104	0.01472	0.03113	0.70969	0.03727	0.09967	0.00991	0.00275	0.00367	0.01595	0.00529	0.00468
34	0.00725	0.00517	0.00685	0.00818	0.00851	0.00483	0.00543	0.00825	0.01124	0.01498	0.03215	0.76445	0.03855	0.04315	0.00827	0.00251	0.00350	0.01655	0.00543	0.00476
35	0.80742	0.01205	0.03297	0.00807	0.01189	0.01328	0.00690	0.01743	0.01014	0.02628	0.00831	0.00970	0.00644	0.00549	0.00372	0.00183	0.00471	0.00324	0.00362	0.00648
36	0.01489	0.01453	0.02376	0.03558	0.73015	0.03977	0.01792	0.01834	0.01358	0.01916	0.01106	0.01450	0.00931	0.00530	0.00584	0.00175	0.00715	0.00522	0.00293	0.00928

[dist]
# distance from previous block
# <min> <max>
3	8

[block]
# block no. 2 follows, 39 sequences, length 22
# corresponding to MSA columns:
# 108-129
name=unknown_C
#
# <colnr> <probs for GDERKNQSTAVLIFYWHMCP>
#	G	D	E	R	K	N	Q	S	T	A	V	L	I	F	Y	W	H	M	C	P
0	0.00767	0.00534	0.00672	0.00764	0.00787	0.00511	0.00485	0.00836	0.01041	0.01388	0.02793	0.53795	0.03323	0.27691	0.01508	0.00351	0.00420	0.01407	0.00485	0.00440
1	0.00726	0.00579	0.00622	0.00649	0.00789	0.00506	0.00456	0.00845	0.01238	0.01517	0.04883	0.19603	0.51202	0.12468	0.01034	0.00260	0.00346	0.01278	0.00522	0.00476
2	0.02248	0.01656	0.01775	0.01361	0.01834	0.01834	0.01124	0.73556	0.02780	0.03727	0.01420	0.01420	0.01006	0.00710	0.00592	0.00177	0.00651	0.00532	0.00592	0.01006
3	0.01102	0.00551	0.00551	0.00551	0.00689	0.00551	0.00413	0.01378	0.01240	0.02205	0.01929	0.02205	0.01516	0.00689	0.00413	0.00138	0.00276	0.00551	0.82500	0.00551
4	0.00860	0.00573	0.00645	0.00645	0.00645	0.00573	0.00358	0.00860	0.00860	0.01147	0.01863	0.03870	0.02150	0.79217	0.03010	0.00573	0.00573	0.00860	0.00358	0.00358
5	0.83394	0.01144	0.00869	0.00778	0.01144	0.01327	0.00640	0.01738	0.01006	0.02653	0.00823	0.00961	0.00640	0.00549	0.00366	0.00183	0.00457	0.00320	0.00366	0.00640
6	0.01186	0.03059	0.76153	0.01686	0.02560	0.01373	0.02185	0.01873	0.01249	0.01873	0.01061	0.01249	0.00749	0.00562	0.00562	0.00187	0.00874	0.00437	0.00250	0.00874
7	0.00699	0.00599	0.00599	0.00599	0.00799	0.00499	0.00449	0.00849	0.01348	0.01598	0.05991	0.05691	0.75288	0.01498	0.00699	0.00200	0.00300	0.01248	0.00549	0.00499
8	0.02248	0.01656	0.01775	0.01361	0.01834	0.01834	0.01124	0.73556	0.02780	0.03727	0.01420	0.01420	0.01006	0.00710	0.00592	0.00177	0.00651	0.00532	0.00592	0.01006
9	0.80030	0.01138	0.00890	0.00789	0.01159	0.01308	0.00650	0.01786	0.01035	0.05706	0.00886	0.01005	0.00675	0.00557	0.00376	0.00183	0.00459	0.00332	0.00381	0.00656
10	0.02248	0.01656	0.01775	0.01361	0.01834	0.01834	0.01124	0.73556	0.02780	0.03727	0.01420	0.01420	0.01006	0.00710	0.00592	0.00177	0.00651	0.00532	0.00592	0.01006
11	0.01117	0.01051	0.01774	0.77795	0.04073	0.01314	0.01642	0.01511	0.01182	0.01511	0.01051	0.01577	0.00788	0.00591	0.00591	0.00197	0.00788	0.00526	0.00263	0.00657
12	0.69075	0.01273	0.03816	0.01049	0.01465	0.01352	0.10897	0.01765	0.01069	0.02520	0.00884	0.01060	0.00680	0.00542	0.00419	0.00185	0.00547	0.00377	0.00353	0.00671
13	0.00856	0.00643	0.00823	0.00917	0.01065	0.00609	0.00766	0.01078	0.01339	0.01696	0.04026	0.11976	0.25674	0.01609	0.00776	0.00247	0.00453	0.44376	0.00546	0.00526
14	0.01186	0.03059	0.76153	0.01686	0.02560	0.01373	0.02185	0.01873	0.01249	0.01873	0.01061	0.01249	0.00749	0.00562	0.00562	0.00187	0.00874	0.00437	0.00250	0.00874
15	0.01165	0.01101	0.01862	0.67392	0.14096	0.01327	0.01667	0.01554	0.01206	0.01570	0.01060	0.01561	0.00809	0.00582	0.00590	0.00194	0.00776	0.00526	0.00267	0.00696
16	0.02000	0.02495	0.01537	0.01425	0.01692	0.66131	0.01059	0.02146	0.01600	0.01456	0.01243	0.11975	0.01204	0.00784	0.00564	0.00165	0.00965	0.00563	0.00339	0.00657
17	0.00699	0.00599	0.00599	0.00599	0.00799	0.00499	0.00449	0.00849	0.01348	0.01598	0.05991	0.05691	0.75288	0.01498	0.00699	0.00200	0.00300	0.01248	0.00549	0.00499
18	0.00785	0.00542	0.00667	0.00741	0.00760	0.00523	0.00461	0.00840	0.01007	0.01343	0.02618	0.44396	0.03102	0.37391	0.01791	0.00393	0.00449	0.01304	0.00461	0.00424
19	0.00876	0.03927	0.01040	0.00953	0.01075	0.00806	0.00751	0.01086	0.00961	0.01374	0.01552	0.02266	0.01448	0.04271	0.73682	0.00916	0.01544	0.00620	0.00314	0.00538
20	0.01076	0.01041	0.01019	0.01042	0.01118	0.14377	0.00750	0.01186	0.01183	0.01467	0.02416	0.49992	0.02812	0.05649	0.01002	0.00245	0.11397	0.01241	0.00454	0.00534
21	0.00719	0.00597	0.00629	0.00627	0.00813	0.00507	0.00468	0.00885	0.01386	0.01703	0.15605	0.08096	0.62988	0.01470	0.00701	0.00199	0.00298	0.01238	0.00563	0.00507

[dist]
# distance from previous block
# <min> <max>
5	9

[block]
# block no. 3 follows, 39 sequences, length 8
# corresponding to MSA columns:
# 140-147
name=unknown_D
#
# <colnr> <probs for GDERKNQSTAVLIFYWHMCP>
#	G	D	E	R	K	N	Q	S	T	A	V	L	I	F	Y	W	H	M	C	P
0	0.01864	0.01361	0.01481	0.01181	0.01530	0.01496	0.00935	0.53496	0.02256	0.03028	0.01526	0.02005	0.01282	0.17946	0.05644	0.00309	0.00689	0.00609	0.00525	0.00837
1	0.02103	0.02618	0.01779	0.01822	0.12289	0.66135	0.01238	0.02284	0.01629	0.01516	0.00942	0.01123	0.00787	0.00598	0.00541	0.00156	0.01015	0.00402	0.00303	0.00721
2	0.01235	0.01049	0.01196	0.00956	0.01377	0.00934	0.00746	0.01850	0.20457	0.02025	0.01651	0.10054	0.01455	0.00690	0.00516	0.00134	0.00435	0.00581	0.00438	0.52221
3	0.77313	0.01285	0.06438	0.00845	0.01248	0.01330	0.00755	0.01748	0.01024	0.02596	0.00841	0.00982	0.00648	0.00550	0.00380	0.00183	0.00488	0.00329	0.00357	0.00658
4	0.01045	0.00623	0.00974	0.16435	0.01442	0.00676	0.00743	0.00921	0.00854	0.01126	0.01032	0.01753	0.00979	0.01757	0.01961	0.65997	0.00569	0.00516	0.00258	0.00338
5	0.43464	0.00864	0.00827	0.00767	0.00995	0.00945	0.00592	0.01367	0.01146	0.02243	0.21752	0.02101	0.02106	0.01040	0.00855	0.16984	0.00419	0.00570	0.00424	0.00539
6	0.00726	0.00598	0.00624	0.00619	0.00797	0.00511	0.00455	0.00879	0.01347	0.01649	0.13327	0.05414	0.62119	0.07279	0.00872	0.00226	0.00318	0.01199	0.00546	0.00495
7	0.01697	0.01220	0.01344	0.01175	0.01532	0.01356	0.00923	0.03093	0.60539	0.16527	0.02393	0.02169	0.01740	0.00789	0.00600	0.00197	0.00475	0.00654	0.00627	0.00950

[dist]
# distance from previous block
# <min> <max>
0	3

[block]
# block no. 4 follows, 39 sequences, length 17
# corresponding to MSA columns:
# 151-167
name=unknown_E
#
# <colnr> <probs for GDERKNQSTAVLIFYWHMCP>
#	G	D	E	R	K	N	Q	S	T	A	V	L	I	F	Y	W	H	M	C	P
0	0.01196	0.00641	0.00651	0.00617	0.00782	0.00656	0.00471	0.07258	0.01366	0.02329	0.01888	0.02141	0.01474	0.00691	0.00428	0.00141	0.00306	0.00550	0.75827	0.00588
1	0.01117	0.01051	0.01774	0.77795	0.04073	0.01314	0.01642	0.01511	0.01182	0.01511	0.01051	0.01577	0.00788	0.00591	0.00591	0.00197	0.00788	0.00526	0.00263	0.00657
2	0.02209	0.02819	0.01676	0.01524	0.01828	0.76843	0.01143	0.02361	0.01676	0.01447	0.00914	0.01066	0.00762	0.00609	0.00533	0.00152	0.01066	0.00381	0.00305	0.00686
3	0.01478	0.61883	0.17151	0.01140	0.01702	0.02094	0.01229	0.01764	0.01202	0.01484	0.00896	0.01057	0.00783	0.00661	0.03215	0.00168	0.00714	0.00351	0.00255	0.00773
4	0.00699	0.00599	0.00599	0.00599	0.00799	0.00499	0.00449	0.00849	0.01348	0.01598	0.05991	0.05691	0.75288	0.01498	0.00699	0.00200	0.00300	0.01248	0.00549	0.00499
5	0.00941	0.00677	0.00937	0.01067	0.01206	0.00672	0.00930	0.01208	0.01361	0.01762	0.03260	0.06627	0.06651	0.01628	0.00812	0.00269	0.00533	0.68372	0.00545	0.00543
6	0.00721	0.00515	0.00686	0.00823	0.00858	0.00480	0.00549	0.00823	0.01132	0.01510	0.03259	0.78831	0.03911	0.01853	0.00755	0.00240	0.00343	0.01681	0.00549	0.00480
7	0.00701	0.00592	0.00606	0.00617	0.00803	0.00498	0.00457	0.00847	0.01331	0.01591	0.05774	0.11486	0.69632	0.01526	0.00703	0.00203	0.00303	0.01282	0.00549	0.00498
8	0.01252	0.01232	0.01731	0.01496	0.01506	0.01711	0.01242	0.01389	0.00910	0.01419	0.00852	0.01390	0.00842	0.01352	0.08934	0.00323	0.70990	0.00528	0.00264	0.00636
9	0.00907	0.00614	0.00790	0.00740	0.00870	0.00572	0.00539	0.01142	0.01551	0.04871	0.61454	0.04247	0.04911	0.12999	0.01044	0.00245	0.00332	0.01020	0.00610	0.00544
10	0.00970	0.00774	0.00950	0.00835	0.01111	0.00634	0.00620	0.01174	0.01261	0.01837	0.13678	0.31508	0.02788	0.01103	0.00601	0.00162	0.00376	0.00975	0.00474	0.38169
11	0.01253	0.01238	0.01803	0.19133	0.02134	0.01697	0.01374	0.01443	0.00970	0.01443	0.00840	0.01359	0.00779	0.00933	0.01630	0.00245	0.60299	0.00519	0.00260	0.00649
12	0.64560	0.01178	0.00985	0.00852	0.01221	0.01338	0.00699	0.12538	0.01302	0.02732	0.01323	0.01405	0.06610	0.00648	0.00427	0.00183	0.00474	0.00426	0.00415	0.00685
13	0.01396	0.01595	0.03490	0.02493	0.03091	0.01496	0.73380	0.01894	0.01396	0.01894	0.01196	0.01595	0.00897	0.00499	0.00698	0.00199	0.00997	0.00698	0.00299	0.00798
14	0.68989	0.01091	0.00947	0.07963	0.01396	0.01263	0.00727	0.01666	0.01077	0.02524	0.06905	0.01300	0.01057	0.00607	0.00414	0.00185	0.00474	0.00400	0.00380	0.00635
15	0.01655	0.01423	0.01489	0.16604	0.02043	0.10140	0.01074	0.33833	0.01997	0.02520	0.02351	0.02405	0.18228	0.00858	0.00610	0.00184	0.00645	0.00680	0.00482	0.00780
16	0.00791	0.00637	0.00692	0.00670	0.00860	0.00562	0.00504	0.03607	0.01474	0.01863	0.22677	0.07440	0.53314	0.01409	0.00696	0.00197	0.00309	0.01191	0.00576	0.00532

[dist]
# distance from previous block
# <min> <max>
0	14

# created by:
# /share/home/app/bin/augustus-3.3.1/scripts/msa2prfl.pl /dev/shm/tmp/ogap_db/mt-rosids/msas/atp8.aln
