[name]
unknown

[dist]
# distance from previous block
# <min> <max>
1	4

[block]
# block no. 0 follows, 33 sequences, length 49
# corresponding to MSA columns:
# 4-52
name=unknown_A
#
# <colnr> <probs for GDERKNQSTAVLIFYWHMCP>
#	G	D	E	R	K	N	Q	S	T	A	V	L	I	F	Y	W	H	M	C	P
0	0.00942	0.00632	0.00723	0.00738	0.00742	0.00628	0.00420	0.00953	0.00988	0.01317	0.02232	0.11619	0.02592	0.69282	0.03096	0.00601	0.00612	0.01050	0.00420	0.00413
1	0.01583	0.01329	0.01691	0.01258	0.01794	0.01187	0.07915	0.17231	0.01781	0.02554	0.01726	0.04585	0.05747	0.00698	0.00588	0.00147	0.00590	0.00595	0.00468	0.46533
2	0.00812	0.00577	0.00761	0.00904	0.00940	0.00541	0.00597	0.00919	0.01241	0.01654	0.03528	0.71784	0.04228	0.06885	0.01002	0.00291	0.00398	0.01813	0.00597	0.00526
3	0.01727	0.06482	0.02180	0.01740	0.01948	0.22652	0.08315	0.01931	0.01333	0.01639	0.01024	0.01461	0.00928	0.01193	0.06669	0.00294	0.36876	0.00549	0.00312	0.00747
4	0.00957	0.00638	0.00718	0.00718	0.00718	0.00638	0.00399	0.00957	0.00957	0.01276	0.02074	0.04308	0.02393	0.76864	0.03351	0.00638	0.00638	0.00957	0.00399	0.00399
5	0.01440	0.01440	0.02016	0.01728	0.01728	0.02016	0.01440	0.01584	0.01008	0.01584	0.00864	0.01440	0.00864	0.01152	0.02160	0.00288	0.75659	0.00576	0.00288	0.00720
6	0.00940	0.00705	0.01058	0.01058	0.01176	0.00823	0.00823	0.01176	0.01058	0.01528	0.01763	0.02586	0.01646	0.04937	0.74255	0.01058	0.01763	0.00705	0.00353	0.00588
7	0.01365	0.10930	0.66320	0.01800	0.02731	0.01639	0.02299	0.02073	0.01385	0.02030	0.01154	0.01356	0.00835	0.00619	0.00605	0.00202	0.00946	0.00473	0.00278	0.00960
8	0.01760	0.77260	0.03450	0.01126	0.01690	0.02605	0.01126	0.01971	0.01338	0.01549	0.00915	0.01056	0.00845	0.00563	0.00422	0.00141	0.00704	0.00352	0.00282	0.00845
9	0.00916	0.00672	0.00858	0.00812	0.00974	0.00615	0.00609	0.01212	0.01827	0.02553	0.65747	0.05061	0.12929	0.01378	0.00777	0.00209	0.00313	0.01211	0.00713	0.00615
10	0.02223	0.01635	0.01777	0.01417	0.01863	0.01794	0.01146	0.59132	0.02794	0.03744	0.01917	0.13866	0.01650	0.00999	0.00688	0.00209	0.00668	0.00803	0.00651	0.01024
11	0.01243	0.01170	0.01975	0.75282	0.04534	0.01463	0.01828	0.01682	0.01316	0.01682	0.01170	0.01755	0.00878	0.00658	0.00658	0.00219	0.00878	0.00585	0.00293	0.00731
12	0.01554	0.01776	0.03885	0.02775	0.03441	0.01665	0.70366	0.02109	0.01554	0.02109	0.01332	0.01776	0.00999	0.00555	0.00777	0.00222	0.01110	0.00777	0.00333	0.00888
13	0.01716	0.69774	0.10545	0.01202	0.01807	0.02496	0.01259	0.01983	0.01343	0.01603	0.00942	0.01090	0.00844	0.00570	0.00443	0.00148	0.00731	0.00366	0.00281	0.00858
14	0.01290	0.01091	0.01285	0.00967	0.01480	0.00832	0.00758	0.01559	0.01351	0.02084	0.01496	0.11317	0.01423	0.00696	0.00534	0.00120	0.00474	0.00586	0.00419	0.70235
15	0.00802	0.00573	0.00764	0.00917	0.00955	0.00535	0.00611	0.00917	0.01260	0.01681	0.03628	0.76434	0.04354	0.02062	0.00840	0.00267	0.00382	0.01872	0.00611	0.00535
16	0.00802	0.00573	0.00764	0.00917	0.00955	0.00535	0.00611	0.00917	0.01260	0.01681	0.03628	0.76434	0.04354	0.02062	0.00840	0.00267	0.00382	0.01872	0.00611	0.00535
17	0.01629	0.01564	0.02672	0.04041	0.72757	0.01564	0.02020	0.02020	0.01499	0.02151	0.01238	0.01629	0.01043	0.00587	0.00652	0.00196	0.00782	0.00587	0.00326	0.01043
18	0.01155	0.00948	0.01141	0.00953	0.01335	0.00750	0.00717	0.01382	0.01326	0.01972	0.02085	0.29314	0.02233	0.01074	0.00619	0.00161	0.00448	0.00942	0.00472	0.50972
19	0.02459	0.03138	0.01866	0.01696	0.02035	0.74221	0.01272	0.02629	0.01866	0.01611	0.01018	0.01187	0.00848	0.00678	0.00594	0.00170	0.01187	0.00424	0.00339	0.00763
20	0.01335	0.01286	0.01815	0.01588	0.01612	0.01766	0.01311	0.01499	0.01019	0.01573	0.01053	0.01681	0.01028	0.01946	0.17277	0.00450	0.60164	0.00603	0.00302	0.00692
21	0.02820	0.01150	0.01524	0.01188	0.01684	0.01035	0.00975	0.03238	0.08947	0.66072	0.02606	0.02263	0.01668	0.00823	0.00663	0.00206	0.00556	0.00670	0.00800	0.01112
22	0.02459	0.03138	0.01866	0.01696	0.02035	0.74221	0.01272	0.02629	0.01866	0.01611	0.01018	0.01187	0.00848	0.00678	0.00594	0.00170	0.01187	0.00424	0.00339	0.00763
23	0.00932	0.00673	0.00880	0.00828	0.00984	0.00621	0.00621	0.01242	0.01863	0.02640	0.72410	0.04918	0.06212	0.01346	0.00776	0.00207	0.00311	0.01191	0.00725	0.00621
24	0.01061	0.00758	0.01061	0.01212	0.01364	0.00758	0.01061	0.01364	0.01515	0.01970	0.03486	0.07426	0.03789	0.01819	0.00909	0.00303	0.00606	0.68326	0.00606	0.00606
25	0.01320	0.03405	0.73453	0.01876	0.02849	0.01529	0.02432	0.02085	0.01390	0.02085	0.01181	0.01390	0.00834	0.00625	0.00625	0.00208	0.00973	0.00486	0.00278	0.00973
26	0.00932	0.00673	0.00880	0.00828	0.00984	0.00621	0.00621	0.01242	0.01863	0.02640	0.72410	0.04918	0.06212	0.01346	0.00776	0.00207	0.00311	0.01191	0.00725	0.00621
27	0.01383	0.01186	0.01373	0.00999	0.01570	0.00927	0.00797	0.01776	0.05891	0.02184	0.01267	0.01435	0.01042	0.00514	0.00499	0.00106	0.00490	0.00413	0.00408	0.75740
28	0.81514	0.01273	0.00968	0.00866	0.01273	0.01477	0.00713	0.01935	0.01120	0.02954	0.00917	0.01069	0.00713	0.00611	0.00407	0.00204	0.00509	0.00356	0.00407	0.00713
29	0.02062	0.01515	0.01662	0.01360	0.01760	0.01651	0.01085	0.52516	0.02620	0.03509	0.02111	0.20977	0.01958	0.01120	0.00706	0.00216	0.00636	0.00924	0.00646	0.00968
30	0.01356	0.00738	0.00752	0.00705	0.00896	0.00758	0.00540	0.08530	0.01554	0.02626	0.02090	0.02366	0.01630	0.00769	0.00480	0.00158	0.00349	0.00611	0.72424	0.00665
31	0.01320	0.03405	0.73453	0.01876	0.02849	0.01529	0.02432	0.02085	0.01390	0.02085	0.01181	0.01390	0.00834	0.00625	0.00625	0.00208	0.00973	0.00486	0.00278	0.00973
32	0.00778	0.00667	0.00667	0.00667	0.00889	0.00556	0.00500	0.00945	0.01501	0.01778	0.06669	0.06336	0.72490	0.01667	0.00778	0.00222	0.00333	0.01389	0.00611	0.00556
33	0.01243	0.01170	0.01975	0.75282	0.04534	0.01463	0.01828	0.01682	0.01316	0.01682	0.01170	0.01755	0.00878	0.00658	0.00658	0.00219	0.00878	0.00585	0.00293	0.00731
34	0.00927	0.00669	0.00876	0.00832	0.00982	0.00618	0.00621	0.01230	0.01841	0.02604	0.69844	0.07585	0.06142	0.01373	0.00779	0.00209	0.00313	0.01216	0.00720	0.00618
35	0.00921	0.00670	0.00867	0.00824	0.00978	0.00616	0.00616	0.01219	0.01829	0.02572	0.67349	0.07236	0.09067	0.01383	0.00779	0.00210	0.00314	0.01221	0.00716	0.00616
36	0.01433	0.01235	0.01520	0.01307	0.08832	0.00990	0.00923	0.04180	0.01441	0.02218	0.01192	0.01400	0.00987	0.00509	0.00510	0.00111	0.00526	0.00417	0.00393	0.69875
37	0.01629	0.01564	0.02672	0.04041	0.72757	0.01564	0.02020	0.02020	0.01499	0.02151	0.01238	0.01629	0.01043	0.00587	0.00652	0.00196	0.00782	0.00587	0.00326	0.01043
38	0.02561	0.01512	0.13473	0.04553	0.02001	0.01106	0.01251	0.02965	0.04233	0.55790	0.02303	0.02086	0.01478	0.00779	0.00656	0.00206	0.00641	0.00632	0.00698	0.01076
39	0.01365	0.01170	0.01365	0.00975	0.01560	0.00878	0.00780	0.01658	0.01365	0.02145	0.01170	0.01365	0.00975	0.00488	0.00488	0.00098	0.00488	0.00390	0.00390	0.80888
40	0.01065	0.00796	0.01131	0.01095	0.01245	0.00920	0.00857	0.06729	0.01221	0.01738	0.01749	0.02506	0.01604	0.04605	0.68364	0.00989	0.01680	0.00696	0.00377	0.00630
41	0.02070	0.35881	0.02631	0.01587	0.06433	0.32627	0.01259	0.05257	0.01639	0.01729	0.01007	0.01181	0.00872	0.00639	0.00565	0.00163	0.02889	0.00414	0.00325	0.00832
42	0.00936	0.00629	0.00724	0.00746	0.00751	0.00624	0.00428	0.00952	0.01000	0.01333	0.02291	0.14348	0.02666	0.66452	0.03001	0.00587	0.00603	0.01085	0.00428	0.00418
43	0.00825	0.00718	0.00799	0.08230	0.01259	0.00648	0.00635	0.01020	0.01482	0.01769	0.06112	0.05871	0.65232	0.01565	0.00766	0.00222	0.00389	0.01308	0.00579	0.00574
44	0.00963	0.00790	0.00814	0.00773	0.01024	0.00714	0.00597	0.08017	0.01663	0.02026	0.06035	0.05894	0.62713	0.01584	0.00771	0.00223	0.00383	0.03786	0.00616	0.00615
45	0.01617	0.01599	0.02872	0.03833	0.61355	0.01581	0.13263	0.02035	0.01508	0.02144	0.01254	0.01653	0.01036	0.00581	0.00672	0.00200	0.00836	0.00618	0.00327	0.01017
46	0.02459	0.03138	0.01866	0.01696	0.02035	0.74221	0.01272	0.02629	0.01866	0.01611	0.01018	0.01187	0.00848	0.00678	0.00594	0.00170	0.01187	0.00424	0.00339	0.00763
47	0.81514	0.01273	0.00968	0.00866	0.01273	0.01477	0.00713	0.01935	0.01120	0.02954	0.00917	0.01069	0.00713	0.00611	0.00407	0.00204	0.00509	0.00356	0.00407	0.00713
48	0.01629	0.01564	0.02672	0.04041	0.72757	0.01564	0.02020	0.02020	0.01499	0.02151	0.01238	0.01629	0.01043	0.00587	0.00652	0.00196	0.00782	0.00587	0.00326	0.01043

[dist]
# distance from previous block
# <min> <max>
0	1

[block]
# block no. 1 follows, 33 sequences, length 14
# corresponding to MSA columns:
# 54-67
name=unknown_B
#
# <colnr> <probs for GDERKNQSTAVLIFYWHMCP>
#	G	D	E	R	K	N	Q	S	T	A	V	L	I	F	Y	W	H	M	C	P
0	0.00802	0.00573	0.00764	0.00917	0.00955	0.00535	0.00611	0.00917	0.01260	0.01681	0.03628	0.76434	0.04354	0.02062	0.00840	0.00267	0.00382	0.01872	0.00611	0.00535
1	0.02954	0.01120	0.01528	0.01171	0.01681	0.00968	0.00968	0.03208	0.01884	0.73213	0.02597	0.02241	0.01630	0.00815	0.00662	0.00204	0.00560	0.00662	0.00815	0.01120
2	0.01061	0.00758	0.01061	0.01212	0.01364	0.00758	0.01061	0.01364	0.01515	0.01970	0.03486	0.07426	0.03789	0.01819	0.00909	0.00303	0.00606	0.68326	0.00606	0.00606
3	0.01343	0.03248	0.66723	0.01963	0.02907	0.01542	0.09004	0.02087	0.01406	0.02087	0.01196	0.01427	0.00850	0.00619	0.00640	0.00210	0.00986	0.00515	0.00283	0.00965
4	0.00778	0.00667	0.00667	0.00667	0.00889	0.00556	0.00500	0.00945	0.01501	0.01778	0.06669	0.06336	0.72490	0.01667	0.00778	0.00222	0.00333	0.01389	0.00611	0.00556
5	0.01527	0.01253	0.01437	0.01063	0.01610	0.01055	0.00850	0.13164	0.01650	0.02457	0.01364	0.05221	0.01171	0.00618	0.00534	0.00123	0.00522	0.00499	0.00446	0.63435
6	0.01204	0.01021	0.01615	0.54833	0.03496	0.01233	0.01445	0.01567	0.01279	0.01742	0.01429	0.02185	0.01190	0.10483	0.00976	0.00264	0.00764	0.00637	0.11965	0.00671
7	0.81514	0.01273	0.00968	0.00866	0.01273	0.01477	0.00713	0.01935	0.01120	0.02954	0.00917	0.01069	0.00713	0.00611	0.00407	0.00204	0.00509	0.00356	0.00407	0.00713
8	0.01554	0.01776	0.03885	0.02775	0.03441	0.01665	0.70366	0.02109	0.01554	0.02109	0.01332	0.01776	0.00999	0.00555	0.00777	0.00222	0.01110	0.00777	0.00333	0.00888
9	0.01608	0.01542	0.02633	0.08001	0.68965	0.01559	0.02010	0.02002	0.01489	0.02125	0.01235	0.01636	0.01034	0.00591	0.00652	0.00197	0.00787	0.00586	0.00324	0.01025
10	0.01111	0.00867	0.01223	0.01591	0.19169	0.00863	0.00839	0.01224	0.01132	0.01548	0.02043	0.12107	0.02279	0.48558	0.02365	0.00481	0.00645	0.00970	0.00405	0.00580
11	0.00797	0.00671	0.00712	0.00712	0.00922	0.00587	0.00537	0.00971	0.01449	0.01750	0.06102	0.05902	0.64301	0.02045	0.09272	0.00319	0.00499	0.01310	0.00581	0.00559
12	0.01495	0.01863	0.10394	0.11069	0.03510	0.01628	0.55872	0.02057	0.01511	0.02057	0.01299	0.01736	0.00969	0.00574	0.00749	0.00220	0.01070	0.00727	0.00323	0.00878
13	0.01615	0.01417	0.01550	0.01385	0.01714	0.01681	0.01088	0.03277	0.63411	0.02619	0.02470	0.02339	0.01877	0.00923	0.00842	0.00231	0.09207	0.00725	0.00626	0.01005

[dist]
# distance from previous block
# <min> <max>
0	1

[block]
# block no. 2 follows, 33 sequences, length 15
# corresponding to MSA columns:
# 69-83
name=unknown_C
#
# <colnr> <probs for GDERKNQSTAVLIFYWHMCP>
#	G	D	E	R	K	N	Q	S	T	A	V	L	I	F	Y	W	H	M	C	P
0	0.31409	0.01245	0.01662	0.40718	0.09660	0.01477	0.01428	0.01809	0.01260	0.02203	0.01081	0.01486	0.00831	0.00634	0.00563	0.00211	0.00730	0.00499	0.00339	0.00753
1	0.48379	0.01069	0.00972	0.00875	0.01193	0.01176	0.00698	0.04184	0.01471	0.02880	0.27776	0.02533	0.02792	0.00893	0.00555	0.00205	0.00443	0.00678	0.00536	0.00693
2	0.02030	0.01591	0.01975	0.29203	0.02977	0.01824	0.01468	0.44708	0.02428	0.03223	0.01426	0.01646	0.01029	0.00741	0.00658	0.00206	0.00782	0.00590	0.00521	0.00974
3	0.01606	0.01550	0.02388	0.01878	0.02361	0.01648	0.27063	0.02977	0.45288	0.02512	0.02174	0.02201	0.01630	0.00766	0.00710	0.00223	0.00742	0.00757	0.00543	0.00984
4	0.51413	0.02073	0.28175	0.01245	0.01865	0.01496	0.01358	0.01991	0.01222	0.02628	0.01016	0.01190	0.00758	0.00616	0.00489	0.00205	0.00683	0.00405	0.00359	0.00811
5	0.01957	0.01669	0.02411	0.03093	0.46214	0.01743	0.01732	0.27748	0.02098	0.02901	0.01367	0.01611	0.01072	0.00663	0.00654	0.00196	0.00760	0.00589	0.00451	0.01072
6	0.02030	0.01591	0.01975	0.29203	0.02977	0.01824	0.01468	0.44708	0.02428	0.03223	0.01426	0.01646	0.01029	0.00741	0.00658	0.00206	0.00782	0.00590	0.00521	0.00974
7	0.00957	0.00638	0.00718	0.00718	0.00718	0.00638	0.00399	0.00957	0.00957	0.01276	0.02074	0.04308	0.02393	0.76864	0.03351	0.00638	0.00638	0.00957	0.00399	0.00399
8	0.01455	0.29765	0.02638	0.43293	0.03404	0.01903	0.05492	0.01815	0.01338	0.01656	0.01084	0.01494	0.00872	0.00617	0.00576	0.00190	0.00826	0.00509	0.00291	0.00783
9	0.02076	0.01591	0.01747	0.01312	0.01861	0.01605	0.01074	0.44699	0.02446	0.03397	0.01426	0.01500	0.01065	0.00677	0.00594	0.00160	0.00636	0.00517	0.00558	0.31061
10	0.01828	0.02210	0.01416	0.01310	0.01605	0.46570	0.00982	0.01997	0.01729	0.01674	0.03139	0.03120	0.27739	0.01050	0.00663	0.00189	0.00867	0.00786	0.00441	0.00685
11	0.01154	0.00953	0.01266	0.01056	0.01412	0.00846	0.02939	0.01414	0.01245	0.01865	0.01651	0.09564	0.01575	0.02322	0.28222	0.00479	0.00975	0.00673	0.00397	0.39991
12	0.01537	0.01091	0.01190	0.01017	0.01215	0.01165	0.00719	0.27084	0.01760	0.02355	0.01889	0.03284	0.01915	0.48309	0.02340	0.00473	0.00671	0.00820	0.00496	0.00669
13	0.00978	0.00836	0.07565	0.00984	0.01095	0.00641	0.00766	0.01003	0.01121	0.01517	0.02468	0.41510	0.02821	0.02013	0.01471	0.30507	0.00508	0.01255	0.00458	0.00482
14	0.75488	0.01433	0.06414	0.00942	0.01392	0.01481	0.00842	0.01946	0.01141	0.02888	0.00937	0.01094	0.00722	0.00612	0.00424	0.00204	0.00544	0.00366	0.00398	0.00732

[dist]
# distance from previous block
# <min> <max>
3	8

[block]
# block no. 3 follows, 33 sequences, length 21
# corresponding to MSA columns:
# 92-112
name=unknown_D
#
# <colnr> <probs for GDERKNQSTAVLIFYWHMCP>
#	G	D	E	R	K	N	Q	S	T	A	V	L	I	F	Y	W	H	M	C	P
0	0.02480	0.01741	0.01898	0.01461	0.01972	0.01900	0.01204	0.62448	0.02950	0.09726	0.04340	0.01761	0.01354	0.00813	0.00663	0.00198	0.00695	0.00621	0.00674	0.01101
1	0.01760	0.77260	0.03450	0.01126	0.01690	0.02605	0.01126	0.01971	0.01338	0.01549	0.00915	0.01056	0.00845	0.00563	0.00422	0.00141	0.00704	0.00352	0.00282	0.00845
2	0.00802	0.00573	0.00764	0.00917	0.00955	0.00535	0.00611	0.00917	0.01260	0.01681	0.03628	0.76434	0.04354	0.02062	0.00840	0.00267	0.00382	0.01872	0.00611	0.00535
3	0.02954	0.01120	0.01528	0.01171	0.01681	0.00968	0.00968	0.03208	0.01884	0.73213	0.02597	0.02241	0.01630	0.00815	0.00662	0.00204	0.00560	0.00662	0.00815	0.01120
4	0.01243	0.01170	0.01975	0.75282	0.04534	0.01463	0.01828	0.01682	0.01316	0.01682	0.01170	0.01755	0.00878	0.00658	0.00658	0.00219	0.00878	0.00585	0.00293	0.00731
5	0.01528	0.01981	0.13297	0.02755	0.09014	0.01638	0.55504	0.02098	0.01527	0.02109	0.01304	0.01711	0.00980	0.00567	0.00746	0.00218	0.01064	0.00722	0.00325	0.00912
6	0.02503	0.01844	0.01976	0.01515	0.02042	0.02042	0.01251	0.70562	0.03095	0.04149	0.01581	0.01581	0.01120	0.00790	0.00659	0.00198	0.00724	0.00593	0.00659	0.01120
7	0.01637	0.01414	0.01489	0.01340	0.01712	0.01637	0.01042	0.03498	0.71568	0.02754	0.02679	0.02456	0.02010	0.00893	0.00670	0.00223	0.00521	0.00744	0.00670	0.01042
8	0.00802	0.00573	0.00764	0.00917	0.00955	0.00535	0.00611	0.00917	0.01260	0.01681	0.03628	0.76434	0.04354	0.02062	0.00840	0.00267	0.00382	0.01872	0.00611	0.00535
9	0.01243	0.01170	0.01975	0.75282	0.04534	0.01463	0.01828	0.01682	0.01316	0.01682	0.01170	0.01755	0.00878	0.00658	0.00658	0.00219	0.00878	0.00585	0.00293	0.00731
10	0.81514	0.01273	0.00968	0.00866	0.01273	0.01477	0.00713	0.01935	0.01120	0.02954	0.00917	0.01069	0.00713	0.00611	0.00407	0.00204	0.00509	0.00356	0.00407	0.00713
11	0.01440	0.01440	0.02016	0.01728	0.01728	0.02016	0.01440	0.01584	0.01008	0.01584	0.00864	0.01440	0.00864	0.01152	0.02160	0.00288	0.75659	0.00576	0.00288	0.00720
12	0.70712	0.01351	0.01105	0.00954	0.01378	0.01554	0.00787	0.11317	0.01390	0.03117	0.01007	0.01139	0.00769	0.00636	0.00442	0.00203	0.00539	0.00389	0.00442	0.00769
13	0.01020	0.00745	0.01004	0.01134	0.01296	0.00729	0.00980	0.01304	0.01513	0.01943	0.03943	0.07269	0.13651	0.01797	0.00890	0.00292	0.00567	0.58717	0.00607	0.00599
14	0.02291	0.01679	0.01804	0.01406	0.01861	0.01850	0.01135	0.61046	0.02803	0.03756	0.01648	0.01953	0.01294	0.11191	0.01027	0.00258	0.00713	0.00643	0.00623	0.01021
15	0.02260	0.02805	0.01895	0.01702	0.01975	0.60079	0.01305	0.02424	0.01698	0.01606	0.00988	0.01237	0.00851	0.00771	0.00900	0.00193	0.15773	0.00454	0.00329	0.00755
16	0.01075	0.00711	0.00787	0.00759	0.00804	0.00723	0.00457	0.05319	0.01124	0.01551	0.02050	0.03988	0.02257	0.65941	0.02948	0.00571	0.00617	0.00907	0.06950	0.00461
17	0.01870	0.01364	0.01504	0.01253	0.01589	0.01475	0.00975	0.43612	0.02364	0.03170	0.04491	0.18281	0.02167	0.11485	0.01070	0.00273	0.00624	0.00940	0.00615	0.00877
18	0.00935	0.00668	0.00858	0.00813	0.00947	0.00624	0.00591	0.01203	0.01740	0.02454	0.62794	0.04834	0.05690	0.11670	0.01128	0.00266	0.00355	0.01159	0.00680	0.00591
19	0.01320	0.01248	0.02113	0.61126	0.18090	0.01483	0.01866	0.01749	0.01353	0.01775	0.01184	0.01730	0.00910	0.00644	0.00657	0.00215	0.00859	0.00585	0.00299	0.00793
20	0.00778	0.00667	0.00667	0.00667	0.00889	0.00556	0.00500	0.00945	0.01501	0.01778	0.06669	0.06336	0.72490	0.01667	0.00778	0.00222	0.00333	0.01389	0.00611	0.00556

[dist]
# distance from previous block
# <min> <max>
0	4

[block]
# block no. 4 follows, 33 sequences, length 74
# corresponding to MSA columns:
# 117-190
name=unknown_E
#
# <colnr> <probs for GDERKNQSTAVLIFYWHMCP>
#	G	D	E	R	K	N	Q	S	T	A	V	L	I	F	Y	W	H	M	C	P
0	0.11762	0.01618	0.01748	0.01363	0.01860	0.01750	0.01122	0.49064	0.02606	0.15784	0.01734	0.03711	0.01249	0.00809	0.00635	0.00201	0.00662	0.00612	0.00655	0.01056
1	0.01252	0.01063	0.01131	0.01070	0.01349	0.01146	0.00812	0.02340	0.39869	0.02300	0.04062	0.13901	0.24441	0.01298	0.00727	0.00229	0.00443	0.01102	0.00643	0.00819
2	0.00932	0.00673	0.00880	0.00828	0.00984	0.00621	0.00621	0.01242	0.01863	0.02640	0.72410	0.04918	0.06212	0.01346	0.00776	0.00207	0.00311	0.01191	0.00725	0.00621
3	0.01031	0.00736	0.01026	0.01178	0.01316	0.00732	0.01008	0.01312	0.01486	0.01936	0.03502	0.15486	0.03855	0.01847	0.00901	0.00299	0.00580	0.60564	0.00607	0.00598
4	0.02503	0.01844	0.01976	0.01515	0.02042	0.02042	0.01251	0.70562	0.03095	0.04149	0.01581	0.01581	0.01120	0.00790	0.00659	0.00198	0.00724	0.00593	0.00659	0.01120
5	0.00820	0.00581	0.00759	0.00893	0.00927	0.00547	0.00586	0.00921	0.01225	0.01633	0.03447	0.68010	0.04125	0.10799	0.01134	0.00311	0.00412	0.01765	0.00586	0.00519
6	0.00802	0.00573	0.00764	0.00917	0.00955	0.00535	0.00611	0.00917	0.01260	0.01681	0.03628	0.76434	0.04354	0.02062	0.00840	0.00267	0.00382	0.01872	0.00611	0.00535
7	0.01842	0.68602	0.03265	0.01193	0.01730	0.10970	0.01143	0.02048	0.01399	0.01556	0.00927	0.01071	0.00845	0.00577	0.00442	0.00144	0.00760	0.00360	0.00288	0.00835
8	0.02214	0.01619	0.01741	0.01366	0.01794	0.01779	0.01092	0.57547	0.02696	0.03612	0.01673	0.02091	0.01358	0.15015	0.01162	0.00280	0.00708	0.00661	0.00610	0.00985
9	0.01387	0.01187	0.01366	0.01024	0.01564	0.00973	0.00812	0.01892	0.11068	0.02217	0.01447	0.03588	0.01211	0.00587	0.00522	0.00120	0.00489	0.00480	0.00435	0.67631
10	0.10348	0.00738	0.00868	0.00817	0.00981	0.00723	0.00601	0.01284	0.01651	0.02488	0.54335	0.04384	0.05042	0.11701	0.01089	0.00266	0.00379	0.01061	0.00643	0.00601
11	0.01320	0.03405	0.73453	0.01876	0.02849	0.01529	0.02432	0.02085	0.01390	0.02085	0.01181	0.01390	0.00834	0.00625	0.00625	0.00208	0.00973	0.00486	0.00278	0.00973
12	0.00778	0.00667	0.00667	0.00667	0.00889	0.00556	0.00500	0.00945	0.01501	0.01778	0.06669	0.06336	0.72490	0.01667	0.00778	0.00222	0.00333	0.01389	0.00611	0.00556
13	0.01243	0.01170	0.01975	0.75282	0.04534	0.01463	0.01828	0.01682	0.01316	0.01682	0.01170	0.01755	0.00878	0.00658	0.00658	0.00219	0.00878	0.00585	0.00293	0.00731
14	0.01429	0.02756	0.48474	0.02640	0.27521	0.01541	0.02287	0.02062	0.01428	0.02108	0.01201	0.01474	0.00908	0.00612	0.00635	0.00204	0.00906	0.00522	0.00295	0.00998
15	0.02459	0.03138	0.01866	0.01696	0.02035	0.74221	0.01272	0.02629	0.01866	0.01611	0.01018	0.01187	0.00848	0.00678	0.00594	0.00170	0.01187	0.00424	0.00339	0.00763
16	0.02459	0.01810	0.01940	0.01492	0.02004	0.02002	0.01227	0.68592	0.03035	0.04068	0.01595	0.01658	0.01156	0.02943	0.00735	0.00210	0.00722	0.00603	0.00651	0.01099
17	0.00789	0.00670	0.00682	0.00688	0.00908	0.00564	0.00522	0.00961	0.01501	0.01786	0.06545	0.06378	0.69814	0.01673	0.00783	0.00225	0.00344	0.03996	0.00611	0.00558
18	0.01554	0.01776	0.03885	0.02775	0.03441	0.01665	0.70366	0.02109	0.01554	0.02109	0.01332	0.01776	0.00999	0.00555	0.00777	0.00222	0.01110	0.00777	0.00333	0.00888
19	0.00946	0.00634	0.00721	0.00732	0.00735	0.00631	0.00414	0.00954	0.00979	0.01305	0.02185	0.09439	0.02533	0.71543	0.03172	0.00612	0.00620	0.01022	0.00414	0.00409
20	0.02370	0.01765	0.01904	0.01452	0.01985	0.01906	0.01196	0.62514	0.02893	0.03915	0.01533	0.01555	0.01103	0.00755	0.00639	0.00186	0.00697	0.00569	0.00627	0.10437
21	0.01022	0.00745	0.01006	0.01137	0.01298	0.00730	0.00983	0.01306	0.01513	0.01944	0.03926	0.07275	0.13287	0.01798	0.00891	0.00292	0.00568	0.59072	0.00607	0.00599
22	0.01320	0.03405	0.73453	0.01876	0.02849	0.01529	0.02432	0.02085	0.01390	0.02085	0.01181	0.01390	0.00834	0.00625	0.00625	0.00208	0.00973	0.00486	0.00278	0.00973
23	0.01637	0.01414	0.01489	0.01340	0.01712	0.01637	0.01042	0.03498	0.71568	0.02754	0.02679	0.02456	0.02010	0.00893	0.00670	0.00223	0.00521	0.00744	0.00670	0.01042
24	0.01320	0.03405	0.73453	0.01876	0.02849	0.01529	0.02432	0.02085	0.01390	0.02085	0.01181	0.01390	0.00834	0.00625	0.00625	0.00208	0.00973	0.00486	0.00278	0.00973
25	0.00957	0.00638	0.00718	0.00718	0.00718	0.00638	0.00399	0.00957	0.00957	0.01276	0.02074	0.04308	0.02393	0.76864	0.03351	0.00638	0.00638	0.00957	0.00399	0.00399
26	0.01178	0.00618	0.00633	0.00633	0.00758	0.00618	0.00449	0.01428	0.01303	0.02238	0.02134	0.02795	0.01817	0.14763	0.00992	0.00243	0.00368	0.00677	0.65782	0.00574
27	0.01366	0.03344	0.70669	0.01862	0.02818	0.01549	0.02386	0.04752	0.01456	0.02165	0.01197	0.01397	0.00845	0.00632	0.00627	0.00208	0.00963	0.00491	0.00293	0.00979
28	0.00931	0.00627	0.00726	0.00751	0.00758	0.00621	0.00434	0.00951	0.01008	0.01344	0.02334	0.16375	0.02721	0.64350	0.02931	0.00576	0.00595	0.01110	0.00434	0.00422
29	0.02322	0.01703	0.01829	0.01422	0.01887	0.01878	0.01152	0.62432	0.02846	0.03813	0.01638	0.01899	0.01268	0.09676	0.00973	0.00249	0.00714	0.00635	0.00628	0.01035
30	0.01365	0.01170	0.01365	0.00975	0.01560	0.00878	0.00780	0.01658	0.01365	0.02145	0.01170	0.01365	0.00975	0.00488	0.00488	0.00098	0.00488	0.00390	0.00390	0.80888
31	0.01320	0.03405	0.73453	0.01876	0.02849	0.01529	0.02432	0.02085	0.01390	0.02085	0.01181	0.01390	0.00834	0.00625	0.00625	0.00208	0.00973	0.00486	0.00278	0.00973
32	0.00802	0.00573	0.00764	0.00917	0.00955	0.00535	0.00611	0.00917	0.01260	0.01681	0.03628	0.76434	0.04354	0.02062	0.00840	0.00267	0.00382	0.01872	0.00611	0.00535
33	0.01484	0.02944	0.59890	0.01719	0.02580	0.01399	0.02132	0.02156	0.01481	0.10432	0.06413	0.01740	0.01309	0.00699	0.00640	0.00208	0.00878	0.00557	0.00372	0.00965
34	0.01699	0.67049	0.13128	0.01230	0.01850	0.02456	0.01307	0.01987	0.01345	0.01623	0.00952	0.01102	0.00843	0.00572	0.00450	0.00150	0.00741	0.00371	0.00281	0.00863
35	0.01440	0.01440	0.02016	0.01728	0.01728	0.02016	0.01440	0.01584	0.01008	0.01584	0.00864	0.01440	0.00864	0.01152	0.02160	0.00288	0.75659	0.00576	0.00288	0.00720
36	0.00957	0.00638	0.00718	0.00718	0.00718	0.00638	0.00399	0.00957	0.00957	0.01276	0.02074	0.04308	0.02393	0.76864	0.03351	0.00638	0.00638	0.00957	0.00399	0.00399
37	0.01320	0.03405	0.73453	0.01876	0.02849	0.01529	0.02432	0.02085	0.01390	0.02085	0.01181	0.01390	0.00834	0.00625	0.00625	0.00208	0.00973	0.00486	0.00278	0.00973
38	0.00826	0.00669	0.00733	0.00717	0.00918	0.00576	0.00538	0.01037	0.01613	0.02045	0.27032	0.05896	0.51961	0.01568	0.00778	0.00218	0.00326	0.01328	0.00646	0.00576
39	0.00949	0.00635	0.00721	0.00729	0.00731	0.00632	0.00411	0.00955	0.00974	0.01299	0.02161	0.08355	0.02503	0.72667	0.03210	0.00617	0.00624	0.01009	0.00411	0.00407
40	0.01458	0.03223	0.65104	0.01834	0.02755	0.01589	0.02294	0.10083	0.01589	0.02326	0.01228	0.01412	0.00867	0.00645	0.00629	0.00207	0.00944	0.00499	0.00322	0.00990
41	0.01559	0.01639	0.01999	0.01725	0.01764	0.10450	0.01421	0.01706	0.01108	0.01587	0.00882	0.01411	0.00862	0.01097	0.01977	0.00274	0.66960	0.00558	0.00294	0.00725
42	0.00897	0.00760	0.00789	0.00782	0.01017	0.00696	0.00601	0.01271	0.09686	0.01905	0.05989	0.05956	0.59646	0.01587	0.00774	0.00228	0.00374	0.05807	0.00618	0.00616
43	0.01209	0.01134	0.01931	0.51687	0.08376	0.01314	0.06489	0.01596	0.01345	0.01747	0.01756	0.12721	0.04189	0.00888	0.00697	0.00225	0.00795	0.00816	0.00356	0.00728
44	0.70427	0.01568	0.10989	0.01005	0.01491	0.01484	0.00951	0.01956	0.01158	0.02834	0.00953	0.01114	0.00730	0.00613	0.00438	0.00204	0.00573	0.00374	0.00390	0.00749
45	0.00957	0.00638	0.00718	0.00718	0.00718	0.00638	0.00399	0.00957	0.00957	0.01276	0.02074	0.04308	0.02393	0.76864	0.03351	0.00638	0.00638	0.00957	0.00399	0.00399
46	0.02172	0.02659	0.01908	0.01705	0.01949	0.53851	0.01319	0.02334	0.01624	0.01604	0.00974	0.01259	0.00853	0.00812	0.01036	0.00203	0.22197	0.00467	0.00325	0.00751
47	0.00932	0.00673	0.00880	0.00828	0.00984	0.00621	0.00621	0.01242	0.01863	0.02640	0.72410	0.04918	0.06212	0.01346	0.00776	0.00207	0.00311	0.01191	0.00725	0.00621
48	0.01637	0.01414	0.01489	0.01340	0.01712	0.01637	0.01042	0.03498	0.71568	0.02754	0.02679	0.02456	0.02010	0.00893	0.00670	0.00223	0.00521	0.00744	0.00670	0.01042
49	0.00778	0.00667	0.00667	0.00667	0.00889	0.00556	0.00500	0.00945	0.01501	0.01778	0.06669	0.06336	0.72490	0.01667	0.00778	0.00222	0.00333	0.01389	0.00611	0.00556
50	0.12068	0.00756	0.00886	0.00829	0.01021	0.00738	0.00631	0.01330	0.01751	0.02660	0.60726	0.04424	0.07266	0.01253	0.00725	0.00207	0.00339	0.01081	0.00678	0.00632
51	0.01637	0.01414	0.01489	0.01340	0.01712	0.01637	0.01042	0.03498	0.71568	0.02754	0.02679	0.02456	0.02010	0.00893	0.00670	0.00223	0.00521	0.00744	0.00670	0.01042
52	0.02503	0.01844	0.01976	0.01515	0.02042	0.02042	0.01251	0.70562	0.03095	0.04149	0.01581	0.01581	0.01120	0.00790	0.00659	0.00198	0.00724	0.00593	0.00659	0.01120
53	0.02954	0.01120	0.01528	0.01171	0.01681	0.00968	0.00968	0.03208	0.01884	0.73213	0.02597	0.02241	0.01630	0.00815	0.00662	0.00204	0.00560	0.00662	0.00815	0.01120
54	0.02362	0.02954	0.01960	0.01970	0.10296	0.65734	0.01359	0.02558	0.01823	0.01674	0.01043	0.01239	0.00871	0.00668	0.00600	0.00173	0.01140	0.00443	0.00338	0.00796
55	0.01637	0.01414	0.01489	0.01340	0.01712	0.01637	0.01042	0.03498	0.71568	0.02754	0.02679	0.02456	0.02010	0.00893	0.00670	0.00223	0.00521	0.00744	0.00670	0.01042
56	0.01554	0.01776	0.03885	0.02775	0.03441	0.01665	0.70366	0.02109	0.01554	0.02109	0.01332	0.01776	0.00999	0.00555	0.00777	0.00222	0.01110	0.00777	0.00333	0.00888
57	0.01737	0.75093	0.03382	0.01125	0.01675	0.02554	0.01118	0.01949	0.01330	0.01548	0.00939	0.01099	0.00868	0.00687	0.02512	0.00167	0.00734	0.00362	0.00284	0.00838
58	0.01320	0.03405	0.73453	0.01876	0.02849	0.01529	0.02432	0.02085	0.01390	0.02085	0.01181	0.01390	0.00834	0.00625	0.00625	0.00208	0.00973	0.00486	0.00278	0.00973
59	0.01637	0.01414	0.01489	0.01340	0.01712	0.01637	0.01042	0.03498	0.71568	0.02754	0.02679	0.02456	0.02010	0.00893	0.00670	0.00223	0.00521	0.00744	0.00670	0.01042
60	0.00858	0.00639	0.00892	0.01126	0.05774	0.00604	0.00706	0.00991	0.01276	0.01712	0.03468	0.71413	0.04132	0.01963	0.00828	0.00263	0.00409	0.01785	0.00592	0.00569
61	0.01261	0.01060	0.01254	0.00964	0.01448	0.00814	0.00749	0.01521	0.01346	0.02059	0.01624	0.15227	0.01599	0.00778	0.00553	0.00129	0.00468	0.00664	0.00431	0.66050
62	0.01192	0.00986	0.01180	0.00957	0.01374	0.00772	0.00728	0.01429	0.01333	0.02002	0.01928	0.24498	0.02016	0.00973	0.00596	0.00150	0.00455	0.00847	0.00458	0.56127
63	0.01144	0.00572	0.00858	0.00858	0.00858	0.00572	0.00572	0.00858	0.00858	0.01144	0.01144	0.02001	0.01144	0.02287	0.02573	0.80846	0.00572	0.00572	0.00286	0.00286
64	0.02503	0.01844	0.01976	0.01515	0.02042	0.02042	0.01251	0.70562	0.03095	0.04149	0.01581	0.01581	0.01120	0.00790	0.00659	0.00198	0.00724	0.00593	0.00659	0.01120
65	0.81514	0.01273	0.00968	0.00866	0.01273	0.01477	0.00713	0.01935	0.01120	0.02954	0.00917	0.01069	0.00713	0.00611	0.00407	0.00204	0.00509	0.00356	0.00407	0.00713
66	0.00957	0.00638	0.00718	0.00718	0.00718	0.00638	0.00399	0.00957	0.00957	0.01276	0.02074	0.04308	0.02393	0.76864	0.03351	0.00638	0.00638	0.00957	0.00399	0.00399
67	0.00820	0.00584	0.00770	0.00900	0.00944	0.00547	0.00600	0.00942	0.01287	0.01727	0.08436	0.67421	0.04380	0.06083	0.00972	0.00283	0.00391	0.01773	0.00608	0.00533
68	0.01518	0.01705	0.03661	0.11244	0.03568	0.01641	0.62361	0.02059	0.01526	0.02059	0.01313	0.01773	0.00985	0.00567	0.00763	0.00222	0.01083	0.00755	0.00328	0.00870
69	0.15275	0.01460	0.02283	0.13346	0.51067	0.01535	0.01770	0.01959	0.01409	0.02224	0.01174	0.01551	0.00963	0.00601	0.00611	0.00200	0.00749	0.00547	0.00335	0.00943
70	0.01609	0.45543	0.25042	0.01699	0.10350	0.02150	0.01635	0.02012	0.01373	0.01785	0.01035	0.01226	0.00865	0.00585	0.00512	0.00168	0.00796	0.00421	0.00286	0.00908
71	0.20429	0.02407	0.42594	0.06738	0.02360	0.01400	0.01762	0.01877	0.01258	0.02154	0.01113	0.01411	0.00844	0.00818	0.00803	0.09627	0.00809	0.00472	0.00311	0.00813
72	0.47352	0.01666	0.11059	0.01111	0.01525	0.09819	0.00998	0.01862	0.01269	0.02458	0.01430	0.14051	0.01370	0.00870	0.00534	0.00211	0.00631	0.00642	0.00416	0.00724
73	0.01479	0.02497	0.41186	0.07007	0.02664	0.01509	0.08258	0.13665	0.01677	0.02365	0.01549	0.10250	0.01312	0.00817	0.00673	0.00216	0.00867	0.00700	0.00388	0.00922

[dist]
# distance from previous block
# <min> <max>
0	10

# created by:
# /share/home/app/bin/augustus-3.3.1/scripts/msa2prfl.pl /dev/shm/tmp/ogap_db/mt-rosids/msas/rpl5.aln
