[name]
unknown

[dist]
# distance from previous block
# <min> <max>
0	0

[block]
# block no. 0 follows, 34 sequences, length 44
# corresponding to MSA columns:
# 0-43
name=unknown_A
#
# <colnr> <probs for GDERKNQSTAVLIFYWHMCP>
#	G	D	E	R	K	N	Q	S	T	A	V	L	I	F	Y	W	H	M	C	P
0	0.01041	0.00744	0.01041	0.01190	0.01339	0.00744	0.01041	0.01339	0.01487	0.01934	0.03421	0.07288	0.03719	0.01785	0.00892	0.00297	0.00595	0.68913	0.00595	0.00595
1	0.02899	0.01100	0.01499	0.01150	0.01649	0.00950	0.00950	0.03149	0.01849	0.73709	0.02549	0.02199	0.01599	0.00800	0.00650	0.00200	0.00550	0.00650	0.00800	0.01100
2	0.01220	0.01148	0.01938	0.75739	0.04450	0.01436	0.01794	0.01651	0.01292	0.01651	0.01148	0.01723	0.00861	0.00646	0.00646	0.00215	0.00861	0.00574	0.00287	0.00718
3	0.01599	0.01535	0.02623	0.03966	0.73262	0.01535	0.01983	0.01983	0.01471	0.02111	0.01215	0.01599	0.01023	0.00576	0.00640	0.00192	0.00768	0.00576	0.00320	0.01023
4	0.81856	0.01250	0.00950	0.00850	0.01250	0.01449	0.00700	0.01899	0.01100	0.02899	0.00900	0.01050	0.00700	0.00600	0.00400	0.00200	0.00500	0.00350	0.00400	0.00700
5	0.02414	0.03079	0.01831	0.01665	0.01998	0.74698	0.01248	0.02580	0.01831	0.01581	0.00999	0.01165	0.00832	0.00666	0.00583	0.00166	0.01165	0.00416	0.00333	0.00749
6	0.01351	0.01165	0.01395	0.01086	0.04599	0.00890	0.00818	0.01642	0.01345	0.02106	0.01151	0.01351	0.00960	0.00483	0.00485	0.00100	0.00491	0.00391	0.00380	0.77812
7	0.00764	0.00655	0.00655	0.00655	0.00873	0.00545	0.00491	0.00927	0.01473	0.01745	0.06546	0.06218	0.73000	0.01636	0.00764	0.00218	0.00327	0.01364	0.00600	0.00545
8	0.02456	0.01810	0.01939	0.01487	0.02004	0.02004	0.01228	0.71107	0.03038	0.04072	0.01551	0.01551	0.01099	0.00776	0.00646	0.00194	0.00711	0.00582	0.00646	0.01099
9	0.00914	0.00660	0.00864	0.00813	0.00965	0.00610	0.00610	0.01219	0.01829	0.02591	0.72921	0.04827	0.06097	0.01321	0.00762	0.00203	0.00305	0.01169	0.00711	0.00610
10	0.01220	0.01148	0.01938	0.75739	0.04450	0.01436	0.01794	0.01651	0.01292	0.01651	0.01148	0.01723	0.00861	0.00646	0.00646	0.00215	0.00861	0.00574	0.00287	0.00718
11	0.00820	0.00602	0.00825	0.01023	0.03852	0.00566	0.00656	0.00943	0.01247	0.01668	0.03467	0.73837	0.04143	0.01966	0.00817	0.00260	0.00391	0.01786	0.00589	0.00545
12	0.14717	0.38416	0.16366	0.01196	0.01733	0.01892	0.01241	0.01827	0.01244	0.01847	0.01081	0.01340	0.00930	0.01252	0.12212	0.00304	0.00875	0.00427	0.00307	0.00792
13	0.01141	0.01010	0.01678	0.02154	0.27153	0.00980	0.06938	0.01387	0.01345	0.01850	0.02530	0.43557	0.02831	0.01380	0.00753	0.00233	0.00575	0.01294	0.00476	0.00733
14	0.02414	0.03079	0.01831	0.01665	0.01998	0.74698	0.01248	0.02580	0.01831	0.01581	0.00999	0.01165	0.00832	0.00666	0.00583	0.00166	0.01165	0.00416	0.00333	0.00749
15	0.01220	0.01148	0.01938	0.75739	0.04450	0.01436	0.01794	0.01651	0.01292	0.01651	0.01148	0.01723	0.00861	0.00646	0.00646	0.00215	0.00861	0.00574	0.00287	0.00718
16	0.02456	0.01810	0.01939	0.01487	0.02004	0.02004	0.01228	0.71107	0.03038	0.04072	0.01551	0.01551	0.01099	0.00776	0.00646	0.00194	0.00711	0.00582	0.00646	0.01099
17	0.02456	0.01810	0.01939	0.01487	0.02004	0.02004	0.01228	0.71107	0.03038	0.04072	0.01551	0.01551	0.01099	0.00776	0.00646	0.00194	0.00711	0.00582	0.00646	0.01099
18	0.01727	0.77681	0.03386	0.01106	0.01658	0.02557	0.01106	0.01935	0.01313	0.01520	0.00898	0.01036	0.00829	0.00553	0.00415	0.00138	0.00691	0.00345	0.00276	0.00829
19	0.02456	0.01810	0.01939	0.01487	0.02004	0.02004	0.01228	0.71107	0.03038	0.04072	0.01551	0.01551	0.01099	0.00776	0.00646	0.00194	0.00711	0.00582	0.00646	0.01099
20	0.02456	0.01810	0.01939	0.01487	0.02004	0.02004	0.01228	0.71107	0.03038	0.04072	0.01551	0.01551	0.01099	0.00776	0.00646	0.00194	0.00711	0.00582	0.00646	0.01099
21	0.01197	0.01007	0.01673	0.57645	0.03578	0.01224	0.01496	0.01455	0.01183	0.01523	0.01142	0.01781	0.00924	0.01032	0.01100	0.19780	0.00789	0.00571	0.00286	0.00612
22	0.00940	0.00626	0.00705	0.00705	0.00705	0.00626	0.00392	0.00940	0.00940	0.01253	0.02036	0.04228	0.02349	0.77292	0.03289	0.00626	0.00626	0.00940	0.00392	0.00392
23	0.02456	0.01810	0.01939	0.01487	0.02004	0.02004	0.01228	0.71107	0.03038	0.04072	0.01551	0.01551	0.01099	0.00776	0.00646	0.00194	0.00711	0.00582	0.00646	0.01099
24	0.01420	0.38754	0.28331	0.01299	0.01943	0.01859	0.01469	0.01815	0.01357	0.01745	0.01886	0.01974	0.12246	0.00746	0.00542	0.00175	0.00728	0.00554	0.00326	0.00830
25	0.00923	0.00692	0.01038	0.01038	0.01154	0.00808	0.00808	0.01154	0.01038	0.01500	0.01731	0.02538	0.01615	0.04846	0.74732	0.01038	0.01731	0.00692	0.00346	0.00577
26	0.00923	0.00692	0.01038	0.01038	0.01154	0.00808	0.00808	0.01154	0.01038	0.01500	0.01731	0.02538	0.01615	0.04846	0.74732	0.01038	0.01731	0.00692	0.00346	0.00577
27	0.00924	0.00690	0.01026	0.01026	0.01137	0.00801	0.00792	0.01146	0.01035	0.01491	0.01742	0.02602	0.01643	0.07586	0.72030	0.01023	0.01689	0.00702	0.00348	0.00570
28	0.78806	0.01225	0.00937	0.00840	0.01231	0.01417	0.00690	0.01884	0.01109	0.02880	0.00945	0.01101	0.00736	0.00606	0.00402	0.00198	0.00492	0.00359	0.03443	0.00696
29	0.01599	0.01535	0.02623	0.03966	0.73262	0.01535	0.01983	0.01983	0.01471	0.02111	0.01215	0.01599	0.01023	0.00576	0.00640	0.00192	0.00768	0.00576	0.00320	0.01023
30	0.01454	0.01053	0.01200	0.01093	0.01309	0.01110	0.00807	0.27901	0.01881	0.02516	0.02537	0.35942	0.02736	0.13944	0.01162	0.00296	0.00546	0.01206	0.00583	0.00724
31	0.00898	0.00648	0.00849	0.00824	0.00962	0.00599	0.00608	0.01178	0.01752	0.02469	0.63934	0.14161	0.05860	0.01412	0.00770	0.00211	0.00314	0.01255	0.00697	0.00599
32	0.00923	0.00692	0.01038	0.01038	0.01154	0.00808	0.00808	0.01154	0.01038	0.01500	0.01731	0.02538	0.01615	0.04846	0.74732	0.01038	0.01731	0.00692	0.00346	0.00577
33	0.01525	0.01743	0.03813	0.02723	0.03377	0.01634	0.70915	0.02070	0.01525	0.02070	0.01307	0.01743	0.00980	0.00545	0.00763	0.00218	0.01089	0.00763	0.00327	0.00871
34	0.01836	0.65875	0.03140	0.01194	0.01712	0.13973	0.01128	0.02037	0.01395	0.01530	0.00914	0.01057	0.00830	0.00571	0.00441	0.00143	0.00766	0.00357	0.00285	0.00817
35	0.00890	0.00641	0.00841	0.00830	0.00960	0.00593	0.00608	0.01157	0.01714	0.02408	0.59401	0.18869	0.05741	0.01458	0.00774	0.00215	0.00318	0.01299	0.00690	0.00593
36	0.02414	0.03079	0.01831	0.01665	0.01998	0.74698	0.01248	0.02580	0.01831	0.01581	0.00999	0.01165	0.00832	0.00666	0.00583	0.00166	0.01165	0.00416	0.00333	0.00749
37	0.00787	0.00562	0.00750	0.00900	0.00937	0.00525	0.00600	0.00900	0.01237	0.01649	0.03561	0.76871	0.04274	0.02024	0.00825	0.00262	0.00375	0.01837	0.00600	0.00525
38	0.01220	0.01148	0.01938	0.75739	0.04450	0.01436	0.01794	0.01651	0.01292	0.01651	0.01148	0.01723	0.00861	0.00646	0.00646	0.00215	0.00861	0.00574	0.00287	0.00718
39	0.02456	0.01810	0.01939	0.01487	0.02004	0.02004	0.01228	0.71107	0.03038	0.04072	0.01551	0.01551	0.01099	0.00776	0.00646	0.00194	0.00711	0.00582	0.00646	0.01099
40	0.00923	0.00692	0.01038	0.01038	0.01154	0.00808	0.00808	0.01154	0.01038	0.01500	0.01731	0.02538	0.01615	0.04846	0.74732	0.01038	0.01731	0.00692	0.00346	0.00577
41	0.00929	0.00622	0.00708	0.00718	0.00721	0.00619	0.00406	0.00937	0.00960	0.01280	0.02142	0.09291	0.02483	0.72047	0.03117	0.00601	0.00609	0.01002	0.00406	0.00401
42	0.81856	0.01250	0.00950	0.00850	0.01250	0.01449	0.00700	0.01899	0.01100	0.02899	0.00900	0.01050	0.00700	0.00600	0.00400	0.00200	0.00500	0.00350	0.00400	0.00700
43	0.02456	0.01810	0.01939	0.01487	0.02004	0.02004	0.01228	0.71107	0.03038	0.04072	0.01551	0.01551	0.01099	0.00776	0.00646	0.00194	0.00711	0.00582	0.00646	0.01099

[dist]
# distance from previous block
# <min> <max>
4	9

[block]
# block no. 1 follows, 34 sequences, length 26
# corresponding to MSA columns:
# 53-78
name=unknown_B
#
# <colnr> <probs for GDERKNQSTAVLIFYWHMCP>
#	G	D	E	R	K	N	Q	S	T	A	V	L	I	F	Y	W	H	M	C	P
0	0.62491	0.01318	0.01353	0.01602	0.18625	0.01470	0.01009	0.01920	0.01189	0.02709	0.00976	0.01182	0.00778	0.00594	0.00458	0.00198	0.00564	0.00404	0.00381	0.00778
1	0.00934	0.00635	0.00743	0.00731	0.00768	0.00622	0.00444	0.01007	0.01154	0.01576	0.19139	0.04373	0.03253	0.58962	0.02679	0.00524	0.00549	0.00995	0.00469	0.00444
2	0.01518	0.01308	0.01938	0.57823	0.03860	0.01573	0.01658	0.18410	0.01713	0.02235	0.01246	0.01681	0.00919	0.00677	0.00646	0.00210	0.00825	0.00576	0.00374	0.00810
3	0.00787	0.00562	0.00750	0.00900	0.00937	0.00525	0.00600	0.00900	0.01237	0.01649	0.03561	0.76871	0.04274	0.02024	0.00825	0.00262	0.00375	0.01837	0.00600	0.00525
4	0.81856	0.01250	0.00950	0.00850	0.01250	0.01449	0.00700	0.01899	0.01100	0.02899	0.00900	0.01050	0.00700	0.00600	0.00400	0.00200	0.00500	0.00350	0.00400	0.00700
5	0.01236	0.01158	0.01918	0.72687	0.04337	0.01443	0.01763	0.01724	0.04196	0.01694	0.01209	0.01751	0.00907	0.00655	0.00646	0.00215	0.00847	0.00581	0.00302	0.00730
6	0.01204	0.00602	0.00602	0.00602	0.00753	0.00602	0.00452	0.01506	0.01355	0.02409	0.02108	0.02409	0.01656	0.00753	0.00452	0.00151	0.00301	0.00602	0.80879	0.00602
7	0.00764	0.00655	0.00655	0.00655	0.00873	0.00545	0.00491	0.00927	0.01473	0.01745	0.06546	0.06218	0.73000	0.01636	0.00764	0.00218	0.00327	0.01364	0.00600	0.00545
8	0.00770	0.00629	0.00681	0.00723	0.00891	0.00540	0.00521	0.00920	0.01407	0.01719	0.05717	0.25825	0.53927	0.01744	0.00781	0.00230	0.00340	0.01495	0.00600	0.00540
9	0.00780	0.00592	0.00719	0.00821	0.00916	0.00531	0.00565	0.00909	0.01313	0.01680	0.04521	0.54146	0.26379	0.01900	0.00805	0.00248	0.00360	0.01685	0.00600	0.00531
10	0.01479	0.01523	0.01969	0.01694	0.01716	0.06758	0.01403	0.01622	0.01045	0.01557	0.00858	0.01397	0.00847	0.01100	0.02019	0.00275	0.71184	0.00556	0.00286	0.00710
11	0.00940	0.00626	0.00705	0.00705	0.00705	0.00626	0.00392	0.00940	0.00940	0.01253	0.02036	0.04228	0.02349	0.77292	0.03289	0.00626	0.00626	0.00940	0.00392	0.00392
12	0.01609	0.01308	0.01484	0.01085	0.01645	0.01137	0.00877	0.18392	0.01750	0.02580	0.01246	0.01391	0.00991	0.00550	0.00519	0.00119	0.00535	0.00431	0.00446	0.61905
13	0.01599	0.01535	0.02623	0.03966	0.73262	0.01535	0.01983	0.01983	0.01471	0.02111	0.01215	0.01599	0.01023	0.00576	0.00640	0.00192	0.00768	0.00576	0.00320	0.01023
14	0.01201	0.01128	0.01885	0.72659	0.04303	0.01399	0.01741	0.01621	0.01299	0.01655	0.01370	0.01907	0.03820	0.00687	0.00651	0.00215	0.00839	0.00607	0.00300	0.00711
15	0.01517	0.01309	0.01374	0.01244	0.01594	0.01493	0.00966	0.03164	0.64514	0.02600	0.03050	0.02819	0.09596	0.00958	0.00669	0.00219	0.00492	0.00798	0.00651	0.00971
16	0.00940	0.00626	0.00705	0.00705	0.00705	0.00626	0.00392	0.00940	0.00940	0.01253	0.02036	0.04228	0.02349	0.77292	0.03289	0.00626	0.00626	0.00940	0.00392	0.00392
17	0.00764	0.00655	0.00655	0.00655	0.00873	0.00545	0.00491	0.00927	0.01473	0.01745	0.06546	0.06218	0.73000	0.01636	0.00764	0.00218	0.00327	0.01364	0.00600	0.00545
18	0.01473	0.01513	0.01970	0.01694	0.01714	0.06318	0.01404	0.01616	0.01040	0.01557	0.00857	0.01399	0.00847	0.01103	0.02029	0.00276	0.71638	0.00557	0.00286	0.00709
19	0.00940	0.00626	0.00705	0.00705	0.00705	0.00626	0.00392	0.00940	0.00940	0.01253	0.02036	0.04228	0.02349	0.77292	0.03289	0.00626	0.00626	0.00940	0.00392	0.00392
20	0.00940	0.00626	0.00705	0.00705	0.00705	0.00626	0.00392	0.00940	0.00940	0.01253	0.02036	0.04228	0.02349	0.77292	0.03289	0.00626	0.00626	0.00940	0.00392	0.00392
21	0.00787	0.00562	0.00750	0.00900	0.00937	0.00525	0.00600	0.00900	0.01237	0.01649	0.03561	0.76871	0.04274	0.02024	0.00825	0.00262	0.00375	0.01837	0.00600	0.00525
22	0.01406	0.01188	0.01376	0.00989	0.01559	0.00929	0.00793	0.05773	0.01441	0.02223	0.01172	0.01352	0.00965	0.00496	0.00489	0.00102	0.00492	0.00395	0.00399	0.76460
23	0.01267	0.01212	0.01948	0.57874	0.03786	0.01567	0.01703	0.01628	0.01219	0.01628	0.01076	0.01648	0.00858	0.00763	0.01002	0.00232	0.19018	0.00572	0.00286	0.00715
24	0.20677	0.01173	0.01700	0.57670	0.03678	0.01439	0.01530	0.01711	0.01246	0.01952	0.01088	0.01560	0.00822	0.00635	0.00587	0.00212	0.00774	0.00520	0.00314	0.00713
25	0.01311	0.01148	0.01484	0.19001	0.02236	0.01000	0.01014	0.01633	0.01328	0.01996	0.01148	0.01432	0.00934	0.00519	0.00519	0.00125	0.00571	0.00429	0.00360	0.61813

[dist]
# distance from previous block
# <min> <max>
0	1

[block]
# block no. 2 follows, 34 sequences, length 13
# corresponding to MSA columns:
# 80-92
name=unknown_C
#
# <colnr> <probs for GDERKNQSTAVLIFYWHMCP>
#	G	D	E	R	K	N	Q	S	T	A	V	L	I	F	Y	W	H	M	C	P
0	0.01220	0.01148	0.01938	0.75739	0.04450	0.01436	0.01794	0.01651	0.01292	0.01651	0.01148	0.01723	0.00861	0.00646	0.00646	0.00215	0.00861	0.00574	0.00287	0.00718
1	0.18973	0.01171	0.01720	0.59251	0.03746	0.01439	0.01553	0.01706	0.01250	0.01926	0.01094	0.01574	0.00826	0.00636	0.00592	0.00212	0.00782	0.00525	0.00312	0.00714
2	0.00787	0.00562	0.00750	0.00900	0.00937	0.00525	0.00600	0.00900	0.01237	0.01649	0.03561	0.76871	0.04274	0.02024	0.00825	0.00262	0.00375	0.01837	0.00600	0.00525
3	0.01599	0.01535	0.02623	0.03966	0.73262	0.01535	0.01983	0.01983	0.01471	0.02111	0.01215	0.01599	0.01023	0.00576	0.00640	0.00192	0.00768	0.00576	0.00320	0.01023
4	0.11065	0.01161	0.01817	0.66596	0.04059	0.01437	0.01661	0.01681	0.01269	0.01803	0.01118	0.01640	0.00842	0.00640	0.00616	0.00213	0.00817	0.00547	0.00301	0.00716
5	0.11065	0.01161	0.01817	0.66596	0.04059	0.01437	0.01661	0.01681	0.01269	0.01803	0.01118	0.01640	0.00842	0.00640	0.00616	0.00213	0.00817	0.00547	0.00301	0.00716
6	0.01495	0.05599	0.46584	0.02322	0.19867	0.01521	0.04822	0.02096	0.01425	0.06496	0.01255	0.01475	0.00924	0.00611	0.00620	0.00199	0.00879	0.00518	0.00319	0.00972
7	0.01599	0.01535	0.02623	0.03966	0.73262	0.01535	0.01983	0.01983	0.01471	0.02111	0.01215	0.01599	0.01023	0.00576	0.00640	0.00192	0.00768	0.00576	0.00320	0.01023
8	0.02038	0.01602	0.01703	0.01402	0.01844	0.01808	0.01127	0.37735	0.37092	0.03397	0.02083	0.01975	0.01530	0.00825	0.00652	0.00206	0.00613	0.00655	0.00652	0.01061
9	0.01304	0.01234	0.02089	0.59937	0.19600	0.01457	0.01836	0.01724	0.01331	0.01752	0.01163	0.01695	0.00897	0.00631	0.00645	0.00210	0.00841	0.00575	0.00294	0.00785
10	0.01340	0.01148	0.01340	0.00957	0.01531	0.00861	0.00766	0.01627	0.01340	0.02105	0.01148	0.01340	0.00957	0.00479	0.00479	0.00096	0.00479	0.00383	0.00383	0.81242
11	0.81856	0.01250	0.00950	0.00850	0.01250	0.01449	0.00700	0.01899	0.01100	0.02899	0.00900	0.01050	0.00700	0.00600	0.00400	0.00200	0.00500	0.00350	0.00400	0.00700
12	0.01599	0.01535	0.02623	0.03966	0.73262	0.01535	0.01983	0.01983	0.01471	0.02111	0.01215	0.01599	0.01023	0.00576	0.00640	0.00192	0.00768	0.00576	0.00320	0.01023

[dist]
# distance from previous block
# <min> <max>
3	8

[block]
# block no. 3 follows, 34 sequences, length 11
# corresponding to MSA columns:
# 102-112
name=unknown_D
#
# <colnr> <probs for GDERKNQSTAVLIFYWHMCP>
#	G	D	E	R	K	N	Q	S	T	A	V	L	I	F	Y	W	H	M	C	P
0	0.00940	0.00626	0.00705	0.00705	0.00705	0.00626	0.00392	0.00940	0.00940	0.01253	0.02036	0.04228	0.02349	0.77292	0.03289	0.00626	0.00626	0.00940	0.00392	0.00392
1	0.81856	0.01250	0.00950	0.00850	0.01250	0.01449	0.00700	0.01899	0.01100	0.02899	0.00900	0.01050	0.00700	0.00600	0.00400	0.00200	0.00500	0.00350	0.00400	0.00700
2	0.01599	0.01535	0.02623	0.03966	0.73262	0.01535	0.01983	0.01983	0.01471	0.02111	0.01215	0.01599	0.01023	0.00576	0.00640	0.00192	0.00768	0.00576	0.00320	0.01023
3	0.01409	0.00770	0.01022	0.00897	0.01136	0.00694	0.00694	0.01700	0.01834	0.20312	0.55386	0.04172	0.04976	0.01191	0.00734	0.00202	0.00366	0.01039	0.00733	0.00732
4	0.81856	0.01250	0.00950	0.00850	0.01250	0.01449	0.00700	0.01899	0.01100	0.02899	0.00900	0.01050	0.00700	0.00600	0.00400	0.00200	0.00500	0.00350	0.00400	0.00700
5	0.01340	0.01148	0.01340	0.00957	0.01531	0.00861	0.00766	0.01627	0.01340	0.02105	0.01148	0.01340	0.00957	0.00479	0.00479	0.00096	0.00479	0.00383	0.00383	0.81242
6	0.00765	0.00648	0.00661	0.00672	0.00877	0.00544	0.00499	0.00925	0.01456	0.01739	0.06332	0.11283	0.68072	0.01664	0.00768	0.00221	0.00331	0.01398	0.00600	0.00544
7	0.57919	0.01350	0.05530	0.18686	0.02101	0.01449	0.01060	0.01849	0.01161	0.02552	0.00974	0.01228	0.00745	0.00612	0.00471	0.00204	0.00613	0.00411	0.00366	0.00719
8	0.01204	0.00602	0.00602	0.00602	0.00753	0.00602	0.00452	0.01506	0.01355	0.02409	0.02108	0.02409	0.01656	0.00753	0.00452	0.00151	0.00301	0.00602	0.80879	0.00602
9	0.00787	0.00562	0.00750	0.00900	0.00937	0.00525	0.00600	0.00900	0.01237	0.01649	0.03561	0.76871	0.04274	0.02024	0.00825	0.00262	0.00375	0.01837	0.00600	0.00525
10	0.01377	0.01363	0.01971	0.15737	0.02219	0.01876	0.01486	0.01573	0.01047	0.01573	0.00905	0.01472	0.00851	0.01039	0.01841	0.00270	0.61840	0.00567	0.00284	0.00709

[dist]
# distance from previous block
# <min> <max>
0	2

[block]
# block no. 4 follows, 34 sequences, length 14
# corresponding to MSA columns:
# 115-128
name=unknown_E
#
# <colnr> <probs for GDERKNQSTAVLIFYWHMCP>
#	G	D	E	R	K	N	Q	S	T	A	V	L	I	F	Y	W	H	M	C	P
0	0.04454	0.46748	0.19065	0.01350	0.01955	0.13383	0.01404	0.02058	0.01397	0.01696	0.00973	0.01131	0.00823	0.00586	0.00485	0.00160	0.00817	0.00386	0.00288	0.00841
1	0.04577	0.49868	0.02859	0.01513	0.08811	0.19536	0.01213	0.02091	0.01444	0.01640	0.00954	0.01123	0.00845	0.00583	0.00476	0.00152	0.00805	0.00385	0.00298	0.00825
2	0.01519	0.01348	0.01684	0.18455	0.09392	0.01561	0.01293	0.02886	0.49049	0.02406	0.02154	0.02174	0.01627	0.00795	0.00653	0.00216	0.00616	0.00680	0.00540	0.00954
3	0.01339	0.10699	0.66962	0.01769	0.02684	0.01605	0.02260	0.02035	0.01359	0.01994	0.01134	0.01332	0.00820	0.00608	0.00594	0.00198	0.00929	0.00464	0.00273	0.00942
4	0.01296	0.03342	0.73944	0.01842	0.02797	0.01501	0.02387	0.02046	0.01364	0.02046	0.01160	0.01364	0.00818	0.00614	0.00614	0.00205	0.00955	0.00477	0.00273	0.00955
5	0.01296	0.03342	0.73944	0.01842	0.02797	0.01501	0.02387	0.02046	0.01364	0.02046	0.01160	0.01364	0.00818	0.00614	0.00614	0.00205	0.00955	0.00477	0.00273	0.00955
6	0.01220	0.01148	0.01938	0.75739	0.04450	0.01436	0.01794	0.01651	0.01292	0.01651	0.01148	0.01723	0.00861	0.00646	0.00646	0.00215	0.00861	0.00574	0.00287	0.00718
7	0.02229	0.02729	0.02011	0.02186	0.18158	0.58107	0.01415	0.02445	0.01749	0.01701	0.01048	0.01264	0.00876	0.00645	0.00596	0.00172	0.01075	0.00452	0.00330	0.00811
8	0.01342	0.03070	0.63181	0.02162	0.13430	0.01506	0.02326	0.02037	0.01380	0.02056	0.01168	0.01400	0.00849	0.00608	0.00618	0.00203	0.00927	0.00492	0.00280	0.00965
9	0.01001	0.01269	0.17436	0.01046	0.01381	0.00812	0.01013	0.01407	0.01724	0.02468	0.56647	0.04041	0.04900	0.01161	0.00728	0.00204	0.00452	0.01012	0.00612	0.00688
10	0.01256	0.01657	0.18244	0.55414	0.03942	0.01459	0.01892	0.01826	0.04702	0.01791	0.01222	0.01674	0.00905	0.00650	0.00639	0.00213	0.00866	0.00560	0.00302	0.00786
11	0.63507	0.01108	0.00894	0.00817	0.01126	0.01263	0.00630	0.01682	0.01063	0.02526	0.01157	0.01770	0.01074	0.17992	0.01055	0.00297	0.00529	0.00484	0.00398	0.00630
12	0.01264	0.01209	0.01947	0.58948	0.03826	0.01559	0.01708	0.01629	0.01223	0.01629	0.01080	0.01653	0.00858	0.00756	0.00980	0.00231	0.17926	0.00572	0.00286	0.00715
13	0.39862	0.01302	0.05268	0.15771	0.02075	0.01312	0.01076	0.02202	0.01358	0.22058	0.01416	0.01515	0.00985	0.00665	0.00529	0.00203	0.00610	0.00483	0.00481	0.00827

[dist]
# distance from previous block
# <min> <max>
0	30

[block]
# block no. 5 follows, 34 sequences, length 7
# corresponding to MSA columns:
# 159-165
name=unknown_F
#
# <colnr> <probs for GDERKNQSTAVLIFYWHMCP>
#	G	D	E	R	K	N	Q	S	T	A	V	L	I	F	Y	W	H	M	C	P
0	0.02758	0.01304	0.06533	0.01221	0.01753	0.01061	0.01068	0.07766	0.01898	0.63952	0.02384	0.02097	0.01511	0.00785	0.00647	0.00200	0.00589	0.00633	0.00753	0.01090
1	0.57300	0.01461	0.09203	0.15503	0.02042	0.01452	0.01099	0.01867	0.01166	0.02562	0.00977	0.01215	0.00744	0.00610	0.00471	0.00203	0.00620	0.00408	0.00364	0.00731
2	0.01599	0.01535	0.02623	0.03966	0.73262	0.01535	0.01983	0.01983	0.01471	0.02111	0.01215	0.01599	0.01023	0.00576	0.00640	0.00192	0.00768	0.00576	0.00320	0.01023
3	0.01220	0.01148	0.01938	0.75739	0.04450	0.01436	0.01794	0.01651	0.01292	0.01651	0.01148	0.01723	0.00861	0.00646	0.00646	0.00215	0.00861	0.00574	0.00287	0.00718
4	0.00914	0.00660	0.00864	0.00813	0.00965	0.00610	0.00610	0.01219	0.01829	0.02591	0.72921	0.04827	0.06097	0.01321	0.00762	0.00203	0.00305	0.01169	0.00711	0.00610
5	0.18486	0.02896	0.58369	0.01630	0.02466	0.01490	0.02027	0.02015	0.01308	0.02228	0.01104	0.01297	0.00793	0.00611	0.00568	0.00204	0.00858	0.00450	0.00300	0.00900
6	0.02456	0.01810	0.01939	0.01487	0.02004	0.02004	0.01228	0.71107	0.03038	0.04072	0.01551	0.01551	0.01099	0.00776	0.00646	0.00194	0.00711	0.00582	0.00646	0.01099

[dist]
# distance from previous block
# <min> <max>
0	1

[block]
# block no. 6 follows, 34 sequences, length 42
# corresponding to MSA columns:
# 167-208
name=unknown_G
#
# <colnr> <probs for GDERKNQSTAVLIFYWHMCP>
#	G	D	E	R	K	N	Q	S	T	A	V	L	I	F	Y	W	H	M	C	P
0	0.00907	0.00779	0.00791	0.00766	0.01010	0.00725	0.00581	0.01352	0.13440	0.01908	0.05882	0.05573	0.60964	0.01508	0.00746	0.00218	0.00358	0.01256	0.00610	0.00626
1	0.01220	0.01148	0.01938	0.75739	0.04450	0.01436	0.01794	0.01651	0.01292	0.01651	0.01148	0.01723	0.00861	0.00646	0.00646	0.00215	0.00861	0.00574	0.00287	0.00718
2	0.00787	0.00562	0.00750	0.00900	0.00937	0.00525	0.00600	0.00900	0.01237	0.01649	0.03561	0.76871	0.04274	0.02024	0.00825	0.00262	0.00375	0.01837	0.00600	0.00525
3	0.01789	0.71241	0.03263	0.01138	0.01688	0.02510	0.01116	0.07806	0.01459	0.01737	0.00954	0.01080	0.00852	0.00572	0.00434	0.00143	0.00693	0.00366	0.00308	0.00852
4	0.01727	0.77681	0.03386	0.01106	0.01658	0.02557	0.01106	0.01935	0.01313	0.01520	0.00898	0.01036	0.00829	0.00553	0.00415	0.00138	0.00691	0.00345	0.00276	0.00829
5	0.01220	0.01148	0.01938	0.75739	0.04450	0.01436	0.01794	0.01651	0.01292	0.01651	0.01148	0.01723	0.00861	0.00646	0.00646	0.00215	0.00861	0.00574	0.00287	0.00718
6	0.01367	0.02919	0.57223	0.02340	0.19317	0.01509	0.02292	0.02031	0.01389	0.02061	0.01173	0.01419	0.00867	0.00605	0.00620	0.00202	0.00911	0.00500	0.00284	0.00971
7	0.01599	0.01535	0.02623	0.03966	0.73262	0.01535	0.01983	0.01983	0.01471	0.02111	0.01215	0.01599	0.01023	0.00576	0.00640	0.00192	0.00768	0.00576	0.00320	0.01023
8	0.01484	0.02028	0.16293	0.02566	0.03274	0.01610	0.58720	0.02066	0.01496	0.02066	0.01281	0.01676	0.00952	0.00557	0.00736	0.00216	0.01065	0.00712	0.00317	0.00886
9	0.02345	0.02948	0.01898	0.01860	0.08046	0.68488	0.01311	0.02529	0.01801	0.01626	0.01017	0.01202	0.00849	0.00658	0.00587	0.00169	0.01131	0.00430	0.00332	0.00772
10	0.01432	0.03152	0.67795	0.01783	0.02699	0.01454	0.02265	0.02140	0.01405	0.08129	0.01277	0.01435	0.00885	0.00630	0.00617	0.00204	0.00921	0.00492	0.00318	0.00967
11	0.00785	0.00678	0.00714	0.04154	0.01039	0.00587	0.00552	0.00961	0.01464	0.01741	0.06294	0.06009	0.69638	0.01590	0.00758	0.00218	0.00352	0.01327	0.00585	0.00553
12	0.01220	0.01148	0.01938	0.75739	0.04450	0.01436	0.01794	0.01651	0.01292	0.01651	0.01148	0.01723	0.00861	0.00646	0.00646	0.00215	0.00861	0.00574	0.00287	0.00718
13	0.14884	0.00758	0.00706	0.00689	0.00938	0.00703	0.00527	0.01097	0.01408	0.01946	0.05563	0.05318	0.60411	0.01456	0.00700	0.00215	0.00357	0.01187	0.00565	0.00572
14	0.01122	0.00561	0.00842	0.00842	0.00842	0.00561	0.00561	0.00842	0.00842	0.01122	0.01122	0.01964	0.01122	0.02245	0.02525	0.81201	0.00561	0.00561	0.00281	0.00281
15	0.01340	0.01148	0.01340	0.00957	0.01531	0.00861	0.00766	0.01627	0.01340	0.02105	0.01148	0.01340	0.00957	0.00479	0.00479	0.00096	0.00479	0.00383	0.00383	0.81242
16	0.01599	0.01535	0.02623	0.03966	0.73262	0.01535	0.01983	0.01983	0.01471	0.02111	0.01215	0.01599	0.01023	0.00576	0.00640	0.00192	0.00768	0.00576	0.00320	0.01023
17	0.01599	0.01535	0.02623	0.03966	0.73262	0.01535	0.01983	0.01983	0.01471	0.02111	0.01215	0.01599	0.01023	0.00576	0.00640	0.00192	0.00768	0.00576	0.00320	0.01023
18	0.01599	0.01535	0.02623	0.03966	0.73262	0.01535	0.01983	0.01983	0.01471	0.02111	0.01215	0.01599	0.01023	0.00576	0.00640	0.00192	0.00768	0.00576	0.00320	0.01023
19	0.01470	0.02124	0.20527	0.02513	0.03239	0.01602	0.54583	0.02064	0.01487	0.02064	0.01272	0.01653	0.00942	0.00561	0.00727	0.00215	0.01057	0.00695	0.00314	0.00891
20	0.23385	0.03656	0.01713	0.52750	0.03481	0.01476	0.01471	0.01728	0.01240	0.01989	0.01072	0.01516	0.00816	0.00630	0.00571	0.00209	0.00757	0.00505	0.00318	0.00716
21	0.00923	0.00692	0.01038	0.01038	0.01154	0.00808	0.00808	0.01154	0.01038	0.01500	0.01731	0.02538	0.01615	0.04846	0.74732	0.01038	0.01731	0.00692	0.00346	0.00577
22	0.78925	0.01246	0.00986	0.03572	0.01366	0.01449	0.00740	0.01890	0.01107	0.02854	0.00909	0.01074	0.00706	0.00601	0.00409	0.00200	0.00513	0.00358	0.00396	0.00700
23	0.00923	0.00692	0.01038	0.01038	0.01154	0.00808	0.00808	0.01154	0.01038	0.01500	0.01731	0.02538	0.01615	0.04846	0.74732	0.01038	0.01731	0.00692	0.00346	0.00577
24	0.01414	0.01414	0.01979	0.01696	0.01696	0.01979	0.01414	0.01555	0.00990	0.01555	0.00848	0.01414	0.00848	0.01131	0.02120	0.00283	0.76110	0.00565	0.00283	0.00707
25	0.01713	0.75117	0.05820	0.01131	0.01698	0.02520	0.01150	0.01939	0.01315	0.01538	0.00907	0.01048	0.00829	0.00555	0.00421	0.00140	0.00700	0.00350	0.00276	0.00834
26	0.01234	0.01176	0.02025	0.72337	0.04400	0.01445	0.05015	0.01670	0.01303	0.01670	0.01156	0.01724	0.00867	0.00641	0.00651	0.00215	0.00872	0.00583	0.00289	0.00725
27	0.02392	0.01762	0.01893	0.01464	0.01963	0.01947	0.01204	0.68394	0.02968	0.03979	0.01629	0.04462	0.01221	0.00824	0.00653	0.00197	0.00698	0.00630	0.00645	0.01077
28	0.01340	0.01148	0.01340	0.00957	0.01531	0.00861	0.00766	0.01627	0.01340	0.02105	0.01148	0.01340	0.00957	0.00479	0.00479	0.00096	0.00479	0.00383	0.00383	0.81242
29	0.02456	0.01810	0.01939	0.01487	0.02004	0.02004	0.01228	0.71107	0.03038	0.04072	0.01551	0.01551	0.01099	0.00776	0.00646	0.00194	0.00711	0.00582	0.00646	0.01099
30	0.00887	0.00788	0.01002	0.20982	0.01841	0.00786	0.00844	0.01123	0.01424	0.01720	0.05084	0.05001	0.53470	0.01368	0.00732	0.00217	0.00472	0.01150	0.00515	0.00592
31	0.01599	0.01535	0.02623	0.03966	0.73262	0.01535	0.01983	0.01983	0.01471	0.02111	0.01215	0.01599	0.01023	0.00576	0.00640	0.00192	0.00768	0.00576	0.00320	0.01023
32	0.01528	0.01460	0.02456	0.03685	0.67117	0.01451	0.01856	0.01893	0.01471	0.02080	0.01668	0.01991	0.07133	0.00666	0.00650	0.00194	0.00730	0.00643	0.00344	0.00983
33	0.02276	0.02866	0.01739	0.01600	0.01908	0.68402	0.01193	0.02437	0.01781	0.01587	0.01216	0.07591	0.01124	0.00781	0.00603	0.00175	0.01098	0.00537	0.00356	0.00730
34	0.00787	0.00562	0.00750	0.00900	0.00937	0.00525	0.00600	0.00900	0.01237	0.01649	0.03561	0.76871	0.04274	0.02024	0.00825	0.00262	0.00375	0.01837	0.00600	0.00525
35	0.02456	0.01810	0.01939	0.01487	0.02004	0.02004	0.01228	0.71107	0.03038	0.04072	0.01551	0.01551	0.01099	0.00776	0.00646	0.00194	0.00711	0.00582	0.00646	0.01099
36	0.01599	0.01535	0.02623	0.03966	0.73262	0.01535	0.01983	0.01983	0.01471	0.02111	0.01215	0.01599	0.01023	0.00576	0.00640	0.00192	0.00768	0.00576	0.00320	0.01023
37	0.01790	0.01312	0.01464	0.01252	0.01578	0.01413	0.00977	0.43066	0.02319	0.03104	0.02354	0.31635	0.02367	0.01274	0.00718	0.00221	0.00577	0.01083	0.00628	0.00870
38	0.00787	0.00562	0.00750	0.00900	0.00937	0.00525	0.00600	0.00900	0.01237	0.01649	0.03561	0.76871	0.04274	0.02024	0.00825	0.00262	0.00375	0.01837	0.00600	0.00525
39	0.01154	0.01058	0.01756	0.64255	0.03911	0.01296	0.01611	0.01536	0.01284	0.01651	0.01519	0.13254	0.01385	0.00857	0.00673	0.00223	0.00787	0.00768	0.00335	0.00688
40	0.00888	0.00659	0.00827	0.00785	0.00949	0.00598	0.00589	0.01168	0.01767	0.02444	0.61364	0.05069	0.17746	0.01376	0.00762	0.00206	0.00309	0.01202	0.00692	0.00598
41	0.05240	0.01790	0.01904	0.01464	0.01977	0.01984	0.01210	0.68681	0.02970	0.04031	0.01528	0.01534	0.01085	0.00769	0.00638	0.00194	0.00704	0.00574	0.00638	0.01085

[dist]
# distance from previous block
# <min> <max>
2	5

[block]
# block no. 7 follows, 34 sequences, length 20
# corresponding to MSA columns:
# 214-233
name=unknown_H
#
# <colnr> <probs for GDERKNQSTAVLIFYWHMCP>
#	G	D	E	R	K	N	Q	S	T	A	V	L	I	F	Y	W	H	M	C	P
0	0.01414	0.01414	0.01979	0.01696	0.01696	0.01979	0.01414	0.01555	0.00990	0.01555	0.00848	0.01414	0.00848	0.01131	0.02120	0.00283	0.76110	0.00565	0.00283	0.00707
1	0.01314	0.01121	0.01313	0.00954	0.01504	0.00846	0.00758	0.01593	0.01335	0.02084	0.01260	0.04817	0.01110	0.00550	0.00494	0.00103	0.00474	0.00450	0.00393	0.77526
2	0.01656	0.01644	0.02567	0.03804	0.68253	0.06677	0.01931	0.02025	0.01497	0.02074	0.01200	0.01569	0.01010	0.00582	0.00636	0.00190	0.00796	0.00564	0.00321	0.01004
3	0.01038	0.11667	0.01373	0.01048	0.01226	0.01057	0.00850	0.01265	0.01078	0.01503	0.01612	0.02324	0.01503	0.04234	0.64138	0.00910	0.01582	0.00643	0.00336	0.00613
4	0.02899	0.01100	0.01499	0.01150	0.01649	0.00950	0.00950	0.03149	0.01849	0.73709	0.02549	0.02199	0.01599	0.00800	0.00650	0.00200	0.00550	0.00650	0.00800	0.01100
5	0.65650	0.01229	0.01148	0.15901	0.01893	0.01447	0.00920	0.01849	0.01138	0.02648	0.00950	0.01185	0.00732	0.00609	0.00449	0.00203	0.00572	0.00395	0.00377	0.00703
6	0.01096	0.00701	0.00922	0.00844	0.01028	0.00641	0.00641	0.01395	0.01831	0.09082	0.66498	0.04587	0.05686	0.01273	0.00752	0.00203	0.00327	0.01121	0.00719	0.00654
7	0.00914	0.00660	0.00864	0.00813	0.00965	0.00610	0.00610	0.01219	0.01829	0.02591	0.72921	0.04827	0.06097	0.01321	0.00762	0.00203	0.00305	0.01169	0.00711	0.00610
8	0.02414	0.03079	0.01831	0.01665	0.01998	0.74698	0.01248	0.02580	0.01831	0.01581	0.00999	0.01165	0.00832	0.00666	0.00583	0.00166	0.01165	0.00416	0.00333	0.00749
9	0.06710	0.72928	0.03234	0.01090	0.01633	0.02488	0.01080	0.01933	0.01300	0.01606	0.00898	0.01037	0.00821	0.00556	0.00414	0.00142	0.00679	0.00346	0.00284	0.00821
10	0.00764	0.00655	0.00655	0.00655	0.00873	0.00545	0.00491	0.00927	0.01473	0.01745	0.06546	0.06218	0.73000	0.01636	0.00764	0.00218	0.00327	0.01364	0.00600	0.00545
11	0.02576	0.01259	0.01554	0.01231	0.01706	0.01232	0.01004	0.12894	0.16136	0.49512	0.02423	0.02149	0.01603	0.00812	0.00651	0.00203	0.00565	0.00656	0.00749	0.01084
12	0.01046	0.00710	0.00791	0.00760	0.00796	0.00723	0.00450	0.05871	0.01087	0.01451	0.02002	0.04040	0.02261	0.71915	0.03103	0.00596	0.00632	0.00914	0.00409	0.00441
13	0.00787	0.00562	0.00750	0.00900	0.00937	0.00525	0.00600	0.00900	0.01237	0.01649	0.03561	0.76871	0.04274	0.02024	0.00825	0.00262	0.00375	0.01837	0.00600	0.00525
14	0.00764	0.00655	0.00655	0.00655	0.00873	0.00545	0.00491	0.00927	0.01473	0.01745	0.06546	0.06218	0.73000	0.01636	0.00764	0.00218	0.00327	0.01364	0.00600	0.00545
15	0.01357	0.02979	0.59610	0.02269	0.16958	0.01508	0.02306	0.02034	0.01386	0.02059	0.01171	0.01411	0.00860	0.00606	0.00619	0.00202	0.00917	0.00497	0.00282	0.00969
16	0.02414	0.03079	0.01831	0.01665	0.01998	0.74698	0.01248	0.02580	0.01831	0.01581	0.00999	0.01165	0.00832	0.00666	0.00583	0.00166	0.01165	0.00416	0.00333	0.00749
17	0.01681	0.73234	0.03250	0.01102	0.01629	0.02456	0.01088	0.01890	0.01297	0.01519	0.00946	0.01123	0.00875	0.00801	0.04707	0.00190	0.00751	0.00366	0.00280	0.00815
18	0.01727	0.77681	0.03386	0.01106	0.01658	0.02557	0.01106	0.01935	0.01313	0.01520	0.00898	0.01036	0.00829	0.00553	0.00415	0.00138	0.00691	0.00345	0.00276	0.00829
19	0.02329	0.01724	0.01855	0.01424	0.01925	0.01880	0.01168	0.64124	0.02853	0.03843	0.01545	0.01640	0.01137	0.03660	0.00736	0.00204	0.00693	0.00583	0.00620	0.06056

[dist]
# distance from previous block
# <min> <max>
0	2

[block]
# block no. 8 follows, 34 sequences, length 12
# corresponding to MSA columns:
# 236-247
name=unknown_I
#
# <colnr> <probs for GDERKNQSTAVLIFYWHMCP>
#	G	D	E	R	K	N	Q	S	T	A	V	L	I	F	Y	W	H	M	C	P
0	0.00940	0.00626	0.00705	0.00705	0.00705	0.00626	0.00392	0.00940	0.00940	0.01253	0.02036	0.04228	0.02349	0.77292	0.03289	0.00626	0.00626	0.00940	0.00392	0.00392
1	0.01272	0.01201	0.02032	0.65935	0.13850	0.01449	0.01820	0.01696	0.01316	0.01714	0.01158	0.01706	0.00883	0.00636	0.00645	0.00212	0.00849	0.00574	0.00292	0.00760
2	0.01599	0.01535	0.02623	0.03966	0.73262	0.01535	0.01983	0.01983	0.01471	0.02111	0.01215	0.01599	0.01023	0.00576	0.00640	0.00192	0.00768	0.00576	0.00320	0.01023
3	0.01496	0.01297	0.01479	0.11743	0.02018	0.01508	0.01102	0.03007	0.57235	0.02482	0.02486	0.07475	0.01976	0.00924	0.00667	0.00222	0.00551	0.00785	0.00601	0.00945
4	0.01595	0.01547	0.02693	0.03893	0.69151	0.01541	0.06037	0.01988	0.01474	0.02108	0.01221	0.01608	0.01021	0.00574	0.00647	0.00193	0.00787	0.00587	0.00320	0.01015
5	0.00814	0.00574	0.00742	0.00865	0.00896	0.00543	0.00563	0.00907	0.01184	0.01579	0.03288	0.63881	0.03929	0.15483	0.01265	0.00327	0.00420	0.01676	0.00563	0.00501
6	0.00940	0.00626	0.00705	0.00705	0.00705	0.00626	0.00392	0.00940	0.00940	0.01253	0.02036	0.04228	0.02349	0.77292	0.03289	0.00626	0.00626	0.00940	0.00392	0.00392
7	0.01571	0.01540	0.02654	0.03596	0.58886	0.01595	0.08000	0.01942	0.01421	0.02044	0.01181	0.01591	0.01000	0.00637	0.00820	0.00205	0.09438	0.00591	0.00316	0.00974
8	0.00918	0.00610	0.00710	0.00746	0.00763	0.00601	0.00445	0.00961	0.01033	0.01410	0.02405	0.21516	0.02772	0.55125	0.02545	0.00513	0.00549	0.01136	0.04809	0.00435
9	0.00915	0.00616	0.00712	0.00736	0.00742	0.00610	0.00425	0.00933	0.00987	0.01316	0.02280	0.15834	0.02657	0.65267	0.02895	0.00568	0.00586	0.01083	0.00425	0.00413
10	0.00912	0.00615	0.00713	0.00740	0.00746	0.00608	0.00429	0.00933	0.00993	0.01324	0.02308	0.17192	0.02692	0.63861	0.02849	0.00561	0.00582	0.01100	0.00429	0.00415
11	0.01355	0.01199	0.01548	0.01106	0.01687	0.00926	0.06682	0.01664	0.01355	0.02102	0.01162	0.01374	0.00959	0.00484	0.00502	0.00106	0.00530	0.00415	0.00378	0.74464

[dist]
# distance from previous block
# <min> <max>
0	3

[block]
# block no. 9 follows, 34 sequences, length 9
# corresponding to MSA columns:
# 251-259
name=unknown_J
#
# <colnr> <probs for GDERKNQSTAVLIFYWHMCP>
#	G	D	E	R	K	N	Q	S	T	A	V	L	I	F	Y	W	H	M	C	P
0	0.01220	0.01148	0.01938	0.75739	0.04450	0.01436	0.01794	0.01651	0.01292	0.01651	0.01148	0.01723	0.00861	0.00646	0.00646	0.00215	0.00861	0.00574	0.00287	0.00718
1	0.02456	0.01810	0.01939	0.01487	0.02004	0.02004	0.01228	0.71107	0.03038	0.04072	0.01551	0.01551	0.01099	0.00776	0.00646	0.00194	0.00711	0.00582	0.00646	0.01099
2	0.01779	0.72082	0.03269	0.01148	0.01684	0.07971	0.01116	0.01983	0.01352	0.01525	0.00906	0.01046	0.00829	0.00561	0.00427	0.00140	0.00727	0.00351	0.00281	0.00823
3	0.75843	0.06986	0.01133	0.00869	0.01280	0.01533	0.00730	0.01902	0.01116	0.02796	0.00900	0.01049	0.00709	0.00596	0.00401	0.00195	0.00514	0.00350	0.00391	0.00709
4	0.01424	0.01198	0.01385	0.00997	0.01567	0.00947	0.00800	0.06841	0.01467	0.02253	0.01179	0.01356	0.00968	0.00501	0.00491	0.00103	0.00496	0.00398	0.00403	0.75227
5	0.01607	0.01388	0.01461	0.01315	0.01680	0.01607	0.01023	0.03433	0.72094	0.02703	0.02630	0.02411	0.01972	0.00877	0.00657	0.00219	0.00511	0.00731	0.00657	0.01023
6	0.02456	0.01810	0.01939	0.01487	0.02004	0.02004	0.01228	0.71107	0.03038	0.04072	0.01551	0.01551	0.01099	0.00776	0.00646	0.00194	0.00711	0.00582	0.00646	0.01099
7	0.01310	0.01256	0.01760	0.01537	0.01555	0.01720	0.01261	0.01457	0.00994	0.01529	0.01053	0.01749	0.01053	0.06039	0.13505	0.00420	0.60225	0.00606	0.00299	0.00669
8	0.00785	0.00569	0.00743	0.00881	0.00932	0.00526	0.00592	0.00902	0.01255	0.01657	0.03785	0.71568	0.09431	0.01995	0.00820	0.00259	0.00371	0.01801	0.00600	0.00526

[dist]
# distance from previous block
# <min> <max>
0	4

[block]
# block no. 10 follows, 34 sequences, length 51
# corresponding to MSA columns:
# 264-314
name=unknown_K
#
# <colnr> <probs for GDERKNQSTAVLIFYWHMCP>
#	G	D	E	R	K	N	Q	S	T	A	V	L	I	F	Y	W	H	M	C	P
0	0.01188	0.01114	0.01848	0.70453	0.04198	0.01373	0.01703	0.01600	0.01305	0.01658	0.01528	0.02039	0.05940	0.00716	0.00654	0.00216	0.00824	0.00630	0.00309	0.00706
1	0.01607	0.01388	0.01461	0.01315	0.01680	0.01607	0.01023	0.03433	0.72094	0.02703	0.02630	0.02411	0.01972	0.00877	0.00657	0.00219	0.00511	0.00731	0.00657	0.01023
2	0.00787	0.00562	0.00750	0.00900	0.00937	0.00525	0.00600	0.00900	0.01237	0.01649	0.03561	0.76871	0.04274	0.02024	0.00825	0.00262	0.00375	0.01837	0.00600	0.00525
3	0.01340	0.01148	0.01340	0.00957	0.01531	0.00861	0.00766	0.01627	0.01340	0.02105	0.01148	0.01340	0.00957	0.00479	0.00479	0.00096	0.00479	0.00383	0.00383	0.81242
4	0.02899	0.01100	0.01499	0.01150	0.01649	0.00950	0.00950	0.03149	0.01849	0.73709	0.02549	0.02199	0.01599	0.00800	0.00650	0.00200	0.00550	0.00650	0.00800	0.01100
5	0.00914	0.00660	0.00864	0.00813	0.00965	0.00610	0.00610	0.01219	0.01829	0.02591	0.72921	0.04827	0.06097	0.01321	0.00762	0.00203	0.00305	0.01169	0.00711	0.00610
6	0.01220	0.01130	0.01893	0.73235	0.04327	0.01408	0.01750	0.01646	0.01294	0.01676	0.01180	0.01746	0.00888	0.00650	0.00640	0.00213	0.00843	0.00575	0.02974	0.00714
7	0.01326	0.01097	0.01283	0.00985	0.01465	0.00885	0.00770	0.06397	0.01442	0.02167	0.01582	0.14030	0.01524	0.00759	0.00548	0.00131	0.00477	0.00641	0.00438	0.62054
8	0.02456	0.01810	0.01939	0.01487	0.02004	0.02004	0.01228	0.71107	0.03038	0.04072	0.01551	0.01551	0.01099	0.00776	0.00646	0.00194	0.00711	0.00582	0.00646	0.01099
9	0.00802	0.00569	0.00745	0.00881	0.00914	0.00535	0.00579	0.00904	0.01208	0.01611	0.03412	0.69748	0.04085	0.09405	0.01066	0.00298	0.00400	0.01749	0.00579	0.00512
10	0.02343	0.02962	0.01841	0.01667	0.01976	0.69578	0.01260	0.02508	0.01772	0.01580	0.00988	0.01183	0.00833	0.00699	0.00691	0.00175	0.06442	0.00427	0.00329	0.00746
11	0.00926	0.00681	0.00983	0.00983	0.01080	0.00778	0.00739	0.01119	0.01022	0.01459	0.01781	0.02817	0.01736	0.16783	0.62960	0.00971	0.01549	0.00733	0.00354	0.00546
12	0.01579	0.01154	0.01314	0.01178	0.01443	0.01227	0.00898	0.34220	0.02092	0.02799	0.02607	0.41124	0.02767	0.01432	0.00740	0.00230	0.00534	0.01241	0.00622	0.00797
13	0.00914	0.00660	0.00864	0.00813	0.00965	0.00610	0.00610	0.01219	0.01829	0.02591	0.72921	0.04827	0.06097	0.01321	0.00762	0.00203	0.00305	0.01169	0.00711	0.00610
14	0.01041	0.00744	0.01041	0.01190	0.01339	0.00744	0.01041	0.01339	0.01487	0.01934	0.03421	0.07288	0.03719	0.01785	0.00892	0.00297	0.00595	0.68913	0.00595	0.00595
15	0.01525	0.01743	0.03813	0.02723	0.03377	0.01634	0.70915	0.02070	0.01525	0.02070	0.01307	0.01743	0.00980	0.00545	0.00763	0.00218	0.01089	0.00763	0.00327	0.00871
16	0.00923	0.00692	0.01038	0.01038	0.01154	0.00808	0.00808	0.01154	0.01038	0.01500	0.01731	0.02538	0.01615	0.04846	0.74732	0.01038	0.01731	0.00692	0.00346	0.00577
17	0.00838	0.00584	0.00735	0.00835	0.00860	0.00559	0.00530	0.00913	0.01138	0.01517	0.03053	0.52644	0.03632	0.27127	0.01646	0.00384	0.00459	0.01538	0.00530	0.00480
18	0.00818	0.00575	0.00741	0.00861	0.00891	0.00545	0.00558	0.00908	0.01178	0.01570	0.03258	0.62413	0.03891	0.17004	0.01315	0.00335	0.00425	0.01658	0.00558	0.00498
19	0.02372	0.02995	0.01789	0.01628	0.01955	0.72160	0.01221	0.02543	0.01815	0.01610	0.01037	0.01208	0.00861	0.00669	0.00578	0.00166	0.01136	0.00423	0.03092	0.00744
20	0.01478	0.01308	0.01621	0.26225	0.02607	0.01550	0.01281	0.02837	0.48397	0.02351	0.02134	0.02180	0.01601	0.00799	0.00654	0.00218	0.00628	0.00678	0.00534	0.00921
21	0.01599	0.01535	0.02623	0.03966	0.73262	0.01535	0.01983	0.01983	0.01471	0.02111	0.01215	0.01599	0.01023	0.00576	0.00640	0.00192	0.00768	0.00576	0.00320	0.01023
22	0.02373	0.03002	0.01871	0.01780	0.05558	0.71043	0.01285	0.02550	0.01813	0.01608	0.01010	0.01187	0.00842	0.00661	0.00585	0.00168	0.01145	0.00424	0.00332	0.00763
23	0.01540	0.01702	0.03577	0.02969	0.17195	0.01614	0.57285	0.02053	0.01514	0.02078	0.01289	0.01714	0.00989	0.00551	0.00738	0.00213	0.01026	0.00726	0.00325	0.00902
24	0.00904	0.00700	0.00851	0.00926	0.01109	0.00646	0.00770	0.01136	0.01480	0.01841	0.04962	0.06761	0.37878	0.01712	0.00829	0.00258	0.00463	0.35607	0.00597	0.00571
25	0.01671	0.05626	0.02014	0.01659	0.01767	0.19567	0.01358	0.01821	0.01209	0.01560	0.00887	0.01335	0.00843	0.00990	0.01664	0.00247	0.54246	0.00518	0.00295	0.00723
26	0.00940	0.00626	0.00705	0.00705	0.00705	0.00626	0.00392	0.00940	0.00940	0.01253	0.02036	0.04228	0.02349	0.77292	0.03289	0.00626	0.00626	0.00940	0.00392	0.00392
27	0.01727	0.77681	0.03386	0.01106	0.01658	0.02557	0.01106	0.01935	0.01313	0.01520	0.00898	0.01036	0.00829	0.00553	0.00415	0.00138	0.00691	0.00345	0.00276	0.00829
28	0.01376	0.01170	0.01359	0.00974	0.01547	0.00898	0.00781	0.03884	0.01395	0.02169	0.01162	0.01347	0.00962	0.00488	0.00484	0.00099	0.00486	0.00389	0.00391	0.78638
29	0.00908	0.00660	0.00854	0.00806	0.00961	0.00607	0.00604	0.01206	0.01813	0.02553	0.69894	0.04890	0.09148	0.01335	0.00762	0.00204	0.00306	0.01177	0.00706	0.00607
