[name]
atp4

[dist]
# distance from previous block
# <min> <max>
0	3

[block]
# block no. 0 follows, 116 sequences, length 6
# corresponding to MSA columns:
# 3-8
name=unknown_A
#
# <colnr> <probs for GDERKNQSTAVLIFYWHMCP>
#	G	D	E	R	K	N	Q	S	T	A	V	L	I	F	Y	W	H	M	C	P
0	0.00443	0.11142	0.00517	0.00455	0.00532	0.00385	0.00393	0.00574	0.04503	0.00747	0.01232	0.14180	0.01338	0.00647	0.00324	0.00107	0.00228	0.61781	0.00222	0.00251
1	0.04135	0.12496	0.00831	0.65822	0.07384	0.00620	0.00646	0.00673	0.00518	0.00682	0.00515	0.00696	0.03438	0.00263	0.00242	0.00081	0.00318	0.00223	0.00120	0.00296
2	0.00455	0.00477	0.12499	0.00630	0.17245	0.00377	0.00430	0.05156	0.00520	0.00717	0.00890	0.32437	0.00976	0.22279	0.00557	0.03239	0.00243	0.00433	0.00177	0.00265
3	0.00680	0.00512	0.00603	0.17093	0.00811	0.00569	0.00425	0.40784	0.03999	0.01096	0.00752	0.03786	0.03927	0.18431	0.00466	0.00114	0.00265	0.00289	0.05072	0.00325
4	0.06379	0.00592	0.02866	0.00502	0.00667	0.00627	0.00411	0.49588	0.12630	0.01278	0.00950	0.06826	0.11178	0.03956	0.00303	0.00088	0.00241	0.00308	0.00240	0.00369
5	0.00704	0.11362	0.00693	0.03243	0.00707	0.00664	0.00429	0.12781	0.52862	0.06862	0.00905	0.00951	0.00702	0.00345	0.00254	0.00083	0.00229	0.05596	0.00240	0.00389

[dist]
# distance from previous block
# <min> <max>
2	6

[block]
# block no. 1 follows, 116 sequences, length 81
# corresponding to MSA columns:
# 15-95
name=unknown_B
#
# <colnr> <probs for GDERKNQSTAVLIFYWHMCP>
#	G	D	E	R	K	N	Q	S	T	A	V	L	I	F	Y	W	H	M	C	P
0	0.00669	0.00682	0.00980	0.06683	0.71304	0.12626	0.00741	0.00810	0.00597	0.00797	0.00468	0.00614	0.00392	0.00238	0.00258	0.00076	0.01337	0.00220	0.00127	0.00383
1	0.00417	0.00309	0.00434	0.00513	0.04982	0.00305	0.00417	0.00533	0.00590	0.00766	0.01403	0.02750	0.07710	0.00680	0.00346	0.00114	0.00232	0.77026	0.00231	0.00243
2	0.00315	0.00227	0.00298	0.00350	0.00371	0.00211	0.00236	0.00364	0.00509	0.00676	0.05897	0.81135	0.06903	0.00781	0.00325	0.00102	0.00146	0.00705	0.00240	0.00211
3	0.00367	0.00247	0.00283	0.00289	0.00292	0.00245	0.00166	0.00375	0.00395	0.00529	0.03513	0.10322	0.01051	0.79541	0.01181	0.00230	0.00235	0.00410	0.00167	0.00163
4	0.01151	0.00437	0.00595	0.00456	0.00655	0.00377	0.00377	0.01250	0.00734	0.89561	0.01012	0.00873	0.00635	0.00318	0.00258	0.00079	0.00218	0.00258	0.00318	0.00437
5	0.01097	0.00424	0.00574	0.00445	0.00630	0.00368	0.00363	0.01191	0.00713	0.83389	0.01912	0.00932	0.00671	0.05671	0.00320	0.00089	0.00219	0.00267	0.00308	0.00418
6	0.00307	0.00259	0.00261	0.00261	0.00343	0.00218	0.00193	0.00368	0.00572	0.00682	0.02493	0.02422	0.84064	0.05982	0.00362	0.00096	0.00137	0.00532	0.00233	0.00213
7	0.00387	0.00302	0.00377	0.00365	0.00452	0.00253	0.00260	0.00455	0.00505	0.00716	0.01091	0.60393	0.01253	0.00597	0.00281	0.00082	0.00163	0.00535	0.00209	0.31326
8	0.00881	0.00641	0.00687	0.00537	0.00712	0.00705	0.00434	0.74005	0.01077	0.01455	0.00649	0.00755	0.00504	0.10702	0.00373	0.00096	0.00270	0.00248	0.04875	0.00394
9	0.00303	0.00259	0.00261	0.00262	0.00347	0.00216	0.00196	0.00368	0.00583	0.00692	0.02578	0.04018	0.87744	0.00652	0.00304	0.00087	0.00130	0.00545	0.00238	0.00216
10	0.02739	0.00245	0.00242	0.00242	0.00304	0.00247	0.00182	0.00602	0.00536	0.00961	0.00825	0.00943	0.00648	0.00297	0.00179	0.00060	0.00121	0.00237	0.90149	0.00240
11	0.01105	0.00426	0.00580	0.00449	0.00639	0.00369	0.00369	0.01205	0.00734	0.84335	0.06220	0.00935	0.00740	0.00330	0.00261	0.00079	0.00213	0.00270	0.00315	0.00425
12	0.00565	0.00412	0.00477	0.00446	0.00533	0.00432	0.00333	0.33928	0.00763	0.01021	0.01110	0.56473	0.01217	0.00615	0.00300	0.00094	0.00200	0.00540	0.00245	0.00295
13	0.00975	0.00719	0.00770	0.00590	0.00796	0.00796	0.00488	0.88528	0.01206	0.01617	0.00616	0.00616	0.00436	0.00308	0.00257	0.00077	0.00282	0.00231	0.00257	0.00436
14	0.00922	0.00687	0.00742	0.00565	0.00773	0.00741	0.00466	0.78042	0.01126	0.01524	0.00597	0.00606	0.00430	0.00294	0.00249	0.00072	0.00271	0.00222	0.00244	0.11427
15	0.00638	0.00615	0.01033	0.01554	0.87521	0.01526	0.00780	0.00796	0.01536	0.00839	0.00488	0.00637	0.00410	0.00230	0.00254	0.00076	0.00305	0.00229	0.00128	0.00405
16	0.00651	0.00647	0.01001	0.06746	0.77448	0.07429	0.00761	0.00798	0.00591	0.00811	0.00474	0.00625	0.00397	0.00233	0.00252	0.00076	0.00319	0.00224	0.00127	0.00391
17	0.00306	0.00260	0.00264	0.00263	0.00348	0.00218	0.00197	0.00374	0.00592	0.00710	0.06952	0.02441	0.84915	0.00643	0.00303	0.00086	0.00130	0.00538	0.00240	0.00218
18	0.00776	0.00570	0.00628	0.00520	0.00669	0.00619	0.00413	0.62069	0.00992	0.01328	0.00855	0.27684	0.00815	0.00457	0.00278	0.00085	0.00242	0.00381	0.00251	0.00368
19	0.00303	0.00260	0.00260	0.00260	0.00347	0.00217	0.00195	0.00368	0.00585	0.00693	0.02599	0.02469	0.89279	0.00650	0.00303	0.00087	0.00130	0.00541	0.00238	0.00217
20	0.00367	0.00275	0.00412	0.00412	0.00458	0.00321	0.00321	0.00458	0.00412	0.00596	0.00687	0.01008	0.00641	0.01924	0.89967	0.00412	0.00687	0.00275	0.00137	0.00229
21	0.00958	0.01223	0.00727	0.00661	0.00793	0.89954	0.00496	0.01024	0.00727	0.00628	0.00397	0.00463	0.00330	0.00264	0.00231	0.00066	0.00463	0.00165	0.00132	0.00297
22	0.00515	0.01327	0.89654	0.00731	0.01110	0.00596	0.00948	0.00812	0.00542	0.00812	0.00460	0.00542	0.00325	0.00244	0.00244	0.00081	0.00379	0.00190	0.00108	0.00379
23	0.00515	0.01327	0.89654	0.00731	0.01110	0.00596	0.00948	0.00812	0.00542	0.00812	0.00460	0.00542	0.00325	0.00244	0.00244	0.00081	0.00379	0.00190	0.00108	0.00379
24	0.00407	0.00293	0.00404	0.00460	0.00520	0.00291	0.00400	0.00522	0.00590	0.00763	0.01433	0.02868	0.06777	0.00705	0.00351	0.00116	0.00230	0.82397	0.00236	0.00235
25	0.00303	0.00260	0.00260	0.00260	0.00347	0.00217	0.00195	0.00368	0.00585	0.00693	0.02599	0.02469	0.89279	0.00650	0.00303	0.00087	0.00130	0.00541	0.00238	0.00217
26	0.00363	0.00262	0.00343	0.00323	0.00383	0.00242	0.00242	0.00484	0.00726	0.01029	0.89248	0.01916	0.02421	0.00524	0.00303	0.00081	0.00121	0.00464	0.00282	0.00242
27	0.01151	0.00437	0.00595	0.00456	0.00655	0.00377	0.00377	0.01250	0.00734	0.89561	0.01012	0.00873	0.00635	0.00318	0.00258	0.00079	0.00218	0.00258	0.00318	0.00437
28	0.02851	0.00377	0.00559	0.46075	0.01098	0.00430	0.00483	0.01878	0.00541	0.08267	0.00734	0.14957	0.00646	0.00357	0.00249	0.00082	0.00250	0.00310	0.19578	0.00278
29	0.00485	0.00250	0.00258	0.02164	0.00337	0.00254	0.00195	0.01829	0.00547	0.00959	0.00826	0.00946	0.00648	0.00298	0.00182	0.00061	0.00127	0.00239	0.89152	0.00243
30	0.00373	0.00249	0.00280	0.00280	0.00280	0.00249	0.00155	0.00373	0.00373	0.00497	0.00808	0.01679	0.00933	0.90984	0.01306	0.00249	0.00249	0.00373	0.00155	0.00155
31	0.00303	0.00260	0.00260	0.00260	0.00347	0.00217	0.00195	0.00368	0.00585	0.00693	0.02599	0.02469	0.89279	0.00650	0.00303	0.00087	0.00130	0.00541	0.00238	0.00217
32	0.92796	0.00496	0.00377	0.00337	0.00496	0.00576	0.00278	0.00754	0.00437	0.01151	0.00357	0.00417	0.00278	0.00238	0.00159	0.00079	0.00198	0.00139	0.00159	0.00278
33	0.00373	0.00249	0.00280	0.00280	0.00280	0.00249	0.00155	0.00373	0.00373	0.00497	0.00808	0.01679	0.00933	0.90984	0.01306	0.00249	0.00249	0.00373	0.00155	0.00155
34	0.00305	0.00252	0.00268	0.00280	0.00352	0.00215	0.00204	0.00366	0.00565	0.00685	0.02352	0.20882	0.71026	0.00682	0.00308	0.00090	0.00134	0.00581	0.00238	0.00215
35	0.00303	0.00259	0.00260	0.00261	0.00347	0.00216	0.00195	0.00368	0.00584	0.00693	0.02584	0.03613	0.88145	0.00652	0.00304	0.00087	0.00130	0.00544	0.00238	0.00216
36	0.00365	0.00245	0.00282	0.00290	0.00292	0.00244	0.00166	0.00371	0.00388	0.00518	0.00886	0.13083	0.01030	0.79447	0.01181	0.00230	0.00236	0.00419	0.00166	0.00162
37	0.00975	0.00719	0.00770	0.00590	0.00796	0.00796	0.00488	0.88528	0.01206	0.01617	0.00616	0.00616	0.00436	0.00308	0.00257	0.00077	0.00282	0.00231	0.00257	0.00436
38	0.00484	0.00456	0.00769	0.90367	0.01767	0.00570	0.00712	0.00655	0.00513	0.00655	0.00456	0.00684	0.00342	0.00256	0.00256	0.00085	0.00342	0.00228	0.00114	0.00285
39	0.00626	0.00605	0.01043	0.06019	0.82089	0.00609	0.03664	0.00782	0.00581	0.00828	0.00482	0.00639	0.00403	0.00230	0.00256	0.00077	0.00311	0.00231	0.00126	0.00398
40	0.00975	0.00719	0.00770	0.00590	0.00796	0.00796	0.00488	0.88528	0.01206	0.01617	0.00616	0.00616	0.00436	0.00308	0.00257	0.00077	0.00282	0.00231	0.00257	0.00436
41	0.00321	0.00230	0.00303	0.00359	0.00376	0.00216	0.00240	0.01455	0.00499	0.00665	0.01398	0.88775	0.01673	0.01726	0.00337	0.00105	0.00152	0.00719	0.00238	0.00211
42	0.92796	0.00496	0.00377	0.00337	0.00496	0.00576	0.00278	0.00754	0.00437	0.01151	0.00357	0.00417	0.00278	0.00238	0.00159	0.00079	0.00198	0.00139	0.00159	0.00278
43	0.00691	0.01534	0.00990	0.01264	0.56981	0.16581	0.08663	0.00883	0.08358	0.00818	0.00519	0.00636	0.00424	0.00244	0.00254	0.00076	0.00335	0.00229	0.00140	0.00381
44	0.00638	0.00551	0.00580	0.00522	0.00667	0.00638	0.00406	0.01363	0.88920	0.01073	0.01044	0.00957	0.00783	0.00348	0.00261	0.00087	0.00203	0.00290	0.00261	0.00406
45	0.00368	0.00247	0.00281	0.00286	0.00288	0.00245	0.00163	0.00372	0.00383	0.00511	0.00861	0.09365	0.00999	0.83208	0.01221	0.00236	0.00240	0.00404	0.00163	0.00160
46	0.00632	0.00619	0.01093	0.01521	0.79834	0.00614	0.10296	0.00791	0.00586	0.00836	0.00487	0.00641	0.00405	0.00227	0.00259	0.00077	0.00319	0.00237	0.00127	0.00400
47	0.00508	0.00486	0.16884	0.00429	0.00568	0.00331	0.00405	0.00658	0.00683	0.13641	0.53389	0.01589	0.01705	0.00457	0.00289	0.00084	0.00192	0.07155	0.00252	0.00295
48	0.00664	0.00545	0.00581	0.00519	0.00667	0.00625	0.00405	0.01358	0.84489	0.05519	0.01043	0.00953	0.00776	0.00347	0.00261	0.00087	0.00204	0.00288	0.00264	0.00408
49	0.00315	0.00224	0.00297	0.00355	0.00369	0.00210	0.00235	0.00358	0.00487	0.00649	0.01393	0.87721	0.01670	0.03935	0.00361	0.00109	0.00152	0.00717	0.00235	0.00207
50	0.00686	0.91138	0.01344	0.00439	0.00658	0.01015	0.00439	0.00768	0.00521	0.00604	0.00357	0.00412	0.00329	0.00219	0.00165	0.00055	0.00274	0.00137	0.00110	0.00329
51	0.88091	0.00539	0.04929	0.00357	0.00527	0.00577	0.00312	0.00757	0.00442	0.01134	0.00362	0.00423	0.00280	0.00238	0.00163	0.00079	0.00208	0.00142	0.00156	0.00283
52	0.00484	0.00456	0.00769	0.90367	0.01767	0.00570	0.00712	0.00655	0.00513	0.00655	0.00456	0.00684	0.00342	0.00256	0.00256	0.00085	0.00342	0.00228	0.00114	0.00285
53	0.00303	0.00260	0.00260	0.00260	0.00347	0.00217	0.00195	0.00368	0.00585	0.00693	0.02599	0.02469	0.89279	0.00650	0.00303	0.00087	0.00130	0.00541	0.00238	0.00217
54	0.00589	0.00806	0.17366	0.01018	0.01299	0.00639	0.72714	0.00820	0.00594	0.00820	0.00508	0.00665	0.00378	0.00221	0.00292	0.00086	0.00423	0.00282	0.00126	0.00352
55	0.01121	0.00485	0.00625	0.00479	0.00679	0.00449	0.00396	0.16170	0.00815	0.74528	0.00944	0.00829	0.00601	0.00316	0.00258	0.00079	0.00229	0.00253	0.00307	0.00437
56	0.00303	0.00260	0.00260	0.00260	0.00347	0.00217	0.00195	0.00368	0.00585	0.00693	0.02599	0.02469	0.89279	0.00650	0.00303	0.00087	0.00130	0.00541	0.00238	0.00217
57	0.00606	0.00692	0.01514	0.01081	0.01341	0.00649	0.88452	0.00822	0.00606	0.00822	0.00519	0.00692	0.00389	0.00216	0.00303	0.00087	0.00433	0.00303	0.00130	0.00346
58	0.00519	0.03527	0.87492	0.00724	0.01099	0.00606	0.00935	0.00811	0.00541	0.00807	0.00458	0.00538	0.00325	0.00243	0.00242	0.00081	0.00377	0.00188	0.00108	0.00378
59	0.00534	0.01302	0.85960	0.00725	0.01097	0.00604	0.00929	0.04458	0.00569	0.00846	0.00467	0.00545	0.00330	0.00246	0.00244	0.00081	0.00375	0.00191	0.00114	0.00382
60	0.00778	0.00571	0.00630	0.00521	0.00670	0.00621	0.00414	0.62332	0.00994	0.01331	0.00853	0.27415	0.00811	0.00455	0.00278	0.00085	0.00243	0.00379	0.00251	0.00369
61	0.00582	0.00698	0.06626	0.01014	0.02015	0.00621	0.75633	0.00789	0.00591	0.00808	0.00566	0.06155	0.00464	0.00258	0.00310	0.00088	0.01990	0.00320	0.00135	0.00339
62	0.00606	0.00692	0.01514	0.01081	0.01341	0.00649	0.88452	0.00822	0.00606	0.00822	0.00519	0.00692	0.00389	0.00216	0.00303	0.00087	0.00433	0.00303	0.00130	0.00346
63	0.00373	0.00249	0.00280	0.00280	0.00280	0.00249	0.00155	0.00373	0.00373	0.00497	0.00808	0.01679	0.00933	0.90984	0.01306	0.00249	0.00249	0.00373	0.00155	0.00155
64	0.00473	0.00379	0.00448	0.00370	0.00512	0.00314	0.00275	0.04162	0.00529	0.00777	0.00758	0.24189	0.00797	0.12128	0.00373	0.00084	0.00191	0.00334	0.00179	0.52728
65	0.00958	0.01223	0.00727	0.00661	0.00793	0.89954	0.00496	0.01024	0.00727	0.00628	0.00397	0.00463	0.00330	0.00264	0.00231	0.00066	0.00463	0.00165	0.00132	0.00297
66	0.00532	0.00456	0.00532	0.00380	0.00608	0.00342	0.00304	0.00646	0.00532	0.00836	0.00456	0.00532	0.00380	0.00190	0.00190	0.00038	0.00190	0.00152	0.00152	0.92552
67	0.00958	0.01223	0.00727	0.00661	0.00793	0.89954	0.00496	0.01024	0.00727	0.00628	0.00397	0.00463	0.00330	0.00264	0.00231	0.00066	0.00463	0.00165	0.00132	0.00297
68	0.00515	0.01327	0.89654	0.00731	0.01110	0.00596	0.00948	0.00812	0.00542	0.00812	0.00460	0.00542	0.00325	0.00244	0.00244	0.00081	0.00379	0.00190	0.00108	0.00379
69	0.00363	0.00262	0.00343	0.00323	0.00383	0.00242	0.00242	0.00484	0.00726	0.01029	0.89248	0.01916	0.02421	0.00524	0.00303	0.00081	0.00121	0.00464	0.00282	0.00242
70	0.00393	0.00270	0.00342	0.00321	0.00391	0.00244	0.00242	0.00503	0.00700	0.05418	0.69973	0.04190	0.14967	0.00539	0.00301	0.00082	0.00128	0.00472	0.00277	0.00247
71	0.00470	0.00390	0.00466	0.00374	0.00541	0.00304	0.00285	0.00564	0.00520	0.00785	0.00726	0.26020	0.00752	0.00363	0.00229	0.00057	0.00178	0.00315	0.00176	0.66483
72	0.03703	0.00512	0.10218	0.00447	0.00643	0.00363	0.04787	0.00612	0.00524	0.00803	0.00671	0.20748	0.00666	0.00336	0.00231	0.00061	0.00214	0.00292	0.00166	0.54002
73	0.00515	0.01327	0.89654	0.00731	0.01110	0.00596	0.00948	0.00812	0.00542	0.00812	0.00460	0.00542	0.00325	0.00244	0.00244	0.00081	0.00379	0.00190	0.00108	0.00379
74	0.00994	0.00688	0.00751	0.00576	0.00780	0.00750	0.00476	0.78991	0.01155	0.11226	0.00659	0.00644	0.00458	0.00309	0.00257	0.00077	0.00275	0.00234	0.00263	0.00436
75	0.00958	0.01223	0.00727	0.00661	0.00793	0.89954	0.00496	0.01024	0.00727	0.00628	0.00397	0.00463	0.00330	0.00264	0.00231	0.00066	0.00463	0.00165	0.00132	0.00297
76	0.00515	0.01327	0.89654	0.00731	0.01110	0.00596	0.00948	0.00812	0.00542	0.00812	0.00460	0.00542	0.00325	0.00244	0.00244	0.00081	0.00379	0.00190	0.00108	0.00379
77	0.00592	0.00789	0.15015	0.01028	0.01306	0.00641	0.75048	0.00820	0.00596	0.00820	0.00510	0.00669	0.00379	0.00220	0.00294	0.00086	0.00424	0.00285	0.00126	0.00351
78	0.00601	0.00722	0.05655	0.01065	0.01330	0.00646	0.84341	0.00821	0.00603	0.00821	0.00516	0.00685	0.00386	0.00218	0.00300	0.00086	0.00430	0.00297	0.00129	0.00348
79	0.00484	0.00456	0.00769	0.90367	0.01767	0.00570	0.00712	0.00655	0.00513	0.00655	0.00456	0.00684	0.00342	0.00256	0.00256	0.00085	0.00342	0.00228	0.00114	0.00285
80	0.00320	0.00235	0.00303	0.00361	0.00377	0.01306	0.00241	0.00365	0.00494	0.00655	0.01402	0.89712	0.01680	0.00797	0.00326	0.00104	0.00153	0.00722	0.00237	0.00209

[dist]
# distance from previous block
# <min> <max>
0	2

[block]
# block no. 2 follows, 116 sequences, length 10
# corresponding to MSA columns:
# 98-107
name=unknown_C
#
# <colnr> <probs for GDERKNQSTAVLIFYWHMCP>
#	G	D	E	R	K	N	Q	S	T	A	V	L	I	F	Y	W	H	M	C	P
0	0.00313	0.00223	0.00298	0.00357	0.00372	0.00208	0.00238	0.00357	0.00491	0.00655	0.01414	0.90816	0.01697	0.00804	0.00327	0.00104	0.00149	0.00729	0.00238	0.00208
1	0.00484	0.00456	0.00769	0.90367	0.01767	0.00570	0.00712	0.00655	0.00513	0.00655	0.00456	0.00684	0.00342	0.00256	0.00256	0.00085	0.00342	0.00228	0.00114	0.00285
2	0.00339	0.00288	0.00307	0.03058	0.00418	0.00261	0.00231	0.00462	0.07217	0.00751	0.10263	0.02251	0.72043	0.00604	0.00299	0.00086	0.00141	0.00506	0.00240	0.00235
3	0.00937	0.00690	0.00749	0.04082	0.00814	0.00765	0.00484	0.81664	0.01153	0.01554	0.00618	0.00632	0.00441	0.00306	0.00254	0.00077	0.00278	0.00231	0.03849	0.00423
4	0.00313	0.00223	0.00298	0.00357	0.00372	0.00208	0.00238	0.00357	0.00491	0.00655	0.01414	0.90816	0.01697	0.00804	0.00327	0.00104	0.00149	0.00729	0.00238	0.00208
5	0.00487	0.00460	0.00784	0.81037	0.04741	0.00560	0.03398	0.00654	0.00517	0.00667	0.00496	0.04187	0.00398	0.00276	0.00261	0.00086	0.00336	0.00250	0.00120	0.00288
6	0.00303	0.00260	0.00260	0.00260	0.00347	0.00217	0.00195	0.00368	0.00585	0.00693	0.02599	0.02469	0.89279	0.00650	0.00303	0.00087	0.00130	0.00541	0.00238	0.00217
7	0.00478	0.00239	0.00239	0.00239	0.00299	0.00239	0.00179	0.00598	0.00538	0.00956	0.00837	0.00956	0.00658	0.00299	0.00179	0.00060	0.00120	0.00239	0.92408	0.00239
8	0.77501	0.00533	0.00443	0.00380	0.00546	0.00612	0.00313	0.15375	0.00565	0.01229	0.00400	0.00450	0.00304	0.00250	0.00175	0.00079	0.00212	0.00154	0.00175	0.00304
9	0.00691	0.00539	0.00582	0.00515	0.00666	0.00611	0.00403	0.01352	0.79773	0.10251	0.01041	0.00948	0.00768	0.00345	0.00261	0.00086	0.00205	0.00287	0.00267	0.00409

[dist]
# distance from previous block
# <min> <max>
0	2

[block]
# block no. 3 follows, 116 sequences, length 63
# corresponding to MSA columns:
# 110-172
name=unknown_D
#
# <colnr> <probs for GDERKNQSTAVLIFYWHMCP>
#	G	D	E	R	K	N	Q	S	T	A	V	L	I	F	Y	W	H	M	C	P
0	0.00363	0.00262	0.00343	0.00323	0.00383	0.00242	0.00242	0.00484	0.00726	0.01029	0.89248	0.01916	0.02421	0.00524	0.00303	0.00081	0.00121	0.00464	0.00282	0.00242
1	0.00370	0.00264	0.00340	0.00321	0.00385	0.00242	0.00241	0.00486	0.00714	0.02303	0.80988	0.02884	0.08431	0.00533	0.00302	0.00081	0.00123	0.00469	0.00279	0.00243
2	0.00515	0.01327	0.89654	0.00731	0.01110	0.00596	0.00948	0.00812	0.00542	0.00812	0.00460	0.00542	0.00325	0.00244	0.00244	0.00081	0.00379	0.00190	0.00108	0.00379
3	0.00962	0.00709	0.00761	0.00586	0.00787	0.00784	0.00483	0.86820	0.01192	0.01598	0.00631	0.02363	0.00461	0.00318	0.00258	0.00078	0.00280	0.00241	0.00256	0.00432
4	0.00313	0.00223	0.00298	0.00357	0.00372	0.00208	0.00238	0.00357	0.00491	0.00655	0.01414	0.90816	0.01697	0.00804	0.00327	0.00104	0.00149	0.00729	0.00238	0.00208
5	0.00560	0.00473	0.00547	0.00393	0.00620	0.00371	0.00316	0.06286	0.00575	0.00886	0.00466	0.00537	0.00384	0.00198	0.00194	0.00041	0.00196	0.00157	0.00159	0.86641
6	0.00473	0.00334	0.00439	0.00473	0.00550	0.00342	0.00405	0.00668	0.12163	0.04722	0.01334	0.02540	0.03581	0.00643	0.00337	0.00112	0.00228	0.70147	0.00243	0.00267
7	0.01151	0.00437	0.00595	0.00456	0.00655	0.00377	0.00377	0.01250	0.00734	0.89561	0.01012	0.00873	0.00635	0.00318	0.00258	0.00079	0.00218	0.00258	0.00318	0.00437
8	0.00484	0.00456	0.00769	0.90367	0.01767	0.00570	0.00712	0.00655	0.00513	0.00655	0.00456	0.00684	0.00342	0.00256	0.00256	0.00085	0.00342	0.00228	0.00114	0.00285
9	0.00506	0.00272	0.00280	0.00269	0.00337	0.00278	0.00205	0.06326	0.00577	0.00986	0.00817	0.00936	0.00643	0.00361	0.03571	0.00074	0.00152	0.00240	0.82919	0.00252
10	0.01118	0.00444	0.00594	0.00461	0.00656	0.00394	0.00379	0.01258	0.06394	0.83882	0.01014	0.00879	0.00645	0.00319	0.00258	0.00080	0.00217	0.00260	0.00314	0.00435
11	0.00532	0.00456	0.00532	0.00380	0.00608	0.00342	0.00304	0.00646	0.00532	0.00836	0.00456	0.00532	0.00380	0.00190	0.00190	0.00038	0.00190	0.00152	0.00152	0.92552
12	0.00629	0.00603	0.01030	0.05284	0.85723	0.00608	0.00784	0.00782	0.00581	0.00831	0.00481	0.00637	0.00404	0.00230	0.00254	0.00077	0.00306	0.00229	0.00126	0.00401
13	0.00478	0.00239	0.00239	0.00239	0.00299	0.00239	0.00179	0.00598	0.00538	0.00956	0.00837	0.00956	0.00658	0.00299	0.00179	0.00060	0.00120	0.00239	0.92408	0.00239
14	0.00515	0.01327	0.89654	0.00731	0.01110	0.00596	0.00948	0.00812	0.00542	0.00812	0.00460	0.00542	0.00325	0.00244	0.00244	0.00081	0.00379	0.00190	0.00108	0.00379
15	0.00629	0.00603	0.01030	0.05284	0.85723	0.00608	0.00784	0.00782	0.00581	0.00831	0.00481	0.00637	0.00404	0.00230	0.00254	0.00077	0.00306	0.00229	0.00126	0.00401
16	0.00638	0.00551	0.00580	0.00522	0.00667	0.00638	0.00406	0.01363	0.88920	0.01073	0.01044	0.00957	0.00783	0.00348	0.00261	0.00087	0.00203	0.00290	0.00261	0.00406
17	0.00363	0.00262	0.00343	0.00323	0.00383	0.00242	0.00242	0.00484	0.00726	0.01029	0.89248	0.01916	0.02421	0.00524	0.00303	0.00081	0.00121	0.00464	0.00282	0.00242
18	0.00600	0.00680	0.01469	0.04803	0.01346	0.00648	0.83081	0.00811	0.00598	0.00811	0.00513	0.00689	0.00386	0.00222	0.00311	0.00087	0.02177	0.00298	0.00129	0.00342
19	0.01151	0.00437	0.00595	0.00456	0.00655	0.00377	0.00377	0.01250	0.00734	0.89561	0.01012	0.00873	0.00635	0.00318	0.00258	0.00079	0.00218	0.00258	0.00318	0.00437
20	0.00316	0.00225	0.00297	0.00353	0.00368	0.00210	0.00234	0.00358	0.00485	0.00647	0.01384	0.86371	0.01659	0.05301	0.00376	0.00111	0.00154	0.00712	0.00234	0.00206
21	0.00316	0.00226	0.00301	0.00355	0.00373	0.00210	0.00238	0.00365	0.00506	0.00678	0.06928	0.85235	0.01742	0.00786	0.00326	0.00103	0.00147	0.00713	0.00241	0.00210
22	0.00478	0.00239	0.00239	0.00239	0.00299	0.00239	0.00179	0.00598	0.00538	0.00956	0.00837	0.00956	0.00658	0.00299	0.00179	0.00060	0.00120	0.00239	0.92408	0.00239
23	0.00484	0.00456	0.00769	0.90367	0.01767	0.00570	0.00712	0.00655	0.00513	0.00655	0.00456	0.00684	0.00342	0.00256	0.00256	0.00085	0.00342	0.00228	0.00114	0.00285
24	0.00958	0.01223	0.00727	0.00661	0.00793	0.89954	0.00496	0.01024	0.00727	0.00628	0.00397	0.00463	0.00330	0.00264	0.00231	0.00066	0.00463	0.00165	0.00132	0.00297
25	0.00313	0.00223	0.00298	0.00357	0.00372	0.00208	0.00238	0.00357	0.00491	0.00655	0.01414	0.90816	0.01697	0.00804	0.00327	0.00104	0.00149	0.00729	0.00238	0.00208
26	0.00958	0.01223	0.00727	0.00661	0.00793	0.89954	0.00496	0.01024	0.00727	0.00628	0.00397	0.00463	0.00330	0.00264	0.00231	0.00066	0.00463	0.00165	0.00132	0.00297
27	0.00393	0.00267	0.00351	0.00331	0.00394	0.00246	0.00247	0.00508	0.00711	0.04703	0.79926	0.07578	0.02300	0.00534	0.00302	0.00082	0.00127	0.00472	0.00281	0.00248
28	0.00635	0.00610	0.01041	0.01575	0.89383	0.00610	0.00787	0.00787	0.00584	0.00838	0.00483	0.00635	0.00406	0.00229	0.00254	0.00076	0.00305	0.00229	0.00127	0.00406
29	0.00807	0.00596	0.00653	0.00529	0.00692	0.00645	0.00424	0.65144	0.01018	0.01368	0.00793	0.21270	0.00723	0.00417	0.00270	0.00082	0.00248	0.00342	0.00249	0.03730
30	0.01135	0.00459	0.02884	0.00464	0.00667	0.00383	0.00392	0.01239	0.00729	0.87280	0.00998	0.00865	0.00627	0.00316	0.00258	0.00079	0.00222	0.00256	0.00312	0.00435
31	0.00638	0.00551	0.00580	0.00522	0.00667	0.00638	0.00406	0.01363	0.88920	0.01073	0.01044	0.00957	0.00783	0.00348	0.00261	0.00087	0.00203	0.00290	0.00261	0.00406
32	0.00313	0.00223	0.00298	0.00357	0.00372	0.00208	0.00238	0.00357	0.00491	0.00655	0.01414	0.90816	0.01697	0.00804	0.00327	0.00104	0.00149	0.00729	0.00238	0.00208
33	0.00482	0.00398	0.00468	0.00391	0.00544	0.00339	0.00297	0.01983	0.09876	0.00817	0.00816	0.28446	0.00830	0.00398	0.00241	0.00064	0.00180	0.00346	0.00192	0.52889
34	0.00958	0.01223	0.00727	0.00661	0.00793	0.89954	0.00496	0.01024	0.00727	0.00628	0.00397	0.00463	0.00330	0.00264	0.00231	0.00066	0.00463	0.00165	0.00132	0.00297
35	0.01151	0.00437	0.00595	0.00456	0.00655	0.00377	0.00377	0.01250	0.00734	0.89561	0.01012	0.00873	0.00635	0.00318	0.00258	0.00079	0.00218	0.00258	0.00318	0.00437
36	0.00591	0.00510	0.00535	0.00485	0.00622	0.00578	0.00376	0.01222	0.76411	0.01019	0.01264	0.01171	0.13315	0.00391	0.00267	0.00087	0.00193	0.00326	0.00258	0.00379
37	0.00969	0.02618	0.00782	0.00587	0.00793	0.00800	0.00487	0.86684	0.01192	0.01596	0.00611	0.00612	0.00434	0.00306	0.00255	0.00077	0.00282	0.00229	0.00254	0.00434
38	0.00975	0.00719	0.00770	0.00590	0.00796	0.00796	0.00488	0.88528	0.01206	0.01617	0.00616	0.00616	0.00436	0.00308	0.00257	0.00077	0.00282	0.00231	0.00257	0.00436
39	0.00490	0.00466	0.00795	0.85781	0.01734	0.00576	0.03740	0.00661	0.00514	0.00661	0.00456	0.00682	0.00344	0.00258	0.00268	0.00086	0.01856	0.00231	0.00115	0.00287
40	0.02162	0.00457	0.00754	0.85625	0.01704	0.00562	0.00690	0.00657	0.00512	0.00671	0.00454	0.00674	0.00342	0.00254	0.00252	0.00084	0.00334	0.00224	0.00116	0.03471
41	0.00341	0.00299	0.00294	0.00288	0.00380	0.01571	0.00217	0.00462	0.08038	0.00724	0.02435	0.02312	0.80507	0.00619	0.00299	0.00086	0.00141	0.00515	0.00239	0.00234
42	0.00484	0.00456	0.00769	0.90367	0.01767	0.00570	0.00712	0.00655	0.00513	0.00655	0.00456	0.00684	0.00342	0.00256	0.00256	0.00085	0.00342	0.00228	0.00114	0.00285
43	0.00318	0.00226	0.00296	0.00350	0.00363	0.00212	0.00230	0.00359	0.00480	0.00640	0.01356	0.82211	0.01623	0.09509	0.00422	0.00118	0.00158	0.00695	0.00230	0.00203
44	0.00606	0.00691	0.01507	0.01089	0.02708	0.00648	0.87090	0.00821	0.00605	0.00822	0.00518	0.00691	0.00390	0.00216	0.00302	0.00086	0.00431	0.00302	0.00130	0.00347
45	0.00682	0.89048	0.03400	0.00446	0.00669	0.01005	0.00451	0.00769	0.00522	0.00608	0.00359	0.00415	0.00329	0.00220	0.00166	0.00055	0.00277	0.00138	0.00110	0.00330
46	0.00686	0.91138	0.01344	0.00439	0.00658	0.01015	0.00439	0.00768	0.00521	0.00604	0.00357	0.00412	0.00329	0.00219	0.00165	0.00055	0.00274	0.00137	0.00110	0.00329
47	0.00310	0.00232	0.00289	0.00334	0.00366	0.00210	0.00228	0.00360	0.00514	0.00664	0.01698	0.69615	0.22714	0.00767	0.00322	0.00100	0.00144	0.00684	0.00238	0.00210
48	0.11800	0.00303	0.00360	0.00330	0.00413	0.00292	0.00253	0.00574	0.00681	0.07388	0.66903	0.01637	0.03989	0.00470	0.00277	0.00080	0.00138	0.00403	0.03450	0.00260
49	0.00616	0.00532	0.00559	0.00505	0.00646	0.00611	0.00392	0.01299	0.83184	0.01049	0.01145	0.01055	0.06529	0.00368	0.00264	0.00087	0.00198	0.00306	0.00260	0.00394
50	0.49532	0.00541	0.00666	0.00861	0.37675	0.00580	0.00496	0.00794	0.00514	0.05578	0.00443	0.00532	0.00350	0.00238	0.00204	0.00078	0.00244	0.00183	0.00154	0.00340
51	0.00376	0.00252	0.00288	0.00292	0.00296	0.00252	0.00172	0.00383	0.00387	0.00515	0.00844	0.01758	0.00968	0.85122	0.01244	0.00240	0.00248	0.06040	0.00161	0.00161
52	0.00549	0.00547	0.00773	0.03294	0.00710	0.02304	0.03577	0.00617	0.00412	0.00624	0.00381	0.00611	0.00368	0.00574	0.09399	0.00139	0.74496	0.00231	0.00116	0.00278
53	0.00382	0.00276	0.00319	0.00321	0.00352	0.00276	0.00208	0.00481	0.09004	0.00666	0.13244	0.16940	0.06930	0.48532	0.00835	0.00175	0.00202	0.00449	0.00203	0.00205
54	0.03059	0.00506	0.00562	0.00485	0.00609	0.00545	0.00376	0.49401	0.00885	0.01200	0.00932	0.36712	0.00945	0.02150	0.00302	0.00091	0.00226	0.00431	0.00245	0.00336
55	0.00361	0.00263	0.00343	0.00324	0.00385	0.00244	0.00243	0.00480	0.00711	0.01004	0.83647	0.01901	0.04908	0.00577	0.03399	0.00092	0.00141	0.00460	0.00276	0.00241
56	0.20130	0.00648	0.00679	0.12052	0.00851	0.03722	0.00469	0.54485	0.00932	0.01353	0.01979	0.00599	0.00420	0.00289	0.00236	0.00078	0.00276	0.00213	0.00214	0.00376
57	0.00609	0.01057	0.52494	0.14911	0.09127	0.10052	0.00812	0.00836	0.00573	0.06466	0.00490	0.00585	0.00356	0.00251	0.00246	0.00080	0.00365	0.00201	0.00127	0.00362
58	0.00557	0.00486	0.00849	0.70309	0.04136	0.00565	0.10750	0.00726	0.00544	0.07875	0.00509	0.00699	0.00373	0.00256	0.00262	0.00085	0.00341	0.00239	0.00133	0.00308
59	0.00371	0.00248	0.00280	0.00282	0.00283	0.00248	0.00158	0.00373	0.00377	0.00502	0.00827	0.04372	0.00956	0.88259	0.01276	0.00244	0.00246	0.00384	0.00158	0.00157
60	0.02623	0.00345	0.01075	0.00358	0.00461	0.00327	0.00281	0.08608	0.00714	0.18024	0.40805	0.01372	0.02694	0.03211	0.00294	0.00081	0.00162	0.00349	0.17920	0.00295
61	0.00575	0.00471	0.00548	0.00409	0.00614	0.00400	0.00329	0.12589	0.00612	0.00921	0.00506	0.00596	0.00418	0.00375	0.08866	0.00080	0.00249	0.00176	0.01711	0.69554
62	0.49743	0.00605	0.05134	0.06372	0.03642	0.00630	0.09227	0.18619	0.02068	0.01152	0.00453	0.00524	0.00340	0.00253	0.00208	0.00080	0.00261	0.00188	0.00171	0.00329

[dist]
# distance from previous block
# <min> <max>
2	10

[block]
# block no. 4 follows, 116 sequences, length 7
# corresponding to MSA columns:
# 185-191
name=unknown_E
#
# <colnr> <probs for GDERKNQSTAVLIFYWHMCP>
#	G	D	E	R	K	N	Q	S	T	A	V	L	I	F	Y	W	H	M	C	P
0	0.00572	0.00442	0.02858	0.00434	0.00531	0.00445	0.00333	0.30369	0.03963	0.01015	0.10983	0.27992	0.01141	0.17155	0.00476	0.00118	0.00218	0.00434	0.00232	0.00292
1	0.00611	0.00691	0.11148	0.06067	0.66906	0.00609	0.08634	0.00786	0.00578	0.00824	0.00482	0.00632	0.00392	0.00231	0.00257	0.00078	0.00327	0.00231	0.00124	0.00392
2	0.01018	0.00423	0.00563	0.00444	0.00622	0.00378	0.00362	0.01163	0.06753	0.72485	0.12013	0.01009	0.00868	0.00345	0.00264	0.00080	0.00205	0.00286	0.00309	0.00410
3	0.00810	0.04718	0.21638	0.00659	0.05790	0.00725	0.00596	0.55543	0.00951	0.01294	0.00569	0.00636	0.00425	0.04132	0.00294	0.00084	0.00305	0.00223	0.00204	0.00405
4	0.00501	0.00447	0.00570	0.10289	0.16888	0.00474	0.00433	0.00824	0.31477	0.00849	0.01438	0.01413	0.32506	0.00425	0.00274	0.00085	0.00210	0.00363	0.00213	0.00325
5	0.05412	0.00275	0.00325	0.00309	0.00381	0.00254	0.00233	0.00472	0.00677	0.00957	0.64233	0.01963	0.22498	0.00538	0.00295	0.00082	0.00127	0.00464	0.00265	0.00238
6	0.00531	0.10175	0.80955	0.00702	0.01066	0.00637	0.00898	0.00808	0.00540	0.00792	0.00450	0.00529	0.00325	0.00241	0.00236	0.00079	0.00369	0.00184	0.00108	0.00374

[dist]
# distance from previous block
# <min> <max>
0	12

[block]
# block no. 5 follows, 116 sequences, length 12
# corresponding to MSA columns:
# 205-216
name=unknown_F
#
# <colnr> <probs for GDERKNQSTAVLIFYWHMCP>
#	G	D	E	R	K	N	Q	S	T	A	V	L	I	F	Y	W	H	M	C	P
0	0.00342	0.00256	0.00337	0.00374	0.00385	0.00263	0.00254	0.00382	0.00467	0.00630	0.01239	0.70877	0.01476	0.13154	0.00506	0.00125	0.07874	0.00637	0.00216	0.00207
1	0.00307	0.00260	0.00265	0.00264	0.00349	0.00218	0.00198	0.00376	0.00594	0.00715	0.08363	0.02432	0.83502	0.00641	0.00303	0.00086	0.00129	0.00536	0.00241	0.00218
2	0.00498	0.00482	0.00853	0.80350	0.01719	0.00579	0.10556	0.00674	0.00523	0.00674	0.00463	0.00685	0.00347	0.00252	0.00262	0.00086	0.00352	0.00236	0.00116	0.00292
3	0.00527	0.07792	0.83297	0.00710	0.01078	0.00626	0.00911	0.00809	0.00540	0.00797	0.00453	0.00532	0.00325	0.00242	0.00238	0.00079	0.00372	0.00186	0.00108	0.00376
4	0.55824	0.00586	0.00535	0.00439	0.00617	0.00664	0.00362	0.36096	0.00747	0.01339	0.00461	0.00497	0.00342	0.00266	0.00198	0.00078	0.00232	0.00176	0.00198	0.00342
5	0.00316	0.00225	0.00297	0.00352	0.00366	0.00211	0.00233	0.00358	0.00484	0.00645	0.01376	0.85149	0.01648	0.06537	0.00390	0.00113	0.00155	0.00707	0.00233	0.00205
6	0.17839	0.00329	0.00368	0.00334	0.00430	0.00324	0.00259	0.02397	0.00665	0.08086	0.53061	0.01591	0.12438	0.00465	0.00271	0.00081	0.00148	0.00391	0.00256	0.00265
7	0.00430	0.00277	0.00364	0.00334	0.00406	0.00254	0.00254	0.00550	0.00727	0.08584	0.81718	0.01827	0.02268	0.00507	0.00299	0.00081	0.00129	0.00446	0.00285	0.00259
8	0.00316	0.00225	0.00297	0.00353	0.00367	0.00211	0.00233	0.00358	0.00485	0.00646	0.01380	0.85776	0.01654	0.05903	0.00383	0.00112	0.00154	0.00709	0.00233	0.00205
9	0.00513	0.00485	0.00821	0.73645	0.18268	0.00577	0.00727	0.00680	0.00526	0.00690	0.00461	0.00675	0.00354	0.00251	0.00256	0.00084	0.00335	0.00228	0.00116	0.00308
10	0.00480	0.00393	0.00612	0.06760	0.25309	0.00401	0.00537	0.00611	0.00584	0.00780	0.01055	0.02119	0.01104	0.00545	0.00320	0.00104	0.00262	0.57540	0.00198	0.00287
11	0.00358	0.00260	0.00338	0.00323	0.00381	0.00239	0.00240	0.00473	0.00709	0.00998	0.81665	0.06687	0.05278	0.00544	0.00304	0.00082	0.00123	0.00481	0.00279	0.00239

[dist]
# distance from previous block
# <min> <max>
0	21

# created by:
# /share/home/app/bin/augustus-3.3.1/scripts/msa2prfl.pl /dev/shm/tmp/ogap_db/mt-Magnoliopsida/msas/atp4.aln --setname=atp4
