[name]
atp8

[dist]
# distance from previous block
# <min> <max>
0	55

[block]
# block no. 0 follows, 125 sequences, length 50
# corresponding to MSA columns:
# 55-104
name=unknown_A
#
# <colnr> <probs for GDERKNQSTAVLIFYWHMCP>
#	G	D	E	R	K	N	Q	S	T	A	V	L	I	F	Y	W	H	M	C	P
0	0.00388	0.00277	0.00388	0.00443	0.00499	0.00277	0.00388	0.00499	0.00554	0.00720	0.01274	0.02714	0.01385	0.00665	0.00332	0.00111	0.00222	0.88423	0.00222	0.00222
1	0.00499	0.00428	0.00499	0.00356	0.00570	0.00321	0.00285	0.00606	0.00499	0.00784	0.00428	0.00499	0.00356	0.00178	0.00178	0.00036	0.00178	0.00143	0.00143	0.93014
2	0.00568	0.00649	0.01420	0.01014	0.01258	0.00609	0.89168	0.00771	0.00568	0.00771	0.00487	0.00649	0.00365	0.00203	0.00284	0.00081	0.00406	0.00284	0.00122	0.00325
3	0.00293	0.00209	0.00279	0.00335	0.00349	0.00195	0.00223	0.00335	0.00461	0.00614	0.01326	0.91386	0.01592	0.00754	0.00307	0.00098	0.00140	0.00684	0.00223	0.00195
4	0.00637	0.87881	0.05009	0.00423	0.00635	0.00936	0.00432	0.00722	0.00490	0.00574	0.00339	0.00391	0.00309	0.00207	0.00158	0.00053	0.00261	0.00131	0.00103	0.00311
5	0.00590	0.00575	0.01009	0.01392	0.77676	0.00568	0.10211	0.00738	0.00549	0.00784	0.00456	0.00598	0.00379	0.00212	0.00241	0.00071	0.00295	0.00220	0.00120	0.03317
6	0.00337	0.00228	0.00266	0.00279	0.00282	0.00225	0.00163	0.00347	0.00375	0.00500	0.00886	0.21834	0.01036	0.71063	0.01018	0.00203	0.00212	0.00425	0.00163	0.00157
7	0.00599	0.00517	0.00544	0.00490	0.00626	0.00599	0.00381	0.01279	0.89608	0.01007	0.00979	0.00898	0.00735	0.00326	0.00245	0.00082	0.00190	0.00272	0.00245	0.00381
8	0.00344	0.00258	0.00387	0.00387	0.00430	0.00301	0.00301	0.00430	0.00387	0.00559	0.00645	0.00945	0.00602	0.01805	0.90590	0.00387	0.00645	0.00258	0.00129	0.00215
9	0.00349	0.00233	0.00263	0.00264	0.00264	0.00233	0.00147	0.00350	0.00352	0.00469	0.00767	0.02989	0.00886	0.90114	0.01210	0.00231	0.00232	0.00355	0.00147	0.00147
10	0.00709	0.00572	0.00606	0.00512	0.00668	0.00650	0.00408	0.31964	0.58743	0.01184	0.00839	0.00786	0.00621	0.00313	0.00243	0.00078	0.00216	0.00253	0.00243	0.00391
11	0.00568	0.00649	0.01420	0.01014	0.01258	0.00609	0.89168	0.00771	0.00568	0.00771	0.00487	0.00649	0.00365	0.00203	0.00284	0.00081	0.00406	0.00284	0.00122	0.00325
12	0.00349	0.00233	0.00263	0.00264	0.00264	0.00233	0.00147	0.00350	0.00352	0.00469	0.00768	0.03150	0.00887	0.89951	0.01209	0.00231	0.00232	0.00356	0.00147	0.00147
13	0.00350	0.00234	0.00264	0.00264	0.00266	0.00233	0.00148	0.00353	0.00360	0.00482	0.03589	0.01582	0.00919	0.88652	0.01195	0.00228	0.00229	0.00353	0.00150	0.00148
14	0.00418	0.00209	0.00313	0.00313	0.00313	0.00209	0.00209	0.00313	0.00313	0.00418	0.00418	0.00731	0.00418	0.00836	0.00940	0.92999	0.00209	0.00209	0.00104	0.00104
15	0.00580	0.00424	0.00484	0.00436	0.00533	0.00450	0.00332	0.41421	0.00771	0.01031	0.00980	0.49421	0.01045	0.00539	0.00276	0.00086	0.00197	0.00468	0.00231	0.00294
16	0.00449	0.00224	0.00224	0.00224	0.00280	0.00224	0.00168	0.00561	0.00505	0.00897	0.00785	0.00897	0.00617	0.00280	0.00168	0.00056	0.00112	0.00224	0.92879	0.00224
17	0.00294	0.00210	0.00279	0.00334	0.00348	0.00196	0.00222	0.00335	0.00459	0.00612	0.01317	0.89919	0.01580	0.02238	0.00322	0.00100	0.00141	0.00679	0.00222	0.00195
18	0.00342	0.00234	0.00272	0.00280	0.00289	0.00230	0.00168	0.01237	0.00396	0.00527	0.03665	0.19138	0.03922	0.67169	0.00976	0.00195	0.00208	0.00422	0.00168	0.00162
19	0.00313	0.00218	0.00273	0.00310	0.00319	0.00208	0.00197	0.00340	0.00423	0.00563	0.01131	0.60514	0.01345	0.31962	0.00623	0.00144	0.00172	0.00569	0.00197	0.00178
20	0.00373	0.00251	0.00282	0.00277	0.00286	0.00253	0.00162	0.04095	0.00390	0.00524	0.00773	0.04918	0.00878	0.82664	0.01130	0.00218	0.00229	0.00355	0.01782	0.00160
21	0.00608	0.00503	0.00534	0.00474	0.00609	0.00571	0.00370	0.09814	0.70869	0.02557	0.01044	0.03829	0.06437	0.00354	0.00249	0.00081	0.00192	0.00294	0.00243	0.00367
22	0.00350	0.00234	0.00268	0.00268	0.00270	0.00236	0.00153	0.00354	0.00352	0.00471	0.00753	0.01546	0.00862	0.87466	0.05285	0.00240	0.00252	0.00346	0.00145	0.00149
23	0.00344	0.00258	0.00387	0.00387	0.00430	0.00301	0.00301	0.00430	0.00387	0.00559	0.00645	0.00945	0.00602	0.01805	0.90590	0.00387	0.00645	0.00258	0.00129	0.00215
24	0.00288	0.00244	0.00249	0.00249	0.00329	0.00205	0.00188	0.00352	0.00554	0.00664	0.06102	0.02300	0.84869	0.00605	0.00285	0.00081	0.00123	0.01880	0.00225	0.00204
25	0.00575	0.00369	0.00466	0.00412	0.04593	0.00312	0.00296	0.02623	0.00534	0.19688	0.00793	0.19535	0.02117	0.09269	0.00327	0.00079	0.00187	0.00307	0.00195	0.37323
26	0.00290	0.00240	0.00248	0.00253	0.00322	0.00205	0.00183	0.00345	0.00527	0.00634	0.02222	0.09569	0.76091	0.07364	0.00356	0.00094	0.00132	0.00511	0.00218	0.00198
27	0.00429	0.00225	0.00239	0.00241	0.00288	0.00226	0.00175	0.00522	0.00480	0.00823	0.00788	0.04580	0.00670	0.07722	0.03736	0.03036	0.00146	0.00254	0.75207	0.00213
28	0.00899	0.01147	0.00682	0.00620	0.00744	0.90577	0.00465	0.00961	0.00682	0.00589	0.00372	0.00434	0.00310	0.00248	0.00217	0.00062	0.00434	0.00155	0.00124	0.00279
29	0.00688	0.76024	0.01161	0.00448	0.00639	0.16458	0.00421	0.00762	0.00522	0.00570	0.00341	0.00394	0.00309	0.00213	0.00165	0.00053	0.00288	0.00133	0.00107	0.00304
30	0.66586	0.00556	0.00454	0.13658	0.00680	0.13257	0.00349	0.00730	0.00458	0.00942	0.00354	0.00434	0.00276	0.00229	0.00172	0.00074	0.00241	0.00146	0.00139	0.00264
31	0.00683	0.74785	0.01149	0.00447	0.00637	0.16449	0.00419	0.00758	0.00521	0.00570	0.00345	0.00402	0.00313	0.00235	0.01390	0.00058	0.00293	0.00135	0.00107	0.00302
32	0.93243	0.00465	0.00354	0.00316	0.00465	0.00540	0.00261	0.00707	0.00410	0.01080	0.00335	0.00391	0.00261	0.00223	0.00149	0.00074	0.00186	0.00130	0.00149	0.00261
33	0.00325	0.00243	0.00301	0.00291	0.00351	0.00220	0.00217	0.00421	0.00636	0.00870	0.64135	0.07694	0.22339	0.00536	0.00285	0.00078	0.00117	0.00468	0.00253	0.00220
34	0.00293	0.00209	0.00279	0.00335	0.00349	0.00195	0.00223	0.00335	0.00461	0.00614	0.01326	0.91386	0.01592	0.00754	0.00307	0.00098	0.00140	0.00684	0.00223	0.00195
35	0.93243	0.00465	0.00354	0.00316	0.00465	0.00540	0.00261	0.00707	0.00410	0.01080	0.00335	0.00391	0.00261	0.00223	0.00149	0.00074	0.00186	0.00130	0.00149	0.00261
36	0.00284	0.00244	0.00244	0.00244	0.00325	0.00203	0.00183	0.00345	0.00548	0.00650	0.02438	0.02316	0.89945	0.00609	0.00284	0.00081	0.00122	0.00508	0.00223	0.00203
37	0.05110	0.00665	0.00705	0.00543	0.00733	0.00737	0.00448	0.85217	0.01099	0.01497	0.00567	0.00569	0.00402	0.00286	0.00237	0.00072	0.00261	0.00213	0.00237	0.00402
38	0.00454	0.00428	0.00722	0.90965	0.01657	0.00535	0.00668	0.00615	0.00481	0.00615	0.00428	0.00642	0.00321	0.00241	0.00241	0.00080	0.00321	0.00214	0.00107	0.00267
39	0.00284	0.00244	0.00244	0.00244	0.00325	0.00203	0.00183	0.00345	0.00548	0.00650	0.02438	0.02316	0.89945	0.00609	0.00284	0.00081	0.00122	0.00508	0.00223	0.00203
40	0.00293	0.00209	0.00279	0.00335	0.00349	0.00195	0.00223	0.00335	0.00461	0.00614	0.01326	0.91386	0.01592	0.00754	0.00307	0.00098	0.00140	0.00684	0.00223	0.00195
41	0.00596	0.00572	0.00977	0.01477	0.90042	0.00572	0.00738	0.00738	0.00548	0.00786	0.00453	0.00596	0.00381	0.00214	0.00238	0.00071	0.00286	0.00214	0.00119	0.00381
42	0.00293	0.00209	0.00279	0.00335	0.00349	0.00195	0.00223	0.00335	0.00461	0.00614	0.01326	0.91386	0.01592	0.00754	0.00307	0.00098	0.00140	0.00684	0.00223	0.00195
43	0.00454	0.00428	0.00722	0.90965	0.01657	0.00535	0.00668	0.00615	0.00481	0.00615	0.00428	0.00642	0.00321	0.00241	0.00241	0.00080	0.00321	0.00214	0.00107	0.00267
44	0.00894	0.01117	0.00689	0.00632	0.02281	0.85247	0.00469	0.04673	0.00699	0.00631	0.00382	0.00443	0.00315	0.00249	0.00218	0.00063	0.00424	0.00159	0.00129	0.00286
45	0.00557	0.00630	0.01366	0.00991	0.02311	0.00591	0.84337	0.00752	0.00563	0.00764	0.00522	0.04468	0.00417	0.00226	0.00284	0.00082	0.00393	0.00300	0.00126	0.00320
46	0.00293	0.00209	0.00279	0.00335	0.00349	0.00195	0.00223	0.00335	0.00461	0.00614	0.01326	0.91386	0.01592	0.00754	0.00307	0.00098	0.00140	0.00684	0.00223	0.00195
47	0.00310	0.00223	0.00294	0.00322	0.00353	0.00207	0.00224	0.00379	0.00543	0.00744	0.33878	0.57153	0.03161	0.00656	0.00298	0.00089	0.00130	0.00590	0.00239	0.00207
48	0.00915	0.00674	0.00722	0.00554	0.00746	0.00746	0.00457	0.89240	0.01131	0.01517	0.00578	0.00578	0.00409	0.00289	0.00241	0.00072	0.00265	0.00217	0.00241	0.00409
49	0.00574	0.01427	0.00787	0.01582	0.00705	0.11602	0.07749	0.00641	0.00425	0.00596	0.00341	0.00529	0.00322	0.00391	0.01475	0.00100	0.70165	0.00210	0.00109	0.00270

[dist]
# distance from previous block
# <min> <max>
0	2

[block]
# block no. 1 follows, 125 sequences, length 7
# corresponding to MSA columns:
# 107-113
name=unknown_B
#
# <colnr> <probs for GDERKNQSTAVLIFYWHMCP>
#	G	D	E	R	K	N	Q	S	T	A	V	L	I	F	Y	W	H	M	C	P
0	0.00466	0.00450	0.00791	0.82087	0.01618	0.00542	0.09403	0.00630	0.00490	0.00630	0.00434	0.00642	0.00325	0.00237	0.00245	0.00080	0.00329	0.00221	0.00108	0.00273
1	0.62457	0.00638	0.20280	0.06058	0.00675	0.00547	0.00431	0.00741	0.04753	0.00977	0.00393	0.00457	0.00297	0.00231	0.00177	0.00076	0.00232	0.00153	0.00140	0.00288
2	0.06488	0.00955	0.00710	0.00758	0.17857	0.62128	0.00500	0.00923	0.06225	0.00683	0.00423	0.00491	0.00347	0.00245	0.00219	0.00066	0.00375	0.00172	0.00132	0.00304
3	0.00702	0.03880	0.06266	0.00866	0.29963	0.36756	0.00558	0.00873	0.10122	0.00716	0.00475	0.00555	0.00388	0.00278	0.02451	0.00075	0.00343	0.00189	0.00134	0.04411
4	0.00303	0.00255	0.00269	0.00269	0.00348	0.00225	0.00204	0.00390	0.03494	0.00668	0.04940	0.02183	0.76047	0.00670	0.05734	0.00100	0.00159	0.03309	0.00220	0.00211
5	0.02566	0.00425	0.00716	0.59374	0.01314	0.00497	0.09427	0.00591	0.00470	0.00632	0.00480	0.06108	0.00409	0.00318	0.00323	0.07181	0.04468	0.00244	0.00118	0.04340
6	0.00841	0.00648	0.00700	0.10005	0.00820	0.04331	0.00466	0.72440	0.01010	0.01338	0.00562	0.00623	0.00417	0.04345	0.00284	0.00080	0.00276	0.00220	0.00218	0.00377

[dist]
# distance from previous block
# <min> <max>
0	6

[block]
# block no. 2 follows, 125 sequences, length 28
# corresponding to MSA columns:
# 122-149
name=unknown_C
#
# <colnr> <probs for GDERKNQSTAVLIFYWHMCP>
#	G	D	E	R	K	N	Q	S	T	A	V	L	I	F	Y	W	H	M	C	P
0	0.00733	0.07197	0.04985	0.00882	0.30926	0.45610	0.00560	0.00832	0.00605	0.00661	0.00455	0.00558	0.02386	0.02318	0.00245	0.00069	0.00356	0.00187	0.00123	0.00314
1	0.01659	0.00666	0.00713	0.01888	0.09704	0.08110	0.00472	0.63275	0.01920	0.01280	0.00552	0.00591	0.00410	0.00344	0.04347	0.00085	0.00294	0.00212	0.01656	0.01820
2	0.00307	0.00214	0.00283	0.00336	0.00355	0.00202	0.00231	0.00357	0.00469	0.00636	0.01294	0.80954	0.01526	0.00723	0.00301	0.00096	0.00143	0.06163	0.05210	0.00199
3	0.00512	0.01174	0.79517	0.00701	0.01040	0.00572	0.06785	0.05524	0.00546	0.00803	0.00443	0.00521	0.00314	0.00230	0.00233	0.00076	0.00354	0.00187	0.00110	0.00356
4	0.00626	0.73968	0.15606	0.00462	0.00690	0.02431	0.00490	0.02255	0.00506	0.00614	0.00355	0.00410	0.00310	0.00212	0.00169	0.00056	0.00276	0.00139	0.00105	0.00318
5	0.00291	0.00241	0.00255	0.00258	0.00331	0.00205	0.00191	0.00355	0.00554	0.00678	0.11124	0.10628	0.72837	0.00611	0.00286	0.00082	0.00123	0.00517	0.00228	0.00205
6	0.00486	0.00353	0.00413	0.00394	0.00463	0.00364	0.00288	0.26777	0.00652	0.00873	0.01045	0.55823	0.01164	0.07959	0.00360	0.00100	0.00185	0.00510	0.00221	0.01570
7	0.00455	0.00422	0.00665	0.64874	0.08303	0.00500	0.00588	0.00643	0.07736	0.00665	0.00735	0.00876	0.11969	0.00293	0.00246	0.00080	0.00282	0.00257	0.00134	0.00277
8	0.00596	0.00572	0.00977	0.01477	0.90042	0.00572	0.00738	0.00738	0.00548	0.00786	0.00453	0.00596	0.00381	0.00214	0.00238	0.00071	0.00286	0.00214	0.00119	0.00381
9	0.85742	0.00482	0.00384	0.00336	0.00488	0.00557	0.00277	0.07900	0.00468	0.01115	0.00355	0.00406	0.00273	0.00229	0.00156	0.00074	0.00193	0.00137	0.00156	0.00273
10	0.00344	0.00231	0.00264	0.00270	0.00271	0.00230	0.00154	0.00348	0.00361	0.00481	0.00815	0.10493	0.00946	0.82528	0.01134	0.00220	0.00224	0.00383	0.00154	0.00151
11	0.02464	0.00654	0.00761	0.07057	0.00836	0.03527	0.07670	0.68506	0.00987	0.01322	0.00551	0.00603	0.00404	0.02394	0.00270	0.00077	0.01107	0.00221	0.00213	0.00378
12	0.00598	0.00505	0.00531	0.00477	0.00610	0.00582	0.00371	0.03280	0.82760	0.01013	0.00960	0.00890	0.00721	0.00323	0.00241	0.00080	0.00188	0.00268	0.05230	0.00373
13	0.93243	0.00465	0.00354	0.00316	0.00465	0.00540	0.00261	0.00707	0.00410	0.01080	0.00335	0.00391	0.00261	0.00223	0.00149	0.00074	0.00186	0.00130	0.00149	0.00261
14	0.00328	0.00236	0.00310	0.00311	0.00357	0.00219	0.00226	0.00422	0.00622	0.00872	0.66318	0.25661	0.02090	0.00562	0.00290	0.00082	0.00120	0.00501	0.00254	0.00219
15	0.00886	0.00647	0.00692	0.00534	0.00718	0.00714	0.00440	0.83845	0.01093	0.01479	0.00590	0.00597	0.00422	0.00288	0.00236	0.00071	0.00256	0.00217	0.05877	0.00398
16	0.00344	0.00258	0.00387	0.00387	0.00430	0.00301	0.00301	0.00430	0.00387	0.00559	0.00645	0.00945	0.00602	0.01805	0.90590	0.00387	0.00645	0.00258	0.00129	0.00215
17	0.00384	0.00275	0.00384	0.00439	0.00493	0.00274	0.00382	0.00493	0.00551	0.00716	0.01276	0.05829	0.01392	0.00668	0.00331	0.00110	0.00219	0.85341	0.00222	0.00221
18	0.00438	0.05443	0.00517	0.00493	0.07752	0.00404	0.00358	0.09396	0.00480	0.00674	0.00605	0.00849	0.00548	0.01434	0.69108	0.00311	0.00556	0.00243	0.00138	0.00253
19	0.00924	0.00695	0.00708	0.00551	0.00737	0.08018	0.00451	0.76204	0.01065	0.07346	0.00586	0.00582	0.00414	0.00286	0.00239	0.00072	0.00275	0.00213	0.00235	0.00399
20	0.00809	0.00618	0.00659	0.00528	0.00701	0.00692	0.00429	0.60613	0.28327	0.01349	0.00705	0.00682	0.00513	0.00300	0.00241	0.00075	0.00239	0.00234	0.01891	0.00397
21	0.00300	0.00212	0.00277	0.00326	0.00338	0.00200	0.00214	0.00337	0.00447	0.00596	0.01255	0.80092	0.01501	0.12171	0.00423	0.00115	0.00151	0.00642	0.00214	0.00189
22	0.00399	0.00275	0.00315	0.00313	0.02040	0.00280	0.00187	0.07702	0.00423	0.00566	0.00763	0.05561	0.00859	0.78107	0.01083	0.00211	0.00233	0.00352	0.00157	0.00174
23	0.00509	0.01210	0.84847	0.00678	0.01024	0.00570	0.00863	0.06145	0.00546	0.00808	0.00441	0.00512	0.00311	0.00232	0.00229	0.00076	0.00350	0.00180	0.00110	0.00359
24	0.00341	0.00246	0.00322	0.00303	0.00359	0.00227	0.00227	0.00454	0.00681	0.00965	0.89915	0.01797	0.02270	0.00492	0.00284	0.00076	0.00114	0.00435	0.00265	0.00227
25	0.08415	0.00657	0.00692	0.00534	0.00723	0.00729	0.00441	0.82048	0.01073	0.01481	0.00558	0.00563	0.00397	0.00284	0.00233	0.00072	0.00258	0.00210	0.00233	0.00397
26	0.00564	0.00682	0.06807	0.01015	0.05327	0.00604	0.79732	0.00769	0.00563	0.00771	0.00482	0.00638	0.00362	0.00205	0.00279	0.00080	0.00397	0.00274	0.00120	0.00329
27	0.00418	0.00209	0.00313	0.00313	0.00313	0.00209	0.00209	0.00313	0.00313	0.00418	0.00418	0.00731	0.00418	0.00836	0.00940	0.92999	0.00209	0.00209	0.00104	0.00104

[dist]
# distance from previous block
# <min> <max>
12	18

[block]
# block no. 3 follows, 125 sequences, length 26
# corresponding to MSA columns:
# 174-199
name=unknown_D
#
# <colnr> <probs for GDERKNQSTAVLIFYWHMCP>
#	G	D	E	R	K	N	Q	S	T	A	V	L	I	F	Y	W	H	M	C	P
0	0.00342	0.00242	0.00313	0.00340	0.00364	0.00242	0.00232	0.04478	0.00459	0.00619	0.01077	0.57304	0.01248	0.15607	0.13082	0.02891	0.00233	0.00535	0.00195	0.00197
1	0.00333	0.00262	0.00277	0.00272	0.00336	0.00238	0.00193	0.05148	0.00529	0.00654	0.01878	0.09562	0.58279	0.20397	0.00489	0.00115	0.00155	0.00473	0.00207	0.00201
2	0.00850	0.00611	0.00653	0.00508	0.00681	0.00673	0.00417	0.76853	0.01044	0.01430	0.00607	0.00622	0.00438	0.00288	0.00231	0.00070	0.00243	0.00218	0.13181	0.00383
3	0.00581	0.06791	0.00429	0.00326	0.00429	0.00415	0.00263	0.22160	0.03543	0.01028	0.00709	0.00783	0.00548	0.00279	0.00187	0.00060	0.00162	0.00217	0.60810	0.00280
4	0.00350	0.00233	0.00262	0.00262	0.00262	0.00233	0.00146	0.00350	0.00350	0.00467	0.00758	0.01575	0.00875	0.91543	0.01225	0.00233	0.00233	0.00350	0.00146	0.00146
5	0.93243	0.00465	0.00354	0.00316	0.00465	0.00540	0.00261	0.00707	0.00410	0.01080	0.00335	0.00391	0.00261	0.00223	0.00149	0.00074	0.00186	0.00130	0.00149	0.00261
6	0.00483	0.01245	0.90297	0.00686	0.01041	0.00559	0.00889	0.00762	0.00508	0.00762	0.00432	0.00508	0.00305	0.00229	0.00229	0.00076	0.00356	0.00178	0.00102	0.00356
7	0.00299	0.00247	0.00266	0.00277	0.00351	0.00213	0.00214	0.00366	0.00544	0.00658	0.02214	0.07265	0.72721	0.00625	0.00292	0.00086	0.00137	0.12798	0.00223	0.00205
8	0.00887	0.00655	0.00701	0.00540	0.00727	0.00722	0.00445	0.85264	0.01105	0.01478	0.00661	0.00655	0.04414	0.00303	0.00243	0.00073	0.00258	0.00230	0.00240	0.00400
9	0.64600	0.00450	0.00404	0.00345	0.00497	0.00495	0.00283	0.05570	0.00508	0.18172	0.00495	0.00516	0.00356	0.00245	0.00173	0.00073	0.00189	0.00162	0.06171	0.00295
10	0.13781	0.00622	0.00649	0.00510	0.00688	0.00690	0.00418	0.72532	0.00998	0.01411	0.00580	0.04986	0.00446	0.00302	0.00231	0.00074	0.00248	0.00227	0.00227	0.00378
11	0.12627	0.00547	0.13185	0.66466	0.01415	0.00539	0.00646	0.00648	0.00476	0.00696	0.00416	0.00590	0.00311	0.00237	0.00227	0.00079	0.00308	0.00198	0.00112	0.00279
12	0.60432	0.00511	0.05924	0.13059	0.00730	0.00527	0.07291	0.00712	0.00459	0.04488	0.03653	0.00521	0.00366	0.00237	0.00186	0.00076	0.00230	0.00172	0.00148	0.00277
13	0.00361	0.00267	0.00351	0.00391	0.00452	0.00257	0.00333	0.00459	0.00555	0.00710	0.04411	0.04461	0.21517	0.00648	0.00319	0.00103	0.00194	0.63772	0.00223	0.00217
14	0.00495	0.01161	0.77882	0.00732	0.01072	0.00566	0.13220	0.00763	0.00516	0.00763	0.00440	0.00528	0.00313	0.00225	0.00236	0.00077	0.00363	0.00193	0.00104	0.00351
15	0.04625	0.00561	0.13242	0.55589	0.16407	0.00531	0.00674	0.00650	0.00496	0.00687	0.00508	0.00670	0.03866	0.00248	0.00236	0.00078	0.00306	0.00217	0.00115	0.00296
16	0.00710	0.00847	0.00697	0.00648	0.05527	0.51780	0.06704	0.00783	0.00590	0.00617	0.00592	0.07694	0.06588	0.00335	0.00326	0.00075	0.14835	0.00242	0.00135	0.00273
17	0.00293	0.00242	0.00259	0.00270	0.00337	0.00210	0.00197	0.00364	0.02496	0.00650	0.02146	0.23057	0.67368	0.00637	0.00289	0.00085	0.00128	0.00544	0.00224	0.00205
18	0.00314	0.00221	0.00275	0.00309	0.00324	0.00209	0.00198	0.00344	0.00430	0.00571	0.01178	0.58227	0.04838	0.29461	0.00595	0.00139	0.00169	0.00564	0.00198	0.01437
19	0.00351	0.02564	0.00409	0.00387	0.00434	0.00317	0.00304	0.00437	0.00389	0.00559	0.00637	0.00931	0.00594	0.01764	0.88308	0.00378	0.00635	0.00255	0.00128	0.00217
20	0.00363	0.00307	0.00348	0.00379	0.00401	0.06492	0.00265	0.00417	0.01942	0.00610	0.01144	0.69914	0.01346	0.05658	0.00388	0.00103	0.07261	0.02251	0.00203	0.00207
21	0.00290	0.00239	0.00255	0.00262	0.00331	0.00204	0.00192	0.00352	0.00546	0.00669	0.09093	0.15598	0.69893	0.00622	0.00288	0.00083	0.00124	0.00529	0.00227	0.00204
22	0.00758	0.00524	0.00598	0.00507	0.02331	0.00561	0.00401	0.54899	0.00901	0.09274	0.00813	0.18931	0.00738	0.00411	0.00261	0.00081	0.00231	0.07190	0.00239	0.00351
23	0.00609	0.00575	0.04831	0.01149	0.61737	0.05369	0.00629	0.00746	0.00583	0.07772	0.12982	0.00768	0.00655	0.00262	0.00243	0.00072	0.00267	0.00243	0.00153	0.00355
24	0.00801	0.00614	0.00692	0.00590	0.07670	0.00655	0.00446	0.62654	0.06937	0.01309	0.00586	0.02008	0.00440	0.00277	0.00233	0.00068	0.00247	0.00217	0.00218	0.13337
25	0.00814	0.00600	0.00653	0.00514	0.00681	0.00659	0.00419	0.74023	0.01028	0.01381	0.06268	0.03849	0.02349	0.01477	0.04068	0.00089	0.00264	0.00256	0.00235	0.00375

[dist]
# distance from previous block
# <min> <max>
8	16

[block]
# block no. 4 follows, 125 sequences, length 18
# corresponding to MSA columns:
# 223-240
name=unknown_E
#
# <colnr> <probs for GDERKNQSTAVLIFYWHMCP>
#	G	D	E	R	K	N	Q	S	T	A	V	L	I	F	Y	W	H	M	C	P
0	0.00649	0.00538	0.00550	0.00482	0.00628	0.05910	0.00376	0.01199	0.69983	0.08479	0.00898	0.00833	0.00669	0.00308	0.00238	0.00076	0.00205	0.00253	0.00234	0.07491
1	0.05025	0.00253	0.00249	0.00241	0.00306	0.00259	0.00183	0.03812	0.00523	0.00929	0.00755	0.00861	0.00592	0.00278	0.00170	0.00058	0.00121	0.00219	0.84934	0.00233
2	0.03514	0.00443	0.00671	0.53230	0.09796	0.00516	0.00563	0.12256	0.00569	0.00771	0.06465	0.00707	0.00476	0.00315	0.00304	0.08479	0.00282	0.00226	0.00137	0.00279
3	0.00841	0.01045	0.00713	0.00698	0.08809	0.75175	0.00495	0.00910	0.00644	0.00606	0.00375	0.00456	0.00317	0.00259	0.00265	0.00066	0.07752	0.00165	0.00122	0.00287
4	0.00644	0.57505	0.17886	0.00518	0.03269	0.06380	0.00516	0.07896	0.00556	0.00687	0.00384	0.00443	0.00324	0.00248	0.01792	0.00065	0.00295	0.00151	0.00116	0.00324
5	0.00289	0.00244	0.00257	0.00258	0.00334	0.00211	0.00194	0.00352	0.00532	0.00641	0.02254	0.05300	0.79651	0.00711	0.07587	0.00107	0.00165	0.00494	0.00216	0.00204
6	0.00398	0.00291	0.00393	0.00438	0.00500	0.00295	0.00379	0.00546	0.06389	0.00746	0.04136	0.02559	0.02831	0.00636	0.00324	0.00107	0.00214	0.78360	0.00225	0.00232
7	0.00303	0.00219	0.00289	0.00336	0.00359	0.00201	0.00226	0.00348	0.00462	0.00622	0.01285	0.87202	0.01535	0.00727	0.00301	0.00095	0.00141	0.00659	0.00220	0.04469
8	0.00319	0.00269	0.00281	0.00282	0.00363	0.00243	0.00215	0.00438	0.08597	0.00685	0.02187	0.06349	0.72632	0.00594	0.00285	0.00084	0.00135	0.05599	0.00225	0.00220
9	0.00504	0.00493	0.00694	0.00601	0.00607	0.00683	0.00499	0.00561	0.00371	0.00577	0.00357	0.00578	0.00351	0.00592	0.11897	0.00140	0.79914	0.00216	0.00108	0.00257
10	0.00380	0.00252	0.00327	0.00308	0.00367	0.00232	0.00228	0.00479	0.00644	0.06177	0.70759	0.07772	0.05095	0.05507	0.00335	0.00086	0.00128	0.00438	0.00256	0.00230
11	0.00420	0.00340	0.00410	0.00349	0.00478	0.00276	0.00262	0.02169	0.00507	0.00745	0.06093	0.34731	0.00935	0.00415	0.00234	0.00062	0.00161	0.00365	0.00182	0.50865
12	0.00530	0.00524	0.00715	0.12678	0.00768	0.05078	0.03602	0.00608	0.00417	0.00617	0.00377	0.00572	0.00342	0.00370	0.00620	0.00095	0.64004	0.00212	0.07608	0.00264
13	0.80437	0.00462	0.00372	0.00328	0.00474	0.00528	0.00269	0.06191	0.00471	0.01089	0.04538	0.00525	0.03051	0.00251	0.00165	0.00075	0.00186	0.00161	0.00162	0.00267
14	0.00565	0.00641	0.01374	0.00988	0.01216	0.00617	0.83206	0.00758	0.00555	0.00758	0.00475	0.00641	0.00362	0.00218	0.00318	0.00083	0.06506	0.00279	0.00121	0.00320
15	0.63099	0.00565	0.14089	0.04278	0.03713	0.00512	0.00384	0.00681	0.00449	0.00969	0.02974	0.00595	0.06362	0.00258	0.00181	0.00075	0.00215	0.00178	0.00147	0.00275
16	0.01840	0.00584	0.00631	0.10676	0.00771	0.04678	0.00430	0.56352	0.00917	0.04314	0.00872	0.00874	0.15324	0.00335	0.00246	0.00074	0.00252	0.00262	0.00218	0.00351
17	0.06971	0.00280	0.00282	0.00271	0.00357	0.00256	0.00205	0.04721	0.00571	0.00743	0.09246	0.03069	0.68333	0.03277	0.00301	0.00085	0.00136	0.00458	0.00220	0.00217

[dist]
# distance from previous block
# <min> <max>
0	72

# created by:
# /share/home/app/bin/augustus-3.3.1/scripts/msa2prfl.pl /dev/shm/tmp/ogap_db/mt-Magnoliopsida/msas/atp8.aln --setname=atp8
