[name]
ccmB

[dist]
# distance from previous block
# <min> <max>
0	10

[block]
# block no. 0 follows, 128 sequences, length 115
# corresponding to MSA columns:
# 10-124
name=unknown_A
#
# <colnr> <probs for GDERKNQSTAVLIFYWHMCP>
#	G	D	E	R	K	N	Q	S	T	A	V	L	I	F	Y	W	H	M	C	P
0	0.00380	0.00271	0.00380	0.00434	0.00488	0.00271	0.00380	0.00488	0.00543	0.00706	0.01248	0.02659	0.01357	0.00651	0.00326	0.00109	0.00217	0.88657	0.00217	0.00217
1	0.00451	0.00425	0.00717	0.87639	0.05091	0.00525	0.00657	0.00607	0.00474	0.00609	0.00420	0.00627	0.00317	0.00235	0.00236	0.00078	0.00313	0.00210	0.00105	0.00266
2	0.03767	0.00420	0.00691	0.86407	0.01564	0.00521	0.00634	0.00605	0.00469	0.00621	0.00416	0.00617	0.00313	0.00234	0.00231	0.00078	0.00307	0.00205	0.00107	0.01791
3	0.00293	0.00211	0.00280	0.00328	0.00347	0.00195	0.00220	0.00337	0.00457	0.00613	0.03160	0.87512	0.01545	0.00720	0.00297	0.00094	0.00137	0.00653	0.00218	0.02384
4	0.00343	0.00229	0.00257	0.00257	0.00257	0.00229	0.00143	0.00343	0.00343	0.00457	0.00743	0.01543	0.00857	0.91715	0.01200	0.00229	0.00229	0.00343	0.00143	0.00143
5	0.00291	0.00207	0.00273	0.00324	0.00337	0.00194	0.00214	0.00329	0.00445	0.00593	0.01266	0.86226	0.01518	0.06130	0.00354	0.00104	0.00142	0.00651	0.00214	0.00189
6	0.00483	0.01153	0.82936	0.00648	0.00975	0.00540	0.00822	0.04174	0.00514	0.00762	0.00443	0.00548	0.00328	0.04353	0.00268	0.00081	0.00340	0.00183	0.00107	0.00341
7	0.00325	0.00264	0.00419	0.01258	0.01749	0.00248	0.10761	0.00387	0.00467	0.00623	0.01200	0.77209	0.02847	0.00660	0.00296	0.00093	0.00171	0.00610	0.00205	0.00210
8	0.00337	0.00247	0.00351	0.00351	0.00384	0.00279	0.00260	0.00403	0.00372	0.00528	0.00665	0.02362	0.00662	0.21458	0.69858	0.00342	0.00536	0.00278	0.00131	0.00195
9	0.00508	0.00510	0.00644	0.00566	0.00585	0.08103	0.00463	0.00567	0.00390	0.00564	0.00383	0.00597	0.00369	0.00690	0.20083	0.00159	0.64249	0.00212	0.00110	0.00249
10	0.00578	0.00555	0.00947	0.04957	0.86777	0.00559	0.00721	0.00719	0.00534	0.00764	0.00442	0.00585	0.00371	0.00211	0.00233	0.00070	0.00281	0.00210	0.00116	0.00369
11	0.00517	0.00583	0.04607	0.17589	0.07418	0.01738	0.53045	0.00689	0.00526	0.00709	0.00521	0.07802	0.00442	0.00256	0.00278	0.00080	0.02494	0.00284	0.00123	0.00301
12	0.00289	0.00247	0.00249	0.00248	0.00329	0.00212	0.00186	0.00369	0.03529	0.00648	0.02326	0.03400	0.85983	0.00590	0.00278	0.00080	0.00122	0.00492	0.00220	0.00205
13	0.00342	0.00228	0.00258	0.00259	0.00259	0.00228	0.00145	0.00342	0.00345	0.00461	0.00756	0.03682	0.00874	0.89553	0.01179	0.00225	0.00226	0.00351	0.00145	0.00144
14	0.02326	0.00461	0.00520	0.00388	0.00576	0.00407	0.00309	0.21143	0.00622	0.00920	0.00489	0.02709	0.00414	0.04945	0.00244	0.00055	0.00196	0.00179	0.00164	0.62932
15	0.00863	0.00632	0.00679	0.00525	0.00705	0.00699	0.00433	0.83489	0.01064	0.01436	0.00576	0.00588	0.00414	0.00324	0.02766	0.00079	0.00264	0.00214	0.03863	0.00389
16	0.00586	0.00506	0.00533	0.00480	0.00613	0.00586	0.00373	0.01253	0.89818	0.00986	0.00960	0.00880	0.00720	0.00320	0.00240	0.00080	0.00187	0.00267	0.00240	0.00373
17	0.00487	0.00416	0.00486	0.00350	0.00555	0.00315	0.00279	0.01308	0.00493	0.00770	0.00441	0.02621	0.00378	0.00189	0.00178	0.00037	0.00174	0.00153	0.00142	0.90228
18	0.00279	0.00239	0.00239	0.00239	0.00318	0.00199	0.00179	0.00338	0.00537	0.00637	0.02388	0.02269	0.90148	0.00597	0.00279	0.00080	0.00119	0.00498	0.00219	0.00199
19	0.00583	0.00503	0.00531	0.00475	0.00611	0.00576	0.00369	0.01227	0.86323	0.00978	0.00938	0.00864	0.00705	0.00314	0.00237	0.00078	0.00186	0.00262	0.00236	0.04003
20	0.00864	0.00636	0.00681	0.00527	0.00708	0.00705	0.00434	0.82029	0.05058	0.01440	0.00592	0.00592	0.00423	0.00284	0.00233	0.00071	0.00250	0.00215	0.03866	0.00393
21	0.00343	0.00229	0.00257	0.00257	0.00257	0.00229	0.00143	0.00343	0.00343	0.00457	0.00743	0.01543	0.00857	0.91715	0.01200	0.00229	0.00229	0.00343	0.00143	0.00143
22	0.00762	0.00557	0.00603	0.00478	0.00623	0.00612	0.00380	0.67921	0.00925	0.01241	0.00604	0.00778	0.00501	0.18824	0.04013	0.00115	0.00268	0.00240	0.00213	0.00341
23	0.00449	0.00354	0.00421	0.00363	0.00484	0.00310	0.00273	0.10876	0.00545	0.00780	0.00820	0.40168	0.00882	0.00433	0.00237	0.00066	0.00168	0.00379	0.00185	0.41808
24	0.00343	0.00229	0.00257	0.00257	0.00257	0.00229	0.00143	0.00343	0.00343	0.00457	0.00743	0.01543	0.00857	0.91715	0.01200	0.00229	0.00229	0.00343	0.00143	0.00143
25	0.00288	0.00206	0.00273	0.00327	0.00340	0.00192	0.00217	0.00329	0.00449	0.00599	0.01288	0.89654	0.01544	0.02666	0.00320	0.00099	0.00139	0.00663	0.00217	0.00190
26	0.00777	0.00571	0.00622	0.00499	0.00653	0.00626	0.00402	0.71948	0.00978	0.01310	0.00701	0.16961	0.00617	0.01870	0.00263	0.00078	0.00237	0.00297	0.00231	0.00359
27	0.00337	0.00253	0.00379	0.00379	0.00421	0.00295	0.00295	0.00421	0.00379	0.00547	0.00631	0.00926	0.00589	0.01768	0.90781	0.00379	0.00631	0.00253	0.00126	0.00210
28	0.00279	0.00239	0.00239	0.00239	0.00318	0.00199	0.00179	0.00338	0.00537	0.00637	0.02388	0.02269	0.90148	0.00597	0.00279	0.00080	0.00119	0.00498	0.00219	0.00199
29	0.00361	0.00246	0.00323	0.00302	0.00362	0.00227	0.00227	0.00470	0.00663	0.04438	0.84749	0.03626	0.02146	0.00480	0.00277	0.00075	0.00115	0.00424	0.00260	0.00229
30	0.00330	0.00240	0.00311	0.00294	0.00350	0.00221	0.00220	0.00438	0.00658	0.00926	0.84641	0.02747	0.06756	0.00491	0.00278	0.00075	0.00112	0.00433	0.00257	0.00221
31	0.00586	0.00506	0.00533	0.00480	0.00613	0.00586	0.00373	0.01253	0.89818	0.00986	0.00960	0.00880	0.00720	0.00320	0.00240	0.00080	0.00187	0.00267	0.00240	0.00373
32	0.00489	0.00419	0.00489	0.00349	0.00559	0.00314	0.00279	0.00594	0.00489	0.00768	0.00419	0.00489	0.00349	0.00175	0.00175	0.00035	0.00175	0.00140	0.00140	0.93156
33	0.00315	0.00226	0.00293	0.00338	0.00359	0.00216	0.00229	0.04348	0.00481	0.00642	0.01266	0.87457	0.01507	0.00718	0.00298	0.00095	0.00142	0.00650	0.00220	0.00201
34	0.00358	0.00263	0.00350	0.00395	0.00452	0.00255	0.00338	0.00455	0.00538	0.00689	0.01449	0.06601	0.16860	0.00646	0.00316	0.00103	0.00196	0.69305	0.00217	0.00213
35	0.00285	0.00212	0.00266	0.00309	0.00337	0.00193	0.00210	0.00330	0.00470	0.00609	0.01531	0.72600	0.20371	0.00709	0.00296	0.00092	0.00133	0.00634	0.00219	0.00193
36	0.93380	0.00456	0.00347	0.00310	0.00456	0.00529	0.00255	0.00693	0.00401	0.01058	0.00328	0.00383	0.00255	0.00219	0.00146	0.00073	0.00182	0.00128	0.00146	0.00255
37	0.00343	0.00229	0.00257	0.00257	0.00257	0.00229	0.00143	0.00343	0.00343	0.00457	0.00743	0.01543	0.00857	0.91715	0.01200	0.00229	0.00229	0.00343	0.00143	0.00143
38	0.00473	0.01219	0.90493	0.00672	0.01020	0.00548	0.00871	0.00747	0.00498	0.00747	0.00423	0.00498	0.00299	0.00224	0.00224	0.00075	0.00348	0.00174	0.00100	0.00348
39	0.00598	0.00552	0.00939	0.02729	0.85738	0.00552	0.00709	0.00737	0.00541	0.03971	0.00460	0.00592	0.00380	0.00213	0.00234	0.00070	0.00278	0.00211	0.00123	0.00373
40	0.00629	0.85061	0.01193	0.00417	0.00607	0.03036	0.00408	0.00703	0.00478	0.00556	0.00331	0.00390	0.00305	0.00226	0.01013	0.00056	0.04060	0.00131	0.00102	0.00299
41	0.00342	0.00228	0.00257	0.00258	0.00258	0.00228	0.00144	0.00343	0.00344	0.00459	0.00749	0.02550	0.00865	0.90697	0.01190	0.00227	0.00228	0.00347	0.00144	0.00143
42	0.00781	0.00574	0.00625	0.00502	0.00658	0.00629	0.00405	0.72608	0.00984	0.01319	0.00705	0.17769	0.00620	0.00369	0.00248	0.00075	0.00236	0.00299	0.00233	0.00361
43	0.00439	0.00220	0.00220	0.00220	0.00275	0.00220	0.00165	0.00549	0.00494	0.00879	0.00769	0.00879	0.00604	0.00275	0.00165	0.00055	0.00110	0.00220	0.93024	0.00220
44	0.00508	0.00504	0.00707	0.00608	0.00610	0.00703	0.00506	0.00561	0.00362	0.00566	0.00324	0.00534	0.00322	0.00473	0.04767	0.00115	0.87261	0.00208	0.00104	0.00256
45	0.00752	0.00548	0.00590	0.00468	0.00608	0.00601	0.00369	0.66303	0.00910	0.01219	0.00612	0.00820	0.00519	0.24040	0.00486	0.00112	0.00251	0.00246	0.00212	0.00334
46	0.00518	0.00521	0.00709	0.00610	0.00614	0.02833	0.00506	0.00571	0.00369	0.00567	0.00322	0.00528	0.00319	0.00457	0.03977	0.00112	0.85899	0.00207	0.00104	0.00257
47	0.00287	0.00205	0.00274	0.00328	0.00342	0.00191	0.00219	0.00328	0.00451	0.00602	0.01299	0.91561	0.01559	0.00739	0.00301	0.00096	0.00137	0.00670	0.00219	0.00191
48	0.93380	0.00456	0.00347	0.00310	0.00456	0.00529	0.00255	0.00693	0.00401	0.01058	0.00328	0.00383	0.00255	0.00219	0.00146	0.00073	0.00182	0.00128	0.00146	0.00255
49	0.00476	0.00387	0.00453	0.00360	0.00517	0.00323	0.00278	0.08911	0.00535	0.00789	0.00647	0.21924	0.00650	0.02475	0.00234	0.00057	0.00175	0.00276	0.00167	0.60363
50	0.00279	0.00239	0.00239	0.00239	0.00318	0.00199	0.00179	0.00338	0.00537	0.00637	0.02388	0.02269	0.90148	0.00597	0.00279	0.00080	0.00119	0.00498	0.00219	0.00199
51	0.00438	0.00378	0.00631	0.73872	0.01373	0.00463	0.00569	0.00546	0.00440	0.00566	0.00417	0.00645	0.00332	0.00347	0.00366	0.17777	0.00293	0.00209	0.00104	0.00232
52	0.00279	0.00239	0.00239	0.00239	0.00318	0.00199	0.00179	0.00338	0.00537	0.00637	0.02388	0.02269	0.90148	0.00597	0.00279	0.00080	0.00119	0.00498	0.00219	0.00199
53	0.00574	0.00469	0.00534	0.00389	0.00595	0.00401	0.00315	0.19106	0.00618	0.00918	0.00450	0.00505	0.00360	0.00197	0.00187	0.00042	0.00192	0.00155	0.00160	0.73833
54	0.00470	0.00379	0.00446	0.00363	0.00511	0.00321	0.00279	0.09955	0.00543	0.00794	0.00704	0.28368	0.00725	0.00359	0.00220	0.00057	0.00172	0.00310	0.00174	0.54850
55	0.00287	0.00205	0.00274	0.00328	0.00342	0.00191	0.00219	0.00328	0.00451	0.00602	0.01299	0.91561	0.01559	0.00739	0.00301	0.00096	0.00137	0.00670	0.00219	0.00191
56	0.00343	0.00229	0.00257	0.00257	0.00257	0.00229	0.00143	0.00343	0.00343	0.00457	0.00743	0.01543	0.00857	0.91715	0.01200	0.00229	0.00229	0.00343	0.00143	0.00143
57	0.00631	0.00503	0.00565	0.00417	0.00619	0.00460	0.00338	0.31641	0.00705	0.01019	0.00470	0.00516	0.00367	0.00212	0.00196	0.00047	0.00204	0.00165	0.00173	0.60750
58	0.00343	0.00229	0.00257	0.00257	0.00257	0.00229	0.00143	0.00343	0.00343	0.00457	0.00743	0.01543	0.00857	0.91715	0.01200	0.00229	0.00229	0.00343	0.00143	0.00143
59	0.00440	0.00367	0.00436	0.00344	0.00506	0.00284	0.00265	0.00529	0.00480	0.00728	0.00633	0.22641	0.00644	0.00312	0.00205	0.00050	0.00165	0.00269	0.00159	0.70544
60	0.00658	0.00519	0.00579	0.00430	0.00629	0.00488	0.00350	0.37915	0.00749	0.01068	0.00488	0.01240	0.00380	0.00225	0.00201	0.00050	0.00210	0.00174	0.00181	0.53464
61	0.00940	0.00567	0.18379	0.00471	0.00687	0.00392	0.00452	0.02316	0.00646	0.71379	0.00824	0.00739	0.00525	0.00278	0.00234	0.00073	0.00231	0.00224	0.00253	0.00391
62	0.00489	0.00419	0.00489	0.00349	0.00559	0.00314	0.00279	0.00594	0.00489	0.00768	0.00419	0.00489	0.00349	0.00175	0.00175	0.00035	0.00175	0.00140	0.00140	0.93156
63	0.00343	0.00229	0.00257	0.00257	0.00257	0.00229	0.00143	0.00343	0.00343	0.00457	0.00743	0.01543	0.00857	0.91715	0.01200	0.00229	0.00229	0.00343	0.00143	0.00143
64	0.00451	0.00370	0.00435	0.00340	0.00495	0.00296	0.00258	0.02564	0.00479	0.00722	0.00585	0.13195	0.00582	0.11529	0.01034	0.00071	0.00182	0.00240	0.00153	0.66020
65	0.00445	0.00419	0.00707	0.91148	0.01624	0.00524	0.00655	0.00602	0.00471	0.00602	0.00419	0.00629	0.00314	0.00236	0.00236	0.00079	0.00314	0.00210	0.00105	0.00262
66	0.00870	0.01102	0.00663	0.00603	0.00725	0.87546	0.00453	0.00953	0.03854	0.00592	0.00386	0.00441	0.00319	0.00246	0.00214	0.00061	0.00417	0.00156	0.00126	0.00277
67	0.00499	0.16134	0.75806	0.00628	0.00952	0.00611	0.00794	0.00740	0.00495	0.00715	0.00407	0.00478	0.00299	0.00220	0.00212	0.00071	0.00333	0.00166	0.00100	0.00341
68	0.00581	0.00568	0.01000	0.01402	0.81358	0.00564	0.09574	0.00727	0.00539	0.00769	0.00447	0.00589	0.00372	0.00209	0.00238	0.00071	0.00292	0.00217	0.00117	0.00368
69	0.00477	0.03359	0.88386	0.00666	0.01011	0.00557	0.00860	0.00746	0.00497	0.00742	0.00421	0.00495	0.00299	0.00223	0.00222	0.00074	0.00346	0.00173	0.00100	0.00347
70	0.00663	0.78285	0.01151	0.00422	0.00619	0.03020	0.00407	0.10842	0.00554	0.00660	0.00360	0.00414	0.00320	0.01230	0.00174	0.00055	0.00257	0.00139	0.00117	0.00311
71	0.93380	0.00456	0.00347	0.00310	0.00456	0.00529	0.00255	0.00693	0.00401	0.01058	0.00328	0.00383	0.00255	0.00219	0.00146	0.00073	0.00182	0.00128	0.00146	0.00255
72	0.00570	0.00493	0.00529	0.01785	0.02089	0.00567	0.00374	0.01192	0.82876	0.00961	0.01010	0.00936	0.04906	0.00330	0.00242	0.00080	0.00187	0.00276	0.00235	0.00363
73	0.00287	0.00205	0.00274	0.00328	0.00342	0.00191	0.00219	0.00328	0.00451	0.00602	0.01299	0.91561	0.01559	0.00739	0.00301	0.00096	0.00137	0.00670	0.00219	0.00191
74	0.00473	0.01219	0.90493	0.00672	0.01020	0.00548	0.00871	0.00747	0.00498	0.00747	0.00423	0.00498	0.00299	0.00224	0.00224	0.00075	0.00348	0.00174	0.00100	0.00348
75	0.00294	0.00210	0.00277	0.00329	0.00345	0.00197	0.00220	0.01159	0.00456	0.00608	0.01286	0.89687	0.01540	0.01771	0.00311	0.00097	0.00139	0.00662	0.00218	0.00193
76	0.00349	0.00257	0.00378	0.00375	0.00420	0.00298	0.00292	0.01753	0.00394	0.00574	0.00636	0.00919	0.00587	0.01688	0.85886	0.00362	0.00606	0.00251	0.03762	0.00214
77	0.00341	0.00259	0.00378	0.00378	0.00420	0.01015	0.00292	0.00423	0.00380	0.00545	0.00632	0.00937	0.00593	0.03876	0.87946	0.00373	0.00620	0.00254	0.00127	0.00209
78	0.00294	0.00208	0.00271	0.00319	0.00335	0.00195	0.00212	0.00334	0.00447	0.00599	0.01279	0.81910	0.03587	0.06618	0.00356	0.00103	0.00142	0.00636	0.01967	0.00189
79	0.00896	0.00660	0.00708	0.00542	0.00731	0.00731	0.00448	0.89458	0.01108	0.01486	0.00566	0.00566	0.00401	0.00283	0.00236	0.00071	0.00259	0.00212	0.00236	0.00401
80	0.01003	0.00422	0.00552	0.00430	0.00608	0.00385	0.00353	0.04453	0.09837	0.77917	0.00920	0.00802	0.00591	0.00294	0.00237	0.00074	0.00201	0.00239	0.00284	0.00398
81	0.00382	0.00285	0.00404	0.00391	0.00444	0.00329	0.00305	0.07662	0.00438	0.00622	0.00628	0.00905	0.00578	0.02833	0.82235	0.00352	0.00596	0.00250	0.00135	0.00225
82	0.00439	0.00220	0.00220	0.00220	0.00275	0.00220	0.00165	0.00549	0.00494	0.00879	0.00769	0.00879	0.00604	0.00275	0.00165	0.00055	0.00110	0.00220	0.93024	0.00220
83	0.00293	0.00208	0.00272	0.00321	0.00333	0.00195	0.00211	0.00330	0.00440	0.00587	0.01241	0.82142	0.01486	0.10257	0.00395	0.00110	0.00146	0.00636	0.00211	0.00186
84	0.00493	0.00433	0.00545	0.00389	0.00601	0.00332	0.05852	0.00604	0.00493	0.00767	0.00423	0.00498	0.00350	0.00176	0.00181	0.00038	0.00189	0.00148	0.00138	0.87350
85	0.00583	0.00560	0.00957	0.01447	0.90244	0.00560	0.00724	0.00724	0.00537	0.00770	0.00443	0.00583	0.00373	0.00210	0.00233	0.00070	0.00280	0.00210	0.00117	0.00373
86	0.00279	0.00239	0.00239	0.00239	0.00318	0.00199	0.00179	0.00338	0.00537	0.00637	0.02388	0.02269	0.90148	0.00597	0.00279	0.00080	0.00119	0.00498	0.00219	0.00199
87	0.00287	0.00205	0.00274	0.00328	0.00342	0.00191	0.00219	0.00328	0.00451	0.00602	0.01299	0.91561	0.01559	0.00739	0.00301	0.00096	0.00137	0.00670	0.00219	0.00191
88	0.00287	0.00205	0.00274	0.00328	0.00342	0.00191	0.00219	0.00328	0.00451	0.00602	0.01299	0.91561	0.01559	0.00739	0.00301	0.00096	0.00137	0.00670	0.00219	0.00191
89	0.00295	0.00216	0.00296	0.05017	0.00408	0.00209	0.00241	0.00342	0.00452	0.00602	0.01254	0.86867	0.01495	0.00713	0.00298	0.00095	0.00146	0.00646	0.00213	0.00195
90	0.00551	0.00628	0.01370	0.00981	0.01215	0.00589	0.87703	0.00747	0.00554	0.00752	0.00492	0.02354	0.00380	0.00209	0.00279	0.00080	0.00393	0.00286	0.00121	0.00316
91	0.00288	0.00206	0.00275	0.00329	0.00343	0.00192	0.00220	0.00330	0.00452	0.00603	0.01299	0.90690	0.01557	0.00738	0.00301	0.00096	0.00138	0.01532	0.00219	0.00192
92	0.01879	0.00246	0.00318	0.00301	0.00358	0.00228	0.00225	0.00457	0.00653	0.02622	0.82983	0.05736	0.02131	0.00486	0.00276	0.00075	0.00115	0.00429	0.00256	0.00225
93	0.89762	0.00464	0.00361	0.00319	0.00467	0.00537	0.00263	0.04166	0.00429	0.01074	0.00338	0.00390	0.00261	0.00221	0.00149	0.00073	0.00185	0.00131	0.00149	0.00261
94	0.00516	0.00516	0.00722	0.00619	0.00619	0.00722	0.00516	0.00567	0.00361	0.00567	0.00309	0.00516	0.00309	0.00413	0.00774	0.00103	0.91283	0.00206	0.00103	0.00258
95	0.00438	0.00375	0.00626	0.72617	0.01355	0.00459	0.00563	0.00542	0.00438	0.00563	0.00417	0.00647	0.00334	0.00355	0.00376	0.19063	0.00292	0.00209	0.00104	0.00229
96	0.00331	0.00239	0.00309	0.00295	0.00347	0.00221	0.00218	0.00432	0.00639	0.00900	0.79996	0.06396	0.03671	0.04580	0.00321	0.00082	0.00118	0.00436	0.00251	0.00217
97	0.00280	0.00238	0.00240	0.00240	0.00317	0.00200	0.00179	0.00338	0.00532	0.00632	0.02337	0.03269	0.87031	0.02750	0.00301	0.00083	0.00122	0.00496	0.00217	0.00198
98	0.00560	0.00639	0.01375	0.01000	0.03156	0.01401	0.86672	0.00756	0.00557	0.00754	0.00475	0.00633	0.00358	0.00199	0.00277	0.00079	0.00395	0.00276	0.00119	0.00319
99	0.00279	0.00239	0.00239	0.00239	0.00318	0.00199	0.00179	0.00338	0.00537	0.00637	0.02388	0.02269	0.90148	0.00597	0.00279	0.00080	0.00119	0.00498	0.00219	0.00199
100	0.00896	0.00660	0.00708	0.00542	0.00731	0.00731	0.00448	0.89458	0.01108	0.01486	0.00566	0.00566	0.00401	0.00283	0.00236	0.00071	0.00259	0.00212	0.00236	0.00401
101	0.00442	0.00323	0.00473	0.47397	0.00975	0.00377	0.00419	0.00577	0.00482	0.00735	0.00587	0.00749	0.00454	0.00254	0.00202	0.00067	0.00216	0.00214	0.44814	0.00242
102	0.00332	0.00239	0.00313	0.00298	0.00352	0.00221	0.00222	0.00440	0.00658	0.00930	0.86148	0.05777	0.02195	0.00493	0.00279	0.00075	0.00112	0.00437	0.00258	0.00221
103	0.00339	0.00227	0.00258	0.00262	0.00263	0.00226	0.00148	0.00342	0.00350	0.00466	0.00779	0.07376	0.00903	0.85819	0.01142	0.00220	0.00223	0.00364	0.00148	0.00146
104	0.00482	0.00328	0.00432	0.31860	0.00784	0.00371	0.00360	0.08409	0.00541	0.00836	0.00629	0.00764	0.00486	0.00262	0.00196	0.00065	0.00194	0.00216	0.52537	0.00250
105	0.73113	0.00462	0.00401	0.00342	0.00497	0.00515	0.00282	0.06811	0.00491	0.14602	0.00435	0.00459	0.00315	0.00234	0.00166	0.00073	0.00190	0.00150	0.00174	0.00287
106	0.00343	0.00229	0.00257	0.00257	0.00257	0.00229	0.00143	0.00343	0.00343	0.00457	0.00743	0.01543	0.00857	0.91715	0.01200	0.00229	0.00229	0.00343	0.00143	0.00143
107	0.00493	0.00421	0.00491	0.00351	0.00560	0.00318	0.00281	0.01432	0.00495	0.00775	0.00420	0.00490	0.00350	0.00176	0.00175	0.00035	0.00175	0.00140	0.00141	0.92280
108	0.00374	0.00269	0.00371	0.00422	0.00478	0.00267	0.00367	0.00479	0.00542	0.00701	0.01319	0.02635	0.06890	0.00648	0.00323	0.00107	0.00211	0.83164	0.00217	0.00216
109	0.00288	0.00205	0.00273	0.00327	0.00341	0.00192	0.00218	0.00328	0.00450	0.00600	0.01292	0.90395	0.01550	0.01917	0.00313	0.00097	0.00138	0.00666	0.00218	0.00191
110	0.00544	0.00670	0.08641	0.00973	0.05304	0.00581	0.75940	0.00743	0.00548	0.00752	0.00490	0.02769	0.00382	0.00214	0.00272	0.00079	0.00382	0.00276	0.00120	0.00320
111	0.00287	0.00205	0.00274	0.00328	0.00342	0.00191	0.00219	0.00328	0.00451	0.00602	0.01299	0.91561	0.01559	0.00739	0.00301	0.00096	0.00137	0.00670	0.00219	0.00191
112	0.00464	0.00379	0.00445	0.00354	0.00510	0.00311	0.00274	0.06241	0.00518	0.00766	0.00667	0.18850	0.02064	0.03584	0.00246	0.00059	0.00175	0.02350	0.00165	0.61579
113	0.00337	0.00253	0.00379	0.00379	0.00421	0.00295	0.00295	0.00421	0.00379	0.00547	0.00631	0.00926	0.00589	0.01768	0.90781	0.00379	0.00631	0.00253	0.00126	0.00210
114	0.00556	0.00636	0.01391	0.00994	0.01232	0.00596	0.89388	0.00755	0.00556	0.00755	0.00477	0.00636	0.00358	0.00199	0.00278	0.00079	0.00397	0.00278	0.00119	0.00318

[dist]
# distance from previous block
# <min> <max>
0	2

[block]
# block no. 1 follows, 128 sequences, length 33
# corresponding to MSA columns:
# 127-159
name=unknown_B
#
# <colnr> <probs for GDERKNQSTAVLIFYWHMCP>
#	G	D	E	R	K	N	Q	S	T	A	V	L	I	F	Y	W	H	M	C	P
0	0.00447	0.00425	0.00731	0.85060	0.01579	0.00521	0.04843	0.00604	0.00475	0.00610	0.00439	0.02455	0.00341	0.00244	0.00239	0.00079	0.00315	0.00222	0.00108	0.00263
1	0.00896	0.00660	0.00708	0.00542	0.00731	0.00731	0.00448	0.89458	0.01108	0.01486	0.00566	0.00566	0.00401	0.00283	0.00236	0.00071	0.00259	0.00212	0.00236	0.00401
2	0.90576	0.00479	0.03067	0.00321	0.00473	0.00529	0.00274	0.00695	0.00404	0.01048	0.00331	0.00386	0.00257	0.00219	0.00148	0.00073	0.00187	0.00129	0.00144	0.00258
3	0.00371	0.00269	0.00368	0.00417	0.00474	0.00265	0.00363	0.00476	0.00542	0.00700	0.01346	0.02626	0.08935	0.00647	0.00322	0.00106	0.00209	0.81133	0.00217	0.00216
4	0.00630	0.82381	0.01159	0.00410	0.00600	0.05885	0.00398	0.00706	0.00499	0.00575	0.04680	0.00448	0.00396	0.00218	0.00161	0.00052	0.00255	0.00142	0.00110	0.00297
5	0.00437	0.00366	0.00605	0.68578	0.01296	0.00445	0.00542	0.00537	0.00437	0.00569	0.00428	0.00656	0.00344	0.00363	0.00382	0.20220	0.00284	0.00209	0.03077	0.00226
6	0.00287	0.00205	0.00274	0.00328	0.00342	0.00191	0.00219	0.00328	0.00451	0.00602	0.01299	0.91561	0.01559	0.00739	0.00301	0.00096	0.00137	0.00670	0.00219	0.00191
7	0.00881	0.01124	0.00668	0.00607	0.00729	0.90768	0.00456	0.00941	0.00668	0.00577	0.00364	0.00425	0.00304	0.00243	0.00213	0.00061	0.00425	0.00152	0.00121	0.00273
8	0.00280	0.00239	0.00241	0.00240	0.00319	0.00200	0.00180	0.00341	0.00541	0.00645	0.04724	0.02255	0.87808	0.00594	0.00279	0.00079	0.00119	0.00496	0.00220	0.00200
9	0.00452	0.00356	0.00417	0.00353	0.00475	0.00312	0.00264	0.10725	0.00537	0.00766	0.00810	0.29896	0.03661	0.08327	0.00315	0.00077	0.00175	0.00348	0.00179	0.41556
10	0.00317	0.00221	0.00284	0.00328	0.00350	0.00211	0.00223	0.03198	0.00475	0.00648	0.01241	0.82635	0.01459	0.00693	0.00290	0.00092	0.00139	0.00626	0.06372	0.00200
11	0.93380	0.00456	0.00347	0.00310	0.00456	0.00529	0.00255	0.00693	0.00401	0.01058	0.00328	0.00383	0.00255	0.00219	0.00146	0.00073	0.00182	0.00128	0.00146	0.00255
12	0.00896	0.00660	0.00708	0.00542	0.00731	0.00731	0.00448	0.89458	0.01108	0.01486	0.00566	0.00566	0.00401	0.00283	0.00236	0.00071	0.00259	0.00212	0.00236	0.00401
13	0.00325	0.00246	0.00314	0.00332	0.00383	0.00215	0.00230	0.00379	0.00458	0.00633	0.01133	0.74306	0.01330	0.00632	0.00277	0.00084	0.00144	0.00570	0.00204	0.17805
14	0.00369	0.00249	0.00326	0.00303	0.00364	0.00228	0.00228	0.00479	0.00668	0.05300	0.85778	0.01714	0.02145	0.00473	0.00276	0.00074	0.00116	0.00417	0.00261	0.00231
15	0.00293	0.00208	0.00272	0.00321	0.00333	0.00195	0.00211	0.00330	0.00440	0.00586	0.01239	0.81866	0.01484	0.10537	0.00398	0.00110	0.00147	0.00635	0.00211	0.00186
16	0.00586	0.00506	0.00533	0.00480	0.00613	0.00586	0.00373	0.01253	0.89818	0.00986	0.00960	0.00880	0.00720	0.00320	0.00240	0.00080	0.00187	0.00267	0.00240	0.00373
17	0.00290	0.00206	0.00273	0.00325	0.00338	0.00193	0.00216	0.00329	0.00447	0.00596	0.01275	0.87679	0.01529	0.04662	0.00340	0.00101	0.00141	0.00656	0.00216	0.00189
18	0.00299	0.00213	0.00287	0.00341	0.00360	0.00201	0.00239	0.00348	0.00463	0.00615	0.01293	0.80551	0.01534	0.00728	0.00304	0.00097	0.00147	0.11567	0.00219	0.00195
19	0.00439	0.00220	0.00220	0.00220	0.00275	0.00220	0.00165	0.00549	0.00494	0.00879	0.00769	0.00879	0.00604	0.00275	0.00165	0.00055	0.00110	0.00220	0.93024	0.00220
20	0.93380	0.00456	0.00347	0.00310	0.00456	0.00529	0.00255	0.00693	0.00401	0.01058	0.00328	0.00383	0.00255	0.00219	0.00146	0.00073	0.00182	0.00128	0.00146	0.00255
21	0.00282	0.00240	0.00243	0.00245	0.00324	0.00201	0.00185	0.00343	0.00538	0.00639	0.02353	0.02281	0.87370	0.00599	0.00280	0.00081	0.00122	0.03256	0.00219	0.00200
22	0.00514	0.00516	0.00695	0.01716	0.00619	0.03508	0.00499	0.00566	0.00377	0.00570	0.00367	0.05568	0.00379	0.00423	0.00723	0.00101	0.82262	0.00230	0.00110	0.00255
23	0.00896	0.00660	0.00708	0.00542	0.00731	0.00731	0.00448	0.89458	0.01108	0.01486	0.00566	0.00566	0.00401	0.00283	0.00236	0.00071	0.00259	0.00212	0.00236	0.00401
24	0.02518	0.00400	0.00624	0.70179	0.01342	0.00481	0.00557	0.03440	0.00494	0.00685	0.00470	0.00650	0.00357	0.00240	0.00222	0.00073	0.00276	0.00206	0.12866	0.03920
25	0.00667	0.00489	0.00544	0.00462	0.00585	0.00528	0.00362	0.55957	0.00861	0.01154	0.00842	0.34768	0.00836	0.00454	0.00260	0.00080	0.00213	0.00384	0.00229	0.00322
26	0.01052	0.00410	0.00553	0.00424	0.00606	0.00360	0.00350	0.04295	0.00690	0.87239	0.00917	0.00794	0.00577	0.00291	0.00237	0.00073	0.00203	0.00236	0.00290	0.00401
27	0.00290	0.00206	0.00273	0.00324	0.00337	0.00194	0.00215	0.00329	0.00445	0.00594	0.01268	0.86564	0.01520	0.05788	0.00351	0.00103	0.00142	0.00652	0.00215	0.00189
28	0.93380	0.00456	0.00347	0.00310	0.00456	0.00529	0.00255	0.00693	0.00401	0.01058	0.00328	0.00383	0.00255	0.00219	0.00146	0.00073	0.00182	0.00128	0.00146	0.00255
29	0.00297	0.00252	0.00275	0.00294	0.03532	0.00217	0.00210	0.00365	0.00544	0.00661	0.06789	0.02202	0.78112	0.00580	0.00279	0.00080	0.00129	0.04755	0.00217	0.00207
30	0.00580	0.00505	0.00561	0.04586	0.05001	0.00582	0.00403	0.01198	0.81492	0.00959	0.00910	0.00854	0.00685	0.00311	0.00239	0.00079	0.00197	0.00261	0.00228	0.00368
31	0.00883	0.05079	0.00733	0.00536	0.00725	0.00741	0.00446	0.85158	0.01078	0.01441	0.00554	0.00557	0.00396	0.00279	0.00232	0.00070	0.00259	0.00208	0.00229	0.00396
32	0.03817	0.00614	0.00652	0.00506	0.00681	0.00678	0.00416	0.78595	0.01030	0.01417	0.00577	0.00588	0.00415	0.00280	0.00227	0.00069	0.00243	0.00210	0.08602	0.00380

[dist]
# distance from previous block
# <min> <max>
0	2

[block]
# block no. 2 follows, 128 sequences, length 46
# corresponding to MSA columns:
# 162-207
name=unknown_C
#
# <colnr> <probs for GDERKNQSTAVLIFYWHMCP>
#	G	D	E	R	K	N	Q	S	T	A	V	L	I	F	Y	W	H	M	C	P
0	0.05797	0.00220	0.00307	0.00305	0.00315	0.00224	0.00207	0.00336	0.00317	0.00459	0.00414	0.00701	0.00405	0.00771	0.00857	0.85402	0.00201	0.00201	0.02446	0.00114
1	0.00881	0.01124	0.00668	0.00607	0.00729	0.90768	0.00456	0.00941	0.00668	0.00577	0.00364	0.00425	0.00304	0.00243	0.00213	0.00061	0.00425	0.00152	0.00121	0.00273
2	0.00896	0.00660	0.00708	0.00542	0.00731	0.00731	0.00448	0.89458	0.01108	0.01486	0.00566	0.00566	0.00401	0.00283	0.00236	0.00071	0.00259	0.00212	0.00236	0.00401
3	0.00792	0.00582	0.00633	0.00506	0.00664	0.00639	0.00409	0.74172	0.00996	0.01334	0.00692	0.16172	0.00600	0.00361	0.00247	0.00075	0.00238	0.00291	0.00233	0.00365
4	0.00558	0.00633	0.01373	0.01013	0.04994	0.00595	0.85641	0.00754	0.00556	0.00756	0.00476	0.00634	0.00358	0.00199	0.00276	0.00079	0.00392	0.00275	0.00119	0.00320
5	0.00881	0.01124	0.00668	0.00607	0.00729	0.90768	0.00456	0.00941	0.00668	0.00577	0.00364	0.00425	0.00304	0.00243	0.00213	0.00061	0.00425	0.00152	0.00121	0.00273
6	0.00466	0.00387	0.00454	0.00350	0.00522	0.00305	0.00272	0.03417	0.00503	0.00765	0.00581	0.16153	0.00563	0.00277	0.00198	0.00047	0.00170	0.00235	0.01813	0.72522
7	0.00617	0.00522	0.00550	0.00486	0.00625	0.00601	0.00381	0.09918	0.81103	0.01035	0.00921	0.00849	0.00688	0.00316	0.00239	0.00079	0.00194	0.00261	0.00239	0.00376
8	0.00586	0.00506	0.00533	0.00480	0.00613	0.00586	0.00373	0.01253	0.89818	0.00986	0.00960	0.00880	0.00720	0.00320	0.00240	0.00080	0.00187	0.00267	0.00240	0.00373
9	0.00774	0.00569	0.00621	0.00500	0.00653	0.00623	0.00402	0.71630	0.00977	0.01309	0.00713	0.18767	0.00633	0.00374	0.00249	0.00076	0.00235	0.00304	0.00232	0.00359
10	0.00489	0.00419	0.00489	0.00349	0.00559	0.00314	0.00279	0.00594	0.00489	0.00768	0.00419	0.00489	0.00349	0.00175	0.00175	0.00035	0.00175	0.00140	0.00140	0.93156
11	0.00586	0.00506	0.00533	0.00480	0.00613	0.00586	0.00373	0.01253	0.89818	0.00986	0.00960	0.00880	0.00720	0.00320	0.00240	0.00080	0.00187	0.00267	0.00240	0.00373
12	0.00591	0.00432	0.00490	0.00435	0.00536	0.00460	0.00333	0.44741	0.00779	0.01042	0.00934	0.46219	0.00982	0.00512	0.00268	0.00083	0.00198	0.00442	0.00227	0.00296
13	0.00287	0.00205	0.00274	0.00328	0.00342	0.00191	0.00219	0.00328	0.00451	0.00602	0.01299	0.91561	0.01559	0.00739	0.00301	0.00096	0.00137	0.00670	0.00219	0.00191
14	0.00489	0.00419	0.00489	0.00349	0.00559	0.00314	0.00279	0.00594	0.00489	0.00768	0.00419	0.00489	0.00349	0.00175	0.00175	0.00035	0.00175	0.00140	0.00140	0.93156
15	0.00436	0.00357	0.00425	0.00349	0.00493	0.00287	0.00265	0.03346	0.00496	0.00737	0.00712	0.30280	0.00747	0.00363	0.00218	0.00056	0.00165	0.00316	0.00169	0.59785
16	0.00586	0.00506	0.00533	0.00480	0.00613	0.00586	0.00373	0.01253	0.89818	0.00986	0.00960	0.00880	0.00720	0.00320	0.00240	0.00080	0.00187	0.00267	0.00240	0.00373
17	0.00315	0.00226	0.00298	0.00309	0.00348	0.00210	0.00221	0.00398	0.00580	0.00806	0.54152	0.38125	0.01955	0.00586	0.00287	0.00083	0.00122	0.00525	0.00243	0.00210
18	0.00758	0.00554	0.00604	0.00480	0.00624	0.00610	0.00382	0.67253	0.00920	0.01236	0.00602	0.00767	0.00496	0.16926	0.06596	0.00120	0.00279	0.00239	0.00212	0.00341
19	0.00450	0.00380	0.00601	0.69171	0.01309	0.00461	0.00544	0.02508	0.00489	0.00676	0.00512	0.02785	0.00402	0.00256	0.00223	0.00074	0.00269	0.00222	0.18413	0.00255
20	0.00594	0.00510	0.00537	0.00481	0.00616	0.00590	0.00375	0.03298	0.87761	0.00998	0.00950	0.00872	0.00712	0.00319	0.00240	0.00080	0.00188	0.00265	0.00240	0.00374
21	0.00858	0.00631	0.00677	0.00523	0.00699	0.00697	0.00427	0.83370	0.01056	0.01416	0.00578	0.00633	0.00432	0.06529	0.00302	0.00082	0.00257	0.00221	0.00229	0.00383
22	0.00281	0.00237	0.00244	0.00249	0.00324	0.00200	0.00186	0.00341	0.00532	0.00636	0.02289	0.08377	0.82175	0.00608	0.00281	0.00081	0.00123	0.02417	0.00219	0.00199
23	0.00473	0.01219	0.90493	0.00672	0.01020	0.00548	0.00871	0.00747	0.00498	0.00747	0.00423	0.00498	0.00299	0.00224	0.00224	0.00075	0.00348	0.00174	0.00100	0.00348
24	0.00586	0.00506	0.00533	0.00480	0.00613	0.00586	0.00373	0.01253	0.89818	0.00986	0.00960	0.00880	0.00720	0.00320	0.00240	0.00080	0.00187	0.00267	0.00240	0.00373
25	0.00475	0.01206	0.88716	0.00687	0.02791	0.00548	0.00868	0.00746	0.00499	0.00747	0.00423	0.00499	0.00300	0.00224	0.00224	0.00075	0.00347	0.00175	0.00100	0.00349
26	0.08556	0.00230	0.00315	0.01681	0.00341	0.00237	0.00217	0.00346	0.00324	0.00477	0.00438	0.04334	0.00441	0.00754	0.00818	0.79840	0.00202	0.00217	0.00111	0.00122
27	0.00343	0.00229	0.00257	0.00257	0.00257	0.00229	0.00143	0.00343	0.00343	0.00457	0.00743	0.01543	0.00857	0.91715	0.01200	0.00229	0.00229	0.00343	0.00143	0.00143
28	0.00516	0.00516	0.00722	0.00619	0.00619	0.00722	0.00516	0.00567	0.00361	0.00567	0.00309	0.00516	0.00309	0.00413	0.00774	0.00103	0.91283	0.00206	0.00103	0.00258
29	0.00382	0.00251	0.00330	0.00306	0.00369	0.00230	0.00231	0.00490	0.00663	0.07049	0.81974	0.03771	0.02097	0.00475	0.00276	0.00075	0.00118	0.00419	0.00261	0.00234
30	0.00322	0.00242	0.00309	0.00329	0.00377	0.00213	0.00227	0.00373	0.00458	0.00629	0.01170	0.73192	0.03390	0.01647	0.00289	0.00087	0.00144	0.00573	0.00205	0.15824
31	0.00744	0.00547	0.00599	0.00489	0.00634	0.00596	0.00391	0.67169	0.00944	0.01265	0.00749	0.23322	0.00691	0.00397	0.00252	0.00077	0.00229	0.00327	0.00232	0.00349
32	0.00789	0.00580	0.00631	0.00505	0.00663	0.00636	0.00408	0.73813	0.00993	0.01331	0.00695	0.16539	0.00604	0.00363	0.00247	0.00075	0.00238	0.00293	0.00233	0.00364
33	0.00281	0.00239	0.00242	0.00243	0.00322	0.00200	0.00183	0.00341	0.00537	0.00638	0.02365	0.02277	0.88337	0.00598	0.00280	0.00080	0.00121	0.02296	0.00219	0.00199
34	0.93380	0.00456	0.00347	0.00310	0.00456	0.00529	0.00255	0.00693	0.00401	0.01058	0.00328	0.00383	0.00255	0.00219	0.00146	0.00073	0.00182	0.00128	0.00146	0.00255
35	0.00337	0.00253	0.00379	0.00379	0.00421	0.00295	0.00295	0.00421	0.00379	0.00547	0.00631	0.00926	0.00589	0.01768	0.90781	0.00379	0.00631	0.00253	0.00126	0.00210
36	0.00762	0.00556	0.00599	0.00473	0.00616	0.00609	0.00374	0.67891	0.00923	0.01237	0.00609	0.00802	0.00511	0.22411	0.00469	0.00109	0.00252	0.00244	0.00213	0.00338
37	0.00769	0.00561	0.00604	0.00477	0.00622	0.00615	0.00378	0.68906	0.00932	0.01249	0.00607	0.00791	0.00506	0.21369	0.00458	0.00107	0.00252	0.00242	0.00214	0.00341
38	0.00478	0.00391	0.00458	0.00362	0.00524	0.00323	0.00280	0.08495	0.00536	0.00794	0.00637	0.21716	0.00636	0.00316	0.00210	0.00052	0.00173	0.00270	0.00167	0.63183
39	0.00343	0.00229	0.00257	0.00257	0.00257	0.00229	0.00143	0.00343	0.00343	0.00457	0.00743	0.01543	0.00857	0.91715	0.01200	0.00229	0.00229	0.00343	0.00143	0.00143
40	0.00334	0.00241	0.00315	0.00297	0.00352	0.00222	0.00222	0.00445	0.00667	0.00945	0.90120	0.01761	0.02224	0.00482	0.00278	0.00074	0.00111	0.00426	0.00260	0.00222
41	0.00896	0.00660	0.00708	0.00542	0.00731	0.00731	0.00448	0.89458	0.01108	0.01486	0.00566	0.00566	0.00401	0.00283	0.00236	0.00071	0.00259	0.00212	0.00236	0.00401
42	0.00305	0.00221	0.00286	0.00323	0.00350	0.00203	0.00217	0.00347	0.00446	0.00602	0.01210	0.77682	0.02389	0.07645	0.00361	0.00102	0.00146	0.00608	0.00208	0.06348
43	0.00416	0.00290	0.00333	0.00311	0.00342	0.00305	0.00203	0.11630	0.01809	0.00606	0.00711	0.01337	0.00766	0.68185	0.11598	0.00224	0.00279	0.00315	0.00154	0.00187
44	0.00517	0.00436	0.00504	0.00362	0.00570	0.00343	0.00291	0.06665	0.00531	0.00817	0.00429	0.00494	0.00353	0.00182	0.00179	0.00037	0.00180	0.00145	0.00146	0.86819
45	0.00286	0.00241	0.00248	0.00252	0.00330	0.00204	0.00193	0.00349	0.00538	0.00642	0.02310	0.02296	0.84082	0.00601	0.00282	0.00082	0.00126	0.06520	0.00219	0.00200

[dist]
# distance from previous block
# <min> <max>
0	2

[block]
# block no. 3 follows, 128 sequences, length 8
# corresponding to MSA columns:
# 210-217
name=unknown_D
#
# <colnr> <probs for GDERKNQSTAVLIFYWHMCP>
#	G	D	E	R	K	N	Q	S	T	A	V	L	I	F	Y	W	H	M	C	P
0	0.00803	0.00551	0.00611	0.00485	0.00642	0.00593	0.00392	0.63706	0.00946	0.10418	0.04538	0.10134	0.00637	0.04072	0.00284	0.00080	0.00233	0.00277	0.00237	0.00361
1	0.00346	0.00260	0.00343	0.00318	0.00370	0.00256	0.00242	0.00453	0.00647	0.00920	0.84051	0.01677	0.02095	0.00477	0.00312	0.00076	0.06272	0.00411	0.00249	0.00225
2	0.00896	0.00660	0.00708	0.00542	0.00731	0.00731	0.00448	0.89458	0.01108	0.01486	0.00566	0.00566	0.00401	0.00283	0.00236	0.00071	0.00259	0.00212	0.00236	0.00401
3	0.00293	0.00242	0.00260	0.00270	0.00343	0.00209	0.00209	0.00358	0.00534	0.00645	0.02181	0.06497	0.73819	0.00611	0.00286	0.00084	0.00134	0.12606	0.00219	0.00201
4	0.00896	0.00660	0.00708	0.00542	0.00731	0.00731	0.00448	0.89458	0.01108	0.01486	0.00566	0.00566	0.00401	0.00283	0.00236	0.00071	0.00259	0.00212	0.00236	0.00401
5	0.00583	0.00426	0.00484	0.00432	0.00531	0.00453	0.00330	0.43563	0.00770	0.01031	0.00944	0.47421	0.00997	0.00518	0.00269	0.00084	0.00196	0.00448	0.00227	0.00293
6	0.00558	0.00630	0.01360	0.01027	0.07698	0.00594	0.82947	0.00753	0.00555	0.00756	0.00475	0.00632	0.00359	0.00200	0.00275	0.00079	0.00389	0.00273	0.00119	0.00322
7	0.00630	0.91857	0.01235	0.00403	0.00605	0.00933	0.00403	0.00706	0.00479	0.00555	0.00328	0.00378	0.00303	0.00202	0.00151	0.00050	0.00252	0.00126	0.00101	0.00303

[dist]
# distance from previous block
# <min> <max>
0	0

# created by:
# /share/home/app/bin/augustus-3.3.1/scripts/msa2prfl.pl /dev/shm/tmp/ogap_db/mt-Magnoliopsida/msas/ccmB.aln --setname=ccmB
