[name]
ccmFc

[dist]
# distance from previous block
# <min> <max>
0	0

[block]
# block no. 0 follows, 102 sequences, length 81
# corresponding to MSA columns:
# 0-80
name=unknown_A
#
# <colnr> <probs for GDERKNQSTAVLIFYWHMCP>
#	G	D	E	R	K	N	Q	S	T	A	V	L	I	F	Y	W	H	M	C	P
0	0.00461	0.00329	0.00461	0.00527	0.00593	0.00329	0.00461	0.00593	0.00658	0.00856	0.01514	0.03226	0.01646	0.00790	0.00395	0.00132	0.00263	0.86240	0.00263	0.00263
1	0.00404	0.00292	0.00381	0.00359	0.00427	0.00269	0.00269	0.00538	0.00807	0.01141	0.86616	0.02146	0.04101	0.00587	0.00337	0.00090	0.00135	0.00519	0.00314	0.00269
2	0.00676	0.00770	0.01680	0.01214	0.02796	0.00723	0.85831	0.00916	0.00675	0.00916	0.00578	0.00771	0.00434	0.00241	0.00337	0.00096	0.00480	0.00336	0.00145	0.00387
3	0.00348	0.00249	0.00332	0.00398	0.00415	0.00232	0.00265	0.00398	0.00548	0.00730	0.01576	0.89762	0.01892	0.00896	0.00365	0.00116	0.00166	0.00813	0.00265	0.00232
4	0.00648	0.00678	0.01050	0.00848	0.00920	0.03944	0.20455	0.00752	0.00506	0.00740	0.00434	0.00667	0.00397	0.00473	0.02860	0.00125	0.63774	0.00269	0.00131	0.00329
5	0.01068	0.01363	0.00810	0.00737	0.00884	0.88801	0.00553	0.01142	0.00810	0.00700	0.00442	0.00516	0.00368	0.00295	0.00258	0.00074	0.00516	0.00184	0.00147	0.00332
6	0.00460	0.00310	0.00345	0.00332	0.00348	0.00315	0.00197	0.05810	0.00478	0.00644	0.00889	0.01779	0.00998	0.82262	0.01353	0.00260	0.00276	0.00403	0.02347	0.00195
7	0.00414	0.00277	0.00312	0.00314	0.00314	0.00276	0.00175	0.00415	0.00419	0.00559	0.00916	0.03869	0.01059	0.87925	0.01431	0.00274	0.00275	0.00425	0.00175	0.00175
8	0.00416	0.00277	0.00312	0.00312	0.00312	0.00277	0.00173	0.00416	0.00416	0.00555	0.00901	0.01872	0.01040	0.89949	0.01456	0.00277	0.00277	0.00416	0.00173	0.00173
9	0.00412	0.00275	0.00313	0.00317	0.00318	0.00274	0.00179	0.00415	0.00424	0.00566	0.00944	0.07454	0.01094	0.84293	0.01386	0.00267	0.00270	0.00441	0.00179	0.00177
10	0.00338	0.00290	0.00290	0.00290	0.00386	0.00241	0.00217	0.00410	0.00652	0.00773	0.02897	0.02752	0.88049	0.00724	0.00338	0.00097	0.00145	0.00604	0.00266	0.00241
11	0.00629	0.00540	0.00570	0.00524	0.00666	0.00606	0.00404	0.01273	0.68330	0.01099	0.01461	0.07205	0.14517	0.00474	0.00303	0.00098	0.00210	0.00399	0.00285	0.00405
12	0.00879	0.00639	0.00689	0.00552	0.00710	0.00698	0.00430	0.60347	0.01059	0.01418	0.00760	0.02017	0.00667	0.27101	0.00636	0.00143	0.00302	0.00311	0.00252	0.00390
13	0.00460	0.00328	0.00459	0.00523	0.00589	0.00328	0.00457	0.00591	0.00662	0.00862	0.03350	0.03203	0.01668	0.00786	0.00394	0.00131	0.00261	0.84420	0.00264	0.00263
14	0.00426	0.00296	0.00386	0.00361	0.00429	0.00274	0.00269	0.00554	0.00791	0.03187	0.81813	0.02096	0.02572	0.04827	0.00389	0.00099	0.00144	0.00507	0.00309	0.00270
15	0.00405	0.00292	0.00382	0.00360	0.00427	0.00270	0.00270	0.00540	0.00810	0.01147	0.88014	0.02136	0.02699	0.00585	0.00337	0.00090	0.00135	0.00517	0.00315	0.00270
16	0.00568	0.00482	0.00567	0.00421	0.00651	0.00366	0.00331	0.00688	0.00588	0.00912	0.00616	0.09572	0.00571	0.00281	0.00227	0.00050	0.00207	0.00234	0.00179	0.82487
17	0.00538	0.00449	0.00713	0.67454	0.01569	0.00545	0.00649	0.00715	0.00579	0.00813	0.00612	0.00837	0.00467	0.00298	0.00265	0.00088	0.00320	0.00257	0.22527	0.00305
18	0.91969	0.00553	0.00420	0.00376	0.00553	0.00642	0.00310	0.00841	0.00487	0.01283	0.00398	0.00465	0.00310	0.00265	0.00177	0.00088	0.00221	0.00155	0.00177	0.00310
19	0.00711	0.00614	0.00647	0.00582	0.00744	0.00711	0.00453	0.01520	0.87648	0.01196	0.01164	0.01067	0.00873	0.00388	0.00291	0.00097	0.00226	0.00323	0.00291	0.00453
20	0.01283	0.00487	0.00664	0.00509	0.00730	0.00420	0.00420	0.01394	0.00819	0.88363	0.01128	0.00973	0.00708	0.00354	0.00288	0.00088	0.00243	0.00288	0.00354	0.00487
21	0.01274	0.00502	0.00673	0.00516	0.00738	0.00443	0.00426	0.05473	0.00844	0.84248	0.01107	0.00960	0.00697	0.00353	0.00288	0.00088	0.00247	0.00286	0.00351	0.00487
22	0.00593	0.00508	0.00593	0.00424	0.00678	0.00381	0.00339	0.00720	0.00593	0.00932	0.00508	0.00593	0.00424	0.00212	0.00212	0.00042	0.00212	0.00169	0.00169	0.91697
23	0.00441	0.00298	0.00390	0.00369	0.00440	0.00273	0.00276	0.00566	0.00785	0.05251	0.75133	0.09569	0.03912	0.00603	0.00337	0.00092	0.00143	0.00533	0.00312	0.00276
24	0.00348	0.00249	0.00332	0.00398	0.00415	0.00232	0.00265	0.00398	0.00548	0.00730	0.01576	0.89762	0.01892	0.00896	0.00365	0.00116	0.00166	0.00813	0.00265	0.00232
25	0.00358	0.00250	0.00333	0.00394	0.00410	0.00234	0.00262	0.00398	0.00535	0.00713	0.01504	0.82773	0.01798	0.03701	0.00435	0.04474	0.00173	0.00774	0.00256	0.00225
26	0.00707	0.00682	0.01177	0.01738	0.85440	0.00681	0.03590	0.00879	0.00652	0.00934	0.00539	0.00710	0.00452	0.00254	0.00285	0.00085	0.00344	0.00257	0.00142	0.00451
27	0.00497	0.00248	0.00373	0.00373	0.00373	0.00248	0.00248	0.00373	0.00373	0.00497	0.00497	0.00869	0.00497	0.00994	0.01118	0.91679	0.00248	0.00248	0.00124	0.00124
28	0.00416	0.00277	0.00312	0.00312	0.00312	0.00277	0.00173	0.00416	0.00416	0.00555	0.00901	0.01872	0.01040	0.89949	0.01456	0.00277	0.00277	0.00416	0.00173	0.00173
29	0.00405	0.00292	0.00378	0.00357	0.00421	0.00270	0.00265	0.00533	0.00788	0.01114	0.83232	0.02122	0.02607	0.05491	0.00399	0.00100	0.00143	0.00512	0.00307	0.00265
30	0.01087	0.00801	0.00858	0.00658	0.00887	0.00887	0.00544	0.87211	0.01345	0.01802	0.00687	0.00687	0.00486	0.00343	0.00286	0.00086	0.00315	0.00257	0.00286	0.00486
31	0.00540	0.00508	0.00858	0.89262	0.01970	0.00635	0.00794	0.00731	0.00572	0.00731	0.00508	0.00762	0.00381	0.00286	0.00286	0.00095	0.00381	0.00254	0.00127	0.00318
32	0.00756	0.85907	0.05633	0.00505	0.00758	0.01109	0.00516	0.00859	0.00582	0.00684	0.00403	0.00466	0.00367	0.00246	0.00188	0.00063	0.00311	0.00156	0.00122	0.00370
33	0.00411	0.00294	0.00381	0.00358	0.00429	0.00270	0.00269	0.00543	0.00802	0.02100	0.83000	0.02153	0.06734	0.00589	0.00337	0.00090	0.00137	0.00519	0.00313	0.00271
34	0.00674	0.00556	0.00636	0.00462	0.00712	0.00464	0.00372	0.14854	0.00716	0.01074	0.00537	0.00608	0.00434	0.00233	0.00224	0.00049	0.00229	0.00184	0.00189	0.76792
35	0.00683	0.00589	0.00619	0.00560	0.00716	0.00675	0.00435	0.01435	0.80987	0.01164	0.01297	0.01196	0.07548	0.00414	0.00295	0.00097	0.00220	0.00345	0.00289	0.00437
36	0.91969	0.00553	0.00420	0.00376	0.00553	0.00642	0.00310	0.00841	0.00487	0.01283	0.00398	0.00465	0.00310	0.00265	0.00177	0.00088	0.00221	0.00155	0.00177	0.00310
37	0.01283	0.00487	0.00664	0.00509	0.00730	0.00420	0.00420	0.01394	0.00819	0.88363	0.01128	0.00973	0.00708	0.00354	0.00288	0.00088	0.00243	0.00288	0.00354	0.00487
38	0.00619	0.00516	0.00598	0.00442	0.00678	0.00415	0.00352	0.08161	0.00655	0.00994	0.00595	0.06554	0.00527	0.00269	0.00228	0.00051	0.00218	0.00220	0.00186	0.77721
39	0.00823	0.00595	0.00644	0.00522	0.00661	0.00647	0.00398	0.53090	0.00980	0.01312	0.00771	0.01152	0.00704	0.35570	0.00746	0.00161	0.00300	0.00320	0.00242	0.00363
40	0.01011	0.00742	0.00797	0.00619	0.00822	0.00818	0.00502	0.77406	0.01240	0.01661	0.00711	0.00821	0.00549	0.10466	0.00418	0.00107	0.00310	0.00275	0.00273	0.00451
41	0.01068	0.01363	0.00810	0.00737	0.00884	0.88801	0.00553	0.01142	0.00810	0.00700	0.00442	0.00516	0.00368	0.00295	0.00258	0.00074	0.00516	0.00184	0.00147	0.00332
42	0.91969	0.00553	0.00420	0.00376	0.00553	0.00642	0.00310	0.00841	0.00487	0.01283	0.00398	0.00465	0.00310	0.00265	0.00177	0.00088	0.00221	0.00155	0.00177	0.00310
43	0.00711	0.00614	0.00647	0.00582	0.00744	0.00711	0.00453	0.01520	0.87648	0.01196	0.01164	0.01067	0.00873	0.00388	0.00291	0.00097	0.00226	0.00323	0.00291	0.00453
44	0.00345	0.00293	0.00317	0.00317	0.00408	0.00248	0.01625	0.00417	0.00640	0.00770	0.02702	0.13105	0.76352	0.00737	0.00341	0.00099	0.00153	0.00624	0.00264	0.00243
45	0.00348	0.00305	0.00297	0.00296	0.00393	0.01499	0.00222	0.00421	0.00654	0.00772	0.02862	0.02721	0.86804	0.00718	0.00337	0.00096	0.00150	0.00598	0.00264	0.00243
46	0.00593	0.00508	0.00593	0.00424	0.00678	0.00381	0.00339	0.00720	0.00593	0.00932	0.00508	0.00593	0.00424	0.00212	0.00212	0.00042	0.00212	0.00169	0.00169	0.91697
47	0.00338	0.00290	0.00290	0.00290	0.00386	0.00241	0.00217	0.00410	0.00652	0.00773	0.02897	0.02752	0.88049	0.00724	0.00338	0.00097	0.00145	0.00604	0.00266	0.00241
48	0.00537	0.00449	0.00533	0.00418	0.00618	0.00347	0.00322	0.00646	0.00583	0.00886	0.00753	0.21003	0.00760	0.00368	0.00247	0.00059	0.00201	0.00317	0.00191	0.70762
49	0.00338	0.00290	0.00290	0.00290	0.00386	0.00241	0.00217	0.00410	0.00652	0.00773	0.02897	0.02752	0.88049	0.00724	0.00338	0.00097	0.00145	0.00604	0.00266	0.00241
50	0.00796	0.00629	0.00702	0.00520	0.00764	0.00589	0.00423	0.36319	0.00902	0.01290	0.00582	0.00632	0.00449	0.00266	0.00242	0.00060	0.00254	0.00206	0.00217	0.54156
51	0.00855	0.00658	0.05735	0.00581	0.00759	0.00652	0.00484	0.51227	0.01034	0.07129	0.00966	0.26734	0.00904	0.00501	0.00308	0.00095	0.00273	0.00419	0.00275	0.00408
52	0.00416	0.00277	0.00312	0.00312	0.00312	0.00277	0.00173	0.00416	0.00416	0.00555	0.00901	0.01872	0.01040	0.89949	0.01456	0.00277	0.00277	0.00416	0.00173	0.00173
53	0.00587	0.00492	0.00576	0.00431	0.00658	0.00386	0.00340	0.04357	0.00620	0.00947	0.00633	0.10401	0.00588	0.00293	0.00232	0.00052	0.00211	0.00244	0.00185	0.77768
54	0.00359	0.00254	0.00329	0.00384	0.00398	0.00240	0.00250	0.00401	0.00526	0.00701	0.01466	0.75403	0.01752	0.15445	0.00543	0.00142	0.00184	0.00748	0.00250	0.00223
55	0.00351	0.00250	0.00331	0.00395	0.00411	0.00234	0.00262	0.00399	0.00543	0.00723	0.01550	0.86401	0.01859	0.04302	0.00407	0.00122	0.00170	0.00798	0.00262	0.00230
56	0.00402	0.00292	0.00379	0.00357	0.00426	0.00269	0.00268	0.00535	0.00804	0.01133	0.84920	0.02159	0.05801	0.00590	0.00337	0.00090	0.00135	0.00520	0.00313	0.00269
57	0.01823	0.00309	0.00452	0.00451	0.00505	0.00358	0.00351	0.00522	0.00465	0.00689	0.00767	0.01111	0.00709	0.02047	0.84062	0.00439	0.00733	0.00303	0.03649	0.00257
58	0.00348	0.00250	0.00330	0.00394	0.00414	0.00233	0.00264	0.00399	0.00551	0.00732	0.01623	0.86680	0.04944	0.00890	0.00364	0.00115	0.00165	0.00806	0.00265	0.00233
59	0.00626	0.00626	0.00876	0.00751	0.00751	0.00876	0.00626	0.00688	0.00438	0.00688	0.00375	0.00626	0.00375	0.00501	0.00939	0.00125	0.89426	0.00250	0.00125	0.00313
60	0.01065	0.00784	0.00842	0.00650	0.00873	0.00867	0.00535	0.84605	0.01321	0.01770	0.00713	0.03361	0.00529	0.00360	0.00288	0.00087	0.00310	0.00274	0.00285	0.00479
61	0.00542	0.00511	0.00862	0.88123	0.03091	0.00636	0.00795	0.00733	0.00573	0.00733	0.00509	0.00762	0.00382	0.00286	0.00286	0.00095	0.00381	0.00254	0.00127	0.00319
62	0.00708	0.00680	0.01161	0.01755	0.88165	0.00680	0.00878	0.00878	0.00651	0.00934	0.00538	0.00708	0.00453	0.00255	0.00283	0.00085	0.00340	0.00255	0.00142	0.00453
63	0.00408	0.00279	0.00310	0.00310	0.00319	0.00274	0.00178	0.00415	0.00440	0.00576	0.01101	0.01960	0.09768	0.80998	0.01344	0.00259	0.00264	0.00435	0.00183	0.00180
64	0.00338	0.00290	0.00290	0.00290	0.00386	0.00241	0.00217	0.00410	0.00652	0.00773	0.02897	0.02752	0.88049	0.00724	0.00338	0.00097	0.00145	0.00604	0.00266	0.00241
65	0.03257	0.00512	0.00845	0.84949	0.01905	0.00640	0.00777	0.00733	0.00567	0.00746	0.00503	0.00751	0.00379	0.00289	0.00295	0.00096	0.02059	0.00251	0.00129	0.00317
66	0.01055	0.00776	0.00832	0.00642	0.00860	0.00858	0.00526	0.83085	0.01301	0.01743	0.00697	0.00743	0.00513	0.04603	0.00342	0.00095	0.00313	0.00265	0.00281	0.00471
67	0.00545	0.00378	0.00492	0.00522	0.00613	0.00385	0.00445	0.00767	0.12845	0.06742	0.01505	0.02751	0.05583	0.00702	0.00371	0.00122	0.00251	0.64404	0.00273	0.00304
68	0.00765	0.90121	0.01499	0.00489	0.00734	0.01132	0.00489	0.00856	0.00581	0.00673	0.00398	0.00459	0.00367	0.00245	0.00184	0.00061	0.00306	0.00153	0.00122	0.00367
69	0.63757	0.00539	0.00555	0.27803	0.00990	0.00640	0.00459	0.00807	0.00513	0.01113	0.00432	0.00557	0.00332	0.00272	0.00211	0.00091	0.00271	0.00186	0.00162	0.00312
70	0.01188	0.01542	0.04595	0.00513	0.00733	0.00430	0.00440	0.01310	0.00806	0.77721	0.06787	0.01027	0.00819	0.00364	0.00289	0.00088	0.00245	0.00298	0.00338	0.00468
71	0.00708	0.00680	0.01161	0.01755	0.88165	0.00680	0.00878	0.00878	0.00651	0.00934	0.00538	0.00708	0.00453	0.00255	0.00283	0.00085	0.00340	0.00255	0.00142	0.00453
72	0.01052	0.00776	0.00837	0.00651	0.00871	0.00858	0.00539	0.82004	0.02335	0.01749	0.00732	0.00814	0.00547	0.00365	0.00291	0.00088	0.00311	0.04418	0.00285	0.00475
73	0.86173	0.00550	0.00445	0.04522	0.00622	0.00638	0.00334	0.00845	0.00496	0.02730	0.00416	0.00487	0.00320	0.00268	0.00184	0.00089	0.00229	0.00162	0.00178	0.00313
74	0.00405	0.00292	0.00382	0.00360	0.00427	0.00270	0.00270	0.00540	0.00810	0.01147	0.88014	0.02136	0.02699	0.00585	0.00337	0.00090	0.00135	0.00517	0.00315	0.00270
75	0.00348	0.00249	0.00332	0.00398	0.00415	0.00232	0.00265	0.00398	0.00548	0.00730	0.01576	0.89762	0.01892	0.00896	0.00365	0.00116	0.00166	0.00813	0.00265	0.00232
76	0.00404	0.00292	0.00381	0.00358	0.00426	0.00269	0.00269	0.00537	0.00807	0.01140	0.86406	0.02148	0.04311	0.00587	0.00337	0.00090	0.00135	0.00519	0.00314	0.00269
77	0.00552	0.00520	0.00876	0.80531	0.09386	0.00634	0.00794	0.00739	0.00580	0.00749	0.00543	0.00784	0.01551	0.00289	0.00286	0.00094	0.00375	0.00259	0.00130	0.00328
78	0.01283	0.00487	0.00664	0.00509	0.00730	0.00420	0.00420	0.01394	0.00819	0.88363	0.01128	0.00973	0.00708	0.00354	0.00288	0.00088	0.00243	0.00288	0.00354	0.00487
79	0.01087	0.00812	0.00857	0.00660	0.00887	0.02642	0.00544	0.85493	0.01334	0.01780	0.00682	0.00683	0.00484	0.00342	0.00286	0.00086	0.00319	0.00256	0.00283	0.00483
80	0.00544	0.00492	0.00802	0.75710	0.01744	0.00613	0.00728	0.00722	0.00567	0.00761	0.00542	0.00784	0.00415	0.00303	0.00314	0.00094	0.05369	0.00255	0.08929	0.00313

[dist]
# distance from previous block
# <min> <max>
14	18

[block]
# block no. 1 follows, 102 sequences, length 16
# corresponding to MSA columns:
# 102-117
name=unknown_B
#
# <colnr> <probs for GDERKNQSTAVLIFYWHMCP>
#	G	D	E	R	K	N	Q	S	T	A	V	L	I	F	Y	W	H	M	C	P
0	0.00574	0.00527	0.00858	0.83725	0.01902	0.00651	0.00779	0.06135	0.00620	0.00798	0.00519	0.00758	0.00388	0.00290	0.00286	0.00095	0.00377	0.00254	0.00137	0.00328
1	0.00943	0.01132	0.00897	0.02896	0.24945	0.60653	0.00639	0.01044	0.00753	0.00762	0.00480	0.00604	0.00407	0.02293	0.00292	0.00082	0.00459	0.00210	0.00146	0.00361
2	0.01283	0.00487	0.00664	0.00509	0.00730	0.00420	0.00420	0.01394	0.00819	0.88363	0.01128	0.00973	0.00708	0.00354	0.00288	0.00088	0.00243	0.00288	0.00354	0.00487
3	0.00532	0.00372	0.00451	0.00453	0.00520	0.00376	0.00325	0.18525	0.00718	0.03515	0.01358	0.66084	0.01540	0.03308	0.00377	0.00114	0.00202	0.00670	0.00270	0.00291
4	0.00416	0.00277	0.00312	0.00312	0.00312	0.00277	0.00173	0.00416	0.00416	0.00555	0.00901	0.01872	0.01040	0.89949	0.01456	0.00277	0.00277	0.00416	0.00173	0.00173
5	0.00553	0.00468	0.00705	0.56519	0.01424	0.00544	0.00605	0.05740	0.00602	0.00815	0.00642	0.04455	0.00557	0.10766	0.00413	0.00111	0.00324	0.00291	0.07747	0.06720
6	0.00416	0.00277	0.00312	0.00312	0.00312	0.00277	0.00173	0.00416	0.00416	0.00555	0.00901	0.01872	0.01040	0.89949	0.01456	0.00277	0.00277	0.00416	0.00173	0.00173
7	0.00423	0.00294	0.00386	0.00367	0.00434	0.00271	0.00273	0.00550	0.00788	0.03426	0.78431	0.09484	0.02578	0.00605	0.00338	0.00092	0.00140	0.00536	0.00312	0.00272
8	0.00579	0.00494	0.00578	0.00422	0.00663	0.00373	0.00335	0.00702	0.00590	0.00921	0.00568	0.05604	0.00506	0.00250	0.00220	0.00047	0.00209	0.00206	0.00175	0.86557
9	0.00417	0.00291	0.00376	0.00364	0.00429	0.00267	0.00268	0.00533	0.00757	0.03330	0.67567	0.14139	0.06923	0.02606	0.00365	0.00098	0.00146	0.00554	0.00303	0.00267
10	0.00359	0.00258	0.00335	0.00389	0.00412	0.00239	0.00259	0.00407	0.00543	0.00723	0.01550	0.78270	0.04865	0.07325	0.00440	0.00125	0.00174	0.00762	0.00257	0.02308
11	0.00633	0.00639	0.00893	0.00761	0.00776	0.02736	0.03719	0.00704	0.00460	0.00701	0.00413	0.00695	0.00410	0.00494	0.00889	0.00123	0.82053	0.02456	0.00130	0.00315
12	0.00416	0.00277	0.00312	0.00312	0.00312	0.00277	0.00173	0.00416	0.00416	0.00555	0.00901	0.01872	0.01040	0.89949	0.01456	0.00277	0.00277	0.00416	0.00173	0.00173
13	0.00377	0.00278	0.00385	0.09769	0.00572	0.00278	0.00316	0.00442	0.00546	0.00732	0.01417	0.74212	0.01664	0.04553	0.00398	0.00119	0.00192	0.00722	0.02788	0.00240
14	0.00347	0.00253	0.00327	0.00387	0.00412	0.00233	0.00260	0.00400	0.00559	0.00735	0.01719	0.80386	0.11177	0.00877	0.00362	0.00114	0.00164	0.00790	0.00265	0.00233
15	0.00350	0.00258	0.00328	0.00384	0.00415	0.00237	0.00263	0.00406	0.00568	0.00741	0.01795	0.72799	0.16246	0.00864	0.00361	0.00113	0.00165	0.03206	0.00265	0.00235

[dist]
# distance from previous block
# <min> <max>
3	9

[block]
# block no. 2 follows, 102 sequences, length 17
# corresponding to MSA columns:
# 129-145
name=unknown_C
#
# <colnr> <probs for GDERKNQSTAVLIFYWHMCP>
#	G	D	E	R	K	N	Q	S	T	A	V	L	I	F	Y	W	H	M	C	P
0	0.01050	0.00779	0.00838	0.00640	0.00871	0.00849	0.00528	0.80649	0.01288	0.01736	0.00673	0.00680	0.00482	0.00333	0.00280	0.00083	0.00307	0.00251	0.00277	0.07407
1	0.00409	0.00306	0.00460	0.00460	0.00511	0.00357	0.00357	0.00511	0.00460	0.00664	0.00766	0.01124	0.00715	0.02145	0.88816	0.00460	0.00766	0.00306	0.00153	0.00255
2	0.00359	0.00253	0.00329	0.00384	0.00398	0.00240	0.00251	0.00401	0.00526	0.00702	0.01467	0.75492	0.01753	0.15355	0.00542	0.00142	0.00184	0.00749	0.00251	0.00223
3	0.00593	0.01453	0.85098	0.00809	0.01224	0.00673	0.01037	0.04225	0.00632	0.00940	0.00520	0.00607	0.00367	0.00274	0.00272	0.00090	0.00419	0.00213	0.00127	0.00425
4	0.01087	0.00801	0.00858	0.00658	0.00887	0.00887	0.00544	0.87211	0.01345	0.01802	0.00687	0.00687	0.00486	0.00343	0.00286	0.00086	0.00315	0.00257	0.00286	0.00486
5	0.00416	0.00277	0.00312	0.00312	0.00312	0.00277	0.00173	0.00416	0.00416	0.00555	0.00901	0.01872	0.01040	0.89949	0.01456	0.00277	0.00277	0.00416	0.00173	0.00173
6	0.00533	0.00267	0.00267	0.00267	0.00333	0.00267	0.00200	0.00666	0.00600	0.01066	0.00933	0.01066	0.00733	0.00333	0.00200	0.00067	0.00133	0.00267	0.91537	0.00267
7	0.87246	0.00550	0.00433	0.00383	0.00562	0.00630	0.00315	0.00869	0.00504	0.05818	0.00436	0.00491	0.00330	0.00270	0.00183	0.00088	0.00222	0.00162	0.00186	0.00319
8	0.00395	0.00285	0.00374	0.00366	0.00425	0.00263	0.00269	0.00516	0.00765	0.01076	0.73331	0.17021	0.02561	0.00638	0.00342	0.00094	0.00140	0.00567	0.00306	0.00263
9	0.00348	0.00249	0.00332	0.00398	0.00415	0.00232	0.00265	0.00398	0.00548	0.00730	0.01576	0.89762	0.01892	0.00896	0.00365	0.00116	0.00166	0.00813	0.00265	0.00232
10	0.03130	0.00378	0.00497	0.30982	0.00925	0.00428	0.00421	0.03998	0.00615	0.00985	0.00762	0.00930	0.00590	0.00315	0.00232	0.00078	0.00228	0.00259	0.53951	0.00294
11	0.00348	0.00249	0.00332	0.00398	0.00415	0.00232	0.00265	0.00398	0.00548	0.00730	0.01576	0.89762	0.01892	0.00896	0.00365	0.00116	0.00166	0.00813	0.00265	0.00232
12	0.00404	0.00338	0.00562	0.00535	0.00598	0.00316	0.15021	0.00486	0.00569	0.00762	0.01407	0.74646	0.01644	0.00785	0.00360	0.00113	0.00220	0.00732	0.00245	0.00258
13	0.00412	0.00278	0.00311	0.00311	0.00316	0.00275	0.00176	0.00416	0.00428	0.00566	0.01002	0.01916	0.05436	0.85441	0.01399	0.00268	0.00271	0.00425	0.00178	0.00177
14	0.00426	0.00276	0.00308	0.00308	0.00314	0.00276	0.00176	0.00439	0.00432	0.00601	0.00904	0.01799	0.01012	0.81860	0.01342	0.00258	0.00264	0.00402	0.08420	0.00182
15	0.00557	0.00480	0.00764	0.72220	0.01675	0.00585	0.00692	0.03598	0.00602	0.00820	0.00582	0.00808	0.00440	0.00295	0.00272	0.00090	0.00340	0.00256	0.14608	0.00315
16	0.00711	0.00614	0.00647	0.00582	0.00744	0.00711	0.00453	0.01520	0.87648	0.01196	0.01164	0.01067	0.00873	0.00388	0.00291	0.00097	0.00226	0.00323	0.00291	0.00453

[dist]
# distance from previous block
# <min> <max>
0	3

[block]
# block no. 3 follows, 102 sequences, length 13
# corresponding to MSA columns:
# 149-161
name=unknown_D
#
# <colnr> <probs for GDERKNQSTAVLIFYWHMCP>
#	G	D	E	R	K	N	Q	S	T	A	V	L	I	F	Y	W	H	M	C	P
0	0.00348	0.00249	0.00332	0.00398	0.00415	0.00232	0.00265	0.00398	0.00548	0.00730	0.01576	0.89762	0.01892	0.00896	0.00365	0.00116	0.00166	0.00813	0.00265	0.00232
1	0.00685	0.00515	0.00609	0.00440	0.00690	0.00401	0.00354	0.03400	0.00641	0.10709	0.00583	0.00638	0.00457	0.00232	0.00222	0.00049	0.00218	0.00185	0.00194	0.78779
2	0.00530	0.00489	0.00813	0.81909	0.01833	0.00606	0.00743	0.00705	0.00559	0.00716	0.00541	0.00854	0.00436	0.07697	0.00383	0.00110	0.00373	0.00268	0.00131	0.00306
3	0.00781	0.76263	0.01401	0.00522	0.00748	0.01093	0.00504	0.07982	0.00634	0.00767	0.00420	0.00490	0.00377	0.00271	0.00247	0.00068	0.06754	0.00169	0.00136	0.00373
4	0.00580	0.00530	0.00858	0.82851	0.01891	0.00654	0.00776	0.06988	0.00628	0.00808	0.00521	0.00757	0.00389	0.00290	0.00286	0.00095	0.00376	0.00254	0.00139	0.00330
5	0.01087	0.00801	0.00858	0.00658	0.00887	0.00887	0.00544	0.87211	0.01345	0.01802	0.00687	0.00687	0.00486	0.00343	0.00286	0.00086	0.00315	0.00257	0.00286	0.00486
6	0.01230	0.00483	0.00654	0.00508	0.00720	0.00425	0.00418	0.03386	0.00814	0.81588	0.01118	0.03085	0.00731	0.00420	0.02943	0.00100	0.00259	0.00300	0.00344	0.00474
7	0.00702	0.00714	0.04902	0.01715	0.84440	0.00679	0.00885	0.00879	0.00649	0.00933	0.00537	0.00703	0.00449	0.00256	0.00283	0.00085	0.00343	0.00253	0.00141	0.00452
8	0.11847	0.00522	0.00790	0.67242	0.01639	0.00639	0.00697	0.00741	0.00553	0.00807	0.00486	0.00707	0.00374	0.00294	0.00313	0.00094	0.06499	0.00237	0.00135	0.05383
9	0.00618	0.01418	0.83034	0.00796	0.01206	0.00649	0.01017	0.00936	0.00617	0.06318	0.00551	0.00627	0.00384	0.00277	0.00273	0.00090	0.00412	0.00216	0.00135	0.00427
10	0.00538	0.00491	0.00819	0.82961	0.01855	0.00609	0.00754	0.00717	0.00566	0.00736	0.00524	0.00778	0.00399	0.00311	0.00310	0.03064	0.00367	0.00254	0.03638	0.00309
11	0.01215	0.00500	0.00680	0.06007	0.00811	0.00454	0.00447	0.03399	0.03525	0.78160	0.01081	0.00956	0.00688	0.00351	0.00288	0.00089	0.00253	0.00286	0.00336	0.00475
12	0.00540	0.00519	0.00919	0.68938	0.01757	0.00609	0.12321	0.00724	0.00583	0.00756	0.00620	0.09292	0.00533	0.00338	0.00300	0.00097	0.00374	0.00319	0.00143	0.00319

[dist]
# distance from previous block
# <min> <max>
0	2

[block]
# block no. 4 follows, 102 sequences, length 6
# corresponding to MSA columns:
# 164-169
name=unknown_E
#
# <colnr> <probs for GDERKNQSTAVLIFYWHMCP>
#	G	D	E	R	K	N	Q	S	T	A	V	L	I	F	Y	W	H	M	C	P
0	0.00566	0.00535	0.00905	0.75587	0.15440	0.00642	0.00807	0.00754	0.00584	0.00763	0.00513	0.00754	0.00392	0.00281	0.00285	0.00094	0.00375	0.00254	0.00129	0.00339
1	0.00618	0.00559	0.00853	0.62306	0.09301	0.00668	0.00734	0.06914	0.13448	0.00892	0.00620	0.00797	0.00467	0.00302	0.00286	0.00094	0.00350	0.00265	0.00164	0.00361
2	0.00698	0.00719	0.05524	0.01483	0.62721	0.00688	0.08993	0.00977	0.13455	0.00970	0.00633	0.00761	0.00508	0.00274	0.00289	0.00088	0.00341	0.00271	0.00163	0.00445
3	0.45143	0.00485	0.00536	0.28855	0.00969	0.00568	0.00447	0.00766	0.00545	0.01068	0.04396	0.00723	0.00501	0.00296	0.00222	0.00088	0.00256	0.00219	0.13613	0.00304
4	0.00588	0.00620	0.01239	0.00935	0.01131	0.00603	0.54589	0.00762	0.00620	0.00852	0.00799	0.22276	0.00781	0.00421	0.00391	0.00101	0.08223	0.00437	0.00173	0.04459
5	0.00675	0.00566	0.00684	0.23200	0.01039	0.00657	0.00527	0.01260	0.57449	0.04934	0.01077	0.01065	0.04861	0.00376	0.00292	0.00096	0.00263	0.00317	0.00251	0.00410

[dist]
# distance from previous block
# <min> <max>
21	31

[block]
# block no. 5 follows, 102 sequences, length 26
# corresponding to MSA columns:
# 212-237
name=unknown_F
#
# <colnr> <probs for GDERKNQSTAVLIFYWHMCP>
#	G	D	E	R	K	N	Q	S	T	A	V	L	I	F	Y	W	H	M	C	P
0	0.00590	0.01458	0.85705	0.00810	0.01227	0.00671	0.01040	0.03627	0.00627	0.00934	0.00519	0.00606	0.00366	0.00274	0.00272	0.00090	0.00419	0.00213	0.00126	0.00425
1	0.75886	0.00529	0.00446	0.00390	0.00566	0.00593	0.00320	0.00886	0.00545	0.11306	0.05875	0.00626	0.00503	0.00295	0.00200	0.00089	0.00218	0.00192	0.00206	0.00328
2	0.00416	0.00277	0.00312	0.00312	0.00312	0.00277	0.00173	0.00416	0.00416	0.00555	0.00901	0.01872	0.01040	0.89949	0.01456	0.00277	0.00277	0.00416	0.00173	0.00173
3	0.80828	0.00539	0.00458	0.05136	0.00633	0.00622	0.01684	0.00820	0.00495	0.01222	0.00424	0.00512	0.00332	0.00286	0.00209	0.02338	0.00232	0.00168	0.02756	0.00306
4	0.00593	0.00513	0.00614	0.03439	0.00725	0.00411	0.00367	0.00719	0.00586	0.00915	0.00503	0.00600	0.00420	0.00227	0.00246	0.00048	0.04076	0.00176	0.00166	0.84658
5	0.04354	0.00296	0.00375	0.00368	0.00430	0.00279	0.00271	0.00527	0.00748	0.01077	0.68436	0.18071	0.02448	0.00628	0.00335	0.00095	0.00144	0.00556	0.00300	0.00265
6	0.01269	0.00532	0.00675	0.00522	0.00740	0.04254	0.00429	0.03438	0.00831	0.82499	0.01088	0.00947	0.00688	0.00351	0.00286	0.00088	0.00257	0.00282	0.00343	0.00480
7	0.00410	0.00275	0.00314	0.00319	0.00320	0.00274	0.00181	0.00414	0.00427	0.00569	0.00957	0.09182	0.01111	0.82541	0.01365	0.00264	0.00268	0.00449	0.00181	0.00178
8	0.00578	0.00492	0.00576	0.00422	0.00661	0.00372	0.00334	0.00700	0.00590	0.00919	0.00576	0.06245	0.00517	0.00255	0.00222	0.00047	0.00209	0.00210	0.00176	0.85900
9	0.00486	0.00310	0.00408	0.00374	0.00455	0.00284	0.00284	0.00619	0.00810	0.09220	0.79971	0.02029	0.02514	0.00563	0.00333	0.00090	0.00145	0.00496	0.00318	0.00290
10	0.00593	0.00511	0.00606	0.04422	0.00737	0.00400	0.00362	0.00738	0.02437	0.00928	0.00522	0.00611	0.00431	0.00219	0.00217	0.00046	0.00220	0.00177	0.00170	0.85655
11	0.00593	0.00508	0.00593	0.00424	0.00678	0.00381	0.00339	0.00720	0.00593	0.00932	0.00508	0.00593	0.00424	0.00212	0.00212	0.00042	0.00212	0.00169	0.00169	0.91697
12	0.01022	0.00888	0.12035	0.00678	0.00932	0.00858	0.00609	0.76201	0.01250	0.01688	0.00665	0.00676	0.00471	0.00334	0.00284	0.00086	0.00328	0.00252	0.00265	0.00478
13	0.01009	0.00744	0.00804	0.00629	0.00839	0.00816	0.00514	0.77309	0.01255	0.01685	0.00763	0.08791	0.00613	0.00391	0.00292	0.00088	0.00299	0.00306	0.00282	0.02574
14	0.75714	0.03225	0.00500	0.00410	0.00591	0.00674	0.00339	0.11086	0.00595	0.01320	0.00449	0.00509	0.00345	0.00276	0.00191	0.00087	0.00232	0.00170	0.02957	0.00331
15	0.85573	0.00550	0.00451	0.06594	0.00652	0.00641	0.00344	0.00833	0.00493	0.01245	0.00406	0.00485	0.00315	0.00267	0.00185	0.00089	0.00232	0.00162	0.00173	0.00310
16	0.01220	0.00485	0.00654	0.00500	0.00721	0.00415	0.00412	0.01332	0.00803	0.80825	0.02683	0.00969	0.00725	0.00349	0.00283	0.00085	0.00239	0.00284	0.00341	0.06674
17	0.00560	0.00297	0.00304	0.00293	0.00368	0.00303	0.00223	0.05347	0.00636	0.01095	0.00915	0.01047	0.00719	0.00385	0.02711	0.00079	0.00161	0.00267	0.84012	0.00278
18	0.03561	0.00296	0.00379	0.00374	0.00436	0.00279	0.00279	0.00528	0.00744	0.01063	0.66530	0.15004	0.02403	0.00637	0.00355	0.02077	0.00151	0.04346	0.00296	0.00262
19	0.73288	0.00601	0.07575	0.03876	0.00649	0.00610	0.00384	0.00802	0.00490	0.01165	0.00420	0.00522	0.00333	0.00328	0.00268	0.07803	0.00246	0.00171	0.00166	0.00304
20	0.76384	0.15859	0.00605	0.00395	0.00584	0.00725	0.00340	0.00843	0.00503	0.01179	0.00398	0.00464	0.00320	0.00262	0.00178	0.00084	0.00236	0.00155	0.00168	0.00320
21	0.00716	0.00363	0.00486	0.00424	0.00545	0.00327	0.00336	0.00842	0.00802	0.31570	0.51321	0.01811	0.01926	0.00519	0.00324	0.00093	0.00182	0.06744	0.00325	0.00345
22	0.00577	0.00503	0.00644	0.00474	0.00710	0.00391	0.06223	0.00705	0.00595	0.00913	0.00608	0.08571	0.00555	0.00275	0.00234	0.00053	0.00226	0.00238	0.00176	0.77329
23	0.00645	0.00507	0.00598	0.00430	0.00682	0.00384	0.00345	0.00771	0.00610	0.07523	0.00555	0.00622	0.00445	0.00223	0.00218	0.00046	0.00214	0.00178	0.00183	0.84822
24	0.00574	0.01479	0.88467	0.00815	0.01238	0.00664	0.01057	0.00906	0.00604	0.00906	0.00513	0.00604	0.00362	0.00272	0.00272	0.00091	0.00423	0.00211	0.00121	0.00423
25	0.00368	0.00312	0.00322	0.02357	0.00440	0.00273	0.00242	0.03387	0.00674	0.00807	0.02766	0.02636	0.83029	0.00701	0.00335	0.00096	0.00156	0.00584	0.00263	0.00252

[dist]
# distance from previous block
# <min> <max>
0	1

[block]
# block no. 6 follows, 102 sequences, length 12
# corresponding to MSA columns:
# 239-250
name=unknown_G
#
# <colnr> <probs for GDERKNQSTAVLIFYWHMCP>
#	G	D	E	R	K	N	Q	S	T	A	V	L	I	F	Y	W	H	M	C	P
0	0.00360	0.00263	0.00358	0.04226	0.00483	0.00252	0.00289	0.00422	0.00565	0.00757	0.07028	0.80353	0.01878	0.00850	0.00360	0.00114	0.00173	0.00770	0.00263	0.00238
1	0.00600	0.01444	0.83932	0.00807	0.01220	0.00676	0.01030	0.05374	0.00642	0.00952	0.00522	0.00608	0.00369	0.00275	0.00272	0.00090	0.00417	0.00214	0.00129	0.00426
2	0.01211	0.00487	0.00652	0.00506	0.00717	0.00431	0.00416	0.03581	0.03161	0.78650	0.06219	0.01037	0.00823	0.00368	0.00291	0.00089	0.00238	0.00301	0.00348	0.00473
3	0.00363	0.00265	0.00343	0.00393	0.00424	0.00242	0.00264	0.00416	0.00550	0.00736	0.01548	0.78994	0.05011	0.03774	0.00392	0.00117	0.00171	0.00759	0.00257	0.04981
4	0.01092	0.00547	0.00671	0.00541	0.00745	0.00541	0.00438	0.07018	0.27909	0.55568	0.01111	0.00984	0.00745	0.00364	0.00289	0.00091	0.00243	0.00297	0.00330	0.00476
5	0.00348	0.00249	0.00332	0.00398	0.00415	0.00232	0.00265	0.00398	0.00548	0.00730	0.01576	0.89762	0.01892	0.00896	0.00365	0.00116	0.00166	0.00813	0.00265	0.00232
6	0.00593	0.00508	0.00593	0.00424	0.00678	0.00381	0.00339	0.00720	0.00593	0.00932	0.00508	0.00593	0.00424	0.00212	0.00212	0.00042	0.00212	0.00169	0.00169	0.91697
7	0.00682	0.00596	0.00683	0.15806	0.00954	0.00698	0.00511	0.01384	0.72700	0.01116	0.01051	0.01015	0.00789	0.00370	0.00290	0.00097	0.00253	0.00311	0.00263	0.00430
8	0.01086	0.00828	0.00856	0.00662	0.00887	0.05059	0.00544	0.83127	0.01319	0.01750	0.00675	0.00679	0.00481	0.00341	0.00285	0.00085	0.00324	0.00254	0.00280	0.00479
9	0.00540	0.00508	0.00858	0.89262	0.01970	0.00635	0.00794	0.00731	0.00572	0.00731	0.00508	0.00762	0.00381	0.00286	0.00286	0.00095	0.00381	0.00254	0.00127	0.00318
10	0.00620	0.00790	0.12458	0.01036	0.01308	0.00646	0.63284	0.00846	0.00648	0.00892	0.00692	0.11720	0.00604	0.00325	0.00329	0.00097	0.00429	0.00376	0.00157	0.02743
11	0.00372	0.00277	0.00371	0.04164	0.00498	0.00259	0.00293	0.00433	0.00552	0.00743	0.01462	0.80189	0.01732	0.00826	0.00352	0.00110	0.00178	0.00747	0.00253	0.06189

[dist]
# distance from previous block
# <min> <max>
0	2

[block]
# block no. 7 follows, 102 sequences, length 32
# corresponding to MSA columns:
# 253-284
name=unknown_H
#
# <colnr> <probs for GDERKNQSTAVLIFYWHMCP>
#	G	D	E	R	K	N	Q	S	T	A	V	L	I	F	Y	W	H	M	C	P
0	0.00456	0.00330	0.00460	0.02255	0.00606	0.00330	0.00452	0.00587	0.00662	0.00862	0.04925	0.03120	0.04452	0.00770	0.00389	0.00128	0.00257	0.78431	0.00263	0.00264
1	0.01277	0.00496	0.00669	0.00513	0.00735	0.00434	0.00424	0.03896	0.00834	0.85839	0.01115	0.00965	0.00701	0.00354	0.00288	0.00088	0.00245	0.00287	0.00352	0.00487
2	0.00399	0.00288	0.00377	0.00364	0.00426	0.00266	0.00269	0.00526	0.00783	0.01105	0.79413	0.10856	0.02618	0.00616	0.00340	0.00093	0.00138	0.00547	0.00310	0.00266
3	0.89613	0.00560	0.00432	0.00383	0.00562	0.00648	0.00316	0.03080	0.00509	0.01297	0.00406	0.00470	0.00314	0.00267	0.00180	0.00088	0.00224	0.00158	0.00180	0.00314
4	0.00634	0.02386	0.00913	0.02413	0.08348	0.00860	0.00648	0.00709	0.00462	0.00710	0.00392	0.00632	0.00382	0.00470	0.00855	0.00120	0.78364	0.00249	0.00127	0.00326
5	0.00781	0.85294	0.01461	0.00503	0.00742	0.05900	0.00493	0.00872	0.00594	0.00674	0.00400	0.00462	0.00367	0.00247	0.00188	0.00062	0.00317	0.00155	0.00124	0.00365
6	0.00433	0.06506	0.00531	0.00462	0.00526	0.00411	0.00367	0.00535	0.00468	0.00665	0.00741	0.01078	0.00691	0.02014	0.82697	0.00432	0.00734	0.00296	0.00151	0.00263
7	0.00430	0.00325	0.00476	0.00488	0.00541	0.00371	0.00394	0.00539	0.00509	0.00714	0.00941	0.01640	0.00939	0.01735	0.62826	0.00363	0.04116	0.22212	0.00180	0.00260
8	0.00647	0.00686	0.01369	0.23766	0.19186	0.00692	0.47632	0.00861	0.00644	0.00873	0.00552	0.00756	0.00424	0.00255	0.00313	0.00094	0.00428	0.00299	0.00140	0.00382
9	0.00699	0.00703	0.01295	0.01615	0.66069	0.00691	0.22866	0.00888	0.00657	0.00930	0.00548	0.00724	0.00448	0.00251	0.00297	0.00088	0.00376	0.00276	0.00142	0.00436
10	0.00941	0.00493	0.00728	0.00794	0.22954	0.00453	0.00504	0.01072	0.00774	0.46690	0.20288	0.01164	0.01085	0.00380	0.00298	0.00088	0.00244	0.00330	0.00291	0.00430
11	0.00547	0.00487	0.00562	0.00546	0.07851	0.06163	0.00372	0.00647	0.00596	0.00846	0.00884	0.32124	0.00941	0.00463	0.00275	0.00074	0.00226	0.00405	0.00200	0.45792
12	0.00444	0.00319	0.00437	0.00479	0.00546	0.00312	0.00407	0.00575	0.00697	0.00928	0.23597	0.02938	0.03818	0.00736	0.00379	0.00120	0.00228	0.62499	0.00277	0.00265
13	0.00733	0.00747	0.00938	0.06036	0.45733	0.16149	0.00678	0.00876	0.00660	0.00881	0.00512	0.00648	0.00427	0.00253	0.00261	0.00073	0.00340	0.00221	0.00149	0.23686
14	0.00471	0.00387	0.00602	0.23155	0.00958	0.00411	0.05220	0.00610	0.00623	0.00806	0.01304	0.12996	0.06891	0.00640	0.00357	0.00116	0.00286	0.43666	0.00223	0.00279
15	0.00929	0.01047	0.00761	0.00674	0.00830	0.50795	0.00517	0.06937	0.23967	0.00918	0.00652	0.00683	0.00514	0.00327	0.00295	0.00081	0.04216	0.00228	0.00195	0.05435
16	0.00355	0.00290	0.00313	0.00308	0.00397	0.00249	0.00231	0.00443	0.00692	0.00868	0.24597	0.02595	0.66289	0.00689	0.00338	0.00095	0.00142	0.00582	0.00278	0.00249
17	0.00928	0.00753	0.04288	0.23253	0.01177	0.00814	0.00628	0.61785	0.01119	0.01494	0.00634	0.00703	0.00455	0.00326	0.00285	0.00088	0.00336	0.00255	0.00239	0.00441
18	0.00604	0.00596	0.00871	0.23316	0.01062	0.00815	0.00669	0.00699	0.00472	0.00699	0.00409	0.00661	0.00377	0.00446	0.00772	0.00118	0.66724	0.00251	0.00126	0.00314
19	0.62225	0.00521	0.00459	0.00389	0.00575	0.00547	0.00314	0.00781	0.00522	0.01161	0.01892	0.05381	0.00463	0.00291	0.00199	0.00078	0.00214	0.00200	0.00182	0.23603
20	0.68800	0.00616	0.00532	0.00448	0.00638	0.00704	0.00369	0.22860	0.00705	0.01416	0.00472	0.00521	0.00355	0.00285	0.00205	0.00088	0.00245	0.00181	0.00205	0.00355
21	0.00453	0.00347	0.00436	0.00376	0.00491	0.00298	0.00287	0.00586	0.00754	0.01092	0.65705	0.01743	0.02119	0.00490	0.00305	0.00078	0.00155	0.00429	0.00278	0.23579
22	0.00587	0.00363	0.00372	0.00353	0.00446	0.00389	0.00269	0.02138	0.22803	0.01110	0.00988	0.01061	0.00765	0.00347	0.00224	0.00075	0.00160	0.00281	0.66952	0.00317
23	0.00403	0.00345	0.00367	0.00324	0.00461	0.00277	0.00248	0.00489	0.00637	0.00813	0.02288	0.02202	0.65710	0.00594	0.00306	0.00083	0.00162	0.00493	0.00241	0.23557
24	0.00690	0.00341	0.00402	0.00358	0.00441	0.00326	0.00255	0.02993	0.00601	0.23134	0.00973	0.02597	0.00858	0.35834	0.00724	0.00157	0.00224	0.00339	0.28463	0.00291
25	0.00410	0.00311	0.00392	0.00433	0.00508	0.00293	0.00362	0.00517	0.00652	0.00820	0.02035	0.06436	0.34040	0.00770	0.00372	0.00118	0.00215	0.50799	0.00264	0.00254
26	0.00377	0.00269	0.00365	0.00431	0.00460	0.00257	0.00315	0.00448	0.00576	0.00762	0.01560	0.67701	0.01829	0.00869	0.00373	0.00120	0.00191	0.22592	0.00265	0.00240
27	0.68626	0.00487	0.00411	0.00372	0.00521	0.00547	0.00300	0.00764	0.00569	0.01248	0.22735	0.00891	0.00919	0.00347	0.00218	0.00089	0.00199	0.00247	0.00212	0.00300
28	0.00439	0.00347	0.00504	0.23025	0.00821	0.00363	0.00404	0.00588	0.00749	0.01041	0.65705	0.01786	0.02108	0.00509	0.00324	0.00091	0.00198	0.00450	0.00267	0.00282
29	0.00348	0.00252	0.00328	0.00389	0.00412	0.00233	0.00261	0.00399	0.00557	0.00734	0.01691	0.82221	0.09359	0.00881	0.00363	0.00114	0.00164	0.00795	0.00265	0.00233
30	0.00397	0.00315	0.00466	0.23053	0.00811	0.00335	0.00400	0.00483	0.00554	0.00730	0.01304	0.67073	0.01507	0.00740	0.00345	0.00111	0.00221	0.00671	0.00230	0.00254
31	0.01072	0.00793	0.00850	0.00655	0.00881	0.00880	0.00540	0.83699	0.04882	0.01778	0.00706	0.00702	0.00502	0.00345	0.00286	0.00086	0.00311	0.00260	0.00286	0.00485

[dist]
# distance from previous block
# <min> <max>
0	64

[block]
# block no. 8 follows, 102 sequences, length 49
# corresponding to MSA columns:
# 349-397
name=unknown_I
#
# <colnr> <probs for GDERKNQSTAVLIFYWHMCP>
#	G	D	E	R	K	N	Q	S	T	A	V	L	I	F	Y	W	H	M	C	P
0	0.01042	0.01319	0.00808	0.00750	0.02705	0.84434	0.00554	0.01118	0.00797	0.00704	0.00453	0.00537	0.00380	0.00347	0.02780	0.00085	0.00519	0.00189	0.00147	0.00332
1	0.00711	0.00614	0.00647	0.00582	0.00744	0.00711	0.00453	0.01520	0.87648	0.01196	0.01164	0.01067	0.00873	0.00388	0.00291	0.00097	0.00226	0.00323	0.00291	0.00453
2	0.00761	0.00781	0.01109	0.01605	0.75258	0.13711	0.00830	0.00917	0.00675	0.00900	0.00524	0.00679	0.00440	0.00261	0.00279	0.00083	0.00366	0.00244	0.00142	0.00435
3	0.00703	0.00674	0.01151	0.04512	0.85450	0.00678	0.00875	0.00873	0.00649	0.00928	0.00537	0.00710	0.00451	0.00256	0.00283	0.00085	0.00341	0.00255	0.00141	0.00449
4	0.00338	0.00290	0.00290	0.00290	0.00386	0.00241	0.00217	0.00410	0.00652	0.00773	0.02897	0.02752	0.88049	0.00724	0.00338	0.00097	0.00145	0.00604	0.00266	0.00241
5	0.00652	0.00841	0.12229	0.01132	0.01429	0.00701	0.73890	0.00899	0.00662	0.00909	0.00602	0.03557	0.00471	0.00265	0.00330	0.00096	0.00465	0.00337	0.00146	0.00385
6	0.00414	0.00277	0.00312	0.00314	0.00314	0.00276	0.00175	0.00416	0.00419	0.00558	0.00915	0.03701	0.01057	0.88095	0.01433	0.00274	0.00275	0.00424	0.00175	0.00175
7	0.00711	0.00614	0.00647	0.00582	0.00744	0.00711	0.00453	0.01520	0.87648	0.01196	0.01164	0.01067	0.00873	0.00388	0.00291	0.00097	0.00226	0.00323	0.00291	0.00453
8	0.00675	0.00771	0.01688	0.01205	0.01495	0.00723	0.87126	0.00916	0.00675	0.00916	0.00579	0.00771	0.00434	0.00241	0.00338	0.00096	0.00482	0.00338	0.00145	0.00386
9	0.00540	0.00508	0.00858	0.89262	0.01970	0.00635	0.00794	0.00731	0.00572	0.00731	0.00508	0.00762	0.00381	0.00286	0.00286	0.00095	0.00381	0.00254	0.00127	0.00318
10	0.00348	0.00249	0.00332	0.00398	0.00415	0.00232	0.00265	0.00398	0.00548	0.00730	0.01576	0.89762	0.01892	0.00896	0.00365	0.00116	0.00166	0.00813	0.00265	0.00232
11	0.00593	0.00508	0.00593	0.00424	0.00678	0.00381	0.00339	0.00720	0.00593	0.00932	0.00508	0.00593	0.00424	0.00212	0.00212	0.00042	0.00212	0.00169	0.00169	0.91697
12	0.00348	0.00249	0.00332	0.00398	0.00415	0.00232	0.00265	0.00398	0.00548	0.00730	0.01576	0.89762	0.01892	0.00896	0.00365	0.00116	0.00166	0.00813	0.00265	0.00232
13	0.89266	0.00551	0.00428	0.00380	0.00558	0.00635	0.00313	0.00857	0.00497	0.03879	0.00420	0.00480	0.00322	0.00268	0.00180	0.00088	0.00222	0.00159	0.00182	0.00315
14	0.01013	0.00756	0.00818	0.00625	0.00854	0.00813	0.00514	0.74680	0.01234	0.01673	0.00664	0.00681	0.00481	0.00352	0.01532	0.00085	0.00308	0.00247	0.00269	0.12401
15	0.00574	0.01479	0.88467	0.00815	0.01238	0.00664	0.01057	0.00906	0.00604	0.00906	0.00513	0.00604	0.00362	0.00272	0.00272	0.00091	0.00423	0.00211	0.00121	0.00423
16	0.00348	0.00249	0.00332	0.00398	0.00415	0.00232	0.00265	0.00398	0.00548	0.00730	0.01576	0.89762	0.01892	0.00896	0.00365	0.00116	0.00166	0.00813	0.00265	0.00232
17	0.00626	0.00626	0.00876	0.00751	0.00751	0.00876	0.00626	0.00688	0.00438	0.00688	0.00375	0.00626	0.00375	0.00501	0.00939	0.00125	0.89426	0.00250	0.00125	0.00313
18	0.00461	0.00329	0.00461	0.00527	0.00593	0.00329	0.00461	0.00593	0.00658	0.00856	0.01514	0.03226	0.01646	0.00790	0.00395	0.00132	0.00263	0.86240	0.00263	0.00263
19	0.91969	0.00553	0.00420	0.00376	0.00553	0.00642	0.00310	0.00841	0.00487	0.01283	0.00398	0.00465	0.00310	0.00265	0.00177	0.00088	0.00221	0.00155	0.00177	0.00310
20	0.00702	0.00672	0.01146	0.01732	0.86630	0.00672	0.00867	0.00869	0.00649	0.00931	0.00556	0.02265	0.00478	0.00266	0.00285	0.00085	0.00337	0.00265	0.00144	0.00449
21	0.00577	0.01457	0.85982	0.00842	0.03713	0.00665	0.01052	0.00905	0.00605	0.00907	0.00514	0.00607	0.00365	0.00271	0.00272	0.00090	0.00420	0.00213	0.00121	0.00424
22	0.00540	0.00508	0.00858	0.89262	0.01970	0.00635	0.00794	0.00731	0.00572	0.00731	0.00508	0.00762	0.00381	0.00286	0.00286	0.00095	0.00381	0.00254	0.00127	0.00318
23	0.00543	0.00276	0.00277	0.00274	0.00343	0.00278	0.00206	0.02239	0.00613	0.01080	0.00928	0.01059	0.00729	0.00333	0.00201	0.00067	0.00137	0.00266	0.89879	0.00271
24	0.00564	0.00296	0.00299	0.00288	0.00364	0.00301	0.00219	0.05445	0.00641	0.01107	0.00919	0.01045	0.00719	0.00334	0.00205	0.00068	0.00143	0.00266	0.86498	0.00279
25	0.00348	0.00249	0.00332	0.00398	0.00415	0.00232	0.00265	0.00398	0.00548	0.00730	0.01576	0.89762	0.01892	0.00896	0.00365	0.00116	0.00166	0.00813	0.00265	0.00232
26	0.00549	0.00525	0.00910	0.83692	0.01940	0.00641	0.06255	0.00742	0.00578	0.00742	0.00513	0.00763	0.00385	0.00283	0.00289	0.00095	0.00388	0.00259	0.00128	0.00322
27	0.90329	0.00558	0.00428	0.00381	0.00559	0.00646	0.00314	0.02400	0.00502	0.01293	0.00403	0.00469	0.00313	0.00267	0.00179	0.00088	0.00223	0.00157	0.00179	0.00313
