[name]
matR

[dist]
# distance from previous block
# <min> <max>
0	26

[block]
# block no. 0 follows, 121 sequences, length 35
# corresponding to MSA columns:
# 26-60
name=unknown_A
#
# <colnr> <probs for GDERKNQSTAVLIFYWHMCP>
#	G	D	E	R	K	N	Q	S	T	A	V	L	I	F	Y	W	H	M	C	P
0	0.00386	0.00281	0.00381	0.00431	0.00491	0.00276	0.00373	0.00494	0.00569	0.00732	0.01455	0.02742	0.12122	0.00677	0.00336	0.00110	0.00215	0.77476	0.00228	0.00226
1	0.00350	0.00253	0.00331	0.00311	0.00370	0.00233	0.00233	0.00467	0.00700	0.00992	0.89629	0.01848	0.02335	0.00506	0.00292	0.00078	0.00117	0.00448	0.00272	0.00233
2	0.00339	0.00255	0.00327	0.00348	0.00400	0.00224	0.00241	0.00394	0.00481	0.00663	0.01199	0.74956	0.01410	0.00670	0.00292	0.00089	0.00151	0.00604	0.00215	0.16741
3	0.00505	0.01237	0.85267	0.00691	0.01042	0.00572	0.00883	0.03251	0.00536	0.00798	0.00457	0.00552	0.00331	0.02514	0.00261	0.00082	0.00360	0.00188	0.00110	0.00362
4	0.00897	0.00659	0.00707	0.00547	0.00730	0.00727	0.00446	0.82222	0.01103	0.01478	0.00608	0.00672	0.00457	0.07194	0.00324	0.00087	0.00270	0.00233	0.00240	0.00400
5	0.00292	0.00251	0.00251	0.00251	0.00334	0.00209	0.00188	0.00355	0.00564	0.00668	0.02507	0.02381	0.89659	0.00627	0.00292	0.00084	0.00125	0.00522	0.00230	0.00209
6	0.00354	0.00265	0.00398	0.00398	0.00442	0.00309	0.00309	0.00442	0.00398	0.00574	0.00663	0.00972	0.00619	0.01856	0.90323	0.00398	0.00663	0.00265	0.00133	0.00221
7	0.00662	0.91452	0.01297	0.00423	0.00635	0.00979	0.00423	0.00741	0.00503	0.00582	0.00344	0.00397	0.00318	0.00212	0.00159	0.00053	0.00265	0.00132	0.00106	0.00318
8	0.00530	0.00442	0.00514	0.00380	0.00583	0.00353	0.00302	0.07216	0.00559	0.00850	0.00520	0.07206	0.00464	0.00235	0.00198	0.00044	0.00187	0.00193	0.00160	0.79064
9	0.00490	0.01235	0.86087	0.00688	0.01040	0.00560	0.00884	0.00770	0.00530	0.00793	0.04357	0.00581	0.00402	0.00247	0.00238	0.00078	0.00355	0.00194	0.00112	0.00360
10	0.00360	0.00240	0.00270	0.00270	0.00270	0.00240	0.00150	0.00360	0.00360	0.00480	0.00780	0.01619	0.00900	0.91303	0.01260	0.00240	0.00240	0.00360	0.00150	0.00150
11	0.00549	0.00450	0.00525	0.00377	0.00596	0.00350	0.00303	0.04514	0.00547	0.03345	0.00462	0.00526	0.00376	0.00192	0.00188	0.00039	0.00188	0.00153	0.00156	0.86166
12	0.00668	0.89271	0.01282	0.00429	0.00638	0.03138	0.00425	0.00747	0.00508	0.00583	0.00345	0.00398	0.00318	0.00213	0.00160	0.00053	0.00269	0.00133	0.00106	0.00317
13	0.00635	0.00527	0.00560	0.00501	0.00643	0.00606	0.00391	0.01311	0.85829	0.04530	0.01006	0.00920	0.00750	0.00335	0.00252	0.00084	0.00196	0.00279	0.00254	0.00393
14	0.00934	0.00691	0.00748	0.00588	0.02528	0.00764	0.00476	0.87190	0.01152	0.01545	0.00592	0.00594	0.00420	0.00296	0.00247	0.00074	0.00273	0.00223	0.00245	0.00420
15	0.00541	0.00541	0.00758	0.00650	0.00650	0.00758	0.00541	0.00596	0.00379	0.00596	0.00325	0.00541	0.00325	0.00433	0.00812	0.00108	0.90851	0.00217	0.00108	0.00271
16	0.00358	0.00239	0.00270	0.00272	0.00272	0.00239	0.00152	0.00359	0.00363	0.00484	0.00797	0.04240	0.00921	0.88653	0.01232	0.00236	0.00237	0.00370	0.00152	0.00151
17	0.00473	0.00447	0.00743	0.84339	0.01630	0.00565	0.00677	0.00630	0.00487	0.00630	0.00432	0.00651	0.00330	0.00261	0.00287	0.00084	0.06732	0.00220	0.00110	0.00275
18	0.00912	0.00673	0.00724	0.00558	0.00751	0.00740	0.00459	0.84195	0.01127	0.01514	0.00613	0.03243	0.00455	0.00308	0.00248	0.00074	0.00266	0.00235	0.00245	0.02660
19	0.93051	0.00479	0.00364	0.00325	0.00479	0.00555	0.00268	0.00727	0.00421	0.01110	0.00345	0.00402	0.00268	0.00230	0.00153	0.00077	0.00191	0.00134	0.00153	0.00268
20	0.00479	0.00462	0.00812	0.81990	0.01664	0.00557	0.09261	0.00648	0.00503	0.00648	0.00446	0.00660	0.00334	0.00244	0.00252	0.00083	0.00338	0.00227	0.00111	0.00281
21	0.93051	0.00479	0.00364	0.00325	0.00479	0.00555	0.00268	0.00727	0.00421	0.01110	0.00345	0.00402	0.00268	0.00230	0.00153	0.00077	0.00191	0.00134	0.00153	0.00268
22	0.00461	0.00286	0.00359	0.21124	0.00621	0.00313	0.00294	0.01861	0.00510	0.00829	0.00717	0.00913	0.00582	0.07613	0.00279	0.00078	0.00177	0.00238	0.62505	0.00237
23	0.00525	0.00518	0.00727	0.00628	0.00632	0.00719	0.00521	0.00582	0.00381	0.00594	0.00354	0.00578	0.00350	0.00555	0.08497	0.00133	0.83108	0.00221	0.00110	0.00266
24	0.00944	0.00688	0.00739	0.00567	0.00765	0.00759	0.00468	0.87199	0.01154	0.03308	0.00602	0.00599	0.00425	0.00297	0.00248	0.00074	0.00271	0.00223	0.00249	0.00421
25	0.00790	0.00354	0.00474	0.00388	0.00524	0.00314	0.00311	0.00904	0.02034	0.52020	0.37437	0.01257	0.01323	0.00389	0.00267	0.00077	0.00172	0.00331	0.00292	0.00344
26	0.00301	0.00215	0.00287	0.00345	0.00359	0.00201	0.00230	0.00345	0.00474	0.00632	0.01364	0.91142	0.01637	0.00775	0.00316	0.00100	0.00144	0.00703	0.00230	0.00201
27	0.00467	0.00440	0.00742	0.90709	0.01704	0.00550	0.00687	0.00632	0.00495	0.00632	0.00440	0.00660	0.00330	0.00247	0.00247	0.00082	0.00330	0.00220	0.00110	0.00275
28	0.00472	0.00450	0.00774	0.86775	0.01686	0.00553	0.04555	0.00639	0.00499	0.00639	0.00442	0.00660	0.00332	0.00246	0.00249	0.00083	0.00334	0.00223	0.00111	0.00277
29	0.00295	0.00251	0.00254	0.00255	0.00338	0.00210	0.00192	0.00358	0.00564	0.00670	0.02483	0.02390	0.87914	0.00628	0.00293	0.00084	0.00127	0.02255	0.00230	0.00209
30	0.00612	0.00588	0.01004	0.01519	0.89760	0.00588	0.00759	0.00759	0.00563	0.00808	0.00465	0.00612	0.00392	0.00220	0.00245	0.00073	0.00294	0.00220	0.00122	0.00392
31	0.02327	0.01264	0.88248	0.00698	0.01059	0.00574	0.00901	0.00783	0.00520	0.00790	0.00442	0.00520	0.00313	0.00235	0.00233	0.00078	0.00362	0.00182	0.00105	0.00364
32	0.00496	0.01280	0.90021	0.00705	0.01071	0.00575	0.00914	0.00784	0.00522	0.00784	0.00444	0.00522	0.00313	0.00235	0.00235	0.00078	0.00366	0.00183	0.00104	0.00366
33	0.00430	0.00215	0.00322	0.00322	0.00322	0.00215	0.00215	0.00322	0.00322	0.00430	0.00430	0.00752	0.00430	0.00860	0.00967	0.92800	0.00215	0.00215	0.00107	0.00107
34	0.88651	0.00477	0.00382	0.04621	0.00537	0.00555	0.00288	0.00723	0.00425	0.01088	0.00349	0.00414	0.00271	0.00231	0.00158	0.00077	0.00198	0.00138	0.00151	0.00268

[dist]
# distance from previous block
# <min> <max>
0	9

[block]
# block no. 1 follows, 121 sequences, length 13
# corresponding to MSA columns:
# 70-82
name=unknown_B
#
# <colnr> <probs for GDERKNQSTAVLIFYWHMCP>
#	G	D	E	R	K	N	Q	S	T	A	V	L	I	F	Y	W	H	M	C	P
0	0.00588	0.00486	0.00514	0.00459	0.00593	0.00543	0.00358	0.06656	0.64933	0.03242	0.01261	0.01173	0.17348	0.00387	0.00259	0.00083	0.00188	0.00321	0.00249	0.00360
1	0.00941	0.00693	0.00743	0.00569	0.00767	0.00767	0.00470	0.88935	0.01163	0.01560	0.00594	0.00594	0.00421	0.00297	0.00248	0.00074	0.00272	0.00223	0.00248	0.00421
2	0.00467	0.00440	0.00742	0.90709	0.01704	0.00550	0.00687	0.00632	0.00495	0.00632	0.00440	0.00660	0.00330	0.00247	0.00247	0.00082	0.00330	0.00220	0.00110	0.00275
3	0.00432	0.00228	0.00346	0.05392	0.00400	0.00234	0.00241	0.00340	0.00332	0.00441	0.00430	0.00747	0.00424	0.00825	0.00927	0.87600	0.00221	0.00215	0.00108	0.00117
4	0.00360	0.00240	0.00270	0.00270	0.00270	0.00240	0.00150	0.00360	0.00360	0.00480	0.00780	0.01619	0.00900	0.91303	0.01260	0.00240	0.00240	0.00360	0.00150	0.00150
5	0.00301	0.00215	0.00287	0.00345	0.00359	0.00201	0.00230	0.00345	0.00474	0.00632	0.01364	0.91142	0.01637	0.00775	0.00316	0.00100	0.00144	0.00703	0.00230	0.00201
6	0.00496	0.01280	0.90021	0.00705	0.01071	0.00575	0.00914	0.00784	0.00522	0.00784	0.00444	0.00522	0.00313	0.00235	0.00235	0.00078	0.00366	0.00183	0.00104	0.00366
7	0.00360	0.00240	0.00270	0.00270	0.00270	0.00240	0.00150	0.00360	0.00360	0.00480	0.00780	0.01619	0.00900	0.91303	0.01260	0.00240	0.00240	0.00360	0.00150	0.00150
8	0.00644	0.81799	0.10795	0.00454	0.00682	0.00936	0.00476	0.00746	0.00505	0.00604	0.00355	0.00410	0.00317	0.00214	0.00167	0.00056	0.00275	0.00138	0.00106	0.00323
9	0.00299	0.00251	0.00259	0.00257	0.00338	0.00212	0.00193	0.00367	0.00579	0.00703	0.11833	0.02324	0.80311	0.00614	0.00292	0.00083	0.00124	0.00514	0.00234	0.00212
10	0.00467	0.00440	0.00742	0.90709	0.01704	0.00550	0.00687	0.00632	0.00495	0.00632	0.00440	0.00660	0.00330	0.00247	0.00247	0.00082	0.00330	0.00220	0.00110	0.00275
11	0.00641	0.00642	0.00977	0.01438	0.81564	0.08851	0.00734	0.00781	0.00576	0.00790	0.00458	0.00597	0.00385	0.00224	0.00243	0.00073	0.00308	0.00215	0.00123	0.00382
12	0.00489	0.00263	0.00272	0.00261	0.00327	0.00270	0.00199	0.06530	0.00557	0.00951	0.00787	0.00903	0.00619	0.00356	0.04031	0.00073	0.00149	0.00232	0.82488	0.00243

[dist]
# distance from previous block
# <min> <max>
5	7

[block]
# block no. 2 follows, 121 sequences, length 35
# corresponding to MSA columns:
# 90-124
name=unknown_C
#
# <colnr> <probs for GDERKNQSTAVLIFYWHMCP>
#	G	D	E	R	K	N	Q	S	T	A	V	L	I	F	Y	W	H	M	C	P
0	0.00467	0.00440	0.00742	0.90709	0.01704	0.00550	0.00687	0.00632	0.00495	0.00632	0.00440	0.00660	0.00330	0.00247	0.00247	0.00082	0.00330	0.00220	0.00110	0.00275
1	0.00312	0.00220	0.00284	0.00331	0.00343	0.00208	0.00215	0.00347	0.00453	0.00604	0.01257	0.74824	0.01502	0.17276	0.00488	0.00126	0.00161	0.00641	0.00215	0.00192
2	0.00292	0.00251	0.00251	0.00251	0.00334	0.00209	0.00188	0.00355	0.00564	0.00668	0.02507	0.02381	0.89659	0.00627	0.00292	0.00084	0.00125	0.00522	0.00230	0.00209
3	0.00681	0.00569	0.01964	0.00513	0.00729	0.00527	0.08870	0.33930	0.00765	0.01089	0.00504	0.00559	0.00387	0.00229	0.00219	0.00056	0.00242	0.00190	0.00182	0.47795
4	0.00292	0.00251	0.00251	0.00251	0.00334	0.00209	0.00188	0.00355	0.00564	0.00668	0.02507	0.02381	0.89659	0.00627	0.00292	0.00084	0.00125	0.00522	0.00230	0.00209
5	0.00345	0.00234	0.00274	0.00289	0.00292	0.00230	0.00170	0.00356	0.00388	0.00518	0.00925	0.23935	0.01083	0.68737	0.01024	0.00205	0.00216	0.00446	0.00170	0.00163
6	0.00612	0.00588	0.01004	0.01519	0.89760	0.00588	0.00759	0.00759	0.00563	0.00808	0.00465	0.00612	0.00392	0.00220	0.00245	0.00073	0.00294	0.00220	0.00122	0.00392
7	0.00496	0.01280	0.90021	0.00705	0.01071	0.00575	0.00914	0.00784	0.00522	0.00784	0.00444	0.00522	0.00313	0.00235	0.00235	0.00078	0.00366	0.00183	0.00104	0.00366
8	0.00496	0.01280	0.90021	0.00705	0.01071	0.00575	0.00914	0.00784	0.00522	0.00784	0.00444	0.00522	0.00313	0.00235	0.00235	0.00078	0.00366	0.00183	0.00104	0.00366
9	0.00292	0.00251	0.00251	0.00251	0.00334	0.00209	0.00188	0.00355	0.00564	0.00668	0.02507	0.02381	0.89659	0.00627	0.00292	0.00084	0.00125	0.00522	0.00230	0.00209
10	0.05078	0.76188	0.05464	0.00448	0.00658	0.07472	0.00444	0.00760	0.00514	0.00619	0.00352	0.00407	0.00315	0.00217	0.00167	0.00056	0.00279	0.00137	0.00110	0.00315
11	0.00662	0.91452	0.01297	0.00423	0.00635	0.00979	0.00423	0.00741	0.00503	0.00582	0.00344	0.00397	0.00318	0.00212	0.00159	0.00053	0.00265	0.00132	0.00106	0.00318
12	0.00562	0.00467	0.00537	0.00391	0.00605	0.00381	0.00314	0.11498	0.00593	0.00896	0.00476	0.02201	0.00397	0.00208	0.00194	0.00042	0.00193	0.00166	0.00161	0.79718
13	0.00612	0.00588	0.01004	0.01519	0.89760	0.00588	0.00759	0.00759	0.00563	0.00808	0.00465	0.00612	0.00392	0.00220	0.00245	0.00073	0.00294	0.00220	0.00122	0.00392
14	0.00360	0.00240	0.00270	0.00270	0.00270	0.00240	0.00150	0.00360	0.00360	0.00480	0.00780	0.01619	0.00900	0.91303	0.01260	0.00240	0.00240	0.00360	0.00150	0.00150
15	0.00360	0.00240	0.00270	0.00270	0.00270	0.00240	0.00150	0.00360	0.00360	0.00480	0.00780	0.01619	0.00900	0.91303	0.01260	0.00240	0.00240	0.00360	0.00150	0.00150
16	0.00361	0.02553	0.00420	0.00398	0.00447	0.00326	0.00312	0.00449	0.00400	0.00575	0.00655	0.00958	0.00611	0.01815	0.88061	0.00389	0.00653	0.00262	0.00132	0.00223
17	0.00760	0.00584	0.00642	0.00483	0.00686	0.00584	0.00394	0.52349	0.00891	0.01240	0.00538	0.00584	0.00410	0.02219	0.00244	0.00063	0.00237	0.00196	0.00206	0.36690
18	0.00357	0.00304	0.00313	0.00304	0.00396	0.00288	0.00232	0.00539	0.17178	0.00737	0.02168	0.02109	0.69284	0.01833	0.00300	0.00087	0.00143	0.02953	0.00233	0.00243
19	0.00583	0.00649	0.01257	0.00930	0.01112	0.03198	0.63550	0.00747	0.00534	0.00736	0.00452	0.00629	0.00361	0.00268	0.00424	0.00089	0.23773	0.00269	0.00121	0.00316
20	0.00610	0.00595	0.01043	0.01479	0.82356	0.00591	0.08133	0.00762	0.00565	0.00807	0.00468	0.00617	0.00391	0.00219	0.00249	0.00074	0.00304	0.00226	0.00123	0.00387
21	0.00375	0.00298	0.00452	0.00419	0.03041	0.00277	0.08604	0.00493	0.00662	0.00930	0.69332	0.11126	0.02020	0.00498	0.00293	0.00081	0.00153	0.00453	0.00250	0.00244
22	0.00360	0.00240	0.00270	0.00270	0.00270	0.00240	0.00150	0.00360	0.00360	0.00480	0.00780	0.01619	0.00900	0.91303	0.01260	0.00240	0.00240	0.00360	0.00150	0.00150
23	0.00905	0.00666	0.00719	0.00557	0.00745	0.00738	0.00458	0.83494	0.01116	0.01497	0.00600	0.00628	0.00438	0.01881	0.04303	0.00092	0.00289	0.00227	0.00241	0.00407
24	0.03836	0.02924	0.00579	0.00432	0.00617	0.00382	0.00358	0.01151	0.00694	0.81471	0.04255	0.00854	0.00658	0.00309	0.00245	0.00076	0.00208	0.00250	0.00295	0.00407
25	0.90265	0.00477	0.00375	0.03045	0.00515	0.00555	0.00281	0.00725	0.00423	0.01096	0.00347	0.00410	0.00270	0.00230	0.00156	0.00077	0.00196	0.00137	0.00152	0.00268
26	0.00467	0.00440	0.00742	0.90709	0.01704	0.00550	0.00687	0.00632	0.00495	0.00632	0.00440	0.00660	0.00330	0.00247	0.00247	0.00082	0.00330	0.00220	0.00110	0.00275
27	0.00306	0.00220	0.00292	0.00345	0.00363	0.00204	0.00231	0.00350	0.00475	0.00635	0.01346	0.89353	0.01612	0.00764	0.00313	0.00099	0.00144	0.00692	0.00228	0.02029
28	0.02733	0.00257	0.00330	0.00313	0.00372	0.00241	0.00234	0.00469	0.00685	0.00983	0.84275	0.04904	0.02258	0.00508	0.00289	0.00079	0.00120	0.00448	0.00268	0.00233
29	0.93051	0.00479	0.00364	0.00325	0.00479	0.00555	0.00268	0.00727	0.00421	0.01110	0.00345	0.00402	0.00268	0.00230	0.00153	0.00077	0.00191	0.00134	0.00153	0.00268
30	0.77404	0.00453	0.00376	0.00332	0.00479	0.00510	0.00272	0.00738	0.00469	0.07619	0.08961	0.00573	0.00492	0.00262	0.00173	0.00077	0.00186	0.00173	0.00176	0.00276
31	0.00499	0.01259	0.86954	0.00717	0.01079	0.00576	0.03960	0.00784	0.00525	0.00784	0.00446	0.00527	0.00316	0.00234	0.00237	0.00079	0.00367	0.00187	0.00105	0.00365
32	0.00596	0.00571	0.00974	0.11925	0.79486	0.00584	0.00751	0.00745	0.00555	0.00788	0.00462	0.00618	0.00385	0.00224	0.00245	0.00075	0.00298	0.00220	0.00121	0.00378
33	0.91236	0.00477	0.00368	0.00328	0.00482	0.00551	0.00270	0.00737	0.00427	0.02864	0.00357	0.00411	0.00275	0.00231	0.00155	0.00077	0.00192	0.00136	0.00156	0.00271
34	0.00526	0.00449	0.00526	0.00389	0.01930	0.00345	0.00305	0.02897	0.00531	0.00826	0.00444	0.00517	0.00368	0.00187	0.00186	0.00038	0.00187	0.00150	0.00149	0.89051

[dist]
# distance from previous block
# <min> <max>
0	3

[block]
# block no. 3 follows, 121 sequences, length 33
# corresponding to MSA columns:
# 128-160
name=unknown_D
#
# <colnr> <probs for GDERKNQSTAVLIFYWHMCP>
#	G	D	E	R	K	N	Q	S	T	A	V	L	I	F	Y	W	H	M	C	P
0	0.00348	0.00253	0.00328	0.00309	0.00368	0.00233	0.00232	0.00463	0.00695	0.00980	0.86398	0.01868	0.05573	0.00510	0.00292	0.00078	0.00117	0.00450	0.00271	0.00233
1	0.00509	0.00431	0.00504	0.00369	0.00576	0.00331	0.00293	0.02397	0.00524	0.00811	0.00499	0.06047	0.00445	0.00222	0.00193	0.00041	0.00183	0.00182	0.00154	0.85288
2	0.00590	0.00623	0.00751	0.00648	0.00664	0.12234	0.00533	0.00646	0.00420	0.00597	0.00332	0.00529	0.00324	0.00410	0.00737	0.00103	0.79265	0.00209	0.00111	0.00273
3	0.00926	0.00679	0.00727	0.00559	0.00753	0.00751	0.00461	0.86189	0.01143	0.01540	0.00601	0.00604	0.00427	0.00297	0.00245	0.00074	0.00267	0.00223	0.03120	0.00415
4	0.00348	0.00252	0.00328	0.00311	0.00369	0.00232	0.00233	0.00461	0.00691	0.00975	0.85353	0.04633	0.03850	0.00516	0.00293	0.00079	0.00118	0.00457	0.00270	0.00232
5	0.00301	0.00215	0.00287	0.00345	0.00359	0.00201	0.00230	0.00345	0.00474	0.00632	0.01364	0.91142	0.01637	0.00775	0.00316	0.00100	0.00144	0.00703	0.00230	0.00201
6	0.00301	0.00215	0.00287	0.00345	0.00359	0.00201	0.00230	0.00345	0.00474	0.00632	0.01364	0.91142	0.01637	0.00775	0.00316	0.00100	0.00144	0.00703	0.00230	0.00201
7	0.00921	0.00687	0.00759	0.00627	0.06200	0.00756	0.00488	0.83552	0.01127	0.01514	0.00586	0.00595	0.00419	0.00292	0.00247	0.00074	0.00274	0.00223	0.00240	0.00419
8	0.01110	0.00421	0.00574	0.00440	0.00632	0.00364	0.00364	0.01206	0.00708	0.89931	0.00976	0.00842	0.00613	0.00306	0.00249	0.00077	0.00211	0.00249	0.00306	0.00421
9	0.00301	0.00215	0.00287	0.00345	0.00359	0.00201	0.00230	0.00345	0.00474	0.00632	0.01364	0.91142	0.01637	0.00775	0.00316	0.00100	0.00144	0.00703	0.00230	0.00201
10	0.00494	0.00389	0.00463	0.00371	0.00534	0.00313	0.00285	0.03926	0.00534	0.03996	0.00713	0.24861	0.00718	0.00351	0.00224	0.00057	0.00177	0.00303	0.00179	0.61112
11	0.87520	0.05925	0.00420	0.00331	0.00488	0.00581	0.00277	0.00728	0.00426	0.01079	0.00345	0.00402	0.00271	0.00229	0.00153	0.00075	0.00196	0.00134	0.00150	0.00271
12	0.00905	0.01143	0.00720	0.00691	0.06211	0.84819	0.00495	0.00974	0.00693	0.00618	0.00388	0.00456	0.00323	0.00253	0.00224	0.00064	0.00437	0.00163	0.00127	0.00293
13	0.00292	0.00251	0.00251	0.00251	0.00334	0.00209	0.00188	0.00355	0.00564	0.00668	0.02507	0.02381	0.89659	0.00627	0.00292	0.00084	0.00125	0.00522	0.00230	0.00209
14	0.00354	0.00265	0.00398	0.00398	0.00442	0.00309	0.00309	0.00442	0.00398	0.00574	0.00663	0.00972	0.00619	0.01856	0.90323	0.00398	0.00663	0.00265	0.00133	0.00221
15	0.00301	0.00215	0.00287	0.00345	0.00359	0.00201	0.00230	0.00345	0.00474	0.00632	0.01364	0.91142	0.01637	0.00775	0.00316	0.00100	0.00144	0.00703	0.00230	0.00201
16	0.00554	0.00562	0.00756	0.00649	0.00653	0.03614	0.00539	0.00608	0.00389	0.00596	0.00327	0.00538	0.00325	0.00427	0.00793	0.00107	0.87967	0.00215	0.00109	0.00271
17	0.00612	0.00588	0.01004	0.01519	0.89760	0.00588	0.00759	0.00759	0.00563	0.00808	0.00465	0.00612	0.00392	0.00220	0.00245	0.00073	0.00294	0.00220	0.00122	0.00392
18	0.00301	0.00215	0.00287	0.00345	0.00359	0.00201	0.00230	0.00345	0.00474	0.00632	0.01364	0.91142	0.01637	0.00775	0.00316	0.00100	0.00144	0.00703	0.00230	0.00201
19	0.00662	0.91452	0.01297	0.00423	0.00635	0.00979	0.00423	0.00741	0.00503	0.00582	0.00344	0.00397	0.00318	0.00212	0.00159	0.00053	0.00265	0.00132	0.00106	0.00318
20	0.00584	0.00668	0.01460	0.01043	0.01293	0.00626	0.88861	0.00793	0.00584	0.00793	0.00501	0.00668	0.00375	0.00209	0.00292	0.00083	0.00417	0.00292	0.00125	0.00334
21	0.00503	0.04777	0.86580	0.00694	0.01054	0.00590	0.00895	0.00782	0.00522	0.00776	0.00440	0.00518	0.00314	0.00234	0.00232	0.00077	0.00362	0.00181	0.00105	0.00364
22	0.00292	0.00251	0.00251	0.00251	0.00334	0.00209	0.00188	0.00355	0.00564	0.00668	0.02507	0.02381	0.89659	0.00627	0.00292	0.00084	0.00125	0.00522	0.00230	0.00209
23	0.85068	0.00475	0.00396	0.08119	0.00584	0.00555	0.00304	0.00719	0.00427	0.01069	0.00353	0.00424	0.00273	0.00231	0.00161	0.00077	0.00203	0.00141	0.00149	0.00269
24	0.00467	0.00440	0.00742	0.90709	0.01704	0.00550	0.00687	0.00632	0.00495	0.00632	0.00440	0.00660	0.00330	0.00247	0.00247	0.00082	0.00330	0.00220	0.00110	0.00275
25	0.00292	0.00251	0.00251	0.00251	0.00334	0.00209	0.00188	0.00355	0.00564	0.00668	0.02507	0.02381	0.89659	0.00627	0.00292	0.00084	0.00125	0.00522	0.00230	0.00209
26	0.00480	0.00465	0.00821	0.80822	0.01659	0.00558	0.10409	0.00650	0.00505	0.00650	0.00447	0.00661	0.00335	0.00243	0.00252	0.00083	0.00339	0.00228	0.00112	0.00281
27	0.00581	0.00681	0.03680	0.01028	0.01277	0.00627	0.85180	0.00789	0.00579	0.00789	0.00496	0.00662	0.00373	0.00213	0.00299	0.00084	0.01916	0.00288	0.00124	0.00334
28	0.00612	0.00588	0.01004	0.01519	0.89760	0.00588	0.00759	0.00759	0.00563	0.00808	0.00465	0.00612	0.00392	0.00220	0.00245	0.00073	0.00294	0.00220	0.00122	0.00392
29	0.00394	0.00325	0.00476	0.00452	0.00487	0.00407	0.00360	0.00475	0.00394	0.00579	0.00590	0.00879	0.00555	0.01547	0.70918	0.00335	0.20214	0.00255	0.00127	0.00232
30	0.00512	0.01259	0.86807	0.00700	0.01060	0.00582	0.00898	0.03957	0.00546	0.00812	0.00449	0.00525	0.00317	0.00237	0.00236	0.00078	0.00362	0.00184	0.00110	0.00368
31	0.00292	0.00251	0.00251	0.00251	0.00334	0.00209	0.00188	0.00355	0.00564	0.00668	0.02507	0.02381	0.89659	0.00627	0.00292	0.00084	0.00125	0.00522	0.00230	0.00209
32	0.00522	0.00445	0.00518	0.00372	0.00590	0.00341	0.00298	0.02052	0.01949	0.00822	0.00451	0.00521	0.00374	0.00188	0.00185	0.00038	0.00185	0.00150	0.00150	0.89849

[dist]
# distance from previous block
# <min> <max>
0	3

[block]
# block no. 4 follows, 121 sequences, length 7
# corresponding to MSA columns:
# 164-170
name=unknown_E
#
# <colnr> <probs for GDERKNQSTAVLIFYWHMCP>
#	G	D	E	R	K	N	Q	S	T	A	V	L	I	F	Y	W	H	M	C	P
0	0.00487	0.00460	0.00777	0.78854	0.13408	0.00555	0.00697	0.00649	0.00504	0.00656	0.00443	0.00653	0.00338	0.00244	0.00247	0.00081	0.00325	0.00220	0.00112	0.00290
1	0.00300	0.00251	0.00261	0.00259	0.00339	0.00212	0.00194	0.00370	0.00582	0.00710	0.13807	0.02312	0.78333	0.00611	0.00292	0.00083	0.00124	0.00513	0.00235	0.00212
2	0.00467	0.00440	0.00742	0.90709	0.01704	0.00550	0.00687	0.00632	0.00495	0.00632	0.00440	0.00660	0.00330	0.00247	0.00247	0.00082	0.00330	0.00220	0.00110	0.00275
3	0.00852	0.00626	0.00679	0.00538	0.00710	0.00688	0.00437	0.76576	0.01067	0.01430	0.00701	0.13225	0.00590	0.00364	0.00257	0.00078	0.00254	0.00290	0.00245	0.00390
4	0.00347	0.00250	0.00327	0.00314	0.00369	0.00231	0.00233	0.00458	0.00683	0.00965	0.82956	0.08600	0.02282	0.00526	0.00294	0.00080	0.00119	0.00467	0.00269	0.00231
5	0.00318	0.00233	0.00305	0.00346	0.00377	0.00211	0.00235	0.00367	0.00477	0.00646	0.01290	0.83912	0.01535	0.00728	0.00305	0.00095	0.00147	0.00659	0.00223	0.07589
6	0.00343	0.00241	0.00308	0.00350	0.00376	0.00232	0.00239	0.04963	0.00512	0.00695	0.01295	0.81744	0.01521	0.00725	0.00305	0.00097	0.00149	0.00654	0.05037	0.00214

[dist]
# distance from previous block
# <min> <max>
3	12

[block]
# block no. 5 follows, 121 sequences, length 25
# corresponding to MSA columns:
# 184-208
name=unknown_F
#
# <colnr> <probs for GDERKNQSTAVLIFYWHMCP>
#	G	D	E	R	K	N	Q	S	T	A	V	L	I	F	Y	W	H	M	C	P
0	0.00662	0.91452	0.01297	0.00423	0.00635	0.00979	0.00423	0.00741	0.00503	0.00582	0.00344	0.00397	0.00318	0.00212	0.00159	0.00053	0.00265	0.00132	0.00106	0.00318
1	0.00662	0.91452	0.01297	0.00423	0.00635	0.00979	0.00423	0.00741	0.00503	0.00582	0.00344	0.00397	0.00318	0.00212	0.00159	0.00053	0.00265	0.00132	0.00106	0.00318
2	0.00584	0.00668	0.01460	0.01043	0.01293	0.00626	0.88861	0.00793	0.00584	0.00793	0.00501	0.00668	0.00375	0.00209	0.00292	0.00083	0.00417	0.00292	0.00125	0.00334
3	0.00510	0.01262	0.87215	0.00701	0.01061	0.00581	0.00900	0.03555	0.00543	0.00808	0.00449	0.00525	0.00317	0.00237	0.00235	0.00078	0.00363	0.00184	0.00109	0.00367
4	0.00848	0.07911	0.00797	0.00765	0.15257	0.67631	0.00521	0.00926	0.00659	0.00637	0.00392	0.00471	0.00331	0.00249	0.00230	0.00065	0.01711	0.00168	0.00125	0.00306
5	0.00829	0.00618	0.00679	0.00529	0.00711	0.00669	0.00433	0.69571	0.01008	0.01368	0.00586	0.00629	0.00438	0.00464	0.10592	0.00108	0.00308	0.00220	0.00224	0.10018
6	0.83992	0.00484	0.00395	0.03553	0.00534	0.00560	0.00292	0.04959	0.00463	0.01113	0.01649	0.00441	0.00307	0.00238	0.00163	0.00077	0.00199	0.00146	0.00158	0.00275
7	0.00510	0.01197	0.79295	0.00803	0.11758	0.00576	0.00896	0.00781	0.00527	0.00787	0.00447	0.00533	0.00323	0.00233	0.00236	0.00078	0.00357	0.00187	0.00107	0.00369
8	0.00496	0.01280	0.90021	0.00705	0.01071	0.00575	0.00914	0.00784	0.00522	0.00784	0.00444	0.00522	0.00313	0.00235	0.00235	0.00078	0.00366	0.00183	0.00104	0.00366
9	0.16272	0.00476	0.05225	0.00435	0.00629	0.00406	0.00377	0.01105	0.00651	0.70583	0.00844	0.00753	0.00540	0.00290	0.00232	0.00077	0.00216	0.00226	0.00270	0.00393
10	0.04573	0.00628	0.00678	0.00531	0.00704	0.00694	0.00432	0.75013	0.01035	0.01409	0.00565	0.00605	0.00416	0.00360	0.00328	0.10942	0.00262	0.00218	0.00227	0.00378
11	0.00385	0.00290	0.00410	0.00362	0.00391	0.00284	0.10548	0.00410	0.00388	0.00519	0.00757	0.03096	0.00851	0.79021	0.01129	0.00219	0.00259	0.00358	0.00148	0.00172
12	0.00883	0.11742	0.00765	0.00608	0.00744	0.78138	0.00469	0.00949	0.00672	0.00602	0.00383	0.00450	0.00324	0.00280	0.01919	0.00069	0.00429	0.00158	0.00125	0.00289
13	0.02325	0.00437	0.00588	0.00458	0.00628	0.00410	0.00378	0.01083	0.00651	0.71429	0.00850	0.00776	0.00555	0.00311	0.00309	0.00077	0.10831	0.00236	0.00269	0.07399
14	0.00513	0.00440	0.00513	0.00367	0.00586	0.00330	0.00293	0.00623	0.00513	0.00806	0.00440	0.00513	0.00367	0.00183	0.00183	0.00037	0.00183	0.00147	0.00147	0.92816
15	0.00584	0.00668	0.01460	0.01043	0.01293	0.00626	0.88861	0.00793	0.00584	0.00793	0.00501	0.00668	0.00375	0.00209	0.00292	0.00083	0.00417	0.00292	0.00125	0.00334
16	0.05569	0.86620	0.01247	0.00418	0.00627	0.00957	0.00415	0.00740	0.00498	0.00610	0.00344	0.00397	0.00315	0.00213	0.00158	0.00054	0.00261	0.00132	0.00108	0.00315
17	0.00837	0.01012	0.00707	0.00713	0.11164	0.68747	0.00492	0.04040	0.00680	0.00664	0.00484	0.00563	0.03265	0.00352	0.05153	0.00084	0.00424	0.00186	0.00135	0.00298
18	0.03766	0.00449	0.00752	0.84564	0.01647	0.00552	0.03552	0.00641	0.00495	0.00654	0.00438	0.00651	0.00329	0.00246	0.00246	0.00082	0.00328	0.00219	0.00112	0.00277
19	0.01052	0.00434	0.00573	0.00448	0.00633	0.00393	0.00367	0.01219	0.11093	0.79512	0.00980	0.00852	0.00629	0.00310	0.00249	0.00077	0.00209	0.00252	0.00300	0.00418
20	0.00317	0.00264	0.00320	0.10877	0.00501	0.00248	0.00257	0.00388	0.00535	0.00661	0.04202	0.23970	0.54209	0.01743	0.00305	0.00089	0.00155	0.00527	0.00216	0.00215
21	0.00292	0.00251	0.00251	0.00251	0.00334	0.00209	0.00188	0.00355	0.00564	0.00668	0.02507	0.02381	0.89659	0.00627	0.00292	0.00084	0.00125	0.00522	0.00230	0.00209
22	0.00347	0.00250	0.00329	0.00323	0.00376	0.00232	0.00242	0.00455	0.00667	0.00936	0.74458	0.12365	0.02203	0.00547	0.00297	0.00082	0.00126	0.05267	0.00265	0.00229
23	0.85679	0.05266	0.02866	0.00341	0.00503	0.00578	0.00294	0.00730	0.00428	0.01074	0.00347	0.00405	0.00272	0.00229	0.00156	0.00075	0.00200	0.00135	0.00149	0.00273
24	0.11386	0.00483	0.00707	0.64946	0.04652	0.00581	0.00612	0.12319	0.00577	0.00817	0.00450	0.00619	0.00337	0.00251	0.00236	0.00080	0.00305	0.00210	0.00134	0.00298

[dist]
# distance from previous block
# <min> <max>
4	7

[block]
# block no. 6 follows, 121 sequences, length 12
# corresponding to MSA columns:
# 216-227
name=unknown_G
#
# <colnr> <probs for GDERKNQSTAVLIFYWHMCP>
#	G	D	E	R	K	N	Q	S	T	A	V	L	I	F	Y	W	H	M	C	P
0	0.00600	0.00575	0.00981	0.09354	0.82025	0.00585	0.00753	0.00748	0.00557	0.00793	0.00463	0.00617	0.00387	0.00223	0.00245	0.00074	0.00297	0.00220	0.00121	0.00382
1	0.01029	0.00460	0.00587	0.00460	0.00645	0.00433	0.00377	0.08927	0.12648	0.70229	0.00947	0.00831	0.00615	0.00309	0.00249	0.00077	0.00214	0.00251	0.00294	0.00417
2	0.01016	0.00480	0.00600	0.00470	0.00655	0.00463	0.00385	0.15415	0.12722	0.63653	0.00919	0.00813	0.00601	0.00309	0.00249	0.00077	0.00219	0.00249	0.00289	0.00417
3	0.00354	0.00238	0.00272	0.00277	0.00279	0.00236	0.00158	0.00358	0.00371	0.00495	0.00837	0.10334	0.00971	0.82491	0.01168	0.00226	0.00231	0.00393	0.00158	0.00155
4	0.00579	0.00603	0.00752	0.00648	0.00661	0.09476	0.00535	0.00634	0.00410	0.00597	0.00330	0.00532	0.00324	0.00416	0.00755	0.00104	0.82050	0.00211	0.00110	0.00272
5	0.00941	0.00693	0.00743	0.00569	0.00767	0.00767	0.00470	0.88935	0.01163	0.01560	0.00594	0.00594	0.00421	0.00297	0.00248	0.00074	0.00272	0.00223	0.00248	0.00421
6	0.00301	0.00215	0.00287	0.00345	0.00359	0.00201	0.00230	0.00345	0.00474	0.00632	0.01364	0.91142	0.01637	0.00775	0.00316	0.00100	0.00144	0.00703	0.00230	0.00201
7	0.00347	0.00251	0.00328	0.00313	0.00369	0.00231	0.00233	0.00459	0.00686	0.00970	0.84179	0.07363	0.02292	0.00523	0.00293	0.00079	0.00118	0.00463	0.00270	0.00231
8	0.00893	0.00658	0.00709	0.00553	0.00737	0.00726	0.00453	0.82383	0.01112	0.01491	0.00651	0.07291	0.00511	0.00332	0.00253	0.00076	0.00263	0.00258	0.00246	0.00405
9	0.00941	0.00693	0.00743	0.00569	0.00767	0.00767	0.00470	0.88935	0.01163	0.01560	0.00594	0.00594	0.00421	0.00297	0.00248	0.00074	0.00272	0.00223	0.00248	0.00421
10	0.00432	0.00216	0.00317	0.00317	0.00320	0.00216	0.00212	0.00338	0.00334	0.00460	0.00453	0.00762	0.00442	0.00825	0.00919	0.87203	0.00209	0.00216	0.05694	0.00115
11	0.00541	0.00541	0.00758	0.00650	0.00650	0.00758	0.00541	0.00596	0.00379	0.00596	0.00325	0.00541	0.00325	0.00433	0.00812	0.00108	0.90851	0.00217	0.00108	0.00271

[dist]
# distance from previous block
# <min> <max>
4	9

[block]
# block no. 7 follows, 121 sequences, length 11
# corresponding to MSA columns:
# 237-247
name=unknown_H
#
# <colnr> <probs for GDERKNQSTAVLIFYWHMCP>
#	G	D	E	R	K	N	Q	S	T	A	V	L	I	F	Y	W	H	M	C	P
0	0.00463	0.00431	0.00722	0.85499	0.01636	0.00534	0.00671	0.00625	0.00499	0.00639	0.00490	0.00783	0.00393	0.00273	0.00253	0.00084	0.00324	0.05292	0.00117	0.00272
1	0.88511	0.00477	0.00382	0.04758	0.00539	0.00555	0.00289	0.00723	0.00425	0.01087	0.00349	0.00415	0.00271	0.00231	0.00158	0.00077	0.00198	0.00138	0.00151	0.00268
2	0.00674	0.87026	0.01268	0.00434	0.00641	0.05360	0.00426	0.00753	0.00513	0.00583	0.00346	0.00399	0.00318	0.00214	0.00162	0.00053	0.00274	0.00134	0.00107	0.00316
3	0.00584	0.00668	0.01460	0.01043	0.01293	0.00626	0.88861	0.00793	0.00584	0.00793	0.00501	0.00668	0.00375	0.00209	0.00292	0.00083	0.00417	0.00292	0.00125	0.00334
4	0.00616	0.00595	0.00958	0.04483	0.78414	0.02986	0.00725	0.00798	0.06492	0.00812	0.00499	0.00630	0.00412	0.00230	0.00245	0.00074	0.00293	0.00223	0.00131	0.00385
5	0.00586	0.00509	0.00636	0.27899	0.03586	0.00596	0.00498	0.06921	0.51393	0.00933	0.00800	0.00865	0.00612	0.00313	0.00252	0.00083	0.00245	0.02715	0.00204	0.00354
6	0.00551	0.00463	0.00534	0.00385	0.00603	0.00369	0.00309	0.08547	0.00571	0.00874	0.00454	0.00520	0.00371	0.00193	0.00189	0.00040	0.00191	0.00153	0.00156	0.84526
7	0.00378	0.00254	0.00287	0.00283	0.00290	0.00257	0.00164	0.03372	0.00391	0.00522	0.00793	0.04629	0.00908	0.85129	0.01193	0.00230	0.00238	0.00367	0.00156	0.00161
8	0.05223	0.00263	0.00329	0.00312	0.00374	0.00249	0.00234	0.00473	0.00674	0.00978	0.79581	0.04865	0.04515	0.00504	0.00285	0.00079	0.00122	0.00442	0.00264	0.00234
9	0.00354	0.00237	0.00272	0.00278	0.00279	0.00236	0.00158	0.00358	0.00372	0.00496	0.00841	0.10953	0.00976	0.81865	0.01161	0.00225	0.00230	0.00396	0.00158	0.00155
10	0.00516	0.00450	0.00538	0.00395	0.00593	0.00373	0.00318	0.00620	0.00500	0.00785	0.00428	0.00516	0.00362	0.00208	0.00246	0.00044	0.09295	0.00154	0.00143	0.83516

[dist]
# distance from previous block
# <min> <max>
2	7

[block]
# block no. 8 follows, 121 sequences, length 17
# corresponding to MSA columns:
# 255-271
name=unknown_I
#
# <colnr> <probs for GDERKNQSTAVLIFYWHMCP>
#	G	D	E	R	K	N	Q	S	T	A	V	L	I	F	Y	W	H	M	C	P
0	0.00357	0.00239	0.00271	0.00273	0.00274	0.00238	0.00153	0.00359	0.00365	0.00486	0.00804	0.05291	0.00930	0.87591	0.01221	0.00234	0.00236	0.00374	0.00153	0.00152
1	0.00301	0.00215	0.00287	0.00345	0.00359	0.00201	0.00230	0.00345	0.00474	0.00632	0.01364	0.91142	0.01637	0.00775	0.00316	0.00100	0.00144	0.00703	0.00230	0.00201
2	0.00924	0.01179	0.00701	0.00638	0.00765	0.90310	0.00478	0.00988	0.00701	0.00606	0.00383	0.00446	0.00319	0.00255	0.00223	0.00064	0.00446	0.00159	0.00128	0.00287
3	0.00612	0.00588	0.01004	0.01519	0.89760	0.00588	0.00759	0.00759	0.00563	0.00808	0.00465	0.00612	0.00392	0.00220	0.00245	0.00073	0.00294	0.00220	0.00122	0.00392
4	0.00529	0.00449	0.00522	0.00374	0.00593	0.00346	0.00300	0.03965	0.00538	0.00835	0.00446	0.00516	0.00369	0.00188	0.00186	0.00038	0.00187	0.00149	0.00150	0.89320
5	0.00941	0.00693	0.00743	0.00569	0.00767	0.00767	0.00470	0.88935	0.01163	0.01560	0.00594	0.00594	0.00421	0.00297	0.00248	0.00074	0.00272	0.00223	0.00248	0.00421
6	0.00941	0.00693	0.00743	0.00569	0.00767	0.00767	0.00470	0.88935	0.01163	0.01560	0.00594	0.00594	0.00421	0.00297	0.00248	0.00074	0.00272	0.00223	0.00248	0.00421
7	0.00301	0.00215	0.00287	0.00345	0.00359	0.00201	0.00230	0.00345	0.00474	0.00632	0.01364	0.91142	0.01637	0.00775	0.00316	0.00100	0.00144	0.00703	0.00230	0.00201
8	0.00301	0.00215	0.00287	0.00345	0.00359	0.00201	0.00230	0.00345	0.00474	0.00632	0.01364	0.91142	0.01637	0.00775	0.00316	0.00100	0.00144	0.00703	0.00230	0.00201
9	0.00465	0.00243	0.00247	0.00243	0.00299	0.00245	0.00179	0.02810	0.00522	0.00902	0.00799	0.00973	0.00651	0.07936	0.00266	0.00073	0.00130	0.00241	0.82547	0.00229
10	0.01077	0.00419	0.00567	0.00439	0.00625	0.00366	0.00361	0.01187	0.02961	0.85389	0.00987	0.03146	0.00642	0.00319	0.00251	0.00077	0.00208	0.00261	0.00303	0.00415
11	0.01110	0.00421	0.00574	0.00440	0.00632	0.00364	0.00364	0.01206	0.00708	0.89931	0.00976	0.00842	0.00613	0.00306	0.00249	0.00077	0.00211	0.00249	0.00306	0.00421
12	0.00358	0.00239	0.00271	0.00273	0.00273	0.00238	0.00153	0.00359	0.00364	0.00486	0.00802	0.05049	0.00928	0.87835	0.01223	0.00235	0.00236	0.00373	0.00153	0.00152
13	0.00311	0.00219	0.00284	0.00333	0.00345	0.00207	0.00217	0.00347	0.00456	0.00608	0.01273	0.77185	0.01522	0.14889	0.00463	0.00122	0.00159	0.00650	0.00217	0.00193
14	0.00314	0.00255	0.00264	0.00262	0.00347	0.00215	0.00199	0.00380	0.00570	0.02519	0.04233	0.02352	0.83157	0.00619	0.00293	0.00084	0.00130	0.03358	0.00232	0.00214
15	0.00496	0.01280	0.90021	0.00705	0.01071	0.00575	0.00914	0.00784	0.00522	0.00784	0.00444	0.00522	0.00313	0.00235	0.00235	0.00078	0.00366	0.00183	0.00104	0.00366
16	0.03438	0.00447	0.00584	0.00449	0.00640	0.00405	0.00371	0.09079	0.00742	0.79724	0.00926	0.00809	0.00587	0.00303	0.00246	0.00076	0.00216	0.00244	0.00297	0.00417

[dist]
# distance from previous block
# <min> <max>
16	34

[block]
# block no. 9 follows, 121 sequences, length 8
# corresponding to MSA columns:
# 308-315
name=unknown_J
#
# <colnr> <probs for GDERKNQSTAVLIFYWHMCP>
#	G	D	E	R	K	N	Q	S	T	A	V	L	I	F	Y	W	H	M	C	P
0	0.00416	0.00314	0.00454	0.00554	0.09554	0.00312	0.00426	0.00531	0.00569	0.00744	0.01278	0.02552	0.05237	0.00634	0.00330	0.00108	0.00230	0.75296	0.00217	0.00244
1	0.00490	0.00451	0.00734	0.79932	0.04609	0.00550	0.00661	0.05090	0.00533	0.00686	0.00521	0.00715	0.03480	0.00262	0.00249	0.00082	0.00319	0.00231	0.00122	0.00284
2	0.00648	0.54858	0.14551	0.00486	0.00702	0.00818	0.00493	0.14117	0.00596	0.00760	0.00429	0.00504	0.00363	0.00393	0.09238	0.00095	0.00321	0.00167	0.00130	0.00331
3	0.00388	0.00291	0.00368	0.00389	0.03845	0.00270	0.00256	0.04666	0.00494	0.00680	0.01038	0.52010	0.01193	0.18407	0.00475	0.00116	0.00180	0.00510	0.00198	0.14226
4	0.00346	0.00393	0.13854	0.00352	0.00434	0.00271	0.00299	0.00418	0.00471	0.00619	0.01351	0.27302	0.24402	0.27699	0.00579	0.00134	0.00201	0.00474	0.00187	0.00213
5	0.00579	0.00557	0.00970	0.01360	0.73331	0.00552	0.08039	0.00720	0.00556	0.00789	0.00559	0.09797	0.00517	0.00276	0.00256	0.00077	0.00289	0.00275	0.00134	0.00368
6	0.00412	0.00306	0.00425	0.00408	0.00465	0.00351	0.00316	0.09169	0.00471	0.00666	0.00662	0.00970	0.00615	0.06610	0.76549	0.00357	0.00601	0.00266	0.00145	0.00237
7	0.00445	0.00236	0.00256	0.00256	0.00312	0.00243	0.00194	0.00556	0.00501	0.00870	0.00785	0.00930	0.00632	0.00526	0.13817	0.00109	0.00198	0.00236	0.78671	0.00229

[dist]
# distance from previous block
# <min> <max>
5	9

[block]
# block no. 10 follows, 121 sequences, length 10
# corresponding to MSA columns:
# 325-334
name=unknown_K
#
# <colnr> <probs for GDERKNQSTAVLIFYWHMCP>
#	G	D	E	R	K	N	Q	S	T	A	V	L	I	F	Y	W	H	M	C	P
0	0.00501	0.04486	0.83408	0.04150	0.01080	0.00588	0.00888	0.00776	0.00521	0.00771	0.00440	0.00523	0.00314	0.00235	0.00233	0.00078	0.00361	0.00182	0.00105	0.00360
1	0.00344	0.00276	0.00417	0.00414	0.00466	0.00252	0.08832	0.00408	0.00487	0.00660	0.01213	0.75757	0.01422	0.00677	0.00304	0.00094	0.00173	0.00623	0.00214	0.06967
2	0.88230	0.00476	0.00375	0.00331	0.00487	0.00545	0.00273	0.00753	0.00436	0.05768	0.00378	0.00425	0.00286	0.00234	0.00158	0.00077	0.00192	0.00140	0.00161	0.00276
3	0.71444	0.00576	0.12300	0.06966	0.00644	0.00548	0.00383	0.00721	0.00448	0.01029	0.02832	0.00477	0.00336	0.00239	0.00175	0.00077	0.00223	0.00155	0.00147	0.00281
4	0.00578	0.01166	0.78140	0.00670	0.01013	0.00547	0.00841	0.00840	0.00547	0.12625	0.00515	0.00565	0.00353	0.00245	0.00237	0.00078	0.00345	0.00192	0.00131	0.00373
5	0.06528	0.00423	0.00555	0.00432	0.00616	0.00379	0.00355	0.01160	0.03375	0.79511	0.03391	0.00846	0.00644	0.00308	0.00244	0.00077	0.00206	0.00248	0.00295	0.00406
6	0.00322	0.00273	0.00316	0.06108	0.02898	0.00245	0.00243	0.00402	0.00581	0.00721	0.16022	0.02138	0.67718	0.00572	0.00288	0.00082	0.00142	0.00483	0.00226	0.00222
7	0.00334	0.00252	0.00321	0.00344	0.00394	0.00221	0.00238	0.00389	0.00483	0.00660	0.01263	0.73543	0.04825	0.00677	0.00294	0.00090	0.00149	0.00609	0.00217	0.14695
8	0.00347	0.00252	0.00320	0.00303	0.00359	0.00232	0.00223	0.00450	0.00662	0.00926	0.75849	0.01868	0.08511	0.08176	0.00374	0.00092	0.00128	0.00446	0.00259	0.00225
9	0.00326	0.00276	0.00315	0.07912	0.00475	0.00256	0.00255	0.00421	0.03519	0.00681	0.02128	0.07482	0.67567	0.00598	0.00292	0.00087	0.00153	0.06815	0.00220	0.00221

[dist]
# distance from previous block
# <min> <max>
13	20

[block]
# block no. 11 follows, 121 sequences, length 41
# corresponding to MSA columns:
# 361-401
name=unknown_L
#
# <colnr> <probs for GDERKNQSTAVLIFYWHMCP>
#	G	D	E	R	K	N	Q	S	T	A	V	L	I	F	Y	W	H	M	C	P
0	0.00370	0.00311	0.00327	0.00367	0.00391	0.08941	0.00247	0.00407	0.00483	0.00612	0.01198	0.72996	0.01419	0.07551	0.00397	0.02779	0.00182	0.00611	0.00210	0.00203
1	0.00310	0.00269	0.00299	0.09216	0.00470	0.00243	0.00237	0.00383	0.00557	0.00665	0.02302	0.02211	0.80806	0.00589	0.00288	0.00083	0.00146	0.00492	0.00218	0.00215
2	0.00502	0.00483	0.00749	0.79494	0.05900	0.04331	0.00673	0.01559	0.02673	0.00659	0.00454	0.00654	0.00344	0.00249	0.00246	0.00081	0.00329	0.00219	0.00116	0.00285
3	0.00293	0.00249	0.00252	0.00255	0.00335	0.00209	0.00190	0.00355	0.00560	0.00667	0.02459	0.06115	0.85957	0.00633	0.00293	0.00084	0.00126	0.00530	0.00230	0.00209
4	0.00539	0.00309	0.00318	0.00289	0.00369	0.00322	0.00222	0.15480	0.00623	0.01016	0.00770	0.00890	0.00607	0.03262	0.00221	0.00066	0.00146	0.00234	0.74058	0.00260
5	0.00354	0.00265	0.00398	0.00398	0.00442	0.00309	0.00309	0.00442	0.00398	0.00574	0.00663	0.00972	0.00619	0.01856	0.90323	0.00398	0.00663	0.00265	0.00133	0.00221
6	0.01008	0.00399	0.00542	0.00423	0.00597	0.00346	0.00346	0.01107	0.00707	0.77993	0.12876	0.00977	0.00844	0.00333	0.00255	0.00077	0.00198	0.00276	0.00302	0.00396
7	0.00467	0.00440	0.00742	0.90709	0.01704	0.00550	0.00687	0.00632	0.00495	0.00632	0.00440	0.00660	0.00330	0.00247	0.00247	0.00082	0.00330	0.00220	0.00110	0.00275
8	0.00354	0.00265	0.00398	0.00398	0.00442	0.00309	0.00309	0.00442	0.00398	0.00574	0.00663	0.00972	0.00619	0.01856	0.90323	0.00398	0.00663	0.00265	0.00133	0.00221
9	0.01110	0.00421	0.00574	0.00440	0.00632	0.00364	0.00364	0.01206	0.00708	0.89931	0.00976	0.00842	0.00613	0.00306	0.00249	0.00077	0.00211	0.00249	0.00306	0.00421
10	0.00667	0.89701	0.01285	0.00428	0.00638	0.02713	0.00424	0.00746	0.00507	0.00583	0.00345	0.00398	0.00318	0.00213	0.00160	0.00053	0.00268	0.00133	0.00106	0.00317
11	0.00670	0.88504	0.01277	0.00430	0.00639	0.03897	0.00425	0.00749	0.00509	0.00583	0.00345	0.00399	0.00318	0.00213	0.00161	0.00053	0.00271	0.00133	0.00107	0.00317
12	0.00375	0.00270	0.00340	0.00370	0.00406	0.00266	0.00257	0.10561	0.00553	0.00739	0.01275	0.80700	0.01496	0.00720	0.00308	0.00097	0.00158	0.00648	0.00232	0.00226
13	0.00301	0.00215	0.00287	0.00345	0.00359	0.00201	0.00230	0.00345	0.00474	0.00632	0.01364	0.91142	0.01637	0.00775	0.00316	0.00100	0.00144	0.00703	0.00230	0.00201
14	0.00303	0.00216	0.00287	0.00343	0.00357	0.00202	0.00228	0.00345	0.00472	0.00629	0.01354	0.89591	0.01624	0.02344	0.00332	0.00103	0.00145	0.00698	0.00228	0.00200
15	0.93051	0.00479	0.00364	0.00325	0.00479	0.00555	0.00268	0.00727	0.00421	0.01110	0.00345	0.00402	0.00268	0.00230	0.00153	0.00077	0.00191	0.00134	0.00153	0.00268
16	0.00292	0.00251	0.00251	0.00251	0.00334	0.00209	0.00188	0.00355	0.00564	0.00668	0.02507	0.02381	0.89659	0.00627	0.00292	0.00084	0.00125	0.00522	0.00230	0.00209
17	0.00372	0.00258	0.00338	0.00315	0.00377	0.00237	0.00237	0.00488	0.00701	0.03512	0.87117	0.01820	0.02286	0.00500	0.00291	0.00078	0.00119	0.00442	0.00273	0.00239
18	0.93051	0.00479	0.00364	0.00325	0.00479	0.00555	0.00268	0.00727	0.00421	0.01110	0.00345	0.00402	0.00268	0.00230	0.00153	0.00077	0.00191	0.00134	0.00153	0.00268
19	0.01095	0.00445	0.00589	0.00452	0.00644	0.00399	0.00373	0.08945	0.00748	0.82136	0.00943	0.00820	0.00596	0.00305	0.00249	0.00076	0.00216	0.00247	0.00301	0.00421
20	0.00349	0.00253	0.00331	0.00312	0.00371	0.00235	0.00234	0.00464	0.00690	0.00975	0.85604	0.01839	0.04160	0.00541	0.02481	0.00086	0.00130	0.00445	0.00268	0.00233
