[name]
rpl10

[dist]
# distance from previous block
# <min> <max>
0	0

[block]
# block no. 0 follows, 65 sequences, length 11
# corresponding to MSA columns:
# 0-10
name=unknown_A
#
# <colnr> <probs for GDERKNQSTAVLIFYWHMCP>
#	G	D	E	R	K	N	Q	S	T	A	V	L	I	F	Y	W	H	M	C	P
0	0.00661	0.00472	0.00661	0.00756	0.00850	0.00472	0.00661	0.00850	0.00945	0.01228	0.02173	0.04630	0.02362	0.01134	0.00567	0.00189	0.00378	0.80250	0.00378	0.00378
1	0.00851	0.00730	0.00851	0.00608	0.00973	0.00547	0.00486	0.01034	0.00851	0.01338	0.00730	0.00851	0.00608	0.00304	0.00304	0.00061	0.00304	0.00243	0.00243	0.88083
2	0.00596	0.00399	0.00453	0.00452	0.00457	0.00397	0.00257	0.00607	0.00629	0.00844	0.05931	0.02708	0.01628	0.80752	0.01998	0.00383	0.00386	0.00605	0.00260	0.00257
3	0.79312	0.00806	0.00669	0.05646	0.00938	0.00936	0.00502	0.04762	0.00761	0.01827	0.00599	0.00707	0.00462	0.00388	0.00270	0.00127	0.00337	0.00237	0.00257	0.00456
4	0.00816	0.00747	0.01203	0.72198	0.05380	0.00906	0.01078	0.05911	0.00898	0.01155	0.00930	0.01238	0.04953	0.00447	0.00414	0.00136	0.00521	0.00392	0.00208	0.00472
5	0.01559	0.01205	0.01227	0.00952	0.01273	0.06922	0.00781	0.76176	0.01878	0.02479	0.00962	0.00969	0.00687	0.00488	0.00408	0.00122	0.00471	0.00362	0.00397	0.00683
6	0.00538	0.00399	0.00493	0.00556	0.00613	0.00372	0.00383	0.03667	0.00859	0.01118	0.02581	0.66330	0.18161	0.01208	0.00512	0.00160	0.00240	0.01078	0.00382	0.00350
7	0.00499	0.00360	0.00473	0.00563	0.00593	0.00334	0.00377	0.00572	0.00794	0.01051	0.02364	0.80968	0.06988	0.01273	0.00522	0.00165	0.00237	0.01151	0.00381	0.00334
8	0.00955	0.01072	0.02299	0.08318	0.05287	0.01026	0.72096	0.01292	0.00956	0.01295	0.00820	0.01103	0.00618	0.00352	0.00476	0.00138	0.00673	0.00470	0.00205	0.00550
9	0.00871	0.00885	0.05087	0.48981	0.31346	0.00940	0.01185	0.01170	0.03345	0.01185	0.00774	0.01069	0.00604	0.00398	0.00408	0.00131	0.00522	0.00365	0.00197	0.00538
10	0.00864	0.01883	0.66334	0.01452	0.18776	0.00958	0.01463	0.01292	0.00881	0.01309	0.00744	0.00898	0.00547	0.00385	0.00393	0.00128	0.00582	0.00316	0.00180	0.00616

[dist]
# distance from previous block
# <min> <max>
7	12

[block]
# block no. 1 follows, 65 sequences, length 33
# corresponding to MSA columns:
# 25-57
name=unknown_B
#
# <colnr> <probs for GDERKNQSTAVLIFYWHMCP>
#	G	D	E	R	K	N	Q	S	T	A	V	L	I	F	Y	W	H	M	C	P
0	0.00823	0.02123	0.83447	0.01170	0.01777	0.00953	0.01517	0.01300	0.00867	0.01300	0.00737	0.00867	0.00520	0.00390	0.00390	0.00130	0.00607	0.00303	0.00173	0.00607
1	0.00835	0.04031	0.79268	0.01197	0.04040	0.00969	0.01491	0.01297	0.00868	0.01293	0.00734	0.00866	0.00524	0.00388	0.00388	0.00129	0.00599	0.00303	0.00174	0.00606
2	0.03207	0.00731	0.01214	0.82256	0.02771	0.00912	0.01121	0.01053	0.00817	0.01071	0.00725	0.01083	0.00544	0.00410	0.00406	0.00137	0.00541	0.00361	0.00184	0.00456
3	0.01533	0.01130	0.01216	0.00937	0.01258	0.01252	0.00773	0.79401	0.01895	0.02542	0.00989	0.01003	0.00707	0.00564	0.02727	0.00138	0.00470	0.00372	0.00405	0.00689
4	0.00868	0.00744	0.00859	0.00630	0.00982	0.00594	0.00502	0.01146	0.08819	0.01375	0.00822	0.00918	0.00671	0.00329	0.00315	0.00068	0.00306	0.00265	0.00260	0.79527
5	0.04356	0.02070	0.80108	0.01145	0.01737	0.00952	0.01473	0.01296	0.00860	0.01322	0.00730	0.00859	0.00517	0.00390	0.00385	0.00130	0.00595	0.00300	0.00177	0.00600
6	0.00485	0.00416	0.00416	0.00416	0.00554	0.00347	0.00312	0.00589	0.00936	0.01109	0.04158	0.03950	0.82847	0.01040	0.00485	0.00139	0.00208	0.00866	0.00381	0.00347
7	0.00516	0.00378	0.00492	0.00566	0.00612	0.00344	0.00383	0.00595	0.00796	0.01065	0.02276	0.77490	0.06315	0.01227	0.00512	0.00160	0.00240	0.01109	0.00374	0.04551
8	0.00485	0.00416	0.00416	0.00416	0.00554	0.00347	0.00312	0.00589	0.00936	0.01109	0.04158	0.03950	0.82847	0.01040	0.00485	0.00139	0.00208	0.00866	0.00381	0.00347
9	0.01213	0.00890	0.00985	0.00822	0.01051	0.00965	0.00650	0.55107	0.01555	0.02083	0.01404	0.28586	0.01358	0.00752	0.00448	0.00137	0.00382	0.00631	0.00401	0.00579
10	0.00597	0.00398	0.00448	0.00448	0.00448	0.00398	0.00249	0.00597	0.00597	0.00796	0.01293	0.02686	0.01492	0.85574	0.02089	0.00398	0.00398	0.00597	0.00249	0.00249
11	0.00898	0.00898	0.01257	0.01078	0.01078	0.01257	0.00898	0.00988	0.00629	0.00988	0.00539	0.00898	0.00539	0.00718	0.01347	0.00180	0.84823	0.00359	0.00180	0.00449
12	0.01569	0.01136	0.01223	0.00938	0.01266	0.01252	0.00775	0.79198	0.01907	0.05067	0.01005	0.00998	0.00708	0.00493	0.00411	0.00123	0.00449	0.00371	0.00414	0.00698
13	0.01560	0.01150	0.01232	0.00944	0.01273	0.01273	0.00780	0.81645	0.01930	0.02587	0.00986	0.00986	0.00698	0.00493	0.00411	0.00123	0.00452	0.00370	0.00411	0.00698
14	0.88473	0.00794	0.00603	0.00540	0.00794	0.00921	0.00445	0.01207	0.00699	0.01842	0.00572	0.00667	0.00445	0.00381	0.00254	0.00127	0.00318	0.00222	0.00254	0.00445
15	0.01411	0.01038	0.01125	0.00892	0.01177	0.01141	0.00724	0.70217	0.01769	0.02370	0.01166	0.12870	0.00982	0.00605	0.00427	0.00129	0.00422	0.00482	0.00406	0.00647
16	0.01021	0.00882	0.00928	0.00835	0.01067	0.01021	0.00650	0.02181	0.82272	0.01717	0.01671	0.01532	0.01253	0.00557	0.00418	0.00139	0.00325	0.00464	0.00418	0.00650
17	0.01560	0.01150	0.01232	0.00944	0.01273	0.01273	0.00780	0.81645	0.01930	0.02587	0.00986	0.00986	0.00698	0.00493	0.00411	0.00123	0.00452	0.00370	0.00411	0.00698
18	0.01511	0.01915	0.01185	0.01120	0.04749	0.80394	0.00813	0.01623	0.01154	0.01019	0.00640	0.00752	0.00534	0.00421	0.00372	0.00106	0.00729	0.00269	0.00211	0.00483
19	0.00969	0.01107	0.02422	0.01730	0.02145	0.01038	0.81522	0.01315	0.00969	0.01315	0.00830	0.01107	0.00623	0.00346	0.00484	0.00138	0.00692	0.00484	0.00208	0.00554
20	0.00713	0.00357	0.00535	0.00535	0.00535	0.00357	0.00357	0.00535	0.00535	0.00713	0.00713	0.01248	0.00713	0.01426	0.01604	0.88057	0.00357	0.00357	0.00178	0.00178
21	0.00775	0.00730	0.01231	0.84587	0.02827	0.00912	0.01140	0.01049	0.00821	0.01049	0.00730	0.01094	0.00547	0.00410	0.00410	0.00137	0.00547	0.00365	0.00182	0.00456
22	0.01016	0.00975	0.01666	0.02520	0.83013	0.00975	0.01260	0.01260	0.00935	0.01341	0.00772	0.01016	0.00650	0.00366	0.00406	0.00122	0.00488	0.00366	0.00203	0.00650
23	0.00500	0.00357	0.00476	0.00572	0.00595	0.00333	0.00381	0.00572	0.00786	0.01048	0.02262	0.85306	0.02715	0.01286	0.00524	0.00167	0.00238	0.01167	0.00381	0.00333
24	0.01016	0.00975	0.01666	0.02520	0.83013	0.00975	0.01260	0.01260	0.00935	0.01341	0.00772	0.01016	0.00650	0.00366	0.00406	0.00122	0.00488	0.00366	0.00203	0.00650
25	0.01533	0.01956	0.01163	0.01058	0.01269	0.83926	0.00793	0.01639	0.01163	0.01005	0.00635	0.00740	0.00529	0.00423	0.00370	0.00106	0.00740	0.00264	0.00212	0.00476
26	0.00813	0.00682	0.00802	0.00610	0.00921	0.00531	0.00477	0.02795	0.00866	0.01321	0.00973	0.13920	0.00936	0.00460	0.00340	0.00079	0.00297	0.00389	0.00268	0.72521
27	0.00713	0.00357	0.00535	0.00535	0.00535	0.00357	0.00357	0.00535	0.00535	0.00713	0.00713	0.01248	0.00713	0.01426	0.01604	0.88057	0.00357	0.00357	0.00178	0.00178
28	0.00597	0.00398	0.00448	0.00448	0.00448	0.00398	0.00249	0.00597	0.00597	0.00796	0.01293	0.02686	0.01492	0.85574	0.02089	0.00398	0.00398	0.00597	0.00249	0.00249
29	0.00851	0.00730	0.00851	0.00608	0.00973	0.00547	0.00486	0.01034	0.00851	0.01338	0.00730	0.00851	0.00608	0.00304	0.00304	0.00061	0.00304	0.00243	0.00243	0.88083
30	0.88473	0.00794	0.00603	0.00540	0.00794	0.00921	0.00445	0.01207	0.00699	0.01842	0.00572	0.00667	0.00445	0.00381	0.00254	0.00127	0.00318	0.00222	0.00254	0.00445
31	0.00775	0.00730	0.01231	0.84587	0.02827	0.00912	0.01140	0.01049	0.00821	0.01049	0.00730	0.01094	0.00547	0.00410	0.00410	0.00137	0.00547	0.00365	0.00182	0.00456
32	0.01021	0.00882	0.00928	0.00835	0.01067	0.01021	0.00650	0.02181	0.82272	0.01717	0.01671	0.01532	0.01253	0.00557	0.00418	0.00139	0.00325	0.00464	0.00418	0.00650

[dist]
# distance from previous block
# <min> <max>
0	2

[block]
# block no. 2 follows, 65 sequences, length 6
# corresponding to MSA columns:
# 60-65
name=unknown_C
#
# <colnr> <probs for GDERKNQSTAVLIFYWHMCP>
#	G	D	E	R	K	N	Q	S	T	A	V	L	I	F	Y	W	H	M	C	P
0	0.00725	0.00572	0.00689	0.00614	0.00804	0.00492	0.00455	0.06672	0.00897	0.01282	0.01523	0.43552	0.01680	0.00814	0.00423	0.00119	0.00281	0.00719	0.00325	0.37362
1	0.00597	0.00398	0.00448	0.00448	0.00448	0.00398	0.00249	0.00597	0.00597	0.00796	0.01293	0.02686	0.01492	0.85574	0.02089	0.00398	0.00398	0.00597	0.00249	0.00249
2	0.00787	0.00745	0.01234	0.76855	0.02665	0.00944	0.01118	0.01043	0.00803	0.01043	0.00712	0.01076	0.00546	0.00439	0.00497	0.00141	0.08350	0.00364	0.00182	0.00455
3	0.00851	0.00730	0.00851	0.00608	0.00973	0.00547	0.00486	0.01034	0.00851	0.01338	0.00730	0.00851	0.00608	0.00304	0.00304	0.00061	0.00304	0.00243	0.00243	0.88083
4	0.01557	0.01239	0.01224	0.00957	0.01273	0.10381	0.00782	0.72828	0.01845	0.02413	0.00947	0.00958	0.00679	0.00485	0.00406	0.00121	0.00483	0.00358	0.00389	0.00674
5	0.00894	0.00508	0.00534	0.00486	0.00614	0.00529	0.00373	0.14343	0.01017	0.01653	0.01240	0.01421	0.00971	0.00542	0.00393	0.05811	0.00245	0.00379	0.67624	0.00422

[dist]
# distance from previous block
# <min> <max>
2	4

[block]
# block no. 3 follows, 65 sequences, length 19
# corresponding to MSA columns:
# 71-89
name=unknown_D
#
# <colnr> <probs for GDERKNQSTAVLIFYWHMCP>
#	G	D	E	R	K	N	Q	S	T	A	V	L	I	F	Y	W	H	M	C	P
0	0.85086	0.00808	0.00628	0.00556	0.00813	0.00935	0.00458	0.04341	0.00747	0.01871	0.00588	0.00679	0.00454	0.00385	0.00260	0.00127	0.00323	0.00228	0.00260	0.00454
1	0.01016	0.00975	0.01666	0.02520	0.83013	0.00975	0.01260	0.01260	0.00935	0.01341	0.00772	0.01016	0.00650	0.00366	0.00406	0.00122	0.00488	0.00366	0.00203	0.00650
2	0.01024	0.00998	0.01638	0.04965	0.78102	0.03489	0.01242	0.01265	0.00938	0.01322	0.00767	0.01010	0.00643	0.00369	0.00405	0.00122	0.00497	0.00363	0.00203	0.00639
3	0.01043	0.01026	0.01640	0.02444	0.78786	0.05265	0.01236	0.01279	0.00946	0.01324	0.00765	0.01002	0.00644	0.00369	0.00405	0.00121	0.00501	0.00361	0.00204	0.00641
4	0.03063	0.02935	0.01221	0.78033	0.02669	0.00916	0.01090	0.01044	0.00811	0.01059	0.00721	0.01076	0.00548	0.00435	0.00434	0.02422	0.00533	0.00357	0.00184	0.00450
5	0.00597	0.00398	0.00448	0.00448	0.00448	0.00398	0.00249	0.00597	0.00597	0.00796	0.01293	0.02686	0.01492	0.85574	0.02089	0.00398	0.00398	0.00597	0.00249	0.00249
6	0.00597	0.00398	0.00448	0.00448	0.00448	0.00398	0.00249	0.00597	0.00597	0.00796	0.01293	0.02686	0.01492	0.85574	0.02089	0.00398	0.00398	0.00597	0.00249	0.00249
7	0.01842	0.00699	0.00953	0.00730	0.01048	0.00603	0.00603	0.02000	0.01175	0.83298	0.01619	0.01397	0.01016	0.00508	0.00413	0.00127	0.00349	0.00413	0.00508	0.00699
8	0.00969	0.01107	0.02422	0.01730	0.02145	0.01038	0.81522	0.01315	0.00969	0.01315	0.00830	0.01107	0.00623	0.00346	0.00484	0.00138	0.00692	0.00484	0.00208	0.00554
9	0.00500	0.00357	0.00476	0.00572	0.00595	0.00333	0.00381	0.00572	0.00786	0.01048	0.02262	0.85306	0.02715	0.01286	0.00524	0.00167	0.00238	0.01167	0.00381	0.00333
10	0.01820	0.00734	0.00974	0.00747	0.01065	0.00655	0.00617	0.08174	0.01233	0.77041	0.01570	0.01365	0.00991	0.00507	0.00413	0.00127	0.00357	0.00409	0.00501	0.00699
11	0.00898	0.00898	0.01257	0.01078	0.01078	0.01257	0.00898	0.00988	0.00629	0.00988	0.00539	0.00898	0.00539	0.00718	0.01347	0.00180	0.84823	0.00359	0.00180	0.00449
12	0.01560	0.01150	0.01232	0.00944	0.01273	0.01273	0.00780	0.81645	0.01930	0.02587	0.00986	0.00986	0.00698	0.00493	0.00411	0.00123	0.00452	0.00370	0.00411	0.00698
13	0.01842	0.00699	0.00953	0.00730	0.01048	0.00603	0.00603	0.02000	0.01175	0.83298	0.01619	0.01397	0.01016	0.00508	0.00413	0.00127	0.00349	0.00413	0.00508	0.00699
14	0.88473	0.00794	0.00603	0.00540	0.00794	0.00921	0.00445	0.01207	0.00699	0.01842	0.00572	0.00667	0.00445	0.00381	0.00254	0.00127	0.00318	0.00222	0.00254	0.00445
15	0.00851	0.00730	0.00851	0.00608	0.00973	0.00547	0.00486	0.01034	0.00851	0.01338	0.00730	0.00851	0.00608	0.00304	0.00304	0.00061	0.00304	0.00243	0.00243	0.88083
16	0.01021	0.00882	0.00928	0.00835	0.01067	0.01021	0.00650	0.02181	0.82272	0.01717	0.01671	0.01532	0.01253	0.00557	0.00418	0.00139	0.00325	0.00464	0.00418	0.00650
17	0.00765	0.00383	0.00383	0.00383	0.00478	0.00383	0.00287	0.00956	0.00861	0.01530	0.01339	0.01530	0.01052	0.00478	0.00287	0.00096	0.00191	0.00383	0.87853	0.00383
18	0.00485	0.00416	0.00416	0.00416	0.00554	0.00347	0.00312	0.00589	0.00936	0.01109	0.04158	0.03950	0.82847	0.01040	0.00485	0.00139	0.00208	0.00866	0.00381	0.00347

[dist]
# distance from previous block
# <min> <max>
0	1

[block]
# block no. 4 follows, 65 sequences, length 32
# corresponding to MSA columns:
# 91-122
name=unknown_E
#
# <colnr> <probs for GDERKNQSTAVLIFYWHMCP>
#	G	D	E	R	K	N	Q	S	T	A	V	L	I	F	Y	W	H	M	C	P
0	0.00581	0.00434	0.00648	0.00654	0.00724	0.00502	0.00505	0.00723	0.00668	0.00959	0.01174	0.06998	0.01135	0.02963	0.78579	0.00628	0.01044	0.00487	0.00230	0.00364
1	0.00533	0.00397	0.00553	0.00697	0.05898	0.00375	0.00438	0.00616	0.00795	0.01067	0.02167	0.79882	0.02582	0.01227	0.00516	0.00164	0.00254	0.01115	0.00370	0.00354
2	0.01812	0.02773	0.00993	0.00738	0.01057	0.00656	0.00613	0.05268	0.01198	0.77979	0.01568	0.01362	0.00991	0.00504	0.00409	0.00126	0.00356	0.00406	0.00496	0.00694
3	0.00823	0.02123	0.83447	0.01170	0.01777	0.00953	0.01517	0.01300	0.00867	0.01300	0.00737	0.00867	0.00520	0.00390	0.00390	0.00130	0.00607	0.00303	0.00173	0.00607
4	0.00830	0.02081	0.80470	0.01219	0.04734	0.00954	0.01507	0.01299	0.00869	0.01301	0.00738	0.00872	0.00525	0.00389	0.00391	0.00130	0.00602	0.00306	0.00174	0.00608
5	0.05416	0.00703	0.00938	0.00722	0.01037	0.00616	0.00597	0.01968	0.01155	0.79936	0.01576	0.01367	0.00993	0.00503	0.00406	0.00127	0.00348	0.00405	0.00498	0.00688
6	0.01560	0.01150	0.01232	0.00944	0.01273	0.01273	0.00780	0.81645	0.01930	0.02587	0.00986	0.00986	0.00698	0.00493	0.00411	0.00123	0.00452	0.00370	0.00411	0.00698
7	0.01065	0.80327	0.02055	0.00700	0.01033	0.01553	0.00690	0.01197	0.00823	0.00965	0.00605	0.00720	0.00559	0.00527	0.05648	0.00125	0.00481	0.00234	0.00178	0.00516
8	0.03717	0.00732	0.01210	0.81768	0.02759	0.00912	0.01117	0.01054	0.00817	0.01075	0.00724	0.01080	0.00544	0.00409	0.00405	0.00136	0.00539	0.00360	0.00185	0.00456
9	0.00555	0.00398	0.00515	0.00591	0.00630	0.00382	0.00402	0.04763	0.00845	0.01127	0.02196	0.80946	0.02611	0.01245	0.00518	0.00164	0.00249	0.01126	0.00383	0.00352
10	0.00829	0.02089	0.81024	0.01210	0.04183	0.00954	0.01509	0.01299	0.00869	0.01301	0.00738	0.00871	0.00524	0.00389	0.00390	0.00130	0.00603	0.00305	0.00174	0.00608
11	0.00588	0.00394	0.00450	0.00459	0.00462	0.00392	0.00261	0.00595	0.00615	0.00820	0.01385	0.10481	0.01608	0.77622	0.01942	0.00376	0.00383	0.00651	0.00261	0.00257
12	0.00500	0.00357	0.00476	0.00572	0.00595	0.00333	0.00381	0.00572	0.00786	0.01048	0.02262	0.85306	0.02715	0.01286	0.00524	0.00167	0.00238	0.01167	0.00381	0.00333
13	0.00849	0.00730	0.00861	0.02790	0.01021	0.00557	0.00503	0.01034	0.00850	0.01330	0.00730	0.00858	0.00606	0.00307	0.00307	0.00063	0.00310	0.00246	0.00242	0.85807
14	0.01560	0.01150	0.01232	0.00944	0.01273	0.01273	0.00780	0.81645	0.01930	0.02587	0.00986	0.00986	0.00698	0.00493	0.00411	0.00123	0.00452	0.00370	0.00411	0.00698
15	0.00770	0.00422	0.00589	0.00571	0.00599	0.00431	0.00393	0.07219	0.00665	0.00887	0.00827	0.06205	0.00830	0.01341	0.01442	0.75606	0.00357	0.00406	0.00209	0.00230
16	0.01097	0.85821	0.02151	0.00702	0.01054	0.01624	0.00702	0.01229	0.00834	0.00966	0.00571	0.00658	0.00527	0.00351	0.00263	0.00088	0.00439	0.00219	0.00176	0.00527
17	0.01560	0.01150	0.01232	0.00944	0.01273	0.01273	0.00780	0.81645	0.01930	0.02587	0.00986	0.00986	0.00698	0.00493	0.00411	0.00123	0.00452	0.00370	0.00411	0.00698
18	0.00656	0.00471	0.00654	0.00746	0.00842	0.00469	0.00651	0.00843	0.00945	0.01225	0.02232	0.04610	0.04747	0.01131	0.00565	0.00187	0.00373	0.77898	0.00378	0.00377
19	0.01086	0.82379	0.05494	0.00722	0.01083	0.01597	0.00736	0.01232	0.00835	0.00980	0.00578	0.00667	0.00526	0.00353	0.00269	0.00090	0.00446	0.00223	0.00175	0.00530
20	0.00966	0.01100	0.02383	0.01708	0.02110	0.01045	0.78818	0.01304	0.00957	0.01304	0.00821	0.01100	0.00620	0.00359	0.00513	0.00140	0.03514	0.00480	0.00207	0.00550
21	0.01097	0.85821	0.02151	0.00702	0.01054	0.01624	0.00702	0.01229	0.00834	0.00966	0.00571	0.00658	0.00527	0.00351	0.00263	0.00088	0.00439	0.00219	0.00176	0.00527
22	0.00500	0.00357	0.00476	0.00572	0.00595	0.00333	0.00381	0.00572	0.00786	0.01048	0.02262	0.85306	0.02715	0.01286	0.00524	0.00167	0.00238	0.01167	0.00381	0.00333
23	0.00500	0.00360	0.00474	0.00565	0.00594	0.00334	0.00378	0.00572	0.00792	0.01050	0.02340	0.81958	0.06012	0.01276	0.00522	0.00166	0.00237	0.01155	0.00381	0.00334
24	0.01061	0.00775	0.00872	0.00762	0.00945	0.00830	0.00585	0.43159	0.01379	0.01846	0.01552	0.37616	0.01605	0.04335	0.00529	0.00153	0.00357	0.00725	0.00391	0.00521
25	0.00500	0.00357	0.00476	0.00572	0.00595	0.00333	0.00381	0.00572	0.00786	0.01048	0.02262	0.85306	0.02715	0.01286	0.00524	0.00167	0.00238	0.01167	0.00381	0.00333
26	0.00586	0.00438	0.00651	0.00649	0.00724	0.00504	0.00504	0.00736	0.00697	0.01005	0.07201	0.01721	0.01239	0.02911	0.77713	0.00620	0.01032	0.00462	0.00237	0.00368
27	0.88473	0.00794	0.00603	0.00540	0.00794	0.00921	0.00445	0.01207	0.00699	0.01842	0.00572	0.00667	0.00445	0.00381	0.00254	0.00127	0.00318	0.00222	0.00254	0.00445
28	0.00974	0.01093	0.02342	0.01813	0.10676	0.01031	0.73055	0.01309	0.00965	0.01318	0.00824	0.01098	0.00626	0.00348	0.00476	0.00137	0.00670	0.00472	0.00207	0.00564
29	0.00586	0.00440	0.00660	0.00660	0.00733	0.00513	0.00513	0.00733	0.00660	0.00953	0.01100	0.01613	0.01026	0.03079	0.83947	0.00660	0.01100	0.00440	0.00220	0.00367
30	0.00782	0.00743	0.01275	0.81571	0.02802	0.00917	0.04066	0.01058	0.00826	0.01058	0.00733	0.01095	0.00550	0.00408	0.00413	0.00137	0.00552	0.00369	0.00183	0.00460
31	0.01560	0.01150	0.01232	0.00944	0.01273	0.01273	0.00780	0.81645	0.01930	0.02587	0.00986	0.00986	0.00698	0.00493	0.00411	0.00123	0.00452	0.00370	0.00411	0.00698

[dist]
# distance from previous block
# <min> <max>
0	2

[block]
# block no. 5 follows, 65 sequences, length 11
# corresponding to MSA columns:
# 125-135
name=unknown_F
#
# <colnr> <probs for GDERKNQSTAVLIFYWHMCP>
#	G	D	E	R	K	N	Q	S	T	A	V	L	I	F	Y	W	H	M	C	P
0	0.01021	0.00882	0.00928	0.00835	0.01067	0.01021	0.00650	0.02181	0.82272	0.01717	0.01671	0.01532	0.01253	0.00557	0.00418	0.00139	0.00325	0.00464	0.00418	0.00650
1	0.00500	0.00357	0.00476	0.00572	0.00595	0.00333	0.00381	0.00572	0.00786	0.01048	0.02262	0.85306	0.02715	0.01286	0.00524	0.00167	0.00238	0.01167	0.00381	0.00333
2	0.00726	0.00450	0.00593	0.00544	0.00664	0.00411	0.00412	0.00911	0.01148	0.11228	0.69948	0.06238	0.03490	0.00819	0.00477	0.00130	0.00214	0.00721	0.00456	0.00422
3	0.01078	0.77545	0.02064	0.00739	0.01056	0.01588	0.00721	0.01206	0.00814	0.00968	0.00568	0.00682	0.00528	0.00387	0.00369	0.00097	0.08662	0.00233	0.00176	0.00519
4	0.00898	0.00898	0.01257	0.01078	0.01078	0.01257	0.00898	0.00988	0.00629	0.00988	0.00539	0.00898	0.00539	0.00718	0.01347	0.00180	0.84823	0.00359	0.00180	0.00449
5	0.00650	0.00469	0.00646	0.00735	0.00832	0.00465	0.00639	0.00834	0.00944	0.01221	0.02298	0.04587	0.07431	0.01128	0.00562	0.00186	0.00367	0.75251	0.00378	0.00376
6	0.01097	0.85821	0.02151	0.00702	0.01054	0.01624	0.00702	0.01229	0.00834	0.00966	0.00571	0.00658	0.00527	0.00351	0.00263	0.00088	0.00439	0.00219	0.00176	0.00527
7	0.00576	0.00416	0.00545	0.00520	0.00612	0.00384	0.00387	0.00763	0.01141	0.01613	0.78295	0.07664	0.03808	0.00864	0.00486	0.00131	0.00196	0.00766	0.00448	0.00384
8	0.00844	0.02000	0.74633	0.01315	0.10532	0.00956	0.01489	0.01296	0.00874	0.01304	0.00740	0.00883	0.00534	0.00387	0.00392	0.00129	0.00594	0.00310	0.00177	0.00611
9	0.01016	0.00975	0.01666	0.02520	0.83013	0.00975	0.01260	0.01260	0.00935	0.01341	0.00772	0.01016	0.00650	0.00366	0.00406	0.00122	0.00488	0.00366	0.00203	0.00650
10	0.01796	0.00709	0.00951	0.00736	0.01049	0.00627	0.00606	0.02011	0.05708	0.78737	0.01622	0.01405	0.01029	0.00511	0.00413	0.00128	0.00348	0.00416	0.00503	0.00696

[dist]
# distance from previous block
# <min> <max>
4	7

[block]
# block no. 6 follows, 65 sequences, length 21
# corresponding to MSA columns:
# 143-163
name=unknown_G
#
# <colnr> <probs for GDERKNQSTAVLIFYWHMCP>
#	G	D	E	R	K	N	Q	S	T	A	V	L	I	F	Y	W	H	M	C	P
0	0.00857	0.02079	0.79719	0.01160	0.01754	0.00968	0.01483	0.04943	0.00915	0.01358	0.00748	0.00872	0.00528	0.00395	0.00391	0.00130	0.00600	0.00306	0.00184	0.00611
1	0.00990	0.00862	0.00967	0.11468	0.01291	0.01007	0.00712	0.02037	0.71931	0.01632	0.01551	0.01476	0.01163	0.00538	0.00417	0.00139	0.00353	0.00451	0.00388	0.00625
2	0.01523	0.01123	0.01210	0.00934	0.01252	0.01244	0.00770	0.78548	0.01881	0.02524	0.00990	0.01010	0.00711	0.00592	0.03608	0.00144	0.00476	0.00372	0.00403	0.00685
3	0.00515	0.00363	0.00472	0.00553	0.00573	0.00343	0.00361	0.00575	0.00757	0.01009	0.02113	0.72597	0.02527	0.14252	0.00765	0.00202	0.00263	0.01079	0.00361	0.00320
4	0.00607	0.00394	0.00455	0.00455	0.00455	0.00394	0.00258	0.00592	0.00592	0.00789	0.01244	0.02564	0.01426	0.78426	0.02048	0.07844	0.00394	0.00577	0.00243	0.00243
5	0.00965	0.01010	0.01247	0.01076	0.01098	0.09999	0.00887	0.01057	0.00685	0.00990	0.00549	0.00881	0.00538	0.00687	0.01244	0.00172	0.75931	0.00349	0.00183	0.00452
6	0.00597	0.00398	0.00448	0.00448	0.00448	0.00398	0.00249	0.00597	0.00597	0.00796	0.01293	0.02686	0.01492	0.85574	0.02089	0.00398	0.00398	0.00597	0.00249	0.00249
7	0.00661	0.04313	0.00766	0.00692	0.00781	0.04290	0.00546	0.00803	0.00689	0.00957	0.01039	0.01510	0.00967	0.02769	0.74035	0.00595	0.03571	0.00420	0.00216	0.00381
8	0.00504	0.00359	0.00475	0.00566	0.00589	0.00336	0.00375	0.00573	0.00778	0.01037	0.02219	0.81636	0.02661	0.05030	0.00593	0.00177	0.00245	0.01142	0.00375	0.00330
9	0.00932	0.00727	0.00859	0.00618	0.00979	0.00552	0.00496	0.01113	0.00878	0.08027	0.00802	0.00896	0.00641	0.00321	0.00313	0.00066	0.00308	0.00257	0.00265	0.80952
10	0.08943	0.01120	0.01179	0.00910	0.01232	0.01243	0.00752	0.74812	0.01825	0.02524	0.00950	0.00958	0.00677	0.00483	0.00397	0.00124	0.00440	0.00357	0.00397	0.00677
11	0.01513	0.01115	0.01198	0.00928	0.01243	0.01231	0.00762	0.78043	0.01879	0.02519	0.01042	0.04731	0.00788	0.00528	0.00416	0.00125	0.00442	0.00405	0.00409	0.00682
12	0.00586	0.00440	0.00660	0.00660	0.00733	0.00513	0.00513	0.00733	0.00660	0.00953	0.01100	0.01613	0.01026	0.03079	0.83947	0.00660	0.01100	0.00440	0.00220	0.00367
13	0.00505	0.00359	0.00475	0.00566	0.00589	0.00336	0.00375	0.00573	0.00777	0.01036	0.02218	0.81529	0.02659	0.05139	0.00595	0.00177	0.00245	0.01141	0.00375	0.00330
14	0.00997	0.00606	0.00630	0.00546	0.00710	0.00642	0.00431	0.24485	0.01173	0.01838	0.01236	0.01371	0.00949	0.00482	0.00323	0.00104	0.00267	0.00379	0.62354	0.00475
15	0.00597	0.00398	0.00448	0.00448	0.00448	0.00398	0.00249	0.00597	0.00597	0.00796	0.01293	0.02686	0.01492	0.85574	0.02089	0.00398	0.00398	0.00597	0.00249	0.00249
16	0.00581	0.00420	0.00549	0.00516	0.00613	0.00387	0.00387	0.00775	0.01162	0.01646	0.82797	0.03066	0.03873	0.00839	0.00484	0.00129	0.00194	0.00742	0.00452	0.00387
17	0.00830	0.00445	0.00452	0.00428	0.00543	0.00455	0.00327	0.07542	0.00948	0.01617	0.01310	0.01486	0.01023	0.00479	0.00297	0.00098	0.00213	0.00382	0.80716	0.00408
18	0.01560	0.01150	0.01232	0.00944	0.01273	0.01273	0.00780	0.81645	0.01930	0.02587	0.00986	0.00986	0.00698	0.00493	0.00411	0.00123	0.00452	0.00370	0.00411	0.00698
19	0.10660	0.00718	0.01089	0.52668	0.02106	0.00817	0.03842	0.01029	0.00792	0.01160	0.00714	0.01025	0.00562	0.00478	0.00484	0.07800	0.00475	0.00335	0.00200	0.13047
20	0.02701	0.08829	0.68127	0.01233	0.08598	0.01009	0.01406	0.01289	0.00866	0.01288	0.00723	0.00858	0.00530	0.00385	0.00378	0.00126	0.00577	0.00300	0.00178	0.00600

[dist]
# distance from previous block
# <min> <max>
0	26

# created by:
# /share/home/app/bin/augustus-3.3.1/scripts/msa2prfl.pl /dev/shm/tmp/ogap_db/mt-Magnoliopsida/msas/rpl10.aln --setname=rpl10
