[name]
rpl5

[dist]
# distance from previous block
# <min> <max>
0	66

[block]
# block no. 0 follows, 95 sequences, length 36
# corresponding to MSA columns:
# 66-101
name=unknown_A
#
# <colnr> <probs for GDERKNQSTAVLIFYWHMCP>
#	G	D	E	R	K	N	Q	S	T	A	V	L	I	F	Y	W	H	M	C	P
0	0.00443	0.00296	0.00337	0.00340	0.00342	0.00296	0.00196	0.00449	0.00451	0.00601	0.00981	0.02041	0.01128	0.85893	0.01500	0.00288	0.00294	0.03748	0.00188	0.00188
1	0.00702	0.00585	0.00668	0.00491	0.00751	0.00494	0.00395	0.11419	0.06536	0.01122	0.00610	0.00675	0.00490	0.00255	0.00240	0.00055	0.00239	0.00202	0.00204	0.73867
2	0.00372	0.00265	0.00351	0.00420	0.00437	0.00248	0.00279	0.00423	0.00577	0.00769	0.01650	0.86410	0.01978	0.03718	0.00423	0.00129	0.00180	0.00849	0.00279	0.00244
3	0.00703	0.03081	0.00793	0.00689	0.00749	0.20773	0.00553	0.00786	0.00567	0.00724	0.00545	0.00798	0.00509	0.01020	0.28082	0.00230	0.38668	0.00265	0.00147	0.00319
4	0.00441	0.00294	0.00331	0.00331	0.00331	0.00294	0.00184	0.00441	0.00441	0.00588	0.00956	0.01985	0.01103	0.89337	0.01544	0.00294	0.00294	0.00441	0.00184	0.00184
5	0.00664	0.00664	0.00929	0.00797	0.00797	0.00929	0.00664	0.00730	0.00465	0.00730	0.00398	0.00664	0.00398	0.00531	0.00996	0.00133	0.88782	0.00266	0.00133	0.00332
6	0.00433	0.00325	0.00488	0.00488	0.00542	0.00379	0.00379	0.00542	0.00488	0.00704	0.00813	0.01192	0.00758	0.02275	0.88135	0.00488	0.00813	0.00325	0.00163	0.00271
7	0.00609	0.01569	0.87765	0.00865	0.01313	0.00705	0.01121	0.00961	0.00641	0.00961	0.00544	0.00641	0.00384	0.00288	0.00288	0.00096	0.00448	0.00224	0.00128	0.00448
8	0.00827	0.85202	0.01554	0.00532	0.00787	0.05462	0.00522	0.00923	0.00628	0.00715	0.00424	0.00490	0.00389	0.00262	0.00199	0.00066	0.00335	0.00164	0.00131	0.00388
9	0.00426	0.00308	0.00403	0.00384	0.00453	0.00284	0.00286	0.00565	0.00845	0.01195	0.83087	0.06526	0.02821	0.00636	0.00359	0.00097	0.00145	0.00564	0.00331	0.00284
10	0.00989	0.00727	0.00794	0.00640	0.00836	0.00796	0.00515	0.68436	0.01250	0.01674	0.00926	0.19228	0.00828	0.00487	0.00321	0.00098	0.00301	0.00396	0.00299	0.00460
11	0.00573	0.00539	0.00910	0.88608	0.02090	0.00674	0.00843	0.00775	0.00607	0.00775	0.00539	0.00809	0.00404	0.00303	0.00303	0.00101	0.00404	0.00270	0.00135	0.00337
12	0.00716	0.00818	0.01790	0.01279	0.01586	0.00767	0.86343	0.00972	0.00716	0.00972	0.00614	0.00818	0.00460	0.00256	0.00358	0.00102	0.00512	0.00358	0.00153	0.00409
13	0.00811	0.89520	0.01590	0.00519	0.00779	0.01201	0.00519	0.00909	0.00616	0.00714	0.00422	0.00487	0.00389	0.00260	0.00195	0.00065	0.00324	0.00162	0.00130	0.00389
14	0.00565	0.00467	0.00555	0.00446	0.00644	0.00369	0.00341	0.02166	0.00629	0.00944	0.00864	0.25771	0.00893	0.00433	0.00272	0.00068	0.00213	0.00375	0.00211	0.63773
15	0.00370	0.00264	0.00352	0.00422	0.00440	0.00246	0.00282	0.00422	0.00581	0.00775	0.01672	0.89139	0.02007	0.00951	0.00387	0.00123	0.00176	0.00863	0.00282	0.00246
16	0.00370	0.00264	0.00352	0.00422	0.00440	0.00246	0.00282	0.00422	0.00581	0.00775	0.01672	0.89139	0.02007	0.00951	0.00387	0.00123	0.00176	0.00863	0.00282	0.00246
17	0.00751	0.00721	0.01232	0.01862	0.87445	0.00721	0.00931	0.00931	0.00691	0.00991	0.00571	0.00751	0.00481	0.00270	0.00300	0.00090	0.00360	0.00270	0.00150	0.00481
18	0.00554	0.00452	0.00540	0.00448	0.00628	0.00366	0.00339	0.03326	0.00637	0.00942	0.00944	0.31794	0.01000	0.00485	0.00284	0.00074	0.00211	0.00423	0.00220	0.56333
19	0.01133	0.01446	0.00860	0.00782	0.00938	0.88119	0.00586	0.01212	0.00860	0.00743	0.00469	0.00547	0.00391	0.00313	0.00274	0.00078	0.00547	0.00195	0.00156	0.00352
20	0.00639	0.00627	0.00881	0.00763	0.00769	0.00870	0.00633	0.00710	0.00467	0.00727	0.00443	0.00721	0.00437	0.00720	0.10436	0.00171	0.79252	0.00272	0.00136	0.00325
21	0.01361	0.00516	0.00704	0.00540	0.00775	0.00446	0.00446	0.01479	0.00868	0.87655	0.01197	0.01033	0.00751	0.00376	0.00305	0.00094	0.00258	0.00305	0.00376	0.00516
22	0.01133	0.01446	0.00860	0.00782	0.00938	0.88119	0.00586	0.01212	0.00860	0.00743	0.00469	0.00547	0.00391	0.00313	0.00274	0.00078	0.00547	0.00195	0.00156	0.00352
23	0.00429	0.00310	0.00406	0.00382	0.00453	0.00286	0.00286	0.00573	0.00859	0.01217	0.87285	0.02266	0.02863	0.00620	0.00358	0.00095	0.00143	0.00549	0.00334	0.00286
24	0.00489	0.00349	0.00489	0.00559	0.00629	0.00349	0.00489	0.00629	0.00698	0.00908	0.01606	0.03422	0.01746	0.00838	0.00419	0.00140	0.00279	0.85402	0.00279	0.00279
25	0.00620	0.06535	0.82900	0.00845	0.01283	0.00733	0.01087	0.00958	0.00639	0.00947	0.00538	0.00632	0.00385	0.00287	0.00283	0.00094	0.00441	0.00221	0.00128	0.00445
26	0.00429	0.00310	0.00406	0.00382	0.00453	0.00286	0.00286	0.00573	0.00859	0.01217	0.87285	0.02266	0.02863	0.00620	0.00358	0.00095	0.00143	0.00549	0.00334	0.00286
27	0.00629	0.00539	0.00629	0.00449	0.00719	0.00404	0.00360	0.00764	0.00629	0.00989	0.00539	0.00629	0.00449	0.00225	0.00225	0.00045	0.00225	0.00180	0.00180	0.91192
28	0.91480	0.00587	0.00446	0.00399	0.00587	0.00681	0.00329	0.00892	0.00516	0.01361	0.00422	0.00493	0.00329	0.00282	0.00188	0.00094	0.00235	0.00164	0.00188	0.00329
29	0.00911	0.00668	0.00738	0.00613	0.00786	0.00726	0.00485	0.59808	0.01165	0.01560	0.01021	0.28097	0.00977	0.00546	0.00329	0.00101	0.00285	0.00456	0.00297	0.00433
30	0.00570	0.00307	0.00314	0.00306	0.00373	0.00310	0.00222	0.04005	0.00639	0.01082	0.00975	0.01240	0.00815	0.13326	0.00410	0.00104	0.00171	0.00306	0.74248	0.00277
31	0.00643	0.01363	0.66506	0.01100	0.20987	0.00709	0.02562	0.00954	0.00653	0.00968	0.00552	0.00669	0.00408	0.00284	0.00292	0.00095	0.00429	0.00237	0.00134	0.00455
32	0.00359	0.00307	0.00307	0.00307	0.00410	0.00256	0.00231	0.00435	0.00692	0.00820	0.03074	0.02920	0.87322	0.00768	0.00359	0.00102	0.00154	0.00640	0.00282	0.00256
33	0.00553	0.00518	0.00855	0.80493	0.01935	0.00636	0.00786	0.00744	0.00614	0.00779	0.00772	0.01003	0.08393	0.00346	0.00308	0.00101	0.00381	0.00304	0.00148	0.00330
34	0.00421	0.00305	0.00397	0.00384	0.00451	0.00281	0.00284	0.00553	0.00826	0.01161	0.76243	0.11275	0.04961	0.00658	0.00361	0.00098	0.00147	0.00584	0.00327	0.00281
35	0.00426	0.00308	0.00402	0.00382	0.00452	0.00284	0.00285	0.00565	0.00846	0.01194	0.82849	0.05309	0.04285	0.00634	0.00359	0.00097	0.00144	0.00561	0.00331	0.00284

[dist]
# distance from previous block
# <min> <max>
11	15

[block]
# block no. 1 follows, 95 sequences, length 17
# corresponding to MSA columns:
# 122-138
name=unknown_B
#
# <colnr> <probs for GDERKNQSTAVLIFYWHMCP>
#	G	D	E	R	K	N	Q	S	T	A	V	L	I	F	Y	W	H	M	C	P
0	0.00370	0.00264	0.00352	0.00422	0.00440	0.00246	0.00282	0.00422	0.00581	0.00775	0.01672	0.89139	0.02007	0.00951	0.00387	0.00123	0.00176	0.00863	0.00282	0.00246
1	0.01361	0.00516	0.00704	0.00540	0.00775	0.00446	0.00446	0.01479	0.00868	0.87655	0.01197	0.01033	0.00751	0.00376	0.00305	0.00094	0.00258	0.00305	0.00376	0.00516
2	0.00489	0.00349	0.00489	0.00559	0.00629	0.00349	0.00489	0.00629	0.00698	0.00908	0.01606	0.03422	0.01746	0.00838	0.00419	0.00140	0.00279	0.85402	0.00279	0.00279
3	0.00609	0.01569	0.87765	0.00865	0.01313	0.00705	0.01121	0.00961	0.00641	0.00961	0.00544	0.00641	0.00384	0.00288	0.00288	0.00096	0.00448	0.00224	0.00128	0.00448
4	0.00359	0.00307	0.00307	0.00307	0.00410	0.00256	0.00231	0.00435	0.00692	0.00820	0.03074	0.02920	0.87322	0.00768	0.00359	0.00102	0.00154	0.00640	0.00282	0.00256
5	0.00662	0.00548	0.00634	0.00474	0.00718	0.00448	0.00376	0.10059	0.00712	0.01070	0.00664	0.08778	0.00600	0.00307	0.00248	0.00057	0.00232	0.00253	0.00203	0.72959
6	0.00570	0.00424	0.00629	0.49058	0.01312	0.00499	0.00560	0.00745	0.00620	0.00935	0.00741	0.00953	0.00572	0.00326	0.00262	0.00087	0.00287	0.00276	0.40832	0.00313
7	0.91480	0.00587	0.00446	0.00399	0.00587	0.00681	0.00329	0.00892	0.00516	0.01361	0.00422	0.00493	0.00329	0.00282	0.00188	0.00094	0.00235	0.00164	0.00188	0.00329
8	0.00716	0.00818	0.01790	0.01279	0.01586	0.00767	0.86343	0.00972	0.00716	0.00972	0.00614	0.00818	0.00460	0.00256	0.00358	0.00102	0.00512	0.00358	0.00153	0.00409
9	0.00721	0.00691	0.01178	0.16270	0.73268	0.00713	0.00916	0.00905	0.00677	0.00955	0.00565	0.00761	0.00468	0.00276	0.00301	0.00092	0.00368	0.00270	0.00148	0.00457
10	0.00472	0.00344	0.00453	0.00551	0.11887	0.00340	0.00304	0.00512	0.00511	0.00702	0.01057	0.20114	0.01198	0.55493	0.01084	0.00222	0.00272	0.00501	0.03742	0.00240
11	0.00367	0.00307	0.00326	0.00328	0.00422	0.00266	0.00245	0.00448	0.00679	0.00824	0.06000	0.06133	0.74577	0.00879	0.06711	0.00131	0.00202	0.00623	0.00275	0.00258
12	0.00690	0.00808	0.05216	0.14318	0.01650	0.00751	0.70033	0.00942	0.00697	0.00942	0.00600	0.00810	0.00449	0.00264	0.00347	0.00102	0.00493	0.00339	0.00150	0.00400
13	0.00748	0.00653	0.00704	0.00630	0.00790	0.00767	0.00494	0.01548	0.80642	0.01230	0.01174	0.01098	0.00888	0.00420	0.00358	0.00105	0.06647	0.00337	0.00296	0.00469
14	0.00701	0.00831	0.07169	0.08762	0.11783	0.00750	0.63467	0.00950	0.00699	0.00957	0.00598	0.00798	0.00453	0.00264	0.00342	0.00100	0.00480	0.00332	0.00150	0.00414
15	0.08661	0.00548	0.00877	0.78479	0.04206	0.00676	0.00799	0.00790	0.00601	0.00833	0.00530	0.00779	0.00400	0.00301	0.00293	0.00100	0.00388	0.00260	0.00140	0.00340
16	0.63378	0.00570	0.00509	0.00437	0.00623	0.00631	0.00357	0.07832	0.00665	0.12190	0.07983	0.00743	0.00622	0.00330	0.00227	0.00093	0.00236	0.00226	0.01983	0.00363

[dist]
# distance from previous block
# <min> <max>
0	3

[block]
# block no. 2 follows, 95 sequences, length 18
# corresponding to MSA columns:
# 142-159
name=unknown_C
#
# <colnr> <probs for GDERKNQSTAVLIFYWHMCP>
#	G	D	E	R	K	N	Q	S	T	A	V	L	I	F	Y	W	H	M	C	P
0	0.00951	0.00750	0.00951	0.22900	0.04731	0.00839	0.04728	0.55227	0.01136	0.01516	0.00692	0.02946	0.00521	0.00354	0.00308	0.00095	0.00357	0.00291	0.00247	0.00458
1	0.00764	0.00652	0.00933	0.00750	0.00955	0.00687	0.22075	0.01337	0.50132	0.08740	0.01235	0.01200	0.08322	0.00400	0.00325	0.00102	0.00303	0.00369	0.00273	0.00446
2	0.65118	0.00824	0.22430	0.00516	0.00765	0.00672	0.00526	0.00897	0.00561	0.01255	0.03775	0.00598	0.00440	0.00296	0.00220	0.00094	0.00285	0.00194	0.00178	0.00357
3	0.00842	0.00740	0.01125	0.03465	0.61947	0.00766	0.00824	0.22446	0.00869	0.01210	0.00618	0.00772	0.00501	0.02156	0.00327	0.00095	0.00353	0.00275	0.00189	0.00480
4	0.00959	0.00835	0.08550	0.22847	0.01263	0.00853	0.00692	0.57347	0.01151	0.01542	0.00665	0.00741	0.00476	0.00342	0.00302	0.00094	0.00362	0.00268	0.00246	0.00465
5	0.00441	0.00294	0.00331	0.00331	0.00331	0.00294	0.00184	0.00441	0.00441	0.00588	0.00956	0.01985	0.01103	0.89337	0.01544	0.00294	0.00294	0.00441	0.00184	0.00184
6	0.00638	0.22954	0.01113	0.63241	0.01741	0.00810	0.03882	0.00816	0.00613	0.00767	0.00512	0.00728	0.00403	0.00291	0.00278	0.00092	0.00388	0.00246	0.00134	0.00353
7	0.01021	0.00772	0.00840	0.00635	0.00885	0.00806	0.00522	0.64862	0.01226	0.01680	0.00681	0.00703	0.00499	0.00329	0.00284	0.00079	0.00306	0.00250	0.00272	0.23347
8	0.00938	0.01159	0.00721	0.00662	0.00805	0.65996	0.00497	0.01016	0.00817	0.00762	0.01125	0.01145	0.22279	0.00427	0.00295	0.00084	0.00448	0.00307	0.00188	0.00328
9	0.00571	0.00483	0.00628	0.00492	0.00696	0.00405	0.03899	0.00700	0.00595	0.00906	0.00667	0.05105	0.00604	0.00778	0.22373	0.00163	0.00382	0.00257	0.00179	0.60119
10	0.00621	0.00434	0.00477	0.00423	0.00484	0.00457	0.00283	0.22093	0.00689	0.00922	0.00899	0.01669	0.00955	0.66935	0.01232	0.00243	0.00304	0.00399	0.00214	0.00267
11	0.00412	0.00265	0.00362	0.00412	0.00424	0.00253	0.00273	0.00416	0.00528	0.00704	0.01352	0.63076	0.01594	0.04882	0.00639	0.23056	0.00203	0.00693	0.00240	0.00215
12	0.84380	0.00618	0.03429	0.04312	0.00678	0.00681	0.00378	0.00889	0.00525	0.01322	0.00432	0.00512	0.00334	0.00283	0.00196	0.00094	0.00249	0.00171	0.00183	0.00333
13	0.01021	0.00826	0.01149	0.00917	0.06786	0.00872	0.22192	0.57451	0.01187	0.03475	0.00699	0.00759	0.00505	0.00331	0.00317	0.00094	0.00379	0.00295	0.00257	0.00487
14	0.00843	0.06619	0.08391	0.00665	0.02864	0.47272	0.00536	0.01960	0.00774	0.00795	0.01148	0.01197	0.22302	0.02960	0.00329	0.00092	0.00411	0.00318	0.00186	0.00339
15	0.00749	0.00727	0.01268	0.01824	0.81800	0.00724	0.06546	0.00934	0.00693	0.00990	0.00574	0.00755	0.00479	0.00269	0.00304	0.00091	0.00370	0.00276	0.00150	0.00476
16	0.00779	0.59228	0.09118	0.00575	0.00829	0.01044	0.00564	0.01090	0.22343	0.00876	0.00638	0.00663	0.00524	0.00300	0.00232	0.00077	0.00314	0.00213	0.00175	0.00418
17	0.00762	0.00737	0.01151	0.03694	0.72741	0.04065	0.00867	0.01012	0.10066	0.01007	0.00638	0.00786	0.00524	0.00288	0.00300	0.00091	0.00356	0.00275	0.00167	0.00472

[dist]
# distance from previous block
# <min> <max>
0	1

[block]
# block no. 3 follows, 95 sequences, length 11
# corresponding to MSA columns:
# 161-171
name=unknown_D
#
# <colnr> <probs for GDERKNQSTAVLIFYWHMCP>
#	G	D	E	R	K	N	Q	S	T	A	V	L	I	F	Y	W	H	M	C	P
0	0.72924	0.10504	0.00585	0.02997	0.00644	0.00714	0.00362	0.00870	0.00552	0.01263	0.05922	0.00614	0.00498	0.00301	0.00203	0.00091	0.00244	0.00191	0.00189	0.00333
1	0.00460	0.00348	0.00500	0.00504	0.00567	0.00400	0.00398	0.00619	0.05979	0.00763	0.00928	0.01437	0.00879	0.01997	0.72778	0.00424	0.00717	0.09832	0.00185	0.00285
2	0.00544	0.00377	0.00471	0.00421	0.00516	0.00365	0.00321	0.10194	0.00910	0.04379	0.71993	0.02042	0.02473	0.03184	0.00385	0.00101	0.00173	0.00506	0.00328	0.00317
3	0.01070	0.00866	0.00848	0.00673	0.00886	0.12042	0.00545	0.65917	0.01290	0.01685	0.10366	0.00877	0.00762	0.00386	0.00306	0.00090	0.00340	0.00294	0.00288	0.00469
4	0.00811	0.89520	0.01590	0.00519	0.00779	0.01201	0.00519	0.00909	0.00616	0.00714	0.00422	0.00487	0.00389	0.00260	0.00195	0.00065	0.00324	0.00162	0.00130	0.00389
5	0.00381	0.00269	0.00349	0.00408	0.00423	0.00254	0.00266	0.00425	0.00559	0.00745	0.01558	0.75224	0.01862	0.15062	0.00572	0.00151	0.00195	0.00795	0.00266	0.00236
6	0.01361	0.00516	0.00704	0.00540	0.00775	0.00446	0.00446	0.01479	0.00868	0.87655	0.01197	0.01033	0.00751	0.00376	0.00305	0.00094	0.00258	0.00305	0.00376	0.00516
7	0.00573	0.00539	0.00910	0.88608	0.02090	0.00674	0.00843	0.00775	0.00607	0.00775	0.00539	0.00809	0.00404	0.00303	0.00303	0.00101	0.00404	0.00270	0.00135	0.00337
8	0.00716	0.00818	0.01790	0.01279	0.01586	0.00767	0.86343	0.00972	0.00716	0.00972	0.00614	0.00818	0.00460	0.00256	0.00358	0.00102	0.00512	0.00358	0.00153	0.00409
9	0.01153	0.00850	0.00911	0.00698	0.00941	0.00941	0.00577	0.86433	0.01427	0.01912	0.00728	0.00728	0.00516	0.00364	0.00304	0.00091	0.00334	0.00273	0.00304	0.00516
10	0.00751	0.00608	0.00657	0.00588	0.00752	0.00688	0.00458	0.01494	0.73160	0.05783	0.10470	0.01249	0.01125	0.00432	0.00314	0.00102	0.00231	0.00363	0.00315	0.00461

[dist]
# distance from previous block
# <min> <max>
0	2

[block]
# block no. 4 follows, 95 sequences, length 87
# corresponding to MSA columns:
# 174-260
name=unknown_E
#
# <colnr> <probs for GDERKNQSTAVLIFYWHMCP>
#	G	D	E	R	K	N	Q	S	T	A	V	L	I	F	Y	W	H	M	C	P
0	0.00369	0.00265	0.00351	0.00420	0.00440	0.00247	0.00281	0.00423	0.00583	0.00775	0.01697	0.87601	0.03529	0.00947	0.00387	0.00123	0.00176	0.00859	0.00282	0.00247
1	0.00573	0.00539	0.00910	0.88608	0.02090	0.00674	0.00843	0.00775	0.00607	0.00775	0.00539	0.00809	0.00404	0.00303	0.00303	0.00101	0.00404	0.00270	0.00135	0.00337
2	0.91480	0.00587	0.00446	0.00399	0.00587	0.00681	0.00329	0.00892	0.00516	0.01361	0.00422	0.00493	0.00329	0.00282	0.00188	0.00094	0.00235	0.00164	0.00188	0.00329
3	0.00659	0.00657	0.00922	0.01780	0.00807	0.00918	0.00661	0.00728	0.00467	0.00730	0.00407	0.00674	0.00404	0.00557	0.02390	0.00138	0.86372	0.00267	0.00133	0.00331
4	0.88142	0.00576	0.00442	0.00396	0.00577	0.00666	0.00323	0.00875	0.00514	0.01333	0.00442	0.00548	0.00357	0.03548	0.00238	0.00101	0.00237	0.00174	0.00188	0.00323
5	0.00497	0.00366	0.00537	0.00585	0.00664	0.00365	0.03637	0.00641	0.00699	0.00910	0.01570	0.03327	0.01699	0.00817	0.00417	0.00138	0.00288	0.82284	0.00275	0.00284
6	0.01039	0.00765	0.00834	0.00656	0.00865	0.00847	0.00534	0.72765	0.01275	0.01713	0.00750	0.00848	0.00574	0.05655	0.09315	0.00143	0.00380	0.00288	0.00282	0.00472
7	0.00994	0.01207	0.00881	0.00785	0.00896	0.61275	0.00609	0.02060	0.00749	0.00752	0.00451	0.00584	0.00394	0.00378	0.00488	0.00094	0.26684	0.00217	0.00151	0.00348
8	0.00441	0.00294	0.00331	0.00331	0.00331	0.00294	0.00184	0.00441	0.00441	0.00588	0.00956	0.01985	0.01103	0.89337	0.01544	0.00294	0.00294	0.00441	0.00184	0.00184
9	0.00743	0.00543	0.00618	0.00552	0.00678	0.00577	0.00422	0.41221	0.00988	0.01324	0.03183	0.45218	0.01319	0.00665	0.00347	0.00107	0.00250	0.00576	0.00293	0.00375
10	0.00429	0.00310	0.00406	0.00382	0.00453	0.00286	0.00286	0.00573	0.00859	0.01217	0.87285	0.02266	0.02863	0.00620	0.00358	0.00095	0.00143	0.00549	0.00334	0.00286
11	0.00577	0.00543	0.00917	0.86716	0.03951	0.00675	0.00845	0.00779	0.00609	0.00780	0.00540	0.00808	0.00406	0.00303	0.00303	0.00101	0.00403	0.00270	0.00135	0.00340
12	0.00359	0.00307	0.00307	0.00307	0.00410	0.00256	0.00231	0.00435	0.00692	0.00820	0.03074	0.02920	0.87322	0.00768	0.00359	0.00102	0.00154	0.00640	0.00282	0.00256
13	0.01032	0.00707	0.00784	0.00627	0.00827	0.00763	0.00505	0.60825	0.02308	0.10823	0.00930	0.13650	0.00783	0.03535	0.00359	0.00103	0.00300	0.00369	0.00304	0.00465
14	0.00755	0.00602	0.00644	0.00576	0.00744	0.00673	0.00449	0.01466	0.70343	0.07836	0.01444	0.01331	0.10896	0.00450	0.00314	0.00102	0.00232	0.00374	0.00311	0.00457
15	0.00429	0.00310	0.00406	0.00382	0.00453	0.00286	0.00286	0.00573	0.00859	0.01217	0.87285	0.02266	0.02863	0.00620	0.00358	0.00095	0.00143	0.00549	0.00334	0.00286
16	0.00489	0.00349	0.00489	0.00559	0.00629	0.00349	0.00489	0.00629	0.00698	0.00908	0.01606	0.03422	0.01746	0.00838	0.00419	0.00140	0.00279	0.85402	0.00279	0.00279
17	0.01153	0.00850	0.00911	0.00698	0.00941	0.00941	0.00577	0.86433	0.01427	0.01912	0.00728	0.00728	0.00516	0.00364	0.00304	0.00091	0.00334	0.00273	0.00304	0.00516
18	0.00383	0.00273	0.00367	0.00438	0.00461	0.00258	0.00305	0.00445	0.00594	0.00789	0.01665	0.79652	0.01978	0.00938	0.00391	0.00125	0.00187	0.10220	0.00281	0.00250
19	0.00371	0.00264	0.00352	0.00421	0.00439	0.00247	0.00280	0.00423	0.00579	0.00772	0.01662	0.87949	0.01994	0.02158	0.00403	0.00126	0.00178	0.00857	0.00280	0.00246
20	0.00824	0.86268	0.01565	0.00526	0.00785	0.01191	0.00521	0.04045	0.00646	0.00758	0.00433	0.00496	0.00394	0.00263	0.00199	0.00066	0.00325	0.00166	0.00136	0.00394
21	0.01014	0.00742	0.00799	0.00628	0.00824	0.00816	0.00502	0.69645	0.01235	0.01655	0.00771	0.00964	0.00626	0.16697	0.01578	0.00133	0.00332	0.00305	0.00280	0.00452
22	0.00611	0.00522	0.00620	0.03106	0.00743	0.00403	0.00369	0.00743	0.00625	0.00969	0.00611	0.06208	0.00546	0.00273	0.00237	0.00052	0.00227	0.00225	0.00185	0.82726
23	0.00429	0.00309	0.00405	0.00382	0.00453	0.00286	0.00286	0.00570	0.00855	0.01211	0.86100	0.03469	0.02851	0.00625	0.00358	0.00096	0.00144	0.00553	0.00333	0.00286
24	0.00610	0.01558	0.86627	0.00878	0.02446	0.00705	0.01118	0.00960	0.00641	0.00961	0.00545	0.00642	0.00386	0.00288	0.00288	0.00096	0.00447	0.00225	0.00128	0.00449
25	0.00359	0.00307	0.00307	0.00307	0.00410	0.00256	0.00231	0.00435	0.00692	0.00820	0.03074	0.02920	0.87322	0.00768	0.00359	0.00102	0.00154	0.00640	0.00282	0.00256
26	0.00572	0.00529	0.00896	0.83358	0.02003	0.00656	0.01841	0.00759	0.00598	0.00766	0.00540	0.00814	0.00411	0.00339	0.00346	0.04440	0.00399	0.00270	0.00135	0.00328
27	0.00627	0.01462	0.76805	0.00991	0.12223	0.00707	0.01097	0.00957	0.00647	0.00965	0.00548	0.00655	0.00397	0.00286	0.00290	0.00095	0.00437	0.00230	0.00131	0.00452
28	0.01072	0.01338	0.00891	0.05959	0.07633	0.76351	0.00628	0.01165	0.00832	0.00763	0.00481	0.00578	0.00398	0.00309	0.00277	0.00080	0.00525	0.00205	0.00155	0.00361
29	0.01108	0.00819	0.00881	0.00676	0.00913	0.00896	0.00555	0.79744	0.01359	0.01830	0.00725	0.00756	0.00528	0.02680	0.00332	0.00094	0.00327	0.00273	0.00294	0.05211
30	0.00365	0.00310	0.00317	0.00320	0.00421	0.00261	0.00244	0.00445	0.00692	0.00824	0.02998	0.02946	0.82935	0.00772	0.00362	0.00104	0.00160	0.04985	0.00282	0.00257
31	0.00713	0.00796	0.01695	0.01332	0.11853	0.00751	0.74396	0.00956	0.00710	0.00970	0.00630	0.02566	0.00494	0.00271	0.00352	0.00101	0.00487	0.00358	0.00156	0.00415
32	0.00438	0.00293	0.00332	0.00335	0.00336	0.00292	0.00189	0.00440	0.00448	0.00597	0.00991	0.06255	0.01147	0.85008	0.01488	0.00286	0.00288	0.00462	0.00189	0.00187
33	0.01035	0.00759	0.00820	0.00647	0.00852	0.00834	0.00522	0.72765	0.01281	0.01716	0.00819	0.07606	0.00679	0.07732	0.00412	0.00110	0.00319	0.00332	0.00292	0.00468
34	0.00489	0.00349	0.00489	0.00559	0.00629	0.00349	0.00489	0.00629	0.00698	0.00908	0.01606	0.03422	0.01746	0.00838	0.00419	0.00140	0.00279	0.85402	0.00279	0.00279
35	0.00609	0.01569	0.87765	0.00865	0.01313	0.00705	0.01121	0.00961	0.00641	0.00961	0.00544	0.00641	0.00384	0.00288	0.00288	0.00096	0.00448	0.00224	0.00128	0.00448
36	0.00734	0.00629	0.00671	0.00613	0.00777	0.00724	0.00481	0.01537	0.80292	0.01242	0.01263	0.01307	0.00989	0.00444	0.00317	0.00106	0.00243	0.06860	0.00306	0.00465
37	0.00602	0.01523	0.84559	0.00845	0.01277	0.00690	0.01087	0.00942	0.00633	0.00947	0.00560	0.00690	0.00411	0.03554	0.00334	0.00103	0.00443	0.00232	0.00130	0.00439
38	0.00441	0.00294	0.00331	0.00331	0.00331	0.00294	0.00184	0.00441	0.00441	0.00588	0.00956	0.01985	0.01103	0.89337	0.01544	0.00294	0.00294	0.00441	0.00184	0.00184
39	0.00566	0.00283	0.00283	0.00283	0.00353	0.00283	0.00212	0.00707	0.00636	0.01131	0.00990	0.01131	0.00778	0.00353	0.00212	0.00071	0.00141	0.00283	0.91022	0.00283
40	0.00621	0.01553	0.85778	0.00861	0.01305	0.00710	0.01109	0.02916	0.00659	0.00983	0.00549	0.00643	0.00387	0.00290	0.00289	0.00096	0.00446	0.00225	0.00132	0.00450
41	0.00441	0.00294	0.00331	0.00331	0.00331	0.00294	0.00184	0.00441	0.00441	0.00588	0.00956	0.01985	0.01103	0.89337	0.01544	0.00294	0.00294	0.00441	0.00184	0.00184
42	0.01153	0.00850	0.00911	0.00698	0.00941	0.00941	0.00577	0.86433	0.01427	0.01912	0.00728	0.00728	0.00516	0.00364	0.00304	0.00091	0.00334	0.00273	0.00304	0.00516
43	0.00629	0.00539	0.00629	0.00449	0.00719	0.00404	0.00360	0.00764	0.00629	0.00989	0.00539	0.00629	0.00449	0.00225	0.00225	0.00045	0.00225	0.00180	0.00180	0.91192
44	0.00609	0.01569	0.87765	0.00865	0.01313	0.00705	0.01121	0.00961	0.00641	0.00961	0.00544	0.00641	0.00384	0.00288	0.00288	0.00096	0.00448	0.00224	0.00128	0.00448
45	0.00370	0.00264	0.00352	0.00422	0.00440	0.00246	0.00282	0.00422	0.00581	0.00775	0.01672	0.89139	0.02007	0.00951	0.00387	0.00123	0.00176	0.00863	0.00282	0.00246
46	0.00609	0.01569	0.87765	0.00865	0.01313	0.00705	0.01121	0.00961	0.00641	0.00961	0.00544	0.00641	0.00384	0.00288	0.00288	0.00096	0.00448	0.00224	0.00128	0.00448
47	0.00808	0.88355	0.02731	0.00524	0.00786	0.01194	0.00527	0.00909	0.00617	0.00717	0.00423	0.00489	0.00389	0.00260	0.00196	0.00065	0.00326	0.00163	0.00130	0.00390
48	0.00664	0.00664	0.00929	0.00797	0.00797	0.00929	0.00664	0.00730	0.00465	0.00730	0.00398	0.00664	0.00398	0.00531	0.00996	0.00133	0.88782	0.00266	0.00133	0.00332
49	0.00441	0.00294	0.00331	0.00331	0.00331	0.00294	0.00184	0.00441	0.00441	0.00588	0.00956	0.01985	0.01103	0.89337	0.01544	0.00294	0.00294	0.00441	0.00184	0.00184
50	0.00609	0.01569	0.87765	0.00865	0.01313	0.00705	0.01121	0.00961	0.00641	0.00961	0.00544	0.00641	0.00384	0.00288	0.00288	0.00096	0.00448	0.00224	0.00128	0.00448
51	0.00366	0.00308	0.00318	0.00315	0.00414	0.00259	0.00236	0.00450	0.00709	0.00862	0.12040	0.02850	0.78328	0.00753	0.00359	0.00102	0.00153	0.00631	0.00287	0.00259
52	0.00440	0.00293	0.00331	0.00333	0.00333	0.00293	0.00186	0.00441	0.00444	0.00593	0.00972	0.03990	0.01124	0.87304	0.01518	0.00290	0.00291	0.00451	0.00186	0.00185
53	0.00609	0.01569	0.87765	0.00865	0.01313	0.00705	0.01121	0.00961	0.00641	0.00961	0.00544	0.00641	0.00384	0.00288	0.00288	0.00096	0.00448	0.00224	0.00128	0.00448
54	0.00664	0.00666	0.00941	0.00803	0.00807	0.00927	0.01791	0.00733	0.00468	0.00733	0.00401	0.00666	0.00399	0.00527	0.00987	0.00132	0.87621	0.00267	0.00133	0.00333
55	0.00359	0.00307	0.00307	0.00307	0.00410	0.00256	0.00231	0.00435	0.00692	0.00820	0.03074	0.02920	0.87322	0.00768	0.00359	0.00102	0.00154	0.00640	0.00282	0.00256
56	0.00566	0.00531	0.00890	0.85550	0.02032	0.00659	0.00822	0.00763	0.00608	0.00776	0.00611	0.01897	0.02412	0.00322	0.00306	0.00101	0.00396	0.00285	0.00140	0.00334
57	0.88739	0.00585	0.00460	0.03059	0.00632	0.00680	0.00344	0.00888	0.00519	0.01344	0.00426	0.00502	0.00331	0.00282	0.00191	0.00094	0.00240	0.00167	0.00186	0.00329
58	0.00441	0.00294	0.00331	0.00331	0.00331	0.00294	0.00184	0.00441	0.00441	0.00588	0.00956	0.01985	0.01103	0.89337	0.01544	0.00294	0.00294	0.00441	0.00184	0.00184
59	0.01094	0.01381	0.00866	0.00783	0.00926	0.80841	0.00593	0.01171	0.00827	0.00742	0.00463	0.00557	0.00391	0.00331	0.00334	0.00083	0.07913	0.00201	0.00154	0.00350
60	0.00429	0.00310	0.00406	0.00382	0.00453	0.00286	0.00286	0.00573	0.00859	0.01217	0.87285	0.02266	0.02863	0.00620	0.00358	0.00095	0.00143	0.00549	0.00334	0.00286
61	0.00755	0.00652	0.00686	0.00617	0.00789	0.00755	0.00480	0.01612	0.86896	0.01269	0.01235	0.01132	0.00926	0.00412	0.00309	0.00103	0.00240	0.00343	0.00309	0.00480
62	0.00359	0.00307	0.00307	0.00307	0.00410	0.00256	0.00231	0.00435	0.00692	0.00820	0.03074	0.02920	0.87322	0.00768	0.00359	0.00102	0.00154	0.00640	0.00282	0.00256
63	0.00426	0.00309	0.00402	0.00380	0.00452	0.00285	0.00285	0.00565	0.00848	0.01196	0.83035	0.04180	0.05233	0.00632	0.00359	0.00096	0.00144	0.00558	0.00331	0.00285
64	0.00755	0.00652	0.00686	0.00617	0.00789	0.00755	0.00480	0.01612	0.86896	0.01269	0.01235	0.01132	0.00926	0.00412	0.00309	0.00103	0.00240	0.00343	0.00309	0.00480
65	0.01153	0.00850	0.00911	0.00698	0.00941	0.00941	0.00577	0.86433	0.01427	0.01912	0.00728	0.00728	0.00516	0.00364	0.00304	0.00091	0.00334	0.00273	0.00304	0.00516
66	0.01355	0.00527	0.00710	0.00545	0.00780	0.00461	0.00450	0.04110	0.00886	0.84999	0.01182	0.01023	0.00744	0.00375	0.00305	0.00094	0.00261	0.00304	0.00373	0.00516
67	0.01128	0.01436	0.00865	0.00796	0.02120	0.86925	0.00591	0.01208	0.00857	0.00746	0.00470	0.00550	0.00392	0.00312	0.00274	0.00078	0.00545	0.00196	0.00156	0.00353
68	0.00755	0.00652	0.00686	0.00617	0.00789	0.00755	0.00480	0.01612	0.86896	0.01269	0.01235	0.01132	0.00926	0.00412	0.00309	0.00103	0.00240	0.00343	0.00309	0.00480
69	0.00720	0.00808	0.01728	0.01343	0.11089	0.00762	0.76889	0.00967	0.00713	0.00974	0.00609	0.00811	0.00463	0.00257	0.00352	0.00101	0.00495	0.00348	0.00153	0.00417
70	0.00806	0.88346	0.01575	0.00519	0.00776	0.01190	0.00517	0.00904	0.00615	0.00714	0.00427	0.00496	0.00394	0.00286	0.01352	0.00070	0.00331	0.00164	0.00130	0.00388
71	0.00609	0.01569	0.87765	0.00865	0.01313	0.00705	0.01121	0.00961	0.00641	0.00961	0.00544	0.00641	0.00384	0.00288	0.00288	0.00096	0.00448	0.00224	0.00128	0.00448
72	0.00755	0.00652	0.00686	0.00617	0.00789	0.00755	0.00480	0.01612	0.86896	0.01269	0.01235	0.01132	0.00926	0.00412	0.00309	0.00103	0.00240	0.00343	0.00309	0.00480
73	0.00370	0.00264	0.00352	0.00422	0.00440	0.00246	0.00282	0.00422	0.00581	0.00775	0.01672	0.89139	0.02007	0.00951	0.00387	0.00123	0.00176	0.00863	0.00282	0.00246
74	0.00557	0.00463	0.00553	0.00442	0.00642	0.00361	0.00338	0.00670	0.00616	0.00929	0.00853	0.25107	0.00880	0.00425	0.00270	0.00067	0.00211	0.00369	0.00208	0.66040
75	0.00555	0.00461	0.00550	0.00442	0.00639	0.00359	0.00337	0.00666	0.00615	0.00927	0.00863	0.25952	0.00895	0.00432	0.00271	0.00067	0.00211	0.00375	0.00209	0.65173
76	0.00527	0.00264	0.00395	0.00395	0.00395	0.00264	0.00264	0.00395	0.00395	0.00527	0.00527	0.00922	0.00527	0.01054	0.01186	0.91173	0.00264	0.00264	0.00132	0.00132
77	0.01153	0.00850	0.00911	0.00698	0.00941	0.00941	0.00577	0.86433	0.01427	0.01912	0.00728	0.00728	0.00516	0.00364	0.00304	0.00091	0.00334	0.00273	0.00304	0.00516
78	0.91480	0.00587	0.00446	0.00399	0.00587	0.00681	0.00329	0.00892	0.00516	0.01361	0.00422	0.00493	0.00329	0.00282	0.00188	0.00094	0.00235	0.00164	0.00188	0.00329
79	0.00441	0.00294	0.00331	0.00331	0.00331	0.00294	0.00184	0.00441	0.00441	0.00588	0.00956	0.01985	0.01103	0.89337	0.01544	0.00294	0.00294	0.00441	0.00184	0.00184
80	0.00379	0.00268	0.00349	0.00410	0.00426	0.00253	0.00269	0.00425	0.00562	0.00750	0.01577	0.77529	0.01886	0.12726	0.00541	0.00146	0.00192	0.00806	0.00269	0.00238
81	0.00678	0.00757	0.01631	0.01184	0.01459	0.00710	0.76817	0.00911	0.00701	0.00950	0.00731	0.10594	0.00632	0.00333	0.00361	0.00105	0.00474	0.00414	0.00168	0.00391
82	0.10412	0.00707	0.01148	0.01706	0.78196	0.00717	0.00867	0.00927	0.00672	0.01031	0.00555	0.00723	0.00464	0.00272	0.00288	0.00091	0.00347	0.00259	0.00154	0.00464
83	0.00782	0.76929	0.13926	0.00569	0.00855	0.01130	0.00605	0.00916	0.00620	0.00749	0.00439	0.00509	0.00389	0.00264	0.00208	0.00069	0.00342	0.00171	0.00130	0.00398
84	0.10285	0.01465	0.78467	0.00815	0.01236	0.00702	0.01037	0.00954	0.00627	0.01003	0.00531	0.00625	0.00378	0.00288	0.00278	0.00096	0.00426	0.00218	0.00134	0.00436
85	0.81779	0.00552	0.00436	0.00401	0.00571	0.00634	0.00324	0.00842	0.00523	0.01299	0.00556	0.09932	0.00507	0.00353	0.00209	0.00097	0.00228	0.00239	0.00198	0.00320
86	0.00688	0.06880	0.69888	0.00836	0.01244	0.01693	0.03402	0.10062	0.00727	0.01045	0.00558	0.00644	0.00401	0.00294	0.00286	0.00094	0.00431	0.00229	0.00148	0.00450

[dist]
# distance from previous block
# <min> <max>
0	100

# created by:
# /share/home/app/bin/augustus-3.3.1/scripts/msa2prfl.pl /dev/shm/tmp/ogap_db/mt-Magnoliopsida/msas/rpl5.aln --setname=rpl5
