[name]
rps19

[dist]
# distance from previous block
# <min> <max>
0	0

[block]
# block no. 0 follows, 38 sequences, length 24
# corresponding to MSA columns:
# 0-23
name=unknown_A
#
# <colnr> <probs for GDERKNQSTAVLIFYWHMCP>
#	G	D	E	R	K	N	Q	S	T	A	V	L	I	F	Y	W	H	M	C	P
0	0.00969	0.00692	0.00969	0.01108	0.01246	0.00692	0.00969	0.01246	0.01385	0.01800	0.03185	0.06786	0.03462	0.01662	0.00831	0.00277	0.00554	0.71057	0.00554	0.00554
1	0.01486	0.01062	0.01272	0.00920	0.01444	0.00815	0.00741	0.01747	0.01325	0.14026	0.01283	0.01379	0.00989	0.00495	0.00472	0.00105	0.00456	0.00397	0.00420	0.69167
2	0.01136	0.01069	0.01804	0.77412	0.04143	0.01337	0.01671	0.01537	0.01203	0.01537	0.01069	0.01604	0.00802	0.00601	0.00601	0.00200	0.00802	0.00535	0.00267	0.00668
3	0.01136	0.01069	0.01804	0.77412	0.04143	0.01337	0.01671	0.01537	0.01203	0.01537	0.01069	0.01604	0.00802	0.00601	0.00601	0.00200	0.00802	0.00535	0.00267	0.00668
4	0.02287	0.01685	0.01805	0.01384	0.01866	0.01866	0.01143	0.73100	0.02828	0.03791	0.01444	0.01444	0.01023	0.00722	0.00602	0.00181	0.00662	0.00542	0.00602	0.01023
5	0.00711	0.00609	0.00609	0.00609	0.00813	0.00508	0.00457	0.00863	0.01371	0.01625	0.06094	0.05789	0.74862	0.01524	0.00711	0.00203	0.00305	0.01270	0.00559	0.00508
6	0.01045	0.00522	0.00784	0.00784	0.00784	0.00522	0.00522	0.00784	0.00784	0.01045	0.01045	0.01829	0.01045	0.02090	0.02351	0.82497	0.00522	0.00522	0.00261	0.00261
7	0.01489	0.01429	0.02442	0.03692	0.75106	0.01429	0.01846	0.01846	0.01370	0.01965	0.01132	0.01489	0.00953	0.00536	0.00596	0.00179	0.00715	0.00536	0.00298	0.00953
8	0.83108	0.01163	0.00884	0.00791	0.01163	0.01350	0.00651	0.01768	0.01024	0.02699	0.00838	0.00977	0.00651	0.00558	0.00372	0.00186	0.00465	0.00326	0.00372	0.00651
9	0.02209	0.01622	0.01735	0.01342	0.01803	0.01795	0.01105	0.67634	0.05019	0.03681	0.01500	0.01506	0.01072	0.00724	0.00594	0.00179	0.00639	0.00547	0.04295	0.01000
10	0.00875	0.00583	0.00656	0.00656	0.00656	0.00583	0.00365	0.00875	0.00875	0.01166	0.01895	0.03937	0.02187	0.78858	0.03062	0.00583	0.00583	0.00875	0.00365	0.00365
11	0.00847	0.00609	0.00792	0.00756	0.00886	0.00564	0.00558	0.01109	0.01638	0.02312	0.67942	0.08139	0.05434	0.04776	0.00819	0.00210	0.00301	0.01109	0.00644	0.00555
12	0.01608	0.79220	0.03152	0.01029	0.01544	0.02380	0.01029	0.01801	0.01222	0.01415	0.00836	0.00965	0.00772	0.00515	0.00386	0.00129	0.00643	0.00322	0.00257	0.00772
13	0.02377	0.00942	0.01282	0.01032	0.01427	0.00819	0.00831	0.02588	0.01628	0.63387	0.02528	0.14581	0.01897	0.00932	0.00632	0.00196	0.00485	0.00786	0.00714	0.00936
14	0.00875	0.00583	0.00656	0.00656	0.00656	0.00583	0.00365	0.00875	0.00875	0.01166	0.01895	0.03937	0.02187	0.78858	0.03062	0.00583	0.00583	0.00875	0.00365	0.00365
15	0.00754	0.00546	0.00720	0.00840	0.00895	0.00501	0.00565	0.00865	0.01156	0.01553	0.03224	0.75314	0.03853	0.01826	0.00755	0.00238	0.00353	0.01655	0.00550	0.03837
16	0.00793	0.00560	0.00736	0.00855	0.00902	0.00536	0.00597	0.00910	0.01149	0.01524	0.03082	0.55589	0.03627	0.13333	0.01120	0.00300	0.00418	0.12959	0.00529	0.00481
17	0.01194	0.01128	0.01909	0.65321	0.15782	0.01352	0.01699	0.01588	0.01230	0.01607	0.01079	0.01585	0.00827	0.00591	0.00600	0.00197	0.00788	0.00535	0.00272	0.00715
18	0.01022	0.00803	0.01165	0.01469	0.13306	0.00790	0.01049	0.01296	0.01381	0.01805	0.03216	0.05791	0.12067	0.01460	0.00777	0.00252	0.00549	0.50677	0.00513	0.00614
19	0.01490	0.01407	0.02264	0.03288	0.63044	0.01440	0.01700	0.02068	0.13285	0.02056	0.01348	0.01613	0.01098	0.00582	0.00598	0.00183	0.00676	0.00560	0.00349	0.00953
20	0.01431	0.01370	0.02337	0.15784	0.63467	0.01414	0.01817	0.01796	0.01342	0.01895	0.01121	0.01508	0.00928	0.00547	0.00597	0.00182	0.00729	0.00536	0.00293	0.00906
21	0.01548	0.01963	0.16236	0.02998	0.50424	0.12615	0.01816	0.01940	0.01401	0.01880	0.01092	0.01387	0.00890	0.00555	0.00583	0.00177	0.00803	0.00496	0.00291	0.00903
22	0.01339	0.01369	0.01697	0.54215	0.03377	0.13640	0.01467	0.01823	0.08751	0.01630	0.01381	0.01745	0.03747	0.00662	0.00597	0.00193	0.00796	0.00554	0.00321	0.00696
23	0.01529	0.48237	0.27651	0.01276	0.01915	0.01985	0.01434	0.04606	0.01314	0.03771	0.00986	0.01117	0.00799	0.00548	0.00463	0.00153	0.00724	0.00380	0.00283	0.00828

[dist]
# distance from previous block
# <min> <max>
0	26

[block]
# block no. 1 follows, 38 sequences, length 27
# corresponding to MSA columns:
# 50-76
name=unknown_B
#
# <colnr> <probs for GDERKNQSTAVLIFYWHMCP>
#	G	D	E	R	K	N	Q	S	T	A	V	L	I	F	Y	W	H	M	C	P
0	0.00789	0.00562	0.00721	0.00827	0.00879	0.00534	0.00572	0.00900	0.01146	0.01509	0.03209	0.50926	0.07907	0.15836	0.01190	0.00308	0.00416	0.10769	0.00523	0.00476
1	0.02163	0.02480	0.01664	0.01472	0.01801	0.56406	0.01122	0.16910	0.01903	0.01955	0.01182	0.05878	0.01022	0.00718	0.00568	0.00166	0.00953	0.00500	0.00385	0.00752
2	0.01136	0.01069	0.01804	0.77412	0.04143	0.01337	0.01671	0.01537	0.01203	0.01537	0.01069	0.01604	0.00802	0.00601	0.00601	0.00200	0.00802	0.00535	0.00267	0.00668
3	0.01474	0.01414	0.02415	0.06840	0.72075	0.01425	0.01839	0.01833	0.01363	0.01947	0.01129	0.01494	0.00946	0.00539	0.00596	0.00180	0.00718	0.00536	0.00296	0.00941
4	0.00711	0.00609	0.00609	0.00609	0.00813	0.00508	0.00457	0.00863	0.01371	0.01625	0.06094	0.05789	0.74862	0.01524	0.00711	0.00203	0.00305	0.01270	0.00559	0.00508
5	0.06120	0.00562	0.00790	0.00784	0.00807	0.00574	0.00530	0.00845	0.00799	0.01147	0.01032	0.01776	0.01021	0.01995	0.02229	0.77407	0.00519	0.00510	0.00268	0.00285
6	0.02287	0.01685	0.01805	0.01384	0.01866	0.01866	0.01143	0.73100	0.02828	0.03791	0.01444	0.01444	0.01023	0.00722	0.00602	0.00181	0.00662	0.00542	0.00602	0.01023
7	0.01136	0.01069	0.01804	0.77412	0.04143	0.01337	0.01671	0.01537	0.01203	0.01537	0.01069	0.01604	0.00802	0.00601	0.00601	0.00200	0.00802	0.00535	0.00267	0.00668
8	0.01136	0.01069	0.01804	0.77412	0.04143	0.01337	0.01671	0.01537	0.01203	0.01537	0.01069	0.01604	0.00802	0.00601	0.00601	0.00200	0.00802	0.00535	0.00267	0.00668
9	0.02287	0.01685	0.01805	0.01384	0.01866	0.01866	0.01143	0.73100	0.02828	0.03791	0.01444	0.01444	0.01023	0.00722	0.00602	0.00181	0.00662	0.00542	0.00602	0.01023
10	0.02287	0.01685	0.01805	0.01384	0.01866	0.01866	0.01143	0.73100	0.02828	0.03791	0.01444	0.01444	0.01023	0.00722	0.00602	0.00181	0.00662	0.00542	0.00602	0.01023
11	0.00711	0.00609	0.00609	0.00609	0.00813	0.00508	0.00457	0.00863	0.01371	0.01625	0.06094	0.05789	0.74862	0.01524	0.00711	0.00203	0.00305	0.01270	0.00559	0.00508
12	0.01528	0.01118	0.01264	0.01117	0.01380	0.01193	0.00858	0.37801	0.02009	0.02689	0.02358	0.39068	0.02467	0.01290	0.00683	0.00212	0.00509	0.01112	0.00581	0.00762
13	0.01247	0.01069	0.01247	0.00891	0.01426	0.00802	0.00713	0.01515	0.01247	0.01960	0.01069	0.01247	0.00891	0.00446	0.00446	0.00089	0.00446	0.00356	0.00356	0.82536
14	0.01223	0.06155	0.72839	0.01687	0.02561	0.01436	0.02175	0.01901	0.01268	0.01886	0.01070	0.01258	0.00762	0.00569	0.00564	0.00188	0.00879	0.00440	0.00254	0.00884
15	0.00875	0.00583	0.00656	0.00656	0.00656	0.00583	0.00365	0.00875	0.00875	0.01166	0.01895	0.03937	0.02187	0.78858	0.03062	0.00583	0.00583	0.00875	0.00365	0.00365
16	0.00851	0.00615	0.00804	0.00757	0.00899	0.00568	0.00568	0.01135	0.01703	0.02412	0.74788	0.04494	0.05676	0.01230	0.00710	0.00189	0.00284	0.01088	0.00662	0.00568
17	0.01714	0.66536	0.02912	0.01116	0.01596	0.14684	0.01051	0.01901	0.01302	0.01425	0.00852	0.00985	0.00772	0.00532	0.00412	0.00133	0.00717	0.00333	0.00266	0.00760
18	0.01193	0.00630	0.00638	0.00612	0.00773	0.00641	0.00465	0.05836	0.01358	0.02339	0.01930	0.02193	0.01510	0.00702	0.00432	0.00143	0.00304	0.00560	0.77152	0.00589
19	0.07216	0.01653	0.01749	0.01348	0.01823	0.01834	0.01113	0.68749	0.02718	0.03725	0.01407	0.01416	0.01000	0.00712	0.00588	0.00181	0.00650	0.00528	0.00588	0.01000
20	0.00851	0.00615	0.00804	0.00757	0.00899	0.00568	0.00568	0.01135	0.01703	0.02412	0.74788	0.04494	0.05676	0.01230	0.00710	0.00189	0.00284	0.01088	0.00662	0.00568
21	0.01062	0.00969	0.01601	0.63363	0.03543	0.01181	0.01467	0.01409	0.01194	0.01537	0.01481	0.15706	0.01385	0.00837	0.00632	0.00209	0.00719	0.00750	0.00321	0.00635
22	0.00711	0.00609	0.00609	0.00609	0.00813	0.00508	0.00457	0.00863	0.01371	0.01625	0.06094	0.05789	0.74862	0.01524	0.00711	0.00203	0.00305	0.01270	0.00559	0.00508
23	0.00859	0.00645	0.00967	0.00967	0.01074	0.00752	0.00752	0.01074	0.00967	0.01396	0.01611	0.02363	0.01504	0.04512	0.76474	0.00967	0.01611	0.00645	0.00322	0.00537
24	0.02247	0.02867	0.01705	0.01550	0.01860	0.76443	0.01162	0.02402	0.01705	0.01472	0.00930	0.01085	0.00775	0.00620	0.00542	0.00155	0.01085	0.00387	0.00310	0.00697
25	0.83108	0.01163	0.00884	0.00791	0.01163	0.01350	0.00651	0.01768	0.01024	0.02699	0.00838	0.00977	0.00651	0.00558	0.00372	0.00186	0.00465	0.00326	0.00372	0.00651
26	0.01489	0.01429	0.02442	0.03692	0.75106	0.01429	0.01846	0.01846	0.01370	0.01965	0.01132	0.01489	0.00953	0.00536	0.00596	0.00179	0.00715	0.00536	0.00298	0.00953

[dist]
# distance from previous block
# <min> <max>
0	1

[block]
# block no. 2 follows, 38 sequences, length 15
# corresponding to MSA columns:
# 78-92
name=unknown_C
#
# <colnr> <probs for GDERKNQSTAVLIFYWHMCP>
#	G	D	E	R	K	N	Q	S	T	A	V	L	I	F	Y	W	H	M	C	P
0	0.01549	0.01319	0.01390	0.01235	0.01585	0.01521	0.00965	0.07886	0.69243	0.02602	0.02381	0.02191	0.01782	0.00810	0.00611	0.00202	0.00489	0.00671	0.00611	0.00957
1	0.01390	0.01117	0.01269	0.00950	0.01401	0.00970	0.00745	0.14791	0.01491	0.02192	0.01254	0.01658	0.01096	0.11387	0.00838	0.00175	0.00505	0.00463	0.00403	0.55905
2	0.00845	0.00610	0.00798	0.00761	0.00897	0.00563	0.00567	0.01118	0.01671	0.02362	0.70672	0.08753	0.05578	0.01268	0.00713	0.00192	0.00288	0.01124	0.00656	0.00563
3	0.01136	0.01069	0.01804	0.77412	0.04143	0.01337	0.01671	0.01537	0.01203	0.01537	0.01069	0.01604	0.00802	0.00601	0.00601	0.00200	0.00802	0.00535	0.00267	0.00668
4	0.01121	0.00561	0.00561	0.00561	0.00701	0.00561	0.00421	0.01402	0.01262	0.02243	0.01962	0.02243	0.01542	0.00701	0.00421	0.00140	0.00280	0.00561	0.82198	0.00561
5	0.01485	0.01440	0.02503	0.03629	0.71146	0.01434	0.05757	0.01851	0.01373	0.01963	0.01136	0.01496	0.00951	0.00534	0.00602	0.00180	0.00731	0.00546	0.00298	0.00945
6	0.00711	0.00609	0.00609	0.00609	0.00813	0.00508	0.00457	0.00863	0.01371	0.01625	0.06094	0.05789	0.74862	0.01524	0.00711	0.00203	0.00305	0.01270	0.00559	0.00508
7	0.01437	0.01241	0.01304	0.01178	0.01508	0.01422	0.00915	0.03020	0.68530	0.02449	0.02724	0.02512	0.07353	0.00870	0.00620	0.00204	0.00463	0.00725	0.00608	0.00919
8	0.01207	0.03112	0.75741	0.01715	0.02604	0.01397	0.02223	0.01905	0.01270	0.01905	0.01080	0.01270	0.00762	0.00572	0.00572	0.00191	0.00889	0.00445	0.00254	0.00889
9	0.66898	0.01549	0.15699	0.00974	0.01448	0.01359	0.00962	0.01795	0.01073	0.02542	0.00886	0.01035	0.00673	0.00561	0.00412	0.00187	0.00549	0.00349	0.00349	0.00699
10	0.01451	0.01390	0.02373	0.11653	0.67443	0.01419	0.01827	0.01813	0.01352	0.01919	0.01125	0.01501	0.00937	0.00543	0.00596	0.00181	0.00724	0.00536	0.00294	0.00922
11	0.00841	0.00615	0.00790	0.00746	0.00893	0.00563	0.00560	0.01116	0.01679	0.02357	0.69927	0.04585	0.10572	0.01251	0.00710	0.00190	0.00285	0.01101	0.00655	0.00563
12	0.83108	0.01163	0.00884	0.00791	0.01163	0.01350	0.00651	0.01768	0.01024	0.02699	0.00838	0.00977	0.00651	0.00558	0.00372	0.00186	0.00465	0.00326	0.00372	0.00651
13	0.01325	0.01344	0.01996	0.01665	0.01720	0.01814	0.07762	0.01491	0.00966	0.01491	0.00828	0.01344	0.00801	0.01004	0.01860	0.00258	0.70849	0.00543	0.00267	0.00672
14	0.01483	0.01447	0.02542	0.03588	0.68628	0.01438	0.08244	0.01853	0.01374	0.01962	0.01139	0.01501	0.00949	0.00533	0.00606	0.00181	0.00742	0.00552	0.00298	0.00940

[dist]
# distance from previous block
# <min> <max>
0	2

[block]
# block no. 3 follows, 38 sequences, length 8
# corresponding to MSA columns:
# 95-102
name=unknown_D
#
# <colnr> <probs for GDERKNQSTAVLIFYWHMCP>
#	G	D	E	R	K	N	Q	S	T	A	V	L	I	F	Y	W	H	M	C	P
0	0.01207	0.03112	0.75741	0.01715	0.02604	0.01397	0.02223	0.01905	0.01270	0.01905	0.01080	0.01270	0.00762	0.00572	0.00572	0.00191	0.00889	0.00445	0.00254	0.00889
1	0.01350	0.00954	0.01043	0.00901	0.01063	0.01015	0.00627	0.25187	0.01532	0.02050	0.01744	0.03098	0.01795	0.52556	0.02234	0.00448	0.00610	0.00763	0.00444	0.00586
2	0.02014	0.00892	0.01184	0.01009	0.01331	0.00805	0.00789	0.06110	0.01591	0.46647	0.02639	0.27738	0.02301	0.01127	0.00660	0.00205	0.00465	0.00973	0.00674	0.00844
3	0.01309	0.00941	0.01068	0.00974	0.01153	0.00990	0.00705	0.25748	0.01650	0.02207	0.02265	0.30618	0.02448	0.23491	0.01367	0.00319	0.00524	0.01069	0.00518	0.00637
4	0.01239	0.01033	0.01137	0.01094	0.01331	0.01157	0.00820	0.02403	0.49490	0.02186	0.02740	0.27902	0.02558	0.01176	0.00665	0.00218	0.00433	0.01027	0.00594	0.00796
5	0.01192	0.01123	0.01762	0.47705	0.03097	0.01462	0.01489	0.01466	0.01085	0.01480	0.00974	0.01519	0.00811	0.00835	0.01159	0.04711	0.26692	0.00531	0.00266	0.00643
6	0.28916	0.01291	0.01832	0.12611	0.40690	0.01390	0.01420	0.01779	0.01231	0.02155	0.01024	0.01332	0.00831	0.00552	0.00521	0.00184	0.00642	0.00465	0.00319	0.00813
7	0.01510	0.01674	0.01771	0.51875	0.03375	0.26619	0.01500	0.01828	0.01372	0.01515	0.01022	0.01429	0.00793	0.00608	0.00582	0.00185	0.00897	0.00485	0.00282	0.00678

[dist]
# distance from previous block
# <min> <max>
0	2

[block]
# block no. 4 follows, 38 sequences, length 12
# corresponding to MSA columns:
# 105-116
name=unknown_E
#
# <colnr> <probs for GDERKNQSTAVLIFYWHMCP>
#	G	D	E	R	K	N	Q	S	T	A	V	L	I	F	Y	W	H	M	C	P
0	0.01797	0.01314	0.01455	0.01179	0.01510	0.01448	0.00932	0.48206	0.02168	0.02919	0.01558	0.02073	0.01324	0.16746	0.12252	0.00376	0.00786	0.00623	0.00514	0.00821
1	0.01172	0.01138	0.02023	0.68048	0.04018	0.01360	0.10581	0.01586	0.01230	0.01586	0.01088	0.01606	0.00816	0.00590	0.00615	0.00201	0.00828	0.00557	0.00272	0.00686
2	0.01438	0.01661	0.16153	0.01481	0.06514	0.01472	0.01261	0.02854	0.54933	0.02360	0.02093	0.02003	0.01567	0.00750	0.00603	0.00200	0.00573	0.00624	0.00521	0.00940
3	0.02083	0.02621	0.02070	0.01745	0.02114	0.61613	0.15366	0.02308	0.01648	0.01562	0.00987	0.01191	0.00802	0.00598	0.00576	0.00164	0.01071	0.00451	0.00309	0.00720
4	0.17243	0.00904	0.01029	0.12177	0.05284	0.00944	0.00804	0.06596	0.01372	0.01999	0.03531	0.08362	0.35368	0.01109	0.00617	0.00199	0.00460	0.00911	0.00469	0.00620
5	0.51618	0.01284	0.05147	0.01249	0.11193	0.01254	0.00907	0.01736	0.01127	0.02412	0.00936	0.01115	0.00745	0.00534	0.00427	0.00166	0.00517	0.00366	0.00353	0.16913
6	0.01465	0.01558	0.16339	0.03447	0.18545	0.01113	0.02917	0.03394	0.01368	0.10261	0.01320	0.04031	0.01053	0.00584	0.00546	0.00153	0.00624	0.00504	0.00376	0.30402
7	0.83108	0.01163	0.00884	0.00791	0.01163	0.01350	0.00651	0.01768	0.01024	0.02699	0.00838	0.00977	0.00651	0.00558	0.00372	0.00186	0.00465	0.00326	0.00372	0.00651
8	0.01175	0.01499	0.16485	0.57137	0.08932	0.01355	0.01793	0.01632	0.01228	0.01641	0.01076	0.01530	0.00805	0.00591	0.00595	0.00197	0.00813	0.00517	0.00267	0.00732
9	0.01439	0.01377	0.02332	0.06598	0.68778	0.01383	0.01775	0.01789	0.01363	0.01932	0.01356	0.01690	0.04324	0.00584	0.00601	0.00181	0.00700	0.00569	0.00308	0.00921
10	0.24565	0.01111	0.01530	0.18830	0.23398	0.01215	0.01213	0.01614	0.01300	0.02167	0.15613	0.01964	0.01768	0.00694	0.00556	0.00188	0.00578	0.00585	0.00384	0.00727
11	0.33081	0.01579	0.12863	0.02270	0.35542	0.01394	0.01440	0.01825	0.01221	0.02241	0.01010	0.01258	0.00807	0.00550	0.00505	0.00183	0.00644	0.00441	0.00320	0.00826

[dist]
# distance from previous block
# <min> <max>
0	17

# created by:
# /share/home/app/bin/augustus-3.3.1/scripts/msa2prfl.pl /dev/shm/tmp/ogap_db/mt-Magnoliopsida/msas/rps19.aln --setname=rps19
