[name]
rps1

[dist]
# distance from previous block
# <min> <max>
0	50

[block]
# block no. 0 follows, 68 sequences, length 23
# corresponding to MSA columns:
# 52-74
name=unknown_A
#
# <colnr> <probs for GDERKNQSTAVLIFYWHMCP>
#	G	D	E	R	K	N	Q	S	T	A	V	L	I	F	Y	W	H	M	C	P
0	0.00646	0.00479	0.00676	0.00800	0.05220	0.00475	0.00648	0.00826	0.00912	0.01185	0.02149	0.04244	0.07370	0.01050	0.00534	0.00176	0.00360	0.71516	0.00356	0.00377
1	0.00583	0.00384	0.00430	0.00430	0.00434	0.00384	0.00242	0.00590	0.00587	0.00797	0.01251	0.02551	0.01425	0.82719	0.01950	0.00373	0.00377	0.00568	0.03681	0.00245
2	0.00483	0.00345	0.00460	0.00552	0.00575	0.00322	0.00368	0.00552	0.00759	0.01012	0.02185	0.85807	0.02622	0.01242	0.00506	0.00161	0.00230	0.01127	0.00368	0.00322
3	0.00562	0.00405	0.00533	0.00521	0.00609	0.00377	0.00394	0.00740	0.01080	0.01517	0.71169	0.09068	0.03546	0.00864	0.00477	0.00132	0.00204	0.07008	0.00426	0.00370
4	0.01074	0.83597	0.02047	0.00689	0.01024	0.04227	0.00681	0.01200	0.00816	0.00934	0.00553	0.00639	0.00509	0.00341	0.00258	0.00085	0.00433	0.00213	0.00171	0.00507
5	0.01714	0.00660	0.00899	0.00694	0.00990	0.00572	0.00572	0.01869	0.01134	0.79477	0.05930	0.01436	0.01129	0.00508	0.00402	0.00123	0.00329	0.00416	0.00488	0.00659
6	0.88866	0.00767	0.00583	0.00521	0.00767	0.00889	0.00429	0.01166	0.00675	0.01779	0.00552	0.00644	0.00429	0.00368	0.00245	0.00123	0.00307	0.00215	0.00245	0.00429
7	0.00632	0.00503	0.00619	0.00568	0.00735	0.00413	0.00413	0.00748	0.00787	0.01135	0.01536	0.48564	0.01731	0.00826	0.00413	0.00116	0.00258	0.00736	0.00310	0.38960
8	0.82484	0.00739	0.00572	0.00515	0.00743	0.00853	0.00416	0.01123	0.00668	0.01706	0.00602	0.00785	0.00503	0.06563	0.00374	0.00142	0.00312	0.00241	0.00245	0.00416
9	0.01024	0.00870	0.00918	0.00815	0.01045	0.01004	0.00637	0.07902	0.77020	0.01719	0.01566	0.01441	0.01172	0.00533	0.00403	0.00133	0.00323	0.00442	0.00403	0.00631
10	0.00863	0.00703	0.00826	0.00592	0.00943	0.00531	0.00475	0.01038	0.00835	0.04792	0.00741	0.00845	0.00604	0.00302	0.00298	0.00061	0.00295	0.00242	0.00246	0.84768
11	0.00766	0.00721	0.01191	0.59775	0.18661	0.00836	0.01041	0.01008	0.00826	0.01075	0.01058	0.01329	0.09176	0.00451	0.00403	0.00129	0.00483	0.00403	0.00200	0.00467
12	0.00469	0.00402	0.00402	0.00402	0.00536	0.00335	0.00301	0.00569	0.00904	0.01071	0.04017	0.03816	0.83432	0.01004	0.00469	0.00134	0.00201	0.00837	0.00368	0.00335
13	0.00739	0.00370	0.00370	0.00370	0.00462	0.00370	0.00277	0.00924	0.00831	0.01478	0.01293	0.01478	0.01016	0.00462	0.00277	0.00092	0.00185	0.00370	0.88267	0.00370
14	0.00639	0.00456	0.00639	0.00730	0.00821	0.00456	0.00639	0.00821	0.00913	0.01187	0.02099	0.04472	0.02282	0.01095	0.00548	0.00183	0.00365	0.80924	0.00365	0.00365
15	0.00936	0.01070	0.02340	0.01671	0.02072	0.01003	0.82152	0.01270	0.00936	0.01270	0.00802	0.01070	0.00602	0.00334	0.00468	0.00134	0.00668	0.00468	0.00201	0.00535
16	0.01074	0.83597	0.02047	0.00689	0.01024	0.04227	0.00681	0.01200	0.00816	0.00934	0.00553	0.00639	0.00509	0.00341	0.00258	0.00085	0.00433	0.00213	0.00171	0.00507
17	0.00795	0.02051	0.84011	0.01130	0.01716	0.00921	0.01465	0.01256	0.00837	0.01256	0.00712	0.00837	0.00502	0.00377	0.00377	0.00126	0.00586	0.00293	0.00167	0.00586
18	0.00719	0.00595	0.00712	0.00577	0.00829	0.00466	0.00439	0.00863	0.00803	0.01207	0.01155	0.26663	0.01206	0.00582	0.00358	0.00090	0.00274	0.00506	0.00275	0.61681
19	0.00986	0.00852	0.00897	0.00807	0.01031	0.00986	0.00628	0.02107	0.82876	0.01659	0.01614	0.01479	0.01210	0.00538	0.00403	0.00134	0.00314	0.00448	0.00403	0.00628
20	0.86041	0.00765	0.00602	0.03234	0.00830	0.00889	0.00451	0.01161	0.00679	0.01754	0.00557	0.00657	0.00433	0.00369	0.00250	0.00123	0.00314	0.00219	0.00243	0.00430
21	0.00546	0.00394	0.00516	0.00509	0.00589	0.00364	0.00373	0.00710	0.01052	0.01478	0.67639	0.19025	0.03524	0.00894	0.00475	0.00132	0.00195	0.00797	0.00423	0.00364
22	0.00822	0.00705	0.00822	0.00587	0.00940	0.00529	0.00470	0.00998	0.00822	0.01292	0.00705	0.00822	0.00587	0.00294	0.00294	0.00059	0.00294	0.00235	0.00235	0.88490

[dist]
# distance from previous block
# <min> <max>
0	4

[block]
# block no. 1 follows, 68 sequences, length 8
# corresponding to MSA columns:
# 79-86
name=unknown_B
#
# <colnr> <probs for GDERKNQSTAVLIFYWHMCP>
#	G	D	E	R	K	N	Q	S	T	A	V	L	I	F	Y	W	H	M	C	P
0	0.00509	0.00444	0.00497	0.00563	0.07118	0.00383	0.00374	0.00620	0.00904	0.01089	0.03757	0.03591	0.76869	0.00953	0.00463	0.00133	0.00222	0.00798	0.00355	0.00358
1	0.01389	0.01715	0.01213	0.01282	0.16437	0.69048	0.00849	0.01516	0.01083	0.01030	0.00637	0.00764	0.00532	0.00398	0.00364	0.00105	0.00670	0.00273	0.00203	0.00491
2	0.00749	0.00705	0.01189	0.85113	0.02731	0.00881	0.01101	0.01013	0.00793	0.01013	0.00705	0.01057	0.00529	0.00396	0.00396	0.00132	0.00529	0.00352	0.00176	0.00440
3	0.01709	0.00690	0.00918	0.00714	0.01014	0.00618	0.00587	0.01948	0.08294	0.76667	0.01569	0.01361	0.01002	0.00495	0.00399	0.00124	0.00335	0.00403	0.00483	0.00671
4	0.01125	0.00863	0.00932	0.00808	0.01051	0.00972	0.00637	0.11056	0.65470	0.10144	0.01535	0.01407	0.01127	0.00526	0.00402	0.00132	0.00330	0.00433	0.00412	0.00638
5	0.00749	0.00705	0.01189	0.85113	0.02731	0.00881	0.01101	0.01013	0.00793	0.01013	0.00705	0.01057	0.00529	0.00396	0.00396	0.00132	0.00529	0.00352	0.00176	0.00440
6	0.00566	0.00380	0.00436	0.00446	0.00448	0.00377	0.00255	0.00574	0.00597	0.00796	0.01354	0.11903	0.01574	0.76577	0.01849	0.00359	0.00367	0.00638	0.00255	0.00249
7	0.00814	0.08024	0.78203	0.01098	0.01667	0.00967	0.01409	0.01251	0.00835	0.01233	0.00700	0.00823	0.00503	0.00374	0.00368	0.00123	0.00574	0.00287	0.00168	0.00581

[dist]
# distance from previous block
# <min> <max>
0	2

[block]
# block no. 2 follows, 68 sequences, length 42
# corresponding to MSA columns:
# 89-130
name=unknown_C
#
# <colnr> <probs for GDERKNQSTAVLIFYWHMCP>
#	G	D	E	R	K	N	Q	S	T	A	V	L	I	F	Y	W	H	M	C	P
0	0.01469	0.01830	0.01139	0.01053	0.03348	0.78603	0.00777	0.05178	0.01151	0.01047	0.00631	0.00732	0.00521	0.00410	0.00360	0.00103	0.00696	0.00262	0.00213	0.00474
1	0.01011	0.00923	0.01554	0.04356	0.76320	0.00925	0.01174	0.01261	0.02496	0.04984	0.00798	0.01009	0.00653	0.00364	0.00393	0.00119	0.00463	0.00357	0.00213	0.00626
2	0.00561	0.00405	0.00530	0.00499	0.00592	0.00374	0.00374	0.00748	0.01122	0.01590	0.83383	0.02962	0.03741	0.00811	0.00468	0.00125	0.00187	0.00717	0.00436	0.00374
3	0.78676	0.00915	0.10236	0.00592	0.00877	0.00893	0.00549	0.01176	0.00694	0.01718	0.00571	0.00666	0.00438	0.00369	0.00261	0.00123	0.00339	0.00224	0.00236	0.00448
4	0.01347	0.00987	0.01063	0.00833	0.01097	0.01086	0.00670	0.68257	0.01644	0.02205	0.01000	0.01216	0.00798	0.13763	0.02061	0.00169	0.00439	0.00392	0.00369	0.00602
5	0.00590	0.00468	0.00668	0.00859	0.13737	0.00448	0.00514	0.00721	0.03328	0.01087	0.01887	0.66734	0.02190	0.01046	0.00477	0.00150	0.00273	0.00952	0.00337	0.03534
6	0.04483	0.62887	0.01774	0.00739	0.01037	0.17946	0.00679	0.01246	0.00857	0.00972	0.00584	0.00688	0.00525	0.00458	0.03610	0.00112	0.00503	0.00229	0.00181	0.00490
7	0.00526	0.00378	0.00499	0.00523	0.00585	0.00351	0.00371	0.00660	0.00959	0.01331	0.46958	0.40125	0.03239	0.01004	0.00485	0.00141	0.00206	0.00901	0.00406	0.00351
8	0.08736	0.00439	0.00535	0.00501	0.00608	0.00422	0.00379	0.00787	0.01081	0.01607	0.75715	0.02747	0.03435	0.00770	0.00447	0.00125	0.00198	0.00671	0.00419	0.00379
9	0.01779	0.00675	0.00920	0.00705	0.01012	0.00583	0.00583	0.01932	0.01135	0.83867	0.01564	0.01350	0.00981	0.00491	0.00399	0.00123	0.00337	0.00399	0.00491	0.00675
10	0.83663	0.00763	0.00619	0.05516	0.00883	0.00889	0.00469	0.01156	0.00682	0.01734	0.00561	0.00668	0.00435	0.00370	0.00254	0.00123	0.00320	0.00223	0.00241	0.00430
11	0.00795	0.02051	0.84011	0.01130	0.01716	0.00921	0.01465	0.01256	0.00837	0.01256	0.00712	0.00837	0.00502	0.00377	0.00377	0.00126	0.00586	0.00293	0.00167	0.00586
12	0.01457	0.01095	0.01230	0.01057	0.09039	0.01202	0.00798	0.74585	0.01773	0.02385	0.00932	0.00955	0.00670	0.00464	0.00396	0.00119	0.00440	0.00357	0.00378	0.00670
13	0.00489	0.00349	0.00467	0.00559	0.00585	0.00327	0.00378	0.00562	0.00765	0.01019	0.02182	0.82695	0.02609	0.01237	0.00508	0.00162	0.00235	0.04180	0.00368	0.00324
14	0.00469	0.00399	0.00404	0.00408	0.00537	0.00334	0.00304	0.00568	0.00897	0.01068	0.03935	0.07479	0.79821	0.01015	0.00470	0.00135	0.00202	0.00850	0.00368	0.00334
15	0.00973	0.00950	0.01670	0.03780	0.74660	0.00947	0.08708	0.01218	0.00904	0.01288	0.00750	0.00991	0.00624	0.00352	0.00400	0.00119	0.00490	0.00364	0.00196	0.00616
16	0.00981	0.02654	0.25742	0.01875	0.49585	0.09810	0.01234	0.01267	0.00905	0.01244	0.00719	0.00906	0.00577	0.00366	0.00382	0.00118	0.00530	0.00323	0.00188	0.00596
17	0.06041	0.00824	0.01503	0.32174	0.14027	0.00877	0.26007	0.01084	0.00819	0.01152	0.00728	0.01033	0.00575	0.00462	0.00525	0.08307	0.01550	0.00378	0.00191	0.01742
18	0.00479	0.00411	0.00412	0.00410	0.00546	0.00348	0.00308	0.00601	0.02627	0.01083	0.03966	0.03767	0.81703	0.00994	0.00467	0.00134	0.00203	0.00829	0.00369	0.00341
19	0.00521	0.00431	0.04150	0.00547	0.00589	0.00364	0.00384	0.00589	0.00716	0.00961	0.01882	0.60922	0.02229	0.22738	0.00884	0.00216	0.00285	0.00950	0.00327	0.00313
20	0.00766	0.01893	0.76277	0.01077	0.01610	0.00865	0.01363	0.01191	0.00830	0.01233	0.00848	0.08703	0.00699	0.00457	0.00389	0.00129	0.00553	0.00370	0.00186	0.00562
21	0.00724	0.00671	0.01122	0.77284	0.02531	0.00829	0.01033	0.00970	0.00790	0.01013	0.00842	0.08903	0.00722	0.00475	0.00407	0.00135	0.00501	0.00424	0.00194	0.00429
22	0.00550	0.00374	0.00439	0.00464	0.00473	0.00367	0.00276	0.00570	0.00631	0.00839	0.01548	0.25015	0.03131	0.61809	0.01585	0.00320	0.00340	0.00729	0.00277	0.00264
23	0.00577	0.00384	0.00432	0.00432	0.00432	0.00384	0.00240	0.00577	0.00577	0.00769	0.01249	0.02595	0.01441	0.86066	0.02018	0.00384	0.00384	0.00577	0.00240	0.00240
24	0.00484	0.00407	0.00424	0.00432	0.00562	0.00346	0.00333	0.00592	0.00905	0.01082	0.03839	0.03877	0.75919	0.01013	0.00476	0.00138	0.00216	0.08251	0.00368	0.00338
25	0.01099	0.78489	0.01989	0.00710	0.01037	0.09244	0.00687	0.01224	0.00835	0.00936	0.00557	0.00643	0.00509	0.00346	0.00264	0.00086	0.00451	0.00216	0.00173	0.00504
26	0.00495	0.00354	0.00470	0.00544	0.00578	0.00330	0.00369	0.00581	0.00812	0.01097	0.14084	0.73667	0.02786	0.01179	0.00500	0.00156	0.00224	0.01067	0.00378	0.00330
27	0.00561	0.00405	0.00530	0.00499	0.00592	0.00374	0.00374	0.00748	0.01122	0.01590	0.83383	0.02962	0.03741	0.00811	0.00468	0.00125	0.00187	0.00717	0.00436	0.00374
28	0.01763	0.00700	0.00936	0.00718	0.01025	0.00621	0.00593	0.06676	0.01178	0.79062	0.01528	0.01326	0.00963	0.00490	0.00399	0.00122	0.00343	0.00396	0.00485	0.00675
29	0.88866	0.00767	0.00583	0.00521	0.00767	0.00889	0.00429	0.01166	0.00675	0.01779	0.00552	0.00644	0.00429	0.00368	0.00245	0.00123	0.00307	0.00215	0.00245	0.00429
30	0.00842	0.02002	0.76169	0.01170	0.04616	0.05855	0.01415	0.01274	0.00856	0.01240	0.00707	0.00835	0.00507	0.00378	0.00376	0.00124	0.00589	0.00293	0.00171	0.00580
31	0.01507	0.01111	0.01190	0.00912	0.01230	0.01230	0.00754	0.82270	0.01864	0.02499	0.00952	0.00952	0.00674	0.00476	0.00397	0.00119	0.00436	0.00357	0.00397	0.00674
32	0.00489	0.00349	0.00467	0.00559	0.00585	0.00327	0.00378	0.00562	0.00765	0.01019	0.02182	0.82695	0.02609	0.01237	0.00508	0.00162	0.00235	0.04180	0.00368	0.00324
33	0.00517	0.00449	0.00516	0.00596	0.08226	0.00390	0.00389	0.00628	0.00897	0.01089	0.03632	0.07216	0.72156	0.00955	0.00463	0.00134	0.00227	0.00805	0.00352	0.00361
34	0.00981	0.00942	0.01609	0.02434	0.83592	0.00942	0.01217	0.01217	0.00903	0.01295	0.00746	0.00981	0.00628	0.00353	0.00393	0.00118	0.00471	0.00353	0.00196	0.00628
35	0.00799	0.02028	0.82321	0.01157	0.03396	0.00921	0.01460	0.01255	0.00838	0.01256	0.00712	0.00840	0.00505	0.00376	0.00377	0.00125	0.00584	0.00294	0.00168	0.00587
36	0.00749	0.00705	0.01189	0.85113	0.02731	0.00881	0.01101	0.01013	0.00793	0.01013	0.00705	0.01057	0.00529	0.00396	0.00396	0.00132	0.00529	0.00352	0.00176	0.00440
37	0.01779	0.00675	0.00920	0.00705	0.01012	0.00583	0.00583	0.01932	0.01135	0.83867	0.01564	0.01350	0.00981	0.00491	0.00399	0.00123	0.00337	0.00399	0.00491	0.00675
38	0.01715	0.00661	0.00900	0.00695	0.00990	0.00572	0.00572	0.01870	0.01134	0.79562	0.05845	0.01434	0.01126	0.00507	0.00402	0.00123	0.00330	0.00415	0.00488	0.00659
39	0.01663	0.00649	0.00883	0.00686	0.00972	0.00563	0.00563	0.01820	0.01134	0.76065	0.09322	0.01502	0.01243	0.00521	0.00405	0.00123	0.00323	0.00429	0.00486	0.00646
40	0.07016	0.00709	0.01146	0.79097	0.02591	0.00882	0.01053	0.01024	0.00784	0.01068	0.00694	0.01028	0.00521	0.00394	0.00386	0.00131	0.00513	0.00343	0.00181	0.00440
41	0.00562	0.00379	0.00440	0.00453	0.00460	0.00375	0.00265	0.00580	0.00625	0.00838	0.04641	0.15022	0.01709	0.70037	0.01731	0.00341	0.00354	0.00664	0.00267	0.00258

[dist]
# distance from previous block
# <min> <max>
2	6

[block]
# block no. 3 follows, 68 sequences, length 12
# corresponding to MSA columns:
# 138-149
name=unknown_D
#
# <colnr> <probs for GDERKNQSTAVLIFYWHMCP>
#	G	D	E	R	K	N	Q	S	T	A	V	L	I	F	Y	W	H	M	C	P
0	0.00569	0.00429	0.00595	0.00754	0.10830	0.00415	0.00440	0.00641	0.00730	0.00984	0.01764	0.53719	0.02069	0.23121	0.00884	0.00214	0.00300	0.00888	0.00314	0.00339
1	0.00566	0.00408	0.00536	0.00513	0.00606	0.00379	0.00390	0.00753	0.01110	0.01566	0.78567	0.03051	0.03655	0.00827	0.00472	0.00128	0.00198	0.05470	0.00432	0.00374
2	0.83591	0.00763	0.00619	0.05586	0.00884	0.00889	0.00470	0.01156	0.00682	0.01733	0.00561	0.00669	0.00435	0.00370	0.00254	0.00123	0.00320	0.00223	0.00241	0.00430
3	0.01457	0.01071	0.01149	0.00886	0.01187	0.01184	0.00726	0.77869	0.01795	0.02406	0.00968	0.01040	0.00716	0.05087	0.00484	0.00133	0.00434	0.00369	0.00388	0.00651
4	0.00787	0.00650	0.00724	0.00702	0.00848	0.00721	0.00523	0.01488	0.49759	0.01424	0.05521	0.31754	0.01831	0.00803	0.00443	0.00144	0.00278	0.00704	0.00392	0.00507
5	0.01060	0.86304	0.02078	0.00678	0.01018	0.01569	0.00678	0.01187	0.00806	0.00933	0.00551	0.00636	0.00509	0.00339	0.00254	0.00085	0.00424	0.00212	0.00170	0.00509
6	0.00557	0.00402	0.00526	0.00502	0.00591	0.00371	0.00374	0.00737	0.01101	0.01556	0.78572	0.07871	0.03675	0.00836	0.00470	0.00127	0.00190	0.00741	0.00432	0.00371
7	0.00877	0.00475	0.00631	0.00552	0.00701	0.00428	0.00428	0.01055	0.01126	0.22919	0.62173	0.02544	0.03026	0.00728	0.00450	0.00124	0.00226	0.00635	0.00451	0.00452
8	0.01717	0.00661	0.00900	0.00695	0.00991	0.00572	0.00572	0.01873	0.01134	0.79714	0.05694	0.01431	0.01121	0.00507	0.00402	0.00123	0.00330	0.00415	0.00488	0.00660
9	0.88866	0.00767	0.00583	0.00521	0.00767	0.00889	0.00429	0.01166	0.00675	0.01779	0.00552	0.00644	0.00429	0.00368	0.00245	0.00123	0.00307	0.00215	0.00245	0.00429
10	0.00795	0.02051	0.84011	0.01130	0.01716	0.00921	0.01465	0.01256	0.00837	0.01256	0.00712	0.00837	0.00502	0.00377	0.00377	0.00126	0.00586	0.00293	0.00167	0.00586
11	0.00805	0.00687	0.00804	0.00585	0.00921	0.00518	0.00465	0.00976	0.00819	0.01278	0.00779	0.05111	0.00690	0.00342	0.00304	0.00064	0.00290	0.00280	0.00242	0.84040

[dist]
# distance from previous block
# <min> <max>
0	2

[block]
# block no. 4 follows, 68 sequences, length 24
# corresponding to MSA columns:
# 152-175
name=unknown_E
#
# <colnr> <probs for GDERKNQSTAVLIFYWHMCP>
#	G	D	E	R	K	N	Q	S	T	A	V	L	I	F	Y	W	H	M	C	P
0	0.00504	0.00354	0.00454	0.00525	0.00543	0.00336	0.00339	0.00558	0.00718	0.00958	0.01976	0.67190	0.02358	0.20220	0.00844	0.00211	0.00265	0.01004	0.00339	0.00304
1	0.00483	0.00347	0.00458	0.00547	0.00574	0.00323	0.00366	0.00553	0.00764	0.01014	0.02251	0.82855	0.05532	0.01234	0.00505	0.00160	0.00229	0.01117	0.00368	0.00323
2	0.00497	0.00351	0.00456	0.00534	0.00553	0.00332	0.00348	0.00556	0.00731	0.00975	0.02041	0.72979	0.02440	0.14319	0.00739	0.00195	0.00254	0.01042	0.00348	0.00309
3	0.00822	0.00705	0.00822	0.00587	0.00940	0.00529	0.00470	0.00998	0.00822	0.01292	0.00705	0.00822	0.00587	0.00294	0.00294	0.00059	0.00294	0.00235	0.00235	0.88490
4	0.00784	0.00774	0.01406	0.69376	0.02607	0.00904	0.16387	0.01062	0.00820	0.01062	0.00723	0.01059	0.00542	0.00385	0.00410	0.00132	0.00555	0.00374	0.00181	0.00458
5	0.07105	0.00729	0.01180	0.72229	0.09240	0.00887	0.01062	0.01041	0.00793	0.01091	0.00697	0.01021	0.00530	0.00391	0.00385	0.00130	0.00508	0.00343	0.00183	0.00455
6	0.00574	0.00383	0.00433	0.00436	0.00437	0.00383	0.00244	0.00576	0.00582	0.00776	0.01277	0.05053	0.01476	0.83560	0.01973	0.00378	0.00380	0.00593	0.00244	0.00243
7	0.00749	0.00705	0.01189	0.85113	0.02731	0.00881	0.01101	0.01013	0.00793	0.01013	0.00705	0.01057	0.00529	0.00396	0.00396	0.00132	0.00529	0.00352	0.00176	0.00440
8	0.00937	0.01065	0.02315	0.01697	0.04793	0.01001	0.79451	0.01268	0.00935	0.01271	0.00800	0.01067	0.00602	0.00335	0.00465	0.00133	0.00662	0.00464	0.00200	0.00538
9	0.01356	0.01653	0.01245	0.01375	0.21841	0.63567	0.00879	0.01492	0.01068	0.01052	0.00646	0.00782	0.00540	0.00395	0.00366	0.00106	0.00654	0.00280	0.00202	0.00502
10	0.00757	0.00733	0.01310	0.65645	0.02461	0.00856	0.13539	0.01017	0.00812	0.01053	0.00835	0.07678	0.00703	0.00453	0.00416	0.00135	0.00527	0.00431	0.00195	0.00446
11	0.01679	0.00653	0.00888	0.00688	0.00978	0.00566	0.00566	0.01835	0.01134	0.77101	0.08293	0.01482	0.01208	0.00517	0.00404	0.00123	0.00325	0.00425	0.00486	0.00650
12	0.00689	0.00344	0.00517	0.00517	0.00517	0.00344	0.00344	0.00517	0.00517	0.00689	0.00689	0.01205	0.00689	0.01377	0.01550	0.88464	0.00344	0.00344	0.00172	0.00172
13	0.00657	0.00519	0.00740	0.00927	0.13523	0.00506	0.00659	0.00830	0.00907	0.01178	0.02254	0.05374	0.17338	0.00967	0.00508	0.00163	0.00348	0.51865	0.00340	0.00399
14	0.00835	0.01812	0.66268	0.01411	0.19346	0.00925	0.01412	0.01247	0.00851	0.01264	0.00719	0.00868	0.00529	0.00372	0.00380	0.00124	0.00561	0.00306	0.00174	0.00595
15	0.00483	0.00345	0.00460	0.00552	0.00575	0.00322	0.00368	0.00552	0.00759	0.01012	0.02185	0.85807	0.02622	0.01242	0.00506	0.00161	0.00230	0.01127	0.00368	0.00322
16	0.01313	0.01586	0.01217	0.01306	0.18441	0.59235	0.00857	0.01440	0.01029	0.01033	0.00647	0.00821	0.00555	0.02212	0.00467	0.00116	0.06743	0.00289	0.00201	0.00488
17	0.00981	0.00942	0.01609	0.02434	0.83592	0.00942	0.01217	0.01217	0.00903	0.01295	0.00746	0.00981	0.00628	0.00353	0.00393	0.00118	0.00471	0.00353	0.00196	0.00628
18	0.00469	0.00402	0.00402	0.00402	0.00536	0.00335	0.00301	0.00569	0.00904	0.01071	0.04017	0.03816	0.83432	0.01004	0.00469	0.00134	0.00201	0.00837	0.00368	0.00335
19	0.00695	0.00425	0.03943	0.03205	0.00635	0.00385	0.00414	0.00562	0.00538	0.00722	0.00690	0.01186	0.00676	0.01306	0.01465	0.82080	0.00360	0.00343	0.00172	0.00197
20	0.00773	0.00751	0.01336	0.74466	0.02647	0.00896	0.11443	0.01046	0.00811	0.01046	0.00717	0.01059	0.00538	0.00388	0.00406	0.00132	0.00546	0.00367	0.00179	0.00452
21	0.00939	0.00823	0.00954	0.17405	0.01366	0.00965	0.00721	0.01892	0.66715	0.01531	0.01435	0.01396	0.01076	0.00510	0.00402	0.00134	0.00356	0.00429	0.00359	0.00591
22	0.01356	0.01653	0.01245	0.01375	0.21830	0.63578	0.00879	0.01492	0.01068	0.01052	0.00646	0.00782	0.00540	0.00395	0.00366	0.00106	0.00654	0.00280	0.00202	0.00502
23	0.00979	0.00850	0.01151	0.14176	0.18621	0.00945	0.04188	0.01710	0.46342	0.04820	0.01256	0.01288	0.00949	0.00467	0.00403	0.00130	0.00395	0.00412	0.00320	0.00597

[dist]
# distance from previous block
# <min> <max>
0	2

[block]
# block no. 5 follows, 68 sequences, length 10
# corresponding to MSA columns:
# 178-187
name=unknown_F
#
# <colnr> <probs for GDERKNQSTAVLIFYWHMCP>
#	G	D	E	R	K	N	Q	S	T	A	V	L	I	F	Y	W	H	M	C	P
0	0.00961	0.00922	0.01573	0.09537	0.76645	0.00937	0.01207	0.01199	0.00893	0.01271	0.00742	0.00988	0.00619	0.00357	0.00393	0.00119	0.00476	0.00353	0.00195	0.00612
1	0.00555	0.00405	0.00522	0.00493	0.00589	0.00372	0.00370	0.00737	0.01109	0.01558	0.78498	0.03014	0.08647	0.00822	0.00468	0.00125	0.00188	0.00724	0.00432	0.00372
2	0.00968	0.00928	0.01585	0.07320	0.78813	0.00938	0.01210	0.01205	0.00896	0.01279	0.00743	0.00986	0.00622	0.00356	0.00393	0.00119	0.00474	0.00353	0.00195	0.00617
3	0.88866	0.00767	0.00583	0.00521	0.00767	0.00889	0.00429	0.01166	0.00675	0.01779	0.00552	0.00644	0.00429	0.00368	0.00245	0.00123	0.00307	0.00215	0.00245	0.00429
4	0.00570	0.00382	0.00449	0.00459	0.00465	0.00383	0.00271	0.00580	0.00596	0.00799	0.01314	0.10725	0.01509	0.70306	0.06550	0.03119	0.00406	0.00615	0.00249	0.00253
5	0.00553	0.00464	0.00617	0.04409	0.02741	0.00431	0.06080	0.00653	0.00807	0.01011	0.02683	0.14043	0.42307	0.20475	0.00824	0.00195	0.00301	0.00756	0.00314	0.00337
6	0.00503	0.00392	0.00420	0.00434	0.00528	0.00346	0.00308	0.00587	0.00827	0.01029	0.03167	0.14171	0.54127	0.15411	0.00731	0.00180	0.00239	0.02909	0.03373	0.00319
7	0.02492	0.06753	0.29283	0.11040	0.20321	0.09701	0.07880	0.03759	0.00919	0.03160	0.00730	0.00901	0.00559	0.00377	0.00379	0.00120	0.00548	0.00322	0.00198	0.00559
8	0.00966	0.00926	0.01582	0.07889	0.78257	0.00938	0.01209	0.01203	0.00896	0.01277	0.00743	0.00986	0.00621	0.00356	0.00393	0.00119	0.00475	0.00353	0.00195	0.00616
9	0.05242	0.00485	0.00630	0.05456	0.07559	0.00468	0.00472	0.00784	0.01013	0.01426	0.49609	0.02760	0.21079	0.00770	0.00446	0.00127	0.00239	0.00667	0.00376	0.00393

[dist]
# distance from previous block
# <min> <max>
0	1

[block]
# block no. 6 follows, 68 sequences, length 17
# corresponding to MSA columns:
# 189-205
name=unknown_G
#
# <colnr> <probs for GDERKNQSTAVLIFYWHMCP>
#	G	D	E	R	K	N	Q	S	T	A	V	L	I	F	Y	W	H	M	C	P
0	0.00944	0.01005	0.07985	0.10556	0.69174	0.00934	0.01225	0.01200	0.00887	0.01264	0.00739	0.00978	0.00608	0.00359	0.00392	0.00120	0.00486	0.00348	0.00192	0.00606
1	0.78973	0.00760	0.00651	0.10019	0.00987	0.00889	0.00505	0.01148	0.00688	0.01693	0.00569	0.00690	0.00441	0.00371	0.00262	0.00124	0.00332	0.00230	0.00238	0.00431
2	0.88866	0.00767	0.00583	0.00521	0.00767	0.00889	0.00429	0.01166	0.00675	0.01779	0.00552	0.00644	0.00429	0.00368	0.00245	0.00123	0.00307	0.00215	0.00245	0.00429
3	0.00595	0.00434	0.00600	0.00592	0.00652	0.00488	0.00437	0.02953	0.00656	0.00926	0.01107	0.01807	0.01098	0.24250	0.60957	0.00558	0.00870	0.00462	0.00225	0.00334
4	0.01341	0.00929	0.01129	0.00963	0.06278	0.00983	0.04481	0.50735	0.01504	0.13500	0.01191	0.12984	0.00986	0.00572	0.00415	0.00126	0.00406	0.00476	0.00384	0.00615
5	0.00561	0.00405	0.00530	0.00499	0.00592	0.00374	0.00374	0.00748	0.01122	0.01590	0.83383	0.02962	0.03741	0.00811	0.00468	0.00125	0.00187	0.00717	0.00436	0.00374
6	0.01553	0.00627	0.00863	0.00686	0.00950	0.00561	0.00561	0.01707	0.01065	0.68487	0.05290	0.01453	0.01111	0.00852	0.12125	0.00195	0.00431	0.00417	0.00449	0.00616
7	0.00469	0.00402	0.00402	0.00402	0.00536	0.00335	0.00301	0.00569	0.00904	0.01071	0.04017	0.03816	0.83432	0.01004	0.00469	0.00134	0.00201	0.00837	0.00368	0.00335
8	0.01779	0.00675	0.00920	0.00705	0.01012	0.00583	0.00583	0.01932	0.01135	0.83867	0.01564	0.01350	0.00981	0.00491	0.00399	0.00123	0.00337	0.00399	0.00491	0.00675
9	0.88866	0.00767	0.00583	0.00521	0.00767	0.00889	0.00429	0.01166	0.00675	0.01779	0.00552	0.00644	0.00429	0.00368	0.00245	0.00123	0.00307	0.00215	0.00245	0.00429
10	0.00576	0.00388	0.00453	0.00453	0.00460	0.00395	0.00266	0.00590	0.00583	0.00784	0.01231	0.02492	0.01397	0.77801	0.10221	0.00410	0.00452	0.00561	0.00237	0.00252
11	0.00507	0.00415	0.00442	0.00439	0.00559	0.00366	0.00324	0.00651	0.03952	0.01148	0.14770	0.07508	0.61421	0.05072	0.00543	0.00146	0.00213	0.00807	0.00373	0.00346
12	0.01176	0.00809	0.00902	0.00783	0.01027	0.00890	0.00617	0.02065	0.63351	0.21295	0.01602	0.01448	0.01156	0.00527	0.00402	0.00132	0.00319	0.00436	0.00424	0.00639
13	0.00612	0.00412	0.00461	0.00450	0.00462	0.00416	0.00260	0.03651	0.00625	0.00834	0.01238	0.02533	0.01413	0.82845	0.01957	0.00374	0.00386	0.00568	0.00246	0.00257
14	0.00481	0.00352	0.00453	0.00534	0.00570	0.00324	0.00360	0.00554	0.00777	0.01019	0.02408	0.75840	0.12446	0.01213	0.00502	0.00158	0.00226	0.01092	0.00368	0.00324
15	0.00863	0.00729	0.00844	0.00607	0.00957	0.00570	0.00487	0.05844	0.00884	0.01364	0.00719	0.00830	0.00592	0.00305	0.00300	0.00062	0.00302	0.00242	0.00245	0.83254
16	0.00594	0.00382	0.00449	0.00449	0.00457	0.00386	0.00266	0.00594	0.00586	0.00802	0.01188	0.02354	0.01326	0.69485	0.06594	0.08689	0.00410	0.00537	0.04205	0.00246

[dist]
# distance from previous block
# <min> <max>
20	55

# created by:
# /share/home/app/bin/augustus-3.3.1/scripts/msa2prfl.pl /dev/shm/tmp/ogap_db/mt-Magnoliopsida/msas/rps1.aln --setname=rps1
