[name]
rps3

[dist]
# distance from previous block
# <min> <max>
1	617

[block]
# block no. 0 follows, 94 sequences, length 24
# corresponding to MSA columns:
# 617-640
name=unknown_A
#
# <colnr> <probs for GDERKNQSTAVLIFYWHMCP>
#	G	D	E	R	K	N	Q	S	T	A	V	L	I	F	Y	W	H	M	C	P
0	0.01373	0.00521	0.00710	0.00545	0.00781	0.00450	0.00450	0.01492	0.00876	0.87546	0.01207	0.01042	0.00758	0.00379	0.00308	0.00095	0.00260	0.00308	0.00379	0.00521
1	0.33285	0.00561	0.00749	0.56781	0.01562	0.00682	0.00663	0.00824	0.00579	0.00995	0.00502	0.00701	0.00380	0.00298	0.00264	0.00099	0.00346	0.00234	0.00155	0.00337
2	0.00706	0.01035	0.32361	0.01516	0.56362	0.00721	0.01008	0.00950	0.00679	0.00989	0.00566	0.00717	0.00450	0.00279	0.00299	0.00093	0.00396	0.00256	0.00143	0.00473
3	0.58682	0.00474	0.00431	0.00401	0.00522	0.00535	0.00308	0.00719	0.00477	0.01070	0.00464	0.00653	0.00404	0.00565	0.00552	0.32864	0.00247	0.00202	0.00169	0.00260
4	0.01004	0.01195	0.01002	0.01181	0.32055	0.56583	0.00717	0.01120	0.00806	0.00839	0.00510	0.00626	0.00427	0.00300	0.00286	0.00083	0.00484	0.00224	0.00155	0.00402
5	0.00635	0.00544	0.00635	0.00453	0.00725	0.00408	0.00363	0.00771	0.00635	0.00997	0.00544	0.00635	0.00453	0.00227	0.00227	0.00045	0.00227	0.00181	0.00181	0.91115
6	0.00460	0.00394	0.00427	0.00362	0.00526	0.00312	0.00279	0.00559	0.00675	0.00888	0.02180	0.02113	0.55969	0.00578	0.00313	0.00082	0.00181	0.00479	0.00247	0.32976
7	0.00973	0.00744	0.00816	0.00614	0.00869	0.00754	0.00503	0.55510	0.01149	0.01593	0.00666	0.00699	0.00496	0.00317	0.00278	0.00075	0.00297	0.00242	0.00261	0.33144
8	0.00560	0.00502	0.00919	0.00715	0.00876	0.00467	0.31238	0.00744	0.00815	0.03183	0.53968	0.01731	0.01965	0.00487	0.00360	0.00099	0.00281	0.00478	0.00272	0.00339
9	0.00643	0.00610	0.01035	0.57313	0.32798	0.00697	0.00882	0.00839	0.00643	0.00860	0.00555	0.00795	0.00436	0.00294	0.00305	0.00098	0.00392	0.00272	0.00142	0.00392
10	0.00463	0.00386	0.00597	0.34274	0.03630	0.00428	0.00520	0.00578	0.00599	0.00788	0.01216	0.52595	0.01359	0.00688	0.00356	0.00115	0.00271	0.00623	0.00223	0.00291
11	0.09743	0.39114	0.06516	0.00597	0.00847	0.00994	0.00557	0.31652	0.00901	0.01234	0.00564	0.00624	0.00451	0.00402	0.04502	0.00100	0.00354	0.00216	0.00201	0.00431
12	0.33219	0.00465	0.00558	0.00649	0.12862	0.00490	0.02913	0.00686	0.00582	0.01031	0.01044	0.42043	0.01151	0.00598	0.00305	0.00108	0.00235	0.00517	0.00227	0.00317
13	0.01151	0.01242	0.00886	0.00758	0.00947	0.56662	0.00588	0.31864	0.01073	0.01174	0.00567	0.00618	0.00440	0.00334	0.00287	0.00084	0.00474	0.00225	0.00211	0.00414
14	0.00789	0.00657	0.00918	0.56890	0.01691	0.00777	0.00753	0.31582	0.00910	0.01195	0.00613	0.00787	0.00449	0.00328	0.00306	0.00098	0.00382	0.00273	0.00197	0.00405
15	0.00986	0.00790	0.00925	0.00740	0.00897	0.00945	0.00613	0.55497	0.01090	0.01500	0.00615	0.00711	0.00478	0.00428	0.00558	0.00107	0.32151	0.00273	0.00244	0.00454
16	0.33660	0.00762	0.00750	0.00596	0.00820	0.00855	0.00492	0.55556	0.01108	0.01729	0.00624	0.00649	0.00452	0.00337	0.00264	0.00093	0.00301	0.00236	0.00264	0.00452
17	0.00949	0.55843	0.01343	0.00594	0.00848	0.02785	0.00546	0.31674	0.00921	0.01156	0.00538	0.00580	0.00439	0.00301	0.00237	0.00075	0.00335	0.00205	0.00195	0.00438
18	0.17239	0.00687	0.00720	0.00573	0.00779	0.00740	0.00467	0.48780	0.01107	0.01629	0.16228	0.00964	0.00907	0.00388	0.00289	0.00090	0.00275	0.00298	0.00281	0.07560
19	0.01018	0.00798	0.00836	0.00677	0.00894	0.02655	0.00547	0.54084	0.32159	0.01671	0.00913	0.00878	0.00667	0.00384	0.00307	0.00096	0.00307	0.00299	0.00305	0.00504
20	0.00489	0.00393	0.00574	0.35479	0.01085	0.00428	0.00487	0.00566	0.00591	0.00738	0.01462	0.01610	0.31695	0.00658	0.00541	0.22068	0.00283	0.00405	0.00189	0.00261
21	0.00579	0.32393	0.00791	0.00402	0.00496	0.00626	0.00307	0.00615	0.00509	0.00639	0.00770	0.01458	0.00853	0.57201	0.01068	0.00213	0.00308	0.00344	0.00166	0.00260
22	0.01163	0.00879	0.00917	0.00707	0.00949	0.04134	0.00582	0.83201	0.01418	0.01886	0.00725	0.00728	0.00516	0.00366	0.00305	0.00091	0.00345	0.00273	0.00301	0.00514
23	0.00599	0.39019	0.14784	0.00492	0.00719	0.00742	0.00501	0.00730	0.00657	0.00803	0.01538	0.01519	0.35867	0.00476	0.00279	0.00086	0.00277	0.00371	0.00193	0.00347

[dist]
# distance from previous block
# <min> <max>
0	2

[block]
# block no. 1 follows, 94 sequences, length 19
# corresponding to MSA columns:
# 643-661
name=unknown_B
#
# <colnr> <probs for GDERKNQSTAVLIFYWHMCP>
#	G	D	E	R	K	N	Q	S	T	A	V	L	I	F	Y	W	H	M	C	P
0	0.00450	0.03307	0.00529	0.00493	0.00555	0.00410	0.00387	0.00559	0.00496	0.00711	0.00807	0.01179	0.00753	0.02227	0.85094	0.00478	0.00803	0.00322	0.00163	0.00277
1	0.00437	0.00328	0.00492	0.00492	0.00547	0.00383	0.00383	0.00547	0.00492	0.00710	0.00820	0.01202	0.00765	0.02295	0.88031	0.00492	0.00820	0.00328	0.00164	0.00273
2	0.00438	0.00326	0.00484	0.00484	0.00536	0.00378	0.00372	0.00541	0.00489	0.00704	0.00827	0.01244	0.00783	0.06801	0.83550	0.00482	0.00793	0.00334	0.00165	0.00269
3	0.81663	0.00593	0.00476	0.00418	0.00608	0.00679	0.00344	0.04714	0.00578	0.04488	0.00484	0.00545	0.00368	0.00293	0.00200	0.00094	0.00239	0.00179	0.02693	0.00345
4	0.00755	0.00733	0.01277	0.01843	0.82132	0.00730	0.06114	0.00942	0.00698	0.00999	0.00578	0.00762	0.00484	0.00272	0.00307	0.00092	0.00373	0.00278	0.00152	0.00480
5	0.00745	0.00541	0.00610	0.00541	0.00660	0.00576	0.00407	0.39744	0.00957	0.01281	0.01151	0.36594	0.01210	0.12887	0.00513	0.00133	0.00267	0.00539	0.00281	0.00364
6	0.00426	0.00307	0.00403	0.00396	0.00460	0.00284	0.00293	0.00556	0.00820	0.01152	0.72088	0.15478	0.02729	0.00682	0.00367	0.00102	0.00153	0.02696	0.00328	0.00283
7	0.00437	0.00328	0.00492	0.00492	0.00547	0.00383	0.00383	0.00547	0.00492	0.00710	0.00820	0.01202	0.00765	0.02295	0.88031	0.00492	0.00820	0.00328	0.00164	0.00273
8	0.00722	0.00826	0.01806	0.01290	0.01600	0.00774	0.86223	0.00980	0.00722	0.00980	0.00619	0.00826	0.00464	0.00258	0.00361	0.00103	0.00516	0.00361	0.00155	0.00413
9	0.00849	0.81098	0.01534	0.00549	0.00801	0.09431	0.00530	0.00945	0.00645	0.00723	0.00430	0.00497	0.00393	0.00267	0.00204	0.00067	0.00349	0.00167	0.00133	0.00389
10	0.00422	0.00308	0.00397	0.00385	0.00453	0.00282	0.00285	0.00552	0.00825	0.01153	0.72469	0.11858	0.08123	0.00672	0.00364	0.00100	0.00149	0.00594	0.00328	0.00282
11	0.01143	0.01459	0.00867	0.00788	0.00946	0.88015	0.00591	0.01222	0.00867	0.00749	0.00473	0.00552	0.00394	0.00315	0.00276	0.00079	0.00552	0.00197	0.00158	0.00355
12	0.00377	0.00269	0.00360	0.00431	0.00450	0.00252	0.00291	0.00433	0.00590	0.00786	0.01685	0.86200	0.02016	0.00955	0.00392	0.00125	0.00181	0.03675	0.00284	0.00250
13	0.00578	0.00544	0.00918	0.88508	0.02108	0.00680	0.00850	0.00782	0.00612	0.00782	0.00544	0.00816	0.00408	0.00306	0.00306	0.00102	0.00408	0.00272	0.00136	0.00340
14	0.01176	0.00837	0.00906	0.00695	0.00939	0.00919	0.00574	0.81167	0.01405	0.07124	0.00763	0.00753	0.00535	0.00368	0.00306	0.00092	0.00332	0.00278	0.00311	0.00521
15	0.00437	0.00328	0.00492	0.00492	0.00547	0.00383	0.00383	0.00547	0.00492	0.00710	0.00820	0.01202	0.00765	0.02295	0.88031	0.00492	0.00820	0.00328	0.00164	0.00273
16	0.00442	0.00295	0.00335	0.00338	0.00339	0.00294	0.00190	0.00444	0.00452	0.00603	0.01000	0.06244	0.01157	0.84942	0.01501	0.00288	0.00291	0.00466	0.00190	0.00189
17	0.79954	0.00626	0.00509	0.00441	0.00637	0.00720	0.00363	0.11739	0.00637	0.01444	0.00465	0.00527	0.00355	0.00295	0.00204	0.00094	0.00249	0.00180	0.00204	0.00355
18	0.01163	0.00857	0.00919	0.00704	0.00949	0.00949	0.00582	0.86314	0.01439	0.01929	0.00735	0.00735	0.00520	0.00367	0.00306	0.00092	0.00337	0.00276	0.00306	0.00520

[dist]
# distance from previous block
# <min> <max>
4	9

[block]
# block no. 2 follows, 94 sequences, length 24
# corresponding to MSA columns:
# 671-694
name=unknown_C
#
# <colnr> <probs for GDERKNQSTAVLIFYWHMCP>
#	G	D	E	R	K	N	Q	S	T	A	V	L	I	F	Y	W	H	M	C	P
0	0.78254	0.00612	0.00565	0.00617	0.13177	0.00692	0.00420	0.00905	0.00546	0.01319	0.00448	0.00535	0.00354	0.00282	0.00206	0.00094	0.00255	0.00181	0.00184	0.00354
1	0.00443	0.00299	0.00345	0.00341	0.00352	0.00296	0.00200	0.00464	0.00506	0.00685	0.13472	0.02044	0.01370	0.76386	0.01384	0.00268	0.00275	0.00461	0.00207	0.00200
2	0.00663	0.00589	0.00918	0.75769	0.01940	0.00719	0.00811	0.13192	0.00732	0.00948	0.00572	0.00804	0.00424	0.00315	0.00306	0.00101	0.00398	0.00273	0.00161	0.00366
3	0.00373	0.00266	0.00355	0.00426	0.00444	0.00249	0.00284	0.00426	0.00586	0.00781	0.01687	0.89044	0.02024	0.00959	0.00391	0.00124	0.00178	0.00870	0.00284	0.00249
4	0.91406	0.00592	0.00450	0.00402	0.00592	0.00687	0.00331	0.00900	0.00521	0.01373	0.00426	0.00497	0.00331	0.00284	0.00189	0.00095	0.00237	0.00166	0.00189	0.00331
5	0.02477	0.00548	0.00902	0.84227	0.02040	0.00682	0.00829	0.00808	0.03006	0.00808	0.00561	0.00818	0.00421	0.00309	0.00304	0.00102	0.00400	0.00272	0.00142	0.00344
6	0.00571	0.00285	0.00285	0.00285	0.00357	0.00285	0.00214	0.00713	0.00642	0.01141	0.00998	0.01141	0.00784	0.00357	0.00214	0.00071	0.00143	0.00285	0.90943	0.00285
7	0.00362	0.00308	0.00312	0.00314	0.00415	0.00258	0.00234	0.00439	0.00693	0.00825	0.03047	0.06210	0.83981	0.00782	0.00363	0.00104	0.00156	0.00654	0.00284	0.00258
8	0.00364	0.00303	0.00317	0.00329	0.00418	0.00257	0.00241	0.00437	0.00680	0.00820	0.02875	0.16677	0.73624	0.00804	0.00366	0.00107	0.00159	0.00682	0.00284	0.00257
9	0.00369	0.00281	0.00340	0.00388	0.00434	0.00252	0.00267	0.00431	0.00623	0.00796	0.02156	0.60478	0.30288	0.00898	0.00381	0.00117	0.00170	0.00796	0.00284	0.00252
10	0.00690	0.00704	0.00934	0.00803	0.00810	0.04764	0.00666	0.00758	0.00486	0.00737	0.00405	0.00664	0.00401	0.00526	0.00972	0.00132	0.84810	0.00265	0.00135	0.00336
11	0.00445	0.00297	0.00334	0.00334	0.00334	0.00297	0.00185	0.00445	0.00445	0.00593	0.00964	0.02003	0.01113	0.89244	0.01558	0.00297	0.00297	0.00445	0.00185	0.00185
12	0.00717	0.00606	0.00747	0.00540	0.00811	0.00509	0.05578	0.13195	0.00757	0.01131	0.00576	0.00661	0.00464	0.00249	0.00246	0.00056	0.00260	0.00206	0.00198	0.72495
13	0.00758	0.00727	0.01242	0.01879	0.87334	0.00727	0.00939	0.00939	0.00697	0.01000	0.00576	0.00758	0.00485	0.00273	0.00303	0.00091	0.00364	0.00273	0.00152	0.00485
14	0.00572	0.00538	0.00901	0.86063	0.02061	0.00668	0.00833	0.00772	0.00614	0.00783	0.00615	0.00875	0.02814	0.00319	0.00308	0.00102	0.00401	0.00282	0.00140	0.00338
15	0.00737	0.00636	0.00668	0.00603	0.00772	0.00730	0.00469	0.01553	0.81449	0.01252	0.01361	0.01254	0.06279	0.00438	0.00315	0.00104	0.00237	0.00365	0.00310	0.00470
16	0.00445	0.00297	0.00334	0.00334	0.00334	0.00297	0.00185	0.00445	0.00445	0.00593	0.00964	0.02003	0.01113	0.89244	0.01558	0.00297	0.00297	0.00445	0.00185	0.00185
17	0.00362	0.00308	0.00312	0.00314	0.00415	0.00258	0.00234	0.00439	0.00693	0.00825	0.03047	0.06210	0.83981	0.00782	0.00363	0.00104	0.00156	0.00654	0.00284	0.00258
18	0.00707	0.00733	0.00921	0.00795	0.00811	0.08784	0.00656	0.00776	0.00505	0.00737	0.00417	0.00671	0.00409	0.00555	0.02860	0.00137	0.78790	0.00263	0.00137	0.00335
19	0.00440	0.00294	0.00335	0.00341	0.00342	0.00293	0.00193	0.00444	0.00456	0.00608	0.01019	0.08603	0.01182	0.82550	0.01469	0.00284	0.00288	0.00477	0.00193	0.00190
20	0.00445	0.00297	0.00334	0.00334	0.00334	0.00297	0.00185	0.00445	0.00445	0.00593	0.00964	0.02003	0.01113	0.89244	0.01558	0.00297	0.00297	0.00445	0.00185	0.00185
21	0.00373	0.00266	0.00355	0.00426	0.00444	0.00249	0.00284	0.00426	0.00586	0.00781	0.01687	0.89044	0.02024	0.00959	0.00391	0.00124	0.00178	0.00870	0.00284	0.00249
22	0.00650	0.00553	0.00643	0.00461	0.00732	0.00424	0.00369	0.03326	0.00659	0.01025	0.00550	0.00638	0.00455	0.00231	0.00229	0.00047	0.00230	0.00184	0.00185	0.88408
23	0.03746	0.00565	0.00905	0.71940	0.01854	0.00720	0.00804	0.00779	0.00587	0.00796	0.00518	0.00782	0.00404	0.00341	0.00410	0.00107	0.13998	0.00268	0.00138	0.00339

[dist]
# distance from previous block
# <min> <max>
18	25

[block]
# block no. 3 follows, 94 sequences, length 9
# corresponding to MSA columns:
# 726-734
name=unknown_D
#
# <colnr> <probs for GDERKNQSTAVLIFYWHMCP>
#	G	D	E	R	K	N	Q	S	T	A	V	L	I	F	Y	W	H	M	C	P
0	0.00436	0.00293	0.00337	0.00346	0.00348	0.00290	0.00198	0.00443	0.00464	0.00618	0.01059	0.13439	0.01232	0.77644	0.01404	0.00274	0.00281	0.00501	0.00198	0.00194
1	0.85209	0.00601	0.00504	0.00503	0.06521	0.00689	0.00373	0.00902	0.00533	0.01348	0.00436	0.00515	0.00342	0.00283	0.00197	0.00094	0.00245	0.00173	0.00187	0.00342
2	0.00758	0.00727	0.01242	0.01879	0.87334	0.00727	0.00939	0.00939	0.00697	0.01000	0.00576	0.00758	0.00485	0.00273	0.00303	0.00091	0.00364	0.00273	0.00152	0.00485
3	0.00557	0.00340	0.00449	0.00406	0.00500	0.00310	0.00310	0.00698	0.00868	0.12584	0.75863	0.02123	0.02608	0.00593	0.00354	0.00096	0.00160	0.00521	0.00342	0.00319
4	0.91406	0.00592	0.00450	0.00402	0.00592	0.00687	0.00331	0.00900	0.00521	0.01373	0.00426	0.00497	0.00331	0.00284	0.00189	0.00095	0.00237	0.00166	0.00189	0.00331
5	0.00635	0.00544	0.00635	0.00453	0.00725	0.00408	0.00363	0.00771	0.00635	0.00997	0.00544	0.00635	0.00453	0.00227	0.00227	0.00045	0.00227	0.00181	0.00181	0.91115
6	0.00362	0.00307	0.00313	0.00318	0.00415	0.00258	0.00236	0.00438	0.00690	0.00824	0.03007	0.08654	0.81563	0.00787	0.00364	0.00105	0.00157	0.00661	0.00284	0.00258
7	0.61101	0.00752	0.15301	0.14958	0.00965	0.00690	0.00552	0.00892	0.00557	0.01208	0.00466	0.00575	0.00354	0.00289	0.00226	0.00096	0.00301	0.00193	0.00170	0.00353
8	0.00571	0.00285	0.00285	0.00285	0.00357	0.00285	0.00214	0.00713	0.00642	0.01141	0.00998	0.01141	0.00784	0.00357	0.00214	0.00071	0.00143	0.00285	0.90943	0.00285

[dist]
# distance from previous block
# <min> <max>
2	5

[block]
# block no. 4 follows, 94 sequences, length 21
# corresponding to MSA columns:
# 740-760
name=unknown_E
#
# <colnr> <probs for GDERKNQSTAVLIFYWHMCP>
#	G	D	E	R	K	N	Q	S	T	A	V	L	I	F	Y	W	H	M	C	P
0	0.02978	0.63710	0.14984	0.00624	0.02731	0.07639	0.00626	0.00943	0.00642	0.00783	0.00457	0.00536	0.00398	0.00301	0.01487	0.00079	0.00370	0.00181	0.00135	0.00398
1	0.42698	0.30278	0.00939	0.00579	0.05205	0.14295	0.00467	0.00957	0.00617	0.01041	0.00441	0.00517	0.00369	0.00281	0.00211	0.00082	0.00322	0.00175	0.00163	0.00363
2	0.00745	0.00651	0.00741	0.08471	0.05395	0.00752	0.00540	0.01516	0.74690	0.01222	0.01149	0.01093	0.00864	0.00398	0.00311	0.00103	0.00263	0.00336	0.00288	0.00472
3	0.00637	0.06058	0.75547	0.00943	0.08914	0.00738	0.01082	0.00964	0.00649	0.00959	0.00545	0.00648	0.00397	0.00288	0.00287	0.00095	0.00438	0.00227	0.00131	0.00452
4	0.00623	0.01532	0.82451	0.00933	0.06508	0.00712	0.01119	0.00967	0.00649	0.00971	0.00551	0.00653	0.00394	0.00290	0.00292	0.00097	0.00447	0.00229	0.00131	0.00454
5	0.00614	0.01583	0.87658	0.00872	0.01325	0.00711	0.01131	0.00969	0.00646	0.00969	0.00549	0.00646	0.00388	0.00291	0.00291	0.00097	0.00452	0.00226	0.00129	0.00452
6	0.00578	0.00544	0.00918	0.88508	0.02108	0.00680	0.00850	0.00782	0.00612	0.00782	0.00544	0.00816	0.00408	0.00306	0.00306	0.00102	0.00408	0.00272	0.00136	0.00340
7	0.01115	0.01404	0.00895	0.00869	0.07350	0.81544	0.00617	0.01201	0.00855	0.00768	0.00481	0.00567	0.00401	0.00312	0.00278	0.00080	0.00538	0.00203	0.00157	0.00364
8	0.00625	0.01515	0.80817	0.00952	0.08133	0.00712	0.01116	0.00967	0.00650	0.00972	0.00551	0.00655	0.00395	0.00289	0.00292	0.00096	0.00445	0.00230	0.00131	0.00455
9	0.00433	0.00313	0.00409	0.00385	0.00457	0.00289	0.00289	0.00578	0.00866	0.01227	0.87173	0.02286	0.02888	0.00626	0.00361	0.00096	0.00144	0.00554	0.00337	0.00289
10	0.00586	0.00549	0.00908	0.84806	0.02053	0.00683	0.00835	0.00818	0.04242	0.00803	0.00574	0.00830	0.00430	0.00311	0.00306	0.00102	0.00401	0.00275	0.00143	0.00346
11	0.83604	0.05308	0.00520	0.00414	0.00608	0.00707	0.00346	0.00920	0.00538	0.04200	0.00452	0.00515	0.00349	0.00286	0.00194	0.00093	0.00242	0.00170	0.00193	0.00341
12	0.00578	0.00544	0.00918	0.88508	0.02108	0.00680	0.00850	0.00782	0.00612	0.00782	0.00544	0.00816	0.00408	0.00306	0.00306	0.00102	0.00408	0.00272	0.00136	0.00340
13	0.59955	0.00654	0.07282	0.20492	0.01001	0.00677	0.00516	0.00903	0.00566	0.04838	0.00495	0.00604	0.00371	0.00294	0.00229	0.00097	0.00293	0.00201	0.00181	0.00351
14	0.01311	0.00571	0.02260	0.00566	0.00804	0.00507	0.00473	0.07558	0.05600	0.75184	0.01164	0.01018	0.00744	0.00378	0.00308	0.00095	0.00268	0.00306	0.00366	0.00518
15	0.73858	0.00617	0.03495	0.11539	0.00814	0.00679	0.00428	0.00907	0.00548	0.04146	0.00471	0.00561	0.00357	0.00290	0.00212	0.00096	0.00267	0.00186	0.00187	0.00343
16	0.00753	0.00754	0.03969	0.01847	0.84621	0.00727	0.00945	0.00940	0.00695	0.00999	0.00575	0.00754	0.00482	0.00273	0.00303	0.00091	0.00366	0.00271	0.00151	0.00484
17	0.00589	0.00552	0.00917	0.83231	0.03979	0.00684	0.00838	0.00817	0.03874	0.00806	0.00571	0.00827	0.00430	0.00309	0.00306	0.00102	0.00401	0.00275	0.00143	0.00349
18	0.00471	0.00320	0.00419	0.00394	0.00471	0.00294	0.00295	0.00610	0.00854	0.04906	0.79491	0.06290	0.02756	0.00631	0.00360	0.00098	0.00151	0.00558	0.00336	0.00297
19	0.09137	0.04861	0.76177	0.00815	0.01235	0.00728	0.01033	0.00961	0.00633	0.00998	0.00533	0.00626	0.00383	0.00289	0.00278	0.00096	0.00427	0.00218	0.00135	0.00439
20	0.01163	0.00857	0.00919	0.00704	0.00949	0.00949	0.00582	0.86314	0.01439	0.01929	0.00735	0.00735	0.00520	0.00367	0.00306	0.00092	0.00337	0.00276	0.00306	0.00520

[dist]
# distance from previous block
# <min> <max>
6	13

[block]
# block no. 5 follows, 94 sequences, length 35
# corresponding to MSA columns:
# 775-809
name=unknown_F
#
# <colnr> <probs for GDERKNQSTAVLIFYWHMCP>
#	G	D	E	R	K	N	Q	S	T	A	V	L	I	F	Y	W	H	M	C	P
0	0.01143	0.01459	0.00867	0.00788	0.00946	0.88015	0.00591	0.01222	0.00867	0.00749	0.00473	0.00552	0.00394	0.00315	0.00276	0.00079	0.00552	0.00197	0.00158	0.00355
1	0.00655	0.01526	0.82998	0.00855	0.01296	0.00697	0.01094	0.00997	0.00659	0.05610	0.00585	0.00667	0.00408	0.00296	0.00292	0.00097	0.00442	0.00231	0.00143	0.00456
2	0.00384	0.00334	0.00372	0.09272	0.00586	0.00301	0.00295	0.00474	0.00689	0.00822	0.02841	0.02729	0.78390	0.00727	0.00356	0.00103	0.00181	0.00608	0.00269	0.00267
3	0.00576	0.00529	0.00890	0.83786	0.02016	0.00658	0.00819	0.00761	0.00601	0.00769	0.00543	0.00822	0.00415	0.00347	0.00354	0.04979	0.00400	0.00272	0.00136	0.00329
4	0.09464	0.00338	0.00328	0.00323	0.00433	0.00303	0.00245	0.00491	0.00687	0.00899	0.06493	0.02672	0.74857	0.00720	0.00344	0.00102	0.00163	0.00594	0.00277	0.00267
5	0.00528	0.00266	0.00398	0.00399	0.00400	0.00265	0.00266	0.00399	0.00403	0.00538	0.00559	0.03049	0.00568	0.01061	0.01177	0.88908	0.00264	0.00280	0.00137	0.00136
6	0.00635	0.00544	0.00635	0.00453	0.00725	0.00408	0.00363	0.00771	0.00635	0.00997	0.00544	0.00635	0.00453	0.00227	0.00227	0.00045	0.00227	0.00181	0.00181	0.91115
7	0.00757	0.00729	0.01255	0.01866	0.85474	0.00728	0.02790	0.00940	0.00697	0.00999	0.00577	0.00759	0.00484	0.00272	0.00304	0.00091	0.00367	0.00275	0.00152	0.00483
8	0.00750	0.00720	0.01229	0.05467	0.83804	0.00725	0.00936	0.00933	0.00693	0.00991	0.00574	0.00760	0.00482	0.00274	0.00303	0.00091	0.00365	0.00273	0.00151	0.00479
9	0.00710	0.00662	0.01114	0.05266	0.70553	0.00668	0.00867	0.00886	0.00695	0.00978	0.00734	0.01172	0.00677	0.00362	0.00321	0.00099	0.00353	0.13264	0.00171	0.00448
10	0.00714	0.00881	0.08105	0.01259	0.01579	0.00769	0.79979	0.00980	0.00717	0.00980	0.00614	0.00812	0.00459	0.00260	0.00356	0.00103	0.00511	0.00351	0.00153	0.00416
11	0.21347	0.01848	0.00806	0.65036	0.01701	0.00680	0.00712	0.00809	0.00592	0.00925	0.00526	0.00746	0.00399	0.00302	0.00276	0.00099	0.00362	0.00246	0.02251	0.00338
12	0.00437	0.00328	0.00492	0.00492	0.00547	0.00383	0.00383	0.00547	0.00492	0.00710	0.00820	0.01202	0.00765	0.02295	0.88031	0.00492	0.00820	0.00328	0.00164	0.00273
13	0.86991	0.00589	0.00466	0.01829	0.00623	0.00679	0.00344	0.00917	0.00534	0.04186	0.00454	0.00520	0.00347	0.00288	0.00195	0.00095	0.00240	0.00172	0.00195	0.00338
14	0.00437	0.00328	0.00492	0.00492	0.00547	0.00383	0.00383	0.00547	0.00492	0.00710	0.00820	0.01202	0.00765	0.02295	0.88031	0.00492	0.00820	0.00328	0.00164	0.00273
15	0.00670	0.00670	0.00937	0.00804	0.00804	0.00937	0.00670	0.00737	0.00469	0.00737	0.00402	0.00670	0.00402	0.00536	0.01004	0.00134	0.88684	0.00268	0.00134	0.00335
16	0.00814	0.87379	0.03611	0.00532	0.00798	0.01199	0.00538	0.00918	0.00622	0.00726	0.00428	0.00495	0.00393	0.00263	0.00199	0.00066	0.00330	0.00165	0.00131	0.00394
17	0.00584	0.00555	0.00954	0.84956	0.02087	0.00684	0.04327	0.00790	0.00616	0.00790	0.00547	0.00816	0.00410	0.00304	0.00308	0.00102	0.00412	0.00276	0.00137	0.00343
18	0.01140	0.00840	0.00902	0.00696	0.00934	0.00928	0.00573	0.83747	0.01414	0.01895	0.00763	0.03374	0.00565	0.00385	0.00309	0.00093	0.00332	0.00293	0.00306	0.00512
19	0.00635	0.00544	0.00635	0.00453	0.00725	0.00408	0.00363	0.00771	0.00635	0.00997	0.00544	0.00635	0.00453	0.00227	0.00227	0.00045	0.00227	0.00181	0.00181	0.91115
20	0.01163	0.00857	0.00919	0.00704	0.00949	0.00949	0.00582	0.86314	0.01439	0.01929	0.00735	0.00735	0.00520	0.00367	0.00306	0.00092	0.00337	0.00276	0.00306	0.00520
21	0.00432	0.00387	0.00509	0.29160	0.00968	0.00396	0.00435	0.00551	0.00670	0.00812	0.02264	0.02249	0.58816	0.00622	0.00343	0.00103	0.00238	0.00524	0.00236	0.00285
22	0.00755	0.00734	0.01279	0.01841	0.81797	0.00730	0.06447	0.00942	0.00699	0.00999	0.00579	0.00762	0.00483	0.00272	0.00307	0.00092	0.00373	0.00278	0.00152	0.00480
23	0.00758	0.00747	0.01171	0.01732	0.77748	0.05681	0.00882	0.00929	0.00707	0.00976	0.00705	0.00863	0.05128	0.00302	0.00305	0.00091	0.00363	0.00288	0.00159	0.00465
24	0.01093	0.01376	0.00836	0.00765	0.00916	0.81293	0.00572	0.01189	0.02839	0.00763	0.00556	0.05308	0.00494	0.00352	0.00283	0.00082	0.00525	0.00237	0.00168	0.00352
25	0.00383	0.00273	0.00350	0.00406	0.00426	0.00256	0.00266	0.00430	0.00570	0.00755	0.01647	0.71473	0.06108	0.14443	0.00568	0.00150	0.00195	0.00794	0.00269	0.00239
26	0.01147	0.05060	0.00951	0.00696	0.00941	0.00962	0.00579	0.82262	0.01400	0.01872	0.00720	0.00723	0.00514	0.00362	0.00301	0.00091	0.00336	0.00270	0.00298	0.00514
27	0.00758	0.00727	0.01242	0.01879	0.87334	0.00727	0.00939	0.00939	0.00697	0.01000	0.00576	0.00758	0.00485	0.00273	0.00303	0.00091	0.00364	0.00273	0.00152	0.00485
28	0.00999	0.00734	0.00801	0.00646	0.00844	0.00803	0.00520	0.68402	0.01261	0.01690	0.00933	0.19152	0.00834	0.00491	0.00324	0.00099	0.00304	0.00400	0.00302	0.00464
29	0.00373	0.00267	0.00354	0.00424	0.00443	0.00249	0.00283	0.00426	0.00588	0.00782	0.01718	0.87149	0.03900	0.00955	0.00390	0.00124	0.00177	0.00865	0.00284	0.00249
30	0.00563	0.00524	0.00877	0.82045	0.01986	0.00648	0.00808	0.00756	0.00610	0.00782	0.00628	0.07290	0.00527	0.00354	0.00312	0.00104	0.00391	0.00316	0.00147	0.00333
31	0.01959	0.00323	0.00409	0.00397	0.01704	0.00298	0.00292	0.00571	0.00837	0.01176	0.73792	0.02318	0.13518	0.00634	0.00357	0.00097	0.00150	0.00555	0.00325	0.00288
32	0.03089	0.00852	0.00909	0.00698	0.00942	0.00944	0.00576	0.84491	0.01419	0.01917	0.00728	0.00730	0.00516	0.00366	0.00304	0.00092	0.00335	0.00273	0.00304	0.00516
33	0.85948	0.00589	0.00478	0.05697	0.00683	0.00686	0.00363	0.00893	0.00526	0.01338	0.00433	0.00516	0.00336	0.00285	0.00196	0.00095	0.00247	0.00172	0.00186	0.00332
34	0.01373	0.00521	0.00710	0.00545	0.00781	0.00450	0.00450	0.01492	0.00876	0.87546	0.01207	0.01042	0.00758	0.00379	0.00308	0.00095	0.00260	0.00308	0.00379	0.00521

[dist]
# distance from previous block
# <min> <max>
4	6

[block]
# block no. 6 follows, 94 sequences, length 7
# corresponding to MSA columns:
# 816-822
name=unknown_G
#
# <colnr> <probs for GDERKNQSTAVLIFYWHMCP>
#	G	D	E	R	K	N	Q	S	T	A	V	L	I	F	Y	W	H	M	C	P
0	0.01373	0.00521	0.00710	0.00545	0.00781	0.00450	0.00450	0.01492	0.00876	0.87546	0.01207	0.01042	0.00758	0.00379	0.00308	0.00095	0.00260	0.00308	0.00379	0.00521
1	0.74541	0.00642	0.05582	0.07559	0.00766	0.00676	0.00426	0.00922	0.00552	0.05352	0.00480	0.00557	0.00361	0.00291	0.00210	0.00095	0.00264	0.00185	0.00190	0.00348
2	0.00470	0.00320	0.00409	0.00386	0.00468	0.00291	0.00290	0.00598	0.00827	0.05686	0.66316	0.07844	0.13633	0.00653	0.00360	0.00099	0.00154	0.00573	0.00329	0.00294
3	0.00445	0.00458	0.10855	0.00450	0.00559	0.00333	0.00389	0.00601	0.00796	0.01127	0.63434	0.15649	0.02453	0.00638	0.00357	0.00101	0.00186	0.00564	0.00304	0.00302
4	0.01143	0.01459	0.00867	0.00788	0.00946	0.88015	0.00591	0.01222	0.00867	0.00749	0.00473	0.00552	0.00394	0.00315	0.00276	0.00079	0.00552	0.00197	0.00158	0.00355
5	0.20294	0.70328	0.01356	0.00498	0.00744	0.01098	0.00482	0.00913	0.00600	0.00861	0.00426	0.00492	0.00380	0.00267	0.00195	0.00072	0.00308	0.00164	0.00143	0.00380
6	0.00370	0.00310	0.00321	0.00319	0.00418	0.00262	0.00239	0.00455	0.00717	0.00872	0.12641	0.02871	0.77642	0.00758	0.00362	0.00103	0.00154	0.00635	0.00290	0.00262

[dist]
# distance from previous block
# <min> <max>
5	31

[block]
# block no. 7 follows, 94 sequences, length 7
# corresponding to MSA columns:
# 861-867
name=unknown_H
#
# <colnr> <probs for GDERKNQSTAVLIFYWHMCP>
#	G	D	E	R	K	N	Q	S	T	A	V	L	I	F	Y	W	H	M	C	P
0	0.09679	0.69794	0.01396	0.00533	0.00780	0.05686	0.00508	0.03750	0.00662	0.04211	0.00469	0.00524	0.00405	0.00275	0.00208	0.00071	0.00328	0.00175	0.00153	0.00394
1	0.71882	0.03515	0.00567	0.06235	0.00734	0.00718	0.00397	0.08142	0.00620	0.04179	0.00486	0.00556	0.00368	0.00295	0.00211	0.00094	0.00260	0.00187	0.00200	0.00356
2	0.00673	0.00589	0.00764	0.00549	0.00823	0.00474	0.08726	0.05546	0.00688	0.01047	0.00562	0.00659	0.00458	0.00238	0.00244	0.00054	0.00261	0.00204	0.00186	0.77257
3	0.00761	0.00657	0.00692	0.00623	0.00796	0.00761	0.00484	0.01626	0.86782	0.01280	0.01246	0.01142	0.00934	0.00415	0.00311	0.00104	0.00242	0.00346	0.00311	0.00484
4	0.01119	0.00834	0.00918	0.07304	0.01036	0.00929	0.00602	0.79885	0.01377	0.01843	0.00720	0.00741	0.00512	0.00363	0.00306	0.00093	0.00342	0.00275	0.00293	0.00507
5	0.00698	0.00721	0.00869	0.00758	0.00781	0.11245	0.00618	0.00767	0.00517	0.00730	0.00467	0.00752	0.00459	0.04182	0.08056	0.00163	0.67478	0.00271	0.00141	0.00326
6	0.00405	0.00303	0.00388	0.00424	0.00478	0.00269	0.00291	0.00470	0.00598	0.00811	0.01616	0.73508	0.06221	0.00858	0.00369	0.00113	0.00183	0.00772	0.00271	0.11653

[dist]
# distance from previous block
# <min> <max>
0	4

[block]
# block no. 8 follows, 94 sequences, length 17
# corresponding to MSA columns:
# 872-888
name=unknown_I
#
# <colnr> <probs for GDERKNQSTAVLIFYWHMCP>
#	G	D	E	R	K	N	Q	S	T	A	V	L	I	F	Y	W	H	M	C	P
0	0.00588	0.00554	0.00936	0.83711	0.06827	0.00683	0.00855	0.00791	0.00617	0.00794	0.00546	0.00813	0.00412	0.00304	0.00306	0.00101	0.00406	0.00272	0.00137	0.00348
1	0.00761	0.00657	0.00692	0.00623	0.00796	0.00761	0.00484	0.01626	0.86782	0.01280	0.01246	0.01142	0.00934	0.00415	0.00311	0.00104	0.00242	0.00346	0.00311	0.00484
2	0.00382	0.00276	0.00365	0.00427	0.00454	0.00254	0.00287	0.00439	0.00588	0.00789	0.01646	0.85872	0.01968	0.00933	0.00385	0.00121	0.00179	0.00845	0.00280	0.03509
3	0.00654	0.00555	0.00645	0.00462	0.00733	0.00427	0.00371	0.03840	0.00664	0.01031	0.00551	0.00638	0.00456	0.00232	0.00230	0.00047	0.00231	0.00185	0.00186	0.87864
4	0.01345	0.00566	0.00738	0.00566	0.00804	0.00517	0.00468	0.12882	0.00952	0.76049	0.01144	0.01001	0.00726	0.00377	0.00308	0.00094	0.00271	0.00303	0.00369	0.00521
5	0.00492	0.00326	0.00428	0.00395	0.00477	0.00299	0.00299	0.00634	0.00867	0.06603	0.81819	0.02209	0.02755	0.00610	0.00358	0.00096	0.00152	0.00538	0.00340	0.00303
6	0.00578	0.00534	0.00894	0.85116	0.02041	0.00665	0.00826	0.00779	0.00613	0.00796	0.00561	0.00828	0.00422	0.00308	0.00302	0.00101	0.00398	0.00273	0.03627	0.00338
7	0.00630	0.00529	0.00619	0.00461	0.00707	0.00414	0.00364	0.04096	0.00662	0.01013	0.00662	0.09180	0.00608	0.00303	0.00246	0.00055	0.00226	0.00252	0.00196	0.78779
8	0.01163	0.00857	0.00919	0.00704	0.00949	0.00949	0.00582	0.86314	0.01439	0.01929	0.00735	0.00735	0.00520	0.00367	0.00306	0.00092	0.00337	0.00276	0.00306	0.00520
9	0.00379	0.00269	0.00353	0.00418	0.00434	0.00253	0.00276	0.00428	0.00574	0.00765	0.01625	0.81568	0.01946	0.08542	0.00491	0.00139	0.00188	0.00834	0.00276	0.00243
10	0.01143	0.01459	0.00867	0.00788	0.00946	0.88015	0.00591	0.01222	0.00867	0.00749	0.00473	0.00552	0.00394	0.00315	0.00276	0.00079	0.00552	0.00197	0.00158	0.00355
11	0.00432	0.00319	0.00464	0.00471	0.00518	0.00362	0.00355	0.00526	0.00497	0.00707	0.00918	0.09946	0.00920	0.09859	0.71724	0.00438	0.00710	0.00392	0.00178	0.00263
12	0.00923	0.00677	0.00745	0.00617	0.00791	0.00736	0.00488	0.59988	0.01174	0.01572	0.01008	0.25533	0.00958	0.02851	0.00363	0.00106	0.00291	0.00447	0.00297	0.00436
13	0.00526	0.00333	0.00439	0.00401	0.00489	0.00305	0.00305	0.00668	0.00867	0.09750	0.78685	0.02163	0.02678	0.00601	0.00356	0.00096	0.00156	0.00529	0.00341	0.00312
14	0.00487	0.00348	0.00485	0.00546	0.00617	0.00346	0.00473	0.00629	0.00721	0.00947	0.10067	0.03337	0.01873	0.00824	0.00417	0.00137	0.00268	0.76910	0.00287	0.00283
15	0.00722	0.00826	0.01806	0.01290	0.01600	0.00774	0.86223	0.00980	0.00722	0.00980	0.00619	0.00826	0.00464	0.00258	0.00361	0.00103	0.00516	0.00361	0.00155	0.00413
16	0.00437	0.00328	0.00492	0.00492	0.00547	0.00383	0.00383	0.00547	0.00492	0.00710	0.00820	0.01202	0.00765	0.02295	0.88031	0.00492	0.00820	0.00328	0.00164	0.00273

[dist]
# distance from previous block
# <min> <max>
0	1

[block]
# block no. 9 follows, 94 sequences, length 32
# corresponding to MSA columns:
# 890-921
name=unknown_J
#
# <colnr> <probs for GDERKNQSTAVLIFYWHMCP>
#	G	D	E	R	K	N	Q	S	T	A	V	L	I	F	Y	W	H	M	C	P
0	0.00395	0.00276	0.00349	0.00398	0.00410	0.00263	0.00254	0.00432	0.00543	0.00724	0.01466	0.62396	0.01745	0.27987	0.00748	0.00177	0.00214	0.00740	0.00254	0.00229
1	0.00389	0.00273	0.00350	0.00406	0.00420	0.00259	0.00262	0.00430	0.00555	0.00740	0.01527	0.69785	0.01823	0.20493	0.00649	0.00162	0.00204	0.00776	0.00262	0.00235
2	0.01094	0.01367	0.00888	0.00865	0.07581	0.78060	0.00614	0.01182	0.00842	0.00774	0.00488	0.00580	0.00408	0.00317	0.00292	0.00081	0.02389	0.00206	0.01607	0.00363
3	0.00730	0.00639	0.00741	0.15824	0.02657	0.00747	0.00556	0.01468	0.70274	0.01189	0.01112	0.01078	0.00835	0.00394	0.00310	0.00103	0.00273	0.00332	0.00278	0.00460
4	0.00758	0.00727	0.01242	0.01879	0.87334	0.00727	0.00939	0.00939	0.00697	0.01000	0.00576	0.00758	0.00485	0.00273	0.00303	0.00091	0.00364	0.00273	0.00152	0.00485
5	0.01073	0.01325	0.00936	0.00988	0.16719	0.72078	0.00655	0.01171	0.00836	0.00795	0.00492	0.00589	0.00411	0.00308	0.00281	0.00081	0.00518	0.00211	0.00157	0.00379
6	0.00740	0.00777	0.01530	0.01578	0.43583	0.00751	0.44460	0.00960	0.00710	0.00990	0.00598	0.00792	0.00474	0.00265	0.00333	0.00097	0.00441	0.00318	0.00153	0.00448
7	0.00449	0.00338	0.00431	0.00478	0.00559	0.00320	0.00405	0.00568	0.00702	0.00886	0.02123	0.03280	0.30773	0.00822	0.00402	0.00128	0.00239	0.56541	0.00283	0.00274
8	0.00769	0.03136	0.00941	0.00793	0.00832	0.18566	0.00650	0.00840	0.00553	0.00739	0.00417	0.00641	0.00400	0.00484	0.00836	0.00121	0.68552	0.00251	0.00139	0.00340
9	0.00445	0.00297	0.00334	0.00334	0.00334	0.00297	0.00185	0.00445	0.00445	0.00593	0.00964	0.02003	0.01113	0.89244	0.01558	0.00297	0.00297	0.00445	0.00185	0.00185
10	0.00818	0.89428	0.01604	0.00524	0.00786	0.01211	0.00524	0.00916	0.00622	0.00720	0.00426	0.00491	0.00393	0.00262	0.00196	0.00065	0.00327	0.00164	0.00131	0.00393
11	0.00647	0.00551	0.00641	0.00459	0.00730	0.00420	0.00368	0.02722	0.00653	0.01019	0.00548	0.00637	0.00455	0.00230	0.00228	0.00046	0.00229	0.00183	0.00184	0.89048
12	0.00429	0.00312	0.00404	0.00383	0.00455	0.00287	0.00286	0.00569	0.00855	0.01203	0.82290	0.03827	0.06275	0.00638	0.00362	0.00097	0.00145	0.00563	0.00334	0.00287
13	0.05052	0.00322	0.00406	0.00390	0.00463	0.00305	0.00290	0.00579	0.00821	0.01190	0.74199	0.10887	0.02671	0.00642	0.00355	0.00099	0.00152	0.00566	0.00324	0.00287
14	0.00431	0.00313	0.00406	0.00383	0.00456	0.00288	0.00287	0.00573	0.00861	0.01215	0.84580	0.02307	0.05489	0.00630	0.00361	0.00096	0.00145	0.00556	0.00335	0.00288
15	0.00373	0.00266	0.00355	0.00426	0.00444	0.00249	0.00284	0.00426	0.00586	0.00781	0.01687	0.89044	0.02024	0.00959	0.00391	0.00124	0.00178	0.00870	0.00284	0.00249
16	0.01132	0.01441	0.00869	0.00789	0.00943	0.86009	0.00593	0.01211	0.00858	0.00749	0.00471	0.00555	0.00394	0.00320	0.00293	0.00080	0.02582	0.00199	0.00157	0.00354
17	0.00670	0.00670	0.00937	0.00804	0.00804	0.00937	0.00670	0.00737	0.00469	0.00737	0.00402	0.00670	0.00402	0.00536	0.01004	0.00134	0.88684	0.00268	0.00134	0.00335
18	0.00445	0.00297	0.00334	0.00334	0.00334	0.00297	0.00185	0.00445	0.00445	0.00593	0.00964	0.02003	0.01113	0.89244	0.01558	0.00297	0.00297	0.00445	0.00185	0.00185
19	0.00456	0.00318	0.00417	0.00396	0.00470	0.00293	0.00299	0.00597	0.00853	0.03278	0.79803	0.04997	0.02775	0.00637	0.00363	0.00098	0.00152	0.03171	0.00335	0.00293
20	0.02691	0.00608	0.05767	0.00573	0.00821	0.00506	0.00497	0.07052	0.02039	0.74396	0.01127	0.00991	0.00716	0.00372	0.00305	0.00095	0.00276	0.00299	0.00356	0.00513
21	0.00651	0.00554	0.00644	0.00461	0.00732	0.00425	0.00369	0.03438	0.00660	0.01026	0.00550	0.00638	0.00455	0.00231	0.00229	0.00047	0.00230	0.00184	0.00185	0.88290
22	0.91406	0.00592	0.00450	0.00402	0.00592	0.00687	0.00331	0.00900	0.00521	0.01373	0.00426	0.00497	0.00331	0.00284	0.00189	0.00095	0.00237	0.00166	0.00189	0.00331
23	0.00541	0.00337	0.00444	0.00403	0.00494	0.00307	0.00307	0.00682	0.00867	0.11108	0.77333	0.02144	0.02644	0.00597	0.00355	0.00096	0.00158	0.00525	0.00342	0.00315
24	0.01236	0.00500	0.00673	0.00527	0.00740	0.00440	0.00431	0.03566	0.00884	0.73311	0.11675	0.02702	0.01033	0.00419	0.00316	0.00095	0.00247	0.00347	0.00370	0.00488
25	0.00614	0.01583	0.87658	0.00872	0.01325	0.00711	0.01131	0.00969	0.00646	0.00969	0.00549	0.00646	0.00388	0.00291	0.00291	0.00097	0.00452	0.00226	0.00129	0.00452
26	0.00635	0.00544	0.00635	0.00453	0.00725	0.00408	0.00363	0.00771	0.00635	0.00997	0.00544	0.00635	0.00453	0.00227	0.00227	0.00045	0.00227	0.00181	0.00181	0.91115
27	0.01116	0.00820	0.00880	0.00680	0.00909	0.00906	0.00556	0.80647	0.01373	0.01841	0.00750	0.00819	0.00560	0.06233	0.00389	0.00105	0.00334	0.00287	0.00298	0.00498
28	0.00761	0.00657	0.00692	0.00623	0.00796	0.00761	0.00484	0.01626	0.86782	0.01280	0.01246	0.01142	0.00934	0.00415	0.00311	0.00104	0.00242	0.00346	0.00311	0.00484
29	0.00493	0.00352	0.00493	0.00564	0.00634	0.00352	0.00493	0.00634	0.00705	0.00916	0.01621	0.03452	0.01761	0.00845	0.00423	0.00141	0.00282	0.85274	0.00282	0.00282
30	0.83380	0.00629	0.00501	0.01836	0.03672	0.04013	0.00371	0.00912	0.00542	0.01327	0.00435	0.00513	0.00340	0.00285	0.00198	0.00094	0.00256	0.00172	0.00186	0.00338
31	0.65631	0.00578	0.00583	0.25405	0.01022	0.00685	0.00479	0.00866	0.00547	0.01205	0.00460	0.00588	0.00353	0.00290	0.00222	0.00097	0.00285	0.00196	0.00174	0.00334

[dist]
# distance from previous block
# <min> <max>
1	3

[block]
# block no. 10 follows, 94 sequences, length 9
# corresponding to MSA columns:
# 925-933
name=unknown_K
#
# <colnr> <probs for GDERKNQSTAVLIFYWHMCP>
#	G	D	E	R	K	N	Q	S	T	A	V	L	I	F	Y	W	H	M	C	P
0	0.00732	0.00799	0.01656	0.01447	0.24403	0.00762	0.63540	0.00969	0.00716	0.00986	0.00608	0.00807	0.00470	0.00262	0.00346	0.00100	0.00475	0.00338	0.00154	0.00432
1	0.81123	0.00704	0.10327	0.00456	0.00675	0.00689	0.00422	0.00908	0.00535	0.01327	0.00440	0.00514	0.00338	0.00285	0.00201	0.00095	0.00261	0.00173	0.00183	0.00345
2	0.27464	0.00581	0.00820	0.51707	0.12228	0.00688	0.00708	0.00836	0.00596	0.00984	0.00513	0.00714	0.00395	0.00295	0.00271	0.00098	0.00352	0.00241	0.00154	0.00355
3	0.07073	0.00826	0.00888	0.04441	0.00975	0.00920	0.00577	0.77037	0.01343	0.01843	0.00706	0.00723	0.00503	0.00359	0.00298	0.00092	0.00333	0.00268	0.00291	0.00500
4	0.00379	0.00271	0.00361	0.00422	0.00445	0.00253	0.00285	0.00442	0.00615	0.00827	0.10390	0.80212	0.02112	0.00925	0.00388	0.00121	0.00174	0.00838	0.00289	0.00253
5	0.00800	0.77010	0.05607	0.00612	0.00887	0.01147	0.08628	0.00925	0.00632	0.00756	0.00449	0.00530	0.00399	0.00263	0.00216	0.00070	0.00351	0.00185	0.00133	0.00397
6	0.00770	0.00769	0.01284	0.01772	0.74909	0.04468	0.09606	0.00956	0.00707	0.00987	0.00576	0.00756	0.00479	0.00273	0.00308	0.00092	0.00387	0.00278	0.00152	0.00472
7	0.00578	0.00544	0.00918	0.88508	0.02108	0.00680	0.00850	0.00782	0.00612	0.00782	0.00544	0.00816	0.00408	0.00306	0.00306	0.00102	0.00408	0.00272	0.00136	0.00340
8	0.00362	0.00310	0.00310	0.00310	0.00413	0.00258	0.00233	0.00439	0.00698	0.00827	0.03101	0.02946	0.87210	0.00775	0.00362	0.00103	0.00155	0.00646	0.00284	0.00258

[dist]
# distance from previous block
# <min> <max>
0	2

[block]
# block no. 11 follows, 94 sequences, length 8
# corresponding to MSA columns:
# 936-943
name=unknown_L
#
# <colnr> <probs for GDERKNQSTAVLIFYWHMCP>
#	G	D	E	R	K	N	Q	S	T	A	V	L	I	F	Y	W	H	M	C	P
0	0.00577	0.00514	0.00844	0.78228	0.01904	0.00634	0.00776	0.00774	0.00615	0.00824	0.00597	0.00854	0.00452	0.00312	0.00295	0.00098	0.00377	0.00274	0.10717	0.00334
1	0.00370	0.00309	0.00312	0.00312	0.00406	0.00262	0.00228	0.00440	0.00673	0.00804	0.02895	0.02855	0.78912	0.09302	0.00477	0.00122	0.00169	0.00627	0.00275	0.00251
2	0.08225	0.00526	0.00690	0.00534	0.00767	0.00468	0.00441	0.01447	0.00849	0.80989	0.01148	0.01000	0.00725	0.00372	0.00299	0.00095	0.00259	0.00297	0.00364	0.00506
3	0.00440	0.00294	0.00335	0.00341	0.00342	0.00293	0.00193	0.00444	0.00456	0.00608	0.01019	0.08627	0.01182	0.82525	0.01469	0.00284	0.00288	0.00477	0.00193	0.00190
4	0.00445	0.00297	0.00334	0.00334	0.00334	0.00297	0.00185	0.00445	0.00445	0.00593	0.00964	0.02003	0.01113	0.89244	0.01558	0.00297	0.00297	0.00445	0.00185	0.00185
5	0.00427	0.00308	0.00404	0.00389	0.00456	0.00285	0.00288	0.00563	0.00839	0.01184	0.78933	0.10648	0.02805	0.00658	0.00364	0.00099	0.00148	0.00584	0.00332	0.00285
6	0.00614	0.01583	0.87658	0.00872	0.01325	0.00711	0.01131	0.00969	0.00646	0.00969	0.00549	0.00646	0.00388	0.00291	0.00291	0.00097	0.00452	0.00226	0.00129	0.00452
7	0.01163	0.00857	0.00919	0.00704	0.00949	0.00949	0.00582	0.86314	0.01439	0.01929	0.00735	0.00735	0.00520	0.00367	0.00306	0.00092	0.00337	0.00276	0.00306	0.00520

[dist]
# distance from previous block
# <min> <max>
0	2

[block]
# block no. 12 follows, 94 sequences, length 11
# corresponding to MSA columns:
# 946-956
name=unknown_M
#
# <colnr> <probs for GDERKNQSTAVLIFYWHMCP>
#	G	D	E	R	K	N	Q	S	T	A	V	L	I	F	Y	W	H	M	C	P
0	0.01053	0.00775	0.00840	0.00665	0.00879	0.00851	0.00540	0.74320	0.01320	0.01769	0.00868	0.13067	0.00731	0.00450	0.00318	0.00096	0.00315	0.00359	0.00303	0.00483
1	0.00761	0.00657	0.00692	0.00623	0.00796	0.00761	0.00484	0.01626	0.86782	0.01280	0.01246	0.01142	0.00934	0.00415	0.00311	0.00104	0.00242	0.00346	0.00311	0.00484
2	0.04990	0.00827	0.00877	0.00677	0.00915	0.00913	0.00559	0.79617	0.01373	0.01866	0.00806	0.00803	0.03590	0.00378	0.00303	0.00092	0.00326	0.00284	0.00300	0.00503
3	0.00647	0.13555	0.71966	0.00844	0.01264	0.00782	0.04943	0.00963	0.00646	0.00936	0.00536	0.00633	0.00392	0.00285	0.00281	0.00093	0.00438	0.00224	0.00131	0.00442
4	0.00755	0.00733	0.01277	0.01843	0.82130	0.00730	0.06117	0.00942	0.00698	0.00999	0.00578	0.00762	0.00484	0.00272	0.00307	0.00092	0.00373	0.00278	0.00152	0.00480
5	0.00782	0.00780	0.01201	0.04866	0.77358	0.07749	0.00908	0.00956	0.00708	0.00972	0.00566	0.00743	0.00475	0.00277	0.00301	0.00090	0.00380	0.00267	0.00151	0.00469
6	0.00639	0.00362	0.00373	0.00344	0.00433	0.00374	0.00260	0.11979	0.00732	0.01203	0.00961	0.01154	0.00775	0.07243	0.00330	0.00091	0.00180	0.00296	0.71963	0.00309
7	0.00373	0.00266	0.00355	0.00426	0.00444	0.00249	0.00284	0.00426	0.00586	0.00781	0.01687	0.89044	0.02024	0.00959	0.00391	0.00124	0.00178	0.00870	0.00284	0.00249
8	0.01356	0.00548	0.00727	0.00557	0.00795	0.00490	0.00460	0.08317	0.00921	0.80657	0.01169	0.01017	0.00739	0.00378	0.00308	0.00094	0.00267	0.00305	0.00373	0.00521
9	0.00614	0.01439	0.74707	0.10454	0.01421	0.00710	0.04554	0.00949	0.00646	0.00949	0.00552	0.00672	0.00393	0.00291	0.00295	0.00098	0.00450	0.00237	0.00131	0.00438
10	0.01268	0.07421	0.00812	0.00626	0.06376	0.00525	0.00485	0.01389	0.00837	0.72551	0.01086	0.00968	0.00702	0.00358	0.00296	0.00091	0.00271	0.00290	0.00339	0.03308

[dist]
# distance from previous block
# <min> <max>
1	3

[block]
# block no. 13 follows, 94 sequences, length 35
# corresponding to MSA columns:
# 960-994
name=unknown_N
#
# <colnr> <probs for GDERKNQSTAVLIFYWHMCP>
#	G	D	E	R	K	N	Q	S	T	A	V	L	I	F	Y	W	H	M	C	P
