[name]
rps4

[dist]
# distance from previous block
# <min> <max>
0	48

[block]
# block no. 0 follows, 87 sequences, length 36
# corresponding to MSA columns:
# 48-83
name=unknown_A
#
# <colnr> <probs for GDERKNQSTAVLIFYWHMCP>
#	G	D	E	R	K	N	Q	S	T	A	V	L	I	F	Y	W	H	M	C	P
0	0.00413	0.00295	0.00396	0.00472	0.00498	0.00278	0.00330	0.00481	0.00640	0.00850	0.01789	0.78045	0.02123	0.01007	0.00420	0.00135	0.00203	0.11056	0.00302	0.00269
1	0.00616	0.00580	0.00978	0.87756	0.02246	0.00724	0.00906	0.00833	0.00652	0.00833	0.00580	0.00869	0.00435	0.00326	0.00326	0.00109	0.00435	0.00290	0.00145	0.00362
2	0.00474	0.00316	0.00356	0.00356	0.00356	0.00316	0.00198	0.00474	0.00474	0.00632	0.01027	0.02134	0.01186	0.88540	0.01660	0.00316	0.00316	0.00474	0.00198	0.00198
3	0.00801	0.00791	0.01418	0.01903	0.73188	0.00783	0.14243	0.01008	0.00747	0.01062	0.00621	0.00818	0.00513	0.00288	0.00333	0.00099	0.00413	0.00305	0.00162	0.00504
4	0.00804	0.00693	0.00732	0.00662	0.00844	0.00801	0.00516	0.01708	0.83923	0.01355	0.01337	0.01274	0.01016	0.00453	0.00335	0.00112	0.00259	0.02334	0.00331	0.00511
5	0.00608	0.00304	0.00304	0.00304	0.00380	0.00304	0.00228	0.00760	0.00684	0.01216	0.01064	0.01216	0.00836	0.00380	0.00228	0.00076	0.00152	0.00304	0.90350	0.00304
6	0.00616	0.00580	0.00978	0.87756	0.02246	0.00724	0.00906	0.00833	0.00652	0.00833	0.00580	0.00869	0.00435	0.00326	0.00326	0.00109	0.00435	0.00290	0.00145	0.00362
7	0.00416	0.00306	0.00413	0.03951	0.00554	0.00289	0.00330	0.00482	0.00627	0.00840	0.01706	0.81783	0.02030	0.00967	0.00407	0.00129	0.00201	0.00876	0.00293	0.03402
8	0.00397	0.00284	0.00378	0.00454	0.00473	0.00265	0.00303	0.00454	0.00624	0.00832	0.01797	0.88327	0.02157	0.01022	0.00416	0.00132	0.00189	0.00927	0.00303	0.00265
9	0.01022	0.00776	0.00870	0.00675	0.00918	0.00807	0.02233	0.56835	0.01240	0.01696	0.00843	0.09895	0.00705	0.00423	0.00319	0.00091	0.00320	0.00340	0.00292	0.19700
10	0.90843	0.00631	0.00479	0.00429	0.00631	0.00732	0.00353	0.00959	0.00555	0.01463	0.00454	0.00530	0.00353	0.00303	0.00202	0.00101	0.00252	0.00177	0.00202	0.00353
11	0.01218	0.01554	0.00924	0.00840	0.01008	0.87231	0.00630	0.01302	0.00924	0.00798	0.00504	0.00588	0.00420	0.00336	0.00294	0.00084	0.00588	0.00210	0.00168	0.00378
12	0.00462	0.00333	0.00436	0.00410	0.00487	0.00308	0.00308	0.00615	0.00923	0.01308	0.86334	0.02436	0.03077	0.00667	0.00385	0.00103	0.00154	0.00590	0.00359	0.00308
13	0.00605	0.00515	0.00857	0.68600	0.01846	0.00628	0.00769	0.00744	0.00602	0.00775	0.00577	0.00896	0.00464	0.00503	0.00534	0.19939	0.00401	0.00288	0.00144	0.00314
14	0.01168	0.01459	0.00973	0.00981	0.11416	0.76706	0.00675	0.01265	0.00902	0.00831	0.00517	0.00615	0.00432	0.00330	0.00298	0.00086	0.00564	0.00220	0.00167	0.00395
15	0.00616	0.00580	0.00978	0.87756	0.02246	0.00724	0.00906	0.00833	0.00652	0.00833	0.00580	0.00869	0.00435	0.00326	0.00326	0.00109	0.00435	0.00290	0.00145	0.00362
16	0.00654	0.01687	0.86850	0.00929	0.01411	0.00757	0.01205	0.01033	0.00688	0.01033	0.00585	0.00688	0.00413	0.00310	0.00310	0.00103	0.00482	0.00241	0.00138	0.00482
17	0.00397	0.00284	0.00378	0.00454	0.00473	0.00265	0.00303	0.00454	0.00624	0.00832	0.01797	0.88327	0.02157	0.01022	0.00416	0.00132	0.00189	0.00927	0.00303	0.00265
18	0.00884	0.00737	0.00778	0.00678	0.00876	0.00845	0.00534	0.15915	0.71616	0.01481	0.01235	0.01143	0.00921	0.00434	0.00331	0.00108	0.00275	0.00356	0.00331	0.00523
19	0.00406	0.00342	0.00381	0.00423	0.04160	0.00295	0.00290	0.00489	0.00723	0.00881	0.02932	0.17475	0.68396	0.00836	0.00388	0.00113	0.00179	0.00712	0.00297	0.00284
20	0.00390	0.00336	0.00344	0.02231	0.00480	0.00285	0.00262	0.00476	0.00741	0.00880	0.03244	0.03089	0.84505	0.00815	0.00384	0.00110	0.00171	0.00680	0.00299	0.00277
21	0.00770	0.00880	0.01924	0.01374	0.01704	0.00825	0.85322	0.01045	0.00770	0.01045	0.00660	0.00880	0.00495	0.00275	0.00385	0.00110	0.00550	0.00385	0.00165	0.00440
22	0.04229	0.00582	0.00958	0.84260	0.02181	0.00725	0.00883	0.00838	0.00648	0.00858	0.00575	0.00856	0.00431	0.00325	0.00321	0.00108	0.00427	0.00285	0.00147	0.00362
23	0.00616	0.00580	0.00978	0.87756	0.02246	0.00724	0.00906	0.00833	0.00652	0.00833	0.00580	0.00869	0.00435	0.00326	0.00326	0.00109	0.00435	0.00290	0.00145	0.00362
24	0.00391	0.00331	0.00338	0.00336	0.00444	0.00277	0.00252	0.00478	0.00756	0.00910	0.08966	0.03090	0.80693	0.00815	0.00385	0.00110	0.00164	0.00681	0.00307	0.00277
25	0.00397	0.00284	0.00378	0.00454	0.00473	0.00265	0.00303	0.00454	0.00624	0.00832	0.01797	0.88327	0.02157	0.01022	0.00416	0.00132	0.00189	0.00927	0.00303	0.00265
26	0.04360	0.00595	0.00995	0.79870	0.03452	0.00729	0.03773	0.00848	0.00653	0.00870	0.00578	0.00855	0.00435	0.00323	0.00323	0.00108	0.00430	0.00288	0.00148	0.00367
27	0.00635	0.00607	0.00990	0.82831	0.05292	0.02516	0.00903	0.00849	0.00661	0.00841	0.00579	0.00861	0.00437	0.00325	0.00325	0.00108	0.00436	0.00288	0.00146	0.00368
28	0.00397	0.00284	0.00378	0.00454	0.00473	0.00265	0.00303	0.00454	0.00624	0.00832	0.01797	0.88327	0.02157	0.01022	0.00416	0.00132	0.00189	0.00927	0.00303	0.00265
29	0.00616	0.00580	0.00978	0.87756	0.02246	0.00724	0.00906	0.00833	0.00652	0.00833	0.00580	0.00869	0.00435	0.00326	0.00326	0.00109	0.00435	0.00290	0.00145	0.00362
30	0.01188	0.01497	0.00953	0.00925	0.07226	0.80943	0.00657	0.01280	0.00911	0.00818	0.00512	0.00604	0.00427	0.00333	0.00296	0.00085	0.00573	0.00216	0.00168	0.00388
31	0.00815	0.00809	0.01255	0.11761	0.70655	0.07018	0.00963	0.01003	0.00745	0.01019	0.00602	0.00798	0.00500	0.00298	0.00321	0.00097	0.00407	0.00285	0.00160	0.00489
32	0.00773	0.00744	0.01230	0.17535	0.67024	0.02510	0.00963	0.00967	0.00730	0.01015	0.00636	0.00895	0.00538	0.00315	0.00326	0.00100	0.00398	0.02659	0.00162	0.00480
33	0.00616	0.00580	0.00973	0.83339	0.04603	0.00716	0.00893	0.00830	0.00657	0.00841	0.00642	0.00919	0.02380	0.00336	0.00327	0.00108	0.00427	0.00299	0.00149	0.00365
34	0.01198	0.03390	0.00981	0.00736	0.00989	0.00995	0.00610	0.79618	0.01468	0.01966	0.00777	0.00795	0.00561	0.00470	0.03803	0.00114	0.00379	0.00292	0.00315	0.00540
35	0.00395	0.00339	0.00354	0.00371	0.02329	0.00286	0.00266	0.00479	0.00739	0.00883	0.03195	0.05873	0.81737	0.00821	0.00385	0.00111	0.00171	0.00687	0.00300	0.00280

[dist]
# distance from previous block
# <min> <max>
0	1

[block]
# block no. 1 follows, 87 sequences, length 28
# corresponding to MSA columns:
# 85-112
name=unknown_B
#
# <colnr> <probs for GDERKNQSTAVLIFYWHMCP>
#	G	D	E	R	K	N	Q	S	T	A	V	L	I	F	Y	W	H	M	C	P
0	0.00807	0.00775	0.01324	0.02002	0.86506	0.00775	0.01001	0.01001	0.00742	0.01065	0.00613	0.00807	0.00517	0.00291	0.00323	0.00097	0.00387	0.00291	0.00161	0.00517
1	0.00635	0.00599	0.01007	0.73930	0.13489	0.00719	0.00901	0.00846	0.00667	0.00866	0.00657	0.00922	0.02740	0.00335	0.00327	0.00107	0.00421	0.00301	0.00151	0.00381
2	0.00912	0.00974	0.01222	0.01705	0.64685	0.22840	0.00906	0.01078	0.00789	0.00997	0.00585	0.00751	0.00492	0.00302	0.00315	0.00094	0.00439	0.00270	0.00163	0.00481
3	0.00388	0.00318	0.00343	0.00362	0.00449	0.00273	0.00262	0.00464	0.00713	0.00869	0.02919	0.24880	0.64880	0.00876	0.00393	0.00116	0.00171	0.00749	0.00303	0.00273
4	0.00728	0.00540	0.00676	0.00598	0.00726	0.00610	0.00477	0.29322	0.00875	0.01209	0.02713	0.01138	0.00776	0.01711	0.55901	0.00370	0.00683	0.00336	0.00230	0.00381
5	0.00806	0.00720	0.03217	0.04507	0.02454	0.00662	0.11361	0.18358	0.09660	0.01276	0.00759	0.04327	0.00616	0.00335	0.00301	0.00081	0.00322	0.00293	0.00232	0.39714
6	0.00645	0.00609	0.01030	0.74870	0.14908	0.00732	0.00920	0.00858	0.00666	0.00868	0.00585	0.00860	0.00447	0.00321	0.00326	0.00107	0.00428	0.00290	0.00147	0.00385
7	0.00730	0.02617	0.50129	0.01329	0.32967	0.00770	0.03508	0.01029	0.00714	0.02330	0.00606	0.00742	0.00460	0.00303	0.00316	0.00101	0.00444	0.00264	0.00151	0.00494
8	0.01105	0.01373	0.00864	0.00793	0.00944	0.74184	0.00597	0.01194	0.00864	0.00792	0.00560	0.00692	0.00479	0.00653	0.13361	0.00150	0.00631	0.00231	0.00169	0.00365
9	0.00441	0.00337	0.00483	0.14156	0.00766	0.00345	0.00414	0.00530	0.00638	0.00843	0.01601	0.68393	0.01866	0.00904	0.00405	0.00130	0.00236	0.06953	0.00278	0.00283
10	0.01157	0.01426	0.00896	0.00814	0.00984	0.74244	0.00613	0.01367	0.13696	0.00883	0.00628	0.00683	0.00506	0.00352	0.00300	0.00088	0.00538	0.00234	0.00193	0.00399
11	0.01240	0.00913	0.00979	0.00750	0.01011	0.01011	0.00620	0.85419	0.01533	0.02055	0.00783	0.00783	0.00555	0.00391	0.00326	0.00098	0.00359	0.00294	0.00326	0.00555
12	0.00638	0.00625	0.00615	0.00596	0.00680	0.20248	0.00458	0.00747	0.00615	0.00766	0.00789	0.01123	0.00725	0.01964	0.67377	0.00424	0.00808	0.00318	0.00173	0.00311
13	0.00385	0.00330	0.00330	0.00330	0.00440	0.00275	0.00248	0.00468	0.00743	0.00881	0.03303	0.03138	0.86374	0.00826	0.00385	0.00110	0.00165	0.00688	0.00303	0.00275
14	0.00781	0.00849	0.01749	0.01558	0.26505	0.00810	0.60662	0.01032	0.00762	0.01051	0.00646	0.00858	0.00501	0.00279	0.00367	0.00106	0.00502	0.00357	0.00164	0.00462
15	0.01018	0.00748	0.00821	0.00672	0.00870	0.00815	0.00536	0.63071	0.01294	0.01734	0.01050	0.23809	0.00976	0.00557	0.00350	0.00107	0.00314	0.00460	0.00320	0.00478
16	0.00770	0.00880	0.01924	0.01374	0.01704	0.00825	0.85322	0.01045	0.00770	0.01045	0.00660	0.00880	0.00495	0.00275	0.00385	0.00110	0.00550	0.00385	0.00165	0.00440
17	0.00811	0.00700	0.00737	0.00664	0.00848	0.00811	0.00516	0.01733	0.85917	0.01364	0.01327	0.01217	0.00995	0.00442	0.00332	0.00111	0.00258	0.00369	0.00332	0.00516
18	0.00811	0.00700	0.00737	0.00664	0.00848	0.00811	0.00516	0.01733	0.85917	0.01364	0.01327	0.01217	0.00995	0.00442	0.00332	0.00111	0.00258	0.00369	0.00332	0.00516
19	0.00616	0.00580	0.00978	0.87756	0.02246	0.00724	0.00906	0.00833	0.00652	0.00833	0.00580	0.00869	0.00435	0.00326	0.00326	0.00109	0.00435	0.00290	0.00145	0.00362
20	0.00807	0.00775	0.01324	0.02002	0.86506	0.00775	0.01001	0.01001	0.00742	0.01065	0.00613	0.00807	0.00517	0.00291	0.00323	0.00097	0.00387	0.00291	0.00161	0.00517
21	0.00397	0.00284	0.00378	0.00454	0.00473	0.00265	0.00303	0.00454	0.00624	0.00832	0.01797	0.88327	0.02157	0.01022	0.00416	0.00132	0.00189	0.00927	0.00303	0.00265
22	0.00910	0.00718	0.00801	0.00594	0.00872	0.00674	0.00483	0.35872	0.01031	0.01474	0.00664	0.00720	0.00513	0.00304	0.00277	0.00069	0.00290	0.00235	0.00248	0.53252
23	0.00397	0.00284	0.00378	0.00454	0.00473	0.00265	0.00303	0.00454	0.00624	0.00832	0.01797	0.88327	0.02157	0.01022	0.00416	0.00132	0.00189	0.00927	0.00303	0.00265
24	0.00494	0.00359	0.00410	0.00408	0.00426	0.02829	0.00258	0.00523	0.00498	0.00666	0.00977	0.01895	0.01079	0.66337	0.21179	0.00357	0.00451	0.00438	0.00192	0.00224
25	0.00611	0.00563	0.00803	0.00719	0.00743	0.00755	0.00587	0.00701	0.00510	0.00773	0.00612	0.00948	0.00588	0.01345	0.36677	0.00300	0.51968	0.00312	0.00156	0.00330
26	0.81633	0.00612	0.00494	0.00438	0.00635	0.00698	0.00358	0.00976	0.00573	0.06739	0.00510	0.00584	0.00390	0.00342	0.00253	0.03749	0.00255	0.00190	0.00212	0.00357
27	0.00889	0.84425	0.01672	0.00569	0.00845	0.03063	0.00561	0.03392	0.00693	0.00805	0.00464	0.00532	0.00422	0.00283	0.00214	0.00071	0.00354	0.00179	0.00145	0.00422

[dist]
# distance from previous block
# <min> <max>
0	2

[block]
# block no. 2 follows, 87 sequences, length 10
# corresponding to MSA columns:
# 115-124
name=unknown_C
#
# <colnr> <probs for GDERKNQSTAVLIFYWHMCP>
#	G	D	E	R	K	N	Q	S	T	A	V	L	I	F	Y	W	H	M	C	P
0	0.00385	0.00330	0.00330	0.00330	0.00440	0.00275	0.00248	0.00468	0.00743	0.00881	0.03303	0.03138	0.86374	0.00826	0.00385	0.00110	0.00165	0.00688	0.00303	0.00275
1	0.00737	0.00646	0.00753	0.18312	0.01099	0.00750	0.00574	0.01448	0.61737	0.01217	0.01335	0.01301	0.07774	0.00450	0.00335	0.00110	0.00286	0.00378	0.00292	0.00465
2	0.00666	0.01615	0.80103	0.01014	0.08124	0.00759	0.01189	0.01030	0.00693	0.01035	0.00587	0.00698	0.00421	0.00308	0.00311	0.00103	0.00474	0.00245	0.00140	0.00485
3	0.00544	0.00396	0.00539	0.00605	0.00687	0.00403	0.00525	0.00744	0.06247	0.01001	0.01701	0.03519	0.01820	0.00871	0.00443	0.00148	0.00298	0.78894	0.00302	0.00314
4	0.00713	0.00713	0.00999	0.00856	0.00856	0.00999	0.00713	0.00785	0.00499	0.00785	0.00428	0.00713	0.00428	0.00571	0.01070	0.00143	0.87943	0.00285	0.00143	0.00357
5	0.00616	0.00580	0.00978	0.87756	0.02246	0.00724	0.00906	0.00833	0.00652	0.00833	0.00580	0.00869	0.00435	0.00326	0.00326	0.00109	0.00435	0.00290	0.00145	0.00362
6	0.71456	0.00620	0.00586	0.19193	0.00978	0.00730	0.00472	0.00932	0.00576	0.01328	0.00481	0.00603	0.00371	0.00308	0.00228	0.00103	0.00291	0.00201	0.00190	0.00355
7	0.00801	0.00650	0.00816	0.28512	0.01294	0.00757	0.00638	0.01433	0.51786	0.08086	0.01085	0.01097	0.00801	0.00402	0.00330	0.00109	0.00316	0.00340	0.00278	0.00470
8	0.00681	0.01527	0.71888	0.01117	0.16299	0.00760	0.01169	0.01027	0.00698	0.01038	0.00590	0.00709	0.00431	0.00306	0.00312	0.00102	0.00465	0.00250	0.00142	0.00488
9	0.00619	0.00592	0.01032	0.76756	0.02125	0.00713	0.08000	0.00835	0.00661	0.00851	0.00638	0.04591	0.00513	0.00351	0.00335	0.00110	0.00434	0.00325	0.00153	0.00365

[dist]
# distance from previous block
# <min> <max>
0	1

[block]
# block no. 3 follows, 87 sequences, length 86
# corresponding to MSA columns:
# 126-211
name=unknown_D
#
# <colnr> <probs for GDERKNQSTAVLIFYWHMCP>
#	G	D	E	R	K	N	Q	S	T	A	V	L	I	F	Y	W	H	M	C	P
0	0.01239	0.00929	0.00977	0.00753	0.01011	0.03154	0.00620	0.83328	0.01518	0.02024	0.00776	0.00778	0.00551	0.00390	0.00325	0.00098	0.00365	0.00292	0.00322	0.00550
1	0.00466	0.00349	0.00524	0.00524	0.00582	0.00408	0.00408	0.00582	0.00524	0.00757	0.00873	0.01281	0.00815	0.02446	0.87248	0.00524	0.00873	0.00349	0.00175	0.00291
2	0.00385	0.00330	0.00330	0.00330	0.00440	0.00275	0.00248	0.00468	0.00743	0.00881	0.03303	0.03138	0.86374	0.00826	0.00385	0.00110	0.00165	0.00688	0.00303	0.00275
3	0.00672	0.00575	0.00672	0.00483	0.00769	0.00432	0.00385	0.00816	0.00675	0.01059	0.00597	0.01914	0.00507	0.00253	0.00244	0.00049	0.00241	0.00204	0.00195	0.89259
4	0.00471	0.00315	0.00357	0.00360	0.00361	0.00314	0.00202	0.00473	0.00481	0.00641	0.01061	0.05931	0.01228	0.84685	0.01605	0.00308	0.00311	0.00494	0.00202	0.00201
5	0.00492	0.00392	0.00514	0.00487	0.00600	0.00333	0.02986	0.00583	0.00649	0.00910	0.01456	0.56202	0.04815	0.00758	0.00362	0.00106	0.00215	0.00682	0.00266	0.27194
6	0.00397	0.00284	0.00378	0.00454	0.00473	0.00265	0.00303	0.00454	0.00624	0.00832	0.01797	0.88327	0.02157	0.01022	0.00416	0.00132	0.00189	0.00927	0.00303	0.00265
7	0.01218	0.01554	0.00924	0.00840	0.01008	0.87231	0.00630	0.01302	0.00924	0.00798	0.00504	0.00588	0.00420	0.00336	0.00294	0.00084	0.00588	0.00210	0.00168	0.00378
8	0.00646	0.00581	0.00836	0.00627	0.00879	0.00472	0.14541	0.00798	0.00683	0.01022	0.00792	0.15069	0.00759	0.00375	0.00294	0.00072	0.00284	0.00345	0.00206	0.60717
9	0.00654	0.01687	0.86850	0.00929	0.01411	0.00757	0.01205	0.01033	0.00688	0.01033	0.00585	0.00688	0.00413	0.00310	0.00310	0.00103	0.00482	0.00241	0.00138	0.00482
10	0.00808	0.00699	0.00741	0.01965	0.00869	0.00810	0.00522	0.01719	0.84642	0.01356	0.01316	0.01211	0.00987	0.00441	0.00332	0.00111	0.00261	0.00367	0.00329	0.00514
11	0.00616	0.00580	0.00978	0.87756	0.02246	0.00724	0.00906	0.00833	0.00652	0.00833	0.00580	0.00869	0.00435	0.00326	0.00326	0.00109	0.00435	0.00290	0.00145	0.00362
12	0.00979	0.00716	0.00784	0.00644	0.00825	0.00778	0.00506	0.58215	0.01224	0.01640	0.01016	0.18537	0.00952	0.11029	0.00503	0.00131	0.00320	0.00442	0.00306	0.00454
13	0.00872	0.88736	0.01709	0.00558	0.00837	0.01290	0.00558	0.00976	0.00663	0.00767	0.00453	0.00523	0.00418	0.00279	0.00209	0.00070	0.00349	0.00174	0.00139	0.00418
14	0.00462	0.00333	0.00436	0.00410	0.00487	0.00308	0.00308	0.00615	0.00923	0.01308	0.86334	0.02436	0.03077	0.00667	0.00385	0.00103	0.00154	0.00590	0.00359	0.00308
15	0.00385	0.00330	0.00330	0.00330	0.00440	0.00275	0.00248	0.00468	0.00743	0.00881	0.03303	0.03138	0.86374	0.00826	0.00385	0.00110	0.00165	0.00688	0.00303	0.00275
16	0.00624	0.00524	0.00621	0.00478	0.00717	0.00403	0.00371	0.00753	0.00667	0.01020	0.00806	0.16999	0.00795	0.00387	0.00274	0.00064	0.00232	0.00330	0.00214	0.73723
17	0.00454	0.00327	0.00429	0.00415	0.00485	0.00303	0.00307	0.00596	0.00887	0.01251	0.76253	0.12678	0.02967	0.00709	0.00388	0.00106	0.00158	0.00630	0.00352	0.00303
18	0.00616	0.00580	0.00978	0.87756	0.02246	0.00724	0.00906	0.00833	0.00652	0.00833	0.00580	0.00869	0.00435	0.00326	0.00326	0.00109	0.00435	0.00290	0.00145	0.00362
19	0.00397	0.00284	0.00378	0.00454	0.00473	0.00265	0.00303	0.00454	0.00624	0.00832	0.01797	0.88327	0.02157	0.01022	0.00416	0.00132	0.00189	0.00927	0.00303	0.00265
20	0.00706	0.00703	0.00997	0.07330	0.00960	0.00978	0.00728	0.00788	0.00511	0.00788	0.00439	0.00725	0.00429	0.00553	0.01015	0.00140	0.81424	0.00286	0.00143	0.00357
21	0.00474	0.00316	0.00356	0.00356	0.00356	0.00316	0.00198	0.00474	0.00474	0.00632	0.01027	0.02134	0.01186	0.88540	0.01660	0.00316	0.00316	0.00474	0.00198	0.00198
22	0.00712	0.00532	0.00714	0.35071	0.01256	0.00607	0.00583	0.17607	0.00833	0.01186	0.00903	0.11380	0.00778	0.00437	0.00309	0.00100	0.00310	0.00371	0.25938	0.00372
23	0.00718	0.16165	0.67916	0.00864	0.01301	0.00858	0.01991	0.04761	0.00722	0.01034	0.00573	0.00667	0.00421	0.00308	0.00295	0.00098	0.00455	0.00234	0.00147	0.00474
24	0.00811	0.00700	0.00737	0.00664	0.00848	0.00811	0.00516	0.01733	0.85917	0.01364	0.01327	0.01217	0.00995	0.00442	0.00332	0.00111	0.00258	0.00369	0.00332	0.00516
25	0.00391	0.00317	0.00344	0.00365	0.00447	0.00274	0.00261	0.00464	0.00703	0.00861	0.02829	0.26262	0.61062	0.03375	0.00430	0.00122	0.00176	0.00747	0.00300	0.00270
26	0.00694	0.00590	0.00686	0.00491	0.00780	0.00453	0.00394	0.03468	0.00703	0.01094	0.00586	0.00680	0.00485	0.00246	0.00244	0.00050	0.00245	0.00196	0.00197	0.87718
27	0.00770	0.00880	0.01924	0.01374	0.01704	0.00825	0.85322	0.01045	0.00770	0.01045	0.00660	0.00880	0.00495	0.00275	0.00385	0.00110	0.00550	0.00385	0.00165	0.00440
28	0.01463	0.00555	0.00757	0.00580	0.00832	0.00479	0.00479	0.01589	0.00933	0.86732	0.01286	0.01110	0.00807	0.00404	0.00328	0.00101	0.00277	0.00328	0.00404	0.00555
29	0.00616	0.00580	0.00978	0.87756	0.02246	0.00724	0.00906	0.00833	0.00652	0.00833	0.00580	0.00869	0.00435	0.00326	0.00326	0.00109	0.00435	0.00290	0.00145	0.00362
30	0.00770	0.00880	0.01924	0.01374	0.01704	0.00825	0.85322	0.01045	0.00770	0.01045	0.00660	0.00880	0.00495	0.00275	0.00385	0.00110	0.00550	0.00385	0.00165	0.00440
31	0.00606	0.00505	0.00601	0.00476	0.00698	0.00392	0.00365	0.00729	0.00663	0.01005	0.00885	0.22658	0.00903	0.00437	0.00285	0.00069	0.00228	0.00377	0.00221	0.67895
32	0.00385	0.00330	0.00330	0.00330	0.00440	0.00275	0.00248	0.00468	0.00743	0.00881	0.03303	0.03138	0.86374	0.00826	0.00385	0.00110	0.00165	0.00688	0.00303	0.00275
33	0.01240	0.00913	0.00979	0.00750	0.01011	0.01011	0.00620	0.85419	0.01533	0.02055	0.00783	0.00783	0.00555	0.00391	0.00326	0.00098	0.00359	0.00294	0.00326	0.00555
34	0.00713	0.00713	0.00999	0.00856	0.00856	0.00999	0.00713	0.00785	0.00499	0.00785	0.00428	0.00713	0.00428	0.00571	0.01070	0.00143	0.87943	0.00285	0.00143	0.00357
35	0.00616	0.00580	0.00978	0.87756	0.02246	0.00724	0.00906	0.00833	0.00652	0.00833	0.00580	0.00869	0.00435	0.00326	0.00326	0.00109	0.00435	0.00290	0.00145	0.00362
36	0.00621	0.00585	0.00988	0.85316	0.04643	0.00726	0.00908	0.00838	0.00655	0.00840	0.00581	0.00868	0.00437	0.00325	0.00326	0.00108	0.00433	0.00290	0.00145	0.00367
37	0.00460	0.00332	0.00434	0.00412	0.00487	0.00306	0.00308	0.00610	0.00914	0.01293	0.83689	0.05123	0.03048	0.00678	0.00386	0.00103	0.00155	0.00600	0.00357	0.00306
38	0.00606	0.00304	0.00305	0.00305	0.00380	0.00304	0.00227	0.00755	0.00681	0.01207	0.01063	0.01230	0.00841	0.01751	0.00250	0.00080	0.00155	0.00307	0.88949	0.00302
39	0.00452	0.00326	0.00427	0.00417	0.00485	0.00301	0.00307	0.00592	0.00879	0.01238	0.74004	0.14963	0.02943	0.00718	0.00389	0.00107	0.00159	0.00639	0.00351	0.00301
40	0.01218	0.01554	0.00924	0.00840	0.01008	0.87231	0.00630	0.01302	0.00924	0.00798	0.00504	0.00588	0.00420	0.00336	0.00294	0.00084	0.00588	0.00210	0.00168	0.00378
41	0.01133	0.01395	0.00999	0.01056	0.16852	0.69677	0.00700	0.01237	0.00883	0.00847	0.00523	0.00631	0.00438	0.00332	0.00313	0.00087	0.02100	0.00226	0.00166	0.00403
42	0.58099	0.00712	0.08400	0.24298	0.01142	0.00732	0.00581	0.00931	0.00593	0.01252	0.00500	0.00637	0.00381	0.00310	0.00245	0.00103	0.00323	0.00213	0.00180	0.00367
43	0.00492	0.00356	0.00484	0.00550	0.00619	0.00348	0.00461	0.00622	0.00735	0.00954	0.04149	0.16779	0.09079	0.00907	0.00438	0.00143	0.00268	0.62021	0.00302	0.00293
44	0.00462	0.00333	0.00436	0.00410	0.00487	0.00308	0.00308	0.00615	0.00923	0.01308	0.86334	0.02436	0.03077	0.00667	0.00385	0.00103	0.00154	0.00590	0.00359	0.00308
45	0.01104	0.00947	0.00959	0.00877	0.10343	0.13552	0.00638	0.48686	0.13636	0.01625	0.00824	0.00842	0.01468	0.00380	0.00320	0.00096	0.00376	0.00294	0.00282	0.02752
46	0.00390	0.00332	0.00336	0.00339	0.00448	0.00278	0.00256	0.00474	0.00743	0.00884	0.03254	0.03155	0.83730	0.00828	0.00387	0.00111	0.00169	0.03305	0.00303	0.00276
47	0.00835	0.00771	0.00740	0.00668	0.00848	0.09460	0.00517	0.01639	0.73960	0.01288	0.01324	0.01231	0.04376	0.00447	0.00330	0.00108	0.00287	0.00366	0.00314	0.00493
48	0.00695	0.00688	0.00995	0.17117	0.01116	0.00947	0.00749	0.00794	0.00528	0.00794	0.00456	0.00743	0.00429	0.00525	0.00931	0.00136	0.71568	0.00286	0.00143	0.00358
49	0.00425	0.00295	0.00370	0.00419	0.00431	0.00283	0.00265	0.00461	0.00571	0.00761	0.01524	0.57701	0.01812	0.32119	0.00858	0.00198	0.00234	0.00766	0.00265	0.00241
50	0.00801	0.00772	0.01326	0.04225	0.82661	0.00774	0.02637	0.00997	0.00741	0.01059	0.00613	0.00810	0.00514	0.00291	0.00324	0.00097	0.00392	0.00292	0.00161	0.00511
51	0.00441	0.00318	0.00418	0.00424	0.00483	0.00294	0.00306	0.00565	0.00829	0.01159	0.59827	0.29367	0.02788	0.00778	0.00395	0.00112	0.00165	0.00695	0.00341	0.00294
52	0.01201	0.00883	0.00947	0.00730	0.00978	0.00976	0.00598	0.81117	0.01480	0.01983	0.00795	0.00851	0.00587	0.04855	0.00394	0.00109	0.00357	0.00303	0.00320	0.00536
53	0.00720	0.00725	0.00998	0.00856	0.00858	0.02204	0.00712	0.00792	0.00505	0.00785	0.00429	0.00712	0.00428	0.00567	0.01059	0.00142	0.86722	0.00284	0.00143	0.00357
54	0.88824	0.00637	0.00491	0.00436	0.00639	0.00738	0.00359	0.02862	0.00577	0.01476	0.00461	0.00535	0.00358	0.00305	0.00205	0.00101	0.00255	0.00179	0.00205	0.00358
55	0.00872	0.88736	0.01709	0.00558	0.00837	0.01290	0.00558	0.00976	0.00663	0.00767	0.00453	0.00523	0.00418	0.00279	0.00209	0.00070	0.00349	0.00174	0.00139	0.00418
56	0.00413	0.00330	0.00405	0.00477	0.04815	0.00295	0.00313	0.00488	0.00684	0.00866	0.02415	0.45550	0.39981	0.00896	0.00398	0.00121	0.00188	0.00787	0.00296	0.00282
57	0.00385	0.00330	0.00330	0.00330	0.00440	0.00275	0.00248	0.00468	0.00743	0.00881	0.03303	0.03138	0.86374	0.00826	0.00385	0.00110	0.00165	0.00688	0.00303	0.00275
58	0.01240	0.00913	0.00979	0.00750	0.01011	0.01011	0.00620	0.85419	0.01533	0.02055	0.00783	0.00783	0.00555	0.00391	0.00326	0.00098	0.00359	0.00294	0.00326	0.00555
59	0.00472	0.00315	0.00356	0.00358	0.00359	0.00315	0.00200	0.00474	0.00478	0.00637	0.01047	0.04276	0.01210	0.86365	0.01629	0.00312	0.00313	0.00485	0.00200	0.00199
60	0.00776	0.00861	0.01820	0.01483	0.16363	0.00816	0.70746	0.01037	0.00765	0.01048	0.00652	0.00867	0.00499	0.00278	0.00374	0.00108	0.00522	0.00369	0.00164	0.00453
61	0.00696	0.01615	0.79524	0.00926	0.01391	0.00768	0.03062	0.05313	0.00736	0.02144	0.00606	0.00703	0.00427	0.00314	0.00313	0.00103	0.00475	0.00248	0.00151	0.00486
62	0.01218	0.01554	0.00924	0.00840	0.01008	0.87231	0.00630	0.01302	0.00924	0.00798	0.00504	0.00588	0.00420	0.00336	0.00294	0.00084	0.00588	0.00210	0.00168	0.00378
63	0.00925	0.65088	0.03991	0.00627	0.00881	0.19240	0.00587	0.01034	0.00714	0.00781	0.00481	0.00566	0.00431	0.00362	0.03041	0.00088	0.00420	0.00189	0.00147	0.00408
64	0.01400	0.00544	0.00739	0.00570	0.00814	0.00470	0.00469	0.01528	0.00929	0.81051	0.05582	0.01170	0.00917	0.00414	0.00329	0.00100	0.00271	0.00339	0.00398	0.01965
65	0.00597	0.00559	0.00917	0.72750	0.06292	0.00672	0.00830	0.00797	0.00668	0.00851	0.00914	0.01143	0.10921	0.00385	0.00333	0.00108	0.00399	0.00338	0.00165	0.00359
66	0.00575	0.00495	0.00512	0.00479	0.00622	0.00514	0.00367	0.01031	0.38656	0.01096	0.02424	0.02283	0.48370	0.00655	0.00362	0.00110	0.00207	0.00546	0.00316	0.00382
67	0.00616	0.00576	0.00969	0.86548	0.02220	0.00719	0.00896	0.00832	0.00652	0.00838	0.00586	0.00874	0.00440	0.00327	0.00325	0.00108	0.00431	0.00290	0.01392	0.00361
68	0.88294	0.00639	0.00493	0.00438	0.00641	0.00739	0.00361	0.03362	0.00583	0.01480	0.00463	0.00537	0.00359	0.00305	0.00205	0.00101	0.00255	0.00180	0.00205	0.00359
69	0.00660	0.01627	0.82354	0.00907	0.01369	0.00748	0.01161	0.02655	0.00698	0.01039	0.00603	0.00738	0.00441	0.03196	0.00354	0.00110	0.00474	0.00250	0.00143	0.00474
70	0.00654	0.01687	0.86850	0.00929	0.01411	0.00757	0.01205	0.01033	0.00688	0.01033	0.00585	0.00688	0.00413	0.00310	0.00310	0.00103	0.00482	0.00241	0.00138	0.00482
71	0.00397	0.00343	0.00363	0.04757	0.00532	0.00298	0.00281	0.00486	0.00739	0.00878	0.03165	0.03023	0.82022	0.00801	0.00382	0.00110	0.00179	0.00668	0.00295	0.00280
72	0.00628	0.00591	0.00997	0.80748	0.08076	0.00724	0.00908	0.00843	0.00660	0.00851	0.00596	0.00899	0.00458	0.00331	0.00327	0.00108	0.00430	0.01307	0.00148	0.00372
73	0.00616	0.00580	0.00978	0.87756	0.02246	0.00724	0.00906	0.00833	0.00652	0.00833	0.00580	0.00869	0.00435	0.00326	0.00326	0.00109	0.00435	0.00290	0.00145	0.00362
74	0.01213	0.00885	0.00951	0.00732	0.00983	0.00976	0.00601	0.80896	0.01483	0.03221	0.00800	0.00840	0.00583	0.03830	0.00378	0.00106	0.00356	0.00301	0.00322	0.00541
75	0.00474	0.00316	0.00356	0.00356	0.00356	0.00316	0.00198	0.00474	0.00474	0.00632	0.01027	0.02134	0.01186	0.88540	0.01660	0.00316	0.00316	0.00474	0.00198	0.00198
76	0.00466	0.00349	0.00524	0.00524	0.00582	0.00408	0.00408	0.00582	0.00524	0.00757	0.00873	0.01281	0.00815	0.02446	0.87248	0.00524	0.00873	0.00349	0.00175	0.00291
77	0.00447	0.00396	0.00476	0.00576	0.13086	0.00349	0.00358	0.00546	0.00743	0.00908	0.02908	0.02796	0.73758	0.00747	0.00376	0.00108	0.00198	0.00630	0.00282	0.00311
78	0.00707	0.21060	0.65443	0.00877	0.03704	0.00877	0.01055	0.01019	0.00684	0.00974	0.00557	0.00655	0.00417	0.00302	0.00288	0.00096	0.00450	0.00228	0.00139	0.00469
79	0.00386	0.00328	0.00333	0.00337	0.00442	0.00275	0.00251	0.00467	0.00737	0.00878	0.03227	0.07452	0.82109	0.00836	0.00387	0.00111	0.00166	0.00700	0.00303	0.00275
80	0.01138	0.00837	0.00906	0.00714	0.00946	0.00921	0.00581	0.75150	0.01423	0.01907	0.00905	0.11363	0.00748	0.00468	0.00337	0.00102	0.00338	0.00370	0.00323	0.00520
81	0.00460	0.00333	0.00434	0.00409	0.00486	0.00307	0.00307	0.00613	0.00920	0.01301	0.85081	0.02446	0.04334	0.00669	0.00385	0.00103	0.00154	0.00591	0.00358	0.00307
82	0.15760	0.14247	0.55599	0.00782	0.01177	0.00844	0.00938	0.05285	0.00705	0.01117	0.00554	0.00642	0.00411	0.00308	0.00278	0.00098	0.00418	0.00223	0.00158	0.00455
83	0.00805	0.00780	0.01354	0.01970	0.82212	0.00777	0.05271	0.01003	0.00744	0.01064	0.00616	0.00811	0.00515	0.00290	0.00326	0.00098	0.00396	0.00295	0.00162	0.00513
84	0.00392	0.00329	0.00330	0.00330	0.00438	0.00277	0.00246	0.00475	0.00737	0.00884	0.03213	0.03077	0.82935	0.02372	0.00404	0.00113	0.00168	0.00676	0.02330	0.00275
85	0.00385	0.00330	0.00330	0.00330	0.00440	0.00275	0.00248	0.00468	0.00743	0.00881	0.03303	0.03138	0.86374	0.00826	0.00385	0.00110	0.00165	0.00688	0.00303	0.00275

[dist]
# distance from previous block
# <min> <max>
7	27

[block]
# block no. 4 follows, 87 sequences, length 6
# corresponding to MSA columns:
# 240-245
name=unknown_E
#
# <colnr> <probs for GDERKNQSTAVLIFYWHMCP>
#	G	D	E	R	K	N	Q	S	T	A	V	L	I	F	Y	W	H	M	C	P
0	0.00566	0.00283	0.00425	0.00425	0.00425	0.00283	0.00283	0.00425	0.00425	0.00566	0.00566	0.00991	0.00566	0.01133	0.01274	0.90513	0.00283	0.00283	0.00142	0.00142
1	0.00616	0.00580	0.00978	0.87756	0.02246	0.00724	0.00906	0.00833	0.00652	0.00833	0.00580	0.00869	0.00435	0.00326	0.00326	0.00109	0.00435	0.00290	0.00145	0.00362
2	0.00638	0.00603	0.01019	0.77621	0.12205	0.00730	0.00917	0.00853	0.00663	0.00861	0.00584	0.00862	0.00444	0.00322	0.00326	0.00107	0.00429	0.00290	0.00147	0.00380
3	0.00842	0.00755	0.00725	0.00642	0.00823	0.09175	0.00500	0.12343	0.53795	0.01325	0.01476	0.01390	0.13820	0.00484	0.00336	0.00106	0.00289	0.00392	0.00311	0.00471
4	0.00807	0.00775	0.01324	0.02002	0.86506	0.00775	0.01001	0.01001	0.00742	0.01065	0.00613	0.00807	0.00517	0.00291	0.00323	0.00097	0.00387	0.00291	0.00161	0.00517
5	0.00769	0.00641	0.00731	0.06731	0.06356	0.00732	0.00534	0.01487	0.62629	0.01287	0.01193	0.01166	0.00904	0.00416	0.00316	0.00105	0.00264	0.00349	0.12914	0.00476

[dist]
# distance from previous block
# <min> <max>
0	2

[block]
# block no. 5 follows, 87 sequences, length 14
# corresponding to MSA columns:
# 248-261
name=unknown_F
#
# <colnr> <probs for GDERKNQSTAVLIFYWHMCP>
#	G	D	E	R	K	N	Q	S	T	A	V	L	I	F	Y	W	H	M	C	P
0	0.00468	0.00313	0.00358	0.00364	0.00365	0.00312	0.00206	0.00473	0.00487	0.00649	0.01092	0.09344	0.01267	0.81219	0.01556	0.00301	0.00306	0.00512	0.00206	0.00203
1	0.00670	0.00655	0.00990	0.39071	0.01467	0.00878	0.00798	0.00806	0.00567	0.00806	0.00495	0.00782	0.00431	0.00463	0.00743	0.00128	0.49461	0.00287	0.00144	0.00359
2	0.00446	0.00342	0.00490	0.00638	0.10674	0.00325	0.00385	0.00519	0.00638	0.00860	0.01657	0.77950	0.01962	0.00935	0.00405	0.00128	0.00213	0.00852	0.00286	0.00295
3	0.00396	0.00288	0.00374	0.00443	0.00470	0.00266	0.00298	0.00455	0.00635	0.00837	0.01935	0.80515	0.09880	0.01004	0.00413	0.00130	0.00187	0.00905	0.00303	0.00266
4	0.00808	0.00762	0.01225	0.01776	0.72058	0.00781	0.00919	0.01124	0.15109	0.01116	0.00734	0.00876	0.00597	0.00316	0.00324	0.00099	0.00366	0.00304	0.00190	0.00516
5	0.00811	0.00700	0.00737	0.00664	0.00848	0.00811	0.00516	0.01733	0.85917	0.01364	0.01327	0.01217	0.00995	0.00442	0.00332	0.00111	0.00258	0.00369	0.00332	0.00516
6	0.00765	0.00756	0.01372	0.01739	0.61315	0.00743	0.18835	0.00964	0.00738	0.01041	0.00722	0.08143	0.00649	0.00348	0.00344	0.00103	0.00405	0.00364	0.00174	0.00479
7	0.00642	0.00606	0.01025	0.76109	0.13690	0.00731	0.00919	0.00856	0.00664	0.00865	0.00584	0.00861	0.00446	0.00321	0.00326	0.00107	0.00428	0.00290	0.00147	0.00383
8	0.78172	0.00670	0.04437	0.00522	0.04558	0.00714	0.00419	0.00947	0.00588	0.01418	0.04732	0.00644	0.00499	0.00321	0.00221	0.00101	0.00264	0.00205	0.00205	0.00364
9	0.00608	0.00304	0.00304	0.00304	0.00380	0.00304	0.00228	0.00760	0.00684	0.01216	0.01064	0.01216	0.00836	0.00380	0.00228	0.00076	0.00152	0.00304	0.90350	0.00304
10	0.00626	0.00594	0.00980	0.78325	0.02095	0.00754	0.00885	0.00828	0.00635	0.00828	0.00563	0.00852	0.00434	0.00353	0.00407	0.00112	0.09932	0.00289	0.00145	0.00362
11	0.00397	0.00284	0.00378	0.00454	0.00473	0.00265	0.00303	0.00454	0.00624	0.00832	0.01797	0.88327	0.02157	0.01022	0.00416	0.00132	0.00189	0.00927	0.00303	0.00265
12	0.00397	0.00284	0.00378	0.00454	0.00473	0.00265	0.00303	0.00454	0.00624	0.00832	0.01797	0.88327	0.02157	0.01022	0.00416	0.00132	0.00189	0.00927	0.00303	0.00265
13	0.00416	0.00311	0.00445	0.03187	0.00566	0.00296	0.02955	0.00484	0.00630	0.00839	0.01724	0.82909	0.02052	0.00977	0.00412	0.00131	0.00208	0.00890	0.00294	0.00273

[dist]
# distance from previous block
# <min> <max>
8	10

[block]
# block no. 6 follows, 87 sequences, length 8
# corresponding to MSA columns:
# 276-283
name=unknown_G
#
# <colnr> <probs for GDERKNQSTAVLIFYWHMCP>
#	G	D	E	R	K	N	Q	S	T	A	V	L	I	F	Y	W	H	M	C	P
0	0.00616	0.00580	0.00978	0.87756	0.02246	0.00724	0.00906	0.00833	0.00652	0.00833	0.00580	0.00869	0.00435	0.00326	0.00326	0.00109	0.00435	0.00290	0.00145	0.00362
1	0.01061	0.00779	0.00857	0.00682	0.00891	0.00863	0.00551	0.65703	0.01294	0.01742	0.00818	0.00977	0.00649	0.08819	0.12612	0.00178	0.00427	0.00318	0.00293	0.00485
2	0.01066	0.00787	0.00877	0.00700	0.00915	0.00876	0.00572	0.66383	0.01307	0.01764	0.00803	0.00895	0.00613	0.00852	0.19829	0.00193	0.00474	0.00306	0.00292	0.00495
3	0.00525	0.00375	0.00525	0.00601	0.00676	0.00375	0.00525	0.00676	0.00751	0.00976	0.01727	0.03678	0.01877	0.00901	0.00450	0.00150	0.00300	0.84311	0.00300	0.00300
4	0.00770	0.00880	0.01924	0.01374	0.01704	0.00825	0.85322	0.01045	0.00770	0.01045	0.00660	0.00880	0.00495	0.00275	0.00385	0.00110	0.00550	0.00385	0.00165	0.00440
5	0.00761	0.01389	0.60740	0.01125	0.19426	0.00735	0.01094	0.01077	0.00723	0.08954	0.00656	0.00753	0.00471	0.00314	0.00314	0.00102	0.00443	0.00260	0.00167	0.00496
6	0.00691	0.01601	0.78201	0.00977	0.05840	0.00771	0.01166	0.05137	0.00732	0.01084	0.00596	0.00699	0.00425	0.00313	0.00311	0.00103	0.00471	0.00246	0.00148	0.00487
7	0.00785	0.61373	0.01362	0.00564	0.00780	0.05548	0.00523	0.00892	0.00640	0.00766	0.00564	0.00722	0.00521	0.00841	0.22678	0.00188	0.00497	0.00221	0.00150	0.00383

[dist]
# distance from previous block
# <min> <max>
5	9

[block]
# block no. 7 follows, 87 sequences, length 20
# corresponding to MSA columns:
# 293-312
name=unknown_H
#
# <colnr> <probs for GDERKNQSTAVLIFYWHMCP>
#	G	D	E	R	K	N	Q	S	T	A	V	L	I	F	Y	W	H	M	C	P
0	0.01212	0.00893	0.00959	0.00741	0.00994	0.00987	0.00609	0.82633	0.01503	0.02015	0.00816	0.03653	0.00607	0.00412	0.00329	0.00099	0.00353	0.00314	0.00325	0.00545
1	0.00782	0.05393	0.65059	0.00951	0.07958	0.00746	0.01065	0.01100	0.00724	0.12240	0.00673	0.00745	0.00473	0.00319	0.00309	0.00101	0.00442	0.00253	0.00174	0.00491
2	0.00807	0.00775	0.01324	0.02002	0.86506	0.00775	0.01001	0.01001	0.00742	0.01065	0.00613	0.00807	0.00517	0.00291	0.00323	0.00097	0.00387	0.00291	0.00161	0.00517
3	0.00462	0.00333	0.00436	0.00410	0.00487	0.00308	0.00308	0.00615	0.00923	0.01308	0.86334	0.02436	0.03077	0.00667	0.00385	0.00103	0.00154	0.00590	0.00359	0.00308
4	0.00608	0.00304	0.00304	0.00304	0.00380	0.00304	0.00228	0.00760	0.00684	0.01216	0.01064	0.01216	0.00836	0.00380	0.00228	0.00076	0.00152	0.00304	0.90350	0.00304
5	0.00397	0.00284	0.00378	0.00454	0.00473	0.00265	0.00303	0.00454	0.00624	0.00832	0.01797	0.88327	0.02157	0.01022	0.00416	0.00132	0.00189	0.00927	0.00303	0.00265
6	0.83060	0.00624	0.00503	0.00442	0.00648	0.00710	0.00364	0.01013	0.00588	0.08888	0.00527	0.00580	0.00393	0.00311	0.00213	0.00101	0.00254	0.00190	0.00219	0.00371
7	0.01211	0.00886	0.00948	0.00730	0.00983	0.00979	0.00602	0.81600	0.01495	0.02017	0.00796	0.00802	0.00567	0.00391	0.00322	0.00097	0.00349	0.00294	0.04386	0.00543
8	0.01168	0.00861	0.00937	0.00729	0.00972	0.00956	0.00600	0.77600	0.01440	0.01935	0.00791	0.00829	0.00579	0.00581	0.08337	0.00137	0.00406	0.00299	0.00312	0.00530
9	0.00470	0.00314	0.00357	0.00361	0.00362	0.00313	0.00204	0.00473	0.00483	0.00644	0.01072	0.07090	0.01241	0.83508	0.01588	0.00306	0.00309	0.00500	0.00204	0.00201
10	0.01417	0.07445	0.00831	0.00578	0.00833	0.00543	0.00485	0.01541	0.00912	0.80015	0.01221	0.01064	0.00777	0.00394	0.00319	0.00098	0.00283	0.00316	0.00383	0.00544
11	0.00654	0.01687	0.86850	0.00929	0.01411	0.00757	0.01205	0.01033	0.00688	0.01033	0.00585	0.00688	0.00413	0.00310	0.00310	0.00103	0.00482	0.00241	0.00138	0.00482
12	0.00713	0.00713	0.00999	0.00856	0.00856	0.00999	0.00713	0.00785	0.00499	0.00785	0.00428	0.00713	0.00428	0.00571	0.01070	0.00143	0.87943	0.00285	0.00143	0.00357
13	0.01166	0.01456	0.00974	0.00986	0.11747	0.76372	0.00677	0.01264	0.00901	0.00832	0.00518	0.00616	0.00432	0.00330	0.00298	0.00086	0.00563	0.00220	0.00167	0.00395
14	0.00627	0.00591	0.00998	0.82826	0.07090	0.00727	0.00911	0.00843	0.00657	0.00847	0.00582	0.00866	0.00439	0.00324	0.00326	0.00108	0.00432	0.00290	0.00146	0.00371
15	0.00525	0.00375	0.00525	0.00601	0.00676	0.00375	0.00525	0.00676	0.00751	0.00976	0.01727	0.03678	0.01877	0.00901	0.00450	0.00150	0.00300	0.84311	0.00300	0.00300
16	0.00801	0.00768	0.01312	0.04813	0.83743	0.00773	0.00998	0.00995	0.00740	0.01058	0.00612	0.00809	0.00514	0.00292	0.00323	0.00097	0.00389	0.00291	0.00161	0.00511
17	0.00616	0.00580	0.00978	0.87756	0.02246	0.00724	0.00906	0.00833	0.00652	0.00833	0.00580	0.00869	0.00435	0.00326	0.00326	0.00109	0.00435	0.00290	0.00145	0.00362
18	0.01204	0.05091	0.00956	0.00829	0.01001	0.83745	0.00627	0.01289	0.00913	0.00797	0.00502	0.00585	0.00420	0.00334	0.00291	0.00083	0.00578	0.00209	0.00167	0.00380
19	0.00400	0.00285	0.00377	0.00450	0.00468	0.00267	0.00298	0.00455	0.00618	0.00824	0.01766	0.84831	0.02117	0.04572	0.00467	0.00140	0.00194	0.00909	0.00298	0.00262

[dist]
# distance from previous block
# <min> <max>
0	2

[block]
# block no. 8 follows, 87 sequences, length 6
# corresponding to MSA columns:
# 315-320
name=unknown_I
#
# <colnr> <probs for GDERKNQSTAVLIFYWHMCP>
#	G	D	E	R	K	N	Q	S	T	A	V	L	I	F	Y	W	H	M	C	P
0	0.00482	0.00339	0.00419	0.00473	0.05698	0.00336	0.00264	0.00503	0.00515	0.00691	0.01126	0.15946	0.01301	0.68979	0.01377	0.00273	0.00300	0.00536	0.00212	0.00228
1	0.00803	0.00785	0.01381	0.01942	0.78419	0.00780	0.09042	0.01005	0.00745	0.01063	0.00618	0.00814	0.00514	0.00289	0.00329	0.00098	0.00403	0.00300	0.00162	0.00509
2	0.00966	0.00703	0.00784	0.00639	0.00820	0.00777	0.00510	0.54590	0.01169	0.01591	0.00842	0.01057	0.00692	0.10739	0.18085	0.00208	0.00448	0.00326	0.04605	0.00449
3	0.00411	0.00294	0.00370	0.00426	0.00449	0.00275	0.00279	0.00459	0.00606	0.00799	0.01778	0.65376	0.08879	0.17220	0.00644	0.00165	0.00211	0.00824	0.00283	0.00253
4	0.00474	0.00316	0.00356	0.00356	0.00356	0.00316	0.00198	0.00474	0.00474	0.00632	0.01027	0.02134	0.01186	0.88540	0.01660	0.00316	0.00316	0.00474	0.00198	0.00198
5	0.00397	0.00284	0.00378	0.00454	0.00473	0.00265	0.00303	0.00454	0.00624	0.00832	0.01797	0.88327	0.02157	0.01022	0.00416	0.00132	0.00189	0.00927	0.00303	0.00265

[dist]
# distance from previous block
# <min> <max>
19	64

[block]
# block no. 9 follows, 87 sequences, length 11
# corresponding to MSA columns:
# 392-402
name=unknown_J
#
# <colnr> <probs for GDERKNQSTAVLIFYWHMCP>
#	G	D	E	R	K	N	Q	S	T	A	V	L	I	F	Y	W	H	M	C	P
0	0.00466	0.00349	0.00524	0.00524	0.00582	0.00408	0.00408	0.00582	0.00524	0.00757	0.00873	0.01281	0.00815	0.02446	0.87248	0.00524	0.00873	0.00349	0.00175	0.00291
1	0.01149	0.00865	0.00979	0.13418	0.01191	0.00969	0.00661	0.73103	0.01405	0.01877	0.00753	0.00795	0.00537	0.00382	0.00326	0.00099	0.00370	0.00293	0.00300	0.00527
2	0.01172	0.01467	0.00969	0.00971	0.10616	0.77516	0.00672	0.01268	0.00904	0.00828	0.00516	0.00613	0.00431	0.00331	0.00297	0.00085	0.00566	0.00219	0.00167	0.00394
3	0.01112	0.00834	0.00943	0.00820	0.07862	0.00913	0.00618	0.69088	0.01365	0.01836	0.00856	0.08093	0.00692	0.00495	0.02824	0.00113	0.00362	0.00348	0.00307	0.00520
4	0.00757	0.00653	0.00688	0.00619	0.00798	0.00736	0.00481	0.01554	0.73025	0.01298	0.01528	0.01418	0.10812	0.00479	0.00335	0.00108	0.00247	0.00399	0.00323	0.03741
5	0.00466	0.00349	0.00524	0.00524	0.00582	0.00408	0.00408	0.00582	0.00524	0.00757	0.00873	0.01281	0.00815	0.02446	0.87248	0.00524	0.00873	0.00349	0.00175	0.00291
6	0.00604	0.00327	0.00360	0.07372	0.00530	0.00338	0.00282	0.00755	0.00674	0.01164	0.01023	0.01221	0.00816	0.03562	0.00288	0.00087	0.00181	0.00309	0.79803	0.00305
7	0.01153	0.00846	0.00908	0.00706	0.00937	0.00933	0.00572	0.75855	0.01414	0.01895	0.00810	0.00935	0.00626	0.10316	0.00476	0.00122	0.00354	0.00314	0.00312	0.00514
8	0.17571	0.00600	0.00726	0.00568	0.00812	0.00571	0.00469	0.08768	0.00917	0.63980	0.01092	0.00977	0.00703	0.00384	0.00305	0.00101	0.00280	0.00298	0.00360	0.00519
9	0.01159	0.00839	0.00907	0.00701	0.00940	0.00915	0.00570	0.72584	0.01393	0.04318	0.00812	0.00908	0.00615	0.08187	0.00441	0.00116	0.00349	0.00307	0.00312	0.03628
10	0.00723	0.00607	0.00701	0.00505	0.00793	0.00483	0.00406	0.07870	0.00748	0.01145	0.00597	0.00685	0.00489	0.00254	0.00249	0.00052	0.00251	0.00202	0.00204	0.83037

[dist]
# distance from previous block
# <min> <max>
4	17

[block]
# block no. 10 follows, 87 sequences, length 55
# corresponding to MSA columns:
# 436-490
name=unknown_K
#
# <colnr> <probs for GDERKNQSTAVLIFYWHMCP>
#	G	D	E	R	K	N	Q	S	T	A	V	L	I	F	Y	W	H	M	C	P
0	0.00657	0.00622	0.01053	0.69232	0.20447	0.00735	0.00926	0.00869	0.00672	0.00883	0.00587	0.00856	0.00452	0.00318	0.00325	0.00106	0.00424	0.00290	0.00148	0.00396
1	0.00393	0.00338	0.00351	0.03078	0.00497	0.00289	0.00268	0.00479	0.00740	0.00879	0.03218	0.03067	0.83672	0.00810	0.00384	0.00110	0.00174	0.00676	0.00298	0.00278
2	0.00807	0.00772	0.01300	0.01948	0.83091	0.00776	0.00981	0.01030	0.04138	0.01077	0.00642	0.00823	0.00536	0.00297	0.00323	0.00097	0.00382	0.00294	0.00168	0.00517
