[name]
rps7

[dist]
# distance from previous block
# <min> <max>
1	4

[block]
# block no. 0 follows, 82 sequences, length 6
# corresponding to MSA columns:
# 4-9
name=unknown_A
#
# <colnr> <probs for GDERKNQSTAVLIFYWHMCP>
#	G	D	E	R	K	N	Q	S	T	A	V	L	I	F	Y	W	H	M	C	P
0	0.90395	0.00662	0.00503	0.00450	0.00662	0.00767	0.00370	0.01006	0.00582	0.01535	0.00476	0.00556	0.00370	0.00318	0.00212	0.00106	0.00265	0.00185	0.00212	0.00370
1	0.29578	0.19480	0.00924	0.00600	0.00827	0.00947	0.00504	0.07522	0.33800	0.01384	0.00860	0.00856	0.00664	0.00376	0.00276	0.00103	0.00297	0.00273	0.00261	0.00468
2	0.00741	0.00412	0.00527	0.00513	0.00609	0.00392	0.00369	0.00896	0.08100	0.21713	0.06660	0.43757	0.01747	0.11216	0.00560	0.00150	0.00241	0.00690	0.00336	0.00369
3	0.00815	0.48996	0.34774	0.00757	0.01115	0.01116	0.00861	0.01035	0.00695	0.00915	0.00528	0.00629	0.00437	0.00324	0.00316	0.00092	0.05770	0.00217	0.00146	0.00461
4	0.44896	0.01006	0.24788	0.05420	0.10356	0.00798	0.00745	0.06319	0.00714	0.01366	0.00562	0.00670	0.00425	0.00325	0.00273	0.00106	0.00365	0.00231	0.00193	0.00441
5	0.00727	0.01373	0.52980	0.10749	0.25327	0.00796	0.01169	0.01051	0.00734	0.01070	0.00622	0.00778	0.00466	0.00321	0.00331	0.00107	0.00472	0.00273	0.00152	0.00502

[dist]
# distance from previous block
# <min> <max>
0	8

[block]
# block no. 1 follows, 82 sequences, length 33
# corresponding to MSA columns:
# 18-50
name=unknown_B
#
# <colnr> <probs for GDERKNQSTAVLIFYWHMCP>
#	G	D	E	R	K	N	Q	S	T	A	V	L	I	F	Y	W	H	M	C	P
0	0.00758	0.00826	0.01713	0.27806	0.01963	0.00833	0.58872	0.01028	0.00769	0.01028	0.00666	0.00919	0.00500	0.00305	0.00385	0.00115	0.00540	0.00373	0.00167	0.00436
1	0.00979	0.01064	0.01260	0.01725	0.59766	0.27201	0.00930	0.01147	0.00837	0.01031	0.00608	0.00776	0.00511	0.00319	0.00329	0.00097	0.00471	0.00279	0.00171	0.00497
2	0.00703	0.00949	0.18586	0.27637	0.01801	0.00773	0.35548	0.00977	0.00740	0.01008	0.00742	0.07574	0.00617	0.00373	0.00371	0.00115	0.00496	0.00386	0.00172	0.00431
3	0.00421	0.00299	0.00396	0.00471	0.00490	0.00280	0.00312	0.00477	0.00647	0.00863	0.01847	0.83655	0.02214	0.05238	0.00499	0.00148	0.00205	0.00950	0.00312	0.00274
4	0.00429	0.00345	0.00383	0.00379	0.00479	0.00299	0.00282	0.00538	0.00832	0.01059	0.28672	0.07114	0.56337	0.00825	0.00406	0.00114	0.00171	0.00702	0.00336	0.00299
5	0.00997	0.01097	0.01243	0.01675	0.56325	0.30682	0.00914	0.01160	0.00845	0.01020	0.00604	0.00767	0.00507	0.00321	0.00328	0.00097	0.00480	0.00275	0.00172	0.00491
6	0.00756	0.00684	0.01131	0.01648	0.59658	0.00684	0.00896	0.00945	0.00782	0.01089	0.01003	0.01773	0.00981	0.00502	0.00380	0.00119	0.00378	0.25907	0.00214	0.00472
7	0.00420	0.00300	0.00400	0.00474	0.00497	0.00280	0.00318	0.00485	0.00671	0.00898	0.06085	0.83485	0.02311	0.01053	0.00435	0.00137	0.00197	0.00955	0.00320	0.00280
8	0.00484	0.00350	0.00457	0.00430	0.00511	0.00323	0.00323	0.00646	0.00968	0.01372	0.85664	0.02555	0.03228	0.00699	0.00403	0.00108	0.00161	0.00619	0.00377	0.00323
9	0.01278	0.01630	0.00969	0.00881	0.01058	0.86605	0.00661	0.01366	0.00969	0.00837	0.00529	0.00617	0.00441	0.00353	0.00308	0.00088	0.00617	0.00220	0.00176	0.00397
10	0.00543	0.00417	0.00574	0.27066	0.00983	0.00463	0.00436	0.00613	0.00555	0.00728	0.00933	0.01831	0.01001	0.61023	0.01311	0.00265	0.00370	0.00438	0.00190	0.00260
11	0.00578	0.00532	0.00808	0.54053	0.01658	0.00625	0.00715	0.00752	0.00704	0.00892	0.01485	0.01640	0.26683	0.00519	0.00406	0.00116	0.05497	0.00432	0.01554	0.00351
12	0.00511	0.00367	0.00503	0.00579	0.00644	0.00360	0.00479	0.00640	0.00753	0.00981	0.01897	0.25435	0.05442	0.00974	0.00460	0.00151	0.00279	0.58923	0.00316	0.00304
13	0.00782	0.00750	0.01265	0.01822	0.70202	0.00740	0.04327	0.00972	0.00780	0.01089	0.01050	0.01200	0.12742	0.00385	0.00351	0.00104	0.00380	0.00369	0.00191	0.00502
14	0.00754	0.18181	0.45578	0.00867	0.01192	0.00957	0.00976	0.01006	0.00673	0.02044	0.01839	0.00729	0.00486	0.00396	0.00511	0.00112	0.22830	0.00258	0.00153	0.00457
15	0.90395	0.00662	0.00503	0.00450	0.00662	0.00767	0.00370	0.01006	0.00582	0.01535	0.00476	0.00556	0.00370	0.00318	0.00212	0.00106	0.00265	0.00185	0.00212	0.00370
16	0.00847	0.00813	0.01388	0.02100	0.85844	0.00813	0.01050	0.01050	0.00779	0.01118	0.00643	0.00847	0.00542	0.00305	0.00339	0.00102	0.00406	0.00305	0.00169	0.00542
17	0.00739	0.00703	0.01194	0.47631	0.41152	0.00785	0.00996	0.00956	0.00728	0.00987	0.00624	0.00882	0.00496	0.00325	0.00340	0.00108	0.00433	0.00304	0.00160	0.00455
18	0.00989	0.00804	0.00851	0.00724	0.00942	0.00915	0.00575	0.27312	0.59507	0.01654	0.01217	0.01136	0.00902	0.00448	0.00346	0.00112	0.00303	0.00363	0.00346	0.00554
19	0.00598	0.00536	0.00874	0.50814	0.11286	0.00618	0.00767	0.00772	0.00686	0.00901	0.01005	0.27616	0.01021	0.00562	0.00371	0.00120	0.00371	0.00510	0.00205	0.00367
20	0.00803	0.00421	0.00554	0.00480	0.00620	0.00376	0.00374	0.00951	0.00961	0.27401	0.54942	0.02170	0.07300	0.00624	0.00385	0.00108	0.00202	0.00540	0.00388	0.00401
21	0.00598	0.00534	0.00880	0.60518	0.01819	0.00658	0.00789	0.00793	0.00643	0.00849	0.00703	0.01045	0.00579	0.01026	0.26880	0.00248	0.00598	0.00323	0.00162	0.00357
22	0.01299	0.00689	0.01170	0.00866	0.01155	0.00620	0.26371	0.01494	0.02359	0.58501	0.01148	0.01092	0.00749	0.00383	0.00362	0.00109	0.00379	0.00363	0.00345	0.00544
23	0.00441	0.00370	0.00375	0.00368	0.00487	0.00320	0.00277	0.03908	0.00810	0.00973	0.03319	0.05261	0.80208	0.00853	0.00403	0.00116	0.00182	0.00711	0.00319	0.00300
24	0.00458	0.00337	0.00416	0.00418	0.00485	0.00309	0.00298	0.00568	0.00822	0.01116	0.45100	0.19496	0.18010	0.09963	0.00551	0.00139	0.00189	0.00695	0.00336	0.00296
25	0.00489	0.00367	0.00550	0.00550	0.00611	0.00428	0.00428	0.00611	0.00550	0.00794	0.00916	0.01344	0.00855	0.02566	0.86623	0.00550	0.00916	0.00367	0.00183	0.00305
26	0.00764	0.00809	0.01615	0.27908	0.15063	0.00825	0.45850	0.01020	0.00765	0.01031	0.00659	0.00908	0.00503	0.00307	0.00375	0.00113	0.00513	0.00358	0.00166	0.00449
27	0.01061	0.00688	0.00780	0.00669	0.00884	0.00744	0.00530	0.01771	0.59314	0.27468	0.01379	0.01242	0.00983	0.00452	0.00347	0.00113	0.00277	0.00374	0.00371	0.00554
28	0.00495	0.00339	0.00410	0.00428	0.00449	0.00334	0.00281	0.00541	0.00603	0.00808	0.09485	0.11900	0.01655	0.57182	0.01282	0.00263	0.00298	0.12754	0.00252	0.00242
29	0.00781	0.00773	0.01135	0.01255	0.27016	0.02408	0.00826	0.00894	0.00609	0.00910	0.00526	0.00813	0.00497	0.02644	0.00883	0.00138	0.57007	0.00305	0.00158	0.00422
30	0.00709	0.00673	0.01138	0.59575	0.28011	0.00781	0.00977	0.00927	0.00711	0.00948	0.00616	0.00889	0.00482	0.00335	0.00354	0.00111	0.01870	0.00304	0.00157	0.00430
31	0.00543	0.00454	0.00519	0.00445	0.00625	0.00361	0.00337	0.00654	0.00723	0.00999	0.01864	0.19382	0.30528	0.00634	0.00343	0.00091	0.00214	0.00541	0.00266	0.40478
32	0.03023	0.00688	0.01165	0.00862	0.01150	0.00619	0.26367	0.01479	0.00919	0.58313	0.01130	0.01078	0.00737	0.00380	0.00360	0.00109	0.00378	0.00359	0.00342	0.00541

[dist]
# distance from previous block
# <min> <max>
0	1

[block]
# block no. 2 follows, 82 sequences, length 27
# corresponding to MSA columns:
# 52-78
name=unknown_C
#
# <colnr> <probs for GDERKNQSTAVLIFYWHMCP>
#	G	D	E	R	K	N	Q	S	T	A	V	L	I	F	Y	W	H	M	C	P
0	0.00729	0.00711	0.01261	0.49780	0.28808	0.00789	0.11090	0.00957	0.00729	0.00978	0.00629	0.00893	0.00491	0.00324	0.00348	0.00110	0.00455	0.00316	0.00160	0.00441
1	0.00851	0.00735	0.00773	0.00696	0.00890	0.00851	0.00541	0.01818	0.85226	0.01431	0.01392	0.01276	0.01044	0.00464	0.00348	0.00116	0.00271	0.00387	0.00348	0.00541
2	0.00706	0.09243	0.78906	0.00941	0.01428	0.00843	0.01205	0.01078	0.00720	0.01059	0.00602	0.00707	0.00434	0.00322	0.00316	0.00105	0.00493	0.00247	0.00145	0.00500
3	0.07488	0.00667	0.00953	0.48005	0.07892	0.00804	0.00801	0.01124	0.21341	0.01075	0.00783	0.00959	0.00599	0.00383	0.00381	0.00115	0.05680	0.00315	0.00206	0.00430
4	0.01030	0.60690	0.01531	0.00679	0.00935	0.28434	0.00609	0.01133	0.00782	0.00815	0.00492	0.00570	0.00440	0.00312	0.00248	0.00078	0.00446	0.00195	0.00156	0.00426
5	0.02486	0.00438	0.00529	0.00448	0.00605	0.00372	0.00345	0.00708	0.00861	0.01255	0.49701	0.01989	0.09435	0.00564	0.00352	0.00090	0.00194	0.00486	0.00313	0.28830
6	0.00417	0.00334	0.00375	0.00405	0.00488	0.00292	0.00296	0.00500	0.00741	0.00914	0.02863	0.30157	0.54104	0.00936	0.00419	0.00126	0.00190	0.05840	0.00317	0.00287
7	0.00924	0.00815	0.01255	0.01631	0.55158	0.00836	0.04589	0.21408	0.00973	0.01352	0.00781	0.07259	0.00678	0.00386	0.00350	0.00105	0.00391	0.00359	0.00223	0.00529
8	0.00440	0.00315	0.00416	0.00459	0.00498	0.00293	0.00317	0.00531	0.00751	0.01026	0.28479	0.58619	0.02544	0.03059	0.00458	0.00134	0.00190	0.00849	0.00334	0.00290
9	0.00496	0.00358	0.00486	0.00560	0.00621	0.00348	0.00454	0.00616	0.00742	0.00966	0.01937	0.32507	0.07164	0.00983	0.00456	0.00149	0.00267	0.50274	0.00316	0.00301
10	0.02326	0.00438	0.00635	0.27977	0.01098	0.00469	0.00521	0.00720	0.00864	0.01201	0.54072	0.02019	0.05173	0.00584	0.00380	0.00110	0.00257	0.00514	0.00300	0.00341
11	0.00885	0.52820	0.05814	0.00888	0.01203	0.04685	0.27309	0.01064	0.00743	0.00912	0.00553	0.00679	0.00464	0.00295	0.00287	0.00089	0.00450	0.00258	0.00156	0.00447
12	0.01535	0.00582	0.00794	0.00609	0.00873	0.00503	0.00503	0.01667	0.00979	0.86081	0.01350	0.01164	0.00847	0.00423	0.00344	0.00106	0.00291	0.00344	0.00423	0.00582
13	0.00443	0.00344	0.00403	0.00396	0.00488	0.00304	0.00294	0.00562	0.00858	0.01130	0.41876	0.09768	0.40297	0.00805	0.00407	0.00114	0.00170	0.00694	0.00345	0.00304
14	0.00732	0.18569	0.40984	0.28268	0.01629	0.00890	0.01017	0.01014	0.00709	0.02328	0.00596	0.00755	0.00448	0.00326	0.00310	0.00103	0.00459	0.00257	0.00152	0.00454
15	0.22955	0.01306	0.00866	0.07163	0.02367	0.58012	0.00617	0.01237	0.00851	0.01014	0.00524	0.00627	0.00426	0.00342	0.00288	0.00095	0.00516	0.00219	0.00183	0.00391
16	0.00430	0.00348	0.00382	0.00373	0.00478	0.00300	0.00280	0.00540	0.00840	0.01066	0.29576	0.03058	0.59506	0.00813	0.00404	0.00113	0.00169	0.00689	0.00336	0.00300
17	0.00848	0.00788	0.01193	0.01654	0.58858	0.00825	0.00888	0.01294	0.27604	0.01217	0.00881	0.00983	0.00701	0.00355	0.00342	0.00106	0.00363	0.00331	0.00226	0.00542
18	0.00709	0.00608	0.00709	0.00507	0.00811	0.00456	0.00405	0.00861	0.00709	0.01115	0.00608	0.00709	0.00507	0.00253	0.00253	0.00051	0.00253	0.00203	0.00203	0.90069
19	0.00607	0.21872	0.00758	0.00455	0.00621	0.06937	0.00377	0.00726	0.03361	0.00904	0.02456	0.02364	0.56025	0.00676	0.00350	0.00103	0.00256	0.00543	0.00266	0.00341
20	0.00564	0.00328	0.00328	0.00328	0.00419	0.00309	0.00246	0.00700	0.00737	0.01164	0.01862	0.01916	0.27823	0.00547	0.00292	0.00091	0.00164	0.00447	0.61428	0.00309
21	0.07524	0.01341	0.53954	0.00914	0.06343	0.00722	0.00999	0.01218	0.00778	0.21845	0.00785	0.00825	0.00536	0.00347	0.00322	0.00107	0.00430	0.00273	0.00219	0.00516
22	0.00484	0.00350	0.00457	0.00430	0.00511	0.00323	0.00323	0.00646	0.00968	0.01372	0.85664	0.02555	0.03228	0.00699	0.00403	0.00108	0.00161	0.00619	0.00377	0.00323
23	0.00786	0.01115	0.35068	0.06534	0.31501	0.00727	0.01010	0.01058	0.00786	0.07740	0.09626	0.01005	0.00800	0.00366	0.00341	0.00106	0.00414	0.00320	0.00200	0.00498
24	0.01011	0.00747	0.01192	0.03056	0.57456	0.00739	0.00877	0.01254	0.07059	0.21855	0.00870	0.00957	0.00652	0.00346	0.00341	0.00104	0.00369	0.00320	0.00244	0.00549
25	0.00536	0.00432	0.00638	0.27980	0.01097	0.00462	0.00522	0.00718	0.00878	0.01214	0.58645	0.02033	0.02347	0.00586	0.00384	0.00110	0.00255	0.00519	0.00305	0.00341
26	0.38267	0.00630	0.00807	0.50810	0.01646	0.00763	0.00707	0.00929	0.00641	0.01151	0.00553	0.00763	0.00420	0.00332	0.00287	0.00111	0.00376	0.00254	0.00177	0.00376

[dist]
# distance from previous block
# <min> <max>
0	1

[block]
# block no. 3 follows, 82 sequences, length 29
# corresponding to MSA columns:
# 80-108
name=unknown_D
#
# <colnr> <probs for GDERKNQSTAVLIFYWHMCP>
#	G	D	E	R	K	N	Q	S	T	A	V	L	I	F	Y	W	H	M	C	P
0	0.00522	0.00416	0.00582	0.09903	0.07798	0.00406	0.00443	0.00684	0.00898	0.01241	0.59176	0.02328	0.12997	0.00649	0.00392	0.00109	0.00215	0.00572	0.00328	0.00343
1	0.24302	0.00622	0.00769	0.00692	0.07883	0.00597	0.00514	0.01446	0.00860	0.57301	0.01067	0.00982	0.00699	0.00386	0.00310	0.00105	0.00294	0.00300	0.00348	0.00524
2	0.82965	0.00656	0.00540	0.05354	0.00763	0.00760	0.00407	0.01016	0.00598	0.03740	0.00507	0.00592	0.00388	0.00322	0.00223	0.00106	0.00276	0.00196	0.00214	0.00377
3	0.01004	0.00811	0.00860	0.00727	0.00948	0.00922	0.00578	0.29999	0.56796	0.01677	0.01198	0.01122	0.00887	0.00446	0.00346	0.00111	0.00307	0.00360	0.00346	0.00555
4	0.00562	0.00480	0.00497	0.00473	0.00609	0.00485	0.00358	0.00952	0.30140	0.01092	0.02635	0.05027	0.51585	0.03044	0.00421	0.00122	0.00212	0.00607	0.00325	0.00374
5	0.00568	0.00484	0.00715	0.07836	0.00827	0.00612	0.00551	0.00688	0.00566	0.00824	0.03084	0.01188	0.00782	0.01825	0.55135	0.00399	0.23060	0.00351	0.00177	0.00330
6	0.00881	0.58506	0.01817	0.00931	0.08175	0.01183	0.22205	0.01045	0.00731	0.00906	0.00545	0.00670	0.00468	0.00293	0.00277	0.00086	0.00423	0.00250	0.00155	0.00453
7	0.00484	0.00350	0.00457	0.00430	0.00511	0.00323	0.00323	0.00646	0.00968	0.01372	0.85664	0.02555	0.03228	0.00699	0.00403	0.00108	0.00161	0.00619	0.00377	0.00323
8	0.00709	0.00608	0.00709	0.00507	0.00811	0.00456	0.00405	0.00861	0.00709	0.01115	0.00608	0.00709	0.00507	0.00253	0.00253	0.00051	0.00253	0.00203	0.00203	0.90069
9	0.59798	0.00554	0.00450	0.00415	0.00594	0.00605	0.00333	0.00831	0.00649	0.01327	0.01493	0.01486	0.29384	0.00504	0.00277	0.00109	0.00234	0.00368	0.00248	0.00343
10	0.00500	0.00830	0.29538	0.00560	0.00808	0.00461	0.00601	0.00692	0.00760	0.00978	0.02496	0.02418	0.56713	0.00682	0.00377	0.00113	0.00286	0.00562	0.00259	0.00362
11	0.00455	0.00347	0.00418	0.00403	0.00494	0.00310	0.00301	0.00587	0.00894	0.01203	0.54874	0.05696	0.31237	0.00769	0.00405	0.00111	0.00167	0.00666	0.00355	0.00310
12	0.36752	0.03005	0.00706	0.00545	0.00789	0.00631	0.00453	0.01387	0.00814	0.50230	0.00979	0.00906	0.00647	0.00378	0.00288	0.00105	0.00283	0.00277	0.00332	0.00494
13	0.00895	0.00754	0.01073	0.46738	0.12764	0.00869	0.00861	0.29399	0.01011	0.01341	0.00685	0.00873	0.00510	0.00360	0.00342	0.00109	0.00422	0.00305	0.00219	0.00470
14	0.00976	0.52580	0.01443	0.00752	0.07955	0.06926	0.00614	0.01240	0.15195	0.08267	0.00725	0.00755	0.00586	0.00338	0.00268	0.00087	0.00364	0.00244	0.00209	0.00474
15	0.00701	0.00715	0.01363	0.58013	0.02163	0.00796	0.29391	0.00949	0.00726	0.00949	0.00637	0.00916	0.00477	0.00324	0.00363	0.00114	0.00497	0.00338	0.00159	0.00408
16	0.31267	0.00834	0.01503	0.01105	0.01405	0.00832	0.55964	0.01065	0.00731	0.01245	0.00619	0.00798	0.00469	0.00298	0.00338	0.00112	0.00471	0.00329	0.00186	0.00430
17	0.00804	0.00868	0.01774	0.08737	0.23426	0.00843	0.56186	0.01066	0.00790	0.01083	0.00673	0.00902	0.00520	0.00297	0.00382	0.00112	0.00523	0.00370	0.00170	0.00475
18	0.01083	0.00683	0.00780	0.00666	0.00884	0.00732	0.00528	0.01766	0.56583	0.30212	0.01378	0.01238	0.00977	0.00450	0.00347	0.00113	0.00278	0.00372	0.00374	0.00555
19	0.00417	0.00298	0.00397	0.00476	0.00496	0.00278	0.00318	0.00476	0.00655	0.00873	0.01885	0.87755	0.02262	0.01072	0.00437	0.00139	0.00198	0.00972	0.00318	0.00278
20	0.01535	0.00582	0.00794	0.00609	0.00873	0.00503	0.00503	0.01667	0.00979	0.86081	0.01350	0.01164	0.00847	0.00423	0.00344	0.00106	0.00291	0.00344	0.00423	0.00582
21	0.00411	0.00347	0.00356	0.00354	0.00466	0.00292	0.00265	0.00504	0.00796	0.00963	0.10528	0.03229	0.78619	0.00852	0.00404	0.00115	0.00172	0.00713	0.00323	0.00292
22	0.00646	0.00608	0.01026	0.87156	0.02356	0.00760	0.00950	0.00874	0.00684	0.00874	0.00608	0.00912	0.00456	0.00342	0.00342	0.00114	0.00456	0.00304	0.00152	0.00380
23	0.00594	0.00297	0.00446	0.00446	0.00446	0.00297	0.00297	0.00446	0.00446	0.00594	0.00594	0.01040	0.00594	0.01188	0.01337	0.90048	0.00297	0.00297	0.00149	0.00149
24	0.00417	0.00338	0.00372	0.00398	0.00482	0.00296	0.00285	0.00512	0.02393	0.00917	0.02887	0.31970	0.55675	0.00928	0.00414	0.00123	0.00184	0.00801	0.00318	0.00290
25	0.00419	0.00299	0.00396	0.00473	0.00492	0.00279	0.00314	0.00477	0.00650	0.00867	0.01861	0.85124	0.02231	0.03746	0.00477	0.00145	0.00203	0.00958	0.00314	0.00276
26	0.27661	0.01310	0.51344	0.00778	0.01170	0.00755	0.00914	0.01123	0.00708	0.10352	0.00652	0.00720	0.00459	0.00333	0.00293	0.00107	0.00410	0.00242	0.00195	0.00473
27	0.07681	0.00588	0.00774	0.00598	0.00859	0.00521	0.00494	0.01621	0.00952	0.80234	0.01289	0.01122	0.00814	0.00416	0.00335	0.00106	0.00289	0.00333	0.00409	0.00568
28	0.01448	0.00701	0.00865	0.00666	0.00932	0.00682	0.00549	0.27328	0.02890	0.58423	0.01187	0.01061	0.00769	0.00420	0.00344	0.00105	0.00317	0.00334	0.00397	0.00581

[dist]
# distance from previous block
# <min> <max>
2	5

[block]
# block no. 4 follows, 82 sequences, length 6
# corresponding to MSA columns:
# 117-122
name=unknown_E
#
# <colnr> <probs for GDERKNQSTAVLIFYWHMCP>
#	G	D	E	R	K	N	Q	S	T	A	V	L	I	F	Y	W	H	M	C	P
0	0.00646	0.00608	0.01026	0.87156	0.02356	0.00760	0.00950	0.00874	0.00684	0.00874	0.00608	0.00912	0.00456	0.00342	0.00342	0.00114	0.00456	0.00304	0.00152	0.00380
1	0.00884	0.00994	0.01005	0.54598	0.01866	0.33155	0.00841	0.01060	0.00792	0.00860	0.00578	0.00801	0.00450	0.00346	0.00329	0.00104	0.00517	0.00272	0.00161	0.00386
2	0.00460	0.00364	0.00424	0.00453	0.00555	0.00328	0.00370	0.00573	0.00783	0.00962	0.02841	0.03506	0.54106	0.00896	0.00430	0.00131	0.00227	0.31976	0.00317	0.00299
3	0.01387	0.00862	0.00935	0.00726	0.00990	0.06659	0.00595	0.47710	0.01327	0.33737	0.01001	0.00937	0.00672	0.00411	0.00341	0.00103	0.00361	0.00316	0.00362	0.00569
4	0.00508	0.00377	0.00514	0.00505	0.00539	0.00430	0.00364	0.00581	0.00528	0.00747	0.00948	0.01645	0.00977	0.34676	0.49312	0.00443	0.06032	0.00412	0.00190	0.00273
5	0.00722	0.00685	0.01163	0.55058	0.33862	0.00780	0.00988	0.00940	0.00720	0.00966	0.00621	0.00887	0.00488	0.00328	0.00341	0.00109	0.00437	0.00304	0.00159	0.00441

[dist]
# distance from previous block
# <min> <max>
2	9

[block]
# block no. 5 follows, 82 sequences, length 34
# corresponding to MSA columns:
# 132-165
name=unknown_F
#
# <colnr> <probs for GDERKNQSTAVLIFYWHMCP>
#	G	D	E	R	K	N	Q	S	T	A	V	L	I	F	Y	W	H	M	C	P
0	0.01296	0.22200	0.03994	0.00659	0.00941	0.00858	0.00585	0.21888	0.01055	0.41666	0.00980	0.00914	0.00668	0.00385	0.00312	0.00097	0.00338	0.00293	0.00326	0.00544
1	0.00686	0.01769	0.86206	0.00975	0.01481	0.00794	0.01264	0.01083	0.00722	0.01083	0.00614	0.00722	0.00433	0.00325	0.00325	0.00108	0.00506	0.00253	0.00144	0.00506
2	0.00407	0.00335	0.00359	0.00378	0.00470	0.00286	0.00274	0.00487	0.00749	0.00912	0.03077	0.24041	0.65207	0.00917	0.00412	0.00121	0.00179	0.00783	0.00318	0.00286
3	0.00439	0.00315	0.00417	0.00461	0.00501	0.00293	0.00319	0.00532	0.00758	0.01038	0.29527	0.59644	0.02581	0.00949	0.00426	0.00129	0.00186	0.00856	0.00337	0.00293
4	0.00915	0.88184	0.01793	0.00585	0.00878	0.01354	0.00585	0.01024	0.00695	0.00805	0.00476	0.00549	0.00439	0.00293	0.00219	0.00073	0.00366	0.00183	0.00146	0.00439
5	0.01535	0.00582	0.00794	0.00609	0.00873	0.00503	0.00503	0.01667	0.00979	0.86081	0.01350	0.01164	0.00847	0.00423	0.00344	0.00106	0.00291	0.00344	0.00423	0.00582
6	0.00746	0.00419	0.00610	0.00564	0.00675	0.00446	0.00446	0.00870	0.00655	0.21746	0.01023	0.01300	0.00853	0.02039	0.65428	0.00441	0.00763	0.00361	0.00242	0.00373
7	0.00719	0.00702	0.01247	0.53929	0.24290	0.00787	0.11524	0.00948	0.00725	0.00966	0.00628	0.00896	0.00487	0.00325	0.00349	0.00111	0.00458	0.00317	0.00159	0.00433
8	0.22845	0.00776	0.01171	0.01694	0.64919	0.00802	0.00883	0.01039	0.00731	0.01220	0.00602	0.00775	0.00500	0.00308	0.00307	0.00103	0.00372	0.00275	0.00180	0.00500
9	0.00805	0.00690	0.01018	0.64388	0.02008	0.00827	0.00869	0.21465	0.00913	0.01192	0.00682	0.00943	0.00514	0.00370	0.00344	0.00112	0.00434	0.01797	0.00202	0.00428
10	0.90395	0.00662	0.00503	0.00450	0.00662	0.00767	0.00370	0.01006	0.00582	0.01535	0.00476	0.00556	0.00370	0.00318	0.00212	0.00106	0.00265	0.00185	0.00212	0.00370
11	0.04947	0.17743	0.00703	0.00440	0.00607	0.00594	0.00364	0.08382	0.00823	0.01038	0.02433	0.02367	0.54987	0.02669	0.00383	0.00110	0.00238	0.00546	0.00278	0.00347
12	0.01491	0.00652	0.00837	0.00642	0.00908	0.00606	0.00530	0.17077	0.01096	0.70507	0.01251	0.01101	0.00798	0.00421	0.00344	0.00105	0.00307	0.00337	0.00408	0.00582
13	0.00587	0.00544	0.00859	0.65831	0.01891	0.00644	0.00780	0.00780	0.00708	0.00886	0.01310	0.01497	0.21398	0.00471	0.00357	0.00114	0.00387	0.00407	0.00193	0.00358
14	0.00775	0.00748	0.01298	0.31417	0.52447	0.00797	0.05573	0.00992	0.00748	0.01032	0.00634	0.00873	0.00511	0.00317	0.00343	0.00107	0.00433	0.00310	0.00164	0.00482
15	0.00819	0.00785	0.01339	0.13715	0.74443	0.00806	0.01036	0.01026	0.00766	0.01084	0.00639	0.00856	0.00530	0.00310	0.00339	0.00103	0.00413	0.00305	0.00167	0.00520
16	0.00695	0.00658	0.01115	0.66261	0.22866	0.00773	0.00975	0.00917	0.00707	0.00934	0.00617	0.00896	0.00477	0.00333	0.00341	0.00111	0.00444	0.00304	0.00156	0.00420
17	0.06004	0.08418	0.74584	0.00914	0.01385	0.00836	0.01158	0.01074	0.00712	0.01088	0.00595	0.00699	0.00430	0.00322	0.00310	0.00105	0.00480	0.00243	0.00149	0.00492
18	0.01175	0.01550	0.17778	0.00879	0.01132	0.58301	0.00771	0.08348	0.00975	0.05124	0.00610	0.00681	0.00471	0.00355	0.00316	0.00094	0.00559	0.00240	0.00196	0.00443
19	0.00525	0.00406	0.00489	0.00528	0.00590	0.00420	0.00370	0.00806	0.21427	0.01005	0.01746	0.64563	0.01940	0.02902	0.00445	0.00138	0.00219	0.00818	0.00323	0.00341
20	0.00753	0.00763	0.01130	0.00944	0.00973	0.01032	0.07816	0.00846	0.00548	0.00846	0.00470	0.00763	0.00455	0.00573	0.01062	0.00147	0.80039	0.00308	0.00152	0.00382
21	0.54422	0.00756	0.07923	0.20502	0.08588	0.00772	0.00638	0.00986	0.00635	0.01309	0.00533	0.00677	0.00410	0.00323	0.00262	0.00108	0.00341	0.00229	0.00189	0.00399
22	0.00450	0.00321	0.00435	0.00514	0.00548	0.00306	0.00375	0.00533	0.00687	0.00910	0.01867	0.67145	0.02190	0.01041	0.00445	0.00143	0.00227	0.21256	0.00317	0.00287
23	0.01487	0.00627	0.00818	0.00630	0.00894	0.00573	0.00520	0.10437	0.03904	0.74351	0.01295	0.01132	0.00825	0.00423	0.00344	0.00106	0.00299	0.00342	0.00412	0.00581
24	0.01149	0.01157	0.21952	0.00833	0.01164	0.00995	0.00801	0.64162	0.01391	0.01892	0.00770	0.00797	0.00545	0.00390	0.00338	0.00104	0.00408	0.00294	0.00294	0.00563
25	0.01076	0.04881	0.00839	0.00677	0.00894	0.05932	0.00540	0.01710	0.51997	0.25645	0.01285	0.01170	0.00923	0.00438	0.00338	0.00109	0.00302	0.00355	0.00350	0.00540
26	0.01241	0.01561	0.01005	0.00984	0.08203	0.79374	0.00694	0.01339	0.00953	0.00861	0.00538	0.00636	0.00449	0.00348	0.00311	0.00089	0.00599	0.00227	0.00176	0.00409
27	0.00640	0.00600	0.01010	0.84959	0.02309	0.00748	0.00934	0.00864	0.00683	0.00874	0.00640	0.03113	0.00502	0.00360	0.00344	0.00115	0.00449	0.00321	0.00156	0.00377
28	0.05543	0.00836	0.00945	0.04610	0.01054	0.00896	0.00614	0.56577	0.01364	0.22686	0.00925	0.00897	0.00631	0.00406	0.00336	0.00104	0.00354	0.00311	0.00347	0.00563
29	0.00492	0.00330	0.00374	0.00378	0.00381	0.00328	0.00214	0.00496	0.00511	0.00678	0.01163	0.06399	0.02925	0.82087	0.01652	0.00318	0.00322	0.00525	0.00215	0.00212
30	0.01535	0.00582	0.00794	0.00609	0.00873	0.00503	0.00503	0.01667	0.00979	0.86081	0.01350	0.01164	0.00847	0.00423	0.00344	0.00106	0.00291	0.00344	0.00423	0.00582
31	0.00733	0.00727	0.01044	0.14214	0.01123	0.01003	0.00780	0.00831	0.00549	0.00831	0.00474	0.00774	0.00450	0.00559	0.01002	0.00144	0.73937	0.00300	0.00150	0.00375
32	0.00497	0.00332	0.00373	0.00373	0.00373	0.00332	0.00207	0.00497	0.00497	0.00663	0.01078	0.02239	0.01244	0.87978	0.01741	0.00332	0.00332	0.00497	0.00207	0.00207
33	0.00646	0.00608	0.01026	0.87156	0.02356	0.00760	0.00950	0.00874	0.00684	0.00874	0.00608	0.00912	0.00456	0.00342	0.00342	0.00114	0.00456	0.00304	0.00152	0.00380

[dist]
# distance from previous block
# <min> <max>
0	4

# created by:
# /share/home/app/bin/augustus-3.3.1/scripts/msa2prfl.pl /dev/shm/tmp/ogap_db/mt-Magnoliopsida/msas/rps7.aln --setname=rps7
