[name]
sdh3

[dist]
# distance from previous block
# <min> <max>
8	69

[block]
# block no. 0 follows, 43 sequences, length 71
# corresponding to MSA columns:
# 69-139
name=unknown_A
#
# <colnr> <probs for GDERKNQSTAVLIFYWHMCP>
#	G	D	E	R	K	N	Q	S	T	A	V	L	I	F	Y	W	H	M	C	P
0	0.01148	0.00984	0.01148	0.00820	0.01312	0.00738	0.00656	0.01395	0.01148	0.01805	0.00984	0.01148	0.00820	0.00410	0.00410	0.00082	0.00410	0.00328	0.00328	0.83922
1	0.01244	0.01266	0.01692	0.01453	0.01464	0.04626	0.01206	0.01366	0.00876	0.01334	0.00732	0.01204	0.00726	0.00954	0.01767	0.00239	0.76520	0.00480	0.00244	0.00607
2	0.00675	0.00482	0.00643	0.00771	0.00803	0.00450	0.00514	0.00771	0.01060	0.01414	0.03053	0.80175	0.03663	0.01735	0.00707	0.00225	0.00321	0.01574	0.00514	0.00450
3	0.01217	0.01034	0.01182	0.00880	0.01346	0.00864	0.00702	0.04432	0.11529	0.01940	0.01173	0.01282	0.00945	0.00467	0.00437	0.00100	0.00422	0.00376	0.00369	0.69306
4	0.00656	0.00555	0.00567	0.00577	0.00752	0.00466	0.00428	0.00793	0.01247	0.01490	0.05412	0.11129	0.71186	0.01428	0.00659	0.00190	0.00284	0.01200	0.00514	0.00466
5	0.00792	0.00589	0.00867	0.00867	0.00958	0.00680	0.00664	0.00974	0.00883	0.01269	0.01504	0.02291	0.01435	0.10239	0.72324	0.00862	0.01408	0.00610	0.00300	0.00482
6	0.01334	0.01263	0.02143	0.03215	0.71198	0.01263	0.01637	0.01657	0.01262	0.01798	0.01188	0.01749	0.01056	0.00574	0.00565	0.00171	0.00646	0.06139	0.00292	0.00849
7	0.01259	0.01027	0.01192	0.00860	0.01347	0.00816	0.00691	0.07151	0.01273	0.03999	0.01044	0.01183	0.00845	0.00437	0.00425	0.00091	0.00427	0.00348	0.00355	0.75229
8	0.01307	0.01494	0.03268	0.02334	0.02894	0.01401	0.75070	0.01774	0.01307	0.01774	0.01120	0.01494	0.00840	0.00467	0.00654	0.00187	0.00934	0.00654	0.00280	0.00747
9	0.00675	0.00482	0.00643	0.00771	0.00803	0.00450	0.00514	0.00771	0.01060	0.01414	0.03053	0.80175	0.03663	0.01735	0.00707	0.00225	0.00321	0.01574	0.00514	0.00450
10	0.01378	0.01190	0.01252	0.01127	0.01440	0.01378	0.00877	0.02943	0.76081	0.02317	0.02254	0.02066	0.01691	0.00751	0.00564	0.00188	0.00438	0.00626	0.00564	0.00877
11	0.02105	0.01551	0.01662	0.01274	0.01717	0.01717	0.01053	0.75235	0.02604	0.03490	0.01330	0.01330	0.00942	0.00665	0.00554	0.00166	0.00609	0.00499	0.00554	0.00942
12	0.01378	0.01190	0.01252	0.01127	0.01440	0.01378	0.00877	0.02943	0.76081	0.02317	0.02254	0.02066	0.01691	0.00751	0.00564	0.00188	0.00438	0.00626	0.00564	0.00877
13	0.00805	0.00539	0.00616	0.00616	0.00620	0.00543	0.00350	0.00813	0.00809	0.01083	0.01734	0.03565	0.01988	0.77415	0.05905	0.00551	0.00576	0.00797	0.00334	0.00342
14	0.01375	0.01118	0.01270	0.00928	0.01408	0.00970	0.00750	0.18855	0.01493	0.02203	0.01066	0.01191	0.00849	0.00470	0.00444	0.00102	0.00457	0.00368	0.00382	0.64300
15	0.00655	0.00561	0.00561	0.00561	0.00748	0.00468	0.00421	0.00795	0.01262	0.01496	0.05610	0.05330	0.76857	0.01403	0.00655	0.00187	0.00281	0.01169	0.00514	0.00468
16	0.01758	0.01290	0.01420	0.01135	0.01474	0.01425	0.00911	0.55490	0.02138	0.02878	0.01404	0.01741	0.01140	0.11418	0.11501	0.00313	0.00720	0.00551	0.00491	0.00803
17	0.01230	0.01242	0.01694	0.01453	0.01460	0.03335	0.01209	0.01352	0.00864	0.01333	0.00730	0.01207	0.00727	0.00961	0.01789	0.00240	0.77843	0.00482	0.00243	0.00607
18	0.01046	0.00984	0.01661	0.79205	0.03814	0.01230	0.01538	0.01415	0.01107	0.01415	0.00984	0.01477	0.00738	0.00554	0.00554	0.00185	0.00738	0.00492	0.00246	0.00615
19	0.00665	0.00563	0.00585	0.00585	0.00766	0.00484	0.00441	0.00809	0.01235	0.01481	0.05308	0.05099	0.71320	0.01604	0.06354	0.00239	0.00369	0.01127	0.00498	0.00470
20	0.02000	0.01473	0.01587	0.01237	0.01650	0.01624	0.01013	0.69772	0.02491	0.03338	0.01456	0.07114	0.01141	0.00743	0.00565	0.00171	0.00588	0.00578	0.00551	0.00906
21	0.78329	0.01065	0.00876	0.06486	0.01272	0.01242	0.00669	0.01612	0.00955	0.02406	0.00787	0.00942	0.00610	0.00517	0.00358	0.00172	0.00451	0.00314	0.00336	0.00601
22	0.08498	0.00952	0.01251	0.00967	0.01389	0.00845	0.00798	0.02620	0.01538	0.71964	0.02081	0.01813	0.01314	0.00673	0.00541	0.00171	0.00468	0.00538	0.00660	0.00917
23	0.00835	0.00560	0.00628	0.00619	0.00630	0.00564	0.00352	0.02508	0.00847	0.01129	0.01736	0.03572	0.01989	0.78709	0.02767	0.00528	0.00539	0.00798	0.00341	0.00349
24	0.00710	0.00519	0.00680	0.00775	0.00841	0.00471	0.00525	0.00817	0.01067	0.01442	0.02901	0.74377	0.03454	0.01638	0.00685	0.00214	0.00328	0.01483	0.00500	0.06574
25	0.02388	0.00972	0.01291	0.00995	0.01412	0.00869	0.00820	0.07954	0.01659	0.69006	0.05128	0.01935	0.01495	0.00702	0.00561	0.00171	0.00473	0.00571	0.00673	0.00926
26	0.01365	0.01191	0.01285	0.01151	0.01441	0.01401	0.00901	0.02825	0.70561	0.02245	0.02142	0.02004	0.01620	0.00767	0.00656	0.00192	0.06240	0.00616	0.00540	0.00857
27	0.00727	0.00607	0.00659	0.00687	0.00845	0.02031	0.00528	0.00883	0.01222	0.01492	0.04586	0.12728	0.52256	0.01639	0.06372	0.00251	0.00419	0.11098	0.00493	0.00477
28	0.00854	0.00618	0.00784	0.00757	0.00887	0.00592	0.00559	0.06421	0.01519	0.02115	0.53113	0.22637	0.04527	0.01246	0.00659	0.00186	0.00302	0.01106	0.00582	0.00535
29	0.00720	0.00501	0.00629	0.00714	0.00735	0.00480	0.00453	0.00783	0.00972	0.01297	0.02602	0.53791	0.03094	0.28894	0.01435	0.00332	0.00396	0.01309	0.00453	0.00410
30	0.00804	0.00539	0.00614	0.00611	0.00620	0.00536	0.00349	0.00823	0.00861	0.01158	0.07251	0.03662	0.02249	0.74711	0.02660	0.00510	0.00517	0.00820	0.00356	0.00349
31	0.01010	0.00697	0.00771	0.00710	0.00779	0.00723	0.00448	0.12520	0.01088	0.01454	0.01680	0.03263	0.01845	0.67966	0.02462	0.00479	0.00548	0.00757	0.00370	0.00431
32	0.00912	0.00702	0.00983	0.00926	0.01073	0.00791	0.00728	0.05509	0.01012	0.01460	0.01411	0.02014	0.01293	0.03549	0.65105	0.00763	0.03905	0.00564	0.00313	0.06989
33	0.00692	0.00491	0.00643	0.00752	0.00785	0.00461	0.00497	0.00786	0.01056	0.01413	0.05938	0.69554	0.03565	0.09445	0.00912	0.00253	0.00340	0.01476	0.00500	0.00442
34	0.00677	0.00485	0.00640	0.00762	0.00797	0.00452	0.00508	0.00773	0.01059	0.01407	0.03079	0.76637	0.05279	0.03626	0.00757	0.00232	0.00326	0.01547	0.00510	0.00447
35	0.01024	0.00519	0.00528	0.00528	0.00657	0.00522	0.00397	0.01281	0.01153	0.02039	0.01796	0.02068	0.01418	0.00760	0.02941	0.00154	0.00298	0.00519	0.80881	0.00515
36	0.00716	0.00524	0.00687	0.00780	0.00849	0.00476	0.00532	0.00827	0.01071	0.01449	0.02890	0.72661	0.03434	0.01629	0.00685	0.00214	0.00332	0.02828	0.00500	0.06919
37	0.01371	0.01316	0.02248	0.03399	0.77081	0.01316	0.01700	0.01700	0.01261	0.01809	0.01042	0.01371	0.00877	0.00493	0.00548	0.00164	0.00658	0.00493	0.00274	0.00877
38	0.00715	0.00580	0.00645	0.00675	0.00847	0.00510	0.00537	0.00885	0.01272	0.01550	0.06432	0.05528	0.57515	0.01428	0.00681	0.00203	0.00336	0.18666	0.00515	0.00479
39	0.81083	0.01091	0.00849	0.00751	0.01097	0.01262	0.00618	0.04636	0.01010	0.02526	0.00794	0.00917	0.00614	0.00520	0.00351	0.00171	0.00436	0.00308	0.00351	0.00614
40	0.00687	0.00485	0.00642	0.00761	0.00790	0.00455	0.00503	0.00772	0.01040	0.01386	0.02940	0.74374	0.03519	0.06219	0.00854	0.01786	0.00337	0.01511	0.00499	0.00439
41	0.00655	0.00561	0.00561	0.00561	0.00748	0.00468	0.00421	0.00795	0.01262	0.01496	0.05610	0.05330	0.76857	0.01403	0.00655	0.00187	0.00281	0.01169	0.00514	0.00468
42	0.01180	0.00659	0.00674	0.00621	0.00793	0.00682	0.00479	0.11479	0.01360	0.02261	0.01741	0.01963	0.01354	0.00648	0.00410	0.00134	0.00307	0.00514	0.72166	0.00575
43	0.00792	0.00531	0.00608	0.00621	0.00624	0.00528	0.00353	0.00802	0.00831	0.01108	0.01876	0.11287	0.02179	0.72648	0.02607	0.00506	0.00515	0.00882	0.00353	0.00347
44	0.01378	0.01190	0.01252	0.01127	0.01440	0.01378	0.00877	0.02943	0.76081	0.02317	0.02254	0.02066	0.01691	0.00751	0.00564	0.00188	0.00438	0.00626	0.00564	0.00877
45	0.00804	0.00613	0.00915	0.00908	0.01004	0.00724	0.00709	0.01000	0.00889	0.01287	0.01460	0.02146	0.01364	0.04054	0.75944	0.00870	0.03929	0.00590	0.00295	0.00498
46	0.01198	0.02583	0.64594	0.01502	0.02240	0.01300	0.01850	0.03925	0.10544	0.03344	0.01183	0.01299	0.00844	0.00561	0.00532	0.00177	0.00759	0.00442	0.00292	0.00832
47	0.02070	0.02605	0.01572	0.01422	0.01712	0.75913	0.01070	0.04500	0.01602	0.01422	0.00871	0.01009	0.00721	0.00574	0.00501	0.00143	0.00987	0.00361	0.00294	0.00651
48	0.00801	0.00542	0.00629	0.00621	0.00645	0.00534	0.00370	0.00850	0.00946	0.01286	0.15620	0.03719	0.02607	0.65855	0.02418	0.00470	0.00486	0.00842	0.00386	0.00370
49	0.00798	0.00591	0.00879	0.00879	0.00979	0.00687	0.00684	0.00998	0.00898	0.01308	0.01493	0.02173	0.01386	0.04054	0.76125	0.00868	0.01449	0.00591	0.02666	0.00495
50	0.03481	0.01463	0.08787	0.04465	0.02602	0.01276	0.56644	0.01646	0.01253	0.01741	0.01311	0.10181	0.01133	0.00616	0.00638	0.00190	0.00837	0.00722	0.00303	0.00712
51	0.00981	0.00675	0.00751	0.00701	0.00763	0.00697	0.00439	0.11060	0.01060	0.01417	0.01725	0.05485	0.01913	0.67290	0.02447	0.00477	0.00541	0.00785	0.00371	0.00422
52	0.00976	0.00674	0.00750	0.00704	0.00774	0.00692	0.00448	0.11066	0.01087	0.01455	0.01878	0.07958	0.04085	0.61249	0.02279	0.00451	0.00522	0.00815	0.01705	0.00433
53	0.00824	0.00568	0.00649	0.00631	0.00671	0.00547	0.00371	0.00849	0.00847	0.01151	0.01765	0.08049	0.02021	0.69576	0.02505	0.00483	0.00514	0.00815	0.00346	0.06819
54	0.01077	0.00877	0.01003	0.00937	0.01082	0.06824	0.00712	0.11446	0.01168	0.01564	0.01457	0.02210	0.01376	0.16247	0.48707	0.00671	0.01164	0.00597	0.00338	0.00542
55	0.01914	0.01410	0.01539	0.01213	0.01604	0.01559	0.00991	0.64829	0.02374	0.03190	0.01446	0.06152	0.01141	0.01007	0.06761	0.00227	0.00662	0.00571	0.00531	0.00877
56	0.01978	0.01626	0.07675	0.01266	0.01739	0.03089	0.01102	0.61528	0.02354	0.05227	0.01296	0.01315	0.00923	0.00637	0.00542	0.00162	0.00618	0.00480	0.00513	0.05931
57	0.01333	0.01262	0.02140	0.03210	0.71032	0.01262	0.01635	0.01656	0.01262	0.01797	0.01192	0.01759	0.01061	0.00576	0.00566	0.00172	0.00646	0.06298	0.00293	0.00848
58	0.00695	0.00490	0.00637	0.00745	0.00772	0.00463	0.00486	0.00776	0.01021	0.01361	0.02850	0.68299	0.03407	0.13960	0.01035	0.00273	0.00355	0.01455	0.00486	0.00432
59	0.00668	0.00554	0.00597	0.00613	0.00774	0.00483	0.00454	0.00807	0.01208	0.01469	0.04963	0.14397	0.61731	0.01663	0.06851	0.00248	0.00381	0.01174	0.00497	0.00467
60	0.00758	0.00575	0.00767	0.00884	0.03980	0.00519	0.00579	0.00882	0.01079	0.01476	0.02729	0.67739	0.03218	0.01530	0.00666	0.00206	0.00345	0.01385	0.00483	0.10200
61	0.00856	0.00691	0.00719	0.00676	0.00886	0.00638	0.00515	0.11050	0.01431	0.01764	0.04817	0.10742	0.60565	0.01327	0.00645	0.00187	0.00329	0.01109	0.00520	0.00531
62	0.01970	0.01362	0.01499	0.01175	0.01571	0.01470	0.00955	0.58286	0.02294	0.10658	0.01561	0.07739	0.01235	0.03365	0.00638	0.00182	0.00567	0.00597	0.00553	0.02322
63	0.00816	0.00568	0.00746	0.00710	0.00840	0.00524	0.00529	0.01063	0.01528	0.03970	0.69117	0.10141	0.05008	0.01169	0.00655	0.00178	0.00271	0.01037	0.00604	0.00527
64	0.09133	0.07103	0.51468	0.01380	0.02061	0.01347	0.01637	0.09961	0.01338	0.08020	0.01092	0.01202	0.00773	0.00550	0.00504	0.00170	0.00718	0.00414	0.00316	0.00815
65	0.00669	0.00547	0.00592	0.00625	0.00776	0.00471	0.00460	0.00804	0.01219	0.01485	0.04945	0.21643	0.57929	0.01480	0.00670	0.00198	0.00299	0.04207	0.00514	0.00465
66	0.01505	0.01098	0.01203	0.01058	0.01381	0.01211	0.00830	0.02731	0.57648	0.14832	0.02510	0.02296	0.07626	0.00792	0.00570	0.00185	0.00431	0.00658	0.00580	0.00855
67	0.02418	0.00957	0.01283	0.00994	0.01415	0.00848	0.00818	0.02714	0.06078	0.72933	0.02189	0.01896	0.01390	0.00689	0.00557	0.00172	0.00469	0.00561	0.00678	0.00939
68	0.00689	0.00488	0.00638	0.00753	0.00781	0.00459	0.00494	0.00775	0.01032	0.01376	0.02908	0.71735	0.03481	0.10423	0.00940	0.00259	0.00345	0.01490	0.00494	0.00437
69	0.02351	0.00910	0.01231	0.00955	0.01349	0.00792	0.00776	0.02548	0.01523	0.71379	0.02150	0.02024	0.01422	0.07047	0.00737	0.00200	0.00476	0.00577	0.00658	0.00894
70	0.00685	0.00486	0.00640	0.00758	0.00787	0.00457	0.00500	0.00774	0.01040	0.01387	0.02948	0.74076	0.03532	0.08013	0.00875	0.00250	0.00338	0.01513	0.00500	0.00441

[dist]
# distance from previous block
# <min> <max>
0	1

[block]
# block no. 1 follows, 43 sequences, length 9
# corresponding to MSA columns:
# 141-149
name=unknown_B
#
# <colnr> <probs for GDERKNQSTAVLIFYWHMCP>
#	G	D	E	R	K	N	Q	S	T	A	V	L	I	F	Y	W	H	M	C	P
0	0.02112	0.01275	0.01442	0.01117	0.01526	0.01340	0.00919	0.47058	0.02169	0.24829	0.01624	0.01562	0.01112	0.00669	0.00539	0.00164	0.00535	0.00517	0.08588	0.00901
1	0.00791	0.00593	0.00890	0.00890	0.00989	0.00692	0.00692	0.00989	0.00890	0.01286	0.01483	0.02176	0.01385	0.04154	0.78341	0.00890	0.01483	0.00593	0.00297	0.00494
2	0.01455	0.01075	0.01505	0.01278	0.01389	0.01372	0.01058	0.01607	0.01024	0.18921	0.01155	0.01483	0.00955	0.01285	0.10700	0.00304	0.51899	0.00514	0.00351	0.00670
3	0.00719	0.00522	0.00683	0.00763	0.00838	0.00486	0.00546	0.00872	0.01213	0.01630	0.20262	0.50179	0.09167	0.01552	0.00696	0.00213	0.00323	0.08324	0.00536	0.00474
4	0.01020	0.01235	0.18707	0.01080	0.01383	0.00951	0.01027	0.08393	0.04594	0.01641	0.01407	0.01942	0.01236	0.07345	0.44799	0.00602	0.01141	0.00556	0.00322	0.00621
5	0.02053	0.02055	0.01542	0.01403	0.04519	0.49842	0.01049	0.02217	0.01490	0.18959	0.01158	0.01239	0.00873	0.00634	0.00645	0.00160	0.08651	0.00421	0.00373	0.00717
6	0.65275	0.19512	0.01297	0.00779	0.01152	0.01462	0.00680	0.01635	0.00985	0.02212	0.00771	0.00897	0.00625	0.00505	0.00346	0.00159	0.00466	0.00299	0.00318	0.00625
7	0.00748	0.00560	0.00693	0.00670	0.00808	0.00506	0.00499	0.00971	0.01468	0.02007	0.56058	0.08829	0.21688	0.01230	0.00657	0.00180	0.00269	0.01074	0.00582	0.00506
8	0.01046	0.00984	0.01661	0.79205	0.03814	0.01230	0.01538	0.01415	0.01107	0.01415	0.00984	0.01477	0.00738	0.00554	0.00554	0.00185	0.00738	0.00492	0.00246	0.00615

[dist]
# distance from previous block
# <min> <max>
2	7

[block]
# block no. 2 follows, 43 sequences, length 7
# corresponding to MSA columns:
# 159-165
name=unknown_C
#
# <colnr> <probs for GDERKNQSTAVLIFYWHMCP>
#	G	D	E	R	K	N	Q	S	T	A	V	L	I	F	Y	W	H	M	C	P
0	0.00733	0.00492	0.00645	0.00735	0.00758	0.00469	0.00478	0.00771	0.00974	0.01298	0.02564	0.56939	0.03040	0.15857	0.01262	0.10449	0.00379	0.01304	0.00449	0.00404
1	0.01308	0.01065	0.01204	0.01038	0.01315	0.01171	0.00812	0.10171	0.37529	0.02177	0.10721	0.02025	0.01790	0.00869	0.00789	0.07949	0.05871	0.00597	0.00487	0.11110
2	0.01508	0.62374	0.11739	0.01061	0.01573	0.02028	0.01092	0.10137	0.01301	0.01609	0.00861	0.00973	0.00736	0.00502	0.00399	0.00131	0.00621	0.00333	0.00273	0.00750
3	0.00845	0.00843	0.09939	0.06394	0.01072	0.00667	0.00647	0.00959	0.00899	0.01218	0.01744	0.11610	0.01946	0.56490	0.02148	0.00434	0.00561	0.00820	0.00337	0.00426
4	0.15119	0.01344	0.10087	0.01229	0.06896	0.01230	0.01007	0.27475	0.01724	0.09557	0.13216	0.01758	0.01574	0.00748	0.00608	0.04120	0.00533	0.00540	0.00469	0.00768
5	0.39312	0.00952	0.01015	0.01072	0.09751	0.01054	0.00725	0.04234	0.01145	0.02143	0.16196	0.02002	0.01769	0.11418	0.00847	0.00224	0.04607	0.00548	0.00390	0.00594
6	0.00851	0.00680	0.03159	0.08015	0.01086	0.00637	0.00608	0.00972	0.00990	0.01337	0.07023	0.10255	0.02298	0.45418	0.01854	0.00387	0.00517	0.09171	0.00378	0.04364

[dist]
# distance from previous block
# <min> <max>
1	51

# created by:
# /share/home/app/bin/augustus-3.3.1/scripts/msa2prfl.pl /dev/shm/tmp/ogap_db/mt-Magnoliopsida/msas/sdh3.aln --setname=sdh3
