[name]
sdh4

[dist]
# distance from previous block
# <min> <max>
0	0

[block]
# block no. 0 follows, 66 sequences, length 58
# corresponding to MSA columns:
# 0-57
name=unknown_A
#
# <colnr> <probs for GDERKNQSTAVLIFYWHMCP>
#	G	D	E	R	K	N	Q	S	T	A	V	L	I	F	Y	W	H	M	C	P
0	0.00652	0.00466	0.00652	0.00742	0.00836	0.00465	0.00648	0.00839	0.00938	0.01222	0.03748	0.04546	0.02364	0.01115	0.00559	0.00186	0.00370	0.78902	0.00375	0.00374
1	0.00574	0.00415	0.00542	0.00510	0.00606	0.00383	0.00383	0.00766	0.01148	0.01627	0.82997	0.03031	0.03828	0.00829	0.00479	0.00128	0.00191	0.00734	0.00447	0.00383
2	0.00494	0.00353	0.00471	0.00565	0.00588	0.00330	0.00377	0.00565	0.00777	0.01036	0.02236	0.85477	0.02683	0.01271	0.00518	0.00165	0.00235	0.01153	0.00377	0.00330
3	0.01820	0.00690	0.00942	0.00722	0.01036	0.00596	0.00596	0.01977	0.01161	0.83492	0.01601	0.01381	0.01004	0.00502	0.00408	0.00126	0.00345	0.00408	0.00502	0.00690
4	0.00590	0.00393	0.00442	0.00442	0.00442	0.00393	0.00246	0.00590	0.00590	0.00787	0.01278	0.02655	0.01475	0.85742	0.02065	0.00393	0.00393	0.00590	0.00246	0.00246
5	0.00757	0.00388	0.00402	0.02752	0.00538	0.00393	0.00307	0.00948	0.00850	0.01499	0.01307	0.01500	0.01026	0.00471	0.00287	0.00096	0.00199	0.00378	0.85523	0.00380
6	0.00766	0.00721	0.01217	0.84767	0.02794	0.00901	0.01127	0.01037	0.00811	0.01037	0.00721	0.01082	0.00541	0.00406	0.00406	0.00135	0.00541	0.00361	0.00180	0.00451
7	0.00766	0.00721	0.01217	0.84767	0.02794	0.00901	0.01127	0.01037	0.00811	0.01037	0.00721	0.01082	0.00541	0.00406	0.00406	0.00135	0.00541	0.00361	0.00180	0.00451
8	0.88607	0.00785	0.00596	0.00534	0.00785	0.00910	0.00439	0.01193	0.00690	0.01820	0.00565	0.00659	0.00439	0.00377	0.00251	0.00126	0.00314	0.00220	0.00251	0.00439
9	0.01275	0.00937	0.01027	0.00840	0.01087	0.01021	0.00671	0.61131	0.01619	0.02169	0.01296	0.22519	0.01198	0.00687	0.00434	0.00133	0.00393	0.00566	0.00398	0.00598
10	0.00574	0.00415	0.00542	0.00510	0.00606	0.00383	0.00383	0.00766	0.01148	0.01627	0.82997	0.03031	0.03828	0.00829	0.00479	0.00128	0.00191	0.00734	0.00447	0.00383
11	0.00480	0.00411	0.00411	0.00411	0.00548	0.00343	0.00308	0.00582	0.00925	0.01096	0.04110	0.03905	0.83046	0.01028	0.00480	0.00137	0.00206	0.00856	0.00377	0.00343
12	0.00830	0.00709	0.00829	0.00600	0.00949	0.00534	0.00477	0.01006	0.00839	0.01312	0.00773	0.03716	0.00672	0.00333	0.00308	0.00064	0.00298	0.00271	0.00245	0.85236
13	0.00480	0.00411	0.00411	0.00411	0.00548	0.00343	0.00308	0.00582	0.00925	0.01096	0.04110	0.03905	0.83046	0.01028	0.00480	0.00137	0.00206	0.00856	0.00377	0.00343
14	0.00756	0.00378	0.00378	0.00378	0.00473	0.00378	0.00284	0.00945	0.00851	0.01513	0.01324	0.01513	0.01040	0.00473	0.00284	0.00095	0.00189	0.00378	0.87994	0.00378
15	0.00506	0.00361	0.00464	0.00541	0.00567	0.00338	0.00356	0.00569	0.00761	0.01007	0.02217	0.70285	0.06985	0.12137	0.00715	0.00193	0.00254	0.01064	0.00360	0.00319
16	0.00580	0.00435	0.00652	0.00652	0.00724	0.00507	0.00507	0.00724	0.00652	0.00942	0.01087	0.01594	0.01014	0.03043	0.84134	0.00652	0.01087	0.00435	0.00217	0.00362
17	0.00494	0.00353	0.00471	0.00565	0.00588	0.00330	0.00377	0.00565	0.00777	0.01036	0.02236	0.85477	0.02683	0.01271	0.00518	0.00165	0.00235	0.01153	0.00377	0.00330
18	0.00494	0.00353	0.00471	0.00565	0.00588	0.00330	0.00377	0.00565	0.00777	0.01036	0.02236	0.85477	0.02683	0.01271	0.00518	0.00165	0.00235	0.01153	0.00377	0.00330
19	0.00574	0.00415	0.00542	0.00510	0.00606	0.00383	0.00383	0.00766	0.01148	0.01627	0.82997	0.03031	0.03828	0.00829	0.00479	0.00128	0.00191	0.00734	0.00447	0.00383
20	0.88607	0.00785	0.00596	0.00534	0.00785	0.00910	0.00439	0.01193	0.00690	0.01820	0.00565	0.00659	0.00439	0.00377	0.00251	0.00126	0.00314	0.00220	0.00251	0.00439
21	0.12079	0.00729	0.01137	0.73918	0.02535	0.00903	0.01038	0.01057	0.00796	0.01138	0.00701	0.01027	0.00528	0.00402	0.00386	0.00134	0.00512	0.00342	0.00189	0.00449
22	0.00586	0.00444	0.00664	0.00660	0.00731	0.00522	0.00515	0.00730	0.00651	0.00943	0.01076	0.01580	0.01005	0.02996	0.82461	0.00642	0.02782	0.00433	0.00217	0.00364
23	0.00654	0.00467	0.00654	0.00747	0.00841	0.00467	0.00654	0.00841	0.00934	0.01214	0.02148	0.04576	0.02335	0.01121	0.00560	0.00187	0.00374	0.80480	0.00374	0.00374
24	0.01004	0.00964	0.01647	0.02490	0.83211	0.00964	0.01245	0.01245	0.00924	0.01325	0.00763	0.01004	0.00643	0.00361	0.00402	0.00120	0.00482	0.00361	0.00201	0.00643
25	0.00814	0.02099	0.83640	0.01156	0.01756	0.00942	0.01499	0.01285	0.00857	0.01285	0.00728	0.00857	0.00514	0.00385	0.00385	0.00128	0.00600	0.00300	0.00171	0.00600
26	0.14059	0.00753	0.01194	0.67006	0.02450	0.00910	0.05900	0.01076	0.00802	0.01171	0.00704	0.01019	0.00530	0.00397	0.00387	0.00134	0.00515	0.00346	0.00192	0.00455
27	0.00988	0.01103	0.00996	0.03032	0.20895	0.30837	0.00726	0.01129	0.01003	0.01113	0.01962	0.01989	0.31341	0.00631	0.00418	0.00121	0.00471	0.00510	0.00269	0.00464
28	0.12370	0.01104	0.01134	0.00884	0.01196	0.02862	0.00728	0.68982	0.02992	0.02421	0.00927	0.00938	0.00664	0.00473	0.00386	0.00122	0.00434	0.00347	0.00383	0.00654
29	0.82679	0.00765	0.00601	0.00536	0.00781	0.00879	0.00440	0.01189	0.00722	0.03500	0.04458	0.00785	0.00610	0.00400	0.00265	0.00126	0.00309	0.00248	0.00265	0.00442
30	0.00496	0.00354	0.00470	0.00562	0.00585	0.00331	0.00374	0.00565	0.00773	0.01031	0.02217	0.83784	0.02659	0.02998	0.00549	0.00169	0.00239	0.01142	0.00374	0.00328
31	0.00854	0.00804	0.01351	0.57649	0.27831	0.00927	0.01157	0.02523	0.00866	0.01153	0.00739	0.01056	0.00575	0.00393	0.00404	0.00130	0.00521	0.00361	0.00191	0.00515
32	0.01502	0.01908	0.01163	0.01083	0.03398	0.81938	0.00796	0.01610	0.01144	0.01002	0.00631	0.00739	0.00526	0.00417	0.00367	0.00105	0.00725	0.00264	0.00209	0.00475
33	0.00878	0.02013	0.76319	0.01137	0.01712	0.00970	0.01434	0.08442	0.00950	0.01398	0.00750	0.00867	0.00530	0.00394	0.00387	0.00128	0.00586	0.00306	0.00192	0.00608
34	0.01542	0.01136	0.01218	0.00933	0.01258	0.01258	0.00771	0.81858	0.01908	0.02557	0.00974	0.00974	0.00690	0.00487	0.00406	0.00122	0.00446	0.00365	0.00406	0.00690
35	0.01542	0.01136	0.01218	0.00933	0.01258	0.01258	0.00771	0.81858	0.01908	0.02557	0.00974	0.00974	0.00690	0.00487	0.00406	0.00122	0.00446	0.00365	0.00406	0.00690
36	0.01004	0.00964	0.01647	0.02490	0.83211	0.00964	0.01245	0.01245	0.00924	0.01325	0.00763	0.01004	0.00643	0.00361	0.00402	0.00120	0.00482	0.00361	0.00201	0.00643
37	0.00994	0.00864	0.00947	0.00916	0.06075	0.00987	0.00669	0.02055	0.75130	0.01657	0.01668	0.01551	0.03560	0.00553	0.00414	0.00137	0.00328	0.00464	0.00399	0.00634
38	0.00999	0.00959	0.01638	0.04119	0.81619	0.00963	0.01243	0.01241	0.00922	0.01320	0.00762	0.01006	0.00641	0.00362	0.00402	0.00121	0.00483	0.00361	0.00200	0.00639
39	0.00766	0.00721	0.01217	0.84767	0.02794	0.00901	0.01127	0.01037	0.00811	0.01037	0.00721	0.01082	0.00541	0.00406	0.00406	0.00135	0.00541	0.00361	0.00180	0.00451
40	0.00828	0.00704	0.00733	0.00668	0.00866	0.00759	0.00517	0.05625	0.46241	0.01505	0.02584	0.02427	0.33414	0.00735	0.00439	0.00137	0.00282	0.00610	0.00398	0.00527
41	0.84484	0.00846	0.04496	0.00563	0.00830	0.00912	0.00489	0.01197	0.00698	0.01795	0.00573	0.00668	0.00443	0.00377	0.00257	0.00126	0.00327	0.00223	0.00247	0.00447
42	0.00494	0.00353	0.00471	0.00565	0.00588	0.00330	0.00377	0.00565	0.00777	0.01036	0.02236	0.85477	0.02683	0.01271	0.00518	0.00165	0.00235	0.01153	0.00377	0.00330
43	0.00586	0.00391	0.00444	0.00448	0.00449	0.00390	0.00252	0.00589	0.00599	0.00798	0.01323	0.06545	0.01532	0.81775	0.01992	0.00383	0.00386	0.00616	0.00252	0.00250
44	0.00959	0.01091	0.02375	0.01730	0.04218	0.01024	0.79656	0.01298	0.00957	0.01300	0.00819	0.01092	0.00616	0.00343	0.00477	0.00136	0.00679	0.00476	0.00205	0.00550
45	0.00766	0.00721	0.01217	0.84767	0.02794	0.00901	0.01127	0.01037	0.00811	0.01037	0.00721	0.01082	0.00541	0.00406	0.00406	0.00135	0.00541	0.00361	0.00180	0.00451
46	0.00494	0.00416	0.00431	0.00438	0.00572	0.00353	0.00336	0.00603	0.00926	0.01106	0.03950	0.03959	0.76456	0.01035	0.00486	0.00141	0.00219	0.07357	0.00376	0.00345
47	0.01009	0.00872	0.00917	0.00826	0.01055	0.01009	0.00642	0.02156	0.82478	0.01697	0.01651	0.01514	0.01238	0.00550	0.00413	0.00138	0.00321	0.00459	0.00413	0.00642
48	0.01820	0.00690	0.00942	0.00722	0.01036	0.00596	0.00596	0.01977	0.01161	0.83492	0.01601	0.01381	0.01004	0.00502	0.00408	0.00126	0.00345	0.00408	0.00502	0.00690
49	0.01820	0.00690	0.00942	0.00722	0.01036	0.00596	0.00596	0.01977	0.01161	0.83492	0.01601	0.01381	0.01004	0.00502	0.00408	0.00126	0.00345	0.00408	0.00502	0.00690
50	0.00572	0.00386	0.00448	0.00466	0.00470	0.00381	0.00271	0.00585	0.00625	0.00834	0.01460	0.18350	0.01704	0.69734	0.01772	0.00350	0.00363	0.00697	0.00271	0.00262
51	0.00777	0.00652	0.00768	0.00604	0.00888	0.00519	0.00467	0.00980	0.04662	0.01280	0.01079	0.18439	0.01063	0.00514	0.00351	0.00085	0.00288	0.00440	0.00277	0.65866
52	0.00512	0.00374	0.00487	0.00558	0.00604	0.00341	0.00378	0.00592	0.00796	0.01067	0.04366	0.75569	0.06391	0.01203	0.00505	0.00158	0.00236	0.01086	0.00372	0.04403
53	0.00841	0.00721	0.00841	0.00601	0.00961	0.00541	0.00481	0.01022	0.00841	0.01322	0.00721	0.00841	0.00601	0.00300	0.00300	0.00060	0.00300	0.00240	0.00240	0.88222
54	0.00508	0.00357	0.00469	0.00551	0.00571	0.00337	0.00362	0.00567	0.00752	0.01003	0.02104	0.74906	0.02516	0.10548	0.00706	0.01733	0.00255	0.01077	0.00359	0.00318
55	0.00490	0.00412	0.00420	0.00423	0.00553	0.00349	0.00317	0.00591	0.00911	0.01086	0.03924	0.03872	0.76914	0.04693	0.00551	0.00150	0.00219	0.03415	0.00371	0.00339
56	0.00513	0.00429	0.00437	0.00433	0.00567	0.00369	0.00322	0.02868	0.00937	0.01126	0.03867	0.07160	0.75169	0.03346	0.00523	0.00145	0.00219	0.00847	0.00374	0.00349
57	0.00480	0.00411	0.00411	0.00411	0.00548	0.00343	0.00308	0.00582	0.00925	0.01096	0.04110	0.03905	0.83046	0.01028	0.00480	0.00137	0.00206	0.00856	0.00377	0.00343

[dist]
# distance from previous block
# <min> <max>
7	17

[block]
# block no. 1 follows, 66 sequences, length 23
# corresponding to MSA columns:
# 77-99
name=unknown_B
#
# <colnr> <probs for GDERKNQSTAVLIFYWHMCP>
#	G	D	E	R	K	N	Q	S	T	A	V	L	I	F	Y	W	H	M	C	P
0	0.00845	0.00721	0.00869	0.00673	0.00976	0.00615	0.03210	0.03407	0.11926	0.01372	0.01043	0.11281	0.00945	0.00460	0.00351	0.00088	0.00312	0.00393	0.00284	0.60231
1	0.01426	0.01792	0.01090	0.00993	0.01193	0.76333	0.00745	0.01536	0.01144	0.01039	0.06373	0.00966	0.02744	0.00461	0.00376	0.00107	0.00682	0.00308	0.00229	0.00461
2	0.00493	0.00357	0.00467	0.00554	0.00586	0.00330	0.00372	0.00566	0.00787	0.01040	0.02365	0.79881	0.08196	0.01254	0.00515	0.00163	0.00233	0.01133	0.00377	0.00330
3	0.01306	0.00952	0.01025	0.00811	0.01055	0.01043	0.00641	0.61659	0.01580	0.02117	0.01050	0.01392	0.00885	0.21677	0.00818	0.00189	0.00433	0.00421	0.00366	0.00580
4	0.00502	0.00359	0.00477	0.00560	0.00590	0.00334	0.00377	0.00583	0.00811	0.01090	0.09678	0.77880	0.02789	0.01230	0.00514	0.00161	0.00231	0.01115	0.00383	0.00334
5	0.00577	0.00388	0.00446	0.00459	0.00462	0.00385	0.00264	0.00587	0.00615	0.00820	0.01408	0.13874	0.01639	0.74300	0.01855	0.00362	0.00372	0.00666	0.00264	0.00257
6	0.00705	0.00352	0.00529	0.00529	0.00529	0.00352	0.00352	0.00529	0.00529	0.00705	0.00705	0.01233	0.00705	0.01409	0.01586	0.88196	0.00352	0.00352	0.00176	0.00176
7	0.00888	0.00888	0.01243	0.01065	0.01065	0.01243	0.00888	0.00976	0.00621	0.00976	0.00533	0.00888	0.00533	0.00710	0.01331	0.00178	0.84999	0.00355	0.00178	0.00444
8	0.00480	0.00411	0.00411	0.00411	0.00548	0.00343	0.00308	0.00582	0.00925	0.01096	0.04110	0.03905	0.83046	0.01028	0.00480	0.00137	0.00206	0.00856	0.00377	0.00343
9	0.01445	0.01825	0.01103	0.01012	0.01208	0.78354	0.00756	0.01548	0.01124	0.00996	0.00738	0.06557	0.00671	0.00477	0.00376	0.00109	0.00698	0.00323	0.00221	0.00461
10	0.00964	0.01661	0.57028	0.01015	0.01498	0.00876	0.01202	0.09782	0.01032	0.09744	0.10340	0.01173	0.00965	0.00459	0.00401	0.00127	0.00511	0.00368	0.00261	0.00593
11	0.79758	0.00917	0.08967	0.00596	0.00883	0.00913	0.00546	0.01202	0.00707	0.01766	0.00581	0.00679	0.00447	0.00378	0.00265	0.00126	0.00343	0.00228	0.00243	0.00456
12	0.00482	0.00411	0.00415	0.00414	0.00550	0.00344	0.00311	0.00588	0.00932	0.01113	0.06580	0.03877	0.80566	0.01021	0.00479	0.00137	0.00205	0.00852	0.00379	0.00344
13	0.00814	0.02099	0.83640	0.01156	0.01756	0.00942	0.01499	0.01285	0.00857	0.01285	0.00728	0.00857	0.00514	0.00385	0.00385	0.00128	0.00600	0.00300	0.00171	0.00600
14	0.00838	0.09579	0.76371	0.01115	0.01692	0.01001	0.01427	0.01279	0.00854	0.01255	0.00713	0.00838	0.00515	0.00382	0.00374	0.00125	0.00585	0.00292	0.00172	0.00593
15	0.00480	0.00411	0.00411	0.00411	0.00548	0.00343	0.00308	0.00582	0.00925	0.01096	0.04110	0.03905	0.83046	0.01028	0.00480	0.00137	0.00206	0.00856	0.00377	0.00343
16	0.00615	0.00446	0.00605	0.00689	0.00777	0.00436	0.00581	0.00777	0.00912	0.01178	0.02357	0.15467	0.10496	0.01132	0.00546	0.00179	0.00338	0.61730	0.00374	0.00364
17	0.01710	0.00847	0.09286	0.00772	0.01115	0.00652	0.00693	0.04447	0.01154	0.72633	0.01493	0.01315	0.00945	0.00490	0.00406	0.00126	0.00374	0.00396	0.00466	0.00681
18	0.01085	0.85986	0.02126	0.00694	0.01041	0.01605	0.00694	0.01215	0.00824	0.00955	0.00564	0.00651	0.00521	0.00347	0.00260	0.00087	0.00434	0.00217	0.00174	0.00521
19	0.00789	0.00743	0.01054	0.00933	0.00956	0.01008	0.00766	0.00896	0.00631	0.00965	0.00709	0.01113	0.00686	0.01454	0.27747	0.00329	0.58229	0.00380	0.00190	0.00418
20	0.00574	0.00415	0.00542	0.00510	0.00606	0.00383	0.00383	0.00766	0.01148	0.01627	0.82997	0.03031	0.03828	0.00829	0.00479	0.00128	0.00191	0.00734	0.00447	0.00383
21	0.00888	0.00888	0.01243	0.01065	0.01065	0.01243	0.00888	0.00976	0.00621	0.00976	0.00533	0.00888	0.00533	0.00710	0.01331	0.00178	0.84999	0.00355	0.00178	0.00444
22	0.00951	0.01074	0.02278	0.01645	0.02014	0.01048	0.73588	0.01267	0.00924	0.01267	0.00792	0.01074	0.00607	0.00379	0.00565	0.00141	0.09183	0.00466	0.00202	0.00537

[dist]
# distance from previous block
# <min> <max>
0	2

[block]
# block no. 2 follows, 66 sequences, length 29
# corresponding to MSA columns:
# 102-130
name=unknown_C
#
# <colnr> <probs for GDERKNQSTAVLIFYWHMCP>
#	G	D	E	R	K	N	Q	S	T	A	V	L	I	F	Y	W	H	M	C	P
0	0.00988	0.00853	0.00897	0.00809	0.01034	0.00982	0.00629	0.02092	0.79174	0.01673	0.01751	0.01611	0.04553	0.00570	0.00416	0.00138	0.00316	0.00475	0.00411	0.00630
1	0.00759	0.00712	0.01198	0.82617	0.02738	0.00887	0.01108	0.01025	0.00810	0.01037	0.00760	0.03236	0.00596	0.00428	0.00408	0.00136	0.00533	0.00381	0.00185	0.00448
2	0.01489	0.01883	0.01176	0.01121	0.05548	0.79756	0.00808	0.01600	0.01138	0.01010	0.00634	0.00746	0.00529	0.00415	0.00368	0.00105	0.00719	0.00267	0.00209	0.00479
3	0.00635	0.00359	0.00512	0.00534	0.00548	0.00350	0.00358	0.00561	0.00649	0.00874	0.08233	0.23557	0.01519	0.04030	0.01225	0.54652	0.00309	0.00603	0.00254	0.00237
4	0.00483	0.00411	0.00416	0.00415	0.00550	0.00344	0.00311	0.00589	0.00933	0.01116	0.07142	0.03871	0.80001	0.01020	0.00479	0.00137	0.00205	0.00852	0.00379	0.00344
5	0.00507	0.00370	0.00508	0.00583	0.00614	0.00346	0.02011	0.00581	0.00773	0.01031	0.02171	0.80593	0.02595	0.04499	0.00577	0.00173	0.00250	0.01118	0.00368	0.00331
6	0.03196	0.00426	0.00542	0.00509	0.00610	0.00398	0.00383	0.00775	0.01131	0.01623	0.79096	0.02976	0.05177	0.00820	0.00472	0.00128	0.00195	0.00721	0.00440	0.00384
7	0.00656	0.00560	0.00941	0.00825	0.00940	0.00620	0.13204	0.00818	0.00694	0.00988	0.01029	0.01556	0.00960	0.08615	0.60439	0.00526	0.05578	0.00449	0.00215	0.00387
8	0.00503	0.00357	0.00468	0.00554	0.00575	0.00335	0.00365	0.00567	0.00760	0.01013	0.02148	0.77825	0.02572	0.09075	0.00661	0.00186	0.00250	0.01101	0.00365	0.00322
9	0.00848	0.00843	0.01241	0.71783	0.08284	0.08093	0.01105	0.01102	0.00848	0.01053	0.00716	0.01046	0.00546	0.00404	0.00402	0.00132	0.00553	0.00352	0.00184	0.00466
10	0.00508	0.00360	0.00470	0.00549	0.00572	0.00338	0.00362	0.00574	0.00766	0.01025	0.04533	0.73488	0.02578	0.10979	0.00695	0.00190	0.00252	0.01076	0.00364	0.00321
11	0.00593	0.00395	0.00449	0.00447	0.00457	0.00392	0.00259	0.00614	0.00645	0.00878	0.08338	0.02659	0.01667	0.76249	0.01883	0.00363	0.00371	0.00597	0.02484	0.00261
12	0.00520	0.00364	0.00463	0.00532	0.00549	0.00347	0.00341	0.00572	0.00726	0.00968	0.01977	0.63095	0.02357	0.24099	0.00936	0.00227	0.00278	0.01001	0.00341	0.00307
13	0.00505	0.00363	0.00462	0.00536	0.00567	0.00339	0.00354	0.00570	0.00766	0.01010	0.02279	0.68107	0.09474	0.11779	0.00707	0.00191	0.00252	0.01057	0.00360	0.00320
14	0.00487	0.00410	0.00413	0.00413	0.00541	0.00346	0.00304	0.00583	0.00901	0.01074	0.03912	0.03817	0.77343	0.06950	0.00590	0.00155	0.00219	0.00838	0.00368	0.00336
15	0.00589	0.00431	0.00546	0.00518	0.00619	0.00401	0.00387	0.03121	0.01124	0.01565	0.67790	0.09149	0.10494	0.00869	0.00479	0.00131	0.00203	0.00765	0.00434	0.00384
16	0.00584	0.00478	0.00499	0.00481	0.00631	0.00431	0.00374	0.07622	0.01010	0.01231	0.03694	0.03701	0.69957	0.00988	0.00479	0.00139	0.00239	0.06709	0.00379	0.00375
17	0.01004	0.00964	0.01647	0.02490	0.83211	0.00964	0.01245	0.01245	0.00924	0.01325	0.00763	0.01004	0.00643	0.00361	0.00402	0.00120	0.00482	0.00361	0.00201	0.00643
18	0.01066	0.80121	0.07825	0.00727	0.01091	0.01559	0.00750	0.01220	0.00827	0.00978	0.00576	0.00665	0.00520	0.00350	0.00269	0.00090	0.00445	0.00223	0.00173	0.00526
19	0.00565	0.00402	0.00516	0.00508	0.00578	0.00377	0.00361	0.00709	0.01008	0.01410	0.58598	0.14842	0.03296	0.14164	0.00732	0.00174	0.00229	0.00772	0.00405	0.00354
20	0.00590	0.00393	0.00442	0.00442	0.00442	0.00393	0.00246	0.00590	0.00590	0.00787	0.01278	0.02655	0.01475	0.85742	0.02065	0.00393	0.00393	0.00590	0.00246	0.00246
21	0.00494	0.00353	0.00471	0.00565	0.00588	0.00330	0.00377	0.00565	0.00777	0.01036	0.02236	0.85477	0.02683	0.01271	0.00518	0.00165	0.00235	0.01153	0.00377	0.00330
22	0.01308	0.00918	0.01004	0.00802	0.01044	0.00996	0.00633	0.56506	0.01537	0.06641	0.01137	0.05706	0.00972	0.18033	0.00752	0.00180	0.00419	0.00455	0.00377	0.00580
23	0.05130	0.00386	0.00469	0.00532	0.00567	0.00373	0.00350	0.00604	0.00740	0.01029	0.02029	0.60855	0.05575	0.18423	0.00818	0.00208	0.00270	0.00978	0.00343	0.00319
24	0.00621	0.00451	0.00564	0.00523	0.00625	0.00427	0.00389	0.04993	0.01136	0.01587	0.68749	0.02938	0.07406	0.07108	0.00592	0.00147	0.00220	0.00710	0.00426	0.00387
25	0.01377	0.01008	0.01083	0.00848	0.01117	0.01108	0.00680	0.67774	0.01679	0.02250	0.01027	0.01265	0.00826	0.15262	0.00693	0.00169	0.00437	0.00404	0.00378	0.00613
26	0.00625	0.00420	0.00471	0.00460	0.00472	0.00425	0.00265	0.03559	0.00638	0.00851	0.01267	0.02594	0.01446	0.82628	0.02004	0.00383	0.00395	0.00582	0.00252	0.00262
27	0.00666	0.00517	0.00686	0.00762	0.07835	0.00477	0.00511	0.02606	0.00831	0.01148	0.01662	0.36093	0.01861	0.11648	0.00668	0.00173	0.00317	0.14489	0.00320	0.16731
28	0.01401	0.01722	0.03005	0.01086	0.06267	0.66550	0.00788	0.05717	0.01127	0.01087	0.00704	0.00906	0.00609	0.06734	0.00496	0.00128	0.00673	0.00298	0.00221	0.00479

[dist]
# distance from previous block
# <min> <max>
0	70

# created by:
# /share/home/app/bin/augustus-3.3.1/scripts/msa2prfl.pl /dev/shm/tmp/ogap_db/mt-Magnoliopsida/msas/sdh4.aln --setname=sdh4
