[name]
orf490

[dist]
# distance from previous block
# <min> <max>
3	6

[block]
# block no. 0 follows, 6 sequences, length 13
# corresponding to MSA columns:
# 6-18
name=unknown_A
#
# <colnr> <probs for GDERKNQSTAVLIFYWHMCP>
#	G	D	E	R	K	N	Q	S	T	A	V	L	I	F	Y	W	H	M	C	P
0	0.02627	0.05072	0.28711	0.22610	0.07217	0.03061	0.04453	0.03913	0.02772	0.03913	0.02399	0.03139	0.01736	0.01302	0.01302	0.00434	0.01904	0.01074	0.00579	0.01781
1	0.02500	0.02031	0.02517	0.02392	0.02845	0.02359	0.01861	0.04339	0.18520	0.04140	0.04361	0.05163	0.03659	0.06683	0.28585	0.01459	0.02556	0.01470	0.00984	0.01578
2	0.62317	0.02595	0.01972	0.01765	0.02595	0.03010	0.01453	0.03945	0.02284	0.06021	0.01869	0.02180	0.01453	0.01246	0.00830	0.00415	0.01038	0.00727	0.00830	0.01453
3	0.29117	0.02412	0.02646	0.02132	0.03085	0.02398	0.01759	0.05475	0.03202	0.29242	0.03889	0.03588	0.02555	0.01491	0.01137	0.00415	0.01099	0.01094	0.01320	0.01943
4	0.01657	0.01264	0.01464	0.01606	0.01827	0.01136	0.01095	0.01903	0.02688	0.03398	0.09517	0.30185	0.22721	0.10358	0.02343	0.00608	0.00808	0.03163	0.01188	0.01071
5	0.02076	0.01445	0.01876	0.02058	0.02240	0.01445	0.01609	0.02440	0.02623	0.03436	0.05925	0.12530	0.06556	0.23863	0.03895	0.00898	0.01263	0.21698	0.01062	0.01062
6	0.02534	0.02385	0.04025	0.49612	0.09243	0.02982	0.03727	0.03429	0.02683	0.03429	0.02385	0.03578	0.01789	0.01342	0.01342	0.00447	0.01789	0.01193	0.00596	0.01491
7	0.05013	0.06396	0.03803	0.03457	0.04149	0.47450	0.02593	0.05359	0.03803	0.03284	0.02074	0.02420	0.01729	0.01383	0.01210	0.00346	0.02420	0.00864	0.00691	0.01556
8	0.03983	0.04285	0.02756	0.02552	0.03088	0.28497	0.01914	0.04443	0.03397	0.03989	0.03019	0.03480	0.02431	0.01457	0.01098	0.00332	0.01684	0.01023	0.25141	0.01431
9	0.03008	0.02679	0.03441	0.21964	0.05850	0.03192	0.02782	0.05612	0.25895	0.04717	0.04200	0.04421	0.03150	0.01624	0.01356	0.00452	0.01360	0.01384	0.01050	0.01864
10	0.02154	0.01250	0.01767	0.01724	0.01854	0.01207	0.01207	0.02070	0.02589	0.03582	0.19327	0.06518	0.06569	0.03875	0.03742	0.36121	0.00947	0.01683	0.00950	0.00863
11	0.02518	0.02321	0.03309	0.02963	0.03061	0.03112	0.02420	0.02888	0.02097	0.03183	0.02514	0.03894	0.02415	0.05514	0.22093	0.01231	0.31187	0.01282	0.00641	0.01357
12	0.01851	0.01322	0.01805	0.02116	0.02289	0.01277	0.01622	0.02243	0.02783	0.03668	0.07277	0.36855	0.08403	0.04000	0.01771	0.00575	0.00966	0.16787	0.01242	0.01150

[dist]
# distance from previous block
# <min> <max>
0	7

[block]
# block no. 1 follows, 6 sequences, length 8
# corresponding to MSA columns:
# 26-33
name=unknown_B
#
# <colnr> <probs for GDERKNQSTAVLIFYWHMCP>
#	G	D	E	R	K	N	Q	S	T	A	V	L	I	F	Y	W	H	M	C	P
0	0.04360	0.28052	0.05283	0.02925	0.03826	0.28136	0.02457	0.04744	0.03310	0.03226	0.01979	0.02298	0.01726	0.01275	0.01050	0.00319	0.01969	0.00797	0.00638	0.01632
1	0.03645	0.01679	0.02271	0.02106	0.02624	0.01494	0.01579	0.04010	0.03152	0.22662	0.06433	0.30240	0.06330	0.03039	0.01546	0.00486	0.00945	0.02685	0.01436	0.01637
2	0.01608	0.01272	0.01450	0.01593	0.01874	0.01113	0.01123	0.01900	0.02834	0.03534	0.10754	0.30812	0.27859	0.03768	0.01644	0.00495	0.00725	0.03283	0.01246	0.01113
3	0.03105	0.30151	0.05654	0.23983	0.06102	0.04243	0.02952	0.03748	0.02707	0.03282	0.02104	0.02806	0.01753	0.01237	0.01081	0.00360	0.01597	0.00935	0.00584	0.01616
4	0.02249	0.01274	0.01348	0.01348	0.01518	0.01274	0.00881	0.02588	0.02419	0.03903	0.04309	0.06735	0.04099	0.25064	0.03639	0.00766	0.00935	0.01572	0.33029	0.01050
5	0.02961	0.02820	0.04795	0.27201	0.28322	0.03094	0.03939	0.03802	0.02885	0.03946	0.02461	0.03439	0.01971	0.01263	0.01335	0.00421	0.01683	0.01194	0.00633	0.01835
6	0.02331	0.01166	0.01748	0.01748	0.01748	0.01166	0.01166	0.01748	0.01748	0.02331	0.02331	0.04079	0.02331	0.04662	0.05245	0.60956	0.01166	0.01166	0.00583	0.00583
7	0.03788	0.01790	0.02399	0.02009	0.02656	0.01590	0.01590	0.04369	0.03818	0.23721	0.26129	0.07523	0.08381	0.02247	0.01476	0.00419	0.00866	0.01933	0.01561	0.01733

[dist]
# distance from previous block
# <min> <max>
0	2

[block]
# block no. 2 follows, 6 sequences, length 11
# corresponding to MSA columns:
# 36-46
name=unknown_C
#
# <colnr> <probs for GDERKNQSTAVLIFYWHMCP>
#	G	D	E	R	K	N	Q	S	T	A	V	L	I	F	Y	W	H	M	C	P
0	0.03220	0.02387	0.02922	0.02538	0.03119	0.02694	0.02035	0.17776	0.03856	0.05301	0.03442	0.04433	0.02916	0.06606	0.28629	0.01439	0.02728	0.01344	0.00974	0.01642
1	0.03164	0.03085	0.04900	0.06309	0.27717	0.03566	0.03635	0.03755	0.02646	0.03912	0.02212	0.03164	0.01977	0.01667	0.02587	0.00476	0.21553	0.01187	0.00633	0.01857
2	0.01586	0.01359	0.01359	0.01359	0.01813	0.01133	0.01020	0.01926	0.03059	0.03625	0.13595	0.12915	0.43922	0.03399	0.01586	0.00453	0.00680	0.02832	0.01246	0.01133
3	0.02999	0.02860	0.04865	0.25163	0.30057	0.03104	0.03958	0.03836	0.02903	0.03993	0.02467	0.03426	0.01988	0.01255	0.01334	0.00418	0.01674	0.01194	0.00636	0.01866
4	0.02793	0.02890	0.05618	0.31630	0.08331	0.03150	0.18399	0.03785	0.02881	0.03785	0.02520	0.03595	0.01890	0.01256	0.01441	0.00449	0.01983	0.01353	0.00630	0.01621
5	0.04050	0.03422	0.04866	0.06130	0.27978	0.03587	0.03477	0.18794	0.04387	0.06051	0.02810	0.03281	0.02190	0.01366	0.01334	0.00400	0.01546	0.01201	0.00942	0.02190
6	0.29051	0.02411	0.02647	0.02133	0.03086	0.02397	0.01760	0.05478	0.03204	0.29288	0.03893	0.03591	0.02557	0.01491	0.01137	0.00415	0.01099	0.01095	0.01321	0.01944
7	0.02789	0.32177	0.04792	0.02121	0.02832	0.03584	0.01866	0.03139	0.02662	0.03267	0.04128	0.22529	0.04649	0.02398	0.01210	0.00393	0.01167	0.01985	0.00849	0.01464
8	0.62317	0.02595	0.01972	0.01765	0.02595	0.03010	0.01453	0.03945	0.02284	0.06021	0.01869	0.02180	0.01453	0.01246	0.00830	0.00415	0.01038	0.00727	0.00830	0.01453
9	0.03338	0.02883	0.03034	0.02731	0.03490	0.03338	0.02124	0.07131	0.42042	0.05614	0.05462	0.05007	0.04096	0.01821	0.01365	0.00455	0.01062	0.01517	0.01365	0.02124
10	0.03400	0.01738	0.02077	0.01780	0.02473	0.01476	0.01409	0.03813	0.03379	0.20713	0.10199	0.09500	0.27313	0.02688	0.01489	0.00438	0.00869	0.02226	0.01416	0.01604

[dist]
# distance from previous block
# <min> <max>
0	3

[block]
# block no. 3 follows, 6 sequences, length 13
# corresponding to MSA columns:
# 50-62
name=unknown_D
#
# <colnr> <probs for GDERKNQSTAVLIFYWHMCP>
#	G	D	E	R	K	N	Q	S	T	A	V	L	I	F	Y	W	H	M	C	P
0	0.02632	0.02462	0.03823	0.05504	0.27514	0.02372	0.02887	0.03247	0.03057	0.04083	0.06924	0.07134	0.18737	0.02071	0.01431	0.00420	0.01231	0.01846	0.00896	0.01731
1	0.06021	0.02284	0.03114	0.02388	0.03426	0.01972	0.01972	0.06540	0.03841	0.45396	0.05294	0.04568	0.03322	0.01661	0.01350	0.00415	0.01142	0.01350	0.01661	0.02284
2	0.02157	0.01978	0.02966	0.30435	0.06290	0.02247	0.02651	0.02831	0.02833	0.03507	0.06840	0.07289	0.18534	0.02159	0.01439	0.00450	0.01348	0.01844	0.00855	0.01349
3	0.03378	0.01611	0.02176	0.02075	0.02534	0.01441	0.01535	0.03725	0.03075	0.20106	0.06561	0.33126	0.06668	0.03193	0.01568	0.00493	0.00923	0.02835	0.01411	0.01564
4	0.02311	0.01993	0.02715	0.02418	0.02608	0.02397	0.01930	0.02810	0.03106	0.04526	0.27067	0.07207	0.08330	0.02587	0.02704	0.00488	0.20405	0.01929	0.01124	0.01346
5	0.05655	0.02870	0.03477	0.02666	0.03718	0.02842	0.02202	0.19835	0.04822	0.30715	0.04471	0.04033	0.02909	0.01641	0.01347	0.00410	0.01275	0.01293	0.01534	0.02283
6	0.03321	0.03189	0.05447	0.08237	0.44467	0.03189	0.04119	0.04119	0.03056	0.04384	0.02524	0.03321	0.02126	0.01196	0.01329	0.00399	0.01594	0.01196	0.00664	0.02126
7	0.62317	0.02595	0.01972	0.01765	0.02595	0.03010	0.01453	0.03945	0.02284	0.06021	0.01869	0.02180	0.01453	0.01246	0.00830	0.00415	0.01038	0.00727	0.00830	0.01453
8	0.02102	0.01247	0.01577	0.01577	0.01577	0.01247	0.00953	0.01871	0.01871	0.02494	0.03474	0.06913	0.03866	0.33691	0.06200	0.25010	0.01247	0.01639	0.00722	0.00722
9	0.03321	0.03189	0.05447	0.08237	0.44467	0.03189	0.04119	0.04119	0.03056	0.04384	0.02524	0.03321	0.02126	0.01196	0.01329	0.00399	0.01594	0.01196	0.00664	0.02126
10	0.02670	0.02753	0.05629	0.04265	0.05179	0.02712	0.24524	0.03543	0.02766	0.03828	0.03065	0.04277	0.02560	0.04682	0.19840	0.01130	0.02792	0.01526	0.00695	0.01567
11	0.02177	0.01901	0.03044	0.30637	0.06343	0.02230	0.02741	0.02809	0.02638	0.03428	0.04377	0.22807	0.04605	0.02479	0.01489	0.00486	0.01387	0.02235	0.00854	0.01331
12	0.02082	0.01330	0.01994	0.01994	0.02139	0.01474	0.01474	0.02139	0.01994	0.02804	0.03092	0.04798	0.02948	0.07917	0.30718	0.25526	0.02629	0.01330	0.00665	0.00954

[dist]
# distance from previous block
# <min> <max>
0	1

[block]
# block no. 4 follows, 6 sequences, length 8
# corresponding to MSA columns:
# 64-71
name=unknown_E
#
# <colnr> <probs for GDERKNQSTAVLIFYWHMCP>
#	G	D	E	R	K	N	Q	S	T	A	V	L	I	F	Y	W	H	M	C	P
0	0.01586	0.01359	0.01359	0.01359	0.01813	0.01133	0.01020	0.01926	0.03059	0.03625	0.13595	0.12915	0.43922	0.03399	0.01586	0.00453	0.00680	0.02832	0.01246	0.01133
1	0.03214	0.34185	0.23221	0.02933	0.04429	0.04396	0.03405	0.04115	0.02771	0.03613	0.02092	0.02436	0.01713	0.01201	0.01034	0.00345	0.01664	0.00832	0.00571	0.01831
2	0.03244	0.02405	0.02936	0.02545	0.03132	0.02713	0.02041	0.18061	0.03887	0.05341	0.03439	0.04418	0.02908	0.06542	0.28279	0.01426	0.02712	0.01342	0.00979	0.01650
3	0.03065	0.26401	0.29696	0.03188	0.04823	0.04031	0.03849	0.04153	0.02789	0.03795	0.02182	0.02550	0.01709	0.01222	0.01103	0.00368	0.01755	0.00877	0.00570	0.01874
4	0.03696	0.05615	0.28444	0.03518	0.05122	0.03552	0.03955	0.19142	0.04282	0.06003	0.02747	0.02995	0.01943	0.01415	0.01303	0.00416	0.01772	0.01082	0.00890	0.02108
5	0.03338	0.02883	0.03034	0.02731	0.03490	0.03338	0.02124	0.07131	0.42042	0.05614	0.05462	0.05007	0.04096	0.01821	0.01365	0.00455	0.01062	0.01517	0.01365	0.02124
6	0.01937	0.01358	0.01752	0.01752	0.01852	0.01458	0.01173	0.02137	0.02037	0.02816	0.03964	0.07319	0.04244	0.35016	0.23784	0.01658	0.02257	0.01737	0.00774	0.00974
7	0.03767	0.02764	0.03097	0.02505	0.03263	0.02955	0.02015	0.24384	0.05263	0.07176	0.20112	0.06056	0.06607	0.02083	0.01443	0.00411	0.01125	0.01716	0.01399	0.01859

[dist]
# distance from previous block
# <min> <max>
0	4

[block]
# block no. 5 follows, 6 sequences, length 7
# corresponding to MSA columns:
# 76-82
name=unknown_F
#
# <colnr> <probs for GDERKNQSTAVLIFYWHMCP>
#	G	D	E	R	K	N	Q	S	T	A	V	L	I	F	Y	W	H	M	C	P
0	0.02184	0.01872	0.02071	0.01674	0.02496	0.01461	0.01305	0.02652	0.02921	0.03999	0.07990	0.07849	0.22955	0.02196	0.01290	0.00326	0.00837	0.01814	0.01021	0.31087
1	0.01767	0.01270	0.01675	0.01778	0.01976	0.01178	0.01256	0.02201	0.03184	0.04404	0.25578	0.30993	0.10769	0.03474	0.01648	0.00484	0.00706	0.03121	0.01361	0.01178
2	0.01743	0.01366	0.01577	0.01524	0.01909	0.01200	0.01143	0.02229	0.03429	0.04503	0.28677	0.11470	0.28292	0.03071	0.01584	0.00438	0.00656	0.02630	0.01362	0.01200
3	0.04211	0.03474	0.04737	0.05662	0.24314	0.03675	0.03335	0.22055	0.04683	0.06421	0.02873	0.03272	0.02204	0.01403	0.01336	0.00401	0.01535	0.01202	0.01003	0.02204
4	0.04594	0.02952	0.05516	0.04022	0.05220	0.02683	0.20783	0.05419	0.03504	0.24847	0.04005	0.04094	0.02679	0.01396	0.01467	0.00434	0.01702	0.01467	0.01170	0.02047
5	0.04176	0.01725	0.02431	0.02068	0.02587	0.01569	0.01569	0.04144	0.02795	0.23864	0.03813	0.04323	0.02826	0.03161	0.03297	0.30685	0.01154	0.01258	0.01122	0.01433
6	0.03137	0.02909	0.03572	0.03127	0.03506	0.03724	0.02530	0.05180	0.22049	0.04422	0.03612	0.03971	0.02929	0.02085	0.02885	0.00521	0.25722	0.01346	0.00976	0.01796

[dist]
# distance from previous block
# <min> <max>
0	10

[block]
# block no. 6 follows, 6 sequences, length 8
# corresponding to MSA columns:
# 93-100
name=unknown_G
#
# <colnr> <probs for GDERKNQSTAVLIFYWHMCP>
#	G	D	E	R	K	N	Q	S	T	A	V	L	I	F	Y	W	H	M	C	P
0	0.01615	0.01247	0.01476	0.01659	0.01891	0.01108	0.01152	0.01892	0.02771	0.03508	0.09953	0.35855	0.23332	0.03872	0.01661	0.00507	0.00738	0.03410	0.01246	0.01108
1	0.17036	0.02017	0.02742	0.21496	0.05046	0.02364	0.02292	0.02977	0.02265	0.03683	0.02241	0.03409	0.01893	0.02460	0.02559	0.21239	0.01392	0.01070	0.00649	0.01170
2	0.02227	0.01790	0.02713	0.03628	0.12597	0.01758	0.02261	0.02730	0.02867	0.03862	0.06109	0.27447	0.06834	0.03300	0.01668	0.00534	0.01135	0.14046	0.01101	0.01393
3	0.01706	0.01317	0.01557	0.01597	0.01911	0.01168	0.01159	0.02120	0.03194	0.04180	0.22453	0.21439	0.24634	0.03370	0.01616	0.00465	0.00688	0.02932	0.01325	0.01168
4	0.01744	0.01214	0.01525	0.01729	0.01780	0.01163	0.01097	0.01897	0.02357	0.03143	0.06307	0.37119	0.07502	0.20922	0.03472	0.00805	0.00958	0.03174	0.01097	0.00995
5	0.04988	0.03038	0.03471	0.02760	0.03745	0.03208	0.02248	0.20483	0.14171	0.20462	0.04480	0.04120	0.03082	0.01679	0.01351	0.00420	0.01261	0.01332	0.01458	0.02244
6	0.02220	0.01757	0.02065	0.02165	0.02477	0.01863	0.01548	0.03678	0.16138	0.04178	0.06731	0.35821	0.07233	0.03385	0.01593	0.00514	0.00876	0.03025	0.01287	0.01445
7	0.06021	0.02284	0.03114	0.02388	0.03426	0.01972	0.01972	0.06540	0.03841	0.45396	0.05294	0.04568	0.03322	0.01661	0.01350	0.00415	0.01142	0.01350	0.01661	0.02284

[dist]
# distance from previous block
# <min> <max>
0	17

[block]
# block no. 7 follows, 6 sequences, length 17
# corresponding to MSA columns:
# 118-134
name=unknown_H
#
# <colnr> <probs for GDERKNQSTAVLIFYWHMCP>
#	G	D	E	R	K	N	Q	S	T	A	V	L	I	F	Y	W	H	M	C	P
0	0.03297	0.01681	0.02242	0.01926	0.02487	0.01506	0.01506	0.03892	0.03813	0.18955	0.30711	0.08173	0.09494	0.02376	0.01504	0.00420	0.00806	0.02061	0.01540	0.01611
1	0.04752	0.03585	0.03831	0.03017	0.04029	0.03998	0.02466	0.33484	0.13386	0.07894	0.03666	0.03575	0.02641	0.01652	0.01347	0.00413	0.01395	0.01269	0.01347	0.02251
2	0.05355	0.05001	0.03569	0.03094	0.03903	0.32023	0.02382	0.05759	0.03816	0.17569	0.03167	0.03149	0.02269	0.01477	0.01257	0.00369	0.01986	0.01029	0.01020	0.01803
3	0.30979	0.02923	0.02740	0.02355	0.03209	0.03350	0.01898	0.12164	0.16568	0.06365	0.03356	0.03345	0.02514	0.01513	0.01113	0.00426	0.01133	0.01090	0.01113	0.01845
4	0.02331	0.01166	0.01748	0.01748	0.01748	0.01166	0.01166	0.01748	0.01748	0.02331	0.02331	0.04079	0.02331	0.04662	0.05245	0.60956	0.01166	0.01166	0.00583	0.00583
5	0.03466	0.02608	0.02943	0.02456	0.03216	0.02650	0.01918	0.19809	0.04342	0.05942	0.04472	0.19668	0.04460	0.02368	0.01399	0.00411	0.01144	0.02011	0.01201	0.13514
6	0.02801	0.02085	0.02356	0.02181	0.02671	0.02140	0.01644	0.14812	0.03935	0.05172	0.07208	0.27696	0.13580	0.03165	0.01562	0.00479	0.00996	0.02736	0.01279	0.01503
7	0.02534	0.02385	0.04025	0.49612	0.09243	0.02982	0.03727	0.03429	0.02683	0.03429	0.02385	0.03578	0.01789	0.01342	0.01342	0.00447	0.01789	0.01193	0.00596	0.01491
8	0.03167	0.03620	0.07919	0.05656	0.07014	0.03394	0.39593	0.04299	0.03167	0.04299	0.02715	0.03620	0.02036	0.01131	0.01584	0.00452	0.02262	0.01584	0.00679	0.01810
9	0.01725	0.01237	0.01637	0.01807	0.01966	0.01150	0.01253	0.02094	0.02986	0.04089	0.19731	0.37736	0.10160	0.03709	0.01669	0.00503	0.00729	0.03344	0.01324	0.01150
10	0.03497	0.36530	0.06494	0.04311	0.17360	0.04590	0.02914	0.04052	0.02838	0.03573	0.02089	0.02549	0.01859	0.01164	0.01020	0.00325	0.01489	0.00880	0.00605	0.01859
11	0.01899	0.01372	0.01794	0.01688	0.02005	0.01266	0.01266	0.02532	0.03799	0.05381	0.43759	0.10024	0.12662	0.02743	0.01583	0.00422	0.00633	0.02427	0.01477	0.01266
12	0.23597	0.03822	0.05086	0.03901	0.04947	0.11989	0.19328	0.04389	0.02994	0.04682	0.02301	0.02894	0.01778	0.01220	0.01254	0.00419	0.01878	0.01151	0.00733	0.01639
13	0.03867	0.04622	0.03041	0.02918	0.03402	0.31724	0.02136	0.04175	0.03384	0.03332	0.03880	0.19225	0.04153	0.02340	0.01381	0.00413	0.01863	0.01865	0.00879	0.01398
14	0.04827	0.01933	0.02482	0.02002	0.02794	0.01728	0.01622	0.05382	0.03493	0.31694	0.04983	0.04715	0.03362	0.01628	0.01210	0.00380	0.00967	0.01316	0.21548	0.01933
15	0.01934	0.01325	0.01576	0.01540	0.01647	0.01289	0.00967	0.02149	0.02578	0.03545	0.17638	0.09203	0.07519	0.35845	0.05050	0.01003	0.01074	0.02113	0.01038	0.00967
16	0.01635	0.01168	0.01557	0.01869	0.01946	0.01090	0.01246	0.01869	0.02569	0.03426	0.07396	0.51962	0.08876	0.04204	0.01713	0.00545	0.00779	0.03815	0.01246	0.01090

[dist]
# distance from previous block
# <min> <max>
0	20

[block]
# block no. 8 follows, 6 sequences, length 24
# corresponding to MSA columns:
# 155-178
name=unknown_I
#
# <colnr> <probs for GDERKNQSTAVLIFYWHMCP>
#	G	D	E	R	K	N	Q	S	T	A	V	L	I	F	Y	W	H	M	C	P
0	0.02991	0.03097	0.05010	0.04027	0.04347	0.03941	0.11591	0.03482	0.02318	0.03482	0.01987	0.03097	0.01826	0.02061	0.03738	0.00555	0.39020	0.01271	0.00609	0.01549
1	0.40289	0.04201	0.18196	0.02526	0.03782	0.03050	0.02748	0.04057	0.02487	0.05367	0.02068	0.02421	0.01544	0.01257	0.00995	0.00419	0.01387	0.00825	0.00733	0.01649
2	0.02540	0.01931	0.02161	0.01897	0.02443	0.01901	0.01478	0.11153	0.04118	0.05459	0.23044	0.09486	0.21760	0.02718	0.01527	0.00429	0.00850	0.02289	0.01360	0.01457
3	0.03255	0.01580	0.02132	0.02060	0.02493	0.01416	0.01514	0.03594	0.03039	0.18931	0.06620	0.34452	0.06824	0.03265	0.01579	0.00497	0.00913	0.02904	0.01399	0.01531
4	0.02844	0.05983	0.35767	0.03567	0.05261	0.03169	0.04289	0.04930	0.12091	0.04572	0.03129	0.03346	0.02266	0.01404	0.01296	0.00432	0.01766	0.01116	0.00755	0.02017
5	0.03793	0.16793	0.21247	0.03192	0.04642	0.04021	0.03440	0.17400	0.04092	0.05546	0.02581	0.02816	0.01920	0.01369	0.01202	0.00384	0.01667	0.01007	0.00855	0.02032
6	0.02912	0.23230	0.14254	0.02455	0.03376	0.03261	0.02507	0.03234	0.02390	0.03110	0.02166	0.03025	0.01942	0.02476	0.02578	0.22733	0.01465	0.00948	0.00576	0.01363
7	0.01784	0.01367	0.01633	0.01567	0.01934	0.01217	0.01175	0.02308	0.03525	0.04733	0.32615	0.11092	0.24211	0.02986	0.01584	0.00434	0.00650	0.02577	0.01392	0.01217
8	0.03102	0.02263	0.02684	0.02337	0.02828	0.02506	0.01796	0.16181	0.03643	0.04968	0.03607	0.05343	0.03318	0.17041	0.20853	0.01307	0.02271	0.01474	0.00972	0.01508
9	0.02597	0.02039	0.02485	0.02567	0.03042	0.02207	0.02148	0.04388	0.17480	0.04606	0.06498	0.11395	0.06383	0.03010	0.01673	0.00558	0.01172	0.22904	0.01284	0.01564
10	0.02337	0.03087	0.13084	0.21096	0.05758	0.02380	0.03109	0.03291	0.03131	0.04344	0.17676	0.05784	0.05785	0.01844	0.01415	0.00433	0.01408	0.01601	0.00915	0.01524
11	0.03224	0.03461	0.07005	0.06610	0.20850	0.03318	0.26487	0.04232	0.03126	0.04330	0.02644	0.03510	0.02069	0.01155	0.01489	0.00433	0.02016	0.01440	0.00673	0.01927
12	0.03639	0.02893	0.03243	0.02394	0.03543	0.02665	0.01945	0.16905	0.04086	0.05882	0.02694	0.02945	0.02096	0.01222	0.01123	0.00274	0.01172	0.00948	0.00997	0.39333
13	0.02691	0.02385	0.03242	0.19582	0.05420	0.02230	0.02380	0.03397	0.02746	0.04024	0.02385	0.03076	0.01914	0.01122	0.01122	0.00291	0.01288	0.00942	0.00722	0.39041
14	0.40219	0.02099	0.01706	0.01575	0.02214	0.02360	0.01263	0.03643	0.02480	0.05645	0.02796	0.03223	0.02187	0.01363	0.00870	0.00377	0.00886	0.00920	0.22797	0.01379
15	0.01938	0.01355	0.01737	0.01737	0.01832	0.01450	0.01154	0.02127	0.02032	0.02804	0.03978	0.07397	0.04278	0.35966	0.22880	0.01639	0.02206	0.01749	0.00776	0.00965
16	0.04491	0.04469	0.20200	0.03120	0.04539	0.02941	0.03287	0.13535	0.04026	0.20445	0.03667	0.03566	0.02437	0.01497	0.01318	0.00416	0.01553	0.01175	0.01154	0.02165
17	0.02866	0.34258	0.05009	0.02138	0.02891	0.03751	0.01908	0.03224	0.02669	0.03256	0.03909	0.20554	0.04365	0.02277	0.01176	0.00382	0.01193	0.01862	0.00822	0.01489
18	0.02375	0.01996	0.03069	0.04285	0.18604	0.01968	0.02277	0.02776	0.02615	0.03609	0.04727	0.22581	0.05270	0.14500	0.02770	0.00666	0.01224	0.02342	0.00914	0.01433
19	0.03002	0.02190	0.02532	0.02349	0.02820	0.02302	0.01760	0.16906	0.04045	0.05410	0.05750	0.32737	0.06275	0.03181	0.01567	0.00489	0.01054	0.02787	0.01284	0.01560
20	0.03268	0.03276	0.05790	0.05983	0.20955	0.03300	0.16753	0.04896	0.12302	0.04643	0.03288	0.03830	0.02558	0.01319	0.01432	0.00432	0.01715	0.01415	0.00835	0.02009
21	0.02296	0.03588	0.18223	0.02619	0.03664	0.02004	0.02699	0.03105	0.02717	0.03954	0.04370	0.22200	0.04598	0.02364	0.01381	0.00419	0.01274	0.02059	0.00888	0.15575
22	0.03199	0.34708	0.05921	0.19777	0.05586	0.04450	0.02825	0.03801	0.02711	0.03258	0.02058	0.02679	0.01747	0.01220	0.01039	0.00346	0.01566	0.00893	0.00582	0.01637
23	0.01917	0.01438	0.02157	0.02157	0.02396	0.01677	0.01677	0.02396	0.02157	0.03115	0.03595	0.05272	0.03355	0.10065	0.47520	0.02157	0.03595	0.01438	0.00719	0.01198

[dist]
# distance from previous block
# <min> <max>
0	7

[block]
# block no. 9 follows, 6 sequences, length 14
# corresponding to MSA columns:
# 186-199
name=unknown_J
#
# <colnr> <probs for GDERKNQSTAVLIFYWHMCP>
#	G	D	E	R	K	N	Q	S	T	A	V	L	I	F	Y	W	H	M	C	P
0	0.01791	0.01368	0.01644	0.01575	0.01938	0.01220	0.01181	0.02323	0.03543	0.04775	0.33345	0.11022	0.23454	0.02970	0.01584	0.00433	0.00649	0.02567	0.01397	0.01220
1	0.02502	0.01251	0.01251	0.01251	0.01563	0.01251	0.00938	0.03127	0.02814	0.05003	0.04378	0.05003	0.03440	0.01563	0.00938	0.00313	0.00625	0.01251	0.60288	0.01251
2	0.03936	0.03385	0.04957	0.06459	0.30552	0.03524	0.03577	0.16503	0.04179	0.05790	0.02765	0.03287	0.02180	0.01339	0.01333	0.00400	0.01554	0.01200	0.00898	0.02180
3	0.02832	0.02062	0.02410	0.02289	0.02711	0.02150	0.01696	0.15030	0.03861	0.05163	0.05955	0.35135	0.06599	0.03309	0.01585	0.00496	0.01020	0.02915	0.01279	0.01502
4	0.03246	0.27083	0.05502	0.02939	0.03486	0.04682	0.02631	0.03605	0.02375	0.03195	0.01811	0.02563	0.01743	0.01777	0.02717	0.00444	0.27074	0.00957	0.00581	0.01589
5	0.03188	0.03101	0.04986	0.06610	0.30331	0.03507	0.03710	0.03812	0.02710	0.03986	0.02261	0.03188	0.02000	0.01594	0.02390	0.00464	0.18438	0.01188	0.00638	0.01899
6	0.04228	0.01945	0.02412	0.01924	0.02739	0.01690	0.01547	0.04797	0.03298	0.24125	0.04458	0.04399	0.03124	0.01508	0.01144	0.00341	0.00937	0.01216	0.21747	0.12420
7	0.01925	0.01231	0.01416	0.01564	0.01790	0.01153	0.01099	0.02313	0.02741	0.04006	0.07461	0.28777	0.13257	0.03149	0.01423	0.00448	0.00708	0.02754	0.21629	0.01153
8	0.01917	0.01438	0.02157	0.02157	0.02396	0.01677	0.01677	0.02396	0.02157	0.03115	0.03595	0.05272	0.03355	0.10065	0.47520	0.02157	0.03595	0.01438	0.00719	0.01198
9	0.41477	0.02148	0.01797	0.01661	0.02205	0.02420	0.01232	0.03257	0.02169	0.04841	0.02683	0.04459	0.02636	0.19057	0.02902	0.00721	0.01129	0.01150	0.00824	0.01232
10	0.01635	0.01168	0.01557	0.01869	0.01946	0.01090	0.01246	0.01869	0.02569	0.03426	0.07396	0.51962	0.08876	0.04204	0.01713	0.00545	0.00779	0.03815	0.01246	0.01090
11	0.03697	0.03142	0.04525	0.19020	0.19859	0.03462	0.03458	0.16294	0.04066	0.05500	0.02723	0.03365	0.02077	0.01383	0.01337	0.00415	0.01613	0.01199	0.00878	0.01987
12	0.03150	0.03263	0.05909	0.05900	0.18884	0.03540	0.16218	0.03912	0.02791	0.04004	0.02360	0.03309	0.01984	0.01523	0.02352	0.00475	0.16639	0.01325	0.00646	0.01815
13	0.05539	0.03056	0.03593	0.02754	0.03811	0.03119	0.02275	0.24062	0.05134	0.26047	0.04209	0.03863	0.02777	0.01635	0.01346	0.00409	0.01317	0.01276	0.01494	0.02283

[dist]
# distance from previous block
# <min> <max>
3	353

# created by:
# /share/home/app/bin/augustus-3.3.1/scripts/msa2prfl.pl /dev/shm/tmp/ogap_db/mt-commelinids/msas/orf490.aln --setname=orf490
