[name]
RNA_pol

[dist]
# distance from previous block
# <min> <max>
4	484

[block]
# block no. 0 follows, 4 sequences, length 141
# corresponding to MSA columns:
# 496-636
name=unknown_A
#
# <colnr> <probs for GDERKNQSTAVLIFYWHMCP>
#	G	D	E	R	K	N	Q	S	T	A	V	L	I	F	Y	W	H	M	C	P
0	0.03561	0.05558	0.23695	0.03493	0.05209	0.03314	0.03907	0.11624	0.03954	0.05721	0.02813	0.03157	0.02064	0.01398	0.01328	0.00398	0.01770	0.01081	0.00871	0.15085
1	0.16569	0.03176	0.05211	0.16377	0.15584	0.03400	0.10616	0.04262	0.03031	0.04873	0.02573	0.03453	0.02009	0.01334	0.01378	0.00464	0.01807	0.01271	0.00746	0.01866
2	0.03405	0.02643	0.03129	0.02770	0.03420	0.03011	0.02198	0.12618	0.12713	0.05636	0.04318	0.05041	0.03535	0.06103	0.21026	0.01343	0.02558	0.01514	0.01144	0.01876
3	0.04389	0.14027	0.06350	0.05021	0.13361	0.03698	0.11452	0.05179	0.03484	0.13911	0.03414	0.03747	0.02517	0.01397	0.01402	0.00424	0.01752	0.01332	0.00985	0.02155
4	0.02580	0.02327	0.03333	0.23677	0.06394	0.02421	0.02740	0.03324	0.03030	0.04038	0.05390	0.05983	0.10618	0.01868	0.01414	0.00414	0.01430	0.01587	0.00866	0.16567
5	0.01984	0.01422	0.01912	0.02128	0.02341	0.01349	0.01592	0.02452	0.03274	0.04431	0.16253	0.30509	0.10416	0.04003	0.01854	0.00574	0.00919	0.09904	0.01414	0.01270
6	0.02480	0.01775	0.02029	0.02111	0.02450	0.01863	0.01520	0.03848	0.11902	0.04742	0.06683	0.26640	0.06851	0.03194	0.01557	0.00505	0.00885	0.02817	0.14633	0.01517
7	0.03894	0.03312	0.04462	0.15606	0.13947	0.03716	0.03381	0.13216	0.12223	0.05976	0.03655	0.04077	0.02761	0.01619	0.01457	0.00461	0.01611	0.01381	0.01078	0.02167
8	0.03172	0.01747	0.02214	0.01947	0.02534	0.01542	0.01513	0.03749	0.03937	0.14752	0.24348	0.10023	0.17089	0.02827	0.01648	0.00463	0.00845	0.02421	0.01594	0.01632
9	0.01966	0.01473	0.01851	0.01978	0.02296	0.01358	0.01521	0.02461	0.03410	0.04483	0.18021	0.21800	0.18219	0.03777	0.01817	0.00547	0.00888	0.09440	0.01414	0.01281
10	0.04940	0.05999	0.04597	0.05132	0.13957	0.32465	0.03251	0.05446	0.03903	0.03877	0.02378	0.02883	0.01988	0.01444	0.01345	0.00390	0.02382	0.01032	0.00741	0.01851
11	0.03635	0.03096	0.04561	0.06000	0.22705	0.03180	0.03338	0.11170	0.04028	0.05561	0.04134	0.13824	0.04033	0.02156	0.01539	0.00470	0.01493	0.01954	0.01040	0.02084
12	0.01771	0.01265	0.01687	0.02024	0.02109	0.01181	0.01350	0.02024	0.02783	0.03711	0.08013	0.47959	0.09615	0.04555	0.01856	0.00590	0.00843	0.04133	0.01350	0.01181
13	0.03431	0.03922	0.08578	0.06127	0.07598	0.03676	0.34559	0.04657	0.03431	0.04657	0.02941	0.03922	0.02206	0.01225	0.01716	0.00490	0.02451	0.01716	0.00735	0.01961
14	0.03914	0.03025	0.03744	0.14303	0.05428	0.03397	0.02778	0.18999	0.04847	0.06444	0.04293	0.13870	0.03980	0.02316	0.01547	0.00485	0.01516	0.01957	0.01214	0.01944
15	0.02951	0.04113	0.14412	0.04539	0.05869	0.03001	0.19086	0.04141	0.03528	0.04953	0.12367	0.05549	0.05149	0.01721	0.01638	0.00475	0.01917	0.01808	0.00935	0.01849
16	0.02787	0.02322	0.02759	0.02076	0.03142	0.01803	0.01639	0.03442	0.03277	0.04998	0.11275	0.04883	0.04908	0.01528	0.01229	0.00273	0.00984	0.01282	0.01037	0.44356
17	0.02094	0.01488	0.01984	0.01984	0.02122	0.01626	0.01378	0.02370	0.02232	0.03114	0.04216	0.07496	0.04409	0.28738	0.26372	0.01901	0.02728	0.01819	0.00827	0.01102
18	0.02873	0.03901	0.13820	0.15376	0.06874	0.03023	0.11991	0.04012	0.03185	0.04321	0.03866	0.06590	0.03471	0.01968	0.01633	0.00523	0.01985	0.07998	0.00822	0.01769
19	0.01718	0.01473	0.01473	0.01473	0.01964	0.01227	0.01105	0.02086	0.03314	0.03927	0.14728	0.13991	0.39249	0.03682	0.01718	0.00491	0.00736	0.03068	0.01350	0.01227
20	0.05431	0.06929	0.04120	0.03745	0.04494	0.43071	0.02809	0.05805	0.04120	0.03558	0.02247	0.02622	0.01873	0.01498	0.01311	0.00375	0.02622	0.00936	0.00749	0.01685
21	0.03842	0.03994	0.04433	0.14554	0.15045	0.12881	0.03402	0.05467	0.12326	0.04577	0.03421	0.03910	0.02678	0.01558	0.01422	0.00446	0.01837	0.01301	0.00909	0.01996
22	0.02951	0.03808	0.12970	0.05972	0.21985	0.02828	0.03839	0.03842	0.03114	0.04438	0.04119	0.15353	0.04154	0.02188	0.01537	0.00481	0.01588	0.02004	0.00864	0.01967
23	0.01982	0.01428	0.01876	0.01880	0.02155	0.01322	0.01366	0.02554	0.03765	0.05273	0.30903	0.20617	0.12639	0.03388	0.01752	0.00492	0.00727	0.03025	0.01534	0.01322
24	0.01853	0.01343	0.01861	0.02108	0.02239	0.01351	0.01475	0.02177	0.02664	0.03621	0.06910	0.36648	0.08014	0.06254	0.12910	0.01058	0.01660	0.03443	0.01197	0.01212
25	0.03725	0.16417	0.13259	0.02782	0.03985	0.03742	0.02851	0.11239	0.03903	0.05555	0.03216	0.03588	0.02489	0.01511	0.01182	0.00383	0.01476	0.01123	0.15634	0.01939
26	0.02395	0.01875	0.02340	0.02172	0.02172	0.02210	0.01486	0.02478	0.02144	0.02998	0.03878	0.07848	0.04397	0.36714	0.06708	0.01206	0.13202	0.01893	0.00817	0.01067
27	0.01732	0.01418	0.01529	0.01618	0.02002	0.01215	0.01169	0.02070	0.03174	0.03870	0.12962	0.22925	0.31455	0.03911	0.01754	0.00517	0.00765	0.03348	0.01350	0.01215
28	0.02675	0.02648	0.05192	0.04020	0.04863	0.02476	0.17921	0.03527	0.03457	0.04740	0.13652	0.16235	0.06998	0.02478	0.01749	0.00505	0.01604	0.02532	0.01109	0.01620
29	0.03982	0.04368	0.06127	0.07061	0.23992	0.12662	0.11248	0.04819	0.03526	0.04452	0.02671	0.03450	0.02180	0.01326	0.01475	0.00432	0.02106	0.01312	0.00730	0.02079
30	0.04113	0.04459	0.03482	0.03136	0.03576	0.21760	0.02437	0.04552	0.03331	0.04032	0.02813	0.03507	0.02370	0.01830	0.02160	0.00435	0.13790	0.01136	0.15507	0.01573
31	0.02911	0.02459	0.04105	0.24165	0.15683	0.02762	0.03406	0.03424	0.02742	0.03668	0.02608	0.03948	0.02191	0.02375	0.02582	0.15790	0.01702	0.01285	0.00661	0.01533
32	0.04694	0.27337	0.05913	0.03017	0.04121	0.14308	0.02638	0.12902	0.04271	0.04990	0.02468	0.02711	0.02030	0.01439	0.01162	0.00360	0.01821	0.00958	0.00875	0.01985
33	0.02291	0.01998	0.02954	0.22188	0.05797	0.02206	0.02552	0.03026	0.03337	0.04337	0.15547	0.08406	0.14905	0.02446	0.01593	0.00479	0.01287	0.02117	0.01087	0.01448
34	0.01852	0.01342	0.01858	0.02106	0.02237	0.01348	0.01473	0.02175	0.02666	0.03623	0.06930	0.36848	0.08042	0.06224	0.12715	0.01050	0.01646	0.03456	0.01199	0.01212
35	0.02353	0.01932	0.02603	0.02352	0.02605	0.02182	0.01847	0.02942	0.03618	0.05217	0.29298	0.08840	0.10612	0.02860	0.02518	0.00504	0.12669	0.02272	0.01347	0.01429
36	0.04563	0.05270	0.21471	0.03520	0.05136	0.03353	0.03822	0.13392	0.04365	0.15356	0.03667	0.03676	0.02473	0.01589	0.01422	0.00451	0.01762	0.01239	0.01151	0.02321
37	0.02836	0.02063	0.02459	0.02319	0.02757	0.02107	0.01727	0.10887	0.04206	0.05712	0.15139	0.26331	0.08835	0.03392	0.01712	0.00514	0.01000	0.02988	0.01444	0.01572
38	0.59177	0.02812	0.02137	0.01912	0.02812	0.03261	0.01574	0.04274	0.02474	0.06523	0.02024	0.02362	0.01574	0.01350	0.00900	0.00450	0.01125	0.00787	0.00900	0.01574
39	0.01771	0.01265	0.01687	0.02024	0.02109	0.01181	0.01350	0.02024	0.02783	0.03711	0.08013	0.47959	0.09615	0.04555	0.01856	0.00590	0.00843	0.04133	0.01350	0.01181
40	0.01771	0.01265	0.01687	0.02024	0.02109	0.01181	0.01350	0.02024	0.02783	0.03711	0.08013	0.47959	0.09615	0.04555	0.01856	0.00590	0.00843	0.04133	0.01350	0.01181
41	0.02451	0.01917	0.02883	0.14119	0.04886	0.02090	0.02796	0.03200	0.03229	0.04180	0.06328	0.13046	0.06646	0.03330	0.01860	0.00620	0.01499	0.22353	0.01153	0.01413
42	0.03015	0.02584	0.03015	0.02153	0.03445	0.01938	0.01723	0.03661	0.03015	0.04737	0.02584	0.03015	0.02153	0.01077	0.01077	0.00215	0.01077	0.00861	0.00861	0.57795
43	0.04348	0.03552	0.04774	0.14858	0.15279	0.03922	0.03521	0.19368	0.04956	0.06683	0.03072	0.03611	0.02300	0.01555	0.01450	0.00447	0.01714	0.01301	0.01065	0.02223
44	0.03688	0.04218	0.02838	0.02649	0.03157	0.22439	0.01915	0.03974	0.03444	0.03484	0.06069	0.07205	0.12491	0.13028	0.02825	0.00644	0.01846	0.01769	0.00938	0.01379
45	0.01771	0.01265	0.01687	0.02024	0.02109	0.01181	0.01350	0.02024	0.02783	0.03711	0.08013	0.47959	0.09615	0.04555	0.01856	0.00590	0.00843	0.04133	0.01350	0.01181
46	0.06523	0.02474	0.03374	0.02587	0.03711	0.02137	0.02137	0.07085	0.04161	0.40846	0.05735	0.04948	0.03599	0.01799	0.01462	0.00450	0.01237	0.01462	0.01799	0.02474
47	0.03699	0.02722	0.03164	0.02751	0.03410	0.02977	0.02159	0.18449	0.04679	0.06324	0.04797	0.15925	0.04662	0.04679	0.11492	0.00930	0.01944	0.02124	0.01265	0.01847
48	0.01917	0.01411	0.01665	0.01715	0.01946	0.01300	0.01165	0.02236	0.03061	0.04034	0.16258	0.19896	0.17227	0.15823	0.03270	0.00752	0.00929	0.02954	0.01284	0.01158
49	0.04534	0.17269	0.05517	0.04801	0.13756	0.22650	0.03167	0.05064	0.03596	0.03841	0.02318	0.02807	0.01986	0.01377	0.01246	0.00373	0.02102	0.00991	0.00708	0.01898
50	0.02614	0.02408	0.03745	0.25467	0.06698	0.03025	0.03199	0.03262	0.02720	0.03664	0.03721	0.14215	0.03760	0.02444	0.02316	0.00545	0.11917	0.01964	0.00811	0.01506
51	0.03603	0.03367	0.05214	0.07355	0.30355	0.03497	0.03893	0.05320	0.12227	0.05100	0.03572	0.04078	0.02864	0.01473	0.01450	0.00448	0.01575	0.01387	0.00919	0.02302
52	0.02916	0.07520	0.41375	0.04144	0.06292	0.03376	0.05371	0.04604	0.03069	0.04604	0.02609	0.03069	0.01842	0.01381	0.01381	0.00460	0.02149	0.01074	0.00614	0.02149
53	0.20371	0.02563	0.03048	0.02409	0.03475	0.02433	0.01989	0.06346	0.03717	0.31819	0.04759	0.04268	0.03066	0.01681	0.01314	0.00450	0.01207	0.01285	0.01563	0.02238
54	0.04019	0.03071	0.03364	0.02890	0.03674	0.03383	0.02263	0.18994	0.13740	0.06893	0.05339	0.15905	0.04902	0.02557	0.01568	0.00492	0.01279	0.02153	0.01433	0.02082
55	0.03100	0.24444	0.05253	0.13807	0.05003	0.03925	0.02609	0.03759	0.03247	0.04133	0.11916	0.04988	0.05002	0.01754	0.01278	0.00396	0.01429	0.01402	0.00886	0.01669
56	0.02015	0.01660	0.02341	0.13308	0.04154	0.01731	0.02000	0.02483	0.02938	0.03762	0.08137	0.28515	0.14444	0.03537	0.01718	0.00540	0.01107	0.03140	0.01165	0.01306
57	0.01771	0.01265	0.01687	0.02024	0.02109	0.01181	0.01350	0.02024	0.02783	0.03711	0.08013	0.47959	0.09615	0.04555	0.01856	0.00590	0.00843	0.04133	0.01350	0.01181
58	0.03714	0.03211	0.04766	0.24553	0.16383	0.03631	0.03808	0.12285	0.04065	0.05445	0.02866	0.03700	0.02177	0.01490	0.01450	0.00458	0.01792	0.01297	0.00882	0.02025
59	0.03651	0.03061	0.04081	0.04339	0.11795	0.03512	0.02817	0.11823	0.03684	0.05142	0.03159	0.04868	0.02955	0.13085	0.03739	0.00720	0.13326	0.01488	0.00933	0.01822
60	0.03904	0.03086	0.03670	0.03115	0.03684	0.03603	0.02495	0.17882	0.04538	0.06213	0.04285	0.15314	0.04236	0.02708	0.02434	0.00530	0.13140	0.02055	0.01211	0.01895
61	0.01995	0.01479	0.02163	0.02253	0.02466	0.01647	0.01692	0.02443	0.02456	0.03465	0.04997	0.17022	0.05236	0.09204	0.32092	0.01869	0.03077	0.02247	0.00932	0.01267
62	0.02434	0.12550	0.03006	0.01909	0.02219	0.02353	0.01375	0.02608	0.02484	0.03193	0.04892	0.17965	0.05634	0.26228	0.04447	0.00940	0.01294	0.02336	0.00944	0.01187
63	0.04382	0.05455	0.13264	0.05128	0.14376	0.14107	0.03833	0.12119	0.04307	0.05454	0.02757	0.03193	0.02123	0.01476	0.01396	0.00424	0.02029	0.01153	0.00878	0.02145
64	0.03698	0.37306	0.06771	0.02843	0.03754	0.05405	0.02673	0.04124	0.02759	0.03441	0.01991	0.02559	0.01877	0.01592	0.01960	0.00398	0.13520	0.00910	0.00626	0.01792
65	0.03482	0.15249	0.15795	0.06156	0.22513	0.03964	0.04249	0.04475	0.03163	0.04403	0.02536	0.03164	0.02078	0.01306	0.01307	0.00412	0.01800	0.01116	0.00669	0.02161
66	0.16919	0.05602	0.23476	0.03428	0.05051	0.03611	0.03864	0.11547	0.03798	0.06114	0.02673	0.02998	0.01924	0.01458	0.01283	0.00452	0.01778	0.01060	0.00876	0.02087
67	0.01977	0.01473	0.01871	0.02022	0.02328	0.01367	0.01559	0.02470	0.03371	0.04434	0.16879	0.22973	0.17112	0.03834	0.01830	0.00556	0.00911	0.10346	0.01407	0.01279
68	0.03878	0.03530	0.05771	0.15196	0.15808	0.03738	0.11077	0.12509	0.04190	0.05670	0.02951	0.03711	0.02241	0.01436	0.01512	0.00459	0.01914	0.01398	0.00903	0.02108
69	0.04463	0.04996	0.04365	0.04897	0.13599	0.22088	0.03108	0.05966	0.12767	0.04547	0.03358	0.03629	0.02673	0.01572	0.01390	0.00421	0.01993	0.01220	0.00937	0.02013
70	0.03035	0.01737	0.02261	0.02048	0.02594	0.01632	0.01600	0.03563	0.03444	0.13015	0.15362	0.08936	0.15491	0.04969	0.12552	0.00959	0.01674	0.02187	0.01365	0.01576
71	0.03035	0.02051	0.02374	0.02138	0.02557	0.02222	0.01599	0.10144	0.03487	0.05053	0.04183	0.06129	0.03822	0.16589	0.14076	0.01178	0.01944	0.01598	0.14347	0.01473
72	0.04340	0.03454	0.04114	0.14519	0.05814	0.03960	0.02998	0.20317	0.12803	0.06992	0.03809	0.04040	0.02783	0.01720	0.01460	0.00462	0.01587	0.01382	0.01244	0.02203
73	0.02156	0.01398	0.01758	0.01847	0.02019	0.01446	0.01287	0.02523	0.02572	0.03822	0.05338	0.17632	0.05611	0.15822	0.13992	0.01187	0.01751	0.02315	0.14338	0.01184
74	0.03880	0.03353	0.04477	0.04649	0.13390	0.03624	0.03069	0.12221	0.03928	0.05630	0.02705	0.03335	0.02220	0.01663	0.02153	0.00432	0.12146	0.01193	0.00929	0.15002
75	0.03570	0.16401	0.14552	0.02972	0.04225	0.03785	0.03058	0.11117	0.04158	0.05638	0.11343	0.04828	0.04822	0.01808	0.01360	0.00415	0.01517	0.01421	0.01045	0.01964
76	0.01771	0.01265	0.01687	0.02024	0.02109	0.01181	0.01350	0.02024	0.02783	0.03711	0.08013	0.47959	0.09615	0.04555	0.01856	0.00590	0.00843	0.04133	0.01350	0.01181
77	0.02313	0.01989	0.02684	0.03494	0.12017	0.01866	0.01952	0.02729	0.03036	0.03891	0.09172	0.10174	0.21509	0.13494	0.02956	0.00687	0.01157	0.02373	0.01073	0.01435
78	0.04558	0.04641	0.05640	0.05422	0.13634	0.14207	0.10527	0.13034	0.04495	0.05596	0.02856	0.03387	0.02213	0.01453	0.01473	0.00431	0.02096	0.01302	0.00928	0.02107
79	0.02533	0.03298	0.11522	0.02548	0.03470	0.02330	0.02469	0.04165	0.11304	0.05096	0.16323	0.08572	0.15459	0.02549	0.01582	0.00475	0.01155	0.02147	0.01272	0.01734
80	0.01970	0.01265	0.01741	0.01990	0.02052	0.01202	0.01327	0.01990	0.02549	0.03399	0.06570	0.36508	0.07751	0.04685	0.02862	0.15611	0.00954	0.03378	0.01161	0.01036
81	0.01826	0.01372	0.01692	0.01833	0.02086	0.01239	0.01290	0.02212	0.03240	0.04273	0.17176	0.30189	0.18386	0.03948	0.01786	0.00533	0.00778	0.03495	0.01409	0.01239
82	0.03598	0.03454	0.05901	0.08923	0.39839	0.03454	0.04462	0.04462	0.03310	0.04750	0.02735	0.03598	0.02303	0.01295	0.01439	0.00432	0.01727	0.01295	0.00720	0.02303
83	0.04171	0.04890	0.04233	0.23299	0.07084	0.24375	0.03385	0.04824	0.03551	0.03631	0.02405	0.03210	0.01903	0.01477	0.01378	0.00426	0.02301	0.01103	0.00701	0.01652
84	0.01799	0.01476	0.01585	0.01558	0.02013	0.01262	0.01168	0.02243	0.03505	0.04380	0.20526	0.13245	0.33168	0.03513	0.01717	0.00483	0.00724	0.02964	0.01410	0.01262
85	0.03364	0.03723	0.07474	0.05509	0.06586	0.03884	0.26158	0.04347	0.03109	0.04347	0.02665	0.03723	0.02126	0.01579	0.02534	0.00529	0.14176	0.01597	0.00709	0.01862
86	0.04488	0.02946	0.04097	0.22883	0.06878	0.03274	0.03193	0.12843	0.04276	0.15088	0.03666	0.04062	0.02523	0.01623	0.01456	0.00463	0.01661	0.01342	0.01167	0.02071
87	0.06256	0.02902	0.03639	0.02790	0.03925	0.02772	0.02304	0.14556	0.04877	0.32363	0.05134	0.04558	0.03297	0.01785	0.01460	0.00446	0.01334	0.01421	0.01707	0.02474
88	0.02969	0.02405	0.03283	0.22460	0.06156	0.02840	0.02778	0.04702	0.12129	0.04797	0.04044	0.04697	0.03078	0.01656	0.01345	0.00448	0.01396	0.01403	0.15685	0.01730
89	0.02443	0.01880	0.02355	0.02279	0.02599	0.02124	0.01678	0.03652	0.10336	0.03851	0.04545	0.06663	0.04262	0.19014	0.23947	0.01662	0.02595	0.01727	0.00968	0.01418
90	0.02916	0.07520	0.41375	0.04144	0.06292	0.03376	0.05371	0.04604	0.03069	0.04604	0.02609	0.03069	0.01842	0.01381	0.01381	0.00460	0.02149	0.01074	0.00614	0.02149
91	0.03348	0.04102	0.13571	0.03913	0.05103	0.03129	0.11368	0.10949	0.03958	0.05432	0.04347	0.15409	0.04164	0.02274	0.01613	0.00497	0.01752	0.02116	0.01037	0.01915
92	0.02094	0.01488	0.01984	0.01984	0.02122	0.01626	0.01378	0.02370	0.02232	0.03114	0.04216	0.07496	0.04409	0.28738	0.26372	0.01901	0.02728	0.01819	0.00827	0.01102
93	0.02307	0.01918	0.02071	0.01955	0.02500	0.01901	0.01489	0.03753	0.12580	0.04957	0.18167	0.10952	0.23848	0.03055	0.01653	0.00483	0.00835	0.02582	0.01444	0.01549
94	0.01912	0.01424	0.01811	0.02068	0.02316	0.01324	0.01557	0.02304	0.03061	0.03934	0.09528	0.31419	0.16339	0.04203	0.01864	0.00588	0.00951	0.10819	0.01347	0.01234
95	0.03399	0.03170	0.04930	0.16236	0.24402	0.03438	0.03861	0.05038	0.11049	0.04811	0.03434	0.04086	0.02709	0.01489	0.01452	0.00459	0.01644	0.01375	0.00878	0.02139
96	0.01757	0.01321	0.01630	0.01877	0.02070	0.01193	0.01284	0.02041	0.02925	0.03769	0.09811	0.38865	0.17549	0.04321	0.01819	0.00564	0.00815	0.03848	0.01350	0.01193
97	0.06523	0.02474	0.03374	0.02587	0.03711	0.02137	0.02137	0.07085	0.04161	0.40846	0.05735	0.04948	0.03599	0.01799	0.01462	0.00450	0.01237	0.01462	0.01799	0.02474
98	0.04396	0.17017	0.15128	0.03333	0.04782	0.04533	0.03389	0.18798	0.04806	0.06432	0.02868	0.03073	0.02144	0.01516	0.01298	0.00410	0.01735	0.01106	0.01010	0.02226
99	0.06523	0.02474	0.03374	0.02587	0.03711	0.02137	0.02137	0.07085	0.04161	0.40846	0.05735	0.04948	0.03599	0.01799	0.01462	0.00450	0.01237	0.01462	0.01799	0.02474
100	0.01996	0.01481	0.02166	0.02254	0.02468	0.01650	0.01694	0.02446	0.02454	0.03463	0.04977	0.16823	0.05207	0.09234	0.32287	0.01877	0.03092	0.02235	0.00929	0.01267
101	0.03201	0.24731	0.06283	0.03321	0.04314	0.03983	0.10618	0.03810	0.03034	0.03823	0.03867	0.14966	0.04030	0.02125	0.01386	0.00433	0.01600	0.01923	0.00847	0.01707
102	0.30239	0.16470	0.04126	0.02548	0.03500	0.14398	0.02144	0.04698	0.03035	0.04912	0.02082	0.02422	0.01731	0.01360	0.01017	0.00393	0.01634	0.00824	0.00786	0.01682
103	0.02077	0.01558	0.02336	0.02336	0.02596	0.01817	0.01817	0.02596	0.02336	0.03375	0.03894	0.05711	0.03634	0.10903	0.43146	0.02336	0.03894	0.01558	0.00779	0.01298
104	0.04040	0.04479	0.06070	0.06896	0.22864	0.13927	0.11196	0.04862	0.03552	0.04414	0.02656	0.03418	0.02167	0.01332	0.01471	0.00431	0.02135	0.01301	0.00731	0.02059
105	0.01918	0.01388	0.01582	0.01671	0.01824	0.01301	0.01064	0.02083	0.02611	0.03350	0.08200	0.20824	0.15517	0.25134	0.04420	0.00948	0.01080	0.02901	0.01130	0.01053
106	0.02508	0.13044	0.03594	0.02372	0.02866	0.02755	0.01977	0.03015	0.02484	0.03386	0.03448	0.04906	0.03213	0.08603	0.33092	0.01854	0.03337	0.01372	0.00741	0.01433
107	0.01953	0.01342	0.01633	0.01791	0.01831	0.01302	0.01101	0.02072	0.02428	0.03238	0.06191	0.27555	0.07317	0.28094	0.04798	0.01025	0.01144	0.03062	0.01101	0.01022
108	0.03015	0.02584	0.03015	0.02153	0.03445	0.01938	0.01723	0.03661	0.03015	0.04737	0.02584	0.03015	0.02153	0.01077	0.01077	0.00215	0.01077	0.00861	0.00861	0.57795
109	0.04472	0.02377	0.02842	0.02386	0.03262	0.02282	0.01904	0.05915	0.12627	0.21818	0.08191	0.07494	0.13364	0.02349	0.01535	0.00472	0.01080	0.01940	0.01595	0.02095
110	0.02114	0.01409	0.01586	0.01586	0.01586	0.01409	0.00881	0.02114	0.02114	0.02819	0.04581	0.09514	0.05285	0.48908	0.07400	0.01409	0.01409	0.02114	0.00881	0.00881
111	0.01907	0.01362	0.01843	0.02180	0.02324	0.01298	0.01586	0.02260	0.02918	0.03864	0.07938	0.40442	0.09318	0.04426	0.01892	0.00609	0.00961	0.10307	0.01347	0.01218
112	0.03887	0.49782	0.07618	0.02488	0.03731	0.05752	0.02488	0.04353	0.02954	0.03420	0.02021	0.02332	0.01866	0.01244	0.00933	0.00311	0.01555	0.00777	0.00622	0.01866
113	0.02114	0.01409	0.01586	0.01586	0.01586	0.01409	0.00881	0.02114	0.02114	0.02819	0.04581	0.09514	0.05285	0.48908	0.07400	0.01409	0.01409	0.02114	0.00881	0.00881
114	0.02745	0.02584	0.04360	0.45413	0.10013	0.03230	0.04037	0.03714	0.02907	0.03714	0.02584	0.03876	0.01938	0.01453	0.01453	0.00484	0.01938	0.01292	0.00646	0.01615
115	0.59177	0.02812	0.02137	0.01912	0.02812	0.03261	0.01574	0.04274	0.02474	0.06523	0.02024	0.02362	0.01574	0.01350	0.00900	0.00450	0.01125	0.00787	0.00900	0.01574
116	0.02745	0.02584	0.04360	0.45413	0.10013	0.03230	0.04037	0.03714	0.02907	0.03714	0.02584	0.03876	0.01938	0.01453	0.01453	0.00484	0.01938	0.01292	0.00646	0.01615
117	0.03689	0.04368	0.02878	0.02679	0.03307	0.23435	0.02009	0.04060	0.03742	0.03731	0.08104	0.07957	0.19412	0.02523	0.01502	0.00429	0.01737	0.01937	0.01031	0.01470
118	0.02077	0.01558	0.02336	0.02336	0.02596	0.01817	0.01817	0.02596	0.02336	0.03375	0.03894	0.05711	0.03634	0.10903	0.43146	0.02336	0.03894	0.01558	0.00779	0.01298
119	0.02745	0.02584	0.04360	0.45413	0.10013	0.03230	0.04037	0.03714	0.02907	0.03714	0.02584	0.03876	0.01938	0.01453	0.01453	0.00484	0.01938	0.01292	0.00646	0.01615
120	0.03991	0.03172	0.03854	0.03206	0.03820	0.03786	0.02626	0.18040	0.04418	0.06124	0.03173	0.03992	0.02627	0.04368	0.13307	0.00990	0.14157	0.01365	0.01058	0.01927
121	0.59177	0.02812	0.02137	0.01912	0.02812	0.03261	0.01574	0.04274	0.02474	0.06523	0.02024	0.02362	0.01574	0.01350	0.00900	0.00450	0.01125	0.00787	0.00900	0.01574
122	0.02487	0.02066	0.02403	0.01919	0.02800	0.01639	0.01496	0.03078	0.03346	0.04810	0.14081	0.07420	0.13480	0.02130	0.01377	0.00337	0.00905	0.01792	0.01150	0.31284
123	0.01953	0.01342	0.01633	0.01791	0.01831	0.01302	0.01101	0.02072	0.02428	0.03238	0.06191	0.27555	0.07317	0.28094	0.04798	0.01025	0.01144	0.03062	0.01101	0.01022
124	0.03181	0.03181	0.04453	0.03817	0.03817	0.04453	0.03181	0.03499	0.02226	0.03499	0.01908	0.03181	0.01908	0.02545	0.04771	0.00636	0.46247	0.01272	0.00636	0.01590
125	0.02104	0.01448	0.01783	0.01783	0.01851	0.01517	0.01127	0.02241	0.02173	0.02965	0.04400	0.08514	0.04851	0.38912	0.16801	0.01653	0.02063	0.01968	0.00854	0.00991
126	0.03181	0.03181	0.04453	0.03817	0.03817	0.04453	0.03181	0.03499	0.02226	0.03499	0.01908	0.03181	0.01908	0.02545	0.04771	0.00636	0.46247	0.01272	0.00636	0.01590
127	0.02916	0.07520	0.41375	0.04144	0.06292	0.03376	0.05371	0.04604	0.03069	0.04604	0.02609	0.03069	0.01842	0.01381	0.01381	0.00460	0.02149	0.01074	0.00614	0.02149
128	0.02745	0.02584	0.04360	0.45413	0.10013	0.03230	0.04037	0.03714	0.02907	0.03714	0.02584	0.03876	0.01938	0.01453	0.01453	0.00484	0.01938	0.01292	0.00646	0.01615
129	0.03887	0.49782	0.07618	0.02488	0.03731	0.05752	0.02488	0.04353	0.02954	0.03420	0.02021	0.02332	0.01866	0.01244	0.00933	0.00311	0.01555	0.00777	0.00622	0.01866
130	0.01759	0.01313	0.01637	0.01897	0.02075	0.01192	0.01293	0.02039	0.02906	0.03761	0.09565	0.40109	0.16463	0.04353	0.01824	0.00567	0.00819	0.03887	0.01350	0.01192
131	0.03916	0.02330	0.02850	0.02365	0.03084	0.02296	0.01880	0.11428	0.04774	0.14715	0.22893	0.07738	0.08701	0.02409	0.01594	0.00451	0.01031	0.02045	0.01612	0.01889
132	0.02745	0.02584	0.04360	0.45413	0.10013	0.03230	0.04037	0.03714	0.02907	0.03714	0.02584	0.03876	0.01938	0.01453	0.01453	0.00484	0.01938	0.01292	0.00646	0.01615
133	0.05526	0.04072	0.04363	0.03345	0.04508	0.04508	0.02763	0.34991	0.06835	0.09162	0.03490	0.03490	0.02472	0.01745	0.01454	0.00436	0.01600	0.01309	0.01454	0.02472
134	0.01771	0.01265	0.01687	0.02024	0.02109	0.01181	0.01350	0.02024	0.02783	0.03711	0.08013	0.47959	0.09615	0.04555	0.01856	0.00590	0.00843	0.04133	0.01350	0.01181
135	0.01718	0.01473	0.01473	0.01473	0.01964	0.01227	0.01105	0.02086	0.03314	0.03927	0.14728	0.13991	0.39249	0.03682	0.01718	0.00491	0.00736	0.03068	0.01350	0.01227
136	0.01891	0.01424	0.01750	0.01785	0.02100	0.01283	0.01294	0.02378	0.03550	0.04763	0.24386	0.21455	0.19474	0.03578	0.01753	0.00501	0.00741	0.03142	0.01467	0.01283
137	0.02114	0.01409	0.01586	0.01586	0.01586	0.01409	0.00881	0.02114	0.02114	0.02819	0.04581	0.09514	0.05285	0.48908	0.07400	0.01409	0.01409	0.02114	0.00881	0.00881
138	0.05817	0.15140	0.04510	0.02560	0.03717	0.03105	0.02231	0.06354	0.03838	0.30826	0.04741	0.04248	0.03135	0.01651	0.01320	0.00413	0.01322	0.01279	0.01484	0.02311
139	0.17033	0.05316	0.14794	0.04042	0.05391	0.12601	0.11551	0.04817	0.03266	0.04833	0.02473	0.03021	0.01881	0.01360	0.01338	0.00446	0.02094	0.01143	0.00745	0.01855
140	0.05005	0.04696	0.05311	0.04100	0.05241	0.13222	0.10347	0.21022	0.05397	0.06794	0.03072	0.03392	0.02270	0.01564	0.01483	0.00435	0.02039	0.01320	0.01120	0.02169

[dist]
# distance from previous block
# <min> <max>
0	8

[block]
# block no. 1 follows, 4 sequences, length 12
# corresponding to MSA columns:
# 645-656
name=unknown_B
#
# <colnr> <probs for GDERKNQSTAVLIFYWHMCP>
#	G	D	E	R	K	N	Q	S	T	A	V	L	I	F	Y	W	H	M	C	P
0	0.04323	0.04937	0.03613	0.03016	0.04014	0.24218	0.02311	0.04822	0.03613	0.04099	0.02402	0.02802	0.02001	0.01305	0.01204	0.00302	0.01914	0.00902	0.00801	0.27402
1	0.04497	0.04322	0.04406	0.04591	0.13116	0.13350	0.02983	0.13535	0.04479	0.05736	0.02802	0.03201	0.02214	0.01432	0.01336	0.00374	0.01778	0.01119	0.00971	0.13759
2	0.04474	0.26373	0.06128	0.04121	0.12753	0.04274	0.02893	0.05063	0.03345	0.13109	0.03128	0.03303	0.02408	0.01396	0.01192	0.00376	0.01518	0.01078	0.00941	0.02127
3	0.03708	0.16574	0.04964	0.03927	0.11042	0.03820	0.02683	0.11453	0.03956	0.05205	0.04035	0.14292	0.04046	0.02208	0.01399	0.00437	0.01424	0.01857	0.01032	0.01937
4	0.15918	0.05529	0.14634	0.03379	0.04672	0.13559	0.03288	0.12432	0.04149	0.05882	0.02617	0.02915	0.01951	0.01495	0.01282	0.00431	0.01916	0.01039	0.00917	0.01994
5	0.05048	0.17404	0.05312	0.03095	0.04282	0.04871	0.02683	0.26055	0.05703	0.07488	0.03062	0.03153	0.02295	0.01599	0.01302	0.00400	0.01587	0.01154	0.01212	0.02295
6	0.02893	0.02940	0.05788	0.16638	0.07052	0.03081	0.17471	0.03867	0.03005	0.04062	0.03075	0.04356	0.02485	0.03711	0.11997	0.00950	0.02662	0.01553	0.00720	0.01694
7	0.14630	0.03064	0.02326	0.02270	0.02809	0.12100	0.01690	0.03456	0.03208	0.04322	0.07282	0.17218	0.14648	0.02868	0.01480	0.00478	0.01315	0.02326	0.01106	0.01403
8	0.03183	0.01633	0.01981	0.01883	0.02375	0.01473	0.01412	0.03643	0.03305	0.13467	0.08025	0.19495	0.12813	0.02969	0.01519	0.00472	0.00878	0.02549	0.15369	0.01557
9	0.03086	0.02976	0.04773	0.24159	0.15662	0.03643	0.03894	0.03838	0.02809	0.03910	0.02425	0.03604	0.02021	0.01732	0.02418	0.00516	0.14809	0.01287	0.00662	0.01780
10	0.04145	0.04233	0.03530	0.03188	0.03989	0.15124	0.02449	0.07165	0.27560	0.05346	0.04847	0.04607	0.03690	0.01834	0.01430	0.00459	0.01580	0.01437	0.01266	0.02122
11	0.02001	0.01444	0.01647	0.01618	0.01827	0.01354	0.01060	0.02265	0.02914	0.03849	0.15740	0.10970	0.15884	0.26117	0.04558	0.00942	0.01060	0.02481	0.01178	0.01090

[dist]
# distance from previous block
# <min> <max>
5	9

[block]
# block no. 2 follows, 4 sequences, length 7
# corresponding to MSA columns:
# 666-672
name=unknown_C
#
# <colnr> <probs for GDERKNQSTAVLIFYWHMCP>
#	G	D	E	R	K	N	Q	S	T	A	V	L	I	F	Y	W	H	M	C	P
0	0.02104	0.01452	0.01800	0.01800	0.01874	0.01526	0.01148	0.02252	0.02178	0.02978	0.04385	0.08427	0.04814	0.38049	0.17613	0.01674	0.02119	0.01955	0.00852	0.01000
1	0.03280	0.03246	0.04798	0.05033	0.12393	0.04215	0.03486	0.03728	0.02485	0.03797	0.02105	0.03280	0.02002	0.02247	0.03978	0.00587	0.35647	0.01278	0.00656	0.01760
2	0.02512	0.02100	0.03355	0.04218	0.13237	0.02285	0.02573	0.03129	0.02615	0.03768	0.03563	0.05108	0.03254	0.08158	0.31230	0.01792	0.03275	0.01483	0.00762	0.01585
3	0.04608	0.03778	0.05095	0.06001	0.21332	0.04006	0.03572	0.20453	0.05157	0.07061	0.03130	0.03542	0.02392	0.01531	0.01447	0.00434	0.01660	0.01302	0.01104	0.02392
4	0.04057	0.03601	0.05535	0.07595	0.31427	0.03705	0.04057	0.11731	0.04150	0.05800	0.02915	0.03573	0.02343	0.01402	0.01443	0.00433	0.01697	0.01299	0.00895	0.02343
5	0.02105	0.01445	0.01764	0.01764	0.01826	0.01507	0.01104	0.02229	0.02167	0.02951	0.04417	0.08608	0.04892	0.39859	0.15911	0.01630	0.02001	0.01982	0.00857	0.00980
6	0.18502	0.01793	0.01902	0.01810	0.02149	0.01895	0.01287	0.02829	0.02641	0.04524	0.11573	0.06578	0.05576	0.13940	0.03780	0.14312	0.01121	0.01655	0.00998	0.01136

[dist]
# distance from previous block
# <min> <max>
0	1

[block]
# block no. 3 follows, 4 sequences, length 11
# corresponding to MSA columns:
# 674-684
name=unknown_D
#
# <colnr> <probs for GDERKNQSTAVLIFYWHMCP>
#	G	D	E	R	K	N	Q	S	T	A	V	L	I	F	Y	W	H	M	C	P
0	0.04534	0.04752	0.03585	0.03126	0.03864	0.22350	0.02406	0.12046	0.04777	0.05536	0.12592	0.05079	0.05248	0.01960	0.01456	0.00412	0.01846	0.01488	0.01152	0.01791
1	0.01916	0.01466	0.01970	0.02051	0.02325	0.01520	0.01531	0.02334	0.02682	0.03590	0.07519	0.17960	0.13718	0.07614	0.23093	0.01466	0.02389	0.02548	0.01056	0.01252
2	0.04071	0.15575	0.05982	0.03899	0.04983	0.13715	0.11267	0.05605	0.11672	0.04436	0.03271	0.03585	0.02584	0.01477	0.01370	0.00419	0.01960	0.01282	0.00892	0.01953
3	0.03651	0.39537	0.15802	0.02889	0.04352	0.05176	0.03187	0.04414	0.02982	0.03707	0.02164	0.02511	0.01860	0.01277	0.01042	0.00347	0.01699	0.00849	0.00620	0.01934
4	0.19046	0.02943	0.03314	0.02607	0.03686	0.02984	0.02152	0.13169	0.04400	0.24844	0.04292	0.03968	0.02835	0.01677	0.01324	0.00447	0.01298	0.01261	0.01498	0.02256
5	0.01985	0.01512	0.01737	0.01829	0.02158	0.01393	0.01388	0.02346	0.03032	0.03774	0.10350	0.13562	0.22593	0.14737	0.03175	0.00762	0.01064	0.10197	0.01233	0.01174
6	0.02916	0.04196	0.15151	0.05136	0.13692	0.02947	0.11192	0.03972	0.03275	0.04488	0.05658	0.06052	0.11110	0.01880	0.01558	0.00468	0.01777	0.01767	0.00847	0.01917
7	0.02413	0.01303	0.01810	0.01810	0.01810	0.01303	0.01159	0.01954	0.01954	0.02605	0.03086	0.05809	0.03278	0.17012	0.06150	0.42349	0.01303	0.01495	0.00699	0.00699
8	0.01988	0.01499	0.01919	0.01919	0.02179	0.01557	0.01396	0.02340	0.02549	0.03391	0.07015	0.08891	0.13748	0.18147	0.23182	0.01608	0.02431	0.02105	0.00959	0.01178
9	0.03657	0.03504	0.02903	0.02534	0.03271	0.12266	0.01970	0.11962	0.04470	0.05266	0.08637	0.08371	0.20158	0.02624	0.01547	0.00448	0.01429	0.02072	0.01233	0.01678
10	0.03503	0.15671	0.14917	0.06204	0.22953	0.03992	0.04204	0.04470	0.03166	0.04392	0.02531	0.03163	0.02085	0.01304	0.01302	0.00409	0.01787	0.01116	0.00670	0.02159

[dist]
# distance from previous block
# <min> <max>
18	26

[block]
# block no. 4 follows, 4 sequences, length 13
# corresponding to MSA columns:
# 715-727
name=unknown_E
#
# <colnr> <probs for GDERKNQSTAVLIFYWHMCP>
#	G	D	E	R	K	N	Q	S	T	A	V	L	I	F	Y	W	H	M	C	P
0	0.05496	0.02173	0.02830	0.02255	0.03168	0.01926	0.01835	0.06090	0.03862	0.31308	0.05468	0.05075	0.03633	0.01771	0.01342	0.00420	0.01086	0.01433	0.16655	0.02173
1	0.03677	0.03189	0.04756	0.25270	0.16249	0.03615	0.03820	0.11926	0.04018	0.05377	0.02855	0.03706	0.02169	0.01488	0.01450	0.00459	0.01797	0.01297	0.00872	0.02011
2	0.03939	0.16091	0.05179	0.03458	0.03969	0.14688	0.02908	0.04309	0.02898	0.03494	0.02024	0.02820	0.01888	0.01943	0.02900	0.00486	0.23601	0.01059	0.00661	0.01685
3	0.03015	0.02584	0.03015	0.02153	0.03445	0.01938	0.01723	0.03661	0.03015	0.04737	0.02584	0.03015	0.02153	0.01077	0.01077	0.00215	0.01077	0.00861	0.00861	0.57795
4	0.02114	0.01409	0.01586	0.01586	0.01586	0.01409	0.00881	0.02114	0.02114	0.02819	0.04581	0.09514	0.05285	0.48908	0.07400	0.01409	0.01409	0.02114	0.00881	0.00881
5	0.03431	0.03922	0.08578	0.06127	0.07598	0.03676	0.34559	0.04657	0.03431	0.04657	0.02941	0.03922	0.02206	0.01225	0.01716	0.00490	0.02451	0.01716	0.00735	0.01961
6	0.02104	0.01449	0.01788	0.01788	0.01858	0.01519	0.01133	0.02244	0.02174	0.02969	0.04396	0.08490	0.04841	0.38676	0.17024	0.01659	0.02078	0.01964	0.00853	0.00993
7	0.01743	0.01374	0.01574	0.01734	0.02032	0.01205	0.01221	0.02057	0.03062	0.03825	0.11542	0.30104	0.25192	0.04096	0.01783	0.00538	0.00787	0.03573	0.01350	0.01205
8	0.06037	0.03253	0.03856	0.02956	0.04100	0.03292	0.02442	0.20680	0.05464	0.25410	0.04642	0.04238	0.03050	0.01773	0.01458	0.00443	0.01414	0.01387	0.01631	0.02473
9	0.05007	0.04646	0.04695	0.04878	0.13564	0.14126	0.03210	0.19680	0.05235	0.06594	0.02978	0.03295	0.02275	0.01566	0.01414	0.00419	0.01894	0.01210	0.01085	0.02227
10	0.02146	0.01447	0.01664	0.01610	0.01990	0.01330	0.01208	0.02748	0.03623	0.05232	0.23587	0.10198	0.17574	0.02810	0.01528	0.00434	0.00697	0.02399	0.16446	0.01330
11	0.01745	0.01366	0.01583	0.01756	0.02038	0.01203	0.01230	0.02055	0.03042	0.03817	0.11284	0.31410	0.24052	0.04129	0.01789	0.00542	0.00791	0.03614	0.01350	0.01203
12	0.05366	0.03456	0.03875	0.03066	0.04145	0.03706	0.02502	0.21893	0.12770	0.16615	0.04595	0.04286	0.03190	0.01809	0.01462	0.00452	0.01409	0.01421	0.01548	0.02435

[dist]
# distance from previous block
# <min> <max>
0	6

[block]
# block no. 5 follows, 4 sequences, length 41
# corresponding to MSA columns:
# 734-774
name=unknown_F
#
# <colnr> <probs for GDERKNQSTAVLIFYWHMCP>
#	G	D	E	R	K	N	Q	S	T	A	V	L	I	F	Y	W	H	M	C	P
0	0.03918	0.05266	0.13361	0.04918	0.13443	0.13863	0.03708	0.05664	0.11940	0.04735	0.03372	0.03671	0.02612	0.01539	0.01402	0.00439	0.01919	0.01235	0.00892	0.02103
1	0.17134	0.14249	0.04606	0.23981	0.06668	0.03858	0.03041	0.04011	0.02810	0.04344	0.02306	0.03118	0.01829	0.01376	0.01187	0.00433	0.01640	0.01039	0.00703	0.01667
2	0.03353	0.37901	0.06107	0.02238	0.03297	0.04640	0.02147	0.03796	0.03042	0.03545	0.05146	0.05199	0.11060	0.01843	0.01126	0.00355	0.01353	0.01341	0.00801	0.01709
3	0.03103	0.03568	0.12051	0.02835	0.03765	0.02631	0.02698	0.11469	0.04243	0.05877	0.13159	0.16318	0.06871	0.02661	0.01601	0.00486	0.01319	0.02283	0.01261	0.01800
4	0.04634	0.15828	0.04956	0.03027	0.04129	0.04619	0.02579	0.20363	0.13165	0.06912	0.03692	0.03654	0.02789	0.01669	0.01324	0.00417	0.01479	0.01251	0.01242	0.02272
5	0.03734	0.15022	0.04889	0.04320	0.12996	0.13233	0.02805	0.04336	0.03624	0.04405	0.11526	0.04867	0.04945	0.01752	0.01354	0.00395	0.01645	0.01415	0.00923	0.01812
6	0.02133	0.01711	0.02112	0.01988	0.02514	0.01533	0.01491	0.02577	0.02868	0.03933	0.07447	0.17792	0.14109	0.05046	0.11786	0.00903	0.01622	0.02429	0.01091	0.14915
7	0.04756	0.02675	0.03886	0.13596	0.05313	0.02980	0.02869	0.05360	0.03372	0.22378	0.04006	0.04245	0.02768	0.01896	0.02274	0.00504	0.12482	0.01373	0.01225	0.02042
8	0.02999	0.02672	0.03974	0.15401	0.13986	0.03025	0.03167	0.04589	0.11161	0.04457	0.03755	0.04641	0.03056	0.03903	0.11879	0.00937	0.02185	0.01444	0.00899	0.01871
9	0.02870	0.02306	0.02545	0.02349	0.02854	0.02530	0.01729	0.05143	0.20583	0.05231	0.13748	0.07750	0.06925	0.13570	0.02969	0.00706	0.01099	0.02000	0.01364	0.01729
10	0.03015	0.02584	0.03015	0.02153	0.03445	0.01938	0.01723	0.03661	0.03015	0.04737	0.02584	0.03015	0.02153	0.01077	0.01077	0.00215	0.01077	0.00861	0.00861	0.57795
11	0.01969	0.01483	0.01820	0.01736	0.02117	0.01334	0.01302	0.02571	0.03905	0.05331	0.32689	0.11681	0.20412	0.03158	0.01716	0.00466	0.00699	0.02744	0.01535	0.01334
12	0.03979	0.03375	0.03862	0.03280	0.03972	0.04059	0.02647	0.13434	0.20445	0.06175	0.04259	0.04352	0.03283	0.02066	0.02336	0.00516	0.13087	0.01463	0.01252	0.02158
13	0.03036	0.03112	0.06124	0.05728	0.13957	0.02968	0.18572	0.03919	0.03232	0.04431	0.04221	0.15390	0.04172	0.02115	0.01686	0.00502	0.01854	0.02248	0.00893	0.01839
14	0.03887	0.49782	0.07618	0.02488	0.03731	0.05752	0.02488	0.04353	0.02954	0.03420	0.02021	0.02332	0.01866	0.01244	0.00933	0.00311	0.01555	0.00777	0.00622	0.01866
15	0.06523	0.02474	0.03374	0.02587	0.03711	0.02137	0.02137	0.07085	0.04161	0.40846	0.05735	0.04948	0.03599	0.01799	0.01462	0.00450	0.01237	0.01462	0.01799	0.02474
16	0.05526	0.04072	0.04363	0.03345	0.04508	0.04508	0.02763	0.34991	0.06835	0.09162	0.03490	0.03490	0.02472	0.01745	0.01454	0.00436	0.01600	0.01309	0.01454	0.02472
17	0.06523	0.02474	0.03374	0.02587	0.03711	0.02137	0.02137	0.07085	0.04161	0.40846	0.05735	0.04948	0.03599	0.01799	0.01462	0.00450	0.01237	0.01462	0.01799	0.02474
18	0.05526	0.04072	0.04363	0.03345	0.04508	0.04508	0.02763	0.34991	0.06835	0.09162	0.03490	0.03490	0.02472	0.01745	0.01454	0.00436	0.01600	0.01309	0.01454	0.02472
19	0.06523	0.02474	0.03374	0.02587	0.03711	0.02137	0.02137	0.07085	0.04161	0.40846	0.05735	0.04948	0.03599	0.01799	0.01462	0.00450	0.01237	0.01462	0.01799	0.02474
20	0.02077	0.01558	0.02336	0.02336	0.02596	0.01817	0.01817	0.02596	0.02336	0.03375	0.03894	0.05711	0.03634	0.10903	0.43146	0.02336	0.03894	0.01558	0.00779	0.01298
21	0.03431	0.03922	0.08578	0.06127	0.07598	0.03676	0.34559	0.04657	0.03431	0.04657	0.02941	0.03922	0.02206	0.01225	0.01716	0.00490	0.02451	0.01716	0.00735	0.01961
22	0.02038	0.01576	0.01918	0.02090	0.02501	0.01456	0.01739	0.02561	0.03331	0.04144	0.11127	0.15224	0.23431	0.03853	0.01867	0.00582	0.01045	0.16890	0.01344	0.01284
23	0.02193	0.01566	0.02171	0.02506	0.02775	0.01544	0.02082	0.02753	0.03199	0.04183	0.07780	0.24674	0.08694	0.04157	0.01968	0.00649	0.01209	0.23257	0.01342	0.01297
24	0.05526	0.04072	0.04363	0.03345	0.04508	0.04508	0.02763	0.34991	0.06835	0.09162	0.03490	0.03490	0.02472	0.01745	0.01454	0.00436	0.01600	0.01309	0.01454	0.02472
25	0.02077	0.01558	0.02336	0.02336	0.02596	0.01817	0.01817	0.02596	0.02336	0.03375	0.03894	0.05711	0.03634	0.10903	0.43146	0.02336	0.03894	0.01558	0.00779	0.01298
26	0.01857	0.01301	0.01662	0.01915	0.01978	0.01238	0.01232	0.02047	0.02616	0.03488	0.07155	0.38348	0.08533	0.15643	0.03242	0.00795	0.00985	0.03628	0.01232	0.01106
27	0.01771	0.01265	0.01687	0.02024	0.02109	0.01181	0.01350	0.02024	0.02783	0.03711	0.08013	0.47959	0.09615	0.04555	0.01856	0.00590	0.00843	0.04133	0.01350	0.01181
28	0.16823	0.01671	0.01805	0.01995	0.02293	0.01726	0.01409	0.02614	0.02702	0.04448	0.06443	0.36003	0.07507	0.03714	0.01605	0.00554	0.00917	0.03256	0.01232	0.01284
29	0.04671	0.28007	0.05841	0.03127	0.04119	0.24715	0.02651	0.05091	0.03546	0.03490	0.02136	0.02479	0.01869	0.01373	0.01125	0.00343	0.02097	0.00858	0.00687	0.01774
30	0.02222	0.02078	0.03334	0.02704	0.03400	0.01865	0.09397	0.02877	0.03537	0.04567	0.17717	0.10757	0.23963	0.02906	0.01717	0.00483	0.01146	0.02629	0.01259	0.01443
31	0.03577	0.27155	0.14785	0.03018	0.04374	0.04608	0.03148	0.05299	0.11965	0.04409	0.03187	0.03324	0.02534	0.01469	0.01186	0.00395	0.01595	0.01078	0.00845	0.02049
32	0.02138	0.01546	0.02183	0.02434	0.02690	0.01590	0.01971	0.02669	0.02958	0.03952	0.06823	0.21360	0.07486	0.05868	0.12256	0.01067	0.01858	0.16660	0.01201	0.01290
33	0.32636	0.02641	0.02760	0.02252	0.03265	0.02694	0.01858	0.05691	0.03324	0.23824	0.03895	0.03665	0.02595	0.01576	0.01183	0.00450	0.01181	0.01127	0.01353	0.02028
34	0.02391	0.02086	0.03151	0.24092	0.06307	0.02353	0.02894	0.03138	0.03115	0.03922	0.06857	0.09434	0.12821	0.02630	0.01654	0.00531	0.01493	0.08693	0.00990	0.01451
35	0.03558	0.03872	0.04320	0.24089	0.07017	0.13982	0.03501	0.04209	0.03055	0.03620	0.02327	0.03373	0.01913	0.01738	0.02245	0.00494	0.13194	0.01194	0.00671	0.01627
36	0.03616	0.03123	0.03287	0.02959	0.03780	0.03616	0.02301	0.07725	0.37212	0.06082	0.05917	0.05424	0.04438	0.01972	0.01479	0.00493	0.01151	0.01644	0.01479	0.02301
37	0.05431	0.06929	0.04120	0.03745	0.04494	0.43071	0.02809	0.05805	0.04120	0.03558	0.02247	0.02622	0.01873	0.01498	0.01311	0.00375	0.02622	0.00936	0.00749	0.01685
38	0.01771	0.01265	0.01687	0.02024	0.02109	0.01181	0.01350	0.02024	0.02783	0.03711	0.08013	0.47959	0.09615	0.04555	0.01856	0.00590	0.00843	0.04133	0.01350	0.01181
39	0.01745	0.01370	0.01579	0.01746	0.02036	0.01204	0.01226	0.02056	0.03051	0.03820	0.11397	0.30837	0.24553	0.04115	0.01786	0.00540	0.00789	0.03596	0.01350	0.01204
40	0.03920	0.03515	0.05435	0.05120	0.13827	0.03411	0.10622	0.12317	0.04191	0.05881	0.02946	0.03505	0.02287	0.01343	0.01421	0.00394	0.01709	0.01294	0.00951	0.15912

[dist]
# distance from previous block
# <min> <max>
4	8

[block]
# block no. 6 follows, 4 sequences, length 16
# corresponding to MSA columns:
# 783-798
name=unknown_G
#
# <colnr> <probs for GDERKNQSTAVLIFYWHMCP>
#	G	D	E	R	K	N	Q	S	T	A	V	L	I	F	Y	W	H	M	C	P
0	0.01718	0.01473	0.01473	0.01473	0.01964	0.01227	0.01105	0.02086	0.03314	0.03927	0.14728	0.13991	0.39249	0.03682	0.01718	0.00491	0.00736	0.03068	0.01350	0.01227
1	0.03683	0.04156	0.05324	0.23860	0.07841	0.14752	0.11157	0.04544	0.03383	0.03900	0.02575	0.03528	0.01985	0.01410	0.01477	0.00454	0.02259	0.01294	0.00697	0.01720
2	0.04329	0.37507	0.06616	0.02848	0.03950	0.16443	0.02580	0.04769	0.03288	0.03460	0.02086	0.02415	0.01868	0.01317	0.01041	0.00329	0.01860	0.00823	0.00658	0.01814
3	0.01801	0.01476	0.01588	0.01560	0.02015	0.01263	0.01170	0.02247	0.03510	0.04393	0.20687	0.13225	0.32999	0.03508	0.01717	0.00483	0.00724	0.02961	0.01411	0.01263
4	0.02077	0.01558	0.02336	0.02336	0.02596	0.01817	0.01817	0.02596	0.02336	0.03375	0.03894	0.05711	0.03634	0.10903	0.43146	0.02336	0.03894	0.01558	0.00779	0.01298
5	0.03333	0.05353	0.23917	0.03614	0.05108	0.03201	0.04073	0.10703	0.03941	0.05515	0.04043	0.06422	0.03574	0.02104	0.01550	0.00506	0.01833	0.08218	0.00971	0.02019
6	0.02318	0.02719	0.09994	0.02043	0.02725	0.01764	0.01937	0.02950	0.02891	0.04154	0.07106	0.08418	0.13897	0.14246	0.02924	0.00682	0.01195	0.01980	0.14690	0.01367
7	0.01891	0.01473	0.01747	0.01915	0.02267	0.01330	0.01481	0.02307	0.03192	0.03982	0.11290	0.22921	0.24113	0.03981	0.01826	0.00561	0.00916	0.10216	0.01347	0.01244
8	0.03032	0.16150	0.05755	0.14235	0.05934	0.03624	0.10491	0.03767	0.03022	0.03860	0.03669	0.12858	0.03622	0.02000	0.01454	0.00459	0.01720	0.01855	0.00811	0.01679
