[name]
ATP6

[dist]
# distance from previous block
# <min> <max>
0	5

[block]
# block no. 0 follows, 113 sequences, length 10
# corresponding to MSA columns:
# 5-14
name=unknown_A
#
# <colnr> <probs for GDERKNQSTAVLIFYWHMCP>
#	G	D	E	R	K	N	Q	S	T	A	V	L	I	F	Y	W	H	M	C	P
0	0.00447	0.00336	0.00491	0.00603	0.09960	0.00336	0.00463	0.00571	0.00603	0.00793	0.01294	0.02714	0.01393	0.00673	0.00351	0.00116	0.00249	0.78116	0.00230	0.00260
1	0.02521	0.00492	0.00536	0.00497	0.00623	0.02871	0.00400	0.08989	0.40890	0.05968	0.02966	0.03267	0.02372	0.00449	0.00285	0.00093	0.00222	0.21035	0.05172	0.00353
2	0.00971	0.04672	0.00773	0.00658	0.00806	0.75706	0.00504	0.11413	0.00794	0.00761	0.00431	0.00490	0.00351	0.00274	0.00237	0.00068	0.00444	0.00176	0.00149	0.00322
3	0.00322	0.00232	0.00305	0.00359	0.00380	0.00215	0.00242	0.00373	0.00519	0.00692	0.06172	0.82411	0.05206	0.00800	0.00333	0.00105	0.00150	0.00724	0.00246	0.00215
4	0.00382	0.00254	0.00286	0.00286	0.00286	0.00254	0.00159	0.00382	0.00382	0.00509	0.00827	0.01717	0.00954	0.90780	0.01335	0.00254	0.00254	0.00382	0.00159	0.00159
5	0.00936	0.00726	0.03546	0.00595	0.00800	0.00776	0.00499	0.76420	0.07438	0.01555	0.00683	0.03608	0.00510	0.00332	0.00265	0.00081	0.00282	0.00256	0.00257	0.00434
6	0.00540	0.00427	0.00471	0.00429	0.00539	0.02401	0.00342	0.17691	0.13025	0.01050	0.25125	0.01810	0.20593	0.00519	0.00301	0.00090	0.00196	0.13887	0.00260	0.00304
7	0.00382	0.00254	0.00286	0.00286	0.00286	0.00254	0.00159	0.00382	0.00382	0.00509	0.00827	0.01717	0.00954	0.90780	0.01335	0.00254	0.00254	0.00382	0.00159	0.00159
8	0.00701	0.90938	0.01375	0.00449	0.00673	0.01038	0.00449	0.00786	0.00533	0.00617	0.00365	0.00421	0.00337	0.00224	0.00168	0.00056	0.00281	0.00140	0.00112	0.00337
9	0.00520	0.00441	0.00519	0.00386	0.00596	0.00335	0.00304	0.00629	0.00540	0.00835	0.00570	0.10116	0.00532	0.00261	0.00209	0.00046	0.00190	0.00218	0.00165	0.82588

[dist]
# distance from previous block
# <min> <max>
11	15

[block]
# block no. 1 follows, 113 sequences, length 40
# corresponding to MSA columns:
# 30-69
name=unknown_B
#
# <colnr> <probs for GDERKNQSTAVLIFYWHMCP>
#	G	D	E	R	K	N	Q	S	T	A	V	L	I	F	Y	W	H	M	C	P
0	0.00662	0.00521	0.00571	0.00509	0.00648	0.00575	0.00407	0.21496	0.41665	0.02531	0.03001	0.04766	0.08167	0.00446	0.00287	0.00092	0.00222	0.12802	0.00261	0.00371
1	0.00429	0.00328	0.00356	0.00363	0.00414	0.04297	0.00258	0.03143	0.02708	0.02903	0.03746	0.23622	0.18369	0.26302	0.01491	0.00145	0.00213	0.09935	0.00752	0.00226
2	0.00351	0.00261	0.00312	0.00340	0.00386	0.00242	0.00240	0.01016	0.02035	0.01671	0.01720	0.41960	0.29162	0.10646	0.02913	0.00126	0.00181	0.05986	0.00233	0.00220
3	0.48049	0.00445	0.00413	0.00368	0.00507	0.00478	0.00292	0.05474	0.03350	0.06768	0.04888	0.06500	0.09672	0.04887	0.00275	0.00091	0.00198	0.02274	0.00202	0.04869
4	0.00349	0.00256	0.00317	0.00351	0.00386	0.00242	0.00246	0.00420	0.02557	0.00699	0.07631	0.45881	0.15249	0.14851	0.00487	0.00126	0.00173	0.09328	0.00234	0.00216
5	0.00954	0.00283	0.00351	0.00382	0.00426	0.00278	0.00285	0.02391	0.03098	0.00718	0.02241	0.30273	0.10823	0.19141	0.00539	0.00137	0.00202	0.26453	0.00799	0.00223
6	0.00357	0.00262	0.00309	0.00328	0.00365	0.00248	0.00225	0.00420	0.02448	0.00669	0.06859	0.25239	0.22270	0.30270	0.00657	0.00150	0.00189	0.08310	0.00219	0.00206
7	0.00334	0.00260	0.00295	0.00314	0.00371	0.00233	0.00227	0.00393	0.00547	0.00683	0.02963	0.22074	0.47270	0.12762	0.01903	0.00123	0.00173	0.08631	0.00231	0.00214
8	0.00566	0.00507	0.00550	0.00403	0.00626	0.05446	0.00319	0.00677	0.00552	0.00836	0.00470	0.00562	0.00397	0.01935	0.00219	0.00045	0.00211	0.00161	0.00154	0.85363
9	0.00577	0.00472	0.00520	0.00481	0.00578	0.08597	0.03153	0.12232	0.10955	0.02741	0.04122	0.12542	0.05575	0.03233	0.09689	0.05394	0.00293	0.14007	0.03714	0.01126
10	0.01387	0.00489	0.00593	0.00550	0.03720	0.05568	0.06624	0.18888	0.05309	0.02328	0.03102	0.10803	0.08606	0.05239	0.03587	0.01340	0.00272	0.18602	0.01708	0.01286
11	0.00377	0.00266	0.00342	0.00349	0.00372	0.00280	0.00239	0.00421	0.00422	0.00575	0.00905	0.05934	0.03509	0.47449	0.31463	0.00291	0.00398	0.06049	0.00165	0.00195
12	0.00451	0.00231	0.00346	0.00346	0.00349	0.00234	0.00234	0.00349	0.00346	0.00464	0.00470	0.00811	0.00467	0.00972	0.06086	0.87122	0.00255	0.00231	0.00115	0.00121
13	0.00432	0.00352	0.02443	0.00425	0.02310	0.02151	0.00308	0.06374	0.05126	0.00762	0.04360	0.38772	0.05842	0.16591	0.03522	0.00138	0.00223	0.09403	0.00221	0.00245
14	0.00416	0.00320	0.00379	0.00398	0.03236	0.00311	0.00295	0.05024	0.06188	0.00834	0.09532	0.12895	0.34821	0.02254	0.02514	0.00104	0.00186	0.14546	0.05490	0.00256
15	0.00592	0.00543	0.00572	0.00463	0.03422	0.09377	0.00349	0.04279	0.00591	0.00852	0.00544	0.07565	0.00492	0.00257	0.00214	0.00050	0.00227	0.00209	0.00164	0.69239
16	0.03876	0.00807	0.00757	0.00604	0.00796	0.16299	0.00490	0.66377	0.04212	0.01434	0.00605	0.00631	0.00445	0.00310	0.00256	0.00078	0.00315	0.01059	0.00237	0.00413
17	0.06397	0.00482	0.00796	0.78521	0.04464	0.00587	0.03741	0.00687	0.00525	0.00714	0.00463	0.00681	0.00349	0.00259	0.00257	0.00087	0.00342	0.00230	0.00120	0.00297
18	0.01113	0.00393	0.00452	0.00441	0.01116	0.06822	0.01626	0.02483	0.04331	0.00683	0.01041	0.08785	0.11042	0.16604	0.25200	0.01663	0.05552	0.09248	0.00180	0.01223
19	0.05947	0.00697	0.00594	0.00532	0.00651	0.27844	0.02742	0.13142	0.08196	0.01340	0.00942	0.05077	0.11238	0.07122	0.01390	0.00101	0.03133	0.08814	0.00196	0.00302
20	0.00424	0.00332	0.00406	0.00451	0.05707	0.02493	0.00313	0.02348	0.03657	0.01870	0.03227	0.19549	0.18984	0.15225	0.08649	0.00153	0.00253	0.15502	0.00214	0.00243
21	0.00415	0.00289	0.00351	0.00369	0.00426	0.00276	0.00278	0.03861	0.01324	0.03812	0.01552	0.26319	0.21504	0.14150	0.00475	0.00124	0.00191	0.21053	0.02997	0.00233
22	0.00468	0.00295	0.00381	0.00385	0.02206	0.02335	0.00261	0.04029	0.01961	0.00613	0.06807	0.06761	0.05467	0.06606	0.02817	0.55753	0.00232	0.01466	0.00984	0.00173
23	0.02682	0.00771	0.00659	0.00644	0.07450	0.33686	0.01871	0.13271	0.11029	0.00870	0.00737	0.07284	0.02456	0.04503	0.01501	0.03399	0.00336	0.06346	0.00187	0.00319
24	0.02512	0.00537	0.00658	0.00833	0.30169	0.10304	0.00488	0.05571	0.04978	0.00820	0.03785	0.13562	0.04582	0.11767	0.00414	0.00108	0.00271	0.08145	0.00185	0.00313
25	0.00353	0.00283	0.00310	0.00312	0.00385	0.00256	0.00228	0.00454	0.05308	0.00739	0.09303	0.12099	0.51657	0.10523	0.00423	0.00109	0.00158	0.04633	0.00237	0.02230
26	0.00462	0.00387	0.00410	0.00412	0.00483	0.06027	0.00308	0.04611	0.13096	0.00789	0.04277	0.25244	0.16651	0.09135	0.05346	0.00129	0.00234	0.11510	0.00228	0.00261
27	0.00649	0.00637	0.04396	0.00639	0.10917	0.17023	0.00454	0.15068	0.08192	0.01528	0.02740	0.17118	0.04097	0.06566	0.02902	0.00107	0.00866	0.05581	0.00202	0.00318
28	0.03510	0.00527	0.00599	0.04640	0.12835	0.07554	0.00439	0.01534	0.31701	0.01633	0.05922	0.01931	0.04820	0.08123	0.08267	0.00130	0.01929	0.03373	0.00204	0.00331
29	0.00325	0.00238	0.00307	0.00360	0.00387	0.00220	0.00249	0.00378	0.00521	0.00682	0.01601	0.73621	0.13138	0.00795	0.00333	0.00105	0.00155	0.06127	0.00243	0.00216
30	0.00574	0.02549	0.00713	0.00630	0.03397	0.07875	0.00494	0.02022	0.00476	0.00669	0.05540	0.04683	0.01970	0.06580	0.01730	0.02376	0.57030	0.00275	0.00140	0.00276
31	0.01180	0.00729	0.04216	0.01032	0.38712	0.19676	0.03264	0.08230	0.01464	0.00846	0.00624	0.06499	0.00576	0.02907	0.03405	0.00098	0.00347	0.05682	0.00158	0.00354
32	0.00526	0.01357	0.89421	0.00748	0.01135	0.00609	0.00969	0.00831	0.00554	0.00831	0.00471	0.00554	0.00332	0.00249	0.00249	0.00083	0.00388	0.00194	0.00111	0.00388
33	0.00374	0.00256	0.00292	0.00297	0.00306	0.00253	0.00176	0.00386	0.00409	0.00540	0.00997	0.06290	0.07207	0.75639	0.03354	0.00236	0.00251	0.02397	0.00171	0.00170
34	0.00675	0.00684	0.02812	0.01356	0.67672	0.10299	0.00720	0.04057	0.00621	0.00839	0.00511	0.00693	0.00440	0.05059	0.02376	0.00094	0.00336	0.00235	0.00137	0.00386
35	0.00575	0.00503	0.00502	0.00476	0.00584	0.08856	0.00366	0.04984	0.37019	0.02172	0.06973	0.15983	0.10338	0.00502	0.00292	0.00092	0.00218	0.08993	0.00248	0.00325
36	0.00336	0.00247	0.00313	0.00357	0.00385	0.00233	0.00242	0.00410	0.03582	0.00703	0.06506	0.70935	0.09304	0.04665	0.00372	0.00109	0.00155	0.00682	0.00243	0.00220
37	0.00351	0.00265	0.00335	0.00385	0.03184	0.00249	0.00260	0.01427	0.00533	0.00691	0.02561	0.47536	0.22635	0.09331	0.03025	0.00125	0.00186	0.06471	0.00230	0.00222
38	0.45246	0.00696	0.00592	0.00581	0.08957	0.17978	0.00419	0.13628	0.06245	0.01100	0.00487	0.00567	0.00386	0.00274	0.00211	0.00079	0.00279	0.01766	0.00177	0.00332
39	0.01686	0.00682	0.06076	0.00711	0.14821	0.16162	0.04067	0.05593	0.06265	0.06364	0.00731	0.03207	0.05163	0.00959	0.03374	0.00087	0.02085	0.03357	0.01210	0.17400

[dist]
# distance from previous block
# <min> <max>
1	4

[block]
# block no. 2 follows, 113 sequences, length 115
# corresponding to MSA columns:
# 75-189
name=unknown_C
#
# <colnr> <probs for GDERKNQSTAVLIFYWHMCP>
#	G	D	E	R	K	N	Q	S	T	A	V	L	I	F	Y	W	H	M	C	P
0	0.00641	0.00602	0.00731	0.00864	0.29234	0.13494	0.02957	0.06952	0.06127	0.02866	0.02804	0.09391	0.03584	0.06710	0.04848	0.00110	0.01294	0.02638	0.00178	0.03976
1	0.68384	0.00539	0.01298	0.00403	0.01060	0.02452	0.00331	0.09781	0.02109	0.01164	0.00468	0.00600	0.00383	0.00321	0.02627	0.00091	0.00235	0.04264	0.00176	0.03315
2	0.06975	0.00720	0.00666	0.00554	0.00720	0.16994	0.00445	0.44360	0.05553	0.04592	0.05964	0.02368	0.03059	0.00360	0.00263	0.00081	0.00291	0.05426	0.00235	0.00374
3	0.00655	0.00570	0.00572	0.00506	0.00650	0.05917	0.00395	0.12268	0.54028	0.01072	0.03009	0.02715	0.11866	0.00398	0.00272	0.00086	0.00222	0.01666	0.00252	0.02883
4	0.00347	0.00246	0.00299	0.00329	0.00350	0.00234	0.00215	0.00381	0.00473	0.00619	0.01355	0.42421	0.11846	0.34612	0.00709	0.00161	0.00193	0.04804	0.00212	0.00195
5	0.00363	0.00288	0.00331	0.00351	0.00423	0.00268	0.00274	0.00478	0.05804	0.00740	0.02027	0.13562	0.47542	0.03592	0.00357	0.00104	0.00172	0.22848	0.00242	0.00235
6	0.00383	0.00261	0.00314	0.00323	0.00340	0.00259	0.00207	0.00410	0.00427	0.00579	0.00942	0.13839	0.01068	0.61304	0.06350	0.00223	0.00262	0.07641	0.02355	0.02513
7	0.00358	0.00294	0.00310	0.00306	0.00394	0.00268	0.00229	0.00496	0.09452	0.01456	0.08824	0.08841	0.65625	0.00629	0.00306	0.00089	0.00142	0.00531	0.01205	0.00244
8	0.00910	0.00684	0.00730	0.00574	0.00769	0.00757	0.00470	0.71419	0.12863	0.01523	0.00810	0.00790	0.05792	0.00341	0.00266	0.00081	0.00269	0.00263	0.00262	0.00429
9	0.00332	0.00243	0.00308	0.00354	0.00382	0.00226	0.00243	0.00391	0.01488	0.00687	0.04463	0.66255	0.12902	0.06164	0.00391	0.00113	0.00159	0.04443	0.00240	0.00216
10	0.00379	0.00255	0.00293	0.00300	0.00303	0.00254	0.00176	0.00387	0.00399	0.00531	0.00891	0.07601	0.01028	0.81111	0.01229	0.00239	0.00247	0.04045	0.00168	0.00166
11	0.01613	0.00473	0.00537	0.00481	0.00595	0.01189	0.00382	0.32358	0.07327	0.02897	0.01034	0.13734	0.05115	0.09131	0.06273	0.00130	0.00271	0.15903	0.00237	0.00321
12	0.00362	0.00256	0.00322	0.00349	0.00378	0.00250	0.00244	0.00407	0.00483	0.00634	0.02087	0.29269	0.11671	0.29300	0.07250	0.02510	0.00238	0.13585	0.00206	0.00201
13	0.00316	0.00265	0.00274	0.00278	0.00360	0.00224	0.00207	0.00384	0.00595	0.00716	0.05251	0.06424	0.78858	0.02255	0.00330	0.00093	0.00138	0.02567	0.00243	0.00221
14	0.00347	0.00248	0.00326	0.00377	0.00404	0.00236	0.00270	0.00407	0.00524	0.00694	0.04827	0.59673	0.04399	0.08584	0.00425	0.00121	0.00177	0.17511	0.00238	0.00216
15	0.01369	0.00305	0.00403	0.00388	0.00431	0.00306	0.05491	0.00487	0.05690	0.00644	0.01126	0.19077	0.08731	0.41931	0.05962	0.00189	0.00833	0.06231	0.00192	0.00214
16	0.00868	0.01060	0.00675	0.00622	0.00743	0.71362	0.00469	0.03145	0.00714	0.00674	0.00587	0.05996	0.02991	0.00432	0.05603	0.00094	0.00446	0.03076	0.00152	0.00294
17	0.06416	0.01206	0.00722	0.00656	0.00793	0.84441	0.00494	0.01031	0.00726	0.00674	0.00403	0.00470	0.00335	0.00269	0.00232	0.00068	0.00457	0.00167	0.00137	0.00303
18	0.00364	0.00256	0.00292	0.00302	0.00322	0.00246	0.00187	0.00986	0.00452	0.00590	0.02897	0.17387	0.15101	0.57472	0.00961	0.00196	0.00215	0.01402	0.00191	0.00183
19	0.00412	0.00300	0.00383	0.00417	0.00466	0.00300	0.00321	0.04783	0.04304	0.00764	0.01346	0.35941	0.04953	0.09891	0.01414	0.00128	0.00210	0.33194	0.00235	0.00239
20	0.79416	0.00540	0.00444	0.00382	0.00552	0.00621	0.00315	0.13392	0.00560	0.01246	0.00403	0.00456	0.00307	0.00254	0.00177	0.00081	0.00215	0.00156	0.00177	0.00307
21	0.00378	0.00309	0.00349	0.00400	0.00430	0.06526	0.00283	0.00435	0.00533	0.00682	0.01380	0.72764	0.02659	0.00770	0.00331	0.00105	0.00185	0.11023	0.00236	0.00223
22	0.00395	0.00278	0.00324	0.00327	0.00347	0.00285	0.00210	0.00459	0.05648	0.00583	0.00959	0.04307	0.04469	0.65923	0.08334	0.00238	0.00279	0.06270	0.00175	0.00190
23	0.00550	0.00470	0.00547	0.00392	0.00624	0.00356	0.00313	0.01887	0.00554	0.00866	0.00469	0.00545	0.00389	0.00196	0.00195	0.00039	0.00196	0.00157	0.00157	0.91097
24	0.00386	0.00295	0.00431	0.00425	0.00465	0.00348	0.00327	0.00470	0.00417	0.00602	0.00694	0.01065	0.00665	0.09570	0.77212	0.00390	0.05581	0.00287	0.00141	0.00231
25	0.00354	0.00304	0.00304	0.00299	0.00382	0.02510	0.00221	0.00454	0.04576	0.00751	0.12009	0.03168	0.66631	0.05973	0.00368	0.00098	0.00152	0.00973	0.00242	0.00232
26	0.00381	0.00255	0.00288	0.00288	0.00289	0.00255	0.00162	0.00383	0.00382	0.00510	0.00825	0.01706	0.00949	0.89409	0.02700	0.00257	0.00261	0.00380	0.00159	0.00160
27	0.00641	0.00541	0.00569	0.00514	0.00656	0.00624	0.00399	0.01339	0.82466	0.01089	0.01053	0.00979	0.00792	0.00352	0.00261	0.00087	0.00202	0.00293	0.06742	0.00403
28	0.00878	0.00619	0.00679	0.00534	0.00721	0.00660	0.00439	0.61563	0.01041	0.06106	0.01931	0.00826	0.00565	0.00332	0.00256	0.00076	0.00257	0.05447	0.08702	0.08369
29	0.00795	0.00634	0.00673	0.00563	0.00736	0.00719	0.00450	0.37256	0.52576	0.01327	0.00887	0.00835	0.00654	0.00339	0.00265	0.00085	0.00241	0.00272	0.00265	0.00428
30	0.01011	0.00712	0.00773	0.00593	0.00802	0.00780	0.00490	0.81451	0.01196	0.08525	0.00662	0.00650	0.00462	0.00316	0.00263	0.00079	0.00284	0.00238	0.00267	0.00446
31	0.00578	0.00585	0.00867	0.00724	0.00747	0.00792	0.08001	0.00649	0.00420	0.00649	0.00360	0.00585	0.00349	0.00439	0.00814	0.00113	0.82683	0.00236	0.00116	0.00293
32	0.00344	0.00248	0.00331	0.00390	0.00419	0.00235	0.00285	0.00409	0.00531	0.00699	0.01480	0.65934	0.05138	0.00792	0.00341	0.00109	0.00173	0.21679	0.00243	0.00220
33	0.00658	0.00510	0.00531	0.00468	0.00592	0.06894	0.00365	0.16796	0.21507	0.08300	0.16034	0.09486	0.10418	0.00455	0.00292	0.00086	0.01801	0.02241	0.02229	0.00338
34	0.00382	0.00268	0.00337	0.00369	0.00396	0.00265	0.00266	0.00443	0.01712	0.00646	0.01199	0.22203	0.03744	0.38160	0.00758	0.00172	0.00223	0.28045	0.00208	0.00203
35	0.00781	0.00721	0.00660	0.00569	0.00731	0.16851	0.00446	0.19896	0.50498	0.01124	0.00830	0.00795	0.00625	0.00325	0.00258	0.00081	0.00273	0.00255	0.00238	0.04044
36	0.00330	0.00236	0.00308	0.00361	0.00380	0.00222	0.00244	0.00376	0.00500	0.00663	0.01430	0.75276	0.04612	0.08651	0.00423	0.00120	0.00165	0.05258	0.00236	0.00210
37	0.00890	0.00620	0.00688	0.00552	0.00736	0.00675	0.00448	0.47609	0.22717	0.13630	0.00795	0.00775	0.00573	0.00423	0.05614	0.00101	0.00282	0.00256	0.00263	0.02351
38	0.00339	0.00242	0.00311	0.00358	0.00378	0.00230	0.00243	0.00385	0.00493	0.00652	0.01383	0.62189	0.06058	0.15861	0.02611	0.00139	0.00188	0.07504	0.00227	0.00207
39	0.03249	0.00584	0.00688	0.00528	0.00734	0.00592	0.00436	0.42287	0.00971	0.45905	0.00828	0.00758	0.00545	0.00318	0.00261	0.00080	0.00254	0.00248	0.00292	0.00442
40	0.00338	0.00240	0.00307	0.00353	0.00379	0.00223	0.00240	0.00387	0.00513	0.01678	0.03579	0.69018	0.10192	0.08068	0.00413	0.00116	0.00161	0.03342	0.00239	0.00214
41	0.00601	0.00530	0.00566	0.00424	0.00640	0.05740	0.00338	0.07477	0.04519	0.00913	0.01804	0.00643	0.02993	0.00234	0.00210	0.00048	0.00216	0.00185	0.00172	0.71748
42	0.00333	0.00241	0.00306	0.00352	0.00378	0.00225	0.00241	0.00381	0.00509	0.00665	0.01533	0.62712	0.13225	0.10883	0.00446	0.00122	0.00167	0.06837	0.00234	0.00210
43	0.00451	0.00229	0.00338	0.00338	0.00338	0.00229	0.00224	0.00344	0.00344	0.00459	0.00478	0.00852	0.00485	0.06287	0.01044	0.86858	0.00229	0.00237	0.00117	0.00117
44	0.00393	0.00263	0.00337	0.00371	0.00409	0.00249	0.00259	0.00474	0.04020	0.05956	0.04755	0.64013	0.06616	0.06449	0.00390	0.00112	0.00167	0.04287	0.00246	0.00234
45	0.03520	0.00630	0.00674	0.00543	0.00721	0.00693	0.00445	0.60707	0.10820	0.02171	0.00851	0.00933	0.05855	0.00362	0.00265	0.00082	0.00257	0.05428	0.04640	0.00403
46	0.05849	0.00276	0.00306	0.00310	0.00333	0.00279	0.00195	0.00431	0.02152	0.00600	0.01000	0.09466	0.06955	0.64422	0.02939	0.00215	0.00242	0.03665	0.00177	0.00185
47	0.00408	0.00291	0.00393	0.00438	0.00492	0.00288	0.00367	0.00510	0.00583	0.00761	0.06251	0.03994	0.06098	0.11440	0.00472	0.00133	0.00230	0.66386	0.00234	0.00231
48	0.00337	0.00255	0.00304	0.00333	0.00385	0.00229	0.00241	0.00401	0.00560	0.01363	0.06843	0.38983	0.36055	0.03987	0.00362	0.00105	0.00155	0.08638	0.00243	0.00221
49	0.00382	0.00276	0.00354	0.00357	0.00381	0.01316	0.00245	0.00428	0.00411	0.00565	0.00803	0.06708	0.00858	0.44014	0.41421	0.00319	0.00454	0.00355	0.00155	0.00198
50	0.66972	0.00499	0.00433	0.00387	0.00536	0.00569	0.00316	0.10248	0.02271	0.01151	0.00518	0.02603	0.00449	0.02662	0.04216	0.00104	0.00237	0.05354	0.00181	0.00295
51	0.00459	0.00238	0.00342	0.00343	0.00352	0.00233	0.00229	0.00378	0.00377	0.03391	0.00630	0.08716	0.02346	0.07143	0.00948	0.73087	0.00221	0.00291	0.00138	0.00139
52	0.00338	0.00261	0.00295	0.00311	0.00366	0.00236	0.00221	0.00401	0.01356	0.00687	0.05349	0.20923	0.44475	0.16795	0.00502	0.00124	0.00167	0.06750	0.00230	0.00213
53	0.00861	0.01032	0.00785	0.00795	0.13755	0.62378	0.03997	0.03464	0.00723	0.00733	0.05723	0.00652	0.01725	0.01938	0.00269	0.00075	0.00413	0.00213	0.00149	0.00319
54	0.00701	0.00757	0.00696	0.00682	0.07526	0.32528	0.00497	0.05952	0.01628	0.00728	0.00615	0.12924	0.00614	0.01238	0.03835	0.00105	0.24539	0.03976	0.00158	0.00299
55	0.00643	0.00535	0.00569	0.00501	0.00642	0.02486	0.00387	0.06480	0.59980	0.01980	0.00918	0.00951	0.00720	0.04647	0.02465	0.05572	0.00233	0.01165	0.00237	0.08889
56	0.00695	0.00811	0.04092	0.01011	0.24286	0.26008	0.26423	0.00845	0.01494	0.00773	0.00653	0.03702	0.05598	0.01245	0.00285	0.00082	0.00381	0.01128	0.00145	0.00342
57	0.06062	0.00575	0.00742	0.00703	0.07945	0.04127	0.01542	0.05891	0.04827	0.00781	0.00562	0.02694	0.02233	0.00916	0.01112	0.00106	0.52278	0.06446	0.00151	0.00308
58	0.00463	0.00335	0.00442	0.00479	0.00547	0.00343	0.00408	0.05877	0.04313	0.00832	0.01297	0.04381	0.01387	0.06027	0.00409	0.00125	0.00242	0.71598	0.00239	0.00256
59	0.00377	0.00253	0.00300	0.00316	0.00325	0.00250	0.00197	0.00398	0.00427	0.00574	0.00988	0.18075	0.01136	0.64337	0.01040	0.00211	0.00231	0.07699	0.02688	0.00178
60	0.00891	0.00486	0.02228	0.00471	0.00643	0.00460	0.00391	0.18241	0.07327	0.42112	0.08141	0.01196	0.09371	0.00395	0.00276	0.00084	0.00221	0.04964	0.01713	0.00391
61	0.00574	0.00574	0.00804	0.00689	0.00689	0.00804	0.00574	0.00631	0.00402	0.00631	0.00344	0.00574	0.00344	0.00459	0.00861	0.00115	0.90300	0.00230	0.00115	0.00287
62	0.00329	0.00236	0.00318	0.00375	0.00395	0.00225	0.00259	0.00382	0.00503	0.00673	0.01399	0.80217	0.01658	0.00884	0.05639	0.00126	0.00190	0.05739	0.00237	0.00216
63	0.00384	0.00290	0.00357	0.00339	0.00410	0.00275	0.00254	0.00547	0.07700	0.00998	0.67867	0.04978	0.13512	0.00548	0.00307	0.00085	0.00133	0.00480	0.00280	0.00256
64	0.00544	0.00466	0.00544	0.00389	0.00622	0.00350	0.00311	0.00661	0.00544	0.00855	0.00466	0.00544	0.00389	0.00194	0.00194	0.00039	0.00194	0.00155	0.00155	0.92384
65	0.00579	0.00612	0.05498	0.00806	0.00998	0.01403	0.45749	0.09252	0.05463	0.00889	0.00812	0.22261	0.00777	0.00400	0.00307	0.00092	0.00336	0.03255	0.00182	0.00330
66	0.84284	0.00575	0.00418	0.00375	0.00535	0.08709	0.00304	0.00796	0.00474	0.01128	0.00369	0.00430	0.00289	0.00246	0.00169	0.00080	0.00228	0.00145	0.00160	0.00286
67	0.00705	0.00590	0.00623	0.00544	0.00702	0.00677	0.00428	0.14585	0.75394	0.01182	0.01001	0.00926	0.00747	0.00350	0.00266	0.00087	0.00220	0.00287	0.00266	0.00420
68	0.00549	0.00470	0.00547	0.00391	0.00624	0.00355	0.00313	0.01714	0.00552	0.00864	0.00468	0.00545	0.00389	0.00196	0.00195	0.00039	0.00195	0.00156	0.00157	0.91279
69	0.08942	0.00589	0.00580	0.00518	0.03533	0.12774	0.00394	0.11740	0.11218	0.09237	0.00752	0.03070	0.01495	0.05501	0.01385	0.00090	0.00266	0.08591	0.00206	0.19121
70	0.00419	0.00292	0.00351	0.00339	0.00425	0.00257	0.00261	0.00507	0.00626	0.07291	0.23078	0.09931	0.35124	0.03551	0.00342	0.00095	0.00160	0.11111	0.00252	0.05587
71	0.00320	0.00228	0.00304	0.00365	0.00381	0.00213	0.00244	0.00365	0.00502	0.00670	0.01446	0.90609	0.01735	0.00822	0.00335	0.00107	0.00152	0.00746	0.00244	0.00213
72	0.00466	0.00312	0.00429	0.00470	0.00539	0.00308	0.00403	0.00598	0.02693	0.06100	0.06559	0.06200	0.01508	0.00685	0.00350	0.00115	0.00229	0.71530	0.00250	0.00257
73	0.00564	0.00471	0.00553	0.00410	0.00618	0.00387	0.00327	0.06037	0.00574	0.00876	0.00502	0.00640	0.00432	0.02788	0.00276	0.02229	0.03152	0.01997	0.00162	0.77008
74	0.00381	0.00255	0.00290	0.00293	0.00295	0.00255	0.00168	0.00385	0.00390	0.00519	0.00855	0.03851	0.00986	0.86374	0.01287	0.00247	0.00252	0.02591	0.00163	0.00162
75	0.00420	0.00304	0.00415	0.00471	0.00530	0.00305	0.00401	0.00556	0.04079	0.00784	0.01383	0.13322	0.01509	0.00722	0.00355	0.00118	0.00230	0.73610	0.00243	0.00245
76	0.00362	0.00268	0.00338	0.00321	0.00386	0.00244	0.00240	0.00478	0.00721	0.01002	0.76368	0.02042	0.15144	0.00555	0.00310	0.00083	0.00125	0.00486	0.00282	0.00244
77	0.00396	0.00250	0.00283	0.00305	0.00358	0.00236	0.00225	0.00485	0.00551	0.00816	0.02147	0.26856	0.19654	0.00578	0.01087	0.00088	0.00148	0.07475	0.37832	0.00230
78	0.00310	0.00266	0.00266	0.00266	0.00354	0.00221	0.00199	0.00376	0.00598	0.00709	0.02658	0.02525	0.89037	0.00664	0.00310	0.00089	0.00133	0.00554	0.00244	0.00221
79	0.00526	0.01357	0.89421	0.00748	0.01135	0.00609	0.00969	0.00831	0.00554	0.00831	0.00471	0.00554	0.00332	0.00249	0.00249	0.00083	0.00388	0.00194	0.00111	0.00388
80	0.00618	0.00516	0.00550	0.00502	0.00633	0.01595	0.00392	0.10529	0.56665	0.01059	0.01204	0.09306	0.08356	0.00444	0.00283	0.00091	0.00210	0.06415	0.00259	0.00371
81	0.00348	0.00292	0.00307	0.00303	0.00390	0.00264	0.00227	0.00482	0.08883	0.00775	0.10401	0.07366	0.67769	0.00633	0.00307	0.00089	0.00140	0.00533	0.00250	0.00242
82	0.01864	0.00733	0.00784	0.00601	0.00811	0.00811	0.00497	0.87442	0.01226	0.01649	0.00627	0.00628	0.00445	0.00314	0.00261	0.00079	0.00288	0.00235	0.00261	0.00445
83	0.00875	0.01072	0.00680	0.00631	0.00753	0.71973	0.00475	0.00984	0.05931	0.00680	0.00586	0.07824	0.00547	0.00346	0.00254	0.00075	0.00418	0.05439	0.00158	0.00300
84	0.00339	0.00261	0.00307	0.00327	0.00386	0.00235	0.00242	0.00410	0.00580	0.00738	0.12558	0.23224	0.40929	0.06391	0.00387	0.00107	0.00158	0.11956	0.00243	0.00221
85	0.00310	0.00266	0.00266	0.00266	0.00354	0.00221	0.00199	0.00376	0.00598	0.00709	0.02658	0.02525	0.89037	0.00664	0.00310	0.00089	0.00133	0.00554	0.00244	0.00221
86	0.00495	0.00464	0.00783	0.89377	0.01794	0.00580	0.00724	0.00667	0.00523	0.00668	0.00466	0.00700	0.00351	0.00268	0.00269	0.00882	0.00349	0.00233	0.00117	0.00290
87	0.00544	0.00466	0.00544	0.00389	0.00622	0.00350	0.00311	0.00661	0.00544	0.00855	0.00466	0.00544	0.00389	0.00194	0.00194	0.00039	0.00194	0.00155	0.00155	0.92384
88	0.54896	0.00430	0.00387	0.00368	0.00486	0.00480	0.00290	0.04126	0.02584	0.01013	0.00737	0.12858	0.03879	0.05773	0.00312	0.03118	0.00204	0.07608	0.00187	0.00265
89	0.00710	0.00559	0.00602	0.00527	0.00682	0.00632	0.00414	0.09317	0.70981	0.07358	0.04508	0.00980	0.00824	0.00357	0.00268	0.00087	0.00213	0.00296	0.00271	0.00414
90	0.00319	0.00230	0.00303	0.00361	0.00379	0.00213	0.00242	0.00366	0.00506	0.00671	0.01494	0.87121	0.05192	0.00816	0.00334	0.00106	0.00151	0.00738	0.00244	0.00213
91	0.01128	0.00525	0.00657	0.00504	0.00709	0.00501	0.00416	0.24831	0.00882	0.65588	0.00925	0.00822	0.00594	0.00322	0.00263	0.00081	0.00241	0.00256	0.00308	0.00446
92	0.00346	0.00266	0.00317	0.00307	0.00377	0.00236	0.00229	0.00445	0.00679	0.00908	0.53156	0.05682	0.34908	0.00596	0.00311	0.00086	0.00128	0.00515	0.00270	0.00236
93	0.00495	0.00466	0.00787	0.90150	0.01807	0.00583	0.00729	0.00670	0.00525	0.00670	0.00466	0.00699	0.00350	0.00262	0.00262	0.00087	0.00350	0.00233	0.00117	0.00291
94	0.00320	0.00228	0.00304	0.00365	0.00381	0.00213	0.00244	0.00365	0.00502	0.00670	0.01446	0.90609	0.01735	0.00822	0.00335	0.00107	0.00152	0.00746	0.00244	0.00213
95	0.00850	0.00521	0.00609	0.00516	0.00680	0.00547	0.00419	0.17342	0.32189	0.29141	0.02564	0.01148	0.00804	0.00387	0.00278	0.00088	0.00230	0.11000	0.00282	0.00407
96	0.01166	0.00464	0.00619	0.00475	0.00678	0.00411	0.00392	0.06438	0.00779	0.84126	0.01011	0.00877	0.00637	0.00324	0.00264	0.00081	0.00227	0.00262	0.00321	0.00446
97	0.00980	0.01250	0.00743	0.00676	0.00811	0.89727	0.00507	0.01048	0.00743	0.00642	0.00406	0.00473	0.00338	0.00270	0.00237	0.00068	0.00473	0.00169	0.00135	0.00304
98	0.00399	0.00288	0.00394	0.00451	0.00506	0.00283	0.00380	0.00505	0.00588	0.00762	0.01482	0.16422	0.07365	0.00736	0.00355	0.00116	0.00221	0.68269	0.00242	0.00236
99	0.00325	0.00270	0.00286	0.00293	0.00378	0.00232	0.00227	0.00398	0.00600	0.00722	0.03443	0.02572	0.77373	0.00670	0.00316	0.00092	0.00146	0.11188	0.00244	0.00224
100	0.01156	0.00481	0.00630	0.00483	0.00687	0.00437	0.00399	0.11697	0.00809	0.78826	0.00986	0.00861	0.00625	0.00324	0.00264	0.00081	0.00231	0.00261	0.00317	0.00446
101	0.92633	0.00507	0.00386	0.00345	0.00507	0.00589	0.00284	0.00771	0.00446	0.01177	0.00365	0.00426	0.00284	0.00244	0.00162	0.00081	0.00203	0.00142	0.00162	0.00284
102	0.00574	0.00574	0.00804	0.00689	0.00689	0.00804	0.00574	0.00631	0.00402	0.00631	0.00344	0.00574	0.00344	0.00459	0.00861	0.00115	0.90300	0.00230	0.00115	0.00287
103	0.00322	0.00233	0.00305	0.00359	0.00381	0.00216	0.00243	0.00373	0.00519	0.00688	0.04985	0.80971	0.06984	0.00800	0.00333	0.00105	0.00151	0.01573	0.00245	0.00215
104	0.00318	0.00234	0.00299	0.00351	0.00377	0.00214	0.00237	0.00367	0.00516	0.00675	0.01620	0.77934	0.14298	0.00799	0.00331	0.00104	0.00149	0.00718	0.00244	0.00214
105	0.00373	0.00268	0.00364	0.00422	0.00464	0.00259	0.00334	0.00458	0.00559	0.00731	0.01464	0.41886	0.05035	0.00766	0.00348	0.00113	0.00198	0.45489	0.00243	0.00228
106	0.00705	0.00606	0.05913	0.00536	0.00705	0.00628	0.00445	0.10980	0.61871	0.07335	0.01021	0.00955	0.03602	0.00353	0.00271	0.00087	0.01107	0.00288	0.02185	0.00408
107	0.00319	0.00231	0.00302	0.00359	0.00379	0.00214	0.00241	0.00366	0.00508	0.00672	0.01518	0.85341	0.06957	0.00812	0.00333	0.00105	0.00151	0.00734	0.00244	0.00214
108	0.00325	0.00233	0.00305	0.00360	0.00378	0.00218	0.00241	0.00370	0.00500	0.00664	0.01444	0.80838	0.04253	0.06150	0.00394	0.00115	0.00160	0.02603	0.00238	0.00211
109	0.65058	0.00579	0.05732	0.00416	0.00591	0.00604	0.00360	0.15706	0.00594	0.02107	0.00488	0.05867	0.00405	0.00291	0.00196	0.00082	0.00226	0.00199	0.00183	0.00315
110	0.11360	0.01868	0.02816	0.00683	0.06928	0.50957	0.01008	0.13728	0.02643	0.00887	0.00500	0.00628	0.00416	0.00292	0.00240	0.00075	0.00384	0.04094	0.00163	0.00333
111	0.00650	0.00535	0.00566	0.00507	0.01635	0.03419	0.00387	0.09643	0.51200	0.03433	0.02564	0.01981	0.02502	0.10280	0.00384	0.00103	0.00228	0.03868	0.00242	0.05873
112	0.53735	0.00485	0.00434	0.00391	0.00528	0.03257	0.00309	0.05943	0.03185	0.09120	0.00644	0.10088	0.00583	0.06228	0.01159	0.00099	0.00223	0.03098	0.00196	0.00296
113	0.00664	0.00676	0.05942	0.00527	0.00715	0.16028	0.03981	0.13326	0.04875	0.00947	0.07321	0.02538	0.01957	0.00316	0.00247	0.00067	0.00275	0.05979	0.00188	0.33433
114	0.07197	0.00671	0.04176	0.00614	0.06809	0.09855	0.01124	0.38892	0.03156	0.02751	0.00814	0.07415	0.05124	0.03108	0.00730	0.00091	0.00285	0.06606	0.00220	0.00361

[dist]
# distance from previous block
# <min> <max>
0	4

[block]
# block no. 3 follows, 113 sequences, length 39
# corresponding to MSA columns:
# 195-233
name=unknown_D
#
# <colnr> <probs for GDERKNQSTAVLIFYWHMCP>
#	G	D	E	R	K	N	Q	S	T	A	V	L	I	F	Y	W	H	M	C	P
0	0.00548	0.00469	0.01791	0.00471	0.01111	0.06989	0.01440	0.11083	0.14332	0.02167	0.01644	0.18492	0.08057	0.11746	0.09046	0.00145	0.02023	0.07942	0.00216	0.00288
1	0.00507	0.01492	0.00462	0.00428	0.00513	0.07588	0.01079	0.10083	0.04467	0.01621	0.06627	0.13414	0.19378	0.07456	0.11341	0.01151	0.01888	0.09488	0.00216	0.00801
2	0.00383	0.00310	0.02618	0.00402	0.00458	0.00288	0.00315	0.03033	0.01622	0.00743	0.04402	0.37441	0.14782	0.03460	0.07246	0.00133	0.01674	0.20224	0.00230	0.00237
3	0.00438	0.00324	0.00412	0.00453	0.06331	0.00313	0.00312	0.08419	0.00618	0.02488	0.07216	0.31913	0.24152	0.00684	0.01893	0.05320	0.00191	0.08036	0.00233	0.00254
4	0.02194	0.00512	0.00524	0.00457	0.00587	0.09102	0.01035	0.17008	0.06531	0.01570	0.03844	0.05291	0.12306	0.04755	0.01377	0.05498	0.00246	0.11137	0.00210	0.15817
5	0.00355	0.00263	0.00314	0.00331	0.00375	0.00245	0.00232	0.00419	0.01486	0.00697	0.10308	0.26376	0.23552	0.23067	0.00574	0.00136	0.00180	0.09009	0.00226	0.01854
6	0.00343	0.00255	0.00317	0.00356	0.00395	0.00239	0.00253	0.00418	0.02585	0.00706	0.05409	0.51711	0.18846	0.06735	0.00397	0.00113	0.00165	0.10296	0.00240	0.00220
7	0.00359	0.00277	0.00324	0.00339	0.00398	0.00261	0.00245	0.03491	0.02292	0.00734	0.05009	0.32458	0.37233	0.05724	0.06317	0.00127	0.00195	0.03755	0.00235	0.00229
8	0.00434	0.00310	0.00348	0.00333	0.00415	0.00289	0.00246	0.04096	0.04646	0.04362	0.07116	0.12360	0.34550	0.13166	0.00437	0.00110	0.00172	0.04593	0.07352	0.04664
9	0.06657	0.00391	0.00429	0.00390	0.00504	0.00397	0.00301	0.04442	0.20836	0.11919	0.08686	0.05888	0.28171	0.06496	0.00354	0.00099	0.00184	0.03298	0.00252	0.00306
10	0.05012	0.00673	0.03349	0.01001	0.01245	0.00624	0.73570	0.00808	0.00608	0.00851	0.00604	0.00908	0.00498	0.00271	0.00306	0.00091	0.00410	0.08686	0.00144	0.00340
11	0.00420	0.00346	0.00360	0.00357	0.00444	0.04836	0.00274	0.02599	0.02020	0.02988	0.02575	0.14410	0.46220	0.03359	0.00340	0.00097	0.00183	0.13278	0.00234	0.04661
12	0.02204	0.00349	0.00446	0.00421	0.00524	0.00326	0.00325	0.02942	0.05056	0.24498	0.02313	0.34987	0.03949	0.01553	0.00312	0.00096	0.00194	0.12823	0.00259	0.06422
13	0.00323	0.00233	0.00300	0.00352	0.00372	0.00216	0.00235	0.00367	0.00502	0.00663	0.01503	0.77965	0.08634	0.06510	0.00396	0.00114	0.00157	0.00707	0.00238	0.00210
14	0.00335	0.00240	0.00312	0.00360	0.00383	0.00225	0.00247	0.00387	0.00515	0.00684	0.05647	0.67569	0.06064	0.08811	0.00424	0.00119	0.00166	0.07062	0.00238	0.00212
15	0.04866	0.00357	0.00401	0.00396	0.00480	0.00369	0.00304	0.02963	0.20368	0.00883	0.13764	0.13312	0.19230	0.07232	0.00379	0.00107	0.00184	0.13887	0.00245	0.00275
16	0.00330	0.00233	0.00301	0.00352	0.00365	0.00220	0.00230	0.00368	0.00483	0.00643	0.01345	0.76116	0.01608	0.15489	0.00498	0.00131	0.00169	0.00686	0.00230	0.00204
17	0.00526	0.01357	0.89421	0.00748	0.01135	0.00609	0.00969	0.00831	0.00554	0.00831	0.00471	0.00554	0.00332	0.00249	0.00249	0.00083	0.00388	0.00194	0.00111	0.00388
18	0.00712	0.00494	0.00561	0.00484	0.00619	0.00525	0.00386	0.35370	0.09753	0.08816	0.02262	0.14817	0.08625	0.01143	0.04583	0.00105	0.00249	0.07106	0.03036	0.00351
19	0.05410	0.00463	0.00587	0.00472	0.00651	0.00438	0.00390	0.12233	0.02352	0.58507	0.06829	0.01095	0.00807	0.00370	0.00271	0.00085	0.00225	0.08109	0.00298	0.00406
20	0.00369	0.00269	0.00348	0.00330	0.00393	0.00247	0.00249	0.00490	0.00732	0.01028	0.82445	0.02012	0.06986	0.00547	0.00311	0.00084	0.00127	0.02500	0.00285	0.00246
21	0.03458	0.00503	0.00616	0.00480	0.00671	0.00487	0.00394	0.22012	0.02663	0.57071	0.00907	0.00826	0.00596	0.00319	0.00254	0.00079	0.00230	0.00253	0.07754	0.00425
22	0.00344	0.00266	0.00303	0.00316	0.00377	0.00240	0.00234	0.00411	0.00567	0.00713	0.09254	0.10741	0.46369	0.15129	0.00485	0.00121	0.00170	0.13509	0.00233	0.00216
23	0.00334	0.00293	0.00287	0.00283	0.00370	0.02713	0.00212	0.00406	0.00615	0.00738	0.10520	0.02416	0.78626	0.00642	0.00308	0.00087	0.00142	0.00536	0.00245	0.00226
24	0.00619	0.00708	0.01548	0.01106	0.01371	0.00663	0.88191	0.00840	0.00619	0.00840	0.00531	0.00708	0.00398	0.00221	0.00310	0.00088	0.00442	0.00310	0.00133	0.00354
25	0.03986	0.00646	0.00722	0.00557	0.00762	0.00688	0.00460	0.60180	0.03034	0.25141	0.00740	0.00702	0.00503	0.00316	0.00260	0.00080	0.00267	0.00242	0.00276	0.00440
26	0.00375	0.00279	0.00413	0.00413	0.00456	0.00323	0.00317	0.00463	0.00419	0.00602	0.00711	0.01076	0.00676	0.07869	0.83866	0.00410	0.00673	0.00288	0.00142	0.00229
27	0.00371	0.00268	0.00351	0.00330	0.00392	0.00248	0.00248	0.00495	0.00743	0.01052	0.89005	0.01960	0.02475	0.00536	0.00309	0.00083	0.00124	0.00474	0.00289	0.00248
28	0.00372	0.00256	0.00284	0.00284	0.00295	0.00250	0.00164	0.00381	0.00409	0.00534	0.01060	0.01820	0.12196	0.79279	0.01204	0.00233	0.00239	0.00403	0.00170	0.00167
29	0.00967	0.00512	0.00623	0.00504	0.00682	0.00511	0.00413	0.23289	0.11047	0.44890	0.03992	0.01064	0.00757	0.01527	0.00288	0.00087	0.00237	0.07904	0.00292	0.00414
30	0.00420	0.00326	0.00376	0.00352	0.00439	0.00314	0.00271	0.06370	0.08428	0.00974	0.43891	0.02009	0.30147	0.00555	0.00305	0.00086	0.00150	0.04051	0.00269	0.00267
31	0.00321	0.00229	0.00304	0.00363	0.00378	0.00214	0.00241	0.00366	0.00499	0.00665	0.01429	0.88137	0.01713	0.03324	0.00363	0.00111	0.00155	0.00736	0.00241	0.00212
32	0.00824	0.00601	0.00664	0.00547	0.00714	0.00655	0.00449	0.57727	0.07671	0.03636	0.01630	0.05416	0.04376	0.00417	0.00282	0.00087	0.00258	0.12648	0.01006	0.00391
33	0.00713	0.00582	0.00610	0.00529	0.00685	0.02232	0.00416	0.17891	0.61230	0.03489	0.03465	0.01006	0.05238	0.00366	0.00269	0.00086	0.00222	0.00300	0.00265	0.00406
34	0.00320	0.00228	0.00304	0.00365	0.00381	0.00213	0.00244	0.00365	0.00502	0.00670	0.01446	0.90609	0.01735	0.00822	0.00335	0.00107	0.00152	0.00746	0.00244	0.00213
35	0.00375	0.00281	0.00422	0.00422	0.00468	0.00328	0.00328	0.00468	0.00422	0.00609	0.00703	0.01031	0.00656	0.01968	0.89741	0.00422	0.00703	0.00281	0.00141	0.00234
36	0.00840	0.00602	0.00665	0.00538	0.00699	0.00658	0.00431	0.61392	0.04036	0.04003	0.00749	0.09025	0.00635	0.05075	0.03419	0.04530	0.00280	0.01793	0.00246	0.00382
37	0.08609	0.00712	0.00766	0.00676	0.09227	0.03883	0.00505	0.63912	0.06740	0.01466	0.00615	0.00632	0.00449	0.00302	0.00253	0.00079	0.00285	0.00230	0.00237	0.00423
38	0.00529	0.01338	0.87103	0.00770	0.03444	0.00610	0.00965	0.00830	0.00555	0.00831	0.00471	0.00556	0.00335	0.00249	0.00250	0.00083	0.00386	0.00195	0.00111	0.00388

[dist]
# distance from previous block
# <min> <max>
0	24

# created by:
# /share/home/app/bin/augustus-3.3.1/scripts/msa2prfl.pl /dev/shm/tmp/mt-Insecta/msas/ATP6.aln --setname=ATP6
