[name]
ATP8

[dist]
# distance from previous block
# <min> <max>
0	3

[block]
# block no. 0 follows, 89 sequences, length 26
# corresponding to MSA columns:
# 3-28
name=unknown_A
#
# <colnr> <probs for GDERKNQSTAVLIFYWHMCP>
#	G	D	E	R	K	N	Q	S	T	A	V	L	I	F	Y	W	H	M	C	P
0	0.00511	0.00367	0.00509	0.00580	0.00655	0.00365	0.00506	0.00656	0.00737	0.00955	0.01750	0.03592	0.04838	0.00882	0.00440	0.00146	0.00290	0.81633	0.00295	0.00294
1	0.00687	0.00583	0.00676	0.00485	0.00768	0.00450	0.00389	0.04342	0.00699	0.01084	0.00577	0.00668	0.00477	0.00243	0.00241	0.00049	0.00242	0.00194	0.00195	0.86951
2	0.00756	0.00863	0.01889	0.01349	0.01673	0.00809	0.85591	0.01025	0.00756	0.01025	0.00648	0.00863	0.00486	0.00270	0.00378	0.00108	0.00540	0.00378	0.00162	0.00432
3	0.00532	0.00370	0.00517	0.00582	0.00659	0.00368	0.00507	0.00679	0.00747	0.02702	0.04922	0.03514	0.01866	0.00866	0.00437	0.00145	0.00289	0.79700	0.00299	0.00300
4	0.01141	0.00626	0.00757	0.00631	0.00829	0.03734	0.00525	0.20335	0.00989	0.41798	0.01175	0.01519	0.00930	0.00525	0.01389	0.00115	0.03974	0.18198	0.00336	0.00474
5	0.00670	0.00574	0.00666	0.00482	0.00762	0.00443	0.00385	0.00845	0.04378	0.01056	0.00601	0.00687	0.00496	0.00246	0.00241	0.00050	0.00238	0.00197	0.00196	0.86789
6	0.00440	0.00325	0.00422	0.00481	0.00540	0.00307	0.00377	0.00538	0.00687	0.00885	0.02030	0.36350	0.18844	0.00915	0.00416	0.00133	0.00226	0.35509	0.00296	0.00276
7	0.01815	0.04326	0.01840	0.00725	0.02707	0.28683	0.00566	0.31448	0.01030	0.01248	0.00779	0.07244	0.00697	0.00529	0.03095	0.04286	0.00419	0.05745	0.00237	0.02581
8	0.00556	0.00278	0.00417	0.00417	0.00417	0.00278	0.00278	0.00417	0.00417	0.00556	0.00556	0.00973	0.00556	0.01112	0.01251	0.90687	0.00278	0.00278	0.00139	0.00139
9	0.00487	0.01417	0.00455	0.00466	0.00529	0.00367	0.00336	0.01828	0.10207	0.00915	0.06758	0.43345	0.07363	0.10881	0.00548	0.02051	0.00222	0.08846	0.00284	0.02696
10	0.00628	0.00472	0.00547	0.00527	0.00635	0.00492	0.00407	0.14787	0.13744	0.01953	0.03322	0.22288	0.14262	0.05989	0.02341	0.01685	0.00262	0.15011	0.00295	0.00350
11	0.00465	0.00336	0.00427	0.00474	0.00520	0.00327	0.00337	0.06837	0.00694	0.00919	0.01734	0.67804	0.05810	0.02810	0.00430	0.00132	0.00211	0.09151	0.00296	0.00284
12	0.00490	0.00338	0.00404	0.00409	0.00432	0.00345	0.00264	0.04279	0.00552	0.00740	0.01126	0.14639	0.01272	0.58992	0.10002	0.00287	0.00348	0.04628	0.00217	0.00233
13	0.01323	0.00355	0.00405	0.00415	0.00496	0.00336	0.00303	0.01391	0.07084	0.03136	0.05354	0.24294	0.35956	0.10969	0.00527	0.00139	0.00207	0.06729	0.00291	0.00290
14	0.00556	0.00405	0.00483	0.00481	0.00557	0.01769	0.00359	0.03189	0.09242	0.04387	0.06379	0.14660	0.10778	0.19255	0.13734	0.00218	0.00345	0.12632	0.00265	0.00305
15	0.00483	0.00329	0.00370	0.00367	0.00384	0.00331	0.00220	0.00531	0.04610	0.00682	0.01146	0.02069	0.06117	0.73190	0.01437	0.03727	0.00294	0.01572	0.01927	0.00215
16	0.00796	0.00651	0.00652	0.00571	0.00724	0.07688	0.00449	0.30459	0.08107	0.01317	0.05453	0.08668	0.19648	0.04828	0.00411	0.00115	0.00288	0.06906	0.01874	0.00393
17	0.01465	0.00373	0.00447	0.00464	0.00542	0.00365	0.00349	0.02825	0.07377	0.04344	0.01857	0.28211	0.19481	0.10933	0.01792	0.00150	0.00239	0.17035	0.01449	0.00301
18	0.00578	0.00446	0.00504	0.00488	0.00596	0.00456	0.00369	0.09086	0.17823	0.02067	0.08257	0.24217	0.23675	0.02621	0.00398	0.00119	0.00217	0.06286	0.01449	0.00347
19	0.00426	0.00302	0.00385	0.00429	0.00454	0.00294	0.00290	0.00479	0.00579	0.00769	0.01542	0.46751	0.05399	0.26405	0.06776	0.00209	0.00276	0.07731	0.00258	0.00246
20	0.00429	0.00320	0.00398	0.00435	0.00494	0.00301	0.00326	0.00514	0.00667	0.00859	0.05841	0.28059	0.25591	0.10356	0.04607	0.00164	0.00247	0.19841	0.00282	0.00267
21	0.00444	0.00330	0.00402	0.00435	0.00494	0.00314	0.00321	0.00554	0.03630	0.00883	0.07546	0.28629	0.22492	0.12409	0.01962	0.00154	0.00228	0.16895	0.01606	0.00273
22	0.00493	0.00353	0.00399	0.00397	0.00438	0.00354	0.00262	0.02460	0.06038	0.00777	0.02912	0.05288	0.13076	0.57248	0.01183	0.00242	0.00279	0.07324	0.00234	0.00245
23	0.01726	0.00978	0.00789	0.00752	0.04582	0.39164	0.01649	0.09700	0.04757	0.05425	0.02799	0.03953	0.03680	0.00517	0.02190	0.00109	0.00427	0.13689	0.02727	0.00386
24	0.00644	0.00500	0.00589	0.00527	0.00664	0.01854	0.04088	0.09171	0.14850	0.04841	0.10064	0.04529	0.25760	0.06840	0.00450	0.00123	0.00250	0.09922	0.02016	0.02318
25	0.04288	0.00420	0.00512	0.00563	0.03915	0.01893	0.00425	0.02043	0.05616	0.00971	0.05615	0.19950	0.15241	0.04136	0.00457	0.00133	0.02588	0.30643	0.00281	0.00310

[dist]
# distance from previous block
# <min> <max>
0	2

[block]
# block no. 1 follows, 89 sequences, length 7
# corresponding to MSA columns:
# 31-37
name=unknown_B
#
# <colnr> <probs for GDERKNQSTAVLIFYWHMCP>
#	G	D	E	R	K	N	Q	S	T	A	V	L	I	F	Y	W	H	M	C	P
0	0.00457	0.00325	0.00418	0.00418	0.00449	0.00346	0.00284	0.00510	0.00502	0.00687	0.01074	0.01796	0.05960	0.46956	0.38046	0.00385	0.00534	0.00426	0.00190	0.00237
1	0.00785	0.00678	0.00634	0.00574	0.00713	0.14322	0.00445	0.19244	0.09525	0.03115	0.03137	0.10875	0.16037	0.04797	0.03124	0.00128	0.00322	0.07514	0.03655	0.00375
2	0.00648	0.00514	0.00624	0.00593	0.04269	0.04297	0.03636	0.12062	0.02374	0.02732	0.04970	0.05522	0.06352	0.27416	0.15923	0.00238	0.01910	0.03838	0.00231	0.01850
3	0.00681	0.00634	0.02989	0.00746	0.10764	0.08093	0.03910	0.08961	0.11067	0.01025	0.01286	0.17883	0.10148	0.08218	0.04017	0.01904	0.00332	0.04161	0.00245	0.02935
4	0.00704	0.00645	0.00747	0.00702	0.08914	0.08274	0.02134	0.04370	0.06286	0.01019	0.04443	0.04421	0.02318	0.03366	0.08737	0.00129	0.04995	0.02472	0.00210	0.35113
5	0.00803	0.03853	0.05622	0.01072	0.27350	0.10909	0.03726	0.10352	0.09053	0.01128	0.06941	0.04462	0.03747	0.00466	0.02850	0.00109	0.00372	0.03001	0.00221	0.03962
6	0.00771	0.02535	0.00710	0.00640	0.06361	0.07783	0.01652	0.14339	0.05230	0.06296	0.04803	0.03766	0.16379	0.06185	0.01794	0.00114	0.00302	0.05539	0.00259	0.14542

[dist]
# distance from previous block
# <min> <max>
3	12

[block]
# block no. 2 follows, 89 sequences, length 10
# corresponding to MSA columns:
# 51-60
name=unknown_C
#
# <colnr> <probs for GDERKNQSTAVLIFYWHMCP>
#	G	D	E	R	K	N	Q	S	T	A	V	L	I	F	Y	W	H	M	C	P
0	0.00773	0.01707	0.03927	0.00958	0.22092	0.06789	0.03071	0.12861	0.07829	0.03139	0.02709	0.07977	0.07276	0.05423	0.02912	0.01444	0.02548	0.04991	0.00234	0.01339
1	0.02999	0.00771	0.01972	0.01107	0.29963	0.09517	0.02530	0.12105	0.08627	0.01147	0.03144	0.02387	0.02190	0.02696	0.01712	0.00112	0.04500	0.06773	0.00218	0.05529
2	0.00599	0.00501	0.02393	0.00631	0.10091	0.01619	0.00431	0.07736	0.06736	0.03334	0.04508	0.12823	0.28348	0.08252	0.03234	0.00137	0.00269	0.04055	0.00268	0.04035
3	0.06340	0.02641	0.01943	0.00976	0.20112	0.09999	0.04923	0.14809	0.17265	0.02269	0.00943	0.04051	0.04061	0.00467	0.02615	0.00113	0.01804	0.03981	0.00238	0.00448
4	0.00794	0.00694	0.00844	0.00902	0.18414	0.07545	0.03768	0.14811	0.13548	0.03483	0.03176	0.09791	0.09173	0.03055	0.03010	0.00121	0.02510	0.01498	0.00252	0.02610
5	0.00860	0.02958	0.01012	0.01141	0.30337	0.17022	0.03135	0.07780	0.14705	0.01075	0.00823	0.02774	0.03600	0.01873	0.01669	0.00107	0.05268	0.00310	0.00208	0.03342
6	0.00852	0.02377	0.05084	0.00803	0.10326	0.07545	0.02908	0.21315	0.08236	0.04344	0.02791	0.05401	0.02195	0.01626	0.05023	0.00121	0.01740	0.05733	0.00246	0.11334
7	0.00543	0.00451	0.00529	0.00601	0.07368	0.05452	0.00402	0.02901	0.02630	0.00864	0.01529	0.29019	0.11269	0.17314	0.00649	0.01485	0.02351	0.14096	0.00254	0.00294
8	0.01034	0.01160	0.00824	0.00744	0.02384	0.52968	0.00559	0.08680	0.07889	0.03016	0.02037	0.00918	0.06983	0.02070	0.01706	0.00099	0.02108	0.00278	0.00211	0.04332
9	0.00562	0.00297	0.00427	0.00424	0.00432	0.00302	0.00284	0.00474	0.04082	0.00593	0.00609	0.01035	0.00603	0.05211	0.01229	0.82561	0.00278	0.00290	0.00150	0.00157

[dist]
# distance from previous block
# <min> <max>
0	10

# created by:
# /share/home/app/bin/augustus-3.3.1/scripts/msa2prfl.pl /dev/shm/tmp/mt-Insecta/msas/ATP8.aln --setname=ATP8
