[name]
COX2

[dist]
# distance from previous block
# <min> <max>
0	21

[block]
# block no. 0 follows, 113 sequences, length 80
# corresponding to MSA columns:
# 21-100
name=unknown_A
#
# <colnr> <probs for GDERKNQSTAVLIFYWHMCP>
#	G	D	E	R	K	N	Q	S	T	A	V	L	I	F	Y	W	H	M	C	P
0	0.11869	0.00800	0.00622	0.00555	0.00688	0.35825	0.00433	0.19018	0.04724	0.00943	0.00641	0.03292	0.01227	0.03754	0.06343	0.00109	0.01001	0.07650	0.00185	0.00318
1	0.00342	0.00241	0.00303	0.00342	0.00357	0.00231	0.00222	0.00382	0.01120	0.00628	0.01295	0.58945	0.04313	0.27281	0.01196	0.00152	0.00187	0.02047	0.00218	0.00200
2	0.00613	0.00679	0.01421	0.01029	0.01274	0.01319	0.77376	0.02585	0.03286	0.00849	0.00579	0.03162	0.00457	0.00310	0.03716	0.00101	0.00434	0.00317	0.00143	0.00349
3	0.00734	0.69582	0.07909	0.00508	0.00731	0.15446	0.00498	0.00832	0.00569	0.00637	0.00379	0.00439	0.00337	0.00234	0.00186	0.00060	0.00320	0.00149	0.00116	0.00335
4	0.08559	0.00655	0.00712	0.00552	0.00753	0.00709	0.00455	0.63260	0.02299	0.16881	0.00689	0.00669	0.00477	0.00311	0.00253	0.00079	0.00266	0.00234	0.01757	0.00429
5	0.02538	0.00649	0.00631	0.00521	0.00685	0.18061	0.00415	0.21211	0.04439	0.33830	0.01584	0.00802	0.00568	0.00358	0.00301	0.05659	0.00281	0.02290	0.04801	0.00378
6	0.00988	0.00730	0.00782	0.00602	0.00810	0.00809	0.00496	0.85992	0.03525	0.01639	0.00641	0.00639	0.00455	0.00316	0.00263	0.00079	0.00287	0.00238	0.00263	0.00445
7	0.00526	0.00440	0.00517	0.00388	0.00590	0.00344	0.00306	0.01971	0.00543	0.00832	0.00561	0.03997	0.00514	0.05778	0.01943	0.00065	0.00209	0.03009	0.00163	0.77303
8	0.00380	0.00310	0.00352	0.00384	0.00431	0.04482	0.00278	0.00476	0.04711	0.00719	0.05715	0.50398	0.15660	0.00799	0.05982	0.00121	0.00208	0.08124	0.00235	0.00234
9	0.00471	0.00339	0.00454	0.00492	0.00565	0.00346	0.00428	0.08044	0.00654	0.00856	0.01312	0.02726	0.01404	0.00712	0.01951	0.00123	0.00254	0.78369	0.00242	0.00259
10	0.00568	0.05636	0.75190	0.00711	0.01061	0.05017	0.00881	0.03687	0.00579	0.00828	0.00478	0.00581	0.00355	0.02990	0.00278	0.00086	0.00379	0.00197	0.00118	0.00376
11	0.00631	0.00715	0.01355	0.00998	0.01223	0.08209	0.69498	0.00822	0.00612	0.00803	0.00556	0.00798	0.00451	0.00310	0.02816	0.00099	0.05142	0.04483	0.00137	0.00337
12	0.00346	0.00250	0.00334	0.00391	0.00422	0.00237	0.00289	0.00413	0.00534	0.00702	0.01498	0.62522	0.06507	0.00787	0.00341	0.00109	0.00175	0.23678	0.00243	0.00221
13	0.00512	0.00419	0.00431	0.00401	0.00508	0.04656	0.00314	0.09169	0.14926	0.03786	0.07560	0.04171	0.40564	0.01686	0.00318	0.00092	0.01188	0.08762	0.00247	0.00289
14	0.00461	0.00357	0.00382	0.00375	0.00413	0.06612	0.00260	0.03824	0.00488	0.02401	0.00924	0.07373	0.03978	0.48558	0.13648	0.00226	0.01304	0.08029	0.00177	0.00211
15	0.00382	0.00254	0.00286	0.00286	0.00286	0.00254	0.00159	0.00382	0.00382	0.00509	0.00827	0.01717	0.00954	0.90780	0.01335	0.00254	0.00254	0.00382	0.00159	0.00159
16	0.00561	0.00556	0.00780	0.00672	0.00675	0.00774	0.00559	0.00621	0.00403	0.00630	0.00367	0.00603	0.00364	0.00553	0.06418	0.00134	0.84698	0.00233	0.00116	0.00284
17	0.00727	0.73585	0.06838	0.00497	0.00720	0.12592	0.00489	0.00823	0.00562	0.00634	0.00377	0.00436	0.00337	0.00232	0.00182	0.00059	0.00312	0.00147	0.00115	0.00336
18	0.00550	0.00536	0.00685	0.02814	0.00648	0.06062	0.00490	0.01630	0.00438	0.00631	0.00481	0.03497	0.00488	0.10183	0.11117	0.00161	0.58928	0.00264	0.00129	0.00268
19	0.00785	0.00538	0.00599	0.00505	0.00667	0.00578	0.00404	0.22979	0.36602	0.17250	0.03806	0.01120	0.09584	0.00387	0.00274	0.00086	0.00222	0.02941	0.00274	0.00399
20	0.00383	0.00275	0.00376	0.00434	0.00479	0.00268	0.00351	0.00476	0.00570	0.00747	0.02788	0.33812	0.03912	0.00754	0.00350	0.00114	0.00205	0.53233	0.00243	0.00231
21	0.00376	0.00280	0.00352	0.00389	0.00439	0.00271	0.00298	0.00485	0.04997	0.00740	0.05320	0.31837	0.16101	0.07488	0.00411	0.00117	0.00188	0.29440	0.00240	0.00232
22	0.00325	0.00267	0.00288	0.00291	0.00371	0.00232	0.00221	0.00398	0.00598	0.00732	0.09288	0.04687	0.70390	0.02383	0.03259	0.00104	0.00160	0.05539	0.00242	0.00224
23	0.00336	0.00254	0.00314	0.00355	0.00397	0.00235	0.00254	0.00413	0.02718	0.00708	0.03191	0.56354	0.23628	0.00757	0.00329	0.00103	0.00157	0.09029	0.00245	0.00223
24	0.00415	0.00318	0.00362	0.00364	0.00437	0.00312	0.00270	0.03217	0.12961	0.02147	0.07246	0.22693	0.31044	0.09103	0.00408	0.00110	0.00174	0.07921	0.00243	0.00254
25	0.00397	0.00290	0.00379	0.00423	0.00476	0.00286	0.00343	0.00512	0.03924	0.00748	0.02440	0.19533	0.10337	0.07823	0.00424	0.00124	0.00212	0.50858	0.00237	0.00234
26	0.00316	0.00270	0.00272	0.00271	0.00360	0.00228	0.00203	0.00393	0.01867	0.00721	0.04327	0.02491	0.86072	0.00657	0.00309	0.00088	0.00134	0.00548	0.00245	0.00225
27	0.00520	0.00431	0.00471	0.00441	0.00550	0.00471	0.00337	0.02615	0.47710	0.00955	0.09401	0.10476	0.16227	0.03480	0.02533	0.00104	0.00198	0.02497	0.00255	0.00330
28	0.00574	0.00429	0.00475	0.00432	0.00544	0.02130	0.00342	0.15971	0.15085	0.05581	0.14385	0.03508	0.20855	0.04049	0.00338	0.00097	0.00204	0.13556	0.01136	0.00310
29	0.00419	0.00308	0.00380	0.00400	0.00456	0.00309	0.00298	0.04820	0.08651	0.01625	0.08130	0.39847	0.08113	0.07005	0.02103	0.00119	0.00195	0.16328	0.00243	0.00250
30	0.00365	0.00277	0.00338	0.00321	0.00392	0.00254	0.00241	0.00494	0.03395	0.00972	0.65819	0.02064	0.22974	0.00561	0.00308	0.00084	0.00128	0.00488	0.00277	0.00246
31	0.29928	0.00515	0.00519	0.00447	0.00593	0.00566	0.00354	0.23793	0.12447	0.07943	0.00778	0.11278	0.01636	0.06276	0.00312	0.00097	0.00225	0.01728	0.00227	0.00339
32	0.03372	0.00306	0.00447	0.00430	0.00487	0.00346	0.02851	0.02053	0.00453	0.00662	0.03595	0.01109	0.00728	0.07849	0.71055	0.01222	0.00608	0.02036	0.00151	0.00237
33	0.00398	0.00298	0.00357	0.00382	0.00442	0.01398	0.00293	0.02735	0.02256	0.02370	0.05763	0.28759	0.24444	0.04581	0.00372	0.00109	0.00185	0.24379	0.00243	0.00238
34	0.00385	0.00280	0.00371	0.00419	0.00472	0.00271	0.00343	0.00477	0.00572	0.00737	0.01550	0.19104	0.14055	0.05818	0.00405	0.00121	0.00210	0.53944	0.00238	0.00229
35	0.03965	0.00358	0.00409	0.00392	0.00481	0.00361	0.00302	0.10055	0.07895	0.04846	0.07749	0.14044	0.23097	0.09483	0.02686	0.00118	0.00207	0.13040	0.00240	0.00272
36	0.00727	0.03324	0.00662	0.00624	0.09994	0.05397	0.00450	0.27927	0.11221	0.06528	0.00873	0.01827	0.03516	0.09625	0.03643	0.00116	0.00286	0.12683	0.00223	0.00353
37	0.00376	0.00286	0.00348	0.00390	0.00430	0.01967	0.00287	0.00469	0.04447	0.00706	0.01462	0.47809	0.10160	0.08488	0.00420	0.00119	0.00189	0.21186	0.00235	0.00227
38	0.00417	0.00305	0.00367	0.00386	0.01138	0.01004	0.00282	0.03020	0.04372	0.01377	0.02452	0.15535	0.11546	0.29084	0.04351	0.00164	0.00237	0.22430	0.01306	0.00226
39	0.00471	0.00371	0.00461	0.00496	0.07830	0.02992	0.02242	0.02775	0.07931	0.00719	0.02717	0.10179	0.03830	0.32271	0.03526	0.04026	0.00256	0.11805	0.03002	0.02099
40	0.00919	0.01962	0.00736	0.00675	0.03634	0.69708	0.00500	0.08806	0.03340	0.00755	0.00515	0.00605	0.02010	0.00338	0.02727	0.00081	0.00438	0.01778	0.00154	0.00319
41	0.00699	0.00667	0.00911	0.01148	0.48386	0.10305	0.04795	0.12994	0.03674	0.00937	0.01702	0.04641	0.00531	0.00345	0.03151	0.00090	0.00328	0.01596	0.00163	0.02937
42	0.00447	0.01036	0.00446	0.00427	0.01296	0.09728	0.05005	0.00509	0.00504	0.00643	0.02688	0.17795	0.09245	0.27652	0.15568	0.00195	0.00327	0.03532	0.02735	0.00224
43	0.00521	0.00439	0.00457	0.00426	0.00531	0.04585	0.00329	0.09681	0.23986	0.00926	0.08891	0.08720	0.25815	0.02899	0.04915	0.00111	0.00225	0.06000	0.00243	0.00301
44	0.00863	0.09885	0.00761	0.00606	0.00741	0.59724	0.00470	0.07924	0.00724	0.00730	0.03179	0.00637	0.02675	0.02677	0.04268	0.00090	0.03385	0.00203	0.00151	0.00308
45	0.00507	0.00470	0.00727	0.64374	0.05766	0.02908	0.01589	0.03663	0.00558	0.00714	0.00663	0.10131	0.03428	0.02068	0.00293	0.00092	0.00319	0.01300	0.00143	0.00290
46	0.01578	0.00594	0.00504	0.00473	0.00541	0.25998	0.00345	0.04714	0.02806	0.02317	0.00726	0.08191	0.00741	0.28502	0.14328	0.00187	0.04390	0.02647	0.00167	0.00251
47	0.00370	0.00274	0.00345	0.00382	0.00422	0.00266	0.00273	0.02692	0.05611	0.00749	0.05956	0.60741	0.07970	0.03242	0.00357	0.00108	0.00168	0.09596	0.00245	0.00234
48	0.00338	0.00245	0.00323	0.00371	0.00401	0.00233	0.00264	0.00398	0.00523	0.00693	0.04840	0.62814	0.08100	0.03350	0.05500	0.00128	0.00195	0.10830	0.00237	0.00218
49	0.00580	0.15100	0.50680	0.00774	0.10309	0.03243	0.01890	0.00792	0.00541	0.00765	0.00455	0.00576	0.00362	0.01985	0.02113	0.00091	0.09066	0.00199	0.00116	0.00363
50	0.51442	0.00792	0.07094	0.00485	0.00655	0.26264	0.00409	0.06255	0.00587	0.01010	0.00413	0.00494	0.00330	0.02536	0.00226	0.00082	0.00301	0.00165	0.00157	0.00304
51	0.00608	0.00798	0.14520	0.00968	0.01202	0.03374	0.57448	0.00809	0.00576	0.00797	0.00486	0.00655	0.00377	0.00268	0.00393	0.00092	0.15883	0.00274	0.00126	0.00346
52	0.01537	0.00491	0.05060	0.00574	0.07459	0.05198	0.02852	0.03499	0.17724	0.01485	0.03437	0.14117	0.04331	0.07158	0.04976	0.02403	0.00271	0.16921	0.00210	0.00297
53	0.00319	0.00258	0.00283	0.00299	0.00368	0.00223	0.00219	0.00384	0.00582	0.00716	0.05859	0.22930	0.62321	0.00698	0.00318	0.00094	0.00141	0.03521	0.00245	0.00221
54	0.00528	0.01346	0.88151	0.00760	0.02401	0.00609	0.00967	0.00830	0.00554	0.00831	0.00471	0.00555	0.00334	0.00249	0.00249	0.00083	0.00387	0.00194	0.00111	0.00388
55	0.00406	0.00315	0.00363	0.00367	0.00434	0.00313	0.00270	0.02725	0.13734	0.00799	0.10630	0.23153	0.24874	0.11777	0.00440	0.00116	0.00177	0.08615	0.00242	0.00251
56	0.00380	0.00276	0.00306	0.00305	0.00388	0.00239	0.00227	0.00457	0.01575	0.06734	0.07811	0.15482	0.61437	0.01447	0.00320	0.00092	0.00145	0.01886	0.00251	0.00239
57	0.00456	0.00228	0.00342	0.00342	0.00342	0.00228	0.00228	0.00342	0.00342	0.00456	0.00456	0.00797	0.00456	0.00911	0.01025	0.92367	0.00228	0.00228	0.00114	0.00114
58	0.00653	0.00564	0.00593	0.00534	0.00682	0.00653	0.00415	0.01394	0.88670	0.01097	0.01068	0.00979	0.00801	0.00356	0.00267	0.00089	0.00208	0.00297	0.00267	0.00415
59	0.00344	0.00268	0.00297	0.00301	0.00374	0.00236	0.00220	0.00427	0.02319	0.02253	0.15020	0.17218	0.56177	0.02930	0.00338	0.00095	0.00141	0.00560	0.00250	0.00230
60	0.00393	0.00289	0.00339	0.00353	0.00416	0.00273	0.00255	0.03081	0.06469	0.03650	0.06384	0.41378	0.30933	0.02365	0.00335	0.00099	0.00158	0.02335	0.00249	0.00245
61	0.00544	0.00466	0.00544	0.00389	0.00622	0.00350	0.00311	0.00661	0.00544	0.00855	0.00466	0.00544	0.00389	0.00194	0.00194	0.00039	0.00194	0.00155	0.00155	0.92384
62	0.07897	0.00472	0.00574	0.00486	0.00649	0.00449	0.00394	0.06875	0.06947	0.46768	0.06027	0.01319	0.04114	0.00431	0.00293	0.00096	0.00233	0.12261	0.03312	0.00403
63	0.00410	0.00303	0.00341	0.00346	0.00408	0.00271	0.00246	0.00459	0.00596	0.02328	0.13170	0.13314	0.40140	0.19527	0.00552	0.00136	0.00187	0.06775	0.00249	0.00243
64	0.00480	0.00390	0.00419	0.00398	0.00496	0.00386	0.00296	0.00738	0.26481	0.00923	0.17791	0.04198	0.38707	0.05842	0.00380	0.00107	0.00180	0.01212	0.00270	0.00306
65	0.00375	0.00270	0.00345	0.00402	0.00425	0.00248	0.00272	0.00411	0.00542	0.00724	0.01518	0.84965	0.03964	0.00844	0.00356	0.00116	0.00173	0.03549	0.00260	0.00241
66	0.00443	0.00334	0.00368	0.00360	0.00438	0.00305	0.00263	0.06239	0.00654	0.01947	0.12212	0.11183	0.45748	0.12592	0.00469	0.00122	0.00186	0.05620	0.00256	0.00261
67	0.00451	0.00300	0.00345	0.00349	0.00376	0.00285	0.00223	0.00464	0.00483	0.03764	0.01185	0.12170	0.10378	0.60008	0.01010	0.00211	0.00244	0.06411	0.01128	0.00216
68	0.00325	0.00272	0.00284	0.00289	0.00371	0.00235	0.00216	0.00410	0.03036	0.00725	0.04384	0.10453	0.74608	0.00669	0.00312	0.00091	0.00139	0.02707	0.00245	0.00227
69	0.01143	0.00437	0.00593	0.00458	0.00654	0.00379	0.00377	0.01245	0.00745	0.85169	0.02482	0.00913	0.00680	0.00328	0.00262	0.00081	0.00219	0.00267	0.03133	0.00437
70	0.00349	0.00256	0.00321	0.00359	0.00393	0.00243	0.00253	0.00425	0.02964	0.00702	0.06485	0.51281	0.12924	0.11453	0.00450	0.00122	0.00172	0.10392	0.00236	0.00218
71	0.00544	0.00466	0.00544	0.00389	0.00622	0.00350	0.00311	0.00661	0.00544	0.00855	0.00466	0.00544	0.00389	0.00194	0.00194	0.00039	0.00194	0.00155	0.00155	0.92384
72	0.00997	0.00735	0.00787	0.00604	0.00814	0.00814	0.00499	0.88269	0.01233	0.01653	0.00630	0.00630	0.00446	0.00315	0.00262	0.00079	0.00289	0.00236	0.00262	0.00446
73	0.00324	0.00232	0.00306	0.00362	0.00381	0.00217	0.00244	0.00371	0.00504	0.00669	0.01464	0.82614	0.04570	0.03717	0.00367	0.00111	0.00157	0.02937	0.00241	0.00212
74	0.00559	0.00548	0.00881	0.48732	0.22782	0.03530	0.05065	0.00712	0.00539	0.00719	0.00485	0.02930	0.00402	0.00290	0.00334	0.00088	0.10710	0.00247	0.00124	0.00323
75	0.00378	0.00283	0.00340	0.00376	0.00422	0.00254	0.00264	0.00425	0.00584	0.00761	0.07287	0.54509	0.27064	0.00783	0.00349	0.00110	0.00168	0.05136	0.00263	0.00246
76	0.00319	0.00229	0.00303	0.00362	0.00380	0.00213	0.00242	0.00366	0.00505	0.00671	0.01481	0.88068	0.04253	0.00817	0.00334	0.00106	0.00152	0.00740	0.00244	0.00213
77	0.00375	0.00281	0.00422	0.00422	0.00468	0.00328	0.00328	0.00468	0.00422	0.00609	0.00703	0.01031	0.00656	0.01968	0.89741	0.00422	0.00703	0.00281	0.00141	0.00234
78	0.00354	0.00256	0.00329	0.00372	0.00402	0.00246	0.00260	0.03220	0.00531	0.00702	0.01443	0.66979	0.07859	0.06060	0.03123	0.00124	0.00185	0.07101	0.00236	0.00221
79	0.00423	0.00314	0.00385	0.00406	0.00464	0.00314	0.00306	0.07735	0.06235	0.00807	0.03193	0.41964	0.10817	0.05722	0.00383	0.00112	0.00190	0.19739	0.00242	0.00250

[dist]
# distance from previous block
# <min> <max>
0	1

[block]
# block no. 1 follows, 113 sequences, length 27
# corresponding to MSA columns:
# 102-128
name=unknown_B
#
# <colnr> <probs for GDERKNQSTAVLIFYWHMCP>
#	G	D	E	R	K	N	Q	S	T	A	V	L	I	F	Y	W	H	M	C	P
0	0.00678	0.79239	0.12874	0.00488	0.00734	0.00982	0.00517	0.00791	0.00536	0.00645	0.00379	0.00438	0.00336	0.00228	0.00179	0.00060	0.00295	0.00147	0.00112	0.00343
1	0.00548	0.12626	0.78345	0.00710	0.01077	0.00663	0.00904	0.00825	0.00551	0.00804	0.00457	0.00537	0.00333	0.00246	0.00239	0.00080	0.00374	0.00187	0.00111	0.00381
2	0.00484	0.00411	0.00416	0.00398	0.00489	0.06828	0.00303	0.10932	0.07286	0.00890	0.13732	0.18251	0.31490	0.00587	0.00304	0.00091	0.00191	0.06399	0.00246	0.00272
3	0.00714	0.03526	0.01564	0.00579	0.03953	0.26792	0.02205	0.17922	0.01907	0.02503	0.04021	0.18536	0.01462	0.06356	0.03487	0.00106	0.02056	0.01807	0.00195	0.00309
4	0.00874	0.14937	0.07557	0.01930	0.07096	0.36696	0.03590	0.07615	0.03836	0.03727	0.00623	0.05187	0.00542	0.00348	0.00274	0.00087	0.00388	0.01720	0.00183	0.02791
5	0.00591	0.00490	0.00558	0.00406	0.00634	0.02166	0.00325	0.03099	0.02194	0.04143	0.00502	0.00566	0.00406	0.00207	0.00201	0.00043	0.00204	0.00165	0.00166	0.82936
6	0.00733	0.01555	0.04398	0.00551	0.02460	0.02144	0.02873	0.31509	0.04966	0.11610	0.02790	0.12496	0.03597	0.01344	0.03769	0.00104	0.00273	0.12229	0.00242	0.00356
7	0.00333	0.00258	0.00304	0.00328	0.00385	0.00231	0.00241	0.00403	0.00576	0.00733	0.10479	0.30793	0.40771	0.03073	0.00351	0.00102	0.00153	0.10020	0.00246	0.00222
8	0.00684	0.00579	0.00611	0.00540	0.00694	0.00667	0.00423	0.09242	0.80771	0.01148	0.01028	0.00947	0.00769	0.00352	0.00267	0.00088	0.00215	0.00291	0.00267	0.00418
9	0.00334	0.00253	0.00309	0.00344	0.00390	0.00231	0.00247	0.00405	0.01555	0.00722	0.08092	0.47746	0.28389	0.01728	0.00338	0.00102	0.00154	0.08191	0.00246	0.00222
10	0.00649	0.00623	0.01065	0.01610	0.89144	0.00623	0.00805	0.00805	0.00597	0.00857	0.00493	0.00649	0.00416	0.00234	0.00260	0.00078	0.00312	0.00234	0.00130	0.00416
11	0.00664	0.00479	0.00527	0.00459	0.00602	0.00510	0.00361	0.09928	0.42513	0.12982	0.07715	0.01337	0.19941	0.00427	0.00278	0.00086	0.00196	0.00354	0.00271	0.00369
12	0.00345	0.00283	0.00308	0.00309	0.00393	0.00253	0.00237	0.00457	0.05052	0.00778	0.13720	0.05168	0.63038	0.00642	0.00313	0.00091	0.00145	0.07978	0.00251	0.00236
13	0.92633	0.00507	0.00386	0.00345	0.00507	0.00589	0.00284	0.00771	0.00446	0.01177	0.00365	0.00426	0.00284	0.00244	0.00162	0.00081	0.00203	0.00142	0.00162	0.00284
14	0.00606	0.00630	0.00815	0.06273	0.00785	0.08679	0.02625	0.00676	0.00445	0.00640	0.00362	0.00576	0.00345	0.00425	0.00755	0.00108	0.74622	0.00226	0.00117	0.00290
15	0.00619	0.00708	0.01548	0.01106	0.01371	0.00663	0.88191	0.00840	0.00619	0.00840	0.00531	0.00708	0.00398	0.00221	0.00310	0.00088	0.00442	0.00310	0.00133	0.00354
16	0.00456	0.00228	0.00342	0.00342	0.00342	0.00228	0.00228	0.00342	0.00342	0.00456	0.00456	0.00797	0.00456	0.00911	0.01025	0.92367	0.00228	0.00228	0.00114	0.00114
17	0.00376	0.00277	0.00399	0.00399	0.00439	0.00316	0.00300	0.00454	0.00415	0.00593	0.00723	0.01143	0.00705	0.16513	0.75262	0.00394	0.00629	0.00298	0.00144	0.00222
18	0.00456	0.00228	0.00342	0.00342	0.00342	0.00228	0.00228	0.00342	0.00342	0.00456	0.00456	0.00797	0.00456	0.00911	0.01025	0.92367	0.00228	0.00228	0.00114	0.00114
19	0.00980	0.00736	0.00784	0.00618	0.02128	0.02339	0.00501	0.82521	0.04172	0.01605	0.00639	0.00639	0.00456	0.00314	0.00262	0.00079	0.00289	0.00237	0.00258	0.00442
20	0.00381	0.00291	0.00434	0.00430	0.00476	0.00343	0.00336	0.00474	0.00421	0.00610	0.00691	0.01016	0.00646	0.01919	0.86859	0.00412	0.03607	0.00279	0.00140	0.00236
21	0.00535	0.03963	0.83101	0.00754	0.01132	0.00624	0.04658	0.00830	0.00556	0.00825	0.00470	0.00556	0.00335	0.00247	0.00249	0.00083	0.00387	0.00197	0.00112	0.00385
22	0.00375	0.00280	0.00415	0.00415	0.00460	0.00325	0.00320	0.00464	0.00420	0.00604	0.00708	0.01062	0.00670	0.06047	0.85680	0.00414	0.00682	0.00286	0.00141	0.00231
23	0.03632	0.00719	0.00736	0.00581	0.00777	0.06284	0.00476	0.67890	0.04547	0.02478	0.00653	0.00723	0.00492	0.00323	0.00259	0.00078	0.00287	0.03840	0.00246	0.04978
24	0.00696	0.82348	0.07491	0.00476	0.00709	0.03332	0.00487	0.00796	0.00540	0.00633	0.00373	0.00431	0.00336	0.00227	0.00176	0.00058	0.00293	0.00145	0.00113	0.00339
25	0.00379	0.00254	0.00293	0.00296	0.00299	0.00256	0.00170	0.00385	0.00388	0.00520	0.00847	0.05460	0.00973	0.82845	0.05389	0.00256	0.00271	0.00392	0.00162	0.00165
26	0.00592	0.01279	0.05313	0.00707	0.16924	0.16996	0.01271	0.03978	0.03932	0.01401	0.04167	0.15247	0.07037	0.04311	0.02022	0.00100	0.03178	0.08070	0.00185	0.03290

[dist]
# distance from previous block
# <min> <max>
1	10

[block]
# block no. 2 follows, 113 sequences, length 7
# corresponding to MSA columns:
# 140-146
name=unknown_C
#
# <colnr> <probs for GDERKNQSTAVLIFYWHMCP>
#	G	D	E	R	K	N	Q	S	T	A	V	L	I	F	Y	W	H	M	C	P
0	0.00410	0.00340	0.01699	0.00425	0.05743	0.01598	0.01576	0.01793	0.02874	0.03138	0.24961	0.13653	0.36551	0.00609	0.01854	0.00094	0.00175	0.02004	0.00245	0.00259
1	0.00617	0.05146	0.65622	0.00755	0.04146	0.06375	0.03175	0.09573	0.00636	0.00893	0.00480	0.00558	0.00349	0.00255	0.00248	0.00080	0.00377	0.00199	0.00129	0.00386
2	0.00375	0.00257	0.00295	0.00295	0.00307	0.00257	0.00176	0.00388	0.00404	0.00535	0.00982	0.01735	0.08859	0.75602	0.08277	0.00253	0.00279	0.00389	0.00165	0.00171
3	0.00723	0.74749	0.06959	0.00494	0.00719	0.11327	0.00489	0.00819	0.00559	0.00634	0.00376	0.00435	0.00337	0.00231	0.00181	0.00059	0.00310	0.00147	0.00115	0.00336
4	0.00991	0.00703	0.00762	0.00589	0.00795	0.00771	0.00485	0.76525	0.06265	0.08382	0.00686	0.00670	0.00482	0.00318	0.00263	0.00080	0.00279	0.00242	0.00267	0.00444
5	0.00376	0.00277	0.00402	0.00402	0.00442	0.00317	0.00304	0.00456	0.00416	0.00595	0.00720	0.01129	0.00699	0.14709	0.77058	0.00398	0.00638	0.00295	0.00143	0.00223
6	0.00414	0.00301	0.00412	0.00459	0.00523	0.00291	0.00388	0.00523	0.00584	0.00771	0.01341	0.16470	0.01476	0.00707	0.00348	0.00113	0.00225	0.68479	0.00237	0.05940

[dist]
# distance from previous block
# <min> <max>
2	9

[block]
# block no. 3 follows, 113 sequences, length 95
# corresponding to MSA columns:
# 156-250
name=unknown_D
#
# <colnr> <probs for GDERKNQSTAVLIFYWHMCP>
#	G	D	E	R	K	N	Q	S	T	A	V	L	I	F	Y	W	H	M	C	P
0	0.08015	0.09970	0.05405	0.00562	0.01243	0.31901	0.00970	0.18179	0.01251	0.00884	0.00530	0.00702	0.00459	0.08040	0.08551	0.00892	0.00385	0.01579	0.00164	0.00319
1	0.16939	0.07291	0.11792	0.00568	0.02053	0.24901	0.02492	0.09401	0.02806	0.01518	0.03535	0.02790	0.04063	0.00354	0.01803	0.00084	0.00811	0.04713	0.00170	0.01916
2	0.00387	0.00264	0.00311	0.00313	0.00332	0.00260	0.00196	0.00409	0.00422	0.01463	0.00976	0.08780	0.05419	0.66410	0.06749	0.00232	0.00266	0.04061	0.00174	0.02577
3	0.00516	0.00498	0.00782	0.82982	0.03316	0.04253	0.00712	0.00684	0.00533	0.00671	0.00469	0.00696	0.00357	0.00298	0.02136	0.00093	0.00362	0.00232	0.00118	0.00293
4	0.00342	0.00243	0.00313	0.00364	0.00382	0.00966	0.00243	0.00387	0.00501	0.01713	0.02684	0.79413	0.01646	0.07343	0.02020	0.00122	0.00173	0.00696	0.00236	0.00214
5	0.00319	0.00229	0.00304	0.00363	0.00380	0.00213	0.00243	0.00366	0.00504	0.00670	0.01470	0.88883	0.03446	0.00819	0.00334	0.00106	0.00152	0.00742	0.00244	0.00213
6	0.00646	0.56605	0.32810	0.00562	0.00842	0.03192	0.00636	0.00809	0.00546	0.00694	0.00404	0.00470	0.00335	0.00234	0.00199	0.00066	0.00324	0.00160	0.00112	0.00354
7	0.00409	0.00305	0.00381	0.00354	0.00427	0.00297	0.00267	0.02416	0.08913	0.01063	0.77441	0.01851	0.03830	0.00517	0.00304	0.00083	0.00135	0.00454	0.00285	0.00267
8	0.00723	0.83935	0.01325	0.00467	0.00684	0.07963	0.00453	0.00806	0.00549	0.00619	0.00368	0.00425	0.00337	0.00228	0.00174	0.00057	0.00296	0.00143	0.00114	0.00334
9	0.00947	0.01168	0.00749	0.00698	0.03709	0.78035	0.00513	0.03948	0.04949	0.00704	0.00446	0.00510	0.00366	0.00278	0.00251	0.00070	0.02015	0.00180	0.00145	0.00318
10	0.00534	0.00506	0.00779	0.66548	0.04333	0.02973	0.00679	0.02193	0.00527	0.00697	0.00462	0.00680	0.00363	0.00294	0.00352	0.00090	0.14310	0.00231	0.03151	0.00296
11	0.00512	0.00379	0.00432	0.00410	0.00509	0.00391	0.00313	0.02331	0.29450	0.06924	0.15081	0.17408	0.18273	0.00539	0.00297	0.00091	0.00173	0.04414	0.01765	0.00308
12	0.00406	0.00320	0.00362	0.00340	0.00432	0.00301	0.00259	0.02819	0.09635	0.01440	0.30329	0.02026	0.38361	0.03527	0.00335	0.00091	0.00154	0.04182	0.00255	0.04426
13	0.00324	0.00240	0.00304	0.00351	0.00381	0.00221	0.00240	0.00383	0.01282	0.00697	0.05309	0.71220	0.15527	0.00780	0.00330	0.00103	0.00149	0.01697	0.00246	0.00218
14	0.00544	0.00466	0.00544	0.00389	0.00622	0.00350	0.00311	0.00661	0.00544	0.00855	0.00466	0.00544	0.00389	0.00194	0.00194	0.00039	0.00194	0.00155	0.00155	0.92384
15	0.00422	0.00312	0.00416	0.00459	0.03392	0.00316	0.00352	0.02986	0.02864	0.00769	0.07287	0.10985	0.05946	0.12500	0.09737	0.00160	0.00271	0.40360	0.00221	0.00243
16	0.00815	0.02664	0.07176	0.00774	0.11427	0.56538	0.03162	0.00915	0.00673	0.00693	0.00528	0.07069	0.00487	0.00322	0.00270	0.00076	0.02932	0.03019	0.00143	0.00317
17	0.00700	0.00545	0.00561	0.00492	0.00629	0.06790	0.00388	0.13205	0.36705	0.09666	0.07194	0.01170	0.08257	0.01661	0.01754	0.00093	0.01581	0.03831	0.04417	0.00364
18	0.00613	0.01901	0.05047	0.00888	0.05866	0.05873	0.48927	0.04042	0.04291	0.00832	0.00640	0.04027	0.02359	0.07103	0.01187	0.00099	0.00374	0.00304	0.00151	0.05475
19	0.00369	0.00303	0.00327	0.00318	0.00408	0.00280	0.00243	0.01519	0.09556	0.00826	0.18343	0.02261	0.59387	0.00608	0.00307	0.00089	0.00145	0.04206	0.00254	0.00249
20	0.00495	0.00466	0.00787	0.90150	0.01807	0.00583	0.00729	0.00670	0.00525	0.00670	0.00466	0.00699	0.00350	0.00262	0.00262	0.00087	0.00350	0.00233	0.00117	0.00291
21	0.04664	0.00295	0.00330	0.00342	0.00411	0.01372	0.00260	0.01779	0.00598	0.00789	0.14137	0.17990	0.37245	0.04414	0.00357	0.00102	0.00167	0.14275	0.00241	0.00232
22	0.00322	0.00241	0.00301	0.00347	0.00382	0.00219	0.00241	0.00377	0.00531	0.00687	0.02531	0.65314	0.22175	0.00778	0.00330	0.00103	0.00151	0.04509	0.00244	0.00217
23	0.00381	0.00301	0.00348	0.00332	0.00413	0.00285	0.00251	0.00555	0.10861	0.00924	0.45151	0.03308	0.33835	0.00568	0.00306	0.00086	0.00138	0.01431	0.00269	0.00257
24	0.00726	0.00619	0.00629	0.00548	0.00703	0.05177	0.00430	0.19077	0.62726	0.01170	0.00960	0.04577	0.00743	0.00362	0.00267	0.00087	0.00235	0.00296	0.00258	0.00408
25	0.01092	0.00584	0.00694	0.00532	0.00738	0.00589	0.00439	0.42628	0.00980	0.47652	0.00842	0.00768	0.00553	0.00320	0.00263	0.00080	0.00254	0.00251	0.00295	0.00446
26	0.02451	0.00578	0.08341	0.00572	0.04355	0.02661	0.03154	0.12815	0.09196	0.35357	0.00895	0.07785	0.00700	0.02621	0.04061	0.00103	0.00277	0.03440	0.00250	0.00387
27	0.00701	0.90938	0.01375	0.00449	0.00673	0.01038	0.00449	0.00786	0.00533	0.00617	0.00365	0.00421	0.00337	0.00224	0.00168	0.00056	0.00281	0.00140	0.00112	0.00337
28	0.00376	0.00273	0.00354	0.00333	0.00396	0.00254	0.00250	0.00509	0.02077	0.01053	0.87670	0.01945	0.02450	0.00534	0.00309	0.00083	0.00125	0.00472	0.00288	0.00250
29	0.00315	0.00246	0.00286	0.00317	0.00368	0.00217	0.00222	0.00371	0.00548	0.00689	0.02031	0.48089	0.43878	0.00746	0.00323	0.00098	0.00143	0.00653	0.00244	0.00217
30	0.00574	0.00574	0.00804	0.00689	0.00689	0.00804	0.00574	0.00631	0.00402	0.00631	0.00344	0.00574	0.00344	0.00459	0.00861	0.00115	0.90300	0.00230	0.00115	0.00287
31	0.01003	0.00726	0.00782	0.00599	0.00809	0.00800	0.00495	0.85530	0.01218	0.04414	0.00643	0.00638	0.00453	0.00315	0.00262	0.00079	0.00287	0.00237	0.00264	0.00446
32	0.00453	0.00229	0.00340	0.00340	0.00340	0.00229	0.00226	0.00343	0.00343	0.00457	0.00467	0.00825	0.00470	0.03579	0.01034	0.89633	0.00229	0.00232	0.00115	0.00115
33	0.00795	0.00542	0.00605	0.00520	0.00685	0.00594	0.00411	0.04947	0.63631	0.22631	0.01042	0.00943	0.00749	0.00347	0.00266	0.00087	0.00215	0.00286	0.00281	0.00424
34	0.00349	0.00270	0.00320	0.00319	0.00392	0.00241	0.00245	0.00445	0.00658	0.00862	0.39153	0.04094	0.40824	0.00620	0.00316	0.00090	0.00141	0.10163	0.00263	0.00235
35	0.00544	0.00466	0.00544	0.00389	0.00622	0.00350	0.00311	0.00661	0.00544	0.00855	0.00466	0.00544	0.00389	0.00194	0.00194	0.00039	0.00194	0.00155	0.00155	0.92384
36	0.01007	0.00690	0.00731	0.00571	0.00771	0.06231	0.00468	0.58654	0.04248	0.20133	0.00724	0.00716	0.00508	0.00319	0.00261	0.00079	0.00281	0.01317	0.00266	0.02025
37	0.00372	0.00265	0.00338	0.00380	0.00413	0.00254	0.00267	0.03625	0.02096	0.01855	0.02125	0.69127	0.05688	0.04421	0.00372	0.00111	0.00169	0.07651	0.00242	0.00229
38	0.83653	0.00516	0.00416	0.00364	0.00530	0.00590	0.00300	0.05170	0.00500	0.05441	0.00411	0.00459	0.00310	0.00251	0.00172	0.00081	0.00208	0.00153	0.00175	0.00300
39	0.00355	0.00268	0.00329	0.00326	0.00392	0.00244	0.00245	0.00461	0.01550	0.00904	0.50456	0.10707	0.26740	0.00609	0.00315	0.00089	0.00136	0.05368	0.00269	0.00238
40	0.00649	0.00623	0.01065	0.01610	0.89144	0.00623	0.00805	0.00805	0.00597	0.00857	0.00493	0.00649	0.00416	0.00234	0.00260	0.00078	0.00312	0.00234	0.00130	0.00416
41	0.00466	0.00308	0.00384	0.00369	0.00455	0.00289	0.00290	0.00609	0.06256	0.10181	0.36940	0.06850	0.20793	0.00576	0.00312	0.00091	0.00162	0.14129	0.00271	0.00271
42	0.00701	0.90938	0.01375	0.00449	0.00673	0.01038	0.00449	0.00786	0.00533	0.00617	0.00365	0.00421	0.00337	0.00224	0.00168	0.00056	0.00281	0.00140	0.00112	0.00337
43	0.07284	0.00467	0.00604	0.00466	0.00667	0.00424	0.00385	0.06249	0.00758	0.78385	0.00967	0.00847	0.00613	0.00319	0.00257	0.00081	0.00226	0.00254	0.00310	0.00436
44	0.00618	0.00578	0.00532	0.00486	0.00611	0.13678	0.00374	0.02395	0.47943	0.00973	0.11662	0.01251	0.12657	0.00409	0.00272	0.00084	0.00226	0.01633	0.03273	0.00345
45	0.00544	0.00466	0.00544	0.00389	0.00622	0.00350	0.00311	0.00661	0.00544	0.00855	0.00466	0.00544	0.00389	0.00194	0.00194	0.00039	0.00194	0.00155	0.00155	0.92384
46	0.92633	0.00507	0.00386	0.00345	0.00507	0.00589	0.00284	0.00771	0.00446	0.01177	0.00365	0.00426	0.00284	0.00244	0.00162	0.00081	0.00203	0.00142	0.00162	0.00284
47	0.00495	0.00466	0.00787	0.90150	0.01807	0.00583	0.00729	0.00670	0.00525	0.00670	0.00466	0.00699	0.00350	0.00262	0.00262	0.00087	0.00350	0.00233	0.00117	0.00291
48	0.00321	0.00237	0.00301	0.00350	0.00380	0.00217	0.00241	0.00372	0.00523	0.00680	0.01665	0.72110	0.17624	0.00790	0.00331	0.00104	0.00151	0.03144	0.00243	0.00215
49	0.00980	0.01250	0.00743	0.00676	0.00811	0.89727	0.00507	0.01048	0.00743	0.00642	0.00406	0.00473	0.00338	0.00270	0.00237	0.00068	0.00473	0.00169	0.00135	0.00304
50	0.00621	0.00695	0.01495	0.01075	0.01332	0.00655	0.83466	0.02663	0.00632	0.00856	0.00561	0.00780	0.00436	0.00240	0.00310	0.00089	0.00432	0.03173	0.00139	0.00352
51	0.04993	0.00431	0.00488	0.00450	0.00570	0.00458	0.00354	0.03279	0.35362	0.13178	0.06176	0.10719	0.07392	0.01707	0.00297	0.00094	0.00197	0.10132	0.03383	0.00341
52	0.02483	0.00854	0.02318	0.00609	0.00779	0.29854	0.02758	0.38767	0.08316	0.02339	0.00643	0.00726	0.01695	0.03236	0.00290	0.00083	0.00339	0.02171	0.01369	0.00371
53	0.00398	0.00291	0.00321	0.00329	0.00357	0.02586	0.00214	0.00446	0.02854	0.01805	0.02413	0.17445	0.11407	0.51812	0.00896	0.00187	0.00224	0.05623	0.00195	0.00197
54	0.00432	0.00338	0.00393	0.00398	0.00442	0.04735	0.02158	0.01842	0.05267	0.00665	0.01134	0.23290	0.07422	0.25668	0.04938	0.07532	0.00251	0.12678	0.00198	0.00218
55	0.04082	0.00341	0.00375	0.00363	0.00451	0.00334	0.00280	0.10924	0.02673	0.00847	0.02526	0.10807	0.37913	0.09913	0.00410	0.00110	0.00188	0.13896	0.02022	0.01546
56	0.00906	0.01102	0.00721	0.00683	0.04557	0.71989	0.00496	0.04387	0.05275	0.00717	0.00546	0.04559	0.02328	0.00308	0.00246	0.00072	0.00424	0.00215	0.00154	0.00314
57	0.00511	0.00477	0.00805	0.81407	0.03582	0.00584	0.03225	0.02649	0.00542	0.00699	0.00477	0.00704	0.00361	0.00298	0.01935	0.00736	0.00356	0.00236	0.00121	0.00297
58	0.00597	0.00498	0.00558	0.00425	0.00631	0.02915	0.00339	0.07663	0.05873	0.02751	0.02123	0.03429	0.00528	0.00283	0.01624	0.00057	0.00218	0.02070	0.00180	0.67241
59	0.90249	0.00513	0.00396	0.00352	0.00515	0.00594	0.00290	0.03047	0.00467	0.01189	0.00372	0.00431	0.00288	0.00245	0.00165	0.00081	0.00205	0.00145	0.00165	0.00288
60	0.00358	0.00271	0.00357	0.00421	0.04564	0.00257	0.00280	0.01644	0.02075	0.00736	0.07972	0.61841	0.11963	0.00757	0.01929	0.00107	0.00171	0.03824	0.00240	0.00234
61	0.00390	0.00277	0.00356	0.00345	0.00369	0.00283	0.02498	0.01310	0.00433	0.00588	0.04867	0.05387	0.01925	0.60264	0.17163	0.00259	0.00329	0.02599	0.00168	0.00190
62	0.00378	0.00269	0.00359	0.00359	0.00384	0.00294	0.00249	0.00428	0.00403	0.00562	0.00760	0.01350	0.00794	0.43248	0.48649	0.00344	0.00494	0.00328	0.00149	0.00199
63	0.92633	0.00507	0.00386	0.00345	0.00507	0.00589	0.00284	0.00771	0.00446	0.01177	0.00365	0.00426	0.00284	0.00244	0.00162	0.00081	0.00203	0.00142	0.00162	0.00284
64	0.00634	0.00730	0.01515	0.01088	0.01348	0.04335	0.84577	0.00849	0.00624	0.00832	0.00526	0.00698	0.00396	0.00223	0.00307	0.00088	0.00444	0.00304	0.00133	0.00352
65	0.00489	0.00245	0.00245	0.00245	0.00306	0.00245	0.00183	0.00611	0.00550	0.00978	0.00856	0.00978	0.00672	0.00306	0.00183	0.00061	0.00122	0.00245	0.92237	0.00245
66	0.00974	0.00717	0.00772	0.00599	0.00802	0.00792	0.00496	0.84653	0.01207	0.01618	0.00661	0.00726	0.00490	0.00332	0.00267	0.00080	0.00287	0.03828	0.00262	0.00438
67	0.00526	0.01357	0.89421	0.00748	0.01135	0.00609	0.00969	0.00831	0.00554	0.00831	0.00471	0.00554	0.00332	0.00249	0.00249	0.00083	0.00388	0.00194	0.00111	0.00388
68	0.00310	0.00266	0.00266	0.00266	0.00354	0.00221	0.00199	0.00376	0.00598	0.00709	0.02658	0.02525	0.89037	0.00664	0.00310	0.00089	0.00133	0.00554	0.00244	0.00221
69	0.00489	0.00245	0.00245	0.00245	0.00306	0.00245	0.00183	0.00611	0.00550	0.00978	0.00856	0.00978	0.00672	0.00306	0.00183	0.00061	0.00122	0.00245	0.92237	0.00245
70	0.92633	0.00507	0.00386	0.00345	0.00507	0.00589	0.00284	0.00771	0.00446	0.01177	0.00365	0.00426	0.00284	0.00244	0.00162	0.00081	0.00203	0.00142	0.00162	0.00284
71	0.00925	0.00477	0.04223	0.00470	0.00649	0.00420	0.00397	0.02755	0.14186	0.55256	0.06627	0.02359	0.05853	0.00381	0.00274	0.00085	0.00217	0.03747	0.00295	0.00403
72	0.00909	0.01138	0.00697	0.00639	0.00763	0.79679	0.00478	0.00979	0.00731	0.00668	0.05789	0.05261	0.00539	0.00315	0.00246	0.00071	0.00435	0.00217	0.00150	0.00296
73	0.00574	0.00574	0.00804	0.00689	0.00689	0.00804	0.00574	0.00631	0.00402	0.00631	0.00344	0.00574	0.00344	0.00459	0.00861	0.00115	0.90300	0.00230	0.00115	0.00287
74	0.00997	0.00735	0.00787	0.00604	0.00814	0.00814	0.00499	0.88269	0.01233	0.01653	0.00630	0.00630	0.00446	0.00315	0.00262	0.00079	0.00289	0.00236	0.00262	0.00446
75	0.00383	0.00256	0.00292	0.00294	0.00297	0.00256	0.00170	0.00388	0.00391	0.00520	0.00850	0.01768	0.00977	0.87068	0.01295	0.00249	0.00254	0.03968	0.00162	0.00162
76	0.00423	0.00302	0.00423	0.00483	0.00544	0.00302	0.00423	0.00544	0.00604	0.00785	0.01389	0.02959	0.01510	0.00725	0.00362	0.00121	0.00242	0.87378	0.00242	0.00242
77	0.00544	0.00467	0.00547	0.00392	0.00622	0.00354	0.00314	0.00660	0.00543	0.00853	0.00465	0.00544	0.00388	0.00197	0.00201	0.00040	0.01110	0.00156	0.00155	0.91448
78	0.00312	0.00265	0.00269	0.00270	0.00356	0.00222	0.00202	0.00380	0.00601	0.00719	0.05478	0.04042	0.84667	0.00663	0.00310	0.00089	0.00133	0.00554	0.00245	0.00222
79	0.00457	0.00328	0.00399	0.00371	0.00451	0.00327	0.00287	0.06308	0.09108	0.01655	0.61098	0.01754	0.01956	0.00496	0.00295	0.00084	0.00151	0.06079	0.08120	0.00277
80	0.00332	0.00261	0.00301	0.00312	0.00378	0.00230	0.00231	0.00409	0.00610	0.00780	0.21133	0.20558	0.47352	0.00672	0.00318	0.00093	0.00141	0.05409	0.00253	0.00227
81	0.00547	0.04149	0.83755	0.00736	0.01110	0.03555	0.00938	0.00837	0.00559	0.00818	0.00465	0.00547	0.00333	0.00249	0.00246	0.00082	0.00387	0.00191	0.00112	0.00383
82	0.03117	0.00629	0.00675	0.00534	0.00713	0.00685	0.00435	0.65638	0.02636	0.03328	0.03484	0.00959	0.09514	0.04480	0.00317	0.00089	0.00261	0.01856	0.00255	0.00396
83	0.00418	0.00334	0.00379	0.00361	0.00449	0.00332	0.00274	0.00663	0.20772	0.00938	0.36463	0.04753	0.28497	0.00545	0.00300	0.00087	0.00149	0.02498	0.01511	0.00277
84	0.00776	0.01657	0.05520	0.00594	0.04706	0.14909	0.00474	0.29811	0.06898	0.01679	0.00592	0.00649	0.01460	0.00289	0.00864	0.00069	0.01032	0.01104	0.00194	0.26721
85	0.02079	0.01528	0.00476	0.00479	0.05837	0.00397	0.00342	0.02971	0.18819	0.00855	0.06011	0.19433	0.16884	0.02822	0.01265	0.00097	0.01414	0.08572	0.00227	0.09492
86	0.02413	0.04759	0.03181	0.00944	0.29110	0.43079	0.01212	0.04450	0.01581	0.00780	0.00485	0.01509	0.00890	0.00268	0.00243	0.00072	0.00379	0.01094	0.00142	0.03409
87	0.00658	0.05480	0.00652	0.00581	0.06075	0.16942	0.02299	0.13008	0.13193	0.00870	0.04010	0.05322	0.03472	0.09438	0.09173	0.01799	0.02743	0.02847	0.01125	0.00313
88	0.00380	0.00254	0.00289	0.00290	0.00291	0.00255	0.00163	0.00382	0.00385	0.00514	0.00838	0.03614	0.00966	0.87522	0.02636	0.00254	0.00259	0.00388	0.00160	0.00161
89	0.00357	0.00290	0.00328	0.00338	0.01835	0.00270	0.00246	0.02505	0.00581	0.00724	0.04949	0.11166	0.56974	0.08639	0.01649	0.00112	0.03133	0.05445	0.00230	0.00228
90	0.00803	0.05192	0.02096	0.00939	0.29427	0.34517	0.01202	0.13820	0.00738	0.00868	0.00548	0.06423	0.00486	0.00304	0.00253	0.00076	0.00359	0.01433	0.00159	0.00358
91	0.00454	0.00228	0.00341	0.00341	0.00341	0.00228	0.00226	0.00343	0.00343	0.00457	0.00464	0.00817	0.00466	0.02839	0.01032	0.90391	0.00228	0.00231	0.00115	0.00115
92	0.00350	0.00268	0.00303	0.00318	0.00386	0.00241	0.00235	0.00441	0.03288	0.01651	0.07720	0.25814	0.47903	0.00674	0.00313	0.00094	0.00146	0.05584	0.04040	0.00231
93	0.00692	0.00651	0.01733	0.00979	0.35292	0.10750	0.03974	0.17087	0.05854	0.00964	0.01431	0.06292	0.03266	0.01860	0.02431	0.00094	0.00313	0.05788	0.00182	0.00367
94	0.00829	0.01734	0.01443	0.01511	0.19598	0.27386	0.01274	0.26808	0.03323	0.01901	0.00583	0.04967	0.00491	0.00343	0.01737	0.00084	0.03309	0.01330	0.00183	0.01166

[dist]
# distance from previous block
# <min> <max>
0	14

# created by:
# /share/home/app/bin/augustus-3.3.1/scripts/msa2prfl.pl /dev/shm/tmp/mt-Insecta/msas/COX2.aln --setname=COX2
