[name]
COX3

[dist]
# distance from previous block
# <min> <max>
0	11

[block]
# block no. 0 follows, 117 sequences, length 38
# corresponding to MSA columns:
# 11-48
name=unknown_A
#
# <colnr> <probs for GDERKNQSTAVLIFYWHMCP>
#	G	D	E	R	K	N	Q	S	T	A	V	L	I	F	Y	W	H	M	C	P
0	0.00676	0.00726	0.00756	0.00790	0.16565	0.26574	0.00548	0.02627	0.03157	0.00703	0.00511	0.02757	0.00481	0.00397	0.01943	0.00095	0.32757	0.06809	0.00140	0.00988
1	0.08918	0.00603	0.02191	0.00714	0.12002	0.06606	0.13334	0.18148	0.02651	0.08378	0.00606	0.00801	0.00501	0.08156	0.03169	0.00105	0.06021	0.03173	0.01000	0.02923
2	0.00801	0.00949	0.00630	0.00596	0.03156	0.63789	0.00428	0.01620	0.00638	0.01480	0.00495	0.00715	0.00459	0.15734	0.07332	0.00123	0.00432	0.00211	0.00138	0.00272
3	0.00549	0.00536	0.00774	0.00651	0.00677	0.00711	0.06637	0.03026	0.00431	0.00647	0.00456	0.00713	0.02882	0.07942	0.00806	0.00119	0.71796	0.00249	0.00124	0.00275
4	0.00550	0.05228	0.00632	0.00433	0.00651	0.00411	0.05788	0.03501	0.02634	0.00842	0.00501	0.03471	0.00429	0.00219	0.00202	0.00046	0.00210	0.00184	0.00156	0.73912
5	0.00373	0.00256	0.00324	0.00324	0.00343	0.00273	0.00216	0.00413	0.00393	0.00553	0.00760	0.01385	0.00806	0.53695	0.33690	0.00296	0.00399	0.00328	0.04987	0.00185
6	0.00549	0.00544	0.00760	0.00652	0.00659	0.00753	0.00542	0.00607	0.00394	0.00617	0.00350	0.00574	0.00347	0.00498	0.04313	0.00122	0.85130	0.00223	0.00113	0.02253
7	0.00323	0.00237	0.00308	0.00358	0.00388	0.00222	0.00255	0.00380	0.00509	0.00667	0.01528	0.66236	0.12864	0.00797	0.02799	0.00111	0.00171	0.11402	0.00233	0.00212
8	0.00362	0.00281	0.02253	0.00330	0.00396	0.00247	0.00255	0.00483	0.00708	0.01002	0.83983	0.05356	0.02330	0.00526	0.00300	0.00081	0.00127	0.00465	0.00275	0.00242
9	0.00714	0.45197	0.04404	0.00515	0.00710	0.09859	0.01855	0.08926	0.23855	0.00827	0.00567	0.00584	0.00456	0.00265	0.00209	0.00067	0.00280	0.00192	0.00164	0.00356
10	0.00445	0.00447	0.06614	0.03806	0.02969	0.01663	0.15381	0.00571	0.00519	0.01603	0.06001	0.12025	0.05534	0.01511	0.28972	0.00189	0.00402	0.04279	0.01082	0.05984
11	0.00968	0.00713	0.00764	0.00586	0.00790	0.00790	0.00484	0.88612	0.01197	0.01605	0.00611	0.00611	0.00433	0.00306	0.00255	0.00076	0.00280	0.00229	0.00255	0.00433
12	0.00528	0.00453	0.00528	0.00377	0.00604	0.00340	0.00302	0.00641	0.00528	0.00830	0.00453	0.00528	0.00377	0.00189	0.00189	0.00038	0.00189	0.00151	0.00151	0.92606
13	0.00442	0.00221	0.00332	0.00332	0.00332	0.00221	0.00221	0.00332	0.00332	0.00442	0.00442	0.00774	0.00442	0.00885	0.00995	0.92590	0.00221	0.00221	0.00111	0.00111
14	0.00528	0.00453	0.00528	0.00377	0.00604	0.00340	0.00302	0.00641	0.00528	0.00830	0.00453	0.00528	0.00377	0.00189	0.00189	0.00038	0.00189	0.00151	0.00151	0.92606
15	0.00311	0.00234	0.00283	0.00321	0.00357	0.00211	0.00219	0.00359	0.00510	0.00654	0.01736	0.58824	0.28791	0.05482	0.00369	0.00106	0.00147	0.00648	0.00232	0.00207
16	0.00467	0.00375	0.00421	0.00408	0.00495	0.00400	0.00308	0.00800	0.36689	0.01756	0.07283	0.15438	0.15785	0.08251	0.03502	0.00116	0.00199	0.06779	0.00239	0.00291
17	0.49312	0.00436	0.00402	0.00368	0.00500	0.01737	0.00296	0.04562	0.02105	0.09389	0.02261	0.09838	0.10564	0.00390	0.00223	0.00085	0.00195	0.06851	0.00203	0.00283
18	0.01071	0.00549	0.00663	0.00508	0.00708	0.00546	0.00420	0.37307	0.00922	0.53298	0.00842	0.00761	0.00549	0.00311	0.00256	0.00078	0.00243	0.00245	0.00290	0.00433
19	0.00339	0.00253	0.00300	0.00322	0.00364	0.00235	0.00228	0.00402	0.01632	0.00669	0.07166	0.28124	0.28149	0.20082	0.00527	0.00129	0.00172	0.10479	0.00222	0.00206
20	0.40317	0.00618	0.00583	0.00478	0.00652	0.07643	0.02844	0.31532	0.00756	0.07538	0.00570	0.00625	0.02391	0.00287	0.00216	0.00078	0.00254	0.02072	0.00203	0.00343
21	0.03877	0.00362	0.00441	0.00388	0.00508	0.00342	0.00302	0.02304	0.10403	0.31731	0.17015	0.14027	0.16289	0.00477	0.00278	0.00085	0.00173	0.00406	0.00272	0.00321
22	0.00401	0.00292	0.00378	0.00412	0.00463	0.00295	0.00326	0.02928	0.05183	0.00734	0.01303	0.24929	0.05675	0.10585	0.03562	0.00134	0.00224	0.41720	0.00225	0.00232
23	0.04193	0.00527	0.00473	0.00437	0.00544	0.16415	0.00337	0.08582	0.13958	0.03569	0.11438	0.07803	0.19750	0.03297	0.00307	0.00089	0.00230	0.07009	0.00754	0.00288
24	0.04111	0.00386	0.00428	0.00433	0.00507	0.04244	0.00333	0.05841	0.16287	0.01693	0.01142	0.28662	0.02946	0.06651	0.04308	0.00122	0.00231	0.21183	0.00224	0.00268
25	0.00454	0.00326	0.00401	0.00401	0.00475	0.00330	0.00315	0.01863	0.15360	0.04761	0.22652	0.11377	0.07711	0.07266	0.00382	0.00107	0.00185	0.25120	0.00248	0.00265
26	0.00557	0.00404	0.00467	0.00431	0.00531	0.00425	0.00333	0.18140	0.17108	0.05026	0.06581	0.21964	0.10716	0.01987	0.04459	0.02186	0.00218	0.07023	0.01143	0.00302
27	0.60513	0.00593	0.00461	0.00408	0.00554	0.13168	0.00324	0.09800	0.00554	0.01997	0.00446	0.02456	0.00372	0.04005	0.03360	0.00096	0.00261	0.00179	0.00166	0.00288
28	0.00464	0.00323	0.00399	0.00408	0.00471	0.00329	0.00309	0.06445	0.10468	0.05356	0.01804	0.34519	0.04167	0.11345	0.01636	0.00122	0.00204	0.20741	0.00233	0.00257
29	0.00381	0.00271	0.00322	0.00316	0.00387	0.00246	0.00236	0.00475	0.02371	0.05481	0.29360	0.11172	0.36556	0.05368	0.02309	0.00102	0.00157	0.04007	0.00248	0.00235
30	0.00604	0.01990	0.03284	0.00980	0.39030	0.10351	0.03815	0.05981	0.00628	0.00827	0.03605	0.06186	0.02714	0.00397	0.01863	0.00089	0.00299	0.15182	0.00167	0.02007
31	0.00451	0.00269	0.00363	0.00359	0.00383	0.00277	0.00252	0.05023	0.03510	0.00586	0.02589	0.07677	0.00718	0.11295	0.04943	0.54898	0.00241	0.05850	0.00150	0.00166
32	0.00402	0.00281	0.00321	0.00319	0.00346	0.00281	0.00207	0.06621	0.00475	0.00625	0.01057	0.11978	0.09177	0.60218	0.00960	0.00195	0.00226	0.05937	0.00184	0.00191
33	0.00636	0.00689	0.00761	0.00701	0.05915	0.22198	0.03553	0.00708	0.00490	0.00632	0.00405	0.00601	0.00377	0.01549	0.10010	0.00130	0.50020	0.00219	0.00121	0.00285
34	0.01991	0.00630	0.09869	0.00688	0.04598	0.06042	0.20009	0.07201	0.11993	0.00838	0.00758	0.10225	0.01253	0.05998	0.01973	0.00105	0.06898	0.07899	0.00716	0.00316
35	0.00489	0.00422	0.00520	0.00578	0.12743	0.07495	0.01247	0.04636	0.00506	0.00671	0.00737	0.05297	0.00754	0.25314	0.25641	0.00220	0.03316	0.08023	0.00157	0.01233
36	0.00801	0.08843	0.01687	0.00598	0.02932	0.45317	0.01417	0.13895	0.05198	0.00807	0.02531	0.02128	0.03383	0.05069	0.00305	0.00081	0.01789	0.02741	0.00166	0.00313
37	0.00526	0.01816	0.05233	0.00487	0.02573	0.12334	0.01986	0.05160	0.07515	0.00767	0.02163	0.12344	0.11219	0.07602	0.06120	0.00117	0.01238	0.12252	0.00191	0.08355

[dist]
# distance from previous block
# <min> <max>
3	6

[block]
# block no. 1 follows, 117 sequences, length 68
# corresponding to MSA columns:
# 55-122
name=unknown_B
#
# <colnr> <probs for GDERKNQSTAVLIFYWHMCP>
#	G	D	E	R	K	N	Q	S	T	A	V	L	I	F	Y	W	H	M	C	P
0	0.00353	0.00263	0.00318	0.00346	0.00388	0.00252	0.00246	0.01360	0.04918	0.00691	0.04651	0.42932	0.18459	0.13739	0.00458	0.00120	0.00171	0.09891	0.00227	0.00217
1	0.54318	0.00566	0.00489	0.00417	0.00578	0.06326	0.00339	0.17815	0.03781	0.06952	0.00561	0.00620	0.03015	0.01728	0.00216	0.00081	0.00231	0.01457	0.00192	0.00318
2	0.01012	0.00428	0.00433	0.00438	0.01459	0.10734	0.00327	0.05349	0.09795	0.02178	0.02641	0.23524	0.09512	0.11007	0.03580	0.00123	0.00244	0.16744	0.00215	0.00257
3	0.02873	0.00301	0.00350	0.00352	0.00423	0.00291	0.00264	0.02574	0.07472	0.02715	0.10758	0.22549	0.23718	0.08053	0.00380	0.00104	0.00170	0.11456	0.02420	0.02777
4	0.00404	0.00326	0.00342	0.00336	0.00418	0.02967	0.00252	0.04903	0.04827	0.02198	0.04686	0.15616	0.47546	0.05018	0.00346	0.00096	0.00168	0.06333	0.01423	0.01797
5	0.00464	0.00374	0.00417	0.00409	0.00491	0.01911	0.00311	0.04483	0.25729	0.00859	0.10877	0.18332	0.14517	0.06932	0.00368	0.00104	0.00187	0.12716	0.00241	0.00279
6	0.01055	0.00309	0.00352	0.00355	0.00941	0.00302	0.00256	0.06859	0.07812	0.01307	0.07001	0.28393	0.29130	0.11106	0.00417	0.00110	0.00170	0.03651	0.00232	0.00242
7	0.00376	0.00267	0.00342	0.00377	0.00412	0.00261	0.00269	0.06562	0.00543	0.00721	0.02235	0.63749	0.03622	0.05264	0.00392	0.02928	0.00174	0.11057	0.00230	0.00221
8	0.00561	0.00461	0.00485	0.00436	0.00562	0.00505	0.00339	0.09101	0.50040	0.01015	0.05811	0.01330	0.22282	0.00420	0.00266	0.00084	0.00183	0.00349	0.05427	0.00343
9	0.00483	0.00351	0.00432	0.00447	0.00521	0.01797	0.00369	0.08890	0.04750	0.02873	0.03124	0.08713	0.05522	0.07184	0.00395	0.00116	0.00226	0.52125	0.01424	0.00258
10	0.00352	0.00268	0.00337	0.00340	0.00395	0.00270	0.00254	0.01712	0.00489	0.00639	0.02169	0.07000	0.31956	0.11573	0.35172	0.02425	0.00366	0.03881	0.00186	0.00214
11	0.03288	0.00604	0.01209	0.00915	0.02766	0.02679	0.64688	0.00736	0.00582	0.00795	0.00680	0.13501	0.00627	0.00327	0.00300	0.00089	0.00370	0.05377	0.00151	0.00316
12	0.00442	0.00221	0.00332	0.00332	0.00332	0.00221	0.00221	0.00332	0.00332	0.00442	0.00442	0.00774	0.00442	0.00885	0.00995	0.92590	0.00221	0.00221	0.00111	0.00111
13	0.00453	0.00242	0.00348	0.00347	0.00358	0.00244	0.00240	0.02994	0.00378	0.00503	0.00528	0.00958	0.00536	0.04504	0.00939	0.79368	0.00225	0.06579	0.00126	0.00131
14	0.00484	0.00473	0.02448	0.87038	0.01734	0.00568	0.02397	0.00657	0.00512	0.00657	0.00454	0.00677	0.00340	0.00254	0.00255	0.00085	0.00342	0.00227	0.00113	0.00286
15	0.00681	0.91203	0.01335	0.00436	0.00654	0.01008	0.00436	0.00763	0.00517	0.00599	0.00354	0.00409	0.00327	0.00218	0.00163	0.00054	0.00272	0.00136	0.00109	0.00327
16	0.00332	0.00261	0.00301	0.00295	0.00368	0.00230	0.00224	0.00424	0.00644	0.00841	0.41393	0.02223	0.46621	0.00592	0.00303	0.00085	0.00130	0.04251	0.00256	0.00227
17	0.00528	0.00404	0.00473	0.00412	0.00524	0.00418	0.03367	0.14448	0.17357	0.02675	0.22623	0.04104	0.21086	0.00454	0.00282	0.00081	0.01489	0.00384	0.08589	0.00302
18	0.00522	0.00474	0.00764	0.82954	0.01674	0.00584	0.00689	0.07977	0.00567	0.00730	0.00466	0.00673	0.00347	0.00259	0.00255	0.00084	0.00335	0.00227	0.00125	0.00295
19	0.00511	0.01317	0.89730	0.00726	0.01102	0.00591	0.00941	0.00807	0.00538	0.00807	0.00457	0.00538	0.00323	0.00242	0.00242	0.00081	0.00376	0.00188	0.00108	0.00376
20	0.42069	0.00610	0.00587	0.00471	0.00654	0.00685	0.00389	0.47837	0.00848	0.02883	0.00503	0.00527	0.00366	0.00275	0.00211	0.00078	0.00242	0.00189	0.00212	0.00363
21	0.00643	0.00555	0.00570	0.00511	0.00650	0.03253	0.00397	0.05298	0.76365	0.01053	0.00992	0.00972	0.00761	0.03030	0.00288	0.00090	0.00213	0.01700	0.02268	0.00388
22	0.03137	0.00265	0.00339	0.00348	0.00374	0.00282	0.00243	0.00421	0.00415	0.00584	0.00858	0.12008	0.00938	0.41229	0.30033	0.00267	0.00974	0.06923	0.00164	0.00195
23	0.00590	0.00685	0.03549	0.01040	0.01292	0.00628	0.82897	0.00802	0.00598	0.00812	0.00548	0.01653	0.00431	0.00236	0.00301	0.00087	0.00419	0.02960	0.00133	0.00340
24	0.92848	0.00493	0.00374	0.00335	0.00493	0.00571	0.00276	0.00749	0.00433	0.01143	0.00355	0.00414	0.00276	0.00236	0.00158	0.00079	0.00197	0.00138	0.00158	0.00276
25	0.00468	0.00388	0.00432	0.01039	0.04141	0.08888	0.00336	0.04193	0.00548	0.00728	0.01036	0.35772	0.01648	0.03676	0.03509	0.03407	0.04834	0.15188	0.09529	0.00240
26	0.00557	0.00557	0.00780	0.00669	0.00669	0.00780	0.00557	0.00613	0.00390	0.00613	0.00334	0.00557	0.00334	0.00446	0.00836	0.00111	0.90583	0.00223	0.00111	0.00279
27	0.00675	0.00572	0.00599	0.00527	0.00678	0.01484	0.00413	0.11293	0.78173	0.01123	0.00982	0.00907	0.00734	0.00340	0.00258	0.00085	0.00213	0.00280	0.00257	0.00406
28	0.00476	0.00409	0.01798	0.00562	0.10396	0.02711	0.03932	0.08536	0.04482	0.00764	0.01043	0.24968	0.08917	0.11457	0.12220	0.00152	0.02952	0.03764	0.00191	0.00269
29	0.00570	0.03171	0.09938	0.00764	0.24479	0.04808	0.01507	0.07736	0.04632	0.01713	0.04440	0.07453	0.09307	0.03637	0.00296	0.00083	0.00258	0.04375	0.00176	0.10659
30	0.00356	0.00260	0.00335	0.00316	0.00378	0.00239	0.00237	0.00472	0.00711	0.00998	0.83178	0.01941	0.08566	0.00529	0.00300	0.00081	0.00121	0.00466	0.00277	0.00239
31	0.01276	0.00473	0.00611	0.03182	0.02111	0.02471	0.09409	0.10106	0.24747	0.03889	0.15533	0.03079	0.08614	0.01674	0.05957	0.00108	0.00755	0.05454	0.00227	0.00322
32	0.00575	0.00527	0.01867	0.00775	0.25945	0.06847	0.01653	0.06740	0.16394	0.02292	0.02296	0.14624	0.10583	0.02234	0.02264	0.00095	0.00255	0.03509	0.00198	0.00329
33	0.73120	0.00520	0.00417	0.00377	0.00525	0.04940	0.00308	0.06375	0.00509	0.01105	0.00475	0.03315	0.00415	0.00292	0.00186	0.00081	0.00216	0.06372	0.00170	0.00282
34	0.00325	0.00237	0.00310	0.00363	0.00392	0.00221	0.00260	0.00383	0.00513	0.00672	0.01516	0.67872	0.10645	0.00767	0.00327	0.00104	0.00160	0.14487	0.00236	0.00212
35	0.00536	0.00511	0.00879	0.52459	0.33141	0.00576	0.04124	0.00698	0.00535	0.00720	0.00471	0.00671	0.00373	0.00292	0.02905	0.00091	0.00340	0.00231	0.00119	0.00327
36	0.00413	0.00241	0.00338	0.00349	0.00363	0.00243	0.00241	0.00388	0.03005	0.00528	0.00720	0.16073	0.00774	0.08565	0.06305	0.55351	0.00240	0.05560	0.00149	0.00154
37	0.86337	0.00508	0.00402	0.00353	0.00514	0.00587	0.00291	0.06976	0.00488	0.01175	0.00373	0.00428	0.00287	0.00241	0.00164	0.00079	0.00203	0.00144	0.00164	0.00287
38	0.00410	0.00293	0.00410	0.00469	0.00528	0.00293	0.00410	0.00528	0.00586	0.00762	0.01348	0.02873	0.01466	0.00704	0.00352	0.00117	0.00235	0.87747	0.00235	0.00235
39	0.00336	0.00263	0.00282	0.00280	0.00363	0.00224	0.00211	0.00408	0.00596	0.03391	0.11996	0.06367	0.71066	0.00630	0.00302	0.00087	0.00134	0.02597	0.00244	0.00224
40	0.00319	0.00228	0.00305	0.00364	0.00383	0.00214	0.00251	0.00369	0.00496	0.00660	0.01399	0.83448	0.01666	0.00790	0.00327	0.00105	0.00155	0.08075	0.00236	0.00209
41	0.00370	0.00247	0.00278	0.00278	0.00278	0.00247	0.00154	0.00370	0.00370	0.00494	0.00802	0.01667	0.00926	0.91050	0.01296	0.00247	0.00247	0.00370	0.00154	0.00154
42	0.00301	0.00258	0.00258	0.00258	0.00344	0.00215	0.00194	0.00366	0.00581	0.00688	0.02580	0.02451	0.89357	0.00645	0.00301	0.00086	0.00129	0.00538	0.00237	0.00215
43	0.00431	0.00338	0.00378	0.00362	0.00452	0.00340	0.00274	0.00689	0.24978	0.03000	0.20880	0.11852	0.31188	0.00540	0.00290	0.00087	0.00153	0.01765	0.01726	0.00277
44	0.00961	0.00708	0.00758	0.00582	0.00784	0.00783	0.00480	0.87533	0.01187	0.01591	0.00614	0.00624	0.00439	0.01414	0.00267	0.00079	0.00280	0.00231	0.00254	0.00430
45	0.00511	0.01317	0.89730	0.00726	0.01102	0.00591	0.00941	0.00807	0.00538	0.00807	0.00457	0.00538	0.00323	0.00242	0.00242	0.00081	0.00376	0.00188	0.00108	0.00376
46	0.00338	0.00257	0.00312	0.00306	0.00371	0.00231	0.00229	0.00434	0.00654	0.00878	0.52315	0.09140	0.30472	0.00587	0.00304	0.00085	0.00128	0.02469	0.00262	0.00229
47	0.00355	0.00245	0.00301	0.00328	0.00341	0.00240	0.00215	0.00386	0.00439	0.00582	0.01091	0.30914	0.02237	0.48677	0.00844	0.00181	0.00212	0.12036	0.00193	0.00183
48	0.00368	0.00246	0.00278	0.00281	0.00281	0.00245	0.00158	0.00370	0.00375	0.00500	0.00827	0.05278	0.00957	0.87396	0.01257	0.00241	0.00243	0.00385	0.00158	0.00156
49	0.00370	0.00247	0.00278	0.00278	0.00278	0.00247	0.00154	0.00370	0.00370	0.00494	0.00802	0.01667	0.00926	0.91050	0.01296	0.00247	0.00247	0.00370	0.00154	0.00154
50	0.00354	0.00263	0.00303	0.00307	0.00358	0.00244	0.00217	0.01358	0.01567	0.01290	0.15683	0.13100	0.32584	0.24600	0.00570	0.00132	0.00171	0.06466	0.00223	0.00209
51	0.00969	0.00704	0.00763	0.00594	0.01890	0.00775	0.00484	0.84907	0.01176	0.04226	0.00622	0.00619	0.00439	0.00305	0.00255	0.00076	0.00279	0.00230	0.00255	0.00433
52	0.00367	0.00247	0.00277	0.00277	0.00281	0.00246	0.00156	0.00370	0.00379	0.00502	0.00880	0.01701	0.04768	0.87122	0.01253	0.00240	0.00242	0.00378	0.00158	0.00157
53	0.00370	0.00247	0.00278	0.00278	0.00278	0.00247	0.00154	0.00370	0.00370	0.00494	0.00802	0.01667	0.00926	0.91050	0.01296	0.00247	0.00247	0.00370	0.00154	0.00154
54	0.00440	0.00222	0.00330	0.00330	0.00330	0.00222	0.00219	0.00333	0.00333	0.00444	0.00453	0.00801	0.00457	0.03546	0.01004	0.89865	0.00222	0.00226	0.00112	0.00112
55	0.07639	0.00520	0.00600	0.00474	0.00658	0.03213	0.00388	0.19935	0.06582	0.52007	0.00849	0.00776	0.00564	0.00307	0.00245	0.00078	0.00231	0.00240	0.04285	0.00407
56	0.00365	0.00249	0.00298	0.00302	0.00310	0.00254	0.00184	0.00381	0.00384	0.00519	0.00829	0.08045	0.00940	0.71742	0.13927	0.00260	0.00302	0.00382	0.00158	0.00169
57	0.04344	0.00259	0.00288	0.00286	0.00295	0.00264	0.00167	0.00390	0.00375	0.00526	0.00778	0.01583	0.00885	0.83137	0.05240	0.00247	0.00264	0.00356	0.00154	0.00163
58	0.00563	0.03271	0.00755	0.00630	0.00651	0.03975	0.01174	0.02444	0.00425	0.00630	0.00386	0.00619	0.00378	0.03218	0.07866	0.00135	0.72258	0.00227	0.00118	0.00277
59	0.00825	0.00670	0.00680	0.00560	0.00713	0.10726	0.00456	0.55995	0.00956	0.01255	0.00648	0.02101	0.00531	0.00506	0.09493	0.00114	0.04780	0.06218	0.02406	0.00367
60	0.00900	0.00673	0.00713	0.00574	0.01848	0.04533	0.00464	0.70729	0.01072	0.04079	0.00669	0.00808	0.00524	0.04288	0.01256	0.00090	0.00286	0.05852	0.00243	0.00400
61	0.00313	0.00227	0.00296	0.00345	0.00368	0.00210	0.00234	0.00365	0.00511	0.00680	0.07867	0.78159	0.07950	0.00767	0.00322	0.00101	0.00144	0.00692	0.00240	0.00210
62	0.00941	0.00682	0.00696	0.00552	0.00737	0.09260	0.00448	0.55321	0.07363	0.16030	0.02184	0.00740	0.03215	0.00320	0.00255	0.00077	0.00274	0.00245	0.00253	0.00408
63	0.00541	0.00457	0.00540	0.00391	0.00607	0.00359	0.00314	0.00652	0.00526	0.02525	0.00458	0.00536	0.00380	0.00202	0.00218	0.00042	0.04074	0.00156	0.00152	0.86870
64	0.00831	0.05547	0.04526	0.00547	0.00732	0.11754	0.00458	0.31992	0.23428	0.10428	0.02238	0.00730	0.00559	0.00306	0.00246	0.00076	0.00273	0.00974	0.00229	0.04127
65	0.01233	0.00292	0.00345	0.00333	0.00412	0.00275	0.01016	0.01601	0.01745	0.00774	0.17833	0.05855	0.45650	0.00686	0.06898	0.00111	0.02964	0.07467	0.01320	0.03189
66	0.00524	0.09086	0.71428	0.00670	0.01002	0.00606	0.02461	0.02773	0.00551	0.00794	0.00561	0.00664	0.04179	0.02416	0.00265	0.00083	0.00351	0.01107	0.00119	0.00359
67	0.00316	0.00243	0.00284	0.00311	0.00358	0.00217	0.00219	0.00370	0.00529	0.00670	0.04244	0.40845	0.39321	0.07118	0.00384	0.00106	0.00149	0.03877	0.00232	0.00209

[dist]
# distance from previous block
# <min> <max>
0	1

[block]
# block no. 2 follows, 117 sequences, length 39
# corresponding to MSA columns:
# 124-162
name=unknown_C
#
# <colnr> <probs for GDERKNQSTAVLIFYWHMCP>
#	G	D	E	R	K	N	Q	S	T	A	V	L	I	F	Y	W	H	M	C	P
0	0.04258	0.00539	0.00603	0.00513	0.00653	0.07327	0.04775	0.28271	0.04467	0.12340	0.02637	0.09451	0.01721	0.00461	0.03387	0.00096	0.00268	0.12078	0.05816	0.00338
1	0.00504	0.00405	0.00450	0.00444	0.01233	0.04667	0.00349	0.13046	0.08085	0.00876	0.04736	0.16173	0.15250	0.02535	0.00863	0.00100	0.02232	0.25154	0.02623	0.00273
2	0.00443	0.00222	0.00329	0.00329	0.00331	0.00222	0.00220	0.00339	0.00338	0.00457	0.00454	0.00779	0.00448	0.00868	0.00972	0.89926	0.00218	0.00222	0.02769	0.00114
3	0.00528	0.00453	0.00528	0.00377	0.00604	0.00340	0.00302	0.00641	0.00528	0.00830	0.00453	0.00528	0.00377	0.00189	0.00189	0.00038	0.00189	0.00151	0.00151	0.92606
4	0.00517	0.00437	0.00510	0.00372	0.00585	0.00331	0.00295	0.00629	0.00531	0.00831	0.02090	0.03137	0.00458	0.00215	0.00194	0.00041	0.00184	0.00175	0.02641	0.85826
5	0.00581	0.00465	0.00661	0.00802	0.27473	0.02428	0.02771	0.04087	0.11167	0.07730	0.03160	0.13110	0.02524	0.03068	0.01292	0.00098	0.00865	0.17189	0.00204	0.00327
6	0.68294	0.01362	0.00457	0.00407	0.01482	0.08605	0.00328	0.07438	0.00535	0.02972	0.00453	0.00594	0.00374	0.00274	0.00186	0.00080	0.00231	0.05465	0.00170	0.00292
7	0.00310	0.00257	0.00272	0.00271	0.00350	0.00219	0.00202	0.00382	0.00598	0.00737	0.15558	0.05441	0.73262	0.00632	0.00302	0.00086	0.00128	0.00532	0.00243	0.00219
8	0.00528	0.01109	0.04850	0.00604	0.07687	0.02500	0.11580	0.11802	0.05230	0.01636	0.10104	0.12169	0.14223	0.02759	0.04449	0.00106	0.03227	0.04935	0.00203	0.00300
9	0.00643	0.00496	0.00566	0.00436	0.00632	0.00453	0.00351	0.17049	0.11196	0.05737	0.03918	0.00759	0.00569	0.01510	0.00238	0.00060	0.00208	0.03223	0.00200	0.51755
10	0.00363	0.00246	0.00281	0.00285	0.00290	0.00243	0.00165	0.00373	0.00397	0.00530	0.03974	0.08604	0.03488	0.78411	0.01159	0.00226	0.00232	0.00406	0.00167	0.00163
11	0.00925	0.10001	0.00782	0.00635	0.00774	0.81335	0.00487	0.00992	0.00702	0.00621	0.00390	0.00454	0.00328	0.00258	0.00223	0.00065	0.00441	0.00161	0.00129	0.00298
12	0.00567	0.00442	0.00522	0.00379	0.00593	0.00338	0.00301	0.00675	0.00540	0.07489	0.01549	0.00609	0.00439	0.03312	0.00233	0.00048	0.00192	0.00170	0.00165	0.81437
13	0.00392	0.00280	0.00353	0.00378	0.00417	0.00279	0.00280	0.05372	0.00527	0.00695	0.01217	0.30582	0.05433	0.23430	0.04407	0.00154	0.00227	0.25147	0.00212	0.00215
14	0.07949	0.03857	0.12045	0.00826	0.01047	0.03238	0.44069	0.08759	0.03130	0.00884	0.00506	0.00657	0.00396	0.00266	0.00326	0.00085	0.09652	0.01823	0.00143	0.00341
15	0.00313	0.00257	0.00275	0.00273	0.00352	0.00220	0.00204	0.00388	0.00605	0.00752	0.19386	0.04796	0.70048	0.00625	0.00302	0.00085	0.00128	0.00528	0.00245	0.00220
16	0.00528	0.00453	0.00528	0.00377	0.00604	0.00340	0.00302	0.00641	0.00528	0.00830	0.00453	0.00528	0.00377	0.00189	0.00189	0.00038	0.00189	0.00151	0.00151	0.92606
17	0.00329	0.00238	0.00312	0.00365	0.00386	0.00228	0.00250	0.00399	0.03446	0.00666	0.01369	0.79572	0.01617	0.03582	0.00355	0.00108	0.00158	0.06172	0.00235	0.00214
18	0.00325	0.00241	0.00341	0.00383	0.00409	0.00226	0.03193	0.00379	0.00498	0.00662	0.01391	0.81811	0.03136	0.00771	0.00325	0.00103	0.00161	0.05197	0.00233	0.00213
19	0.06739	0.01135	0.00686	0.00626	0.00755	0.81373	0.00470	0.00978	0.00696	0.00657	0.00425	0.03476	0.00370	0.00279	0.00228	0.00068	0.00432	0.00181	0.00136	0.00291
20	0.00639	0.00545	0.00576	0.00516	0.00659	0.00627	0.00402	0.05678	0.81660	0.01078	0.01028	0.03936	0.00791	0.00359	0.00261	0.00086	0.00204	0.00300	0.00258	0.00398
21	0.01265	0.00349	0.00427	0.00391	0.00498	0.00331	0.00307	0.06954	0.05528	0.22892	0.11800	0.17434	0.20691	0.00538	0.00293	0.00089	0.00179	0.09472	0.00263	0.00299
22	0.00308	0.00259	0.00267	0.00267	0.00350	0.00219	0.00201	0.00377	0.00589	0.00712	0.08991	0.02410	0.80327	0.01557	0.00312	0.00088	0.00132	0.02180	0.00239	0.00217
23	0.00310	0.00222	0.00296	0.00355	0.00369	0.00207	0.00236	0.00355	0.00488	0.00650	0.01404	0.90883	0.01684	0.00798	0.00325	0.00103	0.00148	0.00724	0.00236	0.00207
24	0.00310	0.00230	0.00290	0.00335	0.00365	0.00209	0.00228	0.00361	0.00512	0.00669	0.04372	0.71538	0.18129	0.00761	0.00320	0.00099	0.00143	0.00681	0.00238	0.00209
25	0.00936	0.00563	0.00646	0.00513	0.00696	0.00590	0.00419	0.40742	0.13544	0.30761	0.00867	0.02063	0.02173	0.00335	0.00258	0.00080	0.00239	0.01894	0.02266	0.00414
26	0.00968	0.00713	0.00764	0.00586	0.00790	0.00790	0.00484	0.88612	0.01197	0.01605	0.00611	0.00611	0.00433	0.00306	0.00255	0.00076	0.00280	0.00229	0.00255	0.00433
27	0.92848	0.00493	0.00374	0.00335	0.00493	0.00571	0.00276	0.00749	0.00433	0.01143	0.00355	0.00414	0.00276	0.00236	0.00158	0.00079	0.00197	0.00138	0.00158	0.00276
28	0.00348	0.00259	0.00313	0.00310	0.00373	0.00234	0.00231	0.00438	0.00634	0.01734	0.45305	0.09884	0.29578	0.04720	0.00350	0.00093	0.00137	0.04575	0.00255	0.00227
29	0.00732	0.00589	0.00625	0.00533	0.00693	0.00669	0.00422	0.26487	0.61164	0.02277	0.00910	0.00863	0.00679	0.01834	0.00275	0.00086	0.00225	0.00272	0.00257	0.00408
30	0.00336	0.00259	0.00308	0.00298	0.00367	0.00230	0.00224	0.00432	0.00658	0.00877	0.51746	0.04525	0.36672	0.00579	0.00302	0.00083	0.00126	0.01487	0.00261	0.00229
31	0.00641	0.00551	0.00580	0.00520	0.00665	0.00637	0.00405	0.03200	0.87143	0.01077	0.01028	0.00943	0.00770	0.00345	0.00259	0.00086	0.00203	0.00287	0.00259	0.00404
32	0.00466	0.00243	0.00347	0.00344	0.00358	0.00242	0.00234	0.03122	0.00387	0.02908	0.00559	0.09172	0.00566	0.00833	0.00876	0.77045	0.00214	0.00270	0.01673	0.00140
33	0.04507	0.00501	0.00602	0.00471	0.00655	0.00495	0.00387	0.25218	0.04206	0.51183	0.02533	0.00807	0.00603	0.00313	0.00248	0.00077	0.00225	0.00248	0.06311	0.00410
34	0.00557	0.00557	0.00780	0.00669	0.00669	0.00780	0.00557	0.00613	0.00390	0.00613	0.00334	0.00557	0.00334	0.00446	0.00836	0.00111	0.90583	0.00223	0.00111	0.00279
35	0.00571	0.00552	0.00736	0.00636	0.00662	0.04615	0.02086	0.03004	0.00444	0.02176	0.00428	0.00681	0.00410	0.00590	0.10188	0.00139	0.68711	0.02963	0.00126	0.00281
36	0.13751	0.00602	0.03147	0.00496	0.00669	0.03814	0.00411	0.42567	0.00862	0.17209	0.00675	0.03302	0.00516	0.05644	0.03477	0.00099	0.00272	0.00242	0.01875	0.00371
37	0.00335	0.00248	0.00317	0.00363	0.00399	0.00235	0.00261	0.00417	0.03593	0.00692	0.03324	0.62545	0.12747	0.00744	0.00323	0.00102	0.00159	0.12738	0.00238	0.00219
38	0.00367	0.00264	0.00353	0.00403	0.00450	0.00255	0.00324	0.00454	0.00553	0.00723	0.03257	0.31600	0.09580	0.01911	0.00347	0.00110	0.00193	0.47121	0.01511	0.00223

[dist]
# distance from previous block
# <min> <max>
0	2

[block]
# block no. 3 follows, 117 sequences, length 73
# corresponding to MSA columns:
# 165-237
name=unknown_D
#
# <colnr> <probs for GDERKNQSTAVLIFYWHMCP>
#	G	D	E	R	K	N	Q	S	T	A	V	L	I	F	Y	W	H	M	C	P
0	0.00632	0.01810	0.44735	0.00778	0.11059	0.19895	0.02682	0.04089	0.01959	0.00790	0.00541	0.02518	0.02069	0.00285	0.00263	0.00079	0.02724	0.02608	0.00132	0.00350
1	0.17034	0.01586	0.00676	0.00628	0.05111	0.54251	0.01031	0.11646	0.00713	0.00849	0.00457	0.02219	0.00385	0.00280	0.00225	0.00072	0.00372	0.01999	0.00155	0.00312
2	0.00878	0.04242	0.00780	0.00778	0.14050	0.70986	0.00530	0.00958	0.00689	0.00657	0.00433	0.01218	0.00373	0.00269	0.00234	0.00068	0.00422	0.01994	0.00133	0.00311
3	0.00472	0.00412	0.00562	0.00614	0.12841	0.03181	0.00412	0.00539	0.00451	0.01189	0.00702	0.10199	0.00741	0.20016	0.17557	0.00189	0.23384	0.06138	0.00150	0.00251
4	0.00753	0.02491	0.00738	0.00755	0.19670	0.10443	0.00499	0.31226	0.18012	0.01085	0.00682	0.01368	0.01125	0.07742	0.00868	0.00093	0.00286	0.01588	0.00202	0.00374
5	0.03048	0.02582	0.10084	0.00938	0.06393	0.05041	0.53569	0.07255	0.01418	0.01941	0.00552	0.00749	0.00436	0.00254	0.00280	0.00084	0.00384	0.04499	0.00145	0.00349
6	0.05521	0.00516	0.00585	0.00492	0.00652	0.00548	0.00398	0.20678	0.29070	0.25776	0.01495	0.01010	0.00705	0.02049	0.00279	0.00087	0.00225	0.07849	0.01676	0.00389
7	0.00511	0.00420	0.00501	0.00554	0.11670	0.04174	0.00370	0.06884	0.14470	0.03171	0.09291	0.19750	0.14095	0.03423	0.02561	0.00102	0.00218	0.07320	0.00224	0.00293
8	0.00584	0.00640	0.01038	0.01940	0.08002	0.12293	0.44478	0.00750	0.02903	0.00757	0.00816	0.03631	0.11291	0.01241	0.04893	0.00102	0.01734	0.02444	0.00151	0.00312
9	0.39904	0.00580	0.00550	0.00458	0.00621	0.03131	0.00374	0.37942	0.00774	0.02656	0.00550	0.02044	0.00446	0.02114	0.00257	0.02335	0.00243	0.04480	0.00204	0.00336
10	0.00321	0.00236	0.00303	0.00352	0.00380	0.00221	0.00242	0.00388	0.02658	0.00672	0.02531	0.75511	0.10671	0.00765	0.00322	0.00101	0.00150	0.03725	0.00237	0.00214
11	0.01250	0.00305	0.00366	0.00377	0.02373	0.00305	0.00261	0.04348	0.05688	0.03955	0.02810	0.16730	0.13811	0.32896	0.03259	0.00158	0.00221	0.10452	0.00207	0.00228
12	0.00347	0.00251	0.00291	0.00312	0.00350	0.00235	0.00215	0.01263	0.00498	0.00648	0.01531	0.27990	0.26490	0.26607	0.00592	0.00139	0.00178	0.07770	0.04094	0.00200
13	0.00631	0.00542	0.00570	0.00514	0.00656	0.00627	0.00399	0.01341	0.87574	0.01064	0.01033	0.00950	0.00775	0.00345	0.00258	0.00086	0.00200	0.00287	0.01746	0.00400
14	0.00351	0.00265	0.00308	0.00300	0.00372	0.00236	0.00225	0.00451	0.01864	0.02130	0.41248	0.05168	0.40654	0.01388	0.00308	0.00085	0.00131	0.02305	0.01980	0.00232
15	0.00348	0.00266	0.00317	0.00342	0.00401	0.00246	0.00259	0.02357	0.01233	0.00716	0.03152	0.29779	0.36888	0.03335	0.00346	0.00102	0.00164	0.18733	0.00795	0.00222
16	0.00315	0.00225	0.00300	0.00360	0.00376	0.00211	0.00244	0.00362	0.00492	0.00655	0.01401	0.87111	0.01675	0.00794	0.00326	0.00104	0.00151	0.04454	0.00236	0.00208
17	0.89167	0.00496	0.00386	0.00342	0.00502	0.00572	0.00282	0.02500	0.00455	0.02948	0.00373	0.00427	0.00286	0.00239	0.00162	0.00079	0.00199	0.00142	0.00163	0.00282
18	0.03246	0.00266	0.00305	0.00319	0.00382	0.00245	0.00236	0.00430	0.01632	0.02250	0.10405	0.23150	0.39996	0.06489	0.00370	0.00103	0.00156	0.09565	0.00234	0.00222
19	0.00362	0.00267	0.00380	0.00382	0.00428	0.00297	0.00292	0.00447	0.00442	0.00627	0.04980	0.04745	0.06249	0.06821	0.67374	0.00337	0.00551	0.02054	0.02741	0.00223
20	0.00370	0.00247	0.00278	0.00278	0.00278	0.00247	0.00154	0.00370	0.00370	0.00494	0.00802	0.01667	0.00926	0.91050	0.01296	0.00247	0.00247	0.00370	0.00154	0.00154
21	0.00748	0.00590	0.00630	0.00534	0.00695	0.00666	0.00424	0.30450	0.54772	0.03397	0.00905	0.03639	0.00687	0.00346	0.00260	0.00083	0.00227	0.00281	0.00258	0.00408
22	0.00495	0.00316	0.00382	0.00369	0.00457	0.00299	0.00289	0.05525	0.02486	0.13144	0.06052	0.12075	0.30511	0.05768	0.03157	0.00111	0.00197	0.16944	0.01159	0.00263
23	0.00316	0.00228	0.00297	0.00348	0.00370	0.00214	0.00236	0.00363	0.00491	0.00648	0.01449	0.76400	0.08108	0.04572	0.02226	0.00115	0.00164	0.03016	0.00231	0.00206
24	0.00601	0.00687	0.01503	0.01073	0.01331	0.00644	0.88536	0.00816	0.00601	0.00816	0.00515	0.00687	0.00386	0.00215	0.00301	0.00086	0.00429	0.00301	0.00129	0.00343
25	0.12002	0.00372	0.00457	0.00399	0.00525	0.00356	0.00314	0.02470	0.01396	0.39970	0.02133	0.12456	0.07190	0.06531	0.05845	0.01476	0.00231	0.05307	0.00249	0.00320
26	0.00371	0.00275	0.00388	0.00404	0.02266	0.00304	0.00291	0.00455	0.02735	0.00601	0.00842	0.11743	0.03529	0.14285	0.57702	0.02577	0.00509	0.00346	0.00156	0.00220
27	0.00511	0.01317	0.89730	0.00726	0.01102	0.00591	0.00941	0.00807	0.00538	0.00807	0.00457	0.00538	0.00323	0.00242	0.00242	0.00081	0.00376	0.00188	0.00108	0.00376
28	0.00364	0.00273	0.00409	0.00409	0.00455	0.00318	0.00318	0.00455	0.00409	0.00591	0.00682	0.01001	0.00637	0.01910	0.90040	0.00409	0.00682	0.00273	0.00136	0.00227
29	0.00425	0.00352	0.00435	0.00491	0.10096	0.04169	0.01381	0.02695	0.00542	0.00697	0.06068	0.10025	0.23655	0.15345	0.07359	0.04881	0.00249	0.10707	0.00194	0.00235
30	0.00531	0.05034	0.68799	0.00712	0.01038	0.02990	0.07457	0.00802	0.02695	0.00789	0.00502	0.00635	0.00383	0.01271	0.03073	0.00093	0.00379	0.02340	0.00118	0.00360
31	0.01049	0.00470	0.00597	0.00464	0.00652	0.00439	0.00381	0.15655	0.02946	0.66881	0.01918	0.00889	0.03387	0.00326	0.00256	0.00078	0.00221	0.00263	0.02709	0.00419
32	0.00647	0.00524	0.00601	0.00474	0.03295	0.00479	0.00368	0.23760	0.05575	0.01038	0.00548	0.00636	0.00443	0.02248	0.00239	0.00057	0.00219	0.01465	0.00185	0.57200
33	0.00370	0.00247	0.00278	0.00279	0.00279	0.00246	0.00155	0.00370	0.00372	0.00496	0.00809	0.02709	0.00935	0.89995	0.01285	0.00245	0.00246	0.00374	0.00155	0.00155
34	0.00711	0.00562	0.00586	0.00506	0.00656	0.02376	0.00399	0.20159	0.56830	0.03786	0.00910	0.00865	0.00677	0.00330	0.00249	0.00081	0.00216	0.00267	0.09442	0.00392
35	0.00318	0.00261	0.00278	0.00286	0.00363	0.00226	0.00218	0.00385	0.00569	0.00686	0.02321	0.03292	0.72955	0.05674	0.00363	0.00099	0.00149	0.11113	0.00232	0.00214
36	0.01016	0.00581	0.00667	0.00542	0.03188	0.04928	0.00429	0.33281	0.04963	0.44640	0.00813	0.00766	0.00549	0.02090	0.00275	0.00081	0.00254	0.00245	0.00273	0.00419
37	0.00684	0.90155	0.01327	0.00438	0.00655	0.02044	0.00436	0.00766	0.00520	0.00599	0.00355	0.00409	0.00327	0.00218	0.00164	0.00055	0.00275	0.00137	0.00109	0.00326
38	0.03240	0.00678	0.00726	0.00561	0.00760	0.03217	0.00462	0.70247	0.01092	0.15436	0.00661	0.00643	0.00457	0.00304	0.00252	0.00077	0.00273	0.00229	0.00258	0.00425
39	0.00421	0.00288	0.00352	0.00327	0.00406	0.00265	0.00249	0.01791	0.03318	0.07369	0.54068	0.01926	0.22808	0.02955	0.00323	0.00087	0.00140	0.02385	0.00267	0.00254
40	0.00365	0.00269	0.00392	0.00392	0.00431	0.00309	0.00297	0.00444	0.00404	0.00578	0.00698	0.01089	0.00675	0.13737	0.78266	0.00388	0.00624	0.00286	0.00139	0.00218
41	0.92848	0.00493	0.00374	0.00335	0.00493	0.00571	0.00276	0.00749	0.00433	0.01143	0.00355	0.00414	0.00276	0.00236	0.00158	0.00079	0.00197	0.00138	0.00158	0.00276
42	0.00966	0.00702	0.00756	0.00581	0.00783	0.00775	0.00479	0.84402	0.02979	0.04039	0.00631	0.00625	0.00446	0.00307	0.00255	0.00077	0.00277	0.00231	0.00257	0.00433
43	0.00616	0.00487	0.00519	0.00457	0.00589	0.00534	0.00357	0.19013	0.42530	0.02035	0.03671	0.06168	0.16139	0.00416	0.00266	0.00084	0.00196	0.00345	0.05224	0.00353
44	0.00370	0.00247	0.00278	0.00278	0.00278	0.00247	0.00154	0.00370	0.00370	0.00494	0.00802	0.01667	0.00926	0.91050	0.01296	0.00247	0.00247	0.00370	0.00154	0.00154
45	0.00370	0.00249	0.00289	0.00289	0.00293	0.00253	0.00169	0.00378	0.00374	0.00502	0.00792	0.01608	0.00900	0.83217	0.09094	0.00261	0.00285	0.00362	0.00153	0.00161
46	0.00372	0.00270	0.00361	0.00395	0.00449	0.00259	0.00321	0.00474	0.00604	0.00803	0.23572	0.16598	0.09566	0.00667	0.00330	0.00103	0.00183	0.44196	0.00247	0.00230
47	0.01005	0.00450	0.00581	0.00467	0.00645	0.00421	0.00383	0.06870	0.10828	0.65876	0.01015	0.03502	0.00715	0.00355	0.00264	0.00083	0.00218	0.05611	0.00298	0.00411
48	0.00633	0.00547	0.00576	0.00518	0.00662	0.00633	0.00403	0.01353	0.89001	0.01065	0.01037	0.00950	0.00777	0.00346	0.00259	0.00086	0.00202	0.00288	0.00259	0.00403
49	0.92848	0.00493	0.00374	0.00335	0.00493	0.00571	0.00276	0.00749	0.00433	0.01143	0.00355	0.00414	0.00276	0.00236	0.00158	0.00079	0.00197	0.00138	0.00158	0.00276
50	0.00370	0.00247	0.00278	0.00278	0.00278	0.00247	0.00154	0.00370	0.00370	0.00494	0.00802	0.01667	0.00926	0.91050	0.01296	0.00247	0.00247	0.00370	0.00154	0.00154
51	0.00557	0.00557	0.00780	0.00669	0.00669	0.00780	0.00557	0.00613	0.00390	0.00613	0.00334	0.00557	0.00334	0.00446	0.00836	0.00111	0.90583	0.00223	0.00111	0.00279
52	0.92848	0.00493	0.00374	0.00335	0.00493	0.00571	0.00276	0.00749	0.00433	0.01143	0.00355	0.00414	0.00276	0.00236	0.00158	0.00079	0.00197	0.00138	0.00158	0.00276
53	0.00317	0.00236	0.00290	0.00328	0.00362	0.00216	0.00225	0.00367	0.00510	0.00658	0.03375	0.56673	0.23557	0.07993	0.00397	0.00111	0.00154	0.03794	0.00231	0.00206
54	0.00557	0.00557	0.00780	0.00669	0.00669	0.00780	0.00557	0.00613	0.00390	0.00613	0.00334	0.00557	0.00334	0.00446	0.00836	0.00111	0.90583	0.00223	0.00111	0.00279
55	0.00360	0.00260	0.00340	0.00320	0.00380	0.00240	0.00240	0.00481	0.00721	0.01021	0.89326	0.01902	0.02403	0.00521	0.00300	0.00080	0.00120	0.00461	0.00280	0.00240
56	0.00313	0.00251	0.00274	0.00287	0.00350	0.00219	0.00206	0.00371	0.00549	0.00676	0.04634	0.20708	0.59437	0.07816	0.00386	0.00103	0.00145	0.02836	0.00231	0.00210
57	0.00315	0.00269	0.00273	0.00272	0.00356	0.01187	0.00206	0.00385	0.00592	0.00713	0.08819	0.02401	0.79734	0.00633	0.00302	0.00086	0.00135	0.02863	0.00238	0.00218
58	0.92848	0.00493	0.00374	0.00335	0.00493	0.00571	0.00276	0.00749	0.00433	0.01143	0.00355	0.00414	0.00276	0.00236	0.00158	0.00079	0.00197	0.00138	0.00158	0.00276
59	0.00668	0.00560	0.00593	0.00521	0.00670	0.00641	0.00408	0.12547	0.74957	0.01133	0.03735	0.00936	0.00784	0.00346	0.00260	0.00085	0.00209	0.00286	0.00259	0.00402
60	0.00485	0.00386	0.00428	0.00413	0.00504	0.00411	0.00310	0.04263	0.36580	0.01801	0.01387	0.24703	0.17501	0.02913	0.00333	0.02685	0.00179	0.03114	0.01308	0.00297
61	0.00371	0.00249	0.00285	0.00290	0.00293	0.00248	0.00170	0.00378	0.00385	0.00512	0.00846	0.03902	0.00973	0.84073	0.01223	0.00237	0.00244	0.05002	0.00161	0.00160
62	0.00314	0.00231	0.00296	0.00344	0.00373	0.00212	0.00236	0.00364	0.00504	0.00661	0.01561	0.74750	0.14279	0.00767	0.00321	0.00101	0.00148	0.03127	0.00235	0.01175
63	0.00435	0.00312	0.00373	0.00382	0.00446	0.00308	0.00283	0.08629	0.06258	0.03938	0.01450	0.42950	0.16253	0.06039	0.00369	0.00106	0.00179	0.10802	0.00237	0.00250
64	0.00413	0.00334	0.00398	0.00367	0.00453	0.00334	0.02061	0.03094	0.14598	0.00891	0.34156	0.01826	0.29334	0.03591	0.02742	0.00099	0.02175	0.02624	0.00246	0.00263
65	0.00608	0.00388	0.00383	0.00346	0.00442	0.05198	0.00271	0.13523	0.04992	0.05584	0.00859	0.00989	0.02810	0.00325	0.00210	0.00068	0.00175	0.03996	0.58545	0.00287
66	0.00338	0.00231	0.00303	0.00348	0.00366	0.00220	0.00234	0.00376	0.00476	0.01504	0.02054	0.68049	0.02310	0.12447	0.01783	0.03374	0.00174	0.04135	0.01077	0.00201
67	0.00373	0.00276	0.00328	0.00343	0.00403	0.00260	0.00256	0.01459	0.04849	0.02789	0.08591	0.26510	0.31078	0.07641	0.01114	0.00110	0.00169	0.12987	0.00236	0.00230
68	0.00486	0.00457	0.00772	0.87666	0.04489	0.00567	0.00710	0.00655	0.00511	0.00656	0.00453	0.00677	0.00341	0.00254	0.00255	0.00085	0.00338	0.00226	0.00114	0.00287
69	0.00513	0.00457	0.00661	0.00582	0.00643	0.02071	0.09937	0.03578	0.01233	0.03200	0.00893	0.17001	0.05938	0.01989	0.00528	0.00106	0.34451	0.15774	0.00177	0.00270
70	0.00504	0.00432	0.00480	0.00513	0.07807	0.09324	0.00864	0.06874	0.05268	0.02739	0.02657	0.22077	0.13021	0.06830	0.12220	0.00142	0.00288	0.07488	0.00202	0.00267
71	0.00692	0.00716	0.00662	0.00705	0.14903	0.32314	0.02521	0.06681	0.06446	0.02202	0.01657	0.08117	0.00675	0.08790	0.04764	0.00111	0.00345	0.07225	0.00171	0.00303
72	0.00624	0.01184	0.04226	0.00564	0.06265	0.31534	0.00414	0.03291	0.01209	0.00698	0.03483	0.07904	0.03449	0.12254	0.07945	0.00127	0.02774	0.05897	0.02942	0.03217

[dist]
# distance from previous block
# <min> <max>
0	1

[block]
# block no. 4 follows, 117 sequences, length 35
# corresponding to MSA columns:
# 239-273
name=unknown_E
#
# <colnr> <probs for GDERKNQSTAVLIFYWHMCP>
#	G	D	E	R	K	N	Q	S	T	A	V	L	I	F	Y	W	H	M	C	P
0	0.00370	0.00249	0.00288	0.00290	0.00294	0.00251	0.00170	0.00378	0.00378	0.00507	0.00813	0.02775	0.00929	0.83000	0.06436	0.00252	0.00271	0.02031	0.00156	0.00161
1	0.00922	0.00694	0.00736	0.00570	0.00769	0.02408	0.00468	0.75033	0.07914	0.02377	0.00636	0.00633	0.00457	0.00302	0.00251	0.00075	0.00272	0.00229	0.00248	0.05004
2	0.00801	0.01487	0.02062	0.00678	0.09785	0.07397	0.05762	0.44859	0.02314	0.04258	0.01585	0.03286	0.01098	0.00328	0.00262	0.00078	0.00854	0.06041	0.02831	0.04234
3	0.02590	0.01665	0.00656	0.00640	0.09760	0.30225	0.01426	0.11581	0.10122	0.01794	0.00810	0.00923	0.10852	0.04573	0.04897	0.00102	0.04826	0.02064	0.00177	0.00315
4	0.00575	0.00561	0.00779	0.03670	0.00711	0.00773	0.00559	0.04982	0.00434	0.00663	0.00352	0.00564	0.00339	0.00432	0.00787	0.00109	0.83079	0.00223	0.00119	0.00286
5	0.00548	0.00543	0.00762	0.00656	0.00658	0.00757	0.00545	0.00605	0.00391	0.00612	0.00352	0.00579	0.00349	0.00518	0.05264	0.00126	0.86121	0.00225	0.00113	0.00276
6	0.00361	0.00245	0.00289	0.00294	0.00305	0.00241	0.00178	0.00384	0.00437	0.00591	0.13686	0.13846	0.01243	0.65672	0.01020	0.00203	0.00215	0.00432	0.00184	0.00174
7	0.75734	0.00578	0.00415	0.00374	0.00523	0.12751	0.00300	0.00778	0.00478	0.01062	0.00384	0.00447	0.00302	0.00243	0.00168	0.00076	0.00229	0.00146	0.04736	0.00277
8	0.00368	0.00248	0.00286	0.00291	0.00296	0.00248	0.00172	0.00377	0.00387	0.00515	0.00867	0.05638	0.01966	0.80738	0.03060	0.00237	0.00250	0.03732	0.00162	0.00162
9	0.00514	0.01292	0.86226	0.00740	0.01111	0.00594	0.04420	0.00807	0.00540	0.00807	0.00459	0.00544	0.00325	0.00241	0.00244	0.00081	0.00378	0.00193	0.00108	0.00375
10	0.04701	0.00403	0.00535	0.00437	0.00600	0.00360	0.00358	0.01063	0.00673	0.68128	0.01019	0.04129	0.00762	0.05403	0.00323	0.00093	0.00217	0.10125	0.00288	0.00382
11	0.01103	0.00447	0.00590	0.00454	0.00646	0.00400	0.00375	0.07783	0.00756	0.79430	0.00968	0.00851	0.00617	0.00314	0.00253	0.00078	0.00218	0.00253	0.04040	0.00425
12	0.00991	0.00425	0.00548	0.00430	0.00608	0.00381	0.00352	0.08106	0.00740	0.67443	0.01183	0.01066	0.12751	0.00359	0.00260	0.00079	0.00207	0.00292	0.03385	0.00397
13	0.00442	0.00221	0.00332	0.00332	0.00332	0.00221	0.00221	0.00332	0.00332	0.00442	0.00442	0.00774	0.00442	0.00885	0.00995	0.92590	0.00221	0.00221	0.00111	0.00111
14	0.00364	0.00273	0.00409	0.00409	0.00455	0.00318	0.00318	0.00455	0.00409	0.00591	0.00682	0.01001	0.00637	0.01910	0.90040	0.00409	0.00682	0.00273	0.00136	0.00227
15	0.00442	0.00221	0.00332	0.00332	0.00332	0.00221	0.00221	0.00332	0.00332	0.00442	0.00442	0.00774	0.00442	0.00885	0.00995	0.92590	0.00221	0.00221	0.00111	0.00111
16	0.00557	0.00557	0.00780	0.00669	0.00669	0.00780	0.00557	0.00613	0.00390	0.00613	0.00334	0.00557	0.00334	0.00446	0.00836	0.00111	0.90583	0.00223	0.00111	0.00279
17	0.00370	0.00247	0.00278	0.00278	0.00278	0.00247	0.00154	0.00370	0.00370	0.00494	0.00802	0.01667	0.00926	0.91050	0.01296	0.00247	0.00247	0.00370	0.00154	0.00154
18	0.00360	0.00260	0.00340	0.00320	0.00380	0.00240	0.00240	0.00481	0.00721	0.01021	0.89326	0.01902	0.02403	0.00521	0.00300	0.00080	0.00120	0.00461	0.00280	0.00240
