[name]
CYTB

[dist]
# distance from previous block
# <min> <max>
0	26

[block]
# block no. 0 follows, 115 sequences, length 9
# corresponding to MSA columns:
# 26-34
name=unknown_A
#
# <colnr> <probs for GDERKNQSTAVLIFYWHMCP>
#	G	D	E	R	K	N	Q	S	T	A	V	L	I	F	Y	W	H	M	C	P
0	0.00637	0.00607	0.02470	0.00707	0.16382	0.14705	0.01459	0.11876	0.08573	0.01967	0.03513	0.07061	0.04934	0.05554	0.04258	0.00110	0.04002	0.10674	0.00191	0.00320
1	0.00682	0.00689	0.00753	0.00723	0.09859	0.18269	0.00535	0.12113	0.00605	0.00786	0.00556	0.00748	0.04449	0.00447	0.03827	0.00106	0.41078	0.03313	0.00149	0.00313
2	0.00523	0.00470	0.02087	0.00473	0.03933	0.01673	0.03497	0.00704	0.09507	0.00860	0.07821	0.04179	0.03318	0.00327	0.01882	0.00065	0.00215	0.03495	0.00181	0.54790
3	0.00364	0.00271	0.00330	0.00356	0.00404	0.00256	0.00254	0.06194	0.00580	0.00757	0.06225	0.56397	0.21633	0.00723	0.00319	0.00098	0.00157	0.04208	0.00243	0.00230
4	0.00390	0.00314	0.00366	0.00410	0.05375	0.02423	0.00269	0.00488	0.06052	0.00693	0.05355	0.24824	0.23523	0.21773	0.00545	0.00131	0.00193	0.06433	0.00215	0.00229
5	0.00711	0.00692	0.03231	0.01174	0.51109	0.10912	0.03601	0.09681	0.03959	0.04062	0.00535	0.00652	0.00432	0.00336	0.04351	0.00093	0.03699	0.00230	0.00153	0.00385
6	0.05582	0.00334	0.00365	0.00376	0.04449	0.00318	0.00266	0.09026	0.00623	0.00814	0.03410	0.08656	0.54717	0.06551	0.00361	0.00099	0.00171	0.03406	0.00227	0.00248
7	0.03336	0.00302	0.00353	0.00351	0.00429	0.00283	0.00267	0.02643	0.02021	0.08694	0.04289	0.16570	0.32241	0.11065	0.00423	0.00112	0.00181	0.14761	0.00236	0.01443
8	0.00811	0.00969	0.00695	0.00699	0.08818	0.61562	0.00492	0.00910	0.03198	0.00664	0.00505	0.00664	0.00441	0.00555	0.15015	0.00127	0.00474	0.02960	0.00141	0.00300

[dist]
# distance from previous block
# <min> <max>
0	5

[block]
# block no. 1 follows, 115 sequences, length 287
# corresponding to MSA columns:
# 40-326
name=unknown_B
#
# <colnr> <probs for GDERKNQSTAVLIFYWHMCP>
#	G	D	E	R	K	N	Q	S	T	A	V	L	I	F	Y	W	H	M	C	P
0	0.03252	0.05254	0.02352	0.00649	0.02995	0.59372	0.00500	0.15207	0.02469	0.00827	0.00475	0.00570	0.00391	0.00305	0.01426	0.00075	0.01108	0.02286	0.00158	0.00327
1	0.01016	0.00599	0.00716	0.00552	0.00753	0.00619	0.03103	0.46530	0.05242	0.35743	0.00803	0.00770	0.00546	0.00318	0.00262	0.00080	0.00259	0.01375	0.00278	0.00433
2	0.00324	0.00232	0.00300	0.00347	0.00366	0.00217	0.00231	0.00369	0.00496	0.00659	0.04505	0.72680	0.05468	0.10734	0.00437	0.00120	0.00160	0.01917	0.00232	0.00206
3	0.00342	0.00276	0.00305	0.00301	0.00375	0.00859	0.00224	0.00442	0.03058	0.00807	0.29025	0.06615	0.51390	0.02856	0.00331	0.00091	0.00138	0.02083	0.00251	0.00230
4	0.03518	0.65061	0.01180	0.00545	0.06094	0.11610	0.00466	0.05232	0.01965	0.00701	0.00400	0.00460	0.00351	0.00253	0.01180	0.00064	0.00303	0.00156	0.00126	0.00337
5	0.00316	0.00227	0.00301	0.00359	0.00377	0.00212	0.00242	0.00363	0.00499	0.00663	0.01460	0.86528	0.04354	0.00803	0.00330	0.00105	0.00151	0.02260	0.00240	0.00211
6	0.00536	0.00459	0.00536	0.00383	0.00612	0.00345	0.00306	0.00651	0.00536	0.00842	0.00459	0.00536	0.00383	0.00191	0.00191	0.00038	0.00191	0.00153	0.00153	0.92497
7	0.00797	0.00549	0.00609	0.00516	0.00678	0.00600	0.00409	0.18807	0.49157	0.18435	0.00969	0.04153	0.00721	0.00352	0.00262	0.00084	0.00220	0.00289	0.01980	0.00411
8	0.00547	0.00459	0.00537	0.00384	0.00613	0.00345	0.00307	0.00661	0.00539	0.02347	0.00469	0.00542	0.00387	0.00194	0.00193	0.00039	0.00192	0.00155	0.00156	0.90935
9	0.00791	0.00591	0.00645	0.00533	0.01986	0.00640	0.00423	0.57843	0.07578	0.02271	0.03579	0.07673	0.11685	0.00402	0.00272	0.00082	0.00243	0.01288	0.00253	0.01221
10	0.00950	0.01145	0.00728	0.00650	0.00791	0.76369	0.00493	0.10450	0.03911	0.00756	0.00465	0.00517	0.01106	0.00277	0.00237	0.00069	0.00434	0.00181	0.00152	0.00318
11	0.00306	0.00261	0.00262	0.00263	0.00350	0.00218	0.00197	0.00371	0.00588	0.00698	0.02598	0.03985	0.87715	0.00657	0.00306	0.00088	0.00131	0.00549	0.00240	0.00218
12	0.00952	0.00783	0.00754	0.00599	0.00791	0.13553	0.00486	0.68838	0.08270	0.01442	0.00624	0.00626	0.00453	0.00307	0.00255	0.00077	0.00304	0.00228	0.00241	0.00417
13	0.03101	0.00413	0.00483	0.00428	0.00539	0.00434	0.00331	0.13894	0.15475	0.14430	0.03030	0.06967	0.11043	0.11162	0.15310	0.00160	0.00292	0.01963	0.00231	0.00314
14	0.00427	0.00233	0.00340	0.00354	0.00363	0.00231	0.00247	0.00362	0.00386	0.00512	0.00680	0.12645	0.00731	0.01813	0.00854	0.69409	0.00217	0.09913	0.00143	0.00139
15	0.00449	0.00224	0.00337	0.00337	0.00337	0.00224	0.00224	0.00337	0.00337	0.00449	0.00449	0.00786	0.00449	0.00898	0.01010	0.92480	0.00224	0.00224	0.00112	0.00112
16	0.00963	0.01957	0.00737	0.00664	0.00798	0.89162	0.00499	0.01030	0.00731	0.00632	0.00399	0.00466	0.00333	0.00266	0.00232	0.00066	0.00465	0.00166	0.00133	0.00300
17	0.00381	0.00256	0.00303	0.00308	0.00316	0.00258	0.00191	0.00394	0.00397	0.00530	0.00851	0.01747	0.00964	0.76036	0.06229	0.01959	0.00274	0.08277	0.00162	0.00167
18	0.92743	0.00500	0.00380	0.00340	0.00500	0.00580	0.00280	0.00760	0.00440	0.01160	0.00360	0.00420	0.00280	0.00240	0.00160	0.00080	0.00200	0.00140	0.00160	0.00280
19	0.00965	0.00711	0.00763	0.00587	0.00790	0.00786	0.00484	0.85980	0.01199	0.01608	0.02190	0.01578	0.00488	0.00319	0.00260	0.00078	0.00280	0.00242	0.00259	0.00434
20	0.00319	0.00232	0.00302	0.00356	0.00380	0.00215	0.00244	0.00369	0.00508	0.00669	0.01533	0.78552	0.09824	0.00791	0.00329	0.00104	0.00152	0.04672	0.00240	0.00212
21	0.00330	0.00237	0.00312	0.00367	0.00388	0.00226	0.00249	0.01294	0.02143	0.00680	0.01408	0.86602	0.01675	0.00794	0.00328	0.00105	0.00154	0.02252	0.00241	0.00216
22	0.88971	0.00495	0.00385	0.00343	0.00502	0.00570	0.00281	0.00769	0.00448	0.03675	0.00384	0.00449	0.00298	0.01376	0.00177	0.00082	0.00201	0.00146	0.00164	0.00283
23	0.00326	0.00238	0.00309	0.00361	0.00390	0.00221	0.00255	0.00383	0.00521	0.00683	0.02893	0.68910	0.12130	0.00776	0.00330	0.00104	0.00157	0.10557	0.00240	0.00215
24	0.00469	0.00243	0.00252	0.00256	0.00312	0.00243	0.00191	0.00582	0.00535	0.00926	0.00883	0.04121	0.00743	0.04257	0.00242	0.00072	0.00132	0.03774	0.81532	0.00236
25	0.00318	0.00228	0.00303	0.00361	0.00380	0.00213	0.00245	0.00366	0.00501	0.00665	0.01456	0.85333	0.04115	0.00802	0.00330	0.00105	0.00152	0.03677	0.00240	0.00211
26	0.05643	0.00299	0.00350	0.00362	0.00441	0.00286	0.00292	0.01994	0.02038	0.01544	0.13269	0.07517	0.35077	0.00629	0.00314	0.00097	0.00175	0.29190	0.00242	0.00240
27	0.00331	0.00279	0.00289	0.00290	0.00376	0.00246	0.00219	0.00438	0.05772	0.00729	0.04151	0.05523	0.76110	0.00642	0.00306	0.00089	0.00140	0.03599	0.00242	0.00230
28	0.00610	0.00697	0.01525	0.01089	0.01351	0.00654	0.88366	0.00828	0.00610	0.00828	0.00523	0.00697	0.00392	0.00218	0.00305	0.00087	0.00436	0.00305	0.00131	0.00349
29	0.00326	0.00274	0.00280	0.00277	0.00365	0.00235	0.00209	0.02803	0.00605	0.00726	0.03089	0.04682	0.82700	0.00649	0.00306	0.00088	0.00137	0.01783	0.00241	0.00225
30	0.00440	0.00278	0.00343	0.00347	0.00418	0.00250	0.00258	0.01243	0.00590	0.12161	0.10286	0.34014	0.28867	0.02594	0.00333	0.00098	0.00160	0.06819	0.00253	0.00248
31	0.00724	0.00596	0.00630	0.00542	0.00703	0.00681	0.00429	0.22266	0.67812	0.01213	0.00948	0.00882	0.00705	0.00341	0.00262	0.00085	0.00224	0.00278	0.00262	0.00416
32	0.92743	0.00500	0.00380	0.00340	0.00500	0.00580	0.00280	0.00760	0.00440	0.01160	0.00360	0.00420	0.00280	0.00240	0.00160	0.00080	0.00200	0.00140	0.00160	0.00280
33	0.00322	0.00236	0.00295	0.00339	0.00365	0.00219	0.00227	0.00372	0.01301	0.00655	0.01549	0.67812	0.15222	0.09288	0.00419	0.00116	0.00157	0.00667	0.00232	0.00208
34	0.00370	0.00250	0.00286	0.00292	0.00298	0.00248	0.00171	0.00379	0.00398	0.00527	0.00936	0.08293	0.04007	0.78748	0.01182	0.00231	0.00239	0.02813	0.00168	0.00165
35	0.00315	0.00225	0.00299	0.00359	0.00375	0.00210	0.00239	0.00360	0.00496	0.00660	0.01438	0.89774	0.02675	0.00808	0.00330	0.00105	0.00150	0.00733	0.00240	0.00210
36	0.01053	0.00529	0.00645	0.00504	0.00699	0.00523	0.00413	0.24613	0.11036	0.55760	0.00917	0.00820	0.00603	0.00321	0.00260	0.00080	0.00235	0.00256	0.00297	0.00436
37	0.00409	0.00293	0.00405	0.00461	0.00519	0.00291	0.00399	0.00522	0.00588	0.00762	0.01402	0.05536	0.04461	0.02447	0.00373	0.00120	0.00232	0.80309	0.00237	0.00235
38	0.00571	0.00578	0.00785	0.00672	0.00685	0.04059	0.02575	0.00633	0.00414	0.00625	0.00366	0.00596	0.00360	0.01441	0.04610	0.00125	0.80281	0.00230	0.00116	0.00281
39	0.00370	0.00275	0.00404	0.00404	0.00446	0.00317	0.00308	0.00454	0.00412	0.00591	0.00703	0.01075	0.00672	0.09818	0.82049	0.00401	0.00653	0.00286	0.00140	0.00224
40	0.00667	0.00529	0.03233	0.00476	0.00614	0.02065	0.00386	0.15259	0.40142	0.04885	0.07601	0.00946	0.00792	0.00345	0.00264	0.00080	0.02694	0.00277	0.18381	0.00363
41	0.02554	0.01792	0.00605	0.00449	0.00658	0.02093	0.00367	0.11263	0.01960	0.39725	0.00728	0.00697	0.00504	0.00267	0.00230	0.00063	0.00221	0.00211	0.00239	0.35374
42	0.00837	0.15007	0.00843	0.00631	0.00752	0.53597	0.00504	0.04111	0.00645	0.00663	0.00388	0.00485	0.00338	0.00301	0.00356	0.00075	0.19850	0.00177	0.00130	0.00306
43	0.00360	0.00298	0.00315	0.00305	0.00396	0.00272	0.00233	0.02895	0.07380	0.00793	0.12050	0.02270	0.67658	0.00610	0.00302	0.00087	0.00143	0.03143	0.00247	0.00242
44	0.00664	0.32230	0.27358	0.00622	0.02545	0.13842	0.05200	0.05619	0.01333	0.00760	0.01987	0.04147	0.00446	0.00295	0.01410	0.00076	0.00342	0.00649	0.00133	0.00343
45	0.00423	0.00348	0.03081	0.00423	0.00482	0.03289	0.00332	0.03112	0.04273	0.02227	0.02450	0.43075	0.04499	0.03789	0.02939	0.01074	0.00217	0.23497	0.00228	0.00243
46	0.01155	0.00447	0.00604	0.00463	0.00663	0.00390	0.00383	0.03452	0.00752	0.87275	0.01010	0.00873	0.00635	0.00320	0.00260	0.00080	0.00222	0.00259	0.00318	0.00440
47	0.00376	0.00251	0.00282	0.00282	0.00282	0.00251	0.00157	0.00376	0.00376	0.00501	0.00814	0.01691	0.00940	0.90917	0.01315	0.00251	0.00251	0.00376	0.00157	0.00157
48	0.00760	0.10464	0.05246	0.00575	0.01266	0.27894	0.03215	0.20486	0.08063	0.00901	0.00651	0.01908	0.03840	0.04951	0.08552	0.00114	0.00371	0.00237	0.00175	0.00332
49	0.00979	0.00722	0.00774	0.00594	0.00800	0.00800	0.00490	0.87482	0.02183	0.01623	0.00625	0.00624	0.00443	0.00311	0.00259	0.00078	0.00284	0.00233	0.00259	0.00439
50	0.00354	0.00266	0.00329	0.00318	0.00385	0.00242	0.00241	0.00466	0.01278	0.00939	0.62756	0.03605	0.23113	0.00570	0.00307	0.00085	0.00130	0.04107	0.00271	0.00238
51	0.00685	0.01270	0.00519	0.00451	0.00581	0.19787	0.00352	0.11761	0.07954	0.12780	0.06278	0.01388	0.30578	0.00487	0.02986	0.00090	0.00259	0.01251	0.00230	0.00312
52	0.00574	0.00549	0.00756	0.00649	0.00666	0.00749	0.00538	0.06291	0.00451	0.00685	0.00390	0.00611	0.00374	0.00581	0.09092	0.00139	0.76261	0.00231	0.00125	0.00288
53	0.00312	0.00264	0.00271	0.00274	0.00360	0.00223	0.00209	0.00380	0.00589	0.00703	0.02546	0.02512	0.84125	0.00658	0.00308	0.00089	0.00137	0.05580	0.00240	0.00219
54	0.00521	0.00352	0.00333	0.00325	0.00399	0.07642	0.00252	0.03415	0.01497	0.01844	0.00977	0.01202	0.07495	0.00459	0.05470	0.00090	0.00201	0.07935	0.59341	0.00253
55	0.00515	0.00504	0.00850	0.73209	0.03772	0.03037	0.10283	0.00687	0.00541	0.00694	0.03151	0.00720	0.00414	0.00262	0.00264	0.00085	0.00350	0.00243	0.00123	0.00296
56	0.00749	0.66385	0.04554	0.00506	0.00713	0.22056	0.00475	0.00837	0.00575	0.00622	0.00373	0.00432	0.00332	0.00233	0.00185	0.00059	0.00325	0.00147	0.00116	0.00326
57	0.00372	0.00276	0.00349	0.00333	0.00400	0.00258	0.00254	0.00508	0.03720	0.00988	0.72134	0.02011	0.11604	0.00546	0.00306	0.00084	0.00132	0.05204	0.00276	0.00246
58	0.00946	0.01213	0.02342	0.00698	0.03809	0.85243	0.00518	0.01020	0.00724	0.00643	0.00404	0.00473	0.00335	0.00265	0.00234	0.00067	0.00459	0.00169	0.00133	0.00305
59	0.03107	0.00552	0.00503	0.00480	0.00555	0.23432	0.00367	0.05299	0.00548	0.00680	0.00663	0.03318	0.00634	0.07804	0.43817	0.01778	0.01034	0.05022	0.00153	0.00254
60	0.92743	0.00500	0.00380	0.00340	0.00500	0.00580	0.00280	0.00760	0.00440	0.01160	0.00360	0.00420	0.00280	0.00240	0.00160	0.00080	0.00200	0.00140	0.00160	0.00280
61	0.00449	0.00224	0.00337	0.00337	0.00337	0.00224	0.00224	0.00337	0.00337	0.00449	0.00449	0.00786	0.00449	0.00898	0.01010	0.92480	0.00224	0.00224	0.00112	0.00112
62	0.02883	0.00250	0.00307	0.00348	0.00378	0.00239	0.00239	0.00403	0.01994	0.00671	0.01445	0.59075	0.11817	0.12692	0.00453	0.00122	0.00169	0.06076	0.00227	0.00211
63	0.00328	0.00251	0.00303	0.00339	0.00386	0.00229	0.00244	0.00398	0.01916	0.00688	0.01812	0.48326	0.31704	0.02361	0.00341	0.00103	0.00155	0.09658	0.00239	0.00218
64	0.00492	0.00465	0.00776	0.85533	0.01722	0.00586	0.00710	0.00658	0.00510	0.00658	0.00453	0.00682	0.00344	0.00269	0.00290	0.00088	0.05133	0.00230	0.00115	0.00287
65	0.00602	0.00523	0.00531	0.00484	0.00607	0.05348	0.00371	0.07471	0.54337	0.00991	0.03271	0.09172	0.08703	0.03533	0.02780	0.00102	0.00226	0.00350	0.00245	0.00353
66	0.00350	0.00268	0.00317	0.00346	0.00398	0.00252	0.00249	0.01927	0.05218	0.00723	0.02427	0.48107	0.29984	0.01344	0.00324	0.00099	0.00155	0.05974	0.01311	0.00229
67	0.00565	0.00565	0.00792	0.00679	0.00679	0.00792	0.00565	0.00622	0.00396	0.00622	0.00339	0.00565	0.00339	0.00452	0.00848	0.00113	0.90444	0.00226	0.00113	0.00283
68	0.01050	0.00437	0.00581	0.00462	0.00644	0.00392	0.00382	0.05983	0.01395	0.72872	0.01056	0.01091	0.02411	0.01962	0.00288	0.00086	0.00224	0.07967	0.00304	0.00413
69	0.00965	0.01232	0.00732	0.00666	0.00799	0.89879	0.00499	0.01032	0.00732	0.00633	0.00400	0.00466	0.00333	0.00266	0.00233	0.00067	0.00466	0.00166	0.00133	0.00300
70	0.91031	0.00495	0.00377	0.00338	0.00496	0.00574	0.00278	0.00757	0.00442	0.01156	0.00369	0.00430	0.00287	0.00241	0.00160	0.00080	0.00198	0.00142	0.01870	0.00279
71	0.01160	0.00440	0.00600	0.00460	0.00660	0.00380	0.00380	0.01260	0.00740	0.89484	0.01020	0.00880	0.00640	0.00320	0.00260	0.00080	0.00220	0.00260	0.00320	0.00440
72	0.00982	0.00724	0.00776	0.00595	0.00801	0.00801	0.00491	0.88443	0.01215	0.01629	0.00621	0.00621	0.00440	0.00310	0.00259	0.00078	0.00284	0.00233	0.00259	0.00440
73	0.00413	0.00271	0.00334	0.00349	0.00378	0.00267	0.00245	0.00460	0.01203	0.04100	0.01075	0.09274	0.03666	0.52369	0.00898	0.00191	0.00234	0.23880	0.00195	0.00198
74	0.00372	0.00250	0.00286	0.00290	0.00292	0.00250	0.00166	0.00377	0.00384	0.00513	0.00849	0.07154	0.00980	0.83231	0.03388	0.00246	0.00255	0.00396	0.00161	0.00162
75	0.00376	0.00251	0.00282	0.00282	0.00282	0.00251	0.00157	0.00376	0.00376	0.00501	0.00814	0.01691	0.00940	0.90917	0.01315	0.00251	0.00251	0.00376	0.00157	0.00157
76	0.00328	0.00262	0.00282	0.00285	0.00361	0.00226	0.00212	0.00396	0.00584	0.01744	0.08775	0.08904	0.67395	0.05208	0.00360	0.00098	0.00143	0.03976	0.00240	0.00220
77	0.00493	0.00274	0.00283	0.00272	0.00339	0.00276	0.00203	0.06325	0.00578	0.00956	0.01731	0.03787	0.05319	0.05399	0.00266	0.00615	0.00141	0.00281	0.72216	0.00246
78	0.00336	0.00259	0.00296	0.00316	0.00382	0.00228	0.00235	0.00404	0.00571	0.02213	0.04841	0.26306	0.52327	0.00693	0.00317	0.00095	0.00148	0.09568	0.00243	0.00223
79	0.00367	0.00275	0.00402	0.00402	0.00447	0.00315	0.00309	0.00453	0.00419	0.00597	0.00765	0.01106	0.03669	0.07200	0.81571	0.00394	0.00647	0.00292	0.00143	0.00226
80	0.00355	0.00265	0.00332	0.00367	0.00411	0.00251	0.00263	0.00452	0.05281	0.00716	0.04148	0.56562	0.12307	0.02973	0.00344	0.00104	0.00163	0.10416	0.00934	0.03357
81	0.00565	0.00565	0.00792	0.00679	0.00679	0.00792	0.00565	0.00622	0.00396	0.00622	0.00339	0.00565	0.00339	0.00452	0.00848	0.00113	0.90444	0.00226	0.00113	0.00283
82	0.00358	0.00276	0.00304	0.00293	0.00378	0.00242	0.00221	0.00459	0.03160	0.03524	0.26076	0.02243	0.60343	0.00601	0.00303	0.00085	0.00133	0.00508	0.00255	0.00237
83	0.84993	0.00503	0.00396	0.00351	0.00508	0.00580	0.00286	0.05156	0.00477	0.01161	0.00388	0.00473	0.00310	0.03321	0.00204	0.00086	0.00206	0.00153	0.00165	0.00284
84	0.00488	0.00459	0.00775	0.90296	0.01780	0.00574	0.00718	0.00660	0.00517	0.00660	0.00459	0.00689	0.00345	0.00258	0.00258	0.00086	0.00345	0.00230	0.00115	0.00287
85	0.75687	0.00622	0.00447	0.00398	0.00555	0.14718	0.00320	0.03221	0.00508	0.01089	0.00373	0.00433	0.00293	0.00246	0.00174	0.00078	0.00244	0.00147	0.00158	0.00287
86	0.00343	0.00263	0.00321	0.00355	0.00414	0.00241	0.00277	0.00421	0.00569	0.00718	0.03841	0.26325	0.36869	0.00712	0.00328	0.00102	0.00169	0.27269	0.00240	0.00223
87	0.00369	0.00276	0.00410	0.00410	0.00454	0.00320	0.00316	0.00458	0.00414	0.00596	0.00697	0.01044	0.00659	0.05731	0.86117	0.00408	0.00673	0.00281	0.00139	0.00228
88	0.00388	0.00303	0.00413	0.00411	0.00455	0.03027	0.00313	0.00471	0.00421	0.00592	0.00695	0.01062	0.00664	0.10169	0.78935	0.00389	0.00644	0.00283	0.00140	0.00226
89	0.46580	0.00755	0.13769	0.00513	0.00708	0.12950	0.04081	0.12489	0.00608	0.01065	0.00447	0.00539	0.00349	0.00302	0.02366	0.00087	0.00297	0.01615	0.00161	0.00320
90	0.00982	0.00724	0.00776	0.00595	0.00801	0.00801	0.00491	0.88443	0.01215	0.01629	0.00621	0.00621	0.00440	0.00310	0.00259	0.00078	0.00284	0.00233	0.00259	0.00440
91	0.00398	0.00296	0.00390	0.00383	0.00417	0.01501	0.00278	0.02347	0.00422	0.00589	0.00717	0.01210	0.00725	0.31127	0.54672	0.01531	0.02336	0.00305	0.00146	0.00211
92	0.00621	0.00638	0.01916	0.00976	0.37602	0.17731	0.03383	0.02607	0.02117	0.00781	0.01346	0.12015	0.03655	0.01735	0.01098	0.00090	0.00309	0.10885	0.00166	0.00329
93	0.00384	0.00301	0.00356	0.00396	0.03394	0.04250	0.00255	0.00427	0.00459	0.00603	0.01050	0.37660	0.02727	0.31598	0.14118	0.00198	0.00285	0.01145	0.00188	0.00206
94	0.00502	0.00425	0.00579	0.03364	0.15704	0.01616	0.02669	0.04024	0.11681	0.01405	0.04641	0.07194	0.13431	0.06045	0.04273	0.00117	0.04045	0.17787	0.00204	0.00295
95	0.03674	0.00551	0.07549	0.00598	0.03719	0.02815	0.06702	0.07130	0.00542	0.01581	0.02253	0.05510	0.00615	0.05840	0.13795	0.00147	0.22168	0.05490	0.00157	0.09165
96	0.00623	0.00534	0.00567	0.00512	0.00651	0.00614	0.00397	0.01310	0.82492	0.01078	0.07399	0.01034	0.00908	0.00363	0.00266	0.00087	0.00199	0.00305	0.00265	0.00397
97	0.00449	0.00224	0.00337	0.00337	0.00337	0.00224	0.00224	0.00337	0.00337	0.00449	0.00449	0.00786	0.00449	0.00898	0.01010	0.92480	0.00224	0.00224	0.00112	0.00112
98	0.00548	0.00456	0.00476	0.00470	0.00554	0.09393	0.00372	0.14740	0.06004	0.00869	0.01153	0.21026	0.04558	0.06851	0.00382	0.00110	0.00244	0.31293	0.00227	0.00275
99	0.00456	0.00351	0.00397	0.00365	0.00463	0.00345	0.00285	0.11633	0.08758	0.01707	0.30647	0.03240	0.33806	0.00545	0.00299	0.00086	0.00162	0.05922	0.00260	0.00275
100	0.91804	0.00502	0.00384	0.00342	0.00503	0.00582	0.00282	0.01656	0.00448	0.01164	0.00363	0.00422	0.00282	0.00241	0.00161	0.00080	0.00201	0.00141	0.00161	0.00282
101	0.00380	0.00277	0.00343	0.00327	0.00393	0.00260	0.00245	0.01750	0.03776	0.00954	0.61537	0.05364	0.15676	0.00558	0.00325	0.03219	0.00134	0.01394	0.02845	0.00243
102	0.00381	0.00281	0.00330	0.00345	0.00417	0.00259	0.00264	0.00489	0.05136	0.04360	0.05743	0.23401	0.41966	0.00666	0.00316	0.00096	0.00160	0.14903	0.00246	0.00240
103	0.00309	0.00258	0.00270	0.00278	0.00356	0.00219	0.00206	0.00373	0.00578	0.00695	0.02453	0.12721	0.77156	0.00674	0.00309	0.00090	0.00135	0.02461	0.00240	0.00218
104	0.00322	0.00229	0.00301	0.00356	0.00371	0.00215	0.00237	0.00365	0.00487	0.00649	0.01373	0.81389	0.01641	0.08209	0.00411	0.00117	0.00160	0.02726	0.00233	0.00206
105	0.00360	0.00245	0.00291	0.00309	0.00317	0.00241	0.00188	0.00377	0.00419	0.00556	0.01025	0.26018	0.02427	0.62088	0.01001	0.00204	0.00221	0.03357	0.00183	0.00175
106	0.00381	0.00256	0.00330	0.00367	0.00407	0.00240	0.00262	0.00451	0.02167	0.05701	0.01974	0.61508	0.10346	0.04699	0.00368	0.00109	0.00167	0.09798	0.00241	0.00228
107	0.00482	0.00374	0.00436	0.00411	0.00498	0.00391	0.00311	0.08553	0.23711	0.01002	0.34155	0.20474	0.04655	0.00532	0.00297	0.00089	0.00168	0.02901	0.00264	0.00296
108	0.00416	0.00297	0.00416	0.00476	0.00535	0.00297	0.00416	0.00535	0.00595	0.00773	0.01368	0.02915	0.01487	0.00714	0.00357	0.00119	0.00238	0.87565	0.00238	0.00238
109	0.30106	0.00449	0.00510	0.00425	0.00593	0.00445	0.00351	0.04124	0.00640	0.47442	0.00841	0.03955	0.00630	0.00346	0.00239	0.00084	0.00215	0.07984	0.00257	0.00363
110	0.00677	0.00549	0.00586	0.00519	0.00669	0.00625	0.00406	0.05575	0.77484	0.05771	0.01072	0.00985	0.03202	0.00355	0.00264	0.00087	0.00207	0.00295	0.00265	0.00407
111	0.02219	0.00448	0.00602	0.00462	0.00661	0.00393	0.00382	0.03443	0.00748	0.86252	0.01002	0.00868	0.00631	0.00319	0.00259	0.00080	0.00221	0.00258	0.00316	0.00438
112	0.00376	0.00251	0.00282	0.00282	0.00282	0.00251	0.00157	0.00376	0.00376	0.00501	0.00814	0.01691	0.00940	0.90917	0.01315	0.00251	0.00251	0.00376	0.00157	0.00157
113	0.00379	0.00271	0.00373	0.00427	0.00472	0.00265	0.00346	0.00473	0.00570	0.00751	0.06872	0.32523	0.01622	0.00735	0.00345	0.00112	0.00201	0.52793	0.00242	0.00229
114	0.92743	0.00500	0.00380	0.00340	0.00500	0.00580	0.00280	0.00760	0.00440	0.01160	0.00360	0.00420	0.00280	0.00240	0.00160	0.00080	0.00200	0.00140	0.00160	0.00280
115	0.00371	0.00276	0.00412	0.00412	0.00459	0.00322	0.00321	0.00464	0.00418	0.00606	0.00695	0.01014	0.00646	0.01910	0.88311	0.00409	0.00682	0.00276	0.01764	0.00231
116	0.00362	0.00264	0.00342	0.00323	0.00385	0.00244	0.00242	0.00480	0.00717	0.01008	0.82284	0.01949	0.07745	0.00561	0.01884	0.00088	0.00133	0.00469	0.00279	0.00242
117	0.00316	0.00226	0.00301	0.00359	0.00375	0.00211	0.00240	0.00362	0.00499	0.00666	0.02971	0.89182	0.01722	0.00805	0.00329	0.00105	0.00149	0.00730	0.00241	0.00211
118	0.00536	0.00459	0.00536	0.00383	0.00612	0.00345	0.00306	0.00651	0.00536	0.00842	0.00459	0.00536	0.00383	0.00191	0.00191	0.00038	0.00191	0.00153	0.00153	0.92497
119	0.00449	0.00224	0.00337	0.00337	0.00337	0.00224	0.00224	0.00337	0.00337	0.00449	0.00449	0.00786	0.00449	0.00898	0.01010	0.92480	0.00224	0.00224	0.00112	0.00112
120	0.92743	0.00500	0.00380	0.00340	0.00500	0.00580	0.00280	0.00760	0.00440	0.01160	0.00360	0.00420	0.00280	0.00240	0.00160	0.00080	0.00200	0.00140	0.00160	0.00280
121	0.00610	0.00697	0.01525	0.01089	0.01351	0.00654	0.88366	0.00828	0.00610	0.00828	0.00523	0.00697	0.00392	0.00218	0.00305	0.00087	0.00436	0.00305	0.00131	0.00349
122	0.00416	0.00297	0.00416	0.00476	0.00535	0.00297	0.00416	0.00535	0.00595	0.00773	0.01368	0.02915	0.01487	0.00714	0.00357	0.00119	0.00238	0.87565	0.00238	0.00238
123	0.00982	0.00724	0.00776	0.00595	0.00801	0.00801	0.00491	0.88443	0.01215	0.01629	0.00621	0.00621	0.00440	0.00310	0.00259	0.00078	0.00284	0.00233	0.00259	0.00440
124	0.00375	0.00252	0.00289	0.00290	0.00293	0.00254	0.00167	0.00380	0.00380	0.00509	0.00817	0.02927	0.00935	0.84902	0.06009	0.00257	0.00273	0.00376	0.00157	0.00161
125	0.00449	0.00224	0.00337	0.00337	0.00337	0.00224	0.00224	0.00337	0.00337	0.00449	0.00449	0.00786	0.00449	0.00898	0.01010	0.92480	0.00224	0.00224	0.00112	0.00112
126	0.92743	0.00500	0.00380	0.00340	0.00500	0.00580	0.00280	0.00760	0.00440	0.01160	0.00360	0.00420	0.00280	0.00240	0.00160	0.00080	0.00200	0.00140	0.00160	0.00280
127	0.01160	0.00440	0.00600	0.00460	0.00660	0.00380	0.00380	0.01260	0.00740	0.89484	0.01020	0.00880	0.00640	0.00320	0.00260	0.00080	0.00220	0.00260	0.00320	0.00440
128	0.00637	0.00549	0.00580	0.00525	0.00669	0.00635	0.00409	0.01353	0.86713	0.01074	0.01060	0.01011	0.00806	0.00359	0.00265	0.00088	0.00205	0.02394	0.00262	0.00405
129	0.00366	0.00264	0.00345	0.00325	0.00386	0.00244	0.00244	0.00488	0.00732	0.01036	0.89168	0.01931	0.02439	0.00528	0.00305	0.00081	0.00122	0.00467	0.00285	0.00244
130	0.00305	0.00262	0.00262	0.00262	0.00349	0.00218	0.00196	0.00371	0.00589	0.00698	0.02618	0.02487	0.89200	0.00655	0.00305	0.00087	0.00131	0.00545	0.00240	0.00218
131	0.00643	0.00555	0.00584	0.00526	0.00672	0.00643	0.00409	0.01373	0.88838	0.01081	0.01052	0.00964	0.00789	0.00351	0.00263	0.00088	0.00205	0.00292	0.00263	0.00409
132	0.00965	0.01232	0.00732	0.00666	0.00799	0.89879	0.00499	0.01032	0.00732	0.00633	0.00400	0.00466	0.00333	0.00266	0.00233	0.00067	0.00466	0.00166	0.00133	0.00300
133	0.00315	0.00226	0.00299	0.00358	0.00374	0.00210	0.00239	0.00360	0.00497	0.00661	0.01448	0.89039	0.03404	0.00807	0.00329	0.00105	0.00150	0.00731	0.00240	0.00210
134	0.00327	0.00235	0.00310	0.00358	0.00383	0.00220	0.00248	0.00385	0.00529	0.00708	0.11518	0.71543	0.04419	0.02175	0.00343	0.00105	0.00153	0.05583	0.00244	0.00215
135	0.00982	0.00724	0.00776	0.00595	0.00801	0.00801	0.00491	0.88443	0.01215	0.01629	0.00621	0.00621	0.00440	0.00310	0.00259	0.00078	0.00284	0.00233	0.00259	0.00440
136	0.01105	0.00446	0.00595	0.00463	0.00656	0.00399	0.00380	0.01257	0.07851	0.80966	0.02399	0.00903	0.00680	0.00326	0.00261	0.00081	0.00217	0.00266	0.00315	0.00434
137	0.00316	0.00262	0.00277	0.00275	0.00357	0.00223	0.00207	0.00390	0.00609	0.00749	0.15307	0.03150	0.74495	0.00638	0.00306	0.00087	0.00131	0.01751	0.00247	0.00222
138	0.00536	0.00459	0.00536	0.00383	0.00612	0.00345	0.00306	0.00651	0.00536	0.00842	0.00459	0.00536	0.00383	0.00191	0.00191	0.00038	0.00191	0.00153	0.00153	0.92497
139	0.00374	0.00279	0.00411	0.00410	0.00455	0.00323	0.00316	0.01122	0.00420	0.00604	0.00703	0.01711	0.00666	0.05920	0.84564	0.00403	0.00665	0.00284	0.00141	0.00229
140	0.00320	0.00242	0.00296	0.00332	0.00373	0.00219	0.00233	0.00378	0.00539	0.00695	0.06895	0.54025	0.27897	0.02335	0.00340	0.00101	0.00148	0.04177	0.00241	0.00215
141	0.91914	0.00507	0.01182	0.00343	0.00505	0.00580	0.00286	0.00760	0.00441	0.01157	0.00361	0.00421	0.00280	0.00240	0.00161	0.00080	0.00202	0.00140	0.00159	0.00281
142	0.03222	0.08432	0.07883	0.00635	0.07322	0.13454	0.05793	0.04074	0.26461	0.00882	0.03317	0.01469	0.07955	0.00345	0.00266	0.00081	0.01904	0.04183	0.00190	0.02131
143	0.00621	0.30706	0.08252	0.00505	0.00672	0.06951	0.01596	0.07214	0.09074	0.01589	0.00825	0.01247	0.04641	0.03674	0.00290	0.00088	0.00277	0.21282	0.00178	0.00316
144	0.00330	0.00244	0.00310	0.00355	0.00391	0.00226	0.00255	0.00391	0.00532	0.00691	0.03952	0.56930	0.18968	0.02347	0.00346	0.00105	0.00160	0.13014	0.00239	0.00215
145	0.00364	0.00264	0.00343	0.00323	0.00385	0.00243	0.00243	0.00485	0.00728	0.01027	0.86781	0.01946	0.04832	0.00532	0.00305	0.00081	0.00122	0.00470	0.00283	0.00243
146	0.00594	0.00728	0.10034	0.00948	0.05379	0.05931	0.56263	0.01945	0.01107	0.00805	0.00595	0.05235	0.00502	0.00369	0.05344	0.00105	0.00416	0.03222	0.00140	0.00336
147	0.00449	0.00225	0.00336	0.00336	0.00336	0.00225	0.00224	0.00340	0.00339	0.00454	0.00453	0.00788	0.00451	0.00892	0.01001	0.91496	0.00223	0.00225	0.01095	0.00114
148	0.00327	0.00249	0.00301	0.00317	0.00370	0.00223	0.00227	0.00402	0.00596	0.00783	0.27202	0.34333	0.31755	0.00675	0.00315	0.00092	0.00136	0.01220	0.00253	0.00223
149	0.00449	0.00224	0.00337	0.00337	0.00337	0.00224	0.00224	0.00337	0.00337	0.00449	0.00449	0.00786	0.00449	0.00898	0.01010	0.92480	0.00224	0.00224	0.00112	0.00112
150	0.92743	0.00500	0.00380	0.00340	0.00500	0.00580	0.00280	0.00760	0.00440	0.01160	0.00360	0.00420	0.00280	0.00240	0.00160	0.00080	0.00200	0.00140	0.00160	0.00280
151	0.91309	0.00511	0.00385	0.00345	0.00504	0.01975	0.00283	0.00764	0.00444	0.01151	0.00360	0.00421	0.00281	0.00240	0.00161	0.00080	0.00204	0.00140	0.00160	0.00280
152	0.00376	0.00252	0.00288	0.00288	0.00290	0.00254	0.00164	0.00380	0.00378	0.00506	0.00809	0.01660	0.00926	0.86813	0.05401	0.00258	0.00271	0.00371	0.00156	0.00160
153	0.01106	0.00513	0.00644	0.00495	0.00696	0.00490	0.00408	0.23148	0.02445	0.65838	0.00920	0.00816	0.00592	0.00318	0.00260	0.00080	0.00236	0.00254	0.00303	0.00439
154	0.00353	0.00264	0.00327	0.00311	0.00378	0.00238	0.00233	0.00462	0.00700	0.00963	0.70260	0.02052	0.21394	0.00556	0.00305	0.00083	0.00124	0.00484	0.00275	0.00238
155	0.03532	0.65253	0.04384	0.00497	0.00705	0.17626	0.00468	0.03739	0.00585	0.00671	0.00379	0.00436	0.00334	0.00234	0.00184	0.00060	0.00314	0.00149	0.00121	0.00330
156	0.00946	0.01795	0.00748	0.00694	0.04216	0.79985	0.00508	0.05199	0.02305	0.00696	0.00425	0.00489	0.00349	0.00268	0.00235	0.00068	0.00445	0.00174	0.00141	0.00313
157	0.01025	0.00455	0.00593	0.00451	0.00654	0.00394	0.00370	0.05383	0.01456	0.67690	0.02491	0.00828	0.00620	0.00301	0.00249	0.00073	0.00216	0.00244	0.00287	0.16220
158	0.00643	0.00555	0.00584	0.00526	0.00672	0.00643	0.00409	0.01373	0.88838	0.01081	0.01052	0.00964	0.00789	0.00351	0.00263	0.00088	0.00205	0.00292	0.00263	0.00409
159	0.00316	0.00226	0.00301	0.00361	0.00376	0.00211	0.00242	0.00362	0.00496	0.00661	0.01424	0.89916	0.01707	0.00809	0.00330	0.00105	0.00151	0.01558	0.00240	0.00210
160	0.00753	0.00795	0.00625	0.00566	0.00704	0.34216	0.00433	0.01196	0.50636	0.01634	0.01752	0.00845	0.04050	0.00332	0.00254	0.00080	0.00299	0.00256	0.00214	0.00359
161	0.00489	0.00462	0.00783	0.89383	0.01776	0.00575	0.01614	0.00662	0.00518	0.00662	0.00460	0.00689	0.00345	0.00258	0.00259	0.00086	0.00345	0.00230	0.00115	0.00288
162	0.00376	0.00251	0.00282	0.00282	0.00282	0.00251	0.00157	0.00376	0.00376	0.00501	0.00814	0.01691	0.00940	0.90917	0.01315	0.00251	0.00251	0.00376	0.00157	0.00157
163	0.00375	0.00254	0.00301	0.00301	0.00308	0.00261	0.00181	0.00388	0.00382	0.00516	0.00796	0.01592	0.00897	0.77884	0.14290	0.00275	0.00315	0.00361	0.00154	0.00167
164	0.00708	0.00552	0.00602	0.00526	0.00677	0.00619	0.00420	0.19146	0.55906	0.05423	0.03738	0.01095	0.00824	0.00379	0.00272	0.00088	0.00222	0.08142	0.00263	0.00396
165	0.00357	0.00250	0.00287	0.00299	0.00317	0.00241	0.00186	0.00379	0.00436	0.00567	0.01208	0.16017	0.14535	0.59360	0.00968	0.00197	0.00216	0.03818	0.00186	0.00178
166	0.00565	0.00565	0.00792	0.00679	0.00679	0.00792	0.00565	0.00622	0.00396	0.00622	0.00339	0.00565	0.00339	0.00452	0.00848	0.00113	0.90444	0.00226	0.00113	0.00283
167	0.00376	0.00251	0.00286	0.00286	0.00287	0.00253	0.00162	0.00378	0.00377	0.00504	0.00811	0.01671	0.00931	0.88223	0.03997	0.00256	0.00264	0.00373	0.00156	0.00159
168	0.00324	0.00248	0.00292	0.00316	0.00368	0.00220	0.00225	0.00386	0.00559	0.01216	0.10337	0.40539	0.39115	0.02304	0.00335	0.00098	0.00143	0.02513	0.00243	0.00218
169	0.00340	0.00239	0.00315	0.00364	0.00387	0.00225	0.00251	0.00390	0.00496	0.01402	0.01344	0.72406	0.01588	0.09039	0.00420	0.00118	0.00168	0.08545	0.00231	0.01731
170	0.00536	0.00459	0.00536	0.00383	0.00612	0.00345	0.00306	0.00651	0.00536	0.00842	0.00459	0.00536	0.00383	0.00191	0.00191	0.00038	0.00191	0.00153	0.00153	0.92497
171	0.00373	0.00250	0.00285	0.00290	0.00292	0.00249	0.00166	0.00378	0.00387	0.00515	0.00860	0.06881	0.00994	0.84065	0.01241	0.00240	0.00245	0.01966	0.00163	0.00161
172	0.00324	0.00269	0.00285	0.00286	0.00370	0.00233	0.00218	0.00409	0.02161	0.00740	0.10469	0.03044	0.73785	0.00642	0.00308	0.00089	0.00138	0.05760	0.00244	0.00225
173	0.00334	0.00262	0.00304	0.00308	0.00378	0.00232	0.00233	0.00420	0.00627	0.00809	0.30155	0.10286	0.46542	0.00633	0.00312	0.00089	0.00138	0.07455	0.00254	0.00227
174	0.00738	0.00385	0.00490	0.00439	0.00559	0.00368	0.00344	0.09293	0.05771	0.35309	0.03218	0.28404	0.03177	0.01191	0.00301	0.00093	0.00202	0.09108	0.00274	0.00336
175	0.07414	0.00392	0.00498	0.00415	0.00563	0.00358	0.00335	0.01922	0.00659	0.53792	0.03802	0.02195	0.08662	0.08965	0.00368	0.00101	0.00212	0.08717	0.00276	0.00354
176	0.00518	0.00306	0.00409	0.00420	0.00493	0.00294	0.00336	0.00620	0.02600	0.16124	0.03132	0.20812	0.05210	0.07717	0.03442	0.00127	0.00225	0.36708	0.00245	0.00264
177	0.00510	0.00390	0.00446	0.00407	0.00512	0.00405	0.00317	0.06001	0.28141	0.04058	0.35713	0.01654	0.14574	0.00482	0.00291	0.00086	0.00168	0.05269	0.00268	0.00309
178	0.00402	0.00293	0.00366	0.00391	0.00458	0.00280	0.00317	0.03456	0.00600	0.02219	0.05496	0.12096	0.25486	0.05583	0.00385	0.00112	0.00196	0.41389	0.00238	0.00236
179	0.00324	0.00262	0.00286	0.00291	0.00366	0.00227	0.00218	0.00398	0.00598	0.00743	0.14793	0.07494	0.63329	0.03571	0.00343	0.00095	0.00141	0.06058	0.00244	0.00221
180	0.00565	0.00565	0.00792	0.00679	0.00679	0.00792	0.00565	0.00622	0.00396	0.00622	0.00339	0.00565	0.00339	0.00452	0.00848	0.00113	0.90444	0.00226	0.00113	0.00283
181	0.00314	0.00227	0.00298	0.00355	0.00374	0.00210	0.00238	0.00360	0.00499	0.00662	0.01482	0.86500	0.05920	0.00802	0.00329	0.00104	0.00149	0.00726	0.00240	0.00210
182	0.00350	0.00254	0.00321	0.00357	0.00389	0.00242	0.00250	0.02814	0.00527	0.00696	0.04913	0.57298	0.10268	0.10612	0.02154	0.00125	0.00179	0.07805	0.00231	0.00215
183	0.00373	0.00250	0.00287	0.00289	0.00292	0.00250	0.00165	0.00379	0.00390	0.00523	0.02966	0.05558	0.01004	0.83221	0.02842	0.00243	0.00251	0.00392	0.00163	0.00162
184	0.00315	0.00225	0.00300	0.00360	0.00375	0.00210	0.00240	0.00360	0.00495	0.00660	0.01425	0.90748	0.01709	0.00810	0.00330	0.00105	0.00150	0.00735	0.00240	0.00210
185	0.00565	0.00565	0.00792	0.00679	0.00679	0.00792	0.00565	0.00622	0.00396	0.00622	0.00339	0.00565	0.00339	0.00452	0.00848	0.00113	0.90444	0.00226	0.00113	0.00283
186	0.00575	0.01593	0.10898	0.00902	0.01137	0.00593	0.58891	0.03756	0.03448	0.00846	0.02181	0.07626	0.02281	0.00306	0.00298	0.00088	0.00375	0.03712	0.00154	0.00338
187	0.00693	0.00587	0.00618	0.00553	0.01993	0.02235	0.00428	0.14163	0.71052	0.01142	0.00972	0.00933	0.00735	0.00357	0.00800	0.00088	0.00226	0.01761	0.00257	0.00408
188	0.91771	0.00498	0.00380	0.00341	0.00500	0.00577	0.00281	0.00757	0.00441	0.01156	0.00370	0.00446	0.00293	0.00245	0.00162	0.00080	0.00200	0.01059	0.00161	0.00279
189	0.00982	0.00724	0.00776	0.00595	0.00801	0.00801	0.00491	0.88443	0.01215	0.01629	0.00621	0.00621	0.00440	0.00310	0.00259	0.00078	0.00284	0.00233	0.00259	0.00440
190	0.00958	0.01073	0.00736	0.00640	0.00792	0.63741	0.00492	0.24978	0.00860	0.00906	0.00480	0.02242	0.00389	0.00289	0.00242	0.00070	0.00410	0.00196	0.00170	0.00336
191	0.00965	0.01232	0.00732	0.00666	0.00799	0.89879	0.00499	0.01032	0.00732	0.00633	0.00400	0.00466	0.00333	0.00266	0.00233	0.00067	0.00466	0.00166	0.00133	0.00300
192	0.00538	0.00462	0.00544	0.00403	0.02074	0.00349	0.00314	0.00653	0.00537	0.00842	0.00460	0.00538	0.00383	0.00192	0.00192	0.00039	0.00193	0.00154	0.00153	0.90979
193	0.00332	0.00243	0.00314	0.00365	0.00393	0.00231	0.00253	0.00406	0.03404	0.00688	0.02658	0.75083	0.07758	0.00774	0.00327	0.00104	0.00155	0.06051	0.00241	0.00219
194	0.84032	0.00523	0.00410	0.00366	0.00521	0.02965	0.00301	0.03037	0.00470	0.01138	0.00385	0.00475	0.00309	0.00256	0.00185	0.00081	0.02383	0.01719	0.00162	0.00284
195	0.00375	0.00292	0.00342	0.00359	0.00419	0.00283	0.00260	0.03113	0.10213	0.00781	0.09074	0.43537	0.25874	0.00675	0.00312	0.00096	0.00155	0.03349	0.00247	0.00245
196	0.00906	0.01059	0.00779	0.00775	0.12735	0.63797	0.01149	0.11096	0.00761	0.00785	0.00440	0.00511	0.00358	0.00264	0.00238	0.00068	0.00414	0.00183	0.00148	0.03535
197	0.03515	0.00640	0.00690	0.00585	0.03796	0.04031	0.00457	0.62082	0.01007	0.01356	0.00699	0.07450	0.00591	0.02060	0.06059	0.00106	0.00303	0.03953	0.00235	0.00385
198	0.00901	0.18460	0.01668	0.00646	0.03008	0.68502	0.00500	0.02205	0.00694	0.00649	0.00398	0.00463	0.00336	0.00257	0.00221	0.00065	0.00422	0.00164	0.00130	0.00311
199	0.01089	0.00361	0.00411	0.00414	0.02118	0.03542	0.00870	0.08489	0.04728	0.01709	0.07644	0.23494	0.25211	0.02201	0.07050	0.00120	0.00227	0.09833	0.00230	0.00259
200	0.00651	0.71615	0.03701	0.00466	0.02104	0.03489	0.00440	0.00733	0.00514	0.00610	0.00407	0.00517	0.00378	0.02555	0.07685	0.03228	0.00318	0.00162	0.00115	0.00313
201	0.00637	0.00605	0.01027	0.01545	0.86154	0.00606	0.00778	0.01427	0.00593	0.00850	0.00506	0.00683	0.00431	0.00240	0.00257	0.00077	0.00304	0.01774	0.01101	0.00405
202	0.00335	0.00276	0.00288	0.00283	0.00372	0.00239	0.00216	0.01665	0.02064	0.01474	0.08514	0.02397	0.77061	0.00635	0.00305	0.00088	0.00138	0.03179	0.00244	0.00229
203	0.00580	0.00502	0.00588	0.01925	0.02230	0.02551	0.01976	0.06937	0.01803	0.00892	0.00496	0.00596	0.00411	0.00216	0.00206	0.00046	0.00215	0.01740	0.00162	0.75930
204	0.00376	0.00251	0.00282	0.00282	0.00282	0.00251	0.00157	0.00376	0.00376	0.00501	0.00814	0.01691	0.00940	0.90917	0.01315	0.00251	0.00251	0.00376	0.00157	0.00157
205	0.00585	0.00592	0.00771	0.00664	0.00676	0.05546	0.00549	0.01927	0.00426	0.00635	0.00362	0.00588	0.00357	0.01648	0.03243	0.00120	0.80684	0.00226	0.00118	0.00283
206	0.00533	0.00458	0.00540	0.00402	0.02175	0.00347	0.00313	0.00648	0.00538	0.00839	0.00501	0.00575	0.02089	0.00201	0.00195	0.00040	0.00192	0.00162	0.00154	0.89097
207	0.00367	0.00270	0.00387	0.00390	0.00426	0.00305	0.00290	0.00442	0.00413	0.00587	0.00753	0.05995	0.00753	0.16906	0.70076	0.00371	0.00588	0.00318	0.00147	0.00217
208	0.00375	0.00252	0.00289	0.00289	0.00291	0.00254	0.00165	0.00380	0.00378	0.00506	0.00808	0.01655	0.00924	0.86173	0.06038	0.00259	0.00274	0.00371	0.00156	0.00161
209	0.00792	0.00611	0.00656	0.00540	0.00708	0.00681	0.00433	0.47201	0.32719	0.01821	0.05252	0.03797	0.02883	0.00360	0.00266	0.00083	0.00239	0.00290	0.00261	0.00406
210	0.00391	0.00286	0.00332	0.00332	0.00369	0.01005	0.00225	0.01342	0.06110	0.00622	0.02638	0.09239	0.15645	0.41366	0.12084	0.04830	0.00273	0.02526	0.00185	0.00202
211	0.00658	0.00620	0.01034	0.01533	0.84555	0.00624	0.00777	0.05497	0.00622	0.00886	0.00493	0.00639	0.00411	0.00235	0.00256	0.00077	0.00306	0.00230	0.00135	0.00411
212	0.00691	0.91072	0.01354	0.00442	0.00663	0.01023	0.00442	0.00774	0.00525	0.00608	0.00359	0.00415	0.00332	0.00221	0.00166	0.00055	0.00276	0.00138	0.00111	0.00332
213	0.00379	0.00285	0.00333	0.00344	0.00409	0.00267	0.00253	0.04402	0.03627	0.02275	0.08972	0.34091	0.34606	0.02569	0.00334	0.00098	0.00157	0.06118	0.00245	0.00238
214	0.00359	0.00266	0.00339	0.00357	0.00401	0.00253	0.01240	0.00446	0.02794	0.00747	0.19275	0.30920	0.14016	0.14206	0.00471	0.00121	0.00174	0.13160	0.00236	0.00221
215	0.85363	0.00506	0.00399	0.00356	0.00516	0.00586	0.00292	0.02673	0.05100	0.01163	0.00408	0.00468	0.00318	0.00250	0.00169	0.00081	0.00202	0.00693	0.00168	0.00290
216	0.00395	0.00261	0.00311	0.00309	0.00325	0.00262	0.00194	0.00417	0.00415	0.02763	0.03551	0.01686	0.03099	0.70830	0.09960	0.00248	0.00286	0.04341	0.00168	0.00179
217	0.01323	0.00298	0.00339	0.00342	0.00416	0.00281	0.00257	0.04060	0.05006	0.02494	0.08701	0.19042	0.40479	0.05746	0.00366	0.00102	0.00165	0.10102	0.00241	0.00241
218	0.00382	0.00279	0.00328	0.00335	0.00396	0.00262	0.00245	0.01708	0.04452	0.03198	0.14204	0.22115	0.31518	0.11294	0.00435	0.00664	0.00165	0.07549	0.00239	0.00231
219	0.00385	0.00277	0.00355	0.00391	0.00436	0.00271	0.00299	0.00487	0.04462	0.01714	0.04259	0.30233	0.09706	0.12661	0.00464	0.00126	0.00196	0.32819	0.00232	0.00227
220	0.02076	0.00295	0.00343	0.00360	0.00415	0.00292	0.00261	0.02128	0.09766	0.00733	0.02904	0.32252	0.20549	0.15484	0.00478	0.00124	0.00181	0.10896	0.00228	0.00233
221	0.03764	0.00355	0.00424	0.00419	0.00500	0.00366	0.00335	0.09650	0.07201	0.03686	0.02379	0.07262	0.11337	0.12665	0.04654	0.01208	0.00240	0.31811	0.01482	0.00263
222	0.02021	0.00305	0.00358	0.00362	0.00432	0.00291	0.00272	0.04036	0.04424	0.03530	0.05553	0.23224	0.25546	0.10871	0.00423	0.00113	0.00181	0.14792	0.00232	0.03032
223	0.00329	0.00233	0.00295	0.00339	0.00355	0.00220	0.00221	0.00365	0.00475	0.00628	0.01352	0.66095	0.06028	0.20422	0.00543	0.00136	0.00172	0.01371	0.00222	0.00199
224	0.00494	0.00384	0.00432	0.00412	0.00503	0.00402	0.00315	0.10315	0.22658	0.01385	0.07348	0.16496	0.17902	0.08660	0.00389	0.00107	0.00192	0.10558	0.00757	0.00289
225	0.02346	0.00309	0.00374	0.00391	0.01825	0.00304	0.00287	0.03193	0.06432	0.04639	0.06211	0.25062	0.18047	0.10386	0.03391	0.00124	0.00201	0.14434	0.01795	0.00248
226	0.00323	0.00240	0.00298	0.00338	0.00372	0.00221	0.00234	0.00374	0.00512	0.00662	0.01641	0.57696	0.21904	0.07420	0.01918	0.00118	0.00167	0.05120	0.00232	0.00210
227	0.00625	0.00518	0.00526	0.00468	0.00592	0.06800	0.00368	0.19633	0.27459	0.01078	0.14797	0.04446	0.10513	0.00434	0.00276	0.00084	0.00216	0.06202	0.04629	0.00335
228	0.00345	0.00246	0.00318	0.00362	0.00389	0.00235	0.00252	0.01686	0.01128	0.00692	0.04048	0.66238	0.05433	0.06068	0.01575	0.01189	0.00171	0.07658	0.01752	0.00215
229	0.00452	0.00380	0.00509	0.00552	0.10576	0.02133	0.04691	0.05427	0.05653	0.00769	0.01357	0.21227	0.22741	0.02621	0.09533	0.03198	0.00261	0.07447	0.00206	0.00267
230	0.00707	0.05505	0.16530	0.00599	0.03254	0.26446	0.00990	0.13851	0.04835	0.01620	0.00574	0.00771	0.00496	0.12356	0.09508	0.00132	0.00388	0.00960	0.00159	0.00320
231	0.00541	0.00468	0.00538	0.00386	0.00615	0.01384	0.00308	0.00655	0.00538	0.00840	0.00459	0.00535	0.00382	0.00192	0.00192	0.00039	0.00195	0.00153	0.00153	0.91426
