[name]
ND1

[dist]
# distance from previous block
# <min> <max>
0	20

[block]
# block no. 0 follows, 117 sequences, length 54
# corresponding to MSA columns:
# 25-78
name=unknown_A
#
# <colnr> <probs for GDERKNQSTAVLIFYWHMCP>
#	G	D	E	R	K	N	Q	S	T	A	V	L	I	F	Y	W	H	M	C	P
0	0.00339	0.00247	0.00320	0.00370	0.02053	0.00235	0.00250	0.00399	0.01464	0.00666	0.05440	0.55935	0.08571	0.13716	0.00462	0.00122	0.00171	0.08805	0.00225	0.00210
1	0.00342	0.00259	0.00308	0.00322	0.00377	0.00237	0.00237	0.01599	0.00578	0.00751	0.19606	0.23195	0.33067	0.08284	0.00395	0.00106	0.00155	0.09728	0.00238	0.00218
2	0.04524	0.00264	0.00292	0.00294	0.00365	0.00237	0.00217	0.00413	0.00598	0.00795	0.26357	0.15838	0.47678	0.00616	0.00298	0.00087	0.00133	0.00527	0.00245	0.00224
3	0.12709	0.00289	0.00313	0.00319	0.00371	0.00298	0.00232	0.02052	0.00494	0.00787	0.04769	0.12929	0.02404	0.27195	0.00556	0.00132	0.00190	0.12284	0.21460	0.00217
4	0.00379	0.00282	0.00352	0.00337	0.00403	0.00269	0.00254	0.04171	0.02347	0.00940	0.57620	0.10772	0.13825	0.00620	0.04379	0.00099	0.00160	0.02286	0.00261	0.00244
5	0.00340	0.00248	0.00325	0.00377	0.00404	0.00241	0.00265	0.00432	0.05638	0.00687	0.01376	0.75885	0.01607	0.00761	0.00324	0.00104	0.00161	0.10365	0.00238	0.00221
6	0.00340	0.00255	0.00316	0.00319	0.00378	0.00231	0.00237	0.00434	0.00640	0.00863	0.48386	0.16879	0.23841	0.00608	0.00307	0.00087	0.00133	0.05257	0.00260	0.00228
7	0.56382	0.00551	0.02512	0.00412	0.00580	0.00602	0.00347	0.23696	0.02796	0.01784	0.00574	0.00636	0.04410	0.00287	0.00199	0.00079	0.00220	0.02004	0.01610	0.00319
8	0.00361	0.00261	0.00341	0.00324	0.00384	0.00241	0.00244	0.00480	0.00715	0.01009	0.85430	0.01939	0.03754	0.00528	0.00302	0.00081	0.00124	0.02964	0.00278	0.00240
9	0.08004	0.00449	0.00581	0.00449	0.00644	0.00405	0.00371	0.04539	0.00725	0.79650	0.00941	0.00823	0.00596	0.00309	0.00249	0.00079	0.00218	0.00246	0.00301	0.00422
10	0.00368	0.00246	0.00280	0.00283	0.00284	0.00246	0.00160	0.00371	0.00376	0.00502	0.00828	0.05711	0.00956	0.85659	0.02537	0.00243	0.00249	0.00385	0.00158	0.00158
11	0.00333	0.00234	0.00296	0.00332	0.00348	0.00225	0.00217	0.00371	0.00463	0.00619	0.04275	0.54603	0.03657	0.27744	0.02830	0.00153	0.00191	0.02703	0.00211	0.00194
12	0.00638	0.00547	0.00577	0.00517	0.00661	0.00631	0.00403	0.03846	0.84990	0.01080	0.02511	0.00957	0.00795	0.00347	0.00260	0.00086	0.00202	0.00289	0.00259	0.00401
13	0.00314	0.00225	0.00299	0.00352	0.00370	0.00209	0.00237	0.00365	0.00506	0.00679	0.08332	0.83871	0.01741	0.00776	0.00323	0.00102	0.00146	0.00703	0.00240	0.00209
14	0.00333	0.00235	0.00303	0.00349	0.00366	0.00224	0.00237	0.00376	0.00474	0.00629	0.01286	0.62038	0.02514	0.19703	0.00531	0.00135	0.00177	0.09671	0.00219	0.00199
15	0.00513	0.01307	0.88425	0.00738	0.02402	0.00592	0.00939	0.00806	0.00538	0.00807	0.00457	0.00539	0.00324	0.00242	0.00242	0.00081	0.00375	0.00189	0.00108	0.00377
16	0.00481	0.00453	0.00764	0.90437	0.01754	0.00566	0.00707	0.00651	0.00509	0.00651	0.00453	0.00679	0.00340	0.00255	0.00255	0.00085	0.00340	0.00226	0.00113	0.00283
17	0.00675	0.00620	0.00998	0.01433	0.77627	0.00630	0.00742	0.12503	0.00662	0.00935	0.00497	0.00628	0.00407	0.00237	0.00252	0.00076	0.00300	0.00227	0.00143	0.00407
18	0.00363	0.00267	0.00334	0.00322	0.00389	0.00245	0.00245	0.00479	0.01884	0.01759	0.64880	0.03714	0.17996	0.00555	0.00303	0.00084	0.00131	0.05543	0.00269	0.00239
19	0.00320	0.00228	0.00305	0.00363	0.00381	0.00215	0.00249	0.00369	0.00494	0.00657	0.01389	0.82105	0.01653	0.02342	0.00344	0.00107	0.00157	0.07881	0.00235	0.00208
20	0.85295	0.00511	0.00406	0.00356	0.00517	0.00589	0.00293	0.07972	0.00496	0.01181	0.00376	0.00430	0.00289	0.00242	0.00166	0.00079	0.00204	0.00145	0.00166	0.00289
21	0.00397	0.00295	0.00420	0.00412	0.00463	0.00339	0.00318	0.05566	0.00456	0.00648	0.00709	0.04168	0.00675	0.05828	0.77641	0.00372	0.00620	0.00291	0.00148	0.00235
22	0.00377	0.00281	0.00316	0.00309	0.00394	0.00253	0.00239	0.02615	0.00601	0.04779	0.10000	0.02220	0.59894	0.02881	0.05537	0.00110	0.00181	0.08542	0.00236	0.00234
23	0.00583	0.00643	0.01320	0.00972	0.01175	0.00646	0.68932	0.00766	0.00565	0.00779	0.00534	0.00793	0.00441	0.00281	0.00392	0.00092	0.15263	0.05365	0.00132	0.00326
24	0.00410	0.04289	0.00381	0.00339	0.00421	0.04376	0.00255	0.05566	0.01794	0.01874	0.03935	0.20958	0.46090	0.03847	0.03531	0.00104	0.00190	0.01179	0.00223	0.00239
25	0.00481	0.00453	0.00764	0.90437	0.01754	0.00566	0.00707	0.00651	0.00509	0.00651	0.00453	0.00679	0.00340	0.00255	0.00255	0.00085	0.00340	0.00226	0.00113	0.00283
26	0.00628	0.00586	0.00975	0.02229	0.78424	0.00590	0.00741	0.04556	0.00606	0.00859	0.00547	0.00792	0.00481	0.00265	0.00259	0.00079	0.00297	0.06555	0.00139	0.00391
27	0.87524	0.00489	0.00387	0.00342	0.00502	0.00560	0.00282	0.00777	0.00451	0.06281	0.00392	0.00440	0.00296	0.00241	0.00163	0.00079	0.00198	0.00145	0.00167	0.00285
28	0.00528	0.00453	0.00528	0.00377	0.00604	0.00340	0.00302	0.00641	0.00528	0.00830	0.00453	0.00528	0.00377	0.00189	0.00189	0.00038	0.00189	0.00151	0.00151	0.92606
29	0.00933	0.05288	0.00746	0.00642	0.00777	0.84167	0.00487	0.01908	0.00715	0.00633	0.00404	0.01354	0.00343	0.00266	0.00228	0.00066	0.00446	0.00169	0.00133	0.00297
30	0.00650	0.00608	0.01006	0.01480	0.82213	0.00613	0.00754	0.06811	0.00624	0.00888	0.01642	0.00646	0.00431	0.00236	0.00253	0.00076	0.00299	0.00230	0.00137	0.00403
31	0.00377	0.00267	0.00343	0.00328	0.00391	0.00247	0.00246	0.00497	0.02057	0.03156	0.71788	0.07786	0.08611	0.00544	0.00301	0.00083	0.00129	0.02330	0.00274	0.00243
32	0.84306	0.00491	0.00386	0.00343	0.00499	0.00564	0.00281	0.04687	0.00475	0.01142	0.00472	0.00520	0.04524	0.00259	0.00169	0.00079	0.00198	0.00161	0.00166	0.00280
33	0.00382	0.00298	0.00330	0.00336	0.00374	0.04329	0.00235	0.00426	0.00477	0.00612	0.05831	0.10437	0.17274	0.34566	0.12669	0.03051	0.00275	0.07717	0.00186	0.00197
34	0.00471	0.00335	0.00437	0.00462	0.05453	0.01402	0.02333	0.05713	0.01220	0.05224	0.07126	0.19947	0.12079	0.03505	0.03299	0.02275	0.00214	0.20131	0.08117	0.00257
35	0.92848	0.00493	0.00374	0.00335	0.00493	0.00571	0.00276	0.00749	0.00433	0.01143	0.00355	0.00414	0.00276	0.00236	0.00158	0.00079	0.00197	0.00138	0.00158	0.00276
36	0.00321	0.00249	0.00288	0.00302	0.00359	0.00222	0.00218	0.00387	0.00566	0.00723	0.16239	0.25803	0.43706	0.06007	0.00368	0.00100	0.00143	0.03546	0.00239	0.00214
37	0.00359	0.00271	0.00337	0.00343	0.00403	0.00239	0.00240	0.00421	0.00514	0.00706	0.09498	0.50770	0.07898	0.09044	0.00388	0.00102	0.00161	0.01892	0.00218	0.16195
38	0.00601	0.00687	0.01503	0.01073	0.01331	0.00644	0.88536	0.00816	0.00601	0.00816	0.00515	0.00687	0.00386	0.00215	0.00301	0.00086	0.00429	0.00301	0.00129	0.00343
39	0.00536	0.00452	0.00529	0.00378	0.00604	0.00340	0.00303	0.00649	0.00531	0.02039	0.00460	0.00533	0.00381	0.00190	0.00190	0.00038	0.00189	0.00152	0.00153	0.91352
40	0.00368	0.00246	0.00279	0.00281	0.00282	0.00245	0.00158	0.00370	0.00376	0.00501	0.00830	0.05758	0.00961	0.86911	0.01252	0.00240	0.00242	0.00387	0.00158	0.00157
41	0.04637	0.00634	0.00662	0.00521	0.00703	0.06107	0.00426	0.53973	0.00982	0.19095	0.00687	0.00677	0.00481	0.00301	0.00242	0.00075	0.00260	0.00228	0.08909	0.00400
42	0.00679	0.89972	0.02545	0.00440	0.00660	0.01002	0.00443	0.00763	0.00518	0.00602	0.00355	0.00410	0.00327	0.00218	0.00164	0.00055	0.00274	0.00137	0.00109	0.00328
43	0.10122	0.00439	0.00570	0.00442	0.00635	0.00394	0.00365	0.01193	0.00700	0.80973	0.00941	0.00822	0.00596	0.00308	0.00246	0.00079	0.00215	0.00245	0.00300	0.00418
44	0.00369	0.00266	0.00304	0.00304	0.00382	0.00232	0.00230	0.00443	0.00595	0.06300	0.13106	0.14548	0.55436	0.00633	0.00305	0.00089	0.00142	0.05837	0.00247	0.00232
45	0.00644	0.00609	0.01023	0.01525	0.85947	0.00612	0.00770	0.04262	0.00604	0.00863	0.00484	0.00630	0.00405	0.00230	0.00252	0.00076	0.00302	0.00227	0.00131	0.00405
46	0.00310	0.00222	0.00296	0.00355	0.00369	0.00207	0.00236	0.00355	0.00488	0.00650	0.01404	0.90883	0.01684	0.00798	0.00325	0.00103	0.00148	0.00724	0.00236	0.00207
47	0.00366	0.00248	0.00289	0.00297	0.00305	0.00247	0.00180	0.00381	0.00401	0.00533	0.01923	0.09314	0.02556	0.74289	0.02394	0.00225	0.00241	0.05476	0.00169	0.00166
48	0.00714	0.00576	0.00581	0.00500	0.00641	0.05925	0.00394	0.30265	0.35154	0.01159	0.00891	0.05053	0.02872	0.02553	0.00279	0.00084	0.00232	0.02094	0.09665	0.00367
49	0.00679	0.00621	0.00995	0.01423	0.76746	0.00632	0.00739	0.13376	0.00668	0.00943	0.00498	0.00628	0.00408	0.00238	0.00253	0.00076	0.00299	0.00227	0.00145	0.00408
50	0.01724	0.03863	0.81998	0.00706	0.01067	0.00612	0.00897	0.04794	0.00566	0.00841	0.00460	0.00536	0.00327	0.00244	0.00239	0.00080	0.00367	0.00188	0.00115	0.00376
51	0.00604	0.03217	0.00979	0.00736	0.00900	0.09508	0.39802	0.08708	0.01990	0.00806	0.02099	0.03801	0.04196	0.11135	0.02550	0.00111	0.04101	0.03559	0.00895	0.00303
52	0.00526	0.00409	0.00448	0.00418	0.00518	0.03335	0.00320	0.04266	0.27318	0.06036	0.08439	0.12445	0.14117	0.06364	0.04889	0.00114	0.00219	0.06644	0.00236	0.02938
53	0.00466	0.00417	0.00429	0.00435	0.04007	0.12540	0.00300	0.01717	0.01206	0.00634	0.05353	0.03829	0.09027	0.24947	0.28294	0.02076	0.00390	0.00890	0.00163	0.02880

[dist]
# distance from previous block
# <min> <max>
0	2

[block]
# block no. 1 follows, 117 sequences, length 17
# corresponding to MSA columns:
# 81-97
name=unknown_B
#
# <colnr> <probs for GDERKNQSTAVLIFYWHMCP>
#	G	D	E	R	K	N	Q	S	T	A	V	L	I	F	Y	W	H	M	C	P
0	0.00472	0.00391	0.00537	0.04867	0.14013	0.02996	0.02515	0.06360	0.01812	0.00799	0.10384	0.25242	0.03748	0.03815	0.02500	0.01765	0.01095	0.16213	0.00205	0.00270
1	0.00926	0.00698	0.00719	0.00561	0.00751	0.05424	0.00460	0.75412	0.01114	0.03446	0.00705	0.00703	0.04488	0.00319	0.00253	0.00076	0.00277	0.00241	0.03017	0.00410
2	0.00962	0.01122	0.00720	0.00639	0.00781	0.75956	0.00486	0.10668	0.00774	0.04951	0.00447	0.00495	0.00354	0.00270	0.00234	0.00067	0.00428	0.00176	0.00154	0.00317
3	0.00439	0.05088	0.00478	0.00439	0.03438	0.00381	0.00322	0.08283	0.00504	0.00696	0.02824	0.11065	0.00807	0.13969	0.48241	0.00280	0.00471	0.01866	0.00164	0.00245
4	0.02554	0.00310	0.00361	0.00376	0.00422	0.03591	0.00270	0.04617	0.00521	0.02254	0.02216	0.41656	0.08345	0.11141	0.16046	0.00168	0.00274	0.04445	0.00207	0.00226
5	0.00457	0.00354	0.00417	0.00374	0.00484	0.00323	0.00288	0.08453	0.01935	0.00829	0.08684	0.13808	0.13927	0.09884	0.01435	0.00099	0.00194	0.12256	0.00987	0.24812
6	0.00365	0.00268	0.00386	0.00386	0.00423	0.00305	0.00289	0.00440	0.00402	0.00574	0.00704	0.01121	0.00689	0.17989	0.74033	0.00380	0.00604	0.00290	0.00140	0.00214
7	0.00362	0.00257	0.00359	0.00368	0.00401	0.00277	0.00269	0.00422	0.00435	0.00608	0.05500	0.15143	0.02473	0.14929	0.48496	0.05839	0.00452	0.02051	0.01150	0.00207
8	0.00369	0.00265	0.00318	0.00329	0.00368	0.00260	0.00228	0.00440	0.03833	0.01990	0.03715	0.19354	0.18384	0.32788	0.09935	0.00182	0.00243	0.06595	0.00200	0.00206
9	0.00900	0.00628	0.00690	0.00553	0.01935	0.00682	0.00449	0.68640	0.01065	0.07821	0.00728	0.00806	0.02113	0.00332	0.00255	0.00078	0.00259	0.04855	0.06807	0.00404
10	0.00563	0.00452	0.00532	0.00382	0.00606	0.00342	0.00306	0.00676	0.00540	0.05941	0.00484	0.00548	0.00392	0.00196	0.00192	0.00040	0.00190	0.00157	0.00160	0.87302
11	0.03168	0.00277	0.00324	0.00319	0.00389	0.00257	0.00239	0.00495	0.02206	0.05473	0.26554	0.12227	0.28935	0.07149	0.00366	0.00098	0.00152	0.06535	0.04601	0.00236
12	0.00352	0.00248	0.00300	0.00323	0.00347	0.00239	0.00218	0.00392	0.00465	0.00614	0.03978	0.26102	0.11340	0.39888	0.02494	0.00170	0.00208	0.10893	0.01241	0.00190
13	0.17179	0.00618	0.00583	0.00497	0.00646	0.11782	0.00400	0.34307	0.04298	0.06718	0.00731	0.02866	0.02326	0.05575	0.00308	0.00091	0.00268	0.10251	0.00217	0.00339
14	0.00341	0.00239	0.00300	0.00333	0.00350	0.00229	0.00220	0.00380	0.00467	0.00622	0.05383	0.46499	0.03435	0.32433	0.00666	0.00153	0.00188	0.07359	0.00210	0.00192
15	0.00379	0.00259	0.00302	0.00306	0.00323	0.00256	0.00193	0.02495	0.00439	0.00582	0.04527	0.10692	0.05821	0.63537	0.01017	0.02778	0.00225	0.05516	0.00178	0.00176
16	0.02908	0.00264	0.00302	0.00336	0.00377	0.01956	0.00236	0.00392	0.00511	0.00668	0.01608	0.52164	0.24205	0.06842	0.01328	0.00111	0.00167	0.05188	0.00226	0.00211

[dist]
# distance from previous block
# <min> <max>
5	7

[block]
# block no. 2 follows, 117 sequences, length 8
# corresponding to MSA columns:
# 105-112
name=unknown_C
#
# <colnr> <probs for GDERKNQSTAVLIFYWHMCP>
#	G	D	E	R	K	N	Q	S	T	A	V	L	I	F	Y	W	H	M	C	P
0	0.03389	0.04087	0.00411	0.00366	0.00451	0.02840	0.00284	0.08703	0.01992	0.02373	0.16171	0.21683	0.23279	0.00564	0.00287	0.00087	0.00175	0.08138	0.04462	0.00256
1	0.00410	0.00303	0.00398	0.00424	0.04303	0.00305	0.00309	0.02453	0.00556	0.02951	0.13709	0.09042	0.17031	0.10865	0.13766	0.00158	0.03248	0.17844	0.01687	0.00238
2	0.04116	0.00535	0.05045	0.00411	0.00635	0.04277	0.00346	0.00700	0.04182	0.00842	0.00471	0.00539	0.00385	0.00203	0.00195	0.00045	0.00211	0.00158	0.00153	0.76553
3	0.00406	0.00307	0.00380	0.00374	0.00419	0.03416	0.00276	0.03132	0.00486	0.00658	0.11135	0.04741	0.05099	0.19767	0.38485	0.06037	0.00413	0.04086	0.00171	0.00214
4	0.03038	0.02527	0.05506	0.00429	0.02028	0.07194	0.02234	0.01970	0.00513	0.00681	0.04469	0.19711	0.10355	0.15828	0.08740	0.05066	0.01262	0.05645	0.01457	0.01347
5	0.04591	0.00499	0.04998	0.00463	0.02122	0.06984	0.00364	0.11769	0.12237	0.02445	0.10105	0.05290	0.03890	0.10252	0.07277	0.08979	0.02524	0.02525	0.02407	0.00281
6	0.32323	0.00627	0.08155	0.00517	0.05997	0.13778	0.00411	0.03838	0.03478	0.00911	0.03745	0.04512	0.05644	0.01825	0.03625	0.00095	0.01655	0.05678	0.01256	0.01928
7	0.04765	0.00253	0.00313	0.00345	0.00380	0.00245	0.00245	0.00408	0.00495	0.00684	0.05595	0.44815	0.10008	0.11047	0.02484	0.04803	0.00184	0.10837	0.01887	0.00206

[dist]
# distance from previous block
# <min> <max>
0	1

[block]
# block no. 3 follows, 117 sequences, length 60
# corresponding to MSA columns:
# 114-173
name=unknown_D
#
# <colnr> <probs for GDERKNQSTAVLIFYWHMCP>
#	G	D	E	R	K	N	Q	S	T	A	V	L	I	F	Y	W	H	M	C	P
0	0.04288	0.03379	0.00667	0.00543	0.00690	0.20662	0.00433	0.38950	0.05552	0.02029	0.01088	0.00839	0.01774	0.06920	0.03731	0.00102	0.02447	0.05359	0.00204	0.00344
1	0.00401	0.00291	0.00323	0.00333	0.00348	0.04207	0.00217	0.00414	0.00420	0.00544	0.00872	0.10548	0.00987	0.57237	0.03533	0.08280	0.00255	0.10449	0.00166	0.00173
2	0.03477	0.07544	0.04159	0.00728	0.11770	0.47085	0.02134	0.13145	0.00721	0.00810	0.00458	0.01492	0.00379	0.00331	0.03893	0.00083	0.00394	0.00192	0.00148	0.01055
3	0.00384	0.00311	0.00378	0.00431	0.04042	0.05410	0.00291	0.00441	0.00480	0.00632	0.01086	0.49392	0.01238	0.09317	0.19096	0.01492	0.00298	0.04868	0.00196	0.00219
4	0.49486	0.00564	0.00527	0.00467	0.04141	0.02823	0.00361	0.28140	0.00694	0.03314	0.00489	0.00556	0.00375	0.03060	0.00232	0.00082	0.00232	0.00185	0.03941	0.00329
5	0.00803	0.00260	0.00322	0.00344	0.00379	0.00255	0.00244	0.00425	0.02655	0.00679	0.10120	0.32078	0.13672	0.21306	0.04195	0.00145	0.01483	0.10211	0.00216	0.00209
6	0.00318	0.00230	0.00301	0.00350	0.00373	0.00215	0.00240	0.00370	0.00503	0.00669	0.05498	0.74382	0.06899	0.03236	0.01625	0.00110	0.00159	0.04078	0.00235	0.00209
7	0.00364	0.00250	0.00298	0.00303	0.00315	0.00252	0.00189	0.00387	0.00408	0.00547	0.04241	0.07176	0.03981	0.66898	0.10914	0.00241	0.00280	0.02615	0.00167	0.00173
8	0.00365	0.00256	0.00302	0.00315	0.00338	0.00251	0.00208	0.00410	0.02163	0.00596	0.04271	0.14013	0.09930	0.53994	0.00897	0.00187	0.00215	0.10914	0.00190	0.00185
9	0.00343	0.00241	0.00309	0.00350	0.00376	0.00229	0.00244	0.00392	0.00489	0.01471	0.01368	0.54074	0.08066	0.17619	0.00508	0.00131	0.00178	0.13187	0.00222	0.00204
10	0.00567	0.00340	0.00371	0.00335	0.00426	0.00349	0.00261	0.14145	0.04778	0.05684	0.07471	0.02534	0.05105	0.03990	0.00267	0.00078	0.00163	0.03851	0.49005	0.00281
11	0.00406	0.00245	0.00264	0.00267	0.00328	0.00232	0.00199	0.00504	0.00561	0.00862	0.11948	0.08431	0.20823	0.02346	0.00259	0.00077	0.00129	0.02436	0.49455	0.00229
12	0.00531	0.00395	0.00460	0.00446	0.00537	0.00420	0.00346	0.11254	0.25117	0.04078	0.01196	0.27091	0.04364	0.04248	0.00339	0.00102	0.00201	0.17636	0.00939	0.00300
13	0.10519	0.00686	0.00718	0.00558	0.00755	0.00763	0.00460	0.76938	0.03665	0.01541	0.00597	0.00601	0.00427	0.00300	0.00245	0.00077	0.00269	0.00221	0.00245	0.00416
14	0.00343	0.00249	0.00323	0.00365	0.00403	0.00235	0.00272	0.00411	0.00533	0.00698	0.07053	0.44629	0.13230	0.06471	0.00389	0.00112	0.00173	0.23664	0.00233	0.00214
15	0.57180	0.00610	0.00492	0.00431	0.00587	0.11598	0.00348	0.13706	0.07557	0.01126	0.00490	0.00587	0.00392	0.00277	0.00196	0.00079	0.00243	0.03612	0.00180	0.00310
16	0.00400	0.00291	0.00367	0.00337	0.00407	0.00276	0.00255	0.06361	0.00749	0.01052	0.81360	0.01829	0.04320	0.00509	0.00297	0.00080	0.00131	0.00447	0.00278	0.00253
17	0.00362	0.00271	0.00405	0.00407	0.00452	0.00314	0.00315	0.00451	0.00412	0.00593	0.00709	0.04393	0.00676	0.01868	0.86654	0.00398	0.00662	0.00290	0.00140	0.00227
18	0.12630	0.00484	0.00511	0.00446	0.00582	0.00524	0.00352	0.17087	0.29478	0.01861	0.04746	0.04464	0.04378	0.06922	0.00326	0.00093	0.00211	0.06217	0.01252	0.07439
19	0.00350	0.00272	0.00319	0.00316	0.00385	0.00251	0.00238	0.00468	0.04894	0.00834	0.36538	0.08374	0.36409	0.03218	0.00333	0.00092	0.00140	0.06083	0.00252	0.00233
20	0.00394	0.00286	0.00383	0.00429	0.00487	0.00281	0.00360	0.02220	0.00587	0.00762	0.04089	0.16107	0.09941	0.00699	0.00339	0.00110	0.00209	0.61847	0.00237	0.00233
21	0.01372	0.00286	0.00327	0.00330	0.00399	0.00268	0.00246	0.04691	0.02015	0.02959	0.09370	0.21279	0.37659	0.07985	0.00384	0.00104	0.00163	0.08385	0.01546	0.00232
22	0.00939	0.00535	0.00622	0.00501	0.00677	0.02396	0.00413	0.32920	0.05267	0.38355	0.00945	0.01029	0.04191	0.00363	0.00266	0.00082	0.00241	0.08762	0.01098	0.00399
23	0.87911	0.00498	0.00391	0.00345	0.00505	0.00573	0.00284	0.03416	0.00463	0.03242	0.00378	0.00430	0.00289	0.00240	0.00163	0.00079	0.00200	0.00143	0.00164	0.00284
24	0.00442	0.00221	0.00332	0.00332	0.00332	0.00221	0.00221	0.00332	0.00332	0.00442	0.00442	0.00774	0.00442	0.00885	0.00995	0.92590	0.00221	0.00221	0.00111	0.00111
25	0.00908	0.00630	0.00691	0.00542	0.00726	0.00681	0.00445	0.68986	0.01070	0.09961	0.02090	0.00854	0.04097	0.03210	0.00294	0.00084	0.00263	0.03809	0.00256	0.00405
26	0.00968	0.00713	0.00764	0.00586	0.00790	0.00790	0.00484	0.88612	0.01197	0.01605	0.00611	0.00611	0.00433	0.00306	0.00255	0.00076	0.00280	0.00229	0.00255	0.00433
27	0.00904	0.01105	0.00716	0.00675	0.04373	0.75863	0.00495	0.04870	0.02810	0.00690	0.00464	0.00593	0.00398	0.01170	0.00248	0.00071	0.00428	0.03678	0.00144	0.00304
28	0.00927	0.00674	0.00720	0.00557	0.00749	0.00744	0.00458	0.81255	0.01142	0.01550	0.00630	0.00640	0.00451	0.00305	0.00248	0.00075	0.00267	0.00230	0.07962	0.00417
29	0.01832	0.00839	0.00658	0.00667	0.10386	0.45661	0.00466	0.08397	0.04878	0.00805	0.04629	0.03821	0.03125	0.00337	0.00258	0.00075	0.01916	0.05252	0.05690	0.00309
30	0.00364	0.00270	0.00397	0.00397	0.00438	0.00312	0.00303	0.00447	0.00406	0.00582	0.00694	0.01064	0.00664	0.10448	0.81540	0.00394	0.00640	0.00282	0.00138	0.00220
31	0.01995	0.00612	0.00699	0.00536	0.00737	0.00641	0.00443	0.56781	0.01024	0.32742	0.00748	0.00700	0.00501	0.00308	0.00254	0.00077	0.00257	0.00238	0.00275	0.00432
32	0.00352	0.00259	0.00353	0.00422	0.03477	0.00248	0.00302	0.00423	0.00527	0.00695	0.03163	0.54033	0.06137	0.02572	0.00348	0.00108	0.00179	0.25949	0.00231	0.00222
33	0.00319	0.00273	0.03928	0.00355	0.00396	0.00225	0.00259	0.00380	0.00513	0.00679	0.05551	0.71059	0.13636	0.00742	0.00317	0.00099	0.00153	0.00665	0.00233	0.00216
34	0.89114	0.00502	0.00390	0.00345	0.00505	0.00580	0.00284	0.04320	0.00464	0.01161	0.00365	0.00422	0.00282	0.00239	0.00162	0.00079	0.00200	0.00142	0.00162	0.00282
35	0.43443	0.00530	0.00515	0.00421	0.00591	0.00580	0.00346	0.27448	0.00719	0.14853	0.00571	0.00587	0.00408	0.00274	0.00204	0.00077	0.00219	0.00192	0.07678	0.00345
36	0.00325	0.00237	0.00307	0.00353	0.00384	0.00220	0.00250	0.00385	0.00526	0.00694	0.08412	0.63522	0.11502	0.01712	0.00334	0.00103	0.00154	0.10130	0.00239	0.00213
37	0.00481	0.00453	0.00764	0.90437	0.01754	0.00566	0.00707	0.00651	0.00509	0.00651	0.00453	0.00679	0.00340	0.00255	0.00255	0.00085	0.00340	0.00226	0.00113	0.00283
38	0.06801	0.00527	0.00610	0.00479	0.00659	0.00537	0.00392	0.36431	0.00891	0.36806	0.08524	0.00859	0.02487	0.00331	0.00252	0.00078	0.00229	0.00261	0.02449	0.00397
39	0.00347	0.00260	0.00323	0.00315	0.00379	0.00236	0.00238	0.00451	0.00672	0.00915	0.60888	0.05378	0.22797	0.00570	0.00304	0.00084	0.00129	0.05213	0.00266	0.00233
40	0.01112	0.00452	0.00600	0.00461	0.00656	0.00405	0.00380	0.08189	0.00766	0.80769	0.02819	0.00868	0.00652	0.00319	0.00257	0.00079	0.00220	0.00258	0.00310	0.00429
41	0.00601	0.00687	0.01503	0.01073	0.01331	0.00644	0.88536	0.00816	0.00601	0.00816	0.00515	0.00687	0.00386	0.00215	0.00301	0.00086	0.00429	0.00301	0.00129	0.00343
42	0.00658	0.00538	0.00582	0.00518	0.00660	0.00609	0.00413	0.16835	0.60090	0.01125	0.03989	0.01144	0.00850	0.00386	0.00270	0.00088	0.00217	0.10388	0.00256	0.00383
43	0.00304	0.00256	0.00264	0.00267	0.00347	0.00215	0.00198	0.00369	0.00580	0.00699	0.06024	0.08583	0.79721	0.00651	0.00303	0.00087	0.00130	0.00547	0.00238	0.00215
44	0.00968	0.00713	0.00764	0.00586	0.00790	0.00790	0.00484	0.88612	0.01197	0.01605	0.00611	0.00611	0.00433	0.00306	0.00255	0.00076	0.00280	0.00229	0.00255	0.00433
45	0.00364	0.00272	0.00404	0.00404	0.00448	0.00315	0.00312	0.00451	0.00408	0.00587	0.00687	0.01027	0.00648	0.05476	0.86490	0.00403	0.00665	0.00277	0.00137	0.00224
46	0.00511	0.01317	0.89730	0.00726	0.01102	0.00591	0.00941	0.00807	0.00538	0.00807	0.00457	0.00538	0.00323	0.00242	0.00242	0.00081	0.00376	0.00188	0.00108	0.00376
47	0.00359	0.00262	0.00338	0.00323	0.00384	0.00241	0.00245	0.00476	0.00707	0.00991	0.80693	0.01974	0.07423	0.00535	0.00303	0.00082	0.00125	0.04024	0.00276	0.00239
48	0.00857	0.00662	0.00681	0.00545	0.00718	0.06103	0.00442	0.64972	0.04739	0.02354	0.06072	0.04405	0.03981	0.00355	0.00261	0.00078	0.00265	0.01244	0.00875	0.00391
49	0.00335	0.00238	0.00315	0.00365	0.00388	0.00227	0.00258	0.00391	0.00502	0.00668	0.04653	0.63415	0.01598	0.09786	0.00426	0.00119	0.00172	0.15706	0.00230	0.00208
50	0.01876	0.00410	0.00500	0.00414	0.00555	0.00389	0.00330	0.14514	0.00719	0.40030	0.04340	0.01350	0.15373	0.11969	0.00402	0.00104	0.00213	0.05908	0.00264	0.00340
51	0.00342	0.00248	0.00311	0.00350	0.00377	0.00239	0.00240	0.00414	0.04091	0.00652	0.01370	0.57095	0.08327	0.16606	0.00493	0.00128	0.00173	0.08111	0.00223	0.00209
52	0.00326	0.00263	0.00290	0.00301	0.00373	0.00234	0.00227	0.00410	0.02722	0.00714	0.07227	0.14169	0.60378	0.02494	0.00328	0.00094	0.00145	0.08845	0.00238	0.00221
53	0.00336	0.00242	0.00308	0.00348	0.00377	0.00228	0.00245	0.00391	0.00507	0.00667	0.06263	0.50109	0.10690	0.14578	0.00474	0.00124	0.00172	0.13508	0.00226	0.00206
54	0.00336	0.00242	0.00317	0.00364	0.00393	0.00229	0.00262	0.00397	0.00517	0.00683	0.05963	0.56836	0.07360	0.07128	0.00396	0.00114	0.00169	0.17849	0.00233	0.00211
55	0.01610	0.00579	0.00601	0.00488	0.00642	0.03768	0.00394	0.56025	0.00963	0.01303	0.02982	0.00994	0.09486	0.03829	0.00293	0.00083	0.00244	0.03837	0.11520	0.00358
56	0.01225	0.00269	0.00326	0.00342	0.00375	0.00263	0.00235	0.03297	0.02319	0.00682	0.07455	0.35640	0.05673	0.31239	0.00646	0.00148	0.00192	0.08148	0.00211	0.01313
57	0.00388	0.00288	0.00331	0.00340	0.00402	0.02424	0.00256	0.00463	0.00581	0.04360	0.17429	0.16990	0.30735	0.08977	0.00402	0.00107	0.00170	0.14894	0.00237	0.00227
58	0.00380	0.00294	0.00331	0.00344	0.00383	0.03513	0.00245	0.01123	0.00503	0.00648	0.07487	0.15455	0.16010	0.31723	0.07141	0.00171	0.00241	0.13605	0.00200	0.00203
59	0.00390	0.00280	0.00358	0.00388	0.00429	0.00277	0.00286	0.07329	0.00566	0.00754	0.05591	0.51704	0.03201	0.07341	0.02162	0.00119	0.00192	0.18174	0.00232	0.00229

[dist]
# distance from previous block
# <min> <max>
0	1

[block]
# block no. 4 follows, 117 sequences, length 27
# corresponding to MSA columns:
# 175-201
name=unknown_E
#
# <colnr> <probs for GDERKNQSTAVLIFYWHMCP>
#	G	D	E	R	K	N	Q	S	T	A	V	L	I	F	Y	W	H	M	C	P
0	0.01261	0.00326	0.00367	0.00339	0.00432	0.00311	0.00262	0.10222	0.03675	0.03694	0.27429	0.05799	0.38497	0.00548	0.00292	0.00084	0.00153	0.03614	0.02433	0.00261
1	0.33163	0.02540	0.15998	0.01571	0.04586	0.02440	0.00472	0.14871	0.00608	0.01024	0.00599	0.02977	0.01178	0.01584	0.04406	0.00100	0.00279	0.09747	0.01542	0.00315
2	0.20350	0.09713	0.00725	0.00516	0.00705	0.04189	0.00430	0.52129	0.06739	0.01333	0.00551	0.00566	0.00408	0.00283	0.00224	0.00075	0.00264	0.00202	0.00215	0.00382
3	0.00366	0.00263	0.00363	0.00375	0.00408	0.00284	0.00277	0.00433	0.00436	0.00603	0.03144	0.10275	0.00957	0.24409	0.45656	0.00295	0.00451	0.10632	0.00166	0.00208
4	0.02928	0.03980	0.01711	0.04419	0.01951	0.37878	0.00460	0.27693	0.00807	0.00970	0.00547	0.00614	0.01674	0.00358	0.04397	0.00086	0.00358	0.00203	0.08635	0.00330
5	0.00329	0.00239	0.00296	0.00331	0.00360	0.00223	0.00227	0.00377	0.00498	0.00651	0.05239	0.49591	0.16100	0.17497	0.00502	0.00127	0.00168	0.06819	0.00223	0.00202
6	0.02641	0.00479	0.07527	0.00469	0.02583	0.07826	0.00379	0.07063	0.03302	0.01378	0.04676	0.23125	0.09414	0.07006	0.05413	0.00122	0.01128	0.15001	0.00204	0.00263
7	0.02393	0.34747	0.08658	0.00548	0.04392	0.11652	0.00484	0.11374	0.00637	0.00795	0.02586	0.02881	0.01930	0.00396	0.03868	0.00087	0.00308	0.11788	0.00157	0.00320
8	0.00359	0.00246	0.00285	0.00291	0.00302	0.00243	0.00175	0.00376	0.00412	0.00547	0.04442	0.11244	0.06825	0.68957	0.04078	0.00220	0.00238	0.00419	0.00173	0.00170
9	0.02340	0.01006	0.03002	0.00444	0.01812	0.05247	0.00344	0.08302	0.08860	0.01743	0.01584	0.10955	0.06006	0.12159	0.24605	0.00195	0.00355	0.08600	0.02176	0.00265
10	0.01194	0.04340	0.06763	0.00673	0.19177	0.02994	0.01955	0.01999	0.03716	0.01766	0.06049	0.08244	0.10806	0.07766	0.11829	0.00809	0.03305	0.05665	0.00663	0.00288
11	0.00394	0.00298	0.00385	0.00388	0.00427	0.02519	0.00289	0.00471	0.02760	0.00596	0.00822	0.04061	0.02644	0.21845	0.47331	0.04530	0.01284	0.08590	0.00157	0.00212
12	0.00623	0.00680	0.01408	0.01043	0.04499	0.00658	0.75995	0.06350	0.00629	0.00858	0.00512	0.00675	0.00388	0.00231	0.00319	0.00086	0.04273	0.00290	0.00136	0.00349
13	0.04540	0.04465	0.14456	0.00723	0.16943	0.05940	0.02502	0.17695	0.01294	0.00928	0.04190	0.07703	0.02936	0.02438	0.07452	0.00111	0.01496	0.03682	0.00173	0.00335
14	0.06738	0.01217	0.01445	0.00459	0.02577	0.09724	0.00345	0.03456	0.01240	0.00687	0.02343	0.06785	0.01580	0.12028	0.31469	0.04661	0.04598	0.08247	0.00160	0.00240
15	0.05275	0.00317	0.00360	0.00377	0.03671	0.01131	0.00270	0.04667	0.02362	0.01437	0.13693	0.15981	0.33370	0.04502	0.00334	0.00095	0.00167	0.07784	0.03963	0.00244
16	0.02358	0.00260	0.00359	0.00371	0.02045	0.01753	0.00253	0.00382	0.00377	0.00511	0.00615	0.04769	0.03802	0.00934	0.09908	0.67562	0.00267	0.03199	0.00129	0.00147
17	0.00374	0.00270	0.00305	0.00315	0.00330	0.02304	0.00200	0.00396	0.00419	0.00549	0.00984	0.15165	0.04824	0.61311	0.06100	0.00216	0.00256	0.05331	0.00173	0.00177
18	0.00369	0.00260	0.00308	0.00323	0.00374	0.00241	0.00233	0.01567	0.00537	0.03174	0.06358	0.26457	0.29312	0.15387	0.01481	0.00122	0.00174	0.09184	0.03925	0.00216
19	0.00366	0.00249	0.00301	0.00309	0.00325	0.00246	0.00199	0.00392	0.00440	0.00590	0.09763	0.10466	0.04553	0.57111	0.03788	0.03563	0.00232	0.06748	0.00182	0.00177
20	0.04342	0.02009	0.00359	0.00346	0.00410	0.00297	0.00251	0.03682	0.03278	0.00723	0.03388	0.30561	0.19045	0.15604	0.02159	0.01199	0.00190	0.06453	0.00211	0.05494
21	0.04621	0.00434	0.00456	0.00423	0.00517	0.05082	0.00324	0.14218	0.11939	0.03030	0.03103	0.12867	0.01956	0.15768	0.00443	0.00113	0.00223	0.13566	0.07252	0.03665
22	0.00370	0.00250	0.00294	0.00300	0.00315	0.00245	0.00185	0.01112	0.00421	0.01382	0.02069	0.15330	0.08709	0.59334	0.04178	0.04495	0.00234	0.00428	0.00175	0.00174
23	0.00500	0.00422	0.00495	0.00376	0.00570	0.00329	0.00298	0.00621	0.02379	0.00824	0.04418	0.04094	0.03506	0.01422	0.00225	0.00051	0.00185	0.04267	0.00169	0.74848
24	0.00350	0.00256	0.00321	0.00358	0.00395	0.00243	0.00253	0.04466	0.00542	0.00710	0.02900	0.63652	0.14001	0.03119	0.00346	0.00104	0.00160	0.07369	0.00236	0.00220
25	0.07437	0.00396	0.00456	0.00408	0.01356	0.00410	0.00313	0.17808	0.01697	0.13701	0.06914	0.01276	0.00851	0.21273	0.04550	0.00134	0.00241	0.10011	0.10478	0.00290
26	0.00363	0.00274	0.00322	0.00357	0.00393	0.03050	0.00254	0.00416	0.00509	0.01677	0.02199	0.49063	0.13451	0.10924	0.02306	0.01329	0.00190	0.11647	0.01067	0.00211

[dist]
# distance from previous block
# <min> <max>
3	4

[block]
# block no. 5 follows, 117 sequences, length 57
# corresponding to MSA columns:
# 206-262
name=unknown_F
#
# <colnr> <probs for GDERKNQSTAVLIFYWHMCP>
#	G	D	E	R	K	N	Q	S	T	A	V	L	I	F	Y	W	H	M	C	P
0	0.00862	0.00654	0.00685	0.00541	0.00721	0.03299	0.00441	0.68447	0.06603	0.01440	0.05394	0.00815	0.05911	0.00338	0.00258	0.00077	0.00259	0.00262	0.02592	0.00399
1	0.00479	0.00308	0.00351	0.00346	0.00408	0.00313	0.00260	0.11195	0.01244	0.01756	0.01642	0.15693	0.05639	0.16168	0.00439	0.00111	0.00184	0.13315	0.29907	0.00244
2	0.00321	0.00230	0.00304	0.00358	0.00378	0.00216	0.00247	0.00371	0.00498	0.00662	0.03125	0.77617	0.03393	0.03714	0.00358	0.00108	0.00157	0.07500	0.00234	0.00208
3	0.02465	0.00421	0.00562	0.00436	0.00624	0.00365	0.00359	0.01165	0.00713	0.81340	0.01118	0.00984	0.07565	0.00340	0.00258	0.00079	0.00210	0.00276	0.00307	0.00414
4	0.00517	0.03851	0.86303	0.00726	0.02014	0.00603	0.00925	0.00805	0.00538	0.00801	0.00454	0.00535	0.00324	0.00241	0.00240	0.00080	0.00373	0.00187	0.00108	0.00375
5	0.00530	0.00432	0.00478	0.00454	0.00557	0.00479	0.00347	0.03447	0.51927	0.00958	0.06801	0.20469	0.03676	0.00479	0.00279	0.00090	0.00184	0.04993	0.03090	0.00332
6	0.00951	0.01214	0.00722	0.00656	0.00787	0.90027	0.00492	0.01017	0.00722	0.00623	0.00394	0.00459	0.00328	0.00262	0.00230	0.00066	0.00459	0.00164	0.00131	0.00295
7	0.00481	0.00450	0.00757	0.89227	0.01735	0.00561	0.00700	0.00650	0.00510	0.00655	0.00458	0.00683	0.00344	0.00255	0.00254	0.00085	0.00337	0.00226	0.01353	0.00282
8	0.00698	0.00557	0.00598	0.00521	0.00673	0.00632	0.00411	0.14734	0.68147	0.05107	0.02625	0.00950	0.00762	0.00348	0.00261	0.00085	0.00213	0.02013	0.00261	0.00403
9	0.00528	0.00453	0.00528	0.00377	0.00604	0.00340	0.00302	0.00641	0.00528	0.00830	0.00453	0.00528	0.00377	0.00189	0.00189	0.00038	0.00189	0.00151	0.00151	0.92606
10	0.00371	0.00249	0.00285	0.00286	0.00289	0.00250	0.00165	0.00377	0.00377	0.00503	0.00813	0.01678	0.00931	0.86307	0.03774	0.00248	0.00259	0.02524	0.00156	0.00158
11	0.00681	0.91203	0.01335	0.00436	0.00654	0.01008	0.00436	0.00763	0.00517	0.00599	0.00354	0.00409	0.00327	0.00218	0.00163	0.00054	0.00272	0.00136	0.00109	0.00327
12	0.00358	0.00242	0.00282	0.00294	0.00297	0.00238	0.00172	0.00367	0.00395	0.00527	0.00930	0.20559	0.01087	0.71938	0.01091	0.00217	0.00226	0.00445	0.00172	0.00165
13	0.00995	0.00448	0.00573	0.00454	0.00630	0.00415	0.00369	0.13533	0.02071	0.63546	0.01928	0.07851	0.05253	0.00370	0.00264	0.00081	0.00215	0.00305	0.00295	0.00402
14	0.00511	0.01317	0.89730	0.00726	0.01102	0.00591	0.00941	0.00807	0.00538	0.00807	0.00457	0.00538	0.00323	0.00242	0.00242	0.00081	0.00376	0.00188	0.00108	0.00376
15	0.78758	0.00500	0.00411	0.00357	0.00517	0.00571	0.00294	0.07914	0.00511	0.04762	0.00417	0.00465	0.00315	0.00247	0.00170	0.00078	0.00202	0.00153	0.03066	0.00294
16	0.00511	0.01317	0.89730	0.00726	0.01102	0.00591	0.00941	0.00807	0.00538	0.00807	0.00457	0.00538	0.00323	0.00242	0.00242	0.00081	0.00376	0.00188	0.00108	0.00376
17	0.00968	0.00713	0.00764	0.00586	0.00790	0.00790	0.00484	0.88612	0.01197	0.01605	0.00611	0.00611	0.00433	0.00306	0.00255	0.00076	0.00280	0.00229	0.00255	0.00433
18	0.00511	0.01317	0.89730	0.00726	0.01102	0.00591	0.00941	0.00807	0.00538	0.00807	0.00457	0.00538	0.00323	0.00242	0.00242	0.00081	0.00376	0.00188	0.00108	0.00376
19	0.00310	0.00222	0.00296	0.00355	0.00369	0.00207	0.00236	0.00355	0.00488	0.00650	0.01404	0.90883	0.01684	0.00798	0.00325	0.00103	0.00148	0.00724	0.00236	0.00207
20	0.00357	0.00260	0.00336	0.00317	0.00379	0.00239	0.00238	0.00475	0.00714	0.01004	0.84791	0.01931	0.06949	0.00527	0.00300	0.00080	0.00121	0.00465	0.00278	0.00239
21	0.00968	0.00713	0.00764	0.00586	0.00790	0.00790	0.00484	0.88612	0.01197	0.01605	0.00611	0.00611	0.00433	0.00306	0.00255	0.00076	0.00280	0.00229	0.00255	0.00433
22	0.92848	0.00493	0.00374	0.00335	0.00493	0.00571	0.00276	0.00749	0.00433	0.01143	0.00355	0.00414	0.00276	0.00236	0.00158	0.00079	0.00197	0.00138	0.00158	0.00276
23	0.00370	0.00249	0.00290	0.00290	0.00295	0.00254	0.00170	0.00378	0.00374	0.00503	0.00791	0.01603	0.00898	0.82517	0.09791	0.00262	0.00289	0.00361	0.00153	0.00161
24	0.00952	0.01192	0.00724	0.00653	0.00787	0.86150	0.00492	0.04822	0.00742	0.00666	0.00403	0.00466	0.00333	0.00264	0.00231	0.00066	0.00452	0.00167	0.00137	0.00301
25	0.00354	0.00273	0.00325	0.00314	0.00384	0.00252	0.00235	0.00485	0.05391	0.00900	0.52898	0.07339	0.28780	0.00566	0.00300	0.00084	0.00129	0.00491	0.00263	0.00239
26	0.00516	0.03851	0.87238	0.00718	0.01090	0.00603	0.00927	0.00805	0.00537	0.00801	0.00454	0.00534	0.00323	0.00241	0.00240	0.00080	0.00373	0.00187	0.00108	0.00375
27	0.00364	0.00273	0.00409	0.00409	0.00455	0.00318	0.00318	0.00455	0.00409	0.00591	0.00682	0.01001	0.00637	0.01910	0.90040	0.00409	0.00682	0.00273	0.00136	0.00227
28	0.32759	0.00594	0.00589	0.00479	0.00650	0.00664	0.00394	0.49595	0.00864	0.01351	0.00570	0.00710	0.00455	0.04238	0.00271	0.00087	0.00247	0.04910	0.00216	0.00356
29	0.26516	0.00646	0.03228	0.00510	0.00704	0.00690	0.00432	0.54955	0.00928	0.06814	0.00571	0.00604	0.00414	0.00291	0.00229	0.00078	0.00255	0.01524	0.00227	0.00385
30	0.66657	0.00469	0.00402	0.00360	0.00505	0.00529	0.00294	0.07655	0.01839	0.01714	0.06854	0.00797	0.05895	0.00313	0.00196	0.00081	0.00196	0.04775	0.00185	0.00283
31	0.60229	0.00526	0.04679	0.00429	0.03136	0.00552	0.00350	0.10877	0.01967	0.01102	0.00543	0.07482	0.00488	0.01861	0.00220	0.00085	0.00217	0.04785	0.00177	0.00295
32	0.00370	0.00248	0.00283	0.00283	0.00285	0.00250	0.00161	0.00374	0.00372	0.00498	0.00797	0.01638	0.00913	0.87177	0.05152	0.00254	0.00266	0.00366	0.00154	0.00157
33	0.05824	0.00456	0.00573	0.00454	0.00636	0.00431	0.00371	0.06200	0.11051	0.64790	0.04116	0.00905	0.02350	0.00328	0.00254	0.00080	0.00212	0.00265	0.00294	0.00411
34	0.00345	0.00240	0.00316	0.00360	0.00385	0.00229	0.00252	0.00399	0.00501	0.01953	0.05151	0.60631	0.03283	0.11275	0.01968	0.00125	0.00179	0.11970	0.00228	0.00210
35	0.00304	0.00259	0.00266	0.00266	0.00350	0.00220	0.00200	0.00370	0.00572	0.00683	0.02481	0.02375	0.84719	0.00711	0.04993	0.00103	0.00158	0.00524	0.00231	0.00216
36	0.00370	0.00247	0.00278	0.00278	0.00278	0.00247	0.00154	0.00370	0.00370	0.00494	0.00802	0.01667	0.00926	0.91050	0.01296	0.00247	0.00247	0.00370	0.00154	0.00154
37	0.00335	0.00242	0.00322	0.00377	0.00407	0.00229	0.00277	0.00398	0.00518	0.00680	0.01463	0.63555	0.07079	0.00765	0.00330	0.00106	0.00168	0.22299	0.00236	0.00214
38	0.09415	0.00523	0.00624	0.00482	0.00678	0.00517	0.00398	0.27505	0.00843	0.55096	0.00827	0.00749	0.00539	0.00305	0.00247	0.00078	0.00234	0.00237	0.00283	0.00419
39	0.00511	0.01317	0.89730	0.00726	0.01102	0.00591	0.00941	0.00807	0.00538	0.00807	0.00457	0.00538	0.00323	0.00242	0.00242	0.00081	0.00376	0.00188	0.00108	0.00376
40	0.00438	0.00392	0.00449	0.00441	0.00497	0.11718	0.00340	0.00526	0.00449	0.00595	0.00646	0.00932	0.00597	0.01701	0.78628	0.00366	0.00654	0.00259	0.00136	0.00236
41	0.07577	0.00460	0.00533	0.00455	0.00597	0.00470	0.00365	0.23903	0.06438	0.25917	0.02464	0.15179	0.04682	0.00435	0.00269	0.00086	0.00214	0.07653	0.01952	0.00351
42	0.00795	0.00617	0.00652	0.00554	0.00709	0.06494	0.00462	0.55676	0.00978	0.01280	0.00825	0.01299	0.00745	0.00426	0.00283	0.00088	0.00278	0.27236	0.00240	0.00363
43	0.00306	0.00258	0.00265	0.00267	0.00349	0.00217	0.00200	0.00373	0.00584	0.00704	0.06587	0.05004	0.81452	0.00644	0.00302	0.00087	0.00131	0.01815	0.00239	0.00216
44	0.00324	0.00240	0.00300	0.00339	0.00375	0.00221	0.00240	0.00381	0.00521	0.00676	0.05018	0.53126	0.21318	0.06024	0.00378	0.00108	0.00157	0.09809	0.00233	0.00210
45	0.00363	0.00247	0.00280	0.00286	0.00292	0.00243	0.00167	0.00372	0.00393	0.00520	0.00946	0.08087	0.05513	0.78377	0.01159	0.00226	0.00234	0.01967	0.00166	0.00163
46	0.00471	0.00326	0.00431	0.00457	0.00525	0.00331	0.00387	0.08405	0.00618	0.02432	0.01221	0.02445	0.02980	0.05979	0.00430	0.04955	0.00236	0.66903	0.00227	0.00244
47	0.06356	0.00667	0.00711	0.00559	0.00749	0.00738	0.00463	0.76588	0.01104	0.01515	0.00646	0.00747	0.00492	0.00327	0.00254	0.00079	0.00270	0.05743	0.01585	0.00408
48	0.00384	0.00272	0.00362	0.00404	0.00444	0.00270	0.00320	0.00470	0.01164	0.00700	0.04634	0.17540	0.01398	0.18196	0.03342	0.00147	0.00231	0.48583	0.00925	0.00216
49	0.00325	0.00237	0.00308	0.00353	0.00383	0.00222	0.00250	0.00384	0.00517	0.00681	0.06142	0.62544	0.11661	0.03128	0.02106	0.00111	0.00167	0.10035	0.00234	0.00212
50	0.00405	0.00291	0.00337	0.00339	0.00381	0.00294	0.00234	0.05367	0.05662	0.00686	0.01863	0.18898	0.11977	0.37911	0.05122	0.00172	0.00227	0.05978	0.03643	0.00214
51	0.00602	0.00430	0.00469	0.00408	0.00521	0.02353	0.00320	0.20735	0.14220	0.04806	0.27392	0.03459	0.05747	0.00407	0.00260	0.00077	0.00182	0.01134	0.16163	0.00316
52	0.00388	0.00277	0.00339	0.00338	0.00398	0.00264	0.00250	0.03840	0.01123	0.02798	0.26703	0.18450	0.20307	0.09796	0.05615	0.00124	0.00190	0.06940	0.01628	0.00232
53	0.00344	0.00253	0.00307	0.00333	0.00374	0.00237	0.00242	0.00403	0.00517	0.00667	0.06464	0.25220	0.24031	0.21371	0.00545	0.00133	0.00181	0.17952	0.00220	0.00204
54	0.00368	0.00249	0.00290	0.00292	0.00296	0.00253	0.00171	0.00378	0.00377	0.00507	0.00806	0.03755	0.00918	0.80685	0.09426	0.00258	0.00285	0.00370	0.00155	0.00162
55	0.00355	0.00250	0.00313	0.00346	0.00366	0.00245	0.00235	0.00412	0.02649	0.00626	0.02706	0.41769	0.02028	0.33425	0.00678	0.00156	0.00197	0.12841	0.00208	0.00197
56	0.77754	0.00598	0.00429	0.00384	0.00539	0.13821	0.00309	0.00796	0.00481	0.02494	0.00371	0.00428	0.00289	0.00242	0.00170	0.00077	0.00236	0.00144	0.00156	0.00281

[dist]
# distance from previous block
# <min> <max>
1	10

[block]
# block no. 6 follows, 117 sequences, length 37
# corresponding to MSA columns:
# 273-309
name=unknown_G
#
# <colnr> <probs for GDERKNQSTAVLIFYWHMCP>
#	G	D	E	R	K	N	Q	S	T	A	V	L	I	F	Y	W	H	M	C	P
0	0.00343	0.00252	0.00314	0.00336	0.00379	0.00236	0.00241	0.00404	0.00519	0.00685	0.10246	0.33631	0.19066	0.13536	0.05503	0.01047	0.00196	0.10001	0.00879	0.02187
1	0.01331	0.01671	0.01826	0.01133	0.54718	0.03274	0.02096	0.04582	0.01733	0.01989	0.00670	0.01801	0.04302	0.03026	0.03026	0.05294	0.00297	0.06733	0.00150	0.00347
2	0.00375	0.00271	0.00339	0.00354	0.00399	0.00264	0.00253	0.01426	0.06564	0.01955	0.23729	0.38537	0.07610	0.09609	0.02926	0.00118	0.00174	0.04626	0.00239	0.00231
3	0.04080	0.00410	0.00446	0.00421	0.00512	0.04201	0.00326	0.14150	0.09678	0.03234	0.16804	0.17688	0.06400	0.05612	0.00346	0.00099	0.00203	0.13487	0.01622	0.00282
4	0.02105	0.00253	0.00295	0.00311	0.00340	0.00242	0.00206	0.00397	0.00464	0.01766	0.03504	0.24488	0.15950	0.41975	0.00762	0.00166	0.00197	0.06190	0.00199	0.00191
5	0.00431	0.00339	0.00373	0.00386	0.00448	0.03157	0.00285	0.00485	0.00610	0.00783	0.13764	0.16895	0.32393	0.11236	0.00457	0.00124	0.00200	0.17132	0.00251	0.00252
6	0.04083	0.00522	0.00578	0.00481	0.00630	0.00554	0.00390	0.47540	0.00911	0.08117	0.03847	0.10464	0.11586	0.00437	0.00273	0.00084	0.00230	0.07815	0.01106	0.00352
7	0.00389	0.00254	0.00298	0.00297	0.00312	0.00251	0.00182	0.00407	0.00414	0.03211	0.04769	0.05878	0.03594	0.71965	0.04693	0.00227	0.00250	0.02260	0.00172	0.00175
8	0.03683	0.00290	0.00350	0.00360	0.00420	0.00286	0.00269	0.04168	0.02845	0.02611	0.09216	0.28064	0.18672	0.07265	0.06872	0.01288	0.00209	0.11764	0.01135	0.00234
9	0.00362	0.00253	0.00292	0.00291	0.00313	0.00250	0.00183	0.00387	0.01323	0.00553	0.02827	0.01717	0.17654	0.59822	0.08525	0.04258	0.00257	0.00388	0.00170	0.00174
10	0.00332	0.00281	0.00282	0.00283	0.00363	0.01963	0.00210	0.00417	0.02857	0.00722	0.07648	0.09007	0.70743	0.00623	0.00297	0.00086	0.00138	0.00524	0.03001	0.00223
