[name]
ND2

[dist]
# distance from previous block
# <min> <max>
2	19

[block]
# block no. 0 follows, 101 sequences, length 36
# corresponding to MSA columns:
# 19-54
name=unknown_A
#
# <colnr> <probs for GDERKNQSTAVLIFYWHMCP>
#	G	D	E	R	K	N	Q	S	T	A	V	L	I	F	Y	W	H	M	C	P
0	0.04003	0.00339	0.00414	0.00424	0.00478	0.00344	0.01480	0.04148	0.05997	0.00820	0.04117	0.32767	0.05989	0.22659	0.04035	0.00167	0.00245	0.11079	0.00239	0.00256
1	0.01228	0.00487	0.00525	0.00464	0.00589	0.03207	0.00355	0.18827	0.08798	0.03869	0.05718	0.12674	0.14987	0.12465	0.00464	0.00117	0.00237	0.04963	0.01457	0.08568
2	0.00552	0.00429	0.00483	0.00470	0.00575	0.00452	0.00361	0.03250	0.32723	0.03595	0.02319	0.19675	0.18233	0.03498	0.00368	0.00111	0.00207	0.11030	0.01333	0.00335
3	0.00372	0.00268	0.00360	0.00421	0.00450	0.00256	0.00301	0.00439	0.00570	0.00757	0.02550	0.68963	0.03861	0.00947	0.05104	0.00137	0.00214	0.13528	0.00262	0.00241
4	0.00405	0.00305	0.00355	0.00365	0.00441	0.00278	0.00280	0.01364	0.00654	0.02138	0.11826	0.07164	0.43995	0.10835	0.00481	0.00125	0.00189	0.18288	0.00264	0.00249
5	0.03699	0.00451	0.00515	0.00475	0.00581	0.00471	0.00367	0.22006	0.06040	0.03670	0.06298	0.18312	0.09273	0.12247	0.02464	0.00134	0.00250	0.12162	0.00262	0.00321
6	0.53014	0.00652	0.00598	0.00496	0.00692	0.00741	0.00407	0.31944	0.06723	0.01476	0.00559	0.00590	0.00415	0.00304	0.00226	0.00089	0.00257	0.00205	0.00226	0.00386
7	0.00668	0.00566	0.00589	0.00526	0.00672	0.03838	0.00409	0.11154	0.45210	0.01157	0.09517	0.06650	0.11770	0.00476	0.00306	0.00095	0.00227	0.02194	0.00280	0.03698
8	0.00376	0.00277	0.00348	0.00391	0.00433	0.00258	0.00282	0.00445	0.00597	0.00777	0.07203	0.46099	0.19078	0.07932	0.00453	0.00127	0.00186	0.14236	0.00263	0.00239
9	0.00367	0.00283	0.00322	0.00342	0.00401	0.00254	0.00243	0.00431	0.00605	0.00762	0.07050	0.23701	0.43226	0.14495	0.00525	0.00132	0.00179	0.06192	0.00256	0.00234
10	0.00885	0.00649	0.00710	0.00577	0.00764	0.00704	0.00468	0.48656	0.16286	0.05130	0.09287	0.01127	0.05703	0.00413	0.00298	0.00090	0.00264	0.03486	0.02018	0.02486
11	0.00395	0.00304	0.00342	0.00349	0.00427	0.00273	0.00257	0.02615	0.01643	0.02161	0.09995	0.22261	0.49773	0.04032	0.00388	0.00109	0.00166	0.03985	0.00271	0.00255
12	0.02500	0.00741	0.00781	0.00611	0.00820	0.01795	0.00501	0.71788	0.03668	0.01669	0.00863	0.00859	0.06439	0.00371	0.00285	0.00086	0.00294	0.00283	0.05189	0.00456
13	0.01083	0.00715	0.00794	0.00619	0.00836	0.00769	0.00511	0.64700	0.02860	0.16849	0.00817	0.00855	0.00587	0.00365	0.00290	0.00088	0.00296	0.03378	0.03114	0.00475
14	0.02097	0.02219	0.03901	0.00710	0.02345	0.52737	0.01687	0.13881	0.09307	0.00944	0.00602	0.03156	0.00497	0.01401	0.01461	0.00088	0.00433	0.00236	0.00187	0.02113
15	0.01077	0.00857	0.00851	0.00668	0.00888	0.09813	0.00545	0.74565	0.05132	0.01677	0.00689	0.00692	0.00496	0.00343	0.00286	0.00086	0.00334	0.00255	0.00274	0.00473
16	0.00488	0.00254	0.00371	0.00375	0.00379	0.00252	0.00251	0.00383	0.00396	0.00525	0.00636	0.04216	0.03000	0.03808	0.01077	0.81441	0.00246	0.01629	0.00138	0.00136
17	0.00393	0.00283	0.00340	0.00365	0.00401	0.00267	0.00250	0.00443	0.00546	0.00711	0.04251	0.27741	0.17414	0.32849	0.00759	0.00172	0.00215	0.10932	0.00234	0.01433
18	0.42109	0.00695	0.00573	0.00504	0.00670	0.14948	0.00405	0.17562	0.00749	0.03372	0.02644	0.02884	0.04777	0.00372	0.00248	0.00091	0.00286	0.06550	0.00215	0.00345
19	0.00795	0.00396	0.00511	0.00462	0.00596	0.00368	0.00380	0.01995	0.03712	0.35019	0.06455	0.01897	0.09819	0.03291	0.00356	0.00106	0.00225	0.24210	0.09049	0.00358
20	0.00501	0.00250	0.00376	0.00376	0.00376	0.00250	0.00250	0.00376	0.00376	0.00501	0.00501	0.00877	0.00501	0.01002	0.01127	0.91610	0.00250	0.00250	0.00125	0.00125
21	0.00453	0.00326	0.00426	0.00463	0.00540	0.00313	0.00391	0.00580	0.01759	0.02852	0.09821	0.04372	0.20031	0.00750	0.00376	0.00120	0.00226	0.55660	0.00273	0.00268
22	0.79565	0.00537	0.00426	0.00380	0.00550	0.00614	0.00311	0.03497	0.00538	0.01279	0.03224	0.00635	0.03644	0.00300	0.00194	0.00089	0.00217	0.00191	0.03497	0.00312
23	0.00380	0.00273	0.00366	0.00431	0.00462	0.00259	0.00316	0.00451	0.00584	0.00769	0.01617	0.65105	0.04622	0.00871	0.00375	0.00120	0.00191	0.22299	0.00267	0.00242
24	0.00578	0.01492	0.88372	0.00822	0.01248	0.00670	0.01065	0.00913	0.00609	0.00913	0.00517	0.00609	0.00365	0.00274	0.00274	0.00091	0.00426	0.00213	0.00122	0.00426
25	0.00370	0.00298	0.00335	0.00351	0.00435	0.00262	0.00274	0.00458	0.00663	0.00818	0.08240	0.08108	0.60045	0.00744	0.00354	0.00105	0.00170	0.17450	0.00271	0.00249
26	0.01077	0.01374	0.00817	0.00743	0.00891	0.88708	0.00557	0.01151	0.00817	0.00706	0.00446	0.00520	0.00371	0.00297	0.00260	0.00074	0.00520	0.00186	0.00149	0.00334
27	0.00390	0.00286	0.00371	0.00426	0.00461	0.00278	0.00303	0.00499	0.05888	0.00786	0.02712	0.68066	0.03853	0.02218	0.00383	0.00120	0.00185	0.12254	0.00268	0.00252
28	0.00381	0.00279	0.00364	0.00417	0.00460	0.00262	0.00310	0.00459	0.00608	0.00796	0.06469	0.52069	0.13182	0.00837	0.00370	0.00117	0.00187	0.21917	0.00270	0.00245
29	0.01045	0.00712	0.00791	0.00625	0.00835	0.00771	0.00517	0.65977	0.02274	0.12164	0.01781	0.00982	0.00654	0.00391	0.00298	0.00091	0.00299	0.07978	0.01350	0.00465
30	0.00417	0.00281	0.00316	0.00317	0.00321	0.00279	0.00181	0.00422	0.00432	0.00572	0.00994	0.01940	0.04378	0.85191	0.01409	0.00271	0.00274	0.01647	0.00180	0.00179
31	0.00352	0.00292	0.00310	0.00319	0.00404	0.00251	0.00236	0.00435	0.01732	0.00795	0.05844	0.14378	0.70129	0.00746	0.00345	0.00101	0.00152	0.02662	0.00270	0.00246
32	0.00598	0.00500	0.00584	0.00441	0.00667	0.00400	0.00351	0.03908	0.02786	0.00955	0.00641	0.04023	0.00579	0.03065	0.00273	0.00061	0.00221	0.04794	0.00187	0.74967
33	0.00366	0.00266	0.00342	0.00397	0.00427	0.00248	0.00277	0.00424	0.00569	0.00744	0.01704	0.65321	0.12189	0.05955	0.00431	0.00126	0.00181	0.09538	0.00262	0.00235
34	0.00408	0.00303	0.00393	0.00441	0.00503	0.00287	0.00357	0.00509	0.00641	0.00824	0.04633	0.23017	0.21512	0.00799	0.00376	0.00120	0.00211	0.44143	0.00268	0.00253
35	0.00757	0.00663	0.00641	0.00570	0.02011	0.14482	0.01562	0.24090	0.10303	0.03362	0.06071	0.03287	0.18838	0.02714	0.00349	0.00099	0.01642	0.07944	0.00254	0.00362

[dist]
# distance from previous block
# <min> <max>
3	7

[block]
# block no. 1 follows, 101 sequences, length 29
# corresponding to MSA columns:
# 62-90
name=unknown_B
#
# <colnr> <probs for GDERKNQSTAVLIFYWHMCP>
#	G	D	E	R	K	N	Q	S	T	A	V	L	I	F	Y	W	H	M	C	P
0	0.00473	0.00375	0.00460	0.04086	0.02099	0.03142	0.01205	0.03990	0.03798	0.00790	0.01361	0.23355	0.12156	0.14154	0.11376	0.01862	0.00307	0.13762	0.00986	0.00263
1	0.02792	0.04393	0.07236	0.00712	0.06344	0.08682	0.00575	0.46585	0.08191	0.01383	0.00760	0.02476	0.02159	0.01255	0.00942	0.00093	0.01045	0.03703	0.00241	0.00434
2	0.00925	0.00839	0.00771	0.00680	0.04396	0.20748	0.00516	0.29995	0.27096	0.03398	0.02401	0.00825	0.01692	0.00349	0.00282	0.00086	0.00326	0.00269	0.00249	0.04157
3	0.00598	0.05004	0.81305	0.00802	0.01210	0.02310	0.01019	0.00930	0.02583	0.00907	0.00526	0.00612	0.00377	0.00276	0.00271	0.00090	0.00419	0.00213	0.00126	0.00423
4	0.02745	0.00614	0.00717	0.00567	0.00770	0.00630	0.00463	0.37829	0.05857	0.36044	0.02738	0.03152	0.00725	0.03264	0.00331	0.00096	0.00272	0.02417	0.00310	0.00459
5	0.00977	0.00639	0.00725	0.00588	0.00777	0.00679	0.00484	0.51026	0.03169	0.16710	0.00980	0.01232	0.03544	0.04842	0.00364	0.00104	0.00288	0.12147	0.00291	0.00435
6	0.00390	0.00283	0.00376	0.00432	0.00475	0.00269	0.00328	0.00474	0.00611	0.00802	0.05798	0.49142	0.09863	0.00837	0.00374	0.00119	0.00196	0.28715	0.00269	0.00247
7	0.00713	0.00688	0.01071	0.01562	0.72938	0.05002	0.00809	0.02160	0.03063	0.00940	0.00666	0.02430	0.02258	0.00308	0.00292	0.00088	0.00337	0.04080	0.00159	0.00435
8	0.00412	0.00309	0.00463	0.00463	0.00515	0.00360	0.00360	0.00515	0.00463	0.00669	0.00772	0.01133	0.00721	0.02163	0.88723	0.00463	0.00772	0.00309	0.00154	0.00257
9	0.00417	0.00280	0.00320	0.00322	0.00324	0.00281	0.00183	0.00422	0.00424	0.00568	0.00923	0.04317	0.01062	0.84555	0.04247	0.00281	0.00292	0.00427	0.00177	0.00179
10	0.00355	0.00260	0.00334	0.00390	0.00420	0.00240	0.00267	0.00411	0.00569	0.00745	0.01763	0.72836	0.13916	0.02146	0.00381	0.00117	0.00170	0.04177	0.00266	0.00236
11	0.00474	0.00369	0.00414	0.00386	0.00491	0.00360	0.00295	0.01721	0.17952	0.03295	0.33335	0.02142	0.36475	0.00598	0.00329	0.00095	0.00163	0.00509	0.00293	0.00305
12	0.00692	0.00770	0.01645	0.01179	0.01464	0.00727	0.82085	0.04354	0.00705	0.00956	0.00605	0.02295	0.00465	0.00258	0.00339	0.00097	0.00474	0.00345	0.00154	0.00390
13	0.01087	0.00566	0.00684	0.00541	0.00742	0.00564	0.00441	0.24156	0.10225	0.46321	0.07126	0.01001	0.00814	0.00373	0.00290	0.00089	0.00251	0.00301	0.03965	0.00463
14	0.00404	0.00292	0.00361	0.00392	0.00442	0.00274	0.00285	0.02049	0.00613	0.01767	0.07842	0.37975	0.19977	0.11550	0.00496	0.00132	0.00194	0.14450	0.00261	0.00244
15	0.12333	0.00609	0.00688	0.00540	0.00755	0.04908	0.00443	0.19363	0.00896	0.55103	0.00920	0.00835	0.00601	0.00341	0.00275	0.00088	0.00271	0.00262	0.00310	0.00461
16	0.01096	0.00808	0.00865	0.00663	0.00894	0.00894	0.00548	0.87106	0.01356	0.01817	0.00692	0.00692	0.00490	0.00346	0.00288	0.00087	0.00317	0.00260	0.00288	0.00490
17	0.00731	0.00486	0.00565	0.00497	0.00638	0.00498	0.00397	0.22214	0.10044	0.14128	0.05789	0.09997	0.17865	0.00631	0.04686	0.00117	0.00258	0.09806	0.00286	0.00368
18	0.00553	0.00509	0.00470	0.00457	0.00557	0.12914	0.00349	0.06321	0.08873	0.00890	0.05380	0.13993	0.32297	0.03766	0.00372	0.00107	0.00240	0.11404	0.00253	0.00293
19	0.00380	0.00267	0.00333	0.00374	0.00391	0.00255	0.00244	0.00418	0.00517	0.00684	0.01411	0.51743	0.05263	0.31152	0.00742	0.00172	0.00210	0.04992	0.00236	0.00216
20	0.00358	0.00263	0.00336	0.00391	0.00423	0.00243	0.00271	0.00416	0.00573	0.00748	0.01784	0.68803	0.15529	0.02548	0.00386	0.00118	0.00172	0.06136	0.00266	0.00237
21	0.00446	0.00311	0.00373	0.00386	0.00420	0.00311	0.00265	0.01620	0.04966	0.01693	0.05701	0.15924	0.04914	0.46358	0.00928	0.00199	0.00244	0.14488	0.00225	0.00229
22	0.06615	0.00608	0.00668	0.00553	0.00723	0.00653	0.00445	0.44081	0.06399	0.09955	0.01725	0.05187	0.03866	0.09095	0.00412	0.00112	0.00276	0.07949	0.00274	0.00404
23	0.00468	0.00348	0.00386	0.00361	0.00459	0.00325	0.00271	0.08204	0.02633	0.03807	0.19677	0.07911	0.46683	0.05529	0.00395	0.00106	0.00173	0.00542	0.01441	0.00280
24	0.00430	0.00366	0.00374	0.00393	0.00458	0.06620	0.00286	0.00521	0.02804	0.00800	0.08446	0.32298	0.30018	0.05602	0.00406	0.00114	0.00198	0.07080	0.02533	0.00253
25	0.01429	0.00341	0.00414	0.00438	0.00505	0.01082	0.00333	0.04704	0.04837	0.02373	0.05743	0.37483	0.15423	0.01515	0.03551	0.00126	0.00221	0.18942	0.00267	0.00274
26	0.01331	0.00628	0.00621	0.00682	0.11585	0.19561	0.00465	0.04975	0.04583	0.03584	0.02969	0.15318	0.09800	0.05468	0.01018	0.00112	0.01424	0.15332	0.00223	0.00320
27	0.02468	0.02698	0.04385	0.00604	0.01914	0.14024	0.02880	0.15289	0.09615	0.05783	0.02971	0.10389	0.02677	0.04004	0.04176	0.00119	0.02211	0.11547	0.00232	0.02014
28	0.00520	0.00407	0.00495	0.00495	0.02509	0.03938	0.02785	0.06621	0.02662	0.02833	0.03235	0.16168	0.14779	0.11588	0.11164	0.00171	0.00309	0.17017	0.02024	0.00281

[dist]
# distance from previous block
# <min> <max>
3	15

[block]
# block no. 2 follows, 101 sequences, length 50
# corresponding to MSA columns:
# 109-158
name=unknown_C
#
# <colnr> <probs for GDERKNQSTAVLIFYWHMCP>
#	G	D	E	R	K	N	Q	S	T	A	V	L	I	F	Y	W	H	M	C	P
0	0.00589	0.00510	0.00554	0.00528	0.02866	0.10185	0.03214	0.06389	0.07955	0.01938	0.02792	0.12016	0.13413	0.08195	0.07960	0.06949	0.00312	0.08053	0.00219	0.05360
1	0.00695	0.04310	0.04310	0.00613	0.04443	0.15428	0.03367	0.11290	0.03301	0.04596	0.03852	0.12408	0.12266	0.01241	0.04608	0.00113	0.01654	0.07766	0.00223	0.03518
2	0.00519	0.00453	0.00454	0.00461	0.00535	0.10977	0.00350	0.03768	0.03965	0.00822	0.04920	0.19953	0.15582	0.07357	0.08229	0.01837	0.00295	0.17251	0.02004	0.00270
3	0.01938	0.00318	0.00374	0.00405	0.00471	0.01401	0.00310	0.00516	0.02600	0.01877	0.04709	0.28254	0.29073	0.04050	0.00400	0.00118	0.00196	0.22471	0.00264	0.00255
4	0.00393	0.00308	0.00364	0.00378	0.00460	0.00273	0.00292	0.00482	0.00643	0.00822	0.08270	0.17007	0.40772	0.02939	0.00378	0.00109	0.00183	0.19769	0.00263	0.05896
5	0.00751	0.00768	0.00610	0.00568	0.00685	0.33221	0.00434	0.09062	0.04029	0.00869	0.00949	0.11483	0.04587	0.06405	0.01123	0.02517	0.00346	0.13365	0.02275	0.05953
6	0.00713	0.00527	0.00590	0.00521	0.00653	0.00562	0.00410	0.33875	0.10959	0.02476	0.04413	0.17218	0.08812	0.06465	0.00399	0.00112	0.00248	0.09568	0.01117	0.00364
7	0.01013	0.00645	0.00737	0.00575	0.00792	0.00661	0.00471	0.41714	0.09061	0.23531	0.02305	0.00880	0.00643	0.00351	0.00282	0.00084	0.00271	0.02361	0.01333	0.12290
8	0.00362	0.00260	0.00345	0.00408	0.00433	0.00244	0.00283	0.00421	0.00570	0.00756	0.03078	0.77362	0.05355	0.00882	0.00369	0.00117	0.00174	0.08076	0.00268	0.00238
9	0.00414	0.00297	0.00385	0.00434	0.00473	0.00289	0.00318	0.04120	0.00606	0.00800	0.01520	0.56967	0.03825	0.07252	0.00450	0.00131	0.00205	0.21004	0.00261	0.00248
10	0.00452	0.00334	0.00414	0.00458	0.00519	0.02396	0.00361	0.00562	0.02993	0.03111	0.01668	0.33778	0.12366	0.02034	0.00386	0.00121	0.00220	0.37297	0.00266	0.00263
11	0.00730	0.00690	0.01158	0.01723	0.84377	0.00694	0.00871	0.04535	0.00686	0.00979	0.00549	0.00713	0.00458	0.00261	0.00286	0.00086	0.00341	0.00257	0.00149	0.00458
12	0.01242	0.00373	0.00459	0.00477	0.00558	0.00375	0.00383	0.12034	0.02229	0.00951	0.01620	0.27346	0.13997	0.00746	0.00363	0.00116	0.00226	0.35947	0.00269	0.00287
13	0.86153	0.00553	0.00439	0.00388	0.00569	0.00633	0.00319	0.00883	0.00512	0.06813	0.00448	0.00501	0.00338	0.00273	0.00186	0.00089	0.00224	0.00165	0.00190	0.00324
14	0.02628	0.00465	0.00586	0.00490	0.00656	0.00439	0.00396	0.11951	0.01617	0.45834	0.07356	0.10587	0.04546	0.00474	0.00306	0.00095	0.00231	0.06612	0.04325	0.00409
15	0.01147	0.00500	0.00649	0.00502	0.00710	0.00448	0.00407	0.07690	0.01938	0.66803	0.01052	0.01006	0.01303	0.06383	0.00363	0.00098	0.00249	0.00290	0.01050	0.07412
16	0.00598	0.00513	0.00598	0.00427	0.00683	0.00384	0.00342	0.00726	0.00598	0.00940	0.00513	0.00598	0.00427	0.00214	0.00214	0.00043	0.00214	0.00171	0.00171	0.91629
17	0.00409	0.00278	0.00321	0.00329	0.00337	0.00274	0.00195	0.00424	0.00459	0.00611	0.03869	0.12336	0.03778	0.72418	0.01251	0.00247	0.00257	0.01825	0.00195	0.00188
18	0.00612	0.00603	0.00846	0.00731	0.00736	0.00837	0.00607	0.00678	0.00444	0.00692	0.00413	0.00675	0.00409	0.00650	0.08647	0.00156	0.81568	0.00257	0.00129	0.00310
19	0.00495	0.00359	0.00432	0.00416	0.00452	0.02723	0.01507	0.05620	0.00521	0.00689	0.00924	0.05636	0.02780	0.44677	0.09874	0.12090	0.02674	0.07730	0.00185	0.00218
20	0.00501	0.00250	0.00376	0.00376	0.00376	0.00250	0.00250	0.00376	0.00376	0.00501	0.00501	0.00877	0.00501	0.01002	0.01127	0.91610	0.00250	0.00250	0.00125	0.00125
21	0.00434	0.00300	0.00359	0.00364	0.00386	0.00303	0.00236	0.03242	0.00507	0.00681	0.05174	0.12577	0.02181	0.58523	0.07535	0.00246	0.00294	0.06247	0.00202	0.00210
22	0.00557	0.00474	0.00550	0.00412	0.00636	0.00364	0.00325	0.00683	0.01586	0.00920	0.02503	0.04850	0.09997	0.00309	0.00238	0.00053	0.00203	0.00256	0.00190	0.74894
23	0.15962	0.03089	0.19644	0.00755	0.10718	0.11335	0.01601	0.20455	0.00788	0.01147	0.02210	0.03702	0.00519	0.01934	0.00284	0.00089	0.00340	0.00990	0.00188	0.04247
24	0.00404	0.00305	0.00376	0.00368	0.00442	0.00282	0.00279	0.00544	0.03578	0.01034	0.56337	0.06684	0.21350	0.00643	0.00344	0.00096	0.00151	0.06211	0.00300	0.00269
25	0.00517	0.00347	0.00451	0.00475	0.00558	0.00339	0.00397	0.03565	0.02228	0.06156	0.08905	0.08064	0.11602	0.00710	0.00364	0.00117	0.00229	0.50553	0.04137	0.00286
26	0.02755	0.04686	0.56718	0.00898	0.11104	0.04007	0.05052	0.07494	0.00680	0.00975	0.00586	0.00676	0.02524	0.00287	0.00275	0.00089	0.00399	0.00233	0.00144	0.00420
27	0.63167	0.00675	0.02035	0.00579	0.08920	0.09400	0.00423	0.04208	0.02794	0.02414	0.01271	0.00549	0.00383	0.00284	0.00222	0.00088	0.01877	0.00185	0.00181	0.00343
28	0.00401	0.00290	0.00371	0.00418	0.00454	0.00280	0.00297	0.03361	0.02001	0.00795	0.03242	0.62841	0.06239	0.06347	0.00434	0.00126	0.00191	0.11399	0.00264	0.00248
29	0.00991	0.04097	0.01911	0.00688	0.03153	0.21370	0.00543	0.48242	0.07977	0.01366	0.00691	0.04617	0.00548	0.00357	0.00288	0.00085	0.01260	0.00267	0.00241	0.01311
30	0.00494	0.00251	0.00373	0.00375	0.00375	0.00251	0.00249	0.00378	0.00383	0.00510	0.00548	0.03775	0.00562	0.03621	0.01113	0.85960	0.00249	0.00274	0.00131	0.00130
31	0.08287	0.00487	0.02511	0.00551	0.04693	0.04458	0.00423	0.07989	0.06507	0.02735	0.02532	0.13869	0.08991	0.06467	0.02616	0.00128	0.00881	0.25323	0.00241	0.00310
32	0.02018	0.02268	0.00752	0.00703	0.04629	0.52482	0.00519	0.07700	0.05925	0.00872	0.02350	0.04680	0.01244	0.00408	0.01873	0.00090	0.00419	0.06809	0.01509	0.02750
33	0.03501	0.00526	0.00489	0.00447	0.00558	0.11415	0.00345	0.15660	0.02877	0.04308	0.03033	0.12325	0.02116	0.00436	0.00263	0.00084	0.00233	0.03971	0.37090	0.00324
34	0.01560	0.00295	0.00360	0.00389	0.00425	0.00288	0.00271	0.00490	0.03346	0.01607	0.01447	0.32939	0.10706	0.28580	0.02193	0.01670	0.00229	0.12742	0.00235	0.00230
35	0.00377	0.00300	0.00332	0.00346	0.00426	0.00267	0.00257	0.00477	0.03678	0.01613	0.05660	0.20516	0.56596	0.01692	0.00360	0.00105	0.00163	0.06313	0.00270	0.00253
36	0.00360	0.00263	0.00335	0.00388	0.00418	0.00244	0.00266	0.00415	0.00565	0.00738	0.01730	0.67308	0.13882	0.06372	0.00434	0.00125	0.00177	0.05485	0.00262	0.00234
37	0.00505	0.00364	0.00475	0.00511	0.00585	0.00369	0.00424	0.09838	0.00716	0.00941	0.02696	0.21722	0.03015	0.00767	0.00378	0.00123	0.00246	0.55772	0.00269	0.00283
38	0.00716	0.00603	0.00637	0.00563	0.00727	0.00682	0.00440	0.10302	0.68410	0.01226	0.02259	0.01202	0.09033	0.00419	0.00297	0.00096	0.00229	0.00346	0.00289	0.01525
39	0.00467	0.00262	0.00366	0.00368	0.00389	0.00253	0.00251	0.00410	0.00470	0.01427	0.09757	0.09529	0.09583	0.03027	0.00898	0.61608	0.00221	0.00371	0.00176	0.00167
40	0.00681	0.00778	0.01702	0.01215	0.01507	0.00729	0.87020	0.00924	0.00681	0.00924	0.00583	0.00778	0.00438	0.00243	0.00340	0.00097	0.00486	0.00340	0.00146	0.00389
41	0.00752	0.00697	0.01140	0.01659	0.79318	0.00706	0.00851	0.09538	0.00727	0.01030	0.00557	0.00712	0.00460	0.00266	0.00286	0.00086	0.00340	0.00257	0.00157	0.00460
42	0.00378	0.00290	0.00320	0.00331	0.00413	0.00250	0.00244	0.00451	0.00645	0.03464	0.05276	0.21339	0.61860	0.00753	0.00347	0.00102	0.00156	0.02859	0.00272	0.00251
43	0.06386	0.00528	0.00603	0.00489	0.00680	0.05333	0.00395	0.04135	0.05815	0.54072	0.01330	0.02108	0.14867	0.00414	0.00290	0.00090	0.00243	0.00333	0.00311	0.01576
44	0.00588	0.00501	0.00587	0.00426	0.00672	0.00378	0.00339	0.00712	0.00596	0.00931	0.00558	0.04369	0.00490	0.00243	0.00220	0.00046	0.00212	0.00198	0.00175	0.87760
45	0.00402	0.00287	0.00377	0.00431	0.00467	0.00277	0.00324	0.00477	0.00579	0.00759	0.01533	0.40580	0.06050	0.14030	0.00541	0.00146	0.00219	0.32032	0.00253	0.00237
46	0.05607	0.00352	0.00403	0.00411	0.00495	0.00347	0.00323	0.04439	0.04550	0.01969	0.03668	0.10701	0.28161	0.08883	0.00457	0.01565	0.00212	0.24478	0.02708	0.00269
47	0.00383	0.00283	0.00354	0.00399	0.00447	0.00266	0.00291	0.00476	0.02908	0.00800	0.04815	0.51156	0.19290	0.00813	0.00360	0.00113	0.00178	0.13784	0.02635	0.00249
48	0.00391	0.00296	0.00356	0.00390	0.00453	0.00274	0.00293	0.00488	0.03085	0.01680	0.02044	0.34627	0.34052	0.02836	0.00386	0.00116	0.00184	0.17531	0.00267	0.00251
49	0.00911	0.00696	0.00731	0.00593	0.00771	0.04075	0.00476	0.58604	0.05987	0.01473	0.00896	0.03196	0.05148	0.08388	0.02518	0.01115	0.00312	0.03425	0.00266	0.00418

[dist]
# distance from previous block
# <min> <max>
4	12

[block]
# block no. 3 follows, 101 sequences, length 39
# corresponding to MSA columns:
# 173-211
name=unknown_D
#
# <colnr> <probs for GDERKNQSTAVLIFYWHMCP>
#	G	D	E	R	K	N	Q	S	T	A	V	L	I	F	Y	W	H	M	C	P
0	0.00426	0.00315	0.00355	0.00367	0.00403	0.01911	0.00244	0.02627	0.01316	0.00712	0.02266	0.26897	0.13801	0.38921	0.02671	0.00188	0.00239	0.03484	0.01577	0.01282
1	0.00506	0.00448	0.00439	0.00440	0.00524	0.09513	0.00331	0.04322	0.07520	0.00850	0.05037	0.21721	0.27858	0.06120	0.01865	0.00120	0.00237	0.11616	0.00252	0.00278
2	0.00591	0.03368	0.00599	0.00513	0.00630	0.08155	0.05921	0.07870	0.06435	0.03672	0.02300	0.13805	0.18450	0.07648	0.08489	0.00145	0.00312	0.08260	0.00231	0.02603
3	0.00487	0.00357	0.00427	0.00425	0.00495	0.00363	0.00318	0.07805	0.06665	0.01611	0.05714	0.17025	0.15731	0.18242	0.07594	0.01744	0.00267	0.14215	0.00244	0.00270
4	0.01611	0.00381	0.00428	0.00404	0.00498	0.00377	0.00309	0.11968	0.04470	0.02108	0.11720	0.05775	0.31357	0.14387	0.00509	0.00128	0.00210	0.11450	0.01626	0.00285
5	0.00459	0.00332	0.00376	0.00366	0.00466	0.00300	0.00284	0.03986	0.01967	0.06525	0.11365	0.08092	0.53854	0.00689	0.00343	0.00101	0.00174	0.09766	0.00280	0.00277
6	0.00400	0.00309	0.00358	0.00368	0.00448	0.00282	0.00282	0.01726	0.02390	0.01642	0.12852	0.14337	0.45265	0.03103	0.01692	0.00115	0.00184	0.13721	0.00271	0.00258
7	0.01882	0.00365	0.00442	0.00447	0.00521	0.00367	0.00337	0.08248	0.06471	0.05506	0.03454	0.34038	0.07395	0.11357	0.00482	0.00131	0.00219	0.16944	0.01107	0.00287
8	0.02602	0.00848	0.00803	0.00641	0.00842	0.14586	0.00516	0.64501	0.02104	0.01549	0.00672	0.00728	0.00505	0.03924	0.00326	0.00092	0.00338	0.00254	0.03728	0.00441
9	0.05830	0.00394	0.00457	0.00417	0.00534	0.00385	0.00328	0.07778	0.05110	0.13441	0.23581	0.06846	0.20066	0.00559	0.00316	0.00096	0.00191	0.07766	0.05583	0.00323
10	0.00411	0.00295	0.00355	0.00379	0.00440	0.00272	0.00279	0.00495	0.02002	0.03563	0.05564	0.30590	0.30331	0.09164	0.01312	0.00128	0.00192	0.12658	0.01318	0.00250
11	0.00406	0.00303	0.00358	0.00356	0.00435	0.00276	0.00270	0.00507	0.02027	0.02794	0.25572	0.06230	0.41626	0.03883	0.04036	0.02415	0.00191	0.07788	0.00272	0.00257
12	0.75444	0.00574	0.00475	0.00412	0.00594	0.00653	0.00338	0.10661	0.00605	0.03691	0.00556	0.00600	0.03854	0.00298	0.00200	0.00089	0.00231	0.00190	0.00199	0.00335
13	0.08284	0.00664	0.00725	0.00574	0.00781	0.02966	0.00470	0.43231	0.04343	0.26533	0.04369	0.00916	0.02712	0.00369	0.00285	0.00089	0.00279	0.01658	0.00296	0.00453
14	0.00390	0.00286	0.00340	0.00360	0.00426	0.00256	0.00264	0.00462	0.00633	0.03001	0.10953	0.29874	0.39205	0.03089	0.00398	0.01966	0.00169	0.07410	0.00270	0.00247
15	0.69868	0.00515	0.00453	0.00452	0.04144	0.00583	0.00345	0.01614	0.00523	0.01184	0.00607	0.06403	0.00571	0.03443	0.00261	0.00101	0.00231	0.08203	0.00192	0.00306
16	0.83456	0.00566	0.00443	0.00392	0.00571	0.02250	0.00322	0.01810	0.00524	0.04767	0.00494	0.00547	0.02387	0.00284	0.00189	0.00089	0.00229	0.00174	0.00188	0.00320
17	0.00376	0.00270	0.00345	0.00392	0.00420	0.00256	0.00272	0.00431	0.00555	0.00729	0.02623	0.54532	0.09990	0.15581	0.01953	0.00149	0.00204	0.10441	0.00251	0.00230
18	0.02525	0.01238	0.00780	0.00703	0.00854	0.73706	0.00532	0.07747	0.01900	0.00821	0.00563	0.00649	0.02617	0.00321	0.00264	0.00077	0.00473	0.01432	0.02456	0.00343
19	0.00680	0.00784	0.04105	0.01161	0.01442	0.00726	0.78185	0.02992	0.00684	0.00933	0.00584	0.00776	0.00442	0.00301	0.02568	0.00107	0.02664	0.00332	0.00148	0.00387
20	0.02285	0.00627	0.00619	0.00557	0.00706	0.07336	0.00432	0.12436	0.49589	0.01156	0.01261	0.09660	0.09488	0.00466	0.00302	0.00097	0.00249	0.02054	0.00274	0.00403
21	0.01080	0.00893	0.00849	0.00674	0.00888	0.15650	0.00548	0.70897	0.01251	0.01611	0.00668	0.00715	0.00494	0.00347	0.00286	0.00085	0.00350	0.01988	0.00264	0.00460
22	0.00372	0.00273	0.00349	0.00399	0.00436	0.00255	0.00283	0.00446	0.01599	0.00782	0.07077	0.60750	0.12647	0.03248	0.00395	0.00119	0.00177	0.09884	0.00268	0.00242
23	0.00593	0.00579	0.00931	0.63316	0.16006	0.04225	0.04966	0.00774	0.00606	0.00779	0.00595	0.02182	0.02625	0.00302	0.00292	0.00094	0.00379	0.00275	0.00138	0.00343
24	0.00680	0.00638	0.01063	0.01532	0.70860	0.00637	0.03022	0.03289	0.01545	0.00949	0.00745	0.05498	0.04180	0.00335	0.00298	0.00090	0.00324	0.03722	0.00165	0.00428
25	0.00357	0.00284	0.00321	0.00346	0.00415	0.00250	0.00255	0.00427	0.00622	0.00769	0.02362	0.27781	0.53178	0.02877	0.00380	0.00111	0.00166	0.08592	0.00265	0.00241
26	0.00424	0.00302	0.00412	0.00474	0.00520	0.00296	0.00380	0.00521	0.00611	0.00801	0.01506	0.31558	0.01700	0.06808	0.00460	0.00137	0.00234	0.52346	0.00260	0.00249
27	0.02927	0.00517	0.00639	0.00512	0.00711	0.00496	0.00416	0.07577	0.15467	0.57245	0.01184	0.01066	0.05404	0.00379	0.00287	0.00090	0.00237	0.00307	0.04077	0.00459
28	0.00414	0.00301	0.00423	0.00423	0.00461	0.00339	0.00310	0.00489	0.00451	0.00640	0.00809	0.01337	0.00810	0.25933	0.65075	0.00414	0.00639	0.00339	0.00160	0.00235
29	0.01096	0.00808	0.00865	0.00663	0.00894	0.00894	0.00548	0.87106	0.01356	0.01817	0.00692	0.00692	0.00490	0.00346	0.00288	0.00087	0.00317	0.00260	0.00288	0.00490
30	0.01096	0.00808	0.00865	0.00663	0.00894	0.00894	0.00548	0.87106	0.01356	0.01817	0.00692	0.00692	0.00490	0.00346	0.00288	0.00087	0.00317	0.00260	0.00288	0.00490
31	0.00345	0.00292	0.00295	0.00295	0.00389	0.00245	0.00219	0.00418	0.00656	0.00784	0.05377	0.02734	0.83176	0.03043	0.00370	0.00102	0.00149	0.00601	0.00267	0.00242
32	0.00997	0.01097	0.00766	0.00673	0.00831	0.57231	0.00517	0.17597	0.02034	0.03446	0.04230	0.00757	0.04031	0.00418	0.04032	0.00096	0.00449	0.00241	0.00195	0.00361
33	0.00714	0.00774	0.00938	0.00792	0.00842	0.16403	0.07629	0.00794	0.00527	0.00715	0.00407	0.00623	0.00382	0.00447	0.00776	0.00115	0.66419	0.00248	0.00132	0.00325
34	0.00465	0.00387	0.00419	0.00442	0.00510	0.05465	0.00331	0.03055	0.07959	0.00840	0.03308	0.39359	0.18768	0.02300	0.00372	0.00113	0.00211	0.15162	0.00262	0.00273
35	0.68131	0.00588	0.00507	0.00432	0.00618	0.00664	0.00355	0.15977	0.00665	0.05382	0.00587	0.00624	0.03873	0.00304	0.00209	0.00089	0.00238	0.00199	0.00210	0.00349
36	0.00501	0.00250	0.00376	0.00376	0.00376	0.00250	0.00250	0.00376	0.00376	0.00501	0.00501	0.00877	0.00501	0.01002	0.01127	0.91610	0.00250	0.00250	0.00125	0.00125
37	0.00430	0.00314	0.00420	0.00476	0.00540	0.00304	0.00399	0.00541	0.00647	0.00832	0.01748	0.15616	0.14813	0.00802	0.00385	0.00125	0.00233	0.60851	0.00266	0.00258
38	0.00369	0.00275	0.00340	0.00383	0.00428	0.00253	0.00275	0.00435	0.00593	0.00764	0.04167	0.48289	0.24537	0.05990	0.00428	0.00123	0.00180	0.11670	0.00263	0.00238

[dist]
# distance from previous block
# <min> <max>
0	1

[block]
# block no. 4 follows, 101 sequences, length 40
# corresponding to MSA columns:
# 213-252
name=unknown_E
#
# <colnr> <probs for GDERKNQSTAVLIFYWHMCP>
#	G	D	E	R	K	N	Q	S	T	A	V	L	I	F	Y	W	H	M	C	P
0	0.05544	0.00599	0.00694	0.00556	0.00757	0.00615	0.00456	0.31806	0.09117	0.36050	0.00991	0.03254	0.01743	0.00388	0.00289	0.00091	0.00263	0.03899	0.02431	0.00454
1	0.00414	0.00300	0.00395	0.00447	0.00498	0.00289	0.00355	0.00506	0.00615	0.00800	0.03430	0.27823	0.11237	0.07673	0.00464	0.00135	0.00223	0.43887	0.00260	0.00247
2	0.01515	0.00404	0.00486	0.00501	0.03435	0.02211	0.00975	0.07706	0.05019	0.04278	0.03201	0.15818	0.21399	0.03880	0.05032	0.00958	0.00258	0.22374	0.00256	0.00296
3	0.03242	0.01759	0.00967	0.00430	0.01672	0.01551	0.00324	0.03862	0.06063	0.02889	0.07109	0.20360	0.27169	0.05629	0.05914	0.00136	0.00238	0.10152	0.00254	0.00280
4	0.16905	0.00838	0.00768	0.00634	0.02002	0.15621	0.00507	0.52373	0.01071	0.01483	0.00621	0.00703	0.00474	0.00335	0.00267	0.00086	0.00332	0.02912	0.00241	0.01825
5	0.01564	0.04393	0.36702	0.00825	0.11044	0.11545	0.02403	0.04823	0.07469	0.02754	0.00715	0.03024	0.02083	0.03197	0.01728	0.00103	0.00380	0.04683	0.00170	0.00394
6	0.00786	0.02442	0.02022	0.00617	0.01662	0.30195	0.02281	0.15651	0.05003	0.00957	0.05558	0.06196	0.03463	0.03582	0.09386	0.02392	0.00402	0.06860	0.00208	0.00336
7	0.00466	0.00351	0.00441	0.00466	0.01678	0.02115	0.00349	0.01454	0.02553	0.03664	0.02515	0.31248	0.14263	0.04768	0.09534	0.01888	0.05160	0.16581	0.00241	0.00265
8	0.00482	0.00257	0.00366	0.00370	0.00374	0.00257	0.00245	0.00394	0.00400	0.00538	0.00635	0.04625	0.00666	0.13867	0.02293	0.70127	0.00257	0.01986	0.01717	0.00144
9	0.03353	0.00353	0.02968	0.00447	0.01508	0.00322	0.01670	0.02651	0.00590	0.01843	0.04371	0.29449	0.11527	0.10813	0.02574	0.07499	0.00236	0.16377	0.01200	0.00250
10	0.00465	0.00368	0.00419	0.00435	0.01812	0.03208	0.00321	0.01988	0.05583	0.02280	0.09324	0.17237	0.25174	0.11824	0.02120	0.00135	0.01601	0.15187	0.00253	0.00267
11	0.00411	0.00308	0.00456	0.00456	0.00507	0.00356	0.00352	0.00510	0.00466	0.00669	0.00823	0.01190	0.02650	0.04528	0.84393	0.00450	0.00745	0.00319	0.00158	0.00255
12	0.00413	0.00278	0.00331	0.00340	0.00347	0.00280	0.00205	0.00426	0.00442	0.00592	0.00984	0.12470	0.01129	0.69936	0.07330	0.01998	0.00299	0.01828	0.00185	0.00188
13	0.00552	0.00396	0.00462	0.00449	0.00540	0.00400	0.00342	0.13444	0.08061	0.04170	0.04213	0.27576	0.16930	0.06458	0.00413	0.00117	0.00213	0.12526	0.02435	0.00305
14	0.00447	0.00378	0.00384	0.00381	0.00463	0.04530	0.00282	0.02262	0.07197	0.00824	0.07498	0.08671	0.43106	0.13876	0.00506	0.00127	0.00205	0.08348	0.00254	0.00262
15	0.00412	0.00309	0.00463	0.00463	0.00515	0.00360	0.00360	0.00515	0.00463	0.00669	0.00772	0.01133	0.00721	0.02163	0.88723	0.00463	0.00772	0.00309	0.00154	0.00257
16	0.02733	0.00603	0.00655	0.00546	0.00708	0.00657	0.00437	0.43222	0.13927	0.03090	0.06450	0.03460	0.03948	0.07106	0.00383	0.00106	0.00262	0.05379	0.05927	0.00402
17	0.00385	0.00286	0.00330	0.00349	0.00394	0.00267	0.00239	0.00447	0.01968	0.00724	0.04871	0.23885	0.28783	0.29277	0.00711	0.00163	0.00203	0.06251	0.00240	0.00225
18	0.00436	0.00366	0.00390	0.00421	0.00479	0.06562	0.00309	0.02278	0.00637	0.00799	0.05781	0.43374	0.21472	0.02795	0.00380	0.00114	0.00206	0.12691	0.00260	0.00254
19	0.00809	0.00701	0.00655	0.00566	0.00722	0.14812	0.00446	0.29057	0.17587	0.02628	0.06045	0.03948	0.11714	0.02744	0.00332	0.00096	0.00289	0.04976	0.01488	0.00385
20	0.02147	0.00369	0.00427	0.00413	0.00496	0.00370	0.00306	0.06011	0.09546	0.05817	0.05312	0.15592	0.20546	0.18258	0.04812	0.00155	0.00242	0.07967	0.00928	0.00285
21	0.03571	0.00572	0.00585	0.00505	0.00661	0.07352	0.00399	0.17330	0.14235	0.14383	0.03885	0.04939	0.18292	0.02348	0.00326	0.00096	0.00250	0.05115	0.01212	0.03945
22	0.00418	0.00312	0.00383	0.00404	0.00475	0.00293	0.00312	0.01899	0.03197	0.01927	0.16044	0.24190	0.27429	0.00745	0.00358	0.00109	0.00184	0.20779	0.00277	0.00264
23	0.00454	0.00329	0.00373	0.00366	0.00457	0.00310	0.00283	0.01938	0.06989	0.02944	0.21189	0.04977	0.36797	0.00624	0.00325	0.00096	0.00166	0.09536	0.11568	0.00280
24	0.00489	0.00375	0.00483	0.00504	0.04412	0.00387	0.01353	0.07741	0.04481	0.00862	0.04233	0.22130	0.13060	0.12441	0.11501	0.01158	0.02255	0.10764	0.01093	0.00279
25	0.00501	0.00382	0.00436	0.00443	0.00519	0.02982	0.00337	0.07920	0.05076	0.02315	0.06199	0.29048	0.16684	0.06424	0.01455	0.00124	0.00223	0.17449	0.01202	0.00281
26	0.00464	0.00328	0.00366	0.00370	0.00401	0.02249	0.00243	0.01622	0.03337	0.02440	0.01959	0.12262	0.05244	0.56672	0.01049	0.00216	0.00258	0.08365	0.01935	0.00219
27	0.00794	0.00797	0.02115	0.00819	0.15944	0.28158	0.02245	0.09906	0.01412	0.03863	0.01815	0.05373	0.00665	0.03135	0.09824	0.04893	0.02163	0.05546	0.00185	0.00347
28	0.00709	0.00697	0.01853	0.01316	0.09211	0.19764	0.08303	0.05800	0.06736	0.03878	0.02243	0.10053	0.04809	0.05842	0.04630	0.00123	0.01391	0.09374	0.00207	0.03061
29	0.00562	0.00456	0.00505	0.00503	0.01727	0.07112	0.00375	0.08328	0.05474	0.01728	0.01090	0.15932	0.03071	0.18727	0.12743	0.02107	0.03156	0.15906	0.00219	0.00280
30	0.05908	0.01002	0.03362	0.01037	0.26521	0.38481	0.05854	0.08771	0.01888	0.01865	0.00529	0.00639	0.00428	0.01112	0.01309	0.00088	0.00423	0.00228	0.00165	0.00390
31	0.00440	0.00348	0.00398	0.00408	0.00486	0.01621	0.00309	0.04482	0.05748	0.00878	0.09312	0.25239	0.30725	0.02448	0.02635	0.00119	0.00205	0.12954	0.00267	0.00976
32	0.00632	0.00514	0.00571	0.00562	0.06503	0.07637	0.01244	0.16087	0.02889	0.01996	0.00842	0.04085	0.02335	0.35341	0.16559	0.00229	0.01130	0.00351	0.00196	0.00296
33	0.00565	0.00545	0.02876	0.00573	0.00625	0.08733	0.02738	0.01527	0.01674	0.00682	0.00639	0.01052	0.00633	0.19849	0.26593	0.03681	0.26292	0.00300	0.00151	0.00272
34	0.00384	0.00294	0.00345	0.00371	0.00433	0.00269	0.00273	0.02142	0.00623	0.00789	0.03941	0.30449	0.38139	0.07640	0.00443	0.00122	0.00183	0.12654	0.00262	0.00244
35	0.00915	0.01010	0.00784	0.00736	0.06066	0.47689	0.01948	0.13904	0.05893	0.00927	0.02259	0.02077	0.04573	0.03629	0.01704	0.00097	0.03467	0.01775	0.00190	0.00358
36	0.00700	0.04560	0.01632	0.01150	0.01427	0.03493	0.77150	0.01983	0.00682	0.00911	0.00567	0.00751	0.00432	0.00254	0.00348	0.00096	0.03008	0.00324	0.00146	0.00386
37	0.01118	0.00340	0.00395	0.00408	0.00484	0.00332	0.00304	0.02044	0.12117	0.02487	0.04916	0.30196	0.27900	0.03012	0.00388	0.01792	0.00187	0.10094	0.01208	0.00278
38	0.00489	0.00381	0.00457	0.00467	0.03744	0.03475	0.01796	0.03536	0.02741	0.00715	0.02812	0.05482	0.03401	0.47750	0.12282	0.00243	0.01254	0.08540	0.00194	0.00240
39	0.00801	0.01766	0.00693	0.00612	0.02183	0.18377	0.02005	0.29455	0.06447	0.01131	0.01008	0.12775	0.05976	0.03811	0.01638	0.01090	0.00325	0.09306	0.00239	0.00362

[dist]
# distance from previous block
# <min> <max>
0	3

[block]
# block no. 5 follows, 101 sequences, length 35
# corresponding to MSA columns:
# 256-290
name=unknown_F
#
# <colnr> <probs for GDERKNQSTAVLIFYWHMCP>
#	G	D	E	R	K	N	Q	S	T	A	V	L	I	F	Y	W	H	M	C	P
0	0.02665	0.01299	0.06194	0.00645	0.07093	0.20633	0.00490	0.06714	0.04242	0.00893	0.04598	0.12137	0.07722	0.03815	0.04573	0.00120	0.01992	0.11573	0.00835	0.01767
1	0.02667	0.06707	0.03866	0.00727	0.06755	0.27178	0.03039	0.24254	0.05143	0.01684	0.01654	0.01598	0.00554	0.03470	0.02101	0.01117	0.01228	0.03017	0.00201	0.03041
2	0.00702	0.00623	0.00785	0.00895	0.27412	0.06697	0.01260	0.09639	0.08213	0.02509	0.03011	0.04061	0.03764	0.04075	0.03115	0.01182	0.00304	0.00895	0.00197	0.20659
3	0.03689	0.00465	0.02612	0.00520	0.04622	0.03454	0.00384	0.07256	0.12103	0.01586	0.03935	0.20912	0.18678	0.04310	0.06718	0.00136	0.00267	0.07797	0.00246	0.00311
4	0.00544	0.00497	0.01752	0.00549	0.05300	0.09027	0.00408	0.03478	0.11350	0.00915	0.10660	0.12204	0.18784	0.01376	0.03626	0.00118	0.00264	0.18588	0.00251	0.00307
5	0.00683	0.00649	0.01049	0.01514	0.69876	0.02864	0.01964	0.02339	0.00657	0.00919	0.00674	0.00919	0.03121	0.01740	0.06206	0.00116	0.00367	0.03764	0.00155	0.00422
6	0.00431	0.00314	0.00373	0.00387	0.00417	0.01510	0.00264	0.01268	0.02820	0.00682	0.01232	0.20342	0.07387	0.41974	0.07380	0.02075	0.01380	0.09333	0.00211	0.00221
7	0.00620	0.00462	0.00510	0.00483	0.00584	0.04432	0.00374	0.11549	0.12160	0.06389	0.07463	0.13719	0.08940	0.11388	0.02591	0.00134	0.00257	0.16522	0.01106	0.00319
8	0.00422	0.00298	0.00372	0.00406	0.00461	0.00283	0.00302	0.00516	0.02948	0.03370	0.01744	0.37189	0.20002	0.06883	0.03528	0.00137	0.00215	0.18067	0.02602	0.00254
9	0.00493	0.00370	0.00413	0.00418	0.00461	0.03958	0.00296	0.03418	0.05052	0.01551	0.01112	0.11178	0.02749	0.44480	0.05608	0.01094	0.00297	0.16605	0.00212	0.00238
10	0.02278	0.00374	0.00431	0.00434	0.00519	0.00380	0.00334	0.07472	0.11253	0.00962	0.06229	0.22083	0.17732	0.04439	0.00383	0.00113	0.00203	0.17185	0.06902	0.00293
11	0.03665	0.00882	0.00697	0.00611	0.00768	0.34245	0.00476	0.22751	0.10026	0.01962	0.00839	0.05795	0.04406	0.00394	0.00280	0.00085	0.00351	0.04114	0.05742	0.01911
12	0.00398	0.00284	0.00357	0.00395	0.00429	0.00273	0.00284	0.00458	0.00556	0.00727	0.02836	0.32503	0.10987	0.26518	0.00689	0.00165	0.00221	0.21452	0.00241	0.00226
13	0.00376	0.00267	0.00353	0.00413	0.00436	0.00254	0.00290	0.00434	0.00557	0.00739	0.01512	0.67267	0.01783	0.09723	0.00482	0.00136	0.00194	0.14293	0.00258	0.00233
14	0.01102	0.00798	0.00860	0.00659	0.00890	0.00880	0.00544	0.84568	0.01340	0.04377	0.00705	0.00701	0.00497	0.00346	0.00289	0.00087	0.00315	0.00261	0.00290	0.00490
15	0.00368	0.00265	0.00353	0.00416	0.00444	0.00250	0.00296	0.00432	0.00574	0.00757	0.01638	0.72660	0.05649	0.00879	0.00371	0.00119	0.00181	0.13840	0.00267	0.00239
16	0.76716	0.00576	0.00483	0.00415	0.00602	0.00653	0.00342	0.08808	0.00595	0.07918	0.00484	0.00528	0.00359	0.00282	0.00197	0.00089	0.00233	0.00176	0.00202	0.00342
17	0.88180	0.00568	0.00442	0.00391	0.00571	0.00657	0.00322	0.04384	0.00526	0.01315	0.00413	0.00478	0.00320	0.00271	0.00183	0.00089	0.00227	0.00160	0.00183	0.00320
18	0.00360	0.00259	0.00343	0.00406	0.00429	0.00242	0.00279	0.00418	0.00570	0.00757	0.03845	0.78947	0.04677	0.00883	0.00368	0.00117	0.00172	0.06422	0.00269	0.00238
19	0.00598	0.00513	0.00598	0.00427	0.00683	0.00384	0.00342	0.00726	0.00598	0.00940	0.00513	0.00598	0.00427	0.00214	0.00214	0.00043	0.00214	0.00171	0.00171	0.91629
20	0.00598	0.00513	0.00598	0.00427	0.00683	0.00384	0.00342	0.00726	0.00598	0.00940	0.00513	0.00598	0.00427	0.00214	0.00214	0.00043	0.00214	0.00171	0.00171	0.91629
21	0.00411	0.00277	0.00324	0.00338	0.00343	0.00275	0.00202	0.00424	0.00451	0.00600	0.01041	0.15557	0.01208	0.72162	0.01250	0.00248	0.00262	0.04247	0.00193	0.00188
22	0.00396	0.00291	0.00366	0.00412	0.00449	0.00283	0.00288	0.01338	0.05872	0.00775	0.01586	0.62580	0.07655	0.08125	0.00454	0.00129	0.00189	0.08302	0.00262	0.00249
23	0.91903	0.00558	0.00424	0.00379	0.00558	0.00647	0.00312	0.00848	0.00491	0.01294	0.00402	0.00468	0.00312	0.00268	0.00178	0.00089	0.00223	0.00156	0.00178	0.00312
24	0.00419	0.00280	0.00315	0.00315	0.00315	0.00280	0.00175	0.00419	0.00419	0.00559	0.00909	0.01887	0.01048	0.89866	0.01468	0.00280	0.00280	0.00419	0.00175	0.00175
25	0.00402	0.00282	0.00355	0.00396	0.00430	0.00269	0.00276	0.00471	0.02322	0.02364	0.01555	0.51341	0.09422	0.17900	0.00577	0.00147	0.00201	0.10803	0.00252	0.00237
26	0.00612	0.00515	0.00601	0.00447	0.00688	0.00409	0.00361	0.04265	0.02457	0.00976	0.00601	0.00789	0.00521	0.00262	0.00231	0.00052	0.00222	0.05909	0.00185	0.79900
27	0.00727	0.00689	0.01160	0.01732	0.85056	0.00692	0.00873	0.03863	0.00681	0.00972	0.00548	0.00713	0.00458	0.00260	0.00286	0.00086	0.00342	0.00257	0.00148	0.00458
28	0.00489	0.00254	0.00374	0.00380	0.00383	0.00254	0.00256	0.00386	0.00396	0.00528	0.00608	0.05471	0.00634	0.04582	0.01077	0.80152	0.00248	0.03252	0.00139	0.00138
29	0.00395	0.00295	0.00354	0.00379	0.00447	0.00268	0.00289	0.00477	0.00634	0.02370	0.06895	0.22258	0.38846	0.04734	0.01615	0.00122	0.00192	0.18915	0.00266	0.00249
30	0.00471	0.01585	0.00423	0.00387	0.00490	0.00357	0.00299	0.04920	0.10557	0.02662	0.28374	0.05257	0.37999	0.00625	0.00333	0.00096	0.00171	0.04412	0.00286	0.00296
31	0.00366	0.00303	0.00318	0.00322	0.00414	0.00262	0.00244	0.02244	0.00669	0.00811	0.04577	0.08004	0.74181	0.00733	0.00345	0.00100	0.00157	0.05429	0.00269	0.00250
32	0.00684	0.00823	0.08266	0.01034	0.08156	0.11255	0.47140	0.01902	0.00675	0.00876	0.00692	0.02030	0.02842	0.02554	0.04950	0.00118	0.01273	0.04204	0.00157	0.00368
33	0.02595	0.00693	0.03442	0.00611	0.03534	0.15458	0.02580	0.15814	0.13469	0.04647	0.02771	0.05444	0.02911	0.08964	0.10011	0.00881	0.01074	0.01685	0.01812	0.01604
34	0.00460	0.00318	0.00416	0.00459	0.00514	0.00310	0.00355	0.03897	0.01654	0.03641	0.01551	0.43642	0.05423	0.02360	0.00389	0.00122	0.00214	0.32817	0.01192	0.00266

[dist]
# distance from previous block
# <min> <max>
2	5

[block]
# block no. 6 follows, 101 sequences, length 34
# corresponding to MSA columns:
# 296-329
name=unknown_G
#
# <colnr> <probs for GDERKNQSTAVLIFYWHMCP>
#	G	D	E	R	K	N	Q	S	T	A	V	L	I	F	Y	W	H	M	C	P
0	0.01241	0.00385	0.01373	0.00459	0.02113	0.03136	0.00343	0.02243	0.04782	0.02876	0.04973	0.14843	0.11144	0.13172	0.17160	0.01058	0.00334	0.12669	0.02613	0.03083
1	0.00449	0.00331	0.00394	0.00399	0.00457	0.00326	0.00287	0.02321	0.06821	0.01361	0.05553	0.19991	0.14393	0.27109	0.01509	0.01279	0.01031	0.12541	0.00238	0.03210
2	0.00420	0.00323	0.00394	0.00419	0.00486	0.00315	0.00317	0.01537	0.08556	0.00857	0.08756	0.33869	0.21586	0.00807	0.03693	0.00124	0.00208	0.15975	0.00269	0.01090
3	0.00592	0.00428	0.00477	0.00451	0.00565	0.02737	0.00358	0.07925	0.11939	0.07613	0.08053	0.09397	0.22723	0.00596	0.00326	0.00100	0.00213	0.17066	0.06437	0.02004
4	0.00525	0.00408	0.00466	0.00458	0.00541	0.00434	0.00339	0.04728	0.27341	0.00910	0.01393	0.21580	0.10501	0.14963	0.02846	0.02961	0.00236	0.08809	0.00254	0.00306
