[name]
ND3

[dist]
# distance from previous block
# <min> <max>
0	3

[block]
# block no. 0 follows, 105 sequences, length 28
# corresponding to MSA columns:
# 3-30
name=unknown_A
#
# <colnr> <probs for GDERKNQSTAVLIFYWHMCP>
#	G	D	E	R	K	N	Q	S	T	A	V	L	I	F	Y	W	H	M	C	P
0	0.00522	0.00429	0.00447	0.00444	0.00526	0.07363	0.00339	0.09848	0.03643	0.01878	0.02907	0.23064	0.20007	0.08081	0.03040	0.00127	0.00246	0.16570	0.00244	0.00275
1	0.00417	0.00312	0.00380	0.00401	0.00468	0.00302	0.00307	0.00562	0.08348	0.01924	0.10966	0.24001	0.22976	0.05915	0.00409	0.00117	0.00189	0.21485	0.00262	0.00259
2	0.00516	0.00387	0.00461	0.00464	0.02074	0.00398	0.00351	0.07000	0.15875	0.03124	0.04894	0.14756	0.17258	0.08031	0.03754	0.01828	0.00234	0.18045	0.00252	0.00296
3	0.00478	0.00369	0.00426	0.00425	0.00507	0.01473	0.00328	0.09328	0.07272	0.00886	0.04083	0.19651	0.24780	0.04535	0.06025	0.01460	0.00239	0.16531	0.00929	0.00276
4	0.00481	0.00362	0.00422	0.00422	0.00506	0.02000	0.00330	0.06107	0.04491	0.03151	0.06150	0.15016	0.23500	0.06185	0.04249	0.01521	0.00233	0.22116	0.00249	0.02509
5	0.04578	0.00518	0.00576	0.00496	0.00635	0.01308	0.00393	0.31604	0.06480	0.10227	0.05454	0.10342	0.07130	0.07966	0.00392	0.00108	0.00245	0.08593	0.02594	0.00360
6	0.01728	0.00372	0.00436	0.00439	0.00522	0.00380	0.00341	0.07869	0.12314	0.01989	0.02791	0.21366	0.15646	0.07165	0.00418	0.00807	0.00212	0.22463	0.02456	0.00286
7	0.00391	0.00302	0.00350	0.00365	0.00432	0.00283	0.00271	0.01360	0.05322	0.00797	0.08152	0.22655	0.35109	0.09263	0.00442	0.00119	0.00180	0.11983	0.01000	0.01223
8	0.00534	0.00406	0.00456	0.00424	0.00534	0.00405	0.00329	0.12440	0.12392	0.03062	0.06013	0.12094	0.29112	0.06228	0.00388	0.00107	0.00203	0.10366	0.00260	0.04247
9	0.01456	0.00321	0.00390	0.00413	0.00472	0.00317	0.00313	0.04684	0.03852	0.01500	0.02387	0.26274	0.15979	0.15011	0.00521	0.00137	0.00213	0.25263	0.00246	0.00251
10	0.01742	0.00338	0.00401	0.00414	0.00487	0.00336	0.00316	0.03898	0.09555	0.02827	0.04280	0.26328	0.19962	0.07982	0.00427	0.00120	0.00200	0.19169	0.00948	0.00270
11	0.00359	0.00272	0.00308	0.00327	0.00394	0.00239	0.00235	0.00426	0.00604	0.02300	0.04698	0.32257	0.50347	0.02037	0.00351	0.00103	0.00153	0.01785	0.02567	0.00238
12	0.00792	0.00556	0.00618	0.00516	0.00677	0.00587	0.00410	0.34926	0.15391	0.08906	0.02968	0.11009	0.05429	0.02193	0.00308	0.00091	0.00239	0.02458	0.06066	0.05862
13	0.04586	0.00511	0.00488	0.00470	0.00562	0.11785	0.00357	0.07188	0.11891	0.02285	0.02069	0.15680	0.12536	0.13469	0.00478	0.00124	0.01082	0.13914	0.00233	0.00291
14	0.01583	0.00327	0.00374	0.00369	0.00454	0.00308	0.00277	0.02677	0.06947	0.05940	0.12929	0.18219	0.35984	0.04918	0.00378	0.00106	0.00173	0.05952	0.01813	0.00271
15	0.02704	0.00298	0.00365	0.00383	0.00446	0.00283	0.00292	0.00510	0.02963	0.00874	0.25107	0.20249	0.20077	0.05372	0.00399	0.00113	0.00178	0.18873	0.00265	0.00250
16	0.00481	0.00355	0.00445	0.00490	0.01769	0.03295	0.00403	0.00591	0.00636	0.04413	0.01572	0.07324	0.13700	0.03317	0.02542	0.00130	0.00257	0.57766	0.00251	0.00264
17	0.01817	0.00360	0.00431	0.00437	0.00509	0.00370	0.00337	0.05421	0.09978	0.02429	0.02263	0.18380	0.14600	0.13485	0.03389	0.00143	0.01979	0.23155	0.00244	0.00273
18	0.00405	0.00281	0.00347	0.00373	0.00428	0.00257	0.00269	0.01472	0.00600	0.04994	0.06061	0.45242	0.25272	0.04797	0.00394	0.00114	0.00173	0.08014	0.00262	0.00246
19	0.01669	0.00611	0.00640	0.00528	0.00698	0.11637	0.00422	0.15878	0.07405	0.36206	0.03013	0.03225	0.03958	0.00393	0.00313	0.02399	0.02454	0.01491	0.05336	0.01726
20	0.00727	0.00601	0.00628	0.00573	0.04521	0.07487	0.00425	0.25137	0.18016	0.02730	0.01040	0.06248	0.09139	0.09307	0.02663	0.00115	0.01067	0.03446	0.00238	0.05891
21	0.00425	0.00328	0.00380	0.00390	0.00459	0.00322	0.00288	0.04930	0.08409	0.00825	0.04176	0.28597	0.28321	0.09149	0.02979	0.00129	0.00204	0.09177	0.00252	0.00261
22	0.00350	0.00260	0.00323	0.00362	0.00401	0.00238	0.00252	0.00411	0.00576	0.00752	0.09145	0.55154	0.21055	0.05506	0.00405	0.00116	0.00164	0.04041	0.00258	0.00230
23	0.01055	0.00778	0.00804	0.00628	0.00840	0.07036	0.00514	0.70051	0.02588	0.09604	0.00702	0.00700	0.00498	0.00376	0.02427	0.00092	0.00324	0.00251	0.00273	0.00458
24	0.00645	0.00606	0.00966	0.01396	0.66227	0.02088	0.00732	0.00818	0.03837	0.00889	0.00733	0.01004	0.04509	0.02135	0.03154	0.00101	0.00325	0.06653	0.00160	0.03023
25	0.00675	0.00648	0.01083	0.01594	0.79178	0.00663	0.00816	0.00842	0.01996	0.00897	0.00593	0.00750	0.03036	0.00279	0.00317	0.00086	0.05717	0.00260	0.00143	0.00428
26	0.02478	0.00685	0.00704	0.00670	0.07714	0.11759	0.00493	0.26121	0.22113	0.01820	0.04827	0.05151	0.02813	0.00416	0.00309	0.00091	0.02845	0.07739	0.00243	0.01008
27	0.00484	0.00419	0.00476	0.00534	0.09979	0.05300	0.00350	0.03575	0.05524	0.00796	0.03312	0.10432	0.31810	0.14822	0.03210	0.00135	0.01497	0.06846	0.00223	0.00275

[dist]
# distance from previous block
# <min> <max>
0	6

[block]
# block no. 1 follows, 105 sequences, length 51
# corresponding to MSA columns:
# 37-87
name=unknown_B
#
# <colnr> <probs for GDERKNQSTAVLIFYWHMCP>
#	G	D	E	R	K	N	Q	S	T	A	V	L	I	F	Y	W	H	M	C	P
0	0.00609	0.00691	0.11568	0.00668	0.08577	0.13736	0.04615	0.06666	0.05222	0.01505	0.03153	0.09501	0.11111	0.05032	0.12761	0.00149	0.00375	0.03541	0.00193	0.00324
1	0.00769	0.65015	0.03146	0.00585	0.04137	0.13593	0.02399	0.01755	0.00616	0.00700	0.00462	0.00610	0.00426	0.00274	0.00209	0.00067	0.00333	0.04417	0.00132	0.00354
2	0.00516	0.00481	0.00817	0.68217	0.04396	0.00570	0.05681	0.00684	0.00563	0.00728	0.00666	0.07860	0.02510	0.03102	0.00326	0.00101	0.00349	0.01986	0.00143	0.00304
3	0.00577	0.01393	0.83308	0.00783	0.01181	0.00649	0.00999	0.04281	0.00619	0.00917	0.00529	0.00650	0.00386	0.00279	0.00268	0.00089	0.00405	0.02146	0.00127	0.00411
4	0.00696	0.00665	0.01129	0.01698	0.87165	0.00666	0.00852	0.02127	0.00645	0.00924	0.00527	0.00691	0.00443	0.00250	0.00276	0.00083	0.00331	0.00249	0.00140	0.00443
5	0.00845	0.00753	0.00679	0.00606	0.02634	0.22690	0.00468	0.34190	0.00921	0.02891	0.00855	0.10564	0.02454	0.02129	0.00311	0.00091	0.00321	0.10389	0.03799	0.02411
6	0.00991	0.00738	0.00791	0.00619	0.00828	0.00816	0.00507	0.75938	0.07888	0.01655	0.00790	0.03496	0.02898	0.00365	0.00283	0.00086	0.00292	0.00282	0.00278	0.00458
7	0.00598	0.00504	0.00585	0.00424	0.00668	0.00392	0.00339	0.01960	0.04025	0.01993	0.00531	0.00603	0.00435	0.00217	0.00212	0.00045	0.00209	0.00174	0.00174	0.85913
8	0.00405	0.00270	0.00305	0.00306	0.00306	0.00270	0.00171	0.00406	0.00408	0.00544	0.00890	0.03180	0.01028	0.88820	0.01404	0.00268	0.00269	0.00412	0.00171	0.00170
9	0.00560	0.01444	0.88744	0.00796	0.01208	0.00648	0.01031	0.00884	0.00589	0.00884	0.00501	0.00589	0.00354	0.00265	0.00265	0.00088	0.00413	0.00206	0.00118	0.00413
10	0.00520	0.00260	0.00260	0.00260	0.00325	0.00260	0.00195	0.00650	0.00585	0.01041	0.00911	0.01041	0.00715	0.00325	0.00195	0.00065	0.00130	0.00260	0.91740	0.00260
11	0.92162	0.00540	0.00410	0.00367	0.00540	0.00626	0.00302	0.00821	0.00475	0.01252	0.00389	0.00453	0.00302	0.00259	0.00173	0.00086	0.00216	0.00151	0.00173	0.00302
12	0.00406	0.00271	0.00304	0.00304	0.00304	0.00271	0.00169	0.00406	0.00406	0.00541	0.00879	0.01827	0.01015	0.90190	0.01421	0.00271	0.00271	0.00406	0.00169	0.00169
13	0.00785	0.66715	0.06430	0.00561	0.00794	0.16520	0.03264	0.00889	0.00611	0.00682	0.00408	0.00475	0.00360	0.00249	0.00202	0.00065	0.00347	0.00164	0.00124	0.00356
14	0.00575	0.00494	0.00590	0.00432	0.00665	0.00386	0.02106	0.00723	0.04008	0.00905	0.00555	0.02523	0.00477	0.02638	0.00248	0.00052	0.00213	0.00194	0.00172	0.82043
15	0.00562	0.00478	0.00689	0.00899	0.33234	0.01483	0.00513	0.07165	0.00639	0.00868	0.04923	0.11641	0.08291	0.15683	0.01544	0.00129	0.02011	0.08728	0.00197	0.00324
16	0.01805	0.00836	0.08672	0.00653	0.02821	0.13090	0.01275	0.42292	0.13439	0.01318	0.00704	0.00758	0.00533	0.01112	0.01651	0.00091	0.01548	0.01254	0.05732	0.00416
17	0.00906	0.00709	0.00802	0.00695	0.06899	0.04612	0.03133	0.58004	0.01078	0.02285	0.03331	0.06709	0.00663	0.02785	0.00331	0.00092	0.02098	0.02508	0.00251	0.02110
18	0.01014	0.00626	0.00699	0.00540	0.00755	0.04486	0.00441	0.33395	0.02806	0.32706	0.00881	0.00836	0.03998	0.00331	0.00269	0.00078	0.00266	0.00259	0.00278	0.15335
19	0.00540	0.00517	0.00821	0.81376	0.01808	0.03331	0.00748	0.00716	0.00558	0.00709	0.00501	0.00747	0.00384	0.00354	0.03712	0.00107	0.02389	0.00248	0.00126	0.00308
20	0.00408	0.00344	0.00368	0.00398	0.00457	0.05557	0.00292	0.01332	0.02799	0.00758	0.01827	0.44324	0.27753	0.00772	0.01262	0.00110	0.00196	0.10545	0.00252	0.00247
21	0.00612	0.00514	0.00595	0.00430	0.00672	0.00408	0.00345	0.07391	0.00639	0.00979	0.02216	0.00615	0.00461	0.00224	0.00215	0.00046	0.00213	0.00179	0.00177	0.83069
22	0.00404	0.00270	0.00305	0.00307	0.00308	0.00269	0.00172	0.00405	0.00410	0.00547	0.00900	0.04609	0.01041	0.87373	0.01387	0.00266	0.00267	0.00418	0.00172	0.00171
23	0.01061	0.00782	0.00838	0.00642	0.00866	0.00866	0.00531	0.87518	0.01312	0.01759	0.00670	0.00670	0.00475	0.00335	0.00279	0.00084	0.00307	0.00251	0.00279	0.00475
24	0.00371	0.00276	0.00342	0.00383	0.00426	0.00258	0.00270	0.03736	0.00591	0.00768	0.01772	0.63614	0.19921	0.00813	0.00349	0.00109	0.00168	0.05332	0.00260	0.00240
25	0.00637	0.00628	0.00964	0.32614	0.08997	0.04187	0.11949	0.05929	0.00594	0.00809	0.00477	0.00682	0.00390	0.00334	0.00470	0.00098	0.26699	0.00253	0.00138	0.03152
26	0.00406	0.00271	0.00304	0.00304	0.00304	0.00271	0.00169	0.00406	0.00406	0.00541	0.00879	0.01827	0.01015	0.90190	0.01421	0.00271	0.00271	0.00406	0.00169	0.00169
27	0.00405	0.00274	0.00320	0.00320	0.00325	0.00279	0.00189	0.00416	0.00411	0.00553	0.00865	0.01748	0.00981	0.80681	0.10883	0.00290	0.00322	0.00394	0.00167	0.00178
28	0.00368	0.00266	0.00347	0.00402	0.00431	0.00254	0.00280	0.02308	0.01787	0.00752	0.01549	0.78066	0.04391	0.00843	0.00355	0.00113	0.00172	0.06819	0.00260	0.00238
29	0.00335	0.00283	0.00290	0.00292	0.00384	0.00239	0.00221	0.00407	0.00637	0.00760	0.03754	0.04020	0.83295	0.00710	0.00332	0.00096	0.00145	0.03304	0.00260	0.00237
30	0.06590	0.00532	0.00636	0.00512	0.00707	0.00531	0.00416	0.10804	0.20297	0.50872	0.01011	0.00913	0.00681	0.00346	0.00271	0.00087	0.00236	0.00277	0.03833	0.00449
31	0.00379	0.00284	0.00339	0.00338	0.00412	0.00253	0.00253	0.00476	0.00690	0.02439	0.37759	0.13452	0.36804	0.00668	0.00335	0.00095	0.00147	0.04346	0.00280	0.00251
32	0.00349	0.00283	0.00311	0.00326	0.00406	0.00247	0.00248	0.00424	0.00625	0.00762	0.03661	0.12121	0.65323	0.01988	0.00355	0.00103	0.00160	0.11813	0.00258	0.00237
33	0.00406	0.00271	0.00304	0.00304	0.00304	0.00271	0.00169	0.00406	0.00406	0.00541	0.00879	0.01827	0.01015	0.90190	0.01421	0.00271	0.00271	0.00406	0.00169	0.00169
34	0.00342	0.00245	0.00325	0.00388	0.00407	0.00229	0.00261	0.00393	0.00539	0.00716	0.01572	0.86009	0.04158	0.00868	0.00356	0.00113	0.00163	0.02428	0.00259	0.00228
35	0.00330	0.00281	0.00284	0.00287	0.00378	0.00235	0.00214	0.00400	0.00632	0.00752	0.02778	0.06049	0.85006	0.00713	0.00331	0.00095	0.00142	0.00597	0.00259	0.00235
36	0.00406	0.00271	0.00304	0.00304	0.00304	0.00271	0.00169	0.00406	0.00406	0.00541	0.00879	0.01827	0.01015	0.90190	0.01421	0.00271	0.00271	0.00406	0.00169	0.00169
37	0.00746	0.90358	0.01463	0.00478	0.00716	0.01104	0.00478	0.00836	0.00567	0.00657	0.00388	0.00448	0.00358	0.00239	0.00179	0.00060	0.00299	0.00149	0.00119	0.00358
38	0.00396	0.00285	0.00358	0.00344	0.00414	0.00258	0.00256	0.00509	0.00741	0.02776	0.63449	0.09018	0.18929	0.00616	0.00330	0.00091	0.00138	0.00539	0.00295	0.00259
39	0.00563	0.02726	0.87485	0.00791	0.01201	0.00655	0.01023	0.00883	0.00589	0.00881	0.00499	0.00587	0.00354	0.00265	0.00264	0.00088	0.00411	0.00205	0.00118	0.00412
40	0.00330	0.00282	0.00284	0.00285	0.00378	0.00235	0.00213	0.00400	0.00634	0.00753	0.02803	0.04358	0.86680	0.00710	0.00330	0.00095	0.00142	0.00593	0.00259	0.00235
41	0.00898	0.00452	0.00558	0.00463	0.00630	0.00428	0.00370	0.03722	0.16164	0.46212	0.08965	0.03342	0.15672	0.00443	0.00295	0.00090	0.00210	0.00369	0.00313	0.00405
42	0.00342	0.00254	0.00321	0.00369	0.00403	0.00235	0.00253	0.00397	0.00552	0.00718	0.01771	0.66457	0.20001	0.01841	0.03849	0.00124	0.00183	0.01446	0.00254	0.00229
43	0.00340	0.00264	0.00306	0.00337	0.00391	0.00234	0.00237	0.00398	0.00580	0.00728	0.02131	0.43472	0.43215	0.04036	0.00383	0.00110	0.00158	0.02194	0.00256	0.00229
44	0.00359	0.00261	0.00331	0.00380	0.00410	0.00244	0.00265	0.00415	0.00546	0.00713	0.01630	0.58196	0.13305	0.10841	0.00475	0.00130	0.00183	0.10842	0.00249	0.00225
45	0.00579	0.00496	0.00579	0.00413	0.00661	0.00372	0.00331	0.00703	0.00579	0.00910	0.00496	0.00579	0.00413	0.00207	0.00207	0.00041	0.00207	0.00165	0.00165	0.91897
46	0.00498	0.00346	0.00434	0.00449	0.00527	0.00340	0.00362	0.07602	0.01866	0.04914	0.04062	0.17010	0.15630	0.06139	0.00418	0.00122	0.00222	0.38525	0.00260	0.00274
47	0.00431	0.00343	0.00372	0.00351	0.00463	0.00310	0.00271	0.01473	0.09564	0.03459	0.07614	0.04065	0.57560	0.00621	0.00318	0.00092	0.00165	0.05398	0.00261	0.06868
48	0.00420	0.00340	0.01050	0.00414	0.01553	0.00306	0.01499	0.00525	0.02268	0.01684	0.06430	0.17327	0.31676	0.01769	0.05167	0.00118	0.01448	0.14626	0.00239	0.11140
49	0.00563	0.00492	0.00486	0.00455	0.00567	0.08053	0.00352	0.10549	0.18050	0.00967	0.07632	0.10790	0.29763	0.00619	0.03041	0.00106	0.00236	0.06711	0.00256	0.00314
50	0.01355	0.00900	0.00404	0.00420	0.00482	0.01347	0.00324	0.00563	0.06639	0.00774	0.03340	0.16152	0.13755	0.16300	0.06061	0.00159	0.00255	0.28396	0.00234	0.02140

[dist]
# distance from previous block
# <min> <max>
0	1

[block]
# block no. 2 follows, 105 sequences, length 29
# corresponding to MSA columns:
# 89-117
name=unknown_C
#
# <colnr> <probs for GDERKNQSTAVLIFYWHMCP>
#	G	D	E	R	K	N	Q	S	T	A	V	L	I	F	Y	W	H	M	C	P
0	0.04677	0.02090	0.02699	0.00874	0.23739	0.24759	0.02125	0.04720	0.06393	0.00863	0.00692	0.05874	0.02026	0.07147	0.00370	0.00911	0.01142	0.03549	0.00173	0.05175
1	0.00615	0.01878	0.00615	0.00615	0.08044	0.10932	0.02671	0.10935	0.09006	0.00905	0.04588	0.12322	0.06120	0.07394	0.09517	0.02261	0.00328	0.10722	0.00215	0.00313
2	0.00808	0.00615	0.00662	0.00552	0.00719	0.01598	0.00445	0.48125	0.14616	0.01390	0.04761	0.06227	0.09868	0.00449	0.00297	0.00091	0.00256	0.06002	0.02119	0.00402
3	0.01789	0.03858	0.02428	0.00736	0.09090	0.43701	0.01956	0.08164	0.07274	0.01866	0.00743	0.02780	0.06554	0.00390	0.02505	0.00089	0.01505	0.02087	0.00180	0.02304
4	0.00469	0.00372	0.00457	0.00481	0.03881	0.02345	0.00942	0.05090	0.02084	0.00822	0.02595	0.26425	0.12065	0.08745	0.03682	0.00130	0.00241	0.20830	0.00233	0.08111
5	0.00571	0.01766	0.02310	0.00660	0.13947	0.05819	0.01223	0.04518	0.07073	0.03295	0.01160	0.11857	0.10000	0.10444	0.04455	0.00131	0.00286	0.15917	0.00214	0.04352
6	0.02072	0.00596	0.05915	0.00561	0.02125	0.07056	0.05445	0.17626	0.08216	0.01791	0.05830	0.07337	0.17612	0.01974	0.04107	0.02977	0.01158	0.07039	0.00229	0.00331
7	0.00478	0.00257	0.00368	0.00367	0.00378	0.00259	0.00249	0.00403	0.02782	0.00528	0.00654	0.01020	0.04953	0.03905	0.02595	0.78605	0.00247	0.01673	0.00137	0.00142
8	0.01665	0.00387	0.00474	0.00477	0.03255	0.01203	0.01611	0.07448	0.08039	0.03935	0.01188	0.12204	0.07712	0.26502	0.06173	0.01070	0.00279	0.15881	0.00224	0.00274
9	0.01623	0.00407	0.01172	0.00498	0.05959	0.04032	0.00345	0.05293	0.07542	0.00830	0.03976	0.24164	0.17144	0.13548	0.03387	0.00137	0.00242	0.09195	0.00232	0.00275
10	0.00543	0.00452	0.00470	0.00437	0.00546	0.04338	0.00337	0.07135	0.24505	0.01017	0.18551	0.05145	0.23594	0.02788	0.00337	0.00097	0.00200	0.05568	0.03621	0.00319
11	0.06108	0.00613	0.00612	0.00525	0.00670	0.06936	0.00413	0.35668	0.12563	0.01239	0.03693	0.07368	0.06182	0.08526	0.00388	0.00106	0.00268	0.04908	0.02851	0.00366
12	0.01146	0.00420	0.00452	0.00437	0.00524	0.04241	0.00332	0.09145	0.10694	0.03203	0.03369	0.14049	0.19199	0.15029	0.02476	0.00136	0.00241	0.14378	0.00244	0.00286
13	0.01863	0.00302	0.00354	0.00361	0.00408	0.00297	0.00251	0.03755	0.01942	0.01696	0.05665	0.22558	0.16109	0.30165	0.05982	0.00178	0.00240	0.04914	0.02730	0.00232
14	0.00394	0.00270	0.00308	0.00316	0.00327	0.00265	0.00188	0.00408	0.00445	0.00584	0.01131	0.10192	0.08963	0.71535	0.01197	0.00236	0.00248	0.02622	0.00188	0.00183
15	0.00357	0.00270	0.00310	0.00335	0.00391	0.00244	0.00239	0.00421	0.00579	0.00741	0.02989	0.31493	0.41150	0.08527	0.01899	0.00122	0.00175	0.05243	0.04287	0.00230
16	0.00395	0.00287	0.00356	0.00387	0.00439	0.00271	0.00286	0.00488	0.03420	0.02079	0.08009	0.35926	0.20430	0.08158	0.00446	0.01093	0.00186	0.16847	0.00255	0.00242
17	0.00384	0.00305	0.00324	0.00322	0.00411	0.00272	0.00240	0.03597	0.02546	0.01898	0.04520	0.13449	0.65709	0.01956	0.00343	0.00098	0.00155	0.01445	0.01775	0.00251
18	0.00345	0.00246	0.00329	0.00394	0.00413	0.00231	0.00268	0.00397	0.00539	0.00718	0.01536	0.86175	0.01836	0.00870	0.00358	0.00114	0.00166	0.04578	0.00259	0.00228
19	0.00370	0.00290	0.00340	0.00366	0.00426	0.00272	0.00265	0.00483	0.06419	0.00767	0.03404	0.39068	0.35779	0.02256	0.03610	0.00120	0.00185	0.05079	0.00256	0.00247
20	0.04320	0.00288	0.00340	0.00360	0.00419	0.00269	0.00261	0.00469	0.01403	0.02622	0.09008	0.32223	0.28076	0.06523	0.00443	0.04581	0.00176	0.07735	0.00249	0.00237
21	0.86262	0.00549	0.00430	0.00382	0.00556	0.00635	0.00314	0.03309	0.03665	0.01264	0.00424	0.00481	0.00327	0.00266	0.00180	0.00087	0.00219	0.00160	0.00180	0.00312
22	0.00352	0.00256	0.00332	0.00387	0.00412	0.00242	0.00261	0.00425	0.03053	0.00736	0.03937	0.80146	0.05602	0.01965	0.00366	0.00113	0.00163	0.00758	0.00260	0.00234
23	0.00435	0.00343	0.03651	0.00429	0.00500	0.00334	0.00344	0.00529	0.00506	0.04557	0.01123	0.04627	0.12743	0.10161	0.52773	0.00322	0.00533	0.05651	0.00184	0.00255
24	0.00543	0.00513	0.00678	0.00605	0.00623	0.03068	0.00487	0.00604	0.00457	0.00663	0.00664	0.04434	0.04713	0.10693	0.13376	0.00182	0.55131	0.02144	0.00146	0.00275
25	0.00560	0.01444	0.88744	0.00796	0.01208	0.00648	0.01031	0.00884	0.00589	0.00884	0.00501	0.00589	0.00354	0.00265	0.00265	0.00088	0.00413	0.00206	0.00118	0.00413
26	0.00490	0.00259	0.00390	0.00411	0.03589	0.00259	0.00263	0.00383	0.00375	0.00502	0.00499	0.00873	0.00500	0.03729	0.01071	0.85655	0.00247	0.00248	0.00123	0.00134
27	0.01800	0.00961	0.00804	0.00866	0.18394	0.46134	0.00572	0.07465	0.03907	0.00843	0.01505	0.00767	0.00513	0.01606	0.05778	0.00106	0.02786	0.04032	0.00809	0.00352
28	0.00661	0.00829	0.10324	0.00990	0.03080	0.11083	0.54052	0.00875	0.01936	0.00855	0.00686	0.03097	0.03012	0.00352	0.02744	0.00102	0.00442	0.04366	0.00153	0.00359

[dist]
# distance from previous block
# <min> <max>
6	8

# created by:
# /share/home/app/bin/augustus-3.3.1/scripts/msa2prfl.pl /dev/shm/tmp/mt-Insecta/msas/ND3.aln --setname=ND3
