[name]
ND4

[dist]
# distance from previous block
# <min> <max>
0	30

[block]
# block no. 0 follows, 104 sequences, length 6
# corresponding to MSA columns:
# 34-39
name=unknown_A
#
# <colnr> <probs for GDERKNQSTAVLIFYWHMCP>
#	G	D	E	R	K	N	Q	S	T	A	V	L	I	F	Y	W	H	M	C	P
0	0.00503	0.00395	0.00454	0.00473	0.06027	0.05426	0.00329	0.03196	0.00721	0.05379	0.35475	0.08903	0.21195	0.04852	0.00378	0.00102	0.00196	0.05447	0.00266	0.00284
1	0.00679	0.00690	0.03365	0.00871	0.01076	0.04822	0.44288	0.08008	0.02173	0.03646	0.02774	0.04069	0.03499	0.03578	0.00407	0.00101	0.07840	0.03476	0.01690	0.02948
2	0.00609	0.00464	0.00508	0.00475	0.01934	0.05407	0.00356	0.18464	0.00750	0.03130	0.12412	0.09649	0.09172	0.13642	0.04878	0.01861	0.02344	0.08295	0.05353	0.00298
3	0.05181	0.00352	0.00403	0.00417	0.00475	0.02848	0.00310	0.06025	0.00615	0.00846	0.08505	0.30117	0.06334	0.12359	0.03071	0.03459	0.00232	0.15920	0.02281	0.00250
4	0.00381	0.00273	0.00344	0.00381	0.00424	0.00259	0.00278	0.00447	0.00566	0.00746	0.03945	0.37606	0.18356	0.09626	0.03795	0.02514	0.00209	0.15904	0.03714	0.00230
5	0.02827	0.00299	0.00353	0.00362	0.00397	0.00300	0.00247	0.02828	0.00515	0.00698	0.03575	0.14103	0.09097	0.46458	0.06859	0.00216	0.00272	0.10171	0.00207	0.00215

[dist]
# distance from previous block
# <min> <max>
0	1

[block]
# block no. 1 follows, 104 sequences, length 7
# corresponding to MSA columns:
# 41-47
name=unknown_B
#
# <colnr> <probs for GDERKNQSTAVLIFYWHMCP>
#	G	D	E	R	K	N	Q	S	T	A	V	L	I	F	Y	W	H	M	C	P
0	0.00420	0.00329	0.00372	0.00391	0.00445	0.02725	0.00282	0.02363	0.04545	0.00775	0.06098	0.31883	0.19949	0.15713	0.02544	0.00142	0.00215	0.10321	0.00244	0.00245
1	0.02799	0.00334	0.00400	0.00412	0.00486	0.00328	0.00318	0.06351	0.02770	0.02377	0.07449	0.25187	0.19912	0.05203	0.01849	0.00121	0.00207	0.20535	0.02696	0.00267
2	0.04317	0.00512	0.00573	0.00498	0.00632	0.00545	0.00396	0.30781	0.08372	0.07257	0.06723	0.04461	0.02561	0.11969	0.00443	0.00117	0.00250	0.13067	0.06171	0.00356
3	0.02349	0.00293	0.00345	0.00356	0.00378	0.00297	0.00232	0.00478	0.04151	0.00644	0.01059	0.14281	0.02964	0.56402	0.03687	0.03195	0.00264	0.08222	0.00196	0.00203
4	0.01808	0.00380	0.00439	0.00438	0.00521	0.03947	0.01990	0.04098	0.03467	0.00848	0.06845	0.28160	0.18138	0.03642	0.01975	0.00115	0.00222	0.17449	0.00247	0.05271
5	0.00442	0.00330	0.00358	0.00357	0.00386	0.03917	0.00234	0.00498	0.02913	0.00651	0.04485	0.05345	0.05155	0.56171	0.10962	0.00245	0.00313	0.03282	0.03747	0.00209
6	0.00425	0.00312	0.00394	0.00428	0.00483	0.00309	0.00330	0.02579	0.04287	0.00799	0.03590	0.26975	0.12237	0.11713	0.02861	0.00144	0.00230	0.31406	0.00249	0.00250

[dist]
# distance from previous block
# <min> <max>
3	8

[block]
# block no. 2 follows, 104 sequences, length 33
# corresponding to MSA columns:
# 56-88
name=unknown_C
#
# <colnr> <probs for GDERKNQSTAVLIFYWHMCP>
#	G	D	E	R	K	N	Q	S	T	A	V	L	I	F	Y	W	H	M	C	P
0	0.02451	0.04366	0.01626	0.00521	0.02126	0.15341	0.01312	0.10883	0.04352	0.02767	0.01571	0.07321	0.10195	0.16064	0.09448	0.00806	0.01562	0.06349	0.00204	0.00734
1	0.01112	0.04409	0.01468	0.00541	0.06612	0.06108	0.00382	0.08244	0.00596	0.00806	0.02825	0.10592	0.00900	0.21715	0.18816	0.00208	0.03553	0.05146	0.04673	0.01296
2	0.05091	0.00315	0.00407	0.00389	0.00434	0.00322	0.02237	0.01569	0.00474	0.00670	0.01886	0.10551	0.10436	0.22025	0.10564	0.25157	0.03053	0.00384	0.01285	0.02751
3	0.09268	0.00614	0.08124	0.00589	0.05132	0.03310	0.03149	0.23604	0.01637	0.01145	0.07795	0.05037	0.04478	0.04425	0.02095	0.01506	0.00771	0.08639	0.08337	0.00345
4	0.08946	0.01923	0.02356	0.00603	0.03426	0.30225	0.01757	0.11694	0.00727	0.00916	0.03080	0.07679	0.00741	0.06731	0.05903	0.00843	0.01026	0.07937	0.03173	0.00316
5	0.05164	0.00309	0.00366	0.00399	0.02044	0.00296	0.00285	0.02181	0.01797	0.00824	0.08788	0.33780	0.25425	0.06763	0.00412	0.00117	0.00183	0.10365	0.00253	0.00249
6	0.19168	0.03433	0.00697	0.00552	0.00725	0.03448	0.00449	0.45591	0.02917	0.02149	0.00677	0.06863	0.00565	0.01949	0.06702	0.00117	0.03101	0.00273	0.00234	0.00391
7	0.08194	0.00464	0.00498	0.00482	0.00563	0.10311	0.00375	0.05317	0.00562	0.00791	0.00788	0.06671	0.00762	0.03522	0.50773	0.00301	0.00560	0.06540	0.01061	0.01465
8	0.04979	0.01164	0.00501	0.00486	0.02756	0.14409	0.00347	0.08823	0.00619	0.00799	0.01595	0.06027	0.06002	0.28551	0.10150	0.02374	0.00346	0.08742	0.01065	0.00264
9	0.00399	0.00277	0.00347	0.00375	0.00403	0.00271	0.00263	0.00447	0.00518	0.00687	0.03536	0.23831	0.08106	0.34661	0.04180	0.02504	0.00245	0.17194	0.01542	0.00213
10	0.66092	0.00524	0.00462	0.00414	0.00573	0.00594	0.00339	0.08382	0.00571	0.03916	0.00551	0.00759	0.00467	0.01682	0.05826	0.01516	0.00264	0.06561	0.00193	0.00314
11	0.00505	0.00374	0.01402	0.00423	0.00500	0.03402	0.01646	0.06147	0.01789	0.02204	0.09646	0.21672	0.06639	0.04324	0.05345	0.00124	0.00236	0.14158	0.19190	0.00274
12	0.00773	0.84118	0.01428	0.00498	0.00732	0.07201	0.00486	0.00862	0.00587	0.00664	0.00394	0.00455	0.00361	0.00244	0.00186	0.00061	0.00315	0.00153	0.00122	0.00359
13	0.00463	0.00381	0.00445	0.00448	0.01911	0.04957	0.01691	0.02931	0.03739	0.00804	0.11774	0.21938	0.10707	0.14024	0.12406	0.00172	0.00294	0.07599	0.00227	0.03090
14	0.00385	0.00309	0.00346	0.00373	0.00427	0.03024	0.00269	0.00454	0.01205	0.00735	0.03701	0.34563	0.30562	0.09595	0.04576	0.00139	0.00214	0.08645	0.00245	0.00235
15	0.03814	0.00756	0.00808	0.00628	0.00846	0.00837	0.00517	0.75073	0.08380	0.04393	0.00719	0.00708	0.00511	0.00339	0.00279	0.00086	0.00298	0.00256	0.00281	0.00471
16	0.02346	0.00314	0.00392	0.00391	0.00437	0.01528	0.00284	0.01307	0.00490	0.00672	0.02668	0.02891	0.11374	0.27829	0.40039	0.02224	0.00468	0.03940	0.00180	0.00228
17	0.41717	0.02643	0.00538	0.00460	0.00609	0.09212	0.00364	0.15653	0.03366	0.01162	0.03452	0.09197	0.03828	0.04489	0.00294	0.00097	0.00257	0.02128	0.00209	0.00324
18	0.00359	0.00260	0.00342	0.00402	0.00431	0.00244	0.00285	0.00421	0.00560	0.00737	0.01622	0.69797	0.07798	0.02144	0.00377	0.00117	0.00178	0.13433	0.00260	0.00233
19	0.00388	0.00303	0.00333	0.00328	0.00418	0.00269	0.00247	0.01473	0.03369	0.02842	0.17182	0.09190	0.59242	0.00681	0.00333	0.00096	0.00152	0.02623	0.00272	0.00257
20	0.00375	0.00270	0.00345	0.00388	0.00420	0.00257	0.00269	0.02124	0.00569	0.00757	0.05941	0.60177	0.08485	0.09015	0.02567	0.00134	0.00193	0.06496	0.00984	0.00234
21	0.00343	0.00245	0.00326	0.00392	0.00408	0.00229	0.00261	0.00392	0.00539	0.00718	0.01551	0.89928	0.01861	0.00882	0.00359	0.00114	0.00163	0.00800	0.00261	0.00229
22	0.00937	0.00708	0.00762	0.00608	0.00805	0.00785	0.00494	0.62882	0.18380	0.01592	0.06849	0.02415	0.00729	0.00372	0.00287	0.00087	0.00278	0.00293	0.00284	0.00453
23	0.00385	0.00278	0.00330	0.00342	0.00377	0.00269	0.00231	0.00430	0.00513	0.00669	0.04780	0.13966	0.20506	0.41304	0.08115	0.00210	0.00262	0.06611	0.00213	0.00210
24	0.00476	0.00247	0.00364	0.00367	0.00370	0.00248	0.00245	0.00373	0.00379	0.00507	0.00567	0.05422	0.00587	0.04906	0.03305	0.80836	0.00254	0.00281	0.00132	0.00133
25	0.00337	0.00283	0.00293	0.00295	0.00384	0.00239	0.00219	0.00411	0.00646	0.00780	0.07986	0.07094	0.78646	0.00713	0.00334	0.00096	0.00143	0.00599	0.00264	0.00239
26	0.01693	0.00332	0.00349	0.00329	0.00411	0.00335	0.00246	0.07569	0.04788	0.01015	0.07653	0.01484	0.15234	0.10492	0.00381	0.00100	0.00171	0.01742	0.45402	0.00275
27	0.09809	0.00478	0.00526	0.00459	0.00591	0.01616	0.00363	0.21116	0.03372	0.11377	0.08319	0.06758	0.05536	0.08386	0.02287	0.00114	0.00244	0.08446	0.07784	0.02419
28	0.00351	0.00253	0.00324	0.00380	0.00409	0.00234	0.00260	0.00408	0.00557	0.00738	0.01685	0.73537	0.12182	0.00840	0.00352	0.00111	0.00163	0.03870	0.03113	0.00232
29	0.00506	0.00365	0.00482	0.00515	0.00596	0.00370	0.00444	0.08770	0.00722	0.00948	0.07443	0.02856	0.02991	0.00721	0.00374	0.00122	0.00253	0.70976	0.00265	0.00280
30	0.00366	0.00282	0.00329	0.00352	0.00409	0.00259	0.00253	0.00449	0.02801	0.00758	0.06067	0.30935	0.37510	0.09828	0.01387	0.00125	0.00179	0.07220	0.00254	0.00236
31	0.00443	0.00336	0.00421	0.00460	0.00521	0.01849	0.00363	0.02157	0.05656	0.00855	0.08782	0.32752	0.05108	0.00749	0.00360	0.00115	0.00213	0.37424	0.00263	0.01174
32	0.05455	0.00521	0.00647	0.00513	0.00710	0.00499	0.00421	0.18766	0.00876	0.56019	0.04503	0.05503	0.00800	0.00391	0.00287	0.00089	0.00245	0.02995	0.00318	0.00442

[dist]
# distance from previous block
# <min> <max>
6	14

[block]
# block no. 3 follows, 104 sequences, length 75
# corresponding to MSA columns:
# 103-177
name=unknown_D
#
# <colnr> <probs for GDERKNQSTAVLIFYWHMCP>
#	G	D	E	R	K	N	Q	S	T	A	V	L	I	F	Y	W	H	M	C	P
0	0.00455	0.00391	0.03860	0.00490	0.03777	0.02942	0.01644	0.03335	0.00640	0.02361	0.13025	0.39545	0.09879	0.01405	0.02481	0.00115	0.00221	0.11785	0.01378	0.00272
1	0.03357	0.00355	0.00398	0.00419	0.02882	0.03610	0.00278	0.04447	0.00560	0.00759	0.07678	0.21330	0.04704	0.37934	0.03240	0.00183	0.00254	0.06149	0.01228	0.00234
2	0.03069	0.00463	0.00444	0.00461	0.00529	0.13893	0.00352	0.00613	0.02798	0.00801	0.09310	0.22954	0.09364	0.08902	0.00438	0.00121	0.00251	0.24741	0.00237	0.00259
3	0.02318	0.00437	0.00400	0.00389	0.00473	0.12445	0.00289	0.00570	0.02071	0.00867	0.27890	0.10779	0.33162	0.04239	0.00366	0.00100	0.00202	0.02489	0.00255	0.00260
4	0.00380	0.00280	0.00350	0.00379	0.00424	0.00265	0.00271	0.01202	0.01984	0.00798	0.15012	0.40957	0.15950	0.09302	0.02795	0.00132	0.00193	0.08828	0.00258	0.00239
5	0.01357	0.00298	0.00359	0.00374	0.00420	0.00287	0.00265	0.03593	0.00591	0.01757	0.11469	0.27238	0.13189	0.25332	0.00644	0.00152	0.00205	0.10944	0.01292	0.00235
6	0.00352	0.00251	0.00337	0.00402	0.00423	0.00237	0.00277	0.00408	0.00548	0.00729	0.01546	0.82671	0.01841	0.00873	0.00362	0.00116	0.00171	0.07966	0.00261	0.00231
7	0.00409	0.00289	0.00380	0.00429	0.00470	0.00280	0.00320	0.02683	0.01180	0.01720	0.03016	0.52967	0.04075	0.05355	0.00418	0.00125	0.00200	0.25180	0.00258	0.00246
8	0.00380	0.00291	0.00349	0.00385	0.02524	0.00267	0.00267	0.00460	0.02070	0.01275	0.08574	0.28823	0.34142	0.11437	0.00474	0.00124	0.00179	0.07487	0.00252	0.00241
9	0.00532	0.00380	0.00456	0.00450	0.00521	0.00393	0.00342	0.13964	0.05615	0.01647	0.06996	0.22175	0.01370	0.19888	0.00575	0.00144	0.00234	0.21866	0.02171	0.00280
10	0.00346	0.00247	0.00329	0.00390	0.00409	0.00230	0.00261	0.00399	0.00552	0.00740	0.06126	0.85291	0.01903	0.00865	0.00358	0.00113	0.00162	0.00785	0.00264	0.00230
11	0.00406	0.00305	0.00384	0.00396	0.00447	0.01628	0.00297	0.00490	0.00565	0.00761	0.13487	0.11353	0.13750	0.14607	0.25711	0.00228	0.00358	0.12482	0.02105	0.00239
12	0.02038	0.00282	0.00349	0.00379	0.00431	0.00269	0.00278	0.00542	0.00583	0.06071	0.03009	0.43677	0.05524	0.04300	0.00363	0.00109	0.00178	0.12093	0.19270	0.00255
13	0.00770	0.00607	0.00625	0.00545	0.00696	0.05290	0.00424	0.19261	0.42573	0.06531	0.02988	0.07759	0.02548	0.04135	0.00335	0.00099	0.00247	0.00343	0.03820	0.00405
14	0.00409	0.00273	0.00307	0.00307	0.00307	0.00273	0.00170	0.00409	0.00409	0.00546	0.00887	0.01841	0.01023	0.90111	0.01432	0.00273	0.00273	0.00409	0.00170	0.00170
15	0.06214	0.00584	0.00631	0.00533	0.00685	0.01732	0.00428	0.46178	0.01676	0.04127	0.00885	0.10852	0.00802	0.06365	0.01685	0.00109	0.00274	0.09141	0.06723	0.00377
16	0.00906	0.00673	0.00724	0.00587	0.00772	0.02685	0.00475	0.51546	0.17401	0.05736	0.09860	0.00964	0.00812	0.00428	0.02770	0.00098	0.00286	0.01859	0.00984	0.00435
17	0.00513	0.00386	0.00458	0.00468	0.00546	0.01746	0.00368	0.08996	0.10069	0.00925	0.02963	0.24064	0.05802	0.04924	0.03603	0.00130	0.00244	0.28754	0.04753	0.00288
18	0.02445	0.14502	0.00900	0.00670	0.00843	0.59895	0.00529	0.15365	0.00846	0.00873	0.00468	0.00526	0.00381	0.00290	0.00246	0.00073	0.00439	0.00188	0.00164	0.00356
19	0.00370	0.00264	0.00345	0.00393	0.00422	0.00251	0.00278	0.00424	0.00546	0.00719	0.02692	0.56133	0.09123	0.08248	0.03401	0.03544	0.00205	0.12170	0.00245	0.00226
20	0.00391	0.00271	0.00320	0.00339	0.00356	0.00264	0.00215	0.00418	0.00477	0.00627	0.02089	0.21529	0.08276	0.56046	0.01022	0.00212	0.00236	0.06510	0.00205	0.00196
21	0.01985	0.00378	0.00474	0.00470	0.00552	0.00389	0.01070	0.12855	0.03218	0.02522	0.06740	0.25037	0.05922	0.04715	0.08185	0.00147	0.00271	0.24530	0.00253	0.00288
22	0.00409	0.00275	0.00316	0.00316	0.00319	0.00278	0.00182	0.00415	0.00412	0.00552	0.00878	0.01796	0.01003	0.84741	0.06776	0.00284	0.00302	0.00403	0.00169	0.00175
23	0.00402	0.00300	0.00443	0.00443	0.00490	0.00347	0.00340	0.00497	0.00449	0.00646	0.00762	0.01152	0.00724	0.07703	0.83431	0.00441	0.00723	0.00308	0.00152	0.00246
24	0.00376	0.00283	0.00340	0.00369	0.00412	0.00269	0.00254	0.00477	0.05909	0.00769	0.09030	0.47880	0.19129	0.11828	0.00480	0.00127	0.00175	0.01398	0.00256	0.00240
25	0.00430	0.00292	0.00349	0.00356	0.00373	0.00296	0.00231	0.02717	0.00472	0.00630	0.00981	0.06514	0.01105	0.65856	0.05616	0.01613	0.00290	0.11494	0.00188	0.00196
26	0.00409	0.00273	0.00307	0.00307	0.00307	0.00273	0.00170	0.00409	0.00409	0.00546	0.00887	0.01841	0.01023	0.90111	0.01432	0.00273	0.00273	0.00409	0.00170	0.00170
27	0.00564	0.01455	0.88653	0.00802	0.01218	0.00653	0.01040	0.00891	0.00594	0.00891	0.00505	0.00594	0.00356	0.00267	0.00267	0.00089	0.00416	0.00208	0.00119	0.00416
28	0.17741	0.00567	0.00606	0.00497	0.00667	0.00604	0.00400	0.33734	0.03741	0.15732	0.05062	0.01081	0.05509	0.09173	0.00384	0.00107	0.00255	0.03494	0.00261	0.00384
29	0.04585	0.00772	0.00827	0.00653	0.02367	0.00855	0.00529	0.80294	0.03564	0.01723	0.00674	0.00677	0.00481	0.00334	0.00277	0.00085	0.00304	0.00251	0.00275	0.00470
30	0.00348	0.00250	0.00331	0.00394	0.00416	0.00234	0.00269	0.00402	0.00548	0.00726	0.01600	0.82093	0.05294	0.00870	0.00360	0.00114	0.00167	0.05093	0.00261	0.00230
31	0.00341	0.00281	0.00300	0.00306	0.00389	0.00240	0.00226	0.00417	0.00646	0.00793	0.11153	0.11993	0.69649	0.00718	0.00336	0.00097	0.00145	0.01464	0.00266	0.00240
32	0.00561	0.00476	0.00557	0.00408	0.00638	0.00362	0.00324	0.00682	0.00594	0.00917	0.05217	0.02155	0.03021	0.01203	0.00234	0.00049	0.00203	0.00209	0.00178	0.82012
33	0.00591	0.00498	0.00540	0.00501	0.00633	0.00551	0.00392	0.01149	0.57866	0.01082	0.11260	0.01592	0.13848	0.00486	0.00307	0.00098	0.00204	0.07740	0.00283	0.00379
34	0.00394	0.00278	0.00349	0.00385	0.00410	0.00270	0.00259	0.03642	0.00550	0.00732	0.03514	0.56333	0.02866	0.23058	0.00624	0.00153	0.00200	0.05516	0.00240	0.00226
35	0.00394	0.00277	0.00340	0.00361	0.00386	0.00273	0.00244	0.00437	0.00498	0.00656	0.02553	0.19514	0.09853	0.44112	0.07530	0.00216	0.00271	0.11669	0.00209	0.00208
36	0.00366	0.00264	0.00348	0.00406	0.00437	0.00249	0.00290	0.01045	0.00573	0.00756	0.03367	0.68649	0.07217	0.00845	0.00361	0.00115	0.00177	0.14038	0.00262	0.00236
37	0.00342	0.00285	0.00298	0.00295	0.00386	0.00241	0.00221	0.00421	0.00663	0.00811	0.14612	0.02624	0.76449	0.00694	0.00332	0.00094	0.00141	0.00582	0.00268	0.00241
38	0.00375	0.00272	0.00349	0.00392	0.00430	0.00257	0.00284	0.00444	0.00578	0.00760	0.08219	0.45110	0.12472	0.10508	0.01188	0.00133	0.00194	0.17549	0.00254	0.00232
39	0.78459	0.00528	0.00456	0.00451	0.05178	0.00606	0.00341	0.00799	0.00489	0.01190	0.00449	0.00574	0.00369	0.00411	0.06928	0.00115	0.00265	0.01913	0.00172	0.00307
40	0.04037	0.00258	0.00365	0.00363	0.00370	0.00261	0.00242	0.00387	0.00374	0.00522	0.00511	0.00904	0.00516	0.06753	0.01085	0.82295	0.00245	0.00252	0.00127	0.00132
41	0.92099	0.00544	0.00414	0.00370	0.00544	0.00631	0.00305	0.00827	0.00479	0.01262	0.00392	0.00457	0.00305	0.00261	0.00174	0.00087	0.00218	0.00152	0.00174	0.00305
42	0.02518	0.00367	0.00481	0.00468	0.00535	0.03748	0.00365	0.02998	0.00507	0.03957	0.00764	0.01111	0.00702	0.03094	0.74509	0.00396	0.00682	0.02366	0.00165	0.00269
43	0.00703	0.00757	0.01559	0.01164	0.05802	0.00724	0.75020	0.08823	0.00723	0.00982	0.00577	0.00748	0.00433	0.00247	0.00325	0.00093	0.00452	0.00321	0.00155	0.00392
44	0.01961	0.00493	0.00571	0.00431	0.00644	0.00411	0.00340	0.08589	0.01234	0.00984	0.05006	0.03980	0.00621	0.03806	0.02758	0.00072	0.00230	0.00229	0.00188	0.67452
45	0.00590	0.01449	0.84015	0.00798	0.01199	0.05317	0.01013	0.00903	0.00605	0.00880	0.00501	0.00589	0.00357	0.00269	0.00267	0.00088	0.00421	0.00207	0.00120	0.00411
46	0.00531	0.00500	0.00844	0.89435	0.01938	0.00625	0.00781	0.00719	0.00563	0.00719	0.00500	0.00750	0.00375	0.00281	0.00281	0.00094	0.00375	0.00250	0.00125	0.00313
47	0.00357	0.00268	0.00338	0.00372	0.00418	0.00251	0.00266	0.00426	0.00579	0.00756	0.08068	0.46310	0.23907	0.02907	0.08494	0.00143	0.00218	0.05433	0.00252	0.00236
48	0.00659	0.00796	0.09976	0.01802	0.04344	0.03515	0.59303	0.04754	0.01438	0.00938	0.05250	0.00878	0.02257	0.01590	0.00335	0.00095	0.00425	0.01110	0.00160	0.00375
49	0.01251	0.00498	0.00665	0.00510	0.00728	0.00442	0.00421	0.06699	0.00837	0.83178	0.01083	0.00940	0.00683	0.00348	0.00283	0.00087	0.00244	0.00281	0.00344	0.00479
50	0.66513	0.00557	0.00481	0.00414	0.00583	0.00633	0.00336	0.15591	0.00643	0.01313	0.06799	0.00665	0.00531	0.03633	0.00251	0.00094	0.00229	0.00205	0.00202	0.00327
51	0.00398	0.00302	0.00372	0.00385	0.00452	0.00290	0.00299	0.00509	0.02878	0.00825	0.17458	0.05339	0.29214	0.09586	0.08880	0.00154	0.00243	0.21915	0.00251	0.00248
52	0.00402	0.00300	0.00447	0.00447	0.00495	0.00349	0.00345	0.00499	0.00451	0.00649	0.00759	0.01134	0.00716	0.05486	0.85637	0.00445	0.00735	0.00306	0.00151	0.00248
53	0.00364	0.00261	0.00345	0.00405	0.00431	0.00247	0.00287	0.00425	0.00554	0.00732	0.01557	0.68056	0.04988	0.05203	0.00415	0.00124	0.00184	0.14936	0.00256	0.00231
54	0.00361	0.00259	0.00334	0.00386	0.00411	0.00244	0.00265	0.00415	0.00544	0.00718	0.02889	0.64532	0.07062	0.11609	0.00489	0.00133	0.00184	0.08690	0.00251	0.00226
55	0.00411	0.00276	0.00321	0.00330	0.00337	0.00276	0.00200	0.00425	0.00436	0.00580	0.00968	0.05351	0.01111	0.78356	0.01294	0.00253	0.00267	0.08444	0.00182	0.00181
56	0.00402	0.00301	0.00452	0.00452	0.00502	0.00352	0.00352	0.00502	0.00452	0.00653	0.00754	0.01105	0.00703	0.02110	0.88996	0.00452	0.00754	0.00301	0.00151	0.00251
57	0.00700	0.00604	0.00636	0.00573	0.00732	0.00700	0.00445	0.01495	0.87848	0.01177	0.01145	0.01050	0.00859	0.00382	0.00286	0.00095	0.00223	0.00318	0.00286	0.00445
58	0.00354	0.00256	0.00337	0.00394	0.00421	0.00239	0.00274	0.00416	0.00567	0.00754	0.06645	0.73603	0.06181	0.00847	0.00359	0.00113	0.00168	0.07573	0.00264	0.00234
59	0.00408	0.00291	0.00345	0.00361	0.00391	0.00289	0.00238	0.00500	0.06813	0.00712	0.06730	0.29564	0.05999	0.40675	0.00829	0.00181	0.00216	0.03593	0.01643	0.00223
60	0.07812	0.00470	0.00584	0.00470	0.00644	0.00445	0.00377	0.08662	0.03229	0.52234	0.13452	0.02462	0.00972	0.06458	0.00361	0.00100	0.00229	0.00320	0.00309	0.00410
61	0.01070	0.00788	0.00844	0.00647	0.00873	0.00873	0.00535	0.87418	0.01323	0.01773	0.00676	0.00676	0.00479	0.00338	0.00281	0.00084	0.00310	0.00253	0.00281	0.00479
62	0.00353	0.00252	0.00337	0.00401	0.00421	0.00237	0.00276	0.00408	0.00546	0.00726	0.01534	0.81024	0.01826	0.02381	0.00380	0.00118	0.00173	0.08114	0.00259	0.00230
63	0.00583	0.00500	0.00583	0.00417	0.00667	0.00375	0.00333	0.00709	0.00583	0.00917	0.00500	0.00583	0.00417	0.00208	0.00208	0.00042	0.00208	0.00167	0.00167	0.91831
64	0.00377	0.00269	0.00361	0.00419	0.00450	0.00257	0.00308	0.00450	0.00576	0.00766	0.06084	0.59251	0.01807	0.04299	0.00407	0.00123	0.00191	0.23107	0.00260	0.00236
65	0.00351	0.00251	0.00336	0.00401	0.00421	0.00236	0.00275	0.00406	0.00547	0.00727	0.01546	0.83552	0.01843	0.00874	0.00361	0.00115	0.00170	0.07095	0.00261	0.00231
66	0.02447	0.00289	0.00353	0.00364	0.00425	0.00272	0.00268	0.00503	0.01483	0.02711	0.23922	0.23407	0.19736	0.04511	0.02541	0.03673	0.00183	0.07576	0.05088	0.00247
67	0.34473	0.00507	0.00509	0.00456	0.00598	0.00555	0.00368	0.20931	0.01829	0.03946	0.04810	0.12495	0.01401	0.00482	0.02397	0.00103	0.00242	0.09410	0.04156	0.00332
68	0.00348	0.00282	0.00312	0.00331	0.00407	0.00245	0.00249	0.00423	0.00625	0.00767	0.03947	0.19274	0.61308	0.00749	0.00343	0.00102	0.00158	0.09628	0.00262	0.00239
69	0.00401	0.00277	0.00331	0.00349	0.00366	0.00272	0.00227	0.00431	0.00473	0.00624	0.01168	0.15217	0.05893	0.58623	0.02665	0.00224	0.00256	0.11808	0.00200	0.00196
70	0.01872	0.00411	0.00533	0.00509	0.02544	0.05740	0.04934	0.03889	0.00521	0.00710	0.01574	0.01942	0.03345	0.15549	0.50215	0.04409	0.00562	0.00320	0.00163	0.00258
71	0.00365	0.00276	0.00336	0.00359	0.00413	0.00257	0.00260	0.00438	0.00590	0.00767	0.10534	0.29551	0.30901	0.07826	0.08429	0.00149	0.00222	0.06966	0.01127	0.00235
72	0.00459	0.01204	0.01138	0.00567	0.07507	0.02889	0.03010	0.01419	0.00510	0.00701	0.00889	0.04204	0.05375	0.08998	0.56495	0.00336	0.00585	0.03277	0.00165	0.00269
73	0.08165	0.04957	0.11838	0.00712	0.09740	0.19411	0.02722	0.12367	0.02823	0.04215	0.00720	0.06025	0.03393	0.02089	0.05836	0.00648	0.00367	0.01155	0.02457	0.00360
74	0.01330	0.03900	0.08579	0.00645	0.06631	0.16586	0.01895	0.13865	0.03967	0.01371	0.03458	0.11526	0.04754	0.06200	0.06834	0.00128	0.01086	0.06175	0.00735	0.00335

[dist]
# distance from previous block
# <min> <max>
1	2

[block]
# block no. 4 follows, 104 sequences, length 9
# corresponding to MSA columns:
# 180-188
name=unknown_E
#
# <colnr> <probs for GDERKNQSTAVLIFYWHMCP>
#	G	D	E	R	K	N	Q	S	T	A	V	L	I	F	Y	W	H	M	C	P
0	0.02860	0.00642	0.00683	0.00567	0.00738	0.02988	0.00455	0.42697	0.19627	0.01361	0.02732	0.04926	0.01802	0.02201	0.04206	0.00108	0.01345	0.03216	0.02496	0.04350
1	0.00450	0.00331	0.00392	0.00419	0.00470	0.02919	0.00301	0.03096	0.04058	0.04072	0.03415	0.52668	0.08483	0.06421	0.03998	0.00133	0.00219	0.07645	0.00253	0.00258
2	0.00656	0.04226	0.03204	0.00560	0.04881	0.07019	0.00430	0.13832	0.03966	0.05675	0.06046	0.03704	0.04237	0.11626	0.11081	0.00158	0.02742	0.11732	0.03900	0.00322
3	0.00436	0.00360	0.04178	0.00400	0.00461	0.00327	0.00306	0.03753	0.02143	0.00735	0.03617	0.09758	0.12635	0.35837	0.10350	0.00209	0.00299	0.13751	0.00210	0.00237
4	0.00555	0.00443	0.00524	0.00477	0.01686	0.04035	0.01830	0.10550	0.00616	0.00849	0.01907	0.07063	0.05159	0.16571	0.16076	0.03711	0.04895	0.05821	0.04509	0.12721
5	0.00448	0.00369	0.03785	0.00430	0.00488	0.02616	0.00329	0.02586	0.02861	0.02098	0.05397	0.36236	0.04639	0.16361	0.03468	0.02394	0.00242	0.14769	0.00234	0.00249
6	0.00462	0.04220	0.00442	0.00416	0.00473	0.03743	0.00306	0.03351	0.02665	0.00765	0.06059	0.31712	0.06683	0.17274	0.02416	0.03634	0.00236	0.12857	0.00228	0.02059
7	0.07069	0.02175	0.03463	0.01871	0.13532	0.10066	0.01411	0.10829	0.02775	0.01793	0.05652	0.05126	0.03571	0.09216	0.11193	0.03679	0.00354	0.05710	0.00193	0.00322
8	0.06264	0.03690	0.07576	0.00639	0.09044	0.16611	0.00480	0.07779	0.01498	0.07475	0.03537	0.06774	0.03169	0.11500	0.03687	0.02303	0.00330	0.05162	0.00196	0.02286

[dist]
# distance from previous block
# <min> <max>
0	10

[block]
# block no. 5 follows, 104 sequences, length 61
# corresponding to MSA columns:
# 199-259
name=unknown_F
#
# <colnr> <probs for GDERKNQSTAVLIFYWHMCP>
#	G	D	E	R	K	N	Q	S	T	A	V	L	I	F	Y	W	H	M	C	P
0	0.05170	0.03198	0.03796	0.00522	0.01479	0.16986	0.02428	0.05730	0.03499	0.00864	0.09251	0.08109	0.03375	0.10612	0.04784	0.03814	0.00316	0.11993	0.03227	0.00847
1	0.06140	0.04947	0.01572	0.00590	0.00728	0.30536	0.01443	0.18048	0.01334	0.01491	0.00685	0.04109	0.03069	0.04098	0.16015	0.00155	0.03135	0.01388	0.00185	0.00333
2	0.04038	0.01691	0.04456	0.00548	0.07613	0.05328	0.00978	0.03280	0.07035	0.00823	0.06462	0.12315	0.07611	0.18036	0.12581	0.00905	0.00324	0.04039	0.01651	0.00285
3	0.00374	0.00275	0.00348	0.00376	0.00414	0.00269	0.00266	0.00435	0.00532	0.00700	0.03320	0.32553	0.17281	0.18469	0.15796	0.00200	0.00290	0.07652	0.00225	0.00226
4	0.01110	0.00340	0.00387	0.00405	0.00451	0.03699	0.00291	0.04598	0.00584	0.00759	0.04894	0.30177	0.09806	0.20648	0.01755	0.05319	0.00232	0.14082	0.00229	0.00233
5	0.00404	0.00301	0.00431	0.00429	0.00472	0.00343	0.00323	0.00488	0.00457	0.00649	0.02448	0.02333	0.02681	0.15379	0.69551	0.00401	0.02178	0.00333	0.00160	0.00240
6	0.00405	0.00290	0.00353	0.00376	0.00418	0.00277	0.00260	0.04331	0.00591	0.01510	0.08379	0.43835	0.14139	0.18360	0.00562	0.00140	0.00192	0.05098	0.00249	0.00236
7	0.12086	0.00461	0.00494	0.00428	0.00549	0.00491	0.00334	0.24594	0.00776	0.04485	0.08767	0.02961	0.01518	0.12211	0.05046	0.00127	0.00252	0.03361	0.19918	0.01142
8	0.00413	0.00292	0.00392	0.00448	0.00494	0.00286	0.00357	0.00505	0.00592	0.00780	0.01488	0.29985	0.04312	0.08407	0.00463	0.00135	0.00224	0.48053	0.02132	0.00241
9	0.00444	0.00377	0.00385	0.00375	0.00462	0.04960	0.00280	0.04714	0.04805	0.00865	0.15240	0.11774	0.42861	0.05520	0.02497	0.00114	0.00200	0.03605	0.00257	0.00264
10	0.03050	0.00289	0.00360	0.00394	0.00431	0.00281	0.00283	0.01163	0.00550	0.02251	0.03558	0.37878	0.05178	0.23292	0.00625	0.00154	0.00213	0.18854	0.00964	0.00230
11	0.09494	0.00494	0.00625	0.00489	0.00693	0.00456	0.00402	0.07513	0.00812	0.68097	0.07158	0.00972	0.00783	0.00356	0.00276	0.00087	0.00235	0.00285	0.00325	0.00448
12	0.00410	0.00274	0.00313	0.00317	0.00320	0.00274	0.00184	0.00416	0.00421	0.00561	0.00923	0.03538	0.01063	0.84858	0.01370	0.00264	0.00270	0.03873	0.00176	0.00175
13	0.00355	0.00249	0.00325	0.00385	0.00405	0.00234	0.00259	0.00408	0.00541	0.00730	0.01529	0.79704	0.03559	0.03743	0.00388	0.00117	0.00167	0.02743	0.03930	0.00229
14	0.00391	0.00287	0.00363	0.00344	0.00411	0.00262	0.00256	0.00511	0.00764	0.01063	0.74762	0.02166	0.13012	0.03729	0.00371	0.00096	0.00139	0.00516	0.00299	0.00259
15	0.00716	0.00675	0.01127	0.01671	0.83846	0.00679	0.00847	0.05325	0.00676	0.00963	0.00537	0.00695	0.00447	0.00255	0.00279	0.00084	0.00333	0.00251	0.00147	0.00447
16	0.00425	0.00308	0.00417	0.00469	0.00531	0.00300	0.00394	0.00539	0.00645	0.00842	0.08378	0.13913	0.09240	0.00769	0.00376	0.00121	0.00227	0.61588	0.00264	0.00254
17	0.00583	0.00500	0.00583	0.00417	0.00667	0.00375	0.00333	0.00709	0.00583	0.00917	0.00500	0.00583	0.00417	0.00208	0.00208	0.00042	0.00208	0.00167	0.00167	0.91831
18	0.00442	0.00315	0.00440	0.00505	0.00564	0.00314	0.00433	0.00563	0.00636	0.00829	0.01496	0.12397	0.01645	0.00788	0.00386	0.00128	0.00249	0.77355	0.00259	0.00256
19	0.00409	0.00282	0.00342	0.00340	0.00356	0.00290	0.00213	0.00435	0.00429	0.00584	0.02176	0.01682	0.01918	0.67983	0.19936	0.00303	0.00370	0.00387	0.00169	0.01395
20	0.02613	0.00283	0.00352	0.00394	0.00431	0.00274	0.00283	0.00463	0.01823	0.00736	0.01509	0.43009	0.10240	0.17582	0.00559	0.00144	0.00204	0.18628	0.00242	0.00230
21	0.00402	0.00292	0.00360	0.00352	0.00405	0.00277	0.00249	0.00517	0.03733	0.00939	0.51657	0.10535	0.07713	0.19855	0.00570	0.00132	0.00171	0.01324	0.00271	0.00246
22	0.00616	0.00616	0.00862	0.00739	0.00739	0.00862	0.00616	0.00677	0.00431	0.00677	0.00369	0.00616	0.00369	0.00492	0.00923	0.00123	0.89596	0.00246	0.00123	0.00308
23	0.03915	0.00294	0.00364	0.00401	0.00440	0.00288	0.00279	0.05537	0.00587	0.00807	0.03752	0.70083	0.04225	0.04287	0.02036	0.00123	0.00189	0.01892	0.00255	0.00246
24	0.00489	0.00244	0.00367	0.00367	0.00367	0.00244	0.00244	0.00367	0.00367	0.00489	0.00489	0.00855	0.00489	0.00978	0.01100	0.91813	0.00244	0.00244	0.00122	0.00122
25	0.00343	0.00245	0.00326	0.00392	0.00408	0.00229	0.00261	0.00392	0.00539	0.00718	0.01551	0.89928	0.01861	0.00882	0.00359	0.00114	0.00163	0.00800	0.00261	0.00229
26	0.00568	0.00484	0.00567	0.00415	0.00651	0.00366	0.00329	0.00689	0.00581	0.00904	0.00566	0.06185	0.00507	0.00251	0.00218	0.00046	0.00206	0.00206	0.00173	0.86088
27	0.00732	0.00677	0.01103	0.03745	0.77018	0.00689	0.00827	0.09999	0.00711	0.01005	0.00544	0.00696	0.00447	0.00261	0.00279	0.00084	0.00333	0.00251	0.00154	0.00446
28	0.01262	0.00479	0.00653	0.00501	0.00718	0.00414	0.00414	0.01371	0.00805	0.88551	0.01110	0.00958	0.00697	0.00348	0.00283	0.00087	0.00239	0.00283	0.00348	0.00479
29	0.00616	0.00616	0.00862	0.00739	0.00739	0.00862	0.00616	0.00677	0.00431	0.00677	0.00369	0.00616	0.00369	0.00492	0.00923	0.00123	0.89596	0.00246	0.00123	0.00308
30	0.00397	0.00287	0.00375	0.00355	0.00420	0.00265	0.00265	0.00529	0.00792	0.01122	0.86819	0.03509	0.02642	0.00580	0.00332	0.00089	0.00133	0.00514	0.00309	0.00265
31	0.00564	0.01455	0.88653	0.00802	0.01218	0.00653	0.01040	0.00891	0.00594	0.00891	0.00505	0.00594	0.00356	0.00267	0.00267	0.00089	0.00416	0.00208	0.00119	0.00416
32	0.03109	0.00480	0.00648	0.00498	0.00715	0.00418	0.00411	0.01360	0.00799	0.86776	0.01095	0.00948	0.00689	0.00346	0.00281	0.00087	0.00239	0.00280	0.00345	0.00475
33	0.00626	0.00525	0.00606	0.00437	0.00685	0.00418	0.00351	0.08262	0.00648	0.00992	0.00515	0.00592	0.00422	0.00220	0.00215	0.00045	0.00217	0.00174	0.00177	0.83873
34	0.00395	0.00288	0.00359	0.00346	0.00418	0.00263	0.00259	0.00506	0.00731	0.02564	0.57694	0.07355	0.23052	0.00681	0.03737	0.00106	0.00163	0.00534	0.00290	0.00260
35	0.02573	0.00671	0.00740	0.00580	0.00779	0.00723	0.00472	0.59840	0.03934	0.14787	0.00853	0.00884	0.04082	0.05507	0.02172	0.00104	0.00295	0.00282	0.00280	0.00443
36	0.86753	0.00558	0.00439	0.00386	0.00563	0.00645	0.00318	0.05912	0.00528	0.01292	0.00408	0.00470	0.00315	0.00266	0.00180	0.00087	0.00223	0.00158	0.00180	0.00315
37	0.01063	0.00785	0.00841	0.00646	0.00870	0.00870	0.00533	0.85878	0.02873	0.01763	0.00684	0.00682	0.00485	0.00339	0.00282	0.00085	0.00308	0.00254	0.00282	0.00478
38	0.00449	0.00322	0.00447	0.00509	0.00575	0.00320	0.00444	0.00576	0.00647	0.00839	0.01544	0.03155	0.05099	0.00775	0.00386	0.00128	0.00254	0.83013	0.00259	0.00258
39	0.00339	0.00283	0.00296	0.00300	0.00388	0.00240	0.00224	0.00414	0.00646	0.00783	0.08416	0.07800	0.76116	0.00714	0.00335	0.00096	0.00145	0.01960	0.00264	0.00239
40	0.00343	0.00245	0.00326	0.00392	0.00408	0.00229	0.00261	0.00392	0.00539	0.00718	0.01551	0.89928	0.01861	0.00882	0.00359	0.00114	0.00163	0.00800	0.00261	0.00229
41	0.01262	0.00479	0.00653	0.00501	0.00718	0.00414	0.00414	0.01371	0.00805	0.88551	0.01110	0.00958	0.00697	0.00348	0.00283	0.00087	0.00239	0.00283	0.00348	0.00479
42	0.84653	0.00545	0.00437	0.00384	0.00562	0.00623	0.00316	0.02590	0.00516	0.06681	0.00442	0.00492	0.00332	0.00268	0.00183	0.00087	0.00221	0.00162	0.00187	0.00319
43	0.00371	0.00286	0.00339	0.00328	0.00404	0.00254	0.00245	0.00478	0.00731	0.00976	0.53029	0.04071	0.36200	0.00635	0.00333	0.00092	0.00137	0.00548	0.00290	0.00254
44	0.00378	0.00270	0.00366	0.00430	0.00461	0.00259	0.00320	0.00452	0.00571	0.00755	0.01522	0.61436	0.01773	0.02154	0.00384	0.00121	0.00195	0.27655	0.00259	0.00237
45	0.00343	0.00245	0.00326	0.00392	0.00408	0.00229	0.00261	0.00392	0.00539	0.00718	0.01551	0.89928	0.01861	0.00882	0.00359	0.00114	0.00163	0.00800	0.00261	0.00229
46	0.00703	0.00671	0.01137	0.01709	0.86855	0.00672	0.00858	0.02348	0.00652	0.00934	0.00532	0.00696	0.00446	0.00252	0.00279	0.00084	0.00334	0.00251	0.00142	0.00446
47	0.00350	0.00250	0.00335	0.00400	0.00420	0.00235	0.00274	0.00405	0.00546	0.00727	0.01547	0.84067	0.01845	0.00875	0.00361	0.00115	0.00170	0.06587	0.00261	0.00231
48	0.92099	0.00544	0.00414	0.00370	0.00544	0.00631	0.00305	0.00827	0.00479	0.01262	0.00392	0.00457	0.00305	0.00261	0.00174	0.00087	0.00218	0.00152	0.00174	0.00305
49	0.84068	0.00542	0.00428	0.00382	0.00554	0.00625	0.00313	0.00871	0.05125	0.02998	0.00454	0.00507	0.00348	0.00270	0.00183	0.00087	0.00217	0.00165	0.01548	0.00315
50	0.00403	0.00302	0.00452	0.00453	0.00504	0.00351	0.00354	0.00504	0.00456	0.00657	0.00767	0.01144	0.00720	0.02086	0.87356	0.00446	0.00745	0.01897	0.00153	0.00251
51	0.92099	0.00544	0.00414	0.00370	0.00544	0.00631	0.00305	0.00827	0.00479	0.01262	0.00392	0.00457	0.00305	0.00261	0.00174	0.00087	0.00218	0.00152	0.00174	0.00305
52	0.00359	0.00263	0.00339	0.00389	0.00425	0.00244	0.00277	0.00425	0.00577	0.00758	0.06403	0.61105	0.13407	0.02589	0.00379	0.00115	0.00173	0.11277	0.00262	0.00234
53	0.00368	0.00271	0.00342	0.00379	0.00419	0.00256	0.00271	0.00433	0.00566	0.00741	0.06576	0.42722	0.18182	0.10746	0.06144	0.00150	0.00219	0.10739	0.00247	0.00231
54	0.00531	0.00500	0.00844	0.89435	0.01938	0.00625	0.00781	0.00719	0.00563	0.00719	0.00500	0.00750	0.00375	0.00281	0.00281	0.00094	0.00375	0.00250	0.00125	0.00313
55	0.00419	0.00309	0.00381	0.00377	0.00449	0.00291	0.00288	0.02511	0.03058	0.01676	0.44589	0.09380	0.19302	0.04099	0.00381	0.00104	0.00166	0.11671	0.00283	0.00264
56	0.03829	0.00314	0.00374	0.00390	0.00436	0.00315	0.00282	0.04480	0.00555	0.00753	0.01316	0.20711	0.10272	0.32068	0.05318	0.00186	0.00258	0.17692	0.00221	0.00231
57	0.02891	0.04262	0.03637	0.00796	0.19825	0.09148	0.01166	0.18447	0.01367	0.01034	0.03691	0.05129	0.06140	0.01132	0.05704	0.00107	0.00326	0.05517	0.00199	0.09482
58	0.00388	0.00282	0.00349	0.00374	0.00421	0.00270	0.00273	0.00462	0.01380	0.00756	0.08912	0.24976	0.20298	0.15619	0.06309	0.01988	0.00230	0.14318	0.02165	0.00231
59	0.00416	0.00301	0.00368	0.00393	0.00438	0.00294	0.00281	0.03804	0.03623	0.00761	0.02198	0.37701	0.14210	0.17315	0.00582	0.03824	0.00205	0.12811	0.00241	0.00237
60	0.03498	0.00515	0.04710	0.00630	0.08181	0.02922	0.08096	0.09725	0.02789	0.00947	0.10164	0.12364	0.10914	0.08062	0.03259	0.00123	0.00280	0.10942	0.00223	0.01656

[dist]
# distance from previous block
# <min> <max>
3	7

[block]
# block no. 6 follows, 104 sequences, length 161
# corresponding to MSA columns:
# 267-427
name=unknown_G
#
# <colnr> <probs for GDERKNQSTAVLIFYWHMCP>
#	G	D	E	R	K	N	Q	S	T	A	V	L	I	F	Y	W	H	M	C	P
0	0.01663	0.00293	0.00356	0.00375	0.00412	0.01307	0.00263	0.00452	0.00509	0.00679	0.01958	0.22139	0.13551	0.28163	0.16592	0.01845	0.00314	0.08109	0.00799	0.00220
1	0.08203	0.01076	0.00761	0.00711	0.04982	0.56934	0.00524	0.14420	0.00824	0.00915	0.00525	0.00666	0.00442	0.01613	0.03291	0.00094	0.00442	0.03057	0.00173	0.00347
2	0.01753	0.00437	0.00499	0.00459	0.00540	0.06043	0.03279	0.09975	0.03732	0.00844	0.07557	0.07425	0.10516	0.20453	0.21652	0.01126	0.00378	0.02854	0.00208	0.00272
3	0.00391	0.00295	0.00343	0.00353	0.00407	0.01450	0.00252	0.00452	0.00568	0.01595	0.08746	0.17061	0.31047	0.19018	0.09822	0.02189	0.00250	0.05301	0.00231	0.00228
4	0.01018	0.00267	0.00363	0.00377	0.00392	0.00267	0.00258	0.01121	0.00446	0.00598	0.01489	0.15717	0.02202	0.18272	0.05805	0.43493	0.00264	0.07305	0.00172	0.00174
5	0.00368	0.00288	0.00327	0.00335	0.00408	0.00257	0.00253	0.00450	0.00641	0.00809	0.16676	0.05930	0.49947	0.09798	0.00453	0.00117	0.00171	0.12274	0.00260	0.00238
6	0.11929	0.00590	0.00591	0.00504	0.00655	0.06378	0.00405	0.33385	0.03497	0.02347	0.16881	0.02322	0.11328	0.00481	0.01950	0.00096	0.00259	0.05785	0.00259	0.00358
7	0.00351	0.00273	0.00320	0.00344	0.00404	0.00245	0.00248	0.00420	0.00605	0.00767	0.08722	0.33187	0.42327	0.03298	0.03390	0.00120	0.00178	0.04306	0.00259	0.00236
8	0.13842	0.00741	0.00774	0.00601	0.00817	0.00821	0.00496	0.72281	0.01184	0.03842	0.00649	0.00656	0.00462	0.00327	0.00266	0.00085	0.00293	0.00240	0.01171	0.00452
9	0.00365	0.00262	0.00349	0.00407	0.00436	0.00247	0.00291	0.00432	0.00572	0.00760	0.05996	0.66932	0.04720	0.01846	0.00374	0.00117	0.00178	0.15220	0.00262	0.00235
10	0.02416	0.00295	0.00362	0.00368	0.00424	0.00282	0.00266	0.02235	0.02370	0.00854	0.26164	0.22992	0.17959	0.06173	0.01596	0.10077	0.00183	0.04492	0.00252	0.00238
11	0.89003	0.00552	0.00428	0.00379	0.00555	0.00639	0.00313	0.03772	0.00508	0.01280	0.00401	0.00465	0.00311	0.00264	0.00178	0.00087	0.00221	0.00156	0.00178	0.00311
12	0.63923	0.00549	0.00489	0.00432	0.00602	0.00619	0.00359	0.13444	0.00635	0.04631	0.00610	0.00842	0.01311	0.00339	0.00220	0.00092	0.00236	0.10129	0.00207	0.00331
13	0.00402	0.00288	0.00351	0.00361	0.00410	0.00273	0.00256	0.01253	0.02531	0.01312	0.25685	0.23206	0.14762	0.18344	0.00562	0.00984	0.00183	0.06388	0.02212	0.00239
14	0.00370	0.00273	0.00349	0.00385	0.00426	0.00260	0.00275	0.01235	0.00572	0.00753	0.06753	0.48257	0.16367	0.05814	0.08456	0.00765	0.00228	0.07979	0.00248	0.00235
15	0.00388	0.00296	0.00354	0.00348	0.00424	0.00269	0.00264	0.02107	0.00727	0.00966	0.45287	0.07032	0.33472	0.00650	0.00336	0.00095	0.00150	0.06291	0.00286	0.00257
16	0.13566	0.00717	0.00744	0.00582	0.00789	0.00796	0.00479	0.69374	0.01155	0.01652	0.00654	0.00672	0.00472	0.00327	0.00261	0.00083	0.00284	0.00240	0.06713	0.00439
17	0.00374	0.00259	0.00326	0.00367	0.00390	0.00247	0.00246	0.00424	0.00528	0.00716	0.03648	0.54860	0.05082	0.20313	0.01809	0.00150	0.00196	0.04561	0.05282	0.00221
18	0.00420	0.00344	0.00431	0.00445	0.03501	0.02089	0.03195	0.01747	0.00665	0.00857	0.19560	0.12185	0.33116	0.05174	0.00396	0.00110	0.00196	0.15052	0.00256	0.00260
19	0.00518	0.00263	0.00263	0.00263	0.00330	0.00261	0.00197	0.00647	0.00592	0.01039	0.00987	0.01108	0.03834	0.00342	0.00202	0.00067	0.00132	0.00274	0.88422	0.00261
20	0.00362	0.00258	0.00338	0.00393	0.00417	0.00244	0.00272	0.00416	0.00544	0.00721	0.02352	0.67997	0.04839	0.09388	0.00464	0.00130	0.00183	0.10202	0.00253	0.00227
21	0.00506	0.00445	0.00636	0.50037	0.01274	0.03953	0.00559	0.00645	0.00570	0.00749	0.02123	0.08310	0.07263	0.06522	0.02403	0.00114	0.01253	0.03296	0.09058	0.00282
22	0.00673	0.00813	0.05773	0.01151	0.01437	0.03848	0.80137	0.00909	0.00666	0.00893	0.00561	0.00742	0.00421	0.00241	0.00326	0.00094	0.00473	0.00321	0.00141	0.00379
23	0.00562	0.00443	0.00496	0.00450	0.00560	0.01199	0.00346	0.11732	0.24274	0.01135	0.35006	0.06156	0.10477	0.03499	0.00352	0.00099	0.00193	0.02404	0.00285	0.00333
24	0.00752	0.90280	0.01474	0.00481	0.00722	0.01113	0.00481	0.00843	0.00572	0.00662	0.00391	0.00451	0.00361	0.00241	0.00181	0.00060	0.00301	0.00150	0.00120	0.00361
25	0.00405	0.00296	0.00390	0.00443	0.00491	0.00289	0.00345	0.00518	0.03761	0.00795	0.03242	0.40024	0.07482	0.02845	0.00391	0.00122	0.00207	0.37446	0.00260	0.00249
26	0.00703	0.00671	0.01137	0.01709	0.86873	0.00672	0.00858	0.02331	0.00652	0.00934	0.00532	0.00696	0.00446	0.00252	0.00279	0.00084	0.00334	0.00251	0.00142	0.00446
27	0.00909	0.00599	0.00691	0.00581	0.02737	0.00629	0.00459	0.48203	0.01038	0.15853	0.05950	0.11678	0.03984	0.00452	0.00301	0.00091	0.00262	0.04881	0.00287	0.00416
28	0.00350	0.00258	0.00329	0.00383	0.00417	0.00238	0.00268	0.00409	0.00566	0.00736	0.01777	0.67590	0.17167	0.00843	0.00357	0.00112	0.00167	0.07541	0.00261	0.00233
29	0.00349	0.00286	0.00308	0.00302	0.00390	0.00245	0.00227	0.00436	0.00680	0.00853	0.24355	0.02555	0.66679	0.00678	0.00332	0.00093	0.00140	0.00572	0.00274	0.00245
30	0.01262	0.00479	0.00653	0.00501	0.00718	0.00414	0.00414	0.01371	0.00805	0.88551	0.01110	0.00958	0.00697	0.00348	0.00283	0.00087	0.00239	0.00283	0.00348	0.00479
31	0.00402	0.00299	0.00441	0.00446	0.00493	0.00343	0.00344	0.00497	0.00460	0.00657	0.00811	0.04229	0.00788	0.06119	0.78965	0.00422	0.00695	0.03185	0.00159	0.00247
32	0.01060	0.00782	0.00839	0.00643	0.00868	0.00863	0.00531	0.85683	0.01308	0.01756	0.00672	0.00674	0.00477	0.00335	0.00280	0.00084	0.00308	0.00252	0.00279	0.02306
33	0.01070	0.00788	0.00844	0.00647	0.00873	0.00873	0.00535	0.87418	0.01323	0.01773	0.00676	0.00676	0.00479	0.00338	0.00281	0.00084	0.00310	0.00253	0.00281	0.00479
34	0.00391	0.00287	0.00367	0.00347	0.00416	0.00263	0.00260	0.00518	0.00780	0.01090	0.79375	0.02165	0.11511	0.00589	0.00332	0.00089	0.00134	0.00518	0.00305	0.00263
35	0.02254	0.00478	0.00595	0.00478	0.00649	0.00457	0.00386	0.17512	0.00891	0.43048	0.25677	0.01268	0.03590	0.00419	0.00296	0.00087	0.00219	0.00348	0.00941	0.00408
36	0.00616	0.00616	0.00862	0.00739	0.00739	0.00862	0.00616	0.00677	0.00431	0.00677	0.00369	0.00616	0.00369	0.00492	0.00923	0.00123	0.89596	0.00246	0.00123	0.00308
37	0.00453	0.00324	0.00453	0.00518	0.00583	0.00324	0.00453	0.00583	0.00648	0.00842	0.01490	0.03174	0.01619	0.00777	0.00389	0.00130	0.00259	0.86462	0.00259	0.00259
38	0.56836	0.00670	0.00568	0.00477	0.00664	0.07897	0.00389	0.23464	0.00740	0.05274	0.00502	0.00541	0.00372	0.00287	0.00214	0.00085	0.00266	0.00187	0.00208	0.00360
39	0.00363	0.00275	0.00330	0.00364	0.00415	0.00251	0.00265	0.00429	0.00585	0.00744	0.03621	0.35639	0.32633	0.09244	0.00455	0.00124	0.00180	0.13600	0.00253	0.00232
40	0.00446	0.00310	0.00405	0.00405	0.00475	0.00297	0.00320	0.00591	0.03520	0.03501	0.51683	0.05729	0.03752	0.02675	0.00367	0.00104	0.00176	0.22875	0.02095	0.00271
41	0.00348	0.00265	0.00322	0.00361	0.00410	0.00239	0.00257	0.00413	0.00591	0.00757	0.05575	0.50908	0.31705	0.00804	0.00351	0.00107	0.00161	0.05926	0.00263	0.00235
42	0.38484	0.00547	0.00538	0.00453	0.00622	0.00595	0.00369	0.22414	0.02265	0.12247	0.03490	0.00882	0.02674	0.03323	0.00277	0.00093	0.00236	0.03597	0.06534	0.00360
