[name]
ND4L

[dist]
# distance from previous block
# <min> <max>
0	10

[block]
# block no. 0 follows, 94 sequences, length 24
# corresponding to MSA columns:
# 10-33
name=unknown_A
#
# <colnr> <probs for GDERKNQSTAVLIFYWHMCP>
#	G	D	E	R	K	N	Q	S	T	A	V	L	I	F	Y	W	H	M	C	P
0	0.01340	0.01316	0.00584	0.00546	0.00646	0.13773	0.02194	0.09531	0.00749	0.00939	0.07465	0.09298	0.11400	0.05548	0.12013	0.03390	0.01362	0.17361	0.00238	0.00306
1	0.02459	0.01203	0.02518	0.00533	0.03741	0.04191	0.00398	0.09213	0.03432	0.00943	0.08956	0.11306	0.11248	0.08467	0.08167	0.11478	0.00311	0.10903	0.00237	0.00295
2	0.02344	0.00370	0.00448	0.01470	0.01817	0.03373	0.00349	0.01646	0.00635	0.01472	0.10669	0.25305	0.09736	0.10273	0.10719	0.03764	0.01067	0.14026	0.00249	0.00267
3	0.03229	0.00363	0.00431	0.00432	0.00505	0.00363	0.00320	0.06763	0.02770	0.01689	0.11407	0.21343	0.17307	0.14513	0.07763	0.00172	0.00268	0.09817	0.00265	0.00281
4	0.00605	0.00459	0.00517	0.00466	0.00576	0.02501	0.01256	0.13186	0.04838	0.01989	0.06555	0.14521	0.09918	0.18379	0.04281	0.00152	0.00272	0.04033	0.05533	0.09964
5	0.00517	0.00378	0.00453	0.00456	0.00529	0.00966	0.00342	0.10888	0.01763	0.00999	0.12771	0.30743	0.10912	0.07800	0.03162	0.01151	0.00237	0.12598	0.03040	0.00292
6	0.01595	0.00379	0.00435	0.00416	0.00490	0.01212	0.00300	0.07708	0.01633	0.02176	0.15193	0.11307	0.13847	0.28540	0.03384	0.00176	0.00254	0.06930	0.01011	0.03013
7	0.02399	0.00362	0.00446	0.00477	0.00549	0.01307	0.00382	0.03324	0.00690	0.03046	0.04659	0.16459	0.11064	0.08553	0.00485	0.00138	0.00244	0.40329	0.04805	0.00281
8	0.00464	0.00314	0.00387	0.00394	0.00429	0.00314	0.00272	0.00517	0.00543	0.02722	0.04980	0.05550	0.08233	0.47398	0.13441	0.00264	0.00343	0.11299	0.01905	0.00233
9	0.00486	0.00391	0.00419	0.00426	0.00487	0.05011	0.00306	0.03137	0.03283	0.00843	0.09296	0.21050	0.18091	0.23405	0.02852	0.00169	0.00255	0.09576	0.00255	0.00263
10	0.05887	0.00449	0.00510	0.00472	0.00580	0.00450	0.01938	0.15292	0.00809	0.02143	0.10256	0.14491	0.15198	0.08087	0.00442	0.00123	0.00234	0.07948	0.14358	0.00332
11	0.73755	0.00596	0.00495	0.00431	0.00617	0.00678	0.00351	0.09248	0.00623	0.04016	0.00567	0.00660	0.02450	0.04133	0.00267	0.00103	0.00248	0.00204	0.00209	0.00348
12	0.01243	0.00480	0.00469	0.00468	0.00552	0.11038	0.00346	0.03213	0.04584	0.04582	0.11536	0.29591	0.14388	0.04082	0.00394	0.00114	0.00237	0.06546	0.05837	0.00301
13	0.00555	0.00356	0.00469	0.00485	0.02665	0.00354	0.00342	0.06858	0.00644	0.06093	0.06335	0.28497	0.03690	0.11847	0.06985	0.15040	0.00281	0.07987	0.00246	0.00272
14	0.00688	0.04402	0.00659	0.00603	0.06957	0.02694	0.00446	0.20547	0.04669	0.02044	0.26519	0.01801	0.11786	0.00538	0.00333	0.00098	0.00246	0.10432	0.04167	0.00369
15	0.00445	0.00308	0.00363	0.00368	0.00384	0.00312	0.00229	0.00488	0.02603	0.00664	0.03225	0.09393	0.03198	0.65744	0.09173	0.00283	0.00325	0.02081	0.00203	0.00212
16	0.00691	0.00466	0.00535	0.00468	0.00584	0.00482	0.00358	0.23335	0.02841	0.05369	0.23107	0.07974	0.05422	0.10547	0.04282	0.00134	0.00252	0.00433	0.12370	0.00349
17	0.02488	0.00585	0.00656	0.00579	0.02592	0.00627	0.00435	0.40656	0.03494	0.02404	0.02318	0.16464	0.04364	0.16051	0.02169	0.00143	0.00295	0.03023	0.00273	0.00384
18	0.01567	0.01527	0.00940	0.02956	0.34313	0.23760	0.01902	0.06670	0.03600	0.00974	0.03252	0.03954	0.00729	0.03738	0.01638	0.00107	0.00394	0.07386	0.00191	0.00402
19	0.03719	0.00596	0.00863	0.51152	0.07252	0.04414	0.01814	0.06611	0.00682	0.04671	0.00693	0.02263	0.03025	0.00506	0.07582	0.00133	0.03200	0.00293	0.00171	0.00361
20	0.00768	0.01672	0.02063	0.01620	0.67124	0.03999	0.04584	0.04323	0.03361	0.01023	0.00648	0.00884	0.00554	0.00345	0.01988	0.00101	0.00378	0.03932	0.00168	0.00464
21	0.00679	0.00684	0.00859	0.00750	0.00776	0.07593	0.00614	0.00786	0.04265	0.00756	0.00502	0.00766	0.00479	0.02273	0.11025	0.00173	0.66264	0.00276	0.00148	0.00333
22	0.00390	0.00279	0.00358	0.00411	0.00437	0.00262	0.00278	0.00446	0.00595	0.00790	0.06128	0.64427	0.07406	0.11986	0.00535	0.00144	0.00194	0.04417	0.00274	0.00245
23	0.00377	0.00271	0.00356	0.00422	0.00444	0.00253	0.00284	0.00432	0.00589	0.00781	0.01726	0.80764	0.05705	0.03528	0.00424	0.00129	0.00182	0.02804	0.00281	0.00248

[dist]
# distance from previous block
# <min> <max>
0	1

[block]
# block no. 1 follows, 94 sequences, length 19
# corresponding to MSA columns:
# 35-53
name=unknown_B
#
# <colnr> <probs for GDERKNQSTAVLIFYWHMCP>
#	G	D	E	R	K	N	Q	S	T	A	V	L	I	F	Y	W	H	M	C	P
0	0.00664	0.00474	0.00575	0.00574	0.05259	0.00478	0.00427	0.19744	0.02890	0.06008	0.07734	0.17870	0.17200	0.00652	0.00355	0.00109	0.00241	0.15934	0.02459	0.00354
1	0.00632	0.00489	0.00560	0.00530	0.00649	0.00527	0.00418	0.06921	0.32925	0.02550	0.13893	0.03275	0.06289	0.09232	0.00469	0.00129	0.00243	0.19606	0.00295	0.00368
2	0.00376	0.00269	0.00361	0.00429	0.00448	0.00255	0.00288	0.00431	0.00582	0.00778	0.01649	0.85173	0.01969	0.01018	0.04252	0.00140	0.00206	0.00846	0.00279	0.00250
3	0.00389	0.00275	0.00362	0.00420	0.00446	0.00257	0.00287	0.00441	0.00595	0.00789	0.04608	0.70924	0.06818	0.03471	0.00458	0.04136	0.00187	0.04614	0.00276	0.00245
4	0.02261	0.00790	0.00832	0.00657	0.00877	0.03497	0.00538	0.66390	0.04937	0.04289	0.05504	0.00987	0.04530	0.00408	0.00312	0.00094	0.00316	0.01996	0.00303	0.00483
5	0.00379	0.00276	0.00356	0.00416	0.00446	0.00256	0.00284	0.00440	0.00606	0.00798	0.03997	0.72593	0.10957	0.02953	0.00415	0.00126	0.00181	0.03988	0.00283	0.00250
6	0.00614	0.01583	0.87658	0.00872	0.01325	0.00711	0.01131	0.00969	0.00646	0.00969	0.00549	0.00646	0.00388	0.00291	0.00291	0.00097	0.00452	0.00226	0.00129	0.00452
7	0.00434	0.00303	0.00374	0.00380	0.00401	0.00312	0.00246	0.00470	0.00485	0.00653	0.01111	0.08364	0.05716	0.56220	0.21428	0.00316	0.00401	0.01975	0.00195	0.00216
8	0.00430	0.00346	0.00420	0.00472	0.04338	0.00320	0.00347	0.00555	0.03687	0.00881	0.05229	0.13840	0.44953	0.00777	0.00377	0.00115	0.00202	0.22149	0.00280	0.00282
9	0.00571	0.00381	0.00476	0.00441	0.00541	0.00367	0.00347	0.08412	0.00867	0.07234	0.50531	0.02249	0.09029	0.02884	0.00389	0.00107	0.00194	0.12602	0.02058	0.00320
10	0.00382	0.00275	0.00363	0.00426	0.00453	0.00257	0.00293	0.00446	0.00612	0.00814	0.06209	0.76220	0.05732	0.00927	0.00390	0.00123	0.00180	0.05358	0.00287	0.00253
11	0.06570	0.00646	0.00637	0.00543	0.00702	0.08527	0.00432	0.32238	0.01757	0.04690	0.11291	0.02345	0.13877	0.05175	0.00382	0.00107	0.00282	0.05913	0.03505	0.00383
12	0.00415	0.00316	0.00383	0.00420	0.00476	0.00299	0.00299	0.02310	0.05235	0.00863	0.04453	0.55118	0.22312	0.00858	0.00378	0.00118	0.00183	0.05004	0.00287	0.00272
13	0.00435	0.00298	0.00351	0.00357	0.00368	0.00300	0.00216	0.00454	0.00470	0.00629	0.01083	0.09149	0.04148	0.69718	0.10516	0.00296	0.00337	0.00475	0.00195	0.00202
14	0.03560	0.00355	0.00418	0.00427	0.00484	0.00361	0.00308	0.04490	0.05226	0.00873	0.05344	0.21216	0.08363	0.27449	0.03367	0.01420	0.00258	0.13000	0.02816	0.00265
15	0.02062	0.00355	0.00416	0.00428	0.00482	0.01889	0.00998	0.04302	0.01835	0.00833	0.02534	0.30258	0.12707	0.23034	0.05798	0.00183	0.00269	0.08527	0.02829	0.00260
16	0.00418	0.00303	0.00391	0.00439	0.00485	0.00288	0.00329	0.00500	0.00636	0.00831	0.06576	0.38018	0.12935	0.10651	0.00524	0.00144	0.00217	0.25784	0.00276	0.00255
17	0.00536	0.00401	0.00468	0.00447	0.00518	0.02138	0.00328	0.09860	0.03223	0.00918	0.09833	0.08513	0.09087	0.24345	0.21717	0.00247	0.00387	0.03825	0.02922	0.00284
18	0.01862	0.00485	0.02204	0.00462	0.00545	0.09823	0.00352	0.02332	0.00670	0.03059	0.09546	0.15024	0.20805	0.13234	0.08703	0.00169	0.02395	0.06321	0.01727	0.00282

[dist]
# distance from previous block
# <min> <max>
0	2

[block]
# block no. 2 follows, 94 sequences, length 47
# corresponding to MSA columns:
# 56-102
name=unknown_C
#
# <colnr> <probs for GDERKNQSTAVLIFYWHMCP>
#	G	D	E	R	K	N	Q	S	T	A	V	L	I	F	Y	W	H	M	C	P
0	0.00464	0.00334	0.00422	0.00458	0.00506	0.00331	0.00330	0.06602	0.02750	0.00907	0.06035	0.57564	0.02551	0.06358	0.01258	0.00136	0.00215	0.11407	0.01097	0.00277
1	0.03378	0.00602	0.01802	0.00546	0.02288	0.14811	0.00413	0.11091	0.01347	0.02742	0.12549	0.15481	0.06572	0.07450	0.03500	0.00130	0.00305	0.09575	0.05091	0.00323
2	0.05439	0.00548	0.01231	0.00546	0.03147	0.07109	0.01105	0.17466	0.00775	0.03170	0.03417	0.08780	0.10662	0.18137	0.06120	0.02759	0.00325	0.08245	0.00697	0.00322
3	0.01686	0.00429	0.02678	0.00469	0.00550	0.03019	0.01298	0.05811	0.03768	0.00860	0.02595	0.15747	0.13855	0.17447	0.21153	0.00234	0.00387	0.05898	0.01832	0.00284
4	0.11137	0.07691	0.09196	0.00669	0.03916	0.24014	0.01644	0.10870	0.01386	0.01017	0.04682	0.08765	0.00783	0.05831	0.02541	0.00115	0.00379	0.04139	0.00202	0.01024
5	0.07383	0.00526	0.00530	0.00501	0.00586	0.11575	0.00998	0.04246	0.01960	0.02354	0.02364	0.08355	0.08880	0.14068	0.27735	0.00777	0.03690	0.01247	0.01931	0.00293
6	0.02109	0.29098	0.42186	0.00730	0.01070	0.08343	0.00821	0.10554	0.00745	0.00986	0.00523	0.00597	0.00404	0.00292	0.00260	0.00085	0.00405	0.00209	0.00153	0.00431
7	0.02073	0.00474	0.04731	0.01917	0.01950	0.05336	0.00408	0.04270	0.01132	0.00873	0.03745	0.25761	0.13224	0.08214	0.09650	0.00170	0.00318	0.15219	0.00245	0.00290
8	0.00525	0.00395	0.00504	0.00483	0.00547	0.01805	0.00363	0.08288	0.02713	0.00812	0.00869	0.01386	0.00845	0.22390	0.54356	0.00386	0.00623	0.02240	0.00188	0.00282
9	0.00445	0.00313	0.00367	0.00377	0.00405	0.00310	0.00247	0.00507	0.03314	0.00718	0.05353	0.10418	0.09155	0.55583	0.02769	0.00236	0.00272	0.08760	0.00224	0.00224
10	0.02847	0.00451	0.00522	0.00497	0.00604	0.00462	0.00381	0.18781	0.06294	0.01732	0.07559	0.34335	0.10038	0.00694	0.00353	0.00110	0.00225	0.09512	0.01667	0.02936
11	0.00474	0.00347	0.00453	0.00495	0.00567	0.00338	0.00407	0.03688	0.00726	0.00948	0.09962	0.17802	0.13155	0.00817	0.00399	0.00127	0.00236	0.48490	0.00289	0.00282
12	0.00429	0.00323	0.00409	0.00416	0.00483	0.00318	0.00314	0.02210	0.00665	0.00884	0.18047	0.12890	0.24263	0.07459	0.20856	0.00212	0.00337	0.08957	0.00259	0.00269
13	0.00441	0.00302	0.00368	0.00377	0.00391	0.00309	0.00240	0.00469	0.00477	0.00643	0.01034	0.08911	0.01167	0.64262	0.14618	0.00305	0.00366	0.04916	0.00195	0.00209
14	0.00384	0.00278	0.00361	0.00423	0.00452	0.00259	0.00292	0.00444	0.00601	0.00790	0.01792	0.71451	0.10025	0.03783	0.00428	0.00129	0.00187	0.07390	0.00281	0.00250
15	0.01603	0.00491	0.00541	0.00491	0.00624	0.00523	0.00379	0.04780	0.37767	0.02771	0.29057	0.01802	0.16838	0.00542	0.00335	0.00101	0.00200	0.00460	0.00314	0.00382
16	0.00432	0.00300	0.00350	0.00353	0.00377	0.00291	0.00222	0.00470	0.00550	0.00734	0.14293	0.08089	0.09283	0.58852	0.01151	0.00232	0.00252	0.03326	0.00227	0.00215
17	0.00937	0.00641	0.00712	0.00588	0.00769	0.00690	0.00478	0.45841	0.08297	0.08070	0.02515	0.03358	0.03587	0.00472	0.00347	0.03759	0.00280	0.07593	0.10631	0.00435
18	0.00466	0.00320	0.00417	0.00388	0.00468	0.00294	0.00293	0.00607	0.00861	0.04424	0.80913	0.02264	0.05879	0.00622	0.00359	0.00096	0.00149	0.00548	0.00337	0.00296
19	0.00571	0.00285	0.00285	0.00285	0.00357	0.00285	0.00214	0.00713	0.00642	0.01141	0.00998	0.01141	0.00784	0.00357	0.00214	0.00071	0.00143	0.00285	0.90943	0.00285
20	0.00641	0.01548	0.83420	0.00864	0.01306	0.00722	0.01104	0.05139	0.00685	0.01016	0.00558	0.00651	0.00394	0.00295	0.00292	0.00097	0.00447	0.00229	0.00138	0.00456
21	0.70408	0.00624	0.00540	0.00458	0.00660	0.00703	0.00378	0.13205	0.00684	0.09161	0.00540	0.00580	0.00397	0.00305	0.00217	0.00094	0.00253	0.00194	0.00223	0.00376
22	0.00903	0.00487	0.00606	0.00501	0.00665	0.00468	0.00399	0.12819	0.06197	0.33553	0.34810	0.01561	0.04716	0.00490	0.00331	0.00096	0.00221	0.00414	0.00345	0.00418
23	0.00388	0.00281	0.00369	0.00427	0.00458	0.00266	0.00298	0.00453	0.00603	0.00798	0.03902	0.66592	0.08885	0.03508	0.04705	0.00146	0.00218	0.07176	0.00277	0.00252
24	0.91406	0.00592	0.00450	0.00402	0.00592	0.00687	0.00331	0.00900	0.00521	0.01373	0.00426	0.00497	0.00331	0.00284	0.00189	0.00095	0.00237	0.00166	0.00189	0.00331
25	0.00382	0.00275	0.00363	0.00423	0.00451	0.00256	0.00290	0.00447	0.00618	0.00824	0.08686	0.75376	0.05551	0.00920	0.00388	0.00122	0.00178	0.03909	0.00288	0.00253
26	0.03144	0.00753	0.00817	0.00639	0.00855	0.00822	0.00523	0.67922	0.01302	0.04805	0.12017	0.00953	0.00840	0.00399	0.00308	0.00092	0.00302	0.00311	0.02715	0.00480
27	0.00390	0.00310	0.00347	0.00364	0.00440	0.00275	0.00262	0.02621	0.00690	0.00866	0.08062	0.31556	0.51099	0.00816	0.00370	0.00110	0.00166	0.00705	0.00288	0.00264
28	0.00380	0.00273	0.00362	0.00426	0.00450	0.00254	0.00290	0.00441	0.00607	0.00809	0.05895	0.79701	0.04140	0.00934	0.00390	0.00123	0.00179	0.03808	0.00287	0.00252
29	0.00450	0.00341	0.00419	0.00397	0.00482	0.00324	0.00301	0.00643	0.07837	0.01162	0.65064	0.02323	0.15782	0.00637	0.00359	0.00099	0.00157	0.02597	0.00325	0.00300
30	0.02101	0.00796	0.00802	0.00670	0.02223	0.10317	0.00528	0.55455	0.01952	0.01538	0.03088	0.08001	0.00719	0.00586	0.08093	0.00128	0.00380	0.00327	0.01849	0.00445
31	0.00457	0.00328	0.00449	0.00511	0.00568	0.00323	0.00420	0.00572	0.00672	0.00880	0.04416	0.22249	0.05016	0.03080	0.02608	0.00147	0.00263	0.56490	0.00279	0.00271
32	0.00397	0.00322	0.00345	0.00335	0.00431	0.00281	0.00250	0.02379	0.00740	0.00924	0.20031	0.02730	0.65155	0.03837	0.00402	0.00108	0.00162	0.00612	0.00292	0.00268
33	0.00578	0.00544	0.00918	0.88508	0.02108	0.00680	0.00850	0.00782	0.00612	0.00782	0.00544	0.00816	0.00408	0.00306	0.00306	0.00102	0.00408	0.00272	0.00136	0.00340
34	0.04478	0.00694	0.04942	0.00609	0.00798	0.00728	0.00508	0.26994	0.36634	0.01402	0.02891	0.01121	0.02895	0.00513	0.04900	0.00119	0.00302	0.03296	0.05730	0.00448
35	0.00643	0.00644	0.02488	0.00791	0.06101	0.04499	0.01459	0.00729	0.00516	0.00760	0.01869	0.00855	0.00544	0.05695	0.14052	0.00190	0.56522	0.00289	0.01025	0.00329
36	0.91406	0.00592	0.00450	0.00402	0.00592	0.00687	0.00331	0.00900	0.00521	0.01373	0.00426	0.00497	0.00331	0.00284	0.00189	0.00095	0.00237	0.00166	0.00189	0.00331
37	0.03362	0.01265	0.00852	0.00772	0.02773	0.64961	0.00578	0.14924	0.02772	0.00973	0.00575	0.03699	0.00484	0.00347	0.00284	0.00084	0.00486	0.00237	0.00190	0.00383
38	0.00827	0.87094	0.01584	0.00531	0.00790	0.03514	0.00525	0.00925	0.00628	0.00721	0.00427	0.00493	0.00393	0.00263	0.00198	0.00066	0.00333	0.00165	0.00132	0.00392
39	0.00461	0.00358	0.00515	0.00501	0.00558	0.01759	0.03402	0.00561	0.00522	0.00731	0.02608	0.04454	0.00931	0.13963	0.61862	0.00403	0.00665	0.04516	0.00963	0.00267
40	0.00424	0.00296	0.00350	0.00359	0.00381	0.00287	0.00225	0.00461	0.00543	0.00725	0.11694	0.16544	0.08785	0.53350	0.04090	0.00234	0.00264	0.00542	0.00228	0.00218
41	0.01697	0.00770	0.02347	0.03773	0.16543	0.11633	0.25909	0.09789	0.01638	0.01015	0.00743	0.04263	0.01455	0.03010	0.07927	0.00136	0.00448	0.03145	0.03366	0.00393
42	0.04540	0.00772	0.00784	0.00636	0.00837	0.05932	0.00512	0.55666	0.09151	0.02491	0.02816	0.05284	0.05826	0.02111	0.00334	0.00099	0.00312	0.01149	0.00290	0.00458
43	0.00462	0.00324	0.00388	0.00394	0.00423	0.00328	0.00259	0.04653	0.00549	0.00733	0.01215	0.20106	0.05399	0.50145	0.10083	0.00256	0.00320	0.03515	0.00218	0.00231
44	0.08229	0.01001	0.00834	0.00743	0.05100	0.32273	0.00559	0.34404	0.06070	0.01332	0.06003	0.00771	0.00629	0.00356	0.00290	0.00088	0.00390	0.00260	0.00238	0.00428
45	0.04126	0.00338	0.00407	0.00430	0.00495	0.00328	0.00318	0.04654	0.01390	0.00948	0.14461	0.37888	0.15710	0.04956	0.00428	0.00124	0.00199	0.12237	0.00284	0.00276
46	0.00411	0.00304	0.00391	0.00455	0.02657	0.00287	0.00303	0.02909	0.00628	0.00828	0.03315	0.66267	0.12358	0.04948	0.00436	0.00128	0.00191	0.02644	0.00278	0.00262

[dist]
# distance from previous block
# <min> <max>
0	3

# created by:
# /share/home/app/bin/augustus-3.3.1/scripts/msa2prfl.pl /dev/shm/tmp/mt-Insecta/msas/ND4L.aln --setname=ND4L
