[name]
ND5

[dist]
# distance from previous block
# <min> <max>
0	22

[block]
# block no. 0 follows, 96 sequences, length 13
# corresponding to MSA columns:
# 23-35
name=unknown_A
#
# <colnr> <probs for GDERKNQSTAVLIFYWHMCP>
#	G	D	E	R	K	N	Q	S	T	A	V	L	I	F	Y	W	H	M	C	P
0	0.02225	0.00352	0.00412	0.00435	0.00491	0.02292	0.00318	0.02180	0.05673	0.00881	0.11554	0.34796	0.07295	0.11836	0.00530	0.02427	0.00217	0.13362	0.02458	0.00267
1	0.00576	0.00426	0.00480	0.00452	0.00545	0.01667	0.00339	0.16747	0.03177	0.02120	0.11434	0.19718	0.17899	0.11377	0.02625	0.01801	0.00241	0.05966	0.02104	0.00306
2	0.00553	0.00439	0.00443	0.00445	0.00516	0.07419	0.00324	0.07599	0.04351	0.00914	0.01412	0.29263	0.10564	0.14197	0.00516	0.00133	0.00239	0.07941	0.12447	0.00284
3	0.02078	0.00327	0.01992	0.00366	0.00401	0.00308	0.00245	0.01591	0.00539	0.00750	0.08229	0.13964	0.05868	0.51682	0.03083	0.00221	0.00261	0.02584	0.05287	0.00224
4	0.02969	0.00376	0.00417	0.00408	0.00477	0.01430	0.00292	0.07375	0.04849	0.00895	0.08694	0.16736	0.18308	0.25052	0.02517	0.02575	0.00241	0.04709	0.01411	0.00268
5	0.01458	0.00404	0.00433	0.00445	0.00502	0.05856	0.00319	0.04909	0.04227	0.00866	0.06978	0.33374	0.07007	0.16626	0.00590	0.02887	0.00238	0.09189	0.03424	0.00268
6	0.59014	0.00611	0.00550	0.00471	0.00649	0.00698	0.00384	0.20061	0.00720	0.01398	0.02050	0.00704	0.00481	0.04072	0.02425	0.00111	0.02287	0.01421	0.01536	0.00358
7	0.06140	0.00367	0.00405	0.00407	0.00477	0.02522	0.00297	0.03568	0.02181	0.00947	0.22335	0.21976	0.15949	0.14118	0.00529	0.00135	0.00208	0.06901	0.00269	0.00270
8	0.02705	0.00444	0.02134	0.00522	0.02659	0.06381	0.00391	0.02090	0.01479	0.00776	0.02936	0.12851	0.04576	0.09154	0.45165	0.00314	0.02086	0.02860	0.00193	0.00280
9	0.00476	0.00309	0.00367	0.00371	0.00395	0.00310	0.00240	0.01942	0.00509	0.02893	0.01059	0.09561	0.01171	0.61931	0.05727	0.00255	0.00299	0.07372	0.04592	0.00218
10	0.00455	0.00330	0.00388	0.01917	0.00487	0.00315	0.00293	0.05359	0.00679	0.02021	0.07218	0.27080	0.30436	0.06115	0.03949	0.00132	0.00213	0.04688	0.07651	0.00272
11	0.01468	0.00412	0.01527	0.00524	0.02611	0.04051	0.02313	0.01660	0.02532	0.03068	0.04691	0.25560	0.12917	0.05516	0.03481	0.00140	0.00266	0.26718	0.00260	0.00286
12	0.00799	0.02432	0.00787	0.00836	0.15758	0.33068	0.00554	0.05419	0.03106	0.00871	0.04351	0.07336	0.02351	0.04498	0.10326	0.00144	0.03463	0.03360	0.00189	0.00352

[dist]
# distance from previous block
# <min> <max>
0	1

[block]
# block no. 1 follows, 96 sequences, length 54
# corresponding to MSA columns:
# 37-90
name=unknown_B
#
# <colnr> <probs for GDERKNQSTAVLIFYWHMCP>
#	G	D	E	R	K	N	Q	S	T	A	V	L	I	F	Y	W	H	M	C	P
0	0.00514	0.00413	0.00576	0.00671	0.12505	0.01232	0.01496	0.05597	0.02845	0.00865	0.01235	0.35359	0.04146	0.05531	0.17533	0.00194	0.01926	0.06825	0.00230	0.00307
1	0.00624	0.00470	0.00553	0.00499	0.02200	0.01321	0.02262	0.15919	0.09753	0.03213	0.31886	0.02794	0.17051	0.00546	0.00330	0.00096	0.00211	0.03637	0.06284	0.00350
2	0.00409	0.00317	0.00398	0.00402	0.00468	0.00320	0.00298	0.00516	0.03215	0.00783	0.07126	0.11004	0.29443	0.09239	0.33746	0.00265	0.00417	0.01142	0.00230	0.00261
3	0.00425	0.00290	0.00340	0.00357	0.00368	0.00285	0.00219	0.00445	0.00486	0.00643	0.01184	0.17998	0.04135	0.65132	0.01217	0.00245	0.00265	0.05555	0.00209	0.00202
4	0.00391	0.00297	0.00352	0.00375	0.00438	0.00270	0.00275	0.00472	0.00656	0.00845	0.12752	0.25341	0.36431	0.07368	0.01809	0.00130	0.00190	0.09814	0.01541	0.00253
5	0.00630	0.14260	0.70189	0.00819	0.03522	0.00757	0.00993	0.00932	0.00640	0.00926	0.03337	0.00668	0.00464	0.00292	0.00275	0.00091	0.00415	0.00225	0.00134	0.00432
6	0.00497	0.00269	0.00391	0.00395	0.00403	0.00271	0.00267	0.00409	0.00420	0.00562	0.00704	0.05300	0.03450	0.05630	0.08478	0.71633	0.00301	0.00316	0.00148	0.00154
7	0.00651	0.04336	0.57571	0.00847	0.06623	0.07444	0.01637	0.02719	0.00681	0.00949	0.04553	0.00902	0.03499	0.00347	0.00309	0.00095	0.02285	0.03982	0.00155	0.00415
8	0.00390	0.00291	0.00353	0.00376	0.00428	0.00266	0.00265	0.00466	0.00654	0.00859	0.20390	0.33359	0.24793	0.11018	0.00504	0.00131	0.00180	0.04749	0.00279	0.00250
9	0.00410	0.00298	0.00363	0.00383	0.00428	0.00284	0.00266	0.00497	0.02521	0.00839	0.17472	0.30330	0.15816	0.19616	0.03322	0.00160	0.00214	0.04342	0.02191	0.00248
10	0.02329	0.01591	0.01368	0.00657	0.02027	0.12966	0.01312	0.39852	0.14237	0.01988	0.01586	0.08068	0.00773	0.03129	0.01450	0.00106	0.00333	0.04500	0.01301	0.00427
11	0.00400	0.00295	0.00355	0.00388	0.00428	0.00280	0.00265	0.00479	0.03383	0.00774	0.04794	0.42472	0.19032	0.19927	0.01358	0.00157	0.00206	0.04504	0.00260	0.00243
12	0.01075	0.01323	0.01555	0.00767	0.00926	0.74951	0.02246	0.06533	0.00873	0.00828	0.02137	0.00670	0.00479	0.00335	0.00291	0.00082	0.01892	0.02510	0.00170	0.00357
13	0.09740	0.00813	0.00853	0.00662	0.00895	0.00903	0.00546	0.76188	0.03552	0.01827	0.00706	0.00710	0.00504	0.00355	0.00290	0.00091	0.00319	0.00262	0.00290	0.00493
14	0.02797	0.01425	0.00641	0.00550	0.00696	0.05297	0.00439	0.30301	0.09678	0.02656	0.14181	0.04970	0.03395	0.03988	0.03333	0.00118	0.00288	0.09673	0.05192	0.00383
15	0.02110	0.02194	0.06978	0.03666	0.02916	0.12779	0.03452	0.33292	0.04590	0.02176	0.00892	0.09429	0.01977	0.00449	0.00313	0.00097	0.00344	0.09349	0.01606	0.01391
16	0.00391	0.00302	0.00352	0.00366	0.00440	0.00271	0.00274	0.00470	0.00669	0.00848	0.13843	0.15310	0.46203	0.03850	0.03075	0.03079	0.00195	0.09535	0.00274	0.00253
17	0.03601	0.00567	0.11245	0.00493	0.00630	0.04524	0.00433	0.05267	0.05066	0.01082	0.36932	0.08533	0.11219	0.00658	0.04742	0.00118	0.00259	0.04041	0.00269	0.00322
18	0.00461	0.00330	0.00446	0.00502	0.00559	0.00328	0.00415	0.00572	0.00644	0.00840	0.01558	0.10630	0.05380	0.11620	0.03398	0.00165	0.00282	0.61348	0.00262	0.00261
19	0.00672	0.00547	0.00595	0.00536	0.00675	0.00607	0.00412	0.07861	0.51838	0.01235	0.18801	0.04372	0.03651	0.04488	0.00373	0.00108	0.00222	0.00405	0.02195	0.00409
20	0.00390	0.00287	0.00341	0.00366	0.00408	0.00265	0.00248	0.00447	0.00601	0.00782	0.10598	0.33967	0.24050	0.22877	0.00660	0.00157	0.00197	0.02862	0.00260	0.00236
21	0.00377	0.00274	0.00358	0.00410	0.00439	0.00261	0.00280	0.00434	0.00571	0.00756	0.01668	0.66878	0.09926	0.06044	0.08806	0.00164	0.00240	0.01607	0.00262	0.00244
22	0.00401	0.00283	0.00336	0.00363	0.00385	0.00270	0.00230	0.00435	0.00532	0.00698	0.03140	0.34983	0.12346	0.42115	0.00914	0.00198	0.00227	0.01692	0.00235	0.00218
23	0.00804	0.89610	0.01576	0.00515	0.00772	0.01190	0.00515	0.00901	0.00611	0.00708	0.00418	0.00483	0.00386	0.00257	0.00193	0.00064	0.00322	0.00161	0.00129	0.00386
24	0.00537	0.00283	0.00410	0.00403	0.00412	0.00288	0.00273	0.03190	0.00429	0.00575	0.00551	0.00948	0.00547	0.03663	0.04096	0.82557	0.00283	0.00269	0.00139	0.00149
25	0.00478	0.00350	0.00489	0.00564	0.02961	0.00348	0.00468	0.00612	0.00688	0.00898	0.04446	0.04991	0.06374	0.00855	0.03371	0.00145	0.00284	0.71125	0.00272	0.00280
26	0.05479	0.00812	0.00865	0.00670	0.00904	0.00898	0.00552	0.76241	0.04981	0.04458	0.00743	0.00737	0.00527	0.00359	0.00296	0.00091	0.00320	0.00270	0.00298	0.00501
27	0.00415	0.00303	0.00386	0.00437	0.00472	0.00296	0.00302	0.02878	0.05125	0.00825	0.01602	0.74008	0.03159	0.04034	0.00419	0.00127	0.00190	0.04479	0.00278	0.00263
28	0.02371	0.00330	0.00399	0.00424	0.00489	0.00317	0.00321	0.04104	0.00669	0.00881	0.07676	0.26879	0.22099	0.10083	0.00495	0.00135	0.00212	0.21580	0.00271	0.00264
29	0.00435	0.00291	0.00329	0.00331	0.00332	0.00290	0.00185	0.00437	0.00442	0.00589	0.00971	0.04796	0.01123	0.86562	0.01494	0.00286	0.00288	0.00451	0.00185	0.00184
30	0.00530	0.00371	0.00484	0.00518	0.00598	0.00370	0.00433	0.07048	0.00733	0.02872	0.03839	0.13992	0.06511	0.02410	0.00412	0.00130	0.00254	0.56020	0.02184	0.00293
31	0.26509	0.00708	0.00715	0.00579	0.00781	0.00788	0.00475	0.52355	0.01068	0.01618	0.02519	0.00882	0.00597	0.04321	0.00330	0.00103	0.00295	0.04667	0.00263	0.00428
32	0.00458	0.00321	0.00370	0.00365	0.00394	0.00325	0.00231	0.00557	0.07548	0.00757	0.13704	0.07367	0.02702	0.59111	0.02472	0.00232	0.00261	0.00469	0.02126	0.00229
33	0.00426	0.00307	0.00402	0.00378	0.00449	0.00284	0.00284	0.00568	0.00851	0.01206	0.87394	0.02247	0.02838	0.00615	0.00355	0.00095	0.00142	0.00544	0.00331	0.00284
34	0.00458	0.00322	0.00399	0.00435	0.00483	0.00318	0.00317	0.04571	0.03263	0.00868	0.01526	0.46858	0.05757	0.10530	0.00494	0.00136	0.00211	0.15543	0.07244	0.00266
35	0.00432	0.00293	0.00365	0.00394	0.00419	0.00285	0.00263	0.00475	0.00533	0.02614	0.01350	0.34033	0.04910	0.38834	0.05360	0.00213	0.00267	0.08497	0.00234	0.00228
36	0.00357	0.00305	0.00307	0.00306	0.00407	0.00255	0.00230	0.00435	0.00690	0.00822	0.05065	0.02879	0.85407	0.00758	0.00355	0.00101	0.00152	0.00633	0.00281	0.00255
37	0.01124	0.00833	0.00892	0.00688	0.00926	0.00924	0.00567	0.82467	0.05528	0.01865	0.00746	0.00741	0.00531	0.00363	0.00301	0.00091	0.00327	0.00274	0.00301	0.00510
38	0.04997	0.00786	0.00840	0.00651	0.00874	0.00866	0.00532	0.74770	0.01296	0.04403	0.00738	0.00801	0.00548	0.06047	0.00375	0.00103	0.00322	0.00278	0.00291	0.00483
39	0.00474	0.00341	0.00448	0.00488	0.00548	0.00337	0.00383	0.06335	0.00713	0.00950	0.11754	0.37897	0.01885	0.00819	0.00388	0.00123	0.00223	0.35329	0.00286	0.00280
40	0.00412	0.00307	0.00382	0.00364	0.00441	0.00278	0.00273	0.00540	0.00818	0.01127	0.70339	0.02378	0.19942	0.00645	0.00355	0.00096	0.00144	0.00562	0.00321	0.00278
41	0.00390	0.00305	0.00344	0.00354	0.00438	0.00269	0.00269	0.00484	0.00704	0.00899	0.17984	0.10813	0.52269	0.00745	0.00359	0.00105	0.00165	0.09487	0.03354	0.00262
42	0.02326	0.00315	0.00403	0.00429	0.01583	0.00323	0.00297	0.01500	0.00542	0.00744	0.03156	0.23202	0.07039	0.28375	0.22185	0.00260	0.00375	0.06484	0.00218	0.00243
43	0.00430	0.00322	0.00483	0.00483	0.00537	0.00376	0.00376	0.00537	0.00483	0.00698	0.00806	0.01182	0.00752	0.02256	0.88237	0.00483	0.00806	0.00322	0.00161	0.00269
44	0.01115	0.00824	0.00882	0.00680	0.00916	0.00911	0.00561	0.82510	0.03210	0.01854	0.00793	0.00787	0.02780	0.00372	0.00302	0.00091	0.00324	0.00282	0.00300	0.00504
45	0.04123	0.08500	0.20791	0.01007	0.23513	0.07221	0.04020	0.13434	0.00772	0.01062	0.02494	0.02049	0.02360	0.00352	0.00323	0.01498	0.02892	0.02991	0.00178	0.00421
46	0.08583	0.20388	0.31960	0.00692	0.00998	0.02416	0.02632	0.22735	0.02638	0.01183	0.02755	0.00665	0.00486	0.00309	0.00264	0.00087	0.00362	0.00229	0.00187	0.00433
47	0.00430	0.00322	0.00483	0.00483	0.00537	0.00376	0.00376	0.00537	0.00483	0.00698	0.00806	0.01182	0.00752	0.02256	0.88237	0.00483	0.00806	0.00322	0.00161	0.00269
48	0.00482	0.00344	0.00481	0.00546	0.00615	0.00343	0.00475	0.00621	0.00700	0.00915	0.05717	0.03338	0.01784	0.00821	0.00413	0.00136	0.00270	0.81443	0.00280	0.00277
49	0.13252	0.00726	0.08107	0.00677	0.06034	0.05599	0.00550	0.26494	0.00865	0.05381	0.00879	0.06184	0.02566	0.03091	0.03156	0.00119	0.03910	0.11780	0.00237	0.00392
50	0.54793	0.01388	0.03838	0.00513	0.00692	0.06867	0.01545	0.09507	0.00654	0.03909	0.01368	0.05392	0.00519	0.00359	0.00276	0.00097	0.05195	0.02532	0.00204	0.00352
51	0.00787	0.68673	0.15217	0.00618	0.03507	0.01085	0.00624	0.05026	0.00656	0.00812	0.00457	0.00526	0.00394	0.00267	0.00216	0.00071	0.00343	0.00179	0.00137	0.00404
52	0.00546	0.00492	0.03148	0.01549	0.15155	0.04463	0.00476	0.04904	0.00662	0.00886	0.04240	0.24406	0.07272	0.04518	0.13879	0.00172	0.00351	0.09655	0.00830	0.02397
53	0.00886	0.01067	0.04940	0.03676	0.02100	0.51157	0.00558	0.04215	0.03222	0.00798	0.00610	0.02623	0.00537	0.03866	0.17104	0.00167	0.01713	0.00254	0.00167	0.00341

[dist]
# distance from previous block
# <min> <max>
0	1

[block]
# block no. 2 follows, 96 sequences, length 85
# corresponding to MSA columns:
# 92-176
name=unknown_C
#
# <colnr> <probs for GDERKNQSTAVLIFYWHMCP>
#	G	D	E	R	K	N	Q	S	T	A	V	L	I	F	Y	W	H	M	C	P
0	0.01615	0.06081	0.01526	0.00740	0.04803	0.52556	0.02385	0.09378	0.00853	0.01597	0.07989	0.00862	0.02228	0.04934	0.00347	0.00093	0.00439	0.01026	0.00189	0.00359
1	0.00561	0.00522	0.00876	0.83198	0.01978	0.00649	0.00810	0.00756	0.00600	0.00769	0.00572	0.00884	0.00449	0.00385	0.03463	0.00115	0.00412	0.02531	0.00138	0.00330
2	0.00437	0.00292	0.00328	0.00328	0.00328	0.00292	0.00182	0.00437	0.00437	0.00583	0.00948	0.01968	0.01094	0.89429	0.01531	0.00292	0.00292	0.00437	0.00182	0.00182
3	0.00373	0.00304	0.00330	0.00338	0.00425	0.00264	0.00253	0.00455	0.00679	0.00837	0.09573	0.09638	0.64728	0.03426	0.02160	0.00118	0.00177	0.05389	0.00278	0.00255
4	0.00991	0.00315	0.00389	0.00410	0.00474	0.00302	0.00849	0.02139	0.00627	0.00814	0.02963	0.27027	0.29862	0.07108	0.11853	0.00174	0.00276	0.12025	0.01143	0.00258
5	0.00372	0.00269	0.00352	0.00414	0.00441	0.00250	0.00283	0.00432	0.00597	0.00791	0.04827	0.77665	0.07629	0.00915	0.00382	0.00120	0.00175	0.03558	0.00281	0.00247
6	0.00416	0.00307	0.00389	0.00375	0.00448	0.00280	0.00282	0.00546	0.00815	0.01128	0.70231	0.04952	0.14805	0.00652	0.00358	0.00098	0.00148	0.03173	0.00321	0.00278
7	0.00475	0.00317	0.00400	0.00427	0.00478	0.00302	0.00304	0.04169	0.00638	0.05696	0.03983	0.52457	0.08963	0.11577	0.00515	0.00139	0.00206	0.08414	0.00275	0.00268
8	0.00439	0.00315	0.00419	0.00475	0.00527	0.00306	0.00375	0.01776	0.00657	0.00865	0.04746	0.36270	0.06627	0.02905	0.00419	0.00131	0.00225	0.40796	0.01463	0.00265
9	0.00437	0.00292	0.00328	0.00328	0.00328	0.00292	0.00182	0.00437	0.00437	0.00583	0.00948	0.01968	0.01094	0.89429	0.01531	0.00292	0.00292	0.00437	0.00182	0.00182
10	0.00413	0.00303	0.00387	0.00375	0.00444	0.00277	0.00278	0.00540	0.00808	0.01125	0.70793	0.10870	0.10942	0.00661	0.00358	0.00098	0.00146	0.00583	0.00321	0.00277
11	0.00430	0.00301	0.00379	0.00418	0.00456	0.00289	0.00291	0.01258	0.03241	0.02663	0.05069	0.53068	0.06952	0.15533	0.00569	0.00148	0.00205	0.08207	0.00268	0.00254
12	0.01143	0.00843	0.00903	0.00692	0.00933	0.00933	0.00572	0.86550	0.01414	0.01896	0.00722	0.00722	0.00512	0.00361	0.00301	0.00090	0.00331	0.00271	0.00301	0.00512
13	0.00485	0.00346	0.00485	0.00554	0.00623	0.00346	0.00485	0.00623	0.00692	0.00900	0.01593	0.03393	0.01731	0.00831	0.00415	0.00138	0.00277	0.85528	0.00277	0.00277
14	0.04183	0.00338	0.00434	0.00479	0.00552	0.00330	0.00397	0.00587	0.00673	0.02145	0.05576	0.14679	0.13680	0.02151	0.00404	0.00128	0.00236	0.51333	0.01421	0.00274
15	0.00416	0.00285	0.00361	0.00404	0.00423	0.00275	0.00271	0.00460	0.00543	0.01543	0.01390	0.46704	0.01624	0.32746	0.00799	0.00185	0.00230	0.10868	0.00245	0.00228
16	0.00398	0.00284	0.00385	0.00451	0.00483	0.00271	0.00331	0.00475	0.00615	0.00817	0.04721	0.64722	0.01956	0.00903	0.00391	0.00125	0.00199	0.21939	0.00281	0.00254
17	0.00356	0.00305	0.00306	0.00306	0.00407	0.00254	0.00229	0.00433	0.00688	0.00817	0.04085	0.02887	0.86390	0.00760	0.00355	0.00101	0.00152	0.00634	0.00280	0.00254
18	0.00382	0.00301	0.00327	0.00333	0.00412	0.00267	0.00243	0.00457	0.00650	0.00815	0.06851	0.09775	0.58400	0.09693	0.04197	0.00138	0.00198	0.02782	0.03530	0.00250
19	0.01110	0.00820	0.00877	0.00676	0.00910	0.00904	0.00557	0.82900	0.01383	0.01850	0.00821	0.00814	0.04196	0.00378	0.00303	0.00091	0.00323	0.00286	0.00300	0.00501
20	0.00620	0.00531	0.00620	0.00445	0.00709	0.00399	0.00355	0.00752	0.00623	0.00977	0.00551	0.01901	0.00468	0.00233	0.00225	0.00046	0.00222	0.00188	0.00180	0.89956
21	0.01124	0.01434	0.00852	0.00775	0.00930	0.88222	0.00581	0.01201	0.00852	0.00736	0.00465	0.00542	0.00387	0.00310	0.00271	0.00077	0.00542	0.00194	0.00155	0.00349
22	0.00404	0.00291	0.00390	0.00456	0.00494	0.00277	0.00342	0.00485	0.00620	0.00816	0.02624	0.57753	0.05513	0.00896	0.00392	0.00126	0.00205	0.27381	0.00279	0.00255
23	0.00379	0.00306	0.00336	0.00344	0.00431	0.00267	0.00260	0.00464	0.00690	0.00855	0.12183	0.08271	0.61792	0.03620	0.00401	0.00112	0.00169	0.08584	0.00282	0.00257
24	0.04963	0.00810	0.00865	0.00674	0.00905	0.00897	0.00558	0.79263	0.01345	0.01830	0.00746	0.00825	0.00555	0.00378	0.00301	0.00092	0.00325	0.03880	0.00295	0.00494
25	0.00358	0.00305	0.00309	0.00308	0.00408	0.00255	0.00231	0.00437	0.00693	0.00829	0.06622	0.02867	0.83845	0.00756	0.00355	0.00101	0.00152	0.00631	0.00282	0.00255
26	0.00367	0.00264	0.00347	0.00413	0.00433	0.00246	0.00276	0.00420	0.00577	0.00766	0.01694	0.84433	0.05041	0.02658	0.00405	0.00125	0.00176	0.00839	0.00277	0.00243
27	0.00369	0.00266	0.00350	0.00411	0.00435	0.00247	0.00277	0.00427	0.00596	0.00794	0.06341	0.80088	0.06456	0.00915	0.00381	0.00120	0.00172	0.00827	0.00282	0.00247
28	0.91554	0.00582	0.00442	0.00396	0.00582	0.00675	0.00326	0.00884	0.00512	0.01350	0.00419	0.00489	0.00326	0.00279	0.00186	0.00093	0.00233	0.00163	0.00186	0.00326
29	0.00522	0.00261	0.00392	0.00392	0.00392	0.00261	0.00261	0.00392	0.00392	0.00522	0.00522	0.00914	0.00522	0.01045	0.01176	0.91249	0.00261	0.00261	0.00131	0.00131
30	0.00804	0.89610	0.01576	0.00515	0.00772	0.01190	0.00515	0.00901	0.00611	0.00708	0.00418	0.00483	0.00386	0.00257	0.00193	0.00064	0.00322	0.00161	0.00129	0.00386
31	0.87707	0.00593	0.00462	0.00408	0.00597	0.00686	0.00336	0.04529	0.00550	0.01373	0.00432	0.00499	0.00334	0.00283	0.00191	0.00093	0.00237	0.00167	0.00191	0.00334
32	0.00366	0.00262	0.00349	0.00419	0.00436	0.00244	0.00279	0.00419	0.00576	0.00768	0.01658	0.89233	0.01989	0.00942	0.00384	0.00122	0.00175	0.00855	0.00279	0.00244
33	0.91554	0.00582	0.00442	0.00396	0.00582	0.00675	0.00326	0.00884	0.00512	0.01350	0.00419	0.00489	0.00326	0.00279	0.00186	0.00093	0.00233	0.00163	0.00186	0.00326
34	0.00366	0.00262	0.00349	0.00419	0.00436	0.00244	0.00279	0.00419	0.00576	0.00768	0.01658	0.89233	0.01989	0.00942	0.00384	0.00122	0.00175	0.00855	0.00279	0.00244
35	0.00483	0.00361	0.00433	0.00396	0.00490	0.00344	0.00302	0.08462	0.02121	0.01194	0.61785	0.02216	0.19032	0.00617	0.00349	0.00096	0.00163	0.00534	0.00318	0.00302
36	0.01143	0.00843	0.00903	0.00692	0.00933	0.00933	0.00572	0.86550	0.01414	0.01896	0.00722	0.00722	0.00512	0.00361	0.00301	0.00090	0.00331	0.00271	0.00301	0.00512
37	0.00430	0.00320	0.00470	0.00470	0.00519	0.00369	0.00359	0.00528	0.00479	0.00688	0.00818	0.01251	0.00782	0.09949	0.80585	0.00466	0.00760	0.00332	0.00163	0.00261
38	0.00526	0.00277	0.00292	0.00304	0.00366	0.00274	0.00222	0.00650	0.00622	0.01058	0.01115	0.16129	0.01774	0.00455	0.00241	0.00079	0.00146	0.00381	0.74813	0.00274
39	0.00366	0.00262	0.00349	0.00419	0.00436	0.00244	0.00279	0.00419	0.00576	0.00768	0.01658	0.89233	0.01989	0.00942	0.00384	0.00122	0.00175	0.00855	0.00279	0.00244
40	0.00419	0.00307	0.00392	0.00371	0.00445	0.00281	0.00278	0.00554	0.00835	0.01167	0.79079	0.02311	0.11177	0.00629	0.00355	0.00095	0.00143	0.00553	0.00326	0.00281
41	0.00365	0.00307	0.00318	0.00321	0.00420	0.00260	0.00245	0.00447	0.00691	0.00829	0.05539	0.02903	0.80048	0.00761	0.00359	0.00103	0.00159	0.05389	0.00281	0.00256
42	0.00431	0.00318	0.00460	0.00460	0.00506	0.00363	0.00347	0.00522	0.00477	0.00681	0.00827	0.01298	0.00803	0.15187	0.75376	0.00455	0.00729	0.00339	0.00164	0.00256
43	0.00431	0.00318	0.00464	0.00464	0.00510	0.00365	0.00351	0.00524	0.00478	0.00684	0.00824	0.01282	0.00796	0.13400	0.77152	0.00459	0.00740	0.00337	0.00164	0.00258
44	0.00727	0.00820	0.02635	0.01239	0.01542	0.00767	0.81931	0.04591	0.00739	0.01003	0.00613	0.00806	0.00458	0.00258	0.00352	0.00101	0.00499	0.00350	0.00158	0.00411
45	0.01126	0.01373	0.00857	0.00766	0.00930	0.79351	0.00580	0.09875	0.00909	0.00854	0.00491	0.00561	0.00400	0.00315	0.00274	0.00079	0.00521	0.00202	0.00170	0.00365
46	0.00551	0.00497	0.01578	0.00552	0.05444	0.09185	0.04014	0.04287	0.00756	0.00988	0.34935	0.06389	0.13922	0.06649	0.03572	0.04282	0.00265	0.01580	0.00256	0.00297
47	0.00742	0.00695	0.01128	0.06256	0.70638	0.02004	0.00858	0.05669	0.00715	0.01004	0.00612	0.00840	0.00522	0.00377	0.04043	0.00108	0.00378	0.02796	0.00161	0.00454
48	0.01150	0.00832	0.00896	0.00687	0.00928	0.00918	0.00568	0.83940	0.01397	0.04530	0.00736	0.00731	0.00519	0.00361	0.00301	0.00090	0.00329	0.00272	0.00303	0.00512
49	0.00478	0.00366	0.00477	0.00473	0.00527	0.03205	0.00362	0.01846	0.00523	0.00739	0.00860	0.01366	0.00830	0.12987	0.61696	0.00391	0.02008	0.05103	0.05496	0.00266
50	0.09520	0.01265	0.00821	0.04474	0.00946	0.68799	0.00567	0.08532	0.00859	0.00895	0.00486	0.00564	0.00393	0.00311	0.00267	0.00081	0.00489	0.00201	0.00170	0.00360
51	0.01314	0.00569	0.00733	0.00562	0.00796	0.00526	0.00464	0.16037	0.00956	0.73056	0.01107	0.00972	0.00705	0.00370	0.00302	0.00093	0.00269	0.00297	0.00360	0.00512
52	0.86488	0.00596	0.00468	0.00412	0.00601	0.00689	0.00340	0.05684	0.00562	0.01380	0.00436	0.00502	0.00336	0.00284	0.00193	0.00093	0.00238	0.00169	0.00193	0.00336
53	0.00472	0.00338	0.00470	0.00538	0.00603	0.00336	0.00462	0.00602	0.00682	0.00887	0.01622	0.10961	0.03125	0.00840	0.00412	0.00136	0.00266	0.76697	0.00277	0.00274
54	0.00373	0.00271	0.00347	0.00400	0.00429	0.00250	0.00270	0.00431	0.00600	0.00794	0.07728	0.70329	0.10790	0.04939	0.00431	0.00126	0.00175	0.00792	0.00278	0.00245
55	0.00748	0.00646	0.00680	0.00612	0.00782	0.00748	0.00476	0.01598	0.87009	0.01258	0.01224	0.01122	0.00918	0.00408	0.00306	0.00102	0.00238	0.00340	0.00306	0.00476
56	0.00899	0.00415	0.00539	0.00447	0.00609	0.00361	0.00357	0.01015	0.00824	0.46788	0.25471	0.01728	0.18229	0.00516	0.00327	0.00095	0.00204	0.00434	0.00343	0.00398
57	0.00374	0.00268	0.00357	0.00424	0.00446	0.00250	0.00287	0.00430	0.00580	0.00775	0.01642	0.85287	0.01961	0.00930	0.00383	0.00122	0.00178	0.03638	0.00278	0.01392
58	0.00927	0.00694	0.00763	0.00634	0.00825	0.00761	0.00522	0.55525	0.11298	0.01569	0.01058	0.03945	0.04512	0.00482	0.00326	0.00101	0.00299	0.15017	0.00296	0.00448
59	0.01124	0.01434	0.00852	0.00775	0.00930	0.88222	0.00581	0.01201	0.00852	0.00736	0.00465	0.00542	0.00387	0.00310	0.00271	0.00077	0.00542	0.00194	0.00155	0.00349
60	0.00568	0.00535	0.00902	0.88706	0.02072	0.00668	0.00835	0.00769	0.00601	0.00769	0.00535	0.00802	0.00401	0.00301	0.00301	0.00100	0.00401	0.00267	0.00134	0.00334
61	0.00373	0.00298	0.00334	0.00340	0.00421	0.00259	0.00249	0.00459	0.00703	0.00891	0.21217	0.17514	0.54362	0.00761	0.00360	0.00104	0.00154	0.00653	0.00291	0.00259
62	0.91554	0.00582	0.00442	0.00396	0.00582	0.00675	0.00326	0.00884	0.00512	0.01350	0.00419	0.00489	0.00326	0.00279	0.00186	0.00093	0.00233	0.00163	0.00186	0.00326
63	0.00804	0.89610	0.01576	0.00515	0.00772	0.01190	0.00515	0.00901	0.00611	0.00708	0.00418	0.00483	0.00386	0.00257	0.00193	0.00064	0.00322	0.00161	0.00129	0.00386
64	0.03438	0.00351	0.00431	0.00398	0.00491	0.00333	0.00303	0.02944	0.03470	0.06423	0.62124	0.05794	0.11141	0.00605	0.00345	0.00096	0.00162	0.00526	0.00320	0.00306
65	0.04837	0.00508	0.00606	0.00531	0.00697	0.05340	0.00436	0.01128	0.03567	0.46559	0.01277	0.03530	0.03786	0.02523	0.00354	0.00109	0.00269	0.21559	0.01974	0.00409
66	0.00369	0.00283	0.00328	0.00360	0.00412	0.00253	0.00247	0.00426	0.00609	0.00768	0.02188	0.42846	0.38950	0.09934	0.00489	0.00131	0.00177	0.00717	0.00269	0.00242
67	0.00365	0.00267	0.00344	0.00405	0.00433	0.00245	0.00273	0.00420	0.00589	0.00773	0.01823	0.78988	0.12127	0.00921	0.00381	0.00120	0.00172	0.00829	0.00279	0.00245
68	0.00419	0.00308	0.00404	0.00462	0.00517	0.00293	0.00365	0.00515	0.00648	0.00837	0.01865	0.34863	0.16490	0.00860	0.00394	0.00126	0.00218	0.39876	0.00278	0.00261
69	0.12217	0.00574	0.00653	0.00539	0.00721	0.00592	0.00435	0.28248	0.02803	0.26478	0.08690	0.11021	0.00979	0.00457	0.00304	0.00097	0.00256	0.02885	0.01625	0.00427
70	0.00359	0.00303	0.00310	0.00311	0.00409	0.00255	0.00232	0.00437	0.00689	0.00827	0.06427	0.05650	0.81243	0.00762	0.00356	0.00102	0.00153	0.00638	0.00281	0.00255
71	0.04443	0.00592	0.00714	0.00555	0.00778	0.00576	0.00456	0.23945	0.03191	0.51434	0.01048	0.00959	0.02526	0.00370	0.00293	0.00090	0.00266	0.00292	0.04198	0.03273
72	0.00498	0.00263	0.00385	0.00397	0.00403	0.00261	0.00267	0.00407	0.00432	0.00582	0.00734	0.14987	0.00785	0.01009	0.01014	0.72997	0.00245	0.02067	0.02111	0.00155
73	0.00470	0.00338	0.00467	0.00532	0.00599	0.00334	0.00457	0.00600	0.00686	0.00892	0.03098	0.10076	0.04544	0.00834	0.00410	0.00135	0.00263	0.74713	0.00278	0.00274
74	0.00400	0.00286	0.00360	0.00401	0.00432	0.00271	0.00278	0.00458	0.00583	0.00769	0.06193	0.45050	0.09882	0.21772	0.00654	0.00161	0.00211	0.11343	0.00259	0.00237
75	0.01061	0.02764	0.00859	0.00751	0.00914	0.68248	0.02411	0.09468	0.03532	0.00882	0.00578	0.00731	0.00489	0.00342	0.00282	0.00083	0.00490	0.04451	0.01298	0.00366
76	0.00468	0.00368	0.00432	0.00437	0.00475	0.05250	0.00310	0.00533	0.00522	0.00697	0.04628	0.09715	0.01109	0.33472	0.35477	0.00323	0.00491	0.04859	0.00193	0.00241
77	0.80288	0.00583	0.00467	0.00412	0.00591	0.00671	0.00334	0.06697	0.00569	0.01344	0.00469	0.00587	0.00381	0.05280	0.00269	0.00104	0.00243	0.00186	0.00194	0.00330
78	0.06065	0.00781	0.00825	0.00649	0.00871	0.00869	0.00532	0.68283	0.11289	0.01758	0.00775	0.00773	0.00560	0.00362	0.00291	0.00091	0.00307	0.00273	0.04159	0.00487
79	0.00505	0.00265	0.00390	0.00398	0.00402	0.00264	0.00269	0.00404	0.00420	0.00559	0.00672	0.08825	0.00710	0.03326	0.01088	0.77569	0.00255	0.03381	0.00150	0.00147
80	0.01098	0.01353	0.00859	0.00771	0.00922	0.77902	0.00585	0.06321	0.00864	0.00805	0.00476	0.00560	0.00395	0.00326	0.00314	0.00081	0.05644	0.00202	0.00162	0.00357
81	0.00429	0.00309	0.00424	0.00427	0.00461	0.00341	0.00305	0.00497	0.00472	0.00662	0.00894	0.05553	0.00927	0.32163	0.54338	0.00401	0.00600	0.00387	0.00174	0.00238
82	0.01632	0.00316	0.00373	0.00381	0.00453	0.00293	0.01046	0.01602	0.00658	0.00850	0.11886	0.17577	0.39230	0.10035	0.04908	0.00146	0.00220	0.07872	0.00267	0.00257
83	0.00467	0.00355	0.00403	0.00397	0.00437	0.03170	0.00269	0.01783	0.00521	0.00687	0.01143	0.07233	0.08987	0.48272	0.17557	0.00275	0.01350	0.03478	0.00197	0.03018
84	0.00463	0.00373	0.00490	0.00489	0.00538	0.04099	0.00372	0.00556	0.00504	0.00699	0.00862	0.07259	0.00856	0.09374	0.67013	0.00409	0.03401	0.01805	0.00172	0.00265

[dist]
# distance from previous block
# <min> <max>
5	15

[block]
# block no. 3 follows, 96 sequences, length 57
# corresponding to MSA columns:
# 193-249
name=unknown_D
#
# <colnr> <probs for GDERKNQSTAVLIFYWHMCP>
#	G	D	E	R	K	N	Q	S	T	A	V	L	I	F	Y	W	H	M	C	P
0	0.00406	0.00304	0.00379	0.00403	0.00463	0.00285	0.00300	0.00491	0.00639	0.00837	0.12709	0.25703	0.23779	0.09398	0.06781	0.00157	0.00239	0.14809	0.00266	0.01652
1	0.02401	0.00316	0.00332	0.00332	0.00430	0.00276	0.00252	0.00479	0.01702	0.00876	0.12209	0.04728	0.69410	0.00738	0.00354	0.00103	0.00160	0.04357	0.00283	0.00262
2	0.26624	0.00568	0.00581	0.00505	0.00666	0.00619	0.00407	0.23744	0.08173	0.06010	0.04868	0.04848	0.04508	0.03654	0.00340	0.01354	0.00254	0.08153	0.03748	0.00376
3	0.11394	0.00386	0.00433	0.00416	0.00495	0.00397	0.00305	0.07646	0.01970	0.03486	0.08195	0.12556	0.10804	0.22607	0.04917	0.04942	0.00263	0.06702	0.01812	0.00275
4	0.00390	0.00278	0.00370	0.00435	0.00460	0.00264	0.00307	0.00454	0.00586	0.00778	0.01603	0.69644	0.01891	0.06453	0.00461	0.00135	0.00199	0.14773	0.00273	0.00246
5	0.00411	0.00309	0.00383	0.00384	0.00460	0.00282	0.00295	0.00529	0.00768	0.01031	0.47600	0.08005	0.25706	0.00704	0.00365	0.00104	0.00165	0.11922	0.00307	0.00272
6	0.00404	0.00306	0.00376	0.00387	0.00460	0.00278	0.00296	0.00513	0.00738	0.00977	0.36267	0.14259	0.29420	0.00738	0.00368	0.00107	0.00170	0.13368	0.00300	0.00268
7	0.00379	0.00277	0.00348	0.00395	0.00428	0.00256	0.00269	0.00438	0.00599	0.00785	0.06332	0.59248	0.15611	0.09481	0.00490	0.00134	0.00184	0.03830	0.00272	0.00243
8	0.05930	0.00523	0.00687	0.00531	0.00758	0.00468	0.00438	0.04259	0.00861	0.78996	0.02617	0.01007	0.00751	0.00371	0.00297	0.00093	0.00255	0.00298	0.00360	0.00498
9	0.19513	0.00556	0.00661	0.00519	0.00741	0.00537	0.00428	0.10124	0.00844	0.60054	0.00980	0.00886	0.00636	0.00352	0.00277	0.00092	0.00257	0.00271	0.01800	0.00471
10	0.00463	0.00333	0.00446	0.00501	0.00563	0.00327	0.00420	0.00577	0.00659	0.00852	0.01656	0.07074	0.09353	0.10406	0.00529	0.00151	0.00263	0.64897	0.00267	0.00263
11	0.00748	0.00646	0.00680	0.00612	0.00782	0.00748	0.00476	0.01598	0.87009	0.01258	0.01224	0.01122	0.00918	0.00408	0.00306	0.00102	0.00238	0.00340	0.00306	0.00476
12	0.00796	0.00731	0.01180	0.01697	0.76321	0.00743	0.00878	0.12026	0.00779	0.01101	0.00586	0.00742	0.00481	0.00280	0.00298	0.00089	0.00354	0.00268	0.00169	0.00481
13	0.01143	0.00843	0.00903	0.00692	0.00933	0.00933	0.00572	0.86550	0.01414	0.01896	0.00722	0.00722	0.00512	0.00361	0.00301	0.00090	0.00331	0.00271	0.00301	0.00512
14	0.01350	0.00512	0.00698	0.00535	0.00768	0.00442	0.00442	0.01466	0.00861	0.87761	0.01187	0.01024	0.00745	0.00372	0.00302	0.00093	0.00256	0.00302	0.00372	0.00512
15	0.00710	0.00811	0.01775	0.01268	0.01572	0.00761	0.86460	0.00963	0.00710	0.00963	0.00609	0.00811	0.00456	0.00254	0.00355	0.00101	0.00507	0.00355	0.00152	0.00406
16	0.00362	0.00305	0.00310	0.00313	0.00408	0.00257	0.00233	0.00436	0.00674	0.00805	0.02913	0.03940	0.80976	0.04348	0.00405	0.00110	0.00161	0.02517	0.00275	0.00251
17	0.00624	0.00535	0.00624	0.00446	0.00713	0.00401	0.00356	0.00757	0.00624	0.00980	0.00535	0.00624	0.00446	0.00223	0.00223	0.00045	0.00223	0.00178	0.00178	0.91268
18	0.00437	0.00292	0.00328	0.00328	0.00328	0.00292	0.00182	0.00437	0.00437	0.00583	0.00948	0.01968	0.01094	0.89429	0.01531	0.00292	0.00292	0.00437	0.00182	0.00182
19	0.01143	0.00843	0.00903	0.00692	0.00933	0.00933	0.00572	0.86550	0.01414	0.01896	0.00722	0.00722	0.00512	0.00361	0.00301	0.00090	0.00331	0.00271	0.00301	0.00512
20	0.01149	0.00728	0.00822	0.00633	0.00867	0.00768	0.00521	0.57188	0.03800	0.23777	0.02945	0.00845	0.00637	0.00367	0.00300	0.00090	0.00301	0.00284	0.00316	0.03662
21	0.00522	0.00261	0.00392	0.00392	0.00392	0.00261	0.00261	0.00392	0.00392	0.00522	0.00522	0.00914	0.00522	0.01045	0.01176	0.91249	0.00261	0.00261	0.00131	0.00131
22	0.00366	0.00262	0.00349	0.00419	0.00436	0.00244	0.00279	0.00419	0.00576	0.00768	0.01658	0.89233	0.01989	0.00942	0.00384	0.00122	0.00175	0.00855	0.00279	0.00244
23	0.00624	0.00535	0.00624	0.00446	0.00713	0.00401	0.00356	0.00757	0.00624	0.00980	0.00535	0.00624	0.00446	0.00223	0.00223	0.00045	0.00223	0.00178	0.00178	0.91268
24	0.01300	0.00501	0.00683	0.00533	0.00755	0.00434	0.00439	0.01415	0.00849	0.83051	0.01210	0.03228	0.00804	0.00400	0.00308	0.00095	0.00255	0.02873	0.00367	0.00498
25	0.01350	0.00512	0.00698	0.00535	0.00768	0.00442	0.00442	0.01466	0.00861	0.87761	0.01187	0.01024	0.00745	0.00372	0.00302	0.00093	0.00256	0.00302	0.00372	0.00512
26	0.00485	0.00346	0.00485	0.00554	0.00623	0.00346	0.00485	0.00623	0.00692	0.00900	0.01593	0.03393	0.01731	0.00831	0.00415	0.00138	0.00277	0.85528	0.00277	0.00277
27	0.01350	0.00512	0.00698	0.00535	0.00768	0.00442	0.00442	0.01466	0.00861	0.87761	0.01187	0.01024	0.00745	0.00372	0.00302	0.00093	0.00256	0.00302	0.00372	0.00512
28	0.01350	0.00512	0.00698	0.00535	0.00768	0.00442	0.00442	0.01466	0.00861	0.87761	0.01187	0.01024	0.00745	0.00372	0.00302	0.00093	0.00256	0.00302	0.00372	0.00512
29	0.00624	0.00535	0.00624	0.00446	0.00713	0.00401	0.00356	0.00757	0.00624	0.00980	0.00535	0.00624	0.00446	0.00223	0.00223	0.00045	0.00223	0.00178	0.00178	0.91268
30	0.00748	0.00646	0.00680	0.00612	0.00782	0.00748	0.00476	0.01598	0.87009	0.01258	0.01224	0.01122	0.00918	0.00408	0.00306	0.00102	0.00238	0.00340	0.00306	0.00476
31	0.00624	0.00535	0.00624	0.00446	0.00713	0.00401	0.00356	0.00757	0.00624	0.00980	0.00535	0.00624	0.00446	0.00223	0.00223	0.00045	0.00223	0.00178	0.00178	0.91268
32	0.00426	0.00307	0.00402	0.00378	0.00449	0.00284	0.00284	0.00568	0.00851	0.01206	0.87394	0.02247	0.02838	0.00615	0.00355	0.00095	0.00142	0.00544	0.00331	0.00284
33	0.01143	0.00843	0.00903	0.00692	0.00933	0.00933	0.00572	0.86550	0.01414	0.01896	0.00722	0.00722	0.00512	0.00361	0.00301	0.00090	0.00331	0.00271	0.00301	0.00512
34	0.01307	0.00580	0.00740	0.00567	0.00802	0.00543	0.00469	0.18894	0.00974	0.70173	0.01092	0.00962	0.00697	0.00370	0.00302	0.00092	0.00271	0.00296	0.00358	0.00512
35	0.00366	0.00262	0.00349	0.00419	0.00436	0.00244	0.00279	0.00419	0.00576	0.00768	0.01658	0.89233	0.01989	0.00942	0.00384	0.00122	0.00175	0.00855	0.00279	0.00244
36	0.00426	0.00307	0.00402	0.00378	0.00449	0.00284	0.00284	0.00568	0.00851	0.01206	0.87394	0.02247	0.02838	0.00615	0.00355	0.00095	0.00142	0.00544	0.00331	0.00284
37	0.00658	0.00658	0.00921	0.00790	0.00790	0.00921	0.00658	0.00724	0.00461	0.00724	0.00395	0.00658	0.00395	0.00526	0.00987	0.00132	0.88879	0.00263	0.00132	0.00329
38	0.01143	0.00843	0.00903	0.00692	0.00933	0.00933	0.00572	0.86550	0.01414	0.01896	0.00722	0.00722	0.00512	0.00361	0.00301	0.00090	0.00331	0.00271	0.00301	0.00512
39	0.01143	0.00843	0.00903	0.00692	0.00933	0.00933	0.00572	0.86550	0.01414	0.01896	0.00722	0.00722	0.00512	0.00361	0.00301	0.00090	0.00331	0.00271	0.00301	0.00512
40	0.00755	0.00649	0.00684	0.00613	0.00785	0.00751	0.00478	0.03013	0.85584	0.01269	0.01216	0.01116	0.00911	0.00407	0.00306	0.00102	0.00240	0.00339	0.00306	0.00477
41	0.00366	0.00262	0.00349	0.00419	0.00436	0.00244	0.00279	0.00419	0.00576	0.00768	0.01658	0.89233	0.01989	0.00942	0.00384	0.00122	0.00175	0.00855	0.00279	0.00244
42	0.00426	0.00307	0.00402	0.00378	0.00449	0.00284	0.00284	0.00568	0.00851	0.01206	0.87394	0.02247	0.02838	0.00615	0.00355	0.00095	0.00142	0.00544	0.00331	0.00284
43	0.00748	0.00646	0.00680	0.00612	0.00782	0.00748	0.00476	0.01598	0.87009	0.01258	0.01224	0.01122	0.00918	0.00408	0.00306	0.00102	0.00238	0.00340	0.00306	0.00476
44	0.01350	0.00512	0.00698	0.00535	0.00768	0.00442	0.00442	0.01466	0.00861	0.87761	0.01187	0.01024	0.00745	0.00372	0.00302	0.00093	0.00256	0.00302	0.00372	0.00512
45	0.91554	0.00582	0.00442	0.00396	0.00582	0.00675	0.00326	0.00884	0.00512	0.01350	0.00419	0.00489	0.00326	0.00279	0.00186	0.00093	0.00233	0.00163	0.00186	0.00326
46	0.00419	0.00307	0.00393	0.00371	0.00445	0.00281	0.00278	0.00554	0.00835	0.01168	0.79180	0.02310	0.11076	0.00629	0.00355	0.00095	0.00143	0.00553	0.00326	0.00281
47	0.00430	0.00322	0.00480	0.00480	0.00533	0.00374	0.00372	0.00535	0.00482	0.00696	0.00809	0.01198	0.00759	0.04082	0.86421	0.00479	0.00795	0.00325	0.00162	0.00267
48	0.00366	0.00262	0.00349	0.00419	0.00436	0.00244	0.00279	0.00419	0.00576	0.00768	0.01658	0.89233	0.01989	0.00942	0.00384	0.00122	0.00175	0.00855	0.00279	0.00244
49	0.00381	0.00276	0.00364	0.00428	0.00458	0.00258	0.00302	0.00447	0.00602	0.00794	0.03226	0.72028	0.07041	0.00912	0.00386	0.00122	0.00185	0.11260	0.00280	0.00250
50	0.00358	0.00305	0.00308	0.00307	0.00408	0.00255	0.00230	0.00436	0.00691	0.00826	0.05990	0.02872	0.84480	0.00757	0.00355	0.00101	0.00152	0.00632	0.00281	0.00255
51	0.00568	0.00535	0.00902	0.88706	0.02072	0.00668	0.00835	0.00769	0.00601	0.00769	0.00535	0.00802	0.00401	0.00301	0.00301	0.00100	0.00401	0.00267	0.00134	0.00334
52	0.00435	0.00291	0.00329	0.00331	0.00331	0.00290	0.00185	0.00437	0.00442	0.00589	0.00969	0.04587	0.01120	0.86774	0.01497	0.00287	0.00288	0.00450	0.00185	0.00184
53	0.03223	0.02175	0.02071	0.00726	0.00911	0.50159	0.00571	0.30882	0.01019	0.01155	0.00564	0.00632	0.00443	0.01332	0.01816	0.00092	0.01393	0.00225	0.00206	0.00403
54	0.02976	0.04600	0.06415	0.00604	0.05376	0.10522	0.01442	0.07490	0.02262	0.04111	0.07054	0.05453	0.08144	0.04600	0.06364	0.00120	0.00329	0.03569	0.01200	0.17369
55	0.03005	0.00365	0.02260	0.00453	0.00530	0.00334	0.00341	0.04302	0.01831	0.09704	0.06509	0.53706	0.07005	0.00813	0.02315	0.00122	0.00214	0.05608	0.00284	0.00298
56	0.00391	0.00286	0.00353	0.00390	0.00426	0.00270	0.00268	0.00448	0.00578	0.00754	0.03752	0.43119	0.17911	0.19241	0.04517	0.00170	0.00229	0.06406	0.00255	0.00238

[dist]
# distance from previous block
# <min> <max>
1	3

[block]
# block no. 4 follows, 96 sequences, length 159
# corresponding to MSA columns:
# 253-411
name=unknown_E
#
# <colnr> <probs for GDERKNQSTAVLIFYWHMCP>
#	G	D	E	R	K	N	Q	S	T	A	V	L	I	F	Y	W	H	M	C	P
0	0.00802	0.02650	0.04021	0.00655	0.03167	0.10778	0.02957	0.25534	0.16116	0.01194	0.03895	0.08485	0.00857	0.07009	0.06256	0.00651	0.00354	0.02825	0.00244	0.01549
1	0.07863	0.08157	0.03500	0.01912	0.00663	0.15461	0.00435	0.03928	0.02542	0.00831	0.05037	0.05970	0.03539	0.10330	0.05873	0.12198	0.07050	0.04232	0.00186	0.00293
2	0.00465	0.00333	0.00413	0.00432	0.00479	0.01458	0.00906	0.04410	0.00634	0.02225	0.09246	0.41412	0.04649	0.17185	0.04635	0.00165	0.00246	0.08485	0.01961	0.00261
3	0.21427	0.00576	0.00568	0.00510	0.00645	0.05531	0.00403	0.20374	0.04167	0.03173	0.02867	0.08825	0.03145	0.07928	0.00433	0.02985	0.01553	0.10558	0.03990	0.00344
4	0.03435	0.05606	0.04107	0.00945	0.24311	0.10304	0.05533	0.07146	0.05441	0.00959	0.03645	0.03873	0.02409	0.08023	0.06479	0.02516	0.00378	0.04325	0.00191	0.00375
5	0.00425	0.00335	0.02983	0.00391	0.00439	0.00305	0.00282	0.00486	0.01152	0.00731	0.06270	0.16047	0.14441	0.35157	0.10988	0.03131	0.00304	0.05020	0.00881	0.00233
6	0.01534	0.00275	0.00350	0.00406	0.00431	0.00259	0.00273	0.00435	0.00573	0.00764	0.01666	0.69610	0.08074	0.10192	0.00501	0.00139	0.00190	0.03821	0.00268	0.00241
7	0.00385	0.00275	0.00372	0.00440	0.00466	0.00263	0.00311	0.00451	0.00590	0.00784	0.01623	0.74508	0.01916	0.00966	0.03015	0.00135	0.00208	0.12768	0.00275	0.00250
8	0.00401	0.00284	0.00358	0.00396	0.00429	0.00269	0.00273	0.00465	0.00596	0.00800	0.10091	0.45777	0.09172	0.17598	0.01986	0.00155	0.00209	0.07522	0.02979	0.00241
9	0.00392	0.00303	0.00347	0.00365	0.00427	0.00277	0.00257	0.00486	0.03563	0.00832	0.11650	0.29095	0.37374	0.11238	0.00502	0.00130	0.00179	0.02054	0.00274	0.00254
10	0.26948	0.00713	0.00737	0.00581	0.00805	0.00778	0.00480	0.48008	0.01065	0.15994	0.00713	0.00706	0.00497	0.00340	0.00268	0.00092	0.00291	0.00245	0.00280	0.00459
11	0.32088	0.00514	0.00514	0.00463	0.00606	0.01143	0.00369	0.14909	0.04136	0.04108	0.14362	0.10557	0.03111	0.00479	0.00283	0.00098	0.00228	0.06541	0.05145	0.00346
12	0.00395	0.00283	0.00367	0.00423	0.00457	0.00267	0.00302	0.00466	0.00607	0.00807	0.05230	0.58458	0.08293	0.06045	0.00449	0.00131	0.00194	0.14514	0.02064	0.00249
13	0.00748	0.00646	0.00680	0.00612	0.00782	0.00748	0.00476	0.01598	0.87009	0.01258	0.01224	0.01122	0.00918	0.00408	0.00306	0.00102	0.00238	0.00340	0.00306	0.00476
14	0.00485	0.00346	0.00485	0.00554	0.00623	0.00346	0.00485	0.00623	0.00692	0.00900	0.01593	0.03393	0.01731	0.00831	0.00415	0.00138	0.00277	0.85528	0.00277	0.00277
15	0.00440	0.00297	0.00342	0.00350	0.00369	0.00289	0.00217	0.00462	0.00494	0.02000	0.01250	0.09952	0.09359	0.66702	0.01235	0.00247	0.00267	0.05315	0.00208	0.00205
16	0.00477	0.00342	0.00475	0.00544	0.00611	0.00340	0.00471	0.00611	0.00687	0.00893	0.01620	0.07310	0.03199	0.00835	0.00413	0.00137	0.00270	0.80214	0.00277	0.00275
17	0.01268	0.00643	0.00779	0.00598	0.00833	0.00637	0.00494	0.35309	0.01081	0.53608	0.01002	0.00904	0.00652	0.00368	0.00302	0.00092	0.00286	0.00290	0.00344	0.00512
18	0.85412	0.00599	0.00473	0.00416	0.00606	0.00692	0.00342	0.06703	0.00573	0.01387	0.00439	0.00504	0.00338	0.00285	0.00194	0.00093	0.00239	0.00170	0.00194	0.00338
19	0.00397	0.00298	0.00370	0.00412	0.00459	0.00281	0.00292	0.00502	0.04575	0.00839	0.08688	0.54447	0.17389	0.02889	0.00402	0.00120	0.00181	0.06917	0.00282	0.00261
20	0.58107	0.00589	0.00535	0.00454	0.00644	0.00655	0.00374	0.14915	0.00711	0.10989	0.00620	0.00696	0.00466	0.00320	0.00225	0.00092	0.00245	0.02069	0.06922	0.00372
21	0.01350	0.00512	0.00698	0.00535	0.00768	0.00442	0.00442	0.01466	0.00861	0.87761	0.01187	0.01024	0.00745	0.00372	0.00302	0.00093	0.00256	0.00302	0.00372	0.00512
22	0.00988	0.01209	0.00761	0.00703	0.00837	0.70107	0.00523	0.03202	0.00817	0.00769	0.00719	0.12074	0.03443	0.02162	0.00314	0.00089	0.00472	0.00300	0.00179	0.00333
23	0.00438	0.00305	0.00372	0.00376	0.00394	0.00313	0.00245	0.00473	0.00492	0.00664	0.05004	0.04811	0.03775	0.60888	0.12720	0.00284	0.01726	0.06311	0.00198	0.00211
24	0.00603	0.01556	0.87871	0.00857	0.01302	0.00699	0.01111	0.00953	0.00635	0.00953	0.00540	0.00635	0.00381	0.00286	0.00286	0.00095	0.00445	0.00222	0.00127	0.00445
25	0.00452	0.00327	0.00403	0.00403	0.00431	0.01812	0.00274	0.00509	0.01275	0.00654	0.00902	0.01647	0.00956	0.49625	0.35167	0.00353	0.00492	0.02274	0.01821	0.00225
26	0.00804	0.89610	0.01576	0.00515	0.00772	0.01190	0.00515	0.00901	0.00611	0.00708	0.00418	0.00483	0.00386	0.00257	0.00193	0.00064	0.00322	0.00161	0.00129	0.00386
27	0.00374	0.00267	0.00356	0.00424	0.00444	0.00251	0.00288	0.00430	0.00579	0.00771	0.01640	0.82950	0.01958	0.02679	0.00408	0.00126	0.00182	0.05349	0.00277	0.00245
