[name]
ND6

[dist]
# distance from previous block
# <min> <max>
0	17

[block]
# block no. 0 follows, 109 sequences, length 8
# corresponding to MSA columns:
# 17-24
name=unknown_A
#
# <colnr> <probs for GDERKNQSTAVLIFYWHMCP>
#	G	D	E	R	K	N	Q	S	T	A	V	L	I	F	Y	W	H	M	C	P
0	0.00421	0.00321	0.00369	0.00385	0.00440	0.01924	0.00281	0.04808	0.04322	0.00774	0.04406	0.30215	0.17971	0.15459	0.02268	0.00135	0.00209	0.13170	0.01880	0.00241
1	0.00472	0.00338	0.00412	0.00419	0.00490	0.00338	0.00324	0.08702	0.04775	0.03282	0.03711	0.24676	0.14775	0.09906	0.03208	0.00132	0.00224	0.23306	0.00245	0.00264
2	0.02398	0.00511	0.00554	0.00494	0.00617	0.04612	0.00392	0.24076	0.11051	0.05707	0.03166	0.10571	0.08401	0.05830	0.05411	0.00123	0.01705	0.12401	0.00243	0.01738
3	0.00451	0.00325	0.00398	0.00411	0.00474	0.00327	0.00309	0.03852	0.10261	0.03223	0.04020	0.29242	0.12571	0.08948	0.04368	0.03094	0.00222	0.17002	0.00241	0.00259
4	0.06472	0.00562	0.00550	0.00493	0.00618	0.10137	0.00387	0.23163	0.10078	0.03376	0.05815	0.09542	0.08548	0.05465	0.01846	0.00106	0.00263	0.10685	0.01567	0.00329
5	0.00461	0.00348	0.00391	0.00393	0.00465	0.03329	0.00296	0.04134	0.05304	0.03987	0.07391	0.19091	0.24781	0.08854	0.03307	0.03085	0.00217	0.13670	0.00240	0.00254
6	0.00469	0.00353	0.00401	0.00402	0.00479	0.02584	0.00306	0.05398	0.06830	0.04227	0.04558	0.21731	0.24089	0.08236	0.04493	0.00129	0.00224	0.14584	0.00243	0.00264
7	0.00521	0.00455	0.00444	0.00441	0.00517	0.11447	0.00333	0.07255	0.06371	0.00811	0.04270	0.19776	0.15920	0.11456	0.00461	0.02001	0.00240	0.16791	0.00228	0.00263

[dist]
# distance from previous block
# <min> <max>
0	3

[block]
# block no. 1 follows, 109 sequences, length 6
# corresponding to MSA columns:
# 28-33
name=unknown_B
#
# <colnr> <probs for GDERKNQSTAVLIFYWHMCP>
#	G	D	E	R	K	N	Q	S	T	A	V	L	I	F	Y	W	H	M	C	P
0	0.08163	0.00690	0.00703	0.00584	0.00751	0.11601	0.04800	0.38062	0.12672	0.01233	0.00820	0.05342	0.04300	0.00463	0.05035	0.00104	0.00318	0.03751	0.00231	0.00378
1	0.00460	0.00342	0.00404	0.00391	0.00473	0.00335	0.00292	0.04589	0.10000	0.02577	0.08705	0.19026	0.17786	0.10333	0.05198	0.01775	0.00219	0.08329	0.01935	0.06831
2	0.06123	0.00455	0.00461	0.00438	0.00535	0.07455	0.00338	0.10608	0.08974	0.02956	0.03955	0.14162	0.14159	0.05408	0.05138	0.03000	0.00254	0.10968	0.04326	0.00287
3	0.00416	0.00279	0.00348	0.00358	0.00389	0.00277	0.00251	0.00466	0.00497	0.03147	0.08020	0.07339	0.04925	0.47149	0.08814	0.00217	0.00278	0.16420	0.00202	0.00208
4	0.00545	0.00466	0.00460	0.00446	0.00532	0.11473	0.00335	0.05692	0.09431	0.02839	0.05219	0.23699	0.09579	0.08538	0.02888	0.00118	0.00248	0.10784	0.02563	0.04144
5	0.00524	0.00458	0.00659	0.02616	0.11639	0.04723	0.12419	0.02911	0.03696	0.02167	0.03513	0.11429	0.10298	0.16377	0.06451	0.04733	0.00308	0.04613	0.00187	0.00280

[dist]
# distance from previous block
# <min> <max>
0	3

[block]
# block no. 2 follows, 109 sequences, length 32
# corresponding to MSA columns:
# 37-68
name=unknown_C
#
# <colnr> <probs for GDERKNQSTAVLIFYWHMCP>
#	G	D	E	R	K	N	Q	S	T	A	V	L	I	F	Y	W	H	M	C	P
0	0.02879	0.00377	0.00449	0.00457	0.00530	0.02888	0.00363	0.04399	0.07942	0.02730	0.06729	0.20029	0.08462	0.02248	0.06703	0.00132	0.03574	0.28598	0.00239	0.00273
1	0.05692	0.01409	0.00760	0.00822	0.21087	0.25969	0.01711	0.15032	0.04239	0.02386	0.00725	0.05895	0.05048	0.04098	0.00329	0.01077	0.01726	0.01461	0.00183	0.00352
2	0.00637	0.00666	0.00794	0.00690	0.00714	0.12325	0.00565	0.00715	0.02406	0.00662	0.00400	0.00613	0.00382	0.00530	0.05597	0.00129	0.71518	0.00233	0.00126	0.00298
3	0.00565	0.00484	0.00563	0.00406	0.00643	0.00372	0.00324	0.00709	0.03809	0.00891	0.00504	0.00577	0.00416	0.00206	0.00203	0.00042	0.00201	0.00166	0.00165	0.88753
4	0.00367	0.00272	0.00344	0.00390	0.00427	0.00263	0.00278	0.00472	0.06296	0.00737	0.02676	0.61313	0.09853	0.04054	0.00379	0.00114	0.00173	0.11106	0.00250	0.00236
5	0.00896	0.00583	0.00661	0.00567	0.04446	0.03550	0.00439	0.33122	0.07887	0.24213	0.02500	0.01095	0.10954	0.00391	0.00287	0.00961	0.00254	0.03898	0.00270	0.03027
6	0.00441	0.00321	0.00458	0.00485	0.00555	0.00312	0.04099	0.01753	0.00615	0.02872	0.01489	0.19927	0.08325	0.00724	0.00358	0.00116	0.00231	0.56416	0.00247	0.00255
7	0.65416	0.00503	0.00431	0.00389	0.00543	0.00571	0.00315	0.05038	0.08525	0.03049	0.00639	0.05674	0.03008	0.00327	0.00205	0.00087	0.00209	0.02462	0.02301	0.00309
8	0.00392	0.00281	0.00349	0.00379	0.00423	0.00269	0.00273	0.04273	0.00579	0.01509	0.05463	0.47175	0.13615	0.10440	0.00450	0.00123	0.00183	0.12511	0.01078	0.00233
9	0.00458	0.00376	0.00403	0.00410	0.00486	0.05887	0.00318	0.01770	0.07792	0.01934	0.07467	0.11850	0.25127	0.07361	0.04192	0.00126	0.00232	0.21827	0.01725	0.00258
10	0.00335	0.00250	0.00312	0.00358	0.00395	0.00228	0.00250	0.00393	0.00554	0.00718	0.04382	0.62312	0.22299	0.00795	0.00340	0.00106	0.00156	0.05340	0.00252	0.00224
11	0.00342	0.00262	0.00312	0.00347	0.00398	0.00237	0.00252	0.00405	0.00564	0.00713	0.01949	0.39589	0.36426	0.05440	0.00392	0.00112	0.00166	0.11622	0.00246	0.00224
12	0.00406	0.00308	0.00365	0.00381	0.00447	0.00298	0.00292	0.03727	0.04902	0.00793	0.06094	0.17545	0.29479	0.11253	0.00458	0.00122	0.00193	0.22448	0.00245	0.00244
13	0.00621	0.00689	0.01368	0.01005	0.01236	0.04891	0.69698	0.02093	0.00631	0.00839	0.00624	0.07317	0.00528	0.00405	0.06651	0.00116	0.00452	0.00342	0.00148	0.00344
14	0.00704	0.00531	0.00578	0.00515	0.00666	0.00590	0.00404	0.01311	0.67516	0.11645	0.02397	0.01153	0.05991	0.00392	0.00278	0.00091	0.00209	0.02306	0.02313	0.00410
15	0.00398	0.00310	0.00349	0.00356	0.00426	0.00301	0.00261	0.00564	0.13083	0.00803	0.08991	0.20658	0.34140	0.09277	0.00419	0.00112	0.00170	0.05892	0.03238	0.00253
16	0.00425	0.00301	0.00366	0.00378	0.00435	0.00291	0.00714	0.03210	0.05004	0.03561	0.04336	0.32514	0.18744	0.13907	0.01963	0.01709	0.00199	0.09797	0.01904	0.00243
17	0.00438	0.00339	0.00388	0.00385	0.00474	0.00330	0.00300	0.05717	0.09994	0.02118	0.09154	0.14163	0.38699	0.00660	0.01228	0.00102	0.00182	0.14799	0.00258	0.00271
18	0.03366	0.00484	0.00522	0.00433	0.00577	0.00511	0.00348	0.31814	0.05608	0.10414	0.01401	0.00899	0.02029	0.00331	0.00236	0.00075	0.00208	0.01075	0.37793	0.01878
19	0.00399	0.00289	0.00359	0.00388	0.00438	0.00277	0.00283	0.04912	0.01812	0.01862	0.05190	0.49426	0.16063	0.04615	0.00383	0.00112	0.00178	0.12521	0.00251	0.00242
20	0.00476	0.00435	0.00421	0.00435	0.02443	0.11207	0.00319	0.01474	0.07294	0.00750	0.02254	0.12378	0.31535	0.10796	0.03056	0.00125	0.00243	0.13881	0.00224	0.00256
21	0.00597	0.00476	0.00510	0.00466	0.00591	0.01721	0.00366	0.13130	0.34675	0.02018	0.05016	0.07707	0.18692	0.00495	0.00294	0.00092	0.00205	0.07910	0.04693	0.00345
22	0.50854	0.00628	0.00526	0.03958	0.00661	0.12323	0.00382	0.13409	0.00642	0.03260	0.00549	0.02289	0.00466	0.01549	0.00233	0.00087	0.00267	0.06288	0.01312	0.00318
23	0.00521	0.00409	0.00457	0.00450	0.01175	0.05517	0.01524	0.10122	0.05523	0.03221	0.01311	0.28019	0.12214	0.11098	0.03454	0.02098	0.00245	0.12140	0.00231	0.00270
24	0.00426	0.00323	0.00410	0.00457	0.03111	0.01511	0.00345	0.02060	0.03706	0.00771	0.02620	0.21933	0.13643	0.05474	0.05227	0.02763	0.00240	0.33255	0.01476	0.00247
25	0.00758	0.01239	0.00609	0.00531	0.00667	0.12147	0.00423	0.24176	0.11973	0.09506	0.01593	0.08182	0.07365	0.02190	0.05097	0.00112	0.01695	0.11141	0.00243	0.00353
26	0.00609	0.00662	0.07399	0.00832	0.15389	0.09188	0.17527	0.04711	0.01977	0.00823	0.00712	0.02408	0.03447	0.06316	0.11012	0.00138	0.03419	0.06156	0.00160	0.07115
27	0.01806	0.00771	0.00705	0.00587	0.00751	0.18448	0.00462	0.44206	0.15505	0.01252	0.00703	0.00808	0.00560	0.08462	0.02890	0.00107	0.00329	0.01029	0.00231	0.00389
28	0.00576	0.00402	0.00463	0.00414	0.00486	0.01872	0.00299	0.15614	0.02108	0.05916	0.00811	0.01384	0.00810	0.45562	0.13336	0.00223	0.02389	0.04013	0.00194	0.03130
29	0.00470	0.00254	0.00362	0.00362	0.00373	0.00256	0.00247	0.00407	0.04112	0.00519	0.00610	0.02068	0.03063	0.02904	0.00982	0.79794	0.00231	0.02714	0.00134	0.00140
30	0.00411	0.00287	0.00338	0.00344	0.00369	0.01839	0.00225	0.00446	0.00453	0.02064	0.01003	0.15804	0.03690	0.51272	0.13681	0.00239	0.00306	0.03165	0.02783	0.01280
31	0.03709	0.00715	0.00756	0.00593	0.00796	0.05165	0.01388	0.63792	0.02570	0.08953	0.00703	0.02892	0.00527	0.00338	0.00268	0.00081	0.00291	0.02173	0.00260	0.04029

[dist]
# distance from previous block
# <min> <max>
0	1

[block]
# block no. 3 follows, 109 sequences, length 37
# corresponding to MSA columns:
# 70-106
name=unknown_D
#
# <colnr> <probs for GDERKNQSTAVLIFYWHMCP>
#	G	D	E	R	K	N	Q	S	T	A	V	L	I	F	Y	W	H	M	C	P
0	0.00382	0.00282	0.00404	0.00409	0.00450	0.00317	0.00307	0.00462	0.00439	0.00622	0.00840	0.08006	0.02573	0.13178	0.69607	0.00381	0.00610	0.00345	0.00158	0.00230
1	0.00363	0.00297	0.00323	0.00327	0.00412	0.00269	0.00251	0.00484	0.06176	0.00784	0.08560	0.04715	0.61330	0.03511	0.00357	0.00101	0.00159	0.11085	0.00253	0.00243
2	0.00345	0.00251	0.00324	0.00375	0.00405	0.00234	0.00263	0.00403	0.00541	0.00710	0.03570	0.64611	0.11380	0.04814	0.00391	0.00116	0.00169	0.10629	0.00248	0.00222
3	0.00391	0.00269	0.00312	0.00318	0.00332	0.00268	0.00196	0.00419	0.01699	0.00575	0.01042	0.07526	0.06586	0.70094	0.04107	0.00238	0.00262	0.05002	0.00180	0.00182
4	0.00339	0.00248	0.00321	0.00376	0.00406	0.00230	0.00264	0.00397	0.00542	0.00708	0.01651	0.69605	0.13327	0.00815	0.00345	0.00109	0.00164	0.09677	0.00251	0.00224
5	0.00385	0.00308	0.00350	0.00344	0.00427	0.00289	0.00262	0.00547	0.09814	0.00887	0.29303	0.06233	0.42611	0.00622	0.00320	0.00093	0.00151	0.06528	0.00268	0.00259
6	0.00394	0.00276	0.00340	0.00358	0.00385	0.00276	0.00252	0.00440	0.00476	0.00626	0.01160	0.06312	0.07879	0.50171	0.08102	0.00222	0.00282	0.21656	0.00194	0.00199
7	0.00355	0.00263	0.00318	0.00348	0.00402	0.00236	0.00252	0.00423	0.00585	0.02431	0.08641	0.43437	0.33223	0.00749	0.00335	0.00102	0.00156	0.07256	0.00256	0.00232
8	0.80527	0.00554	0.00451	0.00390	0.00564	0.00637	0.00322	0.12119	0.00566	0.01277	0.00412	0.00467	0.00315	0.00261	0.00181	0.00083	0.00221	0.00159	0.00181	0.00315
9	0.88476	0.00527	0.00412	0.00364	0.00534	0.00608	0.00300	0.02822	0.00485	0.02971	0.00397	0.00454	0.00304	0.00254	0.00172	0.00084	0.00212	0.00151	0.00173	0.00300
10	0.00404	0.00287	0.00385	0.00433	0.00488	0.00276	0.00351	0.00501	0.00603	0.02169	0.06411	0.27426	0.10069	0.00752	0.00356	0.00114	0.00205	0.48274	0.00254	0.00242
11	0.00346	0.00247	0.00333	0.00395	0.00418	0.00234	0.00280	0.00405	0.00534	0.00709	0.01482	0.76877	0.01753	0.00832	0.00350	0.00112	0.00171	0.14048	0.00251	0.00224
12	0.00363	0.00277	0.00335	0.00325	0.00398	0.00249	0.00247	0.00470	0.00706	0.00947	0.54163	0.02276	0.32745	0.00609	0.00322	0.00089	0.00137	0.04818	0.00279	0.00245
13	0.00339	0.00247	0.00322	0.00377	0.00405	0.00230	0.00264	0.00397	0.00541	0.00711	0.02845	0.72386	0.10288	0.00818	0.00345	0.00109	0.00163	0.08738	0.00252	0.00224
14	0.00391	0.00263	0.00298	0.00298	0.00302	0.00263	0.00169	0.00395	0.00400	0.00532	0.00895	0.01772	0.03115	0.86044	0.03601	0.00262	0.00271	0.00395	0.00166	0.00167
15	0.00396	0.00311	0.00353	0.00360	0.00444	0.00289	0.00283	0.06023	0.01472	0.00817	0.04044	0.12399	0.51891	0.00688	0.00331	0.00100	0.00174	0.19125	0.00253	0.00249
16	0.00386	0.00290	0.00435	0.00435	0.00483	0.00338	0.00338	0.00483	0.00435	0.00628	0.00724	0.01063	0.00676	0.02029	0.89423	0.00435	0.00724	0.00290	0.00145	0.00241
17	0.00409	0.00310	0.00379	0.00392	0.00453	0.02360	0.00310	0.00512	0.00652	0.00866	0.34026	0.03622	0.12574	0.10549	0.00454	0.00119	0.00196	0.31322	0.00256	0.00241
18	0.00668	0.00533	0.00561	0.00495	0.00642	0.01542	0.00387	0.11471	0.53104	0.04839	0.03549	0.01255	0.15830	0.00417	0.00280	0.00089	0.00209	0.00344	0.03397	0.00387
19	0.03038	0.00729	0.00777	0.00602	0.00810	0.00808	0.00495	0.79848	0.04557	0.01649	0.00668	0.00670	0.00478	0.00324	0.00266	0.00081	0.00287	0.00244	0.03219	0.00448
20	0.00337	0.00253	0.00310	0.00346	0.00387	0.00229	0.00241	0.00398	0.00566	0.00736	0.10189	0.52791	0.25023	0.04092	0.00375	0.00109	0.00155	0.02986	0.00252	0.00224
21	0.00922	0.00422	0.00534	0.00436	0.00599	0.00385	0.00351	0.06649	0.03254	0.52947	0.03812	0.04130	0.13548	0.02706	0.00308	0.00090	0.00210	0.02196	0.06115	0.00387
22	0.00945	0.00768	0.02373	0.00595	0.00807	0.09682	0.00490	0.58984	0.05219	0.04451	0.00637	0.00646	0.00463	0.00305	0.00259	0.00075	0.00300	0.00229	0.00242	0.12530
23	0.01012	0.01254	0.00770	0.00692	0.00836	0.83502	0.00522	0.06870	0.00800	0.00731	0.00434	0.00499	0.00356	0.00282	0.00246	0.00070	0.00475	0.00179	0.00148	0.00323
24	0.00561	0.03408	0.57153	0.00856	0.12249	0.01464	0.06733	0.00822	0.01686	0.00852	0.02617	0.02659	0.00496	0.00330	0.02331	0.00094	0.00376	0.03118	0.00134	0.02062
25	0.00518	0.00450	0.00638	0.00732	0.17471	0.03781	0.06072	0.03402	0.02894	0.00841	0.03426	0.13063	0.07961	0.01463	0.01633	0.00108	0.00268	0.32525	0.00214	0.02540
26	0.00432	0.00331	0.00354	0.00373	0.03192	0.04943	0.00224	0.00452	0.00443	0.00570	0.00935	0.03351	0.04772	0.71276	0.03231	0.00234	0.00279	0.04248	0.00170	0.00190
27	0.01995	0.02869	0.00811	0.00828	0.19712	0.13719	0.06349	0.18150	0.05867	0.00970	0.00749	0.01024	0.03889	0.06154	0.05108	0.00116	0.03233	0.07915	0.00187	0.00355
28	0.01746	0.00381	0.00468	0.02645	0.04820	0.02384	0.02548	0.04794	0.06275	0.00750	0.01143	0.12753	0.12541	0.28418	0.09109	0.00177	0.00287	0.04887	0.00198	0.03675
29	0.00849	0.02791	0.02408	0.00711	0.10087	0.17643	0.02340	0.38891	0.02162	0.01182	0.02727	0.00773	0.04250	0.01276	0.02079	0.00086	0.01705	0.01115	0.00208	0.06716
30	0.00662	0.00589	0.00662	0.00691	0.14190	0.12445	0.02672	0.16164	0.04883	0.00922	0.02463	0.06845	0.04122	0.06895	0.04814	0.06694	0.00313	0.08251	0.00194	0.05528
31	0.00640	0.00639	0.00744	0.00943	0.34617	0.17687	0.01236	0.04638	0.01582	0.00818	0.02976	0.09031	0.10834	0.05228	0.03660	0.00107	0.00321	0.03789	0.00177	0.00333
32	0.00577	0.00547	0.03597	0.00716	0.17183	0.08783	0.01704	0.04719	0.10176	0.01674	0.03492	0.14766	0.04073	0.07231	0.05543	0.00906	0.01939	0.10566	0.00200	0.01608
33	0.00444	0.02445	0.00446	0.00472	0.05086	0.01245	0.00337	0.01792	0.05975	0.02243	0.08360	0.27001	0.10550	0.08576	0.05299	0.00699	0.00234	0.18304	0.00233	0.00260
34	0.03289	0.00352	0.00397	0.00413	0.02595	0.02648	0.00300	0.05427	0.01567	0.02848	0.03339	0.17058	0.24910	0.15902	0.00508	0.01125	0.00211	0.15827	0.00230	0.01056
35	0.01177	0.00345	0.00408	0.00428	0.03012	0.01375	0.00309	0.03927	0.08748	0.01837	0.04692	0.21334	0.21582	0.10485	0.03353	0.02183	0.00217	0.12714	0.00674	0.01201
36	0.02576	0.00401	0.00442	0.00422	0.00514	0.02543	0.00324	0.12833	0.07409	0.03027	0.03811	0.16908	0.19604	0.11557	0.01266	0.00121	0.00220	0.14173	0.00241	0.01608

[dist]
# distance from previous block
# <min> <max>
27	47

[block]
# block no. 4 follows, 109 sequences, length 42
# corresponding to MSA columns:
# 170-211
name=unknown_E
#
# <colnr> <probs for GDERKNQSTAVLIFYWHMCP>
#	G	D	E	R	K	N	Q	S	T	A	V	L	I	F	Y	W	H	M	C	P
0	0.00692	0.01102	0.07329	0.00552	0.00698	0.17002	0.02181	0.19645	0.05506	0.00979	0.01367	0.11578	0.02375	0.04357	0.02777	0.00103	0.01821	0.08911	0.05584	0.05440
1	0.01363	0.00302	0.00362	0.00393	0.00443	0.01184	0.00285	0.01537	0.07779	0.00764	0.04107	0.48337	0.14090	0.04441	0.04257	0.00126	0.00202	0.09539	0.00244	0.00245
2	0.00613	0.00554	0.01636	0.00555	0.04599	0.12565	0.00424	0.11977	0.09822	0.01516	0.02836	0.09252	0.10359	0.02656	0.03796	0.00112	0.00775	0.21800	0.00224	0.03930
3	0.00692	0.00650	0.00970	0.01342	0.62661	0.05921	0.01729	0.09349	0.00685	0.00938	0.01925	0.00865	0.00550	0.00365	0.03877	0.00097	0.00339	0.06486	0.00159	0.00401
4	0.00366	0.00266	0.00344	0.00389	0.00427	0.00254	0.00289	0.00434	0.00544	0.00709	0.01552	0.42525	0.13353	0.10108	0.03425	0.00138	0.00209	0.24205	0.00238	0.00224
5	0.00386	0.00279	0.00385	0.00387	0.00420	0.00309	0.00279	0.00452	0.00433	0.00607	0.02186	0.03906	0.02251	0.28725	0.57367	0.00362	0.00549	0.00343	0.00158	0.00217
6	0.00861	0.03127	0.01671	0.00630	0.02099	0.52157	0.00483	0.11331	0.03339	0.01740	0.00670	0.08242	0.00620	0.00376	0.00265	0.00080	0.00384	0.07947	0.03656	0.00324
7	0.01101	0.00585	0.01252	0.00627	0.05088	0.11752	0.09727	0.08332	0.11593	0.01754	0.00801	0.05297	0.02805	0.10783	0.14537	0.00161	0.04019	0.04339	0.00186	0.05261
8	0.00660	0.00637	0.01519	0.01432	0.02902	0.15543	0.04135	0.08829	0.00659	0.00889	0.00585	0.03249	0.00517	0.00415	0.07096	0.00090	0.00317	0.04641	0.00170	0.45717
9	0.00747	0.00727	0.04322	0.00625	0.05659	0.19271	0.00480	0.16607	0.21660	0.03475	0.04912	0.01812	0.06791	0.01537	0.04524	0.00104	0.01766	0.04396	0.00221	0.00363
10	0.07079	0.01389	0.00594	0.00546	0.01805	0.26138	0.00424	0.16929	0.01464	0.02474	0.00888	0.03588	0.06418	0.05457	0.06448	0.00121	0.00346	0.15630	0.01949	0.00311
11	0.01324	0.00470	0.00476	0.00471	0.02991	0.11113	0.00344	0.07334	0.03419	0.01244	0.01176	0.13286	0.14069	0.13259	0.07528	0.02667	0.00289	0.11769	0.00206	0.06565
12	0.00419	0.00333	0.00368	0.00379	0.00453	0.02375	0.00287	0.04282	0.06656	0.00825	0.06124	0.27421	0.32904	0.00672	0.00322	0.00099	0.00177	0.11933	0.03714	0.00257
13	0.00615	0.00504	0.00556	0.00511	0.00642	0.00560	0.00405	0.09218	0.51617	0.01081	0.05395	0.05612	0.06208	0.00494	0.01829	0.00101	0.00224	0.12695	0.00266	0.01467
14	0.02122	0.00290	0.00322	0.00336	0.00410	0.00267	0.00250	0.01173	0.04754	0.00772	0.05083	0.24210	0.49762	0.02075	0.00341	0.00101	0.00158	0.07083	0.00251	0.00240
15	0.01407	0.00294	0.00361	0.00389	0.00436	0.00291	0.00287	0.01922	0.04860	0.00739	0.02695	0.29997	0.12831	0.18475	0.02232	0.00727	0.00214	0.21379	0.00232	0.00232
16	0.00411	0.00293	0.00370	0.00406	0.00458	0.00285	0.00308	0.04360	0.02171	0.01497	0.02220	0.44049	0.11113	0.03190	0.00367	0.00112	0.00189	0.24256	0.03698	0.00245
17	0.00498	0.00310	0.00389	0.00379	0.00467	0.00283	0.00302	0.00596	0.00663	0.13447	0.23223	0.02279	0.26597	0.06551	0.00396	0.00109	0.00185	0.22788	0.00268	0.00269
18	0.00543	0.00514	0.00458	0.00454	0.01903	0.17035	0.00339	0.07724	0.02867	0.00825	0.04294	0.16507	0.31400	0.02131	0.00325	0.00095	0.00238	0.09890	0.02186	0.00272
19	0.00391	0.00296	0.00426	0.00428	0.00476	0.01054	0.00330	0.00482	0.00446	0.00632	0.00807	0.02568	0.02849	0.05709	0.78971	0.00403	0.00667	0.02673	0.00153	0.00238
20	0.00333	0.00238	0.00318	0.00381	0.00398	0.00223	0.00257	0.00383	0.00521	0.00695	0.01489	0.87347	0.01781	0.00844	0.00346	0.00110	0.00160	0.03704	0.00251	0.00221
21	0.00363	0.00252	0.00304	0.00332	0.00344	0.00243	0.00208	0.00388	0.00461	0.00610	0.01229	0.40247	0.05604	0.45975	0.00864	0.00186	0.00210	0.01779	0.00207	0.00192
22	0.00344	0.00255	0.00318	0.00356	0.00392	0.00238	0.00248	0.00401	0.00537	0.00701	0.04730	0.50900	0.20016	0.09251	0.04982	0.00137	0.00196	0.05539	0.00239	0.00220
23	0.02449	0.00539	0.00570	0.00513	0.00656	0.02720	0.00404	0.05966	0.56430	0.07380	0.02776	0.02475	0.03560	0.00403	0.00277	0.00091	0.00219	0.06564	0.05617	0.00391
24	0.00347	0.00248	0.00334	0.00396	0.00420	0.00235	0.00281	0.00407	0.00535	0.00710	0.01481	0.76089	0.01751	0.00831	0.00350	0.00112	0.00172	0.14826	0.00251	0.00224
25	0.00359	0.00290	0.00310	0.00310	0.00390	0.00262	0.00229	0.00473	0.05995	0.00782	0.10612	0.08854	0.59648	0.05983	0.00379	0.00102	0.00152	0.02170	0.02462	0.00240
26	0.01251	0.00370	0.00453	0.00401	0.00522	0.00348	0.00316	0.04092	0.07445	0.25529	0.22258	0.05710	0.19451	0.00531	0.01576	0.00094	0.00188	0.05237	0.03902	0.00326
27	0.00419	0.00309	0.00378	0.00359	0.00439	0.00291	0.00278	0.03955	0.03072	0.02279	0.55661	0.02139	0.20466	0.00581	0.00320	0.00090	0.00151	0.08265	0.00282	0.00265
28	0.00447	0.00364	0.02063	0.00372	0.00463	0.01728	0.00288	0.04558	0.08979	0.01627	0.51478	0.01904	0.19484	0.03920	0.00349	0.00093	0.00162	0.00460	0.00984	0.00277
29	0.00740	0.00738	0.00968	0.01315	0.59494	0.15450	0.00715	0.08205	0.02459	0.00908	0.00541	0.00697	0.00454	0.00348	0.04461	0.00096	0.00363	0.01496	0.00151	0.00401
30	0.00345	0.00288	0.00306	0.00316	0.00396	0.01512	0.00240	0.00421	0.00617	0.00752	0.07077	0.11476	0.65356	0.00695	0.00326	0.00096	0.00155	0.09141	0.00252	0.00232
31	0.00585	0.00471	0.00511	0.00470	0.00596	0.00517	0.00365	0.03638	0.51704	0.03047	0.07503	0.04781	0.14514	0.00489	0.01906	0.00098	0.00204	0.04062	0.04179	0.00361
32	0.02376	0.08851	0.07614	0.00752	0.11789	0.36123	0.03075	0.10127	0.00719	0.01798	0.00614	0.03221	0.04009	0.00441	0.07238	0.00104	0.00409	0.00236	0.00159	0.00344
33	0.00461	0.00386	0.00397	0.00389	0.01045	0.05298	0.00283	0.08522	0.04683	0.00818	0.05089	0.18983	0.35139	0.10813	0.03417	0.00124	0.00217	0.02855	0.00235	0.00847
34	0.02444	0.00731	0.06679	0.00717	0.13177	0.20221	0.01515	0.13201	0.00666	0.01414	0.00628	0.02010	0.00591	0.18699	0.06038	0.00142	0.06960	0.03682	0.00167	0.00318
35	0.03807	0.04810	0.08058	0.01932	0.29707	0.00605	0.09055	0.09845	0.02507	0.02279	0.01365	0.02718	0.02022	0.04223	0.12200	0.00138	0.02594	0.01609	0.00163	0.00363
36	0.77554	0.04070	0.00468	0.00406	0.02946	0.00609	0.00324	0.02592	0.00500	0.02820	0.00487	0.00594	0.02318	0.00279	0.00185	0.00084	0.00217	0.03070	0.00174	0.00302
37	0.00608	0.00524	0.00604	0.00474	0.04135	0.02093	0.00360	0.06672	0.02568	0.00939	0.00506	0.00580	0.00414	0.00216	0.00210	0.00046	0.00217	0.00173	0.00169	0.78492
38	0.03973	0.00260	0.00333	0.00388	0.00420	0.00249	0.00277	0.00420	0.00536	0.00730	0.01499	0.69862	0.05932	0.00801	0.00341	0.00110	0.00171	0.13221	0.00247	0.00227
39	0.00538	0.00500	0.00831	0.82444	0.04432	0.00613	0.01952	0.04135	0.00573	0.00739	0.00489	0.00717	0.00367	0.00271	0.00271	0.00090	0.00358	0.00242	0.00127	0.00311
40	0.00662	0.00598	0.02373	0.00941	0.23643	0.00588	0.19377	0.13274	0.04723	0.03531	0.00795	0.03688	0.04276	0.03904	0.00352	0.00095	0.02983	0.08360	0.00187	0.05648
41	0.02368	0.00532	0.00690	0.00820	0.24871	0.05008	0.01708	0.13191	0.06379	0.01442	0.00965	0.08598	0.05103	0.05798	0.03847	0.00117	0.00294	0.17724	0.00205	0.00338

[dist]
# distance from previous block
# <min> <max>
0	7

# created by:
# /share/home/app/bin/augustus-3.3.1/scripts/msa2prfl.pl /dev/shm/tmp/mt-Insecta/msas/ND6.aln --setname=ND6
