[name]
atp6

[dist]
# distance from previous block
# <min> <max>
0	195

[block]
# block no. 0 follows, 157 sequences, length 17
# corresponding to MSA columns:
# 205-221
name=unknown_A
#
# <colnr> <probs for GDERKNQSTAVLIFYWHMCP>
#	G	D	E	R	K	N	Q	S	T	A	V	L	I	F	Y	W	H	M	C	P
0	0.03019	0.00950	0.01405	0.02351	0.01475	0.12323	0.01615	0.06398	0.18013	0.01707	0.01669	0.08155	0.10013	0.11956	0.07680	0.00102	0.01519	0.07826	0.01604	0.00220
1	0.01791	0.01945	0.09630	0.02364	0.00999	0.05523	0.10341	0.02089	0.04202	0.01786	0.04222	0.06097	0.15670	0.14994	0.11388	0.01738	0.01446	0.02425	0.00134	0.01216
2	0.00346	0.00305	0.00277	0.00265	0.00334	0.11546	0.00199	0.00416	0.03711	0.04838	0.09648	0.03214	0.55167	0.03849	0.00263	0.01685	0.00144	0.03432	0.00175	0.00186
3	0.00494	0.00520	0.02077	0.13056	0.03169	0.27151	0.06677	0.07732	0.04522	0.01256	0.02004	0.14258	0.04778	0.05624	0.02214	0.00075	0.01761	0.00245	0.01547	0.00842
4	0.00723	0.05408	0.00620	0.00492	0.05051	0.13772	0.00385	0.69097	0.00823	0.01064	0.00434	0.00449	0.00318	0.00225	0.00191	0.00057	0.00237	0.00166	0.00173	0.00315
5	0.00410	0.00354	0.00418	0.00303	0.00470	0.00279	0.00243	0.00495	0.00404	0.00634	0.00346	0.00410	0.00290	0.00156	0.00170	0.00032	0.04656	0.00120	0.00115	0.89694
6	0.00254	0.00182	0.00239	0.00277	0.00294	0.00172	0.00188	0.02474	0.00400	0.00536	0.05773	0.85968	0.01309	0.00597	0.00249	0.00079	0.00116	0.00541	0.00185	0.00166
7	0.00482	0.42688	0.35462	0.00444	0.01712	0.02349	0.00487	0.06526	0.02232	0.00585	0.00343	0.00399	0.00277	0.00251	0.04938	0.00066	0.00260	0.00134	0.00095	0.00270
8	0.00465	0.00532	0.01163	0.00831	0.01030	0.00499	0.91127	0.00631	0.00465	0.00631	0.00399	0.00532	0.00299	0.00166	0.00233	0.00066	0.00332	0.00233	0.00100	0.00266
9	0.00287	0.00191	0.00215	0.00215	0.00215	0.00191	0.00119	0.00287	0.00287	0.00382	0.00621	0.01290	0.00717	0.93072	0.01003	0.00191	0.00191	0.00287	0.00119	0.00119
10	0.00433	0.07460	0.66921	0.00556	0.06128	0.01760	0.00629	0.04922	0.02634	0.01766	0.00406	0.02329	0.01220	0.01759	0.00200	0.00063	0.00268	0.00162	0.00098	0.00285
11	0.00265	0.00214	0.00238	0.00235	0.00293	0.01344	0.00178	0.00340	0.02030	0.00631	0.33832	0.05027	0.49226	0.00464	0.00234	0.00066	0.00106	0.04906	0.00194	0.00177
12	0.00442	0.00422	0.00543	0.39597	0.09173	0.11265	0.02717	0.04823	0.07333	0.01869	0.05507	0.01695	0.05397	0.02378	0.04840	0.00079	0.01357	0.00207	0.00121	0.00234
13	0.01973	0.32841	0.03980	0.00422	0.02758	0.19622	0.00357	0.15745	0.09177	0.00671	0.04864	0.01522	0.00393	0.00216	0.00174	0.00052	0.01445	0.00155	0.00127	0.03506
14	0.00273	0.00189	0.00236	0.00254	0.00280	0.00179	0.00172	0.00308	0.00375	0.03433	0.02714	0.46455	0.16619	0.20026	0.07444	0.00118	0.00161	0.00436	0.00166	0.00160
15	0.00277	0.00200	0.00236	0.00249	0.00284	0.00187	0.00173	0.00332	0.03332	0.02662	0.05631	0.33160	0.26801	0.20626	0.00407	0.00099	0.00132	0.04875	0.00173	0.00164
16	0.22643	0.01670	0.07054	0.00415	0.01455	0.12758	0.01180	0.36823	0.04861	0.03174	0.00421	0.00466	0.00320	0.02929	0.02025	0.00068	0.00227	0.00158	0.01077	0.00275

[dist]
# distance from previous block
# <min> <max>
4	13

[block]
# block no. 1 follows, 157 sequences, length 17
# corresponding to MSA columns:
# 239-255
name=unknown_B
#
# <colnr> <probs for GDERKNQSTAVLIFYWHMCP>
#	G	D	E	R	K	N	Q	S	T	A	V	L	I	F	Y	W	H	M	C	P
0	0.00262	0.00199	0.00237	0.00260	0.00293	0.00187	0.00182	0.00331	0.05470	0.00532	0.04355	0.47325	0.25638	0.08810	0.00311	0.00086	0.00122	0.05052	0.00179	0.00169
1	0.01682	0.02211	0.00553	0.00451	0.02506	0.10928	0.00356	0.54344	0.17171	0.02812	0.00524	0.02102	0.00397	0.01937	0.00209	0.00062	0.00217	0.00186	0.00181	0.01172
2	0.00248	0.00186	0.00224	0.00245	0.00277	0.00169	0.00170	0.00291	0.00409	0.00529	0.09880	0.45096	0.29137	0.09693	0.00319	0.00085	0.00117	0.02583	0.00180	0.00161
3	0.00515	0.00445	0.00459	0.00407	0.00522	0.02678	0.00318	0.07566	0.82772	0.00847	0.00767	0.00707	0.00574	0.00264	0.00200	0.00066	0.00165	0.00217	0.00198	0.00312
4	0.00691	0.00825	0.00539	0.00485	0.00592	0.70734	0.00368	0.05305	0.17431	0.00583	0.00405	0.00432	0.00322	0.00217	0.00183	0.00054	0.00312	0.00147	0.00125	0.00249
5	0.00261	0.00198	0.00224	0.00235	0.00269	0.00186	0.00160	0.00310	0.03190	0.00491	0.01285	0.23479	0.36536	0.27241	0.02858	0.00113	0.00144	0.02499	0.00163	0.00156
6	0.50847	0.00394	0.00375	0.00316	0.00442	0.00435	0.00258	0.15309	0.08989	0.13795	0.06719	0.00513	0.00421	0.00223	0.00160	0.00061	0.00161	0.00159	0.00165	0.00258
7	0.00258	0.00184	0.00234	0.00262	0.00282	0.00174	0.00180	0.00296	0.00385	0.00510	0.07535	0.54012	0.08534	0.18273	0.00394	0.00100	0.00132	0.07926	0.00173	0.00156
8	0.00288	0.00222	0.00313	0.00314	0.00348	0.01888	0.00241	0.00354	0.00323	0.00457	0.00554	0.05158	0.00535	0.04880	0.82823	0.00296	0.00493	0.00229	0.00110	0.00174
9	0.02116	0.00318	0.00349	0.00329	0.00398	0.02712	0.00246	0.16292	0.16239	0.05214	0.02437	0.35547	0.04484	0.06394	0.00270	0.00077	0.00154	0.02606	0.03588	0.00228
10	0.01698	0.00269	0.00300	0.00288	0.00356	0.00271	0.00217	0.07554	0.16631	0.03946	0.08805	0.20598	0.28266	0.03080	0.00246	0.00072	0.00130	0.03840	0.03220	0.00212
11	0.00276	0.00208	0.00234	0.00241	0.00291	0.00189	0.00175	0.00344	0.04417	0.03235	0.04531	0.21508	0.48650	0.09791	0.00314	0.00083	0.00121	0.05038	0.00180	0.00173
12	0.19332	0.00306	0.00330	0.00290	0.00382	0.00314	0.00228	0.09563	0.08149	0.11728	0.29652	0.04239	0.14060	0.00333	0.00201	0.00063	0.00133	0.00274	0.00192	0.00231
13	0.03657	0.00247	0.00301	0.00293	0.00351	0.00243	0.00215	0.03057	0.09604	0.14421	0.11792	0.38962	0.06103	0.06308	0.01379	0.00081	0.00138	0.01527	0.01108	0.00210
14	0.05563	0.00227	0.00262	0.00261	0.00301	0.00225	0.00182	0.05145	0.01710	0.04379	0.07782	0.27457	0.12542	0.27907	0.02871	0.00113	0.00156	0.01749	0.00994	0.00173
15	0.00292	0.00219	0.00255	0.00257	0.00306	0.00207	0.00187	0.03407	0.05372	0.01970	0.19596	0.25972	0.30556	0.07503	0.00294	0.00079	0.00120	0.03041	0.00187	0.00182
16	0.01427	0.00249	0.00282	0.00269	0.00338	0.01404	0.00206	0.03230	0.07724	0.07972	0.20230	0.12744	0.36344	0.00462	0.02179	0.00073	0.00130	0.04340	0.00193	0.00202

[dist]
# distance from previous block
# <min> <max>
11	20

[block]
# block no. 2 follows, 157 sequences, length 25
# corresponding to MSA columns:
# 281-305
name=unknown_C
#
# <colnr> <probs for GDERKNQSTAVLIFYWHMCP>
#	G	D	E	R	K	N	Q	S	T	A	V	L	I	F	Y	W	H	M	C	P
0	0.03847	0.00229	0.00278	0.02977	0.03490	0.00215	0.00210	0.00389	0.02894	0.04736	0.25911	0.14978	0.35637	0.00442	0.00228	0.00067	0.00118	0.02973	0.00187	0.00191
1	0.19411	0.03094	0.00429	0.00324	0.00469	0.00379	0.00265	0.18321	0.00506	0.07086	0.00442	0.02933	0.00366	0.00224	0.01162	0.00051	0.00169	0.04065	0.01625	0.38679
2	0.00708	0.03854	0.00596	0.00483	0.00612	0.45619	0.02995	0.34423	0.07448	0.00794	0.00406	0.00431	0.00311	0.00218	0.00187	0.00055	0.00284	0.00155	0.00144	0.00276
3	0.01817	0.00494	0.01112	0.24501	0.32501	0.13660	0.01384	0.09134	0.04005	0.02231	0.00468	0.01065	0.04427	0.00965	0.00864	0.00063	0.00743	0.00184	0.00116	0.00266
4	0.00346	0.00185	0.00265	0.00262	0.00268	0.00187	0.00176	0.02978	0.00284	0.00380	0.00394	0.04061	0.00403	0.06048	0.02570	0.80629	0.00179	0.00193	0.00095	0.00100
5	0.03345	0.00479	0.00504	0.01806	0.00550	0.06458	0.00955	0.53483	0.05005	0.05148	0.00585	0.09722	0.00503	0.02181	0.02409	0.00072	0.00215	0.06111	0.00183	0.00286
6	0.00268	0.00210	0.00242	0.00252	0.00302	0.00195	0.00185	0.02487	0.04544	0.00587	0.12615	0.31063	0.41359	0.00511	0.00238	0.00071	0.00113	0.04390	0.00188	0.00178
7	0.06093	0.00415	0.00446	0.00365	0.00480	0.04396	0.00290	0.29980	0.09506	0.19513	0.06755	0.01810	0.03115	0.08335	0.00276	0.00072	0.02757	0.00211	0.02750	0.02434
8	0.00373	0.00358	0.00638	0.00562	0.07820	0.01081	0.32503	0.02983	0.00439	0.00587	0.00798	0.25736	0.09244	0.03282	0.00277	0.00076	0.03731	0.09152	0.00141	0.00219
9	0.00394	0.00975	0.85557	0.00566	0.00846	0.00452	0.04779	0.00615	0.00417	0.00621	0.00375	0.02847	0.00280	0.00198	0.00191	0.00063	0.00289	0.00160	0.00087	0.00287
10	0.01650	0.00455	0.00508	0.00406	0.00542	0.00487	0.00331	0.55460	0.08017	0.16176	0.05629	0.04803	0.01456	0.00278	0.00204	0.00062	0.00190	0.02832	0.00204	0.00310
11	0.00316	0.00236	0.00271	0.00268	0.00325	0.00226	0.00199	0.10098	0.02637	0.01893	0.08287	0.29870	0.37098	0.01248	0.00257	0.02837	0.00124	0.03438	0.00185	0.00188
12	0.00323	0.00264	0.00314	0.00308	0.00344	0.06316	0.00229	0.01661	0.02256	0.00475	0.03585	0.00891	0.02237	0.20135	0.59477	0.00252	0.00413	0.00229	0.00117	0.00173
13	0.10749	0.22179	0.00579	0.00352	0.00484	0.00453	0.02727	0.06222	0.03874	0.33701	0.03974	0.01217	0.04412	0.02038	0.01210	0.00064	0.03776	0.01548	0.00170	0.00273
14	0.00544	0.00443	0.00469	0.00404	0.00520	0.00504	0.00317	0.23538	0.63697	0.00904	0.00710	0.00701	0.00542	0.05502	0.00245	0.00072	0.00173	0.00215	0.00195	0.00307
15	0.00256	0.00200	0.00234	0.00242	0.00293	0.00178	0.00184	0.00319	0.00466	0.00598	0.23400	0.14118	0.46644	0.00498	0.00240	0.00070	0.00110	0.11588	0.00191	0.00172
16	0.01482	0.00400	0.01813	0.00444	0.04418	0.10574	0.02501	0.07086	0.00431	0.00576	0.04523	0.24858	0.01886	0.01045	0.06208	0.00091	0.25845	0.05471	0.00136	0.00211
17	0.08102	0.00691	0.00564	0.00486	0.02855	0.39743	0.02840	0.34338	0.05446	0.02491	0.00404	0.00430	0.00306	0.00216	0.00184	0.00056	0.00271	0.00155	0.00146	0.00276
18	0.00280	0.00213	0.00265	0.00291	0.00339	0.00201	0.00235	0.00360	0.02869	0.00568	0.04167	0.17723	0.31142	0.00530	0.00253	0.00079	0.00139	0.39986	0.00184	0.00176
19	0.00287	0.00215	0.00268	0.00253	0.00305	0.00203	0.00190	0.00405	0.06186	0.00766	0.76962	0.01470	0.10935	0.00404	0.00231	0.00063	0.00098	0.00354	0.00213	0.00192
20	0.00415	0.05774	0.01943	0.18782	0.28843	0.02549	0.00418	0.03622	0.06091	0.01543	0.07687	0.03168	0.16676	0.00290	0.01314	0.00065	0.00202	0.00240	0.00133	0.00248
21	0.14837	0.08400	0.16179	0.00487	0.04709	0.35742	0.00419	0.14618	0.00539	0.01867	0.00341	0.00385	0.00265	0.00199	0.00171	0.00055	0.00273	0.00136	0.00116	0.00261
22	0.00460	0.00518	0.01114	0.00803	0.00995	0.00488	0.85551	0.00633	0.02596	0.00634	0.00433	0.00601	0.00338	0.00183	0.00233	0.00067	0.00322	0.03662	0.00105	0.00264
23	0.00246	0.00201	0.00219	0.00224	0.00284	0.00174	0.00171	0.00304	0.00458	0.00566	0.12163	0.07084	0.68015	0.00499	0.00238	0.00069	0.00107	0.08621	0.00187	0.00170
24	0.51295	0.00562	0.00428	0.00379	0.01511	0.27762	0.02910	0.05725	0.03909	0.03434	0.00334	0.00373	0.00259	0.00196	0.00152	0.00058	0.00223	0.00128	0.00126	0.00235

[dist]
# distance from previous block
# <min> <max>
0	8

[block]
# block no. 3 follows, 157 sequences, length 100
# corresponding to MSA columns:
# 314-413
name=unknown_D
#
# <colnr> <probs for GDERKNQSTAVLIFYWHMCP>
#	G	D	E	R	K	N	Q	S	T	A	V	L	I	F	Y	W	H	M	C	P
0	0.50474	0.00492	0.00402	0.01199	0.06168	0.19488	0.00287	0.06843	0.00423	0.00747	0.00315	0.00389	0.00257	0.00276	0.03426	0.07305	0.01042	0.00130	0.00117	0.00220
1	0.13048	0.00664	0.33494	0.02415	0.00821	0.01848	0.35054	0.00598	0.00421	0.00647	0.00394	0.02759	0.00315	0.00227	0.02035	0.00070	0.02567	0.02262	0.00100	0.00259
2	0.00328	0.00270	0.00332	0.03980	0.05034	0.03940	0.02157	0.01148	0.01813	0.03701	0.17334	0.08449	0.32508	0.01285	0.10812	0.00096	0.00187	0.05194	0.00168	0.01265
3	0.00281	0.00209	0.00308	0.00309	0.00341	0.00241	0.00236	0.00346	0.00316	0.00453	0.00546	0.02624	0.00525	0.08095	0.83870	0.00303	0.00495	0.00224	0.00108	0.00172
4	0.00276	0.00192	0.00228	0.00238	0.00251	0.00188	0.00149	0.00306	0.02055	0.00466	0.08535	0.25315	0.04976	0.53830	0.01251	0.00143	0.00160	0.01149	0.00149	0.00142
5	0.00412	0.00352	0.00410	0.00293	0.00468	0.00266	0.00235	0.01268	0.00413	0.00647	0.00351	0.00409	0.00292	0.00147	0.00146	0.00029	0.00147	0.00117	0.00117	0.93478
6	0.00288	0.00190	0.00226	0.00236	0.00243	0.00186	0.00143	0.00300	0.00319	0.02472	0.00752	0.25930	0.00870	0.64584	0.01633	0.00159	0.00173	0.01021	0.00140	0.00136
7	0.00249	0.00203	0.00222	0.00230	0.00290	0.00176	0.00179	0.00306	0.00453	0.00553	0.06048	0.05228	0.70179	0.00506	0.00240	0.00071	0.00113	0.14401	0.00184	0.00169
8	0.00287	0.00211	0.00302	0.00301	0.00332	0.00240	0.00227	0.01207	0.00319	0.00453	0.00555	0.00857	0.01532	0.14922	0.75716	0.01572	0.00466	0.00224	0.00109	0.00168
9	0.02434	0.00442	0.00488	0.00400	0.00531	0.00482	0.00322	0.35328	0.34080	0.16061	0.06278	0.00669	0.01059	0.00260	0.00200	0.00063	0.00177	0.00209	0.00206	0.00314
10	0.00245	0.00176	0.00225	0.00263	0.00277	0.00164	0.00174	0.00276	0.00372	0.00492	0.01097	0.76982	0.07272	0.10587	0.00331	0.00091	0.00122	0.00521	0.00176	0.00156
11	0.00287	0.00191	0.00215	0.00215	0.00215	0.00191	0.00119	0.00287	0.00287	0.00382	0.00621	0.01290	0.00717	0.93072	0.01003	0.00191	0.00191	0.00287	0.00119	0.00119
12	0.00337	0.00274	0.00283	0.00275	0.00326	0.05559	0.00202	0.05382	0.05558	0.00590	0.14150	0.05458	0.24857	0.24390	0.00429	0.00100	0.00157	0.10414	0.01078	0.00180
13	0.00285	0.00192	0.00220	0.00221	0.00224	0.00193	0.00128	0.00290	0.00294	0.00392	0.01083	0.03380	0.01864	0.84997	0.05305	0.00192	0.00204	0.00291	0.00122	0.00124
14	0.00243	0.00201	0.00214	0.00215	0.00277	0.00172	0.00163	0.00300	0.00462	0.00568	0.13528	0.03414	0.74332	0.00491	0.00235	0.00067	0.00103	0.04658	0.00187	0.00170
15	0.00247	0.00175	0.00229	0.00270	0.00282	0.00165	0.00179	0.00280	0.00372	0.00496	0.01852	0.80130	0.02014	0.09837	0.00327	0.00091	0.00123	0.02596	0.00177	0.00157
16	0.00296	0.00221	0.00249	0.00246	0.00302	0.00205	0.00182	0.00968	0.06742	0.03924	0.13770	0.10158	0.44931	0.11365	0.00324	0.00083	0.00123	0.05549	0.00184	0.00181
17	0.09529	0.00557	0.00492	0.00408	0.00536	0.26484	0.00325	0.21642	0.01905	0.29196	0.00545	0.01590	0.01985	0.00239	0.00193	0.00059	0.01625	0.01193	0.01215	0.00283
18	0.00736	0.00940	0.00559	0.00508	0.00609	0.92281	0.00381	0.00787	0.00559	0.00482	0.00305	0.00355	0.00254	0.00203	0.00178	0.00051	0.00355	0.00127	0.00102	0.00229
19	0.00246	0.00175	0.00231	0.00272	0.00286	0.00164	0.00183	0.00280	0.00380	0.00505	0.02864	0.82462	0.03489	0.03699	0.00284	0.01421	0.00119	0.02604	0.00180	0.00159
20	0.00284	0.00242	0.00245	0.00244	0.00300	0.04290	0.00179	0.02276	0.02816	0.00573	0.12703	0.15404	0.52923	0.05363	0.00273	0.00074	0.00122	0.01334	0.00181	0.00176
21	0.66309	0.00433	0.00380	0.00318	0.00450	0.00493	0.00262	0.27801	0.00513	0.00992	0.00334	0.00366	0.00250	0.00199	0.00145	0.00060	0.00172	0.00128	0.00145	0.00250
22	0.00428	0.00425	0.00374	0.01023	0.00451	0.26657	0.00312	0.01371	0.00473	0.00548	0.00829	0.19171	0.00901	0.00455	0.00240	0.00077	0.00219	0.45695	0.00158	0.00193
23	0.00264	0.00206	0.00238	0.00231	0.00289	0.00183	0.00175	0.00961	0.01275	0.00661	0.42942	0.01688	0.45422	0.00451	0.00233	0.00065	0.00101	0.03662	0.00773	0.00178
24	0.00409	0.00350	0.00409	0.00292	0.00467	0.00263	0.00234	0.00496	0.00409	0.00642	0.00350	0.00409	0.00292	0.00146	0.00146	0.00029	0.00146	0.00117	0.00117	0.94277
25	0.00282	0.00211	0.00317	0.00317	0.00352	0.00246	0.00246	0.00352	0.00317	0.00458	0.00528	0.00774	0.00493	0.01478	0.92291	0.00317	0.00528	0.00211	0.00106	0.00176
26	0.05288	0.01979	0.00571	0.00445	0.00592	0.11415	0.00363	0.69286	0.05544	0.01887	0.00460	0.00465	0.00334	0.00231	0.00190	0.00058	0.00226	0.00170	0.00181	0.00314
27	0.00286	0.00194	0.00228	0.00228	0.00233	0.00198	0.00136	0.00295	0.00291	0.00392	0.00609	0.01223	0.00688	0.81235	0.12801	0.00207	0.00235	0.00277	0.00118	0.00127
28	0.00764	0.00373	0.00461	0.00370	0.00510	0.00365	0.00300	0.07351	0.24881	0.60177	0.00761	0.00675	0.00508	0.00250	0.00198	0.00062	0.00167	0.00203	0.01297	0.00327
29	0.00442	0.00326	0.00367	0.00320	0.00411	0.00330	0.00250	0.27898	0.05390	0.03539	0.18089	0.14922	0.19743	0.00385	0.00219	0.00064	0.00145	0.02639	0.00194	0.04324
30	0.01379	0.00454	0.00458	0.00406	0.00520	0.06921	0.00319	0.08010	0.66350	0.06979	0.00743	0.00744	0.00567	0.00270	0.00201	0.00065	0.00177	0.04228	0.00194	0.01016
31	0.05983	0.00453	0.00504	0.00402	0.00546	0.00485	0.00328	0.40247	0.21727	0.26288	0.00623	0.00580	0.00432	0.00243	0.00194	0.00062	0.00186	0.00190	0.00207	0.00323
32	0.00543	0.00493	0.00669	0.00536	0.00615	0.02695	0.12397	0.29331	0.00529	0.00741	0.00350	0.00459	0.00290	0.00283	0.00434	0.00074	0.48246	0.00181	0.00874	0.00260
33	0.05035	0.00213	0.00253	0.00254	0.00291	0.00205	0.00175	0.00375	0.00383	0.09237	0.06676	0.23751	0.10944	0.35280	0.00521	0.00117	0.00151	0.05807	0.00164	0.00168
34	0.00342	0.00226	0.00275	0.00260	0.00327	0.00204	0.00203	0.02626	0.00515	0.10375	0.37541	0.03619	0.32308	0.00435	0.00233	0.00067	0.00116	0.09927	0.00203	0.00198
35	0.00292	0.00197	0.00248	0.00254	0.00279	0.00188	0.00172	0.01699	0.00419	0.02918	0.29352	0.31859	0.01780	0.26141	0.01374	0.01959	0.00137	0.00394	0.00175	0.00163
36	0.01398	0.00403	0.00429	0.00372	0.00485	0.00447	0.00293	0.18494	0.52838	0.03664	0.05262	0.00870	0.12896	0.00297	0.00205	0.00065	0.00157	0.00244	0.00891	0.00290
37	0.00257	0.00191	0.00220	0.00231	0.00262	0.00176	0.00157	0.00293	0.00392	0.00503	0.08623	0.23340	0.32873	0.28255	0.00469	0.00107	0.00133	0.03196	0.00167	0.00153
38	0.38642	0.00439	0.00432	0.00350	0.00483	0.00485	0.00286	0.39363	0.01314	0.09984	0.00434	0.00481	0.00326	0.05502	0.00628	0.00069	0.00185	0.00158	0.00167	0.00273
39	0.00245	0.00179	0.00229	0.00267	0.00287	0.00166	0.00183	0.00283	0.00388	0.00507	0.01188	0.72071	0.13417	0.04329	0.00281	0.00083	0.00119	0.05437	0.00180	0.00160
40	0.01685	0.00546	0.00586	0.00449	0.00607	0.00603	0.00371	0.88386	0.00913	0.03148	0.00478	0.00476	0.00337	0.00236	0.00196	0.00059	0.00215	0.00177	0.00197	0.00334
41	0.00322	0.00221	0.00261	0.00253	0.00285	0.00219	0.00172	0.02003	0.06262	0.03474	0.21497	0.05603	0.05628	0.47364	0.00622	0.00130	0.00158	0.05199	0.00162	0.00165
42	0.00495	0.00374	0.00411	0.00366	0.00470	0.00409	0.00288	0.09662	0.52189	0.08634	0.06936	0.01872	0.09456	0.01117	0.00217	0.00068	0.00154	0.05653	0.00947	0.00282
43	0.00247	0.00200	0.00220	0.00220	0.00279	0.00173	0.00166	0.00308	0.00472	0.00594	0.23281	0.06608	0.62691	0.00484	0.00235	0.00067	0.00102	0.03292	0.00191	0.00171
44	0.00295	0.00186	0.00248	0.00252	0.00270	0.00179	0.00172	0.00306	0.00383	0.00525	0.29818	0.15589	0.01517	0.16989	0.00543	0.29775	0.00141	0.02522	0.00152	0.00138
45	0.01006	0.00192	0.00228	0.00253	0.00289	0.00176	0.00179	0.00306	0.02665	0.00533	0.03796	0.52064	0.31938	0.02172	0.00256	0.00077	0.00114	0.03407	0.00183	0.00167
46	0.88828	0.00378	0.00300	0.00265	0.00389	0.00433	0.00218	0.00602	0.00349	0.06372	0.00305	0.00341	0.00230	0.00187	0.00127	0.00061	0.00153	0.00112	0.00129	0.00221
47	0.00511	0.00274	0.00345	0.00299	0.00386	0.01632	0.00234	0.04761	0.01069	0.31405	0.41850	0.06445	0.04409	0.00365	0.01135	0.00065	0.00136	0.02371	0.02066	0.00242
48	0.00485	0.00418	0.00441	0.00397	0.00507	0.00482	0.00309	0.01030	0.89150	0.00824	0.03139	0.00754	0.00634	0.00271	0.00201	0.00067	0.00154	0.00226	0.00201	0.00309
49	0.00248	0.00201	0.00218	0.00224	0.00280	0.00176	0.00168	0.00304	0.01343	0.00545	0.07275	0.10503	0.65701	0.05022	0.00275	0.00075	0.00112	0.06980	0.00182	0.00167
50	0.00250	0.00187	0.00234	0.00269	0.00293	0.00176	0.00184	0.00311	0.04533	0.00522	0.01214	0.74702	0.15229	0.00583	0.00246	0.00077	0.00114	0.00523	0.00184	0.00168
51	0.82081	0.00389	0.00320	0.00278	0.00404	0.00442	0.00229	0.06226	0.00388	0.07303	0.00322	0.00354	0.00240	0.00191	0.00132	0.00061	0.00158	0.00118	0.00135	0.00230
52	0.00263	0.00182	0.00224	0.00248	0.00256	0.00176	0.00156	0.00284	0.00341	0.00454	0.01914	0.47232	0.02513	0.42572	0.00593	0.00130	0.00150	0.02018	0.00155	0.00142
53	0.00509	0.03113	0.01823	0.02445	0.08625	0.02271	0.21510	0.21144	0.01475	0.06823	0.01270	0.00963	0.04441	0.02399	0.20152	0.00119	0.00306	0.00211	0.00138	0.00261
54	0.00417	0.00431	0.04752	0.10025	0.35262	0.06449	0.03756	0.01541	0.04134	0.00596	0.01596	0.10377	0.14556	0.00303	0.00744	0.00066	0.02045	0.02575	0.00127	0.00249
55	0.00428	0.00425	0.00590	0.00515	0.01805	0.01492	0.00422	0.00472	0.00307	0.00475	0.00276	0.00457	0.00275	0.01896	0.03814	0.00095	0.85779	0.00175	0.00088	0.00214
56	0.58522	0.00407	0.00468	0.07204	0.20465	0.01105	0.04284	0.01450	0.00970	0.01650	0.00325	0.01038	0.00261	0.00948	0.00159	0.00062	0.00188	0.00139	0.00116	0.00240
57	0.00285	0.00184	0.00242	0.00265	0.00287	0.00171	0.00180	0.00312	0.00387	0.04456	0.08732	0.59177	0.07450	0.06296	0.00349	0.10309	0.00125	0.00458	0.00174	0.00160
58	0.05884	0.02751	0.10476	0.01683	0.35668	0.02753	0.00474	0.00989	0.03018	0.00629	0.10867	0.01647	0.01149	0.01652	0.00299	0.00067	0.19425	0.00195	0.00114	0.00260
59	0.00286	0.00192	0.00221	0.00222	0.00224	0.00194	0.00128	0.00291	0.00289	0.00388	0.00620	0.02201	0.00709	0.86420	0.06677	0.00198	0.00211	0.00285	0.00119	0.00123
60	0.00287	0.00192	0.00218	0.00221	0.00222	0.00192	0.00126	0.00290	0.00293	0.00391	0.00643	0.03220	0.00741	0.88476	0.00967	0.00186	0.00189	0.02903	0.00123	0.00122
61	0.12388	0.01820	0.00544	0.00415	0.00568	0.00553	0.00344	0.67534	0.00801	0.12375	0.00483	0.00476	0.00338	0.00230	0.00187	0.00059	0.00203	0.00170	0.00192	0.00319
62	0.00256	0.00182	0.00235	0.00262	0.00275	0.00178	0.00173	0.00287	0.00349	0.00468	0.00929	0.56824	0.03430	0.24155	0.10924	0.00135	0.00181	0.00447	0.00158	0.00152
63	0.00279	0.00188	0.00217	0.00225	0.00227	0.00186	0.00130	0.00285	0.00302	0.00403	0.00700	0.16864	0.00816	0.77362	0.00876	0.00172	0.00178	0.00333	0.00130	0.00126
64	0.00268	0.00200	0.00248	0.00239	0.00289	0.00181	0.00180	0.00349	0.00525	0.00718	0.66685	0.04625	0.22531	0.00434	0.00234	0.00064	0.00097	0.01742	0.00208	0.00181
65	0.00409	0.00350	0.00409	0.00292	0.00467	0.00263	0.00234	0.00496	0.00409	0.00642	0.00350	0.00409	0.00292	0.00146	0.00146	0.00029	0.00146	0.00117	0.00117	0.94277
66	0.04285	0.00436	0.00531	0.00425	0.02784	0.01485	0.02887	0.35627	0.01995	0.42084	0.02893	0.00585	0.00438	0.00241	0.00207	0.00061	0.02318	0.00190	0.00207	0.00320
67	0.92312	0.00394	0.00296	0.00265	0.00386	0.02552	0.00217	0.00584	0.00341	0.00875	0.00275	0.00321	0.00214	0.00183	0.00123	0.00061	0.00157	0.00107	0.00122	0.00214
68	0.00441	0.00334	0.00349	0.00321	0.00408	0.00375	0.00248	0.00823	0.57241	0.00790	0.02560	0.00761	0.01504	0.00259	0.00180	0.00060	0.00132	0.00214	0.32738	0.00264
69	0.01771	0.00372	0.00419	0.00304	0.00476	0.02091	0.00243	0.04782	0.00436	0.01483	0.00358	0.00412	0.00294	0.00153	0.00149	0.00032	0.00154	0.00120	0.00121	0.85828
70	0.00910	0.00191	0.00242	0.00278	0.00299	0.00183	0.00189	0.02104	0.03521	0.00531	0.01087	0.82273	0.04804	0.02050	0.00259	0.00080	0.00119	0.00528	0.00182	0.00169
71	0.20400	0.00329	0.00382	0.01005	0.00445	0.00304	0.00249	0.01533	0.00474	0.36225	0.09783	0.02062	0.02208	0.00816	0.00182	0.00056	0.00152	0.01779	0.00181	0.21438
72	0.00242	0.00173	0.00230	0.00276	0.00288	0.00161	0.00185	0.00277	0.00379	0.00505	0.01086	0.91359	0.01301	0.00616	0.00252	0.00080	0.00116	0.02131	0.00183	0.00160
73	0.00278	0.00195	0.00253	0.00255	0.00295	0.00179	0.00185	0.00349	0.00495	0.02728	0.55804	0.29380	0.07921	0.00472	0.00238	0.00068	0.00102	0.00419	0.00205	0.00180
74	0.00403	0.00343	0.00401	0.00290	0.00457	0.00260	0.00230	0.00487	0.00403	0.00631	0.00362	0.00443	0.00309	0.03160	0.01564	0.00039	0.00153	0.00124	0.00117	0.89824
75	0.00255	0.00179	0.00236	0.00269	0.00288	0.00167	0.00183	0.00297	0.00402	0.01444	0.13217	0.72781	0.02820	0.04660	0.00282	0.00082	0.00116	0.01971	0.00185	0.00164
76	0.00240	0.00172	0.00228	0.00273	0.00286	0.00160	0.00182	0.00275	0.00379	0.00504	0.01102	0.91369	0.02868	0.00616	0.00251	0.00080	0.00114	0.00558	0.00183	0.00160
77	0.00312	0.00212	0.00276	0.00255	0.00308	0.00197	0.00193	0.00413	0.02400	0.05086	0.84678	0.01418	0.02211	0.00392	0.00230	0.00062	0.00098	0.00346	0.00718	0.00195
78	0.00294	0.00211	0.00264	0.00286	0.00324	0.00201	0.00205	0.00775	0.07199	0.03503	0.04756	0.59792	0.10615	0.00537	0.00242	0.00076	0.00123	0.07422	0.00186	0.02989
79	0.00235	0.00200	0.00203	0.00204	0.00270	0.00168	0.00154	0.00286	0.00449	0.00534	0.01972	0.01905	0.89434	0.00500	0.00234	0.00067	0.00102	0.02731	0.00183	0.00167
80	0.00395	0.01020	0.92051	0.00562	0.00853	0.00458	0.00728	0.00624	0.00416	0.00624	0.00354	0.00416	0.00250	0.00187	0.00187	0.00062	0.00291	0.00146	0.00083	0.00291
81	0.00301	0.00211	0.00257	0.00273	0.00297	0.00210	0.00184	0.01916	0.08026	0.02566	0.02555	0.48618	0.01530	0.29069	0.00477	0.00112	0.00146	0.02916	0.00167	0.00168
82	0.00249	0.00198	0.00224	0.00232	0.00283	0.00175	0.00170	0.00312	0.01817	0.00579	0.18465	0.22687	0.50934	0.00506	0.00238	0.00069	0.00105	0.02396	0.00190	0.00171
83	0.00739	0.00545	0.00584	0.00450	0.00605	0.00602	0.00371	0.89385	0.00916	0.01228	0.00485	0.02304	0.00354	0.00244	0.00198	0.00060	0.00215	0.00185	0.00197	0.00332
84	0.00303	0.00246	0.00328	0.00326	0.00364	0.04585	0.00253	0.00373	0.00328	0.00459	0.00517	0.00755	0.00482	0.01418	0.87949	0.00304	0.00520	0.00207	0.00105	0.00178
85	0.01008	0.00234	0.00278	0.00283	0.00328	0.00231	0.00205	0.10328	0.03585	0.00631	0.11143	0.45542	0.15070	0.06271	0.00285	0.00080	0.00130	0.03617	0.00563	0.00187
86	0.00858	0.00354	0.00467	0.00360	0.00511	0.00320	0.00298	0.09991	0.00599	0.80830	0.01659	0.00679	0.00494	0.00249	0.00199	0.00061	0.00172	0.01328	0.00238	0.00332
87	0.00374	0.00352	0.00595	0.91085	0.02856	0.00438	0.00548	0.00505	0.00395	0.00506	0.00351	0.00525	0.00264	0.00197	0.00197	0.00066	0.00262	0.00175	0.00088	0.00221
88	0.03936	0.00510	0.00483	0.00393	0.00528	0.23799	0.00314	0.11032	0.00589	0.51318	0.00597	0.00556	0.00401	0.00229	0.00188	0.00057	0.00218	0.00173	0.03482	0.01195
89	0.01391	0.00202	0.00243	0.00241	0.00284	0.00186	0.00175	0.00341	0.00463	0.02217	0.40080	0.12063	0.22319	0.14773	0.00354	0.00086	0.00118	0.04105	0.00188	0.00171
90	0.00749	0.00552	0.00592	0.00454	0.00611	0.00611	0.00375	0.91185	0.00927	0.01242	0.00473	0.00473	0.00335	0.00237	0.00197	0.00059	0.00217	0.00177	0.00197	0.00335
91	0.00240	0.00172	0.00229	0.00274	0.00286	0.00160	0.00183	0.00274	0.00377	0.00503	0.01086	0.92944	0.01304	0.00618	0.00252	0.00080	0.00114	0.00560	0.00183	0.00160
92	0.92177	0.00380	0.00294	0.00261	0.00384	0.00438	0.00215	0.00589	0.00341	0.03111	0.00287	0.00329	0.00220	0.00184	0.00124	0.00061	0.00153	0.00109	0.00125	0.00216
93	0.00248	0.00183	0.00233	0.00258	0.00285	0.00167	0.00179	0.00299	0.00430	0.00575	0.22549	0.58381	0.14388	0.00550	0.00244	0.00074	0.00107	0.00492	0.00191	0.00167
94	0.00372	0.00350	0.00591	0.92598	0.01358	0.00438	0.00547	0.00504	0.00394	0.00504	0.00350	0.00526	0.00263	0.00197	0.00197	0.00066	0.00263	0.00175	0.00088	0.00219
95	0.00247	0.00178	0.00234	0.00278	0.00292	0.00169	0.00186	0.00294	0.02718	0.00511	0.01079	0.90575	0.01286	0.00609	0.00250	0.00080	0.00115	0.00552	0.00183	0.00164
96	0.23350	0.00345	0.00368	0.00310	0.00409	0.00362	0.00238	0.16212	0.04611	0.22846	0.00565	0.01585	0.00477	0.26376	0.00407	0.00098	0.00178	0.00853	0.00168	0.00241
97	0.00853	0.00349	0.00462	0.00355	0.00505	0.00314	0.00293	0.08768	0.00594	0.80974	0.02839	0.00673	0.00506	0.00247	0.00198	0.00061	0.00169	0.00200	0.01310	0.00330
98	0.00736	0.00940	0.00559	0.00508	0.00609	0.92281	0.00381	0.00787	0.00559	0.00482	0.00305	0.00355	0.00254	0.00203	0.00178	0.00051	0.00355	0.00127	0.00102	0.00229
99	0.00717	0.00239	0.00262	0.00269	0.00329	0.02323	0.00211	0.00390	0.07064	0.00598	0.12754	0.06758	0.46081	0.00479	0.00239	0.00072	0.00128	0.20718	0.00186	0.00184

[dist]
# distance from previous block
# <min> <max>
0	14

[block]
# block no. 4 follows, 157 sequences, length 17
# corresponding to MSA columns:
# 428-444
name=unknown_E
#
# <colnr> <probs for GDERKNQSTAVLIFYWHMCP>
#	G	D	E	R	K	N	Q	S	T	A	V	L	I	F	Y	W	H	M	C	P
0	0.00337	0.00251	0.00297	0.00295	0.00348	0.00254	0.00218	0.08343	0.12345	0.01690	0.16642	0.37188	0.11528	0.03281	0.00256	0.00075	0.00129	0.04615	0.01705	0.00202
1	0.03935	0.00424	0.00506	0.01930	0.00556	0.00427	0.00325	0.36115	0.02817	0.49913	0.00636	0.00581	0.00418	0.00239	0.00195	0.00060	0.00188	0.00187	0.00218	0.00329
2	0.94465	0.00381	0.00290	0.00259	0.00381	0.00442	0.00213	0.00579	0.00335	0.00884	0.00274	0.00320	0.00213	0.00183	0.00122	0.00061	0.00152	0.00107	0.00122	0.00213
3	0.00431	0.00431	0.00604	0.00518	0.00518	0.00604	0.00431	0.00474	0.00302	0.00474	0.00259	0.00431	0.00259	0.00345	0.00647	0.00086	0.92711	0.00173	0.00086	0.00216
4	0.00359	0.00262	0.00310	0.00315	0.00373	0.00272	0.00246	0.07187	0.16117	0.00684	0.06395	0.24267	0.06383	0.00441	0.00227	0.00073	0.00141	0.23580	0.12157	0.00210
5	0.00249	0.00181	0.00237	0.00279	0.00294	0.00172	0.00188	0.00303	0.03697	0.00515	0.01076	0.89584	0.01278	0.00605	0.00250	0.00080	0.00116	0.00548	0.00184	0.00166
6	0.00264	0.00189	0.00249	0.00287	0.00310	0.00181	0.00210	0.00311	0.00394	0.00517	0.01094	0.55427	0.07098	0.08659	0.00321	0.00092	0.00138	0.23919	0.00177	0.00163
7	0.09585	0.00488	0.00554	0.00635	0.27855	0.14999	0.00396	0.11509	0.02166	0.08042	0.07318	0.06039	0.02187	0.00257	0.00226	0.00062	0.07071	0.00205	0.00141	0.00266
8	0.00240	0.00200	0.00211	0.00213	0.00275	0.00170	0.00160	0.00295	0.00456	0.00556	0.09761	0.05012	0.77421	0.00497	0.00235	0.00068	0.00103	0.03772	0.00186	0.00168
9	0.00242	0.00177	0.00224	0.00261	0.00279	0.00163	0.00175	0.00276	0.00382	0.00500	0.01187	0.74843	0.13976	0.05960	0.00293	0.00085	0.00117	0.00524	0.00179	0.00159
10	0.21060	0.00473	0.00493	0.00389	0.00534	0.00517	0.00320	0.54845	0.03003	0.13128	0.00483	0.00480	0.00340	0.00227	0.00179	0.00060	0.00191	0.00166	0.02806	0.00304
11	0.46738	0.02550	0.01749	0.00337	0.00461	0.02373	0.00278	0.10969	0.23157	0.04850	0.00486	0.00542	0.00379	0.00229	0.00162	0.00063	0.00170	0.04093	0.00156	0.00258
12	0.00272	0.00187	0.00228	0.00244	0.00251	0.00185	0.00153	0.00290	0.00323	0.00432	0.00783	0.31534	0.00912	0.55106	0.05335	0.00158	0.00182	0.03146	0.00142	0.00138
13	0.00403	0.00305	0.00348	0.00330	0.00404	0.00322	0.00253	0.12443	0.25661	0.02944	0.10019	0.26980	0.09641	0.00417	0.00225	0.00070	0.00142	0.07165	0.01693	0.00234
14	0.00324	0.00221	0.00304	0.00312	0.03028	0.00235	0.00219	0.01700	0.01386	0.03535	0.04607	0.05933	0.04603	0.19433	0.38993	0.12135	0.01357	0.01382	0.00126	0.00166
15	0.00601	0.06916	0.00701	0.00673	0.23194	0.25858	0.09813	0.18938	0.04711	0.00712	0.00426	0.00483	0.02442	0.00205	0.00189	0.00056	0.00263	0.00169	0.00125	0.03522
16	0.04105	0.00217	0.00255	0.00257	0.00307	0.00202	0.00188	0.00383	0.00408	0.10641	0.01194	0.21408	0.28579	0.20047	0.00396	0.00098	0.00141	0.10822	0.00174	0.00177

[dist]
# distance from previous block
# <min> <max>
3	11

[block]
# block no. 5 follows, 157 sequences, length 46
# corresponding to MSA columns:
# 460-505
name=unknown_F
#
# <colnr> <probs for GDERKNQSTAVLIFYWHMCP>
#	G	D	E	R	K	N	Q	S	T	A	V	L	I	F	Y	W	H	M	C	P
0	0.00251	0.00193	0.00224	0.00237	0.00278	0.00173	0.00169	0.00299	0.00426	0.00544	0.13023	0.26837	0.40655	0.10463	0.00323	0.00084	0.00117	0.05358	0.00180	0.00163
1	0.05729	0.00262	0.00313	0.00328	0.05920	0.00271	0.00220	0.00470	0.13969	0.02680	0.10064	0.04375	0.14223	0.26817	0.11483	0.00132	0.00200	0.02198	0.00154	0.00194
2	0.06197	0.00258	0.00292	0.00268	0.00318	0.02413	0.00184	0.02247	0.00388	0.21198	0.02083	0.12132	0.01252	0.49207	0.00625	0.00132	0.00177	0.00285	0.00158	0.00187
3	0.01559	0.00204	0.00235	0.00238	0.00287	0.00185	0.00175	0.00333	0.01013	0.02373	0.22062	0.13590	0.40003	0.10522	0.00319	0.00082	0.00118	0.06347	0.00184	0.00171
4	0.02830	0.00212	0.00254	0.00265	0.00305	0.00203	0.00189	0.00377	0.05987	0.03891	0.13977	0.39533	0.16285	0.10851	0.00322	0.00086	0.00126	0.03946	0.00182	0.00178
5	0.56408	0.00388	0.00348	0.00305	0.00425	0.00439	0.00246	0.06385	0.21240	0.05646	0.00539	0.00540	0.05925	0.00228	0.00155	0.00063	0.00155	0.00161	0.00155	0.00247
6	0.00268	0.00198	0.00239	0.00260	0.00285	0.00190	0.00174	0.00331	0.05943	0.00507	0.02972	0.53572	0.10952	0.21261	0.00413	0.00101	0.00133	0.00452	0.00170	0.01579
7	0.00243	0.00191	0.00218	0.00232	0.00277	0.00168	0.00166	0.00292	0.00435	0.00549	0.11512	0.31132	0.49489	0.02430	0.00255	0.00073	0.00107	0.01879	0.00185	0.00166
8	0.00409	0.00350	0.00409	0.00292	0.00467	0.00263	0.00234	0.00496	0.00409	0.00642	0.00350	0.00409	0.00292	0.00146	0.00146	0.00029	0.00146	0.00117	0.00117	0.94277
9	0.01149	0.00188	0.00238	0.00265	0.00283	0.00179	0.00178	0.00309	0.00369	0.02953	0.02371	0.56443	0.04633	0.22540	0.01786	0.00109	0.00143	0.05537	0.00168	0.00158
10	0.06399	0.00325	0.00393	0.00908	0.00448	0.00322	0.00267	0.09989	0.11395	0.37635	0.05002	0.16238	0.03312	0.03377	0.00234	0.00070	0.00158	0.03049	0.00206	0.00271
11	0.10269	0.00217	0.00233	0.00233	0.00273	0.00211	0.00160	0.00342	0.00372	0.03154	0.04995	0.13490	0.24802	0.37038	0.00528	0.00117	0.00148	0.03107	0.00155	0.00158
12	0.00256	0.00194	0.00218	0.00223	0.00261	0.00175	0.00154	0.00297	0.00411	0.00526	0.14184	0.15401	0.40468	0.24928	0.00439	0.00101	0.00126	0.01312	0.00171	0.00156
13	0.00272	0.00210	0.00248	0.00260	0.00301	0.00200	0.00186	0.00367	0.08640	0.00584	0.16846	0.36449	0.25552	0.06391	0.00287	0.00079	0.00117	0.02648	0.00186	0.00178
14	0.14828	0.00326	0.00405	0.00326	0.00459	0.00300	0.00266	0.01448	0.00512	0.62976	0.03416	0.05784	0.01214	0.00267	0.00191	0.00062	0.00159	0.02722	0.01080	0.03257
15	0.00255	0.00190	0.00219	0.00235	0.00263	0.00175	0.00158	0.00288	0.00382	0.00488	0.03402	0.29646	0.31652	0.27679	0.00466	0.00108	0.00134	0.03942	0.00165	0.00152
16	0.00438	0.00313	0.00363	0.00322	0.00405	0.00325	0.00256	0.26254	0.03466	0.03574	0.21583	0.05856	0.12473	0.01938	0.08658	0.00090	0.00184	0.08270	0.05002	0.00231
17	0.63892	0.00351	0.00305	0.00273	0.00382	0.00391	0.00221	0.05927	0.00976	0.05897	0.03310	0.04473	0.03796	0.01709	0.00163	0.00064	0.00150	0.02598	0.04903	0.00219
18	0.00240	0.00172	0.00229	0.00274	0.00286	0.00160	0.00183	0.00274	0.00377	0.00503	0.01086	0.92944	0.01304	0.00618	0.00252	0.00080	0.00114	0.00560	0.00183	0.00160
19	0.00395	0.01020	0.92051	0.00562	0.00853	0.00458	0.00728	0.00624	0.00416	0.00624	0.00354	0.00416	0.00250	0.00187	0.00187	0.00062	0.00291	0.00146	0.00083	0.00291
20	0.00269	0.00189	0.00224	0.00242	0.00267	0.00178	0.00162	0.01502	0.00384	0.00513	0.04131	0.39980	0.18625	0.23186	0.00431	0.01390	0.00131	0.01707	0.06332	0.00155
21	0.26583	0.00331	0.00387	0.00316	0.00446	0.00318	0.00258	0.00780	0.00488	0.55923	0.04718	0.06277	0.00533	0.00261	0.00183	0.00063	0.00157	0.01491	0.00205	0.00282
22	0.00256	0.00202	0.00232	0.00229	0.00287	0.00178	0.00175	0.00325	0.00491	0.00635	0.36152	0.01757	0.51303	0.00466	0.00235	0.00066	0.00103	0.06535	0.00196	0.00175
23	0.07316	0.00414	0.00493	0.00380	0.00532	0.00412	0.00314	0.32325	0.00675	0.54104	0.00637	0.00578	0.00416	0.00237	0.00193	0.00060	0.00184	0.00185	0.00219	0.00327
24	0.00299	0.00199	0.00243	0.00254	0.00279	0.00191	0.00176	0.00335	0.00376	0.03758	0.06204	0.19645	0.10863	0.39760	0.00566	0.00125	0.00156	0.14174	0.02242	0.00155
25	0.00243	0.00201	0.00220	0.00234	0.01516	0.00174	0.00172	0.00295	0.00442	0.00537	0.02820	0.13684	0.71802	0.00512	0.00237	0.00070	0.00109	0.06380	0.00182	0.00169
26	0.00465	0.00532	0.01163	0.00831	0.01030	0.00499	0.91127	0.00631	0.00465	0.00631	0.00399	0.00532	0.00299	0.00166	0.00233	0.00066	0.00332	0.00233	0.00100	0.00266
27	0.02648	0.00385	0.00484	0.00372	0.00525	0.00365	0.00307	0.21180	0.00641	0.69891	0.00700	0.00620	0.00448	0.00241	0.00197	0.00061	0.00178	0.00192	0.00231	0.00333
28	0.00331	0.00301	0.01311	0.00443	0.00521	0.00307	0.24325	0.00421	0.00359	0.00501	0.00543	0.01837	0.02228	0.10070	0.54121	0.00225	0.00424	0.01430	0.00109	0.00195
29	0.00279	0.00201	0.00263	0.00248	0.00294	0.00186	0.00186	0.00372	0.00558	0.00790	0.91739	0.01472	0.01860	0.00403	0.00232	0.00062	0.00093	0.00356	0.00217	0.00186
30	0.00290	0.00189	0.00219	0.00221	0.00221	0.00188	0.00126	0.00284	0.00287	0.00383	0.00611	0.04128	0.00702	0.82007	0.00959	0.08477	0.00187	0.00285	0.00118	0.00118
31	0.00462	0.00324	0.00366	0.00320	0.00409	0.00342	0.00250	0.15028	0.25133	0.07196	0.32300	0.00987	0.04308	0.00312	0.00205	0.00061	0.00135	0.00263	0.11346	0.00253
32	0.00263	0.00203	0.00242	0.00247	0.00296	0.00186	0.00184	0.00342	0.03404	0.00623	0.30834	0.20616	0.35396	0.00488	0.00238	0.00069	0.00107	0.05890	0.00195	0.00177
33	0.00240	0.00172	0.00229	0.00274	0.00286	0.00160	0.00183	0.00274	0.00377	0.00503	0.01086	0.92944	0.01304	0.00618	0.00252	0.00080	0.00114	0.00560	0.00183	0.00160
34	0.00531	0.00392	0.00434	0.00378	0.00487	0.00433	0.00297	0.12214	0.54738	0.10759	0.11672	0.00834	0.00723	0.02784	0.00227	0.00069	0.00159	0.02370	0.00204	0.00294
35	0.01342	0.00332	0.00354	0.00297	0.00393	0.00352	0.00237	0.32413	0.03177	0.07045	0.00633	0.00668	0.03068	0.00241	0.00167	0.00053	0.00144	0.00190	0.48643	0.00251
36	0.08575	0.00524	0.00549	0.00427	0.00577	0.01607	0.00351	0.76599	0.01886	0.02946	0.01786	0.00510	0.02275	0.00240	0.00192	0.00060	0.00207	0.00179	0.00191	0.00318
37	0.00282	0.00211	0.00314	0.00314	0.00349	0.00245	0.00244	0.00351	0.00316	0.00456	0.00530	0.00786	0.00498	0.03562	0.90215	0.00314	0.00520	0.00213	0.00106	0.00175
38	0.00239	0.00191	0.00214	0.00231	0.00277	0.00166	0.00166	0.00285	0.00427	0.00530	0.03707	0.32914	0.56454	0.00539	0.00240	0.00072	0.00107	0.02892	0.00184	0.00165
39	0.00509	0.00466	0.00753	0.11031	0.71664	0.03891	0.01934	0.00623	0.00454	0.06210	0.00391	0.00499	0.00315	0.00183	0.00195	0.00059	0.00239	0.00176	0.00106	0.00300
40	0.00520	0.88154	0.06007	0.00350	0.00525	0.00762	0.00359	0.00592	0.00401	0.00473	0.00278	0.00322	0.00253	0.00170	0.00130	0.00043	0.00215	0.00108	0.00084	0.00255
41	0.21668	0.00366	0.00422	0.01684	0.00485	0.00365	0.00279	0.14519	0.00562	0.48068	0.06228	0.00648	0.03362	0.00246	0.00184	0.00061	0.00166	0.00191	0.00204	0.00292
42	0.00247	0.00189	0.00227	0.00246	0.00285	0.00169	0.00177	0.00298	0.00435	0.00563	0.15717	0.41641	0.34498	0.00538	0.00243	0.00073	0.00108	0.03991	0.00188	0.00167
43	0.00457	0.31743	0.14739	0.00407	0.02529	0.09148	0.00378	0.02682	0.00404	0.02263	0.00393	0.01451	0.00351	0.03410	0.25347	0.00129	0.03675	0.00160	0.00100	0.00234
44	0.01286	0.00187	0.00243	0.00285	0.00303	0.00180	0.00197	0.00316	0.03942	0.00525	0.01064	0.82776	0.01254	0.00595	0.00249	0.00080	0.00121	0.06046	0.00183	0.00168
45	0.06184	0.00428	0.00585	0.00502	0.00509	0.00594	0.00418	0.00481	0.00304	0.00499	0.00260	0.00424	0.00256	0.00335	0.00615	0.00085	0.87049	0.00168	0.00088	0.00216

[dist]
# distance from previous block
# <min> <max>
0	2

# created by:
# /share/home/app/bin/augustus-3.3.1/scripts/msa2prfl.pl /dev/shm/tmp/mt-Fungi/msas/atp6.aln --setname=atp6
