[name]
atp8

[dist]
# distance from previous block
# <min> <max>
0	43

[block]
# block no. 0 follows, 162 sequences, length 48
# corresponding to MSA columns:
# 43-90
name=unknown_A
#
# <colnr> <probs for GDERKNQSTAVLIFYWHMCP>
#	G	D	E	R	K	N	Q	S	T	A	V	L	I	F	Y	W	H	M	C	P
0	0.00309	0.00221	0.00309	0.00353	0.00397	0.00221	0.00309	0.00397	0.00441	0.00574	0.01015	0.02162	0.01103	0.00530	0.00265	0.00088	0.00177	0.90776	0.00177	0.00177
1	0.00398	0.00341	0.00398	0.00284	0.00454	0.00256	0.00227	0.00483	0.00398	0.00625	0.00341	0.00398	0.00284	0.00142	0.00142	0.00028	0.00142	0.00114	0.00114	0.94435
2	0.00451	0.00513	0.01106	0.00794	0.00979	0.00490	0.87151	0.00607	0.00445	0.00607	0.00382	0.00513	0.00289	0.00170	0.00245	0.00066	0.04618	0.00224	0.00096	0.00256
3	0.00244	0.00174	0.00226	0.00262	0.00276	0.00164	0.00174	0.01444	0.00369	0.00491	0.01748	0.81245	0.02884	0.08944	0.00309	0.00087	0.00119	0.00512	0.00173	0.00155
4	0.00320	0.00286	0.02963	0.00306	0.03339	0.04203	0.01080	0.02422	0.08539	0.01217	0.41454	0.08932	0.23418	0.00392	0.00219	0.00063	0.00126	0.00339	0.00185	0.00198
5	0.00406	0.00340	0.00398	0.00285	0.00455	0.00256	0.00228	0.00491	0.00400	0.02253	0.00348	0.00402	0.00287	0.00144	0.00143	0.00029	0.00142	0.00115	0.00116	0.92762
6	0.00275	0.00186	0.00219	0.00222	0.00226	0.00188	0.00131	0.00283	0.00288	0.00386	0.00628	0.07711	0.00718	0.78700	0.08905	0.00189	0.00209	0.00291	0.00119	0.00124
7	0.00288	0.00207	0.00293	0.00290	0.00318	0.00235	0.00216	0.01030	0.02350	0.00437	0.00518	0.00819	0.00504	0.16975	0.66009	0.08049	0.00981	0.00214	0.00106	0.00159
8	0.00283	0.00186	0.00224	0.00225	0.00229	0.00189	0.00135	0.00283	0.00281	0.00378	0.00576	0.02620	0.00648	0.73058	0.10963	0.09007	0.00219	0.00265	0.00113	0.00120
9	0.00269	0.00202	0.00247	0.00260	0.00299	0.00193	0.00192	0.00351	0.05734	0.00573	0.20004	0.28121	0.20740	0.08918	0.00303	0.00082	0.00122	0.13041	0.00180	0.00170
10	0.00693	0.02799	0.00553	0.00487	0.00584	0.81180	0.00370	0.03715	0.02728	0.00501	0.00311	0.00361	0.00258	0.00206	0.00194	0.00051	0.04552	0.00129	0.00103	0.00228
11	0.00418	0.02751	0.12723	0.00660	0.00836	0.00438	0.59462	0.02251	0.02655	0.00611	0.01880	0.10983	0.02436	0.00230	0.00219	0.00065	0.00276	0.00745	0.00112	0.00248
12	0.00269	0.00208	0.01653	0.00251	0.00298	0.00183	0.00187	0.00340	0.03097	0.02999	0.21059	0.32945	0.30125	0.01679	0.00241	0.00071	0.00111	0.03926	0.00185	0.00174
13	0.00484	0.00377	0.00406	0.00349	0.00444	0.02388	0.00273	0.30730	0.23200	0.01581	0.16976	0.06458	0.07404	0.05756	0.00986	0.00071	0.00164	0.01512	0.00187	0.00255
14	0.00305	0.00199	0.00247	0.00242	0.00257	0.00207	0.00157	0.01797	0.01675	0.01893	0.01104	0.01038	0.01079	0.56716	0.19403	0.11392	0.00247	0.00246	0.01661	0.00135
15	0.27837	0.00381	0.00402	0.00969	0.00463	0.01108	0.00272	0.15522	0.16417	0.25476	0.06524	0.02011	0.00494	0.00241	0.00175	0.00061	0.00161	0.01032	0.00183	0.00273
16	0.00270	0.00186	0.00220	0.00227	0.00234	0.00186	0.00139	0.00284	0.00302	0.00403	0.00721	0.14244	0.04602	0.67449	0.08639	0.00175	0.00199	0.01266	0.00127	0.00129
17	0.01332	0.00233	0.00283	0.00268	0.00332	0.00216	0.00198	0.02049	0.05434	0.19551	0.11157	0.28536	0.21718	0.06455	0.00269	0.00075	0.00125	0.00368	0.01196	0.00204
18	0.05699	0.00251	0.00277	0.00264	0.00331	0.01197	0.00197	0.04426	0.07470	0.08626	0.11015	0.23644	0.31168	0.02817	0.00235	0.00069	0.00123	0.00362	0.00182	0.01648
19	0.00240	0.00178	0.00219	0.00247	0.00272	0.00163	0.00170	0.00279	0.00387	0.00503	0.05732	0.56507	0.22538	0.08211	0.00301	0.00083	0.00115	0.03524	0.00174	0.00156
20	0.00413	0.00292	0.00335	0.00303	0.00373	0.00300	0.00229	0.20304	0.08980	0.05550	0.15749	0.16782	0.10474	0.14506	0.01176	0.00086	0.00152	0.03600	0.00181	0.00215
21	0.00325	0.00227	0.00262	0.00252	0.00305	0.00217	0.00184	0.04036	0.06504	0.06153	0.17660	0.12402	0.27567	0.18387	0.00369	0.00089	0.00130	0.03709	0.01042	0.00182
22	0.00290	0.00217	0.00255	0.00270	0.00313	0.01900	0.00199	0.01304	0.04850	0.03551	0.10403	0.42254	0.23091	0.00505	0.00235	0.00072	0.00122	0.09810	0.00183	0.00178
23	0.00275	0.00215	0.00253	0.00257	0.00303	0.00209	0.00187	0.00386	0.11554	0.00593	0.21435	0.29955	0.26365	0.04496	0.00266	0.00074	0.01160	0.01654	0.00184	0.00180
24	0.00275	0.00199	0.00284	0.00284	0.00315	0.00219	0.00214	0.00327	0.00329	0.00462	0.07948	0.02111	0.06273	0.07245	0.64571	0.08032	0.00398	0.00235	0.00116	0.00160
25	0.00843	0.00202	0.00244	0.00251	0.00295	0.00192	0.00184	0.00344	0.04946	0.01159	0.20438	0.26309	0.29436	0.02389	0.08883	0.00093	0.00146	0.03295	0.00178	0.00173
26	0.00357	0.00265	0.00297	0.00282	0.00317	0.04068	0.00200	0.07913	0.00405	0.04291	0.06907	0.15212	0.07469	0.38938	0.02239	0.00122	0.05800	0.04601	0.00148	0.00170
27	0.01728	0.00523	0.00590	0.00453	0.00605	0.00575	0.04899	0.79275	0.05739	0.02941	0.00478	0.00479	0.00340	0.00228	0.00193	0.00058	0.00212	0.00177	0.00187	0.00320
28	0.00476	0.00420	0.00665	0.03259	0.53971	0.01842	0.06345	0.04763	0.06878	0.05231	0.08359	0.00637	0.02923	0.00225	0.00210	0.02230	0.00210	0.00952	0.00126	0.00279
29	0.00276	0.00211	0.00290	0.01612	0.01167	0.00232	0.00218	0.00339	0.01704	0.00460	0.02752	0.01831	0.13750	0.13312	0.58473	0.01067	0.01770	0.00249	0.00119	0.00166
30	0.00273	0.00218	0.00232	0.00225	0.00285	0.00199	0.00167	0.05829	0.02139	0.00570	0.08782	0.06116	0.61578	0.10094	0.00303	0.00078	0.00116	0.02451	0.00175	0.00171
31	0.00249	0.00177	0.00230	0.00266	0.00280	0.00169	0.00177	0.02455	0.00373	0.00497	0.01005	0.83282	0.01198	0.08289	0.00304	0.00086	0.00120	0.00514	0.00173	0.00157
32	0.00405	0.00341	0.00398	0.00285	0.00455	0.00256	0.00228	0.00490	0.00400	0.02043	0.00347	0.00401	0.00287	0.00143	0.00143	0.00029	0.00142	0.00115	0.00115	0.92976
33	0.01394	0.00379	0.00473	0.24290	0.05903	0.11529	0.03567	0.05088	0.03409	0.03108	0.03565	0.13232	0.01932	0.00437	0.10186	0.05275	0.03116	0.02785	0.00124	0.00210
34	0.00285	0.00220	0.00242	0.00239	0.00273	0.01911	0.00165	0.02004	0.02934	0.00490	0.07130	0.07905	0.27887	0.38814	0.03793	0.00125	0.01874	0.03406	0.00150	0.00154
35	0.00310	0.00234	0.00286	0.00285	0.01021	0.00232	0.00209	0.00462	0.16825	0.02358	0.37520	0.28570	0.06137	0.00429	0.00224	0.00067	0.00113	0.02491	0.00193	0.02032
36	0.00368	0.00384	0.07201	0.48337	0.04551	0.02688	0.06284	0.02787	0.00395	0.00521	0.00463	0.11479	0.00429	0.09142	0.01669	0.00080	0.00941	0.00226	0.01843	0.00210
37	0.00284	0.00237	0.00361	0.03731	0.00419	0.00230	0.11479	0.00371	0.05843	0.00534	0.03752	0.54652	0.10749	0.03268	0.00258	0.00077	0.00147	0.03263	0.00165	0.00180
38	0.00351	0.03257	0.00505	0.00399	0.00467	0.02894	0.23536	0.02990	0.00364	0.00483	0.00556	0.09521	0.00580	0.40503	0.12622	0.00149	0.00263	0.00268	0.00116	0.00177
39	0.00313	0.00244	0.00283	0.00291	0.02714	0.03198	0.00207	0.04097	0.04428	0.02876	0.30408	0.29121	0.19196	0.00447	0.00226	0.00066	0.00120	0.01389	0.00187	0.00189
40	0.00570	0.00401	0.00440	0.00361	0.00481	0.00427	0.00290	0.38951	0.20049	0.11735	0.07580	0.00850	0.16431	0.00294	0.00201	0.00061	0.00164	0.00238	0.00197	0.00282
41	0.00362	0.00341	0.00575	0.92802	0.01320	0.00426	0.00532	0.00490	0.00383	0.00490	0.00341	0.00511	0.00256	0.00192	0.00192	0.00064	0.00256	0.00170	0.00085	0.00213
42	0.00342	0.00266	0.01715	0.00323	0.02642	0.01887	0.00249	0.03464	0.09472	0.04557	0.13381	0.17455	0.17129	0.02523	0.01667	0.00078	0.00149	0.22324	0.00179	0.00199
43	0.00317	0.00228	0.00282	0.00288	0.03289	0.00235	0.00193	0.03572	0.05235	0.03049	0.00780	0.06944	0.12177	0.39339	0.23065	0.00175	0.00250	0.00281	0.00134	0.00167
44	0.00243	0.00197	0.00217	0.00227	0.00281	0.00173	0.00172	0.00301	0.01462	0.00533	0.05391	0.12546	0.64040	0.01893	0.00244	0.00071	0.00110	0.11555	0.00178	0.00165
45	0.00534	0.00455	0.00438	0.00388	0.01601	0.12930	0.00298	0.22804	0.32167	0.03569	0.07586	0.08043	0.03703	0.00286	0.00196	0.00061	0.00181	0.00233	0.04260	0.00267
46	0.02212	0.01820	0.00645	0.02077	0.61178	0.03736	0.00473	0.03752	0.02066	0.04504	0.00469	0.02958	0.02996	0.07913	0.02322	0.00074	0.00222	0.00195	0.00113	0.00272
47	0.04063	0.00227	0.00274	0.01796	0.03094	0.02227	0.00212	0.00363	0.05134	0.01845	0.02360	0.60933	0.08474	0.01394	0.02820	0.00080	0.00139	0.02109	0.00168	0.02288

[dist]
# distance from previous block
# <min> <max>
0	29

# created by:
# /share/home/app/bin/augustus-3.3.1/scripts/msa2prfl.pl /dev/shm/tmp/mt-Fungi/msas/atp8.aln --setname=atp8
