[name]
atp9

[dist]
# distance from previous block
# <min> <max>
0	20

[block]
# block no. 0 follows, 145 sequences, length 24
# corresponding to MSA columns:
# 20-43
name=unknown_A
#
# <colnr> <probs for GDERKNQSTAVLIFYWHMCP>
#	G	D	E	R	K	N	Q	S	T	A	V	L	I	F	Y	W	H	M	C	P
0	0.00300	0.00248	0.04317	0.00286	0.00342	0.00201	0.00222	0.00368	0.00480	0.04049	0.21233	0.37638	0.25997	0.00539	0.00255	0.00076	0.00126	0.02926	0.00202	0.00194
1	0.03483	0.00438	0.03727	0.00532	0.00668	0.05494	0.28334	0.00664	0.00503	0.23074	0.01391	0.21221	0.00690	0.00346	0.00239	0.00074	0.00238	0.07706	0.00174	0.01004
2	0.02560	0.00373	0.00463	0.00370	0.00508	0.00355	0.00300	0.18788	0.00660	0.51327	0.10955	0.05727	0.06020	0.00315	0.00220	0.00067	0.00174	0.00260	0.00239	0.00319
3	0.19427	0.00383	0.00454	0.00360	0.00509	0.00370	0.00295	0.10020	0.00596	0.57412	0.07474	0.00688	0.00559	0.00261	0.00199	0.00065	0.00176	0.00204	0.00228	0.00322
4	0.00514	0.00493	0.00841	0.08146	0.84474	0.00500	0.00644	0.00641	0.00477	0.00679	0.00396	0.00526	0.00331	0.00190	0.00210	0.00063	0.00254	0.00188	0.00104	0.00327
5	0.00280	0.00213	0.00276	0.00285	0.00324	0.00217	0.00209	0.00335	0.00391	0.00520	0.02533	0.18496	0.25271	0.09977	0.39455	0.00202	0.00316	0.00367	0.00155	0.00177
6	0.00257	0.00214	0.00225	0.00231	0.00296	0.00182	0.00174	0.00312	0.00480	0.00579	0.04063	0.08297	0.77989	0.00545	0.00254	0.00074	0.00113	0.05342	0.00197	0.00179
7	0.79045	0.00417	0.00397	0.00333	0.00472	0.00465	0.07012	0.00661	0.00391	0.08692	0.00351	0.00393	0.00261	0.00201	0.00147	0.00066	0.00179	0.00133	0.00140	0.00244
8	0.03679	0.00394	0.00481	0.00383	0.00533	0.00382	0.00312	0.12376	0.13998	0.56929	0.00878	0.00790	0.07317	0.00283	0.00213	0.00067	0.00179	0.00228	0.00240	0.00338
9	0.79548	0.00410	0.00354	0.07181	0.00502	0.00472	0.00265	0.03504	0.00397	0.05308	0.00333	0.00384	0.00251	0.00202	0.00143	0.00066	0.00175	0.00127	0.00137	0.00240
10	0.00278	0.00199	0.00252	0.00286	0.00317	0.00182	0.00203	0.00326	0.00435	0.02238	0.03154	0.62250	0.19546	0.00614	0.00265	0.00083	0.00126	0.07858	0.01210	0.00179
11	0.00909	0.00365	0.00484	0.00374	0.00532	0.00325	0.00308	0.04841	0.02530	0.81587	0.00814	0.00715	0.00520	0.00261	0.00210	0.00065	0.00178	0.00212	0.04419	0.00352
12	0.00555	0.00411	0.00444	0.00391	0.00506	0.00459	0.00306	0.07732	0.60289	0.08513	0.04690	0.00796	0.00658	0.00283	0.00207	0.00067	0.00161	0.00234	0.12985	0.00314
13	0.00394	0.00314	0.00344	0.00322	0.00405	0.00323	0.00248	0.11676	0.21190	0.00757	0.09379	0.11911	0.32682	0.03283	0.00267	0.00077	0.00146	0.05840	0.00204	0.00237
14	0.75993	0.00404	0.00344	0.00298	0.00431	0.00453	0.00244	0.04525	0.00424	0.11082	0.03891	0.00441	0.00336	0.00215	0.00148	0.00065	0.00166	0.00139	0.00153	0.00248
15	0.00262	0.00187	0.00249	0.00295	0.00310	0.00175	0.00200	0.00303	0.00416	0.00556	0.05306	0.86082	0.01422	0.00650	0.00269	0.00085	0.00123	0.02738	0.00198	0.00174
16	0.13515	0.00304	0.00337	0.00296	0.00402	0.00290	0.00233	0.04094	0.04332	0.26252	0.02411	0.09471	0.36441	0.00400	0.00222	0.00070	0.00144	0.00329	0.00208	0.00250
17	0.94062	0.00409	0.00311	0.00278	0.00409	0.00474	0.00229	0.00622	0.00360	0.00949	0.00294	0.00344	0.00229	0.00196	0.00131	0.00065	0.00164	0.00115	0.00131	0.00229
18	0.00902	0.00392	0.00506	0.00390	0.00553	0.00361	0.00321	0.11728	0.04529	0.74693	0.00786	0.00691	0.00504	0.00260	0.00211	0.00065	0.00185	0.00209	0.00251	0.02462
19	0.73645	0.00411	0.00358	0.00306	0.00444	0.00458	0.00252	0.05698	0.00435	0.15756	0.00395	0.00414	0.00284	0.00210	0.00149	0.00065	0.00170	0.00135	0.00157	0.00258
20	0.00350	0.00237	0.00284	0.00267	0.00338	0.00214	0.00205	0.00445	0.03322	0.09425	0.39288	0.02796	0.37161	0.00462	0.00247	0.00070	0.00117	0.04344	0.00218	0.00210
21	0.87032	0.00460	0.07155	0.00302	0.00447	0.00476	0.00270	0.00625	0.00366	0.00928	0.00301	0.00351	0.00232	0.00197	0.00136	0.00066	0.00175	0.00118	0.00128	0.00235
22	0.04434	0.00223	0.00231	0.00231	0.00300	0.00196	0.00175	0.00332	0.00486	0.00618	0.11439	0.05431	0.71423	0.00516	0.00247	0.00072	0.00112	0.03155	0.00197	0.00183
23	0.70904	0.00402	0.00370	0.00338	0.03963	0.00441	0.00262	0.00708	0.00416	0.19906	0.00412	0.00429	0.00295	0.00210	0.00151	0.00065	0.00170	0.00138	0.00157	0.00261

[dist]
# distance from previous block
# <min> <max>
0	2

[block]
# block no. 1 follows, 145 sequences, length 48
# corresponding to MSA columns:
# 46-93
name=unknown_B
#
# <colnr> <probs for GDERKNQSTAVLIFYWHMCP>
#	G	D	E	R	K	N	Q	S	T	A	V	L	I	F	Y	W	H	M	C	P
0	0.00299	0.00241	0.00273	0.00272	0.00331	0.01344	0.00750	0.01929	0.06006	0.00659	0.21979	0.22014	0.40598	0.01012	0.00256	0.00074	0.00121	0.01443	0.00204	0.00196
1	0.00290	0.00215	0.00270	0.00257	0.00310	0.00195	0.00193	0.00381	0.00575	0.00794	0.74004	0.03256	0.17567	0.00454	0.00250	0.00068	0.00101	0.00397	0.00226	0.00195
2	0.00304	0.00203	0.00232	0.00236	0.00237	0.00202	0.00134	0.00306	0.00315	0.00420	0.00706	0.08667	0.00819	0.85217	0.01012	0.00195	0.00198	0.00331	0.00134	0.00132
3	0.45879	0.00415	0.00429	0.00350	0.00493	0.00441	0.01914	0.14400	0.00540	0.27394	0.04351	0.00541	0.00415	0.00251	0.01293	0.00069	0.00185	0.00170	0.00185	0.00286
4	0.04619	0.00408	0.00479	0.00377	0.00524	0.02475	0.00308	0.21421	0.00662	0.52663	0.00706	0.00658	0.00471	0.00254	0.00200	0.00063	0.00185	0.00200	0.13000	0.00330
5	0.00262	0.00188	0.00250	0.00293	0.00309	0.00176	0.00198	0.00305	0.00419	0.00563	0.08350	0.83168	0.01427	0.00664	0.02260	0.00090	0.00131	0.00575	0.00197	0.00174
6	0.00259	0.00215	0.00227	0.00229	0.00295	0.00183	0.00173	0.00318	0.00492	0.00601	0.11179	0.04733	0.75884	0.00531	0.00252	0.00072	0.00110	0.03867	0.00200	0.00181
7	0.01414	0.00471	0.00453	0.00414	0.00498	0.21933	0.04687	0.07654	0.07050	0.07970	0.01621	0.30523	0.05531	0.00502	0.07551	0.00093	0.00247	0.00977	0.00172	0.00239
8	0.49573	0.00443	0.00432	0.00352	0.00500	0.00481	0.00290	0.22778	0.00572	0.22033	0.00472	0.00471	0.00329	0.00226	0.00170	0.00065	0.00184	0.00156	0.00181	0.00291
9	0.00423	0.00348	0.00386	0.00352	0.00443	0.00378	0.00271	0.02810	0.47298	0.00842	0.31288	0.01179	0.10564	0.00386	0.02013	0.00075	0.00148	0.00308	0.00217	0.00271
10	0.08287	0.00461	0.00527	0.00416	0.00573	0.00478	0.00340	0.33298	0.13182	0.39185	0.00677	0.00623	0.00458	0.00257	0.00206	0.00066	0.00196	0.00200	0.00227	0.00346
11	0.00382	0.00357	0.00585	0.81399	0.01321	0.00436	0.00538	0.00513	0.00430	0.00544	0.00581	0.00735	0.10831	0.00249	0.00216	0.00071	0.00262	0.00218	0.00106	0.00228
12	0.00767	0.00973	0.00651	0.00572	0.00690	0.84425	0.07614	0.00831	0.00591	0.00530	0.00335	0.00396	0.00276	0.00215	0.00195	0.00056	0.00379	0.00145	0.00109	0.00248
13	0.00438	0.00376	0.00438	0.00313	0.00501	0.00282	0.00251	0.00532	0.00438	0.00689	0.00376	0.00438	0.00313	0.00157	0.00157	0.00031	0.00157	0.00125	0.00125	0.93861
14	0.03142	0.00558	0.00706	0.00541	0.01842	0.00595	0.14084	0.63366	0.02294	0.09929	0.00526	0.00538	0.00371	0.00241	0.00215	0.00065	0.00244	0.00200	0.00197	0.00344
15	0.00263	0.00192	0.00247	0.00285	0.00309	0.00177	0.00197	0.00308	0.00433	0.00571	0.08405	0.70588	0.13143	0.00625	0.00266	0.00083	0.00121	0.03411	0.00199	0.00176
16	0.00435	0.00466	0.07945	0.59913	0.22007	0.00481	0.00606	0.00601	0.04362	0.00600	0.00402	0.00555	0.00309	0.00209	0.00210	0.00068	0.00272	0.00188	0.00101	0.00268
17	0.29196	0.05023	0.01207	0.03744	0.03635	0.18186	0.00344	0.17028	0.00568	0.11996	0.00419	0.00448	0.00311	0.00216	0.00175	0.00060	0.00231	0.00151	0.00152	0.06910
18	0.00507	0.01598	0.07871	0.00798	0.08178	0.00527	0.56582	0.02210	0.14094	0.01636	0.00501	0.00596	0.01076	0.00204	0.00240	0.00070	0.01600	0.00232	0.00126	0.01354
19	0.00259	0.00186	0.00245	0.00290	0.00305	0.00173	0.00194	0.00297	0.00410	0.00545	0.02740	0.86361	0.05043	0.01510	0.00276	0.00086	0.00122	0.00588	0.00196	0.00172
20	0.00308	0.00205	0.00231	0.00231	0.00231	0.00205	0.00128	0.00308	0.00308	0.00410	0.00666	0.01384	0.00769	0.92568	0.01076	0.00205	0.00205	0.00308	0.00128	0.00128
21	0.02854	0.00564	0.00594	0.00467	0.00627	0.08093	0.03902	0.48851	0.14458	0.04931	0.00536	0.00539	0.00392	0.00240	0.00203	0.00060	0.00227	0.00187	0.00189	0.12086
22	0.00343	0.00276	0.00386	0.00368	0.00421	0.01901	0.04100	0.00469	0.09293	0.00542	0.00659	0.00966	0.02559	0.08201	0.63035	0.00267	0.00456	0.05424	0.00131	0.00204
23	0.08278	0.00369	0.00462	0.01296	0.00520	0.00350	0.00301	0.07821	0.05459	0.60287	0.11244	0.00776	0.00662	0.00276	0.00210	0.00066	0.00173	0.00224	0.00898	0.00327
24	0.00263	0.00218	0.00233	0.00239	0.00306	0.00188	0.00185	0.00324	0.00487	0.00589	0.05108	0.02065	0.76407	0.00538	0.00255	0.00075	0.00118	0.12022	0.00197	0.00181
25	0.00263	0.00189	0.00241	0.00281	0.00296	0.00176	0.00186	0.00297	0.00400	0.00527	0.01186	0.74631	0.08506	0.11321	0.00362	0.00099	0.00131	0.00555	0.00188	0.00167
26	0.75690	0.00391	0.00351	0.10937	0.00528	0.00457	0.00273	0.00593	0.00366	0.00865	0.00326	0.00408	0.00259	0.00309	0.07468	0.00088	0.00210	0.00132	0.00125	0.00226
27	0.00308	0.00206	0.00233	0.00234	0.00235	0.00206	0.00133	0.00311	0.00314	0.00419	0.01666	0.01404	0.00791	0.89860	0.01053	0.00202	0.00204	0.01961	0.00131	0.00130
28	0.02396	0.00349	0.00473	0.00372	0.00521	0.00314	0.00306	0.02394	0.00577	0.77908	0.00789	0.00723	0.00517	0.00414	0.10834	0.00097	0.00225	0.00212	0.00242	0.00338
29	0.00279	0.00197	0.00246	0.00277	0.00288	0.00190	0.00178	0.00317	0.02357	0.00506	0.01000	0.61428	0.01182	0.29922	0.00526	0.00124	0.00150	0.00500	0.00175	0.00161
30	0.00693	0.00425	0.00515	0.11040	0.00650	0.00446	0.00356	0.27335	0.13698	0.29366	0.05353	0.00798	0.07790	0.00288	0.00217	0.00067	0.00196	0.00234	0.00214	0.00319
31	0.00468	0.01036	0.80929	0.00589	0.00885	0.00510	0.00737	0.11102	0.00510	0.00747	0.00394	0.00454	0.00279	0.00207	0.00202	0.00067	0.00303	0.00160	0.00103	0.00318
32	0.00860	0.00367	0.00487	0.00383	0.00532	0.00339	0.00314	0.09561	0.00612	0.72185	0.00772	0.00712	0.00508	0.00415	0.10836	0.00097	0.00230	0.00212	0.00240	0.00340
33	0.00451	0.00378	0.00439	0.11032	0.00600	0.00429	0.00340	0.00847	0.54454	0.00771	0.00924	0.05192	0.06184	0.00350	0.00227	0.00075	0.00176	0.12679	0.04171	0.00281
34	0.74965	0.00381	0.00317	0.00281	0.00400	0.00429	0.00225	0.00621	0.00375	0.08865	0.00385	0.00497	0.00318	0.10924	0.00248	0.00082	0.00170	0.00146	0.00142	0.00229
35	0.00257	0.00188	0.00242	0.00285	0.00304	0.00173	0.00192	0.00297	0.00417	0.00548	0.02716	0.80486	0.11828	0.00644	0.00267	0.00084	0.00121	0.00580	0.00197	0.00173
36	0.00318	0.00204	0.00227	0.00227	0.00232	0.00204	0.00130	0.00329	0.00323	0.00454	0.00669	0.01315	0.00742	0.81852	0.00969	0.00187	0.00193	0.00295	0.10995	0.00136
37	0.00733	0.00360	0.00444	0.00359	0.00486	0.00354	0.00292	0.19380	0.00623	0.44106	0.00707	0.00702	0.00494	0.00411	0.10823	0.00094	0.00219	0.00207	0.18899	0.00307
38	0.00319	0.00280	0.00286	0.00324	0.00347	0.10798	0.00221	0.00358	0.00427	0.00537	0.01068	0.81746	0.01268	0.00611	0.00261	0.00082	0.00153	0.00547	0.00186	0.00180
39	0.00359	0.10974	0.00421	0.01403	0.00448	0.00309	0.00329	0.00449	0.00479	0.00610	0.01111	0.02095	0.09482	0.00529	0.00269	0.00089	0.00191	0.70069	0.00182	0.00203
40	0.11191	0.00256	0.00303	0.00330	0.02353	0.00251	0.00265	0.00416	0.00478	0.00666	0.08202	0.03203	0.29551	0.00505	0.00255	0.00082	0.00156	0.41151	0.00189	0.00197
41	0.03765	0.00441	0.00523	0.00424	0.02850	0.00449	0.00333	0.37278	0.00718	0.39078	0.00654	0.00694	0.00471	0.10969	0.00310	0.00081	0.00206	0.00211	0.00218	0.00328
42	0.00295	0.00203	0.00231	0.00238	0.00247	0.00198	0.00141	0.00305	0.00339	0.00445	0.00890	0.13970	0.10381	0.70234	0.00878	0.00175	0.00183	0.00363	0.00145	0.00139
43	0.00262	0.00193	0.00247	0.00287	0.00312	0.00178	0.00200	0.00306	0.00425	0.00555	0.02474	0.71093	0.15704	0.00634	0.00268	0.00084	0.00125	0.06282	0.00197	0.00175
44	0.00273	0.00201	0.00250	0.00282	0.00309	0.00187	0.00193	0.02589	0.00432	0.00565	0.02836	0.69072	0.16823	0.04556	0.00299	0.00088	0.00126	0.00548	0.00194	0.00176
45	0.00256	0.00190	0.00239	0.00279	0.00303	0.00173	0.00189	0.00296	0.00420	0.00546	0.01354	0.74974	0.18733	0.00638	0.00266	0.00083	0.00120	0.00571	0.00196	0.00173
46	0.00301	0.00225	0.00328	0.00328	0.00363	0.00257	0.00251	0.00370	0.00341	0.00486	0.00614	0.00906	0.02849	0.08917	0.82077	0.00322	0.00526	0.00239	0.00117	0.00184
47	0.15332	0.00378	0.00427	0.00351	0.00474	0.00385	0.00283	0.21638	0.02194	0.25791	0.26781	0.00900	0.03565	0.00307	0.00211	0.00066	0.00164	0.00248	0.00218	0.00287

[dist]
# distance from previous block
# <min> <max>
0	139

# created by:
# /share/home/app/bin/augustus-3.3.1/scripts/msa2prfl.pl /dev/shm/tmp/mt-Fungi/msas/atp9.aln --setname=atp9
