[name]
cob

[dist]
# distance from previous block
# <min> <max>
22	544

[block]
# block no. 0 follows, 385 sequences, length 9
# corresponding to MSA columns:
# 1483-1491
name=unknown_A
#
# <colnr> <probs for GDERKNQSTAVLIFYWHMCP>
#	G	D	E	R	K	N	Q	S	T	A	V	L	I	F	Y	W	H	M	C	P
0	0.00131	0.00096	0.00135	0.05358	0.04049	0.00103	0.00101	0.01837	0.00149	0.00204	0.00286	0.20117	0.01763	0.22379	0.35817	0.07088	0.00132	0.00129	0.00054	0.00072
1	0.00166	0.00829	0.01769	0.15553	0.02447	0.01555	0.05455	0.08359	0.09923	0.01372	0.12365	0.08170	0.17912	0.03913	0.04920	0.00807	0.01316	0.02307	0.00767	0.00096
2	0.00119	0.00099	0.02677	0.00106	0.00132	0.00085	0.00083	0.00157	0.03001	0.00284	0.37689	0.04725	0.40530	0.02604	0.00108	0.00030	0.00048	0.03069	0.04375	0.00079
3	0.05170	0.04577	0.04388	0.12298	0.05338	0.12070	0.08920	0.16245	0.09152	0.02269	0.01713	0.01867	0.06763	0.02854	0.02438	0.00756	0.00850	0.02160	0.00060	0.00111
4	0.02239	0.20975	0.01791	0.02592	0.08497	0.21640	0.01251	0.26881	0.03055	0.04107	0.00168	0.00186	0.00132	0.00091	0.00084	0.00024	0.03647	0.00065	0.00058	0.02518
5	0.00165	0.00144	0.01395	0.12085	0.22041	0.01507	0.02456	0.03168	0.02455	0.02111	0.08476	0.15192	0.12920	0.04900	0.03830	0.00931	0.00942	0.01845	0.00062	0.03373
6	0.02137	0.08407	0.19317	0.01672	0.24853	0.07807	0.03437	0.09854	0.07781	0.05308	0.01898	0.01975	0.02165	0.00835	0.00087	0.00026	0.00982	0.00079	0.00055	0.01325
7	0.26383	0.25448	0.10983	0.00175	0.02477	0.05284	0.02433	0.09454	0.01811	0.02438	0.01567	0.01638	0.01346	0.00943	0.01318	0.00027	0.06050	0.00065	0.00051	0.00109
8	0.00110	0.00084	0.00100	0.00107	0.00125	0.00077	0.00077	0.00135	0.01844	0.00243	0.13232	0.37604	0.37641	0.02790	0.00118	0.01703	0.00049	0.03806	0.00081	0.00073

[dist]
# distance from previous block
# <min> <max>
5	9

[block]
# block no. 1 follows, 385 sequences, length 9
# corresponding to MSA columns:
# 1501-1509
name=unknown_B
#
# <colnr> <probs for GDERKNQSTAVLIFYWHMCP>
#	G	D	E	R	K	N	Q	S	T	A	V	L	I	F	Y	W	H	M	C	P
0	0.00127	0.00106	0.00138	0.01411	0.00154	0.00118	0.00105	0.00149	0.01475	0.00223	0.01785	0.46688	0.17604	0.02629	0.03333	0.00039	0.21116	0.01472	0.01253	0.00077
1	0.00120	0.00087	0.00099	0.00100	0.00111	0.00084	0.00065	0.00138	0.03240	0.00207	0.05861	0.11893	0.22845	0.52160	0.00283	0.00059	0.00067	0.02450	0.00066	0.00064
2	0.00258	0.18705	0.06021	0.00212	0.05114	0.46581	0.01478	0.04203	0.01602	0.00236	0.01473	0.02927	0.04899	0.01067	0.00984	0.00025	0.03990	0.00072	0.00048	0.00105
3	0.44228	0.01437	0.03551	0.02012	0.19270	0.04851	0.02904	0.02154	0.01129	0.02210	0.01480	0.01052	0.01187	0.00931	0.06492	0.00035	0.03348	0.00775	0.00847	0.00105
4	0.00185	0.00189	0.02560	0.00253	0.22911	0.15970	0.00164	0.00219	0.00171	0.00226	0.01668	0.00274	0.00180	0.04506	0.38878	0.00074	0.09919	0.00082	0.01473	0.00097
5	0.03247	0.00142	0.00150	0.00139	0.01571	0.08268	0.00103	0.01971	0.01731	0.00251	0.00307	0.22794	0.04867	0.10720	0.03108	0.00035	0.01083	0.08745	0.01131	0.29637
6	0.00141	0.00111	0.00164	0.28446	0.02330	0.00118	0.01328	0.01239	0.00183	0.03201	0.09360	0.38848	0.08378	0.02127	0.00108	0.00032	0.01306	0.00161	0.02336	0.00084
7	0.02455	0.00165	0.00924	0.01460	0.01799	0.07513	0.04308	0.05463	0.30101	0.01123	0.02409	0.17605	0.08854	0.08853	0.02104	0.00037	0.02152	0.01186	0.01387	0.00102
8	0.03231	0.01525	0.02951	0.00904	0.01915	0.05439	0.00861	0.10691	0.26196	0.02267	0.01195	0.01149	0.01984	0.08807	0.01274	0.00030	0.00981	0.00082	0.01398	0.27123

[dist]
# distance from previous block
# <min> <max>
29	114

[block]
# block no. 2 follows, 385 sequences, length 8
# corresponding to MSA columns:
# 1808-1815
name=unknown_C
#
# <colnr> <probs for GDERKNQSTAVLIFYWHMCP>
#	G	D	E	R	K	N	Q	S	T	A	V	L	I	F	Y	W	H	M	C	P
0	0.00149	0.00081	0.00118	0.02637	0.00128	0.00084	0.00081	0.00127	0.02779	0.00161	0.00167	0.00286	0.00166	0.06761	0.04332	0.81697	0.00083	0.00080	0.00040	0.00044
1	0.00115	0.00085	0.00106	0.00114	0.00128	0.00080	0.00081	0.00145	0.03751	0.00251	0.19837	0.47492	0.17307	0.05715	0.00125	0.00035	0.00051	0.04425	0.00082	0.00075
2	0.02226	0.00163	0.01740	0.05778	0.00250	0.00158	0.10616	0.16470	0.05250	0.30129	0.09868	0.07221	0.06799	0.00127	0.00091	0.00028	0.00080	0.00110	0.02779	0.00120
3	0.85027	0.00166	0.00136	0.00120	0.00174	0.00190	0.00098	0.00277	0.06063	0.06880	0.00149	0.00161	0.00112	0.00084	0.00058	0.00027	0.00067	0.00052	0.00059	0.00100
4	0.00124	0.00095	0.02799	0.00106	0.00114	0.00088	0.00071	0.00134	0.00138	0.00184	0.00318	0.06874	0.05589	0.69848	0.09197	0.00079	0.00094	0.04033	0.00056	0.00060
5	0.00166	0.00128	0.00142	0.00133	0.00168	0.00132	0.00103	0.05516	0.30002	0.04022	0.15368	0.10573	0.26222	0.00174	0.00097	0.00030	0.00057	0.04926	0.01941	0.00101
6	0.00219	0.37858	0.25877	0.00188	0.00268	0.02920	0.03241	0.08036	0.09907	0.02499	0.00196	0.00228	0.01841	0.00100	0.01265	0.00026	0.00102	0.03511	0.01601	0.00119
7	0.48103	0.00160	0.00162	0.01892	0.00198	0.00171	0.00113	0.07797	0.02900	0.29670	0.02012	0.02432	0.00175	0.00101	0.00071	0.00027	0.00071	0.02343	0.01489	0.00114

[dist]
# distance from previous block
# <min> <max>
0	3

[block]
# block no. 3 follows, 385 sequences, length 6
# corresponding to MSA columns:
# 1819-1824
name=unknown_D
#
# <colnr> <probs for GDERKNQSTAVLIFYWHMCP>
#	G	D	E	R	K	N	Q	S	T	A	V	L	I	F	Y	W	H	M	C	P
0	0.02805	0.32838	0.44596	0.02162	0.02405	0.07693	0.02095	0.00267	0.00185	0.00247	0.02024	0.02036	0.00133	0.00085	0.00073	0.00024	0.00112	0.00063	0.00040	0.00116
1	0.75010	0.00182	0.00151	0.00130	0.00185	0.03821	0.00106	0.09111	0.03870	0.06542	0.00151	0.00163	0.00113	0.00086	0.00061	0.00027	0.00073	0.00054	0.00061	0.00104
2	0.03208	0.00190	0.00190	0.00167	0.02050	0.10244	0.00130	0.33781	0.04386	0.00373	0.00225	0.00266	0.00179	0.00137	0.05183	0.00031	0.07521	0.02871	0.28757	0.00110
3	0.00124	0.00083	0.00094	0.00096	0.00097	0.00082	0.00055	0.00125	0.00129	0.00172	0.00289	0.08825	0.00335	0.88681	0.00410	0.00079	0.00081	0.00136	0.00055	0.00054
4	0.05282	0.04278	0.00232	0.01101	0.01924	0.04490	0.13036	0.16770	0.07847	0.01703	0.01203	0.03130	0.02201	0.09086	0.20326	0.00977	0.01948	0.01717	0.01726	0.01023
5	0.01673	0.00096	0.00108	0.00105	0.00131	0.00089	0.00079	0.02358	0.03658	0.02046	0.27569	0.08772	0.42352	0.01958	0.02041	0.00032	0.00051	0.01878	0.04921	0.00081

[dist]
# distance from previous block
# <min> <max>
15	60

[block]
# block no. 4 follows, 385 sequences, length 11
# corresponding to MSA columns:
# 1977-1987
name=unknown_E
#
# <colnr> <probs for GDERKNQSTAVLIFYWHMCP>
#	G	D	E	R	K	N	Q	S	T	A	V	L	I	F	Y	W	H	M	C	P
0	0.01707	0.02213	0.09407	0.03708	0.22422	0.02483	0.02536	0.05405	0.03579	0.01058	0.05949	0.15500	0.05661	0.07888	0.04429	0.00037	0.00642	0.00865	0.00853	0.03661
1	0.01136	0.06853	0.17056	0.01346	0.04847	0.05272	0.02174	0.05148	0.03118	0.03390	0.06084	0.09263	0.13106	0.03472	0.03679	0.00682	0.01266	0.01147	0.00060	0.10900
2	0.00124	0.00097	0.01048	0.00115	0.00135	0.00818	0.00084	0.00955	0.01683	0.01035	0.20708	0.34609	0.19987	0.06877	0.01172	0.00035	0.00800	0.02274	0.01637	0.05807
3	0.00117	0.00084	0.00109	0.00124	0.00135	0.00080	0.00090	0.01502	0.00176	0.00232	0.01984	0.58673	0.07969	0.06723	0.01554	0.00040	0.00060	0.18842	0.01432	0.00072
4	0.00207	0.03687	0.23829	0.03447	0.13004	0.16057	0.04628	0.05615	0.05135	0.01524	0.02430	0.08809	0.04945	0.02408	0.01546	0.00030	0.01395	0.01138	0.00054	0.00111
5	0.04393	0.03005	0.04363	0.02471	0.17979	0.05306	0.02615	0.15751	0.03448	0.10948	0.01469	0.11632	0.03737	0.02131	0.03487	0.00033	0.04463	0.01963	0.00691	0.00115
6	0.00109	0.00084	0.00094	0.00100	0.00119	0.00075	0.00071	0.00128	0.00181	0.00228	0.03999	0.23587	0.51932	0.12323	0.00146	0.00038	0.00052	0.04776	0.01887	0.00070
7	0.04879	0.00161	0.01954	0.06210	0.18829	0.01691	0.03937	0.06035	0.03984	0.18815	0.08781	0.03001	0.10757	0.01600	0.05238	0.00034	0.01504	0.00103	0.02373	0.00113
8	0.01245	0.08140	0.18466	0.01191	0.11388	0.12963	0.02810	0.08964	0.05537	0.02210	0.01411	0.08169	0.04507	0.01172	0.05699	0.00033	0.01769	0.00880	0.02049	0.01397
9	0.00135	0.00109	0.02647	0.00130	0.01676	0.01253	0.00093	0.02303	0.03831	0.01322	0.04041	0.22158	0.08310	0.30048	0.18970	0.00068	0.01517	0.01251	0.00063	0.00075
10	0.00116	0.00080	0.00098	0.00107	0.00112	0.00077	0.00068	0.00125	0.00151	0.00201	0.02735	0.44633	0.04511	0.41295	0.00254	0.02371	0.00065	0.01515	0.01424	0.00062

[dist]
# distance from previous block
# <min> <max>
20	85

[block]
# block no. 5 follows, 385 sequences, length 7
# corresponding to MSA columns:
# 2124-2130
name=unknown_F
#
# <colnr> <probs for GDERKNQSTAVLIFYWHMCP>
#	G	D	E	R	K	N	Q	S	T	A	V	L	I	F	Y	W	H	M	C	P
0	0.01230	0.08112	0.18558	0.02063	0.11586	0.17527	0.03846	0.03513	0.02573	0.03679	0.01204	0.07289	0.06584	0.02505	0.03998	0.00032	0.01735	0.02114	0.00850	0.01002
1	0.00193	0.03205	0.01468	0.02848	0.23266	0.14397	0.02019	0.01989	0.05134	0.01686	0.04995	0.05303	0.15537	0.02337	0.08733	0.00038	0.04479	0.00106	0.00937	0.01330
2	0.00124	0.00091	0.00107	0.00108	0.00131	0.00083	0.00080	0.00157	0.03635	0.03738	0.22198	0.20624	0.40025	0.03042	0.00113	0.00032	0.00049	0.05499	0.00084	0.00079
3	0.00135	0.00121	0.02936	0.04821	0.04891	0.02234	0.00105	0.02185	0.03386	0.01284	0.09320	0.08695	0.49000	0.02942	0.03100	0.00034	0.01094	0.02024	0.01608	0.00084
4	0.01547	0.08599	0.05695	0.01214	0.05966	0.19698	0.02998	0.05822	0.03380	0.01656	0.01543	0.01526	0.01076	0.01414	0.01478	0.00023	0.01296	0.00066	0.00052	0.34952
5	0.00131	0.00100	0.00134	0.00137	0.01724	0.01699	0.00098	0.00156	0.01616	0.00200	0.01826	0.05398	0.02004	0.22223	0.57568	0.01736	0.03016	0.00109	0.00051	0.00073
6	0.00121	0.00082	0.00100	0.00106	0.00109	0.00081	0.00066	0.00128	0.00142	0.00190	0.03516	0.25133	0.00391	0.58921	0.04891	0.02942	0.00080	0.02881	0.00061	0.00059

[dist]
# distance from previous block
# <min> <max>
3	11

[block]
# block no. 6 follows, 385 sequences, length 11
# corresponding to MSA columns:
# 2144-2154
name=unknown_G
#
# <colnr> <probs for GDERKNQSTAVLIFYWHMCP>
#	G	D	E	R	K	N	Q	S	T	A	V	L	I	F	Y	W	H	M	C	P
0	0.00114	0.00083	0.00104	0.00116	0.00126	0.00078	0.00080	0.00134	0.01774	0.00223	0.04131	0.56992	0.12038	0.13443	0.00158	0.02043	0.00056	0.06959	0.00076	0.01274
1	0.00149	0.00795	0.01570	0.03967	0.13078	0.03013	0.07794	0.01347	0.00176	0.00234	0.04491	0.21067	0.12005	0.15148	0.07533	0.02753	0.01867	0.02013	0.00915	0.00085
2	0.46408	0.00192	0.00178	0.00151	0.00207	0.02413	0.00122	0.24511	0.19228	0.03838	0.00202	0.01868	0.00153	0.00098	0.00071	0.00027	0.00076	0.00070	0.00071	0.00117
3	0.03254	0.04368	0.05060	0.03674	0.17619	0.05853	0.01056	0.16888	0.05992	0.01121	0.09152	0.06526	0.07680	0.00970	0.04533	0.00705	0.00093	0.04591	0.00065	0.00799
4	0.00215	0.00210	0.00343	0.03952	0.89560	0.03668	0.00260	0.00266	0.00197	0.00277	0.00161	0.00212	0.00135	0.00078	0.00085	0.00026	0.00105	0.00076	0.00043	0.00134
5	0.03708	0.00838	0.02830	0.04906	0.03077	0.03559	0.06982	0.16175	0.01065	0.10309	0.00883	0.11913	0.00978	0.03714	0.21164	0.00882	0.06171	0.00104	0.00637	0.00104
6	0.00163	0.01431	0.06024	0.02425	0.13486	0.02725	0.03734	0.05711	0.04343	0.01669	0.07965	0.32527	0.07827	0.02989	0.01708	0.00836	0.00849	0.02225	0.00653	0.00710
7	0.00256	0.43075	0.07070	0.01292	0.01370	0.14591	0.05971	0.15370	0.01305	0.03604	0.00152	0.00172	0.00123	0.00087	0.00082	0.00023	0.05228	0.00061	0.00049	0.00117
8	0.00132	0.00094	0.00127	0.00124	0.00135	0.00103	0.01247	0.01654	0.00140	0.01378	0.00252	0.02548	0.00260	0.40687	0.47996	0.00106	0.01589	0.00109	0.01248	0.00069
9	0.00177	0.02032	0.07900	0.06551	0.14156	0.07906	0.03389	0.03360	0.04950	0.02985	0.02908	0.24810	0.10376	0.03226	0.00993	0.00032	0.01117	0.02323	0.00709	0.00099
10	0.00202	0.35333	0.01810	0.02642	0.23009	0.04702	0.00799	0.01657	0.00871	0.02037	0.01821	0.06451	0.10765	0.00754	0.01689	0.00763	0.00690	0.00934	0.02962	0.00108

[dist]
# distance from previous block
# <min> <max>
9	417

# created by:
# /share/home/app/bin/augustus-3.3.1/scripts/msa2prfl.pl /dev/shm/tmp/mt-Fungi/msas/cob.aln --setname=cob
