[name]
cox1

[dist]
# distance from previous block
# <min> <max>
0	87

[block]
# block no. 0 follows, 145 sequences, length 16
# corresponding to MSA columns:
# 95-110
name=unknown_A
#
# <colnr> <probs for GDERKNQSTAVLIFYWHMCP>
#	G	D	E	R	K	N	Q	S	T	A	V	L	I	F	Y	W	H	M	C	P
0	0.00374	0.00313	0.00327	0.00326	0.00360	0.10767	0.00232	0.02868	0.01305	0.00508	0.00669	0.16271	0.00711	0.26247	0.29785	0.04849	0.00324	0.01756	0.01831	0.00177
1	0.00804	0.00592	0.00635	0.00487	0.00656	0.00656	0.00402	0.90544	0.00994	0.01333	0.00508	0.00508	0.00360	0.00254	0.00212	0.00063	0.00233	0.00190	0.00212	0.00360
2	0.00567	0.00470	0.00496	0.00434	0.00559	0.00539	0.00341	0.15386	0.74301	0.00954	0.00800	0.00744	0.00597	0.00281	0.00213	0.00070	0.00176	0.00230	0.02507	0.00335
3	0.00791	0.00965	0.00603	0.00539	0.00654	0.82356	0.00408	0.10067	0.00640	0.00601	0.00345	0.00394	0.00281	0.00222	0.00193	0.00055	0.00366	0.00142	0.00120	0.00257
4	0.00869	0.00362	0.00491	0.00385	0.00526	0.00340	0.00318	0.00948	0.00567	0.77102	0.00769	0.00697	0.00499	0.00272	0.00259	0.00067	0.09759	0.00209	0.05224	0.00338
5	0.00519	0.00498	0.00851	0.04443	0.88137	0.00501	0.00647	0.00645	0.00479	0.00686	0.00397	0.00525	0.00333	0.00189	0.00209	0.00063	0.00252	0.00188	0.00104	0.00331
6	0.00543	0.78519	0.15093	0.00399	0.00600	0.00783	0.00427	0.00639	0.00432	0.00524	0.00307	0.00356	0.00271	0.00184	0.00146	0.00049	0.00240	0.00120	0.00090	0.00278
7	0.00250	0.00214	0.00214	0.00214	0.00286	0.00179	0.00161	0.00303	0.00482	0.00571	0.02142	0.02035	0.91163	0.00536	0.00250	0.00071	0.00107	0.00446	0.00196	0.00179
8	0.64222	0.00403	0.00374	0.00314	0.00456	0.00436	0.00259	0.04438	0.00455	0.26220	0.00454	0.00455	0.00317	0.00217	0.00157	0.00065	0.00171	0.00145	0.00171	0.00271
9	0.00414	0.00347	0.00377	0.00354	0.00442	0.01480	0.00275	0.00753	0.45940	0.00787	0.19377	0.02536	0.16184	0.01684	0.00247	0.00075	0.00148	0.08106	0.00211	0.00263
10	0.00271	0.00197	0.00256	0.00299	0.00318	0.00188	0.00205	0.00329	0.03464	0.00553	0.01170	0.81227	0.03837	0.02560	0.00285	0.00088	0.00128	0.04252	0.00195	0.00177
11	0.00302	0.00227	0.00340	0.00340	0.00378	0.00264	0.00264	0.00378	0.00340	0.00491	0.00566	0.00831	0.00529	0.01586	0.91730	0.00340	0.00566	0.00227	0.00113	0.00189
12	0.00269	0.00191	0.00244	0.00282	0.00296	0.00181	0.00186	0.00302	0.00393	0.00520	0.01113	0.68166	0.05288	0.18102	0.00423	0.00108	0.00140	0.03448	0.00183	0.00165
13	0.07345	0.00234	0.00249	0.00254	0.00323	0.00214	0.00200	0.00359	0.00480	0.00629	0.08740	0.01922	0.59908	0.02160	0.00263	0.00078	0.00128	0.16134	0.00193	0.00186
14	0.00301	0.00206	0.00242	0.00245	0.00252	0.00207	0.00148	0.00314	0.00327	0.00439	0.02291	0.08519	0.03134	0.73381	0.08962	0.00202	0.00226	0.00328	0.00136	0.00139
15	0.14656	0.00391	0.00479	0.01815	0.00544	0.00374	0.00311	0.10961	0.00610	0.64983	0.02270	0.00653	0.00483	0.00253	0.00201	0.00065	0.00184	0.00198	0.00234	0.00336

[dist]
# distance from previous block
# <min> <max>
0	1

[block]
# block no. 1 follows, 145 sequences, length 26
# corresponding to MSA columns:
# 112-137
name=unknown_B
#
# <colnr> <probs for GDERKNQSTAVLIFYWHMCP>
#	G	D	E	R	K	N	Q	S	T	A	V	L	I	F	Y	W	H	M	C	P
0	0.00270	0.00203	0.00253	0.00280	0.00317	0.00185	0.00203	0.00327	0.00460	0.00600	0.13547	0.46522	0.25115	0.00589	0.00264	0.00081	0.00123	0.10280	0.00201	0.00180
1	0.00298	0.00204	0.00232	0.00236	0.00244	0.00200	0.00139	0.00309	0.00339	0.00448	0.03628	0.09332	0.08091	0.74390	0.00915	0.00180	0.00187	0.00346	0.00143	0.00138
2	0.00761	0.00467	0.00526	0.00416	0.00562	0.00493	0.00340	0.49137	0.06268	0.23846	0.00646	0.00649	0.00458	0.00263	0.00205	0.00063	0.00197	0.01831	0.12536	0.00334
3	0.71698	0.00409	0.00362	0.00307	0.00446	0.00453	0.00253	0.05414	0.00439	0.17943	0.00407	0.00423	0.00291	0.00212	0.00150	0.00065	0.00170	0.00137	0.00160	0.00260
4	0.00300	0.00216	0.00292	0.00336	0.00370	0.00208	0.00265	0.00370	0.00458	0.00603	0.06068	0.40824	0.04526	0.00608	0.00279	0.00090	0.00156	0.43652	0.00198	0.00185
5	0.00328	0.00223	0.00270	0.00271	0.00328	0.00200	0.00201	0.01565	0.00502	0.07751	0.21252	0.27648	0.34456	0.00526	0.00254	0.00075	0.00120	0.03621	0.00210	0.00198
6	0.86058	0.00405	0.00326	0.00287	0.00420	0.00460	0.00236	0.00657	0.00381	0.08724	0.00341	0.00376	0.00254	0.00202	0.00138	0.00065	0.00165	0.00123	0.00142	0.00240
7	0.00570	0.00468	0.00497	0.00435	0.00562	0.00535	0.00342	0.11630	0.77820	0.03430	0.00818	0.00754	0.00609	0.00282	0.00215	0.00071	0.00175	0.00233	0.00216	0.00338
8	0.23169	0.00360	0.00417	0.00340	0.00476	0.00350	0.00276	0.04139	0.02491	0.50926	0.06869	0.03029	0.03623	0.02341	0.00218	0.00069	0.00169	0.00220	0.00219	0.00301
9	0.00310	0.00214	0.00267	0.00289	0.00307	0.00212	0.00204	0.00346	0.00379	0.00499	0.00897	0.14435	0.02527	0.49076	0.01978	0.00155	0.00194	0.27395	0.00159	0.00156
10	0.00796	0.00589	0.00635	0.00488	0.00654	0.00656	0.00403	0.88568	0.00980	0.01315	0.00503	0.00507	0.00358	0.00256	0.00222	0.00064	0.02251	0.00190	0.00209	0.00357
11	0.00320	0.00220	0.00282	0.00279	0.00330	0.00202	0.00210	0.00401	0.00539	0.04745	0.53167	0.15425	0.11636	0.03022	0.00277	0.00076	0.00119	0.08333	0.00218	0.00198
12	0.00279	0.00204	0.00252	0.00278	0.00317	0.00185	0.00201	0.00332	0.00452	0.02451	0.06781	0.49112	0.29161	0.00594	0.00263	0.00081	0.00124	0.08551	0.00200	0.00181
13	0.00256	0.00214	0.00225	0.00230	0.00296	0.00182	0.00174	0.00312	0.00479	0.00577	0.03420	0.07654	0.78960	0.00545	0.00254	0.00074	0.00113	0.05659	0.00197	0.00179
14	0.00399	0.00376	0.00634	0.92060	0.01456	0.00470	0.00587	0.00540	0.00423	0.00540	0.00376	0.00564	0.00282	0.00211	0.00211	0.00070	0.00282	0.00188	0.00094	0.00235
15	0.00284	0.00199	0.00267	0.00312	0.00334	0.00188	0.00225	0.00333	0.00423	0.01714	0.01152	0.70618	0.02280	0.02483	0.00290	0.00090	0.00139	0.18297	0.00195	0.00178
16	0.00424	0.01094	0.91473	0.00603	0.00915	0.00491	0.00781	0.00670	0.00446	0.00670	0.00379	0.00446	0.00268	0.00201	0.00201	0.00067	0.00313	0.00156	0.00089	0.00313
17	0.00258	0.00184	0.00245	0.00294	0.00307	0.00172	0.00196	0.00294	0.00405	0.00540	0.01166	0.92430	0.01399	0.00662	0.00270	0.00086	0.00123	0.00601	0.00196	0.00172
18	0.02472	0.00491	0.00564	0.00437	0.00599	0.00510	0.00361	0.52885	0.00824	0.34152	0.02142	0.00640	0.00463	0.00266	0.00213	0.00065	0.00209	0.02128	0.00228	0.00351
19	0.40133	0.00485	0.00444	0.00368	0.00511	0.11565	0.00298	0.10704	0.00544	0.32288	0.00509	0.00497	0.00351	0.00228	0.00175	0.00064	0.00203	0.00160	0.00182	0.00291
20	0.06436	0.00380	0.00436	0.00320	0.00500	0.00307	0.00257	0.00597	0.04445	0.06637	0.00422	0.00466	0.00336	0.00172	0.00161	0.00038	0.00159	0.00135	0.00139	0.77658
21	0.78984	0.02682	0.00363	0.00307	0.00439	0.06289	0.00251	0.01521	0.02860	0.04253	0.00334	0.00373	0.00256	0.00203	0.00141	0.00064	0.00180	0.00124	0.00136	0.00240
22	0.00485	0.00419	0.02495	0.00362	0.00466	0.10750	0.01780	0.15308	0.02281	0.04469	0.44162	0.01089	0.05498	0.00338	0.00224	0.00062	0.00173	0.00285	0.00199	0.09156
23	0.03018	0.00563	0.01135	0.00821	0.01022	0.03881	0.77946	0.00668	0.00496	0.00678	0.00440	0.00608	0.00344	0.00192	0.00241	0.00070	0.00338	0.03009	0.00111	0.04419
24	0.00297	0.00214	0.00270	0.00272	0.00298	0.00219	0.00188	0.00337	0.00366	0.00494	0.06103	0.05948	0.12125	0.40033	0.29262	0.00214	0.00295	0.02760	0.00143	0.00162
25	0.00274	0.00207	0.00251	0.00281	0.00313	0.00194	0.00195	0.00339	0.04422	0.00558	0.01349	0.57919	0.22505	0.06464	0.00315	0.00090	0.00129	0.03825	0.00193	0.00179

[dist]
# distance from previous block
# <min> <max>
0	1

[block]
# block no. 2 follows, 145 sequences, length 21
# corresponding to MSA columns:
# 139-159
name=unknown_C
#
# <colnr> <probs for GDERKNQSTAVLIFYWHMCP>
#	G	D	E	R	K	N	Q	S	T	A	V	L	I	F	Y	W	H	M	C	P
0	0.59793	0.03828	0.01822	0.00336	0.00478	0.02012	0.01123	0.06626	0.00460	0.19241	0.00420	0.00437	0.00302	0.00217	0.00168	0.00065	0.02102	0.00143	0.00159	0.00268
1	0.00670	0.47917	0.02260	0.00450	0.00601	0.40455	0.00390	0.04032	0.00525	0.00540	0.00317	0.00365	0.00275	0.00200	0.00163	0.00050	0.00295	0.00127	0.00103	0.00264
2	0.07229	0.00711	0.00591	0.00521	0.00588	0.43158	0.00412	0.01932	0.02358	0.01814	0.00329	0.00437	0.00289	0.01281	0.00400	0.00073	0.37364	0.00160	0.00110	0.00242
3	0.00499	0.00570	0.01248	0.00891	0.01105	0.00535	0.90481	0.00677	0.00499	0.00677	0.00428	0.00570	0.00321	0.00178	0.00250	0.00071	0.00357	0.00250	0.00107	0.00285
4	0.00312	0.00201	0.00265	0.00294	0.00323	0.00185	0.00202	0.00358	0.00437	0.07216	0.08861	0.73095	0.04676	0.02154	0.00277	0.00084	0.00126	0.00543	0.00203	0.00187
5	0.00305	0.00215	0.00284	0.00284	0.00302	0.00234	0.00194	0.00341	0.00323	0.00449	0.00618	0.01116	0.00652	0.48462	0.45024	0.00270	0.00380	0.00268	0.00121	0.00158
6	0.00790	0.01008	0.00599	0.00545	0.00654	0.91719	0.00409	0.00844	0.00599	0.00518	0.00327	0.00381	0.00272	0.00218	0.00191	0.00054	0.00381	0.00136	0.00109	0.00245
7	0.00454	0.00322	0.00383	0.00330	0.00416	0.00327	0.00258	0.22363	0.04191	0.04179	0.62407	0.01258	0.01493	0.00377	0.00238	0.00066	0.00138	0.00324	0.00228	0.00249
8	0.00275	0.00211	0.00240	0.00248	0.00303	0.00185	0.00182	0.00332	0.00479	0.02257	0.13525	0.22643	0.52855	0.02067	0.00269	0.00077	0.00115	0.03354	0.00201	0.00183
9	0.00311	0.00224	0.00257	0.00247	0.00316	0.00195	0.00188	0.00381	0.00523	0.06256	0.28902	0.03970	0.53594	0.00492	0.00249	0.00071	0.00113	0.03303	0.00211	0.00196
10	0.00554	0.00456	0.00488	0.00425	0.00547	0.00518	0.00334	0.16932	0.66417	0.00961	0.09292	0.00813	0.00722	0.00295	0.00218	0.00070	0.00173	0.00244	0.00216	0.00326
11	0.19901	0.00386	0.00464	0.00364	0.00521	0.00368	0.00301	0.07215	0.00583	0.66670	0.00701	0.00628	0.00452	0.00248	0.00196	0.00065	0.00180	0.00191	0.00232	0.00333
12	0.00463	0.00463	0.00648	0.00555	0.00555	0.00648	0.00463	0.00509	0.00324	0.00509	0.00278	0.00463	0.00278	0.00370	0.00694	0.00093	0.92181	0.00185	0.00093	0.00231
13	0.14614	0.00372	0.00468	0.00364	0.00523	0.00343	0.00301	0.02978	0.00578	0.76099	0.00748	0.00660	0.00477	0.00252	0.00201	0.00065	0.00179	0.00198	0.00241	0.00341
14	0.00271	0.00207	0.00234	0.00240	0.00282	0.00186	0.00166	0.00316	0.00446	0.00570	0.14414	0.18953	0.41709	0.20547	0.00433	0.00102	0.00130	0.00436	0.00187	0.00169
15	0.00294	0.00204	0.00253	0.00273	0.00307	0.00186	0.00189	0.00341	0.00443	0.04120	0.11943	0.49063	0.19908	0.09695	0.00341	0.00092	0.00128	0.01843	0.00196	0.00180
16	0.00336	0.00242	0.00334	0.00380	0.00430	0.00240	0.00331	0.00431	0.00487	0.00630	0.01174	0.02367	0.05989	0.00582	0.00290	0.00096	0.00190	0.85084	0.00195	0.00194
17	0.00259	0.00213	0.00229	0.00233	0.00297	0.00183	0.00176	0.00317	0.00486	0.00595	0.09330	0.09232	0.72244	0.00540	0.00254	0.00073	0.00112	0.04849	0.00199	0.00181
18	0.00305	0.00205	0.00234	0.00236	0.00238	0.00205	0.00135	0.00309	0.00312	0.00418	0.00684	0.05069	0.00788	0.86239	0.03627	0.00204	0.00212	0.00317	0.00130	0.00132
19	0.00305	0.00204	0.00231	0.00234	0.00235	0.00203	0.00132	0.00307	0.00313	0.00417	0.00694	0.06373	0.00803	0.87532	0.01032	0.00198	0.00200	0.00324	0.00132	0.00131
20	0.00312	0.00220	0.00292	0.00329	0.00359	0.00216	0.00257	0.00374	0.00431	0.00567	0.02537	0.24115	0.02344	0.19718	0.00448	0.00116	0.00177	0.46832	0.00182	0.00175

[dist]
# distance from previous block
# <min> <max>
5	339

[block]
# block no. 3 follows, 145 sequences, length 6
# corresponding to MSA columns:
# 500-505
name=unknown_D
#
# <colnr> <probs for GDERKNQSTAVLIFYWHMCP>
#	G	D	E	R	K	N	Q	S	T	A	V	L	I	F	Y	W	H	M	C	P
0	0.54981	0.00406	0.00398	0.00328	0.00473	0.00433	0.00270	0.07763	0.00493	0.31887	0.00496	0.00485	0.00340	0.00223	0.00165	0.00065	0.00175	0.00154	0.00182	0.00284
1	0.55667	0.00340	0.00322	0.00297	0.00394	0.00386	0.00236	0.00551	0.00363	0.05532	0.00427	0.00579	0.00370	0.07512	0.26074	0.00153	0.00281	0.00166	0.00133	0.00217
2	0.00291	0.00208	0.00226	0.00226	0.00246	0.00198	0.00137	0.00306	0.00357	0.00456	0.01083	0.01568	0.26297	0.66578	0.00843	0.00167	0.00177	0.00347	0.00147	0.00142
3	0.57113	0.00419	0.00426	0.00367	0.00465	0.00505	0.00304	0.00636	0.00377	0.11040	0.00351	0.00420	0.00276	0.00253	0.00299	0.00073	0.26152	0.00146	0.00135	0.00244
4	0.00622	0.00742	0.00517	0.00524	0.06580	0.59800	0.00365	0.00676	0.00537	0.00535	0.00568	0.26386	0.00595	0.00342	0.00214	0.00064	0.00300	0.00271	0.00133	0.00230
5	0.00299	0.00215	0.00284	0.00280	0.00314	0.00220	0.00202	0.00355	0.00418	0.00578	0.26316	0.03995	0.09095	0.20575	0.31952	0.03963	0.00288	0.00317	0.00159	0.00174

[dist]
# distance from previous block
# <min> <max>
0	1

[block]
# block no. 4 follows, 145 sequences, length 12
# corresponding to MSA columns:
# 507-518
name=unknown_E
#
# <colnr> <probs for GDERKNQSTAVLIFYWHMCP>
#	G	D	E	R	K	N	Q	S	T	A	V	L	I	F	Y	W	H	M	C	P
0	0.06248	0.00210	0.00255	0.00284	0.00306	0.00207	0.00194	0.00334	0.00388	0.00547	0.02847	0.51518	0.02714	0.23669	0.01982	0.00119	0.00158	0.07678	0.00174	0.00167
1	0.00282	0.00202	0.00259	0.00288	0.00318	0.00190	0.00205	0.00349	0.02159	0.00621	0.17093	0.57169	0.08217	0.00581	0.00260	0.00080	0.00122	0.07012	0.04410	0.00183
2	0.00436	0.00376	0.00451	0.06152	0.00562	0.00294	0.00272	0.00533	0.00437	0.00680	0.00376	0.00446	0.00311	0.00160	0.00160	0.00034	0.00165	0.00129	0.00123	0.87903
3	0.00271	0.00201	0.00254	0.00276	0.00311	0.00184	0.00197	0.00331	0.00476	0.00634	0.26048	0.47170	0.18067	0.00573	0.00262	0.00078	0.00116	0.04165	0.00206	0.00182
4	0.05598	0.00289	0.00408	0.00401	0.00456	0.00306	0.06755	0.00440	0.01782	0.00618	0.01036	0.20746	0.09980	0.00516	0.00316	0.00088	0.10638	0.39250	0.00174	0.00203
5	0.02554	0.00216	0.00246	0.00246	0.00303	0.00197	0.00185	0.00369	0.00506	0.00696	0.31490	0.10920	0.36348	0.00476	0.00239	0.00070	0.00110	0.04064	0.10577	0.00189
6	0.94062	0.00409	0.00311	0.00278	0.00409	0.00474	0.00229	0.00622	0.00360	0.00949	0.00294	0.00344	0.00229	0.00196	0.00131	0.00065	0.00164	0.00115	0.00131	0.00229
7	0.34055	0.00387	0.00429	0.02184	0.00509	0.00391	0.00288	0.06677	0.00534	0.48418	0.00607	0.00571	0.00404	0.00236	0.00181	0.00065	0.00177	0.00175	0.03407	0.00305
8	0.00503	0.00380	0.00444	0.00333	0.00499	0.00320	0.00267	0.09537	0.03734	0.08255	0.09644	0.00626	0.02193	0.00214	0.00180	0.00043	0.00160	0.00175	0.00160	0.62333
9	0.00565	0.92696	0.01108	0.00362	0.00543	0.00837	0.00362	0.00633	0.00430	0.00498	0.00294	0.00339	0.00271	0.00181	0.00136	0.00045	0.00226	0.00113	0.00090	0.00271
10	0.00346	0.00254	0.00342	0.00381	0.00435	0.00256	0.00329	0.00471	0.05708	0.00650	0.03323	0.02258	0.05248	0.00561	0.00285	0.00094	0.00187	0.78475	0.00197	0.00202
11	0.06136	0.00388	0.00493	0.00382	0.00541	0.00360	0.00315	0.12034	0.00639	0.72896	0.03074	0.00694	0.00524	0.00261	0.00209	0.00065	0.00183	0.00209	0.00247	0.00348

[dist]
# distance from previous block
# <min> <max>
0	7

[block]
# block no. 5 follows, 145 sequences, length 35
# corresponding to MSA columns:
# 526-560
name=unknown_F
#
# <colnr> <probs for GDERKNQSTAVLIFYWHMCP>
#	G	D	E	R	K	N	Q	S	T	A	V	L	I	F	Y	W	H	M	C	P
0	0.00303	0.00205	0.00239	0.00243	0.00246	0.00207	0.00142	0.00311	0.00317	0.00425	0.00696	0.08053	0.00799	0.79597	0.07195	0.00205	0.00224	0.00324	0.00132	0.00135
1	0.00543	0.00373	0.00449	0.00326	0.00509	0.00288	0.00263	0.00634	0.00473	0.19202	0.00469	0.00496	0.00356	0.00178	0.00168	0.00038	0.00161	0.00143	0.00153	0.74777
2	0.00399	0.00376	0.00634	0.92060	0.01456	0.00470	0.00587	0.00540	0.00423	0.00540	0.00376	0.00564	0.00282	0.00211	0.00211	0.00070	0.00282	0.00188	0.00094	0.00235
3	0.00260	0.00189	0.00245	0.00286	0.00306	0.00174	0.00193	0.00303	0.00425	0.00565	0.07690	0.78243	0.09071	0.00635	0.00267	0.00083	0.00120	0.00572	0.00199	0.00174
4	0.00790	0.01008	0.00599	0.00545	0.00654	0.91719	0.00409	0.00844	0.00599	0.00518	0.00327	0.00381	0.00272	0.00218	0.00191	0.00054	0.00381	0.00136	0.00109	0.00245
5	0.00790	0.00996	0.00600	0.00543	0.00654	0.89106	0.00408	0.03419	0.00611	0.00541	0.00332	0.00385	0.00275	0.00219	0.00191	0.00055	0.00377	0.00138	0.00112	0.00248
6	0.00260	0.00215	0.00226	0.00225	0.00291	0.00183	0.00168	0.00318	0.00490	0.00601	0.13071	0.01963	0.74976	0.03823	0.00280	0.00076	0.00112	0.02343	0.00198	0.00180
7	0.08051	0.00555	0.00592	0.00460	0.00624	0.00609	0.00379	0.73197	0.04136	0.08485	0.00530	0.00522	0.00373	0.00251	0.00205	0.00064	0.00221	0.00188	0.00209	0.00349
8	0.00330	0.00213	0.00253	0.00249	0.00259	0.00216	0.00151	0.00342	0.00322	0.03672	0.00660	0.01294	0.00731	0.78332	0.11943	0.00216	0.00248	0.00294	0.00131	0.00144
9	0.00357	0.00185	0.00272	0.00274	0.00278	0.00183	0.00184	0.00278	0.00290	0.00384	0.00474	0.05700	0.03669	0.00724	0.00775	0.85380	0.00178	0.00216	0.00101	0.00099
10	0.00282	0.00199	0.00254	0.00292	0.00314	0.00191	0.00200	0.01352	0.03042	0.00583	0.02894	0.77773	0.03363	0.00610	0.00259	0.00082	0.00123	0.01377	0.06627	0.00181
11	0.00259	0.00186	0.00247	0.00294	0.00308	0.00174	0.00197	0.00297	0.00405	0.00539	0.01167	0.88624	0.02913	0.00683	0.02526	0.00092	0.00133	0.00589	0.00194	0.00172
12	0.00380	0.00317	0.00368	0.00286	0.00428	0.00248	0.00224	0.00466	0.00469	0.00688	0.13471	0.01919	0.18347	0.00276	0.00189	0.00045	0.00138	0.00230	0.01331	0.60180
13	0.00432	0.00367	0.00432	0.00318	0.00497	0.00279	0.00256	0.00526	0.00442	0.00685	0.00423	0.00562	0.00371	0.00184	0.00165	0.00036	0.00159	0.05839	0.00130	0.87895
14	0.07730	0.00508	0.00567	0.00438	0.00602	0.00538	0.00361	0.56726	0.00829	0.28653	0.00591	0.00560	0.00400	0.00252	0.00206	0.00064	0.00212	0.00192	0.00221	0.00350
15	0.00260	0.00191	0.00245	0.00285	0.00307	0.00177	0.00193	0.00307	0.01457	0.00553	0.02775	0.78428	0.12766	0.00638	0.00266	0.00084	0.00121	0.00574	0.00197	0.00175
16	0.01977	0.00221	0.00271	0.00268	0.00323	0.00201	0.00198	0.00395	0.00516	0.06364	0.38816	0.22157	0.23332	0.02122	0.00265	0.00075	0.00116	0.01973	0.00213	0.00197
17	0.00302	0.00200	0.00246	0.00278	0.00304	0.00192	0.00191	0.03061	0.00431	0.00614	0.01068	0.67902	0.03401	0.01464	0.00251	0.00079	0.00122	0.00500	0.19212	0.00182
18	0.00326	0.00208	0.00267	0.00291	0.00317	0.00196	0.00200	0.00365	0.00411	0.07218	0.02382	0.53664	0.04969	0.20438	0.00440	0.00110	0.00149	0.07682	0.00187	0.00179
19	0.00271	0.00201	0.00253	0.00270	0.00306	0.00183	0.00191	0.00333	0.00488	0.00655	0.33218	0.43510	0.18230	0.00557	0.00259	0.00076	0.00112	0.00495	0.00209	0.00183
20	0.01475	0.00294	0.00352	0.00321	0.00391	0.00293	0.00235	0.06533	0.10934	0.20843	0.03892	0.17837	0.00832	0.28077	0.00484	0.00112	0.00174	0.03373	0.03314	0.00235
21	0.00831	0.00548	0.00607	0.00466	0.00634	0.00591	0.00385	0.73651	0.00921	0.18330	0.00569	0.00548	0.00391	0.00255	0.00212	0.00064	0.00223	0.00195	0.00221	0.00360
22	0.08062	0.00431	0.00489	0.00399	0.00540	0.00452	0.00323	0.21968	0.24727	0.31301	0.08446	0.00732	0.00620	0.00276	0.00210	0.00067	0.00181	0.00221	0.00225	0.00329
23	0.11410	0.00228	0.00258	0.00278	0.00315	0.00229	0.00194	0.00394	0.03140	0.01507	0.02668	0.49747	0.04091	0.12289	0.00341	0.00094	0.00138	0.02591	0.09904	0.00184
24	0.00296	0.00230	0.00266	0.00256	0.00320	0.00208	0.00196	0.03588	0.00552	0.00723	0.40934	0.01800	0.44005	0.00483	0.00251	0.00070	0.00113	0.05300	0.00213	0.00195
25	0.02106	0.01082	0.89835	0.00597	0.00906	0.00491	0.00771	0.00669	0.00445	0.00675	0.00378	0.00445	0.00267	0.00201	0.00200	0.00067	0.00310	0.00156	0.00090	0.00311
26	0.11642	0.01887	0.06172	0.00548	0.00703	0.37027	0.14257	0.18528	0.01938	0.04757	0.00407	0.00455	0.00308	0.00218	0.00198	0.00061	0.00305	0.00168	0.00138	0.00283
27	0.94062	0.00409	0.00311	0.00278	0.00409	0.00474	0.00229	0.00622	0.00360	0.00949	0.00294	0.00344	0.00229	0.00196	0.00131	0.00065	0.00164	0.00115	0.00131	0.00229
28	0.00789	0.00348	0.00459	0.00357	0.00509	0.00299	0.00291	0.02490	0.00586	0.65037	0.11278	0.00801	0.00672	0.00271	0.00210	0.00061	0.00168	0.01560	0.00237	0.13575
29	0.94062	0.00409	0.00311	0.00278	0.00409	0.00474	0.00229	0.00622	0.00360	0.00949	0.00294	0.00344	0.00229	0.00196	0.00131	0.00065	0.00164	0.00115	0.00131	0.00229
30	0.00534	0.00458	0.00483	0.00432	0.00553	0.00530	0.00337	0.03691	0.88287	0.00897	0.00851	0.00781	0.00637	0.00286	0.00215	0.00071	0.00169	0.00238	0.00215	0.00335
31	0.92341	0.00408	0.00314	0.00280	0.00411	0.00471	0.00231	0.00629	0.00364	0.02621	0.00304	0.00350	0.00234	0.00198	0.00132	0.00065	0.00164	0.00116	0.00133	0.00231
32	0.00365	0.00184	0.00274	0.00274	0.00274	0.00184	0.00182	0.00277	0.00277	0.00369	0.00377	0.00668	0.00381	0.03797	0.00835	0.90725	0.00184	0.00188	0.00093	0.00093
33	0.00526	0.00454	0.00478	0.00430	0.00550	0.00526	0.00335	0.01124	0.90867	0.00885	0.00861	0.00789	0.00646	0.00287	0.00215	0.00072	0.00167	0.00239	0.00215	0.00335
34	0.00297	0.00219	0.00277	0.00278	0.00322	0.00206	0.00202	0.01394	0.03547	0.00742	0.54025	0.27496	0.08163	0.01528	0.00263	0.00074	0.00112	0.00442	0.00218	0.00196

[dist]
# distance from previous block
# <min> <max>
0	1

[block]
# block no. 6 follows, 145 sequences, length 76
# corresponding to MSA columns:
# 562-637
name=unknown_G
#
# <colnr> <probs for GDERKNQSTAVLIFYWHMCP>
#	G	D	E	R	K	N	Q	S	T	A	V	L	I	F	Y	W	H	M	C	P
0	0.00302	0.00227	0.00340	0.00340	0.00378	0.00264	0.00264	0.00378	0.00340	0.00491	0.00566	0.00831	0.00529	0.01586	0.91730	0.00340	0.00566	0.00227	0.00113	0.00189
1	0.00431	0.00362	0.00425	0.00312	0.00487	0.00276	0.00249	0.00524	0.00446	0.01440	0.04488	0.00567	0.00426	0.01792	0.00181	0.00038	0.00156	0.02841	0.00133	0.84424
2	0.00447	0.00376	0.00439	0.00314	0.00502	0.00282	0.00252	0.00541	0.00441	0.02252	0.00384	0.00443	0.00317	0.00158	0.00158	0.00032	0.00157	0.00127	0.00128	0.92250
3	0.00263	0.00190	0.00249	0.00295	0.00311	0.00179	0.00198	0.00311	0.02173	0.00547	0.01189	0.87920	0.04086	0.00651	0.00268	0.00085	0.00123	0.00589	0.00197	0.00175
4	0.00834	0.00526	0.00591	0.00455	0.00621	0.00559	0.00375	0.63838	0.03596	0.25480	0.00606	0.00573	0.00412	0.00257	0.00212	0.00064	0.00217	0.00198	0.00225	0.00359
5	0.61791	0.00461	0.00408	0.00343	0.00482	0.01402	0.00281	0.26905	0.00552	0.02166	0.00391	0.03291	0.00308	0.00229	0.00160	0.00065	0.00185	0.00153	0.00158	0.00267
6	0.00268	0.00215	0.00241	0.00248	0.00306	0.00190	0.00185	0.00337	0.01859	0.00618	0.15669	0.15345	0.57406	0.00537	0.00255	0.00074	0.00114	0.05745	0.00202	0.00184
7	0.04338	0.00566	0.02999	0.00788	0.00987	0.02373	0.70672	0.05137	0.04493	0.02674	0.00468	0.02655	0.00360	0.00202	0.00239	0.00070	0.00325	0.00244	0.00123	0.00288
8	0.00817	0.00550	0.00605	0.00465	0.00630	0.00595	0.00383	0.75203	0.00922	0.15160	0.00561	0.00556	0.00392	0.01873	0.00227	0.00066	0.00224	0.00196	0.00218	0.00356
9	0.00463	0.00463	0.00648	0.00555	0.00555	0.00648	0.00463	0.00509	0.00324	0.00509	0.00278	0.00463	0.00278	0.00370	0.00694	0.00093	0.92181	0.00185	0.00093	0.00231
10	0.00797	0.00589	0.00631	0.00485	0.00653	0.00653	0.00400	0.88467	0.03082	0.01322	0.00516	0.00514	0.00366	0.00255	0.00212	0.00064	0.00231	0.00192	0.00212	0.00359
11	0.87457	0.00422	0.00334	0.00293	0.00426	0.00487	0.00241	0.06990	0.00405	0.00976	0.00310	0.00355	0.00238	0.00200	0.00137	0.00065	0.00168	0.00120	0.00137	0.00238
12	0.31683	0.00381	0.00394	0.00305	0.00467	0.00345	0.00247	0.00585	0.00426	0.05773	0.02449	0.00474	0.00347	0.00188	0.00155	0.00046	0.00159	0.01313	0.00138	0.54124
13	0.02043	0.00571	0.00618	0.00475	0.00643	0.00625	0.00392	0.81961	0.00954	0.08773	0.00532	0.00523	0.00371	0.00254	0.00211	0.00064	0.00227	0.00191	0.00215	0.00358
14	0.00297	0.00216	0.00279	0.00264	0.00314	0.00199	0.00198	0.00395	0.00593	0.00835	0.86973	0.01601	0.06168	0.00437	0.00249	0.00067	0.00100	0.00385	0.00231	0.00199
15	0.00565	0.92696	0.01108	0.00362	0.00543	0.00837	0.00362	0.00633	0.00430	0.00498	0.00294	0.00339	0.00271	0.00181	0.00136	0.00045	0.00226	0.00113	0.00090	0.00271
16	0.00264	0.00187	0.00247	0.00295	0.00310	0.00175	0.00200	0.00304	0.00409	0.00549	0.01164	0.86178	0.02394	0.00649	0.00268	0.00085	0.00124	0.03656	0.02370	0.00173
17	0.05529	0.00358	0.00471	0.00368	0.00523	0.00319	0.00304	0.02858	0.00599	0.78671	0.05349	0.00772	0.00593	0.00273	0.00212	0.00066	0.00176	0.01965	0.00251	0.00342
18	0.00255	0.00215	0.00223	0.00227	0.00295	0.00182	0.00172	0.00311	0.00479	0.00574	0.02049	0.05307	0.82784	0.00543	0.00253	0.00073	0.00113	0.05569	0.00196	0.00179
19	0.00306	0.00204	0.00231	0.00233	0.00233	0.00204	0.00131	0.00307	0.00311	0.00415	0.00684	0.04659	0.00791	0.89262	0.01047	0.00201	0.00202	0.00318	0.00131	0.00130
20	0.08995	0.00486	0.00550	0.00426	0.00589	0.00508	0.00351	0.47521	0.02190	0.35282	0.00618	0.00578	0.00414	0.00252	0.00205	0.00065	0.00206	0.00193	0.00223	0.00348
21	0.00259	0.00187	0.00246	0.00292	0.00308	0.00174	0.00197	0.00298	0.00411	0.00544	0.01224	0.84894	0.06889	0.00653	0.00269	0.00085	0.00123	0.02576	0.00196	0.00173
22	0.00464	0.00467	0.00669	0.00567	0.00575	0.00644	0.03701	0.00515	0.00330	0.00515	0.00283	0.00467	0.00279	0.00363	0.00678	0.00092	0.88878	0.00187	0.00093	0.00233
23	0.00261	0.00188	0.00248	0.00295	0.00311	0.00175	0.00201	0.00301	0.00411	0.00545	0.01201	0.85355	0.04825	0.00654	0.00270	0.00086	0.00125	0.04180	0.00196	0.00173
24	0.00763	0.00495	0.00555	0.00443	0.00597	0.00532	0.00360	0.43036	0.25921	0.23957	0.00688	0.00640	0.00481	0.00265	0.00213	0.00066	0.00201	0.00210	0.00225	0.00353
25	0.74777	0.00445	0.00375	0.00320	0.00458	0.00510	0.00264	0.17721	0.01989	0.01021	0.00344	0.00382	0.00261	0.00209	0.00148	0.00065	0.00177	0.00131	0.00148	0.00256
26	0.00269	0.00216	0.00240	0.00237	0.00300	0.00188	0.00179	0.00337	0.00512	0.00650	0.27432	0.01910	0.60046	0.02111	0.00266	0.00074	0.00111	0.04531	0.00205	0.00184
27	0.00804	0.00592	0.00635	0.00487	0.00656	0.00656	0.00402	0.90544	0.00994	0.01333	0.00508	0.00508	0.00360	0.00254	0.00212	0.00063	0.00233	0.00190	0.00212	0.00360
28	0.00804	0.00592	0.00635	0.00487	0.00656	0.00656	0.00402	0.90544	0.00994	0.01333	0.00508	0.00508	0.00360	0.00254	0.00212	0.00063	0.00233	0.00190	0.00212	0.00360
29	0.00288	0.00210	0.00277	0.00321	0.00348	0.00203	0.00237	0.00361	0.03682	0.00577	0.01168	0.63863	0.03662	0.00626	0.00273	0.00088	0.00142	0.23293	0.00197	0.00184
30	0.00273	0.00188	0.00251	0.00296	0.00312	0.00175	0.00199	0.00311	0.00409	0.02607	0.01158	0.90343	0.01379	0.00653	0.00269	0.00085	0.00124	0.00592	0.00198	0.00176
31	0.92104	0.00413	0.00318	0.00282	0.00414	0.00478	0.00233	0.02510	0.00373	0.00957	0.00299	0.00347	0.00232	0.00198	0.00133	0.00065	0.00165	0.00116	0.00133	0.00232
32	0.03176	0.00384	0.00501	0.00385	0.00548	0.00349	0.00318	0.09814	0.00638	0.80371	0.00789	0.00690	0.00500	0.00259	0.00211	0.00065	0.00185	0.00208	0.00254	0.00357
33	0.00292	0.00233	0.00268	0.00285	0.00347	0.01083	0.00230	0.00932	0.00488	0.00603	0.03836	0.05374	0.52643	0.00550	0.00265	0.00081	0.00142	0.31966	0.00196	0.00186
34	0.00790	0.01008	0.00599	0.00545	0.00654	0.91719	0.00409	0.00844	0.00599	0.00518	0.00327	0.00381	0.00272	0.00218	0.00191	0.00054	0.00381	0.00136	0.00109	0.00245
35	0.00300	0.00205	0.00230	0.00233	0.00240	0.00201	0.00135	0.00306	0.00328	0.00432	0.00823	0.06788	0.08621	0.79214	0.00957	0.00186	0.00192	0.00337	0.00138	0.00135
36	0.00263	0.00217	0.00233	0.00241	0.00307	0.00187	0.00187	0.00322	0.00480	0.00579	0.01968	0.05233	0.75705	0.00547	0.00256	0.00075	0.00120	0.12705	0.00196	0.00181
37	0.00507	0.00388	0.00430	0.00382	0.00487	0.00426	0.00297	0.05615	0.54460	0.07112	0.24222	0.00984	0.01706	0.00322	0.00223	0.00069	0.00153	0.00273	0.01645	0.00299
38	0.00526	0.00454	0.00478	0.00430	0.00550	0.00526	0.00335	0.01124	0.90867	0.00885	0.00861	0.00789	0.00646	0.00287	0.00215	0.00072	0.00167	0.00239	0.00215	0.00335
39	0.00356	0.00270	0.00304	0.00285	0.00362	0.00261	0.00218	0.03782	0.14054	0.04291	0.25312	0.03531	0.40433	0.02057	0.00258	0.00073	0.00127	0.03596	0.00211	0.00221
40	0.00307	0.00209	0.00264	0.00286	0.00324	0.00193	0.00204	0.00810	0.00439	0.05687	0.04230	0.53888	0.19764	0.04231	0.03636	0.00096	0.00146	0.04907	0.00195	0.00186
41	0.00790	0.01008	0.00599	0.00545	0.00654	0.91719	0.00409	0.00844	0.00599	0.00518	0.00327	0.00381	0.00272	0.00218	0.00191	0.00054	0.00381	0.00136	0.00109	0.00245
42	0.00345	0.00248	0.00344	0.00390	0.00440	0.00249	0.00341	0.00453	0.02396	0.00638	0.01114	0.02352	0.01205	0.00578	0.00290	0.00097	0.00194	0.87933	0.00195	0.00198
43	0.00400	0.00373	0.00629	0.89237	0.02306	0.00464	0.00579	0.00536	0.00420	0.00538	0.00376	0.00565	0.00284	0.00222	0.00224	0.02052	0.00280	0.00188	0.00094	0.00233
44	0.00680	0.00481	0.00516	0.00435	0.00571	0.04151	0.00346	0.17486	0.49934	0.20920	0.00763	0.00702	0.00547	0.00273	0.00218	0.00068	0.01128	0.00220	0.00219	0.00340
45	0.00520	0.00534	0.00461	0.00376	0.00522	0.25946	0.00291	0.01761	0.01179	0.00635	0.00530	0.05124	0.05863	0.00234	0.00182	0.00045	0.00217	0.02168	0.00132	0.53280
46	0.93089	0.00411	0.00314	0.00280	0.00412	0.00476	0.00231	0.01559	0.00366	0.00953	0.00297	0.00345	0.00230	0.00197	0.00132	0.00065	0.00164	0.00115	0.00132	0.00230
47	0.00302	0.00228	0.00288	0.00318	0.00370	0.00215	0.00261	0.00382	0.01415	0.00609	0.03825	0.14065	0.29965	0.00572	0.00274	0.00086	0.00155	0.46286	0.00197	0.00188
48	0.01033	0.01284	0.00606	0.17838	0.10148	0.01224	0.00441	0.26610	0.29783	0.01819	0.00572	0.00613	0.00432	0.00878	0.00246	0.00070	0.05715	0.00205	0.00170	0.00314
49	0.00290	0.00206	0.00281	0.00322	0.00347	0.00203	0.00240	0.00344	0.00415	0.00553	0.01059	0.51796	0.01217	0.05522	0.08465	0.01796	0.00188	0.26397	0.00183	0.00176
50	0.00492	0.00460	0.02185	0.00516	0.00551	0.00594	0.00432	0.08590	0.04366	0.02855	0.03332	0.00558	0.01328	0.00414	0.05043	0.00099	0.67617	0.00199	0.00119	0.00248
51	0.00537	0.02073	0.00861	0.03187	0.75948	0.06393	0.05901	0.00664	0.01173	0.00674	0.00396	0.00517	0.00330	0.00191	0.00209	0.00063	0.00265	0.00188	0.00105	0.00323
52	0.00287	0.00203	0.00273	0.00317	0.00343	0.00193	0.00234	0.00342	0.00435	0.01511	0.03355	0.63301	0.03998	0.00629	0.00274	0.00088	0.00141	0.23701	0.00197	0.00181
53	0.00558	0.00378	0.00450	0.00337	0.00510	0.00313	0.00271	0.02839	0.07596	0.20201	0.01177	0.00579	0.02826	0.00204	0.00178	0.00044	0.00163	0.00165	0.00166	0.61046
54	0.00258	0.00184	0.00245	0.00294	0.00307	0.00172	0.00196	0.00294	0.00405	0.00540	0.01166	0.92430	0.01399	0.00662	0.00270	0.00086	0.00123	0.00601	0.00196	0.00172
55	0.00308	0.00205	0.00231	0.00231	0.00231	0.00205	0.00128	0.00308	0.00308	0.00410	0.00666	0.01384	0.00769	0.92568	0.01076	0.00205	0.00205	0.00308	0.00128	0.00128
56	0.25654	0.00307	0.00339	0.00296	0.00393	0.00310	0.00234	0.03731	0.00548	0.17335	0.46210	0.01045	0.01181	0.00330	0.00208	0.00066	0.00136	0.00271	0.01163	0.00242
57	0.00368	0.00184	0.00274	0.00274	0.00275	0.00184	0.00183	0.00279	0.00278	0.00375	0.00373	0.00645	0.00370	0.00726	0.00815	0.92231	0.00182	0.00184	0.01706	0.00094
58	0.01897	0.00408	0.00518	0.00398	0.00562	0.00384	0.00329	0.19452	0.00683	0.71907	0.00761	0.00672	0.00487	0.00259	0.00212	0.00065	0.00191	0.00207	0.00250	0.00358
59	0.00286	0.00219	0.00264	0.00262	0.00320	0.00197	0.00203	0.00367	0.00538	0.00712	0.44548	0.01864	0.36637	0.00493	0.00255	0.00072	0.00115	0.12243	0.00214	0.00191
60	0.03108	0.00213	0.00253	0.00260	0.00288	0.00205	0.00175	0.00346	0.00418	0.01640	0.19112	0.20982	0.10475	0.36993	0.00579	0.00127	0.00154	0.04330	0.00175	0.00166
61	0.00277	0.00215	0.00241	0.00239	0.00292	0.00192	0.00174	0.00338	0.00985	0.00621	0.24902	0.03832	0.48318	0.14865	0.00380	0.00092	0.00124	0.03540	0.00195	0.00177
62	0.00524	0.00463	0.00536	0.00465	0.00592	0.00527	0.07102	0.01090	0.84083	0.00869	0.00828	0.00773	0.00621	0.00279	0.00218	0.00072	0.00182	0.00240	0.00207	0.00331
63	0.00925	0.00397	0.00514	0.00394	0.00558	0.00366	0.00325	0.15417	0.00668	0.76921	0.00782	0.00686	0.00497	0.00260	0.00212	0.00065	0.00188	0.00209	0.00254	0.00360
64	0.00285	0.00218	0.00252	0.00244	0.00302	0.00195	0.00181	0.00360	0.01202	0.01420	0.40020	0.01779	0.42859	0.07389	0.00312	0.00080	0.00114	0.02393	0.00207	0.00187
65	0.00260	0.00188	0.00247	0.00294	0.00310	0.00175	0.00200	0.00300	0.00412	0.00545	0.01214	0.84530	0.05970	0.00653	0.00270	0.00086	0.00125	0.03853	0.00196	0.00173
66	0.00260	0.00187	0.00248	0.00294	0.00309	0.00174	0.00199	0.00300	0.00413	0.00549	0.03074	0.85643	0.04109	0.00652	0.00269	0.00085	0.00123	0.02740	0.00197	0.00173
67	0.00259	0.00188	0.00244	0.00287	0.00305	0.00173	0.00193	0.00299	0.00418	0.00554	0.04531	0.81438	0.09045	0.00643	0.00267	0.00084	0.00121	0.00580	0.00198	0.00173
68	0.00267	0.00192	0.00252	0.00297	0.00313	0.00182	0.00200	0.01049	0.01583	0.00554	0.01173	0.86811	0.03257	0.00648	0.00268	0.00085	0.00125	0.01694	0.00875	0.00176
69	0.00762	0.00537	0.00582	0.00456	0.00613	0.00588	0.00373	0.67930	0.11620	0.08687	0.00586	0.00573	0.00416	0.00258	0.00209	0.00064	0.00214	0.00198	0.04986	0.00348
70	0.00259	0.00187	0.00246	0.00293	0.00309	0.00174	0.00198	0.00298	0.00411	0.00544	0.01214	0.85653	0.05972	0.00654	0.00269	0.00085	0.00124	0.02741	0.00196	0.00173
71	0.00438	0.00376	0.00438	0.00313	0.00501	0.00282	0.00251	0.00532	0.00438	0.00689	0.00376	0.00438	0.00313	0.00157	0.00157	0.00031	0.00157	0.00125	0.00125	0.93861
72	0.00299	0.00216	0.00283	0.00266	0.00316	0.00200	0.00200	0.00399	0.00599	0.00848	0.91138	0.01580	0.01995	0.00432	0.00249	0.00067	0.00100	0.00382	0.00233	0.00200
73	0.00258	0.00184	0.00245	0.00294	0.00306	0.00172	0.00195	0.00295	0.00404	0.00538	0.01159	0.91303	0.01391	0.01801	0.00280	0.00087	0.00124	0.00598	0.00195	0.00171
74	0.00897	0.00400	0.00512	0.01189	0.00565	0.00376	0.00328	0.14191	0.06053	0.71963	0.00784	0.00691	0.00505	0.00262	0.00213	0.00066	0.00188	0.00211	0.00250	0.00357
75	0.64618	0.00403	0.00373	0.00314	0.00454	0.00438	0.00258	0.05048	0.00456	0.24489	0.01168	0.00459	0.00326	0.00218	0.00157	0.00065	0.00171	0.00146	0.00170	0.00269

[dist]
# distance from previous block
# <min> <max>
0	1

[block]
# block no. 7 follows, 145 sequences, length 29
# corresponding to MSA columns:
# 639-667
name=unknown_H
#
# <colnr> <probs for GDERKNQSTAVLIFYWHMCP>
#	G	D	E	R	K	N	Q	S	T	A	V	L	I	F	Y	W	H	M	C	P
0	0.00259	0.00209	0.00230	0.00236	0.00294	0.00181	0.00173	0.00316	0.00487	0.00608	0.15499	0.17185	0.62503	0.00541	0.00253	0.00073	0.00109	0.00463	0.00202	0.00181
1	0.00513	0.00440	0.00464	0.00419	0.00532	0.00508	0.00323	0.01077	0.85677	0.00857	0.00850	0.00823	0.00653	0.05576	0.00265	0.00079	0.00170	0.00243	0.00210	0.00323
2	0.00332	0.00239	0.00334	0.02116	0.00441	0.00239	0.00327	0.00423	0.00477	0.00621	0.01130	0.11394	0.02925	0.00584	0.00288	0.00095	0.00187	0.77461	0.00193	0.00193
3	0.03813	0.00201	0.00249	0.00280	0.00309	0.00188	0.00194	0.00323	0.00440	0.00603	0.14214	0.65006	0.12213	0.00596	0.00259	0.00081	0.00119	0.00533	0.00199	0.00179
4	0.00260	0.00187	0.00242	0.00285	0.00301	0.00174	0.00190	0.00296	0.00405	0.00535	0.01205	0.80902	0.07629	0.05921	0.00315	0.00092	0.00126	0.00574	0.00192	0.00170
5	0.00481	0.00399	0.00436	0.00407	0.00505	0.00451	0.00317	0.04558	0.64300	0.00822	0.00899	0.09840	0.00779	0.03850	0.00262	0.00081	0.00170	0.10939	0.00207	0.00295
6	0.00565	0.92696	0.01108	0.00362	0.00543	0.00837	0.00362	0.00633	0.00430	0.00498	0.00294	0.00339	0.00271	0.00181	0.00136	0.00045	0.00226	0.00113	0.00090	0.00271
7	0.00399	0.00376	0.00634	0.92060	0.01456	0.00470	0.00587	0.00540	0.00423	0.00540	0.00376	0.00564	0.00282	0.00211	0.00211	0.00070	0.00282	0.00188	0.00094	0.00235
8	0.00782	0.00994	0.00600	0.00545	0.00651	0.89478	0.00410	0.00836	0.00592	0.00517	0.00326	0.00383	0.00273	0.00222	0.00203	0.00055	0.02641	0.00137	0.00109	0.00245
9	0.00302	0.00203	0.00232	0.00236	0.00239	0.00201	0.00135	0.00306	0.00320	0.00426	0.00746	0.09600	0.02977	0.82100	0.00984	0.00191	0.00195	0.00337	0.00136	0.00133
10	0.00790	0.01008	0.00599	0.00545	0.00654	0.91719	0.00409	0.00844	0.00599	0.00518	0.00327	0.00381	0.00272	0.00218	0.00191	0.00054	0.00381	0.00136	0.00109	0.00245
11	0.00535	0.00459	0.00483	0.00432	0.00553	0.00530	0.00337	0.03950	0.88027	0.00899	0.00850	0.00780	0.00636	0.00286	0.00215	0.00071	0.00169	0.00238	0.00215	0.00335
12	0.07064	0.00562	0.00598	0.00463	0.00627	0.00621	0.00382	0.77904	0.02823	0.04708	0.00516	0.00515	0.00366	0.00251	0.00205	0.00064	0.00223	0.00187	0.01574	0.00348
13	0.00308	0.00205	0.00231	0.00231	0.00231	0.00205	0.00128	0.00308	0.00308	0.00410	0.00666	0.01384	0.00769	0.92568	0.01076	0.00205	0.00205	0.00308	0.00128	0.00128
14	0.00305	0.00216	0.00286	0.00286	0.00306	0.00235	0.00198	0.00343	0.00324	0.00451	0.00615	0.01101	0.00646	0.46097	0.47380	0.00274	0.00390	0.00266	0.00121	0.00159
15	0.00501	0.31225	0.56493	0.00510	0.00771	0.00595	0.00616	0.00678	0.00450	0.05813	0.00377	0.00427	0.00284	0.00198	0.00180	0.00060	0.00276	0.00145	0.00100	0.00302
16	0.00417	0.00317	0.00382	0.00312	0.00431	0.00278	0.00243	0.04568	0.05595	0.04519	0.32339	0.04122	0.02968	0.00349	0.03669	0.00063	0.00155	0.00256	0.00181	0.38836
17	0.05044	0.00407	0.05699	0.00386	0.00557	0.00333	0.00335	0.02192	0.00590	0.80979	0.00780	0.00685	0.00494	0.00255	0.00208	0.00065	0.00188	0.00205	0.00245	0.00351
18	0.80429	0.00406	0.00340	0.00294	0.00430	0.00456	0.00243	0.02242	0.00403	0.12620	0.00368	0.00395	0.00269	0.00206	0.00143	0.00065	0.00167	0.00128	0.00149	0.00248
19	0.94062	0.00409	0.00311	0.00278	0.00409	0.00474	0.00229	0.00622	0.00360	0.00949	0.00294	0.00344	0.00229	0.00196	0.00131	0.00065	0.00164	0.00115	0.00131	0.00229
20	0.94062	0.00409	0.00311	0.00278	0.00409	0.00474	0.00229	0.00622	0.00360	0.00949	0.00294	0.00344	0.00229	0.00196	0.00131	0.00065	0.00164	0.00115	0.00131	0.00229
21	0.00565	0.92696	0.01108	0.00362	0.00543	0.00837	0.00362	0.00633	0.00430	0.00498	0.00294	0.00339	0.00271	0.00181	0.00136	0.00045	0.00226	0.00113	0.00090	0.00271
22	0.00456	0.00366	0.00432	0.00315	0.00494	0.00278	0.00251	0.00547	0.00449	0.05180	0.02149	0.03224	0.00388	0.00182	0.00165	0.00035	0.00156	0.00149	0.00136	0.84647
23	0.00268	0.00212	0.00241	0.00240	0.00298	0.00185	0.00178	0.00336	0.00515	0.00664	0.32837	0.10767	0.51485	0.00512	0.00252	0.00071	0.00106	0.00439	0.00209	0.00185
24	0.00266	0.00192	0.00252	0.00297	0.00312	0.00182	0.00199	0.00318	0.02922	0.00547	0.01147	0.88046	0.01365	0.02502	0.00285	0.00088	0.00126	0.00585	0.00195	0.00175
25	0.00303	0.00223	0.00324	0.00324	0.00356	0.00256	0.00245	0.00368	0.00335	0.00479	0.00581	0.00910	0.00563	0.14653	0.78710	0.00320	0.00515	0.00238	0.00115	0.00180
26	0.00493	0.00614	0.08813	0.00867	0.01089	0.00531	0.82960	0.00677	0.00495	0.00677	0.00424	0.00560	0.00316	0.00180	0.00245	0.00071	0.00353	0.00242	0.00105	0.00287
27	0.00463	0.00463	0.00648	0.00555	0.00555	0.00648	0.00463	0.00509	0.00324	0.00509	0.00278	0.00463	0.00278	0.00370	0.00694	0.00093	0.92181	0.00185	0.00093	0.00231
28	0.00297	0.00208	0.00267	0.00303	0.00329	0.00198	0.00207	0.00371	0.05992	0.03612	0.01168	0.80701	0.04303	0.00622	0.00264	0.00084	0.00127	0.00561	0.00200	0.00188

[dist]
# distance from previous block
# <min> <max>
1	21

[block]
# block no. 8 follows, 145 sequences, length 28
# corresponding to MSA columns:
# 690-717
name=unknown_I
#
# <colnr> <probs for GDERKNQSTAVLIFYWHMCP>
#	G	D	E	R	K	N	Q	S	T	A	V	L	I	F	Y	W	H	M	C	P
0	0.00302	0.00227	0.00340	0.00340	0.00378	0.00264	0.00264	0.00378	0.00340	0.00491	0.00566	0.00831	0.00529	0.01586	0.91730	0.00340	0.00566	0.00227	0.00113	0.00189
1	0.00253	0.00214	0.00220	0.00222	0.00291	0.00180	0.00167	0.00308	0.00481	0.00576	0.03566	0.05285	0.84249	0.00540	0.00252	0.00072	0.00110	0.02639	0.00197	0.00179
2	0.00262	0.00188	0.00249	0.00296	0.00313	0.00176	0.00202	0.00302	0.00412	0.00546	0.01203	0.83931	0.05098	0.00653	0.00270	0.00086	0.00126	0.05316	0.00196	0.00173
3	0.00256	0.00216	0.00223	0.00226	0.00295	0.00183	0.00172	0.00313	0.00485	0.00580	0.03862	0.02047	0.83965	0.00536	0.00252	0.00073	0.00112	0.05825	0.00197	0.00180
4	0.00267	0.00216	0.00239	0.00245	0.00308	0.00188	0.00188	0.00330	0.00492	0.00609	0.12639	0.07701	0.64710	0.00537	0.00256	0.00075	0.00117	0.10502	0.00201	0.00182
5	0.00438	0.00376	0.00438	0.00313	0.00501	0.00282	0.00251	0.00532	0.00438	0.00689	0.00376	0.00438	0.00313	0.00157	0.00157	0.00031	0.00157	0.00125	0.00125	0.93861
6	0.75949	0.00395	0.00340	0.00294	0.00428	0.00439	0.00242	0.00683	0.00407	0.15938	0.02979	0.00441	0.00328	0.00214	0.00148	0.00065	0.00164	0.00138	0.00155	0.00250
7	0.00308	0.00205	0.00231	0.00231	0.00231	0.00205	0.00128	0.00308	0.00308	0.00410	0.00666	0.01384	0.00769	0.92568	0.01076	0.00205	0.00205	0.00308	0.00128	0.00128
8	0.94062	0.00409	0.00311	0.00278	0.00409	0.00474	0.00229	0.00622	0.00360	0.00949	0.00294	0.00344	0.00229	0.00196	0.00131	0.00065	0.00164	0.00115	0.00131	0.00229
9	0.00272	0.00219	0.00244	0.00248	0.00313	0.00191	0.00193	0.00340	0.00503	0.00629	0.17781	0.02004	0.62582	0.00524	0.00256	0.00074	0.00118	0.13122	0.00203	0.00185
