[name]
cox2

[dist]
# distance from previous block
# <min> <max>
7	171

[block]
# block no. 0 follows, 260 sequences, length 17
# corresponding to MSA columns:
# 227-243
name=unknown_A
#
# <colnr> <probs for GDERKNQSTAVLIFYWHMCP>
#	G	D	E	R	K	N	Q	S	T	A	V	L	I	F	Y	W	H	M	C	P
0	0.23900	0.00256	0.01262	0.01080	0.00377	0.01614	0.23035	0.03325	0.00301	0.35843	0.01674	0.01086	0.00253	0.05273	0.00146	0.00044	0.00133	0.00121	0.00104	0.00171
1	0.00179	0.00132	0.00169	0.00185	0.00212	0.00127	0.00147	0.00224	0.01633	0.00351	0.03758	0.16260	0.24549	0.03136	0.05199	0.02375	0.00103	0.39329	0.01825	0.00109
2	0.19084	0.00252	0.00290	0.04747	0.00312	0.05894	0.00211	0.05502	0.01468	0.01574	0.00231	0.00325	0.00205	0.02467	0.18783	0.00077	0.35639	0.00107	0.02698	0.00136
3	0.00178	0.00126	0.00165	0.00166	0.00177	0.00135	0.00113	0.00199	0.00194	0.00268	0.00399	0.03796	0.02927	0.47342	0.43113	0.00152	0.00213	0.00168	0.00074	0.00093
4	0.00333	0.00339	0.00559	0.00418	0.00522	0.09617	0.55886	0.09314	0.13482	0.03356	0.00320	0.01866	0.01832	0.00131	0.00137	0.00041	0.00179	0.00141	0.01357	0.00173
5	0.02894	0.52074	0.03047	0.00208	0.00311	0.00360	0.00193	0.05389	0.00270	0.02545	0.00214	0.00261	0.00188	0.05247	0.00118	0.00031	0.00121	0.00079	0.00067	0.26384
6	0.10370	0.01721	0.00342	0.00272	0.00354	0.16354	0.00221	0.48682	0.02118	0.05015	0.00266	0.00282	0.00198	0.00146	0.00138	0.00037	0.07870	0.00101	0.01337	0.04176
7	0.02929	0.00208	0.05333	0.00201	0.00279	0.00170	0.00171	0.01412	0.01897	0.50704	0.22101	0.00628	0.13035	0.00196	0.00132	0.00039	0.00094	0.00163	0.00137	0.00173
8	0.01329	0.18199	0.07092	0.00253	0.00345	0.00337	0.00223	0.25749	0.27989	0.10993	0.00374	0.05965	0.00294	0.00159	0.00118	0.00038	0.00121	0.00126	0.00109	0.00189
9	0.05433	0.05541	0.10323	0.00221	0.02880	0.00196	0.01116	0.00314	0.00256	0.04489	0.00329	0.15738	0.00994	0.04035	0.00132	0.00034	0.00106	0.02411	0.00082	0.45371
10	0.07570	0.00268	0.00319	0.00256	0.00336	0.11420	0.10424	0.06279	0.05784	0.37599	0.09918	0.00456	0.02935	0.00173	0.00141	0.04038	0.00126	0.01669	0.00117	0.00172
11	0.00231	0.00159	0.00224	0.00203	0.00229	0.00159	0.08002	0.01651	0.00232	0.07958	0.00439	0.03937	0.01468	0.52525	0.03524	0.00093	0.03603	0.15168	0.00089	0.00107
12	0.00324	0.05803	0.35842	0.00293	0.00403	0.23606	0.00298	0.07209	0.07870	0.02641	0.03664	0.04841	0.03158	0.00166	0.01791	0.00040	0.00166	0.00117	0.01601	0.00166
13	0.50014	0.00272	0.02125	0.00211	0.00294	0.00296	0.00176	0.30365	0.00340	0.06372	0.00249	0.00282	0.00190	0.03060	0.05228	0.00049	0.00125	0.00093	0.00096	0.00162
14	0.00160	0.00125	0.00144	0.00146	0.00178	0.00110	0.00108	0.00199	0.00296	0.00384	0.30460	0.13858	0.46306	0.03188	0.00164	0.00045	0.00067	0.03830	0.00121	0.00108
15	0.00235	0.09440	0.33372	0.00248	0.00342	0.00910	0.00261	0.04348	0.02478	0.00407	0.19791	0.07670	0.12495	0.00204	0.00143	0.00040	0.04626	0.02752	0.00089	0.00149
16	0.00266	0.04002	0.38600	0.05447	0.03018	0.02589	0.00342	0.00361	0.04481	0.00355	0.00252	0.00336	0.02603	0.00168	0.00222	0.00045	0.33749	0.02943	0.00061	0.00160

[dist]
# distance from previous block
# <min> <max>
2	18

[block]
# block no. 1 follows, 260 sequences, length 19
# corresponding to MSA columns:
# 262-280
name=unknown_B
#
# <colnr> <probs for GDERKNQSTAVLIFYWHMCP>
#	G	D	E	R	K	N	Q	S	T	A	V	L	I	F	Y	W	H	M	C	P
0	0.04380	0.44207	0.00484	0.00265	0.00349	0.47785	0.00224	0.00435	0.00301	0.00310	0.00183	0.00212	0.00159	0.00118	0.00096	0.00030	0.00177	0.00073	0.00060	0.00151
1	0.05383	0.01427	0.04229	0.01711	0.00348	0.29563	0.03178	0.04792	0.27912	0.01474	0.11432	0.00414	0.02228	0.00173	0.01455	0.00041	0.03857	0.00125	0.00095	0.00161
2	0.00270	0.00151	0.00181	0.00163	0.00218	0.00131	0.00128	0.00309	0.00303	0.27525	0.05542	0.05426	0.52312	0.00291	0.03292	0.00047	0.00086	0.03362	0.00126	0.00137
3	0.05370	0.00201	0.00234	0.00219	0.00266	0.00212	0.00177	0.26134	0.01550	0.02467	0.01967	0.08394	0.01632	0.14621	0.00219	0.00058	0.00115	0.34652	0.01373	0.00139
4	0.00230	0.00135	0.00167	0.00158	0.00175	0.00135	0.00104	0.00244	0.00207	0.12590	0.00395	0.00707	0.00409	0.66401	0.17312	0.00124	0.00157	0.00165	0.00084	0.00100
5	0.00179	0.00130	0.00182	0.00182	0.00198	0.00146	0.00133	0.00211	0.00195	0.00276	0.00351	0.00583	0.00352	0.28143	0.67974	0.00177	0.00273	0.00147	0.00069	0.00101
6	0.03361	0.00140	0.04071	0.00172	0.00188	0.00122	0.00122	0.00195	0.00225	0.00310	0.00572	0.56289	0.01866	0.27732	0.00292	0.00070	0.00093	0.03982	0.00100	0.00099
7	0.00205	0.00147	0.00168	0.00160	0.00196	0.00140	0.00118	0.03011	0.07864	0.04478	0.27929	0.05835	0.30276	0.13893	0.00213	0.00053	0.00078	0.02365	0.02750	0.00120
8	0.00172	0.00123	0.00147	0.00154	0.00177	0.00113	0.00108	0.00206	0.01463	0.02204	0.15569	0.32540	0.27709	0.13105	0.00214	0.00055	0.00076	0.02411	0.03348	0.00106
9	0.00161	0.00128	0.00145	0.00145	0.00180	0.00113	0.00109	0.00206	0.01711	0.00389	0.29736	0.07641	0.54766	0.00301	0.00149	0.00042	0.00065	0.03780	0.00122	0.00110
10	0.00880	0.00138	0.00180	0.00193	0.01979	0.00143	0.00137	0.05476	0.01582	0.01087	0.02175	0.44351	0.03696	0.02858	0.25668	0.00089	0.00148	0.01152	0.07950	0.00115
11	0.10400	0.00142	0.00155	0.00155	0.00183	0.00141	0.00109	0.01604	0.02729	0.02542	0.08040	0.20803	0.18113	0.27441	0.01103	0.00067	0.00091	0.01845	0.04232	0.00107
12	0.23665	0.00229	0.00261	0.00228	0.00273	0.00269	0.00183	0.12244	0.02570	0.07754	0.03359	0.14344	0.04237	0.04038	0.00217	0.00048	0.25693	0.00150	0.00093	0.00143
13	0.00172	0.00129	0.00160	0.00154	0.00186	0.00118	0.00116	0.00228	0.01558	0.00456	0.67998	0.02774	0.22212	0.00272	0.00148	0.00041	0.00062	0.02971	0.00131	0.00115
14	0.40347	0.00228	0.00908	0.00195	0.00260	0.00247	0.00155	0.12957	0.08216	0.10742	0.02335	0.04144	0.00296	0.12768	0.03326	0.00056	0.00114	0.02458	0.00099	0.00148
15	0.00220	0.00149	0.00234	0.21716	0.06126	0.00164	0.00182	0.00219	0.00195	0.00260	0.00241	0.00400	0.00227	0.05660	0.10576	0.53021	0.00149	0.00116	0.00057	0.00089
16	0.23733	0.00170	0.00177	0.00172	0.00218	0.01711	0.00135	0.00286	0.01541	0.06453	0.20755	0.09474	0.18449	0.02666	0.00145	0.00045	0.00086	0.13546	0.00111	0.00124
17	0.00161	0.00120	0.00160	0.00179	0.00195	0.00113	0.01967	0.00192	0.01594	0.00327	0.00735	0.71405	0.11939	0.02731	0.00170	0.00052	0.00079	0.07662	0.00114	0.00105
18	0.13116	0.00154	0.00183	0.00177	0.00211	0.00167	0.00134	0.02125	0.03053	0.02819	0.04096	0.03589	0.12704	0.15624	0.40128	0.00121	0.00195	0.01203	0.00086	0.00115

[dist]
# distance from previous block
# <min> <max>
9	36

[block]
# block no. 2 follows, 260 sequences, length 6
# corresponding to MSA columns:
# 317-322
name=unknown_C
#
# <colnr> <probs for GDERKNQSTAVLIFYWHMCP>
#	G	D	E	R	K	N	Q	S	T	A	V	L	I	F	Y	W	H	M	C	P
0	0.03247	0.00121	0.00144	0.00160	0.00181	0.00112	0.00112	0.00189	0.00257	0.00342	0.07032	0.52641	0.26401	0.04649	0.00174	0.00051	0.00073	0.03897	0.00114	0.00104
1	0.00209	0.00148	0.00173	0.00166	0.00209	0.00136	0.00126	0.00276	0.08386	0.07997	0.23441	0.13419	0.36163	0.00278	0.00144	0.00042	0.00073	0.04759	0.00123	0.03732
2	0.00211	0.00111	0.00164	0.00164	0.00166	0.00113	0.00111	0.00169	0.00167	0.00225	0.00237	0.00414	0.00239	0.05860	0.09166	0.82123	0.00130	0.00115	0.00056	0.00061
3	0.00309	0.00252	0.00263	0.00232	0.00299	0.03127	0.00181	0.11416	0.55142	0.04524	0.09664	0.00580	0.13085	0.00193	0.00131	0.00041	0.00099	0.00160	0.00125	0.00178
4	0.00173	0.00136	0.00149	0.00149	0.00184	0.00124	0.00111	0.02479	0.03658	0.00365	0.10019	0.09261	0.55034	0.09036	0.00192	0.00050	0.00075	0.06137	0.02560	0.00110
5	0.44732	0.00212	0.00193	0.00176	0.00233	0.00235	0.00135	0.07662	0.11713	0.00481	0.00425	0.05633	0.12334	0.15131	0.00188	0.00053	0.00098	0.00138	0.00094	0.00134

[dist]
# distance from previous block
# <min> <max>
0	1

[block]
# block no. 3 follows, 260 sequences, length 14
# corresponding to MSA columns:
# 324-337
name=unknown_D
#
# <colnr> <probs for GDERKNQSTAVLIFYWHMCP>
#	G	D	E	R	K	N	Q	S	T	A	V	L	I	F	Y	W	H	M	C	P
0	0.00389	0.00199	0.00251	0.00209	0.00279	0.00192	0.00167	0.02290	0.18954	0.45063	0.29897	0.00588	0.00591	0.00188	0.00132	0.00039	0.00090	0.00159	0.00143	0.00180
1	0.03363	0.00129	0.00153	0.00154	0.00185	0.00118	0.00112	0.00220	0.00290	0.04465	0.30820	0.26010	0.28873	0.04331	0.00168	0.00046	0.00070	0.00259	0.00121	0.00112
2	0.00153	0.00126	0.00134	0.00136	0.00173	0.00108	0.00102	0.00187	0.00286	0.00352	0.10901	0.07829	0.73988	0.01808	0.00156	0.00044	0.00066	0.03227	0.00117	0.00106
3	0.00159	0.00113	0.00143	0.00162	0.00170	0.00107	0.00106	0.00177	0.00227	0.00301	0.00646	0.65548	0.06561	0.22775	0.02143	0.00070	0.00088	0.00304	0.00105	0.00096
4	0.00160	0.00126	0.00140	0.00143	0.00177	0.00111	0.00106	0.00192	0.01747	0.00343	0.08698	0.12705	0.63466	0.00328	0.00175	0.07382	0.00070	0.03718	0.00113	0.00104
5	0.00243	0.00138	0.00178	0.00179	0.00212	0.00125	0.00131	0.00280	0.01420	0.19996	0.09739	0.47375	0.11167	0.03956	0.00168	0.00049	0.00081	0.04312	0.00124	0.00127
6	0.00175	0.00137	0.00163	0.00175	0.00211	0.00127	0.00143	0.00227	0.02942	0.00360	0.02993	0.03273	0.48596	0.00324	0.00157	0.00049	0.00086	0.39634	0.00116	0.00112
7	0.07672	0.00176	0.00223	0.00202	0.00262	0.00166	0.00167	0.01548	0.00308	0.37415	0.04085	0.00839	0.10663	0.06159	0.00171	0.00050	0.00103	0.29512	0.00126	0.00152
8	0.06187	0.00155	0.00189	0.00171	0.00211	0.00146	0.00123	0.00326	0.00261	0.29602	0.06201	0.16800	0.03977	0.34732	0.00314	0.00071	0.00101	0.00192	0.00112	0.00129
9	0.00262	0.00227	0.00263	0.00230	0.05678	0.00206	0.00168	0.00398	0.26570	0.00430	0.00429	0.00434	0.11783	0.00142	0.00110	0.00029	0.00094	0.00118	0.00093	0.52337
10	0.08599	0.00311	0.05719	0.00257	0.00356	0.00306	0.00221	0.51431	0.00458	0.27632	0.00342	0.00340	0.00237	0.03051	0.00136	0.00040	0.00127	0.00113	0.00123	0.00200
11	0.00199	0.00125	0.00146	0.00144	0.00153	0.00122	0.00087	0.00204	0.00201	0.05650	0.00469	0.08019	0.06323	0.74110	0.00534	0.03035	0.00112	0.00194	0.00085	0.00086
12	0.00252	0.00228	0.00312	0.06529	0.32949	0.06098	0.00240	0.05654	0.00290	0.00383	0.02980	0.32084	0.06993	0.00236	0.00139	0.00043	0.00118	0.04236	0.00091	0.00147
13	0.35837	0.00158	0.00158	0.00169	0.00203	0.00167	0.00122	0.00245	0.00230	0.00408	0.00511	0.57839	0.02950	0.00287	0.00128	0.00046	0.00081	0.00246	0.00101	0.00114

[dist]
# distance from previous block
# <min> <max>
50	83

[block]
# block no. 4 follows, 260 sequences, length 15
# corresponding to MSA columns:
# 460-474
name=unknown_E
#
# <colnr> <probs for GDERKNQSTAVLIFYWHMCP>
#	G	D	E	R	K	N	Q	S	T	A	V	L	I	F	Y	W	H	M	C	P
0	0.00178	0.00121	0.00140	0.00144	0.00147	0.00120	0.00086	0.00184	0.00193	0.00257	0.00450	0.10575	0.03113	0.77562	0.04219	0.00113	0.00122	0.02115	0.00081	0.00081
1	0.00160	0.00125	0.00146	0.00147	0.00179	0.00110	0.00109	0.00202	0.00304	0.00397	0.36736	0.14112	0.43725	0.00304	0.00149	0.00043	0.00064	0.02754	0.00124	0.00110
2	0.00171	0.00122	0.00151	0.00160	0.00183	0.00112	0.00113	0.00209	0.01354	0.02545	0.27323	0.42754	0.18847	0.04012	0.00170	0.00048	0.00070	0.00283	0.01265	0.00109
3	0.00404	0.00240	0.00280	0.00236	0.00315	0.00251	0.00188	0.05761	0.46288	0.36860	0.02657	0.02775	0.02826	0.00173	0.00128	0.00041	0.00101	0.00144	0.00137	0.00197
4	0.15070	0.00242	0.00285	0.00225	0.00316	0.00238	0.00186	0.18742	0.02826	0.56269	0.00422	0.00402	0.01630	0.00155	0.00119	0.00039	0.00110	0.02393	0.00135	0.00196
5	0.15815	0.01501	0.00224	0.01223	0.00259	0.07383	0.01573	0.03496	0.01306	0.19954	0.00489	0.44157	0.00499	0.00253	0.00131	0.00043	0.00101	0.00217	0.01236	0.00140
6	0.00341	0.51720	0.00460	0.00205	0.00291	0.00345	0.00187	0.03980	0.02005	0.16855	0.21996	0.00416	0.00425	0.00152	0.00106	0.00032	0.00111	0.00116	0.00094	0.00162
7	0.00185	0.00130	0.00165	0.01299	0.00197	0.00121	0.00120	0.00239	0.02415	0.03225	0.56797	0.21351	0.09616	0.01391	0.00153	0.00043	0.00066	0.00248	0.02123	0.00117
8	0.02080	0.00141	0.00167	0.00170	0.00212	0.00127	0.00137	0.00248	0.00289	0.09439	0.02618	0.07165	0.48540	0.00308	0.00152	0.00047	0.00084	0.27840	0.00119	0.00119
9	0.00273	0.00273	0.00382	0.00327	0.00327	0.00382	0.00273	0.00300	0.00191	0.00300	0.00164	0.00273	0.00164	0.00218	0.00409	0.00055	0.95393	0.00109	0.00055	0.00136
10	0.00307	0.09363	0.00285	0.00221	0.00276	0.01541	0.00174	0.34191	0.00373	0.03404	0.02170	0.38257	0.00496	0.02316	0.00146	0.00044	0.00106	0.03442	0.02736	0.00151
11	0.00167	0.00123	0.00143	0.00147	0.00166	0.00117	0.00100	0.00187	0.00230	0.00295	0.01972	0.11248	0.32600	0.37292	0.09679	0.01658	0.00116	0.03573	0.00095	0.00094
12	0.07643	0.00223	0.00276	0.00221	0.00307	0.00214	0.00180	0.06625	0.11578	0.63483	0.02679	0.02137	0.00328	0.00170	0.01450	0.00041	0.00107	0.00128	0.02015	0.00197
13	0.00186	0.00128	0.00160	0.00175	0.03023	0.00120	0.00122	0.01501	0.00283	0.01663	0.21790	0.36683	0.13612	0.00298	0.01008	0.00044	0.00073	0.02768	0.16250	0.00114
14	0.01741	0.00264	0.03153	0.00255	0.00314	0.03380	0.00212	0.00312	0.00231	0.00356	0.00213	0.03949	0.00198	0.00160	0.00232	0.00037	0.41116	0.00101	0.00066	0.43710

[dist]
# distance from previous block
# <min> <max>
0	49

[block]
# block no. 5 follows, 260 sequences, length 24
# corresponding to MSA columns:
# 524-547
name=unknown_F
#
# <colnr> <probs for GDERKNQSTAVLIFYWHMCP>
#	G	D	E	R	K	N	Q	S	T	A	V	L	I	F	Y	W	H	M	C	P
0	0.00402	0.00255	0.00295	0.00244	0.01682	0.00798	0.00193	0.43699	0.02934	0.21611	0.10594	0.09054	0.04362	0.01543	0.01016	0.00042	0.00114	0.00849	0.00129	0.00183
1	0.00154	0.00111	0.00147	0.00174	0.00183	0.00103	0.00118	0.00178	0.00241	0.00320	0.00694	0.87928	0.02811	0.01783	0.00166	0.00052	0.00075	0.04545	0.00115	0.00102
2	0.91158	0.00239	0.00189	0.00167	0.00245	0.00274	0.00138	0.00380	0.00220	0.05815	0.00191	0.00215	0.00145	0.00118	0.00080	0.00039	0.00097	0.00071	0.00081	0.00139
3	0.00211	0.17564	0.00282	0.00196	0.00234	0.00234	0.00160	0.00243	0.00253	0.00325	0.04556	0.17319	0.34466	0.01028	0.00196	0.00044	0.19791	0.02685	0.00092	0.00121
4	0.00352	0.00301	0.00432	0.00548	0.54624	0.00309	0.00309	0.30098	0.01259	0.00527	0.00287	0.00331	0.02791	0.00129	0.00122	0.00036	0.00137	0.00114	0.01477	0.05818
5	0.00235	0.23700	0.13837	0.00196	0.00266	0.00235	0.00188	0.00295	0.01211	0.01220	0.09440	0.12169	0.11112	0.02815	0.00132	0.00040	0.00103	0.06239	0.16433	0.00134
6	0.00385	0.58705	0.00536	0.00255	0.00345	0.37299	0.00224	0.00422	0.00292	0.00298	0.00181	0.00210	0.00160	0.00115	0.00093	0.00029	0.00169	0.00072	0.00058	0.00154
7	0.02834	0.00175	0.00233	0.00200	0.00259	0.00172	0.00160	0.02717	0.00288	0.42836	0.00409	0.00448	0.00306	0.01337	0.34833	0.00097	0.00184	0.00126	0.12229	0.00160
8	0.00183	0.00146	0.01309	0.00163	0.00200	0.00960	0.00126	0.01532	0.03534	0.01357	0.22131	0.04610	0.37269	0.00421	0.21085	0.00076	0.00128	0.00212	0.04442	0.00117
9	0.00249	0.02005	0.02572	0.00193	0.00292	0.00170	0.00161	0.00307	0.00265	0.00403	0.03774	0.00420	0.01110	0.00130	0.00104	0.00024	0.00096	0.10674	0.00080	0.76970
10	0.61484	0.00230	0.00220	0.00185	0.00267	0.00246	0.00152	0.01713	0.00266	0.31953	0.00291	0.02061	0.00207	0.00134	0.00095	0.00039	0.00100	0.00093	0.00104	0.00161
11	0.00316	0.03363	0.00362	0.53175	0.00635	0.34170	0.00291	0.00377	0.00288	0.00314	0.00266	0.00337	0.05325	0.00136	0.00120	0.00038	0.00180	0.00107	0.00062	0.00139
12	0.00196	0.00155	0.00189	0.00176	0.00226	0.00130	0.00128	0.01434	0.00254	0.00359	0.00549	0.51610	0.07418	0.00270	0.00133	0.00038	0.00080	0.00239	0.00100	0.36318
13	0.00352	0.00405	0.00285	0.00277	0.00326	0.55579	0.00217	0.00392	0.00324	0.00330	0.00417	0.02685	0.04966	0.00218	0.00136	0.00042	0.00176	0.32656	0.00085	0.00131
14	0.01169	0.00295	0.00598	0.00441	0.01681	0.00280	0.69136	0.04738	0.00311	0.02150	0.09777	0.00445	0.05453	0.00157	0.02742	0.00046	0.00183	0.00158	0.00078	0.00161
15	0.00288	0.00235	0.00245	0.00222	0.00278	0.05409	0.00171	0.03939	0.48368	0.04723	0.21131	0.06250	0.02739	0.02071	0.00142	0.00043	0.00096	0.00928	0.02559	0.00165
16	0.03739	0.00282	0.00311	0.00237	0.00336	0.00281	0.00193	0.47870	0.00421	0.02127	0.00270	0.00292	0.00206	0.00169	0.05292	0.00039	0.00128	0.00097	0.00101	0.37610
17	0.00310	0.00179	0.00219	0.00184	0.00249	0.00161	0.00144	0.03340	0.05777	0.27517	0.20072	0.04259	0.15567	0.06330	0.00163	0.00042	0.00088	0.01129	0.00123	0.14147
18	0.00301	0.00187	0.00226	0.00207	0.01290	0.00187	0.00156	0.19753	0.00333	0.17649	0.01381	0.25645	0.13537	0.09079	0.05749	0.00060	0.00913	0.03087	0.00117	0.00145
19	0.00201	0.00137	0.00153	0.00145	0.00190	0.00119	0.00110	0.00241	0.01649	0.10768	0.11727	0.03558	0.65143	0.02896	0.00158	0.00044	0.00070	0.01635	0.00937	0.00119
20	0.00281	0.01403	0.14235	0.00272	0.01149	0.25635	0.08500	0.01155	0.01906	0.00412	0.37029	0.06518	0.00604	0.00191	0.00133	0.00038	0.00139	0.00163	0.00095	0.00141
21	0.00248	0.00226	0.00336	0.53161	0.05765	0.00235	0.00271	0.00320	0.00255	0.00357	0.00222	0.00302	0.00175	0.00111	0.00112	0.00032	0.00136	0.00096	0.00063	0.37576
22	0.00267	0.00519	0.64531	0.00356	0.07325	0.00275	0.02285	0.02466	0.06522	0.01648	0.01584	0.01361	0.00204	0.00124	0.00118	0.00037	0.00162	0.00102	0.00065	0.10049
23	0.56975	0.00194	0.00181	0.00167	0.00215	0.00218	0.00128	0.02324	0.00202	0.00435	0.00197	0.00279	0.00172	0.01584	0.00235	0.34097	0.01130	0.00085	0.01076	0.00107

[dist]
# distance from previous block
# <min> <max>
6	14

[block]
# block no. 6 follows, 260 sequences, length 7
# corresponding to MSA columns:
# 562-568
name=unknown_G
#
# <colnr> <probs for GDERKNQSTAVLIFYWHMCP>
#	G	D	E	R	K	N	Q	S	T	A	V	L	I	F	Y	W	H	M	C	P
0	0.00442	0.13908	0.00407	0.04026	0.00395	0.27598	0.00239	0.50443	0.00459	0.00559	0.00248	0.00265	0.00188	0.00136	0.00115	0.00035	0.00163	0.00097	0.00094	0.00182
1	0.00277	0.00483	0.51244	0.00545	0.44194	0.00292	0.00424	0.00389	0.00273	0.00400	0.00229	0.00284	0.00176	0.00115	0.00121	0.00038	0.00167	0.00101	0.00057	0.00190
2	0.00188	0.00129	0.00155	0.00164	0.00193	0.00117	0.00117	0.00229	0.04110	0.07626	0.00862	0.51871	0.33099	0.00337	0.00151	0.00046	0.00073	0.00297	0.00119	0.00115
3	0.07055	0.00128	0.00139	0.00142	0.00172	0.00126	0.00104	0.00272	0.00261	0.04440	0.05666	0.25855	0.03119	0.00220	0.00112	0.00037	0.00067	0.00187	0.51782	0.00117
4	0.96501	0.00241	0.00183	0.00164	0.00241	0.00280	0.00135	0.00366	0.00212	0.00559	0.00174	0.00202	0.00135	0.00116	0.00077	0.00039	0.00096	0.00067	0.00077	0.00135
5	0.00201	0.00151	0.00196	0.00175	0.00217	0.00142	0.03754	0.03371	0.04489	0.02983	0.63769	0.00904	0.18667	0.00251	0.00145	0.00040	0.00071	0.00219	0.00130	0.00126
6	0.03645	0.00157	0.00180	0.00177	0.00210	0.02947	0.00132	0.03867	0.00285	0.06659	0.16156	0.27191	0.22355	0.00335	0.05137	0.05993	0.02220	0.02126	0.00111	0.00118

[dist]
# distance from previous block
# <min> <max>
5	55

[block]
# block no. 7 follows, 260 sequences, length 14
# corresponding to MSA columns:
# 624-637
name=unknown_H
#
# <colnr> <probs for GDERKNQSTAVLIFYWHMCP>
#	G	D	E	R	K	N	Q	S	T	A	V	L	I	F	Y	W	H	M	C	P
0	0.00164	0.00134	0.00141	0.00140	0.00180	0.00119	0.00105	0.02246	0.03213	0.00365	0.07342	0.06662	0.74934	0.00305	0.00146	0.00042	0.00067	0.01478	0.02105	0.00111
1	0.05315	0.01627	0.20337	0.02094	0.10094	0.01812	0.01012	0.01445	0.05373	0.07601	0.29917	0.07686	0.03122	0.00883	0.00134	0.00040	0.00112	0.00165	0.01078	0.00153
2	0.00163	0.00125	0.00145	0.00148	0.00176	0.00114	0.00106	0.00201	0.01970	0.00363	0.22301	0.19678	0.40478	0.11133	0.00205	0.00052	0.00072	0.02347	0.00116	0.00106
3	0.35193	0.02261	0.40952	0.00302	0.02153	0.04438	0.08337	0.02295	0.00256	0.00455	0.00206	0.00246	0.00154	0.00119	0.00111	0.00039	0.02167	0.00088	0.00065	0.00163
4	0.04804	0.00267	0.00416	0.02243	0.00418	0.00264	0.28090	0.20984	0.00365	0.24740	0.03802	0.00412	0.01876	0.00180	0.04279	0.00046	0.00150	0.01798	0.04686	0.00178
5	0.00188	0.00140	0.00172	0.01407	0.01079	0.00134	0.00124	0.00257	0.06921	0.01706	0.53480	0.03770	0.19809	0.04666	0.03617	0.00050	0.00079	0.00219	0.02063	0.00120
6	0.02176	0.05117	0.02844	0.01075	0.00349	0.05052	0.00216	0.48503	0.04568	0.12986	0.00330	0.00353	0.00245	0.00194	0.05689	0.00046	0.00142	0.02002	0.05313	0.02799
7	0.00254	0.00196	0.00225	0.00209	0.00261	0.00207	0.01159	0.06380	0.34544	0.04908	0.04234	0.22034	0.16824	0.00281	0.04288	0.00050	0.00100	0.02038	0.00120	0.01688
8	0.03502	0.04995	0.20288	0.00271	0.03799	0.04454	0.03005	0.08574	0.06467	0.13654	0.08389	0.02043	0.03542	0.03985	0.01026	0.00041	0.00131	0.00803	0.00094	0.10937
9	0.00274	0.12263	0.06354	0.00354	0.24754	0.04135	0.00864	0.04983	0.02324	0.02784	0.01702	0.13260	0.02831	0.13869	0.04469	0.04265	0.00138	0.00154	0.00079	0.00146
10	0.00179	0.00128	0.00174	0.00174	0.00187	0.00142	0.00123	0.00206	0.00193	0.00270	0.00358	0.00622	0.00369	0.39408	0.56732	0.00168	0.00247	0.00153	0.00070	0.00097
11	0.00166	0.00117	0.00143	0.00155	0.00165	0.00111	0.00101	0.00184	0.00231	0.00308	0.09051	0.41325	0.07969	0.36856	0.00339	0.00076	0.00090	0.02417	0.00102	0.00093
12	0.03670	0.00302	0.10055	0.00273	0.04464	0.05762	0.00952	0.19136	0.05793	0.28149	0.07644	0.04342	0.02929	0.02094	0.00147	0.00041	0.03816	0.00137	0.00114	0.00180
13	0.00211	0.00127	0.00186	0.00182	0.00186	0.00141	0.00129	0.00187	0.00173	0.00239	0.00245	0.00417	0.00244	0.05933	0.19219	0.63986	0.07945	0.00117	0.00058	0.00073

[dist]
# distance from previous block
# <min> <max>
4	360

# created by:
# /share/home/app/bin/augustus-3.3.1/scripts/msa2prfl.pl /dev/shm/tmp/mt-Fungi/msas/cox2.aln --setname=cox2
