[name]
cox3

[dist]
# distance from previous block
# <min> <max>
0	35

[block]
# block no. 0 follows, 165 sequences, length 29
# corresponding to MSA columns:
# 54-82
name=unknown_A
#
# <colnr> <probs for GDERKNQSTAVLIFYWHMCP>
#	G	D	E	R	K	N	Q	S	T	A	V	L	I	F	Y	W	H	M	C	P
0	0.00301	0.00232	0.00270	0.02389	0.00297	0.02993	0.00182	0.01895	0.00324	0.00430	0.02820	0.05205	0.05526	0.55042	0.11733	0.00164	0.05961	0.03970	0.00121	0.00143
1	0.00432	0.00477	0.00983	0.00715	0.00882	0.01620	0.75626	0.01706	0.01509	0.00592	0.00426	0.01931	0.01783	0.01648	0.05257	0.00078	0.02862	0.00225	0.00101	0.01148
2	0.01883	0.08074	0.00524	0.06000	0.05264	0.02200	0.04937	0.19088	0.02084	0.19753	0.05210	0.12488	0.00545	0.03744	0.02345	0.00070	0.03939	0.00229	0.00159	0.01465
3	0.00387	0.00367	0.00491	0.00426	0.00436	0.02834	0.02253	0.01551	0.00303	0.00445	0.00344	0.00617	0.00360	0.21957	0.04230	0.00113	0.62417	0.00192	0.00093	0.00186
4	0.04463	0.00350	0.00398	0.00290	0.00453	0.00284	0.00233	0.06406	0.01786	0.00664	0.00346	0.00396	0.00283	0.00149	0.00143	0.00032	0.00144	0.00117	0.00118	0.82946
5	0.00303	0.00226	0.00257	0.00252	0.00269	0.04402	0.00167	0.00327	0.00299	0.01928	0.00553	0.01029	0.00594	0.59390	0.28041	0.00209	0.01258	0.00243	0.00111	0.00139
6	0.00413	0.00413	0.00578	0.00495	0.00495	0.00578	0.00413	0.00454	0.00289	0.00454	0.00248	0.00413	0.00248	0.00330	0.00619	0.00083	0.93027	0.00165	0.00083	0.00206
7	0.00236	0.00182	0.01701	0.00269	0.00288	0.00162	0.00190	0.00276	0.00370	0.00490	0.01069	0.81715	0.05776	0.00574	0.00240	0.00076	0.00115	0.05941	0.00173	0.00157
8	0.00267	0.00193	0.00252	0.00237	0.00282	0.00178	0.00178	0.00356	0.00534	0.00756	0.92096	0.01409	0.01780	0.00386	0.00222	0.00059	0.00089	0.00341	0.00208	0.00178
9	0.03174	0.21796	0.19149	0.01626	0.02954	0.02269	0.02355	0.29936	0.05659	0.05983	0.00423	0.01395	0.00326	0.00208	0.00172	0.00055	0.00217	0.01888	0.00135	0.00280
10	0.00438	0.00364	0.00418	0.00316	0.00462	0.05886	0.03844	0.00528	0.02821	0.08257	0.01511	0.01720	0.05293	0.02140	0.00182	0.00041	0.01709	0.00154	0.00127	0.63789
11	0.00717	0.00528	0.00566	0.00434	0.00585	0.00585	0.00358	0.91566	0.00887	0.01189	0.00453	0.00453	0.00321	0.00226	0.00189	0.00057	0.00208	0.00170	0.00189	0.00321
12	0.00385	0.00330	0.00394	0.00286	0.00446	0.00251	0.01676	0.00467	0.00389	0.00607	0.00363	0.03551	0.00318	0.01383	0.00155	0.00032	0.00142	0.00130	0.00114	0.88579
13	0.00328	0.00164	0.00246	0.00246	0.00246	0.00164	0.00164	0.00246	0.00246	0.00328	0.00328	0.00573	0.00328	0.00655	0.00737	0.94513	0.00164	0.00164	0.00082	0.00082
14	0.00391	0.00335	0.00391	0.00279	0.00447	0.00251	0.00223	0.00475	0.00391	0.00615	0.00335	0.00391	0.00279	0.00140	0.00140	0.00028	0.00140	0.00112	0.00112	0.94525
15	0.00236	0.00183	0.00209	0.00227	0.00265	0.00163	0.00162	0.00276	0.00391	0.00490	0.01423	0.33315	0.45951	0.09486	0.00303	0.00081	0.00114	0.06401	0.00169	0.00154
16	0.01945	0.00234	0.00272	0.00276	0.00311	0.04228	0.00197	0.01379	0.02451	0.06165	0.09380	0.31788	0.03113	0.18416	0.16059	0.00131	0.00206	0.03124	0.00154	0.00171
17	0.03925	0.00323	0.00341	0.00317	0.00398	0.03228	0.00244	0.02057	0.40712	0.04364	0.16392	0.09233	0.10939	0.00335	0.00202	0.00064	0.00136	0.03779	0.02776	0.00237
18	0.04012	0.00471	0.00504	0.00393	0.00530	0.00516	0.00323	0.73298	0.00795	0.05020	0.02827	0.00504	0.00376	0.00228	0.00182	0.00056	0.00189	0.00173	0.09304	0.00299
19	0.01589	0.00210	0.00229	0.00228	0.00255	0.02370	0.00150	0.00321	0.02189	0.02447	0.06007	0.10664	0.19744	0.45660	0.00607	0.05054	0.00153	0.01840	0.00141	0.00142
20	0.04659	0.00434	0.00489	0.00382	0.00524	0.00457	0.00314	0.48392	0.07881	0.30788	0.00569	0.00536	0.00388	0.00229	0.00185	0.00057	0.00181	0.00177	0.03049	0.00310
21	0.00263	0.00175	0.00229	0.00261	0.00283	0.00162	0.00179	0.00302	0.00382	0.04836	0.04618	0.77322	0.06400	0.00552	0.00235	0.00074	0.00111	0.01655	0.01800	0.00163
22	0.01793	0.00185	0.00229	0.00251	0.00266	0.00180	0.00167	0.01028	0.00342	0.02409	0.00846	0.48318	0.00983	0.34179	0.01503	0.00117	0.00147	0.06758	0.00153	0.00146
23	0.07616	0.01402	0.00424	0.00356	0.00460	0.13106	0.00281	0.28562	0.12972	0.06458	0.06636	0.02245	0.09780	0.05427	0.01248	0.00068	0.00190	0.01779	0.00741	0.00249
24	0.01463	0.00195	0.00245	0.00274	0.00297	0.00192	0.00193	0.01374	0.05686	0.00514	0.02653	0.60152	0.02087	0.11903	0.00326	0.00089	0.00130	0.11896	0.00168	0.00163
25	0.00578	0.00343	0.00404	0.00351	0.00461	0.00357	0.00279	0.00874	0.45258	0.34157	0.01662	0.07339	0.00620	0.00286	0.00197	0.00064	0.00150	0.04805	0.01529	0.00287
26	0.00972	0.00256	0.00292	0.00286	0.00347	0.00263	0.00215	0.05677	0.21406	0.02067	0.11146	0.27294	0.20298	0.03135	0.00241	0.00071	0.00126	0.05523	0.00182	0.00203
27	0.27463	0.00496	0.00454	0.00375	0.00502	0.11763	0.00303	0.38560	0.08911	0.06422	0.00428	0.01133	0.00318	0.00227	0.01133	0.00060	0.00872	0.00153	0.00158	0.00269
28	0.24843	0.00299	0.00327	0.00292	0.00385	0.00305	0.00227	0.04633	0.07955	0.26806	0.01402	0.23834	0.04614	0.02982	0.00207	0.00067	0.00142	0.00268	0.00177	0.00233

[dist]
# distance from previous block
# <min> <max>
0	2

[block]
# block no. 1 follows, 165 sequences, length 6
# corresponding to MSA columns:
# 85-90
name=unknown_B
#
# <colnr> <probs for GDERKNQSTAVLIFYWHMCP>
#	G	D	E	R	K	N	Q	S	T	A	V	L	I	F	Y	W	H	M	C	P
0	0.07112	0.00237	0.00286	0.00256	0.00325	0.00225	0.00197	0.02784	0.02972	0.12012	0.53268	0.01171	0.11006	0.00360	0.00230	0.04351	0.00112	0.00290	0.00192	0.02612
1	0.00330	0.00245	0.00278	0.00288	0.00329	0.03382	0.00211	0.08029	0.04955	0.02213	0.03086	0.46786	0.05133	0.06716	0.00273	0.00078	0.00138	0.10797	0.06549	0.00182
2	0.02154	0.00346	0.00396	0.00362	0.02062	0.03204	0.00279	0.22199	0.18034	0.03089	0.00594	0.02422	0.02308	0.02979	0.22301	0.09679	0.00258	0.06956	0.00149	0.00228
3	0.00307	0.00209	0.00261	0.00276	0.00312	0.00203	0.00210	0.03226	0.00397	0.04236	0.00997	0.17926	0.13492	0.25013	0.00431	0.00105	0.00154	0.31921	0.00161	0.00163
4	0.08586	0.00474	0.00609	0.00554	0.08837	0.09937	0.09255	0.03608	0.04897	0.00559	0.00309	0.00426	0.00270	0.00264	0.00417	0.00071	0.50435	0.00164	0.00098	0.00229
5	0.50385	0.04227	0.05947	0.00369	0.02777	0.12178	0.04004	0.04106	0.00393	0.04135	0.00337	0.04524	0.00282	0.00208	0.00173	0.00059	0.05414	0.00142	0.00117	0.00223

[dist]
# distance from previous block
# <min> <max>
3	11

[block]
# block no. 2 follows, 165 sequences, length 24
# corresponding to MSA columns:
# 102-125
name=unknown_C
#
# <colnr> <probs for GDERKNQSTAVLIFYWHMCP>
#	G	D	E	R	K	N	Q	S	T	A	V	L	I	F	Y	W	H	M	C	P
0	0.02864	0.00266	0.00272	0.00277	0.00310	0.09141	0.00196	0.01266	0.02399	0.00502	0.09165	0.29057	0.07468	0.18006	0.01099	0.08563	0.01552	0.05816	0.00858	0.00924
1	0.00256	0.00190	0.00230	0.00252	0.00274	0.01968	0.00173	0.00298	0.00389	0.00519	0.17165	0.51121	0.06513	0.14856	0.00346	0.00089	0.00123	0.04010	0.01075	0.00154
2	0.02159	0.02199	0.00335	0.00306	0.01274	0.04953	0.00228	0.06234	0.13029	0.03688	0.12780	0.09396	0.09132	0.13307	0.13113	0.00795	0.00203	0.04199	0.00156	0.02514
3	0.01432	0.00207	0.00244	0.00258	0.00300	0.00936	0.00186	0.03303	0.01684	0.00536	0.04020	0.48638	0.22593	0.03962	0.00255	0.00074	0.00120	0.06479	0.00170	0.04602
4	0.36310	0.00404	0.00419	0.00339	0.00467	0.03109	0.02550	0.21772	0.00524	0.25939	0.00473	0.00471	0.01504	0.00212	0.00170	0.00058	0.02217	0.00153	0.02647	0.00264
5	0.01220	0.00194	0.00240	0.00252	0.00280	0.00185	0.00173	0.01554	0.01585	0.05634	0.08999	0.43532	0.08833	0.22579	0.00404	0.00098	0.00131	0.03779	0.00167	0.00161
6	0.02495	0.00224	0.00258	0.00254	0.00308	0.00216	0.00189	0.04052	0.05149	0.05463	0.09438	0.19425	0.32206	0.11330	0.00312	0.00081	0.00897	0.07349	0.00173	0.00179
7	0.02209	0.00355	0.00366	0.00331	0.00412	0.06767	0.00253	0.19563	0.18927	0.04457	0.10046	0.24642	0.08465	0.00992	0.00211	0.00064	0.00154	0.00306	0.01247	0.00233
8	0.00320	0.00245	0.00291	0.00289	0.00342	0.00252	0.00214	0.00510	0.25521	0.02418	0.28377	0.31768	0.05477	0.00423	0.00221	0.00067	0.00116	0.02755	0.00191	0.00205
9	0.01893	0.00226	0.00267	0.00260	0.00316	0.00218	0.00195	0.04984	0.06194	0.06059	0.22397	0.23882	0.23601	0.02748	0.00238	0.00069	0.00116	0.04213	0.01934	0.00189
10	0.08455	0.00295	0.00343	0.00309	0.00383	0.00312	0.00238	0.19359	0.04244	0.11163	0.02120	0.18256	0.03268	0.08510	0.15134	0.01990	0.00212	0.02407	0.02786	0.00217
11	0.10880	0.00394	0.00419	0.00344	0.00460	0.00425	0.00278	0.40755	0.11653	0.07516	0.10145	0.00736	0.08969	0.00267	0.00186	0.00058	0.00161	0.01183	0.04903	0.00267
12	0.03023	0.00241	0.00314	0.00330	0.00389	0.00240	0.00281	0.03874	0.02222	0.08603	0.02350	0.04553	0.06931	0.02351	0.00257	0.00082	0.00164	0.63423	0.00178	0.00193
13	0.04811	0.00327	0.00360	0.00315	0.00401	0.00348	0.00242	0.18737	0.22014	0.09666	0.04041	0.07661	0.11613	0.13733	0.03972	0.00089	0.00169	0.00256	0.01009	0.00236
14	0.02852	0.00184	0.00242	0.00264	0.00281	0.00178	0.02449	0.00286	0.00343	0.00469	0.00892	0.63321	0.01053	0.23260	0.00413	0.00102	0.00135	0.02972	0.00157	0.00148
15	0.00328	0.00164	0.00246	0.00246	0.00246	0.00164	0.00164	0.00246	0.00246	0.00328	0.00328	0.00573	0.00328	0.00655	0.00737	0.94513	0.00164	0.00164	0.00082	0.00082
16	0.00300	0.00197	0.00232	0.00229	0.00239	0.00200	0.00141	0.02295	0.04599	0.00407	0.01658	0.05560	0.00651	0.65220	0.00824	0.16568	0.00174	0.00263	0.00118	0.00124
17	0.02635	0.00353	0.00581	0.75926	0.12538	0.00424	0.00516	0.02276	0.00395	0.02094	0.00345	0.00495	0.00261	0.00187	0.00187	0.00062	0.00243	0.00167	0.00090	0.00225
18	0.00504	0.93485	0.00988	0.00323	0.00484	0.00746	0.00323	0.00565	0.00383	0.00444	0.00262	0.00303	0.00242	0.00161	0.00121	0.00040	0.00202	0.00101	0.00081	0.00242
19	0.00251	0.00193	0.00226	0.00222	0.00275	0.00172	0.00168	0.00321	0.00480	0.00635	0.45447	0.01617	0.42082	0.00431	0.00223	0.00062	0.00096	0.05221	0.01708	0.00169
20	0.01458	0.00244	0.00256	0.00245	0.00310	0.02891	0.00189	0.03578	0.05282	0.01947	0.15924	0.03556	0.54051	0.00426	0.00226	0.00064	0.01924	0.05901	0.01346	0.00182
21	0.02629	0.01632	0.00462	0.14346	0.00601	0.01542	0.00322	0.26366	0.13134	0.21573	0.02158	0.02901	0.09820	0.00276	0.01332	0.00063	0.00184	0.00212	0.00177	0.00271
22	0.00378	0.00976	0.92395	0.00538	0.00816	0.00438	0.00697	0.00597	0.00398	0.00597	0.00338	0.00398	0.00239	0.00179	0.00179	0.00060	0.00279	0.00139	0.00080	0.00279
23	0.56294	0.01401	0.01266	0.00296	0.00424	0.00405	0.00246	0.11602	0.00447	0.23283	0.01416	0.01502	0.00313	0.00203	0.00147	0.00058	0.00158	0.00140	0.00155	0.00247

[dist]
# distance from previous block
# <min> <max>
0	7

[block]
# block no. 3 follows, 165 sequences, length 37
# corresponding to MSA columns:
# 133-169
name=unknown_D
#
# <colnr> <probs for GDERKNQSTAVLIFYWHMCP>
#	G	D	E	R	K	N	Q	S	T	A	V	L	I	F	Y	W	H	M	C	P
0	0.00281	0.00207	0.00297	0.00316	0.04177	0.00226	0.00223	0.00337	0.00322	0.01683	0.02381	0.09269	0.04024	0.14620	0.60483	0.00238	0.00382	0.00251	0.00116	0.00167
1	0.07027	0.00246	0.02787	0.00319	0.00368	0.00228	0.07420	0.02449	0.00384	0.03282	0.00901	0.66399	0.04063	0.00494	0.00852	0.00074	0.01929	0.00437	0.00162	0.00178
2	0.94704	0.00365	0.00277	0.00248	0.00365	0.00423	0.00204	0.00554	0.00321	0.00846	0.00263	0.00306	0.00204	0.00175	0.00117	0.00058	0.00146	0.00102	0.00117	0.00204
3	0.00541	0.23819	0.03309	0.00439	0.03491	0.28795	0.02055	0.03606	0.00434	0.04847	0.00340	0.00423	0.00290	0.01201	0.08427	0.00077	0.14822	0.00142	0.02711	0.00229
4	0.00413	0.00413	0.00578	0.00495	0.00495	0.00578	0.00413	0.00454	0.00289	0.00454	0.00248	0.00413	0.00248	0.00330	0.00619	0.00083	0.93027	0.00165	0.00083	0.00206
5	0.00477	0.00409	0.00431	0.00385	0.00493	0.00473	0.00300	0.03888	0.88956	0.00802	0.00758	0.00696	0.00568	0.00255	0.00192	0.00064	0.00151	0.00212	0.00192	0.00299
6	0.00805	0.00304	0.00988	0.01078	0.19235	0.02869	0.00290	0.06304	0.08184	0.01305	0.06469	0.27472	0.11650	0.06725	0.02707	0.00080	0.00166	0.03003	0.00153	0.00211
7	0.00605	0.03055	0.12305	0.02137	0.11684	0.00341	0.06711	0.02071	0.01713	0.43544	0.05015	0.02256	0.05803	0.00237	0.00192	0.00058	0.00189	0.00204	0.00171	0.01706
8	0.00267	0.00193	0.00252	0.00237	0.00282	0.00178	0.00178	0.00356	0.00534	0.00756	0.92096	0.01409	0.01780	0.00386	0.00222	0.00059	0.00089	0.00341	0.00208	0.00178
9	0.00447	0.00453	0.00883	0.17565	0.17221	0.00454	0.49443	0.03237	0.02943	0.02597	0.00404	0.00546	0.00314	0.00181	0.00208	0.00062	0.00274	0.02407	0.00103	0.00257
10	0.00473	0.03268	0.03842	0.23687	0.44309	0.10005	0.01997	0.05743	0.01979	0.00593	0.00354	0.00463	0.00285	0.00198	0.01427	0.00060	0.00793	0.00162	0.00098	0.00264
11	0.92048	0.00369	0.00285	0.00253	0.00371	0.00428	0.00209	0.03127	0.00337	0.00856	0.00268	0.00311	0.00208	0.00177	0.00119	0.00058	0.00148	0.00104	0.00119	0.00208
12	0.00232	0.00171	0.00217	0.00254	0.00275	0.00157	0.00175	0.00269	0.00376	0.00490	0.01190	0.73528	0.17151	0.00568	0.00238	0.00075	0.00110	0.04194	0.00175	0.00155
13	0.00547	0.00610	0.01217	0.02467	0.04531	0.45019	0.01256	0.04250	0.15676	0.00575	0.01156	0.01909	0.04312	0.00281	0.00710	0.00061	0.00255	0.14806	0.00133	0.00229
14	0.00258	0.00202	0.00273	0.00285	0.00327	0.00189	0.04139	0.00320	0.01577	0.00524	0.04941	0.39996	0.24559	0.01109	0.02224	0.00079	0.00136	0.18523	0.00171	0.00166
15	0.92972	0.00368	0.00283	0.00251	0.00369	0.00426	0.00207	0.02232	0.00331	0.00853	0.00266	0.00309	0.00206	0.00176	0.00118	0.00058	0.00147	0.00103	0.00118	0.00206
16	0.00269	0.00190	0.00232	0.00228	0.00255	0.00182	0.00157	0.00317	0.00406	0.00556	0.40160	0.02184	0.07051	0.39792	0.02262	0.00118	0.00142	0.05190	0.00162	0.00149
17	0.08702	0.00220	0.00257	0.00858	0.00316	0.00209	0.00191	0.01251	0.01535	0.10307	0.13098	0.28556	0.24813	0.03556	0.00960	0.00073	0.00123	0.04613	0.00177	0.00184
18	0.00233	0.00167	0.00220	0.00260	0.00273	0.00156	0.00175	0.00266	0.00362	0.00480	0.01049	0.85257	0.03941	0.03790	0.00265	0.00080	0.00113	0.02588	0.00173	0.00152
19	0.00274	0.00183	0.00206	0.00206	0.00206	0.00183	0.00114	0.00274	0.00274	0.00366	0.00594	0.01234	0.00686	0.93372	0.00960	0.00183	0.00183	0.00274	0.00114	0.00114
20	0.00243	0.00189	0.00216	0.00219	0.00270	0.00166	0.00163	0.00300	0.00445	0.01498	0.22756	0.15893	0.53209	0.00473	0.00226	0.00065	0.00099	0.03223	0.00183	0.00165
21	0.01685	0.00195	0.00238	0.00234	0.00282	0.00178	0.00175	0.00338	0.00473	0.02802	0.47764	0.12300	0.26193	0.02241	0.00238	0.00066	0.00101	0.04134	0.00191	0.00172
22	0.00687	0.00514	0.00549	0.00428	0.00574	0.00571	0.00351	0.80777	0.11725	0.01141	0.00490	0.00483	0.00351	0.00230	0.00189	0.00057	0.00201	0.00175	0.00189	0.00318
23	0.00378	0.00976	0.92395	0.00538	0.00816	0.00438	0.00697	0.00597	0.00398	0.00597	0.00338	0.00398	0.00239	0.00179	0.00179	0.00060	0.00279	0.00139	0.00080	0.00279
24	0.02791	0.00234	0.00290	0.00261	0.00334	0.00215	0.00202	0.02235	0.01932	0.21337	0.39265	0.07623	0.18144	0.00373	0.00212	0.00062	0.00114	0.02508	0.01658	0.00210
25	0.00261	0.00181	0.00228	0.00255	0.00268	0.00176	0.00174	0.00292	0.00342	0.00455	0.00859	0.41366	0.00997	0.35637	0.00515	0.00118	0.00148	0.16272	0.01314	0.00142
26	0.00366	0.00207	0.00252	0.00238	0.00277	0.00193	0.00162	0.00393	0.00368	0.16738	0.06409	0.11167	0.12357	0.45313	0.00590	0.02870	0.00153	0.01627	0.00155	0.00165
27	0.00274	0.00183	0.00206	0.00206	0.00206	0.00183	0.00114	0.00274	0.00274	0.00366	0.00594	0.01234	0.00686	0.93372	0.00960	0.00183	0.00183	0.00274	0.00114	0.00114
28	0.00325	0.00206	0.00257	0.00259	0.00299	0.00194	0.00184	0.03971	0.00423	0.09809	0.15882	0.40070	0.09682	0.15037	0.00342	0.00087	0.00127	0.02494	0.00177	0.00176
29	0.15396	0.00440	0.00481	0.00375	0.00518	0.00469	0.00310	0.49010	0.03141	0.27206	0.00515	0.00491	0.00351	0.00221	0.00178	0.00058	0.00183	0.00166	0.00190	0.00302
30	0.00244	0.00188	0.00219	0.00225	0.00269	0.00169	0.00165	0.00298	0.00430	0.00554	0.22912	0.15987	0.42462	0.08651	0.00293	0.00077	0.00109	0.06411	0.00177	0.00160
31	0.00274	0.00183	0.00206	0.00206	0.00206	0.00183	0.00114	0.00274	0.00274	0.00366	0.00594	0.01234	0.00686	0.93372	0.00960	0.00183	0.00183	0.00274	0.00114	0.00114
32	0.00328	0.00164	0.00246	0.00246	0.00246	0.00164	0.00164	0.00246	0.00246	0.00328	0.00328	0.00573	0.00328	0.00655	0.00737	0.94513	0.00164	0.00164	0.00082	0.00082
33	0.02611	0.00327	0.00428	0.01460	0.00482	0.00299	0.00277	0.02854	0.07532	0.76530	0.01895	0.00646	0.00482	0.00235	0.00187	0.00058	0.00158	0.00191	0.03041	0.00309
34	0.00290	0.00200	0.00267	0.00259	0.00279	0.00209	0.02386	0.00320	0.00299	0.02869	0.00583	0.05175	0.00624	0.53627	0.31594	0.00212	0.00290	0.00258	0.00115	0.00143
35	0.08568	0.00198	0.00213	0.00213	0.00225	0.00201	0.00127	0.00298	0.00288	0.00419	0.00622	0.07792	0.02390	0.76765	0.00820	0.00162	0.00173	0.00280	0.00120	0.00126
36	0.00417	0.02084	0.00576	0.00486	0.00492	0.02810	0.00405	0.00460	0.00297	0.00453	0.00256	0.00418	0.00254	0.00355	0.03276	0.00087	0.86418	0.00164	0.00083	0.00206

[dist]
# distance from previous block
# <min> <max>
1	5

[block]
# block no. 4 follows, 165 sequences, length 8
# corresponding to MSA columns:
# 179-186
name=unknown_E
#
# <colnr> <probs for GDERKNQSTAVLIFYWHMCP>
#	G	D	E	R	K	N	Q	S	T	A	V	L	I	F	Y	W	H	M	C	P
0	0.04150	0.00390	0.00472	0.00365	0.00510	0.00385	0.00301	0.29206	0.03920	0.57315	0.00637	0.00573	0.00416	0.00230	0.00187	0.00058	0.00174	0.00181	0.00214	0.00316
1	0.00244	0.00177	0.00233	0.00269	0.00292	0.00166	0.00194	0.00291	0.00391	0.00518	0.08160	0.65057	0.07725	0.00556	0.00241	0.00076	0.00117	0.14959	0.00177	0.00159
2	0.03763	0.00481	0.00488	0.00395	0.00522	0.08825	0.00318	0.50892	0.08835	0.12161	0.06070	0.05396	0.00487	0.00254	0.00190	0.00058	0.00194	0.00199	0.00184	0.00288
3	0.00391	0.00335	0.00391	0.00279	0.00447	0.00251	0.00223	0.00475	0.00391	0.00615	0.00335	0.00391	0.00279	0.00140	0.00140	0.00028	0.00140	0.00112	0.00112	0.94525
4	0.00595	0.11302	0.03031	0.00388	0.00517	0.09562	0.00322	0.11575	0.41627	0.18159	0.00609	0.00571	0.00444	0.00229	0.00180	0.00058	0.00187	0.00179	0.00174	0.00290
5	0.02158	0.00203	0.00238	0.00228	0.00285	0.00182	0.00173	0.00345	0.00476	0.03170	0.45128	0.01529	0.36109	0.02635	0.00237	0.00065	0.00102	0.04490	0.00188	0.02059
6	0.00413	0.03360	0.72509	0.00489	0.00731	0.00420	0.00601	0.00625	0.05258	0.07460	0.03655	0.00503	0.02745	0.00202	0.00182	0.00059	0.00249	0.00160	0.00104	0.00275
7	0.00247	0.00186	0.00231	0.00258	0.00290	0.00173	0.00187	0.00308	0.02906	0.00528	0.08153	0.50321	0.23044	0.00530	0.00236	0.00073	0.00114	0.11874	0.00178	0.00163

[dist]
# distance from previous block
# <min> <max>
0	1

[block]
# block no. 5 follows, 165 sequences, length 10
# corresponding to MSA columns:
# 188-197
name=unknown_F
#
# <colnr> <probs for GDERKNQSTAVLIFYWHMCP>
#	G	D	E	R	K	N	Q	S	T	A	V	L	I	F	Y	W	H	M	C	P
0	0.21982	0.00405	0.05581	0.00341	0.00476	0.02102	0.00295	0.17635	0.02650	0.35546	0.02837	0.00605	0.00429	0.00233	0.00174	0.00059	0.00172	0.04487	0.03717	0.00274
1	0.00428	0.00391	0.01550	0.00522	0.04019	0.01257	0.32338	0.10503	0.05509	0.03644	0.13535	0.02671	0.07897	0.01306	0.01293	0.00068	0.04470	0.07063	0.01300	0.00236
2	0.00328	0.00164	0.00246	0.00246	0.00246	0.00164	0.00164	0.00246	0.00246	0.00328	0.00328	0.00573	0.00328	0.00655	0.00737	0.94513	0.00164	0.00164	0.00082	0.00082
3	0.00391	0.00335	0.00391	0.00279	0.00447	0.00251	0.00223	0.00475	0.00391	0.00615	0.00335	0.00391	0.00279	0.00140	0.00140	0.00028	0.00140	0.00112	0.00112	0.94525
4	0.00425	0.00334	0.00395	0.00284	0.00450	0.00253	0.00227	0.00508	0.00402	0.07449	0.00366	0.00410	0.00293	0.00147	0.00143	0.00030	0.00141	0.00118	0.00121	0.87504
5	0.00365	0.00262	0.01344	0.01892	0.04367	0.00239	0.04555	0.01796	0.01638	0.10410	0.13093	0.19213	0.09584	0.01371	0.00230	0.00069	0.00150	0.22021	0.00171	0.07230
6	0.85433	0.04310	0.00324	0.00262	0.00382	0.00446	0.00218	0.05677	0.00355	0.00848	0.00273	0.00314	0.00212	0.00177	0.00121	0.00057	0.00152	0.00106	0.00119	0.00212
7	0.00234	0.00193	0.00207	0.00206	0.00266	0.00165	0.00157	0.00291	0.00447	0.00553	0.16784	0.01763	0.72672	0.00465	0.00225	0.00064	0.00098	0.04866	0.00180	0.00163
8	0.00452	0.07611	0.38710	0.00466	0.00650	0.05950	0.06515	0.03577	0.15235	0.05306	0.03273	0.00604	0.01534	0.00224	0.00192	0.00059	0.01585	0.05275	0.00123	0.02658
9	0.02409	0.00369	0.00437	0.00332	0.00482	0.00338	0.00270	0.18310	0.05695	0.30691	0.02812	0.00526	0.00401	0.00200	0.00170	0.00047	0.00159	0.00160	0.00173	0.36019

[dist]
# distance from previous block
# <min> <max>
0	2

[block]
# block no. 6 follows, 165 sequences, length 12
# corresponding to MSA columns:
# 200-211
name=unknown_G
#
# <colnr> <probs for GDERKNQSTAVLIFYWHMCP>
#	G	D	E	R	K	N	Q	S	T	A	V	L	I	F	Y	W	H	M	C	P
0	0.00243	0.00185	0.00224	0.00236	0.00277	0.00167	0.00173	0.00301	0.00440	0.00575	0.27325	0.28382	0.33676	0.00487	0.00231	0.00068	0.00103	0.06559	0.00184	0.00164
1	0.07623	0.27808	0.02559	0.00454	0.02933	0.42309	0.05956	0.07293	0.00489	0.00554	0.00301	0.00350	0.00249	0.00182	0.00157	0.00049	0.00270	0.00125	0.00100	0.00237
2	0.00442	0.00333	0.00394	0.00290	0.00448	0.00263	0.00233	0.02215	0.02537	0.10571	0.00423	0.00461	0.01874	0.00195	0.02706	0.00041	0.00153	0.00131	0.00129	0.76162
3	0.00346	0.00227	0.00273	0.00262	0.00291	0.00237	0.00178	0.03776	0.12593	0.03620	0.00594	0.05504	0.00607	0.43499	0.04671	0.19627	0.00185	0.03225	0.00129	0.00153
4	0.06468	0.04873	0.53631	0.00464	0.00686	0.00459	0.00532	0.16053	0.03496	0.10986	0.00409	0.00435	0.00287	0.00195	0.00176	0.00058	0.00237	0.00149	0.00121	0.00285
5	0.00231	0.00175	0.00214	0.00240	0.00269	0.00157	0.00166	0.00274	0.00397	0.00515	0.09883	0.58312	0.27406	0.00539	0.00234	0.00071	0.00104	0.00478	0.00178	0.00157
6	0.00391	0.00335	0.00391	0.00279	0.00447	0.00251	0.00223	0.00475	0.00391	0.00615	0.00335	0.00391	0.00279	0.00140	0.00140	0.00028	0.00140	0.00112	0.00112	0.94525
7	0.00231	0.00166	0.00217	0.00258	0.00271	0.00154	0.00172	0.00263	0.00360	0.00478	0.01052	0.87080	0.04135	0.03858	0.00266	0.00080	0.00112	0.00523	0.00173	0.00152
8	0.00240	0.00175	0.00223	0.00257	0.00275	0.00165	0.00173	0.00288	0.02962	0.00495	0.04436	0.75471	0.07269	0.06270	0.00282	0.00081	0.00113	0.00494	0.00173	0.00156
9	0.11864	0.00835	0.00504	0.00458	0.00557	0.81670	0.00345	0.00730	0.00509	0.00507	0.00288	0.00336	0.00238	0.00192	0.00164	0.00050	0.00317	0.00119	0.00099	0.00217
10	0.00505	0.00423	0.00447	0.00391	0.00504	0.00486	0.00307	0.14258	0.78540	0.00847	0.00722	0.00667	0.00538	0.00252	0.00191	0.00063	0.00158	0.00207	0.00191	0.00302
11	0.00270	0.00202	0.00235	0.00232	0.00280	0.00187	0.00173	0.03391	0.00456	0.00603	0.29519	0.06972	0.35292	0.10315	0.00301	0.00077	0.00114	0.07947	0.03267	0.00167

[dist]
# distance from previous block
# <min> <max>
0	1

[block]
# block no. 7 follows, 165 sequences, length 18
# corresponding to MSA columns:
# 213-230
name=unknown_H
#
# <colnr> <probs for GDERKNQSTAVLIFYWHMCP>
#	G	D	E	R	K	N	Q	S	T	A	V	L	I	F	Y	W	H	M	C	P
0	0.00230	0.00164	0.00219	0.00263	0.00274	0.00153	0.00175	0.00263	0.00361	0.00481	0.01040	0.93249	0.01247	0.00591	0.00241	0.00077	0.00109	0.00536	0.00175	0.00153
1	0.00231	0.00165	0.00220	0.00262	0.00274	0.00154	0.00175	0.00267	0.00368	0.00493	0.04924	0.89330	0.01270	0.00582	0.00240	0.00076	0.00109	0.00528	0.00176	0.00154
2	0.00697	0.00459	0.00511	0.00402	0.00542	0.00495	0.00330	0.59494	0.11193	0.19022	0.00563	0.00566	0.00401	0.00239	0.00190	0.00058	0.00189	0.02490	0.01846	0.00312
3	0.06785	0.00518	0.00547	0.00422	0.00571	0.00574	0.00349	0.85690	0.00850	0.01167	0.00441	0.00443	0.00313	0.00223	0.00184	0.00057	0.00204	0.00165	0.00184	0.00313
4	0.90116	0.00363	0.00285	0.00252	0.00370	0.00416	0.00208	0.00572	0.00332	0.05318	0.00286	0.00323	0.00217	0.00178	0.00120	0.00058	0.00147	0.00106	0.00122	0.00210
5	0.00625	0.00283	0.00365	0.00298	0.00399	0.00260	0.00234	0.06254	0.01366	0.51480	0.12050	0.00826	0.03554	0.10462	0.00312	0.06170	0.00152	0.00221	0.04438	0.00253
6	0.00431	0.00354	0.00378	0.00340	0.00426	0.00398	0.00257	0.08033	0.59449	0.00727	0.03589	0.02110	0.06530	0.15745	0.00323	0.00083	0.00154	0.00240	0.00178	0.00255
7	0.00292	0.00197	0.00240	0.00235	0.00287	0.00177	0.00177	0.00360	0.00470	0.06548	0.38794	0.12675	0.29481	0.00428	0.00220	0.00063	0.00102	0.04545	0.04531	0.00178
8	0.00469	0.00405	0.00426	0.00384	0.00490	0.00469	0.00299	0.01002	0.91855	0.00789	0.00768	0.00704	0.00576	0.00256	0.00192	0.00064	0.00149	0.00213	0.00192	0.00299
9	0.00281	0.00197	0.00285	0.00287	0.00315	0.00218	0.00216	0.00330	0.01804	0.00445	0.05149	0.05304	0.00583	0.05366	0.60659	0.14941	0.00381	0.02974	0.00111	0.00154
10	0.19649	0.00381	0.00437	0.00342	0.00484	0.00382	0.00283	0.23227	0.00582	0.51466	0.00576	0.00528	0.00378	0.00220	0.00175	0.00058	0.00169	0.00167	0.00199	0.00297
11	0.00413	0.00413	0.00578	0.00495	0.00495	0.00578	0.00413	0.00454	0.00289	0.00454	0.00248	0.00413	0.00248	0.00330	0.00619	0.00083	0.93027	0.00165	0.00083	0.00206
12	0.00438	0.00437	0.02438	0.00484	0.00501	0.04791	0.00406	0.00485	0.00312	0.04004	0.00278	0.00427	0.00262	0.00348	0.03211	0.00086	0.80626	0.00165	0.00089	0.00212
13	0.03706	0.00404	0.00485	0.00399	0.04048	0.00410	0.00313	0.37309	0.01627	0.43043	0.00587	0.00566	0.00400	0.02369	0.02124	0.00065	0.00188	0.00180	0.01471	0.00306
14	0.00245	0.00179	0.00226	0.00255	0.00277	0.00169	0.00176	0.00294	0.02443	0.00504	0.06932	0.62229	0.11503	0.08474	0.00299	0.00083	0.00117	0.05266	0.00172	0.00157
15	0.00233	0.00189	0.00203	0.00207	0.00260	0.00164	0.00152	0.00280	0.00419	0.00514	0.07411	0.10160	0.67861	0.07406	0.00281	0.00074	0.00106	0.03751	0.00173	0.00157
16	0.05040	0.00529	0.05924	0.01264	0.09360	0.19405	0.19040	0.07585	0.02582	0.10955	0.00475	0.09311	0.00403	0.00882	0.03579	0.00069	0.02090	0.00205	0.01053	0.00248
17	0.78945	0.00386	0.00333	0.05470	0.05302	0.03308	0.00250	0.01653	0.00347	0.02204	0.00282	0.00334	0.00219	0.00178	0.00128	0.00058	0.00163	0.00112	0.00116	0.00213

[dist]
# distance from previous block
# <min> <max>
0	1

[block]
# block no. 8 follows, 165 sequences, length 48
# corresponding to MSA columns:
# 232-279
name=unknown_I
#
# <colnr> <probs for GDERKNQSTAVLIFYWHMCP>
#	G	D	E	R	K	N	Q	S	T	A	V	L	I	F	Y	W	H	M	C	P
0	0.00606	0.15437	0.07852	0.01263	0.07044	0.56898	0.00858	0.01421	0.01018	0.00488	0.00304	0.00368	0.00256	0.00815	0.01718	0.00055	0.03144	0.00128	0.00094	0.00232
1	0.00367	0.00344	0.00582	0.80302	0.11606	0.00417	0.00522	0.00488	0.00381	0.00495	0.00339	0.00502	0.00260	0.00206	0.01309	0.01157	0.00250	0.00168	0.00085	0.00218
2	0.04143	0.07385	0.02924	0.08370	0.32317	0.06202	0.02913	0.14897	0.03588	0.05344	0.02454	0.01208	0.00362	0.03956	0.01691	0.00822	0.00222	0.00172	0.00122	0.00909
3	0.46924	0.04158	0.02399	0.00369	0.05767	0.15449	0.00282	0.03112	0.00402	0.07639	0.00399	0.04330	0.02481	0.01310	0.00174	0.00059	0.03239	0.01159	0.00124	0.00223
4	0.01768	0.00340	0.00421	0.00341	0.00468	0.00331	0.00276	0.05539	0.22346	0.56441	0.06963	0.00697	0.00572	0.00248	0.00190	0.00059	0.00154	0.00203	0.02341	0.00301
5	0.00231	0.00177	0.00212	0.00237	0.00269	0.00159	0.00166	0.00273	0.00392	0.00501	0.04312	0.52523	0.34426	0.02176	0.00247	0.00073	0.00107	0.03186	0.00175	0.00156
6	0.02016	0.05447	0.00352	0.01106	0.00365	0.06236	0.00235	0.06580	0.01167	0.02941	0.02776	0.15767	0.12286	0.05370	0.31590	0.02397	0.02780	0.00271	0.00133	0.00185
7	0.81811	0.00376	0.00308	0.00269	0.00387	0.00432	0.00221	0.08528	0.01848	0.02161	0.00299	0.00339	0.00229	0.00206	0.01910	0.00063	0.00158	0.00113	0.00126	0.00217
8	0.02458	0.00236	0.00279	0.00286	0.00331	0.00240	0.00208	0.05612	0.13222	0.03017	0.04470	0.46909	0.07377	0.07817	0.00283	0.00080	0.00131	0.06680	0.00175	0.00188
9	0.00275	0.00200	0.01025	0.00230	0.00267	0.00182	0.00160	0.01247	0.00954	0.03447	0.14011	0.19814	0.26556	0.28370	0.01802	0.00105	0.00135	0.00902	0.00162	0.00156
10	0.00336	0.00204	0.00256	0.00253	0.00298	0.00191	0.00182	0.00863	0.00391	0.13435	0.05987	0.24995	0.20381	0.17410	0.09436	0.02038	0.00168	0.02837	0.00165	0.00174
11	0.00490	0.00410	0.00434	0.00385	0.00495	0.00471	0.00301	0.05709	0.85192	0.02747	0.00751	0.00689	0.00560	0.00254	0.00192	0.00063	0.00153	0.00210	0.00193	0.00300
12	0.00271	0.00213	0.00247	0.00242	0.00296	0.00202	0.00182	0.00385	0.10116	0.00631	0.36504	0.08838	0.34222	0.02681	0.00240	0.00067	0.00105	0.04190	0.00188	0.00180
13	0.00886	0.00197	0.00241	0.00244	0.00288	0.00731	0.00176	0.00344	0.00415	0.08653	0.16033	0.33104	0.26417	0.03647	0.00285	0.06472	0.00115	0.01408	0.00176	0.00169
14	0.00233	0.00167	0.00219	0.00258	0.00270	0.00157	0.00172	0.00265	0.00355	0.00473	0.01016	0.83266	0.03047	0.06769	0.02292	0.00088	0.00123	0.00509	0.00169	0.00151
15	0.09363	0.00307	0.00387	0.00308	0.00438	0.00277	0.00253	0.00791	0.02436	0.68093	0.00867	0.00794	0.13281	0.00266	0.00188	0.00060	0.00150	0.01243	0.00213	0.00285
16	0.01805	0.00216	0.00257	0.00248	0.00301	0.00204	0.00182	0.00925	0.07036	0.07900	0.28407	0.18593	0.22359	0.08539	0.00294	0.01897	0.00116	0.00356	0.00183	0.00183
17	0.00273	0.00199	0.00233	0.00234	0.00283	0.00181	0.00172	0.00343	0.03469	0.04256	0.21091	0.18537	0.39315	0.06363	0.01160	0.00076	0.00113	0.03350	0.00180	0.00171
18	0.00274	0.00183	0.00206	0.00206	0.00206	0.00183	0.00114	0.00274	0.00274	0.00366	0.00594	0.01234	0.00686	0.93372	0.00960	0.00183	0.00183	0.00274	0.00114	0.00114
19	0.00396	0.00330	0.00363	0.00337	0.00420	0.00367	0.00259	0.00770	0.60267	0.00743	0.19635	0.07819	0.04199	0.00323	0.00205	0.00065	0.00133	0.02923	0.00193	0.00254
20	0.22751	0.00263	0.00285	0.00267	0.00338	0.00271	0.00204	0.03105	0.03822	0.12045	0.09225	0.15138	0.11472	0.09371	0.06234	0.00091	0.00160	0.03750	0.01011	0.00198
21	0.01659	0.00178	0.00207	0.00222	0.00240	0.00174	0.00145	0.00313	0.00344	0.00504	0.04008	0.34591	0.02448	0.32760	0.01268	0.00107	0.00133	0.00350	0.20200	0.00146
22	0.00445	0.00509	0.01113	0.00795	0.00986	0.00477	0.91510	0.00604	0.00445	0.00604	0.00382	0.00509	0.00286	0.00159	0.00223	0.00064	0.00318	0.00223	0.00095	0.00254
23	0.36664	0.00282	0.00301	0.00275	0.00354	0.00310	0.00216	0.02833	0.00362	0.11009	0.04390	0.03938	0.01852	0.06086	0.27306	0.03052	0.00253	0.00185	0.00133	0.00197
24	0.00285	0.00230	0.00251	0.00253	0.00293	0.05237	0.00182	0.00345	0.01891	0.01236	0.24143	0.18402	0.21033	0.13680	0.07913	0.00101	0.00160	0.03323	0.00879	0.00165
25	0.00377	0.00964	0.91018	0.00533	0.00808	0.00434	0.00689	0.00594	0.00400	0.00600	0.01710	0.00413	0.00262	0.00182	0.00180	0.00060	0.00276	0.00142	0.00082	0.00277
26	0.00270	0.00202	0.00301	0.00301	0.00334	0.00235	0.00233	0.00336	0.00303	0.00436	0.00507	0.00750	0.00476	0.03175	0.90869	0.00301	0.00499	0.00203	0.00101	0.00167
27	0.01628	0.01036	0.00437	0.02011	0.02355	0.04398	0.00299	0.32932	0.17443	0.02824	0.03259	0.04377	0.05494	0.01359	0.16320	0.01489	0.00238	0.01172	0.00674	0.00254
28	0.02201	0.03947	0.14232	0.00355	0.00449	0.19376	0.00314	0.00502	0.03749	0.00591	0.30226	0.03106	0.01608	0.03847	0.11049	0.00795	0.01708	0.01601	0.00138	0.00204
29	0.04859	0.00417	0.00485	0.00375	0.00519	0.00427	0.00309	0.43147	0.01587	0.43034	0.00585	0.00541	0.00389	0.00228	0.00185	0.00057	0.00180	0.00177	0.02187	0.00313
30	0.12984	0.02202	0.08923	0.00376	0.00530	0.00450	0.01465	0.33654	0.11387	0.04021	0.00443	0.00477	0.00335	0.01639	0.00180	0.00054	0.00184	0.00968	0.00151	0.19577
31	0.00274	0.00184	0.00210	0.00210	0.00211	0.00185	0.00119	0.00277	0.00275	0.00369	0.00591	0.01214	0.00677	0.89563	0.04757	0.00188	0.00196	0.00271	0.00114	0.00117
32	0.00501	0.00425	0.01860	0.00391	0.00505	0.00477	0.00311	0.10587	0.79129	0.02511	0.00727	0.00671	0.00542	0.00251	0.00191	0.00063	0.00158	0.00207	0.00191	0.00301
33	0.00237	0.00190	0.00210	0.00221	0.00271	0.00167	0.00166	0.00285	0.00412	0.00504	0.01606	0.13395	0.63632	0.06035	0.00274	0.00075	0.00112	0.11876	0.00171	0.00158
34	0.02169	0.00449	0.00505	0.00393	0.00536	0.00477	0.00323	0.55783	0.07737	0.25648	0.02542	0.00544	0.00411	0.00233	0.00188	0.00058	0.00185	0.00181	0.01325	0.00312
35	0.00504	0.93485	0.00988	0.00323	0.00484	0.00746	0.00323	0.00565	0.00383	0.00444	0.00262	0.00303	0.00242	0.00161	0.00121	0.00040	0.00202	0.00101	0.00081	0.00242
36	0.53953	0.00436	0.00402	0.00329	0.00460	0.00493	0.00271	0.40015	0.00566	0.00995	0.00345	0.00370	0.00255	0.00197	0.00148	0.00058	0.00173	0.00131	0.00148	0.00255
37	0.00382	0.00241	0.00300	0.00269	0.00339	0.00230	0.00208	0.01815	0.10690	0.14889	0.57650	0.01241	0.09314	0.00355	0.00214	0.00060	0.00110	0.01272	0.00206	0.00214
38	0.00272	0.00193	0.00256	0.00256	0.00274	0.00210	0.00177	0.00307	0.00289	0.00403	0.00548	0.00979	0.00575	0.45755	0.48426	0.00245	0.00350	0.00237	0.00107	0.00142
39	0.91511	0.00363	0.00283	0.00251	0.00369	0.00418	0.00207	0.00567	0.00328	0.03958	0.00279	0.00318	0.00213	0.00177	0.00119	0.00058	0.00146	0.00105	0.00121	0.00208
40	0.00651	0.00486	0.00520	0.00414	0.00552	0.00541	0.00337	0.65395	0.23301	0.02952	0.00540	0.00524	0.00390	0.00234	0.00188	0.00058	0.00190	0.00181	0.02234	0.00312
41	0.00407	0.00257	0.00287	0.00260	0.00331	0.00266	0.00201	0.04923	0.19997	0.07791	0.22591	0.00899	0.04423	0.00279	0.00177	0.00054	0.00113	0.00233	0.36290	0.00220
42	0.00274	0.00183	0.00206	0.00206	0.00206	0.00183	0.00114	0.00274	0.00274	0.00366	0.00594	0.01234	0.00686	0.93372	0.00960	0.00183	0.00183	0.00274	0.00114	0.00114
43	0.00271	0.00196	0.00272	0.00272	0.00295	0.00219	0.00197	0.00317	0.00294	0.00415	0.00533	0.00897	0.00539	0.30420	0.63712	0.00265	0.00404	0.00225	0.00105	0.00151
44	0.00456	0.00239	0.00297	0.00269	0.00326	0.00228	0.00196	0.02811	0.02314	0.26834	0.02489	0.03910	0.02623	0.43150	0.00553	0.00119	0.00167	0.10207	0.02615	0.00194
45	0.42366	0.00393	0.00384	0.00323	0.00443	0.00435	0.00261	0.25600	0.09178	0.10864	0.00476	0.07687	0.00382	0.00236	0.00161	0.00060	0.00162	0.00175	0.00161	0.00254
46	0.00469	0.00405	0.00426	0.00384	0.00490	0.00469	0.00299	0.01002	0.91855	0.00789	0.00768	0.00704	0.00576	0.00256	0.00192	0.00064	0.00149	0.00213	0.00192	0.00299
47	0.94704	0.00365	0.00277	0.00248	0.00365	0.00423	0.00204	0.00554	0.00321	0.00846	0.00263	0.00306	0.00204	0.00175	0.00117	0.00058	0.00146	0.00102	0.00117	0.00204

[dist]
# distance from previous block
# <min> <max>
0	6

[block]
# block no. 9 follows, 165 sequences, length 20
# corresponding to MSA columns:
# 286-305
name=unknown_J
#
# <colnr> <probs for GDERKNQSTAVLIFYWHMCP>
#	G	D	E	R	K	N	Q	S	T	A	V	L	I	F	Y	W	H	M	C	P
0	0.00272	0.00198	0.00259	0.00258	0.00304	0.00185	0.00203	0.00357	0.00504	0.00695	0.64871	0.01600	0.08701	0.00423	0.00231	0.00066	0.00108	0.20393	0.00198	0.00176
1	0.02989	0.00204	0.00233	0.00241	0.00297	0.00187	0.00189	0.00333	0.01804	0.01906	0.11561	0.10005	0.49983	0.00471	0.00228	0.00069	0.00115	0.18838	0.00178	0.00169
2	0.00289	0.00208	0.00252	0.00254	0.00311	0.00191	0.00202	0.00369	0.02702	0.04914	0.24163	0.04150	0.38414	0.00451	0.00230	0.00068	0.00118	0.22348	0.00186	0.00178
3	0.70718	0.00319	0.00270	0.00254	0.00348	0.00359	0.00200	0.00502	0.00337	0.03765	0.00450	0.20887	0.00444	0.00269	0.00147	0.00062	0.00138	0.00201	0.00133	0.00197
4	0.04086	0.00370	0.00389	0.00346	0.00447	0.02654	0.00271	0.05506	0.54153	0.08450	0.09431	0.00868	0.09702	0.00288	0.00196	0.00063	0.00147	0.02176	0.00189	0.00268
5	0.00371	0.00225	0.00267	0.00252	0.00323	0.00202	0.00193	0.00448	0.04935	0.19287	0.05892	0.16188	0.43185	0.02423	0.00235	0.00068	0.00119	0.05000	0.00188	0.00199
6	0.00279	0.00191	0.00233	0.00248	0.00261	0.00190	0.00170	0.00305	0.00324	0.00428	0.00736	0.07923	0.00834	0.61581	0.00719	0.00149	0.00175	0.24985	0.00135	0.00133
7	0.00228	0.00173	0.00210	0.00239	0.00267	0.00155	0.00165	0.00265	0.00384	0.00491	0.01326	0.63226	0.31085	0.00554	0.00235	0.00072	0.00105	0.00491	0.00175	0.00155
8	0.06013	0.00311	0.00364	0.00312	0.00411	0.00312	0.00246	0.12708	0.12069	0.30952	0.02651	0.11820	0.07935	0.03194	0.00228	0.01926	0.00148	0.02192	0.05952	0.00252
9	0.00271	0.00198	0.00248	0.00238	0.00287	0.00182	0.00179	0.00360	0.02364	0.01849	0.69383	0.05743	0.15163	0.00407	0.00223	0.00061	0.00095	0.02370	0.00201	0.00178
10	0.30793	0.00382	0.00373	0.00317	0.00426	0.07889	0.02803	0.13248	0.00481	0.17192	0.00495	0.00589	0.00383	0.00225	0.00159	0.00057	0.00169	0.06122	0.17659	0.00237
11	0.00274	0.00202	0.00253	0.00267	0.00290	0.00210	0.00183	0.00357	0.09923	0.00476	0.00808	0.40476	0.02421	0.24926	0.17904	0.00146	0.00207	0.00368	0.00147	0.00161
12	0.03554	0.00213	0.00265	0.00260	0.00292	0.02649	0.00187	0.00337	0.00980	0.04861	0.05217	0.05399	0.11821	0.06932	0.15627	0.38683	0.00210	0.02251	0.00121	0.00139
13	0.00372	0.00361	0.00564	0.88711	0.01266	0.04616	0.00517	0.00494	0.00384	0.00481	0.00333	0.00495	0.00251	0.00189	0.00188	0.00062	0.00255	0.00166	0.00084	0.00210
14	0.00283	0.00227	0.00297	0.00291	0.00348	0.01451	0.05364	0.00361	0.01989	0.01439	0.16860	0.13392	0.31100	0.01134	0.00237	0.00071	0.00134	0.23524	0.01323	0.00175
15	0.00865	0.00221	0.00286	0.10338	0.00404	0.02065	0.00225	0.00898	0.00370	0.01248	0.05765	0.20802	0.19519	0.07935	0.23872	0.02851	0.00236	0.01795	0.00139	0.00165
16	0.03500	0.00577	0.00487	0.03468	0.04193	0.37192	0.01215	0.10518	0.09670	0.17725	0.00497	0.05458	0.00400	0.04004	0.00214	0.00061	0.00241	0.00181	0.00147	0.00252
17	0.00302	0.08066	0.00369	0.00310	0.00355	0.02549	0.00247	0.00367	0.00315	0.00438	0.00477	0.00699	0.00447	0.03146	0.79189	0.00269	0.01989	0.00192	0.00099	0.00175
18	0.00444	0.06257	0.02124	0.00545	0.00618	0.02223	0.22218	0.06240	0.00377	0.00537	0.00306	0.00443	0.00270	0.00311	0.04149	0.00082	0.52362	0.00175	0.00093	0.00227
19	0.00298	0.00214	0.00253	0.00257	0.00290	0.00210	0.00176	0.08332	0.01895	0.01243	0.05936	0.39370	0.10950	0.26298	0.01122	0.00103	0.00141	0.01438	0.00161	0.01313

[dist]
# distance from previous block
# <min> <max>
0	1

[block]
# block no. 10 follows, 165 sequences, length 34
# corresponding to MSA columns:
# 307-340
name=unknown_K
#
# <colnr> <probs for GDERKNQSTAVLIFYWHMCP>
#	G	D	E	R	K	N	Q	S	T	A	V	L	I	F	Y	W	H	M	C	P
0	0.00482	0.00419	0.00433	0.00387	0.00495	0.02435	0.00302	0.03718	0.87177	0.00794	0.00748	0.00688	0.00561	0.00254	0.00191	0.00063	0.00155	0.00210	0.00190	0.00297
1	0.00568	0.28177	0.07298	0.02737	0.10639	0.15005	0.01682	0.17489	0.09645	0.04462	0.00392	0.00423	0.00306	0.00194	0.00166	0.00052	0.00228	0.00145	0.00122	0.00270
2	0.06189	0.02050	0.13370	0.00482	0.02119	0.19676	0.07405	0.06016	0.17792	0.01254	0.02402	0.00484	0.00352	0.01028	0.00273	0.00063	0.18511	0.00166	0.00119	0.00248
3	0.05408	0.00418	0.00567	0.01188	0.03823	0.00563	0.00404	0.06058	0.01077	0.00528	0.00270	0.00414	0.00254	0.00308	0.00544	0.00078	0.77626	0.00163	0.00092	0.00217
4	0.00429	0.00418	0.00573	0.00491	0.00496	0.02080	0.00408	0.00471	0.00299	0.02846	0.00261	0.00417	0.00253	0.00325	0.00600	0.00081	0.89088	0.00165	0.00087	0.00210
5	0.00286	0.00247	0.01460	0.00308	0.00356	0.03509	0.07379	0.00368	0.03747	0.00590	0.29740	0.43708	0.05732	0.01373	0.00235	0.00069	0.00131	0.00409	0.00175	0.00178
6	0.81607	0.00396	0.00296	0.00265	0.00377	0.07384	0.00214	0.00562	0.00342	0.02320	0.00321	0.00373	0.02524	0.02217	0.00143	0.00060	0.00160	0.00116	0.00119	0.00204
7	0.00307	0.00197	0.00259	0.00263	0.00288	0.00201	0.00183	0.00344	0.00337	0.07604	0.02570	0.28706	0.01456	0.30088	0.22832	0.00163	0.01995	0.00867	0.01179	0.00160
8	0.00395	0.03365	0.83859	0.00532	0.00795	0.03790	0.01796	0.00600	0.00401	0.00586	0.00334	0.00395	0.00240	0.00182	0.00186	0.00059	0.01992	0.00139	0.00081	0.00274
9	0.05886	0.00392	0.00447	0.00368	0.00484	0.00421	0.02998	0.25449	0.28961	0.18482	0.00621	0.01950	0.00471	0.08081	0.00250	0.00070	0.00172	0.00199	0.04019	0.00280
10	0.21042	0.00418	0.00445	0.00360	0.00493	0.00452	0.00293	0.32018	0.18234	0.23532	0.00544	0.00516	0.00381	0.00223	0.00174	0.00059	0.00171	0.00168	0.00185	0.00291
11	0.00236	0.00191	0.00202	0.00204	0.00263	0.00163	0.00152	0.00286	0.00433	0.01692	0.07703	0.08055	0.77235	0.00477	0.00224	0.00065	0.00098	0.01981	0.00178	0.00162
12	0.00253	0.00174	0.00227	0.00256	0.00276	0.00162	0.00175	0.00285	0.00366	0.02843	0.03256	0.69411	0.09462	0.04108	0.04133	0.03687	0.00130	0.00472	0.00168	0.00155
13	0.00267	0.00200	0.00299	0.00301	0.00334	0.00231	0.00233	0.00333	0.00306	0.00440	0.00533	0.05541	0.00512	0.01372	0.87831	0.00291	0.00485	0.00219	0.00105	0.00168
14	0.01287	0.00175	0.00250	0.00253	0.00262	0.00178	0.00173	0.00282	0.02745	0.00379	0.00439	0.11250	0.00452	0.00668	0.06337	0.71928	0.00176	0.00210	0.02452	0.00105
15	0.00414	0.02055	0.00585	0.00492	0.00495	0.00581	0.00411	0.00456	0.00291	0.00454	0.00248	0.00411	0.00247	0.00327	0.00610	0.00082	0.91388	0.00164	0.00082	0.00207
