[name]
nad1

[dist]
# distance from previous block
# <min> <max>
1	37

[block]
# block no. 0 follows, 163 sequences, length 70
# corresponding to MSA columns:
# 56-125
name=unknown_A
#
# <colnr> <probs for GDERKNQSTAVLIFYWHMCP>
#	G	D	E	R	K	N	Q	S	T	A	V	L	I	F	Y	W	H	M	C	P
0	0.01325	0.02437	0.00340	0.00299	0.00370	0.10068	0.00232	0.07962	0.05674	0.04645	0.42244	0.06236	0.10762	0.00360	0.00212	0.00061	0.00143	0.04865	0.01557	0.00207
1	0.00235	0.00172	0.00219	0.00252	0.00273	0.00158	0.00171	0.00273	0.00385	0.00507	0.07431	0.71167	0.14641	0.02838	0.00257	0.00077	0.00109	0.00501	0.00178	0.00157
2	0.00303	0.00205	0.00243	0.00245	0.00297	0.00187	0.00181	0.01847	0.02228	0.07396	0.12551	0.28001	0.34766	0.03108	0.00246	0.00071	0.00113	0.04216	0.03617	0.00179
3	0.00273	0.00199	0.00249	0.00247	0.00284	0.00189	0.00178	0.02017	0.01929	0.00634	0.47294	0.18130	0.08784	0.13523	0.02278	0.00087	0.00122	0.03230	0.00184	0.00169
4	0.00296	0.00219	0.00257	0.00261	0.00312	0.00210	0.00194	0.01639	0.09733	0.03586	0.11565	0.26158	0.29937	0.06006	0.00273	0.00076	0.00121	0.08793	0.00181	0.00182
5	0.01476	0.00189	0.00239	0.00250	0.00284	0.00176	0.00178	0.00329	0.01751	0.02074	0.36793	0.42011	0.11074	0.01972	0.00243	0.00070	0.00104	0.00430	0.00189	0.00170
6	0.10587	0.00340	0.00376	0.00286	0.00431	0.00295	0.00229	0.09019	0.00437	0.01627	0.02083	0.02325	0.00357	0.01712	0.00162	0.00040	0.00145	0.01194	0.06060	0.62296
7	0.00356	0.00218	0.00274	0.00259	0.00322	0.00197	0.00199	0.00435	0.02092	0.15422	0.37212	0.10992	0.23363	0.00418	0.00224	0.00065	0.00113	0.07442	0.00200	0.00198
8	0.00238	0.00173	0.00226	0.00262	0.00279	0.00162	0.00178	0.00284	0.01691	0.00513	0.07972	0.80746	0.05426	0.00572	0.00240	0.00075	0.00109	0.00516	0.00180	0.00159
9	0.03964	0.00179	0.00223	0.00255	0.00276	0.00170	0.00173	0.00284	0.00373	0.00510	0.05264	0.70519	0.09199	0.06448	0.00282	0.00082	0.00115	0.01356	0.00172	0.00156
10	0.06531	0.00393	0.00444	0.00361	0.00484	0.00413	0.00293	0.36115	0.10871	0.23077	0.09553	0.02495	0.03672	0.00271	0.00194	0.00060	0.00168	0.03110	0.01209	0.00285
11	0.00266	0.00195	0.00249	0.00236	0.00282	0.00178	0.00177	0.00352	0.00530	0.00742	0.83825	0.01462	0.09997	0.00398	0.00225	0.00060	0.00091	0.00350	0.00207	0.00178
12	0.00835	0.00320	0.00434	0.00335	0.00479	0.00276	0.00276	0.00908	0.00542	0.89307	0.00790	0.00687	0.03402	0.00244	0.00193	0.00059	0.00160	0.00198	0.00234	0.00319
13	0.00273	0.00191	0.00247	0.00250	0.00264	0.00203	0.00167	0.00302	0.00299	0.00412	0.02342	0.06475	0.00665	0.50907	0.35955	0.00223	0.00303	0.00266	0.00116	0.00140
14	0.02571	0.00218	0.00278	0.00290	0.00336	0.00212	0.00229	0.03289	0.02244	0.02331	0.28599	0.22775	0.06024	0.00471	0.00237	0.00073	0.00130	0.29325	0.00187	0.00182
15	0.00471	0.00406	0.00428	0.00386	0.00493	0.00470	0.00300	0.01003	0.90350	0.00797	0.02192	0.00722	0.00601	0.00261	0.00194	0.00065	0.00150	0.00218	0.00194	0.00300
16	0.00246	0.00189	0.00225	0.00227	0.00273	0.00168	0.00166	0.00309	0.00467	0.00617	0.40513	0.19112	0.35870	0.00465	0.00229	0.00065	0.00096	0.00404	0.00191	0.00168
17	0.05161	0.00301	0.00379	0.00304	0.00429	0.00270	0.00247	0.03436	0.01577	0.61446	0.03370	0.01974	0.19677	0.00293	0.00197	0.00060	0.00147	0.00239	0.00215	0.00279
18	0.02652	0.02317	0.88768	0.00533	0.00809	0.00447	0.00687	0.00602	0.00400	0.00608	0.00339	0.00399	0.00241	0.00181	0.00179	0.00060	0.00277	0.00139	0.00081	0.00279
19	0.00360	0.00339	0.00572	0.92841	0.01313	0.00424	0.00530	0.00487	0.00381	0.00487	0.00339	0.00508	0.00254	0.00191	0.00191	0.00064	0.00254	0.00169	0.00085	0.00212
20	0.00474	0.00458	0.00767	0.02635	0.89319	0.01790	0.00581	0.00586	0.00435	0.00618	0.00357	0.00471	0.00300	0.00171	0.00189	0.00057	0.00229	0.00169	0.00094	0.00299
21	0.00923	0.00363	0.00488	0.00409	0.00515	0.00386	0.14448	0.00762	0.48615	0.04575	0.19315	0.03899	0.03879	0.00287	0.00207	0.00064	0.00162	0.00259	0.00182	0.00261
22	0.00278	0.00200	0.00273	0.00316	0.00349	0.00195	0.00256	0.00345	0.00413	0.00539	0.01054	0.34202	0.04088	0.00550	0.00255	0.00083	0.00150	0.56109	0.00176	0.00168
23	0.39062	0.00343	0.00373	0.00302	0.00434	0.00344	0.00248	0.02496	0.00456	0.51046	0.00545	0.00521	0.00366	0.02451	0.00180	0.00062	0.00158	0.00157	0.00184	0.00271
24	0.01407	0.00412	0.00480	0.00383	0.00508	0.00440	0.00312	0.49962	0.00682	0.22282	0.00539	0.00576	0.00396	0.02700	0.17902	0.00108	0.00255	0.00185	0.00182	0.00289
25	0.00315	0.00239	0.00327	0.00349	0.00385	0.00259	0.00296	0.00389	0.00408	0.00546	0.00923	0.06410	0.04837	0.03877	0.00330	0.00088	0.12425	0.64245	0.03175	0.00176
26	0.00448	0.00525	0.03314	0.00795	0.00988	0.00482	0.88424	0.00609	0.00447	0.00609	0.00383	0.00511	0.00288	0.00163	0.00228	0.00064	0.01146	0.00222	0.00096	0.00257
27	0.00364	0.00343	0.00578	0.89908	0.04219	0.00425	0.00531	0.00490	0.00383	0.00491	0.00340	0.00507	0.00256	0.00190	0.00191	0.00063	0.00253	0.00169	0.00085	0.00215
28	0.00360	0.00339	0.00572	0.92841	0.01313	0.00424	0.00530	0.00487	0.00381	0.00487	0.00339	0.00508	0.00254	0.00191	0.00191	0.00064	0.00254	0.00169	0.00085	0.00212
29	0.00243	0.00179	0.00228	0.00247	0.00276	0.00164	0.00173	0.00296	0.00430	0.00578	0.29743	0.51418	0.14290	0.00516	0.00235	0.00070	0.00102	0.00460	0.00187	0.00164
30	0.94646	0.00369	0.00280	0.00251	0.00369	0.00428	0.00206	0.00560	0.00324	0.00855	0.00265	0.00310	0.00206	0.00177	0.00118	0.00059	0.00147	0.00103	0.00118	0.00206
31	0.00395	0.00339	0.00395	0.00282	0.00452	0.00254	0.00226	0.00480	0.00395	0.00621	0.00339	0.00395	0.00282	0.00141	0.00141	0.00028	0.00141	0.00113	0.00113	0.94465
32	0.00703	0.01927	0.00550	0.00491	0.00591	0.89054	0.01301	0.00762	0.02037	0.00473	0.00303	0.00351	0.00252	0.00197	0.00172	0.00049	0.00339	0.00125	0.00100	0.00223
33	0.00505	0.00973	0.00419	0.02633	0.10670	0.00312	0.01422	0.03639	0.13328	0.27017	0.13158	0.01988	0.17757	0.02925	0.00723	0.00066	0.01769	0.00257	0.00184	0.00254
34	0.00276	0.00204	0.00259	0.00244	0.00293	0.00192	0.00183	0.00383	0.04578	0.00751	0.82415	0.01418	0.07304	0.00390	0.00224	0.00060	0.00093	0.00343	0.00207	0.00184
35	0.94646	0.00369	0.00280	0.00251	0.00369	0.00428	0.00206	0.00560	0.00324	0.00855	0.00265	0.00310	0.00206	0.00177	0.00118	0.00059	0.00147	0.00103	0.00118	0.00206
36	0.00295	0.00210	0.00295	0.00290	0.00327	0.00801	0.00221	0.01143	0.00336	0.02744	0.06816	0.00859	0.04784	0.06935	0.67339	0.05270	0.00410	0.00224	0.00533	0.00168
37	0.00269	0.00197	0.00288	0.00295	0.00323	0.00222	0.00223	0.00325	0.00313	0.00443	0.00590	0.13678	0.00598	0.05583	0.71751	0.03074	0.00426	0.01126	0.00113	0.00163
38	0.93543	0.00368	0.00282	0.00252	0.00370	0.00426	0.00207	0.00565	0.00327	0.01930	0.00271	0.00314	0.00210	0.00178	0.00119	0.00059	0.00148	0.00104	0.00119	0.00208
39	0.00275	0.00215	0.00278	0.00283	0.00325	0.00208	0.03172	0.01531	0.09453	0.00581	0.16410	0.52193	0.13357	0.00495	0.00232	0.00071	0.00117	0.00443	0.00182	0.00180
40	0.00244	0.00172	0.00227	0.00267	0.00280	0.00162	0.00179	0.00284	0.01685	0.01346	0.01028	0.86969	0.01222	0.03854	0.00268	0.00081	0.00115	0.01285	0.00176	0.00157
41	0.00434	0.00477	0.01013	0.00741	0.00915	0.00451	0.78693	0.00594	0.02373	0.00610	0.00468	0.00713	0.00391	0.00206	0.00229	0.00067	0.00301	0.10969	0.00108	0.00248
42	0.00663	0.00334	0.00425	0.00317	0.00474	0.00274	0.00259	0.02149	0.00489	0.52901	0.00577	0.00541	0.00391	0.00197	0.00171	0.00046	0.00154	0.00159	0.00184	0.39296
43	0.00270	0.00186	0.00213	0.00216	0.00226	0.00181	0.00131	0.00283	0.00316	0.00418	0.05882	0.07869	0.09101	0.70897	0.00793	0.00157	0.00166	0.02437	0.00132	0.00127
44	0.00826	0.00343	0.00450	0.00347	0.00491	0.00311	0.00285	0.10113	0.01242	0.80232	0.00719	0.00644	0.00463	0.02356	0.00209	0.00062	0.00168	0.00192	0.00228	0.00320
45	0.00510	0.93414	0.00999	0.00326	0.00489	0.00754	0.00326	0.00571	0.00387	0.00449	0.00265	0.00306	0.00245	0.00163	0.00122	0.00041	0.00204	0.00102	0.00082	0.00245
46	0.17231	0.00332	0.00414	0.00324	0.00466	0.00306	0.00267	0.00865	0.00507	0.76286	0.00667	0.00590	0.00426	0.00226	0.00179	0.00059	0.00160	0.00176	0.00215	0.00304
47	0.02006	0.00182	0.00233	0.00260	0.00286	0.00169	0.00179	0.00310	0.00394	0.04502	0.10779	0.70288	0.07110	0.02036	0.00247	0.00075	0.00112	0.00484	0.00181	0.00166
48	0.00472	0.00453	0.00774	0.01170	0.92110	0.00453	0.00585	0.00585	0.00434	0.00623	0.00359	0.00472	0.00302	0.00170	0.00189	0.00057	0.00227	0.00170	0.00094	0.00302
49	0.00232	0.00166	0.00221	0.00265	0.00277	0.00155	0.00177	0.00265	0.00365	0.00487	0.01051	0.93175	0.01261	0.00597	0.00243	0.00077	0.00111	0.00542	0.00177	0.00155
50	0.00243	0.00185	0.00217	0.00234	0.00273	0.00166	0.00165	0.00294	0.01727	0.01462	0.08190	0.43545	0.39316	0.02758	0.00251	0.00073	0.00106	0.00454	0.00179	0.00162
51	0.00248	0.00181	0.00232	0.00259	0.00283	0.00169	0.00180	0.01745	0.00410	0.00547	0.16222	0.64204	0.09868	0.01855	0.00249	0.00075	0.00110	0.02819	0.00182	0.00162
52	0.00472	0.00453	0.00774	0.01170	0.92110	0.00453	0.00585	0.00585	0.00434	0.00623	0.00359	0.00472	0.00302	0.00170	0.00189	0.00057	0.00227	0.00170	0.00094	0.00302
53	0.00382	0.00986	0.92311	0.00543	0.00825	0.00443	0.00704	0.00604	0.00403	0.00604	0.00342	0.00403	0.00242	0.00181	0.00181	0.00060	0.00282	0.00141	0.00081	0.00282
54	0.00378	0.00309	0.00371	0.00342	0.00418	0.02034	0.02957	0.04818	0.30180	0.02259	0.00838	0.02152	0.13894	0.02027	0.30206	0.00146	0.00273	0.06017	0.00155	0.00225
55	0.00256	0.00194	0.00236	0.00229	0.00279	0.00174	0.00172	0.00331	0.00500	0.00675	0.59247	0.03506	0.30314	0.00427	0.00226	0.00062	0.00095	0.02705	0.00198	0.00173
56	0.00967	0.00272	0.00316	0.00284	0.00363	0.00262	0.00218	0.17413	0.00527	0.15224	0.07614	0.24410	0.29942	0.01006	0.00222	0.00066	0.00132	0.00355	0.00191	0.00217
57	0.00383	0.00326	0.00382	0.00278	0.00436	0.00247	0.00221	0.00468	0.00407	0.00630	0.07252	0.00495	0.01809	0.00165	0.00149	0.00031	0.00137	0.00135	0.00121	0.85927
58	0.00539	0.00423	0.00499	0.04891	0.05308	0.01155	0.01592	0.26102	0.35783	0.06367	0.00617	0.07589	0.00495	0.00283	0.01295	0.00067	0.06320	0.00218	0.00173	0.00285
59	0.00453	0.00582	0.13186	0.00674	0.00833	0.07526	0.53025	0.01645	0.00425	0.00575	0.00355	0.00477	0.00279	0.00237	0.03236	0.00073	0.15883	0.00195	0.00094	0.00248
60	0.06764	0.00409	0.00482	0.00373	0.00520	0.00412	0.00307	0.35760	0.01841	0.50210	0.00608	0.00555	0.00400	0.00230	0.00187	0.00058	0.00179	0.00179	0.00211	0.00317
61	0.00655	0.10566	0.04975	0.00482	0.00602	0.66746	0.03966	0.04623	0.04701	0.00524	0.00326	0.00371	0.00266	0.00195	0.00171	0.00050	0.00311	0.00132	0.00104	0.00236
62	0.02178	0.00348	0.00492	0.01925	0.38907	0.04541	0.00370	0.00453	0.01050	0.00560	0.03827	0.16056	0.17270	0.02039	0.02609	0.01525	0.04584	0.00913	0.00129	0.00226
63	0.03458	0.00220	0.00257	0.00243	0.00300	0.00208	0.00183	0.05151	0.00464	0.04244	0.28734	0.04997	0.34362	0.03402	0.04435	0.07222	0.00133	0.01635	0.00176	0.00176
64	0.00237	0.00174	0.00226	0.00262	0.00282	0.00163	0.00181	0.00276	0.00371	0.00489	0.01110	0.72586	0.11543	0.01762	0.06120	0.00092	0.00138	0.03660	0.00171	0.00157
65	0.00270	0.00184	0.00212	0.00218	0.00225	0.00181	0.00130	0.00280	0.00304	0.00402	0.02196	0.11711	0.05698	0.73869	0.00817	0.00162	0.00170	0.02716	0.00129	0.00125
66	0.00267	0.00190	0.00233	0.00239	0.00258	0.00190	0.00161	0.00297	0.00338	0.00451	0.07729	0.12383	0.12172	0.44100	0.14466	0.01308	0.00836	0.04105	0.00138	0.00142
67	0.05514	0.00203	0.00244	0.00267	0.00299	0.00198	0.00189	0.04925	0.00403	0.00555	0.03817	0.61539	0.11260	0.04534	0.00264	0.00079	0.00122	0.05250	0.00173	0.00167
68	0.39968	0.00378	0.00395	0.00320	0.00454	0.00395	0.00264	0.16461	0.00513	0.37065	0.00502	0.00495	0.00344	0.00214	0.00162	0.00059	0.00165	0.01395	0.00178	0.00273
69	0.00395	0.00339	0.00395	0.00282	0.00452	0.00254	0.00226	0.00480	0.00395	0.00621	0.00339	0.00395	0.00282	0.00141	0.00141	0.00028	0.00141	0.00113	0.00113	0.94465

[dist]
# distance from previous block
# <min> <max>
0	1

[block]
# block no. 1 follows, 163 sequences, length 25
# corresponding to MSA columns:
# 127-151
name=unknown_B
#
# <colnr> <probs for GDERKNQSTAVLIFYWHMCP>
#	G	D	E	R	K	N	Q	S	T	A	V	L	I	F	Y	W	H	M	C	P
0	0.00260	0.00196	0.00233	0.00240	0.00281	0.00183	0.00176	0.00323	0.02427	0.00555	0.21591	0.14006	0.31580	0.14823	0.02312	0.00091	0.00129	0.10259	0.00174	0.00162
1	0.00278	0.00216	0.00241	0.00237	0.00295	0.00199	0.00178	0.06785	0.00459	0.01239	0.09968	0.14396	0.53309	0.04250	0.02617	0.00077	0.00124	0.04781	0.00177	0.00174
2	0.02302	0.00400	0.00424	0.00371	0.00479	0.01454	0.00290	0.11379	0.63827	0.05489	0.05490	0.00754	0.03560	0.02644	0.00214	0.00066	0.00156	0.00220	0.00192	0.00287
3	0.00239	0.00169	0.00219	0.00258	0.00267	0.00159	0.00168	0.00267	0.00353	0.00471	0.00989	0.80474	0.01183	0.13405	0.00344	0.00092	0.00121	0.00505	0.00168	0.00149
4	0.02720	0.00246	0.00271	0.00261	0.00321	0.01971	0.00198	0.04571	0.08041	0.01192	0.18872	0.06104	0.31860	0.05794	0.09480	0.00095	0.00162	0.04717	0.02937	0.00186
5	0.00359	0.00249	0.00280	0.00264	0.00304	0.00256	0.00180	0.09185	0.11146	0.04220	0.03597	0.12950	0.06028	0.47387	0.00594	0.00126	0.00163	0.00298	0.02237	0.00177
6	0.04818	0.00427	0.00482	0.01198	0.00523	0.03401	0.00310	0.40549	0.00688	0.37584	0.07566	0.00599	0.00488	0.00240	0.00190	0.00058	0.00184	0.00188	0.00203	0.00304
7	0.00239	0.00172	0.00225	0.00265	0.00279	0.00163	0.00177	0.00283	0.02390	0.00491	0.01048	0.86809	0.02866	0.03280	0.00263	0.00080	0.00113	0.00525	0.00176	0.00157
8	0.00245	0.00178	0.00230	0.00267	0.00286	0.00168	0.00185	0.00294	0.02401	0.00502	0.02640	0.73786	0.07315	0.03830	0.00268	0.00080	0.00117	0.06873	0.00176	0.00159
9	0.55809	0.00427	0.00351	0.00304	0.00418	0.10162	0.00245	0.12961	0.01448	0.05277	0.07128	0.00452	0.00372	0.00207	0.00146	0.00057	0.00171	0.00141	0.03695	0.00228
10	0.00313	0.00175	0.00256	0.00257	0.00264	0.00181	0.00176	0.00269	0.00265	0.00361	0.00408	0.03303	0.00415	0.08217	0.18750	0.65767	0.00233	0.00193	0.00092	0.00105
11	0.19672	0.00310	0.00359	0.00309	0.00414	0.00308	0.00246	0.08453	0.02510	0.36620	0.05583	0.18036	0.02699	0.00315	0.00191	0.00064	0.00149	0.03320	0.00191	0.00252
12	0.00295	0.00222	0.00272	0.00251	0.00311	0.00206	0.00192	0.05085	0.01455	0.00725	0.61063	0.04629	0.15609	0.00393	0.00220	0.00060	0.00104	0.03365	0.00196	0.05347
13	0.00236	0.00194	0.00208	0.00211	0.00270	0.00167	0.00160	0.00291	0.00445	0.00547	0.12672	0.05098	0.72465	0.00478	0.00228	0.00066	0.00101	0.05818	0.00181	0.00164
14	0.00395	0.00339	0.00395	0.00282	0.00452	0.00254	0.00226	0.00480	0.00395	0.00621	0.00339	0.00395	0.00282	0.00141	0.00141	0.00028	0.00141	0.00113	0.00113	0.94465
15	0.00265	0.00185	0.00233	0.00243	0.00255	0.00190	0.00158	0.00289	0.00308	0.00416	0.00716	0.21216	0.03358	0.49038	0.22113	0.00186	0.00242	0.00322	0.00128	0.00138
16	0.60871	0.09910	0.00407	0.00298	0.00421	0.07341	0.00248	0.06214	0.00402	0.09177	0.00331	0.00365	0.00253	0.00222	0.02818	0.00063	0.00184	0.00120	0.00128	0.00229
17	0.00468	0.00436	0.02437	0.02501	0.16231	0.05836	0.11180	0.06475	0.04107	0.03682	0.00393	0.00471	0.00316	0.01934	0.02146	0.00053	0.00209	0.00154	0.00118	0.40856
18	0.79574	0.00358	0.00296	0.00264	0.00378	0.00407	0.00215	0.01521	0.03443	0.06700	0.00357	0.05165	0.00292	0.00206	0.00133	0.00060	0.00147	0.00136	0.00132	0.00216
19	0.00279	0.00206	0.00255	0.00272	0.00306	0.00202	0.00196	0.02385	0.05883	0.01745	0.08095	0.49389	0.14047	0.05361	0.03264	0.00087	0.01244	0.06436	0.00175	0.00173
20	0.04636	0.00354	0.00428	0.00356	0.00471	0.00364	0.03609	0.07847	0.31300	0.27332	0.12409	0.00787	0.02607	0.02739	0.00792	0.00066	0.00159	0.01160	0.00196	0.02388
21	0.00234	0.00184	0.00213	0.00232	0.00273	0.00162	0.00168	0.00280	0.00412	0.00518	0.05480	0.38319	0.47101	0.00527	0.00234	0.00071	0.00106	0.05148	0.00178	0.00160
22	0.18266	0.00373	0.00386	0.00328	0.00429	0.02951	0.00260	0.29558	0.02731	0.11315	0.01526	0.07621	0.05733	0.09050	0.01213	0.02404	0.00176	0.04042	0.01399	0.00240
23	0.00484	0.74033	0.13600	0.00358	0.00530	0.02415	0.00375	0.00567	0.00388	0.00470	0.00289	0.00343	0.00256	0.00232	0.04927	0.00057	0.00233	0.00113	0.00083	0.00246
24	0.04117	0.00268	0.00295	0.00289	0.00335	0.02939	0.00213	0.10193	0.04553	0.00572	0.00853	0.16917	0.11447	0.27049	0.04465	0.00114	0.01667	0.13384	0.00152	0.00178

[dist]
# distance from previous block
# <min> <max>
0	1

[block]
# block no. 2 follows, 163 sequences, length 22
# corresponding to MSA columns:
# 153-174
name=unknown_C
#
# <colnr> <probs for GDERKNQSTAVLIFYWHMCP>
#	G	D	E	R	K	N	Q	S	T	A	V	L	I	F	Y	W	H	M	C	P
0	0.12781	0.08785	0.19948	0.00434	0.00596	0.21206	0.00408	0.27241	0.01566	0.00768	0.00352	0.00388	0.00268	0.00198	0.00173	0.00054	0.01323	0.00138	0.00124	0.03250
1	0.07377	0.00223	0.00267	0.00287	0.00321	0.02666	0.00207	0.00361	0.03432	0.02526	0.00843	0.54478	0.01988	0.00721	0.21123	0.00126	0.00214	0.02512	0.00155	0.00173
2	0.73362	0.00406	0.00346	0.00293	0.00419	0.00465	0.00242	0.21163	0.00454	0.00934	0.00309	0.00343	0.00233	0.00189	0.00134	0.00059	0.00162	0.00119	0.00134	0.00233
3	0.00238	0.00192	0.00209	0.00213	0.00266	0.00167	0.00158	0.00288	0.00431	0.00533	0.11378	0.10138	0.64326	0.05903	0.00272	0.00073	0.00106	0.04771	0.00177	0.00160
4	0.00240	0.00178	0.00222	0.00253	0.00276	0.00165	0.00173	0.00284	0.01728	0.00497	0.03170	0.65087	0.17379	0.05935	0.01531	0.00084	0.00119	0.02349	0.00173	0.00157
5	0.00271	0.00200	0.00271	0.00272	0.00302	0.00217	0.00199	0.00332	0.02336	0.00458	0.04760	0.08215	0.07688	0.20757	0.52591	0.00228	0.00352	0.00268	0.00123	0.00160
6	0.01869	0.00277	0.00320	0.00314	0.00381	0.00288	0.00245	0.09818	0.19643	0.03083	0.02084	0.26454	0.16508	0.00437	0.00225	0.00071	0.00141	0.17446	0.00183	0.00214
7	0.00237	0.00172	0.00222	0.00258	0.00276	0.00159	0.00176	0.00275	0.00379	0.00502	0.05658	0.75137	0.09562	0.03407	0.00264	0.00079	0.00112	0.02794	0.00177	0.00156
8	0.07066	0.00324	0.00423	0.00330	0.00469	0.00291	0.00271	0.03006	0.00536	0.78460	0.04643	0.02277	0.00522	0.00245	0.00189	0.00059	0.00158	0.00198	0.00225	0.00307
9	0.00278	0.00214	0.00253	0.00254	0.00306	0.00201	0.00192	0.03990	0.04473	0.00627	0.28022	0.20505	0.30944	0.00463	0.00230	0.00068	0.00112	0.08502	0.00188	0.00179
10	0.24618	0.00492	0.00498	0.00391	0.00535	0.00550	0.00323	0.68346	0.00751	0.01114	0.00409	0.00420	0.00294	0.00216	0.00172	0.00058	0.00194	0.00154	0.00172	0.00294
11	0.02598	0.00580	0.10548	0.00446	0.00612	0.00572	0.00396	0.79737	0.00831	0.01130	0.00441	0.00449	0.00313	0.00223	0.00188	0.00058	0.00216	0.00167	0.00177	0.00317
12	0.00240	0.00177	0.00225	0.00253	0.00279	0.00162	0.00177	0.00287	0.00407	0.00539	0.16045	0.60825	0.15558	0.00543	0.00238	0.00073	0.00107	0.03523	0.00182	0.00161
13	0.58428	0.00412	0.00368	0.00308	0.00436	0.04527	0.00252	0.15483	0.00467	0.17165	0.00385	0.00396	0.00275	0.00197	0.00145	0.00058	0.00169	0.00131	0.00150	0.00247
14	0.01544	0.00250	0.00289	0.00269	0.00336	0.00250	0.00205	0.00513	0.21484	0.03796	0.47550	0.03291	0.18732	0.00374	0.00216	0.00062	0.00109	0.00322	0.00199	0.00209
15	0.00269	0.00196	0.00277	0.00282	0.00308	0.00218	0.00208	0.00320	0.00312	0.00440	0.02064	0.11737	0.00630	0.18181	0.63376	0.00253	0.00397	0.00260	0.00115	0.00159
16	0.87402	0.00375	0.00299	0.00262	0.00382	0.00430	0.00216	0.04619	0.00357	0.03856	0.00290	0.00327	0.00220	0.00181	0.00124	0.00059	0.00151	0.00109	0.00125	0.00216
17	0.02537	0.00250	0.00269	0.00250	0.00323	0.00243	0.00192	0.04805	0.14853	0.01812	0.23959	0.01439	0.47551	0.00402	0.00216	0.00063	0.00111	0.00338	0.00188	0.00199
18	0.00234	0.00173	0.00219	0.00250	0.00274	0.00158	0.00172	0.00276	0.00393	0.00517	0.09496	0.68670	0.17353	0.00558	0.00238	0.00074	0.00106	0.00499	0.00180	0.00158
19	0.00250	0.00179	0.00224	0.00246	0.00262	0.00174	0.00163	0.00279	0.00340	0.00450	0.00944	0.45639	0.09933	0.28738	0.10082	0.00133	0.00174	0.01493	0.00151	0.00145
20	0.02124	0.00341	0.00436	0.00342	0.00477	0.00318	0.00280	0.12475	0.03567	0.66529	0.10413	0.00704	0.00594	0.00251	0.00194	0.00059	0.00160	0.00205	0.00224	0.00307
21	0.94646	0.00369	0.00280	0.00251	0.00369	0.00428	0.00206	0.00560	0.00324	0.00855	0.00265	0.00310	0.00206	0.00177	0.00118	0.00059	0.00147	0.00103	0.00118	0.00206

[dist]
# distance from previous block
# <min> <max>
0	29

[block]
# block no. 3 follows, 163 sequences, length 37
# corresponding to MSA columns:
# 204-240
name=unknown_D
#
# <colnr> <probs for GDERKNQSTAVLIFYWHMCP>
#	G	D	E	R	K	N	Q	S	T	A	V	L	I	F	Y	W	H	M	C	P
0	0.00714	0.00475	0.00530	0.00415	0.00559	0.00511	0.00345	0.69437	0.00803	0.16196	0.00549	0.00621	0.00409	0.00253	0.00197	0.00060	0.00199	0.07218	0.00197	0.00313
1	0.04663	0.00392	0.00476	0.00367	0.00515	0.00384	0.00303	0.29236	0.00646	0.60015	0.00640	0.00575	0.00415	0.00231	0.00188	0.00058	0.00177	0.00182	0.00217	0.00320
2	0.00712	0.00909	0.00540	0.00491	0.00589	0.92534	0.00368	0.00761	0.00540	0.00467	0.00295	0.00344	0.00246	0.00196	0.00172	0.00049	0.00344	0.00123	0.00098	0.00221
3	0.00724	0.00544	0.00571	0.00440	0.00591	0.02940	0.00363	0.89157	0.00887	0.01183	0.00454	0.00455	0.00322	0.00228	0.00190	0.00057	0.00213	0.00170	0.00188	0.00322
4	0.00472	0.00452	0.00767	0.01154	0.90157	0.00453	0.00579	0.00594	0.02381	0.00627	0.00368	0.00477	0.00308	0.00172	0.00189	0.00057	0.00225	0.00171	0.00097	0.00302
5	0.00274	0.00202	0.00300	0.00300	0.00332	0.00234	0.00231	0.00335	0.00303	0.00436	0.00509	0.00765	0.00481	0.05371	0.85696	0.03271	0.00486	0.00206	0.00102	0.00165
6	0.00738	0.00386	0.00467	0.00367	0.00510	0.00381	0.00299	0.21157	0.16093	0.51639	0.00669	0.00604	0.00448	0.00233	0.00189	0.00058	0.00170	0.00187	0.00212	0.05193
7	0.00269	0.00186	0.00217	0.00226	0.00235	0.00183	0.00137	0.00293	0.02164	0.00428	0.04867	0.22512	0.03856	0.62776	0.00729	0.00148	0.00160	0.00344	0.00138	0.00133
8	0.00236	0.00171	0.00224	0.00263	0.00281	0.00159	0.00181	0.00274	0.00377	0.00497	0.02199	0.79646	0.08961	0.00582	0.00243	0.00077	0.00113	0.05183	0.00177	0.00157
9	0.81540	0.00366	0.00305	0.00265	0.00387	0.00413	0.00218	0.02320	0.00362	0.11906	0.00328	0.00354	0.00241	0.00185	0.00128	0.00059	0.00150	0.00115	0.00134	0.00223
10	0.05989	0.00499	0.00532	0.00415	0.00560	0.00551	0.00341	0.73933	0.07268	0.05295	0.00486	0.00481	0.00346	0.00228	0.00186	0.00058	0.00197	0.00172	0.02150	0.00313
11	0.00237	0.00174	0.00224	0.00258	0.00280	0.00160	0.00179	0.00279	0.00389	0.00512	0.06640	0.70017	0.14296	0.00565	0.00241	0.00075	0.00111	0.05026	0.00179	0.00158
12	0.00360	0.00339	0.00572	0.92841	0.01313	0.00424	0.00530	0.00487	0.00381	0.00487	0.00339	0.00508	0.00254	0.00191	0.00191	0.00064	0.00254	0.00169	0.00085	0.00212
13	0.00708	0.00502	0.00545	0.00424	0.00571	0.00551	0.00348	0.73409	0.11074	0.09103	0.00519	0.00503	0.00366	0.00233	0.00191	0.00058	0.00199	0.00178	0.00195	0.00322
14	0.00471	0.00403	0.00425	0.00380	0.00488	0.00463	0.00296	0.04007	0.84390	0.00798	0.00820	0.00756	0.04913	0.00268	0.00195	0.00064	0.00150	0.00223	0.00193	0.00296
15	0.00838	0.00325	0.00438	0.00337	0.00481	0.00284	0.00278	0.02997	0.00549	0.87420	0.00742	0.00646	0.00469	0.00235	0.00190	0.00059	0.00161	0.00191	0.03040	0.00320
16	0.00501	0.00495	0.01036	0.00743	0.00930	0.00465	0.78914	0.03708	0.00475	0.10115	0.00426	0.00526	0.00309	0.00171	0.00220	0.00064	0.00301	0.00220	0.00114	0.00266
17	0.00263	0.00185	0.00247	0.00288	0.00313	0.00178	0.00217	0.00317	0.00393	0.00526	0.01045	0.55586	0.04050	0.00552	0.00244	0.00079	0.00131	0.30577	0.04645	0.00163
18	0.00236	0.00194	0.00209	0.00210	0.00269	0.00166	0.00159	0.00292	0.00449	0.00555	0.15868	0.04684	0.71061	0.00474	0.00228	0.00065	0.00100	0.04435	0.00182	0.00164
19	0.00727	0.00531	0.00570	0.00437	0.00590	0.00586	0.00361	0.90003	0.00891	0.02681	0.00463	0.00461	0.00327	0.00229	0.00191	0.00057	0.00209	0.00172	0.00191	0.00324
20	0.00272	0.00204	0.00306	0.00306	0.00340	0.00238	0.00238	0.00340	0.00306	0.00443	0.00511	0.00749	0.00477	0.01430	0.92544	0.00306	0.00511	0.00204	0.00102	0.00170
21	0.04873	0.00934	0.83197	0.00524	0.00791	0.00450	0.00663	0.05305	0.00424	0.00647	0.00345	0.00401	0.00244	0.00183	0.00179	0.00060	0.00272	0.00141	0.00088	0.00280
22	0.00238	0.00173	0.00225	0.00257	0.00277	0.00159	0.00175	0.00282	0.00399	0.00535	0.16313	0.71926	0.07226	0.00555	0.00239	0.00074	0.00106	0.00500	0.00182	0.00159
23	0.02677	0.00236	0.00264	0.00245	0.00315	0.00220	0.00187	0.05666	0.04825	0.02249	0.31754	0.04451	0.40261	0.00405	0.00216	0.00062	0.00109	0.01685	0.00187	0.03984
24	0.00244	0.00175	0.00232	0.00271	0.00288	0.00166	0.00190	0.00284	0.00370	0.00491	0.01042	0.71975	0.04473	0.05537	0.02340	0.00089	0.00131	0.11374	0.00172	0.00156
25	0.10496	0.00475	0.00499	0.00401	0.00538	0.00530	0.00327	0.54095	0.25147	0.04723	0.00535	0.00518	0.00387	0.00232	0.00184	0.00059	0.00186	0.00177	0.00186	0.00306
26	0.00523	0.00391	0.00432	0.00373	0.00475	0.00427	0.00293	0.39562	0.23509	0.03430	0.00741	0.22993	0.02948	0.00340	0.00207	0.00065	0.00166	0.02667	0.00189	0.00270
27	0.04923	0.01343	0.00828	0.00275	0.00362	0.01308	0.00219	0.01201	0.03624	0.26597	0.23376	0.04085	0.24064	0.00360	0.00209	0.00062	0.00129	0.05318	0.01493	0.00223
28	0.00243	0.00191	0.00218	0.00220	0.00268	0.00172	0.00161	0.00297	0.00431	0.00551	0.20778	0.09870	0.50859	0.07638	0.05874	0.00089	0.00129	0.01673	0.00175	0.00162
29	0.00246	0.00176	0.00221	0.00252	0.00274	0.00162	0.00172	0.00281	0.00373	0.01746	0.01150	0.65972	0.16090	0.08870	0.00305	0.00085	0.00118	0.03181	0.00172	0.00155
30	0.00329	0.00239	0.00269	0.00266	0.00330	0.00232	0.00202	0.02468	0.15078	0.05910	0.01881	0.19837	0.38169	0.00438	0.00219	0.00067	0.00121	0.08023	0.05724	0.00198
31	0.00265	0.00192	0.00221	0.00216	0.00268	0.00173	0.00163	0.00338	0.00478	0.00656	0.42484	0.01504	0.36839	0.00406	0.00213	0.00060	0.00094	0.02308	0.12949	0.00172
32	0.00259	0.00198	0.00226	0.00225	0.00283	0.00174	0.00173	0.00322	0.00462	0.02721	0.24684	0.04486	0.55952	0.00461	0.00228	0.00066	0.00104	0.08619	0.00187	0.00171
33	0.00268	0.00193	0.00250	0.00277	0.00301	0.00189	0.00200	0.02701	0.00381	0.00505	0.01686	0.49081	0.05497	0.13691	0.06696	0.00109	0.00163	0.17489	0.00164	0.00159
34	0.00275	0.00196	0.00232	0.00247	0.00276	0.00187	0.00168	0.02604	0.02808	0.02094	0.01100	0.41894	0.20524	0.22221	0.00405	0.00098	0.00131	0.02896	0.01484	0.00159
35	0.06991	0.00359	0.00368	0.00330	0.00421	0.05315	0.00256	0.05640	0.38195	0.05652	0.20302	0.06920	0.04447	0.00304	0.00196	0.00062	0.00145	0.00253	0.02284	0.01560
36	0.58154	0.01773	0.00388	0.00328	0.00447	0.17126	0.00265	0.12175	0.00447	0.05277	0.00319	0.00353	0.00243	0.00193	0.00150	0.00057	0.01827	0.00121	0.00128	0.00230

[dist]
# distance from previous block
# <min> <max>
0	1

[block]
# block no. 4 follows, 163 sequences, length 44
# corresponding to MSA columns:
# 242-285
name=unknown_E
#
# <colnr> <probs for GDERKNQSTAVLIFYWHMCP>
#	G	D	E	R	K	N	Q	S	T	A	V	L	I	F	Y	W	H	M	C	P
0	0.00664	0.00515	0.00534	0.00427	0.00566	0.04171	0.00347	0.64303	0.23385	0.02279	0.00534	0.00519	0.00387	0.00235	0.00191	0.00059	0.00200	0.00181	0.00189	0.00315
1	0.00249	0.00179	0.00229	0.00257	0.00276	0.00167	0.00174	0.00286	0.00372	0.00498	0.07768	0.61907	0.04814	0.14743	0.00351	0.00092	0.00124	0.05211	0.00169	0.02136
2	0.00689	0.06965	0.02425	0.00478	0.00587	0.77893	0.00373	0.06302	0.00546	0.00513	0.00303	0.00350	0.00250	0.00198	0.00175	0.00050	0.01444	0.00125	0.00102	0.00230
3	0.00250	0.00184	0.00228	0.00249	0.00274	0.00175	0.00171	0.00290	0.01521	0.00476	0.01645	0.46699	0.18275	0.16363	0.08102	0.01098	0.00157	0.02694	0.00159	0.00991
4	0.00487	0.00477	0.03669	0.00386	0.00485	0.15729	0.00912	0.10368	0.43338	0.00715	0.03690	0.09416	0.04826	0.04352	0.00231	0.00067	0.00188	0.00239	0.00168	0.00257
5	0.00408	0.03883	0.14429	0.04343	0.05653	0.05834	0.04660	0.04543	0.18096	0.01050	0.18307	0.02912	0.07817	0.03023	0.00235	0.00065	0.02821	0.01533	0.00148	0.00239
6	0.00340	0.00343	0.00287	0.00278	0.00342	0.18596	0.00208	0.00407	0.03519	0.00516	0.05937	0.05830	0.49484	0.03342	0.08349	0.00087	0.00188	0.01615	0.00155	0.00178
7	0.00299	0.00213	0.00246	0.00237	0.00301	0.00192	0.00182	0.00949	0.03779	0.07111	0.26409	0.05425	0.47944	0.00437	0.00224	0.00065	0.00107	0.05503	0.00191	0.00184
8	0.00414	0.08634	0.54320	0.00514	0.00731	0.03740	0.11343	0.02420	0.02226	0.01966	0.00431	0.01365	0.03216	0.00286	0.06740	0.00077	0.00284	0.00935	0.00096	0.00262
9	0.01044	0.03471	0.00441	0.00356	0.00454	0.07001	0.00709	0.26115	0.05103	0.19340	0.02353	0.11211	0.05080	0.10039	0.01262	0.00077	0.03059	0.02457	0.00175	0.00252
10	0.00460	0.00529	0.01103	0.00792	0.00981	0.04015	0.87923	0.00617	0.00453	0.00605	0.00382	0.00508	0.00288	0.00162	0.00223	0.00064	0.00322	0.00221	0.00097	0.00256
11	0.00450	0.00467	0.07084	0.18008	0.20525	0.00876	0.24184	0.09460	0.05056	0.02030	0.02745	0.00588	0.04501	0.00228	0.01935	0.00066	0.01219	0.00200	0.00115	0.00261
12	0.07977	0.00376	0.00415	0.00341	0.00456	0.05204	0.00276	0.19891	0.02041	0.31167	0.05502	0.00751	0.08592	0.00309	0.03465	0.00068	0.03253	0.03107	0.03701	0.03107
13	0.00300	0.00228	0.00258	0.00246	0.00310	0.00216	0.00187	0.00983	0.11893	0.03759	0.29559	0.03251	0.40626	0.03612	0.00247	0.00068	0.00111	0.03767	0.00189	0.00190
14	0.01772	0.00741	0.00286	0.00278	0.01530	0.02901	0.00192	0.02531	0.00302	0.00409	0.03878	0.01601	0.00410	0.01039	0.03236	0.72218	0.00178	0.01901	0.00096	0.04500
15	0.00271	0.00202	0.00245	0.00258	0.00274	0.02524	0.00173	0.00301	0.00323	0.00431	0.00743	0.31000	0.02633	0.36081	0.23500	0.00174	0.00244	0.00344	0.00133	0.00146
16	0.05015	0.00217	0.00239	0.00231	0.00291	0.00201	0.00171	0.00388	0.04053	0.07407	0.15471	0.09877	0.41846	0.08425	0.00278	0.00074	0.00114	0.01152	0.04372	0.00180
17	0.00261	0.00188	0.00229	0.00237	0.00274	0.00173	0.00170	0.00304	0.00412	0.01314	0.20970	0.19858	0.29901	0.10058	0.02814	0.06786	0.00128	0.05598	0.00170	0.00156
18	0.00439	0.00345	0.00405	0.00292	0.00460	0.00269	0.00235	0.04002	0.00425	0.06757	0.00371	0.00415	0.00297	0.00151	0.00146	0.00031	0.00145	0.00120	0.00124	0.84570
19	0.00235	0.00169	0.00222	0.00263	0.00276	0.00157	0.00177	0.00269	0.00366	0.00486	0.01066	0.85213	0.04362	0.03449	0.00266	0.00081	0.00114	0.02500	0.00175	0.00154
20	0.00270	0.00179	0.00225	0.00246	0.00262	0.00170	0.00162	0.00799	0.00347	0.02387	0.00926	0.50781	0.07404	0.24614	0.00463	0.06802	0.00135	0.01657	0.02025	0.00145
21	0.00395	0.00330	0.00383	0.00278	0.00438	0.00253	0.00222	0.01769	0.00406	0.00637	0.02120	0.00433	0.00323	0.00152	0.00143	0.00030	0.00138	0.00122	0.05274	0.86152
22	0.00252	0.00195	0.00233	0.00245	0.00290	0.00178	0.00183	0.00323	0.02853	0.00573	0.20053	0.25860	0.36720	0.00493	0.00234	0.00070	0.00109	0.10783	0.00184	0.00169
23	0.05771	0.00242	0.00282	0.00259	0.00306	0.00241	0.00181	0.07050	0.00397	0.15045	0.05629	0.09617	0.00719	0.46783	0.00592	0.01550	0.00166	0.02939	0.02051	0.00179
24	0.00233	0.00189	0.00207	0.00217	0.00269	0.00163	0.00160	0.00282	0.00427	0.00526	0.06692	0.19506	0.65357	0.00502	0.00231	0.00068	0.00103	0.04528	0.00179	0.00161
25	0.00252	0.00197	0.00221	0.00230	0.00277	0.00178	0.00171	0.00312	0.02284	0.00526	0.07430	0.11575	0.50692	0.11715	0.00320	0.00083	0.00119	0.11836	0.01421	0.00161
26	0.03926	0.00209	0.00251	0.00247	0.00267	0.01433	0.00165	0.00331	0.00302	0.03409	0.00569	0.03459	0.01441	0.50368	0.23932	0.07687	0.00261	0.00245	0.01356	0.00141
27	0.00274	0.00189	0.00228	0.00234	0.00242	0.00192	0.00147	0.00290	0.00305	0.00409	0.02067	0.12114	0.02578	0.65908	0.08641	0.00173	0.01422	0.04331	0.00127	0.00131
28	0.00234	0.00195	0.00205	0.00208	0.00270	0.00167	0.00160	0.00288	0.00440	0.00532	0.06475	0.01839	0.80193	0.00482	0.00228	0.00066	0.00103	0.07573	0.00179	0.00163
29	0.35165	0.00417	0.00426	0.00342	0.00477	0.00450	0.00282	0.34796	0.01429	0.21193	0.02972	0.00475	0.00357	0.00216	0.00165	0.00058	0.00173	0.00156	0.00175	0.00277
30	0.02388	0.00342	0.00392	0.00320	0.00433	0.00343	0.00257	0.25230	0.06356	0.29413	0.05281	0.00854	0.15915	0.02772	0.00213	0.00062	0.00153	0.00230	0.08779	0.00267
31	0.00242	0.00182	0.00225	0.00241	0.00276	0.00164	0.00172	0.00296	0.00433	0.00574	0.26982	0.42392	0.24748	0.00508	0.00234	0.00069	0.00102	0.01809	0.00186	0.00164
32	0.00852	0.00331	0.00446	0.00342	0.00490	0.00289	0.00283	0.03597	0.00556	0.89560	0.00744	0.00643	0.00468	0.00236	0.00192	0.00059	0.00164	0.00191	0.00235	0.00324
33	0.00382	0.00986	0.92311	0.00543	0.00825	0.00443	0.00704	0.00604	0.00403	0.00604	0.00342	0.00403	0.00242	0.00181	0.00181	0.00060	0.00282	0.00141	0.00081	0.00282
34	0.00463	0.00392	0.00409	0.00371	0.00471	0.01631	0.00287	0.01695	0.80270	0.00780	0.00765	0.03699	0.00591	0.00266	0.00191	0.00063	0.00148	0.00222	0.06999	0.00287
35	0.06008	0.00745	0.00526	0.00455	0.00570	0.60215	0.01280	0.16574	0.00590	0.10744	0.00373	0.00397	0.00283	0.00205	0.00175	0.00052	0.00289	0.00139	0.00131	0.00250
36	0.00360	0.00339	0.00572	0.92841	0.01313	0.00424	0.00530	0.00487	0.00381	0.00487	0.00339	0.00508	0.00254	0.00191	0.00191	0.00064	0.00254	0.00169	0.00085	0.00212
37	0.00646	0.00350	0.00429	0.00336	0.00481	0.00320	0.00271	0.02275	0.20132	0.46120	0.00640	0.00590	0.00442	0.00215	0.00178	0.00052	0.00155	0.00175	0.00193	0.26000
38	0.00395	0.00339	0.00395	0.00282	0.00452	0.00254	0.00226	0.00480	0.00395	0.00621	0.00339	0.00395	0.00282	0.00141	0.00141	0.00028	0.00141	0.00113	0.00113	0.94465
39	0.00280	0.00188	0.00218	0.00223	0.00227	0.00188	0.00135	0.00289	0.00294	0.00390	0.00643	0.01340	0.00735	0.83783	0.00898	0.00175	0.00184	0.09566	0.00122	0.00122
40	0.00510	0.93414	0.00999	0.00326	0.00489	0.00754	0.00326	0.00571	0.00387	0.00449	0.00265	0.00306	0.00245	0.00163	0.00122	0.00041	0.00204	0.00102	0.00082	0.00245
41	0.00298	0.00268	0.00265	0.00296	0.00319	0.12803	0.00203	0.00333	0.00389	0.00484	0.00947	0.80465	0.01122	0.00542	0.00234	0.00074	0.00143	0.00485	0.00166	0.00164
42	0.00524	0.00323	0.00469	0.00360	0.00494	0.00276	0.12044	0.00618	0.01777	0.31243	0.12521	0.05915	0.04788	0.00251	0.00190	0.00052	0.00161	0.00223	0.00172	0.27601
43	0.00384	0.02289	0.91024	0.00540	0.00820	0.00447	0.00699	0.00603	0.00402	0.00602	0.00341	0.00401	0.00242	0.00181	0.00180	0.00060	0.00281	0.00140	0.00081	0.00281

[dist]
# distance from previous block
# <min> <max>
0	5

[block]
# block no. 5 follows, 163 sequences, length 6
# corresponding to MSA columns:
# 292-297
name=unknown_F
#
# <colnr> <probs for GDERKNQSTAVLIFYWHMCP>
#	G	D	E	R	K	N	Q	S	T	A	V	L	I	F	Y	W	H	M	C	P
0	0.00352	0.00768	0.66609	0.00477	0.00690	0.00386	0.00574	0.00530	0.00376	0.00559	0.00389	0.00499	0.00307	0.00530	0.25983	0.00129	0.00346	0.00159	0.00087	0.00251
1	0.00570	0.00430	0.00509	0.00413	0.00529	0.00463	0.05969	0.60348	0.00720	0.00965	0.00619	0.26362	0.00584	0.00328	0.00208	0.00063	0.00189	0.00278	0.00181	0.00273
2	0.00418	0.26806	0.66803	0.00483	0.00731	0.00530	0.00599	0.00595	0.00398	0.00560	0.00321	0.00376	0.00242	0.00176	0.00165	0.00055	0.00260	0.00130	0.00081	0.00271
3	0.00232	0.00166	0.00221	0.00265	0.00277	0.00155	0.00177	0.00265	0.00365	0.00487	0.01051	0.93175	0.01261	0.00597	0.00243	0.00077	0.00111	0.00542	0.00177	0.00155
4	0.00445	0.00244	0.00318	0.00276	0.00354	0.00225	0.00215	0.00557	0.05910	0.26321	0.61147	0.01166	0.01357	0.00339	0.00214	0.00060	0.00114	0.00294	0.00216	0.00227
5	0.06244	0.00454	0.00512	0.00394	0.00543	0.00477	0.00326	0.55775	0.00745	0.31746	0.00545	0.00513	0.00367	0.00228	0.00187	0.00058	0.00190	0.00174	0.00202	0.00317

[dist]
# distance from previous block
# <min> <max>
0	2

[block]
# block no. 6 follows, 163 sequences, length 33
# corresponding to MSA columns:
# 300-332
name=unknown_G
#
# <colnr> <probs for GDERKNQSTAVLIFYWHMCP>
#	G	D	E	R	K	N	Q	S	T	A	V	L	I	F	Y	W	H	M	C	P
0	0.00323	0.00252	0.00307	0.00327	0.00364	0.05134	0.01865	0.00386	0.00400	0.00510	0.00847	0.01776	0.00926	0.26135	0.00453	0.00112	0.00190	0.59377	0.00153	0.00163
1	0.00484	0.00412	0.00435	0.00387	0.00496	0.00474	0.00302	0.06208	0.84398	0.00820	0.02891	0.00713	0.00596	0.00260	0.00195	0.00064	0.00153	0.00216	0.00194	0.00300
2	0.00389	0.05911	0.87446	0.00532	0.00807	0.00459	0.00684	0.00602	0.00402	0.00596	0.00338	0.00397	0.00242	0.00180	0.00178	0.00059	0.00278	0.00139	0.00081	0.00280
3	0.00360	0.00335	0.00473	0.00425	0.00435	0.00448	0.00345	0.00408	0.00303	0.00457	0.00398	0.09333	0.00409	0.00660	0.25887	0.00144	0.58677	0.00213	0.00097	0.00193
4	0.00753	0.00489	0.00544	0.00417	0.00569	0.00524	0.00345	0.71946	0.00821	0.20836	0.00521	0.00499	0.00356	0.00230	0.00191	0.00058	0.00200	0.00176	0.00200	0.00324
5	0.17183	0.00390	0.00450	0.00351	0.00495	0.00392	0.00290	0.25865	0.00604	0.51160	0.00586	0.00537	0.00385	0.00224	0.00179	0.00059	0.00173	0.00171	0.00203	0.00304
6	0.02029	0.00281	0.00327	0.00292	0.00365	0.00284	0.00228	0.21686	0.01494	0.02161	0.39787	0.06022	0.12809	0.04104	0.00248	0.00068	0.00133	0.07279	0.00192	0.00211
7	0.00358	0.00293	0.00325	0.00267	0.00379	0.00258	0.00210	0.10609	0.04240	0.00665	0.09454	0.01086	0.35573	0.00315	0.00191	0.00051	0.00128	0.01519	0.00159	0.33921
8	0.00276	0.00185	0.00208	0.00208	0.00209	0.00184	0.00116	0.00277	0.00281	0.00373	0.00632	0.01262	0.02871	0.91086	0.00953	0.00182	0.00183	0.00280	0.00117	0.00117
9	0.00372	0.00226	0.00293	0.00263	0.00327	0.00211	0.00202	0.00483	0.05399	0.14994	0.72957	0.01266	0.01528	0.00359	0.00218	0.00060	0.00104	0.00314	0.00213	0.00209
10	0.00289	0.00202	0.00240	0.00244	0.00262	0.00206	0.00161	0.02060	0.03663	0.00448	0.00736	0.12104	0.04419	0.56999	0.08383	0.00161	0.00197	0.07400	0.01684	0.00143
11	0.00273	0.00185	0.00214	0.00217	0.00221	0.00186	0.00127	0.00280	0.00288	0.00385	0.00660	0.06131	0.03476	0.79944	0.06499	0.00183	0.00198	0.00291	0.00120	0.00122
12	0.00277	0.00187	0.00218	0.00218	0.00221	0.00190	0.00127	0.00283	0.00280	0.00377	0.00592	0.01199	0.00672	0.84377	0.09864	0.00197	0.00216	0.00270	0.00114	0.00121
13	0.00241	0.00175	0.00229	0.00270	0.00285	0.00167	0.00182	0.00293	0.03702	0.00498	0.01041	0.89799	0.01236	0.00585	0.00242	0.00077	0.00112	0.00530	0.00178	0.00160
14	0.19800	0.00365	0.00426	0.00337	0.00477	0.00361	0.00277	0.12531	0.05569	0.56975	0.00617	0.00559	0.00405	0.00224	0.00177	0.00059	0.00165	0.00173	0.00204	0.00299
15	0.00382	0.00986	0.92311	0.00543	0.00825	0.00443	0.00704	0.00604	0.00403	0.00604	0.00342	0.00403	0.00242	0.00181	0.00181	0.00060	0.00282	0.00141	0.00081	0.00282
16	0.00272	0.00204	0.00306	0.00306	0.00340	0.00238	0.00238	0.00340	0.00306	0.00443	0.00511	0.00749	0.00477	0.01430	0.92544	0.00306	0.00511	0.00204	0.00102	0.00170
17	0.14460	0.00433	0.00455	0.00365	0.00499	0.05496	0.00297	0.30657	0.08231	0.32434	0.00556	0.00527	0.00382	0.00224	0.00177	0.00058	0.00182	0.00170	0.04103	0.00293
18	0.02449	0.00607	0.00535	0.00438	0.00568	0.25547	0.00352	0.57056	0.00751	0.03106	0.00475	0.00531	0.02523	0.00238	0.00188	0.00057	0.00240	0.03893	0.00164	0.00284
19	0.00239	0.00196	0.00213	0.00222	0.00280	0.00170	0.00172	0.00294	0.00434	0.00527	0.03431	0.05752	0.72220	0.00493	0.00232	0.00069	0.00109	0.14603	0.00177	0.00163
20	0.00265	0.00198	0.00241	0.00240	0.00287	0.00182	0.00177	0.00348	0.03805	0.01759	0.43107	0.19784	0.26626	0.00452	0.00228	0.00065	0.00100	0.01764	0.00193	0.00176
21	0.00262	0.00194	0.00240	0.00264	0.00288	0.00191	0.00180	0.00339	0.08114	0.00514	0.06071	0.58936	0.07050	0.12643	0.03701	0.00097	0.00136	0.00447	0.00170	0.00165
22	0.00271	0.00202	0.00254	0.00277	0.00319	0.00194	0.00222	0.00331	0.00406	0.00517	0.01216	0.09067	0.28493	0.11441	0.05415	0.00103	0.00166	0.40778	0.00165	0.00162
23	0.04456	0.00399	0.00418	0.00337	0.00449	0.00436	0.00274	0.54993	0.00694	0.01011	0.00509	0.00543	0.00379	0.00224	0.00167	0.00053	0.00164	0.00171	0.34057	0.00267
24	0.00407	0.00300	0.00326	0.00297	0.00379	0.00316	0.00228	0.03802	0.37338	0.07124	0.08665	0.02371	0.22054	0.05447	0.00242	0.00069	0.00132	0.01225	0.09043	0.00236
25	0.00256	0.00187	0.00231	0.00254	0.00279	0.00177	0.00173	0.02567	0.01986	0.00522	0.07943	0.59955	0.13450	0.10701	0.00317	0.00085	0.00118	0.00464	0.00173	0.00160
26	0.00477	0.00429	0.00410	0.00370	0.00465	0.11089	0.00284	0.09339	0.52086	0.01246	0.02510	0.07795	0.06952	0.04262	0.00803	0.00070	0.00175	0.00799	0.00177	0.00262
27	0.02786	0.00430	0.00471	0.00378	0.00506	0.03646	0.00307	0.38999	0.12084	0.24676	0.06476	0.00666	0.04752	0.01270	0.00208	0.00061	0.01592	0.00202	0.00196	0.00294
28	0.00246	0.00207	0.00218	0.00222	0.00279	0.01800	0.00166	0.00306	0.01835	0.00537	0.09344	0.12201	0.65513	0.00503	0.02312	0.00072	0.00115	0.03780	0.00177	0.00166
29	0.00247	0.00176	0.00228	0.00263	0.00276	0.00169	0.00175	0.00289	0.02419	0.00481	0.01866	0.73949	0.01155	0.13395	0.02041	0.00096	0.00130	0.02324	0.00168	0.00154
