[name]
nad2

[dist]
# distance from previous block
# <min> <max>
0	31

[block]
# block no. 0 follows, 110 sequences, length 11
# corresponding to MSA columns:
# 36-46
name=unknown_A
#
# <colnr> <probs for GDERKNQSTAVLIFYWHMCP>
#	G	D	E	R	K	N	Q	S	T	A	V	L	I	F	Y	W	H	M	C	P
0	0.00390	0.00323	0.00342	0.00349	0.00422	0.03402	0.00256	0.04478	0.02013	0.00793	0.09607	0.29640	0.43874	0.00684	0.00321	0.00095	0.00164	0.02354	0.00251	0.00243
1	0.00374	0.00256	0.00315	0.00346	0.00388	0.00235	0.00240	0.00432	0.00547	0.03821	0.05094	0.51548	0.19382	0.08493	0.00416	0.00115	0.00163	0.03125	0.04482	0.00227
2	0.01538	0.00418	0.00464	0.00427	0.00526	0.01411	0.01262	0.17505	0.12811	0.02182	0.01400	0.23353	0.20582	0.08887	0.03772	0.00121	0.00225	0.00466	0.02355	0.00298
3	0.00347	0.00252	0.00320	0.00363	0.00391	0.00238	0.00248	0.00413	0.02227	0.00712	0.07557	0.62596	0.08951	0.10012	0.00444	0.00122	0.00168	0.04177	0.00244	0.00221
4	0.00402	0.00295	0.00348	0.00366	0.00430	0.00277	0.00265	0.04447	0.04190	0.03627	0.01827	0.46462	0.30960	0.00723	0.00327	0.00101	0.00164	0.04288	0.00254	0.00249
5	0.00506	0.00366	0.00415	0.00408	0.00481	0.03969	0.00299	0.05838	0.07677	0.07727	0.16448	0.38398	0.07898	0.05497	0.00373	0.00105	0.00189	0.02873	0.00257	0.00276
6	0.00926	0.00542	0.00630	0.00500	0.00674	0.00556	0.00405	0.38174	0.03024	0.29345	0.08011	0.01010	0.04810	0.04496	0.01895	0.00096	0.00250	0.00295	0.03958	0.00403
7	0.00729	0.00812	0.00661	0.00704	0.13530	0.41160	0.00471	0.04388	0.02392	0.00805	0.11112	0.04984	0.13090	0.00404	0.00275	0.00080	0.00334	0.03569	0.00188	0.00311
8	0.04076	0.00497	0.00624	0.00480	0.00688	0.00453	0.00394	0.10003	0.04766	0.61213	0.00916	0.00826	0.00601	0.00312	0.00257	0.00077	0.00230	0.00249	0.00294	0.13044
9	0.00379	0.00266	0.00335	0.00353	0.00394	0.00251	0.00244	0.00466	0.03049	0.02817	0.27049	0.42267	0.08549	0.11759	0.00455	0.00118	0.00162	0.00596	0.00255	0.00233
10	0.00713	0.00571	0.00615	0.02036	0.00692	0.06469	0.02104	0.14323	0.29182	0.07828	0.00850	0.02437	0.02399	0.06860	0.05243	0.00110	0.00277	0.00276	0.01315	0.15699

[dist]
# distance from previous block
# <min> <max>
2	7

[block]
# block no. 1 follows, 110 sequences, length 18
# corresponding to MSA columns:
# 54-71
name=unknown_B
#
# <colnr> <probs for GDERKNQSTAVLIFYWHMCP>
#	G	D	E	R	K	N	Q	S	T	A	V	L	I	F	Y	W	H	M	C	P
0	0.00620	0.00625	0.00804	0.47631	0.06449	0.14465	0.04071	0.05794	0.00610	0.00756	0.00541	0.06304	0.00463	0.00354	0.02172	0.00095	0.06147	0.00264	0.00141	0.01693
1	0.00533	0.42598	0.08253	0.00428	0.00590	0.00655	0.00403	0.00624	0.00544	0.00674	0.01048	0.16254	0.16468	0.05270	0.02407	0.00096	0.00255	0.02441	0.00168	0.00292
2	0.00675	0.00563	0.00710	0.01668	0.24208	0.03174	0.00511	0.19394	0.13060	0.03171	0.02805	0.02793	0.12929	0.00414	0.01339	0.00089	0.00263	0.06946	0.00218	0.05070
3	0.00875	0.02022	0.02462	0.00566	0.00773	0.02794	0.00469	0.54296	0.07716	0.03808	0.00662	0.02841	0.00503	0.00314	0.00266	0.00075	0.01806	0.00241	0.00239	0.17274
4	0.00421	0.02154	0.02605	0.00359	0.00458	0.05437	0.00287	0.03091	0.00634	0.01782	0.08107	0.06472	0.59054	0.00632	0.01493	0.00095	0.03887	0.02546	0.00235	0.00252
5	0.00410	0.00321	0.00424	0.00427	0.00473	0.02057	0.03773	0.02945	0.04367	0.00727	0.05104	0.47203	0.02511	0.09677	0.15803	0.01484	0.01283	0.00552	0.00216	0.00241
6	0.00420	0.00313	0.00381	0.00376	0.00407	0.02423	0.00262	0.02586	0.00453	0.00621	0.00849	0.06702	0.02691	0.40671	0.34859	0.00296	0.02479	0.00361	0.02639	0.00213
7	0.00839	0.00765	0.00682	0.00580	0.00731	0.23170	0.00457	0.32107	0.14423	0.03203	0.04166	0.04527	0.04079	0.00408	0.02470	0.00091	0.04320	0.00278	0.01455	0.01250
8	0.00507	0.00477	0.00805	0.89922	0.01849	0.00596	0.00745	0.00686	0.00537	0.00686	0.00477	0.00716	0.00358	0.00268	0.00268	0.00089	0.00358	0.00239	0.00119	0.00298
9	0.00452	0.01585	0.02923	0.00404	0.03002	0.01569	0.02098	0.02959	0.04399	0.05865	0.15132	0.06091	0.49404	0.00580	0.00307	0.00089	0.00177	0.02440	0.00250	0.00275
10	0.07754	0.00554	0.00618	0.00511	0.00684	0.00591	0.00410	0.24599	0.26201	0.24209	0.04498	0.04628	0.00748	0.00362	0.00266	0.00085	0.00231	0.00292	0.02347	0.00412
11	0.00608	0.00413	0.00456	0.00397	0.00528	0.00401	0.00313	0.18925	0.05439	0.13061	0.03717	0.06131	0.45978	0.00547	0.00300	0.00089	0.00189	0.01922	0.00267	0.00317
12	0.00391	0.00329	0.00357	0.00375	0.02995	0.02394	0.00263	0.02549	0.06294	0.00786	0.08085	0.21172	0.49086	0.03264	0.00346	0.00098	0.00165	0.00555	0.00246	0.00251
13	0.00462	0.02100	0.00383	0.00343	0.00442	0.01547	0.00264	0.03058	0.03943	0.08349	0.21371	0.06430	0.46325	0.00590	0.00307	0.00089	0.00160	0.02325	0.01242	0.00270
14	0.00351	0.00255	0.00343	0.00378	0.00401	0.00241	0.02311	0.00400	0.00510	0.00681	0.05204	0.64300	0.02939	0.16972	0.00526	0.00135	0.00183	0.03422	0.00233	0.00214
15	0.00382	0.00279	0.00334	0.00354	0.00403	0.00263	0.00249	0.03971	0.01604	0.01947	0.06118	0.43941	0.23879	0.11373	0.00452	0.00120	0.00172	0.03684	0.00243	0.00232
16	0.01289	0.00328	0.00418	0.00416	0.00464	0.02924	0.00313	0.01373	0.02374	0.00661	0.00920	0.08748	0.06143	0.12635	0.53702	0.00317	0.02940	0.01821	0.01975	0.00238
17	0.00892	0.00526	0.00597	0.00483	0.00650	0.00547	0.00390	0.33018	0.10406	0.25195	0.00920	0.03289	0.02549	0.00349	0.00256	0.00080	0.00226	0.00279	0.18947	0.00400

[dist]
# distance from previous block
# <min> <max>
0	1

[block]
# block no. 2 follows, 110 sequences, length 9
# corresponding to MSA columns:
# 73-81
name=unknown_C
#
# <colnr> <probs for GDERKNQSTAVLIFYWHMCP>
#	G	D	E	R	K	N	Q	S	T	A	V	L	I	F	Y	W	H	M	C	P
0	0.02644	0.00291	0.00363	0.00375	0.00428	0.00279	0.00266	0.02117	0.02293	0.08907	0.10128	0.45672	0.06560	0.13186	0.01974	0.00129	0.00191	0.03703	0.00246	0.00248
1	0.00461	0.00383	0.00462	0.00446	0.00507	0.04550	0.03422	0.02331	0.05371	0.03649	0.04097	0.42382	0.16912	0.03750	0.00416	0.00106	0.09711	0.00555	0.00229	0.00260
2	0.03911	0.16667	0.00761	0.00492	0.00679	0.03945	0.00414	0.24607	0.05258	0.26041	0.05036	0.00890	0.06316	0.00340	0.00250	0.00078	0.00251	0.00262	0.03410	0.00393
3	0.00395	0.00289	0.00358	0.00366	0.00412	0.00296	0.00261	0.02045	0.05008	0.00692	0.02855	0.19980	0.14844	0.21326	0.22414	0.02445	0.00323	0.03069	0.02394	0.00227
4	0.02017	0.04469	0.00700	0.00653	0.07054	0.44605	0.00471	0.06915	0.04866	0.01989	0.04482	0.03492	0.04636	0.02549	0.05930	0.00104	0.00389	0.04184	0.00176	0.00318
5	0.08893	0.00711	0.00656	0.00550	0.00719	0.15973	0.00440	0.33256	0.14900	0.09341	0.02099	0.00848	0.02912	0.00342	0.00258	0.00082	0.00285	0.03189	0.04160	0.00387
6	0.05396	0.00288	0.00333	0.00372	0.00408	0.02145	0.00254	0.00449	0.03293	0.00717	0.01424	0.65511	0.08600	0.07276	0.02117	0.00122	0.00184	0.00650	0.00235	0.00228
7	0.00615	0.14186	0.00663	0.00481	0.00585	0.10257	0.00383	0.10028	0.05458	0.03097	0.00729	0.03638	0.02957	0.12884	0.28144	0.00212	0.04935	0.00281	0.00171	0.00294
8	0.00412	0.00335	0.00361	0.00359	0.00433	0.03354	0.00267	0.05254	0.02761	0.00816	0.14110	0.18490	0.37098	0.06644	0.02430	0.00113	0.00190	0.06079	0.00245	0.00246

[dist]
# distance from previous block
# <min> <max>
0	3

[block]
# block no. 3 follows, 110 sequences, length 37
# corresponding to MSA columns:
# 86-122
name=unknown_D
#
# <colnr> <probs for GDERKNQSTAVLIFYWHMCP>
#	G	D	E	R	K	N	Q	S	T	A	V	L	I	F	Y	W	H	M	C	P
0	0.00355	0.00277	0.00319	0.00341	0.00398	0.01036	0.00243	0.02838	0.00596	0.00762	0.09346	0.42953	0.35775	0.01734	0.00339	0.00100	0.00155	0.01948	0.00252	0.00232
1	0.29556	0.13287	0.12789	0.00586	0.05121	0.08889	0.03610	0.08163	0.05051	0.05569	0.01292	0.00607	0.01598	0.00317	0.02451	0.00088	0.00304	0.00200	0.00171	0.00350
2	0.00788	0.00688	0.04146	0.03852	0.28644	0.04095	0.02053	0.32191	0.08925	0.03681	0.05965	0.00789	0.00609	0.02018	0.00291	0.00085	0.00298	0.00262	0.00210	0.00411
3	0.84239	0.04206	0.00450	0.00367	0.00537	0.02300	0.00305	0.00811	0.00476	0.03820	0.00395	0.00451	0.00305	0.00251	0.00171	0.00082	0.00217	0.00150	0.00168	0.00298
4	0.00335	0.00266	0.00302	0.00312	0.00381	0.00233	0.00230	0.00412	0.00622	0.00790	0.19631	0.19989	0.51562	0.00688	0.00324	0.00094	0.00141	0.03198	0.00258	0.00231
5	0.80824	0.00556	0.00446	0.00388	0.00559	0.01870	0.00319	0.10675	0.00552	0.01252	0.00405	0.00460	0.00310	0.00258	0.00179	0.00083	0.00221	0.00157	0.00177	0.00310
6	0.00326	0.00257	0.00293	0.00316	0.00376	0.00225	0.00225	0.00389	0.00585	0.00735	0.08440	0.36486	0.48933	0.00733	0.00327	0.00097	0.00143	0.00637	0.00253	0.00225
7	0.00410	0.00318	0.00445	0.00431	0.00461	0.00377	0.00324	0.00477	0.00420	0.00602	0.00718	0.02912	0.00726	0.23547	0.54690	0.00343	0.12109	0.00315	0.00147	0.00227
8	0.52399	0.00637	0.00570	0.00474	0.00648	0.05360	0.00388	0.29421	0.00740	0.02762	0.00475	0.00521	0.00357	0.00285	0.00235	0.00083	0.03912	0.00184	0.00199	0.00349
9	0.87183	0.00520	0.00411	0.00363	0.00531	0.00598	0.00299	0.02301	0.00483	0.04792	0.00406	0.00459	0.00309	0.00254	0.00172	0.00083	0.00210	0.00152	0.00175	0.00300
10	0.00367	0.00264	0.00343	0.00387	0.00416	0.00255	0.00266	0.04930	0.00559	0.00750	0.04627	0.79195	0.01694	0.00846	0.03610	0.00118	0.00183	0.00708	0.00248	0.00232
11	0.00398	0.00267	0.00307	0.00314	0.00324	0.00266	0.00188	0.02465	0.00440	0.00596	0.00958	0.17909	0.01099	0.68701	0.01110	0.00221	0.00237	0.00450	0.03570	0.00183
12	0.00640	0.00681	0.00895	0.00735	0.00839	0.16234	0.21521	0.03861	0.01456	0.00745	0.00632	0.12873	0.01858	0.01951	0.02864	0.00110	0.31319	0.00325	0.00154	0.00305
13	0.04245	0.00357	0.00401	0.00365	0.00465	0.02064	0.00281	0.04010	0.06090	0.09000	0.41676	0.02540	0.25096	0.00528	0.00300	0.00086	0.00161	0.01041	0.01009	0.00285
14	0.00743	0.00651	0.01941	0.00568	0.00734	0.04680	0.00452	0.16631	0.67864	0.01198	0.00974	0.00909	0.00727	0.00351	0.00271	0.00088	0.00242	0.00285	0.00264	0.00425
15	0.04502	0.00635	0.00648	0.00558	0.01963	0.14358	0.03870	0.16323	0.16435	0.10301	0.11041	0.07095	0.02122	0.00409	0.01862	0.00089	0.01791	0.00309	0.00235	0.05455
16	0.00387	0.00327	0.00343	0.00339	0.00415	0.02970	0.00248	0.00515	0.08130	0.00783	0.13878	0.13326	0.47432	0.07190	0.01218	0.00107	0.01377	0.00526	0.00245	0.00245
17	0.00820	0.03902	0.00717	0.00574	0.00753	0.04291	0.00461	0.36051	0.45810	0.01310	0.00879	0.00836	0.01684	0.00343	0.00267	0.00085	0.00258	0.00271	0.00260	0.00428
18	0.00611	0.00665	0.01245	0.00931	0.01131	0.05736	0.58794	0.01453	0.01493	0.01401	0.02120	0.08385	0.02304	0.00380	0.03053	0.00104	0.08298	0.01408	0.00154	0.00333
19	0.01929	0.00425	0.00472	0.02166	0.00553	0.03163	0.01210	0.12075	0.09747	0.10388	0.10262	0.11760	0.24159	0.08804	0.00396	0.00105	0.00208	0.01623	0.00251	0.00304
20	0.00384	0.00266	0.00301	0.00307	0.00332	0.00255	0.00194	0.00408	0.00459	0.01741	0.01295	0.08330	0.18482	0.60600	0.01020	0.00207	0.00227	0.04814	0.00192	0.00187
21	0.00637	0.29678	0.17568	0.00681	0.00873	0.03774	0.12170	0.01499	0.00542	0.00730	0.03157	0.00592	0.00423	0.00315	0.00418	0.00086	0.26176	0.00215	0.00126	0.00339
22	0.01365	0.00329	0.00371	0.00356	0.00449	0.00315	0.00275	0.03452	0.09547	0.04485	0.18826	0.06317	0.38688	0.01554	0.00318	0.00093	0.00163	0.08051	0.04773	0.00271
23	0.00383	0.00258	0.00297	0.00303	0.00312	0.00254	0.00179	0.00399	0.00434	0.00585	0.05405	0.12146	0.03746	0.70817	0.01136	0.00224	0.00234	0.00441	0.02271	0.00178
24	0.00331	0.00266	0.00297	0.00314	0.00385	0.00232	0.00234	0.00401	0.00598	0.00739	0.06449	0.22039	0.58763	0.00714	0.00327	0.00097	0.00148	0.07186	0.00251	0.00228
25	0.00373	0.00260	0.00326	0.00341	0.00359	0.00264	0.00223	0.00411	0.00448	0.00611	0.04072	0.23692	0.02577	0.44826	0.18625	0.00245	0.00317	0.00467	0.01365	0.00197
26	0.00405	0.00279	0.00331	0.00342	0.00401	0.00254	0.00243	0.01497	0.01364	0.06323	0.06842	0.33219	0.31582	0.12006	0.00456	0.00119	0.00170	0.03685	0.00247	0.00237
27	0.00394	0.00301	0.00338	0.00337	0.00415	0.00279	0.00250	0.03709	0.05066	0.02121	0.14776	0.19305	0.43780	0.02694	0.00340	0.00097	0.00155	0.02966	0.02425	0.00250
28	0.34260	0.00589	0.00581	0.00479	0.00658	0.00655	0.00391	0.31022	0.14172	0.08966	0.00662	0.00665	0.00481	0.00302	0.00228	0.00082	0.00236	0.00219	0.04971	0.00381
29	0.04881	0.00502	0.00571	0.00471	0.00628	0.00511	0.00379	0.32246	0.01490	0.20833	0.05970	0.06058	0.13268	0.04796	0.00335	0.00095	0.00231	0.04578	0.00268	0.01891
30	0.00376	0.00269	0.00328	0.00352	0.00398	0.00252	0.00246	0.00463	0.03893	0.02707	0.11928	0.45334	0.18714	0.08877	0.00421	0.00114	0.00163	0.02887	0.02044	0.00233
31	0.00323	0.00271	0.00282	0.00283	0.00368	0.00230	0.00211	0.00394	0.00613	0.00742	0.07648	0.05756	0.78714	0.00706	0.02173	0.00098	0.00148	0.00563	0.00250	0.00228
32	0.00327	0.00236	0.00309	0.00366	0.00386	0.00219	0.00245	0.00375	0.00518	0.00685	0.01549	0.83583	0.07270	0.02099	0.00355	0.00110	0.00156	0.00745	0.00248	0.00218
33	0.00540	0.00530	0.00779	0.00636	0.00775	0.07672	0.26804	0.04650	0.07930	0.00856	0.08618	0.19800	0.14744	0.02248	0.00332	0.00096	0.00281	0.02197	0.00211	0.00301
34	0.04574	0.00342	0.00417	0.00410	0.00492	0.00330	0.00302	0.08070	0.02615	0.10415	0.02563	0.53828	0.04661	0.00650	0.00310	0.00097	0.00184	0.03451	0.00252	0.06038
35	0.04199	0.00521	0.02374	0.01393	0.00610	0.05563	0.00378	0.06173	0.39056	0.04156	0.00849	0.02214	0.03260	0.00531	0.00497	0.27180	0.00241	0.00276	0.00211	0.00315
36	0.16021	0.00567	0.02598	0.00479	0.00685	0.00545	0.00398	0.23464	0.04009	0.22416	0.00677	0.00693	0.00489	0.02070	0.01503	0.00081	0.00246	0.00217	0.00233	0.22610

[dist]
# distance from previous block
# <min> <max>
9	100

[block]
# block no. 4 follows, 110 sequences, length 7
# corresponding to MSA columns:
# 273-279
name=unknown_E
#
# <colnr> <probs for GDERKNQSTAVLIFYWHMCP>
#	G	D	E	R	K	N	Q	S	T	A	V	L	I	F	Y	W	H	M	C	P
0	0.00631	0.08351	0.02979	0.02214	0.07780	0.07253	0.12347	0.07921	0.05586	0.05409	0.06085	0.08577	0.13498	0.01995	0.02304	0.00097	0.06097	0.00350	0.00196	0.00329
1	0.07097	0.03037	0.02793	0.00583	0.06236	0.19053	0.02072	0.12367	0.00668	0.02670	0.00598	0.04075	0.00538	0.09165	0.07704	0.00118	0.00340	0.01527	0.00173	0.19187
2	0.00533	0.00533	0.07912	0.06840	0.13137	0.03089	0.00500	0.05730	0.09541	0.00841	0.05547	0.13199	0.00814	0.00822	0.23320	0.00176	0.02433	0.00335	0.00181	0.04517
3	0.11068	0.00442	0.00487	0.03712	0.00594	0.00451	0.00338	0.19663	0.02486	0.10934	0.03891	0.08639	0.26646	0.02043	0.02933	0.00099	0.00221	0.00382	0.01806	0.03165
4	0.03364	0.02739	0.00626	0.02814	0.13774	0.00485	0.03114	0.06269	0.16455	0.08349	0.04173	0.04597	0.22399	0.00425	0.00278	0.00084	0.00222	0.02101	0.02250	0.05482
5	0.00612	0.18774	0.44969	0.00733	0.07510	0.08414	0.02927	0.00836	0.03359	0.00787	0.00563	0.08302	0.00488	0.00304	0.00248	0.00080	0.00352	0.00243	0.00135	0.00366
6	0.00378	0.00283	0.00403	0.00403	0.00450	0.00318	0.00307	0.00462	0.00443	0.00621	0.00904	0.01258	0.08298	0.10907	0.72848	0.00385	0.00622	0.00322	0.00155	0.00231

[dist]
# distance from previous block
# <min> <max>
0	1

[block]
# block no. 5 follows, 110 sequences, length 7
# corresponding to MSA columns:
# 281-287
name=unknown_F
#
# <colnr> <probs for GDERKNQSTAVLIFYWHMCP>
#	G	D	E	R	K	N	Q	S	T	A	V	L	I	F	Y	W	H	M	C	P
0	0.00331	0.00245	0.00310	0.00352	0.00386	0.00223	0.00242	0.00390	0.00558	0.00735	0.11264	0.65716	0.16703	0.00781	0.00335	0.00103	0.00149	0.00699	0.00254	0.00223
1	0.00349	0.00284	0.00313	0.00320	0.00400	0.00254	0.00242	0.00456	0.04477	0.00782	0.11706	0.12015	0.59304	0.00674	0.00322	0.00095	0.00149	0.07364	0.00255	0.00239
2	0.00409	0.00290	0.00341	0.00334	0.00413	0.00262	0.00248	0.00521	0.04257	0.06577	0.27095	0.18383	0.38605	0.00636	0.00317	0.00092	0.00146	0.00549	0.00269	0.00256
3	0.00346	0.00257	0.00347	0.00381	0.00412	0.00239	0.02634	0.00401	0.00530	0.00703	0.05837	0.66319	0.08864	0.08251	0.00424	0.00119	0.00172	0.03302	0.00241	0.00221
4	0.00386	0.00264	0.00307	0.00313	0.00324	0.00263	0.00192	0.00403	0.00422	0.00559	0.01000	0.05327	0.05705	0.73136	0.04867	0.00244	0.00268	0.05669	0.00175	0.00177
5	0.00721	0.00569	0.00573	0.00480	0.00630	0.06482	0.00381	0.36470	0.09206	0.03718	0.10646	0.01345	0.24163	0.00442	0.00283	0.00083	0.00233	0.00356	0.02862	0.00355
6	0.00576	0.00473	0.00501	0.00458	0.00574	0.02925	0.00350	0.14625	0.30802	0.01044	0.11034	0.17595	0.16899	0.00519	0.00297	0.00091	0.00199	0.00441	0.00262	0.00335

[dist]
# distance from previous block
# <min> <max>
0	1

[block]
# block no. 6 follows, 110 sequences, length 82
# corresponding to MSA columns:
# 289-370
name=unknown_G
#
# <colnr> <probs for GDERKNQSTAVLIFYWHMCP>
#	G	D	E	R	K	N	Q	S	T	A	V	L	I	F	Y	W	H	M	C	P
0	0.00479	0.00364	0.00419	0.00417	0.00496	0.00376	0.00309	0.07932	0.18974	0.01444	0.02882	0.38733	0.12350	0.02600	0.01043	0.00104	0.00187	0.05078	0.04497	0.01316
1	0.92463	0.00519	0.00394	0.00353	0.00519	0.00602	0.00291	0.00789	0.00457	0.01204	0.00374	0.00436	0.00291	0.00249	0.00166	0.00083	0.00208	0.00145	0.00166	0.00291
2	0.11630	0.00514	0.00610	0.00495	0.00679	0.00512	0.00411	0.21808	0.01511	0.45306	0.00921	0.01047	0.00678	0.00369	0.00268	0.00087	0.00242	0.10544	0.01960	0.00409
3	0.00626	0.00474	0.00519	0.00451	0.00579	0.00502	0.00355	0.29038	0.15157	0.01173	0.15076	0.08247	0.18633	0.00485	0.00290	0.00087	0.00202	0.02320	0.05447	0.00339
4	0.00422	0.00291	0.00346	0.00359	0.00389	0.00291	0.00238	0.07976	0.00535	0.00727	0.01130	0.42250	0.01292	0.35454	0.00724	0.00163	0.00208	0.01983	0.05004	0.00219
5	0.00327	0.00234	0.00311	0.00372	0.00389	0.00218	0.00248	0.00374	0.00516	0.00686	0.01500	0.88891	0.03263	0.00838	0.00342	0.00109	0.00155	0.00760	0.00249	0.00218
6	0.00359	0.00274	0.00333	0.00346	0.00413	0.00249	0.00267	0.00452	0.00646	0.00843	0.29142	0.14267	0.34493	0.00672	0.00330	0.00097	0.00156	0.16161	0.00263	0.00237
7	0.01899	0.00730	0.00784	0.00605	0.00816	0.00805	0.00499	0.80888	0.03639	0.04738	0.00671	0.00665	0.00474	0.00323	0.00267	0.00081	0.00288	0.00243	0.01134	0.00452
8	0.00909	0.00659	0.00709	0.00566	0.00754	0.00729	0.00460	0.57730	0.20553	0.05626	0.00782	0.00765	0.00565	0.00331	0.00263	0.00082	0.00260	0.00257	0.07567	0.00433
9	0.05873	0.00763	0.00717	0.00578	0.00763	0.16482	0.00466	0.50809	0.02066	0.11575	0.00656	0.00674	0.00475	0.01300	0.01736	0.00086	0.00315	0.00231	0.04029	0.00406
10	0.00732	0.86065	0.01373	0.00471	0.00696	0.05673	0.00462	0.00818	0.00557	0.00633	0.00375	0.00433	0.00344	0.00232	0.00176	0.00058	0.00297	0.00145	0.00116	0.00343
11	0.00327	0.00238	0.00307	0.00361	0.00384	0.00220	0.00242	0.00375	0.00522	0.00686	0.01604	0.78714	0.11441	0.02753	0.00362	0.00110	0.00156	0.00733	0.00247	0.00218
12	0.02394	0.00278	0.00322	0.00312	0.00387	0.00249	0.00233	0.00459	0.00685	0.00923	0.48864	0.04380	0.38343	0.00604	0.00314	0.00088	0.00133	0.00518	0.00272	0.00242
13	0.00972	0.00728	0.00778	0.00608	0.00814	0.00810	0.00498	0.76044	0.13295	0.01613	0.00706	0.00694	0.00507	0.00328	0.00269	0.00082	0.00284	0.00250	0.00269	0.00452
14	0.00365	0.00279	0.00340	0.00366	0.00432	0.00256	0.00289	0.00453	0.00614	0.00783	0.12337	0.14400	0.36959	0.02479	0.00359	0.00106	0.00176	0.28522	0.00252	0.00234
15	0.00387	0.00273	0.00359	0.00359	0.00382	0.00296	0.00246	0.00433	0.00410	0.00570	0.00785	0.01419	0.00829	0.48045	0.43688	0.00342	0.00480	0.00341	0.00154	0.00200
16	0.00326	0.00236	0.00309	0.00367	0.00387	0.00219	0.00246	0.00374	0.00521	0.00688	0.01564	0.84400	0.07713	0.00830	0.00341	0.00108	0.00154	0.00750	0.00249	0.00219
17	0.01000	0.00674	0.00738	0.00571	0.00773	0.00730	0.00470	0.69235	0.02235	0.12787	0.00720	0.00710	0.00505	0.00323	0.00263	0.00080	0.00273	0.00247	0.07227	0.00440
18	0.00318	0.00269	0.00275	0.00281	0.00365	0.00226	0.00208	0.00384	0.00603	0.00722	0.02612	0.10165	0.81271	0.00694	0.00319	0.00092	0.00138	0.00583	0.00249	0.00226
19	0.00538	0.01388	0.89177	0.00765	0.01162	0.00623	0.00992	0.00850	0.00567	0.00850	0.00482	0.00567	0.00340	0.00255	0.00255	0.00085	0.00397	0.00198	0.00113	0.00397
20	0.00327	0.00234	0.00311	0.00374	0.00389	0.00218	0.00249	0.00374	0.00514	0.00685	0.01479	0.90392	0.01775	0.00841	0.00343	0.00109	0.00156	0.00763	0.00249	0.00218
21	0.00633	0.00724	0.01584	0.01131	0.01403	0.00679	0.87919	0.00860	0.00633	0.00860	0.00543	0.00724	0.00407	0.00226	0.00317	0.00090	0.00452	0.00317	0.00136	0.00362
22	0.01020	0.00752	0.00805	0.00618	0.00832	0.00832	0.00510	0.87998	0.01262	0.01692	0.00644	0.00644	0.00456	0.00322	0.00268	0.00081	0.00295	0.00242	0.00268	0.00456
23	0.00382	0.00271	0.00360	0.00364	0.00388	0.00292	0.00251	0.00431	0.00419	0.00582	0.00835	0.08336	0.00894	0.41836	0.42826	0.00329	0.00468	0.00371	0.00160	0.00203
24	0.66757	0.00528	0.00473	0.00398	0.00577	0.00581	0.00328	0.08551	0.00582	0.15792	0.00514	0.00537	0.00370	0.00268	0.00193	0.00082	0.00219	0.00175	0.00202	0.02874
25	0.00341	0.00244	0.00324	0.00364	0.00392	0.00227	0.00250	0.00409	0.00580	0.00790	0.24786	0.66788	0.01977	0.00763	0.00336	0.00102	0.00148	0.00689	0.00262	0.00227
26	0.00383	0.00288	0.00431	0.00431	0.00479	0.00335	0.00335	0.00479	0.00431	0.00623	0.00719	0.01054	0.00671	0.02013	0.89504	0.00431	0.00719	0.00288	0.00144	0.00240
27	0.00326	0.00261	0.00292	0.00307	0.00374	0.00227	0.00222	0.00394	0.00599	0.00749	0.10959	0.27436	0.55488	0.00712	0.00324	0.00095	0.00141	0.00614	0.00254	0.00227
28	0.00329	0.00237	0.00311	0.00367	0.00387	0.00220	0.00246	0.00378	0.00523	0.00695	0.03840	0.82855	0.05797	0.01987	0.00354	0.00109	0.00155	0.00742	0.00249	0.00219
29	0.00998	0.00573	0.00656	0.00514	0.00702	0.00593	0.00421	0.43411	0.03166	0.31370	0.00831	0.00798	0.00570	0.00325	0.00257	0.00079	0.00245	0.00254	0.13810	0.00425
30	0.00741	0.00592	0.00630	0.00547	0.00709	0.00673	0.00431	0.15491	0.68501	0.04517	0.01012	0.00940	0.00751	0.00355	0.00270	0.00088	0.00224	0.00291	0.02812	0.00426
31	0.00332	0.00253	0.00307	0.00344	0.00390	0.00227	0.00244	0.00393	0.00564	0.00722	0.05741	0.51622	0.31654	0.00767	0.00334	0.00102	0.00153	0.05376	0.00251	0.00224
32	0.00387	0.00293	0.00431	0.00429	0.00475	0.00341	0.00332	0.00478	0.00433	0.00621	0.00752	0.01100	0.02283	0.05532	0.82353	0.00411	0.02670	0.00296	0.00146	0.00237
33	0.00515	0.00485	0.00819	0.85468	0.06241	0.00598	0.00749	0.00693	0.00540	0.00695	0.00478	0.00713	0.00361	0.00267	0.00268	0.00089	0.00356	0.00239	0.00120	0.00305
34	0.00830	0.37808	0.08906	0.00604	0.00797	0.42305	0.00539	0.00927	0.00643	0.00663	0.00402	0.00473	0.00345	0.00262	0.00237	0.00067	0.03567	0.00165	0.00126	0.00332
35	0.00994	0.02383	0.00801	0.00608	0.00816	0.01882	0.00501	0.82739	0.01219	0.01628	0.00657	0.02645	0.00486	0.01028	0.00277	0.00082	0.00294	0.00252	0.00263	0.00445
36	0.01717	0.02276	0.84883	0.00779	0.03398	0.00628	0.00973	0.00848	0.00566	0.00853	0.00480	0.00566	0.00342	0.00254	0.00253	0.00085	0.00391	0.00198	0.00115	0.00395
37	0.00718	0.00548	0.00592	0.00523	0.02115	0.05605	0.00396	0.37437	0.01617	0.04425	0.00943	0.33896	0.00945	0.00510	0.00299	0.01280	0.00244	0.00426	0.00244	0.07239
38	0.01100	0.00601	0.00710	0.00545	0.00754	0.00611	0.00450	0.44504	0.01014	0.44191	0.02180	0.00796	0.00589	0.00330	0.00270	0.00082	0.00260	0.00259	0.00300	0.00454
39	0.00639	0.00552	0.00580	0.00524	0.00671	0.00632	0.00407	0.01341	0.81231	0.01090	0.01225	0.01131	0.08011	0.00390	0.00277	0.00091	0.00206	0.00325	0.00271	0.00409
40	0.06576	0.00675	0.00739	0.04029	0.02848	0.01554	0.00488	0.57007	0.11892	0.09263	0.00711	0.00715	0.00510	0.01419	0.00276	0.00085	0.00278	0.00247	0.00257	0.00431
41	0.21952	0.00500	0.00589	0.00463	0.00662	0.00485	0.00382	0.09721	0.00746	0.60484	0.00862	0.00778	0.00559	0.00312	0.00246	0.00083	0.00230	0.00239	0.00288	0.00419
42	0.85910	0.00521	0.00415	0.00365	0.00534	0.00597	0.00301	0.02729	0.00490	0.05592	0.00414	0.00464	0.00313	0.00255	0.00174	0.00083	0.00211	0.00154	0.00177	0.00303
43	0.00327	0.00234	0.00311	0.00374	0.00389	0.00218	0.00249	0.00374	0.00514	0.00685	0.01479	0.90392	0.01775	0.00841	0.00343	0.00109	0.00156	0.00763	0.00249	0.00218
44	0.00608	0.00553	0.00800	0.01070	0.45628	0.00575	0.00601	0.00935	0.27222	0.00928	0.01016	0.01153	0.11634	0.00363	0.00281	0.00087	0.00259	0.05699	0.00197	0.00389
45	0.00383	0.00288	0.00431	0.00431	0.00479	0.00335	0.00335	0.00479	0.00431	0.00623	0.00719	0.01054	0.00671	0.02013	0.89504	0.00431	0.00719	0.00288	0.00144	0.00240
46	0.00390	0.00260	0.00293	0.00293	0.00293	0.00260	0.00163	0.00390	0.00390	0.00520	0.00846	0.01756	0.00976	0.90568	0.01366	0.00260	0.00260	0.00390	0.00163	0.00163
47	0.00327	0.00234	0.00311	0.00374	0.00389	0.00218	0.00249	0.00374	0.00514	0.00685	0.01479	0.90392	0.01775	0.00841	0.00343	0.00109	0.00156	0.00763	0.00249	0.00218
48	0.00328	0.00238	0.00311	0.00366	0.00388	0.00220	0.00246	0.00379	0.00529	0.00702	0.04814	0.81548	0.07300	0.00820	0.00340	0.00107	0.00153	0.00740	0.00251	0.00220
49	0.92463	0.00519	0.00394	0.00353	0.00519	0.00602	0.00291	0.00789	0.00457	0.01204	0.00374	0.00436	0.00291	0.00249	0.00166	0.00083	0.00208	0.00145	0.00166	0.00291
50	0.73234	0.00533	0.00456	0.00391	0.00564	0.00601	0.00322	0.09715	0.00570	0.09696	0.00473	0.00510	0.00348	0.00265	0.00187	0.00083	0.00218	0.00168	0.01341	0.00323
51	0.00328	0.00234	0.00311	0.00372	0.00388	0.00219	0.00248	0.00374	0.00512	0.00682	0.01468	0.88855	0.01761	0.02398	0.00360	0.00112	0.00158	0.00757	0.00248	0.00217
52	0.02397	0.00704	0.00772	0.00593	0.00806	0.00764	0.00490	0.73811	0.01177	0.14689	0.00702	0.00681	0.00485	0.00323	0.00267	0.00081	0.00284	0.00244	0.00276	0.00454
53	0.01020	0.00752	0.00805	0.00618	0.00832	0.00832	0.00510	0.87998	0.01262	0.01692	0.00644	0.00644	0.00456	0.00322	0.00268	0.00081	0.00295	0.00242	0.00268	0.00456
54	0.01451	0.00313	0.00333	0.00304	0.00394	0.00314	0.00235	0.06698	0.01723	0.10293	0.00877	0.00962	0.00668	0.00315	0.00203	0.00066	0.00149	0.00251	0.74162	0.00289
55	0.00358	0.00253	0.00297	0.00318	0.00337	0.00241	0.00199	0.00385	0.00469	0.00614	0.02512	0.32348	0.13737	0.45751	0.00851	0.00182	0.00205	0.00545	0.00206	0.00192
56	0.00319	0.00271	0.00273	0.00274	0.00361	0.00227	0.00204	0.00385	0.00604	0.00719	0.02646	0.04084	0.84847	0.03167	0.00347	0.00096	0.00140	0.00565	0.00247	0.00225
57	0.00327	0.00234	0.00311	0.00374	0.00389	0.00218	0.00249	0.00374	0.00514	0.00685	0.01479	0.90392	0.01775	0.00841	0.00343	0.00109	0.00156	0.00763	0.00249	0.00218
58	0.00331	0.00235	0.00310	0.00369	0.00383	0.00221	0.00244	0.00375	0.00506	0.00675	0.01439	0.84704	0.01724	0.06599	0.00408	0.00119	0.00162	0.00739	0.00244	0.00214
59	0.85747	0.00526	0.00419	0.00368	0.00537	0.00604	0.00303	0.04266	0.00499	0.04198	0.00408	0.00460	0.00310	0.00255	0.00174	0.00083	0.00212	0.00153	0.00176	0.00303
60	0.00785	0.00571	0.00629	0.00521	0.00687	0.00621	0.01852	0.32967	0.30673	0.08084	0.01058	0.02153	0.09145	0.00376	0.00269	0.00084	0.00232	0.00305	0.08588	0.00400
61	0.41123	0.00556	0.00554	0.00451	0.00634	0.00601	0.00371	0.25248	0.01364	0.20405	0.02475	0.00656	0.00484	0.00297	0.00222	0.00082	0.00232	0.00211	0.03663	0.00372
62	0.00328	0.00237	0.00308	0.00365	0.00385	0.00220	0.00244	0.00375	0.00516	0.00683	0.01537	0.82359	0.07108	0.03490	0.00371	0.00112	0.00158	0.00740	0.00247	0.00217
63	0.00332	0.00257	0.00304	0.00332	0.00384	0.00231	0.00234	0.00404	0.01793	0.00740	0.09275	0.46422	0.36839	0.00745	0.00329	0.00099	0.00146	0.00654	0.00253	0.00227
64	0.00383	0.00288	0.00431	0.00431	0.00479	0.00335	0.00335	0.00479	0.00431	0.00623	0.00719	0.01054	0.00671	0.02013	0.89504	0.00431	0.00719	0.00288	0.00144	0.00240
65	0.08131	0.00524	0.00614	0.00489	0.00677	0.02478	0.00398	0.15689	0.07755	0.51896	0.04710	0.00924	0.02724	0.01405	0.00277	0.00085	0.00236	0.00274	0.00294	0.00421
66	0.00716	0.00802	0.00581	0.00552	0.01614	0.46110	0.00399	0.02712	0.00618	0.00651	0.00633	0.06689	0.00628	0.18366	0.17592	0.00179	0.00458	0.00278	0.00154	0.00267
67	0.00799	0.00629	0.00672	0.00561	0.00733	0.00708	0.00449	0.39042	0.43884	0.01341	0.00933	0.02845	0.02636	0.00392	0.01858	0.00093	0.00253	0.00292	0.01456	0.00424
68	0.90955	0.00523	0.00401	0.00357	0.00524	0.00606	0.00294	0.02227	0.00470	0.01212	0.00378	0.00439	0.00293	0.00250	0.00168	0.00083	0.00209	0.00147	0.00168	0.00293
69	0.00486	0.01893	0.00458	0.01438	0.00532	0.00415	0.00326	0.06070	0.27462	0.00914	0.08642	0.43924	0.05132	0.00615	0.00310	0.00098	0.00183	0.00543	0.00258	0.00302
70	0.00681	0.00583	0.00614	0.00549	0.00703	0.00674	0.00428	0.04656	0.85157	0.01144	0.01076	0.00988	0.00806	0.00363	0.00273	0.00091	0.00216	0.00301	0.00273	0.00426
71	0.00928	0.01017	0.00793	0.00675	0.00833	0.52825	0.06189	0.23026	0.00851	0.00936	0.00524	0.00600	0.01027	0.00399	0.05872	0.00097	0.01163	0.00211	0.01688	0.00345
72	0.00350	0.00246	0.00309	0.00350	0.00365	0.00234	0.00228	0.00387	0.00485	0.00644	0.02376	0.57340	0.03531	0.28279	0.00656	0.00155	0.00190	0.03450	0.00223	0.00203
73	0.00632	0.48047	0.43338	0.00605	0.00915	0.00852	0.00714	0.00826	0.00556	0.00736	0.00425	0.00496	0.00342	0.00242	0.00212	0.00071	0.00339	0.00170	0.00114	0.00369
74	0.37708	0.00670	0.00627	0.00507	0.00697	0.05695	0.00415	0.42689	0.00880	0.06927	0.00549	0.00569	0.00397	0.00291	0.00226	0.00081	0.00267	0.00201	0.00224	0.00382
75	0.00339	0.00263	0.00309	0.00325	0.00382	0.00241	0.00234	0.00404	0.00563	0.00717	0.08452	0.25853	0.42102	0.07979	0.08262	0.00139	0.00205	0.02772	0.00236	0.00223
76	0.00425	0.00326	0.00466	0.00449	0.00509	0.01290	0.01796	0.04589	0.00478	0.00680	0.00714	0.01038	0.00660	0.03806	0.79872	0.00397	0.00675	0.00286	0.01292	0.00251
77	0.00623	0.01974	0.00525	0.00447	0.00573	0.03049	0.00354	0.27667	0.04390	0.03995	0.13872	0.10613	0.24437	0.00525	0.00305	0.00089	0.01038	0.04943	0.00259	0.00322
78	0.00330	0.00257	0.00297	0.00325	0.00380	0.00228	0.00231	0.00391	0.00569	0.00715	0.04483	0.38513	0.44780	0.03432	0.00361	0.00104	0.00152	0.03981	0.00248	0.00223
79	0.02116	0.00495	0.00472	0.00436	0.00548	0.09538	0.00332	0.05555	0.26431	0.03274	0.07697	0.08116	0.22176	0.02229	0.02487	0.00098	0.00223	0.00392	0.07068	0.00315
80	0.05310	0.00833	0.00795	0.00630	0.00829	0.16765	0.02653	0.65020	0.02213	0.01455	0.00593	0.00612	0.00432	0.00309	0.00260	0.00079	0.00328	0.00227	0.00237	0.00420
81	0.00395	0.02311	0.00374	0.00358	0.00429	0.02269	0.00267	0.00520	0.05922	0.01501	0.28769	0.24681	0.26697	0.00642	0.00318	0.00093	0.00159	0.03784	0.00260	0.00252

[dist]
# distance from previous block
# <min> <max>
5	59

[block]
# block no. 7 follows, 110 sequences, length 27
# corresponding to MSA columns:
# 468-494
name=unknown_H
#
# <colnr> <probs for GDERKNQSTAVLIFYWHMCP>
#	G	D	E	R	K	N	Q	S	T	A	V	L	I	F	Y	W	H	M	C	P
0	0.37989	0.01195	0.00453	0.00407	0.00528	0.00480	0.00324	0.03864	0.04037	0.06329	0.00653	0.02448	0.02036	0.02616	0.32972	0.00214	0.00399	0.00238	0.00178	0.02641
1	0.00365	0.00268	0.00303	0.00317	0.00373	0.00244	0.00221	0.00439	0.02575	0.02326	0.05311	0.28731	0.39081	0.13614	0.00468	0.00119	0.00162	0.00572	0.04284	0.00226
2	0.00804	0.04956	0.04359	0.00587	0.00741	0.25115	0.01526	0.24219	0.04746	0.03821	0.02915	0.07827	0.02555	0.03208	0.00342	0.00087	0.06657	0.01667	0.00200	0.03667
3	0.00347	0.00262	0.00316	0.00344	0.00390	0.00246	0.00245	0.00414	0.01575	0.00693	0.01741	0.38255	0.29874	0.09990	0.07587	0.00144	0.00211	0.05655	0.01492	0.00221
4	0.41250	0.00600	0.00584	0.00472	0.00660	0.00662	0.00388	0.36960	0.00812	0.05804	0.00542	0.00577	0.00400	0.00331	0.02713	0.00089	0.00258	0.00198	0.01358	0.05341
5	0.00351	0.00247	0.00318	0.00357	0.00388	0.00228	0.00243	0.00408	0.00549	0.02333	0.11428	0.65303	0.10288	0.05739	0.00392	0.00112	0.00158	0.00683	0.00251	0.00224
6	0.00358	0.00276	0.00326	0.00343	0.00400	0.00256	0.00244	0.01638	0.04474	0.00795	0.16770	0.39210	0.30837	0.02366	0.00344	0.00100	0.00150	0.00616	0.00257	0.00238
7	0.00340	0.00257	0.00297	0.00320	0.00368	0.00232	0.00222	0.00396	0.00553	0.00706	0.06635	0.33915	0.37083	0.13560	0.00475	0.00121	0.00163	0.02591	0.01549	0.00217
8	0.00352	0.00273	0.00311	0.00329	0.00392	0.00247	0.00247	0.00419	0.00572	0.00711	0.03717	0.11904	0.48041	0.14331	0.00489	0.00124	0.00178	0.16906	0.00237	0.00220
9	0.10218	0.00481	0.00517	0.00446	0.00575	0.00512	0.00348	0.25841	0.10680	0.06716	0.07975	0.03760	0.11595	0.14472	0.00446	0.00115	0.00228	0.04504	0.00244	0.00329
10	0.00378	0.00281	0.00333	0.00323	0.00397	0.00254	0.00241	0.01559	0.01603	0.02328	0.44409	0.10189	0.33933	0.00611	0.00315	0.00089	0.00137	0.00528	0.01842	0.00248
11	0.84357	0.00514	0.00415	0.00364	0.00534	0.00584	0.00300	0.00835	0.00484	0.09010	0.00435	0.00478	0.00324	0.00257	0.00175	0.00083	0.00209	0.00156	0.00181	0.00305
12	0.00377	0.00258	0.00310	0.00321	0.00330	0.00258	0.00197	0.00400	0.00436	0.00589	0.05713	0.18259	0.01187	0.62366	0.07672	0.00235	0.00268	0.00457	0.00185	0.00184
13	0.00327	0.00234	0.00311	0.00374	0.00389	0.00218	0.00249	0.00374	0.00514	0.00685	0.01479	0.90392	0.01775	0.00841	0.00343	0.00109	0.00156	0.00763	0.00249	0.00218
14	0.00381	0.00261	0.00291	0.00293	0.00303	0.00256	0.00169	0.00389	0.00416	0.00546	0.01052	0.04688	0.09696	0.78783	0.01229	0.00239	0.00245	0.00420	0.00174	0.00171
15	0.00664	0.00638	0.01089	0.01647	0.88893	0.00638	0.00824	0.00824	0.00611	0.00877	0.00505	0.00664	0.00425	0.00239	0.00266	0.00080	0.00319	0.00239	0.00133	0.00425
16	0.00342	0.00271	0.00308	0.00305	0.00381	0.00237	0.00228	0.00431	0.00660	0.00850	0.33488	0.07136	0.51581	0.00643	0.00319	0.00090	0.00136	0.02091	0.00266	0.00236
17	0.05194	0.00624	0.00710	0.00545	0.00757	0.00645	0.00450	0.49374	0.01017	0.31820	0.00766	0.00723	0.00518	0.00316	0.00261	0.00079	0.00263	0.00243	0.00280	0.05415
18	0.02845	0.00483	0.00634	0.00487	0.00694	0.00435	0.00402	0.08573	0.00804	0.80151	0.01012	0.00882	0.00640	0.00330	0.00268	0.00083	0.00234	0.00265	0.00324	0.00454
19	0.01185	0.00468	0.00627	0.00483	0.00689	0.00413	0.00398	0.03555	0.03154	0.84436	0.01049	0.00909	0.00663	0.00333	0.00270	0.00083	0.00230	0.00270	0.00329	0.00456
20	0.00557	0.00477	0.00557	0.00398	0.00636	0.00358	0.00318	0.00676	0.00557	0.00875	0.00477	0.00557	0.00398	0.00199	0.00199	0.00040	0.00199	0.00159	0.00159	0.92208
21	0.00373	0.00253	0.00298	0.00315	0.00319	0.00249	0.00187	0.00386	0.00424	0.00566	0.01021	0.26259	0.01197	0.65764	0.01083	0.00218	0.00231	0.00493	0.00187	0.00178
22	0.00587	0.00587	0.00822	0.00705	0.00705	0.00822	0.00587	0.00646	0.00411	0.00646	0.00352	0.00587	0.00352	0.00470	0.00881	0.00117	0.90076	0.00235	0.00117	0.00294
23	0.00673	0.00724	0.00551	0.00506	0.00579	0.38693	0.02609	0.01787	0.01480	0.00616	0.00642	0.01950	0.00660	0.39587	0.05582	0.01402	0.01277	0.00286	0.00153	0.00243
24	0.00466	0.00233	0.00350	0.00350	0.00350	0.00233	0.00233	0.00350	0.00350	0.00466	0.00466	0.00816	0.00466	0.00932	0.01049	0.92191	0.00233	0.00233	0.00117	0.00117
25	0.01095	0.00632	0.00731	0.00561	0.00773	0.00655	0.00463	0.52790	0.01061	0.37183	0.00813	0.00754	0.00541	0.00326	0.00269	0.00082	0.00268	0.00253	0.00294	0.00457
26	0.00557	0.00477	0.00557	0.00398	0.00636	0.00358	0.00318	0.00676	0.00557	0.00875	0.00477	0.00557	0.00398	0.00199	0.00199	0.00040	0.00199	0.00159	0.00159	0.92208

[dist]
# distance from previous block
# <min> <max>
0	20

[block]
# block no. 8 follows, 110 sequences, length 34
# corresponding to MSA columns:
# 515-548
name=unknown_I
#
# <colnr> <probs for GDERKNQSTAVLIFYWHMCP>
#	G	D	E	R	K	N	Q	S	T	A	V	L	I	F	Y	W	H	M	C	P
0	0.02481	0.88995	0.01387	0.00457	0.00686	0.01053	0.00456	0.00803	0.00544	0.00642	0.00373	0.00431	0.00343	0.00230	0.00172	0.00058	0.00285	0.00144	0.00116	0.00343
1	0.00380	0.00274	0.00359	0.00338	0.00401	0.00253	0.00253	0.00506	0.00760	0.01076	0.88752	0.02005	0.02532	0.00549	0.00317	0.00084	0.00127	0.00485	0.00295	0.00253
2	0.00383	0.00288	0.00431	0.00431	0.00479	0.00335	0.00335	0.00479	0.00431	0.00623	0.00719	0.01054	0.00671	0.02013	0.89504	0.00431	0.00719	0.00288	0.00144	0.00240
3	0.00748	0.84211	0.01353	0.00466	0.00692	0.03149	0.00458	0.00835	0.00561	0.04918	0.00407	0.00455	0.00360	0.00236	0.00179	0.00059	0.00289	0.00150	0.00126	0.00349
4	0.28320	0.15719	0.09623	0.00503	0.00722	0.02364	0.04108	0.04138	0.00630	0.30538	0.00632	0.00629	0.00442	0.00277	0.00222	0.00079	0.00266	0.00203	0.00210	0.00375
5	0.00511	0.00402	0.00440	0.00396	0.00507	0.00407	0.00306	0.16334	0.13860	0.01034	0.21255	0.07209	0.35191	0.00549	0.00303	0.00089	0.00175	0.00463	0.00267	0.00303
6	0.00592	0.02791	0.00582	0.00403	0.00640	0.00378	0.00325	0.00710	0.00567	0.05142	0.00503	0.00571	0.00409	0.00206	0.00202	0.00042	0.00202	0.00164	0.00166	0.85407
7	0.00678	0.00582	0.00613	0.00548	0.00702	0.00672	0.00427	0.04007	0.85810	0.01140	0.01079	0.00991	0.00808	0.00363	0.00273	0.00091	0.00215	0.00302	0.00273	0.00426
8	0.00339	0.00290	0.00295	0.00294	0.00378	0.01945	0.00219	0.00414	0.00630	0.00770	0.14352	0.06648	0.71173	0.00662	0.00317	0.00090	0.00142	0.00557	0.00253	0.00231
9	0.00372	0.00274	0.00348	0.00329	0.00396	0.00250	0.00247	0.00491	0.00741	0.01031	0.77735	0.02079	0.13578	0.00565	0.00317	0.00085	0.00128	0.00496	0.00290	0.00250
10	0.00668	0.00577	0.00607	0.00546	0.00698	0.00668	0.00425	0.01426	0.88408	0.01123	0.01092	0.01001	0.00819	0.00364	0.00273	0.00091	0.00212	0.00303	0.00273	0.00425
11	0.00586	0.00486	0.00510	0.00461	0.00596	0.00534	0.00358	0.05298	0.55387	0.01971	0.01522	0.01429	0.25618	0.00449	0.00282	0.00089	0.00192	0.00372	0.03495	0.00365
12	0.00429	0.00247	0.00326	0.00326	0.00327	0.00248	0.00204	0.00372	0.00370	0.00495	0.00646	0.01251	0.00704	0.41799	0.03544	0.47869	0.00258	0.00306	0.00138	0.00141
13	0.00350	0.00254	0.00331	0.00352	0.00393	0.00234	0.00249	0.00434	0.00630	0.00864	0.41083	0.45848	0.06576	0.00700	0.00329	0.00097	0.00142	0.00627	0.00270	0.00234
14	0.00921	0.00509	0.00607	0.00503	0.00680	0.00520	0.00403	0.04472	0.38591	0.43270	0.03651	0.01013	0.02890	0.00360	0.00274	0.00087	0.00219	0.00297	0.00301	0.00432
15	0.00396	0.00357	0.00342	0.00334	0.00426	0.05480	0.00250	0.00533	0.08922	0.00786	0.09610	0.07601	0.62750	0.00625	0.00310	0.00090	0.00164	0.00524	0.00249	0.00252
16	0.00383	0.00288	0.00361	0.00390	0.00458	0.00270	0.00319	0.00480	0.00618	0.00790	0.11132	0.05553	0.30862	0.04574	0.00389	0.00114	0.00195	0.42338	0.00249	0.00236
17	0.03470	0.00475	0.00579	0.00428	0.00653	0.00384	0.00347	0.02098	0.00639	0.32411	0.00684	0.00682	0.00491	0.00250	0.00224	0.00057	0.00211	0.00199	0.00223	0.55495
18	0.00664	0.00638	0.01089	0.01647	0.88893	0.00638	0.00824	0.00824	0.00611	0.00877	0.00505	0.00664	0.00425	0.00239	0.00266	0.00080	0.00319	0.00239	0.00133	0.00425
19	0.00322	0.00268	0.00281	0.00286	0.00367	0.00227	0.00211	0.00391	0.00610	0.00740	0.07281	0.11742	0.74974	0.00689	0.00320	0.00092	0.00138	0.00583	0.00252	0.00227
20	0.02057	0.00694	0.00763	0.00587	0.00797	0.00751	0.00484	0.71112	0.02342	0.15368	0.00715	0.00704	0.00499	0.01504	0.00282	0.00083	0.00282	0.00248	0.00276	0.00450
21	0.00321	0.00270	0.00275	0.00277	0.00360	0.00228	0.00204	0.00385	0.00597	0.00713	0.02573	0.06092	0.80788	0.05270	0.00372	0.00100	0.00143	0.00565	0.00245	0.00223
22	0.00346	0.00245	0.00302	0.00339	0.00356	0.00232	0.00218	0.00380	0.00483	0.00636	0.01384	0.54809	0.08925	0.29285	0.00665	0.00155	0.00187	0.00628	0.00222	0.00201
23	0.00404	0.00290	0.00327	0.00318	0.00403	0.00256	0.00237	0.00502	0.03101	0.06979	0.19327	0.11176	0.52593	0.02458	0.00336	0.00094	0.00147	0.00539	0.00263	0.00251
24	0.00358	0.00250	0.00299	0.00324	0.00338	0.00240	0.00202	0.00383	0.00460	0.00606	0.01266	0.38276	0.08806	0.45992	0.00856	0.00184	0.00207	0.00559	0.00206	0.00191
25	0.00333	0.00240	0.00309	0.00362	0.00383	0.00224	0.00243	0.00380	0.00514	0.00678	0.01523	0.75223	0.08281	0.07663	0.00419	0.00119	0.00164	0.02483	0.00243	0.00215
26	0.02565	0.00245	0.00309	0.00358	0.00379	0.00233	0.00237	0.00391	0.00502	0.00687	0.01404	0.73410	0.04241	0.11192	0.00453	0.00124	0.00168	0.00688	0.02199	0.00214
27	0.05045	0.07266	0.60038	0.00739	0.01063	0.00644	0.10446	0.00827	0.02196	0.00845	0.00533	0.03001	0.00422	0.00303	0.01292	0.00090	0.02668	0.02081	0.00128	0.00372
28	0.00335	0.00248	0.00305	0.00341	0.00375	0.00229	0.00231	0.00385	0.00528	0.00687	0.04471	0.54903	0.21773	0.10974	0.02800	0.00130	0.00177	0.00654	0.00238	0.00215
29	0.00493	0.00483	0.04920	0.00585	0.00710	0.00455	0.20100	0.02270	0.04082	0.01758	0.34007	0.01425	0.08526	0.06084	0.03527	0.00113	0.09568	0.00388	0.00214	0.00293
30	0.09961	0.00556	0.00662	0.00573	0.00669	0.03740	0.02996	0.12877	0.14001	0.02117	0.00685	0.03465	0.02210	0.01458	0.14417	0.00152	0.27011	0.01938	0.00185	0.00327
31	0.13974	0.00418	0.00618	0.00527	0.00621	0.00456	0.14946	0.02513	0.00489	0.00766	0.00729	0.05049	0.03274	0.16816	0.29553	0.00233	0.07002	0.00314	0.01442	0.00262
32	0.01451	0.00457	0.00496	0.00450	0.00575	0.00489	0.00346	0.08119	0.39790	0.06363	0.04732	0.09092	0.21389	0.03847	0.00331	0.00097	0.00196	0.01168	0.00264	0.00346
