[name]
nad3

[dist]
# distance from previous block
# <min> <max>
0	32

[block]
# block no. 0 follows, 143 sequences, length 15
# corresponding to MSA columns:
# 33-47
name=unknown_A
#
# <colnr> <probs for GDERKNQSTAVLIFYWHMCP>
#	G	D	E	R	K	N	Q	S	T	A	V	L	I	F	Y	W	H	M	C	P
0	0.00451	0.00403	0.00464	0.00445	0.04725	0.05330	0.05202	0.03853	0.37267	0.00735	0.02361	0.12553	0.14415	0.03811	0.04361	0.00090	0.00202	0.02876	0.00187	0.00267
1	0.00313	0.00227	0.00260	0.00271	0.00302	0.01764	0.00188	0.00347	0.00409	0.01956	0.03428	0.17797	0.21562	0.35757	0.00596	0.02534	0.00168	0.11785	0.00170	0.00164
2	0.00322	0.00230	0.00290	0.00295	0.00320	0.00239	0.00202	0.05232	0.00388	0.00527	0.00807	0.25258	0.02994	0.35865	0.25856	0.00202	0.00286	0.00364	0.00150	0.00172
3	0.00308	0.00224	0.00262	0.00270	0.00299	0.00219	0.00181	0.00379	0.06310	0.00557	0.10789	0.19974	0.14329	0.39588	0.00612	0.00134	0.00162	0.05058	0.00175	0.00171
4	0.00298	0.00220	0.00257	0.00265	0.00320	0.00201	0.00198	0.00365	0.01468	0.02922	0.09017	0.18186	0.43966	0.04329	0.06486	0.00099	0.00155	0.07363	0.03695	0.00188
5	0.00292	0.00204	0.00250	0.00267	0.00283	0.00196	0.00174	0.00326	0.00402	0.00539	0.13866	0.32087	0.04721	0.40726	0.00627	0.00137	0.00160	0.04410	0.00174	0.00160
6	0.00370	0.00239	0.00299	0.00282	0.00349	0.00218	0.00216	0.00465	0.02570	0.10923	0.47318	0.07497	0.22688	0.00463	0.00251	0.00071	0.00120	0.05218	0.00225	0.00216
7	0.05541	0.00387	0.00428	0.00331	0.00487	0.01606	0.00261	0.06861	0.07512	0.02535	0.01677	0.02995	0.00421	0.02015	0.00203	0.01916	0.00165	0.00167	0.05698	0.58793
8	0.00309	0.00228	0.00257	0.00256	0.00319	0.00202	0.00191	0.02153	0.00500	0.04593	0.12516	0.14662	0.54128	0.04376	0.00290	0.00080	0.00124	0.04420	0.00203	0.00193
9	0.00268	0.00200	0.00246	0.00271	0.00302	0.00182	0.00187	0.00317	0.00452	0.00593	0.14762	0.51899	0.23199	0.05706	0.00311	0.00087	0.00122	0.00521	0.00200	0.00177
10	0.10981	0.00407	0.00480	0.00384	0.00531	0.00406	0.00313	0.16892	0.10101	0.46616	0.09992	0.00745	0.00634	0.00277	0.00210	0.00067	0.00180	0.00221	0.00233	0.00330
11	0.01697	0.00255	0.00320	0.00306	0.00368	0.00238	0.01854	0.03423	0.01376	0.14902	0.08495	0.29561	0.17206	0.13267	0.00366	0.00094	0.00152	0.03924	0.01983	0.00213
12	0.00328	0.00229	0.00279	0.00284	0.00339	0.00210	0.00213	0.00411	0.03330	0.06131	0.21573	0.24540	0.29478	0.02475	0.00276	0.00080	0.00128	0.09286	0.00210	0.00200
13	0.00289	0.00204	0.00259	0.00289	0.00304	0.00199	0.00190	0.02432	0.00396	0.00531	0.01007	0.62943	0.01187	0.23174	0.05443	0.00130	0.00172	0.00505	0.00178	0.00168
14	0.00268	0.00196	0.00253	0.00294	0.00318	0.00181	0.00205	0.00314	0.00433	0.00568	0.04254	0.70443	0.13430	0.00640	0.00272	0.00085	0.00127	0.07343	0.00200	0.00177

[dist]
# distance from previous block
# <min> <max>
0	1

[block]
# block no. 1 follows, 143 sequences, length 10
# corresponding to MSA columns:
# 49-58
name=unknown_B
#
# <colnr> <probs for GDERKNQSTAVLIFYWHMCP>
#	G	D	E	R	K	N	Q	S	T	A	V	L	I	F	Y	W	H	M	C	P
0	0.00306	0.00222	0.00267	0.00272	0.00323	0.00202	0.00197	0.02799	0.00514	0.03341	0.27544	0.32019	0.30127	0.00539	0.00257	0.00075	0.00117	0.00471	0.00212	0.00195
1	0.00783	0.00937	0.00604	0.00540	0.00652	0.76853	0.00410	0.07059	0.04029	0.02563	0.00373	0.00421	0.00302	0.00232	0.00213	0.00058	0.03436	0.00149	0.00124	0.00262
2	0.01483	0.00269	0.00327	0.00347	0.03370	0.04334	0.01933	0.00391	0.01537	0.00560	0.06475	0.26267	0.13003	0.15971	0.17302	0.00149	0.00244	0.05686	0.00165	0.00187
3	0.00297	0.00208	0.00270	0.04393	0.00359	0.00197	0.00208	0.00336	0.00429	0.02822	0.07307	0.52163	0.17415	0.05682	0.00348	0.06574	0.00137	0.00491	0.00187	0.00177
4	0.00330	0.00218	0.00270	0.00286	0.00321	0.00205	0.00197	0.00389	0.03429	0.06838	0.05428	0.48126	0.13521	0.17086	0.00411	0.00104	0.00143	0.02315	0.00193	0.00187
5	0.08506	0.00411	0.00491	0.00395	0.00542	0.00410	0.00325	0.22595	0.04541	0.45599	0.06998	0.00825	0.00622	0.00293	0.00216	0.00068	0.00189	0.06410	0.00233	0.00329
6	0.00464	0.00485	0.09220	0.00424	0.04901	0.07591	0.01742	0.02191	0.07914	0.01955	0.17996	0.00735	0.02065	0.00266	0.01639	0.00056	0.00197	0.00205	0.00154	0.39801
7	0.00579	0.00564	0.00681	0.02186	0.22731	0.13148	0.00487	0.15109	0.02952	0.00706	0.00385	0.00505	0.00328	0.00335	0.04103	0.00085	0.34524	0.00185	0.00123	0.00284
8	0.00638	0.03298	0.00660	0.07731	0.22066	0.36889	0.01452	0.08827	0.00574	0.02259	0.01791	0.00581	0.01260	0.00279	0.03249	0.00070	0.00307	0.03552	0.00127	0.04390
9	0.04735	0.04397	0.00529	0.02967	0.04316	0.03009	0.00319	0.16597	0.04887	0.02097	0.00457	0.00502	0.01893	0.00198	0.00176	0.00046	0.00190	0.00155	0.00146	0.52385

[dist]
# distance from previous block
# <min> <max>
0	10

[block]
# block no. 2 follows, 143 sequences, length 15
# corresponding to MSA columns:
# 69-83
name=unknown_C
#
# <colnr> <probs for GDERKNQSTAVLIFYWHMCP>
#	G	D	E	R	K	N	Q	S	T	A	V	L	I	F	Y	W	H	M	C	P
0	0.00442	0.35397	0.00656	0.00365	0.00464	0.05892	0.00313	0.00525	0.02558	0.00509	0.00463	0.00635	0.00428	0.02696	0.47519	0.00204	0.00415	0.00182	0.00108	0.00229
1	0.00533	0.01333	0.24398	0.02002	0.03678	0.03614	0.16847	0.18981	0.02811	0.03865	0.02028	0.02271	0.09539	0.01164	0.00232	0.00069	0.00262	0.02883	0.00149	0.03341
2	0.00604	0.07006	0.49845	0.00533	0.00779	0.03772	0.02173	0.11739	0.00555	0.18750	0.00488	0.00513	0.00340	0.00244	0.01671	0.00070	0.00281	0.00173	0.00142	0.00324
3	0.00530	0.00509	0.00869	0.01314	0.91142	0.00509	0.00657	0.00657	0.00487	0.00699	0.00403	0.00530	0.00339	0.00191	0.00212	0.00064	0.00254	0.00191	0.00106	0.00339
4	0.00429	0.12887	0.02350	0.00364	0.01854	0.07306	0.00291	0.05399	0.09219	0.00718	0.28761	0.05995	0.09003	0.01988	0.08364	0.00094	0.00211	0.04353	0.00179	0.00236
5	0.14965	0.00560	0.02449	0.00447	0.00605	0.04054	0.00372	0.55408	0.09068	0.05987	0.00561	0.00579	0.01993	0.00260	0.00203	0.00066	0.00221	0.01675	0.00198	0.00330
6	0.00589	0.00361	0.00445	0.00342	0.00498	0.00306	0.01553	0.05581	0.02813	0.27850	0.08191	0.00818	0.10622	0.00265	0.00200	0.00053	0.00163	0.00219	0.00192	0.38939
7	0.00309	0.00219	0.00290	0.00290	0.00309	0.00238	0.00200	0.00347	0.00328	0.00457	0.00623	0.01117	0.00655	0.46407	0.46991	0.00277	0.00393	0.00270	0.00122	0.00161
8	0.00429	0.01107	0.91368	0.00610	0.00926	0.00497	0.00791	0.00678	0.00452	0.00678	0.00384	0.00452	0.00271	0.00203	0.00203	0.00068	0.00316	0.00158	0.00090	0.00316
9	0.02437	0.00234	0.00224	0.00218	0.00274	0.02259	0.00165	0.03092	0.00467	0.00811	0.00676	0.00771	0.00530	0.00248	0.00152	0.00051	0.00111	0.00196	0.86878	0.00206
10	0.93989	0.00414	0.00315	0.00281	0.00414	0.00480	0.00232	0.00629	0.00364	0.00960	0.00298	0.00348	0.00232	0.00199	0.00132	0.00066	0.00166	0.00116	0.00132	0.00232
11	0.00312	0.00230	0.02330	0.00261	0.00274	0.00218	0.00168	0.00329	0.00332	0.00446	0.00716	0.07562	0.00814	0.73967	0.06956	0.00200	0.00228	0.04378	0.00136	0.00144
12	0.00590	0.05463	0.01666	0.00476	0.00579	0.11191	0.01860	0.22960	0.13624	0.01799	0.00540	0.04870	0.02153	0.02443	0.02717	0.00081	0.22095	0.00214	0.00155	0.04525
13	0.05424	0.00502	0.00546	0.00420	0.00587	0.01856	0.00343	0.48261	0.03325	0.11207	0.02654	0.00564	0.01545	0.00241	0.00199	0.00057	0.00204	0.00185	0.00195	0.21687
14	0.00325	0.00235	0.01981	0.00256	0.00294	0.00211	0.00176	0.00362	0.00406	0.04634	0.08906	0.06544	0.23234	0.46401	0.03835	0.00149	0.00183	0.01533	0.00166	0.00168

[dist]
# distance from previous block
# <min> <max>
1	2

[block]
# block no. 3 follows, 143 sequences, length 19
# corresponding to MSA columns:
# 86-104
name=unknown_D
#
# <colnr> <probs for GDERKNQSTAVLIFYWHMCP>
#	G	D	E	R	K	N	Q	S	T	A	V	L	I	F	Y	W	H	M	C	P
0	0.00540	0.08906	0.01172	0.00809	0.01012	0.07139	0.71745	0.02646	0.02594	0.00677	0.00425	0.00546	0.00325	0.00188	0.00236	0.00068	0.00344	0.00230	0.00112	0.00287
1	0.00676	0.00618	0.00534	0.00460	0.00583	0.26597	0.00357	0.19790	0.30222	0.06315	0.02445	0.00614	0.00477	0.00295	0.00254	0.06821	0.00246	0.00197	0.00178	0.02321
2	0.00440	0.00419	0.00627	0.76538	0.01326	0.04283	0.00558	0.01969	0.08598	0.00589	0.00423	0.00581	0.00319	0.00225	0.00224	0.00071	0.02260	0.00193	0.00109	0.00249
3	0.08146	0.00544	0.01662	0.00475	0.00610	0.12493	0.07294	0.21891	0.22964	0.08988	0.02171	0.03988	0.01647	0.00289	0.00223	0.00069	0.01633	0.04422	0.00187	0.00304
4	0.00530	0.01937	0.02754	0.00612	0.11388	0.01241	0.22605	0.03026	0.16425	0.08880	0.02812	0.00692	0.01569	0.06873	0.00277	0.00072	0.00234	0.00220	0.00153	0.17701
5	0.00306	0.00209	0.00240	0.00240	0.00248	0.00208	0.00142	0.00317	0.00336	0.00447	0.04052	0.03553	0.05918	0.77676	0.05093	0.00198	0.00213	0.00325	0.00138	0.00139
6	0.11319	0.03794	0.00678	0.00513	0.00671	0.13421	0.14148	0.32067	0.04869	0.04305	0.00457	0.00500	0.00344	0.00249	0.01679	0.00067	0.02659	0.00181	0.00160	0.07916
7	0.00298	0.00223	0.00252	0.00242	0.00308	0.00194	0.00182	0.00369	0.00532	0.03922	0.34512	0.01832	0.53646	0.02214	0.00267	0.00073	0.00110	0.00417	0.00213	0.00194
8	0.00633	0.00511	0.00736	0.00666	0.14728	0.01991	0.15870	0.24593	0.03702	0.11509	0.00547	0.00603	0.03523	0.00256	0.00289	0.00068	0.13495	0.00210	0.00160	0.05909
9	0.00311	0.00209	0.00241	0.00241	0.00243	0.00211	0.00139	0.00316	0.00313	0.00420	0.00668	0.01364	0.00762	0.86517	0.07028	0.00216	0.00232	0.00306	0.00129	0.00134
10	0.00300	0.00216	0.00266	0.00267	0.00296	0.00219	0.00184	0.00333	0.00363	0.00478	0.00974	0.01375	0.20672	0.40190	0.27694	0.03473	0.00293	0.02106	0.00141	0.00159
11	0.00282	0.00232	0.00315	0.00310	0.00364	0.00210	0.06688	0.00348	0.01685	0.00595	0.07688	0.42672	0.36688	0.00563	0.00262	0.00079	0.00134	0.00501	0.00195	0.00189
12	0.00297	0.00217	0.00268	0.00261	0.00302	0.00208	0.00186	0.00362	0.00481	0.00656	0.41791	0.01559	0.16959	0.23582	0.10456	0.00134	0.00182	0.01730	0.00189	0.00179
13	0.19319	0.00398	0.00471	0.00370	0.00527	0.00386	0.00305	0.11544	0.00606	0.60566	0.00694	0.00630	0.00452	0.00251	0.00197	0.00066	0.00183	0.00193	0.02509	0.00334
14	0.00274	0.00206	0.00250	0.00280	0.00315	0.00188	0.00201	0.00321	0.00438	0.00558	0.01445	0.44556	0.29635	0.08034	0.00336	0.00094	0.00136	0.12365	0.00193	0.00176
15	0.00287	0.00211	0.00268	0.00301	0.00328	0.00204	0.00208	0.00374	0.06949	0.00612	0.11410	0.71844	0.03361	0.00607	0.00264	0.00083	0.00124	0.00546	0.01830	0.00190
16	0.00310	0.00211	0.00252	0.00252	0.00258	0.00218	0.00153	0.00323	0.00317	0.00429	0.00658	0.01308	0.00738	0.77381	0.16131	0.00230	0.00268	0.00298	0.00127	0.00140
17	0.00272	0.00199	0.00257	0.00300	0.00321	0.00189	0.00205	0.00332	0.03649	0.00563	0.01231	0.81122	0.07162	0.00647	0.00270	0.00086	0.00127	0.02688	0.00199	0.00181
18	0.00322	0.00251	0.00291	0.00272	0.00353	0.00215	0.00201	0.00403	0.02546	0.00654	0.11880	0.25525	0.26878	0.00448	0.00228	0.00065	0.00124	0.00387	0.06926	0.22031

[dist]
# distance from previous block
# <min> <max>
0	2

[block]
# block no. 4 follows, 143 sequences, length 19
# corresponding to MSA columns:
# 107-125
name=unknown_E
#
# <colnr> <probs for GDERKNQSTAVLIFYWHMCP>
#	G	D	E	R	K	N	Q	S	T	A	V	L	I	F	Y	W	H	M	C	P
0	0.00304	0.00205	0.00238	0.00244	0.00248	0.00203	0.00142	0.00313	0.00336	0.00451	0.04263	0.14061	0.00915	0.76119	0.00943	0.00185	0.00192	0.00356	0.00143	0.00139
1	0.00572	0.92606	0.01122	0.00366	0.00549	0.00847	0.00366	0.00641	0.00435	0.00504	0.00298	0.00343	0.00275	0.00183	0.00137	0.00046	0.00229	0.00114	0.00092	0.00275
2	0.00267	0.00191	0.00250	0.00296	0.00315	0.00178	0.00203	0.00309	0.00419	0.00558	0.01227	0.80863	0.06678	0.00651	0.00271	0.00086	0.00126	0.05039	0.01894	0.00176
3	0.00429	0.01107	0.91368	0.00610	0.00926	0.00497	0.00791	0.00678	0.00452	0.00678	0.00384	0.00452	0.00271	0.00203	0.00203	0.00068	0.00316	0.00158	0.00090	0.00316
4	0.00263	0.00215	0.00234	0.00240	0.00302	0.00185	0.00179	0.00323	0.00492	0.00607	0.11474	0.11953	0.67568	0.00547	0.00257	0.00075	0.00113	0.04586	0.00203	0.00183
5	0.00378	0.00273	0.00325	0.00326	0.00380	0.00274	0.00236	0.12329	0.07692	0.03227	0.06719	0.54136	0.09482	0.02819	0.00276	0.00083	0.00143	0.00478	0.00205	0.00219
6	0.00410	0.00282	0.00340	0.00332	0.00387	0.00285	0.00242	0.15337	0.03946	0.05241	0.09021	0.45509	0.03472	0.10439	0.00345	0.00093	0.00156	0.03742	0.00201	0.00220
7	0.00302	0.00228	0.00269	0.00278	0.00327	0.00215	0.00202	0.00397	0.06856	0.01637	0.17260	0.27355	0.30216	0.07745	0.00324	0.00088	0.00130	0.05777	0.00202	0.00193
8	0.00309	0.00225	0.00301	0.00311	0.00337	0.00242	0.00223	0.00378	0.03875	0.00506	0.00753	0.19067	0.00805	0.25848	0.42169	0.00237	0.00356	0.03741	0.00142	0.00177
9	0.00444	0.00380	0.00444	0.00317	0.00507	0.00285	0.00254	0.00539	0.00444	0.00698	0.00380	0.00444	0.00317	0.00159	0.00159	0.00032	0.00159	0.00127	0.00127	0.93786
10	0.00303	0.00222	0.00298	0.00300	0.00338	0.00235	0.00222	0.00361	0.00378	0.01708	0.02342	0.08147	0.16211	0.16275	0.50452	0.00245	0.00382	0.01258	0.00143	0.00180
11	0.12830	0.00359	0.00419	0.02809	0.00497	0.00362	0.00288	0.10105	0.09656	0.30534	0.15930	0.04414	0.08429	0.00331	0.00218	0.00069	0.00165	0.02078	0.00219	0.00288
12	0.00342	0.00240	0.00306	0.00297	0.00355	0.00223	0.00223	0.03735	0.00553	0.03859	0.48559	0.22791	0.05777	0.00481	0.00253	0.00072	0.00124	0.06713	0.00217	0.04877
13	0.00722	0.00538	0.00573	0.00460	0.00611	0.02333	0.00373	0.55328	0.24862	0.06590	0.03089	0.00660	0.02308	0.00276	0.00217	0.00067	0.00211	0.00217	0.00216	0.00347
14	0.06548	0.00318	0.02617	0.00346	0.00438	0.00296	0.01619	0.07678	0.02695	0.18984	0.06617	0.28082	0.11186	0.00505	0.04802	0.00089	0.00181	0.05635	0.00203	0.01164
15	0.00363	0.00296	0.00399	0.00403	0.03947	0.04070	0.01819	0.04764	0.00399	0.00555	0.00583	0.05365	0.00552	0.03235	0.69964	0.00282	0.01303	0.00243	0.01252	0.00208
16	0.00502	0.02365	0.17992	0.00548	0.01924	0.09032	0.14123	0.05804	0.16952	0.00710	0.03434	0.02264	0.07586	0.02392	0.00298	0.00074	0.11309	0.00232	0.00142	0.02318
17	0.00532	0.00566	0.00433	0.00402	0.00486	0.35505	0.00302	0.06016	0.07848	0.00685	0.20368	0.13304	0.11939	0.00375	0.00227	0.00066	0.00229	0.00305	0.00175	0.00234
18	0.28477	0.06537	0.10919	0.00468	0.02513	0.12028	0.02362	0.28172	0.03259	0.00941	0.00400	0.00439	0.00303	0.00225	0.00192	0.00064	0.02104	0.00157	0.00148	0.00293

[dist]
# distance from previous block
# <min> <max>
0	3

[block]
# block no. 5 follows, 143 sequences, length 33
# corresponding to MSA columns:
# 129-161
name=unknown_F
#
# <colnr> <probs for GDERKNQSTAVLIFYWHMCP>
#	G	D	E	R	K	N	Q	S	T	A	V	L	I	F	Y	W	H	M	C	P
0	0.03091	0.00327	0.00361	0.00335	0.00416	0.02181	0.01739	0.09798	0.16467	0.00739	0.08772	0.16264	0.30225	0.01027	0.04629	0.00087	0.01411	0.01700	0.00196	0.00234
1	0.00314	0.00229	0.00318	0.00321	0.00353	0.00254	0.00240	0.01854	0.00362	0.00506	0.00683	0.06112	0.02037	0.20809	0.59226	0.00278	0.00437	0.05356	0.00130	0.00180
2	0.90731	0.00412	0.00321	0.00285	0.00419	0.00474	0.00235	0.00644	0.00373	0.04124	0.00317	0.00361	0.00242	0.00201	0.00135	0.00066	0.00166	0.00119	0.00137	0.00236
3	0.00282	0.00197	0.00249	0.00277	0.00286	0.00192	0.00177	0.00308	0.00370	0.00495	0.00958	0.53495	0.01129	0.34514	0.05939	0.00146	0.00181	0.00477	0.00168	0.00159
4	0.01696	0.00312	0.00360	0.00322	0.00399	0.00320	0.00246	0.17909	0.08253	0.03829	0.10378	0.02575	0.23542	0.02469	0.02451	0.21934	0.00173	0.01635	0.00978	0.00218
5	0.00281	0.00223	0.00246	0.00241	0.00307	0.00196	0.00182	0.00354	0.01674	0.01509	0.24769	0.01888	0.60139	0.03154	0.01486	0.00079	0.00119	0.02759	0.00206	0.00189
6	0.03174	0.00255	0.00322	0.00307	0.00375	0.00238	0.00235	0.00519	0.01325	0.19978	0.18615	0.16098	0.11252	0.12720	0.00362	0.00094	0.00154	0.13547	0.00209	0.00221
7	0.00286	0.00213	0.00259	0.00284	0.00325	0.00196	0.00206	0.00350	0.02275	0.01791	0.06487	0.43746	0.29433	0.02932	0.00287	0.00085	0.00130	0.10329	0.00200	0.00185
8	0.03095	0.00223	0.00253	0.00256	0.00310	0.00205	0.00187	0.00359	0.01734	0.01691	0.18361	0.17024	0.42370	0.08301	0.02331	0.00092	0.00134	0.02692	0.00197	0.00186
9	0.00311	0.00208	0.00233	0.00233	0.00233	0.00208	0.00130	0.00311	0.00311	0.00415	0.00674	0.01401	0.00778	0.92477	0.01090	0.00208	0.00208	0.00311	0.00130	0.00130
10	0.00321	0.00233	0.00270	0.00279	0.00311	0.00229	0.00187	0.04850	0.04627	0.00569	0.01940	0.34958	0.14680	0.32528	0.00547	0.00124	0.00159	0.01593	0.01416	0.00178
11	0.07138	0.00258	0.00290	0.00287	0.00347	0.00252	0.00209	0.05961	0.03670	0.03988	0.12607	0.32394	0.23323	0.06693	0.00301	0.00084	0.00136	0.00428	0.01429	0.00205
12	0.00345	0.00246	0.00287	0.00273	0.00344	0.00221	0.00207	0.04412	0.00536	0.06083	0.25082	0.13210	0.39396	0.01538	0.00260	0.00073	0.00125	0.03925	0.00210	0.03226
13	0.00261	0.00191	0.00245	0.00286	0.00308	0.00175	0.00194	0.00302	0.00425	0.00558	0.03429	0.78052	0.13492	0.00648	0.00270	0.00084	0.00122	0.00582	0.00200	0.00175
14	0.00523	0.00412	0.00446	0.00399	0.00513	0.00458	0.00311	0.02168	0.66913	0.07569	0.09715	0.00968	0.08021	0.00323	0.00224	0.00071	0.00160	0.00270	0.00221	0.00315
15	0.00324	0.00223	0.00268	0.00273	0.00332	0.00198	0.00205	0.00388	0.00499	0.07413	0.17172	0.24113	0.39188	0.00539	0.00259	0.00077	0.00124	0.07995	0.00210	0.00198
16	0.85812	0.00410	0.00331	0.00290	0.00426	0.00466	0.00239	0.00666	0.00386	0.08900	0.00346	0.00381	0.00258	0.00205	0.00140	0.00066	0.00167	0.00125	0.00144	0.00243
17	0.00311	0.00208	0.00235	0.00234	0.00235	0.00207	0.00131	0.00313	0.00318	0.00425	0.02624	0.01405	0.00805	0.90491	0.01071	0.00204	0.00205	0.00313	0.00132	0.00131
18	0.00374	0.00239	0.00303	0.00276	0.00347	0.00214	0.01039	0.00461	0.00570	0.11712	0.54534	0.01591	0.22994	0.01664	0.00258	0.00070	0.00118	0.01490	0.01528	0.00216
19	0.00305	0.00214	0.00279	0.00286	0.00309	0.00221	0.00197	0.00346	0.00365	0.01740	0.04279	0.19336	0.04822	0.34794	0.31321	0.00216	0.00305	0.00351	0.00147	0.00167
20	0.00429	0.01107	0.91368	0.00610	0.00926	0.00497	0.00791	0.00678	0.00452	0.00678	0.00384	0.00452	0.00271	0.00203	0.00203	0.00068	0.00316	0.00158	0.00090	0.00316
21	0.00276	0.00205	0.00253	0.00274	0.00309	0.00192	0.00194	0.00318	0.00423	0.00545	0.03433	0.38227	0.29652	0.07776	0.09142	0.04136	0.00174	0.04119	0.00182	0.00172
22	0.55092	0.00543	0.00472	0.01934	0.05084	0.15883	0.03418	0.10002	0.00495	0.04826	0.00361	0.00409	0.00275	0.00211	0.00164	0.00064	0.00224	0.00142	0.00140	0.00261
23	0.00585	0.00499	0.00660	0.02493	0.38630	0.05066	0.00480	0.23818	0.06575	0.02895	0.00608	0.08879	0.02333	0.00286	0.00221	0.00068	0.00230	0.04036	0.01325	0.00314
24	0.48959	0.00575	0.00531	0.00572	0.18466	0.19954	0.03423	0.04010	0.00469	0.00821	0.00338	0.00406	0.00270	0.00203	0.00168	0.00063	0.00239	0.00143	0.00125	0.00263
25	0.00910	0.00372	0.00498	0.01743	0.00556	0.00333	0.00319	0.06556	0.00634	0.79874	0.05286	0.00756	0.00590	0.00272	0.00217	0.00066	0.00183	0.00222	0.00258	0.00354
26	0.00259	0.00195	0.00241	0.00277	0.00305	0.00176	0.00190	0.00302	0.00433	0.00559	0.02781	0.67869	0.24368	0.00634	0.00268	0.00083	0.00120	0.00565	0.00199	0.00176
27	0.00606	0.02535	0.00689	0.01402	0.35347	0.15475	0.02146	0.15444	0.03686	0.04795	0.00467	0.00570	0.00381	0.01630	0.12274	0.00102	0.01820	0.00191	0.00136	0.00302
28	0.00268	0.00209	0.00236	0.00249	0.00294	0.00189	0.00175	0.00312	0.00435	0.00543	0.01607	0.23682	0.49885	0.13984	0.05695	0.00112	0.00155	0.01615	0.00184	0.00172
29	0.00571	0.22304	0.09296	0.00468	0.05023	0.05981	0.01757	0.06502	0.23001	0.08852	0.03002	0.03868	0.03275	0.02653	0.01066	0.00069	0.00222	0.00213	0.00161	0.01717
30	0.00679	0.07913	0.01536	0.07688	0.16622	0.17442	0.01671	0.34392	0.03590	0.01644	0.00439	0.00492	0.00337	0.00225	0.00202	0.00061	0.00266	0.00175	0.00151	0.04476
31	0.00462	0.05633	0.00657	0.28173	0.16053	0.05516	0.06744	0.02478	0.04568	0.01437	0.01778	0.06270	0.04419	0.06025	0.02714	0.00085	0.04834	0.00237	0.00124	0.01793
32	0.00504	0.05942	0.04173	0.08234	0.03485	0.07832	0.33960	0.03217	0.03422	0.02473	0.01616	0.01735	0.01928	0.06521	0.04298	0.00087	0.02133	0.00222	0.00123	0.08095

[dist]
# distance from previous block
# <min> <max>
1	482

# created by:
# /share/home/app/bin/augustus-3.3.1/scripts/msa2prfl.pl /dev/shm/tmp/mt-Fungi/msas/nad3.aln --setname=nad3
