[name]
nad4

[dist]
# distance from previous block
# <min> <max>
0	95

[block]
# block no. 0 follows, 155 sequences, length 23
# corresponding to MSA columns:
# 208-230
name=unknown_A
#
# <colnr> <probs for GDERKNQSTAVLIFYWHMCP>
#	G	D	E	R	K	N	Q	S	T	A	V	L	I	F	Y	W	H	M	C	P
0	0.02377	0.00278	0.01232	0.05435	0.00432	0.00273	0.02182	0.10461	0.02694	0.01442	0.08442	0.09734	0.35650	0.00489	0.04482	0.00082	0.00166	0.13768	0.00177	0.00203
1	0.03146	0.00443	0.00716	0.09058	0.64444	0.00454	0.02085	0.05428	0.02530	0.02293	0.01836	0.03388	0.01814	0.00213	0.00200	0.00062	0.00226	0.01254	0.00116	0.00295
2	0.00440	0.00912	0.00611	0.10422	0.17448	0.02948	0.14633	0.06235	0.06621	0.02904	0.04622	0.05251	0.11152	0.04513	0.02531	0.00683	0.06987	0.00707	0.00135	0.00246
3	0.04559	0.00234	0.00253	0.00252	0.00314	0.00223	0.00188	0.02725	0.07583	0.01352	0.09280	0.17891	0.48011	0.03076	0.00253	0.00073	0.00119	0.03241	0.00186	0.00188
4	0.15766	0.00333	0.00395	0.00323	0.00446	0.00324	0.00260	0.07325	0.02855	0.47814	0.03340	0.03301	0.07514	0.05214	0.03830	0.00080	0.00177	0.00221	0.00203	0.00279
5	0.00254	0.00184	0.00241	0.00282	0.00299	0.00176	0.00193	0.00305	0.02672	0.00518	0.01093	0.80515	0.03973	0.02227	0.02957	0.00090	0.00132	0.03543	0.00182	0.00166
6	0.02460	0.00285	0.00345	0.01360	0.01957	0.00959	0.02929	0.07257	0.10845	0.05916	0.13134	0.07816	0.24101	0.09078	0.00718	0.05486	0.00153	0.04274	0.00717	0.00209
7	0.00510	0.00349	0.00399	0.00354	0.00449	0.00373	0.00272	0.09430	0.38174	0.15564	0.04983	0.11912	0.03724	0.07783	0.04716	0.00090	0.00177	0.00275	0.00197	0.00270
8	0.00656	0.00470	0.00514	0.00416	0.00548	0.00514	0.00340	0.61733	0.09466	0.05180	0.00611	0.06722	0.00497	0.00288	0.00205	0.00063	0.00195	0.05987	0.05287	0.00307
9	0.05893	0.00232	0.00248	0.00255	0.00310	0.02079	0.00189	0.01846	0.01322	0.02159	0.10195	0.27362	0.38924	0.00488	0.00231	0.00071	0.00121	0.05066	0.02827	0.00181
10	0.00293	0.00210	0.00245	0.00251	0.00303	0.00192	0.00185	0.01123	0.03110	0.04600	0.11075	0.27630	0.39684	0.03108	0.00259	0.00075	0.00116	0.04702	0.02656	0.00182
11	0.00593	0.03887	0.01235	0.00428	0.00529	0.40195	0.00332	0.08910	0.19459	0.02952	0.03038	0.06290	0.04062	0.02995	0.00222	0.00064	0.00250	0.04158	0.00151	0.00249
12	0.00303	0.00194	0.00249	0.00268	0.00292	0.00183	0.00181	0.00338	0.00384	0.07020	0.03990	0.54787	0.05362	0.20909	0.03004	0.00110	0.00148	0.01935	0.00174	0.00168
13	0.00296	0.00208	0.00256	0.00259	0.00302	0.00200	0.00189	0.00348	0.01138	0.04637	0.07253	0.14494	0.29578	0.15995	0.18173	0.01400	0.00210	0.04729	0.00163	0.00171
14	0.00294	0.00247	0.00288	0.00275	0.00332	0.01667	0.00209	0.00353	0.00434	0.00572	0.13956	0.14898	0.37014	0.03170	0.03431	0.00080	0.08710	0.04320	0.00821	0.08928
15	0.03067	0.00472	0.00510	0.00414	0.00544	0.00522	0.00336	0.56789	0.17607	0.01745	0.07372	0.00696	0.00546	0.03008	0.02104	0.00072	0.00201	0.03493	0.00195	0.00305
16	0.02177	0.00194	0.00235	0.00259	0.00288	0.00182	0.00179	0.01285	0.00403	0.00534	0.05387	0.52646	0.21026	0.09604	0.02171	0.00093	0.00131	0.02863	0.00178	0.00164
17	0.02411	0.00272	0.00289	0.00285	0.00338	0.07050	0.00216	0.00399	0.02824	0.01596	0.15639	0.05111	0.25415	0.09037	0.21529	0.00137	0.00237	0.06873	0.00160	0.00182
18	0.00305	0.08910	0.05289	0.00286	0.00356	0.02781	0.00238	0.00367	0.00438	0.00553	0.09655	0.24337	0.32397	0.00480	0.00246	0.02750	0.00143	0.10115	0.00168	0.00185
19	0.00340	0.00230	0.00269	0.00270	0.00287	0.05268	0.00183	0.00324	0.00328	0.01771	0.03423	0.10396	0.04742	0.23572	0.06886	0.39185	0.00201	0.02076	0.00120	0.00130
20	0.07639	0.02056	0.04616	0.00325	0.02969	0.04093	0.00256	0.03380	0.02110	0.07051	0.05198	0.10278	0.31945	0.01535	0.12132	0.00101	0.01606	0.02338	0.00162	0.00209
21	0.02705	0.01947	0.22434	0.00432	0.03108	0.05093	0.06565	0.04210	0.01253	0.01467	0.01712	0.25420	0.05954	0.06942	0.06728	0.00095	0.00234	0.03343	0.00137	0.00222
22	0.00288	0.00207	0.00252	0.00253	0.00269	0.00215	0.00168	0.00313	0.00324	0.00433	0.00784	0.04502	0.10436	0.56812	0.16331	0.00189	0.03492	0.04458	0.00129	0.00143

[dist]
# distance from previous block
# <min> <max>
3	57

[block]
# block no. 1 follows, 155 sequences, length 17
# corresponding to MSA columns:
# 329-345
name=unknown_B
#
# <colnr> <probs for GDERKNQSTAVLIFYWHMCP>
#	G	D	E	R	K	N	Q	S	T	A	V	L	I	F	Y	W	H	M	C	P
0	0.02483	0.00208	0.00259	0.00274	0.00303	0.00207	0.00193	0.03637	0.00391	0.00531	0.04872	0.38730	0.09781	0.16174	0.11175	0.04928	0.00187	0.05341	0.00161	0.00164
1	0.77932	0.00389	0.00320	0.00284	0.00406	0.00447	0.00231	0.01915	0.11025	0.03320	0.01969	0.00405	0.00300	0.00201	0.00138	0.00062	0.00155	0.00130	0.00139	0.00232
2	0.00303	0.00237	0.00274	0.00267	0.00326	0.00230	0.00200	0.06385	0.06712	0.00650	0.20604	0.19358	0.35554	0.00551	0.07341	0.00088	0.00148	0.00391	0.00189	0.00193
3	0.00533	0.93113	0.01045	0.00341	0.00512	0.00789	0.00341	0.00597	0.00405	0.00469	0.00277	0.00320	0.00256	0.00171	0.00128	0.00043	0.00213	0.00107	0.00085	0.00256
4	0.80115	0.00407	0.00333	0.00290	0.00417	0.00468	0.00238	0.10643	0.04187	0.00932	0.00322	0.00358	0.00246	0.00195	0.00135	0.00062	0.00162	0.00121	0.00135	0.00234
5	0.00254	0.00204	0.00226	0.00237	0.00290	0.00181	0.00175	0.01267	0.01442	0.00550	0.04247	0.22022	0.58357	0.02998	0.00263	0.00075	0.00114	0.06743	0.00185	0.00171
6	0.04115	0.00524	0.00568	0.00438	0.00595	0.00571	0.00362	0.75377	0.02798	0.11853	0.00515	0.00502	0.00358	0.00239	0.00197	0.00060	0.00210	0.00180	0.00202	0.00334
7	0.00278	0.11073	0.00321	0.00262	0.00312	0.00240	0.00195	0.00324	0.00417	0.00529	0.05882	0.48995	0.28153	0.00524	0.00233	0.00072	0.00123	0.01716	0.00175	0.00176
8	0.00306	0.00210	0.00288	0.00284	0.00319	0.00223	0.00210	0.00357	0.02140	0.02622	0.08666	0.02465	0.10620	0.11574	0.46367	0.12455	0.00340	0.00258	0.00131	0.00166
9	0.00280	0.00191	0.00230	0.00245	0.00251	0.00189	0.00153	0.00297	0.00324	0.00432	0.00770	0.23805	0.00893	0.62016	0.03003	0.00162	0.00182	0.06299	0.00140	0.00136
10	0.00269	0.00205	0.00247	0.00249	0.00300	0.00186	0.00190	0.00340	0.00488	0.00642	0.37206	0.06199	0.35136	0.04320	0.00274	0.00075	0.00115	0.13188	0.00196	0.00176
11	0.04288	0.00229	0.00252	0.00279	0.00310	0.04875	0.00195	0.00326	0.00402	0.00533	0.04103	0.60320	0.13684	0.01843	0.00275	0.04018	0.00133	0.03594	0.00174	0.00167
12	0.00244	0.00176	0.00231	0.00273	0.00289	0.00163	0.00184	0.00282	0.00392	0.00521	0.04457	0.85639	0.05189	0.00612	0.00253	0.00080	0.00114	0.00553	0.00186	0.00163
13	0.00495	0.00424	0.00442	0.00397	0.00506	0.02653	0.00309	0.01007	0.81613	0.02521	0.06722	0.00782	0.00681	0.00277	0.00204	0.00067	0.00159	0.00231	0.00202	0.00306
14	0.02759	0.00396	0.00397	0.00364	0.00461	0.07639	0.00282	0.01673	0.46744	0.09296	0.02932	0.08626	0.11047	0.00333	0.00210	0.00067	0.00164	0.04656	0.01685	0.00268
15	0.00273	0.00207	0.00249	0.00257	0.00295	0.00202	0.00188	0.00327	0.01734	0.00495	0.01188	0.07478	0.33026	0.23961	0.18319	0.00152	0.00220	0.11113	0.00154	0.00162
16	0.00255	0.00202	0.00232	0.00248	0.00296	0.00182	0.00182	0.00323	0.03381	0.00560	0.07496	0.31412	0.47149	0.00533	0.00243	0.00073	0.00113	0.06758	0.00188	0.00173

[dist]
# distance from previous block
# <min> <max>
0	1

[block]
# block no. 2 follows, 155 sequences, length 9
# corresponding to MSA columns:
# 347-355
name=unknown_C
#
# <colnr> <probs for GDERKNQSTAVLIFYWHMCP>
#	G	D	E	R	K	N	Q	S	T	A	V	L	I	F	Y	W	H	M	C	P
0	0.07735	0.00280	0.00305	0.00302	0.00373	0.00289	0.00238	0.03876	0.18969	0.00655	0.01201	0.07820	0.29415	0.06602	0.00281	0.00082	0.00147	0.21043	0.00180	0.00208
1	0.00412	0.00349	0.00405	0.00295	0.00462	0.00270	0.00235	0.03258	0.00437	0.00669	0.03668	0.00519	0.04296	0.00175	0.00156	0.00033	0.00146	0.00142	0.00127	0.83949
2	0.00259	0.00211	0.00226	0.00227	0.00288	0.00187	0.00170	0.00339	0.04828	0.00583	0.11218	0.10537	0.65214	0.00490	0.00235	0.00068	0.00106	0.02373	0.02264	0.00178
3	0.00633	0.00372	0.00426	0.00347	0.00465	0.00381	0.00279	0.32520	0.05558	0.24953	0.05545	0.04622	0.06733	0.00285	0.00196	0.00060	0.00163	0.00231	0.15946	0.00285
4	0.00245	0.00189	0.00223	0.00246	0.00282	0.00169	0.00173	0.00289	0.00418	0.00531	0.05031	0.45816	0.38981	0.03607	0.00271	0.00079	0.00113	0.02989	0.00184	0.00165
5	0.00264	0.00202	0.00245	0.00271	0.00306	0.00192	0.00191	0.00347	0.07333	0.00557	0.05703	0.58989	0.21382	0.00559	0.00246	0.00076	0.00116	0.02656	0.00188	0.00177
6	0.06721	0.00471	0.00517	0.00406	0.00553	0.00500	0.00334	0.56215	0.03823	0.12803	0.04649	0.00611	0.00457	0.00250	0.00195	0.00059	0.00194	0.03587	0.00195	0.07460
7	0.04045	0.00740	0.04662	0.00462	0.00589	0.50578	0.01718	0.13787	0.05516	0.04114	0.02062	0.00449	0.00335	0.00213	0.00181	0.00053	0.00282	0.00150	0.02654	0.07407
8	0.00365	0.00218	0.00304	0.00285	0.00319	0.00219	0.00205	0.03826	0.00321	0.02365	0.00410	0.00642	0.00387	0.03196	0.20642	0.56863	0.00252	0.00181	0.00103	0.08899

[dist]
# distance from previous block
# <min> <max>
1	39

[block]
# block no. 3 follows, 155 sequences, length 44
# corresponding to MSA columns:
# 414-457
name=unknown_D
#
# <colnr> <probs for GDERKNQSTAVLIFYWHMCP>
#	G	D	E	R	K	N	Q	S	T	A	V	L	I	F	Y	W	H	M	C	P
0	0.00291	0.00211	0.00289	0.00287	0.00309	0.00228	0.01701	0.00333	0.00320	0.00443	0.00626	0.05551	0.01258	0.39411	0.42722	0.00237	0.01351	0.03682	0.00593	0.00156
1	0.00310	0.00235	0.00274	0.00289	0.00325	0.04501	0.00209	0.00372	0.01866	0.03707	0.16615	0.43472	0.08254	0.05556	0.06044	0.00096	0.00160	0.07353	0.00181	0.00179
2	0.00288	0.00282	0.06887	0.00266	0.00346	0.00223	0.00225	0.03485	0.03673	0.00601	0.08517	0.08052	0.55693	0.02688	0.00252	0.00072	0.00130	0.07207	0.00922	0.00190
3	0.00426	0.00318	0.00348	0.00319	0.00399	0.03306	0.00241	0.18336	0.06245	0.06083	0.03354	0.34468	0.18389	0.00431	0.00224	0.00068	0.00148	0.00371	0.00827	0.05701
4	0.00267	0.00197	0.00237	0.00253	0.00287	0.00183	0.00181	0.00314	0.00415	0.00538	0.12003	0.23787	0.26622	0.20538	0.00414	0.00101	0.00135	0.13192	0.00175	0.00161
5	0.00250	0.00182	0.00236	0.00278	0.00296	0.00171	0.00189	0.00297	0.02074	0.00520	0.01156	0.82029	0.07522	0.00608	0.00253	0.00080	0.00118	0.03392	0.00185	0.00166
6	0.01315	0.00257	0.00274	0.00285	0.00328	0.06852	0.00202	0.01897	0.00440	0.06296	0.07944	0.50372	0.17687	0.04021	0.00267	0.00078	0.00138	0.00981	0.00183	0.00183
7	0.00252	0.00187	0.00234	0.00265	0.00291	0.00173	0.00183	0.00302	0.01957	0.00534	0.06051	0.63678	0.18257	0.03765	0.00276	0.00081	0.00117	0.03047	0.00185	0.00166
8	0.19884	0.00811	0.58809	0.00484	0.00717	0.02651	0.02772	0.03735	0.00433	0.02717	0.01768	0.00479	0.03506	0.00206	0.00180	0.00063	0.00253	0.00156	0.00106	0.00273
9	0.03721	0.00354	0.00391	0.00350	0.00444	0.00380	0.00273	0.15351	0.31732	0.08257	0.03854	0.09661	0.10239	0.07200	0.00274	0.00078	0.00161	0.06828	0.00193	0.00260
10	0.00271	0.00186	0.00240	0.00271	0.00294	0.00173	0.00188	0.00305	0.00393	0.02705	0.03470	0.62865	0.11817	0.05306	0.00318	0.04999	0.00126	0.05730	0.00179	0.00163
11	0.00332	0.00273	0.00420	0.00384	0.00446	0.00264	0.14691	0.08623	0.00456	0.00605	0.00989	0.54525	0.07755	0.02078	0.00260	0.00079	0.00166	0.07286	0.00172	0.00197
12	0.03245	0.00217	0.00244	0.00262	0.00307	0.01509	0.00191	0.02001	0.01458	0.00567	0.04820	0.41928	0.35091	0.00535	0.00241	0.00074	0.00121	0.06829	0.00184	0.00175
13	0.05420	0.00298	0.00365	0.00312	0.00416	0.00280	0.00248	0.08362	0.00529	0.41211	0.02949	0.14715	0.10317	0.00831	0.00210	0.00065	0.00149	0.03559	0.09502	0.00263
14	0.00439	0.00388	0.00349	0.00322	0.00389	0.21384	0.00242	0.00522	0.01992	0.08243	0.50987	0.07559	0.04119	0.01896	0.00233	0.00064	0.00166	0.00307	0.00189	0.00209
15	0.00290	0.00194	0.00221	0.00221	0.00223	0.00195	0.00126	0.00293	0.00291	0.00390	0.00625	0.01285	0.00716	0.89444	0.04552	0.00198	0.00207	0.00287	0.00120	0.00123
16	0.00278	0.00204	0.00260	0.00278	0.00314	0.00195	0.00204	0.00358	0.04688	0.00607	0.24704	0.38532	0.11267	0.02749	0.00279	0.02507	0.00123	0.12086	0.00191	0.00176
17	0.01310	0.00267	0.00319	0.00282	0.00354	0.00264	0.00218	0.13656	0.01541	0.08275	0.51844	0.03718	0.01277	0.00344	0.00211	0.00060	0.00120	0.00295	0.15423	0.00223
18	0.00302	0.00242	0.00341	0.00343	0.00382	0.02283	0.08184	0.02911	0.02087	0.01189	0.01461	0.73058	0.01149	0.00548	0.00248	0.00078	0.00147	0.03989	0.00872	0.00183
19	0.00541	0.89620	0.01027	0.00348	0.00516	0.04253	0.00343	0.00605	0.00411	0.00470	0.00278	0.00321	0.00256	0.00172	0.00130	0.00043	0.00219	0.00107	0.00086	0.00255
20	0.01626	0.00194	0.00234	0.00257	0.00295	0.00178	0.00186	0.00305	0.00424	0.00554	0.09114	0.44170	0.31131	0.01157	0.02624	0.00082	0.00126	0.06991	0.00185	0.00169
21	0.00267	0.00199	0.00247	0.00278	0.00308	0.00190	0.00198	0.00336	0.04945	0.00533	0.01208	0.55053	0.16950	0.06774	0.00302	0.00087	0.00129	0.11644	0.00181	0.00171
22	0.00365	0.00260	0.00312	0.00311	0.00361	0.00262	0.00226	0.18424	0.01567	0.02724	0.03252	0.60683	0.07862	0.01432	0.00247	0.00076	0.00138	0.01104	0.00190	0.00204
23	0.00290	0.00194	0.00220	0.00220	0.00220	0.00194	0.00124	0.00291	0.00291	0.00388	0.00626	0.01294	0.00720	0.91075	0.02927	0.00196	0.00200	0.00288	0.00121	0.00122
24	0.00285	0.00214	0.00320	0.00320	0.00356	0.00249	0.00249	0.00356	0.00320	0.00463	0.00534	0.00783	0.00498	0.01495	0.92203	0.00320	0.00534	0.00214	0.00107	0.00178
25	0.00254	0.00203	0.00228	0.00231	0.00290	0.00178	0.00177	0.00316	0.00474	0.00596	0.20321	0.06743	0.59909	0.00496	0.00240	0.00069	0.00108	0.08802	0.00192	0.00173
26	0.00361	0.00245	0.00275	0.00264	0.00296	0.01613	0.00177	0.08229	0.02890	0.02736	0.00668	0.11677	0.00700	0.49366	0.08637	0.00154	0.00206	0.00287	0.11051	0.00169
27	0.00290	0.00194	0.00221	0.00221	0.00222	0.00195	0.00125	0.00292	0.00291	0.00389	0.00625	0.01286	0.00717	0.89783	0.04214	0.00198	0.00205	0.00287	0.00120	0.00123
28	0.00400	0.01031	0.91960	0.00568	0.00863	0.00463	0.00737	0.00631	0.00421	0.00631	0.00358	0.00421	0.00253	0.00189	0.00189	0.00063	0.00295	0.00147	0.00084	0.00295
29	0.05666	0.00488	0.00541	0.00419	0.00572	0.00522	0.00345	0.61969	0.01977	0.22536	0.02594	0.00544	0.00407	0.00242	0.00197	0.00061	0.00201	0.00185	0.00207	0.00329
30	0.00383	0.00282	0.00320	0.00286	0.00367	0.00279	0.00222	0.10489	0.13563	0.05533	0.36195	0.01361	0.29155	0.00391	0.00225	0.00064	0.00123	0.00331	0.00206	0.00225
31	0.00243	0.00174	0.00231	0.00278	0.00289	0.00162	0.00185	0.00278	0.00382	0.00509	0.01099	0.92863	0.01319	0.00625	0.00254	0.00081	0.00116	0.00567	0.00185	0.00162
32	0.00361	0.00276	0.00319	0.00264	0.00380	0.00221	0.00207	0.00433	0.00448	0.06564	0.06012	0.04315	0.35007	0.00336	0.00198	0.00052	0.00129	0.03930	0.00162	0.40385
33	0.00384	0.00327	0.00380	0.00284	0.00439	0.00249	0.00224	0.00468	0.00422	0.00640	0.04361	0.04299	0.08946	0.00211	0.00164	0.00037	0.00140	0.00175	0.00131	0.77720
34	0.00257	0.00184	0.00247	0.00292	0.00310	0.00175	0.00208	0.00302	0.00395	0.00523	0.01099	0.73999	0.02684	0.01911	0.00269	0.00084	0.00129	0.16584	0.00184	0.00165
35	0.00297	0.00204	0.00236	0.00235	0.00242	0.00210	0.00141	0.00323	0.03432	0.00410	0.00625	0.01231	0.00697	0.80285	0.10467	0.00202	0.00227	0.00280	0.00122	0.00133
36	0.00251	0.00194	0.00227	0.00243	0.00283	0.00176	0.00173	0.00296	0.00415	0.00526	0.05218	0.30932	0.42689	0.08381	0.05246	0.00097	0.00140	0.04173	0.00177	0.00164
37	0.00252	0.00188	0.00236	0.00267	0.00297	0.00172	0.00190	0.00301	0.00422	0.00551	0.09802	0.55729	0.21427	0.00571	0.00250	0.00077	0.00117	0.08795	0.00188	0.00168
38	0.00250	0.00205	0.00223	0.00226	0.00289	0.00177	0.00175	0.00310	0.00467	0.00573	0.11367	0.01912	0.71710	0.00500	0.00240	0.00070	0.00110	0.10835	0.00189	0.00172
39	0.70354	0.00348	0.00295	0.00269	0.00372	0.00395	0.00217	0.00532	0.00367	0.02177	0.05932	0.06667	0.07485	0.00259	0.00168	0.00064	0.03572	0.00182	0.00139	0.00209
40	0.00302	0.00250	0.00285	0.00304	0.03710	0.02709	0.00214	0.03409	0.00963	0.01016	0.06047	0.24064	0.40222	0.05909	0.00300	0.00079	0.03638	0.06222	0.00175	0.00182
41	0.00296	0.00200	0.00272	0.00272	0.00289	0.00216	0.00189	0.00316	0.00300	0.00416	0.00541	0.00954	0.00561	0.36014	0.43720	0.14606	0.00350	0.00236	0.00109	0.00142
42	0.88021	0.00395	0.00328	0.00297	0.02100	0.00454	0.01913	0.03386	0.00362	0.00896	0.00288	0.00336	0.00223	0.00186	0.00129	0.00062	0.00161	0.00114	0.00125	0.00223
43	0.19512	0.01446	0.00520	0.00408	0.00542	0.00534	0.00338	0.47372	0.02368	0.14627	0.00466	0.00476	0.00333	0.00241	0.00231	0.00063	0.09874	0.00168	0.00178	0.00300

[dist]
# distance from previous block
# <min> <max>
4	17

[block]
# block no. 4 follows, 155 sequences, length 10
# corresponding to MSA columns:
# 476-485
name=unknown_E
#
# <colnr> <probs for GDERKNQSTAVLIFYWHMCP>
#	G	D	E	R	K	N	Q	S	T	A	V	L	I	F	Y	W	H	M	C	P
0	0.00448	0.00422	0.00616	0.40820	0.24262	0.05911	0.00504	0.07010	0.00451	0.00595	0.00405	0.02094	0.00341	0.00324	0.07504	0.00085	0.05375	0.02479	0.00105	0.00249
1	0.00871	0.00378	0.00486	0.00373	0.00528	0.00350	0.00308	0.16731	0.00635	0.76037	0.00733	0.00644	0.00467	0.00245	0.00200	0.00061	0.00178	0.00197	0.00238	0.00339
2	0.02766	0.00415	0.00516	0.00398	0.00549	0.00411	0.03270	0.31331	0.02214	0.50065	0.03940	0.00631	0.00482	0.00246	0.00200	0.00061	0.00187	0.00199	0.01795	0.00326
3	0.00336	0.09317	0.00379	0.00306	0.00348	0.05511	0.02061	0.00381	0.00342	0.00448	0.00583	0.10428	0.00616	0.31104	0.36752	0.00206	0.00334	0.00260	0.00117	0.00170
4	0.00331	0.00268	0.00421	0.00411	0.04442	0.00286	0.09100	0.02061	0.03339	0.01817	0.00670	0.23083	0.00683	0.02111	0.45223	0.00196	0.02707	0.02517	0.00133	0.00199
5	0.00267	0.00190	0.00233	0.00252	0.00272	0.00180	0.00169	0.00301	0.00383	0.00507	0.10215	0.36912	0.11684	0.31170	0.00503	0.00115	0.00142	0.06184	0.00167	0.00153
6	0.00279	0.00189	0.00221	0.00231	0.00233	0.00186	0.00135	0.00287	0.00310	0.00414	0.00733	0.21754	0.00857	0.72363	0.00845	0.00168	0.00176	0.00352	0.00135	0.00130
7	0.00250	0.00184	0.00236	0.00274	0.00298	0.00170	0.00193	0.00293	0.00401	0.00523	0.01244	0.68923	0.16008	0.00598	0.00254	0.00080	0.00120	0.09602	0.00185	0.00165
8	0.00285	0.00212	0.00307	0.00309	0.00343	0.00241	0.00238	0.00350	0.00329	0.00465	0.00618	0.00934	0.03750	0.09555	0.76821	0.00290	0.00473	0.04194	0.00114	0.00173
9	0.00496	0.00428	0.00451	0.00406	0.00518	0.00496	0.00316	0.01059	0.91389	0.00834	0.00811	0.00744	0.00609	0.00270	0.00203	0.00068	0.00158	0.00225	0.00203	0.00316

[dist]
# distance from previous block
# <min> <max>
0	2

[block]
# block no. 5 follows, 155 sequences, length 22
# corresponding to MSA columns:
# 488-509
name=unknown_F
#
# <colnr> <probs for GDERKNQSTAVLIFYWHMCP>
#	G	D	E	R	K	N	Q	S	T	A	V	L	I	F	Y	W	H	M	C	P
0	0.77266	0.00417	0.00349	0.00298	0.00428	0.00479	0.00246	0.17146	0.00449	0.00961	0.00314	0.00352	0.00238	0.00195	0.00137	0.00061	0.00166	0.00121	0.00137	0.00238
1	0.00758	0.00558	0.00598	0.00459	0.00618	0.00618	0.00379	0.91085	0.00937	0.01257	0.00479	0.00479	0.00339	0.00239	0.00199	0.00060	0.00219	0.00180	0.00199	0.00339
2	0.00243	0.00174	0.00231	0.00278	0.00289	0.00162	0.00185	0.00278	0.00382	0.00509	0.01099	0.92863	0.01319	0.00625	0.00254	0.00081	0.00116	0.00567	0.00185	0.00162
3	0.00307	0.00215	0.00247	0.00233	0.00264	0.00200	0.00146	0.00327	0.00330	0.00461	0.03762	0.07232	0.02506	0.63729	0.00765	0.02001	0.00173	0.00283	0.03314	0.13506
4	0.00296	0.00213	0.00292	0.00336	0.00373	0.00208	0.00277	0.00370	0.00437	0.00570	0.01100	0.27993	0.04216	0.00570	0.00268	0.00088	0.00162	0.61870	0.00184	0.00177
5	0.00251	0.00180	0.00236	0.00278	0.00291	0.00171	0.00185	0.00296	0.02471	0.00510	0.01068	0.86101	0.01272	0.05300	0.00292	0.00086	0.00121	0.00545	0.00182	0.00163
6	0.00253	0.00185	0.00240	0.00281	0.00299	0.00175	0.00192	0.00308	0.03505	0.00523	0.01125	0.83790	0.04934	0.00606	0.00252	0.00080	0.00118	0.02778	0.00186	0.00168
7	0.04346	0.00453	0.00510	0.00397	0.00543	0.00475	0.00326	0.52401	0.00760	0.28643	0.01670	0.00565	0.00413	0.00241	0.00193	0.00059	0.00191	0.00186	0.07305	0.00321
8	0.00248	0.00201	0.00213	0.00218	0.00274	0.00174	0.00161	0.00295	0.00435	0.00529	0.03478	0.06994	0.70110	0.10255	0.00321	0.00083	0.00116	0.05551	0.00179	0.00164
9	0.11814	0.00217	0.00253	0.00269	0.00315	0.00210	0.00197	0.00363	0.00422	0.04017	0.12719	0.47441	0.14604	0.00507	0.00232	0.00074	0.00122	0.05859	0.00184	0.00181
10	0.05980	0.00356	0.01004	0.00367	0.01409	0.03408	0.05241	0.11000	0.18641	0.06203	0.17590	0.13095	0.11096	0.00365	0.00855	0.00069	0.00163	0.02727	0.00187	0.00244
11	0.00279	0.00221	0.00263	0.00277	0.00331	0.00212	0.00216	0.00376	0.06920	0.00563	0.02312	0.16398	0.41244	0.00608	0.08697	0.00098	0.00166	0.20459	0.00179	0.00182
12	0.00440	0.00374	0.05347	0.00374	0.00464	0.01802	0.01409	0.24763	0.04332	0.01490	0.00588	0.02468	0.03925	0.04038	0.45894	0.00764	0.00372	0.00217	0.00706	0.00234
13	0.03652	0.00400	0.00430	0.00371	0.00467	0.04366	0.00293	0.39493	0.03737	0.00871	0.06792	0.11695	0.04513	0.02186	0.13928	0.01337	0.00238	0.03089	0.01889	0.00252
14	0.00345	0.00403	0.13838	0.01119	0.00468	0.05128	0.04199	0.01695	0.03148	0.01322	0.07003	0.09270	0.25919	0.02491	0.10488	0.00101	0.04249	0.08456	0.00151	0.00207
15	0.01459	0.00277	0.00316	0.00312	0.00380	0.03368	0.00246	0.00514	0.13563	0.07981	0.09848	0.10765	0.22311	0.01172	0.06809	0.00092	0.00175	0.20015	0.00186	0.00211
16	0.66526	0.04827	0.00404	0.00337	0.02168	0.13292	0.00268	0.08953	0.00431	0.00847	0.00302	0.00346	0.00237	0.00192	0.00140	0.00059	0.00193	0.00119	0.00125	0.00233
17	0.01258	0.02212	0.00504	0.00421	0.00542	0.12969	0.00332	0.27223	0.42989	0.02205	0.02897	0.00646	0.01705	0.01791	0.00211	0.00064	0.00202	0.00202	0.01327	0.00300
18	0.03672	0.00412	0.00433	0.00388	0.00498	0.00470	0.00302	0.03478	0.77576	0.01861	0.04577	0.00797	0.04096	0.00281	0.00203	0.00067	0.00155	0.00233	0.00201	0.00302
19	0.00561	0.73431	0.00942	0.00373	0.00527	0.11924	0.00350	0.04416	0.00442	0.00505	0.00293	0.00342	0.00263	0.00203	0.01510	0.00050	0.03403	0.00116	0.00093	0.00254
20	0.00283	0.00199	0.00252	0.00257	0.00276	0.00207	0.00174	0.00316	0.00326	0.00445	0.00745	0.10192	0.06655	0.45000	0.29561	0.00208	0.00284	0.02073	0.02398	0.00149
21	0.00469	0.24583	0.02308	0.00552	0.01305	0.02454	0.39004	0.01759	0.01553	0.04170	0.04385	0.07439	0.07680	0.00247	0.00209	0.00061	0.01210	0.00239	0.00123	0.00250

[dist]
# distance from previous block
# <min> <max>
7	13

[block]
# block no. 6 follows, 155 sequences, length 142
# corresponding to MSA columns:
# 527-668
name=unknown_G
#
# <colnr> <probs for GDERKNQSTAVLIFYWHMCP>
#	G	D	E	R	K	N	Q	S	T	A	V	L	I	F	Y	W	H	M	C	P
0	0.01282	0.33584	0.14934	0.00442	0.05280	0.08339	0.00748	0.08251	0.08430	0.01047	0.01638	0.03511	0.03513	0.02335	0.04612	0.00071	0.00241	0.00795	0.00119	0.00829
1	0.01371	0.00338	0.00399	0.07737	0.00503	0.01750	0.00292	0.13643	0.22945	0.02704	0.09350	0.18520	0.05239	0.00932	0.10974	0.00099	0.02065	0.00723	0.00175	0.00241
2	0.00465	0.00563	0.06621	0.00809	0.01012	0.00500	0.82348	0.00633	0.00464	0.00635	0.00397	0.00527	0.00299	0.00172	0.00239	0.00067	0.02045	0.00227	0.00100	0.01880
3	0.02148	0.01021	0.00474	0.03862	0.24520	0.08436	0.00748	0.06610	0.02166	0.00641	0.04755	0.18224	0.08523	0.01564	0.03920	0.00076	0.00203	0.04523	0.05606	0.01979
4	0.00272	0.00196	0.00228	0.00236	0.00270	0.00181	0.00162	0.00304	0.00391	0.01563	0.06147	0.17776	0.34046	0.26915	0.02218	0.04516	0.00145	0.04117	0.00163	0.00154
5	0.00243	0.00177	0.00230	0.00272	0.00289	0.00163	0.00184	0.00281	0.00390	0.00515	0.01999	0.83705	0.08657	0.00612	0.00253	0.00080	0.00115	0.01486	0.00185	0.00163
6	0.00316	0.00183	0.00239	0.00240	0.00241	0.00182	0.00149	0.00275	0.00279	0.00371	0.00516	0.03131	0.01623	0.43881	0.00871	0.46873	0.00180	0.00240	0.00106	0.00105
7	0.01528	0.00200	0.00251	0.00271	0.00308	0.00191	0.00196	0.01422	0.00410	0.02805	0.03762	0.45895	0.21749	0.01871	0.09598	0.01671	0.00163	0.05970	0.01567	0.00173
8	0.69960	0.00378	0.00339	0.00289	0.00419	0.00416	0.00238	0.01716	0.02748	0.21284	0.00408	0.00416	0.00290	0.00202	0.00144	0.00062	0.00159	0.00133	0.00154	0.00248
9	0.00266	0.00198	0.00221	0.00226	0.00260	0.00183	0.00154	0.00300	0.00390	0.00496	0.07213	0.08530	0.37313	0.37686	0.00552	0.00120	0.00143	0.05436	0.00161	0.00151
10	0.00318	0.00218	0.00247	0.00243	0.00260	0.00220	0.00153	0.05582	0.00816	0.00468	0.00717	0.04691	0.04135	0.73210	0.00848	0.00168	0.00186	0.06034	0.01346	0.00143
11	0.00250	0.00194	0.00220	0.00235	0.00281	0.00170	0.00168	0.00295	0.00426	0.01496	0.03186	0.32872	0.52324	0.04292	0.00274	0.00078	0.00112	0.02775	0.00184	0.00167
12	0.19851	0.00398	0.00455	0.00357	0.00505	0.00400	0.00295	0.22427	0.00608	0.49910	0.00607	0.00560	0.00401	0.00232	0.00183	0.00061	0.00177	0.00176	0.02086	0.00311
13	0.00277	0.00193	0.00226	0.00238	0.00251	0.00187	0.00151	0.00296	0.00339	0.00443	0.00914	0.18486	0.11778	0.57958	0.00726	0.00150	0.00167	0.06936	0.00145	0.00139
14	0.03668	0.00332	0.00440	0.00347	0.00490	0.00294	0.00285	0.02699	0.00558	0.78655	0.00823	0.03823	0.03473	0.00275	0.00203	0.00063	0.00167	0.02851	0.00236	0.00320
15	0.00276	0.00204	0.00253	0.00240	0.00292	0.00184	0.00180	0.00359	0.00537	0.01348	0.70033	0.01578	0.22016	0.01326	0.00243	0.00065	0.00097	0.00372	0.00211	0.00184
16	0.00493	0.00474	0.00809	0.01224	0.91749	0.00474	0.00612	0.00612	0.00454	0.00651	0.00375	0.00493	0.00316	0.00178	0.00197	0.00059	0.00237	0.00178	0.00099	0.00316
17	0.00464	0.00396	0.00420	0.00381	0.00484	0.00450	0.00295	0.02001	0.76866	0.00810	0.06588	0.02699	0.05761	0.01201	0.00216	0.00069	0.00151	0.00252	0.00202	0.00295
18	0.00413	0.00354	0.00413	0.00295	0.00472	0.00266	0.00236	0.00502	0.00413	0.00650	0.00354	0.00413	0.00295	0.00148	0.00148	0.00030	0.00148	0.00118	0.00118	0.94212
19	0.00314	0.00242	0.00292	0.00309	0.00355	0.00246	0.00230	0.02120	0.17528	0.00614	0.06089	0.44672	0.09471	0.02363	0.00259	0.00080	0.00135	0.14294	0.00189	0.00199
20	0.00302	0.00207	0.00248	0.00242	0.00288	0.00193	0.00174	0.00345	0.01050	0.05185	0.14003	0.05810	0.36221	0.16753	0.09605	0.08070	0.00171	0.00802	0.00166	0.00166
21	0.04342	0.00310	0.00353	0.00273	0.00397	0.00253	0.00204	0.00445	0.00376	0.00587	0.00438	0.01176	0.00847	0.25112	0.01073	0.00078	0.00163	0.00169	0.00120	0.63286
22	0.01576	0.00192	0.00235	0.00252	0.00270	0.00185	0.00167	0.00307	0.00380	0.00516	0.13835	0.35845	0.05290	0.35092	0.00534	0.00120	0.00145	0.04743	0.00165	0.00152
23	0.00514	0.00568	0.00547	0.00482	0.00527	0.28315	0.00386	0.00595	0.06385	0.00510	0.00458	0.00559	0.07521	0.00340	0.02666	0.00079	0.49032	0.00184	0.00108	0.00224
24	0.11646	0.00362	0.00353	0.00326	0.00414	0.06860	0.01566	0.05457	0.25833	0.01039	0.07000	0.11981	0.24746	0.00368	0.00210	0.00067	0.00154	0.01209	0.00179	0.00231
25	0.00346	0.00173	0.00260	0.00260	0.00260	0.00173	0.00173	0.00260	0.00260	0.00346	0.00346	0.00606	0.00346	0.00693	0.00779	0.94199	0.00173	0.00173	0.00087	0.00087
26	0.00243	0.00174	0.00231	0.00278	0.00289	0.00162	0.00185	0.00278	0.00382	0.00509	0.01099	0.92863	0.01319	0.00625	0.00254	0.00081	0.00116	0.00567	0.00185	0.00162
27	0.01664	0.00298	0.00362	0.00328	0.03665	0.01138	0.00236	0.02245	0.00409	0.00603	0.00632	0.30260	0.01895	0.01035	0.06082	0.00069	0.00169	0.00277	0.00141	0.48492
28	0.00414	0.00440	0.10957	0.12835	0.38367	0.00386	0.00481	0.00554	0.05377	0.02455	0.10552	0.12936	0.00637	0.02461	0.00228	0.00068	0.00209	0.00252	0.00130	0.00262
29	0.00786	0.00315	0.00428	0.00336	0.00471	0.00274	0.00274	0.00866	0.00570	0.75705	0.16928	0.00823	0.00740	0.00275	0.00207	0.00062	0.00156	0.00229	0.00242	0.00312
30	0.00436	0.00436	0.00611	0.00523	0.00523	0.00611	0.00436	0.00480	0.00305	0.00480	0.00262	0.00436	0.00262	0.00349	0.00654	0.00087	0.92628	0.00174	0.00087	0.00218
31	0.02276	0.00337	0.00402	0.00334	0.00438	0.00339	0.00266	0.22596	0.06193	0.21089	0.42147	0.00997	0.01091	0.00319	0.00215	0.00062	0.00146	0.00268	0.00218	0.00267
32	0.00432	0.15011	0.73575	0.00537	0.00807	0.00513	0.03053	0.01508	0.00427	0.01879	0.00354	0.00413	0.00259	0.00187	0.00182	0.00060	0.00281	0.00145	0.00088	0.00289
33	0.00803	0.00487	0.00554	0.00425	0.00583	0.00512	0.00351	0.61641	0.00818	0.30869	0.00579	0.00544	0.00390	0.00242	0.00200	0.00060	0.00203	0.00186	0.00215	0.00339
34	0.00449	0.01566	0.00437	0.00314	0.00486	0.04929	0.00252	0.04731	0.00448	0.01186	0.01205	0.00424	0.00311	0.00158	0.00153	0.00033	0.00162	0.00124	0.00122	0.82510
35	0.00289	0.00217	0.00266	0.00290	0.00323	0.00216	0.00203	0.01946	0.12326	0.00586	0.05952	0.67860	0.05930	0.00546	0.00243	0.00077	0.00121	0.00490	0.01934	0.00187
36	0.37908	0.00390	0.00415	0.00334	0.00476	0.00404	0.00275	0.13748	0.01854	0.41516	0.00541	0.00510	0.00363	0.00222	0.00170	0.00062	0.00171	0.00161	0.00190	0.00290
37	0.81334	0.00374	0.00308	0.00271	0.00394	0.00424	0.00222	0.00615	0.01520	0.08497	0.04270	0.00409	0.00316	0.00201	0.00136	0.00062	0.00153	0.00128	0.00139	0.00226
38	0.00758	0.00558	0.00598	0.00459	0.00618	0.00618	0.00379	0.91085	0.00937	0.01257	0.00479	0.00479	0.00339	0.00239	0.00199	0.00060	0.00219	0.00180	0.00199	0.00339
39	0.00258	0.00207	0.00234	0.00238	0.00298	0.00182	0.00186	0.00324	0.00477	0.00600	0.19659	0.01886	0.59485	0.00493	0.00242	0.00070	0.00113	0.14683	0.00192	0.00175
40	0.00249	0.00194	0.00226	0.00242	0.00287	0.00172	0.00176	0.00301	0.00444	0.00564	0.13138	0.31962	0.44940	0.01179	0.00249	0.00073	0.00110	0.05135	0.00189	0.00169
41	0.00243	0.00174	0.00231	0.00278	0.00289	0.00162	0.00185	0.00278	0.00382	0.00509	0.01099	0.92863	0.01319	0.00625	0.00254	0.00081	0.00116	0.00567	0.00185	0.00162
42	0.00895	0.00339	0.00463	0.00355	0.00509	0.00293	0.00293	0.00972	0.00571	0.91887	0.00787	0.00679	0.00494	0.00247	0.00201	0.00062	0.00170	0.00201	0.00247	0.00339
43	0.59437	0.00376	0.00361	0.00300	0.00436	0.00401	0.00248	0.03943	0.00439	0.31682	0.00457	0.00449	0.00314	0.00208	0.00152	0.00062	0.00162	0.00142	0.00168	0.00262
44	0.00288	0.00236	0.00260	0.00260	0.00323	0.00225	0.00196	0.00426	0.14951	0.00615	0.12005	0.14522	0.48945	0.00476	0.00235	0.00070	0.00116	0.05464	0.00192	0.00194
45	0.00260	0.00199	0.00238	0.00241	0.00289	0.00178	0.00179	0.00326	0.00483	0.00636	0.36795	0.15869	0.36591	0.02184	0.00255	0.00071	0.00106	0.04728	0.00197	0.00175
46	0.00249	0.00180	0.00235	0.00278	0.00294	0.00170	0.00187	0.00296	0.02494	0.00518	0.01127	0.87340	0.04668	0.00612	0.00253	0.00080	0.00116	0.00553	0.00185	0.00166
47	0.00493	0.00474	0.00809	0.01224	0.91749	0.00474	0.00612	0.00612	0.00454	0.00651	0.00375	0.00493	0.00316	0.00178	0.00197	0.00059	0.00237	0.00178	0.00099	0.00316
48	0.00253	0.00180	0.00238	0.00281	0.00295	0.00171	0.00191	0.00294	0.01161	0.00511	0.01067	0.80978	0.01268	0.05861	0.00299	0.00088	0.00125	0.06395	0.00181	0.00162
49	0.09821	0.00420	0.00494	0.01942	0.00549	0.00426	0.00319	0.31040	0.03696	0.48270	0.00628	0.00577	0.00415	0.00238	0.00193	0.00061	0.00186	0.00185	0.00215	0.00325
50	0.07790	0.00310	0.00338	0.00325	0.00398	0.00335	0.00243	0.05861	0.33545	0.00725	0.08283	0.31060	0.08017	0.01555	0.00229	0.00072	0.00138	0.00352	0.00190	0.00234
51	0.00285	0.00213	0.00318	0.00318	0.00353	0.00248	0.00247	0.00355	0.00320	0.00461	0.00536	0.00794	0.00503	0.03352	0.90352	0.00318	0.00527	0.00215	0.00107	0.00177
52	0.75957	0.00369	0.00316	0.00277	0.00400	0.00411	0.00226	0.00629	0.00376	0.14499	0.00393	0.04746	0.00310	0.00215	0.00141	0.00063	0.00155	0.00143	0.00145	0.00232
53	0.00285	0.00218	0.00266	0.00264	0.00309	0.00218	0.00198	0.01214	0.00398	0.01779	0.03751	0.05142	0.37676	0.15789	0.21604	0.00149	0.03529	0.06887	0.00155	0.00170
54	0.00256	0.00190	0.00227	0.00250	0.00279	0.00175	0.00173	0.00294	0.00392	0.00505	0.01276	0.41799	0.28270	0.16076	0.02211	0.00101	0.00136	0.05847	0.01384	0.00159
55	0.00378	0.00356	0.00601	0.91184	0.02689	0.00443	0.00555	0.00511	0.00399	0.00511	0.00355	0.00531	0.00267	0.00199	0.00199	0.00066	0.00265	0.00177	0.00089	0.00223
56	0.00261	0.00191	0.00246	0.00261	0.00292	0.00182	0.00185	0.00310	0.00414	0.00554	0.19220	0.38010	0.17025	0.05628	0.12609	0.03251	0.00171	0.00848	0.00175	0.00166
57	0.00314	0.00246	0.00276	0.00281	0.00333	0.02059	0.00207	0.10518	0.00484	0.00621	0.05801	0.42066	0.30730	0.00520	0.00241	0.00073	0.00130	0.04729	0.00187	0.00188
58	0.00243	0.00186	0.00223	0.00250	0.00285	0.00166	0.00175	0.00286	0.00415	0.00528	0.03261	0.53845	0.36189	0.00572	0.00247	0.00076	0.00111	0.02589	0.00186	0.00165
59	0.04022	0.00461	0.00477	0.00367	0.00522	0.14509	0.05589	0.05504	0.02172	0.02083	0.02411	0.00509	0.04126	0.00188	0.00167	0.00041	0.00193	0.00151	0.00128	0.56379
60	0.00308	0.00259	0.00266	0.00278	0.00316	0.06418	0.00195	0.00385	0.07383	0.00523	0.02495	0.34786	0.21883	0.18621	0.00990	0.00099	0.00153	0.04302	0.00168	0.00173
61	0.00254	0.00182	0.00229	0.00262	0.00277	0.00171	0.00174	0.00286	0.00374	0.00493	0.02384	0.64156	0.07811	0.19027	0.00405	0.00102	0.00132	0.02953	0.00173	0.00155
62	0.00488	0.00391	0.00441	0.00323	0.00493	0.02073	0.00260	0.13540	0.00498	0.04410	0.00394	0.00439	0.00313	0.00168	0.00158	0.00036	0.00162	0.00132	0.01884	0.73398
63	0.00472	0.37355	0.16514	0.00620	0.25548	0.02931	0.00865	0.00578	0.00423	0.00554	0.01650	0.01538	0.02670	0.02118	0.04834	0.00070	0.00248	0.00649	0.00097	0.00267
64	0.03505	0.00343	0.00475	0.00365	0.00515	0.00303	0.04017	0.01851	0.00560	0.78969	0.03946	0.00722	0.02971	0.00254	0.00202	0.00062	0.00172	0.00211	0.00234	0.00323
65	0.00591	0.00460	0.00506	0.00417	0.00541	0.01544	0.02016	0.43868	0.29673	0.01414	0.04008	0.00661	0.01580	0.01517	0.07759	0.00085	0.00219	0.00209	0.02631	0.00301
66	0.00413	0.02048	0.05307	0.00366	0.00445	0.15188	0.01974	0.07597	0.04559	0.01103	0.06579	0.23892	0.15108	0.01343	0.02605	0.00077	0.03141	0.07883	0.00162	0.00212
67	0.00378	0.10069	0.02731	0.00337	0.00405	0.10077	0.00272	0.02055	0.03321	0.01345	0.02061	0.09748	0.06531	0.06307	0.40254	0.00182	0.00348	0.03253	0.00127	0.00198
68	0.00298	0.00208	0.00268	0.00267	0.00286	0.00224	0.00183	0.02087	0.00322	0.00450	0.00603	0.04337	0.00637	0.46751	0.39244	0.00236	0.00331	0.00263	0.02853	0.00152
69	0.03532	0.00477	0.00527	0.02284	0.00583	0.07999	0.07911	0.15365	0.47305	0.03195	0.01167	0.03712	0.01897	0.00283	0.01430	0.00069	0.00204	0.01586	0.00180	0.00292
70	0.02016	0.00343	0.00390	0.00301	0.00440	0.02525	0.00234	0.03582	0.00414	0.00627	0.01558	0.01528	0.00386	0.08607	0.10425	0.00079	0.00201	0.00154	0.00122	0.66067
71	0.00262	0.00194	0.00235	0.00257	0.00286	0.00182	0.00177	0.00316	0.03431	0.00527	0.06189	0.47567	0.22617	0.12575	0.00355	0.01518	0.00125	0.02847	0.00178	0.00164
72	0.00276	0.00204	0.00251	0.00245	0.00296	0.00184	0.00184	0.00354	0.00518	0.01666	0.57409	0.07149	0.25055	0.01541	0.00247	0.00068	0.00103	0.03863	0.00206	0.00182
73	0.00343	0.00283	0.00492	0.00418	0.00490	0.00290	0.20469	0.00426	0.00374	0.03148	0.02421	0.08704	0.01622	0.10779	0.44903	0.00204	0.00378	0.02163	0.01898	0.00196
74	0.01332	0.00327	0.00367	0.00335	0.00420	0.00352	0.00257	0.04586	0.42524	0.04889	0.24951	0.10946	0.04923	0.00810	0.00220	0.00067	0.00136	0.00302	0.02000	0.00256
75	0.00247	0.00197	0.00221	0.00235	0.00285	0.00173	0.00173	0.00297	0.00437	0.00543	0.05423	0.24601	0.56966	0.02163	0.00876	0.00076	0.00115	0.06621	0.00185	0.00168
76	0.24335	0.00328	0.00349	0.00291	0.00404	0.00336	0.00236	0.11209	0.00507	0.29831	0.00584	0.01426	0.00418	0.00229	0.00163	0.00057	0.00148	0.00174	0.28714	0.00260
77	0.00292	0.00217	0.00264	0.00259	0.00312	0.00202	0.00195	0.00804	0.05204	0.02287	0.47955	0.12117	0.23697	0.00453	0.00237	0.00068	0.00108	0.04934	0.00205	0.00190
78	0.00245	0.00199	0.00218	0.00227	0.00282	0.00172	0.00168	0.00299	0.00452	0.00560	0.09819	0.17361	0.64128	0.00519	0.00241	0.00070	0.00107	0.04577	0.00188	0.00170
79	0.09372	0.00451	0.00471	0.00403	0.00529	0.00512	0.00320	0.21814	0.58475	0.04427	0.00684	0.00641	0.00505	0.00254	0.00195	0.00065	0.00172	0.00203	0.00196	0.00313
80	0.00244	0.00199	0.00217	0.00227	0.00282	0.00172	0.00168	0.00297	0.00450	0.00554	0.07836	0.17286	0.65681	0.00521	0.00241	0.00071	0.00107	0.05091	0.00187	0.00169
81	0.00248	0.00201	0.00220	0.00225	0.00281	0.00174	0.00168	0.00304	0.00458	0.00569	0.13312	0.10586	0.64342	0.02756	0.00259	0.00072	0.00108	0.05359	0.00188	0.00170
82	0.00284	0.00213	0.00317	0.00318	0.00353	0.00247	0.00246	0.00354	0.00321	0.00462	0.00546	0.02505	0.00517	0.02960	0.89016	0.00314	0.00521	0.00221	0.00108	0.00177
83	0.00768	0.00406	0.00487	0.00385	0.00530	0.00407	0.00314	0.24617	0.15627	0.49690	0.00756	0.00683	0.03868	0.00258	0.00202	0.00062	0.00178	0.00207	0.00225	0.00329
84	0.06931	0.00521	0.00554	0.00429	0.00582	0.00574	0.00354	0.77267	0.00860	0.05029	0.00506	0.00506	0.01667	0.00240	0.00193	0.00060	0.00207	0.00179	0.03018	0.00324
85	0.00258	0.00186	0.00226	0.00250	0.00270	0.00174	0.00166	0.00290	0.00379	0.00496	0.05109	0.47479	0.15889	0.25266	0.00454	0.00108	0.00135	0.02543	0.00169	0.00154
86	0.00652	0.00438	0.00478	0.00390	0.00520	0.03101	0.00316	0.39990	0.12642	0.19607	0.04222	0.00838	0.11429	0.00296	0.00209	0.00063	0.00185	0.04121	0.00205	0.00300
87	0.00505	0.00392	0.00418	0.00375	0.00482	0.00443	0.00292	0.00976	0.73822	0.06936	0.00807	0.00754	0.01742	0.00268	0.00196	0.00065	0.00151	0.00222	0.10854	0.00301
88	0.00246	0.00183	0.00230	0.00264	0.00289	0.00167	0.00182	0.00288	0.00405	0.00527	0.04508	0.66488	0.19713	0.01929	0.00262	0.00080	0.00115	0.03775	0.00185	0.00164
89	0.00409	0.00346	0.00542	0.62179	0.04460	0.00401	0.01532	0.05659	0.00458	0.05272	0.06683	0.00745	0.09994	0.00249	0.00206	0.00065	0.00229	0.00217	0.00122	0.00230
90	0.00474	0.00492	0.00922	0.00688	0.00856	0.00489	0.60090	0.00756	0.27958	0.01277	0.00552	0.03578	0.00429	0.00214	0.00226	0.00068	0.00274	0.00243	0.00135	0.00280
91	0.01068	0.00347	0.00850	0.00380	0.00483	0.01015	0.12991	0.05036	0.28798	0.00697	0.07217	0.01662	0.34304	0.00364	0.00233	0.01866	0.00163	0.02109	0.00178	0.00238
92	0.00540	0.90288	0.01030	0.00346	0.00515	0.03590	0.00343	0.00603	0.00410	0.00470	0.00278	0.00321	0.00256	0.00172	0.00130	0.00043	0.00218	0.00107	0.00086	0.00255
93	0.00317	0.00240	0.00279	0.00279	0.00331	0.00238	0.00204	0.00460	0.16629	0.02346	0.18494	0.21156	0.20617	0.11538	0.00329	0.00086	0.00130	0.05944	0.00188	0.00195
94	0.00493	0.00474	0.00809	0.01224	0.91749	0.00474	0.00612	0.00612	0.00454	0.00651	0.00375	0.00493	0.00316	0.00178	0.00197	0.00059	0.00237	0.00178	0.00099	0.00316
95	0.01376	0.00575	0.29427	0.07681	0.13568	0.00399	0.04149	0.07732	0.01912	0.09573	0.19056	0.00726	0.02459	0.00249	0.00205	0.00063	0.00220	0.00215	0.00144	0.00274
96	0.00245	0.00188	0.00225	0.00251	0.00287	0.00168	0.00178	0.00290	0.00420	0.00534	0.04310	0.50135	0.37034	0.00567	0.00247	0.00075	0.00112	0.04383	0.00186	0.00166
97	0.00248	0.00204	0.00219	0.00218	0.00281	0.00175	0.00166	0.00309	0.00476	0.00591	0.19025	0.01851	0.70681	0.00488	0.00237	0.00068	0.00103	0.04296	0.00192	0.00173
98	0.00895	0.00339	0.00463	0.00355	0.00509	0.00293	0.00293	0.00972	0.00571	0.91887	0.00787	0.00679	0.00494	0.00247	0.00201	0.00062	0.00170	0.00201	0.00247	0.00339
99	0.00285	0.00213	0.00320	0.00320	0.00355	0.00249	0.00248	0.00355	0.00320	0.00462	0.00535	0.00788	0.00500	0.02263	0.91438	0.00319	0.00531	0.00214	0.00107	0.00178
100	0.00761	0.00554	0.00596	0.00457	0.00616	0.00612	0.00377	0.89375	0.00930	0.02976	0.00485	0.00482	0.00342	0.00239	0.00199	0.00060	0.00218	0.00180	0.00200	0.00339
101	0.00758	0.00558	0.00598	0.00459	0.00618	0.00618	0.00379	0.91085	0.00937	0.01257	0.00479	0.00479	0.00339	0.00239	0.00199	0.00060	0.00219	0.00180	0.00199	0.00339
102	0.00261	0.00204	0.00238	0.00232	0.00289	0.00180	0.00176	0.00334	0.00507	0.00665	0.44453	0.01730	0.45207	0.00461	0.00237	0.00066	0.00101	0.04279	0.00201	0.00178
103	0.16109	0.00439	0.00460	0.00367	0.00504	0.03718	0.00300	0.37177	0.00663	0.25880	0.00596	0.00580	0.03775	0.00241	0.00183	0.00059	0.00185	0.00181	0.08289	0.00296
104	0.00436	0.00436	0.00611	0.00523	0.00523	0.00611	0.00436	0.00480	0.00305	0.00480	0.00262	0.00436	0.00262	0.00349	0.00654	0.00087	0.92628	0.00174	0.00087	0.00218
105	0.00496	0.00265	0.00367	0.00370	0.02112	0.00249	0.00308	0.00581	0.00491	0.28779	0.00996	0.04468	0.04168	0.00451	0.00249	0.00081	0.00175	0.54960	0.00202	0.00233
106	0.22113	0.00455	0.00451	0.00366	0.00506	0.12933	0.00296	0.09299	0.01487	0.49275	0.00577	0.00536	0.00385	0.00227	0.00180	0.00060	0.00197	0.00168	0.00194	0.00296
107	0.00280	0.00214	0.00259	0.00250	0.00304	0.00198	0.00188	0.00383	0.05083	0.00715	0.57282	0.05960	0.25179	0.00440	0.00236	0.00066	0.00102	0.02467	0.00207	0.00188
108	0.02128	0.00239	0.00310	0.00287	0.00351	0.00241	0.00223	0.00505	0.04478	0.15042	0.28142	0.02559	0.03145	0.00692	0.28609	0.00141	0.00246	0.00262	0.12186	0.00214
