[name]
nad4L

[dist]
# distance from previous block
# <min> <max>
0	8

[block]
# block no. 0 follows, 148 sequences, length 18
# corresponding to MSA columns:
# 13-30
name=unknown_A
#
# <colnr> <probs for GDERKNQSTAVLIFYWHMCP>
#	G	D	E	R	K	N	Q	S	T	A	V	L	I	F	Y	W	H	M	C	P
0	0.00349	0.00253	0.00342	0.00374	0.00428	0.00256	0.00322	0.04779	0.00495	0.00646	0.02396	0.02132	0.05615	0.00614	0.05865	0.00107	0.00210	0.74433	0.00188	0.00198
1	0.00579	0.02664	0.00530	0.00537	0.12778	0.36247	0.00358	0.08481	0.09334	0.00625	0.00598	0.06699	0.05617	0.12872	0.01120	0.00082	0.00267	0.00225	0.00138	0.00247
2	0.00295	0.00232	0.00264	0.00291	0.00321	0.03149	0.00203	0.00361	0.04973	0.00541	0.01172	0.52398	0.14301	0.13215	0.00367	0.00097	0.00145	0.07316	0.00182	0.00176
3	0.18323	0.00467	0.00492	0.00402	0.00541	0.00511	0.00325	0.41634	0.14437	0.12539	0.00603	0.07798	0.00473	0.00276	0.00198	0.00066	0.00191	0.00215	0.00198	0.00311
4	0.00300	0.00228	0.00275	0.00297	0.00334	0.00226	0.00211	0.00417	0.12850	0.00586	0.04571	0.50184	0.12705	0.09211	0.00330	0.00092	0.00136	0.06667	0.00190	0.00190
5	0.03032	0.00259	0.00290	0.00276	0.00344	0.00247	0.00207	0.07307	0.04057	0.06099	0.12743	0.13746	0.37350	0.09124	0.00316	0.00084	0.00136	0.03983	0.00195	0.00205
6	0.00259	0.00186	0.00247	0.00294	0.00311	0.00174	0.00203	0.00300	0.00406	0.00538	0.01166	0.83353	0.03675	0.00642	0.00266	0.00085	0.00125	0.07407	0.00193	0.00171
7	0.00293	0.00202	0.00237	0.00241	0.00251	0.00200	0.00147	0.00309	0.00339	0.00452	0.05307	0.10636	0.06665	0.66855	0.06858	0.00183	0.00205	0.00338	0.00141	0.00141
8	0.00280	0.00214	0.00257	0.00275	0.00314	0.00202	0.00194	0.00371	0.07349	0.00609	0.16633	0.47120	0.20880	0.03951	0.00283	0.00081	0.00120	0.00483	0.00198	0.00185
9	0.00273	0.00222	0.00244	0.00245	0.00307	0.00199	0.00183	0.00362	0.05542	0.00623	0.17112	0.11689	0.58343	0.00510	0.00247	0.00072	0.00112	0.03328	0.00200	0.00187
10	0.73202	0.00408	0.00356	0.00303	0.00439	0.00456	0.00250	0.07543	0.00437	0.14416	0.00384	0.00405	0.00278	0.00207	0.00146	0.00064	0.00168	0.00132	0.00154	0.00254
11	0.00270	0.00213	0.00240	0.00250	0.00301	0.00193	0.00182	0.00339	0.03362	0.00583	0.10479	0.20539	0.48972	0.07567	0.00313	0.00084	0.00122	0.05623	0.00192	0.00178
12	0.00263	0.00201	0.01559	0.00295	0.00317	0.00182	0.00208	0.00307	0.00402	0.00534	0.01147	0.75305	0.06019	0.03087	0.03663	0.00096	0.00145	0.05912	0.00186	0.00172
13	0.85021	0.00397	0.00323	0.00283	0.00414	0.00450	0.00233	0.00650	0.00377	0.09822	0.00341	0.00374	0.00253	0.00199	0.00136	0.00064	0.00162	0.00122	0.00141	0.00238
14	0.00299	0.00203	0.00238	0.00240	0.00244	0.00206	0.00142	0.00308	0.00309	0.00416	0.00666	0.05373	0.00759	0.79412	0.10172	0.00209	0.00234	0.00307	0.00127	0.00134
15	0.01637	0.00225	0.00259	0.00252	0.00313	0.00206	0.00191	0.00385	0.04561	0.00705	0.42525	0.04643	0.39509	0.00470	0.00244	0.00069	0.00109	0.03296	0.00209	0.00193
16	0.00277	0.00199	0.00247	0.02844	0.00307	0.00192	0.00178	0.00310	0.00387	0.00511	0.07555	0.41152	0.10253	0.32962	0.00539	0.00122	0.00151	0.01486	0.00169	0.00158
17	0.00769	0.00956	0.00591	0.00532	0.00640	0.85036	0.00402	0.05349	0.00601	0.00548	0.00329	0.00383	0.00272	0.00219	0.00200	0.00055	0.02621	0.00138	0.00112	0.00246

[dist]
# distance from previous block
# <min> <max>
0	1

[block]
# block no. 1 follows, 148 sequences, length 61
# corresponding to MSA columns:
# 32-92
name=unknown_B
#
# <colnr> <probs for GDERKNQSTAVLIFYWHMCP>
#	G	D	E	R	K	N	Q	S	T	A	V	L	I	F	Y	W	H	M	C	P
0	0.05834	0.00437	0.00608	0.73361	0.03864	0.08834	0.00537	0.03073	0.00445	0.00578	0.00364	0.00522	0.00277	0.00208	0.00201	0.00067	0.00277	0.00176	0.00099	0.00238
1	0.00513	0.00496	0.00798	0.19422	0.60404	0.04047	0.05304	0.05299	0.00493	0.00674	0.00391	0.00518	0.00317	0.00194	0.00207	0.00063	0.00262	0.00186	0.00106	0.00305
2	0.00747	0.03853	0.00655	0.00555	0.00674	0.79597	0.07526	0.02953	0.00585	0.00539	0.00332	0.00391	0.00273	0.00211	0.00191	0.00055	0.00364	0.00143	0.00109	0.00247
3	0.00260	0.00208	0.00236	0.00249	0.00302	0.00185	0.00186	0.00315	0.00453	0.00562	0.04264	0.19821	0.56601	0.02791	0.03834	0.00089	0.00136	0.09145	0.00189	0.00175
4	0.00257	0.00210	0.00228	0.00237	0.00297	0.00182	0.00179	0.00313	0.00466	0.00568	0.04266	0.11829	0.68897	0.02102	0.00265	0.00076	0.00117	0.09141	0.00193	0.00176
5	0.00281	0.00215	0.00260	0.00298	0.00320	0.02373	0.00206	0.00338	0.03275	0.00541	0.01137	0.72199	0.05948	0.05326	0.00302	0.00089	0.00136	0.06390	0.00188	0.00175
6	0.00334	0.00228	0.00306	0.00340	0.00387	0.00219	0.00280	0.00411	0.00468	0.04878	0.03534	0.22264	0.10718	0.00567	0.00273	0.00088	0.00163	0.54154	0.00196	0.00192
7	0.00263	0.00193	0.00237	0.00263	0.00289	0.00178	0.00178	0.00303	0.00414	0.00541	0.07627	0.52173	0.20019	0.14315	0.00378	0.00098	0.00129	0.02051	0.00185	0.00166
8	0.00257	0.00210	0.00229	0.00240	0.00300	0.00182	0.00182	0.00312	0.00464	0.00564	0.01865	0.13775	0.69394	0.00548	0.00253	0.00075	0.00117	0.10665	0.00193	0.00176
9	0.00779	0.00488	0.00545	0.00423	0.00575	0.00518	0.00348	0.60502	0.00831	0.21995	0.00591	0.00576	0.00409	0.00250	0.00201	0.00061	0.00203	0.00193	0.10174	0.00336
10	0.00251	0.00206	0.00223	0.00235	0.00292	0.00177	0.00174	0.00303	0.00458	0.00558	0.01861	0.20192	0.68765	0.00553	0.00251	0.00074	0.00113	0.04946	0.00193	0.00175
11	0.00417	0.01074	0.91625	0.00592	0.00899	0.00482	0.00767	0.00658	0.00438	0.00658	0.00373	0.00438	0.00263	0.00197	0.00197	0.00066	0.00307	0.00153	0.00088	0.00307
12	0.00270	0.00218	0.00243	0.00256	0.00314	0.00197	0.00193	0.00349	0.04719	0.00578	0.02526	0.20854	0.57720	0.00545	0.00252	0.00076	0.00120	0.10193	0.00194	0.00183
13	0.00331	0.00245	0.00323	0.00360	0.00413	0.00244	0.00308	0.00445	0.05205	0.00625	0.01224	0.03779	0.13415	0.00553	0.00277	0.00091	0.00177	0.71599	0.00193	0.00196
14	0.00254	0.00183	0.00240	0.00284	0.00300	0.00170	0.00191	0.00292	0.00407	0.00540	0.03701	0.85401	0.05992	0.00638	0.00264	0.00083	0.00119	0.00577	0.00194	0.00170
15	0.00270	0.00196	0.00251	0.00290	0.00307	0.00188	0.00194	0.00331	0.04658	0.00543	0.03090	0.79028	0.01303	0.07897	0.00325	0.00093	0.00128	0.00546	0.00189	0.00173
16	0.22032	0.00418	0.00466	0.00370	0.00516	0.00429	0.00304	0.26360	0.00648	0.38148	0.07752	0.00630	0.00517	0.00253	0.00193	0.00064	0.00182	0.00194	0.00212	0.00312
17	0.00317	0.00233	0.00271	0.00262	0.00326	0.00217	0.00200	0.00432	0.07602	0.03595	0.35208	0.06189	0.35550	0.00458	0.00240	0.00069	0.00114	0.04603	0.03910	0.00202
18	0.05988	0.00463	0.00476	0.00415	0.00541	0.04787	0.00326	0.05729	0.63781	0.13992	0.00767	0.00707	0.00561	0.00268	0.00205	0.00068	0.00179	0.00217	0.00208	0.00323
19	0.00279	0.00197	0.00243	0.00263	0.00278	0.00192	0.00172	0.00307	0.00365	0.00484	0.02375	0.37765	0.07795	0.38332	0.07151	0.00149	0.00185	0.03153	0.00160	0.00154
20	0.00302	0.00249	0.00293	0.07552	0.00411	0.04787	0.00235	0.01069	0.00427	0.00545	0.03281	0.55028	0.12937	0.06007	0.00301	0.00087	0.00153	0.05980	0.00177	0.00179
21	0.00268	0.00204	0.00239	0.00251	0.00297	0.00183	0.00181	0.00323	0.00462	0.01140	0.16617	0.26369	0.41271	0.06384	0.00304	0.00083	0.00119	0.04936	0.00195	0.00176
22	0.00279	0.00205	0.00257	0.00281	0.00313	0.00192	0.00196	0.03820	0.00460	0.00611	0.15123	0.62226	0.14098	0.00583	0.00257	0.00079	0.00119	0.00520	0.00199	0.00181
23	0.00364	0.00318	0.02506	0.04632	0.00429	0.04852	0.00257	0.03330	0.09395	0.02227	0.13097	0.13826	0.27730	0.00517	0.07479	0.00091	0.02564	0.01102	0.05072	0.00213
24	0.00666	0.00517	0.00528	0.00429	0.00555	0.06424	0.00340	0.59456	0.06720	0.01506	0.00574	0.05932	0.00486	0.12616	0.01100	0.00084	0.00225	0.00627	0.00915	0.00300
25	0.13023	0.00535	0.00567	0.00440	0.00601	0.00586	0.00363	0.69754	0.00856	0.10483	0.00504	0.00499	0.00353	0.00243	0.00198	0.00063	0.00214	0.00179	0.00202	0.00336
26	0.00291	0.00221	0.00274	0.00275	0.00307	0.01408	0.01715	0.00335	0.00395	0.00521	0.09844	0.18227	0.17524	0.29369	0.16659	0.00160	0.00226	0.01926	0.00158	0.00165
27	0.07383	0.00623	0.00502	0.00445	0.01340	0.35322	0.01173	0.18642	0.04500	0.05443	0.00557	0.09767	0.02833	0.07316	0.00281	0.00073	0.03174	0.00220	0.00153	0.00255
28	0.00338	0.00275	0.00278	0.00285	0.00306	0.08522	0.00188	0.01082	0.00792	0.00471	0.00795	0.22830	0.03196	0.49601	0.05405	0.00157	0.00213	0.04964	0.00145	0.00157
29	0.01659	0.84119	0.05589	0.00371	0.00553	0.01352	0.00376	0.03037	0.00438	0.00524	0.00299	0.00343	0.00268	0.00181	0.00139	0.00046	0.00227	0.00115	0.00093	0.00270
30	0.00555	0.92826	0.01088	0.00355	0.00533	0.00822	0.00355	0.00622	0.00422	0.00489	0.00289	0.00333	0.00267	0.00178	0.00133	0.00044	0.00222	0.00111	0.00089	0.00267
31	0.03787	0.00289	0.00289	0.00285	0.00354	0.05561	0.00218	0.06978	0.00506	0.01443	0.05706	0.17663	0.46478	0.00495	0.00242	0.00073	0.00143	0.09102	0.00189	0.00197
32	0.01019	0.00273	0.00293	0.00289	0.00352	0.04798	0.00217	0.04646	0.00507	0.06286	0.14956	0.22577	0.33780	0.01929	0.00258	0.00075	0.00140	0.07208	0.00197	0.00200
33	0.80582	0.00395	0.00331	0.00287	0.00420	0.00442	0.00237	0.00669	0.00389	0.14136	0.00366	0.00391	0.00267	0.00202	0.00140	0.00064	0.00163	0.00127	0.00147	0.00244
34	0.00526	0.00475	0.01739	0.00649	0.00807	0.00457	0.48641	0.14640	0.00555	0.08012	0.00608	0.15773	0.00545	0.00290	0.00248	0.00072	0.01703	0.03835	0.00151	0.00275
35	0.02946	0.00366	0.00404	0.00374	0.00458	0.01215	0.00291	0.00778	0.47648	0.00764	0.07454	0.10055	0.04927	0.00353	0.00253	0.00072	0.07428	0.05043	0.06670	0.02501
36	0.00293	0.00208	0.00267	0.00271	0.00290	0.00219	0.00183	0.00326	0.00331	0.00452	0.00738	0.09441	0.05423	0.45737	0.34677	0.00233	0.00321	0.00306	0.00130	0.00154
37	0.18519	0.00441	0.00486	0.00385	0.00536	0.00459	0.00316	0.31787	0.05876	0.34550	0.00660	0.00619	0.03940	0.00254	0.00195	0.00064	0.00188	0.00193	0.00211	0.00321
38	0.00267	0.00207	0.00244	0.00260	0.01054	0.00184	0.00188	0.00327	0.00476	0.01126	0.18997	0.26768	0.43865	0.00539	0.00252	0.00074	0.00114	0.04678	0.00199	0.00181
39	0.00296	0.00221	0.00316	0.00323	0.01104	0.00245	0.00244	0.00364	0.00361	0.00507	0.04962	0.04657	0.05385	0.09027	0.66211	0.00272	0.00443	0.04750	0.00129	0.00181
40	0.00273	0.00213	0.00233	0.00236	0.00299	0.00183	0.00178	0.00330	0.00478	0.03045	0.08953	0.11964	0.67354	0.00527	0.00249	0.00072	0.00113	0.04921	0.00197	0.00182
41	0.00256	0.00206	0.00230	0.00246	0.00300	0.00180	0.00184	0.00309	0.00455	0.00559	0.01772	0.24187	0.60573	0.00561	0.00254	0.00076	0.00117	0.09166	0.00193	0.00175
42	0.00597	0.00347	0.00419	0.00752	0.00469	0.00334	0.00280	0.18196	0.04069	0.28570	0.19382	0.02666	0.12485	0.00342	0.00223	0.00065	0.00160	0.04759	0.00219	0.05669
43	0.00259	0.00203	0.00235	0.00250	0.00298	0.00180	0.00183	0.00316	0.00468	0.00594	0.14585	0.28850	0.47262	0.00551	0.00253	0.00075	0.00113	0.04952	0.00198	0.00177
44	0.00910	0.00358	0.00481	0.00372	0.00531	0.00316	0.00306	0.01017	0.05287	0.86844	0.00821	0.00710	0.00520	0.00258	0.00209	0.00065	0.00176	0.00210	0.00255	0.00352
45	0.77496	0.00394	0.00346	0.06000	0.00481	0.00447	0.00256	0.00652	0.00385	0.11444	0.00356	0.00394	0.00262	0.00201	0.00143	0.00065	0.00170	0.00128	0.00141	0.00240
46	0.00794	0.00332	0.00431	0.00341	0.00478	0.00298	0.00278	0.05567	0.00589	0.66984	0.05108	0.00811	0.05288	0.00277	0.00205	0.00063	0.00162	0.00226	0.11451	0.00318
47	0.00415	0.01030	0.85967	0.06288	0.00932	0.00481	0.00755	0.00650	0.00437	0.00650	0.00372	0.00446	0.00264	0.00198	0.00198	0.00066	0.00305	0.00155	0.00088	0.00302
48	0.00742	0.00531	0.00576	0.00447	0.00602	0.00579	0.00367	0.76197	0.01614	0.05953	0.04146	0.00646	0.06082	0.00274	0.00212	0.00063	0.00213	0.00211	0.00210	0.00336
49	0.00813	0.00325	0.00437	0.00344	0.00483	0.00284	0.00281	0.00897	0.00584	0.73806	0.12878	0.00824	0.00708	0.00278	0.00210	0.00063	0.00161	0.00230	0.06072	0.00323
50	0.00262	0.00210	0.00232	0.00239	0.00296	0.00184	0.00179	0.00318	0.00466	0.00578	0.09507	0.09936	0.61328	0.06264	0.00302	0.00082	0.00120	0.09128	0.00192	0.00175
51	0.74401	0.00392	0.00351	0.06003	0.00485	0.00442	0.00259	0.00666	0.00393	0.14452	0.00373	0.00406	0.00271	0.00203	0.00145	0.00065	0.00170	0.00131	0.00145	0.00244
52	0.00256	0.00182	0.00240	0.00285	0.00297	0.00171	0.00189	0.00290	0.00392	0.00522	0.01114	0.86895	0.01335	0.06374	0.00314	0.00092	0.00126	0.00572	0.00189	0.00166
53	0.35933	0.00462	0.00463	0.00375	0.00521	0.00508	0.00308	0.34375	0.08033	0.14921	0.00500	0.00497	0.00355	0.00232	0.00177	0.00064	0.00188	0.00166	0.01622	0.00301
54	0.00259	0.00206	0.00237	0.00252	0.00303	0.00184	0.00187	0.00313	0.00449	0.00561	0.04244	0.24503	0.54041	0.00622	0.05950	0.00092	0.00143	0.07090	0.00189	0.00176
55	0.00258	0.00186	0.00240	0.00278	0.00295	0.00173	0.00186	0.00296	0.00404	0.00537	0.05599	0.75744	0.06847	0.07513	0.00322	0.00091	0.00124	0.00549	0.00190	0.00167
56	0.00330	0.00242	0.00302	0.00278	0.00337	0.00233	0.00211	0.06025	0.03305	0.00854	0.79787	0.01479	0.04993	0.00413	0.00242	0.00065	0.00108	0.00362	0.00226	0.00209
57	0.00846	0.00423	0.00500	0.00396	0.00545	0.05120	0.00322	0.17483	0.04169	0.61934	0.00752	0.05451	0.00521	0.00275	0.00211	0.00065	0.00193	0.00222	0.00235	0.00337
58	0.00300	0.00214	0.00283	0.00287	0.00306	0.00231	0.00200	0.00340	0.00334	0.00462	0.02227	0.06829	0.00725	0.41786	0.39731	0.00243	0.01446	0.03772	0.00128	0.00159
59	0.00337	0.00268	0.00383	0.00367	0.00402	0.00324	0.00289	0.03895	0.00360	0.00519	0.00549	0.06458	0.00531	0.01854	0.68533	0.00271	0.14107	0.00238	0.00117	0.00197
60	0.00396	0.00368	0.00606	0.73774	0.08658	0.00435	0.00539	0.00524	0.00420	0.00551	0.00419	0.06264	0.00351	0.00230	0.00208	0.00067	0.00258	0.00206	0.00101	0.05625

[dist]
# distance from previous block
# <min> <max>
0	1

[block]
# block no. 2 follows, 148 sequences, length 7
# corresponding to MSA columns:
# 94-100
name=unknown_C
#
# <colnr> <probs for GDERKNQSTAVLIFYWHMCP>
#	G	D	E	R	K	N	Q	S	T	A	V	L	I	F	Y	W	H	M	C	P
0	0.00317	0.00229	0.00281	0.00300	0.00332	0.00224	0.00209	0.09658	0.00460	0.00611	0.03842	0.63198	0.06393	0.10009	0.00339	0.00093	0.00140	0.02992	0.00189	0.00185
1	0.00405	0.00380	0.00570	0.61092	0.08625	0.03745	0.00489	0.00519	0.00422	0.00547	0.00485	0.00674	0.05257	0.07392	0.00270	0.00075	0.00252	0.00200	0.00104	0.08496
2	0.55126	0.05293	0.03166	0.00326	0.00465	0.00475	0.00276	0.15761	0.00475	0.00910	0.00400	0.07529	0.00346	0.00234	0.00157	0.00062	0.00176	0.00164	0.00143	0.08515
3	0.02650	0.00514	0.02071	0.00455	0.05222	0.10248	0.00341	0.40524	0.09629	0.00937	0.09336	0.00766	0.02560	0.13434	0.00329	0.00083	0.00219	0.00224	0.00178	0.00282
4	0.00331	0.00286	0.00403	0.00419	0.10030	0.00267	0.08217	0.05130	0.00495	0.00635	0.07146	0.18532	0.43510	0.00463	0.00244	0.00072	0.00153	0.03277	0.00179	0.00211
5	0.01670	0.00480	0.03269	0.01560	0.03000	0.12520	0.05140	0.16227	0.02379	0.21940	0.07562	0.04710	0.13766	0.00307	0.00220	0.00064	0.01244	0.00252	0.00186	0.03504
6	0.00322	0.00260	0.00310	0.00329	0.05044	0.00253	0.00231	0.04496	0.08358	0.00639	0.09403	0.15340	0.39871	0.03049	0.07372	0.00096	0.00166	0.04067	0.00185	0.00206

[dist]
# distance from previous block
# <min> <max>
0	332

# created by:
# /share/home/app/bin/augustus-3.3.1/scripts/msa2prfl.pl /dev/shm/tmp/mt-Fungi/msas/nad4L.aln --setname=nad4L
