[name]
nad5

[dist]
# distance from previous block
# <min> <max>
3	7

[block]
# block no. 0 follows, 136 sequences, length 39
# corresponding to MSA columns:
# 8-46
name=unknown_A
#
# <colnr> <probs for GDERKNQSTAVLIFYWHMCP>
#	G	D	E	R	K	N	Q	S	T	A	V	L	I	F	Y	W	H	M	C	P
0	0.00308	0.00247	0.00260	0.00257	0.00325	0.00225	0.00190	0.03039	0.04445	0.00636	0.03669	0.07573	0.63856	0.09557	0.00348	0.00090	0.00133	0.02591	0.02053	0.00197
1	0.00279	0.00223	0.00251	0.00265	0.00323	0.00195	0.00198	0.00338	0.00498	0.00618	0.07106	0.21180	0.56898	0.01918	0.00286	0.00083	0.00127	0.08817	0.00209	0.00189
2	0.00382	0.00262	0.00304	0.00296	0.00352	0.00253	0.00213	0.03677	0.05969	0.06510	0.07946	0.12823	0.25294	0.27192	0.00519	0.00120	0.00166	0.07324	0.00196	0.00205
3	0.00340	0.00250	0.00309	0.00336	0.00371	0.00250	0.00236	0.07008	0.06741	0.00658	0.01160	0.70942	0.03106	0.03673	0.00306	0.00092	0.00147	0.03659	0.00208	0.00208
4	0.00480	0.00409	0.00472	0.00342	0.00538	0.00322	0.00274	0.03581	0.04120	0.00760	0.00423	0.00481	0.00347	0.00175	0.00170	0.00036	0.00169	0.00140	0.00139	0.86622
5	0.00298	0.00208	0.00263	0.00298	0.00321	0.00197	0.00207	0.00345	0.00436	0.00588	0.03242	0.55459	0.08110	0.13592	0.00398	0.00106	0.00146	0.09415	0.06188	0.00181
6	0.00312	0.00213	0.00272	0.00304	0.00333	0.00197	0.00211	0.00357	0.00447	0.04207	0.03090	0.61344	0.12328	0.09120	0.00360	0.00100	0.00143	0.06268	0.00204	0.00188
7	0.63727	0.00521	0.00425	0.00363	0.00508	0.09447	0.00295	0.14497	0.00527	0.07346	0.00390	0.00422	0.00290	0.00224	0.00164	0.00068	0.00208	0.00143	0.00159	0.00275
8	0.04027	0.00529	0.00577	0.00456	0.00606	0.00577	0.00370	0.63562	0.03897	0.05524	0.09420	0.00690	0.00574	0.01813	0.00271	0.04725	0.00220	0.00223	0.01601	0.00337
9	0.02260	0.00239	0.00269	0.00277	0.00339	0.00216	0.00205	0.00398	0.02937	0.05172	0.02364	0.25485	0.48385	0.04686	0.00306	0.00087	0.00135	0.05833	0.00207	0.00201
10	0.01129	0.00274	0.00322	0.01727	0.00382	0.00264	0.00224	0.05152	0.05734	0.06619	0.34515	0.04669	0.24886	0.09932	0.00344	0.00087	0.00140	0.00380	0.02993	0.00225
11	0.02330	0.00569	0.00619	0.00479	0.00654	0.02475	0.00393	0.62000	0.04231	0.18425	0.00602	0.00582	0.00418	0.00264	0.00219	0.00066	0.00231	0.00202	0.00226	0.05015
12	0.89063	0.00421	0.00325	0.00295	0.00427	0.00486	0.00240	0.00640	0.00383	0.00982	0.00357	0.04929	0.00304	0.00232	0.00146	0.00070	0.00171	0.00147	0.00142	0.00239
13	0.00303	0.00210	0.00259	0.01711	0.00302	0.00205	0.00177	0.00325	0.00378	0.00505	0.02442	0.41853	0.01124	0.48354	0.00729	0.00156	0.00177	0.00463	0.00169	0.00159
14	0.01832	0.00217	0.00269	0.02518	0.00326	0.00214	0.00193	0.00337	0.00384	0.00519	0.00950	0.42315	0.01111	0.42127	0.00673	0.00806	0.00178	0.04697	0.00170	0.00164
15	0.90012	0.00440	0.00342	0.00303	0.00443	0.00509	0.00250	0.04224	0.00407	0.01020	0.00320	0.00370	0.00248	0.00210	0.00142	0.00069	0.00176	0.00124	0.00142	0.00248
16	0.00417	0.00389	0.00651	0.86851	0.01478	0.00482	0.00600	0.00564	0.00457	0.00588	0.05092	0.00652	0.00392	0.00236	0.00226	0.00074	0.00288	0.00209	0.00107	0.00247
17	0.00496	0.00457	0.00761	0.01733	0.58170	0.01231	0.05006	0.01725	0.01550	0.00676	0.00484	0.02848	0.00430	0.01482	0.17757	0.04223	0.00329	0.00222	0.00117	0.00303
18	0.00286	0.00223	0.00260	0.00267	0.00321	0.00199	0.00194	0.00361	0.01839	0.00686	0.27778	0.24111	0.41545	0.00564	0.00269	0.00078	0.00116	0.00489	0.00219	0.00196
19	0.93720	0.00433	0.00329	0.00294	0.00433	0.00502	0.00242	0.00657	0.00381	0.01003	0.00311	0.00363	0.00242	0.00208	0.00138	0.00069	0.00173	0.00121	0.00138	0.00242
20	0.00364	0.00304	0.03973	0.01006	0.03705	0.00278	0.00278	0.01981	0.04203	0.02627	0.57245	0.01421	0.08056	0.00574	0.10993	0.00105	0.02089	0.00354	0.00213	0.00231
21	0.01317	0.00550	0.00630	0.02838	0.13100	0.10223	0.05681	0.17893	0.31271	0.00902	0.05176	0.02359	0.03594	0.00320	0.02123	0.00548	0.00725	0.00243	0.00184	0.00322
22	0.64828	0.00447	0.00359	0.00325	0.00439	0.07416	0.00256	0.04548	0.00420	0.00881	0.00382	0.02681	0.00333	0.04901	0.03310	0.07738	0.00211	0.00159	0.00138	0.00230
23	0.00804	0.00491	0.00564	0.00445	0.00602	0.00513	0.00363	0.44349	0.09052	0.28153	0.09653	0.00779	0.02590	0.00299	0.00229	0.00069	0.00206	0.00239	0.00242	0.00357
24	0.02767	0.00533	0.00888	0.14926	0.13757	0.03279	0.28195	0.02437	0.05591	0.00677	0.00424	0.01091	0.00346	0.00260	0.00365	0.00079	0.23759	0.00220	0.00117	0.00287
25	0.00314	0.00256	0.00341	0.06981	0.05671	0.00246	0.02020	0.00374	0.00459	0.00588	0.05241	0.22886	0.35787	0.10773	0.05106	0.01964	0.00183	0.00434	0.00179	0.00197
26	0.00283	0.00224	0.00252	0.00262	0.00320	0.00198	0.00195	0.00343	0.00498	0.00622	0.10176	0.15048	0.55147	0.06685	0.00330	0.00089	0.00131	0.08804	0.00206	0.00188
27	0.05720	0.00520	0.00503	0.00443	0.00569	0.10254	0.00346	0.07423	0.53979	0.07927	0.09201	0.00814	0.00718	0.00300	0.00223	0.00072	0.00200	0.00242	0.00216	0.00328
28	0.00461	0.00303	0.00315	0.00289	0.00369	0.00318	0.00222	0.10134	0.16060	0.00871	0.03620	0.01023	0.12559	0.03390	0.00226	0.00067	0.00137	0.00260	0.49129	0.00247
29	0.04238	0.00376	0.00424	0.00383	0.00481	0.00397	0.00296	0.18601	0.20105	0.07637	0.10117	0.21654	0.06740	0.02619	0.00267	0.00081	0.00171	0.04383	0.00750	0.00280
30	0.02506	0.00468	0.00455	0.00394	0.00503	0.10245	0.00308	0.25848	0.10461	0.08197	0.00696	0.07625	0.00573	0.02402	0.02939	0.00078	0.00213	0.01204	0.24596	0.00289
31	0.00296	0.00221	0.00278	0.00299	0.00343	0.00203	0.00223	0.00367	0.00517	0.00684	0.26258	0.32996	0.22015	0.00590	0.00278	0.00083	0.00131	0.13806	0.00218	0.00195
32	0.02258	0.00265	0.00299	0.00297	0.00360	0.00254	0.00226	0.05924	0.02731	0.01501	0.10672	0.07752	0.36783	0.13821	0.00392	0.00100	0.00155	0.14873	0.01133	0.00205
33	0.00348	0.00262	0.00301	0.00302	0.00370	0.00249	0.00231	0.02654	0.08751	0.03244	0.11406	0.17781	0.39179	0.01236	0.00276	0.00595	0.00139	0.10882	0.01577	0.00217
34	0.00668	0.00485	0.00531	0.00444	0.00583	0.00529	0.00353	0.33230	0.35174	0.09530	0.01707	0.07740	0.02576	0.00321	0.00228	0.00071	0.00195	0.00263	0.02773	0.02598
35	0.00581	0.00400	0.00451	0.01828	0.00521	0.00429	0.00311	0.15279	0.33289	0.12529	0.04422	0.14589	0.03459	0.02355	0.00251	0.00077	0.00174	0.00308	0.08439	0.00306
36	0.00316	0.00228	0.00275	0.00288	0.00337	0.00209	0.00209	0.00386	0.02363	0.03652	0.14806	0.32953	0.30515	0.05505	0.01229	0.00092	0.00138	0.06091	0.00211	0.00198
37	0.03526	0.00228	0.00282	0.00309	0.00342	0.00220	0.00217	0.02141	0.00449	0.02666	0.02859	0.53537	0.10253	0.11962	0.02583	0.00110	0.00161	0.07766	0.00197	0.00190
38	0.00750	0.00420	0.00502	0.00416	0.00555	0.00423	0.00336	0.22447	0.13587	0.36975	0.01852	0.09870	0.05571	0.00355	0.00238	0.00074	0.00192	0.04860	0.00242	0.00336

[dist]
# distance from previous block
# <min> <max>
0	20

[block]
# block no. 1 follows, 136 sequences, length 12
# corresponding to MSA columns:
# 67-78
name=unknown_B
#
# <colnr> <probs for GDERKNQSTAVLIFYWHMCP>
#	G	D	E	R	K	N	Q	S	T	A	V	L	I	F	Y	W	H	M	C	P
0	0.00368	0.00291	0.00375	0.00345	0.00421	0.00291	0.05082	0.04005	0.10095	0.02039	0.08181	0.09092	0.32853	0.02016	0.17836	0.02829	0.00240	0.01453	0.01965	0.00223
1	0.00317	0.00235	0.00292	0.00298	0.00351	0.00226	0.00224	0.00404	0.03118	0.02094	0.19167	0.17400	0.28189	0.03163	0.15502	0.00130	0.00208	0.06921	0.01561	0.00202
2	0.04212	0.00328	0.00419	0.00365	0.00473	0.00320	0.00288	0.06829	0.03145	0.37736	0.00892	0.16765	0.04282	0.00629	0.17739	0.00128	0.00254	0.00304	0.04601	0.00289
3	0.00370	0.00240	0.00298	0.00290	0.00313	0.00249	0.00191	0.02705	0.00370	0.04881	0.00689	0.03398	0.00734	0.58943	0.23390	0.02017	0.00309	0.00301	0.00142	0.00170
4	0.00333	0.00246	0.00312	0.00311	0.00353	0.00258	0.00225	0.00425	0.06464	0.01773	0.04566	0.09664	0.15049	0.22186	0.36582	0.00222	0.00337	0.00340	0.00160	0.00195
5	0.00535	0.14843	0.58137	0.00609	0.00879	0.14396	0.06210	0.00731	0.00498	0.00657	0.00382	0.00453	0.00288	0.00211	0.00204	0.00066	0.00331	0.00161	0.00099	0.00311
6	0.00310	0.00225	0.00285	0.00274	0.00326	0.00205	0.00203	0.00393	0.00585	0.00807	0.67277	0.05929	0.16300	0.00504	0.00298	0.05120	0.00113	0.00415	0.00230	0.00200
7	0.42423	0.00375	0.00341	0.00325	0.00425	0.05269	0.00258	0.00595	0.00462	0.08188	0.05660	0.15330	0.04927	0.00370	0.00204	0.00075	0.00174	0.09863	0.04503	0.00235
8	0.04706	0.00256	0.00315	0.00345	0.03816	0.00256	0.00235	0.02924	0.00451	0.00620	0.05938	0.32261	0.14379	0.19505	0.03668	0.00121	0.02426	0.07400	0.00182	0.00194
9	0.05188	0.00653	0.00509	0.00468	0.02171	0.37784	0.01888	0.08564	0.09147	0.04608	0.00608	0.11549	0.00533	0.00302	0.00208	0.00065	0.00264	0.00234	0.14987	0.00268
10	0.14608	0.14992	0.03397	0.00520	0.00669	0.44001	0.05869	0.09402	0.00593	0.02083	0.00369	0.00424	0.00297	0.00225	0.00198	0.00061	0.01733	0.00152	0.00128	0.00279
11	0.05184	0.02644	0.02749	0.00455	0.01405	0.25833	0.00364	0.28815	0.01925	0.02123	0.01884	0.01857	0.20603	0.00335	0.00224	0.00068	0.00253	0.02817	0.00179	0.00284

[dist]
# distance from previous block
# <min> <max>
0	7

[block]
# block no. 2 follows, 136 sequences, length 52
# corresponding to MSA columns:
# 86-137
name=unknown_C
#
# <colnr> <probs for GDERKNQSTAVLIFYWHMCP>
#	G	D	E	R	K	N	Q	S	T	A	V	L	I	F	Y	W	H	M	C	P
0	0.00523	0.00549	0.10054	0.00413	0.00602	0.08318	0.00985	0.08547	0.03805	0.00775	0.01513	0.02223	0.00422	0.00223	0.00191	0.00049	0.00213	0.03963	0.00144	0.56488
1	0.00327	0.00244	0.00320	0.00310	0.00363	0.00243	0.00235	0.00451	0.05465	0.00785	0.56317	0.06088	0.05040	0.00730	0.19720	0.00135	0.00219	0.02580	0.00214	0.00214
2	0.00625	0.00532	0.03425	0.05775	0.02029	0.06354	0.00973	0.35377	0.15227	0.02648	0.05202	0.01243	0.04177	0.04578	0.09069	0.00105	0.01923	0.00238	0.00189	0.00310
3	0.00298	0.00252	0.00263	0.00267	0.00330	0.03352	0.00198	0.00362	0.00521	0.00648	0.17431	0.14645	0.55335	0.01203	0.01397	0.00081	0.00134	0.02878	0.00210	0.00194
4	0.00626	0.02273	0.12542	0.00582	0.04104	0.41242	0.05702	0.03677	0.02414	0.00624	0.00989	0.01804	0.05526	0.01103	0.08253	0.00094	0.07343	0.00712	0.00125	0.00268
5	0.00949	0.00208	0.00256	0.00290	0.00323	0.00189	0.00202	0.00327	0.00458	0.01065	0.04319	0.62031	0.24530	0.01449	0.00286	0.00087	0.00128	0.02507	0.00208	0.00186
6	0.20986	0.00308	0.00321	0.00311	0.00370	0.01439	0.00227	0.05028	0.01639	0.03436	0.03336	0.08355	0.02010	0.34534	0.01214	0.03531	0.00198	0.11973	0.00585	0.00199
7	0.00643	0.04339	0.08285	0.19315	0.14195	0.12573	0.00528	0.27100	0.07138	0.00879	0.00469	0.00541	0.00356	0.00236	0.00215	0.00067	0.00280	0.00189	0.00149	0.02502
8	0.00378	0.00196	0.00290	0.00293	0.00295	0.00196	0.00196	0.00296	0.00302	0.00404	0.00453	0.06416	0.00470	0.02746	0.03086	0.83344	0.00201	0.00226	0.00105	0.00106
9	0.00279	0.00223	0.00251	0.00259	0.00318	0.00194	0.00192	0.00343	0.00517	0.00652	0.17299	0.17948	0.55802	0.00573	0.00270	0.00079	0.00119	0.04277	0.00214	0.00192
10	0.00621	0.56443	0.09379	0.00449	0.00629	0.14523	0.00432	0.06453	0.01961	0.00610	0.00361	0.00420	0.00311	0.00274	0.04027	0.00068	0.02498	0.00142	0.00110	0.00289
11	0.00700	0.00517	0.00557	0.00447	0.00592	0.01900	0.00364	0.60523	0.02961	0.03529	0.11153	0.02774	0.10099	0.00339	0.00236	0.00070	0.00212	0.02473	0.00224	0.00330
12	0.03317	0.13572	0.75954	0.00592	0.00898	0.00569	0.00748	0.00701	0.00467	0.00692	0.00386	0.00453	0.00283	0.00209	0.00201	0.00068	0.00313	0.00158	0.00096	0.00322
13	0.00496	0.00397	0.00425	0.00383	0.00463	0.07102	0.00292	0.23183	0.02730	0.01547	0.01378	0.09181	0.10768	0.11047	0.26955	0.02618	0.00328	0.00294	0.00170	0.00243
14	0.00292	0.00210	0.00271	0.00312	0.00335	0.00198	0.00220	0.00339	0.00439	0.00577	0.02210	0.59295	0.08727	0.11249	0.00386	0.00106	0.00150	0.14304	0.00199	0.00181
15	0.00667	0.06049	0.08418	0.00546	0.03910	0.35288	0.02389	0.14421	0.12853	0.00766	0.03133	0.07160	0.01414	0.00855	0.01096	0.00070	0.00297	0.00221	0.00155	0.00294
16	0.00287	0.00228	0.00258	0.00256	0.00322	0.00200	0.00194	0.00361	0.00548	0.00700	0.30251	0.03411	0.56043	0.00537	0.00267	0.00076	0.00116	0.05528	0.00220	0.00197
17	0.00637	0.19926	0.02939	0.00464	0.01838	0.11742	0.02419	0.29907	0.03015	0.02051	0.05111	0.09953	0.02458	0.03011	0.01626	0.00659	0.00249	0.01529	0.00171	0.00295
18	0.00377	0.00200	0.00297	0.00298	0.00304	0.00203	0.00203	0.00304	0.00304	0.00409	0.00455	0.01720	0.02073	0.00870	0.10686	0.80638	0.00236	0.00209	0.00103	0.00111
19	0.26925	0.00679	0.18568	0.00461	0.00649	0.10225	0.00436	0.21386	0.01419	0.15205	0.01754	0.00515	0.00367	0.00240	0.00196	0.00068	0.00248	0.00172	0.00171	0.00316
20	0.00323	0.00216	0.00245	0.00247	0.00248	0.00215	0.00139	0.00325	0.00330	0.00440	0.00730	0.05820	0.00845	0.87740	0.01097	0.00211	0.00213	0.00340	0.00139	0.00138
21	0.00482	0.00513	0.03791	0.01087	0.01380	0.16306	0.10901	0.01378	0.09626	0.00639	0.03284	0.19065	0.03873	0.01137	0.09927	0.00110	0.11592	0.04508	0.00155	0.00247
22	0.00315	0.00219	0.00252	0.00258	0.00272	0.00214	0.00160	0.00332	0.00364	0.00478	0.00947	0.09168	0.11284	0.67123	0.03792	0.00190	0.00209	0.04120	0.00152	0.00151
23	0.00607	0.88980	0.01153	0.00390	0.00578	0.04148	0.00384	0.00678	0.00461	0.00527	0.00312	0.00360	0.00287	0.00193	0.00146	0.00048	0.00245	0.00120	0.00096	0.00286
24	0.00655	0.00600	0.09705	0.01256	0.06774	0.00556	0.16505	0.37383	0.06747	0.05494	0.00595	0.08249	0.00480	0.00279	0.00233	0.00070	0.00260	0.00247	0.00181	0.03728
25	0.00273	0.00199	0.00257	0.00301	0.00322	0.00183	0.00204	0.00316	0.00444	0.00586	0.04446	0.78906	0.11384	0.00677	0.00282	0.00088	0.00127	0.00610	0.00209	0.00183
26	0.00624	0.00514	0.00544	0.00469	0.00607	0.00588	0.00370	0.21653	0.69766	0.01045	0.00824	0.00766	0.00613	0.00295	0.00227	0.00074	0.00193	0.00241	0.00227	0.00360
27	0.00312	0.00233	0.00291	0.00281	0.00338	0.00214	0.00212	0.00416	0.02311	0.00825	0.66397	0.05036	0.17945	0.00489	0.00266	0.00073	0.00113	0.03805	0.00236	0.00209
28	0.00750	0.00569	0.00612	0.00486	0.00649	0.00628	0.00396	0.64227	0.19126	0.01260	0.03894	0.00664	0.00516	0.00284	0.00225	0.00068	0.00224	0.01472	0.00222	0.03730
29	0.00337	0.00243	0.00327	0.00368	0.00414	0.00237	0.00306	0.00422	0.00498	0.00647	0.04587	0.13806	0.09708	0.05395	0.00343	0.00104	0.00184	0.61672	0.00204	0.00198
30	0.08101	0.00223	0.00272	0.00305	0.00335	0.00218	0.00210	0.00368	0.00426	0.02691	0.02542	0.68436	0.02811	0.07043	0.02425	0.00102	0.00151	0.01219	0.01930	0.00190
31	0.00292	0.00238	0.00259	0.00272	0.00328	0.01665	0.00200	0.00357	0.02035	0.00614	0.06417	0.24039	0.52342	0.03894	0.00302	0.00086	0.00132	0.06132	0.00206	0.00191
32	0.00548	0.00390	0.00466	0.00346	0.00529	0.00312	0.00277	0.00674	0.05292	0.15276	0.05464	0.00598	0.00484	0.00207	0.00184	0.00043	0.00167	0.00169	0.00167	0.68410
33	0.00312	0.00230	0.00293	0.00281	0.00336	0.00210	0.00213	0.00412	0.00614	0.00853	0.76639	0.01762	0.12307	0.00477	0.00266	0.00072	0.00111	0.04164	0.00240	0.00208
34	0.00310	0.00227	0.00283	0.00311	0.00345	0.00218	0.00217	0.03621	0.03771	0.00652	0.09129	0.67059	0.09819	0.00627	0.00275	0.00085	0.00132	0.00561	0.02159	0.00199
35	0.00358	0.00293	0.00353	0.00326	0.00401	0.00295	0.03489	0.03308	0.14388	0.00674	0.08271	0.02579	0.37789	0.11184	0.15153	0.00137	0.00227	0.00364	0.00188	0.00222
36	0.00303	0.00226	0.00256	0.00250	0.00314	0.00201	0.00189	0.00385	0.00554	0.00746	0.36974	0.01829	0.44260	0.00492	0.00254	0.00072	0.00111	0.02233	0.10152	0.00200
37	0.00850	0.00626	0.00671	0.00515	0.00694	0.00694	0.00425	0.89999	0.01052	0.01410	0.00537	0.00537	0.00380	0.00268	0.00224	0.00067	0.00246	0.00201	0.00224	0.00380
38	0.00701	0.00499	0.00546	0.00445	0.00580	0.00545	0.00353	0.52506	0.13532	0.06504	0.00695	0.08766	0.00579	0.09285	0.00317	0.00085	0.00215	0.00261	0.03257	0.00330
39	0.00301	0.00207	0.00269	0.00307	0.00334	0.00191	0.00213	0.00350	0.00454	0.03029	0.05130	0.72042	0.08937	0.00654	0.00279	0.00088	0.00132	0.04534	0.02358	0.00191
40	0.00305	0.00228	0.00283	0.00269	0.00327	0.00206	0.00202	0.00400	0.00606	0.00832	0.71169	0.01777	0.21608	0.00481	0.00264	0.00071	0.00107	0.00419	0.00238	0.00206
41	0.00518	0.00538	0.00681	0.00586	0.00596	0.08286	0.00485	0.00568	0.00367	0.00539	0.00298	0.00482	0.00293	0.00378	0.00689	0.00094	0.84065	0.00191	0.00099	0.00246
42	0.00282	0.00221	0.00254	0.00270	0.00322	0.00196	0.00198	0.00341	0.00495	0.00625	0.11069	0.24961	0.47721	0.04338	0.00309	0.00087	0.00129	0.07785	0.00209	0.00189
43	0.00321	0.00235	0.00336	0.00336	0.00368	0.00267	0.00250	0.00384	0.00353	0.00502	0.00620	0.00997	0.00610	0.19938	0.73063	0.00331	0.00522	0.00257	0.00123	0.00187
44	0.02689	0.00582	0.00636	0.00491	0.00666	0.00633	0.00405	0.71713	0.05380	0.13606	0.00598	0.00579	0.00416	0.00270	0.00222	0.00068	0.00234	0.00206	0.00230	0.00376
45	0.00356	0.00269	0.00304	0.00294	0.00370	0.00255	0.00225	0.00500	0.13428	0.04202	0.16646	0.05581	0.45410	0.00518	0.00289	0.04289	0.00135	0.06494	0.00215	0.00220
46	0.44423	0.15846	0.03261	0.00376	0.00523	0.07193	0.00325	0.14944	0.00526	0.00907	0.03495	0.00468	0.00356	0.00288	0.02805	0.03472	0.00228	0.00153	0.00144	0.00268
47	0.00320	0.00240	0.00359	0.00359	0.00399	0.00280	0.00280	0.00399	0.00359	0.00519	0.00599	0.00879	0.00559	0.01677	0.91253	0.00359	0.00599	0.00240	0.00120	0.00200
48	0.00346	0.00249	0.00343	0.00393	0.00441	0.00246	0.00335	0.00440	0.00504	0.00655	0.01229	0.13319	0.04562	0.00626	0.00304	0.00101	0.00193	0.75305	0.00206	0.00202
49	0.07568	0.02077	0.06895	0.00480	0.00659	0.02178	0.00890	0.56872	0.00855	0.13432	0.00607	0.02416	0.02669	0.00274	0.00217	0.00068	0.00236	0.00209	0.00210	0.01189
50	0.02355	0.05285	0.18159	0.01348	0.01220	0.09974	0.00922	0.13359	0.03472	0.06962	0.00423	0.00509	0.00336	0.00301	0.01092	0.00079	0.32143	0.00184	0.00135	0.01741
51	0.00596	0.90823	0.02602	0.00387	0.00580	0.00879	0.00390	0.00670	0.00455	0.00529	0.00312	0.00361	0.00287	0.00192	0.00145	0.00048	0.00241	0.00120	0.00096	0.00288

[dist]
# distance from previous block
# <min> <max>
1	12

[block]
# block no. 3 follows, 136 sequences, length 30
# corresponding to MSA columns:
# 150-179
name=unknown_D
#
# <colnr> <probs for GDERKNQSTAVLIFYWHMCP>
#	G	D	E	R	K	N	Q	S	T	A	V	L	I	F	Y	W	H	M	C	P
0	0.00325	0.00217	0.00244	0.00244	0.00244	0.00217	0.00136	0.00325	0.00325	0.00434	0.00705	0.01464	0.00813	0.92140	0.01138	0.00217	0.00217	0.00325	0.00136	0.00136
1	0.00343	0.00254	0.00269	0.00267	0.00279	0.03933	0.00163	0.00355	0.00352	0.00456	0.00768	0.01434	0.05224	0.76378	0.06957	0.00211	0.00244	0.01825	0.00138	0.00149
2	0.00824	0.00590	0.00638	0.00496	0.00667	0.00649	0.00408	0.74706	0.09243	0.06765	0.00596	0.00584	0.00422	0.00272	0.00223	0.00068	0.00234	0.00208	0.02032	0.00375
3	0.00320	0.00239	0.00356	0.00360	0.00400	0.00276	0.00280	0.00399	0.00368	0.00527	0.00641	0.03783	0.00616	0.01606	0.84901	0.00341	0.00569	0.03693	0.00126	0.00199
4	0.00273	0.00195	0.00260	0.00311	0.00324	0.00182	0.00208	0.00311	0.00428	0.00571	0.01233	0.91994	0.01479	0.00701	0.00285	0.00091	0.00130	0.00636	0.00208	0.00182
5	0.00866	0.00600	0.00655	0.00502	0.00681	0.00655	0.00415	0.80568	0.01008	0.10901	0.00574	0.00561	0.00399	0.00269	0.00224	0.00067	0.00240	0.00204	0.00229	0.00380
6	0.00426	0.00241	0.00323	0.00340	0.00390	0.00222	0.00251	0.00483	0.00481	0.17722	0.01171	0.56836	0.03367	0.02678	0.00296	0.00091	0.00154	0.14085	0.00219	0.00222
7	0.00325	0.00217	0.00244	0.00244	0.00244	0.00217	0.00136	0.00325	0.00325	0.00434	0.00705	0.01464	0.00813	0.92140	0.01138	0.00217	0.00217	0.00325	0.00136	0.00136
8	0.00556	0.00480	0.00506	0.00455	0.00582	0.00556	0.00354	0.01188	0.90340	0.00936	0.00910	0.00834	0.00683	0.00303	0.00228	0.00076	0.00177	0.00253	0.00228	0.00354
9	0.08898	0.00241	0.00266	0.00263	0.00285	0.00244	0.00162	0.00388	0.00355	0.04564	0.00729	0.10803	0.00814	0.69021	0.00914	0.01208	0.00202	0.00333	0.00149	0.00161
10	0.15949	0.00267	0.00299	0.00309	0.00351	0.00278	0.00230	0.00436	0.00400	0.01620	0.00785	0.01577	0.00850	0.42090	0.00671	0.03060	0.00203	0.28780	0.01667	0.00179
11	0.00356	0.00256	0.00354	0.00403	0.00455	0.00254	0.00351	0.00456	0.00515	0.00666	0.01238	0.02505	0.05705	0.00615	0.00307	0.00102	0.00201	0.84851	0.00206	0.00205
12	0.00286	0.00230	0.01395	0.00278	0.00332	0.00197	0.00206	0.00346	0.00492	0.01550	0.09978	0.35144	0.43480	0.00601	0.00273	0.00082	0.00126	0.04599	0.00210	0.00193
13	0.00288	0.00224	0.00263	0.00270	0.00328	0.00199	0.00203	0.00359	0.00530	0.00683	0.25948	0.16644	0.44822	0.00563	0.00271	0.00079	0.00121	0.07791	0.00218	0.00195
14	0.00273	0.00195	0.00260	0.00311	0.00324	0.00182	0.00208	0.00311	0.00428	0.00571	0.01233	0.91994	0.01479	0.00701	0.00285	0.00091	0.00130	0.00636	0.00208	0.00182
15	0.00317	0.00230	0.00290	0.00275	0.00332	0.00209	0.00206	0.00414	0.00612	0.02020	0.74793	0.02849	0.15670	0.00475	0.00264	0.00071	0.00108	0.00415	0.00240	0.00209
16	0.00593	0.00446	0.00482	0.00423	0.00542	0.00497	0.00332	0.20183	0.47201	0.04752	0.00841	0.09191	0.00681	0.00331	0.00225	0.00073	0.00180	0.01499	0.11204	0.00326
17	0.62074	0.00425	0.00400	0.00335	0.00485	0.00458	0.00276	0.04585	0.00487	0.27876	0.00492	0.00490	0.00341	0.00231	0.00168	0.00069	0.00181	0.00156	0.00183	0.00289
18	0.11571	0.39508	0.00811	0.00434	0.00595	0.26762	0.00374	0.03577	0.00542	0.13368	0.00409	0.00434	0.00323	0.00219	0.00174	0.00057	0.00272	0.00144	0.00136	0.00290
19	0.00837	0.01032	0.00637	0.00571	0.00692	0.84236	0.00432	0.07787	0.00666	0.00614	0.00361	0.00414	0.00295	0.00233	0.00203	0.00058	0.00391	0.00148	0.00124	0.00269
20	0.00317	0.00230	0.00319	0.00323	0.00350	0.00254	0.00234	0.00372	0.00355	0.00499	0.00679	0.08239	0.00703	0.26842	0.58923	0.00298	0.00455	0.00295	0.00131	0.00180
21	0.00289	0.00203	0.00253	0.00285	0.00297	0.00193	0.00182	0.00316	0.00399	0.00528	0.01113	0.58249	0.05672	0.30291	0.00561	0.00131	0.00157	0.00527	0.00184	0.00167
22	0.00306	0.00225	0.00284	0.00296	0.00339	0.00209	0.00216	0.02027	0.00539	0.00729	0.37959	0.34971	0.14007	0.01422	0.00282	0.00082	0.00125	0.05560	0.00223	0.00199
23	0.00334	0.00241	0.00329	0.00377	0.00422	0.00236	0.00314	0.00420	0.00495	0.00643	0.01264	0.22734	0.07023	0.00633	0.00301	0.00098	0.00183	0.63547	0.00206	0.00199
24	0.00325	0.00217	0.00244	0.00244	0.00244	0.00217	0.00136	0.00325	0.00325	0.00434	0.00705	0.01464	0.00813	0.92140	0.01138	0.00217	0.00217	0.00325	0.00136	0.00136
25	0.00301	0.00225	0.00279	0.00272	0.00326	0.00203	0.00202	0.00389	0.00586	0.00800	0.62378	0.10648	0.21557	0.00505	0.00266	0.00073	0.00110	0.00442	0.00234	0.00203
26	0.90566	0.00439	0.00340	0.00302	0.00441	0.00508	0.00248	0.03691	0.00403	0.01017	0.00319	0.00369	0.00247	0.00210	0.00141	0.00069	0.00175	0.00124	0.00141	0.00247
27	0.00385	0.00194	0.00289	0.00291	0.00292	0.00194	0.00194	0.00296	0.00299	0.00401	0.00422	0.03706	0.00427	0.00766	0.00844	0.88952	0.00191	0.00209	0.01546	0.00102
28	0.00444	0.01127	0.87980	0.00628	0.00949	0.00511	0.00808	0.00698	0.00468	0.00702	0.00408	0.00486	0.00292	0.00261	0.03227	0.00080	0.00339	0.00168	0.00095	0.00326
29	0.57176	0.01094	0.00350	0.00314	0.00425	0.00420	0.00249	0.02133	0.01314	0.08871	0.00528	0.07509	0.01251	0.07485	0.08637	0.00109	0.00216	0.01519	0.00158	0.00241

[dist]
# distance from previous block
# <min> <max>
0	4

[block]
# block no. 4 follows, 136 sequences, length 82
# corresponding to MSA columns:
# 184-265
name=unknown_E
#
# <colnr> <probs for GDERKNQSTAVLIFYWHMCP>
#	G	D	E	R	K	N	Q	S	T	A	V	L	I	F	Y	W	H	M	C	P
0	0.00290	0.00228	0.00262	0.00255	0.00320	0.00200	0.00193	0.00369	0.00564	0.00735	0.41153	0.01949	0.49471	0.00520	0.00265	0.00074	0.00112	0.02616	0.00225	0.00199
1	0.91387	0.00431	0.00334	0.00297	0.00436	0.00497	0.00244	0.00668	0.00387	0.03265	0.00326	0.00373	0.00250	0.00209	0.00141	0.00069	0.00173	0.00124	0.00142	0.00246
2	0.00302	0.00227	0.00280	0.00269	0.00326	0.00204	0.00201	0.00393	0.00594	0.00811	0.65158	0.05859	0.23565	0.00495	0.00265	0.00073	0.00108	0.00431	0.00235	0.00204
3	0.00573	0.00316	0.00366	0.00316	0.00412	0.00315	0.00248	0.13623	0.03880	0.18252	0.19607	0.03206	0.00890	0.00319	0.00208	0.00063	0.00145	0.00264	0.36726	0.00272
4	0.00850	0.00626	0.00671	0.00515	0.00694	0.00694	0.00425	0.89999	0.01052	0.01410	0.00537	0.00537	0.00380	0.00268	0.00224	0.00067	0.00246	0.00201	0.00224	0.00380
5	0.00320	0.00238	0.00351	0.00351	0.00389	0.00275	0.00269	0.00394	0.00357	0.00513	0.00606	0.00920	0.00577	0.08010	0.84945	0.00349	0.00572	0.00246	0.00121	0.00195
6	0.00273	0.00195	0.00260	0.00311	0.00324	0.00182	0.00208	0.00311	0.00428	0.00571	0.01233	0.91994	0.01479	0.00701	0.00285	0.00091	0.00130	0.00636	0.00208	0.00182
7	0.00273	0.00195	0.00260	0.00311	0.00324	0.00182	0.00208	0.00311	0.00428	0.00571	0.01233	0.91994	0.01479	0.00701	0.00285	0.00091	0.00130	0.00636	0.00208	0.00182
8	0.00286	0.00229	0.00256	0.00253	0.00320	0.00199	0.00192	0.00360	0.00550	0.00702	0.30864	0.02013	0.57804	0.00533	0.00266	0.00075	0.00115	0.04565	0.00220	0.00197
9	0.07993	0.00799	0.00613	0.00516	0.00659	0.42160	0.00406	0.39043	0.00789	0.01660	0.00440	0.00473	0.00334	0.00246	0.00205	0.00063	0.00308	0.00169	0.02814	0.00309
10	0.00329	0.00225	0.00262	0.00260	0.00262	0.00232	0.00153	0.00335	0.00328	0.00442	0.00688	0.01403	0.00785	0.84249	0.06750	0.00223	0.02482	0.00317	0.00134	0.00142
11	0.00379	0.00200	0.00300	0.00300	0.00306	0.00206	0.00206	0.00306	0.00300	0.00406	0.00416	0.00706	0.00411	0.00896	0.12842	0.81160	0.00248	0.00200	0.00100	0.00111
12	0.00328	0.00229	0.00285	0.00283	0.00293	0.00244	0.00182	0.00349	0.00334	0.00458	0.00665	0.01282	0.00731	0.65754	0.24330	0.01113	0.02556	0.00299	0.00130	0.00154
13	0.00576	0.00518	0.00513	0.00462	0.00586	0.06900	0.00358	0.03222	0.79955	0.00911	0.00869	0.02845	0.00666	0.00306	0.00227	0.00075	0.00193	0.00253	0.00219	0.00344
14	0.00449	0.00440	0.00659	0.82932	0.01451	0.06842	0.00598	0.00590	0.00465	0.00578	0.02664	0.00610	0.00343	0.00230	0.00223	0.00073	0.00301	0.00200	0.00104	0.00248
15	0.00271	0.00223	0.00238	0.00244	0.00308	0.00190	0.00179	0.00328	0.00505	0.00619	0.08521	0.14022	0.70125	0.02195	0.00283	0.00080	0.00117	0.01156	0.00209	0.00189
16	0.00706	0.06953	0.03508	0.00638	0.00832	0.03846	0.38561	0.00846	0.02063	0.33533	0.00620	0.02641	0.00446	0.01302	0.00245	0.00071	0.00284	0.00238	0.00176	0.02490
17	0.00989	0.00433	0.00530	0.00413	0.00582	0.06700	0.00338	0.02712	0.00647	0.82927	0.00838	0.00732	0.00532	0.00273	0.00223	0.00068	0.00206	0.00219	0.00265	0.00372
18	0.02748	0.00844	0.00561	0.00513	0.00623	0.63331	0.00392	0.03030	0.05251	0.03892	0.03828	0.00758	0.05131	0.00295	0.00218	0.00065	0.00333	0.07779	0.00147	0.00261
19	0.00547	0.00551	0.01022	0.01228	0.62598	0.00541	0.27042	0.01728	0.00520	0.00733	0.00437	0.01217	0.00358	0.00200	0.00234	0.00069	0.00297	0.00222	0.00113	0.00338
20	0.00894	0.00556	0.00627	0.00481	0.00658	0.00588	0.00397	0.64350	0.00933	0.27225	0.00637	0.00602	0.00430	0.00271	0.00224	0.00068	0.00230	0.00208	0.00239	0.00380
21	0.13167	0.00484	0.00554	0.00430	0.00601	0.00495	0.00355	0.35952	0.00768	0.43901	0.00671	0.00621	0.00445	0.00264	0.00213	0.00068	0.00210	0.00202	0.00238	0.00362
22	0.00288	0.00221	0.00268	0.00299	0.00345	0.00201	0.00225	0.00348	0.00480	0.00607	0.02163	0.37088	0.36638	0.00629	0.00282	0.00087	0.00139	0.19295	0.00208	0.00190
23	0.00653	0.00570	0.00678	0.00624	0.10756	0.12113	0.11186	0.36599	0.00730	0.02578	0.00648	0.20563	0.00605	0.00341	0.00239	0.00072	0.00258	0.00297	0.00181	0.00309
24	0.00991	0.00401	0.00532	0.00408	0.00581	0.00359	0.00337	0.08466	0.00674	0.83476	0.00854	0.00743	0.00539	0.00276	0.00225	0.00069	0.00195	0.00223	0.00272	0.00381
25	0.00300	0.00212	0.00255	0.00276	0.00292	0.00202	0.00178	0.00328	0.00399	0.00525	0.03172	0.35613	0.10529	0.41897	0.00668	0.00146	0.00170	0.04498	0.00176	0.00163
26	0.00360	0.00287	0.00329	0.00341	0.00392	0.01621	0.00243	0.00557	0.23828	0.00684	0.07619	0.49823	0.07163	0.05280	0.00310	0.00090	0.00148	0.00485	0.00211	0.00228
27	0.00418	0.00327	0.00394	0.00388	0.00469	0.00344	0.01158	0.00692	0.30224	0.02191	0.18592	0.03657	0.08815	0.00471	0.00267	0.00084	0.00169	0.30862	0.00221	0.00258
28	0.00835	0.01066	0.00634	0.00576	0.00691	0.91242	0.00432	0.00893	0.00634	0.00547	0.00346	0.00403	0.00288	0.00230	0.00202	0.00058	0.00403	0.00144	0.00115	0.00259
29	0.00444	0.00420	0.00710	0.76709	0.16265	0.00503	0.00632	0.00590	0.00457	0.00598	0.00401	0.00589	0.00307	0.00220	0.00223	0.00073	0.00293	0.00199	0.00101	0.00266
30	0.03339	0.00259	0.00329	0.00300	0.00361	0.00247	0.03008	0.02379	0.02066	0.01391	0.58953	0.01572	0.10975	0.13402	0.00382	0.00092	0.00138	0.00379	0.00218	0.00209
31	0.93720	0.00433	0.00329	0.00294	0.00433	0.00502	0.00242	0.00657	0.00381	0.01003	0.00311	0.00363	0.00242	0.00208	0.00138	0.00069	0.00173	0.00121	0.00138	0.00242
32	0.00598	0.92274	0.01172	0.00383	0.00574	0.00885	0.00383	0.00670	0.00454	0.00526	0.00311	0.00359	0.00287	0.00191	0.00144	0.00048	0.00239	0.00120	0.00096	0.00287
33	0.00449	0.00274	0.00333	0.00331	0.00396	0.00279	0.00264	0.01253	0.12720	0.06885	0.07181	0.01378	0.03099	0.00453	0.00313	0.11532	0.00161	0.25456	0.27015	0.00227
34	0.15463	0.00272	0.00293	0.00283	0.00325	0.00280	0.00188	0.03458	0.00398	0.06477	0.00741	0.17244	0.00807	0.52003	0.00735	0.00156	0.00194	0.00337	0.00161	0.00185
35	0.00293	0.00206	0.00269	0.00311	0.00326	0.00197	0.00213	0.00333	0.00422	0.00561	0.01932	0.64523	0.01343	0.17085	0.00441	0.00115	0.00154	0.10907	0.00195	0.00176
36	0.00622	0.00484	0.00524	0.00441	0.00573	0.00534	0.00352	0.38518	0.31982	0.01092	0.10515	0.03243	0.07043	0.00342	0.00236	0.00073	0.00194	0.02677	0.00225	0.00330
37	0.00272	0.00223	0.00241	0.00250	0.00314	0.00192	0.00186	0.00331	0.00504	0.00617	0.06407	0.15610	0.68897	0.00584	0.00269	0.00079	0.00120	0.04504	0.00209	0.00190
38	0.77527	0.00430	0.00368	0.01483	0.00472	0.00483	0.00263	0.02963	0.00434	0.13284	0.00396	0.00425	0.00289	0.00219	0.00153	0.00069	0.00179	0.00138	0.00159	0.00265
39	0.00318	0.00223	0.00290	0.00324	0.00347	0.00219	0.00237	0.00367	0.00425	0.00561	0.01059	0.32625	0.02302	0.28071	0.02361	0.00138	0.00190	0.29582	0.00184	0.00176
40	0.05728	0.00237	0.00259	0.00257	0.00282	0.00237	0.00163	0.01937	0.00380	0.00532	0.02548	0.05103	0.11653	0.61825	0.00859	0.02936	0.00193	0.02401	0.02312	0.00158
41	0.11261	0.00344	0.00426	0.00365	0.00486	0.00334	0.00292	0.02614	0.06039	0.42717	0.07168	0.10468	0.04333	0.00475	0.08210	0.00099	0.00210	0.03630	0.00228	0.00301
42	0.00317	0.00244	0.00275	0.00285	0.00349	0.00224	0.00216	0.00418	0.06666	0.02474	0.04619	0.20212	0.49544	0.00564	0.00268	0.00081	0.00132	0.10389	0.02515	0.00206
43	0.00313	0.00218	0.00260	0.00272	0.00302	0.00203	0.00182	0.00349	0.00435	0.02655	0.09442	0.28793	0.20577	0.30292	0.00568	0.02225	0.00157	0.02396	0.00187	0.00174
44	0.00495	0.00268	0.00365	0.01004	0.00392	0.02017	0.01219	0.02355	0.00402	0.15215	0.00567	0.03563	0.00512	0.04741	0.12571	0.47621	0.00251	0.02404	0.02488	0.01551
45	0.01638	0.00360	0.00411	0.00372	0.00465	0.00374	0.00285	0.18803	0.16877	0.07265	0.16636	0.24203	0.09374	0.00447	0.00250	0.00076	0.00161	0.00885	0.00844	0.00274
46	0.00336	0.00244	0.00277	0.00281	0.00296	0.02274	0.00178	0.00375	0.03103	0.00498	0.04219	0.13754	0.00917	0.61610	0.09848	0.00199	0.00241	0.01039	0.00151	0.00161
47	0.83499	0.00447	0.00383	0.00378	0.06765	0.00511	0.00281	0.04217	0.00416	0.01001	0.00328	0.00384	0.00256	0.00209	0.00148	0.00069	0.00182	0.00130	0.00140	0.00256
48	0.03104	0.00797	0.00635	0.00539	0.01276	0.40171	0.01093	0.38312	0.10238	0.00964	0.00486	0.00506	0.00368	0.00253	0.00213	0.00064	0.00307	0.00180	0.00173	0.00321
49	0.00298	0.00212	0.00271	0.00303	0.00333	0.00197	0.00209	0.02035	0.00470	0.01945	0.09346	0.69625	0.11725	0.01544	0.00287	0.00088	0.00130	0.00579	0.00212	0.00191
50	0.00674	0.54194	0.06417	0.00467	0.00640	0.33122	0.00427	0.00752	0.00520	0.00545	0.00329	0.00382	0.00287	0.00207	0.00168	0.00053	0.00303	0.00131	0.00103	0.00280
51	0.00319	0.00235	0.00340	0.00341	0.00374	0.00268	0.00256	0.00386	0.00356	0.00507	0.00629	0.03014	0.00618	0.15380	0.75538	0.00332	0.00531	0.00262	0.00124	0.00190
52	0.03154	0.04122	0.00638	0.00483	0.00648	0.10409	0.00396	0.49523	0.03752	0.21952	0.00589	0.00572	0.00412	0.00265	0.00226	0.00067	0.02023	0.00197	0.00215	0.00357
53	0.00553	0.00465	0.00499	0.00443	0.00563	0.01744	0.01218	0.09268	0.65631	0.01841	0.05456	0.05346	0.04309	0.00336	0.00239	0.00075	0.01176	0.00281	0.00223	0.00332
54	0.00314	0.00236	0.00289	0.00284	0.00342	0.00217	0.00214	0.02601	0.00583	0.00786	0.50867	0.10882	0.25128	0.00515	0.00268	0.00076	0.00120	0.05842	0.00229	0.00206
55	0.00325	0.00218	0.00249	0.00249	0.00251	0.00220	0.00142	0.00329	0.00327	0.00438	0.00700	0.01436	0.00801	0.87849	0.05413	0.00224	0.00235	0.00321	0.00135	0.00139
56	0.00848	0.00602	0.00649	0.00501	0.00676	0.01492	0.00413	0.77801	0.04334	0.08834	0.00591	0.00577	0.01070	0.00272	0.00224	0.00068	0.00239	0.00207	0.00227	0.00377
57	0.00286	0.00213	0.00268	0.00305	0.00333	0.00200	0.00210	0.00356	0.04280	0.00606	0.05314	0.70532	0.14395	0.00653	0.00279	0.00087	0.00129	0.01151	0.00210	0.00191
58	0.02895	0.00423	0.00498	0.00399	0.00544	0.03867	0.00323	0.16308	0.03311	0.47914	0.17108	0.00864	0.00791	0.00304	0.00227	0.00068	0.00190	0.00247	0.02015	0.01706
59	0.02551	0.00430	0.00518	0.00382	0.00570	0.00367	0.03663	0.13226	0.00551	0.04158	0.00456	0.02276	0.00372	0.00231	0.02292	0.00050	0.00195	0.00163	0.00151	0.67397
60	0.00339	0.00262	0.00361	0.00357	0.00396	0.01945	0.01960	0.00419	0.02459	0.00529	0.00686	0.05400	0.01178	0.16962	0.60893	0.00290	0.00471	0.04765	0.00134	0.00195
61	0.00301	0.00235	0.00283	0.01464	0.00369	0.00217	0.00238	0.00375	0.00507	0.00640	0.09834	0.08560	0.45604	0.02287	0.03446	0.00096	0.00160	0.24983	0.00205	0.00195
62	0.00809	0.07263	0.00685	0.00558	0.00686	0.69049	0.01364	0.13398	0.00672	0.00669	0.00370	0.00423	0.00302	0.00237	0.00215	0.00059	0.02681	0.00153	0.00129	0.00278
63	0.01933	0.00887	0.54905	0.00563	0.00815	0.02720	0.03576	0.04909	0.15062	0.00785	0.05191	0.00655	0.03607	0.00253	0.00219	0.00070	0.00278	0.00205	0.00137	0.03229
64	0.04152	0.26033	0.04100	0.00483	0.01218	0.27117	0.02098	0.04029	0.22263	0.02986	0.01834	0.01439	0.00436	0.00247	0.00195	0.00062	0.00272	0.00590	0.00148	0.00299
65	0.01003	0.00295	0.00367	0.01503	0.00439	0.00278	0.00268	0.05213	0.03505	0.21413	0.17263	0.11790	0.22045	0.01023	0.01989	0.00084	0.00164	0.10879	0.00228	0.00254
66	0.00317	0.00279	0.00275	0.00282	0.00340	0.06567	0.00204	0.00378	0.01058	0.00629	0.13776	0.24608	0.47026	0.02878	0.00287	0.00081	0.00140	0.00476	0.00205	0.00195
67	0.00604	0.01475	0.00533	0.00463	0.00594	0.06076	0.00363	0.12001	0.69213	0.01614	0.00854	0.01404	0.02266	0.00304	0.00227	0.00074	0.00199	0.01174	0.00219	0.00345
68	0.00279	0.00224	0.00247	0.00259	0.00316	0.00198	0.00188	0.00342	0.01904	0.00607	0.05112	0.22157	0.58579	0.04910	0.00311	0.00086	0.00126	0.03761	0.00206	0.00189
69	0.00272	0.00227	0.00238	0.00240	0.00312	0.00193	0.00182	0.00334	0.00516	0.00625	0.07903	0.03842	0.79220	0.00564	0.00267	0.00077	0.00117	0.04469	0.00210	0.00191
70	0.46191	0.00393	0.00375	0.00337	0.00458	0.00428	0.00273	0.09305	0.04758	0.09919	0.00714	0.07684	0.06831	0.00324	0.00195	0.00074	0.00175	0.07813	0.03491	0.00262
71	0.00279	0.00217	0.00249	0.00272	0.00319	0.00193	0.00193	0.00334	0.01389	0.01166	0.01731	0.41333	0.46116	0.02834	0.00295	0.00086	0.00126	0.02477	0.00207	0.00188
72	0.03933	0.00218	0.00241	0.00255	0.00299	0.00215	0.00185	0.00466	0.00454	0.02829	0.00889	0.30137	0.00875	0.02661	0.00227	0.00071	0.00122	0.02546	0.53172	0.00203
73	0.00284	0.00201	0.00259	0.00300	0.00313	0.00190	0.00198	0.00320	0.00418	0.00557	0.03163	0.71189	0.02580	0.16475	0.00432	0.00112	0.00146	0.02491	0.00196	0.00175
74	0.00279	0.00201	0.00259	0.00299	0.00318	0.00187	0.00200	0.00321	0.00441	0.00588	0.07974	0.73174	0.07060	0.07152	0.00343	0.00097	0.00133	0.00586	0.00205	0.00181
75	0.10422	0.00273	0.00282	0.00276	0.00354	0.00262	0.00212	0.03905	0.03467	0.00709	0.08883	0.07784	0.51840	0.03854	0.00284	0.00082	0.00138	0.06564	0.00202	0.00208
76	0.73184	0.00421	0.00371	0.00317	0.00463	0.00463	0.00261	0.00753	0.00438	0.20914	0.00438	0.00451	0.00311	0.00223	0.00158	0.00069	0.00177	0.00144	0.00169	0.00273
77	0.04477	0.00377	0.00495	0.00384	0.00548	0.00336	0.00316	0.03174	0.00630	0.78908	0.02057	0.00757	0.00560	0.00275	0.00218	0.00068	0.00185	0.00222	0.05651	0.00363
78	0.00435	0.00304	0.00389	0.00402	0.00473	0.00310	0.00338	0.09970	0.04985	0.04225	0.05012	0.08972	0.04229	0.00545	0.00285	0.00093	0.00193	0.56995	0.01609	0.00236
79	0.11777	0.00411	0.00512	0.00398	0.00567	0.00386	0.00328	0.09994	0.00651	0.71426	0.00781	0.00692	0.00500	0.00268	0.00215	0.00069	0.00194	0.00210	0.00255	0.00365
80	0.00554	0.00531	0.00908	0.01373	0.90744	0.00531	0.00686	0.00686	0.00509	0.00731	0.00421	0.00554	0.00354	0.00199	0.00221	0.00066	0.00266	0.00199	0.00111	0.00354
81	0.00850	0.00626	0.00671	0.00515	0.00694	0.00694	0.00425	0.89999	0.01052	0.01410	0.00537	0.00537	0.00380	0.00268	0.00224	0.00067	0.00246	0.00201	0.00224	0.00380

[dist]
# distance from previous block
# <min> <max>
13	19

[block]
# block no. 5 follows, 136 sequences, length 13
# corresponding to MSA columns:
# 287-299
name=unknown_F
#
# <colnr> <probs for GDERKNQSTAVLIFYWHMCP>
#	G	D	E	R	K	N	Q	S	T	A	V	L	I	F	Y	W	H	M	C	P
0	0.00464	0.00398	0.00464	0.00331	0.00530	0.00298	0.00265	0.00563	0.00464	0.00729	0.00398	0.00464	0.00331	0.00166	0.00166	0.00033	0.00166	0.00133	0.00133	0.93507
1	0.00556	0.00480	0.00506	0.00455	0.00582	0.00556	0.00354	0.01188	0.90340	0.00936	0.00910	0.00834	0.00683	0.00303	0.00228	0.00076	0.00177	0.00253	0.00228	0.00354
2	0.00464	0.00398	0.00464	0.00331	0.00530	0.00298	0.00265	0.00563	0.00464	0.00729	0.00398	0.00464	0.00331	0.00166	0.00166	0.00033	0.00166	0.00133	0.00133	0.93507
3	0.00317	0.00229	0.00299	0.00281	0.00334	0.00211	0.00211	0.00422	0.00633	0.00897	0.90626	0.01671	0.02110	0.00457	0.00264	0.00070	0.00106	0.00404	0.00246	0.00211
4	0.00850	0.00626	0.00671	0.00515	0.00694	0.00694	0.00425	0.89999	0.01052	0.01410	0.00537	0.00537	0.00380	0.00268	0.00224	0.00067	0.00246	0.00201	0.00224	0.00380
5	0.00947	0.00409	0.00531	0.00409	0.00577	0.00376	0.00337	0.14084	0.00700	0.73363	0.05243	0.00773	0.00605	0.00284	0.00227	0.00069	0.00194	0.00230	0.00268	0.00372
6	0.00272	0.00196	0.00258	0.00307	0.00323	0.00182	0.00206	0.00312	0.00432	0.00573	0.01282	0.87748	0.05694	0.00694	0.00284	0.00090	0.00129	0.00628	0.00208	0.00182
7	0.00267	0.00216	0.00238	0.00256	0.00310	0.00186	0.00183	0.00318	0.00482	0.00593	0.01909	0.33169	0.59867	0.00613	0.00272	0.00081	0.00119	0.00529	0.00208	0.00186
8	0.00489	0.00489	0.00685	0.00587	0.00587	0.00685	0.00489	0.00538	0.00343	0.00538	0.00294	0.00489	0.00294	0.00391	0.00734	0.00098	0.91730	0.00196	0.00098	0.00245
9	0.00996	0.00393	0.00527	0.00404	0.00577	0.00348	0.00334	0.05693	0.00661	0.86267	0.00865	0.00750	0.00545	0.00276	0.00225	0.00069	0.00193	0.00224	0.00274	0.00381
10	0.00989	0.00404	0.00533	0.00409	0.00583	0.00363	0.00338	0.09475	0.00679	0.82459	0.00850	0.00740	0.00537	0.00276	0.00225	0.00069	0.00196	0.00223	0.00272	0.00381
11	0.00539	0.00459	0.00498	0.00447	0.00556	0.00540	0.00351	0.01073	0.74498	0.00890	0.00837	0.00802	0.00637	0.00308	0.00270	0.00076	0.08806	0.00244	0.07838	0.00332
12	0.00337	0.00254	0.00365	0.00455	0.08913	0.00248	0.00319	0.00413	0.00474	0.00629	0.01135	0.44403	0.01290	0.00617	0.00290	0.00094	0.00176	0.39183	0.00198	0.00209

[dist]
# distance from previous block
# <min> <max>
0	1

[block]
# block no. 6 follows, 136 sequences, length 56
# corresponding to MSA columns:
# 301-356
name=unknown_G
#
# <colnr> <probs for GDERKNQSTAVLIFYWHMCP>
#	G	D	E	R	K	N	Q	S	T	A	V	L	I	F	Y	W	H	M	C	P
0	0.00508	0.00426	0.00450	0.00407	0.00521	0.00480	0.00316	0.02718	0.68854	0.00896	0.04883	0.01029	0.11945	0.00340	0.00230	0.00074	0.00163	0.00283	0.05156	0.00320
1	0.01001	0.00384	0.00521	0.00400	0.00573	0.00334	0.00330	0.02303	0.00646	0.89678	0.00878	0.00758	0.00551	0.00277	0.00225	0.00069	0.00191	0.00225	0.00276	0.00381
2	0.93720	0.00433	0.00329	0.00294	0.00433	0.00502	0.00242	0.00657	0.00381	0.01003	0.00311	0.00363	0.00242	0.00208	0.00138	0.00069	0.00173	0.00121	0.00138	0.00242
3	0.00305	0.00229	0.00280	0.00277	0.00332	0.00208	0.00207	0.01113	0.00575	0.00778	0.52405	0.11710	0.25310	0.00516	0.00267	0.00075	0.00115	0.04049	0.01045	0.00203
4	0.00320	0.00238	0.00350	0.00350	0.00387	0.00274	0.00268	0.00393	0.00357	0.00512	0.00608	0.00926	0.00580	0.09048	0.83911	0.00348	0.00568	0.00247	0.00121	0.00194
5	0.00273	0.00195	0.00260	0.00311	0.00325	0.00182	0.00208	0.00314	0.00432	0.00577	0.02949	0.90259	0.01491	0.00696	0.00285	0.00090	0.00129	0.00631	0.00208	0.00182
