[name]
nad6

[dist]
# distance from previous block
# <min> <max>
1	44

[block]
# block no. 0 follows, 125 sequences, length 61
# corresponding to MSA columns:
# 48-108
name=unknown_A
#
# <colnr> <probs for GDERKNQSTAVLIFYWHMCP>
#	G	D	E	R	K	N	Q	S	T	A	V	L	I	F	Y	W	H	M	C	P
0	0.05812	0.01418	0.13793	0.00916	0.03354	0.05923	0.00361	0.03331	0.02758	0.00680	0.03724	0.13418	0.13733	0.13793	0.09094	0.06885	0.00268	0.00338	0.00163	0.00237
1	0.00414	0.00294	0.00337	0.00336	0.00383	0.02655	0.00236	0.06211	0.01758	0.04691	0.03569	0.28976	0.13710	0.24451	0.04967	0.03091	0.00210	0.03302	0.00198	0.00212
2	0.00315	0.00263	0.02670	0.00337	0.00385	0.00233	0.01005	0.00397	0.03325	0.00658	0.07223	0.53951	0.20339	0.00750	0.06858	0.00113	0.00180	0.00569	0.00216	0.00212
3	0.00657	0.47535	0.14467	0.02154	0.00717	0.17704	0.00490	0.05314	0.02014	0.00659	0.00445	0.00505	0.02596	0.00292	0.03468	0.00072	0.00316	0.00164	0.00120	0.00310
4	0.00380	0.00280	0.00317	0.00313	0.00383	0.00262	0.00233	0.05569	0.03795	0.03979	0.08750	0.17998	0.41498	0.09059	0.00374	0.00099	0.00155	0.06106	0.00224	0.00225
5	0.00336	0.00251	0.00294	0.00314	0.00357	0.00239	0.00216	0.00432	0.07951	0.01749	0.03526	0.44668	0.23893	0.14109	0.00431	0.00111	0.00153	0.00544	0.00216	0.00209
6	0.03078	0.01447	0.02165	0.00431	0.00569	0.01545	0.00348	0.26070	0.04521	0.23466	0.01348	0.07491	0.07800	0.06825	0.08182	0.00113	0.00758	0.00291	0.01320	0.02229
7	0.01324	0.00242	0.00280	0.00291	0.00327	0.00230	0.00196	0.00397	0.03070	0.00645	0.12933	0.25356	0.19643	0.29879	0.00588	0.00133	0.00165	0.01466	0.02643	0.00192
8	0.22931	0.00323	0.00338	0.00329	0.00414	0.00330	0.00248	0.02500	0.04847	0.07292	0.06826	0.26461	0.17172	0.04823	0.00296	0.00091	0.00162	0.02926	0.01449	0.00243
9	0.00850	0.00494	0.00571	0.00456	0.00622	0.00507	0.00371	0.31071	0.14649	0.34291	0.02335	0.00893	0.08127	0.00328	0.00244	0.00075	0.00212	0.00263	0.03265	0.00379
10	0.07053	0.00252	0.00273	0.00281	0.00346	0.00230	0.00205	0.00387	0.00536	0.00721	0.16011	0.23792	0.46758	0.01705	0.00291	0.00086	0.00131	0.00510	0.00224	0.00209
11	0.00315	0.00227	0.00284	0.00318	0.00343	0.00214	0.00214	0.01972	0.00475	0.00627	0.04619	0.61990	0.11186	0.14446	0.00442	0.00115	0.00154	0.01651	0.00213	0.00194
12	0.00675	0.00472	0.00513	0.00429	0.00551	0.00512	0.00336	0.44193	0.08060	0.03049	0.00763	0.11492	0.00667	0.10205	0.00342	0.00091	0.00212	0.00293	0.16825	0.00320
13	0.47808	0.00502	0.00485	0.00401	0.00564	0.00551	0.00329	0.20648	0.06864	0.17624	0.00554	0.00554	0.00394	0.00260	0.00194	0.00074	0.00206	0.00181	0.01476	0.00329
14	0.00308	0.00245	0.00277	0.00277	0.00348	0.00215	0.00211	0.00387	0.00584	0.00745	0.27803	0.05245	0.55438	0.00584	0.00288	0.00082	0.00127	0.06388	0.00235	0.00211
15	0.00406	0.00272	0.00340	0.00339	0.00378	0.00271	0.01324	0.05128	0.03035	0.04983	0.03812	0.35398	0.01125	0.31899	0.06096	0.00157	0.00217	0.01732	0.02878	0.00210
16	0.00416	0.00307	0.00371	0.00344	0.00422	0.00305	0.00265	0.05896	0.11235	0.02156	0.59085	0.01682	0.08849	0.00473	0.00277	0.00078	0.00140	0.05466	0.01978	0.00256
17	0.00293	0.00246	0.00255	0.00258	0.00336	0.00208	0.00196	0.00358	0.00554	0.00667	0.05866	0.02318	0.81345	0.00608	0.00287	0.00083	0.00127	0.05564	0.00225	0.00205
18	0.00479	0.00380	0.00412	0.00375	0.00482	0.00396	0.00289	0.06677	0.34080	0.03738	0.15479	0.04505	0.30824	0.00458	0.00266	0.00080	0.00159	0.00386	0.00242	0.00294
19	0.00866	0.00651	0.00652	0.00520	0.00688	0.10772	0.00421	0.57131	0.05297	0.11266	0.06585	0.00698	0.00566	0.00974	0.00247	0.00073	0.00261	0.00231	0.01726	0.00376
20	0.00569	0.00539	0.00892	0.15031	0.66575	0.01365	0.01743	0.02961	0.01222	0.00783	0.03929	0.00683	0.02160	0.00240	0.00242	0.00073	0.00283	0.00229	0.00129	0.00354
21	0.00900	0.01108	0.00685	0.00614	0.00744	0.83157	0.00464	0.08253	0.00719	0.00666	0.00389	0.00446	0.00318	0.00251	0.00219	0.00063	0.00420	0.00160	0.00134	0.00290
22	0.00502	0.00431	0.00500	0.00361	0.00572	0.00330	0.00288	0.00627	0.03332	0.00791	0.00445	0.00512	0.00368	0.00183	0.00180	0.00037	0.00179	0.00147	0.00146	0.90069
23	0.00315	0.00247	0.00286	0.00283	0.00353	0.00219	0.00217	0.00401	0.00601	0.00779	0.36587	0.02146	0.48270	0.00568	0.00288	0.00082	0.00127	0.07777	0.00240	0.00214
24	0.02500	0.00330	0.00336	0.00320	0.00397	0.06811	0.00242	0.02104	0.01958	0.02959	0.34640	0.06480	0.35454	0.00552	0.02575	0.00086	0.00164	0.01632	0.00230	0.00230
25	0.04930	0.00632	0.00686	0.00528	0.00718	0.00688	0.00436	0.74419	0.01045	0.12566	0.00614	0.00600	0.00426	0.00287	0.00237	0.00073	0.00254	0.00216	0.00244	0.00403
26	0.00340	0.00244	0.00315	0.00312	0.00366	0.00225	0.00233	0.00438	0.00629	0.01972	0.62574	0.15461	0.09829	0.00550	0.00290	0.00082	0.00126	0.05541	0.00253	0.00222
27	0.00298	0.00222	0.00278	0.00318	0.00349	0.00204	0.00218	0.00354	0.01570	0.00635	0.03768	0.67157	0.19945	0.01809	0.00313	0.00095	0.00138	0.01904	0.00224	0.00200
28	0.00379	0.00264	0.00317	0.00308	0.00324	0.00279	0.00198	0.04291	0.00393	0.00533	0.00724	0.03099	0.00799	0.66547	0.16263	0.01945	0.02688	0.00329	0.00147	0.00172
29	0.00299	0.00214	0.00286	0.00341	0.00358	0.00201	0.00233	0.00346	0.00469	0.00625	0.02508	0.85085	0.01589	0.00745	0.00308	0.00098	0.00144	0.05730	0.00224	0.00197
30	0.00297	0.00242	0.00243	0.00243	0.00322	0.00205	0.00182	0.00362	0.00547	0.00671	0.03204	0.02207	0.82564	0.00584	0.00276	0.00079	0.00121	0.00486	0.06958	0.00205
31	0.42864	0.00485	0.00482	0.00400	0.00557	0.00524	0.00326	0.22871	0.00653	0.19809	0.00616	0.05404	0.01541	0.01425	0.00216	0.00078	0.00207	0.01013	0.00208	0.00323
32	0.00340	0.00255	0.00320	0.00349	0.00386	0.00252	0.00244	0.00475	0.11709	0.00727	0.17182	0.63930	0.01606	0.00653	0.00295	0.00092	0.00141	0.00588	0.00234	0.00224
33	0.00349	0.00235	0.00271	0.00271	0.00275	0.00238	0.00157	0.00356	0.00353	0.00473	0.00750	0.01529	0.00855	0.85021	0.07720	0.00244	0.00263	0.00343	0.00145	0.00151
34	0.05022	0.00282	0.00341	0.00328	0.00398	0.00268	0.00243	0.04658	0.00595	0.10264	0.29947	0.27994	0.13718	0.03009	0.00301	0.00087	0.00146	0.00467	0.01691	0.00242
35	0.06569	0.03045	0.00664	0.00538	0.00680	0.22480	0.09471	0.17443	0.06438	0.09811	0.02120	0.04597	0.02581	0.02094	0.00900	0.00080	0.01526	0.05316	0.03333	0.00313
36	0.07864	0.00318	0.00357	0.00315	0.00428	0.00289	0.00248	0.03476	0.00606	0.23345	0.11289	0.01678	0.46969	0.00478	0.00262	0.00078	0.00153	0.01337	0.00241	0.00269
37	0.16302	0.00507	0.00579	0.00451	0.00633	0.00515	0.00373	0.30403	0.00790	0.45919	0.00724	0.00668	0.00478	0.00283	0.00226	0.00074	0.00222	0.00215	0.00254	0.00385
38	0.28784	0.00352	0.00357	0.00332	0.00432	0.00370	0.00261	0.07027	0.01570	0.06176	0.13831	0.10599	0.08238	0.01683	0.00240	0.00080	0.00165	0.06555	0.12693	0.00256
39	0.00342	0.00257	0.00372	0.00372	0.00416	0.00293	0.00287	0.00422	0.00401	0.00569	0.00793	0.03333	0.07125	0.04148	0.77093	0.00346	0.01554	0.00288	0.01378	0.00212
40	0.00297	0.00211	0.00278	0.00330	0.00343	0.00198	0.00218	0.00336	0.00453	0.00604	0.01285	0.84859	0.01539	0.07353	0.00374	0.00108	0.00146	0.00660	0.00218	0.00192
41	0.00323	0.00255	0.00285	0.00292	0.00356	0.01321	0.00216	0.00386	0.00520	0.02480	0.05588	0.17374	0.53466	0.03017	0.10678	0.00123	0.00195	0.02701	0.00213	0.00208
42	0.00346	0.00254	0.00312	0.00340	0.00376	0.00247	0.00237	0.05540	0.03035	0.00681	0.03260	0.61064	0.11085	0.08098	0.00374	0.00105	0.00157	0.04056	0.00219	0.00212
43	0.00367	0.00282	0.00331	0.00344	0.01620	0.00271	0.00247	0.07652	0.04304	0.00750	0.08722	0.37793	0.30331	0.01829	0.00301	0.00089	0.00150	0.03484	0.00903	0.00229
44	0.82772	0.08383	0.00460	0.00343	0.00499	0.00577	0.02614	0.00710	0.00421	0.01027	0.00339	0.00397	0.00268	0.00221	0.00153	0.00073	0.00198	0.00134	0.00144	0.00266
45	0.00320	0.00252	0.00315	0.00331	0.00372	0.00248	0.00242	0.00383	0.00514	0.00676	0.14522	0.39462	0.27157	0.01436	0.01843	0.00097	0.06755	0.04650	0.00219	0.00208
46	0.20164	0.02001	0.04509	0.00500	0.00645	0.26525	0.00409	0.13899	0.16567	0.02697	0.00539	0.00583	0.00420	0.00395	0.07758	0.00098	0.01616	0.00192	0.00170	0.00313
47	0.00350	0.00238	0.00279	0.00282	0.00291	0.00240	0.00173	0.00365	0.00370	0.00493	0.00822	0.01609	0.03150	0.76915	0.08203	0.00234	0.00262	0.05415	0.00151	0.00157
48	0.00299	0.00237	0.00265	0.00277	0.00336	0.00208	0.00201	0.00359	0.00531	0.00664	0.10161	0.21119	0.54511	0.05864	0.00345	0.00094	0.00135	0.03966	0.00223	0.00201
49	0.79855	0.00479	0.00397	0.00343	0.00498	0.00545	0.00283	0.08085	0.00487	0.06652	0.00393	0.00433	0.00294	0.00233	0.00162	0.00074	0.00194	0.00144	0.00166	0.00282
50	0.00298	0.00220	0.00269	0.00305	0.00333	0.00202	0.00205	0.00339	0.00468	0.00605	0.01520	0.60083	0.22195	0.11282	0.00409	0.00110	0.00146	0.00604	0.00214	0.00191
51	0.03767	0.00594	0.00642	0.00511	0.00680	0.00652	0.00415	0.65250	0.08926	0.05586	0.02451	0.08174	0.00577	0.00333	0.00245	0.00075	0.00239	0.00263	0.00240	0.00381
52	0.00340	0.00254	0.00379	0.00383	0.00424	0.00293	0.00295	0.00423	0.00392	0.00563	0.00694	0.07519	0.00674	0.01728	0.84028	0.00366	0.00608	0.00289	0.00136	0.00213
53	0.00295	0.00229	0.00270	0.00301	0.00347	0.00204	0.00215	0.00349	0.00505	0.00636	0.01817	0.46684	0.40860	0.00685	0.00298	0.00091	0.00136	0.05655	0.00223	0.00200
54	0.00308	0.00240	0.00281	0.00303	0.00357	0.00217	0.00221	0.00385	0.02870	0.00676	0.08900	0.36405	0.40734	0.00652	0.00295	0.00089	0.00137	0.06495	0.00227	0.00208
55	0.00329	0.00244	0.00306	0.00293	0.00353	0.00222	0.00219	0.00430	0.00649	0.00894	0.70657	0.05255	0.18214	0.00523	0.00285	0.00078	0.00116	0.00458	0.00256	0.00222
56	0.00344	0.00258	0.00387	0.00387	0.00430	0.00301	0.00301	0.00430	0.00387	0.00559	0.00645	0.00945	0.00602	0.01805	0.90590	0.00387	0.00645	0.00258	0.00129	0.00215
57	0.00327	0.00247	0.00302	0.00293	0.00357	0.00223	0.00223	0.00424	0.00634	0.00857	0.58791	0.02004	0.28301	0.00537	0.00287	0.00079	0.00122	0.05520	0.00250	0.00220
58	0.90311	0.00472	0.00365	0.00324	0.00474	0.00546	0.00267	0.03519	0.00432	0.01093	0.00343	0.00397	0.00265	0.00225	0.00152	0.00074	0.00189	0.00133	0.00152	0.00265
59	0.01080	0.00410	0.00558	0.00428	0.00614	0.00354	0.00354	0.01173	0.00689	0.90209	0.00949	0.00819	0.00596	0.00298	0.00242	0.00074	0.00205	0.00242	0.00298	0.00410
60	0.00309	0.00245	0.00278	0.00270	0.00340	0.00214	0.00202	0.00393	0.00607	0.00789	0.41069	0.02087	0.51226	0.00558	0.00284	0.00079	0.00118	0.00476	0.00242	0.00214

[dist]
# distance from previous block
# <min> <max>
0	1

[block]
# block no. 1 follows, 125 sequences, length 11
# corresponding to MSA columns:
# 110-120
name=unknown_B
#
# <colnr> <probs for GDERKNQSTAVLIFYWHMCP>
#	G	D	E	R	K	N	Q	S	T	A	V	L	I	F	Y	W	H	M	C	P
0	0.00306	0.00246	0.00274	0.00271	0.00344	0.00214	0.00207	0.00385	0.00587	0.00745	0.27709	0.02187	0.59830	0.00578	0.00287	0.00081	0.00125	0.05178	0.00235	0.00211
1	0.00312	0.00230	0.00295	0.00342	0.00366	0.00221	0.00232	0.00395	0.06092	0.00640	0.01343	0.82616	0.04570	0.00722	0.00302	0.00096	0.00142	0.00652	0.00225	0.00207
2	0.00350	0.00233	0.00262	0.00262	0.00262	0.00233	0.00146	0.00350	0.00350	0.00467	0.00758	0.01575	0.00875	0.91543	0.01225	0.00233	0.00233	0.00350	0.00146	0.00146
3	0.00294	0.00213	0.00279	0.00329	0.00348	0.00197	0.00221	0.00340	0.00473	0.00628	0.04432	0.83093	0.06791	0.00736	0.00305	0.00096	0.00138	0.00665	0.00225	0.00197
4	0.00350	0.00233	0.00262	0.00262	0.00262	0.00233	0.00146	0.00350	0.00350	0.00467	0.00758	0.01575	0.00875	0.91543	0.01225	0.00233	0.00233	0.00350	0.00146	0.00146
5	0.00336	0.00271	0.00302	0.00290	0.00367	0.00250	0.00219	0.00476	0.09089	0.00805	0.35958	0.01981	0.47706	0.00537	0.00280	0.00079	0.00125	0.00457	0.00241	0.00229
6	0.00293	0.00226	0.00267	0.00295	0.00340	0.00201	0.00207	0.00347	0.00511	0.00652	0.07496	0.48986	0.37963	0.00678	0.00296	0.00090	0.00131	0.00596	0.00226	0.00201
7	0.00441	0.00322	0.00419	0.00448	0.00517	0.00333	0.00383	0.07584	0.06214	0.00791	0.01180	0.02385	0.01246	0.04194	0.00355	0.00111	0.00224	0.72388	0.00222	0.00244
8	0.00350	0.00251	0.00335	0.00383	0.00419	0.00245	0.00293	0.03492	0.00519	0.00685	0.01281	0.55089	0.01473	0.00704	0.00314	0.00102	0.00175	0.33454	0.00223	0.00213
9	0.00293	0.00235	0.00256	0.00269	0.00327	0.00204	0.00191	0.00346	0.00515	0.00635	0.04376	0.23919	0.59028	0.07857	0.00365	0.00097	0.00135	0.00536	0.00218	0.00197
10	0.00871	0.11349	0.00751	0.00591	0.00730	0.73313	0.00458	0.07939	0.00696	0.00660	0.00384	0.00440	0.00318	0.00246	0.00212	0.00062	0.00401	0.00157	0.00131	0.00293

[dist]
# distance from previous block
# <min> <max>
0	4

[block]
# block no. 2 follows, 125 sequences, length 7
# corresponding to MSA columns:
# 125-131
name=unknown_C
#
# <colnr> <probs for GDERKNQSTAVLIFYWHMCP>
#	G	D	E	R	K	N	Q	S	T	A	V	L	I	F	Y	W	H	M	C	P
0	0.00303	0.00243	0.00272	0.00276	0.00345	0.00212	0.00208	0.00377	0.00571	0.00721	0.21716	0.09984	0.57776	0.00599	0.00289	0.00083	0.00127	0.05457	0.00233	0.00209
1	0.00557	0.00605	0.05849	0.45849	0.16966	0.08789	0.12560	0.04643	0.00553	0.00712	0.00442	0.00605	0.00339	0.00233	0.00243	0.00077	0.00336	0.00216	0.00118	0.00307
2	0.00369	0.00281	0.00334	0.00346	0.00402	0.00276	0.00251	0.06703	0.08161	0.00757	0.10613	0.48820	0.17947	0.00628	0.00291	0.00090	0.00149	0.03120	0.00231	0.00232
3	0.00751	0.00584	0.00630	0.00516	0.00673	0.05618	0.03230	0.37001	0.30172	0.07547	0.09999	0.00821	0.00716	0.00318	0.00247	0.00076	0.00234	0.00258	0.00238	0.00371
4	0.00498	0.18340	0.66012	0.00605	0.00904	0.00604	0.00744	0.00719	0.00501	0.00713	0.00487	0.07927	0.00411	0.00267	0.00221	0.00073	0.00319	0.00210	0.00112	0.00334
5	0.00349	0.00281	0.00390	0.00382	0.00443	0.00263	0.07515	0.04890	0.00531	0.00687	0.01520	0.51337	0.25470	0.00642	0.00297	0.00091	0.00166	0.04308	0.00216	0.00220
6	0.00498	0.00455	0.00615	0.04401	0.05186	0.07410	0.14041	0.11340	0.02590	0.00784	0.06839	0.31135	0.06626	0.02265	0.02237	0.00093	0.02611	0.00416	0.00188	0.00268

[dist]
# distance from previous block
# <min> <max>
0	4

[block]
# block no. 3 follows, 125 sequences, length 12
# corresponding to MSA columns:
# 136-147
name=unknown_D
#
# <colnr> <probs for GDERKNQSTAVLIFYWHMCP>
#	G	D	E	R	K	N	Q	S	T	A	V	L	I	F	Y	W	H	M	C	P
0	0.00751	0.02408	0.07986	0.02294	0.06213	0.09650	0.04881	0.44229	0.09404	0.01130	0.02738	0.01668	0.03014	0.00294	0.00253	0.00074	0.02220	0.00233	0.00197	0.00363
1	0.00621	0.14890	0.20537	0.00634	0.01917	0.21092	0.15975	0.03649	0.04097	0.00693	0.00497	0.00644	0.01607	0.08671	0.01428	0.00089	0.02318	0.00211	0.00127	0.00303
2	0.00665	0.00560	0.00529	0.00474	0.00585	0.19696	0.00367	0.06502	0.23049	0.13181	0.00714	0.00810	0.00571	0.04596	0.26414	0.00171	0.00382	0.00239	0.00188	0.00307
3	0.02018	0.00587	0.02879	0.03747	0.02527	0.07610	0.00414	0.32287	0.26488	0.01060	0.02398	0.02357	0.05431	0.04154	0.00304	0.02440	0.00244	0.02503	0.00212	0.00340
4	0.02678	0.00834	0.00786	0.04652	0.28698	0.44334	0.04615	0.00830	0.00604	0.00688	0.00409	0.00508	0.00338	0.00228	0.00223	0.00064	0.00353	0.00180	0.00124	0.08855
5	0.00753	0.04923	0.00641	0.00507	0.00652	0.22495	0.00404	0.39675	0.03625	0.01050	0.08509	0.05282	0.02750	0.00385	0.04022	0.00083	0.00293	0.00248	0.00199	0.03504
6	0.00377	0.00254	0.00309	0.00315	0.00378	0.00233	0.00232	0.00448	0.01810	0.08896	0.05323	0.30562	0.36074	0.02559	0.08840	0.00118	0.00190	0.02638	0.00222	0.00224
7	0.00559	0.00414	0.00491	0.00365	0.00559	0.00326	0.00291	0.03165	0.00539	0.11245	0.00621	0.05122	0.04189	0.00242	0.00198	0.00046	0.00180	0.00198	0.00171	0.71079
8	0.00301	0.00217	0.00283	0.00330	0.00351	0.00203	0.00225	0.00348	0.00471	0.00624	0.03801	0.74582	0.06946	0.05309	0.00353	0.00104	0.00147	0.04991	0.00221	0.00196
9	0.16064	0.00403	0.00494	0.00401	0.00559	0.00380	0.00326	0.03467	0.02114	0.58968	0.06008	0.06925	0.00715	0.00334	0.00235	0.00077	0.00194	0.01718	0.00263	0.00357
10	0.03149	0.00267	0.00312	0.00317	0.00374	0.00253	0.00226	0.03790	0.01608	0.06382	0.04933	0.35304	0.25283	0.13675	0.00420	0.00109	0.00160	0.03002	0.00217	0.00218
11	0.00407	0.00261	0.00313	0.00314	0.00367	0.00245	0.00222	0.02885	0.01991	0.08587	0.08709	0.32120	0.19105	0.16394	0.00444	0.00111	0.00160	0.01856	0.05289	0.00221

[dist]
# distance from previous block
# <min> <max>
0	2

[block]
# block no. 4 follows, 125 sequences, length 9
# corresponding to MSA columns:
# 150-158
name=unknown_E
#
# <colnr> <probs for GDERKNQSTAVLIFYWHMCP>
#	G	D	E	R	K	N	Q	S	T	A	V	L	I	F	Y	W	H	M	C	P
0	0.01813	0.00370	0.00414	0.00374	0.00471	0.00380	0.00287	0.19119	0.09936	0.05086	0.07008	0.13090	0.26035	0.07074	0.05104	0.00109	0.00204	0.02632	0.00224	0.00273
1	0.02463	0.00310	0.00366	0.00356	0.00427	0.00305	0.00261	0.10287	0.04951	0.06589	0.06111	0.42828	0.10152	0.05478	0.00326	0.00093	0.00165	0.01729	0.03293	0.03510
2	0.00357	0.00241	0.00283	0.00292	0.00309	0.00237	0.00183	0.00393	0.03136	0.02189	0.01003	0.20487	0.06878	0.57805	0.00894	0.02256	0.00204	0.02505	0.00174	0.00173
3	0.03931	0.00540	0.00447	0.00420	0.00502	0.25989	0.00315	0.05698	0.02545	0.00708	0.10499	0.06869	0.13858	0.08657	0.15565	0.00141	0.00323	0.02574	0.00176	0.00242
4	0.01950	0.01646	0.00416	0.00406	0.03465	0.05329	0.00287	0.07313	0.00471	0.00642	0.01998	0.06081	0.02693	0.22489	0.38435	0.03512	0.00408	0.00295	0.01944	0.00220
5	0.03913	0.00538	0.11780	0.00448	0.00604	0.02332	0.03393	0.12768	0.14518	0.06479	0.02936	0.05852	0.14729	0.08860	0.00334	0.00089	0.00222	0.00301	0.00196	0.09708
6	0.03758	0.00256	0.00310	0.00322	0.00374	0.00243	0.00233	0.00447	0.02971	0.04881	0.15940	0.35987	0.17845	0.07672	0.03354	0.00109	0.00166	0.04691	0.00222	0.00218
7	0.07800	0.01530	0.00465	0.01771	0.00498	0.08923	0.01435	0.08958	0.09082	0.01955	0.02467	0.06620	0.01705	0.29460	0.09976	0.00160	0.06492	0.00292	0.00167	0.00245
8	0.06569	0.00625	0.03824	0.02887	0.05612	0.12951	0.20950	0.12164	0.08285	0.04070	0.00706	0.06381	0.06226	0.01271	0.01457	0.00080	0.00296	0.00268	0.00169	0.05208

[dist]
# distance from previous block
# <min> <max>
14	68

[block]
# block no. 5 follows, 125 sequences, length 6
# corresponding to MSA columns:
# 320-325
name=unknown_F
#
# <colnr> <probs for GDERKNQSTAVLIFYWHMCP>
#	G	D	E	R	K	N	Q	S	T	A	V	L	I	F	Y	W	H	M	C	P
0	0.04859	0.00358	0.00382	0.00353	0.00428	0.05540	0.00261	0.05477	0.05188	0.05470	0.23513	0.07308	0.08087	0.19305	0.06395	0.00129	0.00220	0.03020	0.00206	0.03502
1	0.00646	0.04365	0.02269	0.00500	0.00627	0.18579	0.03314	0.16329	0.20797	0.02830	0.00795	0.06496	0.05456	0.03936	0.10181	0.00115	0.00311	0.01956	0.00189	0.00309
2	0.07909	0.01992	0.00602	0.02495	0.00655	0.10148	0.01682	0.28740	0.08816	0.06023	0.02060	0.02267	0.00481	0.02519	0.02755	0.02434	0.02712	0.00213	0.00190	0.15308
3	0.02025	0.06852	0.00634	0.00571	0.09972	0.11641	0.03073	0.18144	0.10410	0.00880	0.06025	0.11641	0.05452	0.03454	0.04300	0.00093	0.00264	0.01590	0.00187	0.02791
4	0.05233	0.05763	0.00577	0.00483	0.04299	0.10954	0.03474	0.19290	0.02893	0.05167	0.05956	0.06236	0.22169	0.02012	0.00281	0.00079	0.02829	0.01814	0.00199	0.00292
5	0.00636	0.00341	0.00446	0.00385	0.00472	0.00336	0.00293	0.14238	0.00542	0.19797	0.00596	0.00789	0.00492	0.00637	0.04863	0.45705	0.00236	0.03160	0.00174	0.05861

[dist]
# distance from previous block
# <min> <max>
0	1

[block]
# block no. 6 follows, 125 sequences, length 45
# corresponding to MSA columns:
# 327-371
name=unknown_G
#
# <colnr> <probs for GDERKNQSTAVLIFYWHMCP>
#	G	D	E	R	K	N	Q	S	T	A	V	L	I	F	Y	W	H	M	C	P
0	0.26336	0.02260	0.00514	0.00440	0.00556	0.13606	0.01522	0.09642	0.14846	0.02512	0.04020	0.04763	0.03406	0.08085	0.00338	0.00090	0.06360	0.00241	0.00178	0.00286
1	0.00642	0.00640	0.00580	0.03479	0.02961	0.28874	0.04201	0.09929	0.11422	0.03842	0.06342	0.13262	0.08005	0.00442	0.04210	0.00089	0.00294	0.00311	0.00187	0.00290
2	0.00317	0.00232	0.00284	0.00312	0.00344	0.00218	0.00219	0.00364	0.00469	0.00606	0.02771	0.37855	0.21206	0.20553	0.02759	0.00132	0.00178	0.10787	0.00205	0.00190
3	0.09882	0.00463	0.05535	0.00428	0.00567	0.01090	0.02949	0.05444	0.23563	0.18017	0.10271	0.05052	0.11371	0.03005	0.00281	0.01032	0.00197	0.00308	0.00227	0.00317
4	0.02584	0.13517	0.25621	0.06650	0.00837	0.18884	0.01191	0.11973	0.04932	0.05693	0.00551	0.00594	0.03639	0.00259	0.00220	0.00069	0.00313	0.00193	0.00148	0.02132
5	0.00449	0.00354	0.00391	0.00364	0.00439	0.01760	0.00263	0.02821	0.23104	0.01410	0.03953	0.10400	0.06445	0.30925	0.02028	0.00135	0.00936	0.04289	0.00193	0.09340
6	0.02281	0.04048	0.02052	0.00501	0.00643	0.09083	0.04776	0.28846	0.19952	0.01394	0.00821	0.15489	0.04011	0.00381	0.00920	0.00079	0.00243	0.00307	0.02523	0.01650
7	0.00550	0.10873	0.01023	0.00730	0.00854	0.03606	0.34921	0.00665	0.00483	0.00664	0.02776	0.05703	0.00457	0.00327	0.00462	0.00087	0.35147	0.00261	0.00123	0.00288
8	0.00297	0.00245	0.00262	0.00269	0.00339	0.00213	0.00198	0.00373	0.02719	0.00668	0.06106	0.16787	0.68750	0.00621	0.00287	0.00084	0.00127	0.01223	0.00226	0.00207
9	0.00644	0.00795	0.25470	0.00623	0.02547	0.08095	0.07814	0.13838	0.27827	0.04201	0.02870	0.00688	0.00518	0.00281	0.00256	0.00077	0.02687	0.00229	0.00181	0.00359
10	0.02646	0.00509	0.00600	0.00485	0.00647	0.00530	0.02945	0.34936	0.13158	0.24311	0.04879	0.00979	0.05659	0.00345	0.00252	0.00078	0.00224	0.06202	0.00250	0.00368
11	0.00294	0.00235	0.00264	0.00283	0.00343	0.00205	0.00207	0.00353	0.00525	0.00650	0.03774	0.28958	0.56806	0.00653	0.00294	0.00088	0.00133	0.05508	0.00224	0.00202
12	0.85222	0.00460	0.00371	0.00326	0.00478	0.00524	0.00269	0.00748	0.00434	0.08836	0.00389	0.00428	0.00290	0.00230	0.00157	0.00074	0.00188	0.00140	0.00162	0.00274
13	0.00710	0.00832	0.00793	0.00682	0.03105	0.45834	0.16719	0.01472	0.02336	0.01129	0.02794	0.00591	0.00413	0.01501	0.06957	0.00099	0.13412	0.00209	0.00129	0.00284
14	0.12683	0.00365	0.01725	0.00337	0.00431	0.04742	0.00267	0.04873	0.03420	0.02021	0.17523	0.07203	0.32627	0.00490	0.00261	0.00081	0.00167	0.07879	0.02665	0.00241
15	0.00311	0.00228	0.00297	0.00345	0.00376	0.00213	0.00252	0.00370	0.00491	0.00641	0.01462	0.61468	0.13223	0.00717	0.00309	0.00098	0.00154	0.18619	0.00223	0.00202
16	0.00341	0.00253	0.00372	0.00375	0.00414	0.00290	0.00286	0.00419	0.00388	0.00556	0.00691	0.06079	0.00676	0.07793	0.79485	0.00360	0.00588	0.00288	0.00135	0.00209
17	0.04354	0.00519	0.00552	0.00487	0.00621	0.00600	0.00383	0.10406	0.69288	0.01028	0.00901	0.00856	0.02100	0.00375	0.03256	0.00091	0.03324	0.00262	0.00232	0.00367
18	0.02634	0.02994	0.03179	0.00495	0.00624	0.18309	0.00403	0.27197	0.02453	0.07255	0.01151	0.00741	0.03289	0.03624	0.21412	0.00150	0.03375	0.00226	0.00178	0.00309
19	0.21259	0.02487	0.00473	0.00418	0.00502	0.05999	0.00334	0.04051	0.00458	0.05706	0.00549	0.02920	0.00488	0.01011	0.42938	0.00224	0.09558	0.00223	0.00146	0.00254
20	0.02368	0.00589	0.00611	0.00485	0.00660	0.11147	0.00393	0.33261	0.01746	0.30652	0.00689	0.00727	0.00498	0.02184	0.00254	0.00073	0.00252	0.03225	0.00232	0.09955
21	0.00349	0.00262	0.00308	0.00317	0.00376	0.00244	0.00236	0.04868	0.00557	0.01509	0.11789	0.24934	0.34730	0.06736	0.01561	0.00102	0.00159	0.10526	0.00223	0.00215
22	0.00422	0.00228	0.00315	0.00316	0.00339	0.00219	0.00216	0.00383	0.00391	0.06532	0.00832	0.17387	0.08905	0.07297	0.02172	0.53205	0.00197	0.00336	0.00153	0.00155
23	0.00296	0.00212	0.00277	0.00329	0.00344	0.00198	0.00218	0.00336	0.00456	0.00607	0.01318	0.84319	0.03478	0.05931	0.00359	0.00105	0.00145	0.00661	0.00219	0.00193
24	0.00296	0.00238	0.00257	0.00267	0.00328	0.00207	0.00192	0.00351	0.00519	0.00639	0.05327	0.17574	0.61127	0.09399	0.00380	0.00099	0.00137	0.02246	0.00217	0.00198
25	0.00344	0.00271	0.01262	0.00316	0.00382	0.00247	0.00238	0.00457	0.06829	0.02453	0.16036	0.24474	0.35927	0.02273	0.02691	0.00097	0.00155	0.05098	0.00228	0.00223
26	0.02303	0.00344	0.00405	0.00370	0.00469	0.00344	0.00283	0.04203	0.18110	0.19228	0.12979	0.19770	0.07532	0.00446	0.00255	0.00079	0.00161	0.01207	0.11218	0.00294
27	0.13121	0.00629	0.00663	0.00514	0.00700	0.00693	0.00425	0.71731	0.01007	0.07315	0.00570	0.00569	0.00402	0.00281	0.00229	0.00073	0.00250	0.00207	0.00232	0.00390
28	0.00330	0.00243	0.00291	0.00300	0.00350	0.00224	0.00220	0.00397	0.00531	0.01214	0.21357	0.14285	0.28841	0.16331	0.01302	0.00115	0.00160	0.11769	0.01538	0.00201
29	0.00291	0.00241	0.00255	0.00258	0.00331	0.00205	0.00191	0.00355	0.00554	0.00678	0.10990	0.10003	0.73600	0.00610	0.00286	0.00082	0.00123	0.00516	0.00228	0.00205
30	0.00295	0.00210	0.00279	0.00333	0.00347	0.00196	0.00222	0.00335	0.00458	0.00611	0.01313	0.89225	0.01574	0.02938	0.00329	0.00101	0.00142	0.00676	0.00222	0.00194
31	0.00297	0.00211	0.00279	0.00331	0.00348	0.00197	0.00222	0.00343	0.00470	0.00632	0.04483	0.85530	0.02660	0.00734	0.00304	0.00096	0.00138	0.00665	0.01860	0.00197
32	0.00299	0.00214	0.00283	0.00330	0.00348	0.00200	0.00221	0.00347	0.00479	0.00644	0.10020	0.79987	0.01638	0.03347	0.00331	0.00099	0.00140	0.00650	0.00225	0.00197
33	0.09009	0.00441	0.00543	0.00427	0.00598	0.00422	0.00350	0.13945	0.02949	0.59411	0.08658	0.00834	0.00690	0.00308	0.00237	0.00074	0.00204	0.00246	0.00272	0.00380
34	0.00372	0.00271	0.00366	0.00414	0.00472	0.00266	0.00357	0.00475	0.00552	0.00709	0.01435	0.04018	0.13573	0.00658	0.00325	0.00107	0.00207	0.74982	0.00222	0.00219
35	0.00360	0.00280	0.00327	0.00319	0.00376	0.02500	0.00237	0.00477	0.05065	0.00824	0.50340	0.08395	0.14054	0.09019	0.01328	0.00098	0.00151	0.05392	0.00237	0.00222
36	0.60073	0.00461	0.00437	0.00364	0.00527	0.00496	0.00300	0.06123	0.00536	0.27862	0.00534	0.00531	0.00370	0.00250	0.00182	0.00074	0.00196	0.00169	0.00199	0.00314
37	0.01668	0.00430	0.00512	0.00397	0.00577	0.00383	0.00320	0.06601	0.10760	0.31554	0.00824	0.00792	0.06529	0.00276	0.00218	0.00061	0.00189	0.00223	0.02906	0.34780
38	0.00290	0.00246	0.00252	0.00255	0.00335	0.00207	0.00194	0.00354	0.00549	0.00654	0.02372	0.02338	0.84959	0.00613	0.00287	0.00083	0.00127	0.05457	0.00223	0.00204
39	0.00419	0.00317	0.00385	0.00394	0.06432	0.00307	0.00268	0.07793	0.04955	0.02934	0.31994	0.04158	0.25943	0.12168	0.00396	0.00098	0.00162	0.00406	0.00225	0.00246
40	0.00294	0.00238	0.00262	0.00276	0.00341	0.00206	0.00204	0.00354	0.00533	0.00654	0.04313	0.21808	0.63444	0.00641	0.00292	0.00086	0.00131	0.05494	0.00224	0.00203
41	0.00686	0.00530	0.00570	0.00484	0.00619	0.01874	0.00386	0.25464	0.43164	0.04797	0.01517	0.00782	0.00603	0.00316	0.00271	0.00077	0.06332	0.00245	0.10920	0.00361
42	0.00395	0.00321	0.00434	0.12571	0.09105	0.01936	0.00355	0.01416	0.00530	0.03007	0.04760	0.24529	0.24607	0.00578	0.02888	0.00096	0.00206	0.11828	0.00197	0.00239
43	0.05414	0.11321	0.01917	0.03331	0.38085	0.17313	0.00560	0.07534	0.03723	0.01383	0.00491	0.02205	0.01794	0.00252	0.00236	0.00069	0.02659	0.00203	0.00137	0.01372
44	0.01775	0.01605	0.03690	0.06858	0.15984	0.12713	0.13742	0.10870	0.04528	0.03882	0.01578	0.00600	0.00406	0.00278	0.01906	0.00077	0.07010	0.00211	0.00148	0.12136

[dist]
# distance from previous block
# <min> <max>
0	363

# created by:
# /share/home/app/bin/augustus-3.3.1/scripts/msa2prfl.pl /dev/shm/tmp/mt-Fungi/msas/nad6.aln --setname=nad6
