[name]
rps3-20

[dist]
# distance from previous block
# <min> <max>
12	1165

[block]
# block no. 0 follows, 38 sequences, length 13
# corresponding to MSA columns:
# 1468-1480
name=unknown_A
#
# <colnr> <probs for GDERKNQSTAVLIFYWHMCP>
#	G	D	E	R	K	N	Q	S	T	A	V	L	I	F	Y	W	H	M	C	P
0	0.07415	0.00713	0.00769	0.00772	0.00941	0.00688	0.00566	0.06397	0.01359	0.01838	0.06100	0.24373	0.32914	0.08568	0.00911	0.00248	0.00391	0.03961	0.00532	0.00543
1	0.11526	0.01319	0.01326	0.01111	0.01454	0.11774	0.00880	0.10570	0.04014	0.26184	0.01661	0.01846	0.01257	0.06777	0.10248	0.00306	0.02706	0.00549	0.00511	0.03983
2	0.03125	0.05854	0.01602	0.03649	0.05162	0.20276	0.05536	0.09575	0.04715	0.03511	0.01448	0.04376	0.01315	0.12532	0.14345	0.00373	0.00928	0.00607	0.00380	0.00692
3	0.01657	0.01443	0.01452	0.01338	0.05612	0.12467	0.01000	0.25023	0.08111	0.02435	0.05318	0.02413	0.04346	0.05439	0.06803	0.00270	0.02588	0.06209	0.02114	0.03962
4	0.01586	0.01721	0.01925	0.04090	0.14264	0.24397	0.13053	0.06052	0.03771	0.01816	0.01771	0.07949	0.07785	0.00965	0.04060	0.00222	0.02768	0.00687	0.00374	0.00744
5	0.01240	0.01299	0.01152	0.01103	0.02759	0.21314	0.03186	0.01395	0.01379	0.01600	0.10031	0.14693	0.20197	0.10520	0.01024	0.00243	0.04889	0.00955	0.00447	0.00573
6	0.01067	0.04463	0.01032	0.00911	0.01131	0.06787	0.00711	0.01505	0.14510	0.01755	0.04024	0.08694	0.36547	0.03778	0.00803	0.00220	0.03355	0.07569	0.00518	0.00619
7	0.18663	0.01154	0.01188	0.01158	0.06893	0.05695	0.00817	0.15541	0.01569	0.06314	0.08057	0.06841	0.10405	0.10162	0.02810	0.00255	0.00566	0.00730	0.00482	0.00701
8	0.00917	0.00703	0.00968	0.00935	0.00999	0.00820	0.00692	0.01061	0.00972	0.01386	0.05386	0.02823	0.01841	0.26252	0.41780	0.00729	0.10166	0.00723	0.00346	0.00501
9	0.01844	0.02210	0.04418	0.01562	0.06583	0.45482	0.01148	0.03871	0.08255	0.01655	0.01282	0.04931	0.01144	0.05664	0.03074	0.00224	0.05048	0.00535	0.00354	0.00716
10	0.01021	0.00834	0.00794	0.00777	0.00819	0.08753	0.00481	0.01055	0.00971	0.01218	0.01769	0.03505	0.01981	0.64536	0.08626	0.00568	0.00719	0.00804	0.00355	0.00414
11	0.01775	0.11129	0.01870	0.01653	0.10066	0.38056	0.03932	0.02119	0.08227	0.01657	0.01402	0.06976	0.01289	0.00850	0.02368	0.00193	0.00863	0.04477	0.00361	0.00737
12	0.01652	0.01571	0.01898	0.03247	0.22880	0.12792	0.05284	0.16116	0.06937	0.02206	0.01452	0.07106	0.01270	0.00866	0.02888	0.00210	0.05177	0.02021	0.00408	0.04017

[dist]
# distance from previous block
# <min> <max>
6	100

[block]
# block no. 1 follows, 38 sequences, length 29
# corresponding to MSA columns:
# 1599-1627
name=unknown_B
#
# <colnr> <probs for GDERKNQSTAVLIFYWHMCP>
#	G	D	E	R	K	N	Q	S	T	A	V	L	I	F	Y	W	H	M	C	P
0	0.01395	0.01500	0.06164	0.15722	0.29669	0.08903	0.05474	0.01740	0.01322	0.01779	0.01188	0.01673	0.01006	0.00842	0.05228	0.00226	0.02910	0.03013	0.00308	0.09941
1	0.01840	0.03889	0.05542	0.01656	0.10113	0.39456	0.01211	0.09998	0.01661	0.01825	0.01601	0.01747	0.09124	0.00831	0.02378	0.00192	0.05289	0.00536	0.00363	0.00748
2	0.01081	0.00716	0.00857	0.00821	0.01021	0.00670	0.00619	0.01427	0.08814	0.11003	0.22061	0.18611	0.25714	0.01354	0.00701	0.00207	0.00356	0.02727	0.00613	0.00629
3	0.01444	0.01228	0.01273	0.01164	0.01384	0.13759	0.00921	0.12835	0.01456	0.06003	0.01595	0.02250	0.01415	0.02755	0.40238	0.00596	0.03335	0.05275	0.00402	0.00673
4	0.01614	0.10432	0.06129	0.01990	0.24214	0.09598	0.01313	0.12334	0.14718	0.02179	0.01806	0.01893	0.07770	0.00712	0.00579	0.00178	0.00668	0.00584	0.00416	0.00871
5	0.00744	0.00560	0.00680	0.00759	0.00846	0.00514	0.00521	0.00859	0.01188	0.01526	0.03969	0.46715	0.25343	0.08185	0.04409	0.00293	0.00413	0.01459	0.00532	0.00487
6	0.00768	0.00551	0.00662	0.00747	0.00832	0.00504	0.00512	0.00895	0.01204	0.01603	0.03833	0.50011	0.21569	0.05219	0.00828	0.00240	0.00343	0.01460	0.07724	0.00494
7	0.01626	0.01858	0.15050	0.01856	0.17727	0.16553	0.01372	0.03312	0.09538	0.08578	0.02633	0.01744	0.01212	0.05406	0.04871	0.00248	0.03663	0.00546	0.01388	0.00818
8	0.01666	0.04670	0.01753	0.02764	0.09868	0.03286	0.06804	0.18105	0.02882	0.12616	0.01664	0.09075	0.01430	0.03112	0.12094	0.00319	0.05935	0.00685	0.00463	0.00809
9	0.03805	0.01312	0.01317	0.01098	0.01396	0.09587	0.00842	0.25955	0.03030	0.13918	0.06105	0.02353	0.01669	0.20784	0.03915	0.00310	0.00668	0.00653	0.00519	0.00764
10	0.01028	0.00839	0.00773	0.00756	0.00791	0.09066	0.00454	0.01046	0.00968	0.01201	0.01787	0.03618	0.02029	0.70109	0.02780	0.00535	0.00639	0.00820	0.00358	0.00402
11	0.01324	0.01217	0.05820	0.04797	0.26003	0.01155	0.01215	0.14177	0.01503	0.02062	0.01917	0.17776	0.04468	0.09101	0.04515	0.00274	0.00657	0.00841	0.00420	0.00759
12	0.01808	0.01574	0.06521	0.01289	0.02966	0.07974	0.01073	0.28403	0.08492	0.07997	0.09650	0.01825	0.01582	0.00738	0.00633	0.00172	0.03348	0.00572	0.00517	0.12866
13	0.01122	0.00734	0.01001	0.01123	0.05316	0.00699	0.00858	0.01348	0.01371	0.09969	0.03377	0.13855	0.13916	0.04899	0.00865	0.00260	0.00498	0.37628	0.00554	0.00606
14	0.09212	0.14709	0.01871	0.01289	0.01649	0.13972	0.05786	0.20695	0.01659	0.02201	0.01202	0.01491	0.01003	0.03114	0.14412	0.00324	0.03766	0.00496	0.00386	0.00762
15	0.01569	0.01010	0.01180	0.09478	0.01537	0.01090	0.00843	0.24136	0.01793	0.07512	0.05880	0.02040	0.01527	0.00897	0.03875	0.00202	0.00533	0.00589	0.33559	0.00749
16	0.00739	0.00539	0.00696	0.00808	0.00868	0.00496	0.00548	0.00860	0.01212	0.01604	0.08416	0.65880	0.11514	0.01803	0.00758	0.00236	0.00340	0.01622	0.00565	0.00496
17	0.01013	0.00941	0.09108	0.00790	0.01102	0.00654	0.00707	0.01236	0.01403	0.10814	0.05072	0.04820	0.57483	0.01321	0.00682	0.00200	0.00396	0.01095	0.00548	0.00614
18	0.07723	0.01576	0.01698	0.01309	0.01782	0.01721	0.01082	0.60497	0.02584	0.11740	0.01508	0.01481	0.01050	0.00714	0.00587	0.00182	0.00632	0.00534	0.00602	0.00998
19	0.01518	0.01612	0.04916	0.05430	0.50236	0.09784	0.07455	0.01922	0.03978	0.01931	0.04535	0.01615	0.01166	0.00588	0.00604	0.00180	0.00761	0.00561	0.00325	0.00884
20	0.01247	0.01069	0.01247	0.00891	0.01426	0.00802	0.00713	0.01515	0.01247	0.01960	0.01069	0.01247	0.00891	0.00446	0.00446	0.00089	0.00446	0.00356	0.00356	0.82536
21	0.00873	0.00720	0.00827	0.03620	0.01053	0.03280	0.00617	0.01131	0.03465	0.01947	0.33844	0.12737	0.25906	0.01544	0.05496	0.00248	0.00434	0.01129	0.00569	0.00557
22	0.00894	0.00700	0.01009	0.00912	0.01025	0.00676	0.08554	0.01015	0.01089	0.01448	0.06920	0.14005	0.11172	0.40684	0.06919	0.00450	0.00616	0.01015	0.00423	0.00472
23	0.01427	0.05858	0.06481	0.01256	0.04715	0.09114	0.01004	0.12384	0.16988	0.02218	0.12107	0.04890	0.07987	0.01309	0.09310	0.00276	0.00701	0.00720	0.00488	0.00769
24	0.00864	0.00668	0.00759	0.00750	0.00911	0.00623	0.00553	0.03819	0.03945	0.01876	0.21013	0.13182	0.34482	0.09302	0.00954	0.00246	0.00365	0.04579	0.00566	0.00543
25	0.01584	0.01460	0.01443	0.01397	0.07131	0.11566	0.01001	0.09802	0.41283	0.02362	0.06235	0.02284	0.04486	0.04386	0.00722	0.00210	0.00583	0.00669	0.00536	0.00860
26	0.01464	0.01213	0.01381	0.01039	0.01526	0.05406	0.03041	0.06543	0.03175	0.06942	0.01242	0.01403	0.00991	0.00735	0.04778	0.00162	0.00587	0.00423	0.00399	0.57550
27	0.01730	0.30319	0.03350	0.01725	0.14888	0.19534	0.04371	0.05359	0.05616	0.01761	0.01065	0.01232	0.00891	0.00567	0.00504	0.00152	0.00760	0.00427	0.00321	0.05430
28	0.01584	0.01465	0.02062	0.02572	0.39769	0.06365	0.05476	0.14561	0.05795	0.02238	0.01621	0.08422	0.03873	0.00743	0.00620	0.00187	0.00686	0.00674	0.00403	0.00884

[dist]
# distance from previous block
# <min> <max>
0	24

[block]
# block no. 2 follows, 38 sequences, length 8
# corresponding to MSA columns:
# 1654-1661
name=unknown_C
#
# <colnr> <probs for GDERKNQSTAVLIFYWHMCP>
#	G	D	E	R	K	N	Q	S	T	A	V	L	I	F	Y	W	H	M	C	P
0	0.01016	0.00856	0.00853	0.00837	0.01008	0.08670	0.00622	0.01212	0.01497	0.04818	0.28730	0.17870	0.24861	0.01363	0.00702	0.00202	0.00405	0.03335	0.00575	0.00567
1	0.01059	0.00944	0.01097	0.01248	0.11307	0.05375	0.00802	0.01468	0.11132	0.01916	0.18417	0.11743	0.23173	0.03485	0.03923	0.00241	0.00495	0.01008	0.00521	0.00648
2	0.00955	0.00653	0.00726	0.00684	0.00893	0.00562	0.00514	0.01126	0.01427	0.09620	0.15725	0.05079	0.52097	0.06237	0.00847	0.00223	0.00341	0.01147	0.00582	0.00563
3	0.01656	0.01844	0.02298	0.04174	0.06802	0.22266	0.22287	0.04353	0.07892	0.01801	0.01152	0.01448	0.00933	0.00696	0.00916	0.00201	0.17622	0.00557	0.00332	0.00771
4	0.00821	0.00632	0.00887	0.01123	0.08813	0.00596	0.00691	0.00969	0.01229	0.01651	0.08504	0.60405	0.08059	0.01670	0.00742	0.00231	0.00381	0.01512	0.00538	0.00545
5	0.00856	0.00581	0.00656	0.00664	0.00679	0.00573	0.00382	0.00872	0.00921	0.01216	0.02232	0.08601	0.06624	0.69550	0.02782	0.00540	0.00552	0.00949	0.00388	0.00381
6	0.00855	0.00624	0.00854	0.00854	0.00936	0.00688	0.00621	0.01003	0.00964	0.01342	0.01961	0.03029	0.06058	0.26191	0.50396	0.00809	0.01232	0.00749	0.00349	0.00485
7	0.00865	0.00622	0.00855	0.00855	0.00924	0.00691	0.00613	0.01002	0.00934	0.01314	0.01714	0.02929	0.01750	0.31263	0.50060	0.00829	0.01241	0.00727	0.00337	0.00475

[dist]
# distance from previous block
# <min> <max>
12	565

[block]
# block no. 3 follows, 38 sequences, length 19
# corresponding to MSA columns:
# 2258-2276
name=unknown_D
#
# <colnr> <probs for GDERKNQSTAVLIFYWHMCP>
#	G	D	E	R	K	N	Q	S	T	A	V	L	I	F	Y	W	H	M	C	P
0	0.00788	0.00555	0.00681	0.00752	0.00791	0.00528	0.00481	0.00866	0.01090	0.01445	0.06105	0.42994	0.08355	0.29891	0.01598	0.00363	0.00428	0.01348	0.00492	0.00448
1	0.01646	0.06030	0.12552	0.02304	0.26921	0.24039	0.06933	0.02047	0.04909	0.01785	0.01212	0.04668	0.01032	0.00634	0.00582	0.00177	0.00843	0.00538	0.00320	0.00827
2	0.05170	0.02618	0.02576	0.01524	0.14376	0.16272	0.01000	0.05375	0.01436	0.08293	0.04283	0.09036	0.09149	0.07392	0.08587	0.00296	0.00753	0.00732	0.00426	0.00706
3	0.00754	0.00548	0.00714	0.00817	0.00871	0.00524	0.00554	0.00867	0.01132	0.01502	0.03287	0.58722	0.09951	0.07869	0.08552	0.00339	0.00490	0.01501	0.00520	0.00486
4	0.14975	0.01045	0.01241	0.01015	0.01332	0.01095	0.07944	0.18050	0.01644	0.04607	0.06022	0.02107	0.05479	0.00740	0.00521	0.00171	0.00481	0.00603	0.30211	0.00718
5	0.01334	0.06757	0.14339	0.01333	0.06423	0.05303	0.02730	0.03537	0.02842	0.09954	0.02069	0.28296	0.02110	0.06803	0.00861	0.00233	0.02977	0.00943	0.00447	0.00708
6	0.01078	0.00930	0.01003	0.01095	0.07543	0.07530	0.00734	0.01344	0.05371	0.04948	0.10808	0.15603	0.30157	0.02916	0.05957	0.00261	0.00530	0.01065	0.00515	0.00613
7	0.00885	0.00759	0.00799	0.00909	0.00972	0.08132	0.00619	0.00995	0.01207	0.01529	0.03076	0.70679	0.03656	0.01757	0.00745	0.00235	0.00423	0.01577	0.00533	0.00510
8	0.02242	0.01877	0.05837	0.01408	0.01890	0.10961	0.01193	0.57149	0.02552	0.06824	0.01405	0.01419	0.01000	0.00702	0.00593	0.00178	0.00719	0.00520	0.00554	0.00976
9	0.01606	0.01693	0.01915	0.04263	0.29253	0.22379	0.04430	0.06069	0.01482	0.01816	0.01400	0.05334	0.03507	0.01086	0.08280	0.00260	0.03508	0.00593	0.00341	0.00783
10	0.00991	0.00853	0.00848	0.00856	0.00979	0.08237	0.00603	0.04090	0.01295	0.01624	0.08165	0.27622	0.17613	0.16140	0.07014	0.00340	0.00564	0.01156	0.00488	0.00522
11	0.00992	0.00799	0.00776	0.00786	0.00832	0.08192	0.00495	0.01015	0.01024	0.01275	0.02180	0.16998	0.05504	0.48343	0.02242	0.06189	0.00575	0.00969	0.00395	0.00419
12	0.10963	0.01771	0.02134	0.02666	0.40923	0.19553	0.06326	0.05130	0.01479	0.02008	0.01069	0.01340	0.00876	0.00565	0.00565	0.00176	0.00794	0.00488	0.00323	0.00851
13	0.01428	0.01362	0.02286	0.10455	0.52648	0.01402	0.06671	0.01930	0.08587	0.01969	0.01351	0.01813	0.01131	0.00617	0.00616	0.00189	0.00713	0.03597	0.00338	0.00898
14	0.01680	0.01431	0.05014	0.01159	0.01640	0.04563	0.00977	0.20159	0.07220	0.07564	0.01341	0.01427	0.01022	0.00611	0.00599	0.00145	0.04563	0.00460	0.00454	0.37970
15	0.00834	0.00614	0.00780	0.00738	0.00888	0.00560	0.00554	0.01101	0.01661	0.02313	0.66129	0.04657	0.14397	0.01267	0.00710	0.00191	0.00286	0.01111	0.00649	0.00560
16	0.01293	0.02503	0.51548	0.01636	0.04083	0.01399	0.03485	0.08941	0.01429	0.02067	0.04545	0.01692	0.05083	0.00704	0.00704	0.00196	0.06974	0.00542	0.00326	0.00849
17	0.00756	0.00538	0.00686	0.00795	0.00832	0.00506	0.00520	0.00845	0.01115	0.01477	0.03215	0.61875	0.07343	0.15112	0.01160	0.00300	0.00387	0.01544	0.00525	0.00468
18	0.01402	0.27693	0.26629	0.17740	0.04738	0.06421	0.01603	0.01806	0.01259	0.01624	0.00980	0.01237	0.00781	0.00577	0.00561	0.00172	0.03302	0.00425	0.00263	0.00786

[dist]
# distance from previous block
# <min> <max>
0	4

[block]
# block no. 4 follows, 38 sequences, length 21
# corresponding to MSA columns:
# 2281-2301
name=unknown_E
#
# <colnr> <probs for GDERKNQSTAVLIFYWHMCP>
#	G	D	E	R	K	N	Q	S	T	A	V	L	I	F	Y	W	H	M	C	P
0	0.00730	0.00535	0.00686	0.00806	0.00864	0.00491	0.00544	0.00841	0.01182	0.01548	0.03700	0.68414	0.13783	0.01835	0.00760	0.00239	0.00343	0.01649	0.00558	0.00491
1	0.01021	0.00872	0.00893	0.00841	0.01039	0.04644	0.00624	0.01533	0.17194	0.02002	0.25664	0.04177	0.25953	0.09777	0.00940	0.00239	0.00406	0.00997	0.00568	0.00616
2	0.01279	0.01254	0.02244	0.45289	0.24314	0.01390	0.12203	0.01683	0.01283	0.01717	0.01109	0.01574	0.00861	0.00569	0.00616	0.00195	0.00808	0.00561	0.00281	0.00771
3	0.00818	0.00858	0.09005	0.00905	0.01081	0.00634	0.00740	0.01066	0.03887	0.01688	0.08464	0.49950	0.15446	0.01595	0.00727	0.00226	0.00401	0.01416	0.00534	0.00558
4	0.01349	0.01365	0.01594	0.05355	0.04380	0.12109	0.01158	0.01606	0.04543	0.01540	0.01113	0.01579	0.01009	0.01680	0.18157	0.00387	0.35382	0.00532	0.00306	0.04857
5	0.01303	0.01134	0.01541	0.08385	0.13548	0.05035	0.02443	0.11837	0.01367	0.01867	0.01368	0.01877	0.01190	0.02483	0.36528	0.00558	0.05896	0.00583	0.00350	0.00708
6	0.01113	0.00921	0.01086	0.00876	0.01243	0.00766	0.00679	0.04076	0.01341	0.01955	0.08733	0.14267	0.09992	0.00890	0.00595	0.00143	0.02384	0.00750	0.00446	0.47744
7	0.01253	0.01134	0.01445	0.01462	0.09519	0.08771	0.04863	0.07940	0.01275	0.01706	0.01430	0.02044	0.01295	0.06679	0.42290	0.00633	0.04657	0.00607	0.00342	0.00656
8	0.01583	0.01693	0.01557	0.01389	0.01584	0.27395	0.03463	0.07548	0.03273	0.01698	0.01426	0.12866	0.01397	0.01408	0.10435	0.00301	0.19261	0.00680	0.00369	0.00674
9	0.01568	0.39851	0.28768	0.01357	0.01972	0.13930	0.01476	0.01935	0.01317	0.01599	0.00938	0.01093	0.00769	0.00552	0.00477	0.00155	0.00802	0.00376	0.00265	0.00802
10	0.08396	0.01561	0.01861	0.01419	0.01902	0.01675	0.08993	0.50064	0.05383	0.06128	0.01429	0.01474	0.01027	0.00675	0.00588	0.00180	0.00660	0.00541	0.00543	0.05500
11	0.01909	0.10269	0.02042	0.01658	0.05361	0.43586	0.08403	0.02302	0.10471	0.01663	0.01137	0.01304	0.00929	0.00646	0.00648	0.00171	0.05943	0.00465	0.00338	0.00758
12	0.00711	0.00609	0.00609	0.00609	0.00813	0.00508	0.00457	0.00863	0.01371	0.01625	0.06094	0.05789	0.74862	0.01524	0.00711	0.00203	0.00305	0.01270	0.00559	0.00508
13	0.00734	0.00537	0.00684	0.00800	0.00857	0.00494	0.00538	0.00842	0.01173	0.01536	0.03653	0.66066	0.13696	0.04290	0.00833	0.00249	0.00350	0.01623	0.00552	0.00487
14	0.01771	0.00938	0.01177	0.00967	0.01288	0.00889	0.00773	0.13151	0.01871	0.30287	0.32381	0.03150	0.06790	0.00981	0.00653	0.00187	0.00431	0.00828	0.00679	0.00809
15	0.01942	0.02335	0.05447	0.04042	0.10139	0.45482	0.08287	0.02249	0.04371	0.04507	0.01099	0.01300	0.00878	0.00631	0.00646	0.00174	0.04906	0.00469	0.00330	0.00765
16	0.00977	0.00644	0.00794	0.00811	0.00901	0.00626	0.00550	0.04701	0.01234	0.05723	0.08488	0.35790	0.06718	0.24966	0.03978	0.00358	0.00480	0.01230	0.00513	0.00517
17	0.00905	0.00808	0.00793	0.00856	0.00963	0.08890	0.00597	0.01031	0.01279	0.01579	0.07002	0.47991	0.19423	0.03969	0.00797	0.00233	0.00424	0.01411	0.00530	0.00516
18	0.44387	0.01374	0.01173	0.01007	0.01390	0.12042	0.00816	0.04810	0.01385	0.21418	0.01363	0.01513	0.01010	0.00665	0.00484	0.00185	0.00577	0.03161	0.00476	0.00765
19	0.01088	0.00932	0.01125	0.06867	0.10879	0.04526	0.00835	0.07556	0.01382	0.01763	0.03143	0.21860	0.22053	0.12066	0.01011	0.00258	0.00515	0.01065	0.00468	0.00608
20	0.01143	0.01037	0.01183	0.01403	0.13081	0.09301	0.00913	0.03983	0.01377	0.01731	0.04175	0.17291	0.15426	0.06906	0.04753	0.00280	0.00614	0.14320	0.00465	0.00618

[dist]
# distance from previous block
# <min> <max>
4	17

[block]
# block no. 5 follows, 38 sequences, length 11
# corresponding to MSA columns:
# 2321-2331
name=unknown_F
#
# <colnr> <probs for GDERKNQSTAVLIFYWHMCP>
#	G	D	E	R	K	N	Q	S	T	A	V	L	I	F	Y	W	H	M	C	P
0	0.01584	0.04962	0.02173	0.06938	0.46347	0.09695	0.01552	0.05907	0.05090	0.01992	0.01171	0.01444	0.00960	0.00565	0.00570	0.00169	0.00721	0.00504	0.00333	0.07321
1	0.00787	0.00580	0.00678	0.00716	0.00793	0.00549	0.00474	0.00877	0.01102	0.01418	0.03485	0.24502	0.23870	0.29588	0.07528	0.00411	0.00519	0.01198	0.00470	0.00454
2	0.06090	0.01188	0.05530	0.35607	0.02633	0.03677	0.01242	0.08036	0.01403	0.05547	0.01996	0.10229	0.10108	0.00859	0.00611	0.00197	0.00650	0.00725	0.00397	0.03277
3	0.01238	0.01085	0.01590	0.22752	0.07809	0.04365	0.07859	0.01618	0.06069	0.06006	0.02201	0.04988	0.12163	0.04355	0.09123	0.00301	0.02865	0.02534	0.00395	0.00685
4	0.00892	0.00654	0.00713	0.00674	0.00889	0.00557	0.00506	0.01069	0.01380	0.05521	0.11659	0.08064	0.49762	0.03944	0.00752	0.00204	0.00332	0.01122	0.05360	0.05944
5	0.00962	0.00715	0.00892	0.02458	0.02719	0.00702	0.00671	0.01218	0.04819	0.05504	0.17450	0.17898	0.25700	0.05765	0.00908	0.00236	0.04129	0.06122	0.00553	0.00579
6	0.06015	0.07412	0.01941	0.23502	0.12999	0.05507	0.08417	0.07573	0.01453	0.05682	0.01745	0.02144	0.08238	0.00733	0.00600	0.00190	0.00708	0.04005	0.00377	0.00759
7	0.01402	0.06512	0.02152	0.35542	0.33507	0.07351	0.01662	0.01752	0.01314	0.01703	0.01069	0.01473	0.00861	0.00570	0.00580	0.00183	0.00777	0.00510	0.00283	0.00797
8	0.00756	0.00552	0.00688	0.00772	0.00839	0.00510	0.00520	0.00872	0.01202	0.01582	0.09699	0.51431	0.15581	0.10822	0.01023	0.00273	0.00364	0.01486	0.00545	0.00484
9	0.00848	0.00583	0.00694	0.00713	0.00737	0.00586	0.00437	0.00891	0.00940	0.01258	0.02203	0.13904	0.04900	0.57566	0.10744	0.00566	0.00655	0.00976	0.00393	0.00405
10	0.10305	0.01941	0.07493	0.08736	0.19015	0.25842	0.01362	0.09301	0.01560	0.02012	0.02720	0.01398	0.00972	0.00784	0.03888	0.00210	0.00855	0.00476	0.00344	0.00788

[dist]
# distance from previous block
# <min> <max>
0	3

[block]
# block no. 6 follows, 38 sequences, length 6
# corresponding to MSA columns:
# 2335-2340
name=unknown_G
#
# <colnr> <probs for GDERKNQSTAVLIFYWHMCP>
#	G	D	E	R	K	N	Q	S	T	A	V	L	I	F	Y	W	H	M	C	P
0	0.01449	0.01307	0.01636	0.04944	0.23835	0.09507	0.01202	0.04146	0.09583	0.05810	0.05564	0.08537	0.03939	0.03580	0.06395	0.00264	0.06400	0.00709	0.00418	0.00775
1	0.01902	0.01356	0.01753	0.01470	0.05136	0.06109	0.11585	0.12203	0.17542	0.22970	0.04524	0.02210	0.06879	0.00777	0.00628	0.00191	0.00623	0.00675	0.00566	0.00900
2	0.01393	0.01180	0.01336	0.01393	0.12542	0.07486	0.00926	0.12134	0.05772	0.04982	0.19562	0.05264	0.14492	0.00955	0.00631	0.00179	0.00513	0.00807	0.00520	0.07931
3	0.00985	0.00901	0.01002	0.00919	0.01097	0.06322	0.03931	0.01237	0.04989	0.01764	0.17772	0.09565	0.31490	0.08502	0.01009	0.00240	0.06143	0.01054	0.00512	0.00566
4	0.05939	0.01261	0.02051	0.02898	0.53882	0.01256	0.04077	0.01669	0.01345	0.01960	0.05754	0.02132	0.07620	0.04744	0.00732	0.00204	0.00645	0.00642	0.00349	0.00840
5	0.01796	0.06157	0.01712	0.07507	0.06774	0.36588	0.01175	0.08943	0.03806	0.01799	0.01585	0.01997	0.06510	0.00791	0.00665	0.00181	0.05193	0.05717	0.00374	0.00729

[dist]
# distance from previous block
# <min> <max>
0	59

[block]
# block no. 7 follows, 38 sequences, length 71
# corresponding to MSA columns:
# 2410-2480
name=unknown_H
#
# <colnr> <probs for GDERKNQSTAVLIFYWHMCP>
#	G	D	E	R	K	N	Q	S	T	A	V	L	I	F	Y	W	H	M	C	P
0	0.08185	0.04532	0.05725	0.11002	0.15250	0.15966	0.02394	0.06100	0.01433	0.05159	0.01488	0.07791	0.03524	0.00989	0.05678	0.00234	0.00788	0.00604	0.00370	0.02789
1	0.07861	0.03867	0.05723	0.02882	0.01520	0.10557	0.02709	0.12689	0.05073	0.06373	0.06566	0.09779	0.04499	0.08727	0.02070	0.00237	0.00631	0.02591	0.00465	0.05183
2	0.04570	0.01768	0.02753	0.04231	0.02981	0.22445	0.01077	0.27316	0.05744	0.05055	0.06628	0.01764	0.02634	0.01057	0.07066	0.00244	0.00817	0.00559	0.00474	0.00817
3	0.01254	0.07367	0.01392	0.03219	0.14870	0.07292	0.00920	0.03653	0.01423	0.05793	0.09254	0.11278	0.21282	0.05810	0.00789	0.00215	0.00533	0.02519	0.00467	0.00671
4	0.00870	0.00746	0.00771	0.00788	0.00933	0.05153	0.00569	0.01071	0.03586	0.01691	0.13784	0.24355	0.32087	0.05603	0.04968	0.00270	0.00452	0.01237	0.00536	0.00530
5	0.01276	0.01028	0.01195	0.00882	0.01374	0.00798	0.00703	0.01574	0.03544	0.05688	0.01680	0.01772	0.08330	0.00580	0.00485	0.00109	0.00436	0.00470	0.00404	0.67671
6	0.04971	0.01363	0.01530	0.01212	0.01648	0.01446	0.00990	0.35859	0.13771	0.24556	0.01879	0.01767	0.01299	0.00737	0.00589	0.00184	0.00565	0.00576	0.04078	0.00980
7	0.05511	0.00866	0.00925	0.00874	0.00960	0.05390	0.00613	0.03012	0.01071	0.01480	0.04464	0.04841	0.07098	0.40365	0.11897	0.00495	0.08473	0.00795	0.00381	0.00490
8	0.00743	0.00552	0.00696	0.00806	0.00883	0.00505	0.00562	0.00868	0.01212	0.01570	0.03892	0.58859	0.18840	0.01795	0.00760	0.00238	0.00352	0.05813	0.00558	0.00497
9	0.01888	0.01404	0.01511	0.01220	0.01623	0.01534	0.00987	0.44056	0.17588	0.05932	0.05300	0.02282	0.10228	0.00860	0.00622	0.00189	0.00559	0.00683	0.00607	0.00928
10	0.83108	0.01163	0.00884	0.00791	0.01163	0.01350	0.00651	0.01768	0.01024	0.02699	0.00838	0.00977	0.00651	0.00558	0.00372	0.00186	0.00465	0.00326	0.00372	0.00651
11	0.00743	0.00596	0.00659	0.00690	0.00846	0.00520	0.00506	0.00896	0.01334	0.01653	0.09905	0.19873	0.50278	0.04294	0.00810	0.00227	0.00334	0.04769	0.00559	0.00505
12	0.01759	0.01874	0.01833	0.07328	0.22825	0.28458	0.01335	0.07177	0.13064	0.01941	0.01312	0.01517	0.01054	0.00853	0.04879	0.00220	0.00863	0.00512	0.00372	0.00822
13	0.00739	0.00593	0.00661	0.00681	0.00840	0.00514	0.00497	0.00905	0.01383	0.01741	0.17270	0.20443	0.48526	0.01547	0.00722	0.00209	0.00310	0.01329	0.00576	0.00514
14	0.01381	0.01319	0.02247	0.26259	0.53383	0.01401	0.01792	0.01752	0.01319	0.01834	0.01112	0.01524	0.00907	0.00556	0.00597	0.00185	0.00741	0.00536	0.00288	0.00866
15	0.00777	0.00572	0.00722	0.00776	0.00872	0.00524	0.00548	0.00946	0.01355	0.01818	0.26055	0.39509	0.15789	0.04225	0.00820	0.00233	0.00334	0.03028	0.00584	0.00514
16	0.14345	0.01118	0.01367	0.01065	0.01518	0.01062	0.00879	0.10617	0.01744	0.56904	0.02046	0.01824	0.01315	0.00715	0.00571	0.00186	0.00522	0.00557	0.00674	0.00970
17	0.83108	0.01163	0.00884	0.00791	0.01163	0.01350	0.00651	0.01768	0.01024	0.02699	0.00838	0.00977	0.00651	0.00558	0.00372	0.00186	0.00465	0.00326	0.00372	0.00651
18	0.01136	0.01069	0.01804	0.77412	0.04143	0.01337	0.01671	0.01537	0.01203	0.01537	0.01069	0.01604	0.00802	0.00601	0.00601	0.00200	0.00802	0.00535	0.00267	0.00668
19	0.00798	0.00583	0.00757	0.00830	0.00920	0.00535	0.00583	0.00949	0.01258	0.01707	0.14747	0.52938	0.06464	0.04283	0.00820	0.00239	0.00363	0.05688	0.00557	0.04980
20	0.01010	0.00750	0.00949	0.03395	0.01195	0.00754	0.00757	0.07834	0.04253	0.01898	0.07139	0.35309	0.05180	0.05743	0.00866	0.00252	0.00459	0.18357	0.00543	0.03357
21	0.01435	0.01268	0.01674	0.12499	0.19716	0.01420	0.01272	0.04944	0.39018	0.02234	0.01912	0.02136	0.01509	0.00836	0.02378	0.00217	0.00616	0.03549	0.00478	0.00889
22	0.05506	0.01875	0.20959	0.03811	0.05130	0.01494	0.33804	0.03444	0.01306	0.01914	0.01122	0.01482	0.00870	0.00759	0.03726	0.00235	0.10885	0.00584	0.00296	0.00799
23	0.01464	0.01296	0.01969	0.29031	0.32060	0.03923	0.01547	0.04284	0.01381	0.06311	0.01182	0.01520	0.00921	0.00571	0.00579	0.00176	0.00713	0.00514	0.00332	0.10225
24	0.00964	0.00728	0.00819	0.00765	0.00977	0.00676	0.00589	0.08267	0.01614	0.03722	0.25128	0.07465	0.40936	0.01358	0.00703	0.00200	0.00349	0.03552	0.00597	0.00589
25	0.01092	0.00907	0.01266	0.08760	0.04116	0.00902	0.06873	0.10198	0.01667	0.02225	0.30628	0.03828	0.22941	0.01098	0.00682	0.00194	0.00466	0.00962	0.00544	0.00652
26	0.01373	0.01065	0.01353	0.03464	0.08012	0.00865	0.00848	0.01650	0.01333	0.08839	0.06354	0.01581	0.01284	0.00541	0.00497	0.00116	0.00475	0.00452	0.00406	0.59490
27	0.01243	0.01219	0.01871	0.64449	0.12065	0.05891	0.01660	0.01624	0.01252	0.01582	0.01068	0.01559	0.00817	0.00595	0.00597	0.00195	0.00809	0.00526	0.00273	0.00702
28	0.01207	0.01125	0.01929	0.13814	0.25399	0.01157	0.12292	0.01534	0.01350	0.01858	0.12824	0.02718	0.04230	0.07145	0.00897	0.00231	0.03131	0.06050	0.00382	0.00727
29	0.01517	0.01324	0.01539	0.01608	0.12883	0.01496	0.01095	0.04885	0.60914	0.02466	0.02219	0.02107	0.01678	0.00771	0.00609	0.00200	0.00518	0.00654	0.00563	0.00954
30	0.01168	0.00832	0.01005	0.00887	0.01106	0.00830	0.00686	0.12139	0.06411	0.05128	0.54882	0.03844	0.06436	0.01119	0.00684	0.00189	0.00361	0.00968	0.00650	0.00674
31	0.01492	0.01420	0.02553	0.03285	0.56450	0.01395	0.15115	0.01865	0.01384	0.04524	0.01267	0.04190	0.01069	0.00584	0.00623	0.00186	0.00751	0.00612	0.00324	0.00913
32	0.01349	0.01168	0.01357	0.05563	0.12006	0.03771	0.00985	0.12276	0.20725	0.02200	0.03049	0.03158	0.22989	0.04261	0.00742	0.00212	0.00532	0.02373	0.00509	0.00774
33	0.01316	0.00921	0.01189	0.02837	0.03803	0.00941	0.03765	0.03010	0.14911	0.13117	0.08035	0.05311	0.18342	0.11248	0.05600	0.00297	0.03262	0.00865	0.00529	0.00702
34	0.01368	0.05890	0.06887	0.17884	0.06517	0.01520	0.37174	0.04479	0.01361	0.01842	0.01154	0.01561	0.00896	0.00727	0.03694	0.00229	0.05127	0.00609	0.00301	0.00780
35	0.01151	0.01070	0.01699	0.26388	0.28048	0.01154	0.01380	0.01461	0.01289	0.01717	0.03919	0.02587	0.17419	0.01011	0.04532	0.00234	0.03146	0.00716	0.00354	0.00723
36	0.83108	0.01163	0.00884	0.00791	0.01163	0.01350	0.00651	0.01768	0.01024	0.02699	0.00838	0.00977	0.00651	0.00558	0.00372	0.00186	0.00465	0.00326	0.00372	0.00651
37	0.05285	0.01456	0.01542	0.03529	0.01715	0.05565	0.01010	0.40013	0.06749	0.15741	0.03131	0.01948	0.05525	0.03198	0.00675	0.00196	0.00614	0.00606	0.00583	0.00918
38	0.01172	0.00836	0.00977	0.00935	0.01094	0.00863	0.00675	0.17156	0.03769	0.03235	0.04307	0.36804	0.05610	0.14562	0.03757	0.00306	0.00505	0.01173	0.01647	0.00616
39	0.02359	0.05612	0.01674	0.01341	0.05980	0.05858	0.01036	0.20544	0.06627	0.39791	0.01899	0.01757	0.01280	0.00711	0.00588	0.00180	0.00601	0.00561	0.00621	0.00981
40	0.01284	0.01311	0.04675	0.42554	0.15753	0.05734	0.01517	0.02935	0.07232	0.01753	0.01575	0.01904	0.06577	0.00677	0.00602	0.00192	0.00734	0.00588	0.00332	0.02070
41	0.31018	0.04645	0.01519	0.03745	0.04129	0.06996	0.05282	0.14971	0.11055	0.04762	0.01388	0.05575	0.01127	0.00700	0.00523	0.00187	0.00603	0.00537	0.00447	0.00790
42	0.01634	0.01679	0.02162	0.05451	0.47873	0.15497	0.01605	0.04269	0.05731	0.01918	0.01159	0.01450	0.00959	0.00608	0.00670	0.00182	0.05433	0.00516	0.00325	0.00880
43	0.01455	0.00980	0.01120	0.05444	0.01390	0.03856	0.00785	0.10698	0.06273	0.16071	0.20316	0.06596	0.20380	0.01086	0.00660	0.00193	0.00457	0.00912	0.00600	0.00729
44	0.01890	0.14173	0.01878	0.01479	0.05712	0.40320	0.02979	0.02273	0.10861	0.04731	0.01582	0.01649	0.06588	0.00695	0.00550	0.00165	0.00833	0.00508	0.00377	0.00758
45	0.00856	0.00619	0.00758	0.00787	0.00865	0.00617	0.00542	0.02823	0.01113	0.01467	0.02904	0.21403	0.14065	0.30006	0.14202	0.00481	0.00656	0.04916	0.00450	0.00473
46	0.01057	0.00849	0.01023	0.01072	0.07412	0.00834	0.00733	0.08989	0.07922	0.02178	0.23867	0.10390	0.28868	0.01239	0.00685	0.00198	0.00391	0.01063	0.00574	0.00655
47	0.01639	0.34389	0.21069	0.01316	0.01885	0.08215	0.01350	0.11590	0.09600	0.01986	0.01167	0.01259	0.00922	0.00599	0.00500	0.00162	0.00727	0.00428	0.00347	0.00849
48	0.01363	0.01179	0.01334	0.05517	0.10654	0.06829	0.00948	0.13172	0.12667	0.02195	0.13102	0.06894	0.10313	0.10073	0.00923	0.00237	0.00558	0.00814	0.00499	0.00728
49	0.07271	0.01399	0.01523	0.01195	0.01646	0.07604	0.00977	0.25236	0.02033	0.42060	0.01864	0.01710	0.01231	0.00716	0.00585	0.00182	0.00605	0.00550	0.00640	0.00974
50	0.01287	0.01201	0.01806	0.49874	0.05133	0.03447	0.05691	0.04813	0.12638	0.01829	0.01421	0.01964	0.01127	0.00691	0.00620	0.00203	0.00750	0.04413	0.00355	0.00737
51	0.00863	0.00592	0.00724	0.00737	0.00786	0.00608	0.00482	0.00949	0.00974	0.01345	0.02214	0.10487	0.06473	0.45078	0.19774	0.00593	0.00768	0.00903	0.05210	0.00437
52	0.01536	0.03454	0.01420	0.01207	0.01554	0.01503	0.00950	0.09532	0.61290	0.02598	0.06409	0.02262	0.01949	0.00822	0.00610	0.00199	0.00487	0.00680	0.00604	0.00932
53	0.07495	0.06226	0.01806	0.01516	0.04836	0.32204	0.04761	0.12498	0.07016	0.06489	0.01269	0.03391	0.01025	0.00702	0.00657	0.00178	0.06230	0.00504	0.00405	0.00792
54	0.01426	0.01354	0.02285	0.03418	0.68297	0.01348	0.01725	0.01772	0.01389	0.01981	0.05638	0.01807	0.03652	0.00609	0.00606	0.00180	0.00676	0.00593	0.00328	0.00916
55	0.02206	0.02781	0.01686	0.01532	0.01844	0.72352	0.01151	0.02446	0.05652	0.01529	0.01013	0.01148	0.00833	0.00631	0.00546	0.00158	0.01052	0.00403	0.00326	0.00711
56	0.01410	0.01349	0.02300	0.20147	0.59267	0.01409	0.01807	0.01777	0.01333	0.01870	0.01118	0.01515	0.00919	0.00551	0.00597	0.00184	0.00734	0.00536	0.00291	0.00889
57	0.01236	0.01171	0.01985	0.56541	0.24234	0.01363	0.01720	0.01625	0.01250	0.01658	0.01087	0.01571	0.00845	0.00583	0.00600	0.00194	0.00777	0.00535	0.00276	0.00749
58	0.83108	0.01163	0.00884	0.00791	0.01163	0.01350	0.00651	0.01768	0.01024	0.02699	0.00838	0.00977	0.00651	0.00558	0.00372	0.00186	0.00465	0.00326	0.00372	0.00651
59	0.02282	0.01093	0.01359	0.01077	0.01498	0.01038	0.00878	0.12927	0.08531	0.49047	0.04793	0.02410	0.08594	0.00837	0.00618	0.00189	0.00504	0.00681	0.00691	0.00954
60	0.00865	0.00585	0.00685	0.00693	0.00704	0.00592	0.00408	0.00889	0.00899	0.01207	0.01955	0.08200	0.02236	0.68094	0.09074	0.00595	0.00655	0.00905	0.00372	0.00386
61	0.02021	0.01601	0.01594	0.01290	0.01698	0.07813	0.01040	0.46961	0.16472	0.03207	0.01646	0.01645	0.01210	0.00730	0.00582	0.00179	0.00625	0.00558	0.08189	0.00939
62	0.00765	0.00609	0.00670	0.00662	0.00822	0.00543	0.00481	0.00923	0.01337	0.01683	0.16799	0.05120	0.49205	0.11876	0.05606	0.00297	0.00417	0.01149	0.00536	0.00501
63	0.01532	0.01327	0.01577	0.04401	0.04832	0.01500	0.05271	0.09291	0.55769	0.02514	0.02195	0.03780	0.01679	0.00793	0.00619	0.00202	0.00545	0.00681	0.00565	0.00929
64	0.00864	0.00626	0.00759	0.00719	0.00891	0.00558	0.00542	0.01104	0.01595	0.04488	0.50007	0.04839	0.28173	0.01310	0.00707	0.00194	0.00298	0.01132	0.00631	0.00563
65	0.01575	0.04091	0.03409	0.08186	0.17175	0.04029	0.01211	0.17266	0.18530	0.02272	0.01524	0.03591	0.01232	0.00901	0.00841	0.11699	0.00634	0.00583	0.00433	0.00819
66	0.01517	0.01148	0.01235	0.01055	0.01381	0.01216	0.00833	0.28028	0.16396	0.05070	0.03267	0.10174	0.23957	0.01095	0.00653	0.00198	0.00482	0.00903	0.00591	0.00802
67	0.52636	0.01360	0.01231	0.01015	0.01428	0.01544	0.00837	0.28662	0.01704	0.03111	0.01066	0.01153	0.00792	0.00620	0.00459	0.00184	0.00539	0.00407	0.00459	0.00792
68	0.01361	0.01469	0.02621	0.02008	0.02331	0.04163	0.37285	0.01685	0.01209	0.01691	0.01130	0.04121	0.00989	0.00937	0.04389	0.00258	0.30670	0.00659	0.00298	0.00726
69	0.04711	0.01637	0.01540	0.11714	0.14444	0.26549	0.01152	0.01777	0.03945	0.01662	0.01946	0.07405	0.11341	0.04133	0.00749	0.00203	0.03356	0.00679	0.00368	0.00689
70	0.01023	0.00695	0.00826	0.00859	0.03760	0.00681	0.00550	0.05288	0.01196	0.04653	0.02770	0.15460	0.14255	0.36347	0.03806	0.00395	0.00517	0.01001	0.05404	0.00514

[dist]
# distance from previous block
# <min> <max>
0	14

# created by:
# /share/home/app/bin/augustus-3.3.1/scripts/msa2prfl.pl /dev/shm/tmp/mt-Fungi/msas/rps3-20.aln --setname=rps3-20
