[name]
atp8

[dist]
# distance from previous block
# <min> <max>
0	55

[block]
# block no. 0 follows, 99 sequences, length 58
# corresponding to MSA columns:
# 55-112
name=unknown_A
#
# <colnr> <probs for GDERKNQSTAVLIFYWHMCP>
#	G	D	E	R	K	N	Q	S	T	A	V	L	I	F	Y	W	H	M	C	P
0	0.00472	0.00337	0.00472	0.00540	0.00607	0.00337	0.00472	0.00607	0.00675	0.00877	0.01552	0.03307	0.01687	0.00810	0.00405	0.00135	0.00270	0.85893	0.00270	0.00270
1	0.00608	0.00521	0.00608	0.00434	0.00695	0.00391	0.00347	0.00738	0.00608	0.00955	0.00521	0.00608	0.00434	0.00217	0.00217	0.00043	0.00217	0.00174	0.00174	0.91488
2	0.00692	0.00791	0.01730	0.01236	0.01532	0.00741	0.86802	0.00939	0.00692	0.00939	0.00593	0.00791	0.00445	0.00247	0.00346	0.00099	0.00494	0.00346	0.00148	0.00395
3	0.00357	0.00255	0.00340	0.00408	0.00425	0.00238	0.00272	0.00408	0.00561	0.00748	0.01616	0.89504	0.01939	0.00919	0.00374	0.00119	0.00170	0.00834	0.00272	0.00238
4	0.00784	0.89872	0.01536	0.00502	0.00753	0.01160	0.00502	0.00878	0.00596	0.00690	0.00408	0.00470	0.00376	0.00251	0.00188	0.00063	0.00314	0.00157	0.00125	0.00376
5	0.00716	0.00695	0.01208	0.01665	0.74412	0.00683	0.09154	0.00894	0.00666	0.00956	0.00554	0.00725	0.00461	0.00257	0.00291	0.00086	0.00355	0.00264	0.00147	0.05811
6	0.00418	0.00281	0.00322	0.00330	0.00332	0.00279	0.00189	0.00424	0.00442	0.00589	0.01004	0.12045	0.01167	0.79432	0.01363	0.00265	0.00271	0.00473	0.00189	0.00185
7	0.00729	0.00630	0.00663	0.00597	0.00762	0.00729	0.00464	0.01558	0.87337	0.01227	0.01193	0.01094	0.00895	0.00398	0.00298	0.00099	0.00232	0.00331	0.00298	0.00464
8	0.00419	0.00314	0.00471	0.00471	0.00524	0.00367	0.00367	0.00524	0.00471	0.00681	0.00785	0.01152	0.00733	0.02199	0.88534	0.00471	0.00785	0.00314	0.00157	0.00262
9	0.00424	0.00283	0.00320	0.00323	0.00323	0.00283	0.00181	0.00426	0.00431	0.00574	0.00947	0.04822	0.01095	0.86753	0.01455	0.00279	0.00280	0.00440	0.00181	0.00180
10	0.00822	0.00676	0.00715	0.00615	0.00798	0.00773	0.00487	0.22086	0.66658	0.01376	0.01076	0.01000	0.00800	0.00387	0.00297	0.00097	0.00254	0.00315	0.00297	0.00472
11	0.00692	0.00791	0.01730	0.01236	0.01532	0.00741	0.86802	0.00939	0.00692	0.00939	0.00593	0.00791	0.00445	0.00247	0.00346	0.00099	0.00494	0.00346	0.00148	0.00395
12	0.00426	0.00284	0.00320	0.00320	0.00320	0.00284	0.00178	0.00426	0.00426	0.00569	0.00924	0.01919	0.01066	0.89696	0.01492	0.00284	0.00284	0.00426	0.00178	0.00178
13	0.00426	0.00285	0.00324	0.00323	0.00327	0.00284	0.00183	0.00434	0.00450	0.00604	0.06028	0.01935	0.01166	0.84456	0.01425	0.00273	0.00276	0.00432	0.00186	0.00183
14	0.00509	0.00255	0.00382	0.00382	0.00382	0.00255	0.00255	0.00382	0.00382	0.00509	0.00509	0.00891	0.00509	0.01019	0.01146	0.91469	0.00255	0.00255	0.00127	0.00127
15	0.00761	0.00557	0.00628	0.00550	0.00684	0.00596	0.00424	0.46565	0.00998	0.01335	0.01129	0.42110	0.01170	0.00616	0.00331	0.00102	0.00252	0.00530	0.00283	0.00377
16	0.00547	0.00273	0.00273	0.00273	0.00342	0.00273	0.00205	0.00683	0.00615	0.01093	0.00956	0.01093	0.00752	0.00342	0.00205	0.00068	0.00137	0.00273	0.91323	0.00273
17	0.00357	0.00255	0.00340	0.00408	0.00425	0.00238	0.00272	0.00408	0.00561	0.00748	0.01616	0.89504	0.01939	0.00919	0.00374	0.00119	0.00170	0.00834	0.00272	0.00238
18	0.00436	0.00292	0.00329	0.00327	0.00332	0.00294	0.00186	0.01839	0.00445	0.00593	0.00935	0.03719	0.01075	0.86391	0.01450	0.00278	0.00283	0.00432	0.00182	0.00184
19	0.00387	0.00267	0.00332	0.00371	0.00381	0.00258	0.00232	0.00416	0.00504	0.00672	0.01323	0.52371	0.01569	0.38557	0.00848	0.00189	0.00219	0.00661	0.00232	0.00213
20	0.00427	0.00282	0.00319	0.00323	0.00326	0.00282	0.00183	0.00433	0.00439	0.00594	0.00960	0.06282	0.01100	0.82484	0.01397	0.00269	0.00274	0.00442	0.03001	0.00184
21	0.00686	0.00575	0.00612	0.00557	0.00710	0.00651	0.00431	0.01387	0.72682	0.03015	0.01375	0.06445	0.08673	0.00458	0.00307	0.00100	0.00221	0.00386	0.00296	0.00432
22	0.00426	0.00284	0.00320	0.00320	0.00320	0.00284	0.00178	0.00426	0.00426	0.00569	0.00924	0.01919	0.01066	0.89696	0.01492	0.00284	0.00284	0.00426	0.00178	0.00178
23	0.00419	0.00314	0.00471	0.00471	0.00524	0.00367	0.00367	0.00524	0.00471	0.00681	0.00785	0.01152	0.00733	0.02199	0.88534	0.00471	0.00785	0.00314	0.00157	0.00262
24	0.00349	0.00298	0.00300	0.00302	0.00400	0.00249	0.00228	0.00424	0.00668	0.00794	0.02942	0.02831	0.86044	0.00744	0.00348	0.00100	0.00151	0.02307	0.00272	0.00248
25	0.00733	0.00466	0.00590	0.00514	0.05743	0.00388	0.00367	0.00835	0.00639	0.21831	0.00875	0.08531	0.02452	0.12928	0.00436	0.00099	0.00237	0.00309	0.00228	0.41800
26	0.00347	0.00297	0.00297	0.00297	0.00396	0.00248	0.00223	0.00421	0.00668	0.00792	0.02970	0.02822	0.87748	0.00743	0.00347	0.00099	0.00149	0.00619	0.00272	0.00248
27	0.00541	0.00273	0.00281	0.00281	0.00343	0.00273	0.00207	0.00658	0.00595	0.01043	0.00929	0.01107	0.00747	0.03144	0.00300	0.05450	0.00148	0.00277	0.83142	0.00262
28	0.01095	0.01397	0.00831	0.00755	0.00906	0.88519	0.00567	0.01171	0.00831	0.00718	0.00453	0.00529	0.00378	0.00302	0.00264	0.00076	0.00529	0.00189	0.00151	0.00340
29	0.00802	0.84669	0.01495	0.00517	0.00762	0.06297	0.00506	0.00895	0.00610	0.00691	0.00410	0.00474	0.00376	0.00254	0.00193	0.00063	0.00326	0.00159	0.00127	0.00374
30	0.78252	0.00560	0.00497	0.13514	0.00782	0.00657	0.00391	0.00845	0.00512	0.01232	0.00425	0.00522	0.00328	0.00275	0.00198	0.00092	0.00251	0.00174	0.00174	0.00319
31	0.00797	0.83311	0.01479	0.00516	0.00758	0.06285	0.00503	0.00890	0.00608	0.00691	0.00416	0.00484	0.00382	0.00283	0.01532	0.00070	0.00333	0.00161	0.00127	0.00372
32	0.91767	0.00567	0.00431	0.00386	0.00567	0.00658	0.00318	0.00862	0.00499	0.01316	0.00408	0.00476	0.00318	0.00272	0.00181	0.00091	0.00227	0.00159	0.00181	0.00318
33	0.00408	0.00296	0.00385	0.00370	0.00436	0.00272	0.00275	0.00537	0.00802	0.01128	0.77844	0.09905	0.04978	0.00631	0.00348	0.00095	0.00141	0.00559	0.00317	0.00272
34	0.00357	0.00255	0.00340	0.00408	0.00425	0.00238	0.00272	0.00408	0.00561	0.00748	0.01616	0.89504	0.01939	0.00919	0.00374	0.00119	0.00170	0.00834	0.00272	0.00238
35	0.91767	0.00567	0.00431	0.00386	0.00567	0.00658	0.00318	0.00862	0.00499	0.01316	0.00408	0.00476	0.00318	0.00272	0.00181	0.00091	0.00227	0.00159	0.00181	0.00318
36	0.00347	0.00297	0.00297	0.00297	0.00396	0.00248	0.00223	0.00421	0.00668	0.00792	0.02970	0.02822	0.87748	0.00743	0.00347	0.00099	0.00149	0.00619	0.00272	0.00248
37	0.01115	0.00821	0.00880	0.00675	0.00909	0.00909	0.00557	0.86889	0.01379	0.01848	0.00704	0.00704	0.00499	0.00352	0.00293	0.00088	0.00323	0.00264	0.00293	0.00499
38	0.00554	0.00521	0.00879	0.88991	0.02019	0.00651	0.00814	0.00749	0.00586	0.00749	0.00521	0.00782	0.00391	0.00293	0.00293	0.00098	0.00391	0.00261	0.00130	0.00326
39	0.00347	0.00297	0.00297	0.00297	0.00396	0.00248	0.00223	0.00421	0.00668	0.00792	0.02970	0.02822	0.87748	0.00743	0.00347	0.00099	0.00149	0.00619	0.00272	0.00248
40	0.00361	0.00261	0.00352	0.02307	0.00459	0.00247	0.00284	0.00416	0.00562	0.00748	0.01593	0.87602	0.01906	0.00905	0.00373	0.00119	0.00175	0.00821	0.00269	0.00240
41	0.00726	0.00697	0.01190	0.01800	0.87867	0.00697	0.00900	0.00900	0.00668	0.00958	0.00552	0.00726	0.00464	0.00261	0.00290	0.00087	0.00348	0.00261	0.00145	0.00464
42	0.00357	0.00255	0.00340	0.00408	0.00425	0.00238	0.00272	0.00408	0.00561	0.00748	0.01616	0.89504	0.01939	0.00919	0.00374	0.00119	0.00170	0.00834	0.00272	0.00238
43	0.00554	0.00521	0.00879	0.88991	0.02019	0.00651	0.00814	0.00749	0.00586	0.00749	0.00521	0.00782	0.00391	0.00293	0.00293	0.00098	0.00391	0.00261	0.00130	0.00326
44	0.01087	0.01382	0.00839	0.00778	0.02764	0.86642	0.00574	0.01165	0.00827	0.00723	0.00455	0.00533	0.00380	0.00301	0.00265	0.00076	0.00525	0.00190	0.00151	0.00343
45	0.00693	0.00789	0.01722	0.01245	0.02902	0.00741	0.85439	0.00939	0.00692	0.00939	0.00593	0.00790	0.00445	0.00247	0.00345	0.00099	0.00492	0.00345	0.00148	0.00397
46	0.00357	0.00255	0.00340	0.00408	0.00425	0.00238	0.00272	0.00408	0.00561	0.00748	0.01616	0.89504	0.01939	0.00919	0.00374	0.00119	0.00170	0.00834	0.00272	0.00238
47	0.00385	0.00277	0.00365	0.00389	0.00432	0.00257	0.00274	0.00479	0.00692	0.00957	0.43631	0.46895	0.02343	0.00763	0.00360	0.00106	0.00155	0.00686	0.00297	0.00257
48	0.01115	0.00821	0.00880	0.00675	0.00909	0.00909	0.00557	0.86889	0.01379	0.01848	0.00704	0.00704	0.00499	0.00352	0.00293	0.00088	0.00323	0.00264	0.00293	0.00499
49	0.00711	0.01665	0.00939	0.01871	0.00848	0.14061	0.05686	0.00790	0.00524	0.00721	0.00413	0.00638	0.00391	0.00478	0.01698	0.00121	0.67732	0.00251	0.00133	0.00328
50	0.00564	0.00540	0.00940	0.82734	0.01985	0.00658	0.06945	0.00763	0.00594	0.00763	0.00526	0.00782	0.00395	0.00290	0.00297	0.00098	0.00398	0.00267	0.00132	0.00331
51	0.65937	0.00748	0.17008	0.04069	0.00769	0.00666	0.00490	0.00908	0.05240	0.01215	0.00478	0.00549	0.00362	0.00281	0.00211	0.00092	0.00273	0.00183	0.00175	0.00348
52	0.00999	0.01211	0.00894	0.00958	0.18511	0.65588	0.00628	0.01139	0.05866	0.00796	0.00516	0.00602	0.00426	0.00299	0.00272	0.00079	0.00475	0.00212	0.00158	0.00372
53	0.00926	0.02932	0.00926	0.01036	0.26597	0.49173	0.00648	0.01117	0.10564	0.00845	0.00571	0.00661	0.00468	0.00334	0.01887	0.00089	0.00442	0.00228	0.00166	0.00390
54	0.00362	0.00308	0.00315	0.00314	0.00413	0.00267	0.00237	0.00461	0.03343	0.00803	0.02839	0.02728	0.81657	0.00773	0.02771	0.00110	0.00170	0.01605	0.00270	0.00255
55	0.00580	0.00562	0.01017	0.57560	0.01703	0.00650	0.18987	0.00756	0.00588	0.00773	0.00558	0.03222	0.00451	0.00356	0.00396	0.05464	0.05619	0.00294	0.00138	0.00326
56	0.01064	0.00802	0.00879	0.08659	0.01010	0.02103	0.00581	0.77911	0.01299	0.01733	0.00684	0.00709	0.00487	0.00346	0.00293	0.00089	0.00332	0.00263	0.00277	0.00481
57	0.00865	0.01025	0.06143	0.01281	0.45023	0.36391	0.00760	0.01007	0.00730	0.00858	0.00509	0.00636	0.00423	0.00278	0.00277	0.00082	0.00423	0.00227	0.00147	0.02915

[dist]
# distance from previous block
# <min> <max>
1	4

[block]
# block no. 1 follows, 99 sequences, length 31
# corresponding to MSA columns:
# 117-147
name=unknown_B
#
# <colnr> <probs for GDERKNQSTAVLIFYWHMCP>
#	G	D	E	R	K	N	Q	S	T	A	V	L	I	F	Y	W	H	M	C	P
0	0.00958	0.03387	0.00924	0.01014	0.24489	0.58666	0.00639	0.01058	0.00763	0.00776	0.00499	0.00641	0.00431	0.04146	0.00322	0.00087	0.00464	0.00218	0.00150	0.00368
1	0.04229	0.00763	0.00826	0.02721	0.00888	0.00843	0.00533	0.73932	0.01253	0.01713	0.00694	0.00724	0.00504	0.00424	0.04092	0.00103	0.00334	0.00260	0.02400	0.02764
2	0.00365	0.00261	0.00349	0.00417	0.00437	0.00245	0.00286	0.00422	0.00569	0.00757	0.01612	0.83755	0.01922	0.00911	0.00376	0.00120	0.00177	0.06507	0.00272	0.00240
3	0.00596	0.01461	0.81563	0.00866	0.01289	0.00686	0.07642	0.00929	0.00625	0.00929	0.00531	0.00632	0.00377	0.00276	0.00284	0.00093	0.00438	0.00227	0.00126	0.00430
4	0.00781	0.78508	0.08902	0.00539	0.00803	0.02816	0.00554	0.02914	0.00621	0.00738	0.00426	0.00490	0.00379	0.00257	0.00200	0.00066	0.00328	0.00165	0.00130	0.00383
5	0.00348	0.00291	0.00303	0.00313	0.00400	0.00246	0.00230	0.00419	0.00653	0.00786	0.02772	0.15517	0.75181	0.00768	0.00351	0.00102	0.00152	0.00650	0.00272	0.00246
6	0.00365	0.00258	0.00338	0.00399	0.00414	0.00243	0.00262	0.00410	0.00547	0.00729	0.01543	0.80222	0.01847	0.10327	0.00493	0.00137	0.00182	0.00790	0.00262	0.00232
7	0.00566	0.00533	0.00895	0.77277	0.10973	0.00644	0.00806	0.00755	0.00597	0.00772	0.00595	0.00835	0.02932	0.00303	0.00294	0.00097	0.00379	0.00271	0.00136	0.00338
8	0.00726	0.00697	0.01190	0.01800	0.87867	0.00697	0.00900	0.00900	0.00668	0.00958	0.00552	0.00726	0.00464	0.00261	0.00290	0.00087	0.00348	0.00261	0.00145	0.00464
9	0.91767	0.00567	0.00431	0.00386	0.00567	0.00658	0.00318	0.00862	0.00499	0.01316	0.00408	0.00476	0.00318	0.00272	0.00181	0.00091	0.00227	0.00159	0.00181	0.00318
10	0.00422	0.00282	0.00321	0.00325	0.00326	0.00281	0.00183	0.00425	0.00435	0.00579	0.00966	0.07216	0.01119	0.84326	0.01425	0.00274	0.00277	0.00451	0.00183	0.00181
11	0.03414	0.00814	0.00866	0.08211	0.00993	0.05094	0.00575	0.72091	0.01250	0.01671	0.00665	0.00695	0.00477	0.00345	0.00297	0.00089	0.01458	0.00257	0.00268	0.00469
12	0.00729	0.00630	0.00663	0.00597	0.00762	0.00729	0.00464	0.01558	0.87337	0.01227	0.01193	0.01094	0.00895	0.00398	0.00298	0.00099	0.00232	0.00331	0.00298	0.00464
13	0.91767	0.00567	0.00431	0.00386	0.00567	0.00658	0.00318	0.00862	0.00499	0.01316	0.00408	0.00476	0.00318	0.00272	0.00181	0.00091	0.00227	0.00159	0.00181	0.00318
14	0.00406	0.00293	0.00384	0.00375	0.00436	0.00271	0.00276	0.00531	0.00789	0.01110	0.74441	0.15649	0.02639	0.00649	0.00350	0.00096	0.00143	0.00577	0.00315	0.00271
15	0.01066	0.00774	0.00828	0.00640	0.00861	0.00855	0.00527	0.79531	0.01313	0.01783	0.00726	0.00737	0.00520	0.00351	0.00286	0.00086	0.00307	0.00265	0.08063	0.00479
16	0.00419	0.00314	0.00471	0.00471	0.00524	0.00367	0.00367	0.00524	0.00471	0.00681	0.00785	0.01152	0.00733	0.02199	0.88534	0.00471	0.00785	0.00314	0.00157	0.00262
17	0.00468	0.00334	0.00467	0.00535	0.00600	0.00334	0.00465	0.00600	0.00671	0.00872	0.01555	0.06623	0.01697	0.00814	0.00404	0.00134	0.00266	0.82621	0.00270	0.00269
18	0.00453	0.08703	0.00571	0.00474	0.00545	0.00441	0.00379	0.00557	0.00483	0.00682	0.00750	0.01088	0.00700	0.02017	0.80258	0.00433	0.00741	0.00299	0.00154	0.00273
19	0.01134	0.00790	0.00860	0.00660	0.00894	0.00862	0.00545	0.78518	0.01326	0.10293	0.00748	0.00733	0.00521	0.00353	0.00293	0.00088	0.00315	0.00267	0.00300	0.00499
20	0.01032	0.00780	0.00833	0.00658	0.00878	0.00871	0.00537	0.68615	0.19787	0.01715	0.00809	0.00787	0.00584	0.00362	0.00294	0.00090	0.00303	0.00278	0.00294	0.00491
21	0.00360	0.00256	0.00340	0.00405	0.00422	0.00240	0.00269	0.00409	0.00557	0.00742	0.01593	0.86561	0.01910	0.03902	0.00412	0.00125	0.00174	0.00820	0.00269	0.00236
22	0.00433	0.00297	0.00350	0.00373	0.03267	0.00296	0.00206	0.00442	0.00440	0.00589	0.00941	0.05657	0.01083	0.82860	0.01404	0.00271	0.00281	0.00438	0.00181	0.00190
23	0.00633	0.01457	0.80725	0.00822	0.01238	0.00700	0.01038	0.08266	0.00684	0.01007	0.00541	0.00626	0.00382	0.00285	0.00280	0.00092	0.00424	0.00221	0.00138	0.00439
24	0.00415	0.00300	0.00392	0.00369	0.00438	0.00277	0.00277	0.00553	0.00830	0.01176	0.87712	0.02190	0.02767	0.00599	0.00346	0.00092	0.00138	0.00530	0.00323	0.00277
25	0.01115	0.00821	0.00880	0.00675	0.00909	0.00909	0.00557	0.86889	0.01379	0.01848	0.00704	0.00704	0.00499	0.00352	0.00293	0.00088	0.00323	0.00264	0.00293	0.00499
26	0.00685	0.00848	0.09081	0.01231	0.06026	0.00734	0.74991	0.00936	0.00685	0.00939	0.00585	0.00773	0.00440	0.00251	0.00337	0.00098	0.00481	0.00331	0.00146	0.00402
27	0.00509	0.00255	0.00382	0.00382	0.00382	0.00255	0.00255	0.00382	0.00382	0.00509	0.00509	0.00891	0.00509	0.01019	0.01146	0.91469	0.00255	0.00255	0.00127	0.00127
28	0.00595	0.00320	0.00325	0.00308	0.00390	0.00328	0.00235	0.08041	0.00680	0.01158	0.00935	0.01060	0.00730	0.00342	0.00213	0.00070	0.00153	0.00272	0.83553	0.00293
29	0.00887	0.01009	0.01051	0.01320	0.46536	0.39376	0.03770	0.01021	0.00740	0.00851	0.00510	0.00641	0.00426	0.00279	0.00281	0.00082	0.00433	0.00232	0.00148	0.00407
30	0.04488	0.00509	0.00676	0.00520	0.00746	0.00450	0.00430	0.03341	0.00839	0.83073	0.01120	0.00973	0.00706	0.00359	0.00291	0.00091	0.00250	0.00289	0.00355	0.00493

[dist]
# distance from previous block
# <min> <max>
0	4

[block]
# block no. 2 follows, 99 sequences, length 6
# corresponding to MSA columns:
# 152-157
name=unknown_C
#
# <colnr> <probs for GDERKNQSTAVLIFYWHMCP>
#	G	D	E	R	K	N	Q	S	T	A	V	L	I	F	Y	W	H	M	C	P
0	0.00480	0.00312	0.00405	0.00375	0.00448	0.00288	0.00277	0.00603	0.00789	0.07316	0.72586	0.02077	0.02446	0.09768	0.00460	0.00112	0.00161	0.00503	0.00311	0.00282
1	0.00767	0.68584	0.17274	0.00577	0.00856	0.06204	0.00611	0.00904	0.00614	0.00735	0.00432	0.00501	0.00375	0.00259	0.00209	0.00069	0.00348	0.00170	0.00127	0.00385
2	0.00368	0.00260	0.00337	0.00395	0.00410	0.00245	0.00258	0.00411	0.00541	0.00722	0.01513	0.76418	0.01809	0.14183	0.00541	0.00144	0.00187	0.00773	0.00258	0.00229
3	0.00487	0.00380	0.00531	0.00670	0.16372	0.00376	0.00395	0.06740	0.00623	0.00844	0.01272	0.56211	0.01460	0.11621	0.00490	0.00131	0.00228	0.00638	0.00239	0.00291
4	0.66522	0.00613	0.05682	0.19732	0.00925	0.00658	0.00471	0.00841	0.00525	0.01169	0.00440	0.00551	0.00337	0.00277	0.00212	0.00092	0.00275	0.00184	0.00167	0.00326
5	0.00722	0.00887	0.17011	0.01563	0.66987	0.05852	0.00914	0.00921	0.00668	0.00938	0.00541	0.00695	0.00442	0.00267	0.00287	0.00087	0.00374	0.00249	0.00142	0.00451

[dist]
# distance from previous block
# <min> <max>
3	8

[block]
# block no. 3 follows, 99 sequences, length 23
# corresponding to MSA columns:
# 167-189
name=unknown_D
#
# <colnr> <probs for GDERKNQSTAVLIFYWHMCP>
#	G	D	E	R	K	N	Q	S	T	A	V	L	I	F	Y	W	H	M	C	P
0	0.00389	0.00271	0.00359	0.00397	0.00416	0.00270	0.00266	0.00430	0.00508	0.00687	0.01276	0.51411	0.01483	0.21303	0.15188	0.03962	0.00301	0.00632	0.00226	0.00224
1	0.00367	0.00287	0.00309	0.00320	0.00383	0.00255	0.00220	0.00420	0.00594	0.00732	0.02276	0.16095	0.53906	0.21798	0.00622	0.00146	0.00184	0.00607	0.00250	0.00230
2	0.01021	0.00731	0.00780	0.00608	0.00816	0.00804	0.00499	0.72683	0.01253	0.01723	0.00746	0.00768	0.00540	0.00350	0.00279	0.00085	0.00292	0.00266	0.15294	0.00461
3	0.00648	0.00379	0.00391	0.00354	0.00454	0.00398	0.00275	0.14928	0.04606	0.01223	0.00925	0.01029	0.00716	0.00346	0.00224	0.00073	0.00172	0.00274	0.72265	0.00319
4	0.00426	0.00284	0.00320	0.00320	0.00320	0.00284	0.00178	0.00426	0.00426	0.00569	0.00924	0.01919	0.01066	0.89696	0.01492	0.00284	0.00284	0.00426	0.00178	0.00178
5	0.91767	0.00567	0.00431	0.00386	0.00567	0.00658	0.00318	0.00862	0.00499	0.01316	0.00408	0.00476	0.00318	0.00272	0.00181	0.00091	0.00227	0.00159	0.00181	0.00318
6	0.00588	0.01517	0.88176	0.00836	0.01269	0.00681	0.01083	0.00929	0.00619	0.00929	0.00526	0.00619	0.00371	0.00279	0.00279	0.00093	0.00433	0.00217	0.00124	0.00433
7	0.00369	0.00299	0.00331	0.00350	0.00434	0.00261	0.00270	0.00450	0.00657	0.00801	0.02579	0.12974	0.63595	0.00774	0.00359	0.00107	0.00171	0.14696	0.00272	0.00250
8	0.01080	0.00798	0.00854	0.00658	0.00886	0.00880	0.00542	0.83020	0.01347	0.01801	0.00805	0.00799	0.04403	0.00369	0.00296	0.00088	0.00315	0.00280	0.00292	0.00487
9	0.69876	0.00543	0.00478	0.00410	0.00597	0.00598	0.00337	0.00974	0.00574	0.19397	0.00583	0.00606	0.00417	0.00293	0.00206	0.00090	0.00229	0.00191	0.03248	0.00354
10	0.16006	0.00744	0.00772	0.00610	0.00823	0.00826	0.00500	0.67319	0.01183	0.01692	0.00712	0.06205	0.00559	0.00374	0.00280	0.00090	0.00297	0.00282	0.00274	0.00453
11	0.08706	0.00689	0.15225	0.66550	0.01766	0.00657	0.00814	0.00789	0.00584	0.00829	0.00512	0.00728	0.00381	0.00289	0.00281	0.00096	0.00383	0.00244	0.00134	0.00343
12	0.65000	0.00576	0.01751	0.15053	0.00879	0.00646	0.06600	0.00836	0.00543	0.01184	0.04279	0.00626	0.00447	0.00288	0.00220	0.00093	0.00272	0.00206	0.00176	0.00324
13	0.00445	0.00327	0.00435	0.00486	0.00558	0.00316	0.00415	0.00567	0.00678	0.00872	0.05642	0.05494	0.16776	0.00792	0.00391	0.00126	0.00240	0.64901	0.00273	0.00266
14	0.00605	0.01397	0.73931	0.00902	0.01312	0.00691	0.15209	0.00930	0.00631	0.00930	0.00537	0.00647	0.00384	0.00273	0.00290	0.00094	0.00443	0.00238	0.00128	0.00427
15	0.04653	0.00699	0.15258	0.55856	0.12301	0.00644	0.00821	0.00788	0.00601	0.00832	0.00629	0.00825	0.04269	0.00306	0.00288	0.00095	0.00375	0.00265	0.00140	0.00357
16	0.00874	0.01048	0.00764	0.00693	0.00796	0.54693	0.00532	0.00945	0.00711	0.00724	0.00744	0.07128	0.08225	0.00433	0.00436	0.00093	0.20387	0.00288	0.00165	0.00320
17	0.00361	0.00298	0.00314	0.00324	0.00406	0.00259	0.00235	0.00447	0.02749	0.00786	0.02613	0.17024	0.67648	0.04710	0.00401	0.00111	0.00160	0.00639	0.00269	0.00248
18	0.00387	0.00268	0.00332	0.00371	0.00380	0.00258	0.00232	0.00416	0.00504	0.00672	0.01321	0.52149	0.01567	0.38782	0.00851	0.00190	0.00219	0.00660	0.00232	0.00212
19	0.00430	0.03055	0.00504	0.00472	0.00531	0.00391	0.00371	0.00534	0.00475	0.00681	0.00774	0.01131	0.00722	0.02139	0.85830	0.00459	0.00771	0.00309	0.00156	0.00265
20	0.00486	0.00413	0.00452	0.00475	0.00514	0.07680	0.00337	0.04355	0.02150	0.00791	0.01338	0.63133	0.01556	0.06416	0.00474	0.00125	0.06589	0.02205	0.00247	0.00265
21	0.00353	0.00290	0.00311	0.00322	0.00404	0.00248	0.00235	0.00428	0.00661	0.00812	0.08798	0.18114	0.66480	0.00763	0.00351	0.00102	0.00152	0.00650	0.00276	0.00248
22	0.00877	0.00625	0.00704	0.00604	0.02312	0.00673	0.00475	0.53475	0.01084	0.04363	0.00989	0.20445	0.00919	0.00508	0.00315	0.00097	0.00275	0.06522	0.04326	0.00414

[dist]
# distance from previous block
# <min> <max>
5	13

[block]
# block no. 4 follows, 99 sequences, length 6
# corresponding to MSA columns:
# 207-212
name=unknown_E
#
# <colnr> <probs for GDERKNQSTAVLIFYWHMCP>
#	G	D	E	R	K	N	Q	S	T	A	V	L	I	F	Y	W	H	M	C	P
0	0.00913	0.01080	0.00791	0.03149	0.04265	0.56699	0.00561	0.01046	0.06511	0.00763	0.00593	0.00823	0.00528	0.03580	0.03507	0.00108	0.09450	0.05130	0.00166	0.00338
1	0.00610	0.00519	0.00595	0.00465	0.00684	0.00446	0.00364	0.00875	0.18231	0.00992	0.00758	0.08847	0.00666	0.00318	0.00248	0.00062	0.00216	0.00266	0.00208	0.64633
2	0.74255	0.00619	0.05839	0.12024	0.00800	0.00658	0.00429	0.00851	0.00518	0.01218	0.00430	0.00525	0.00330	0.00275	0.00202	0.00092	0.00261	0.00176	0.00171	0.00326
3	0.00517	0.00300	0.00466	0.15361	0.00659	0.00322	0.00349	0.00444	0.00417	0.00550	0.00511	0.00873	0.00489	0.00896	0.01002	0.76023	0.00278	0.00256	0.00128	0.00161
4	0.32757	0.00479	0.03724	0.03114	0.06746	0.00474	0.00387	0.00737	0.00612	0.07051	0.24287	0.01081	0.01060	0.00494	0.00412	0.15539	0.00230	0.00298	0.00217	0.00302
5	0.00378	0.00317	0.00361	0.00398	0.05407	0.00277	0.00268	0.00460	0.00667	0.00825	0.10424	0.08189	0.66046	0.04202	0.00390	0.00106	0.00166	0.00596	0.00266	0.00259

[dist]
# distance from previous block
# <min> <max>
0	3

[block]
# block no. 5 follows, 99 sequences, length 18
# corresponding to MSA columns:
# 216-233
name=unknown_F
#
# <colnr> <probs for GDERKNQSTAVLIFYWHMCP>
#	G	D	E	R	K	N	Q	S	T	A	V	L	I	F	Y	W	H	M	C	P
0	0.00812	0.00683	0.00679	0.00603	0.00773	0.08126	0.00470	0.01514	0.72340	0.08896	0.01128	0.01038	0.00836	0.00387	0.00295	0.00097	0.00259	0.00316	0.00292	0.00457
1	0.05684	0.00315	0.00310	0.00298	0.00380	0.00324	0.00227	0.04620	0.00643	0.01140	0.00914	0.01041	0.00716	0.00338	0.00208	0.00070	0.00150	0.00266	0.82069	0.00286
2	0.04462	0.00591	0.00896	0.61414	0.11450	0.00698	0.00762	0.14491	0.00718	0.00971	0.00549	0.00750	0.00413	0.00298	0.00288	0.00095	0.00368	0.00257	0.00160	0.00369
3	0.01048	0.01319	0.00838	0.00757	0.00892	0.79448	0.00574	0.01123	0.00791	0.00716	0.00446	0.00540	0.00378	0.00324	0.00337	0.00081	0.09704	0.00196	0.00149	0.00338
4	0.00782	0.66346	0.13122	0.00564	0.00832	0.01048	0.00582	0.09780	0.00677	0.00842	0.00464	0.00533	0.00398	0.00317	0.02573	0.00080	0.00343	0.00180	0.00143	0.00394
5	0.00354	0.00297	0.00317	0.00319	0.00410	0.00259	0.00240	0.00431	0.00644	0.00779	0.02691	0.06044	0.75379	0.00900	0.09477	0.00138	0.00215	0.00596	0.00260	0.00249
6	0.00487	0.00357	0.00480	0.00533	0.00608	0.00363	0.00459	0.00674	0.07221	0.00915	0.05139	0.03085	0.03218	0.00769	0.00393	0.00130	0.00259	0.74350	0.00274	0.00285
7	0.00369	0.00268	0.00353	0.00410	0.00438	0.00246	0.00276	0.00424	0.00564	0.00759	0.01563	0.85193	0.01866	0.00885	0.00367	0.00115	0.00172	0.00802	0.00267	0.04663
8	0.00357	0.00298	0.00313	0.00322	0.00414	0.00254	0.00245	0.00434	0.00662	0.00796	0.02782	0.07990	0.76084	0.00758	0.00353	0.00103	0.00159	0.07156	0.00272	0.00249
9	0.00606	0.00590	0.00831	0.00723	0.00731	0.00814	0.00598	0.00677	0.00453	0.00702	0.00448	0.00722	0.00440	0.00780	0.14819	0.00183	0.75175	0.00266	0.00133	0.00311
10	0.00475	0.00312	0.00403	0.00373	0.00450	0.00287	0.00279	0.00600	0.00797	0.07142	0.72495	0.02114	0.05838	0.06644	0.00420	0.00105	0.00156	0.00510	0.00314	0.00284
11	0.00500	0.00406	0.00492	0.00419	0.00575	0.00326	0.00314	0.00603	0.00610	0.00899	0.08292	0.33083	0.01179	0.00505	0.00285	0.00075	0.00193	0.00444	0.00222	0.50578
12	0.00642	0.00626	0.00827	0.15459	0.00942	0.05702	0.00621	0.00737	0.00511	0.00754	0.00471	0.00705	0.00423	0.00447	0.00733	0.00114	0.60143	0.00255	0.09571	0.00318
13	0.76886	0.00563	0.00458	0.00404	0.00581	0.00643	0.00330	0.07446	0.00589	0.01330	0.04762	0.00666	0.03778	0.00312	0.00204	0.00091	0.00227	0.00202	0.00200	0.00327
14	0.00692	0.00791	0.01730	0.01236	0.01532	0.00741	0.86802	0.00939	0.00692	0.00939	0.00593	0.00791	0.00445	0.00247	0.00346	0.00099	0.00494	0.00346	0.00148	0.00395
15	0.66329	0.00736	0.17192	0.05168	0.00773	0.00648	0.00489	0.00858	0.00538	0.01207	0.03504	0.00580	0.00418	0.00286	0.00212	0.00092	0.00272	0.00188	0.00173	0.00339
16	0.02216	0.00691	0.00747	0.14124	0.00966	0.05275	0.00523	0.49679	0.01065	0.01390	0.01138	0.01151	0.18919	0.00422	0.00301	0.00091	0.00306	0.00333	0.00255	0.00408
17	0.08349	0.00332	0.00333	0.00323	0.00424	0.00302	0.00243	0.02404	0.00675	0.00891	0.11208	0.03607	0.65172	0.04012	0.00374	0.00105	0.00164	0.00557	0.00266	0.00259

[dist]
# distance from previous block
# <min> <max>
0	72

# created by:
# /share/home/app/bin/augustus-3.3.1/scripts/msa2prfl.pl /dev/shm/tmp/ogap_db/mt-eudicotyledons/msas/atp8.aln --setname=atp8
