[name]
ccmB

[dist]
# distance from previous block
# <min> <max>
0	10

[block]
# block no. 0 follows, 104 sequences, length 115
# corresponding to MSA columns:
# 10-124
name=unknown_A
#
# <colnr> <probs for GDERKNQSTAVLIFYWHMCP>
#	G	D	E	R	K	N	Q	S	T	A	V	L	I	F	Y	W	H	M	C	P
0	0.00453	0.00324	0.00453	0.00518	0.00583	0.00324	0.00453	0.00583	0.00648	0.00842	0.01490	0.03174	0.01619	0.00777	0.00389	0.00130	0.00259	0.86462	0.00259	0.00259
1	0.00539	0.00508	0.00858	0.85442	0.05872	0.00627	0.00785	0.00726	0.00566	0.00728	0.00501	0.00748	0.00378	0.00280	0.00281	0.00093	0.00373	0.00250	0.00126	0.00319
2	0.04358	0.00502	0.00826	0.85713	0.01880	0.00625	0.00762	0.00723	0.00559	0.00742	0.00496	0.00738	0.00372	0.00280	0.00277	0.00093	0.00369	0.00246	0.00127	0.00312
3	0.00350	0.00253	0.00335	0.00393	0.00416	0.00233	0.00263	0.00402	0.00540	0.00724	0.01518	0.87144	0.01816	0.00861	0.00354	0.00112	0.00165	0.00780	0.00258	0.03083
4	0.00409	0.00273	0.00307	0.00307	0.00307	0.00273	0.00170	0.00409	0.00409	0.00546	0.00887	0.01841	0.01023	0.90111	0.01432	0.00273	0.00273	0.00409	0.00170	0.00170
5	0.00348	0.00247	0.00325	0.00385	0.00400	0.00232	0.00254	0.00393	0.00529	0.00705	0.01500	0.83237	0.01797	0.07659	0.00441	0.00126	0.00172	0.00770	0.00254	0.00224
6	0.00592	0.01419	0.83823	0.00793	0.01199	0.00666	0.01012	0.05651	0.00634	0.00940	0.00514	0.00599	0.00363	0.00271	0.00268	0.00089	0.00410	0.00210	0.00128	0.00419
7	0.00353	0.00261	0.00369	0.00417	0.00442	0.00244	0.03058	0.00408	0.00543	0.00724	0.01519	0.87064	0.01815	0.00861	0.00358	0.00114	0.00173	0.00785	0.00257	0.00233
8	0.00402	0.00301	0.00449	0.00449	0.00499	0.00350	0.00348	0.00501	0.00451	0.00651	0.00756	0.01120	0.00710	0.03858	0.87258	0.00449	0.00744	0.00304	0.00151	0.00250
9	0.00616	0.00624	0.00771	0.00678	0.00703	0.09674	0.00554	0.00686	0.00472	0.00673	0.00455	0.00706	0.00438	0.00805	0.19008	0.00186	0.62270	0.00251	0.00131	0.00298
10	0.00689	0.00661	0.01129	0.05720	0.84422	0.00667	0.00860	0.00857	0.00637	0.00910	0.00528	0.00699	0.00442	0.00252	0.00279	0.00084	0.00336	0.00251	0.00139	0.00440
11	0.00613	0.00694	0.05274	0.15157	0.08908	0.01947	0.49423	0.00814	0.00625	0.00845	0.00642	0.09701	0.00559	0.00320	0.00336	0.00096	0.03190	0.00348	0.00150	0.00358
12	0.00348	0.00298	0.00301	0.00299	0.00396	0.00257	0.00224	0.00451	0.04389	0.00777	0.02758	0.03921	0.83214	0.00701	0.00331	0.00095	0.00146	0.00585	0.00262	0.00246
13	0.00408	0.00272	0.00307	0.00308	0.00308	0.00272	0.00172	0.00409	0.00411	0.00548	0.00895	0.02960	0.01034	0.88978	0.01419	0.00271	0.00271	0.00414	0.00172	0.00171
14	0.02835	0.00550	0.00618	0.00465	0.00683	0.00494	0.00370	0.22269	0.00752	0.01107	0.00601	0.03556	0.00516	0.06209	0.00312	0.00071	0.00237	0.00224	0.00199	0.57934
15	0.01021	0.00747	0.00804	0.00623	0.00835	0.00826	0.00513	0.80395	0.01259	0.01701	0.00689	0.00708	0.00498	0.00400	0.03414	0.00097	0.00317	0.00255	0.04438	0.00461
16	0.00700	0.00604	0.00636	0.00573	0.00732	0.00700	0.00445	0.01495	0.87848	0.01177	0.01145	0.01050	0.00859	0.00382	0.00286	0.00095	0.00223	0.00318	0.00286	0.00445
17	0.00583	0.00500	0.00583	0.00417	0.00667	0.00375	0.00333	0.00709	0.00583	0.00917	0.00500	0.00583	0.00417	0.00208	0.00208	0.00042	0.00208	0.00167	0.00167	0.91831
18	0.00333	0.00285	0.00285	0.00285	0.00380	0.00238	0.00214	0.00404	0.00641	0.00760	0.02850	0.02708	0.88242	0.00713	0.00333	0.00095	0.00143	0.00594	0.00261	0.00238
19	0.00695	0.00600	0.00634	0.00566	0.00729	0.00685	0.00440	0.01459	0.83875	0.01165	0.01116	0.01029	0.00839	0.00374	0.00283	0.00093	0.00222	0.00311	0.00281	0.04606
20	0.01025	0.00754	0.00807	0.00626	0.00840	0.00836	0.00515	0.78918	0.05872	0.01709	0.00711	0.00712	0.00510	0.00340	0.00278	0.00084	0.00297	0.00257	0.04443	0.00467
21	0.00409	0.00273	0.00307	0.00307	0.00307	0.00273	0.00170	0.00409	0.00409	0.00546	0.00887	0.01841	0.01023	0.90111	0.01432	0.00273	0.00273	0.00409	0.00170	0.00170
22	0.01041	0.00766	0.00823	0.00634	0.00850	0.00848	0.00521	0.83693	0.01284	0.01722	0.00683	0.00718	0.00498	0.03240	0.01268	0.00094	0.00313	0.00259	0.00277	0.00466
23	0.00520	0.00418	0.00499	0.00422	0.00578	0.00350	0.00318	0.06283	0.00614	0.00894	0.00929	0.36062	0.00994	0.00484	0.00273	0.00073	0.00197	0.00424	0.00212	0.49456
24	0.00409	0.00273	0.00307	0.00307	0.00307	0.00273	0.00170	0.00409	0.00409	0.00546	0.00887	0.01841	0.01023	0.90111	0.01432	0.00273	0.00273	0.00409	0.00170	0.00170
25	0.00343	0.00245	0.00326	0.00392	0.00408	0.00229	0.00261	0.00392	0.00539	0.00718	0.01551	0.89928	0.01861	0.00882	0.00359	0.00114	0.00163	0.00800	0.00261	0.00229
26	0.00934	0.00687	0.00748	0.00600	0.00786	0.00753	0.00484	0.71204	0.01177	0.01577	0.00839	0.17304	0.00736	0.00439	0.00296	0.00090	0.00282	0.00355	0.00278	0.00432
27	0.00402	0.00301	0.00452	0.00452	0.00502	0.00352	0.00352	0.00502	0.00452	0.00653	0.00754	0.01105	0.00703	0.02110	0.88996	0.00452	0.00754	0.00301	0.00151	0.00251
28	0.00333	0.00285	0.00285	0.00285	0.00380	0.00238	0.00214	0.00404	0.00641	0.00760	0.02850	0.02708	0.88242	0.00713	0.00333	0.00095	0.00143	0.00594	0.00261	0.00238
29	0.00438	0.00296	0.00389	0.00361	0.00434	0.00272	0.00272	0.00569	0.00797	0.05108	0.84242	0.02050	0.02566	0.00565	0.00330	0.00088	0.00138	0.00499	0.00312	0.00275
30	0.00394	0.00287	0.00370	0.00350	0.00418	0.00263	0.00262	0.00522	0.00784	0.01101	0.81941	0.03211	0.07868	0.00587	0.00332	0.00089	0.00134	0.00518	0.00306	0.00263
31	0.00700	0.00604	0.00636	0.00573	0.00732	0.00700	0.00445	0.01495	0.87848	0.01177	0.01145	0.01050	0.00859	0.00382	0.00286	0.00095	0.00223	0.00318	0.00286	0.00445
32	0.00583	0.00500	0.00583	0.00417	0.00667	0.00375	0.00333	0.00709	0.00583	0.00917	0.00500	0.00583	0.00417	0.00208	0.00208	0.00042	0.00208	0.00167	0.00167	0.91831
33	0.00343	0.00245	0.00326	0.00392	0.00408	0.00229	0.00261	0.00392	0.00539	0.00718	0.01551	0.89928	0.01861	0.00882	0.00359	0.00114	0.00163	0.00800	0.00261	0.00229
34	0.00427	0.00315	0.00416	0.00467	0.00538	0.00305	0.00401	0.00544	0.00646	0.00824	0.01788	0.03072	0.20621	0.00763	0.00376	0.00122	0.00234	0.67626	0.00260	0.00254
35	0.00343	0.00245	0.00326	0.00392	0.00408	0.00229	0.00261	0.00392	0.00539	0.00718	0.01551	0.89928	0.01861	0.00882	0.00359	0.00114	0.00163	0.00800	0.00261	0.00229
36	0.92099	0.00544	0.00414	0.00370	0.00544	0.00631	0.00305	0.00827	0.00479	0.01262	0.00392	0.00457	0.00305	0.00261	0.00174	0.00087	0.00218	0.00152	0.00174	0.00305
37	0.00409	0.00273	0.00307	0.00307	0.00307	0.00273	0.00170	0.00409	0.00409	0.00546	0.00887	0.01841	0.01023	0.90111	0.01432	0.00273	0.00273	0.00409	0.00170	0.00170
38	0.00564	0.01455	0.88653	0.00802	0.01218	0.00653	0.01040	0.00891	0.00594	0.00891	0.00505	0.00594	0.00356	0.00267	0.00267	0.00089	0.00416	0.00208	0.00119	0.00416
39	0.00717	0.00658	0.01116	0.03299	0.83094	0.00657	0.00843	0.00882	0.00646	0.04578	0.00553	0.00708	0.00455	0.00255	0.00279	0.00084	0.00331	0.00252	0.00148	0.00445
40	0.00758	0.85327	0.01438	0.00495	0.00727	0.03845	0.00487	0.00847	0.00575	0.00663	0.00392	0.00457	0.00361	0.00248	0.00201	0.00062	0.02481	0.00154	0.00121	0.00359
41	0.00408	0.00272	0.00307	0.00308	0.00308	0.00272	0.00172	0.00409	0.00411	0.00548	0.00895	0.03001	0.01034	0.88937	0.01418	0.00271	0.00271	0.00414	0.00172	0.00171
42	0.00926	0.00681	0.00742	0.00597	0.00781	0.00745	0.00481	0.70233	0.01168	0.01565	0.00848	0.18300	0.00752	0.00445	0.00297	0.00090	0.00281	0.00361	0.00277	0.00429
43	0.00525	0.00262	0.00262	0.00262	0.00328	0.00262	0.00197	0.00656	0.00590	0.01049	0.00918	0.01049	0.00721	0.00328	0.00197	0.00066	0.00131	0.00262	0.91673	0.00262
44	0.00611	0.00608	0.00852	0.00732	0.00733	0.00850	0.00609	0.00673	0.00431	0.00677	0.00378	0.00627	0.00377	0.00530	0.02992	0.00131	0.87509	0.00248	0.00124	0.00306
45	0.00867	0.00630	0.00680	0.00543	0.00699	0.00689	0.00423	0.60733	0.01043	0.01397	0.00740	0.01033	0.00646	0.27870	0.00634	0.00142	0.00298	0.00301	0.00247	0.00384
46	0.00621	0.00626	0.00843	0.00726	0.00733	0.03671	0.00602	0.00684	0.00444	0.00677	0.00388	0.00633	0.00383	0.00554	0.04583	0.00135	0.83022	0.00246	0.00125	0.00306
47	0.00343	0.00245	0.00326	0.00392	0.00408	0.00229	0.00261	0.00392	0.00539	0.00718	0.01551	0.89928	0.01861	0.00882	0.00359	0.00114	0.00163	0.00800	0.00261	0.00229
48	0.92099	0.00544	0.00414	0.00370	0.00544	0.00631	0.00305	0.00827	0.00479	0.01262	0.00392	0.00457	0.00305	0.00261	0.00174	0.00087	0.00218	0.00152	0.00174	0.00305
49	0.00521	0.00429	0.00510	0.00410	0.00589	0.00341	0.00312	0.02045	0.00578	0.00866	0.00799	0.24778	0.00827	0.03194	0.00288	0.00069	0.00200	0.00347	0.00194	0.62704
50	0.00333	0.00285	0.00285	0.00285	0.00380	0.00238	0.00214	0.00404	0.00641	0.00760	0.02850	0.02708	0.88242	0.00713	0.00333	0.00095	0.00143	0.00594	0.00261	0.00238
51	0.00523	0.00451	0.00753	0.72407	0.01638	0.00552	0.00679	0.00652	0.00525	0.00675	0.00498	0.00770	0.00397	0.00414	0.00438	0.17629	0.00350	0.00249	0.00124	0.00276
52	0.00333	0.00285	0.00285	0.00285	0.00380	0.00238	0.00214	0.00404	0.00641	0.00760	0.02850	0.02708	0.88242	0.00713	0.00333	0.00095	0.00143	0.00594	0.00261	0.00238
53	0.00680	0.00558	0.00636	0.00463	0.00708	0.00474	0.00374	0.18012	0.00731	0.01088	0.00535	0.00602	0.00429	0.00234	0.00223	0.00050	0.00229	0.00184	0.00190	0.73601
54	0.00597	0.00484	0.00564	0.00442	0.00639	0.00410	0.00345	0.12181	0.00672	0.00989	0.00746	0.19507	0.00731	0.00368	0.00250	0.00063	0.00212	0.00312	0.00202	0.60284
55	0.00343	0.00245	0.00326	0.00392	0.00408	0.00229	0.00261	0.00392	0.00539	0.00718	0.01551	0.89928	0.01861	0.00882	0.00359	0.00114	0.00163	0.00800	0.00261	0.00229
56	0.00409	0.00273	0.00307	0.00307	0.00307	0.00273	0.00170	0.00409	0.00409	0.00546	0.00887	0.01841	0.01023	0.90111	0.01432	0.00273	0.00273	0.00409	0.00170	0.00170
57	0.00758	0.00604	0.00677	0.00500	0.00741	0.00554	0.00406	0.31909	0.00850	0.01225	0.00563	0.00617	0.00439	0.00255	0.00235	0.00057	0.00245	0.00198	0.00208	0.58960
58	0.00409	0.00273	0.00307	0.00307	0.00307	0.00273	0.00170	0.00409	0.00409	0.00546	0.00887	0.01841	0.01023	0.90111	0.01432	0.00273	0.00273	0.00409	0.00170	0.00170
59	0.00533	0.00447	0.00530	0.00412	0.00613	0.00344	0.00318	0.00642	0.00574	0.00875	0.00720	0.19286	0.00719	0.00349	0.00240	0.00057	0.00199	0.00299	0.00186	0.72656
60	0.00816	0.00637	0.00707	0.00528	0.00764	0.00614	0.00430	0.42575	0.00940	0.01329	0.00595	0.01470	0.00460	0.00277	0.00245	0.00063	0.00257	0.00215	0.00223	0.46856
61	0.01262	0.00479	0.00653	0.00501	0.00718	0.00414	0.00414	0.01371	0.00805	0.88551	0.01110	0.00958	0.00697	0.00348	0.00283	0.00087	0.00239	0.00283	0.00348	0.00479
62	0.00583	0.00500	0.00583	0.00417	0.00667	0.00375	0.00333	0.00709	0.00583	0.00917	0.00500	0.00583	0.00417	0.00208	0.00208	0.00042	0.00208	0.00167	0.00167	0.91831
63	0.00409	0.00273	0.00307	0.00307	0.00307	0.00273	0.00170	0.00409	0.00409	0.00546	0.00887	0.01841	0.01023	0.90111	0.01432	0.00273	0.00273	0.00409	0.00170	0.00170
64	0.00536	0.00439	0.00515	0.00404	0.00586	0.00351	0.00306	0.02676	0.00572	0.00859	0.00715	0.14460	0.00717	0.11772	0.00389	0.00083	0.00212	0.00297	0.00184	0.63925
65	0.00531	0.00500	0.00844	0.89435	0.01938	0.00625	0.00781	0.00719	0.00563	0.00719	0.00500	0.00750	0.00375	0.00281	0.00281	0.00094	0.00375	0.00250	0.00125	0.00313
66	0.01036	0.01310	0.00791	0.00719	0.00864	0.85292	0.00540	0.01139	0.04436	0.00709	0.00465	0.00530	0.00383	0.00294	0.00255	0.00073	0.00496	0.00187	0.00151	0.00331
67	0.00580	0.09033	0.81216	0.00775	0.01176	0.00693	0.00992	0.00887	0.00592	0.00872	0.00495	0.00582	0.00357	0.00265	0.00260	0.00087	0.00406	0.00203	0.00119	0.00411
68	0.00693	0.00679	0.01203	0.01663	0.78068	0.00674	0.11103	0.00868	0.00643	0.00917	0.00534	0.00704	0.00443	0.00249	0.00285	0.00085	0.00351	0.00260	0.00140	0.00438
69	0.00570	0.04308	0.85853	0.00792	0.01202	0.00668	0.01022	0.00890	0.00593	0.00884	0.00501	0.00589	0.00357	0.00266	0.00265	0.00088	0.00412	0.00206	0.00119	0.00414
70	0.00762	0.87509	0.01453	0.00489	0.00727	0.03851	0.00483	0.00851	0.00579	0.00663	0.00393	0.00453	0.00361	0.00242	0.00183	0.00061	0.00307	0.00151	0.00121	0.00360
71	0.92099	0.00544	0.00414	0.00370	0.00544	0.00631	0.00305	0.00827	0.00479	0.01262	0.00392	0.00457	0.00305	0.00261	0.00174	0.00087	0.00218	0.00152	0.00174	0.00305
72	0.00679	0.00587	0.00617	0.00556	0.00712	0.00674	0.00432	0.01434	0.82956	0.01154	0.01241	0.01143	0.05760	0.00400	0.00289	0.00095	0.00218	0.00334	0.00285	0.00434
73	0.00343	0.00245	0.00326	0.00392	0.00408	0.00229	0.00261	0.00392	0.00539	0.00718	0.01551	0.89928	0.01861	0.00882	0.00359	0.00114	0.00163	0.00800	0.00261	0.00229
74	0.00564	0.01455	0.88653	0.00802	0.01218	0.00653	0.01040	0.00891	0.00594	0.00891	0.00505	0.00594	0.00356	0.00267	0.00267	0.00089	0.00416	0.00208	0.00119	0.00416
75	0.00344	0.00245	0.00326	0.00391	0.00407	0.00229	0.00260	0.00392	0.00537	0.00716	0.01541	0.88661	0.01849	0.02164	0.00375	0.00117	0.00165	0.00794	0.00260	0.00228
76	0.00408	0.00300	0.00444	0.00444	0.00495	0.00348	0.00345	0.00509	0.00458	0.00671	0.00761	0.01103	0.00704	0.02029	0.84953	0.00435	0.00725	0.00300	0.04317	0.00252
77	0.00408	0.00311	0.00451	0.00450	0.00500	0.01198	0.00348	0.00506	0.00454	0.00650	0.00755	0.01123	0.00710	0.04835	0.85418	0.00443	0.00736	0.00304	0.00151	0.00249
78	0.00350	0.00248	0.00323	0.00382	0.00401	0.00231	0.00254	0.00399	0.00538	0.00720	0.01550	0.81357	0.04574	0.04592	0.00399	0.00119	0.00166	0.00764	0.02404	0.00227
79	0.01070	0.00788	0.00844	0.00647	0.00873	0.00873	0.00535	0.87418	0.01323	0.01773	0.00676	0.00676	0.00479	0.00338	0.00281	0.00084	0.00310	0.00253	0.00281	0.00479
80	0.01179	0.00510	0.00660	0.00517	0.00727	0.00474	0.00424	0.05517	0.12377	0.72796	0.01094	0.00956	0.00708	0.00352	0.00283	0.00088	0.00241	0.00286	0.00337	0.00474
81	0.00470	0.00350	0.00490	0.00470	0.00537	0.00403	0.00368	0.09307	0.00540	0.00765	0.00748	0.01073	0.00685	0.03226	0.78719	0.00412	0.00702	0.00298	0.00164	0.00273
82	0.00525	0.00262	0.00262	0.00262	0.00328	0.00262	0.00197	0.00656	0.00590	0.01049	0.00918	0.01049	0.00721	0.00328	0.00197	0.00066	0.00131	0.00262	0.91673	0.00262
83	0.00350	0.00248	0.00324	0.00382	0.00397	0.00234	0.00251	0.00394	0.00524	0.00699	0.01476	0.80011	0.01767	0.10927	0.00480	0.00132	0.00176	0.00756	0.00251	0.00222
84	0.00590	0.00520	0.00667	0.00476	0.00729	0.00401	0.07053	0.00723	0.00590	0.00916	0.00505	0.00597	0.00418	0.00211	0.00218	0.00046	0.00229	0.00179	0.00165	0.84768
85	0.00696	0.00669	0.01142	0.01727	0.88356	0.00669	0.00864	0.00864	0.00641	0.00919	0.00529	0.00696	0.00446	0.00251	0.00279	0.00084	0.00334	0.00251	0.00139	0.00446
86	0.00333	0.00285	0.00285	0.00285	0.00380	0.00238	0.00214	0.00404	0.00641	0.00760	0.02850	0.02708	0.88242	0.00713	0.00333	0.00095	0.00143	0.00594	0.00261	0.00238
87	0.00343	0.00245	0.00326	0.00392	0.00408	0.00229	0.00261	0.00392	0.00539	0.00718	0.01551	0.89928	0.01861	0.00882	0.00359	0.00114	0.00163	0.00800	0.00261	0.00229
88	0.00343	0.00245	0.00326	0.00392	0.00408	0.00229	0.00261	0.00392	0.00539	0.00718	0.01551	0.89928	0.01861	0.00882	0.00359	0.00114	0.00163	0.00800	0.00261	0.00229
89	0.00354	0.00260	0.00358	0.05825	0.00501	0.00253	0.00293	0.00412	0.00540	0.00718	0.01487	0.84486	0.01770	0.00845	0.00354	0.00113	0.00176	0.00766	0.00253	0.00234
90	0.00657	0.00747	0.01629	0.01167	0.01446	0.00700	0.85289	0.00889	0.00661	0.00897	0.00592	0.02853	0.00461	0.00252	0.00333	0.00095	0.00467	0.00343	0.00145	0.00376
91	0.00344	0.00246	0.00328	0.00393	0.00410	0.00230	0.00263	0.00394	0.00540	0.00720	0.01550	0.88943	0.01858	0.00880	0.00359	0.00114	0.00164	0.01772	0.00261	0.00229
92	0.02353	0.00295	0.00381	0.00360	0.00429	0.00275	0.00270	0.00550	0.00776	0.03163	0.79751	0.06657	0.02518	0.00579	0.00329	0.00090	0.00139	0.00511	0.00305	0.00269
93	0.87954	0.00555	0.00433	0.00383	0.00559	0.00642	0.00315	0.04769	0.00517	0.01286	0.00405	0.00467	0.00313	0.00265	0.00179	0.00087	0.00222	0.00157	0.00179	0.00313
94	0.00616	0.00616	0.00862	0.00739	0.00739	0.00862	0.00616	0.00677	0.00431	0.00677	0.00369	0.00616	0.00369	0.00492	0.00923	0.00123	0.89596	0.00246	0.00123	0.00308
95	0.00522	0.00445	0.00740	0.70113	0.01597	0.00543	0.00665	0.00642	0.00520	0.00669	0.00498	0.00773	0.00400	0.00432	0.00459	0.19991	0.00347	0.00249	0.00124	0.00271
96	0.00394	0.00284	0.00369	0.00353	0.00415	0.00263	0.00261	0.00516	0.00765	0.01077	0.78243	0.07467	0.04517	0.03387	0.00368	0.00096	0.00139	0.00525	0.00301	0.00260
97	0.00335	0.00284	0.00286	0.00287	0.00378	0.00239	0.00213	0.00404	0.00632	0.00753	0.02769	0.03934	0.84199	0.03586	0.00368	0.00101	0.00147	0.00591	0.00258	0.00235
98	0.00669	0.00764	0.01646	0.01187	0.02389	0.01637	0.85503	0.00903	0.00665	0.00899	0.00567	0.00756	0.00426	0.00238	0.00331	0.00095	0.00473	0.00330	0.00142	0.00380
99	0.00333	0.00285	0.00285	0.00285	0.00380	0.00238	0.00214	0.00404	0.00641	0.00760	0.02850	0.02708	0.88242	0.00713	0.00333	0.00095	0.00143	0.00594	0.00261	0.00238
100	0.01070	0.00788	0.00844	0.00647	0.00873	0.00873	0.00535	0.87418	0.01323	0.01773	0.00676	0.00676	0.00479	0.00338	0.00281	0.00084	0.00310	0.00253	0.00281	0.00479
101	0.00528	0.00373	0.00534	0.41939	0.01080	0.00432	0.00470	0.00685	0.00577	0.00895	0.00723	0.00909	0.00559	0.00306	0.00236	0.00079	0.00245	0.00257	0.48886	0.00286
102	0.00395	0.00285	0.00374	0.00356	0.00420	0.00264	0.00265	0.00524	0.00783	0.01107	0.83652	0.06719	0.02613	0.00591	0.00333	0.00090	0.00134	0.00524	0.00307	0.00264
103	0.00404	0.00271	0.00308	0.00314	0.00315	0.00269	0.00178	0.00408	0.00420	0.00560	0.00941	0.09032	0.01091	0.82827	0.01345	0.00260	0.00264	0.00441	0.00178	0.00175
104	0.00588	0.00399	0.00517	0.29322	0.00913	0.00449	0.00425	0.10480	0.00664	0.01023	0.00755	0.00910	0.00581	0.00314	0.00234	0.00077	0.00231	0.00257	0.51557	0.00303
105	0.79856	0.00556	0.00458	0.00397	0.00578	0.00632	0.00327	0.06591	0.00557	0.07276	0.00460	0.00506	0.00343	0.00272	0.00189	0.00087	0.00225	0.00168	0.00193	0.00328
106	0.00409	0.00273	0.00307	0.00307	0.00307	0.00273	0.00170	0.00409	0.00409	0.00546	0.00887	0.01841	0.01023	0.90111	0.01432	0.00273	0.00273	0.00409	0.00170	0.00170
107	0.00589	0.00503	0.00586	0.00419	0.00669	0.00381	0.00336	0.01666	0.00592	0.00926	0.00502	0.00584	0.00417	0.00210	0.00209	0.00042	0.00210	0.00168	0.00168	0.90822
108	0.00445	0.00321	0.00441	0.00501	0.00568	0.00318	0.00436	0.00570	0.00647	0.00836	0.01589	0.03140	0.07963	0.00773	0.00385	0.00127	0.00251	0.80174	0.00259	0.00258
109	0.00344	0.00245	0.00326	0.00390	0.00406	0.00229	0.00259	0.00392	0.00536	0.00715	0.01538	0.88179	0.01844	0.02653	0.00380	0.00117	0.00165	0.00792	0.00259	0.00227
110	0.00648	0.00790	0.07937	0.01155	0.04989	0.00690	0.74694	0.00883	0.00654	0.00895	0.00594	0.03608	0.00469	0.00261	0.00326	0.00095	0.00454	0.00335	0.00144	0.00380
111	0.00343	0.00245	0.00326	0.00392	0.00408	0.00229	0.00261	0.00392	0.00539	0.00718	0.01551	0.89928	0.01861	0.00882	0.00359	0.00114	0.00163	0.00800	0.00261	0.00229
112	0.00555	0.00449	0.00528	0.00426	0.00605	0.00375	0.00329	0.07675	0.00630	0.00923	0.00833	0.20013	0.02484	0.04149	0.00306	0.00074	0.00210	0.03017	0.00201	0.56217
113	0.00402	0.00301	0.00452	0.00452	0.00502	0.00352	0.00352	0.00502	0.00452	0.00653	0.00754	0.01105	0.00703	0.02110	0.88996	0.00452	0.00754	0.00301	0.00151	0.00251
114	0.00664	0.00759	0.01660	0.01186	0.01471	0.00712	0.87334	0.00901	0.00664	0.00901	0.00569	0.00759	0.00427	0.00237	0.00332	0.00095	0.00474	0.00332	0.00142	0.00380

[dist]
# distance from previous block
# <min> <max>
0	2

[block]
# block no. 1 follows, 104 sequences, length 81
# corresponding to MSA columns:
# 127-207
name=unknown_B
#
# <colnr> <probs for GDERKNQSTAVLIFYWHMCP>
#	G	D	E	R	K	N	Q	S	T	A	V	L	I	F	Y	W	H	M	C	P
0	0.00538	0.00515	0.00895	0.82043	0.01885	0.00626	0.06869	0.00727	0.00569	0.00732	0.00519	0.01930	0.00398	0.00286	0.00286	0.00094	0.00379	0.00263	0.00128	0.00316
1	0.01070	0.00788	0.00844	0.00647	0.00873	0.00873	0.00535	0.87418	0.01323	0.01773	0.00676	0.00676	0.00479	0.00338	0.00281	0.00084	0.00310	0.00253	0.00281	0.00479
2	0.89873	0.00566	0.02559	0.00381	0.00561	0.00632	0.00323	0.00829	0.00482	0.01253	0.00395	0.00460	0.00306	0.00261	0.00176	0.00087	0.00222	0.00154	0.00173	0.00307
3	0.00442	0.00320	0.00437	0.00495	0.00563	0.00315	0.00430	0.00565	0.00647	0.00834	0.01623	0.03128	0.10124	0.00771	0.00383	0.00126	0.00248	0.78032	0.00259	0.00257
4	0.00774	0.83809	0.01425	0.00499	0.00733	0.07507	0.00486	0.00863	0.00588	0.00664	0.00394	0.00455	0.00361	0.00244	0.00186	0.00061	0.00316	0.00153	0.00122	0.00359
5	0.00523	0.00445	0.00738	0.70077	0.01596	0.00543	0.00664	0.00649	0.00525	0.00682	0.00508	0.00778	0.00405	0.00417	0.00437	0.17810	0.00344	0.00249	0.02335	0.00275
6	0.00343	0.00245	0.00326	0.00392	0.00408	0.00229	0.00261	0.00392	0.00539	0.00718	0.01551	0.89928	0.01861	0.00882	0.00359	0.00114	0.00163	0.00800	0.00261	0.00229
7	0.01051	0.01341	0.00797	0.00725	0.00870	0.88982	0.00544	0.01124	0.00797	0.00689	0.00435	0.00507	0.00362	0.00290	0.00254	0.00072	0.00507	0.00181	0.00145	0.00326
8	0.00333	0.00285	0.00285	0.00285	0.00380	0.00238	0.00214	0.00404	0.00641	0.00760	0.02850	0.02708	0.88242	0.00713	0.00333	0.00095	0.00143	0.00594	0.00261	0.00238
9	0.00515	0.00410	0.00485	0.00409	0.00556	0.00346	0.00304	0.05849	0.00599	0.00867	0.00933	0.28593	0.03051	0.09335	0.00384	0.00091	0.00205	0.00404	0.00206	0.46459
10	0.00377	0.00260	0.00335	0.00388	0.00414	0.00248	0.00263	0.02679	0.00563	0.00773	0.01476	0.80293	0.01731	0.00822	0.00344	0.00109	0.00164	0.00741	0.07781	0.00238
11	0.92099	0.00544	0.00414	0.00370	0.00544	0.00631	0.00305	0.00827	0.00479	0.01262	0.00392	0.00457	0.00305	0.00261	0.00174	0.00087	0.00218	0.00152	0.00174	0.00305
12	0.01070	0.00788	0.00844	0.00647	0.00873	0.00873	0.00535	0.87418	0.01323	0.01773	0.00676	0.00676	0.00479	0.00338	0.00281	0.00084	0.00310	0.00253	0.00281	0.00479
13	0.00351	0.00254	0.00335	0.00393	0.00417	0.00234	0.00264	0.00403	0.00540	0.00725	0.01514	0.86802	0.01811	0.00858	0.00354	0.00112	0.00165	0.00778	0.00258	0.03434
14	0.00398	0.00288	0.00376	0.00354	0.00420	0.00265	0.00265	0.00531	0.00796	0.01128	0.88207	0.02102	0.02655	0.00575	0.00332	0.00088	0.00133	0.00509	0.00310	0.00265
15	0.00350	0.00248	0.00324	0.00383	0.00397	0.00233	0.00251	0.00394	0.00525	0.00700	0.01479	0.80359	0.01770	0.10574	0.00476	0.00131	0.00175	0.00757	0.00251	0.00222
16	0.00700	0.00604	0.00636	0.00573	0.00732	0.00700	0.00445	0.01495	0.87848	0.01177	0.01145	0.01050	0.00859	0.00382	0.00286	0.00095	0.00223	0.00318	0.00286	0.00445
17	0.00346	0.00246	0.00325	0.00387	0.00403	0.00231	0.00256	0.00393	0.00532	0.00709	0.01514	0.85063	0.01815	0.05809	0.00418	0.00123	0.00169	0.00778	0.00256	0.00225
18	0.00359	0.00256	0.00345	0.00410	0.00434	0.00242	0.00289	0.00420	0.00555	0.00736	0.01542	0.77238	0.01826	0.00866	0.00363	0.00117	0.00177	0.13330	0.00261	0.00233
19	0.00525	0.00262	0.00262	0.00262	0.00328	0.00262	0.00197	0.00656	0.00590	0.01049	0.00918	0.01049	0.00721	0.00328	0.00197	0.00066	0.00131	0.00262	0.91673	0.00262
20	0.92099	0.00544	0.00414	0.00370	0.00544	0.00631	0.00305	0.00827	0.00479	0.01262	0.00392	0.00457	0.00305	0.00261	0.00174	0.00087	0.00218	0.00152	0.00174	0.00305
21	0.00336	0.00286	0.00289	0.00291	0.00385	0.00240	0.00220	0.00409	0.00642	0.00762	0.02815	0.02720	0.85973	0.00714	0.00334	0.00096	0.00146	0.02843	0.00261	0.00238
22	0.00606	0.00606	0.00821	0.01965	0.00735	0.03120	0.00590	0.00669	0.00450	0.00681	0.00459	0.07114	0.00478	0.00513	0.00856	0.00121	0.79496	0.00285	0.00134	0.00303
23	0.01070	0.00788	0.00844	0.00647	0.00873	0.00873	0.00535	0.87418	0.01323	0.01773	0.00676	0.00676	0.00479	0.00338	0.00281	0.00084	0.00310	0.00253	0.00281	0.00479
24	0.00544	0.00464	0.00733	0.69507	0.01597	0.00561	0.00661	0.02801	0.00586	0.00808	0.00581	0.00800	0.00442	0.00290	0.00265	0.00088	0.00326	0.00251	0.16899	0.01798
25	0.00781	0.00572	0.00638	0.00546	0.00688	0.00616	0.00426	0.52811	0.01011	0.01354	0.01024	0.36167	0.01028	0.00554	0.00312	0.00096	0.00251	0.00471	0.00273	0.00379
26	0.01262	0.00479	0.00653	0.00501	0.00718	0.00414	0.00414	0.01371	0.00805	0.88551	0.01110	0.00958	0.00697	0.00348	0.00283	0.00087	0.00239	0.00283	0.00348	0.00479
27	0.00348	0.00247	0.00325	0.00386	0.00401	0.00232	0.00255	0.00393	0.00529	0.00706	0.01503	0.83518	0.01800	0.07375	0.00437	0.00126	0.00171	0.00771	0.00255	0.00224
28	0.92099	0.00544	0.00414	0.00370	0.00544	0.00631	0.00305	0.00827	0.00479	0.01262	0.00392	0.00457	0.00305	0.00261	0.00174	0.00087	0.00218	0.00152	0.00174	0.00305
29	0.00333	0.00285	0.00285	0.00285	0.00380	0.00238	0.00214	0.00404	0.00641	0.00760	0.02850	0.02708	0.88242	0.00713	0.00333	0.00095	0.00143	0.00594	0.00261	0.00238
30	0.00693	0.00600	0.00645	0.04166	0.00780	0.00697	0.00459	0.01464	0.84318	0.01159	0.01119	0.01038	0.00839	0.00378	0.00286	0.00095	0.00229	0.00315	0.00280	0.00440
31	0.01070	0.00788	0.00844	0.00647	0.00873	0.00873	0.00535	0.87418	0.01323	0.01773	0.00676	0.00676	0.00479	0.00338	0.00281	0.00084	0.00310	0.00253	0.00281	0.00479
32	0.03395	0.00739	0.00786	0.00609	0.00820	0.00816	0.00501	0.78070	0.01241	0.01701	0.00688	0.00700	0.00494	0.00335	0.00272	0.00083	0.00293	0.00251	0.07751	0.00456
33	0.01051	0.00778	0.00844	0.03644	0.00909	0.00864	0.00543	0.84491	0.01297	0.01738	0.00670	0.00678	0.00475	0.00336	0.00281	0.00085	0.00312	0.00253	0.00276	0.00473
34	0.92099	0.00544	0.00414	0.00370	0.00544	0.00631	0.00305	0.00827	0.00479	0.01262	0.00392	0.00457	0.00305	0.00261	0.00174	0.00087	0.00218	0.00152	0.00174	0.00305
35	0.07934	0.00269	0.00368	0.00364	0.00380	0.00276	0.00248	0.00411	0.00381	0.00565	0.00491	0.00828	0.00479	0.00904	0.01003	0.82191	0.00240	0.00237	0.02291	0.00140
36	0.01051	0.01341	0.00797	0.00725	0.00870	0.88982	0.00544	0.01124	0.00797	0.00689	0.00435	0.00507	0.00362	0.00290	0.00254	0.00072	0.00507	0.00181	0.00145	0.00326
37	0.01070	0.00788	0.00844	0.00647	0.00873	0.00873	0.00535	0.87418	0.01323	0.01773	0.00676	0.00676	0.00479	0.00338	0.00281	0.00084	0.00310	0.00253	0.00281	0.00479
38	0.00933	0.00686	0.00747	0.00599	0.00785	0.00752	0.00483	0.71088	0.01176	0.01575	0.00840	0.17423	0.00738	0.00440	0.00296	0.00090	0.00282	0.00356	0.00278	0.00432
39	0.00665	0.00756	0.01642	0.01206	0.04625	0.00710	0.84195	0.00900	0.00663	0.00902	0.00568	0.00757	0.00428	0.00238	0.00330	0.00094	0.00469	0.00329	0.00142	0.00382
40	0.01051	0.01341	0.00797	0.00725	0.00870	0.88982	0.00544	0.01124	0.00797	0.00689	0.00435	0.00507	0.00362	0.00290	0.00254	0.00072	0.00507	0.00181	0.00145	0.00326
41	0.00545	0.00452	0.00532	0.00411	0.00614	0.00352	0.00319	0.01680	0.00584	0.00895	0.00700	0.16502	0.00683	0.00333	0.00236	0.00056	0.00200	0.00283	0.02582	0.72041
42	0.00727	0.00618	0.00651	0.00578	0.00742	0.00712	0.00452	0.07748	0.81551	0.01220	0.01111	0.01023	0.00831	0.00379	0.00286	0.00095	0.00229	0.00313	0.00286	0.00448
43	0.00700	0.00604	0.00636	0.00573	0.00732	0.00700	0.00445	0.01495	0.87848	0.01177	0.01145	0.01050	0.00859	0.00382	0.00286	0.00095	0.00223	0.00318	0.00286	0.00445
44	0.00902	0.00663	0.00725	0.00588	0.00766	0.00724	0.00472	0.67354	0.01142	0.01530	0.00877	0.21252	0.00797	0.00463	0.00299	0.00091	0.00276	0.00379	0.00277	0.00421
45	0.00583	0.00500	0.00583	0.00417	0.00667	0.00375	0.00333	0.00709	0.00583	0.00917	0.00500	0.00583	0.00417	0.00208	0.00208	0.00042	0.00208	0.00167	0.00167	0.91831
46	0.00700	0.00604	0.00636	0.00573	0.00732	0.00700	0.00445	0.01495	0.87848	0.01177	0.01145	0.01050	0.00859	0.00382	0.00286	0.00095	0.00223	0.00318	0.00286	0.00445
47	0.00695	0.00508	0.00577	0.00516	0.00633	0.00540	0.00394	0.42524	0.00918	0.01229	0.01127	0.46717	0.01192	0.00618	0.00322	0.00100	0.00234	0.00535	0.00271	0.00350
48	0.00343	0.00245	0.00326	0.00392	0.00408	0.00229	0.00261	0.00392	0.00539	0.00718	0.01551	0.89928	0.01861	0.00882	0.00359	0.00114	0.00163	0.00800	0.00261	0.00229
49	0.00583	0.00500	0.00583	0.00417	0.00667	0.00375	0.00333	0.00709	0.00583	0.00917	0.00500	0.00583	0.00417	0.00208	0.00208	0.00042	0.00208	0.00167	0.00167	0.91831
50	0.00512	0.00417	0.00499	0.00415	0.00580	0.00339	0.00314	0.03495	0.00592	0.00873	0.00887	0.33005	0.00943	0.00457	0.00266	0.00069	0.00195	0.00399	0.00205	0.55536
51	0.00700	0.00604	0.00636	0.00573	0.00732	0.00700	0.00445	0.01495	0.87848	0.01177	0.01145	0.01050	0.00859	0.00382	0.00286	0.00095	0.00223	0.00318	0.00286	0.00445
52	0.00373	0.00268	0.00353	0.00371	0.00415	0.00248	0.00264	0.00467	0.00678	0.00939	0.48222	0.42626	0.02289	0.00717	0.00344	0.00100	0.00147	0.00643	0.00287	0.00248
53	0.00907	0.00664	0.00723	0.00574	0.00748	0.00731	0.00459	0.66083	0.01102	0.01480	0.00718	0.00908	0.00589	0.15954	0.06936	0.00144	0.00336	0.00284	0.00253	0.00409
54	0.00530	0.00450	0.00721	0.70566	0.01597	0.00548	0.00658	0.00706	0.00568	0.00789	0.00589	0.00813	0.00448	0.00291	0.00263	0.00088	0.00323	0.00253	0.19497	0.00302
55	0.00700	0.00604	0.00636	0.00573	0.00732	0.00700	0.00445	0.01495	0.87848	0.01177	0.01145	0.01050	0.00859	0.00382	0.00286	0.00095	0.00223	0.00318	0.00286	0.00445
56	0.01022	0.00751	0.00805	0.00623	0.00831	0.00829	0.00508	0.81086	0.01256	0.01684	0.00691	0.00760	0.00518	0.06870	0.00365	0.00098	0.00307	0.00265	0.00273	0.00456
57	0.00333	0.00282	0.00288	0.00293	0.00382	0.00237	0.00217	0.00403	0.00634	0.00757	0.02756	0.09055	0.81956	0.00725	0.00334	0.00096	0.00144	0.00609	0.00261	0.00237
58	0.00564	0.01455	0.88653	0.00802	0.01218	0.00653	0.01040	0.00891	0.00594	0.00891	0.00505	0.00594	0.00356	0.00267	0.00267	0.00089	0.00416	0.00208	0.00119	0.00416
59	0.00700	0.00604	0.00636	0.00573	0.00732	0.00700	0.00445	0.01495	0.87848	0.01177	0.01145	0.01050	0.00859	0.00382	0.00286	0.00095	0.00223	0.00318	0.00286	0.00445
60	0.00567	0.01442	0.87209	0.00817	0.02656	0.00654	0.01037	0.00891	0.00595	0.00892	0.00505	0.00596	0.00358	0.00267	0.00268	0.00089	0.00415	0.00209	0.00119	0.00416
61	0.00480	0.00248	0.00371	0.01584	0.00391	0.00249	0.00253	0.00373	0.00380	0.00506	0.00554	0.06273	0.00571	0.00962	0.01043	0.84982	0.00241	0.00278	0.00131	0.00131
62	0.00409	0.00273	0.00307	0.00307	0.00307	0.00273	0.00170	0.00409	0.00409	0.00546	0.00887	0.01841	0.01023	0.90111	0.01432	0.00273	0.00273	0.00409	0.00170	0.00170
63	0.00616	0.00616	0.00862	0.00739	0.00739	0.00862	0.00616	0.00677	0.00431	0.00677	0.00369	0.00616	0.00369	0.00492	0.00923	0.00123	0.89596	0.00246	0.00123	0.00308
64	0.00459	0.00300	0.00394	0.00366	0.00442	0.00275	0.00276	0.00587	0.00787	0.07473	0.78366	0.05570	0.02480	0.00571	0.00329	0.00089	0.00142	0.00504	0.00311	0.00280
65	0.00373	0.00278	0.00357	0.00390	0.00438	0.00248	0.00267	0.00432	0.00546	0.00742	0.01457	0.74743	0.04656	0.01880	0.00353	0.00107	0.00169	0.00709	0.00248	0.11606
66	0.00882	0.00648	0.00710	0.00581	0.00752	0.00706	0.00464	0.64907	0.01120	0.01500	0.00902	0.23762	0.00836	0.00478	0.00302	0.00092	0.00272	0.00395	0.00276	0.00414
67	0.00927	0.00682	0.00743	0.00597	0.00781	0.00746	0.00481	0.70346	0.01169	0.01566	0.00847	0.18184	0.00750	0.00444	0.00297	0.00090	0.00281	0.00361	0.00278	0.00429
68	0.00333	0.00285	0.00285	0.00285	0.00380	0.00238	0.00214	0.00404	0.00641	0.00760	0.02850	0.02708	0.88242	0.00713	0.00333	0.00095	0.00143	0.00594	0.00261	0.00238
69	0.92099	0.00544	0.00414	0.00370	0.00544	0.00631	0.00305	0.00827	0.00479	0.01262	0.00392	0.00457	0.00305	0.00261	0.00174	0.00087	0.00218	0.00152	0.00174	0.00305
70	0.00402	0.00301	0.00452	0.00452	0.00502	0.00352	0.00352	0.00502	0.00452	0.00653	0.00754	0.01105	0.00703	0.02110	0.88996	0.00452	0.00754	0.00301	0.00151	0.00251
71	0.00901	0.00657	0.00707	0.00561	0.00728	0.00720	0.00442	0.65235	0.01090	0.01460	0.00729	0.00973	0.00617	0.23225	0.00575	0.00132	0.00300	0.00293	0.00253	0.00400
72	0.00911	0.00664	0.00715	0.00566	0.00737	0.00729	0.00447	0.66530	0.01104	0.01479	0.00726	0.00955	0.00609	0.21890	0.00558	0.00130	0.00301	0.00291	0.00255	0.00405
73	0.00568	0.00462	0.00542	0.00432	0.00620	0.00384	0.00334	0.08809	0.00642	0.00947	0.00786	0.23479	0.00793	0.00393	0.00254	0.00064	0.00206	0.00337	0.00202	0.59746
74	0.00409	0.00273	0.00307	0.00307	0.00307	0.00273	0.00170	0.00409	0.00409	0.00546	0.00887	0.01841	0.01023	0.90111	0.01432	0.00273	0.00273	0.00409	0.00170	0.00170
75	0.00398	0.00288	0.00376	0.00354	0.00420	0.00265	0.00265	0.00531	0.00796	0.01128	0.88207	0.02102	0.02655	0.00575	0.00332	0.00088	0.00133	0.00509	0.00310	0.00265
76	0.01070	0.00788	0.00844	0.00647	0.00873	0.00873	0.00535	0.87418	0.01323	0.01773	0.00676	0.00676	0.00479	0.00338	0.00281	0.00084	0.00310	0.00253	0.00281	0.00479
77	0.00348	0.00248	0.00324	0.00383	0.00399	0.00232	0.00253	0.00393	0.00530	0.00705	0.01515	0.81491	0.03011	0.08179	0.00447	0.00127	0.00172	0.00765	0.00254	0.00224
78	0.00475	0.00324	0.00360	0.00341	0.00363	0.00332	0.00207	0.09019	0.00500	0.00667	0.00866	0.01726	0.00969	0.81227	0.01318	0.00254	0.00276	0.00394	0.00181	0.00201
79	0.00619	0.00521	0.00602	0.00434	0.00682	0.00411	0.00348	0.07018	0.00637	0.00979	0.00513	0.00590	0.00421	0.00218	0.00214	0.00045	0.00216	0.00173	0.00175	0.85184
80	0.00341	0.00288	0.00297	0.00302	0.00395	0.00244	0.00231	0.00417	0.00642	0.00766	0.02751	0.02742	0.81938	0.00717	0.00337	0.00098	0.00151	0.06842	0.00261	0.00239

[dist]
# distance from previous block
# <min> <max>
0	2

[block]
# block no. 2 follows, 104 sequences, length 8
# corresponding to MSA columns:
# 210-217
name=unknown_C
#
# <colnr> <probs for GDERKNQSTAVLIFYWHMCP>
#	G	D	E	R	K	N	Q	S	T	A	V	L	I	F	Y	W	H	M	C	P
0	0.00954	0.00649	0.00722	0.00575	0.00760	0.00696	0.00464	0.60354	0.01116	0.11636	0.04860	0.10734	0.00779	0.03943	0.00338	0.00096	0.00276	0.00335	0.00284	0.00429
1	0.00413	0.00311	0.00410	0.00381	0.00443	0.00307	0.00290	0.00541	0.00771	0.01097	0.82080	0.01998	0.02496	0.00569	0.00373	0.00091	0.06374	0.00491	0.00297	0.00268
2	0.01070	0.00788	0.00844	0.00647	0.00873	0.00873	0.00535	0.87418	0.01323	0.01773	0.00676	0.00676	0.00479	0.00338	0.00281	0.00084	0.00310	0.00253	0.00281	0.00479
3	0.00351	0.00289	0.00313	0.00326	0.00412	0.00250	0.00253	0.00431	0.00637	0.00771	0.02580	0.06994	0.70869	0.00731	0.00342	0.00101	0.00161	0.13687	0.00261	0.00240
4	0.01070	0.00788	0.00844	0.00647	0.00873	0.00873	0.00535	0.87418	0.01323	0.01773	0.00676	0.00676	0.00479	0.00338	0.00281	0.00084	0.00310	0.00253	0.00281	0.00479
5	0.00616	0.00449	0.00521	0.00488	0.00583	0.00471	0.00364	0.33096	0.00833	0.01115	0.01222	0.56387	0.01341	0.00677	0.00330	0.00103	0.00218	0.00595	0.00269	0.00322
6	0.00664	0.00759	0.01660	0.01186	0.01471	0.00712	0.87334	0.00901	0.00664	0.00901	0.00569	0.00759	0.00427	0.00237	0.00332	0.00095	0.00474	0.00332	0.00142	0.00380
7	0.00752	0.90280	0.01474	0.00481	0.00722	0.01113	0.00481	0.00843	0.00572	0.00662	0.00391	0.00451	0.00361	0.00241	0.00181	0.00060	0.00301	0.00150	0.00120	0.00361

[dist]
# distance from previous block
# <min> <max>
0	0

# created by:
# /share/home/app/bin/augustus-3.3.1/scripts/msa2prfl.pl /dev/shm/tmp/ogap_db/mt-eudicotyledons/msas/ccmB.aln --setname=ccmB
