[name]
ccmFc

[dist]
# distance from previous block
# <min> <max>
0	0

[block]
# block no. 0 follows, 95 sequences, length 80
# corresponding to MSA columns:
# 0-79
name=unknown_A
#
# <colnr> <probs for GDERKNQSTAVLIFYWHMCP>
#	G	D	E	R	K	N	Q	S	T	A	V	L	I	F	Y	W	H	M	C	P
0	0.00489	0.00349	0.00489	0.00559	0.00629	0.00349	0.00489	0.00629	0.00698	0.00908	0.01606	0.03422	0.01746	0.00838	0.00419	0.00140	0.00279	0.85402	0.00279	0.00279
1	0.00428	0.00310	0.00404	0.00380	0.00453	0.00286	0.00285	0.00570	0.00856	0.01210	0.85862	0.02277	0.04290	0.00623	0.00358	0.00096	0.00143	0.00550	0.00333	0.00286
2	0.00717	0.00817	0.01782	0.01288	0.02935	0.00767	0.85001	0.00971	0.00716	0.00972	0.00613	0.00817	0.00461	0.00256	0.00357	0.00102	0.00509	0.00357	0.00153	0.00410
3	0.00370	0.00264	0.00352	0.00422	0.00440	0.00246	0.00282	0.00422	0.00581	0.00775	0.01672	0.89139	0.02007	0.00951	0.00387	0.00123	0.00176	0.00863	0.00282	0.00246
4	0.00686	0.00708	0.00996	0.00834	0.00872	0.05161	0.08739	0.00772	0.00508	0.00753	0.00432	0.00686	0.00413	0.00538	0.03059	0.00136	0.73960	0.00272	0.00137	0.00339
5	0.01133	0.01446	0.00860	0.00782	0.00938	0.88119	0.00586	0.01212	0.00860	0.00743	0.00469	0.00547	0.00391	0.00313	0.00274	0.00078	0.00547	0.00195	0.00156	0.00352
6	0.00486	0.00326	0.00364	0.00351	0.00367	0.00332	0.00207	0.05469	0.00504	0.00679	0.00944	0.01891	0.01061	0.81937	0.01439	0.00277	0.00293	0.00427	0.02441	0.00206
7	0.00435	0.00292	0.00333	0.00339	0.00340	0.00290	0.00192	0.00440	0.00453	0.00605	0.01019	0.09616	0.01182	0.81599	0.01443	0.00279	0.00284	0.00478	0.00192	0.00189
8	0.00441	0.00294	0.00331	0.00331	0.00331	0.00294	0.00184	0.00441	0.00441	0.00588	0.00956	0.01985	0.01103	0.89337	0.01544	0.00294	0.00294	0.00441	0.00184	0.00184
9	0.00436	0.00292	0.00332	0.00337	0.00338	0.00291	0.00190	0.00440	0.00450	0.00601	0.01003	0.07737	0.01163	0.83504	0.01468	0.00283	0.00286	0.00469	0.00190	0.00188
10	0.00359	0.00307	0.00307	0.00307	0.00410	0.00256	0.00231	0.00435	0.00692	0.00820	0.03074	0.02920	0.87322	0.00768	0.00359	0.00102	0.00154	0.00640	0.00282	0.00256
11	0.00658	0.00564	0.00596	0.00549	0.00698	0.00631	0.00422	0.01321	0.65633	0.01155	0.01591	0.07556	0.16309	0.00512	0.00323	0.00104	0.00220	0.00432	0.00302	0.00424
12	0.00914	0.00663	0.00716	0.00576	0.00738	0.00723	0.00446	0.57592	0.01098	0.01470	0.00813	0.02168	0.00723	0.29172	0.00706	0.00157	0.00319	0.00334	0.00265	0.00405
13	0.00488	0.00348	0.00487	0.00555	0.00625	0.00348	0.00484	0.00627	0.00702	0.00915	0.03567	0.03396	0.01772	0.00833	0.00418	0.00139	0.00276	0.83461	0.00281	0.00280
14	0.00453	0.00315	0.00410	0.00383	0.00456	0.00291	0.00286	0.00589	0.00841	0.03331	0.81448	0.02224	0.02735	0.04421	0.00407	0.00104	0.00152	0.00538	0.00329	0.00288
15	0.00429	0.00310	0.00406	0.00382	0.00453	0.00286	0.00286	0.00573	0.00859	0.01217	0.87285	0.02266	0.02863	0.00620	0.00358	0.00095	0.00143	0.00549	0.00334	0.00286
16	0.00593	0.00501	0.00590	0.00446	0.00680	0.00382	0.00349	0.00716	0.00622	0.00959	0.00699	0.13073	0.00668	0.00327	0.00248	0.00056	0.00218	0.00276	0.00194	0.78406
17	0.00571	0.00463	0.00724	0.62479	0.01576	0.00558	0.00656	0.00755	0.00615	0.00880	0.00673	0.00904	0.00515	0.00318	0.00276	0.00092	0.00327	0.00274	0.27022	0.00321
18	0.91480	0.00587	0.00446	0.00399	0.00587	0.00681	0.00329	0.00892	0.00516	0.01361	0.00422	0.00493	0.00329	0.00282	0.00188	0.00094	0.00235	0.00164	0.00188	0.00329
19	0.00755	0.00652	0.00686	0.00617	0.00789	0.00755	0.00480	0.01612	0.86896	0.01269	0.01235	0.01132	0.00926	0.00412	0.00309	0.00103	0.00240	0.00343	0.00309	0.00480
20	0.01361	0.00516	0.00704	0.00540	0.00775	0.00446	0.00446	0.01479	0.00868	0.87655	0.01197	0.01033	0.00751	0.00376	0.00305	0.00094	0.00258	0.00305	0.00376	0.00516
21	0.01352	0.00531	0.00713	0.00547	0.00782	0.00467	0.00452	0.05124	0.00892	0.83976	0.01177	0.01020	0.00741	0.00375	0.00305	0.00094	0.00261	0.00304	0.00372	0.00516
22	0.00629	0.00539	0.00629	0.00449	0.00719	0.00404	0.00360	0.00764	0.00629	0.00989	0.00539	0.00629	0.00449	0.00225	0.00225	0.00045	0.00225	0.00180	0.00180	0.91192
23	0.00458	0.00311	0.00408	0.00394	0.00464	0.00286	0.00291	0.00584	0.00809	0.04843	0.67578	0.17022	0.04061	0.00669	0.00361	0.00100	0.00154	0.00593	0.00326	0.00289
24	0.00370	0.00264	0.00352	0.00422	0.00440	0.00246	0.00282	0.00422	0.00581	0.00775	0.01672	0.89139	0.02007	0.00951	0.00387	0.00123	0.00176	0.00863	0.00282	0.00246
25	0.00379	0.00265	0.00353	0.00418	0.00435	0.00249	0.00278	0.00422	0.00568	0.00758	0.01600	0.82512	0.01914	0.03838	0.00459	0.04035	0.00184	0.00823	0.00272	0.00239
26	0.00750	0.00724	0.01250	0.01843	0.84644	0.00722	0.03717	0.00932	0.00692	0.00991	0.00572	0.00753	0.00480	0.00270	0.00302	0.00091	0.00365	0.00273	0.00150	0.00478
27	0.00527	0.00264	0.00395	0.00395	0.00395	0.00264	0.00264	0.00395	0.00395	0.00527	0.00527	0.00922	0.00527	0.01054	0.01186	0.91173	0.00264	0.00264	0.00132	0.00132
28	0.00441	0.00294	0.00331	0.00331	0.00331	0.00294	0.00184	0.00441	0.00441	0.00588	0.00956	0.01985	0.01103	0.89337	0.01544	0.00294	0.00294	0.00441	0.00184	0.00184
29	0.00430	0.00309	0.00401	0.00379	0.00446	0.00287	0.00280	0.00565	0.00834	0.01179	0.82082	0.02249	0.02757	0.05967	0.00429	0.00107	0.00152	0.00542	0.00325	0.00280
30	0.01153	0.00850	0.00911	0.00698	0.00941	0.00941	0.00577	0.86433	0.01427	0.01912	0.00728	0.00728	0.00516	0.00364	0.00304	0.00091	0.00334	0.00273	0.00304	0.00516
31	0.00573	0.00539	0.00910	0.88608	0.02090	0.00674	0.00843	0.00775	0.00607	0.00775	0.00539	0.00809	0.00404	0.00303	0.00303	0.00101	0.00404	0.00270	0.00135	0.00337
32	0.00802	0.85746	0.05287	0.00534	0.00802	0.01179	0.00545	0.00911	0.00618	0.00724	0.00427	0.00493	0.00389	0.00261	0.00199	0.00066	0.00330	0.00165	0.00130	0.00392
33	0.00437	0.00312	0.00405	0.00380	0.00455	0.00287	0.00286	0.00577	0.00852	0.02226	0.82649	0.02280	0.06461	0.00624	0.00357	0.00096	0.00145	0.00550	0.00332	0.00288
34	0.00750	0.00611	0.00694	0.00507	0.00770	0.00528	0.00409	0.20450	0.00812	0.01201	0.00583	0.00652	0.00465	0.00257	0.00243	0.00056	0.00250	0.00201	0.00208	0.70356
35	0.00732	0.00621	0.00655	0.00591	0.00757	0.00708	0.00459	0.01513	0.78390	0.02606	0.01387	0.01278	0.08077	0.00441	0.00313	0.00103	0.00233	0.00367	0.00308	0.00462
36	0.91480	0.00587	0.00446	0.00399	0.00587	0.00681	0.00329	0.00892	0.00516	0.01361	0.00422	0.00493	0.00329	0.00282	0.00188	0.00094	0.00235	0.00164	0.00188	0.00329
37	0.01361	0.00516	0.00704	0.00540	0.00775	0.00446	0.00446	0.01479	0.00868	0.87655	0.01197	0.01033	0.00751	0.00376	0.00305	0.00094	0.00258	0.00305	0.00376	0.00516
38	0.00610	0.00519	0.00609	0.00447	0.00699	0.00393	0.00354	0.00739	0.00626	0.00973	0.00622	0.07106	0.00563	0.00278	0.00237	0.00051	0.00221	0.00230	0.00187	0.84537
39	0.00768	0.00549	0.00597	0.00499	0.00611	0.00591	0.00364	0.39915	0.00894	0.01196	0.00852	0.01408	0.00834	0.48495	0.00975	0.00201	0.00312	0.00364	0.00239	0.00336
40	0.01035	0.00758	0.00815	0.00637	0.00840	0.00834	0.00512	0.72198	0.01263	0.01693	0.00766	0.00937	0.00613	0.15093	0.00509	0.00125	0.00327	0.00301	0.00284	0.00461
41	0.01133	0.01446	0.00860	0.00782	0.00938	0.88119	0.00586	0.01212	0.00860	0.00743	0.00469	0.00547	0.00391	0.00313	0.00274	0.00078	0.00547	0.00195	0.00156	0.00352
42	0.91480	0.00587	0.00446	0.00399	0.00587	0.00681	0.00329	0.00892	0.00516	0.01361	0.00422	0.00493	0.00329	0.00282	0.00188	0.00094	0.00235	0.00164	0.00188	0.00329
43	0.00755	0.00652	0.00686	0.00617	0.00789	0.00755	0.00480	0.01612	0.86896	0.01269	0.01235	0.01132	0.00926	0.00412	0.00309	0.00103	0.00240	0.00343	0.00309	0.00480
44	0.00366	0.00310	0.00338	0.00339	0.00434	0.00264	0.01700	0.00443	0.00677	0.00816	0.02845	0.14359	0.74492	0.00784	0.00362	0.00105	0.00163	0.00665	0.00280	0.00257
45	0.00370	0.00324	0.00315	0.00314	0.00418	0.01539	0.00236	0.00447	0.00694	0.00818	0.03036	0.02885	0.86052	0.00762	0.00357	0.00102	0.00159	0.00634	0.00280	0.00258
46	0.00629	0.00539	0.00629	0.00449	0.00719	0.00404	0.00360	0.00764	0.00629	0.00989	0.00539	0.00629	0.00449	0.00225	0.00225	0.00045	0.00225	0.00180	0.00180	0.91192
47	0.00359	0.00307	0.00307	0.00307	0.00410	0.00256	0.00231	0.00435	0.00692	0.00820	0.03074	0.02920	0.87322	0.00768	0.00359	0.00102	0.00154	0.00640	0.00282	0.00256
48	0.00549	0.00455	0.00544	0.00441	0.00633	0.00356	0.00336	0.00659	0.00614	0.00923	0.00888	0.27873	0.00929	0.00448	0.00275	0.00069	0.00210	0.00390	0.00211	0.63199
49	0.00359	0.00307	0.00307	0.00307	0.00410	0.00256	0.00231	0.00435	0.00692	0.00820	0.03074	0.02920	0.87322	0.00768	0.00359	0.00102	0.00154	0.00640	0.00282	0.00256
50	0.00860	0.00676	0.00753	0.00559	0.00817	0.00640	0.00455	0.38456	0.00980	0.01395	0.00622	0.00673	0.00479	0.00286	0.00259	0.00065	0.00273	0.00221	0.00234	0.51297
51	0.00981	0.00686	0.00762	0.00621	0.00809	0.00739	0.00497	0.59714	0.01184	0.07877	0.00988	0.21863	0.00889	0.00505	0.00324	0.00099	0.00291	0.00416	0.00304	0.00452
52	0.00441	0.00294	0.00331	0.00331	0.00331	0.00294	0.00184	0.00441	0.00441	0.00588	0.00956	0.01985	0.01103	0.89337	0.01544	0.00294	0.00294	0.00441	0.00184	0.00184
53	0.00627	0.00526	0.00615	0.00458	0.00702	0.00413	0.00362	0.04483	0.00659	0.01009	0.00656	0.09116	0.00602	0.00300	0.00244	0.00054	0.00225	0.00249	0.00195	0.78505
54	0.00370	0.00264	0.00352	0.00422	0.00440	0.00246	0.00282	0.00422	0.00581	0.00775	0.01672	0.89139	0.02007	0.00951	0.00387	0.00123	0.00176	0.00863	0.00282	0.00246
55	0.00379	0.00273	0.00365	0.00442	0.01820	0.00256	0.00288	0.00431	0.00577	0.00770	0.01626	0.84224	0.01946	0.04498	0.00432	0.00130	0.00184	0.00836	0.00276	0.00248
56	0.00428	0.00310	0.00403	0.00380	0.00452	0.00286	0.00285	0.00569	0.00855	0.01207	0.85249	0.02282	0.04904	0.00624	0.00358	0.00096	0.00143	0.00551	0.00333	0.00286
57	0.00439	0.00323	0.00479	0.00479	0.00534	0.00375	0.00373	0.00548	0.00494	0.00722	0.00820	0.01189	0.00759	0.02198	0.84595	0.00471	0.00786	0.00323	0.03821	0.00271
58	0.00369	0.00265	0.00351	0.00420	0.00439	0.00247	0.00280	0.00423	0.00584	0.00776	0.01706	0.87059	0.04065	0.00946	0.00387	0.00123	0.00175	0.00857	0.00282	0.00247
59	0.00664	0.00664	0.00929	0.00797	0.00797	0.00929	0.00664	0.00730	0.00465	0.00730	0.00398	0.00664	0.00398	0.00531	0.00996	0.00133	0.88782	0.00266	0.00133	0.00332
60	0.01153	0.00850	0.00911	0.00698	0.00941	0.00941	0.00577	0.86433	0.01427	0.01912	0.00728	0.00728	0.00516	0.00364	0.00304	0.00091	0.00334	0.00273	0.00304	0.00516
61	0.00591	0.00550	0.00914	0.85132	0.03054	0.00682	0.00836	0.03177	0.00631	0.00810	0.00545	0.00806	0.00408	0.00305	0.00303	0.00101	0.00402	0.00270	0.00140	0.00344
62	0.00751	0.00721	0.01232	0.01862	0.87445	0.00721	0.00931	0.00931	0.00691	0.00991	0.00571	0.00751	0.00481	0.00270	0.00300	0.00090	0.00360	0.00270	0.00150	0.00481
63	0.00432	0.00295	0.00329	0.00330	0.00341	0.00290	0.00190	0.00440	0.00469	0.00615	0.01187	0.03182	0.10141	0.78950	0.01406	0.00272	0.00278	0.00467	0.00195	0.00192
64	0.00359	0.00307	0.00307	0.00307	0.00410	0.00256	0.00231	0.00435	0.00692	0.00820	0.03074	0.02920	0.87322	0.00768	0.00359	0.00102	0.00154	0.00640	0.00282	0.00256
65	0.06131	0.00542	0.00882	0.83215	0.01998	0.00674	0.00811	0.00782	0.00601	0.00811	0.00532	0.00790	0.00400	0.00302	0.00296	0.00101	0.00394	0.00263	0.00138	0.00337
66	0.01129	0.00817	0.00880	0.00678	0.00910	0.00899	0.00556	0.80363	0.01369	0.04257	0.00751	0.00791	0.00548	0.04182	0.00357	0.00100	0.00330	0.00281	0.00300	0.00502
67	0.00581	0.00401	0.00519	0.00546	0.00645	0.00407	0.00464	0.00818	0.13265	0.07301	0.01627	0.03948	0.07626	0.00739	0.00390	0.00128	0.00262	0.59718	0.00291	0.00324
68	0.00827	0.87026	0.01565	0.00520	0.00779	0.01179	0.00517	0.00924	0.00624	0.03149	0.00444	0.00502	0.00399	0.00263	0.00198	0.00066	0.00323	0.00166	0.00137	0.00393
69	0.74077	0.00578	0.00535	0.17286	0.00874	0.00679	0.00427	0.00870	0.00534	0.01249	0.00445	0.00553	0.00343	0.00286	0.00210	0.00095	0.00267	0.00184	0.00178	0.00330
70	0.01264	0.00552	0.04765	0.00544	0.00778	0.00447	0.00467	0.01394	0.00857	0.77816	0.06917	0.01097	0.00875	0.00388	0.00308	0.00094	0.00259	0.00318	0.00361	0.00498
71	0.00751	0.00721	0.01232	0.01862	0.87445	0.00721	0.00931	0.00931	0.00691	0.00991	0.00571	0.00751	0.00481	0.00270	0.00300	0.00090	0.00360	0.00270	0.00150	0.00481
72	0.01115	0.00822	0.00886	0.00690	0.00923	0.00908	0.00571	0.81022	0.02427	0.01853	0.00779	0.00871	0.00584	0.00389	0.00309	0.00094	0.00330	0.04621	0.00302	0.00503
73	0.85546	0.00583	0.00473	0.04626	0.00662	0.00676	0.00355	0.00897	0.00527	0.02847	0.00442	0.00517	0.00340	0.00284	0.00195	0.00094	0.00243	0.00172	0.00189	0.00332
74	0.00429	0.00310	0.00406	0.00382	0.00453	0.00286	0.00286	0.00573	0.00859	0.01217	0.87285	0.02266	0.02863	0.00620	0.00358	0.00095	0.00143	0.00549	0.00334	0.00286
75	0.00370	0.00264	0.00352	0.00422	0.00440	0.00246	0.00282	0.00422	0.00581	0.00775	0.01672	0.89139	0.02007	0.00951	0.00387	0.00123	0.00176	0.00863	0.00282	0.00246
76	0.00429	0.00310	0.00406	0.00382	0.00453	0.00286	0.00286	0.00573	0.00859	0.01217	0.87285	0.02266	0.02863	0.00620	0.00358	0.00095	0.00143	0.00549	0.00334	0.00286
77	0.00569	0.00536	0.00900	0.87175	0.02062	0.00667	0.00833	0.00770	0.00608	0.00776	0.00580	0.00843	0.01815	0.00311	0.00304	0.00101	0.00400	0.00276	0.00137	0.00336
78	0.01361	0.00516	0.00704	0.00540	0.00775	0.00446	0.00446	0.01479	0.00868	0.87655	0.01197	0.01033	0.00751	0.00376	0.00305	0.00094	0.00258	0.00305	0.00376	0.00516
79	0.01153	0.00863	0.00909	0.00700	0.00941	0.02800	0.00577	0.84615	0.01414	0.01887	0.00723	0.00725	0.00513	0.00363	0.00303	0.00091	0.00338	0.00272	0.00300	0.00512

[dist]
# distance from previous block
# <min> <max>
2	4

[block]
# block no. 1 follows, 95 sequences, length 7
# corresponding to MSA columns:
# 85-91
name=unknown_B
#
# <colnr> <probs for GDERKNQSTAVLIFYWHMCP>
#	G	D	E	R	K	N	Q	S	T	A	V	L	I	F	Y	W	H	M	C	P
0	0.00359	0.00307	0.00307	0.00307	0.00410	0.00256	0.00231	0.00435	0.00692	0.00820	0.03074	0.02920	0.87322	0.00768	0.00359	0.00102	0.00154	0.00640	0.00282	0.00256
1	0.00370	0.00264	0.00352	0.00422	0.00440	0.00246	0.00282	0.00422	0.00581	0.00775	0.01672	0.89139	0.02007	0.00951	0.00387	0.00123	0.00176	0.00863	0.00282	0.00246
2	0.00375	0.00266	0.00350	0.00415	0.00432	0.00250	0.00274	0.00424	0.00570	0.00760	0.01617	0.82362	0.01936	0.07823	0.00477	0.00137	0.00185	0.00830	0.00274	0.00242
3	0.00702	0.00555	0.00649	0.00468	0.00734	0.00436	0.00377	0.05450	0.00687	0.06305	0.00589	0.00659	0.00471	0.00241	0.00234	0.00050	0.00233	0.00192	0.00198	0.80768
4	0.00811	0.89520	0.01590	0.00519	0.00779	0.01201	0.00519	0.00909	0.00616	0.00714	0.00422	0.00487	0.00389	0.00260	0.00195	0.00065	0.00324	0.00162	0.00130	0.00389
5	0.00404	0.00356	0.00420	0.05226	0.08065	0.00319	0.00325	0.00497	0.00687	0.00832	0.02719	0.02617	0.75066	0.00700	0.00351	0.00101	0.00185	0.00588	0.00262	0.00280
6	0.00419	0.00396	0.00350	0.00344	0.00451	0.07088	0.00258	0.00496	0.00705	0.00814	0.02871	0.02735	0.80562	0.00733	0.00352	0.00101	0.00184	0.00606	0.00272	0.00264

[dist]
# distance from previous block
# <min> <max>
0	1

[block]
# block no. 2 follows, 95 sequences, length 7
# corresponding to MSA columns:
# 93-99
name=unknown_C
#
# <colnr> <probs for GDERKNQSTAVLIFYWHMCP>
#	G	D	E	R	K	N	Q	S	T	A	V	L	I	F	Y	W	H	M	C	P
0	0.61024	0.00710	0.11066	0.15124	0.00941	0.00695	0.00522	0.05053	0.00591	0.01243	0.00471	0.00575	0.00357	0.00290	0.00225	0.00095	0.00293	0.00194	0.00177	0.00354
1	0.07092	0.00529	0.00842	0.77224	0.01886	0.00651	0.00771	0.00764	0.00605	0.00820	0.00676	0.00907	0.05366	0.00328	0.00298	0.00101	0.00378	0.00283	0.00147	0.00332
2	0.01059	0.00800	0.00910	0.14942	0.01127	0.00898	0.00620	0.72554	0.01294	0.01728	0.00698	0.00741	0.00498	0.00354	0.00303	0.00093	0.00345	0.00273	0.00276	0.00487
3	0.01153	0.00850	0.00911	0.00698	0.00941	0.00941	0.00577	0.86433	0.01427	0.01912	0.00728	0.00728	0.00516	0.00364	0.00304	0.00091	0.00334	0.00273	0.00304	0.00516
4	0.01064	0.00797	0.00862	0.00655	0.00903	0.00849	0.00539	0.71761	0.01290	0.01754	0.00696	0.00711	0.00505	0.00340	0.00290	0.00083	0.00315	0.00257	0.00282	0.16045
5	0.00634	0.09101	0.75383	0.00892	0.06199	0.00748	0.01058	0.00955	0.00641	0.00941	0.00535	0.00634	0.00390	0.00285	0.00281	0.00093	0.00433	0.00221	0.00130	0.00445
6	0.00819	0.00684	0.00722	0.00631	0.00814	0.00785	0.00496	0.15355	0.73048	0.01373	0.01153	0.01067	0.00860	0.00404	0.00308	0.00101	0.00255	0.00332	0.00308	0.00486

[dist]
# distance from previous block
# <min> <max>
0	2

[block]
# block no. 3 follows, 95 sequences, length 16
# corresponding to MSA columns:
# 102-117
name=unknown_D
#
# <colnr> <probs for GDERKNQSTAVLIFYWHMCP>
#	G	D	E	R	K	N	Q	S	T	A	V	L	I	F	Y	W	H	M	C	P
0	0.08291	0.00561	0.00871	0.76137	0.01897	0.00690	0.00784	0.05671	0.00646	0.00890	0.00540	0.00778	0.00404	0.00305	0.00294	0.00100	0.00386	0.00261	0.00149	0.00347
1	0.00967	0.01137	0.00983	0.03108	0.32221	0.52550	0.00707	0.01083	0.00783	0.00830	0.00519	0.00660	0.00440	0.02363	0.00313	0.00088	0.00471	0.00230	0.00154	0.00394
2	0.01361	0.00516	0.00704	0.00540	0.00775	0.00446	0.00446	0.01479	0.00868	0.87655	0.01197	0.01033	0.00751	0.00376	0.00305	0.00094	0.00258	0.00305	0.00376	0.00516
3	0.00591	0.00428	0.00506	0.00493	0.00572	0.00442	0.00358	0.24291	0.00807	0.01079	0.01367	0.59336	0.01538	0.06132	0.00434	0.00125	0.00227	0.00674	0.00282	0.00317
4	0.00441	0.00294	0.00331	0.00331	0.00331	0.00294	0.00184	0.00441	0.00441	0.00588	0.00956	0.01985	0.01103	0.89337	0.01544	0.00294	0.00294	0.00441	0.00184	0.00184
5	0.00618	0.00515	0.00753	0.51933	0.01461	0.00592	0.00631	0.10052	0.00681	0.00923	0.00684	0.04211	0.00588	0.10335	0.00432	0.00116	0.00341	0.00305	0.07388	0.07441
6	0.00441	0.00294	0.00331	0.00331	0.00331	0.00294	0.00184	0.00441	0.00441	0.00588	0.00956	0.01985	0.01103	0.89337	0.01544	0.00294	0.00294	0.00441	0.00184	0.00184
7	0.00424	0.00306	0.00400	0.00386	0.00452	0.00282	0.00286	0.00558	0.00832	0.01174	0.79047	0.10625	0.02780	0.00652	0.00361	0.00098	0.00146	0.00579	0.00329	0.00282
8	0.00605	0.00513	0.00603	0.00447	0.00693	0.00389	0.00352	0.00732	0.00625	0.00968	0.00647	0.09021	0.00597	0.00294	0.00240	0.00052	0.00220	0.00244	0.00189	0.82569
9	0.00443	0.00308	0.00399	0.00390	0.00458	0.00282	0.00287	0.00564	0.00795	0.03845	0.62950	0.19073	0.07691	0.00685	0.00362	0.00101	0.00154	0.00607	0.00322	0.00284
10	0.00374	0.00268	0.00349	0.00411	0.00431	0.00250	0.00273	0.00424	0.00576	0.00764	0.01685	0.79213	0.05757	0.07101	0.00467	0.00134	0.00183	0.00823	0.00275	0.00243
11	0.00659	0.00658	0.00944	0.00805	0.00819	0.00901	0.03805	0.00735	0.00483	0.00746	0.00452	0.00774	0.00452	0.00533	0.00950	0.00132	0.82175	0.03505	0.00139	0.00333
12	0.00441	0.00294	0.00331	0.00331	0.00331	0.00294	0.00184	0.00441	0.00441	0.00588	0.00956	0.01985	0.01103	0.89337	0.01544	0.00294	0.00294	0.00441	0.00184	0.00184
13	0.00395	0.00293	0.00400	0.08678	0.00589	0.00289	0.00328	0.00464	0.00587	0.00783	0.01593	0.73284	0.05386	0.02492	0.00395	0.00122	0.00198	0.00774	0.02695	0.00255
14	0.00370	0.00264	0.00352	0.00422	0.00440	0.00246	0.00282	0.00422	0.00581	0.00775	0.01672	0.89139	0.02007	0.00951	0.00387	0.00123	0.00176	0.00863	0.00282	0.00246
15	0.00369	0.00268	0.00348	0.00412	0.00437	0.00247	0.00277	0.00424	0.00591	0.00778	0.01796	0.81530	0.09536	0.00934	0.00385	0.00121	0.00174	0.00843	0.00282	0.00247

[dist]
# distance from previous block
# <min> <max>
0	5

[block]
# block no. 4 follows, 95 sequences, length 20
# corresponding to MSA columns:
# 123-142
name=unknown_E
#
# <colnr> <probs for GDERKNQSTAVLIFYWHMCP>
#	G	D	E	R	K	N	Q	S	T	A	V	L	I	F	Y	W	H	M	C	P
0	0.76186	0.00569	0.00489	0.04338	0.00666	0.00646	0.00361	0.00930	0.00564	0.09220	0.03368	0.00615	0.00454	0.00302	0.00209	0.00094	0.00241	0.00195	0.00207	0.00345
1	0.00830	0.84256	0.01546	0.00535	0.00788	0.06395	0.00523	0.00927	0.00631	0.00716	0.00425	0.00490	0.00389	0.00263	0.00199	0.00066	0.00338	0.00164	0.00131	0.00387
2	0.00471	0.00354	0.00360	0.00362	0.00373	0.04998	0.00214	0.00481	0.00479	0.00615	0.01027	0.08590	0.02840	0.76055	0.01364	0.00266	0.00296	0.00464	0.00192	0.00199
3	0.01112	0.00826	0.00889	0.00679	0.00924	0.00899	0.00560	0.79748	0.01364	0.01840	0.00714	0.00721	0.00511	0.00353	0.00297	0.00087	0.00325	0.00266	0.00294	0.07592
4	0.00433	0.00325	0.00488	0.00488	0.00542	0.00379	0.00379	0.00542	0.00488	0.00704	0.00813	0.01192	0.00758	0.02275	0.88135	0.00488	0.00813	0.00325	0.00163	0.00271
5	0.00382	0.00269	0.00348	0.00406	0.00421	0.00255	0.00265	0.00426	0.00556	0.00742	0.01547	0.73869	0.01848	0.16437	0.00590	0.00153	0.00197	0.00789	0.00265	0.00235
6	0.00632	0.01538	0.83957	0.00857	0.01297	0.00715	0.01097	0.04709	0.00675	0.01003	0.00553	0.00644	0.00390	0.00292	0.00289	0.00096	0.00443	0.00226	0.00136	0.00451
7	0.01153	0.00850	0.00911	0.00698	0.00941	0.00941	0.00577	0.86433	0.01427	0.01912	0.00728	0.00728	0.00516	0.00364	0.00304	0.00091	0.00334	0.00273	0.00304	0.00516
8	0.00441	0.00294	0.00331	0.00331	0.00331	0.00294	0.00184	0.00441	0.00441	0.00588	0.00956	0.01985	0.01103	0.89337	0.01544	0.00294	0.00294	0.00441	0.00184	0.00184
9	0.00566	0.00283	0.00283	0.00283	0.00353	0.00283	0.00212	0.00707	0.00636	0.01131	0.00990	0.01131	0.00778	0.00353	0.00212	0.00071	0.00141	0.00283	0.91022	0.00283
10	0.86811	0.00583	0.00459	0.00406	0.00596	0.00668	0.00335	0.00922	0.00535	0.05832	0.00463	0.00521	0.00350	0.00287	0.00194	0.00094	0.00236	0.00172	0.00197	0.00338
11	0.00429	0.00310	0.00406	0.00382	0.00453	0.00286	0.00286	0.00573	0.00859	0.01217	0.87285	0.02266	0.02863	0.00620	0.00358	0.00095	0.00143	0.00549	0.00334	0.00286
12	0.00370	0.00264	0.00352	0.00422	0.00440	0.00246	0.00282	0.00422	0.00581	0.00775	0.01672	0.89139	0.02007	0.00951	0.00387	0.00123	0.00176	0.00863	0.00282	0.00246
13	0.03571	0.00417	0.00562	0.35417	0.01075	0.00477	0.00481	0.04137	0.00652	0.01028	0.00782	0.00966	0.00604	0.00332	0.00251	0.00084	0.00257	0.00273	0.48318	0.00315
14	0.00370	0.00264	0.00352	0.00422	0.00440	0.00246	0.00282	0.00422	0.00581	0.00775	0.01672	0.89139	0.02007	0.00951	0.00387	0.00123	0.00176	0.00863	0.00282	0.00246
15	0.00370	0.00264	0.00352	0.00422	0.00440	0.00246	0.00282	0.00422	0.00581	0.00775	0.01672	0.89139	0.02007	0.00951	0.00387	0.00123	0.00176	0.00863	0.00282	0.00246
16	0.00438	0.00293	0.00332	0.00335	0.00336	0.00292	0.00188	0.00440	0.00447	0.00597	0.00988	0.05865	0.01143	0.85403	0.01493	0.00287	0.00289	0.00460	0.00188	0.00187
17	0.00453	0.00293	0.00327	0.00327	0.00333	0.00293	0.00186	0.00466	0.00459	0.00638	0.00959	0.01907	0.01073	0.81202	0.01422	0.00274	0.00280	0.00427	0.08489	0.00193
18	0.00590	0.00505	0.00802	0.70698	0.01756	0.00615	0.00726	0.03432	0.00637	0.00872	0.00623	0.00862	0.00472	0.00314	0.00288	0.00096	0.00357	0.00272	0.15752	0.00333
19	0.00755	0.00652	0.00686	0.00617	0.00789	0.00755	0.00480	0.01612	0.86896	0.01269	0.01235	0.01132	0.00926	0.00412	0.00309	0.00103	0.00240	0.00343	0.00309	0.00480

[dist]
# distance from previous block
# <min> <max>
0	3

[block]
# block no. 5 follows, 95 sequences, length 19
# corresponding to MSA columns:
# 146-164
name=unknown_F
#
# <colnr> <probs for GDERKNQSTAVLIFYWHMCP>
#	G	D	E	R	K	N	Q	S	T	A	V	L	I	F	Y	W	H	M	C	P
0	0.00370	0.00264	0.00352	0.00422	0.00440	0.00246	0.00282	0.00422	0.00581	0.00775	0.01672	0.89139	0.02007	0.00951	0.00387	0.00123	0.00176	0.00863	0.00282	0.00246
1	0.00730	0.00543	0.00645	0.00466	0.00731	0.00422	0.00375	0.02788	0.00676	0.11595	0.00624	0.00681	0.00488	0.00246	0.00236	0.00052	0.00231	0.00197	0.00206	0.78068
2	0.00565	0.00524	0.00874	0.83151	0.01981	0.00651	0.00802	0.00755	0.00596	0.00764	0.00565	0.00882	0.00448	0.05807	0.00380	0.00113	0.00398	0.00280	0.00138	0.00328
3	0.00821	0.77277	0.01498	0.00551	0.00790	0.01164	0.00534	0.06182	0.00655	0.00789	0.00439	0.00515	0.00398	0.00287	0.00262	0.00072	0.07056	0.00177	0.00141	0.00393
4	0.00626	0.00572	0.00926	0.77674	0.06179	0.00697	0.00827	0.07301	0.00673	0.00872	0.00555	0.00800	0.00417	0.00306	0.00303	0.00100	0.00397	0.00270	0.00148	0.00358
5	0.01153	0.00850	0.00911	0.00698	0.00941	0.00941	0.00577	0.86433	0.01427	0.01912	0.00728	0.00728	0.00516	0.00364	0.00304	0.00091	0.00334	0.00273	0.00304	0.00516
6	0.01331	0.00519	0.00703	0.00542	0.00772	0.00456	0.00447	0.03415	0.00871	0.83300	0.01176	0.01030	0.00746	0.00427	0.02703	0.00105	0.00275	0.00305	0.00368	0.00510
7	0.00746	0.00748	0.03982	0.01831	0.84707	0.00720	0.00937	0.00932	0.00689	0.00990	0.00570	0.00747	0.00478	0.00271	0.00300	0.00090	0.00363	0.00269	0.00149	0.00480
8	0.09548	0.00555	0.00851	0.67573	0.01756	0.00683	0.00751	0.00782	0.00587	0.00840	0.00515	0.00756	0.00399	0.00317	0.00348	0.00100	0.08072	0.00254	0.00142	0.05172
9	0.00673	0.01480	0.80344	0.00837	0.01267	0.00683	0.01063	0.01005	0.00660	0.08351	0.00600	0.00674	0.00416	0.00296	0.00290	0.00096	0.00432	0.00231	0.00149	0.00454
10	0.00573	0.00539	0.00910	0.88608	0.02090	0.00674	0.00843	0.00775	0.00607	0.00775	0.00539	0.00809	0.00404	0.00303	0.00303	0.00101	0.00404	0.00270	0.00135	0.00337
11	0.01268	0.00524	0.00721	0.08050	0.00887	0.00478	0.00481	0.01424	0.04480	0.76600	0.01143	0.01018	0.00729	0.00371	0.00305	0.00095	0.00270	0.00304	0.00352	0.00500
12	0.00591	0.00574	0.01020	0.77734	0.02027	0.00686	0.11489	0.00800	0.00620	0.00800	0.00549	0.00810	0.00411	0.00297	0.00310	0.00101	0.00418	0.00281	0.00137	0.00346
13	0.00582	0.00547	0.00915	0.74995	0.11150	0.00659	0.00822	0.00775	0.00620	0.00801	0.00667	0.00906	0.04666	0.00323	0.00306	0.00100	0.00387	0.00288	0.00144	0.00348
14	0.00598	0.00552	0.00910	0.84869	0.02041	0.00685	0.00831	0.04419	0.00642	0.00824	0.00547	0.00805	0.00409	0.00306	0.00303	0.00101	0.00401	0.00270	0.00142	0.00345
15	0.00734	0.00743	0.03704	0.01745	0.75505	0.00713	0.08200	0.00923	0.00692	0.00984	0.00636	0.00808	0.02655	0.00282	0.00306	0.00092	0.00371	0.00286	0.00153	0.00468
16	0.54082	0.00567	0.00628	0.31747	0.01126	0.00680	0.00523	0.00838	0.00553	0.01127	0.02115	0.00645	0.00406	0.00305	0.00262	0.00098	0.03584	0.00213	0.00170	0.00331
17	0.00685	0.00765	0.01641	0.01187	0.01468	0.00715	0.77060	0.00920	0.00703	0.00955	0.00702	0.08343	0.00592	0.00314	0.00358	0.00103	0.00476	0.00397	0.00165	0.02450
18	0.00679	0.00592	0.00756	0.34408	0.01272	0.00697	0.00608	0.01239	0.48540	0.02630	0.01045	0.01082	0.04372	0.00384	0.00309	0.00102	0.00300	0.00327	0.00242	0.00416

[dist]
# distance from previous block
# <min> <max>
1	9

[block]
# block no. 6 follows, 95 sequences, length 6
# corresponding to MSA columns:
# 180-185
name=unknown_G
#
# <colnr> <probs for GDERKNQSTAVLIFYWHMCP>
#	G	D	E	R	K	N	Q	S	T	A	V	L	I	F	Y	W	H	M	C	P
0	0.91480	0.00587	0.00446	0.00399	0.00587	0.00681	0.00329	0.00892	0.00516	0.01361	0.00422	0.00493	0.00329	0.00282	0.00188	0.00094	0.00235	0.00164	0.00188	0.00329
1	0.01133	0.01446	0.00860	0.00782	0.00938	0.88119	0.00586	0.01212	0.00860	0.00743	0.00469	0.00547	0.00391	0.00313	0.00274	0.00078	0.00547	0.00195	0.00156	0.00352
2	0.00631	0.05642	0.74709	0.00925	0.06199	0.00732	0.05109	0.00957	0.00646	0.00951	0.00543	0.00648	0.00394	0.00284	0.00288	0.00095	0.00441	0.00230	0.00131	0.00446
3	0.00706	0.00886	0.09572	0.01241	0.01561	0.00762	0.78629	0.00971	0.00709	0.00971	0.00608	0.00802	0.00453	0.00259	0.00352	0.00102	0.00506	0.00346	0.00151	0.00413
4	0.33482	0.00578	0.00803	0.45598	0.01444	0.00673	0.07467	0.00866	0.00595	0.05097	0.00534	0.00706	0.00398	0.00295	0.00266	0.00098	0.00345	0.00240	0.00167	0.00348
5	0.00558	0.00504	0.00831	0.76828	0.01864	0.00619	0.00763	0.00746	0.00607	0.00798	0.00647	0.07054	0.00541	0.00352	0.00304	0.00101	0.00372	0.00312	0.05872	0.00327

[dist]
# distance from previous block
# <min> <max>
0	2

[block]
# block no. 7 follows, 95 sequences, length 7
# corresponding to MSA columns:
# 188-194
name=unknown_H
#
# <colnr> <probs for GDERKNQSTAVLIFYWHMCP>
#	G	D	E	R	K	N	Q	S	T	A	V	L	I	F	Y	W	H	M	C	P
0	0.01133	0.01446	0.00860	0.00782	0.00938	0.88119	0.00586	0.01212	0.00860	0.00743	0.00469	0.00547	0.00391	0.00313	0.00274	0.00078	0.00547	0.00195	0.00156	0.00352
1	0.00752	0.45791	0.26641	0.00750	0.01071	0.00975	0.14483	0.04710	0.00675	0.00880	0.00502	0.00595	0.00405	0.00272	0.00253	0.00081	0.00391	0.00217	0.00141	0.00415
2	0.00834	0.00878	0.01151	0.01628	0.68686	0.19673	0.00856	0.00992	0.00727	0.00937	0.00549	0.00707	0.00461	0.00280	0.00295	0.00088	0.00401	0.00254	0.00152	0.00453
3	0.00549	0.00478	0.00824	0.07370	0.04426	0.00475	0.19138	0.00717	0.00695	0.00911	0.01341	0.02529	0.05515	0.00645	0.00389	0.00125	0.00336	0.52983	0.00236	0.00319
4	0.06655	0.00622	0.00933	0.54443	0.15839	0.00725	0.00781	0.14568	0.00746	0.01032	0.00567	0.00766	0.00430	0.00306	0.00295	0.00097	0.00375	0.00263	0.00168	0.00389
5	0.00655	0.00388	0.00419	0.04970	0.00538	0.00409	0.00302	0.14469	0.00753	0.01214	0.00923	0.01087	0.00731	0.04297	0.00291	0.00085	0.00193	0.00288	0.67671	0.00319
6	0.00813	0.00637	0.00715	0.00546	0.00781	0.00603	0.00438	0.34740	0.00941	0.01335	0.00721	0.09007	0.00623	0.00348	0.00271	0.00071	0.00263	0.00281	0.00238	0.46628

[dist]
# distance from previous block
# <min> <max>
4	11

[block]
# block no. 8 follows, 95 sequences, length 8
# corresponding to MSA columns:
# 209-216
name=unknown_I
#
# <colnr> <probs for GDERKNQSTAVLIFYWHMCP>
#	G	D	E	R	K	N	Q	S	T	A	V	L	I	F	Y	W	H	M	C	P
0	0.00715	0.01423	0.74386	0.00822	0.01238	0.00688	0.01023	0.04946	0.00701	0.10351	0.00623	0.00687	0.00430	0.00301	0.00291	0.00096	0.00423	0.00235	0.00163	0.00459
1	0.64928	0.00541	0.00485	0.00421	0.00603	0.00592	0.00344	0.00953	0.00618	0.16132	0.11152	0.00802	0.00710	0.00339	0.00229	0.00094	0.00228	0.00235	0.00238	0.00356
2	0.00434	0.00291	0.00333	0.00341	0.00343	0.00289	0.00194	0.00439	0.00456	0.00608	0.01033	0.11382	0.01200	0.79808	0.01420	0.00276	0.00281	0.00487	0.00194	0.00191
3	0.76211	0.00569	0.00513	0.05521	0.00694	0.00653	0.03441	0.00862	0.00528	0.01273	0.00460	0.00562	0.00361	0.00314	0.00240	0.03592	0.00252	0.00185	0.03444	0.00323
4	0.00625	0.00539	0.00651	0.07248	0.00825	0.00425	0.00397	0.00765	0.00627	0.00972	0.00539	0.00643	0.00446	0.00231	0.00231	0.00049	0.00239	0.00187	0.00176	0.84185
5	0.00421	0.00304	0.00398	0.00387	0.00451	0.00281	0.00286	0.00552	0.00821	0.01156	0.75533	0.14191	0.02745	0.00666	0.00362	0.00099	0.00148	0.00592	0.00327	0.00281
6	0.01347	0.00540	0.00719	0.00551	0.00786	0.00481	0.00455	0.07482	0.00908	0.81595	0.01164	0.01011	0.00734	0.00375	0.00305	0.00094	0.00264	0.00303	0.00370	0.00516
7	0.00432	0.00290	0.00333	0.00342	0.00344	0.00288	0.00196	0.00439	0.00458	0.00611	0.01043	0.12618	0.01213	0.78554	0.01403	0.00273	0.00280	0.00493	0.00196	0.00191

[dist]
# distance from previous block
# <min> <max>
0	3

[block]
# block no. 9 follows, 95 sequences, length 12
# corresponding to MSA columns:
# 220-231
name=unknown_J
#
# <colnr> <probs for GDERKNQSTAVLIFYWHMCP>
#	G	D	E	R	K	N	Q	S	T	A	V	L	I	F	Y	W	H	M	C	P
0	0.00629	0.00539	0.00629	0.00449	0.00719	0.00404	0.00360	0.00764	0.00629	0.00989	0.00539	0.00629	0.00449	0.00225	0.00225	0.00045	0.00225	0.00180	0.00180	0.91192
1	0.19954	0.00875	0.10454	0.00654	0.00908	0.00860	0.00585	0.59084	0.01149	0.01692	0.00644	0.00669	0.00462	0.00339	0.00278	0.00092	0.00326	0.00245	0.00260	0.00469
2	0.19934	0.00736	0.00758	0.00605	0.00818	0.00813	0.00494	0.58923	0.01143	0.01675	0.00740	0.08261	0.00603	0.00394	0.00284	0.00093	0.00297	0.00299	0.00274	0.02856
3	0.64226	0.21294	0.00724	0.00434	0.00637	0.00798	0.00378	0.03935	0.00576	0.01223	0.00451	0.00520	0.00364	0.00282	0.00194	0.00086	0.00256	0.00172	0.03102	0.00348
4	0.65044	0.00611	0.00648	0.07973	0.18848	0.00688	0.00497	0.00890	0.00560	0.01236	0.00463	0.00573	0.00367	0.00281	0.00221	0.00094	0.00275	0.00195	0.00176	0.00361
5	0.01057	0.00464	0.00617	0.00506	0.00693	0.00405	0.00402	0.01180	0.02852	0.58139	0.03129	0.19426	0.01038	0.00489	0.00317	0.00096	0.00235	0.00417	0.00337	0.08202
6	0.00755	0.00358	0.00404	0.00360	0.00473	0.00349	0.00282	0.04701	0.00716	0.19222	0.01017	0.01094	0.00760	0.00410	0.02567	0.00088	0.00192	0.00288	0.65623	0.00342
7	0.03309	0.00433	0.00517	0.00458	0.00569	0.00438	0.00360	0.18514	0.00958	0.01349	0.61816	0.01957	0.02234	0.00569	0.00345	0.00097	0.00193	0.05229	0.00320	0.00335
8	0.52082	0.00684	0.07181	0.05653	0.00786	0.00698	0.00465	0.18707	0.00710	0.01335	0.00512	0.00611	0.00395	0.00371	0.00318	0.08443	0.00284	0.00207	0.00199	0.00359
9	0.56840	0.16023	0.00925	0.00603	0.00829	0.00789	0.18322	0.00911	0.00575	0.01168	0.00462	0.00560	0.00367	0.00272	0.00225	0.00091	0.00308	0.00204	0.00171	0.00356
10	0.00919	0.00421	0.00568	0.00478	0.00635	0.00375	0.00386	0.01049	0.00851	0.46168	0.35473	0.01719	0.01673	0.00511	0.00335	0.00098	0.00214	0.07373	0.00351	0.00405
11	0.00571	0.00491	0.00667	0.00521	0.00725	0.00413	0.07247	0.00702	0.00602	0.00908	0.00708	0.09045	0.00661	0.00723	0.18607	0.00149	0.00366	0.00288	0.00184	0.56420

[dist]
# distance from previous block
# <min> <max>
3	6

[block]
# block no. 10 follows, 95 sequences, length 11
# corresponding to MSA columns:
# 240-250
name=unknown_K
#
# <colnr> <probs for GDERKNQSTAVLIFYWHMCP>
#	G	D	E	R	K	N	Q	S	T	A	V	L	I	F	Y	W	H	M	C	P
0	0.00413	0.00320	0.00463	0.17477	0.00760	0.00332	0.00390	0.00500	0.00603	0.00802	0.06802	0.66626	0.01750	0.00805	0.00369	0.00117	0.00218	0.00728	0.00257	0.00266
1	0.00648	0.01417	0.70124	0.00926	0.01343	0.00724	0.15143	0.04381	0.00684	0.01001	0.00563	0.00673	0.00402	0.00286	0.00300	0.00097	0.00454	0.00248	0.00139	0.00445
2	0.01139	0.00477	0.00638	0.00519	0.00710	0.00425	0.00416	0.03217	0.02859	0.65667	0.04922	0.15599	0.01046	0.00481	0.00321	0.00099	0.00241	0.00407	0.00355	0.00461
3	0.00385	0.00280	0.00364	0.00417	0.00450	0.00256	0.00281	0.00441	0.00582	0.00781	0.01636	0.78971	0.04635	0.03852	0.00417	0.00124	0.00182	0.00807	0.00273	0.04866
4	0.16035	0.00577	0.00663	0.00543	0.00753	0.00587	0.00440	0.04134	0.24969	0.46454	0.01065	0.00962	0.00723	0.00370	0.00287	0.00096	0.00252	0.00292	0.00324	0.00475
5	0.00370	0.00264	0.00352	0.00422	0.00440	0.00246	0.00282	0.00422	0.00581	0.00775	0.01672	0.89139	0.02007	0.00951	0.00387	0.00123	0.00176	0.00863	0.00282	0.00246
6	0.00629	0.00539	0.00629	0.00449	0.00719	0.00404	0.00360	0.00764	0.00629	0.00989	0.00539	0.00629	0.00449	0.00225	0.00225	0.00045	0.00225	0.00180	0.00180	0.91192
7	0.00666	0.00580	0.00653	0.12131	0.00897	0.00662	0.00487	0.01308	0.61350	0.01130	0.01446	0.01384	0.15094	0.00456	0.00316	0.00103	0.00247	0.00382	0.00281	0.00424
8	0.01152	0.00880	0.00908	0.00702	0.00941	0.05346	0.00577	0.82126	0.01398	0.01853	0.00715	0.00719	0.00510	0.00362	0.00302	0.00090	0.00345	0.00269	0.00296	0.00508
9	0.00589	0.00553	0.00907	0.69739	0.01839	0.00634	0.05013	0.00783	0.00616	0.00820	0.00543	0.00780	0.00415	0.00288	0.00293	0.00092	0.00380	0.00259	0.00143	0.15312
10	0.00711	0.00884	0.11628	0.01356	0.19971	0.00750	0.58152	0.00962	0.00702	0.00975	0.00597	0.00783	0.00456	0.00263	0.00338	0.00099	0.00472	0.00324	0.00150	0.00429

[dist]
# distance from previous block
# <min> <max>
0	6

[block]
# block no. 11 follows, 95 sequences, length 29
# corresponding to MSA columns:
# 259-287
name=unknown_L
#
# <colnr> <probs for GDERKNQSTAVLIFYWHMCP>
#	G	D	E	R	K	N	Q	S	T	A	V	L	I	F	Y	W	H	M	C	P
0	0.57372	0.00584	0.00550	0.00491	0.04840	0.00603	0.00372	0.02575	0.00578	0.01240	0.00472	0.00552	0.00377	0.00265	0.00207	0.00079	0.00240	0.00176	0.00186	0.28242
1	0.00820	0.01719	0.00952	0.02448	0.07142	0.00916	0.00658	0.27065	0.00781	0.01113	0.00515	0.00691	0.00440	0.00454	0.00711	0.00116	0.52605	0.00267	0.00186	0.00400
2	0.00768	0.53238	0.01115	0.00473	0.00664	0.09681	0.00432	0.00877	0.00647	0.00845	0.00601	0.00691	0.00509	0.00294	0.00208	0.00068	0.00291	0.00203	0.28043	0.00353
3	0.00462	0.03116	0.00522	0.00510	0.00576	0.00396	0.00417	0.00580	0.00556	0.00767	0.01044	0.01855	0.01050	0.01771	0.58455	0.00368	0.00634	0.26445	0.00197	0.00277
4	0.00495	0.00419	0.00654	0.27573	0.01038	0.00516	0.00545	0.00629	0.00522	0.00728	0.00694	0.01030	0.00620	0.01525	0.53919	0.00339	0.08001	0.00303	0.00152	0.00296
5	0.00720	0.00807	0.01725	0.01347	0.11560	0.00762	0.76421	0.00967	0.00713	0.00974	0.00609	0.00811	0.00463	0.00257	0.00351	0.00101	0.00494	0.00348	0.00153	0.00417
6	0.00751	0.00721	0.01232	0.01862	0.87445	0.00721	0.00931	0.00931	0.00691	0.00991	0.00571	0.00751	0.00481	0.00270	0.00300	0.00090	0.00360	0.00270	0.00150	0.00481
7	0.00887	0.00401	0.00541	0.00475	0.00613	0.00356	0.00366	0.00989	0.00778	0.45196	0.17059	0.28314	0.01522	0.00597	0.00340	0.00103	0.00212	0.00521	0.00339	0.00391
8	0.00582	0.00509	0.00580	0.00515	0.04826	0.05729	0.00372	0.00711	0.00713	0.01025	0.27272	0.08756	0.01323	0.00416	0.00286	0.00071	0.00222	0.00357	0.00233	0.45502
9	0.00542	0.00421	0.00537	0.00522	0.00659	0.00383	0.00442	0.00713	0.04851	0.00948	0.01298	0.02441	0.03458	0.00627	0.00353	0.00108	0.00258	0.52984	0.00250	0.28206
10	0.00709	0.00696	0.01101	0.31876	0.53324	0.05284	0.00882	0.00892	0.00671	0.00903	0.00554	0.00760	0.00449	0.00284	0.00300	0.00093	0.00385	0.00266	0.00145	0.00424
11	0.00577	0.00465	0.00610	0.00604	0.00718	0.00492	0.04973	0.00940	0.27169	0.01018	0.01504	0.02561	0.05155	0.00674	0.00379	0.00125	0.00274	0.51134	0.00282	0.00347
12	0.00901	0.01067	0.00718	0.00656	0.00784	0.57815	0.00493	0.01014	0.02550	0.00898	0.27142	0.01089	0.01161	0.00413	0.00313	0.00085	0.02045	0.00308	0.00213	0.00334
13	0.00424	0.00379	0.00492	0.27423	0.00926	0.00384	0.00418	0.00540	0.00665	0.00806	0.02295	0.02272	0.60631	0.00626	0.00342	0.00102	0.00231	0.00526	0.00237	0.00281
14	0.00975	0.00754	0.00910	0.27693	0.01294	0.00859	0.00658	0.60129	0.01175	0.01563	0.00670	0.00753	0.00482	0.00346	0.00303	0.00094	0.00356	0.00272	0.00252	0.00461
15	0.00653	0.00626	0.00837	0.00690	0.00773	0.00768	0.00570	0.00741	0.00515	0.00810	0.00442	0.00653	0.00414	0.00437	0.00759	0.00106	0.61588	0.00239	0.00147	0.28233
16	0.53332	0.00633	0.00578	0.00489	0.00674	0.00714	0.00395	0.27109	0.00801	0.01462	0.01960	0.05306	0.00549	0.04474	0.00299	0.00104	0.00263	0.00253	0.00230	0.00374
17	0.63582	0.00572	0.00502	0.00414	0.00627	0.00596	0.00338	0.00853	0.00551	0.01247	0.00458	0.00535	0.00366	0.00264	0.00199	0.00079	0.00232	0.00169	0.00185	0.28231
18	0.00529	0.00415	0.00492	0.00454	0.00556	0.00430	0.00346	0.00892	0.27279	0.01233	0.60861	0.01918	0.02268	0.00556	0.00343	0.00098	0.00173	0.00486	0.00326	0.00346
19	0.00594	0.00370	0.00399	0.00340	0.00475	0.00331	0.00263	0.02076	0.00647	0.01100	0.00847	0.00971	0.00673	0.00314	0.00217	0.00063	0.00170	0.00251	0.61696	0.28203
20	0.00666	0.00372	0.00429	0.00379	0.00522	0.00314	0.00297	0.00756	0.00746	0.27485	0.02497	0.02340	0.60738	0.00648	0.00342	0.00100	0.00186	0.00537	0.00311	0.00336
21	0.00489	0.00306	0.00351	0.00341	0.00389	0.00301	0.00233	0.02291	0.00651	0.00975	0.27482	0.03083	0.01546	0.31987	0.00734	0.00159	0.00200	0.00429	0.27800	0.00253
22	0.00467	0.00342	0.00459	0.00517	0.00592	0.00334	0.00446	0.00596	0.00697	0.00893	0.01850	0.03339	0.15968	0.00827	0.00409	0.00134	0.00258	0.71315	0.00280	0.00276
23	0.00388	0.00278	0.00368	0.00410	0.00444	0.00259	0.00283	0.00469	0.00666	0.00910	0.27962	0.62462	0.02270	0.00849	0.00378	0.00115	0.00166	0.00766	0.00298	0.00259
24	0.63565	0.00572	0.00588	0.27486	0.01048	0.00679	0.00486	0.00856	0.00544	0.01181	0.00458	0.00590	0.00352	0.00288	0.00223	0.00096	0.00287	0.00197	0.00172	0.00331
25	0.00430	0.00303	0.00380	0.00368	0.00415	0.00287	0.00255	0.00525	0.00717	0.01002	0.56630	0.06386	0.02281	0.27879	0.00724	0.00158	0.00191	0.00531	0.00285	0.00253
26	0.00431	0.00352	0.00520	0.27494	0.00944	0.00378	0.00450	0.00532	0.00597	0.00778	0.01426	0.55768	0.07696	0.00739	0.00359	0.00115	0.00245	0.00664	0.00237	0.00275
27	0.00610	0.00444	0.00524	0.00507	0.00594	0.00460	0.00372	0.26834	0.00841	0.01124	0.01382	0.61990	0.01549	0.00770	0.00362	0.00113	0.00224	0.00682	0.00288	0.00329
28	0.01022	0.00785	0.00837	0.00671	0.00891	0.00879	0.00545	0.58459	0.29614	0.01700	0.00895	0.00862	0.00651	0.00380	0.00305	0.00095	0.00303	0.00296	0.00305	0.00504

[dist]
# distance from previous block
# <min> <max>
0	64

[block]
# block no. 12 follows, 95 sequences, length 49
# corresponding to MSA columns:
# 352-400
name=unknown_M
#
# <colnr> <probs for GDERKNQSTAVLIFYWHMCP>
#	G	D	E	R	K	N	Q	S	T	A	V	L	I	F	Y	W	H	M	C	P
0	0.01105	0.01398	0.00857	0.00797	0.02801	0.83731	0.00588	0.01186	0.00846	0.00747	0.00481	0.00570	0.00403	0.00368	0.02772	0.00090	0.00551	0.00201	0.00156	0.00352
1	0.00755	0.00652	0.00686	0.00617	0.00789	0.00755	0.00480	0.01612	0.86896	0.01269	0.01235	0.01132	0.00926	0.00412	0.00309	0.00103	0.00240	0.00343	0.00309	0.00480
2	0.00751	0.00721	0.01232	0.01862	0.87445	0.00721	0.00931	0.00931	0.00691	0.00991	0.00571	0.00751	0.00481	0.00270	0.00300	0.00090	0.00360	0.00270	0.00150	0.00481
