[name]
matR

[dist]
# distance from previous block
# <min> <max>
0	26

[block]
# block no. 0 follows, 99 sequences, length 35
# corresponding to MSA columns:
# 26-60
name=unknown_A
#
# <colnr> <probs for GDERKNQSTAVLIFYWHMCP>
#	G	D	E	R	K	N	Q	S	T	A	V	L	I	F	Y	W	H	M	C	P
0	0.00455	0.00332	0.00447	0.00505	0.00577	0.00325	0.00437	0.00581	0.00674	0.00865	0.01755	0.03238	0.13957	0.00800	0.00397	0.00130	0.00253	0.73736	0.00270	0.00267
1	0.00415	0.00300	0.00392	0.00369	0.00438	0.00277	0.00277	0.00553	0.00830	0.01176	0.87712	0.02190	0.02767	0.00599	0.00346	0.00092	0.00138	0.00530	0.00323	0.00277
2	0.00366	0.00265	0.00350	0.00409	0.00435	0.00244	0.00275	0.00420	0.00563	0.00756	0.01577	0.86348	0.01886	0.00894	0.00369	0.00116	0.00172	0.00810	0.00269	0.03479
3	0.00602	0.01458	0.82680	0.00816	0.01230	0.00678	0.01040	0.03871	0.00640	0.00950	0.00544	0.00659	0.00396	0.02819	0.00314	0.00098	0.00425	0.00224	0.00131	0.00428
4	0.01070	0.00786	0.00844	0.00652	0.00871	0.00869	0.00533	0.81285	0.01317	0.01765	0.00718	0.00783	0.00535	0.06143	0.00371	0.00101	0.00320	0.00275	0.00286	0.00478
5	0.00347	0.00297	0.00297	0.00297	0.00396	0.00248	0.00223	0.00421	0.00668	0.00792	0.02970	0.02822	0.87748	0.00743	0.00347	0.00099	0.00149	0.00619	0.00272	0.00248
6	0.00419	0.00314	0.00471	0.00471	0.00524	0.00367	0.00367	0.00524	0.00471	0.00681	0.00785	0.01152	0.00733	0.02199	0.88534	0.00471	0.00785	0.00314	0.00157	0.00262
7	0.00784	0.89872	0.01536	0.00502	0.00753	0.01160	0.00502	0.00878	0.00596	0.00690	0.00408	0.00470	0.00376	0.00251	0.00188	0.00063	0.00314	0.00157	0.00125	0.00376
8	0.00625	0.00521	0.00606	0.00451	0.00688	0.00418	0.00357	0.07441	0.00664	0.01007	0.00632	0.08481	0.00572	0.00290	0.00237	0.00054	0.00221	0.00239	0.00192	0.76304
9	0.00588	0.01517	0.88176	0.00836	0.01269	0.00681	0.01083	0.00929	0.00619	0.00929	0.00526	0.00619	0.00371	0.00279	0.00279	0.00093	0.00433	0.00217	0.00124	0.00433
10	0.00426	0.00284	0.00320	0.00320	0.00320	0.00284	0.00178	0.00426	0.00426	0.00569	0.00924	0.01919	0.01066	0.89696	0.01492	0.00284	0.00284	0.00426	0.00178	0.00178
11	0.00632	0.00520	0.00610	0.00437	0.00697	0.00392	0.00350	0.00762	0.00616	0.03952	0.00543	0.00621	0.00444	0.00222	0.00220	0.00045	0.00218	0.00178	0.00180	0.88358
12	0.00792	0.87606	0.01518	0.00508	0.00756	0.03398	0.00503	0.00885	0.00602	0.00691	0.00409	0.00472	0.00376	0.00252	0.00190	0.00063	0.00319	0.00158	0.00126	0.00375
13	0.00756	0.00624	0.00664	0.00593	0.00762	0.00715	0.00463	0.01552	0.83328	0.05251	0.01192	0.01089	0.00887	0.00396	0.00298	0.00099	0.00233	0.00330	0.00301	0.00466
14	0.01106	0.00819	0.00887	0.00699	0.02767	0.00905	0.00565	0.85052	0.01363	0.01829	0.00701	0.00704	0.00498	0.00350	0.00293	0.00088	0.00323	0.00264	0.00290	0.00498
15	0.00641	0.00641	0.00898	0.00770	0.00770	0.00898	0.00641	0.00706	0.00449	0.00706	0.00385	0.00641	0.00385	0.00513	0.00962	0.00128	0.89159	0.00257	0.00128	0.00321
16	0.00424	0.00283	0.00320	0.00323	0.00323	0.00283	0.00181	0.00426	0.00431	0.00574	0.00945	0.04613	0.01093	0.86964	0.01458	0.00279	0.00281	0.00439	0.00181	0.00180
17	0.00561	0.00531	0.00881	0.81785	0.01917	0.00672	0.00800	0.00746	0.00575	0.00746	0.00510	0.00770	0.00390	0.00311	0.00348	0.00100	0.07641	0.00260	0.00130	0.00325
18	0.01077	0.00795	0.00856	0.00660	0.00888	0.00874	0.00543	0.81820	0.01332	0.01789	0.00727	0.03433	0.00541	0.00366	0.00294	0.00088	0.00315	0.00279	0.00289	0.03035
19	0.91767	0.00567	0.00431	0.00386	0.00567	0.00658	0.00318	0.00862	0.00499	0.01316	0.00408	0.00476	0.00318	0.00272	0.00181	0.00091	0.00227	0.00159	0.00181	0.00318
20	0.00570	0.00553	0.00981	0.78484	0.01961	0.00662	0.11110	0.00772	0.00599	0.00772	0.00530	0.00783	0.00397	0.00288	0.00299	0.00098	0.00403	0.00271	0.00132	0.00334
21	0.91767	0.00567	0.00431	0.00386	0.00567	0.00658	0.00318	0.00862	0.00499	0.01316	0.00408	0.00476	0.00318	0.00272	0.00181	0.00091	0.00227	0.00159	0.00181	0.00318
22	0.00538	0.00344	0.00447	0.25066	0.00808	0.00380	0.00373	0.00679	0.00590	0.00951	0.00832	0.01079	0.00679	0.08234	0.00344	0.00096	0.00221	0.00283	0.57779	0.00279
23	0.00618	0.00607	0.00853	0.00738	0.00744	0.00841	0.00612	0.00686	0.00451	0.00703	0.00428	0.00696	0.00422	0.00693	0.10304	0.00165	0.79731	0.00263	0.00131	0.00314
24	0.01119	0.00814	0.00876	0.00671	0.00906	0.00899	0.00555	0.85063	0.01367	0.03690	0.00714	0.00710	0.00503	0.00352	0.00293	0.00088	0.00321	0.00265	0.00295	0.00499
25	0.00852	0.00401	0.00535	0.00446	0.00592	0.00358	0.00354	0.00990	0.02265	0.42871	0.44749	0.01600	0.01756	0.00483	0.00321	0.00092	0.00193	0.00414	0.00342	0.00386
26	0.00357	0.00255	0.00340	0.00408	0.00425	0.00238	0.00272	0.00408	0.00561	0.00748	0.01616	0.89504	0.01939	0.00919	0.00374	0.00119	0.00170	0.00834	0.00272	0.00238
27	0.00554	0.00521	0.00879	0.88991	0.02019	0.00651	0.00814	0.00749	0.00586	0.00749	0.00521	0.00782	0.00391	0.00293	0.00293	0.00098	0.00391	0.00261	0.00130	0.00326
28	0.00554	0.00521	0.00879	0.88991	0.02019	0.00651	0.00814	0.00749	0.00586	0.00749	0.00521	0.00782	0.00391	0.00293	0.00293	0.00098	0.00391	0.00261	0.00130	0.00326
29	0.00349	0.00298	0.00301	0.00302	0.00401	0.00249	0.00228	0.00425	0.00668	0.00794	0.02940	0.02832	0.85909	0.00744	0.00348	0.00100	0.00151	0.02441	0.00272	0.00248
30	0.00726	0.00697	0.01190	0.01800	0.87867	0.00697	0.00900	0.00900	0.00668	0.00958	0.00552	0.00726	0.00464	0.00261	0.00290	0.00087	0.00348	0.00261	0.00145	0.00464
31	0.02536	0.01496	0.86302	0.00826	0.01254	0.00680	0.01067	0.00927	0.00616	0.00937	0.00524	0.00616	0.00370	0.00278	0.00276	0.00093	0.00429	0.00215	0.00125	0.00431
32	0.00588	0.01517	0.88176	0.00836	0.01269	0.00681	0.01083	0.00929	0.00619	0.00929	0.00526	0.00619	0.00371	0.00279	0.00279	0.00093	0.00433	0.00217	0.00124	0.00433
33	0.00509	0.00255	0.00382	0.00382	0.00382	0.00255	0.00255	0.00382	0.00382	0.00509	0.00509	0.00891	0.00509	0.01019	0.01146	0.91469	0.00255	0.00255	0.00127	0.00127
34	0.85499	0.00580	0.01913	0.05010	0.00654	0.00658	0.00356	0.00857	0.00506	0.01280	0.00416	0.00495	0.00322	0.00273	0.00189	0.00091	0.00239	0.00165	0.00178	0.00320

[dist]
# distance from previous block
# <min> <max>
0	9

[block]
# block no. 1 follows, 99 sequences, length 13
# corresponding to MSA columns:
# 70-82
name=unknown_B
#
# <colnr> <probs for GDERKNQSTAVLIFYWHMCP>
#	G	D	E	R	K	N	Q	S	T	A	V	L	I	F	Y	W	H	M	C	P
0	0.00631	0.00544	0.00569	0.00520	0.00668	0.00605	0.00402	0.01266	0.65050	0.01115	0.01650	0.01538	0.23230	0.00486	0.00311	0.00099	0.00211	0.00405	0.00292	0.00408
1	0.01115	0.00821	0.00880	0.00675	0.00909	0.00909	0.00557	0.86889	0.01379	0.01848	0.00704	0.00704	0.00499	0.00352	0.00293	0.00088	0.00323	0.00264	0.00293	0.00499
2	0.00554	0.00521	0.00879	0.88991	0.02019	0.00651	0.00814	0.00749	0.00586	0.00749	0.00521	0.00782	0.00391	0.00293	0.00293	0.00098	0.00391	0.00261	0.00130	0.00326
3	0.00512	0.00271	0.00413	0.05979	0.00485	0.00280	0.00290	0.00405	0.00395	0.00524	0.00510	0.00884	0.00502	0.00973	0.01092	0.85698	0.00263	0.00255	0.00128	0.00140
4	0.00426	0.00284	0.00320	0.00320	0.00320	0.00284	0.00178	0.00426	0.00426	0.00569	0.00924	0.01919	0.01066	0.89696	0.01492	0.00284	0.00284	0.00426	0.00178	0.00178
5	0.00357	0.00255	0.00340	0.00408	0.00425	0.00238	0.00272	0.00408	0.00561	0.00748	0.01616	0.89504	0.01939	0.00919	0.00374	0.00119	0.00170	0.00834	0.00272	0.00238
6	0.00588	0.01517	0.88176	0.00836	0.01269	0.00681	0.01083	0.00929	0.00619	0.00929	0.00526	0.00619	0.00371	0.00279	0.00279	0.00093	0.00433	0.00217	0.00124	0.00433
7	0.00426	0.00284	0.00320	0.00320	0.00320	0.00284	0.00178	0.00426	0.00426	0.00569	0.00924	0.01919	0.01066	0.89696	0.01492	0.00284	0.00284	0.00426	0.00178	0.00178
8	0.00784	0.89872	0.01536	0.00502	0.00753	0.01160	0.00502	0.00878	0.00596	0.00690	0.00408	0.00470	0.00376	0.00251	0.00188	0.00063	0.00314	0.00157	0.00125	0.00376
9	0.00347	0.00297	0.00297	0.00297	0.00396	0.00248	0.00223	0.00421	0.00668	0.00792	0.02970	0.02822	0.87748	0.00743	0.00347	0.00099	0.00149	0.00619	0.00272	0.00248
10	0.00554	0.00521	0.00879	0.88991	0.02019	0.00651	0.00814	0.00749	0.00586	0.00749	0.00521	0.00782	0.00391	0.00293	0.00293	0.00098	0.00391	0.00261	0.00130	0.00326
11	0.00766	0.00773	0.01151	0.01686	0.78431	0.10226	0.00864	0.00929	0.00685	0.00932	0.00541	0.00704	0.00455	0.00266	0.00287	0.00086	0.00368	0.00253	0.00146	0.00451
12	0.00593	0.00326	0.00339	0.00320	0.00403	0.00336	0.00245	0.08642	0.00679	0.01143	0.00925	0.01060	0.00727	0.00431	0.04401	0.00089	0.00185	0.00274	0.78589	0.00294

[dist]
# distance from previous block
# <min> <max>
0	2

[block]
# block no. 2 follows, 99 sequences, length 40
# corresponding to MSA columns:
# 85-124
name=unknown_C
#
# <colnr> <probs for GDERKNQSTAVLIFYWHMCP>
#	G	D	E	R	K	N	Q	S	T	A	V	L	I	F	Y	W	H	M	C	P
0	0.00739	0.00652	0.00667	0.00599	0.00766	0.03434	0.00465	0.01533	0.83282	0.01206	0.01160	0.01069	0.00872	0.00392	0.00296	0.00098	0.00241	0.00325	0.00292	0.01913
1	0.00347	0.00297	0.00297	0.00297	0.00396	0.00248	0.00223	0.00421	0.00668	0.00792	0.02970	0.02822	0.87748	0.00743	0.00347	0.00099	0.00149	0.00619	0.00272	0.00248
2	0.03100	0.87599	0.01508	0.00499	0.00748	0.01147	0.00497	0.00878	0.00593	0.00706	0.00408	0.00470	0.00375	0.00251	0.00188	0.00063	0.00311	0.00157	0.00127	0.00375
3	0.00554	0.00521	0.00879	0.88991	0.02019	0.00651	0.00814	0.00749	0.00586	0.00749	0.00521	0.00782	0.00391	0.00293	0.00293	0.00098	0.00391	0.00261	0.00130	0.00326
4	0.00634	0.00631	0.00884	0.00760	0.00762	0.00881	0.00633	0.00700	0.00450	0.00705	0.00398	0.00658	0.00396	0.00567	0.03749	0.00139	0.86346	0.00258	0.00129	0.00319
5	0.00554	0.00521	0.00879	0.88991	0.02019	0.00651	0.00814	0.00749	0.00586	0.00749	0.00521	0.00782	0.00391	0.00293	0.00293	0.00098	0.00391	0.00261	0.00130	0.00326
6	0.00357	0.00255	0.00340	0.00408	0.00425	0.00238	0.00272	0.00408	0.00561	0.00748	0.01616	0.89504	0.01939	0.00919	0.00374	0.00119	0.00170	0.00834	0.00272	0.00238
7	0.00347	0.00297	0.00297	0.00297	0.00396	0.00248	0.00223	0.00421	0.00668	0.00792	0.02970	0.02822	0.87748	0.00743	0.00347	0.00099	0.00149	0.00619	0.00272	0.00248
8	0.00763	0.00639	0.00818	0.00597	0.00855	0.00581	0.10530	0.25529	0.00839	0.01210	0.00582	0.00657	0.00454	0.00259	0.00254	0.00063	0.00280	0.00220	0.00205	0.54664
9	0.00347	0.00297	0.00297	0.00297	0.00396	0.00248	0.00223	0.00421	0.00668	0.00792	0.02970	0.02822	0.87748	0.00743	0.00347	0.00099	0.00149	0.00619	0.00272	0.00248
10	0.00417	0.00280	0.00323	0.00332	0.00335	0.00278	0.00191	0.00424	0.00445	0.00594	0.01021	0.14167	0.01188	0.77281	0.01336	0.00261	0.00268	0.00483	0.00191	0.00186
11	0.00726	0.00697	0.01190	0.01800	0.87867	0.00697	0.00900	0.00900	0.00668	0.00958	0.00552	0.00726	0.00464	0.00261	0.00290	0.00087	0.00348	0.00261	0.00145	0.00464
12	0.00588	0.01517	0.88176	0.00836	0.01269	0.00681	0.01083	0.00929	0.00619	0.00929	0.00526	0.00619	0.00371	0.00279	0.00279	0.00093	0.00433	0.00217	0.00124	0.00433
13	0.00588	0.01517	0.88176	0.00836	0.01269	0.00681	0.01083	0.00929	0.00619	0.00929	0.00526	0.00619	0.00371	0.00279	0.00279	0.00093	0.00433	0.00217	0.00124	0.00433
14	0.00347	0.00297	0.00297	0.00297	0.00396	0.00248	0.00223	0.00421	0.00668	0.00792	0.02970	0.02822	0.87748	0.00743	0.00347	0.00099	0.00149	0.00619	0.00272	0.00248
15	0.05784	0.71975	0.06309	0.00537	0.00786	0.09016	0.00530	0.00906	0.00613	0.00740	0.00418	0.00484	0.00373	0.00258	0.00200	0.00067	0.00335	0.00163	0.00131	0.00373
16	0.00784	0.89872	0.01536	0.00502	0.00753	0.01160	0.00502	0.00878	0.00596	0.00690	0.00408	0.00470	0.00376	0.00251	0.00188	0.00063	0.00314	0.00157	0.00125	0.00376
17	0.00602	0.00515	0.00602	0.00434	0.00689	0.00387	0.00346	0.00731	0.00607	0.00951	0.00546	0.02615	0.00468	0.00233	0.00221	0.00045	0.00216	0.00189	0.00176	0.89428
18	0.00726	0.00697	0.01190	0.01800	0.87867	0.00697	0.00900	0.00900	0.00668	0.00958	0.00552	0.00726	0.00464	0.00261	0.00290	0.00087	0.00348	0.00261	0.00145	0.00464
19	0.00426	0.00284	0.00320	0.00320	0.00320	0.00284	0.00178	0.00426	0.00426	0.00569	0.00924	0.01919	0.01066	0.89696	0.01492	0.00284	0.00284	0.00426	0.00178	0.00178
20	0.00426	0.00284	0.00320	0.00320	0.00320	0.00284	0.00178	0.00426	0.00426	0.00569	0.00924	0.01919	0.01066	0.89696	0.01492	0.00284	0.00284	0.00426	0.00178	0.00178
21	0.00433	0.03766	0.00512	0.00472	0.00532	0.00397	0.00372	0.00537	0.00476	0.00681	0.00771	0.01126	0.00719	0.02124	0.85129	0.00455	0.00767	0.00308	0.00156	0.00266
22	0.00966	0.00731	0.00797	0.00604	0.00842	0.00759	0.00494	0.62104	0.01154	0.01585	0.00658	0.00696	0.00490	0.01682	0.00291	0.00079	0.00293	0.00242	0.00259	0.25274
23	0.00351	0.00298	0.00302	0.00304	0.00401	0.00251	0.00229	0.00426	0.00665	0.00791	0.02896	0.02821	0.83837	0.02194	0.00367	0.00103	0.00154	0.03091	0.00271	0.00247
24	0.00688	0.00763	0.01453	0.01081	0.01284	0.03336	0.58317	0.00875	0.00623	0.00862	0.00526	0.00738	0.00425	0.00329	0.00529	0.00107	0.27232	0.00314	0.00142	0.00371
25	0.00723	0.00704	0.01233	0.01754	0.80947	0.00700	0.07785	0.00903	0.00670	0.00956	0.00555	0.00731	0.00463	0.00260	0.00295	0.00088	0.00360	0.00268	0.00145	0.00459
26	0.00412	0.00298	0.00390	0.00371	0.00437	0.00275	0.00276	0.00547	0.00818	0.01157	0.83922	0.06033	0.02730	0.00613	0.00347	0.00093	0.00140	0.00544	0.00321	0.00275
27	0.00426	0.00284	0.00320	0.00320	0.00320	0.00284	0.00178	0.00426	0.00426	0.00569	0.00924	0.01919	0.01066	0.89696	0.01492	0.00284	0.00284	0.00426	0.00178	0.00178
28	0.01075	0.00792	0.00857	0.00663	0.00887	0.00878	0.00546	0.81958	0.01327	0.01781	0.00709	0.00730	0.00512	0.00457	0.05332	0.00110	0.00349	0.00267	0.00286	0.00485
29	0.03322	0.03406	0.00691	0.00512	0.00732	0.00454	0.00425	0.01364	0.00823	0.79838	0.04511	0.01016	0.00785	0.00366	0.00291	0.00090	0.00247	0.00296	0.00349	0.00482
30	0.86788	0.00565	0.00455	0.05222	0.00646	0.00657	0.00345	0.00856	0.00504	0.01285	0.00414	0.00493	0.00322	0.00273	0.00188	0.00091	0.00236	0.00164	0.00179	0.00318
31	0.00554	0.00521	0.00879	0.88991	0.02019	0.00651	0.00814	0.00749	0.00586	0.00749	0.00521	0.00782	0.00391	0.00293	0.00293	0.00098	0.00391	0.00261	0.00130	0.00326
32	0.00362	0.00260	0.00345	0.00409	0.00431	0.00241	0.00274	0.00415	0.00562	0.00753	0.01595	0.87773	0.01910	0.00905	0.00371	0.00118	0.00171	0.00821	0.00270	0.02016
33	0.03231	0.00306	0.00388	0.00369	0.00440	0.00286	0.00276	0.00552	0.00803	0.01149	0.78530	0.06000	0.05359	0.00608	0.00342	0.00094	0.00143	0.00535	0.00315	0.00275
34	0.91767	0.00567	0.00431	0.00386	0.00567	0.00658	0.00318	0.00862	0.00499	0.01316	0.00408	0.00476	0.00318	0.00272	0.00181	0.00091	0.00227	0.00159	0.00181	0.00318
35	0.73324	0.00530	0.00448	0.00395	0.00567	0.00594	0.00322	0.00874	0.00567	0.08729	0.10694	0.00722	0.00639	0.00318	0.00210	0.00091	0.00218	0.00214	0.00214	0.00328
36	0.00593	0.01485	0.84372	0.00853	0.01281	0.00684	0.04856	0.00929	0.00622	0.00929	0.00529	0.00627	0.00375	0.00277	0.00282	0.00093	0.00436	0.00222	0.00125	0.00432
37	0.00701	0.00672	0.01146	0.14072	0.75784	0.00690	0.00888	0.00879	0.00656	0.00929	0.00547	0.00734	0.00454	0.00266	0.00291	0.00089	0.00354	0.00261	0.00143	0.00445
38	0.90001	0.00566	0.00436	0.00388	0.00571	0.00653	0.00320	0.00873	0.00506	0.03009	0.00423	0.00486	0.00326	0.00274	0.00184	0.00091	0.00227	0.00161	0.00185	0.00321
39	0.00625	0.00533	0.00625	0.00463	0.02043	0.00412	0.00362	0.03401	0.00633	0.00983	0.00527	0.00613	0.00437	0.00222	0.00221	0.00045	0.00222	0.00178	0.00177	0.87278

[dist]
# distance from previous block
# <min> <max>
0	3

[block]
# block no. 3 follows, 99 sequences, length 33
# corresponding to MSA columns:
# 128-160
name=unknown_D
#
# <colnr> <probs for GDERKNQSTAVLIFYWHMCP>
#	G	D	E	R	K	N	Q	S	T	A	V	L	I	F	Y	W	H	M	C	P
0	0.00415	0.00300	0.00392	0.00369	0.00438	0.00277	0.00277	0.00553	0.00830	0.01176	0.87712	0.02190	0.02767	0.00599	0.00346	0.00092	0.00138	0.00530	0.00323	0.00277
1	0.00588	0.00500	0.00587	0.00432	0.00674	0.00379	0.00341	0.00712	0.00604	0.00939	0.00608	0.07637	0.00553	0.00273	0.00230	0.00049	0.00213	0.00226	0.00181	0.84273
2	0.00641	0.00641	0.00898	0.00770	0.00770	0.00898	0.00641	0.00706	0.00449	0.00706	0.00385	0.00641	0.00385	0.00513	0.00962	0.00128	0.89159	0.00257	0.00128	0.00321
3	0.01096	0.00803	0.00860	0.00661	0.00891	0.00888	0.00546	0.84043	0.01353	0.01823	0.00712	0.00717	0.00507	0.00352	0.00290	0.00087	0.00317	0.00264	0.03298	0.00491
4	0.00412	0.00298	0.00388	0.00369	0.00437	0.00275	0.00275	0.00546	0.00818	0.01154	0.83215	0.05085	0.04399	0.00613	0.00347	0.00093	0.00140	0.00542	0.00320	0.00275
5	0.00357	0.00255	0.00340	0.00408	0.00425	0.00238	0.00272	0.00408	0.00561	0.00748	0.01616	0.89504	0.01939	0.00919	0.00374	0.00119	0.00170	0.00834	0.00272	0.00238
6	0.00357	0.00255	0.00340	0.00408	0.00425	0.00238	0.00272	0.00408	0.00561	0.00748	0.01616	0.89504	0.01939	0.00919	0.00374	0.00119	0.00170	0.00834	0.00272	0.00238
7	0.01084	0.00811	0.00904	0.00764	0.07785	0.00892	0.00584	0.80090	0.01322	0.01777	0.00692	0.00706	0.00496	0.00345	0.00293	0.00088	0.00325	0.00264	0.00282	0.00496
8	0.01316	0.00499	0.00680	0.00522	0.00748	0.00431	0.00431	0.01429	0.00839	0.88070	0.01157	0.00998	0.00726	0.00363	0.00295	0.00091	0.00249	0.00295	0.00363	0.00499
9	0.00357	0.00255	0.00340	0.00408	0.00425	0.00238	0.00272	0.00408	0.00561	0.00748	0.01616	0.89504	0.01939	0.00919	0.00374	0.00119	0.00170	0.00834	0.00272	0.00238
10	0.00584	0.00466	0.00556	0.00432	0.00642	0.00361	0.00335	0.00697	0.00607	0.04218	0.00769	0.18769	0.00753	0.00366	0.00252	0.00061	0.00209	0.00313	0.00201	0.69409
11	0.85273	0.06941	0.00510	0.00394	0.00580	0.00694	0.00331	0.00863	0.00506	0.01271	0.00408	0.00476	0.00322	0.00271	0.00182	0.00089	0.00233	0.00159	0.00177	0.00322
12	0.01064	0.03197	0.00870	0.00821	0.06803	0.80736	0.00588	0.01146	0.00815	0.00733	0.00459	0.00541	0.00384	0.00298	0.00265	0.00076	0.00512	0.00193	0.00150	0.00349
13	0.00347	0.00297	0.00297	0.00297	0.00396	0.00248	0.00223	0.00421	0.00668	0.00792	0.02970	0.02822	0.87748	0.00743	0.00347	0.00099	0.00149	0.00619	0.00272	0.00248
14	0.00419	0.00314	0.00471	0.00471	0.00524	0.00367	0.00367	0.00524	0.00471	0.00681	0.00785	0.01152	0.00733	0.02199	0.88534	0.00471	0.00785	0.00314	0.00157	0.00262
15	0.00357	0.00255	0.00340	0.00408	0.00425	0.00238	0.00272	0.00408	0.00561	0.00748	0.01616	0.89504	0.01939	0.00919	0.00374	0.00119	0.00170	0.00834	0.00272	0.00238
16	0.00641	0.00641	0.00898	0.00770	0.00770	0.00898	0.00641	0.00706	0.00449	0.00706	0.00385	0.00641	0.00385	0.00513	0.00962	0.00128	0.89159	0.00257	0.00128	0.00321
17	0.00726	0.00697	0.01190	0.01800	0.87867	0.00697	0.00900	0.00900	0.00668	0.00958	0.00552	0.00726	0.00464	0.00261	0.00290	0.00087	0.00348	0.00261	0.00145	0.00464
18	0.00357	0.00255	0.00340	0.00408	0.00425	0.00238	0.00272	0.00408	0.00561	0.00748	0.01616	0.89504	0.01939	0.00919	0.00374	0.00119	0.00170	0.00834	0.00272	0.00238
19	0.00784	0.89872	0.01536	0.00502	0.00753	0.01160	0.00502	0.00878	0.00596	0.00690	0.00408	0.00470	0.00376	0.00251	0.00188	0.00063	0.00314	0.00157	0.00125	0.00376
20	0.00692	0.00791	0.01730	0.01236	0.01532	0.00741	0.86802	0.00939	0.00692	0.00939	0.00593	0.00791	0.00445	0.00247	0.00346	0.00099	0.00494	0.00346	0.00148	0.00395
21	0.00601	0.07209	0.82594	0.00814	0.01236	0.00712	0.01046	0.00925	0.00618	0.00913	0.00519	0.00609	0.00372	0.00277	0.00273	0.00091	0.00426	0.00213	0.00124	0.00430
22	0.00347	0.00297	0.00297	0.00297	0.00396	0.00248	0.00223	0.00421	0.00668	0.00792	0.02970	0.02822	0.87748	0.00743	0.00347	0.00099	0.00149	0.00619	0.00272	0.00248
23	0.81720	0.00562	0.00480	0.10145	0.00727	0.00657	0.00372	0.00849	0.00509	0.01253	0.00421	0.00510	0.00326	0.00274	0.00194	0.00091	0.00245	0.00170	0.00176	0.00318
24	0.00554	0.00521	0.00879	0.88991	0.02019	0.00651	0.00814	0.00749	0.00586	0.00749	0.00521	0.00782	0.00391	0.00293	0.00293	0.00098	0.00391	0.00261	0.00130	0.00326
25	0.00347	0.00297	0.00297	0.00297	0.00396	0.00248	0.00223	0.00421	0.00668	0.00792	0.02970	0.02822	0.87748	0.00743	0.00347	0.00099	0.00149	0.00619	0.00272	0.00248
26	0.00572	0.00556	0.00990	0.77553	0.01956	0.00663	0.12022	0.00774	0.00600	0.00774	0.00531	0.00783	0.00398	0.00287	0.00300	0.00098	0.00404	0.00272	0.00133	0.00335
27	0.00689	0.00813	0.04316	0.01224	0.01525	0.00740	0.84238	0.00939	0.00690	0.00939	0.00591	0.00786	0.00443	0.00248	0.00344	0.00099	0.00492	0.00342	0.00148	0.00397
28	0.00726	0.00697	0.01190	0.01800	0.87867	0.00697	0.00900	0.00900	0.00668	0.00958	0.00552	0.00726	0.00464	0.00261	0.00290	0.00087	0.00348	0.00261	0.00145	0.00464
29	0.00419	0.00314	0.00471	0.00471	0.00524	0.00367	0.00367	0.00524	0.00471	0.00681	0.00785	0.01152	0.00733	0.02199	0.88534	0.00471	0.00785	0.00314	0.00157	0.00262
30	0.00608	0.01490	0.84865	0.00830	0.01255	0.00690	0.01063	0.04189	0.00648	0.00963	0.00533	0.00622	0.00376	0.00281	0.00279	0.00093	0.00429	0.00218	0.00130	0.00436
31	0.00347	0.00297	0.00297	0.00297	0.00396	0.00248	0.00223	0.00421	0.00668	0.00792	0.02970	0.02822	0.87748	0.00743	0.00347	0.00099	0.00149	0.00619	0.00272	0.00248
32	0.00619	0.00529	0.00614	0.00442	0.00700	0.00406	0.00353	0.02305	0.02184	0.00976	0.00537	0.00618	0.00444	0.00223	0.00220	0.00045	0.00219	0.00178	0.00178	0.88209

[dist]
# distance from previous block
# <min> <max>
0	3

[block]
# block no. 4 follows, 99 sequences, length 7
# corresponding to MSA columns:
# 164-170
name=unknown_E
#
# <colnr> <probs for GDERKNQSTAVLIFYWHMCP>
#	G	D	E	R	K	N	Q	S	T	A	V	L	I	F	Y	W	H	M	C	P
0	0.00554	0.00521	0.00879	0.88991	0.02019	0.00651	0.00814	0.00749	0.00586	0.00749	0.00521	0.00782	0.00391	0.00293	0.00293	0.00098	0.00391	0.00261	0.00130	0.00326
1	0.00357	0.00297	0.00312	0.00309	0.00403	0.00252	0.00231	0.00442	0.00694	0.00854	0.16543	0.02721	0.74137	0.00720	0.00346	0.00098	0.00147	0.00605	0.00280	0.00252
2	0.00554	0.00521	0.00879	0.88991	0.02019	0.00651	0.00814	0.00749	0.00586	0.00749	0.00521	0.00782	0.00391	0.00293	0.00293	0.00098	0.00391	0.00261	0.00130	0.00326
3	0.00988	0.00726	0.00789	0.00630	0.00828	0.00797	0.00510	0.72396	0.01242	0.01664	0.00857	0.15586	0.00740	0.00447	0.00307	0.00093	0.00297	0.00359	0.00290	0.00455
4	0.00410	0.00296	0.00388	0.00372	0.00437	0.00274	0.00276	0.00542	0.00809	0.01142	0.80985	0.09013	0.02702	0.00624	0.00348	0.00094	0.00141	0.00554	0.00319	0.00274
5	0.00357	0.00255	0.00340	0.00408	0.00425	0.00238	0.00272	0.00408	0.00561	0.00748	0.01616	0.89504	0.01939	0.00919	0.00374	0.00119	0.00170	0.00834	0.00272	0.00238
6	0.00372	0.00257	0.00335	0.00398	0.00419	0.00241	0.00267	0.00430	0.00566	0.00775	0.01564	0.82596	0.01846	0.00874	0.00361	0.00115	0.00167	0.00790	0.07387	0.00241

[dist]
# distance from previous block
# <min> <max>
3	12

[block]
# block no. 5 follows, 99 sequences, length 25
# corresponding to MSA columns:
# 184-208
name=unknown_F
#
# <colnr> <probs for GDERKNQSTAVLIFYWHMCP>
#	G	D	E	R	K	N	Q	S	T	A	V	L	I	F	Y	W	H	M	C	P
0	0.00784	0.89872	0.01536	0.00502	0.00753	0.01160	0.00502	0.00878	0.00596	0.00690	0.00408	0.00470	0.00376	0.00251	0.00188	0.00063	0.00314	0.00157	0.00125	0.00376
1	0.00784	0.89872	0.01536	0.00502	0.00753	0.01160	0.00502	0.00878	0.00596	0.00690	0.00408	0.00470	0.00376	0.00251	0.00188	0.00063	0.00314	0.00157	0.00125	0.00376
2	0.00692	0.00791	0.01730	0.01236	0.01532	0.00741	0.86802	0.00939	0.00692	0.00939	0.00593	0.00791	0.00445	0.00247	0.00346	0.00099	0.00494	0.00346	0.00148	0.00395
3	0.00605	0.01494	0.85305	0.00830	0.01257	0.00688	0.01066	0.03756	0.00644	0.00959	0.00532	0.00622	0.00376	0.00281	0.00279	0.00093	0.00430	0.00218	0.00129	0.00435
4	0.01038	0.08817	0.00915	0.00802	0.06515	0.74081	0.00584	0.01121	0.00794	0.00731	0.00455	0.00538	0.00383	0.00298	0.00271	0.00076	0.01890	0.00192	0.00148	0.00351
5	0.01049	0.00783	0.00845	0.00644	0.00882	0.00842	0.00530	0.75787	0.01279	0.01733	0.00680	0.00692	0.00490	0.00335	0.00283	0.00082	0.00309	0.00252	0.00278	0.12224
6	0.81111	0.00578	0.00476	0.03666	0.00641	0.00668	0.00351	0.06417	0.00564	0.01327	0.01803	0.00529	0.00370	0.00283	0.00195	0.00091	0.00238	0.00175	0.00189	0.00329
7	0.00588	0.01517	0.88176	0.00836	0.01269	0.00681	0.01083	0.00929	0.00619	0.00929	0.00526	0.00619	0.00371	0.00279	0.00279	0.00093	0.00433	0.00217	0.00124	0.00433
8	0.00588	0.01517	0.88176	0.00836	0.01269	0.00681	0.01083	0.00929	0.00619	0.00929	0.00526	0.00619	0.00371	0.00279	0.00279	0.00093	0.00433	0.00217	0.00124	0.00433
9	0.17131	0.00572	0.05869	0.00517	0.00748	0.00486	0.00450	0.01300	0.00766	0.67648	0.00988	0.00884	0.00633	0.00342	0.00274	0.00091	0.00257	0.00266	0.00317	0.00463
10	0.01039	0.00751	0.00818	0.00638	0.00843	0.00828	0.00520	0.76088	0.01254	0.01681	0.00680	0.00727	0.00500	0.00435	0.00400	0.11497	0.00314	0.00263	0.00273	0.00452
11	0.00458	0.00347	0.00496	0.00436	0.00473	0.00340	0.10995	0.00490	0.00462	0.00618	0.00896	0.03443	0.01005	0.76840	0.01328	0.00258	0.00308	0.00424	0.00176	0.00206
12	0.01043	0.12422	0.00912	0.00718	0.00879	0.75805	0.00554	0.01121	0.00794	0.00713	0.00454	0.00534	0.00385	0.00335	0.02064	0.00082	0.00507	0.00187	0.00148	0.00343
13	0.02592	0.00520	0.00698	0.00543	0.00744	0.00489	0.00448	0.01271	0.00766	0.68438	0.00995	0.00912	0.00652	0.00368	0.00370	0.00091	0.11347	0.00278	0.00315	0.08163
14	0.00608	0.00521	0.00608	0.00434	0.00695	0.00391	0.00347	0.00738	0.00608	0.00955	0.00521	0.00608	0.00434	0.00217	0.00217	0.00043	0.00217	0.00174	0.00174	0.91488
15	0.00692	0.00791	0.01730	0.01236	0.01532	0.00741	0.86802	0.00939	0.00692	0.00939	0.00593	0.00791	0.00445	0.00247	0.00346	0.00099	0.00494	0.00346	0.00148	0.00395
16	0.06419	0.84341	0.01468	0.00495	0.00741	0.01129	0.00490	0.00877	0.00590	0.00729	0.00408	0.00471	0.00373	0.00252	0.00188	0.00064	0.00308	0.00157	0.00129	0.00373
17	0.00985	0.01187	0.00838	0.00850	0.11724	0.66131	0.00584	0.04229	0.00804	0.00790	0.00580	0.00674	0.03371	0.00426	0.05488	0.00102	0.00501	0.00223	0.00160	0.00354
18	0.03916	0.00532	0.00892	0.82759	0.01949	0.00655	0.03707	0.00760	0.00587	0.00776	0.00519	0.00771	0.00390	0.00291	0.00291	0.00097	0.00388	0.00260	0.00133	0.00328
19	0.01242	0.00515	0.00678	0.00531	0.00750	0.00468	0.00435	0.01445	0.11639	0.77227	0.01161	0.01010	0.00747	0.00367	0.00295	0.00092	0.00247	0.00299	0.00355	0.00495
20	0.00377	0.00319	0.00379	0.11390	0.00603	0.00298	0.00305	0.00463	0.00643	0.00787	0.04562	0.15648	0.60539	0.01929	0.00360	0.00104	0.00184	0.00602	0.00255	0.00256
21	0.00347	0.00297	0.00297	0.00297	0.00396	0.00248	0.00223	0.00421	0.00668	0.00792	0.02970	0.02822	0.87748	0.00743	0.00347	0.00099	0.00149	0.00619	0.00272	0.00248
22	0.00411	0.00296	0.00390	0.00384	0.00446	0.00275	0.00288	0.00538	0.00787	0.01105	0.71871	0.13158	0.02599	0.00652	0.00353	0.00098	0.00150	0.05612	0.00313	0.00271
23	0.83548	0.05936	0.03170	0.00406	0.00600	0.00689	0.00352	0.00865	0.00508	0.01266	0.00412	0.00480	0.00323	0.00271	0.00185	0.00089	0.00238	0.00160	0.00176	0.00325
24	0.12039	0.00583	0.00837	0.59946	0.05444	0.00695	0.00715	0.14561	0.00706	0.01005	0.00538	0.00729	0.00402	0.00299	0.00279	0.00095	0.00358	0.00248	0.00163	0.00358

[dist]
# distance from previous block
# <min> <max>
0	2

[block]
# block no. 6 follows, 99 sequences, length 16
# corresponding to MSA columns:
# 211-226
name=unknown_G
#
# <colnr> <probs for GDERKNQSTAVLIFYWHMCP>
#	G	D	E	R	K	N	Q	S	T	A	V	L	I	F	Y	W	H	M	C	P
0	0.01094	0.00810	0.00880	0.03968	0.00951	0.00900	0.00567	0.83676	0.01349	0.01807	0.00697	0.00707	0.00495	0.00350	0.00293	0.00088	0.00325	0.00264	0.00287	0.00492
1	0.00363	0.00299	0.00316	0.00324	0.00413	0.00258	0.00245	0.00439	0.00654	0.00787	0.02694	0.04709	0.72954	0.05552	0.00415	0.00113	0.00168	0.08785	0.00267	0.00246
2	0.00692	0.00791	0.01730	0.01236	0.01532	0.00741	0.86802	0.00939	0.00692	0.00939	0.00593	0.00791	0.00445	0.00247	0.00346	0.00099	0.00494	0.00346	0.00148	0.00395
3	0.00546	0.00511	0.00839	0.74245	0.01784	0.00641	0.00757	0.00719	0.00572	0.00745	0.00595	0.07708	0.00511	0.00362	0.00359	0.00102	0.08240	0.00305	0.00141	0.00318
4	0.00710	0.00681	0.01163	0.09527	0.80259	0.00693	0.00892	0.00886	0.00660	0.00939	0.00549	0.00731	0.00458	0.00264	0.00291	0.00088	0.00352	0.00261	0.00144	0.00452
5	0.01224	0.00544	0.00696	0.00545	0.00764	0.00511	0.00446	0.09019	0.11760	0.69512	0.01121	0.00984	0.00727	0.00366	0.00295	0.00092	0.00254	0.00297	0.00349	0.00495
6	0.01279	0.00558	0.00717	0.00550	0.00778	0.00519	0.00454	0.17092	0.00938	0.72267	0.01074	0.00944	0.00684	0.00361	0.00295	0.00090	0.00263	0.00289	0.00350	0.00499
7	0.00421	0.00282	0.00321	0.00327	0.00328	0.00281	0.00185	0.00425	0.00437	0.00583	0.00979	0.08894	0.01136	0.82625	0.01403	0.00271	0.00275	0.00459	0.00185	0.00182
8	0.00678	0.00702	0.00893	0.00769	0.00781	0.07876	0.00636	0.00743	0.00479	0.00707	0.00390	0.00633	0.00384	0.00496	0.00907	0.00124	0.82100	0.00251	0.00130	0.00322
9	0.01115	0.00821	0.00880	0.00675	0.00909	0.00909	0.00557	0.86889	0.01379	0.01848	0.00704	0.00704	0.00499	0.00352	0.00293	0.00088	0.00323	0.00264	0.00293	0.00499
10	0.00357	0.00255	0.00340	0.00408	0.00425	0.00238	0.00272	0.00408	0.00561	0.00748	0.01616	0.89504	0.01939	0.00919	0.00374	0.00119	0.00170	0.00834	0.00272	0.00238
11	0.00412	0.00297	0.00389	0.00371	0.00437	0.00274	0.00276	0.00545	0.00814	0.01151	0.82691	0.07283	0.02718	0.00618	0.00347	0.00094	0.00140	0.00548	0.00320	0.00274
12	0.01055	0.00777	0.00838	0.00654	0.00871	0.00857	0.00535	0.80126	0.01315	0.01762	0.00775	0.07649	0.00611	0.00396	0.00300	0.00090	0.00311	0.00309	0.00292	0.00478
13	0.01115	0.00821	0.00880	0.00675	0.00909	0.00909	0.00557	0.86889	0.01379	0.01848	0.00704	0.00704	0.00499	0.00352	0.00293	0.00088	0.00323	0.00264	0.00293	0.00499
14	0.00511	0.00256	0.00377	0.00377	0.00380	0.00256	0.00252	0.00396	0.00393	0.00537	0.00531	0.00901	0.00521	0.00986	0.01101	0.87128	0.00249	0.00256	0.04459	0.00134
15	0.00641	0.00641	0.00898	0.00770	0.00770	0.00898	0.00641	0.00706	0.00449	0.00706	0.00385	0.00641	0.00385	0.00513	0.00962	0.00128	0.89159	0.00257	0.00128	0.00321

[dist]
# distance from previous block
# <min> <max>
4	10

[block]
# block no. 7 follows, 99 sequences, length 11
# corresponding to MSA columns:
# 237-247
name=unknown_H
#
# <colnr> <probs for GDERKNQSTAVLIFYWHMCP>
#	G	D	E	R	K	N	Q	S	T	A	V	L	I	F	Y	W	H	M	C	P
0	0.00549	0.00510	0.00855	0.83741	0.01936	0.00633	0.00794	0.00741	0.00592	0.00757	0.00582	0.00932	0.00468	0.00324	0.00300	0.00100	0.00384	0.05343	0.00139	0.00322
1	0.87210	0.00565	0.00453	0.04812	0.00640	0.00657	0.00342	0.00856	0.00503	0.01287	0.00414	0.00492	0.00321	0.00273	0.00187	0.00091	0.00235	0.00164	0.00179	0.00318
2	0.00799	0.85452	0.01501	0.00514	0.00760	0.05524	0.00505	0.00893	0.00608	0.00691	0.00410	0.00473	0.00376	0.00253	0.00192	0.00063	0.00324	0.00158	0.00127	0.00374
3	0.00692	0.00791	0.01730	0.01236	0.01532	0.00741	0.86802	0.00939	0.00692	0.00939	0.00593	0.00791	0.00445	0.00247	0.00346	0.00099	0.00494	0.00346	0.00148	0.00395
4	0.00719	0.00685	0.01143	0.05174	0.78718	0.00697	0.00868	0.00937	0.06384	0.00967	0.00593	0.00752	0.00490	0.00272	0.00291	0.00088	0.00342	0.00266	0.00155	0.00459
5	0.00700	0.00606	0.00752	0.27078	0.03135	0.00708	0.00586	0.08078	0.50047	0.01117	0.00949	0.01025	0.00726	0.00372	0.00299	0.00099	0.00291	0.02771	0.00243	0.00420
6	0.00656	0.00550	0.00634	0.00457	0.00715	0.00440	0.00368	0.08984	0.00682	0.01041	0.00539	0.00617	0.00440	0.00230	0.00224	0.00048	0.00227	0.00182	0.00185	0.82780
7	0.00448	0.00302	0.00340	0.00335	0.00344	0.00304	0.00194	0.03448	0.00464	0.00620	0.00940	0.04938	0.01077	0.83469	0.01411	0.00272	0.00282	0.00435	0.00185	0.00191
8	0.05384	0.00313	0.00390	0.00369	0.00443	0.00295	0.00277	0.00561	0.00798	0.01157	0.77426	0.05367	0.04935	0.00597	0.00338	0.00093	0.00145	0.00524	0.00312	0.00277
9	0.00419	0.00281	0.00322	0.00329	0.00331	0.00279	0.00188	0.00424	0.00440	0.00587	0.00996	0.11057	0.01157	0.80433	0.01376	0.00267	0.00272	0.00469	0.00188	0.00184
10	0.00612	0.00534	0.00639	0.00471	0.00703	0.00446	0.00379	0.00735	0.00591	0.00928	0.00506	0.00612	0.00429	0.00249	0.00298	0.00053	0.09860	0.00183	0.00169	0.81604

[dist]
# distance from previous block
# <min> <max>
3	5

[block]
# block no. 8 follows, 99 sequences, length 19
# corresponding to MSA columns:
# 253-271
name=unknown_I
#
# <colnr> <probs for GDERKNQSTAVLIFYWHMCP>
#	G	D	E	R	K	N	Q	S	T	A	V	L	I	F	Y	W	H	M	C	P
0	0.02821	0.05586	0.00719	0.00519	0.00741	0.00488	0.00432	0.01378	0.04837	0.76034	0.02614	0.00984	0.00742	0.00361	0.00288	0.00090	0.00250	0.00290	0.00343	0.00483
1	0.01192	0.00481	0.00647	0.00507	0.00714	0.00425	0.00415	0.01335	0.04073	0.74978	0.10963	0.01137	0.00963	0.00391	0.00301	0.00091	0.00236	0.00323	0.00356	0.00472
2	0.00424	0.00283	0.00320	0.00323	0.00323	0.00283	0.00181	0.00426	0.00431	0.00574	0.00947	0.04817	0.01095	0.86758	0.01455	0.00279	0.00280	0.00440	0.00181	0.00180
3	0.00357	0.00255	0.00340	0.00408	0.00425	0.00238	0.00272	0.00408	0.00561	0.00748	0.01616	0.89504	0.01939	0.00919	0.00374	0.00119	0.00170	0.00834	0.00272	0.00238
4	0.01095	0.01397	0.00831	0.00755	0.00906	0.88519	0.00567	0.01171	0.00831	0.00718	0.00453	0.00529	0.00378	0.00302	0.00264	0.00076	0.00529	0.00189	0.00151	0.00340
5	0.00726	0.00697	0.01190	0.01800	0.87867	0.00697	0.00900	0.00900	0.00668	0.00958	0.00552	0.00726	0.00464	0.00261	0.00290	0.00087	0.00348	0.00261	0.00145	0.00464
6	0.00626	0.00532	0.00618	0.00443	0.00702	0.00409	0.00355	0.03789	0.00635	0.00987	0.00528	0.00611	0.00437	0.00222	0.00220	0.00045	0.00221	0.00177	0.00178	0.88266
7	0.01115	0.00821	0.00880	0.00675	0.00909	0.00909	0.00557	0.86889	0.01379	0.01848	0.00704	0.00704	0.00499	0.00352	0.00293	0.00088	0.00323	0.00264	0.00293	0.00499
8	0.01115	0.00821	0.00880	0.00675	0.00909	0.00909	0.00557	0.86889	0.01379	0.01848	0.00704	0.00704	0.00499	0.00352	0.00293	0.00088	0.00323	0.00264	0.00293	0.00499
9	0.00357	0.00255	0.00340	0.00408	0.00425	0.00238	0.00272	0.00408	0.00561	0.00748	0.01616	0.89504	0.01939	0.00919	0.00374	0.00119	0.00170	0.00834	0.00272	0.00238
10	0.00357	0.00255	0.00340	0.00408	0.00425	0.00238	0.00272	0.00408	0.00561	0.00748	0.01616	0.89504	0.01939	0.00919	0.00374	0.00119	0.00170	0.00834	0.00272	0.00238
11	0.00549	0.00288	0.00292	0.00287	0.00353	0.00290	0.00211	0.02763	0.00616	0.01063	0.00947	0.01160	0.00774	0.08587	0.00326	0.00089	0.00155	0.00287	0.80692	0.00270
12	0.01293	0.00504	0.00680	0.00525	0.00749	0.00442	0.00432	0.01434	0.04147	0.84749	0.01158	0.01002	0.00732	0.00364	0.00295	0.00091	0.00249	0.00296	0.00360	0.00498
13	0.01316	0.00499	0.00680	0.00522	0.00748	0.00431	0.00431	0.01429	0.00839	0.88070	0.01157	0.00998	0.00726	0.00363	0.00295	0.00091	0.00249	0.00295	0.00363	0.00499
14	0.00424	0.00283	0.00321	0.00323	0.00324	0.00283	0.00181	0.00426	0.00431	0.00575	0.00949	0.05057	0.01097	0.86515	0.01452	0.00278	0.00280	0.00441	0.00181	0.00180
15	0.00369	0.00260	0.00337	0.00393	0.00407	0.00246	0.00256	0.00411	0.00538	0.00717	0.01496	0.74279	0.01787	0.16351	0.00569	0.00148	0.00190	0.00763	0.00256	0.00228
16	0.00388	0.00306	0.00319	0.00315	0.00417	0.00258	0.00240	0.00467	0.00678	0.04067	0.04557	0.02756	0.80023	0.00728	0.00346	0.00100	0.00156	0.03344	0.00277	0.00258
17	0.00588	0.01517	0.88176	0.00836	0.01269	0.00681	0.01083	0.00929	0.00619	0.00929	0.00526	0.00619	0.00371	0.00279	0.00279	0.00093	0.00433	0.00217	0.00124	0.00433
18	0.03504	0.00530	0.00693	0.00532	0.00759	0.00480	0.00440	0.09241	0.00880	0.78058	0.01097	0.00958	0.00695	0.00360	0.00292	0.00090	0.00256	0.00289	0.00352	0.00495

[dist]
# distance from previous block
# <min> <max>
2	6

[block]
# block no. 9 follows, 99 sequences, length 9
# corresponding to MSA columns:
# 278-286
name=unknown_J
#
# <colnr> <probs for GDERKNQSTAVLIFYWHMCP>
#	G	D	E	R	K	N	Q	S	T	A	V	L	I	F	Y	W	H	M	C	P
0	0.00608	0.00536	0.00696	0.08710	0.00865	0.00435	0.05204	0.00750	0.00611	0.00935	0.00525	0.00634	0.00431	0.00226	0.00231	0.00052	0.00249	0.00191	0.00168	0.77943
1	0.00703	0.00686	0.01207	0.11376	0.70176	0.00696	0.09059	0.00887	0.00661	0.00933	0.00552	0.00738	0.00454	0.00263	0.00296	0.00089	0.00367	0.00269	0.00144	0.00443
2	0.01208	0.04223	0.00744	0.00551	0.00774	0.00560	0.00456	0.14120	0.09150	0.63400	0.01062	0.00942	0.00694	0.00360	0.00291	0.00090	0.00261	0.00288	0.00337	0.00491
3	0.00588	0.01517	0.88176	0.00836	0.01269	0.00681	0.01083	0.00929	0.00619	0.00929	0.00526	0.00619	0.00371	0.00279	0.00279	0.00093	0.00433	0.00217	0.00124	0.00433
4	0.00426	0.00284	0.00320	0.00320	0.00320	0.00284	0.00178	0.00426	0.00426	0.00569	0.00924	0.01919	0.01066	0.89696	0.01492	0.00284	0.00284	0.00426	0.00178	0.00178
5	0.00428	0.00311	0.00456	0.00456	0.00510	0.00359	0.00354	0.00536	0.00482	0.00712	0.00798	0.01147	0.00734	0.02059	0.81897	0.00441	0.00737	0.00311	0.07007	0.00263
6	0.91767	0.00567	0.00431	0.00386	0.00567	0.00658	0.00318	0.00862	0.00499	0.01316	0.00408	0.00476	0.00318	0.00272	0.00181	0.00091	0.00227	0.00159	0.00181	0.00318
7	0.11611	0.00523	0.00798	0.72226	0.01745	0.00641	0.00722	0.00779	0.03529	0.00835	0.00614	0.00825	0.03370	0.00309	0.00282	0.00097	0.00357	0.00263	0.00147	0.00327
8	0.00588	0.01517	0.88176	0.00836	0.01269	0.00681	0.01083	0.00929	0.00619	0.00929	0.00526	0.00619	0.00371	0.00279	0.00279	0.00093	0.00433	0.00217	0.00124	0.00433

[dist]
# distance from previous block
# <min> <max>
2	5

[block]
# block no. 10 follows, 99 sequences, length 11
# corresponding to MSA columns:
# 292-302
name=unknown_K
#
# <colnr> <probs for GDERKNQSTAVLIFYWHMCP>
#	G	D	E	R	K	N	Q	S	T	A	V	L	I	F	Y	W	H	M	C	P
0	0.01031	0.01276	0.00893	0.00937	0.16000	0.73276	0.00624	0.01124	0.00803	0.00759	0.00470	0.00563	0.00393	0.00295	0.00269	0.00078	0.00497	0.00201	0.00150	0.00362
1	0.00467	0.00255	0.00370	0.00389	0.00394	0.00250	0.00260	0.00389	0.00432	0.00576	0.00816	0.25443	0.00905	0.00991	0.00932	0.66159	0.00231	0.00415	0.00167	0.00158
2	0.01316	0.00499	0.00680	0.00522	0.00748	0.00431	0.00431	0.01429	0.00839	0.88070	0.01157	0.00998	0.00726	0.00363	0.00295	0.00091	0.00249	0.00295	0.00363	0.00499
3	0.00466	0.00335	0.00464	0.00528	0.00597	0.00333	0.00460	0.00598	0.00675	0.00873	0.01623	0.03283	0.05979	0.00807	0.00402	0.00133	0.00264	0.81641	0.00270	0.00269
4	0.00581	0.00535	0.00872	0.79700	0.04268	0.00654	0.00787	0.05055	0.00630	0.00811	0.00600	0.00833	0.02846	0.00308	0.00295	0.00097	0.00379	0.00271	0.00143	0.00336
5	0.06218	0.67628	0.11083	0.00540	0.00800	0.01041	0.00555	0.05177	0.00628	0.00812	0.00447	0.00519	0.00389	0.00316	0.02739	0.00081	0.00336	0.00173	0.00138	0.00382
6	0.00462	0.00343	0.00430	0.00460	0.04132	0.00324	0.00296	0.05240	0.00578	0.00790	0.01204	0.46327	0.01384	0.25732	0.00663	0.00154	0.00223	0.00590	0.00230	0.10436
7	0.00407	0.00423	0.10127	0.00381	0.00467	0.00309	0.00307	0.00478	0.00552	0.00712	0.01696	0.13746	0.31805	0.36393	0.00802	0.00175	0.00238	0.00525	0.00218	0.00239
8	0.00723	0.00705	0.01237	0.01751	0.80424	0.00701	0.08305	0.00903	0.00670	0.00956	0.00555	0.00731	0.00463	0.00260	0.00295	0.00088	0.00361	0.00269	0.00145	0.00458
9	0.00525	0.00391	0.00533	0.00502	0.00582	0.00449	0.00396	0.13670	0.00609	0.00858	0.00773	0.01084	0.00697	0.01918	0.75101	0.00413	0.00715	0.00307	0.00178	0.00298
10	0.00525	0.00279	0.00298	0.00298	0.00361	0.00284	0.00221	0.00650	0.00588	0.01016	0.00935	0.01149	0.00768	0.05901	0.10147	0.00126	0.00218	0.00287	0.75682	0.00266

[dist]
# distance from previous block
# <min> <max>
5	9

[block]
# block no. 11 follows, 99 sequences, length 13
# corresponding to MSA columns:
# 312-324
name=unknown_L
#
# <colnr> <probs for GDERKNQSTAVLIFYWHMCP>
#	G	D	E	R	K	N	Q	S	T	A	V	L	I	F	Y	W	H	M	C	P
0	0.00593	0.04176	0.82717	0.03673	0.01278	0.00695	0.01057	0.00921	0.00617	0.00915	0.00522	0.00620	0.00372	0.00278	0.00276	0.00092	0.00428	0.00216	0.00124	0.00428
1	0.00424	0.00348	0.00537	0.00511	0.00588	0.00315	0.10744	0.00508	0.00582	0.00794	0.01376	0.69307	0.01598	0.00763	0.00354	0.00109	0.00214	0.00704	0.00247	0.09977
2	0.87863	0.00564	0.00442	0.00391	0.00575	0.00648	0.00322	0.00886	0.00514	0.05060	0.00441	0.00499	0.00335	0.00276	0.00186	0.00091	0.00228	0.00165	0.00189	0.00325
3	0.66386	0.00696	0.13433	0.09890	0.00822	0.00651	0.00483	0.00852	0.00534	0.01195	0.02542	0.00571	0.00392	0.00283	0.00212	0.00092	0.00273	0.00187	0.00171	0.00335
4	0.00695	0.01366	0.75258	0.00789	0.01192	0.00644	0.00987	0.01002	0.00652	0.13795	0.00619	0.00675	0.00424	0.00291	0.00281	0.00093	0.00406	0.00228	0.00159	0.00443
5	0.08282	0.00509	0.00661	0.00514	0.00735	0.00459	0.00423	0.01390	0.03865	0.78304	0.01100	0.00961	0.00700	0.00357	0.00286	0.00091	0.00247	0.00286	0.00347	0.00484
6	0.00382	0.00328	0.00382	0.08506	0.02657	0.00299	0.00299	0.00477	0.00678	0.00833	0.11713	0.02516	0.68552	0.00674	0.00340	0.00098	0.00175	0.00568	0.00262	0.00263
7	0.00357	0.00257	0.00338	0.00403	0.00424	0.00239	0.00270	0.00409	0.00566	0.00751	0.01681	0.85357	0.06045	0.00910	0.00373	0.00118	0.00169	0.00823	0.00272	0.00239
