[name]
rps1

[dist]
# distance from previous block
# <min> <max>
1	18

[block]
# block no. 0 follows, 41 sequences, length 51
# corresponding to MSA columns:
# 18-68
name=unknown_A
#
# <colnr> <probs for GDERKNQSTAVLIFYWHMCP>
#	G	D	E	R	K	N	Q	S	T	A	V	L	I	F	Y	W	H	M	C	P
0	0.00696	0.00586	0.00608	0.00619	0.00807	0.00497	0.00475	0.00851	0.01305	0.01559	0.05566	0.05583	0.70085	0.01459	0.00685	0.00199	0.00309	0.07093	0.00531	0.00486
1	0.00929	0.00695	0.00985	0.00952	0.01084	0.00802	0.00746	0.07083	0.01065	0.01516	0.01519	0.02175	0.01392	0.03992	0.71267	0.00858	0.01458	0.00605	0.00328	0.00549
2	0.00697	0.00498	0.00664	0.00796	0.00830	0.00465	0.00531	0.00796	0.01095	0.01460	0.03153	0.79525	0.03783	0.01792	0.00730	0.00232	0.00332	0.01626	0.00531	0.00465
3	0.02174	0.01602	0.01717	0.01316	0.01774	0.01774	0.01087	0.74423	0.02689	0.03605	0.01373	0.01373	0.00973	0.00687	0.00572	0.00172	0.00629	0.00515	0.00572	0.00973
4	0.01080	0.01017	0.01716	0.78523	0.03940	0.01271	0.01589	0.01461	0.01144	0.01461	0.01017	0.01525	0.00762	0.00572	0.00572	0.00191	0.00762	0.00508	0.00254	0.00635
5	0.02069	0.01484	0.01613	0.01260	0.01682	0.01626	0.01031	0.65275	0.02513	0.06559	0.01558	0.07852	0.01224	0.00779	0.00585	0.00177	0.00599	0.00609	0.00575	0.00931
6	0.00832	0.00555	0.00624	0.00624	0.00624	0.00555	0.00347	0.00832	0.00832	0.01109	0.01802	0.03743	0.02080	0.79898	0.02911	0.00555	0.00555	0.00832	0.00347	0.00347
7	0.01194	0.01042	0.01291	0.00922	0.01434	0.00795	0.04192	0.01459	0.01194	0.01862	0.01023	0.01203	0.00848	0.00426	0.00436	0.00090	0.00449	0.00355	0.00337	0.79449
8	0.01080	0.01017	0.01716	0.78523	0.03940	0.01271	0.01589	0.01461	0.01144	0.01461	0.01017	0.01525	0.00762	0.00572	0.00572	0.00191	0.00762	0.00508	0.00254	0.00635
9	0.02174	0.01602	0.01717	0.01316	0.01774	0.01774	0.01087	0.74423	0.02689	0.03605	0.01373	0.01373	0.00973	0.00687	0.00572	0.00172	0.00629	0.00515	0.00572	0.00973
10	0.02137	0.02726	0.01621	0.01474	0.01768	0.77602	0.01105	0.02284	0.01621	0.01400	0.00884	0.01031	0.00737	0.00589	0.00516	0.00147	0.01031	0.00368	0.00295	0.00663
11	0.02174	0.01602	0.01717	0.01316	0.01774	0.01774	0.01087	0.74423	0.02689	0.03605	0.01373	0.01373	0.00973	0.00687	0.00572	0.00172	0.00629	0.00515	0.00572	0.00973
12	0.02174	0.01602	0.01717	0.01316	0.01774	0.01774	0.01087	0.74423	0.02689	0.03605	0.01373	0.01373	0.00973	0.00687	0.00572	0.00172	0.00629	0.00515	0.00572	0.00973
13	0.00789	0.00538	0.00640	0.00680	0.00694	0.00526	0.00409	0.00827	0.00933	0.01248	0.04049	0.27381	0.02692	0.53613	0.02176	0.00445	0.00478	0.01084	0.00411	0.00388
14	0.00832	0.00555	0.00624	0.00624	0.00624	0.00555	0.00347	0.00832	0.00832	0.01109	0.01802	0.03743	0.02080	0.79898	0.02911	0.00555	0.00555	0.00832	0.00347	0.00347
15	0.00697	0.00498	0.00664	0.00796	0.00830	0.00465	0.00531	0.00796	0.01095	0.01460	0.03153	0.79525	0.03783	0.01792	0.00730	0.00232	0.00332	0.01626	0.00531	0.00465
16	0.01043	0.00547	0.00578	0.02522	0.00763	0.00550	0.00441	0.01307	0.01216	0.02103	0.05526	0.04591	0.01712	0.00723	0.00428	0.00140	0.00281	0.00591	0.74404	0.00534
17	0.02087	0.01555	0.01717	0.07472	0.01946	0.01734	0.01127	0.68606	0.02566	0.03434	0.01345	0.01385	0.00956	0.00677	0.00572	0.00173	0.00640	0.00514	0.00547	0.00946
18	0.83938	0.01106	0.00841	0.00752	0.01106	0.01283	0.00619	0.01681	0.00973	0.02566	0.00796	0.00929	0.00619	0.00531	0.00354	0.00177	0.00442	0.00310	0.00354	0.00619
19	0.01898	0.02274	0.01853	0.02148	0.26446	0.52368	0.01320	0.02109	0.01516	0.01555	0.00948	0.01159	0.00793	0.00563	0.00532	0.00155	0.00915	0.00415	0.00291	0.00744
20	0.02454	0.00979	0.01311	0.01019	0.01447	0.00868	0.00837	0.02760	0.06049	0.70407	0.04111	0.02016	0.01536	0.00724	0.00578	0.00178	0.00479	0.00591	0.00698	0.00958
21	0.00697	0.00498	0.00664	0.00796	0.00830	0.00465	0.00531	0.00796	0.01095	0.01460	0.03153	0.79525	0.03783	0.01792	0.00730	0.00232	0.00332	0.01626	0.00531	0.00465
22	0.01350	0.01543	0.03375	0.02411	0.02989	0.01446	0.74253	0.01832	0.01350	0.01832	0.01157	0.01543	0.00868	0.00482	0.00675	0.00193	0.00964	0.00675	0.00289	0.00771
23	0.02174	0.01602	0.01717	0.01316	0.01774	0.01774	0.01087	0.74423	0.02689	0.03605	0.01373	0.01373	0.00973	0.00687	0.00572	0.00172	0.00629	0.00515	0.00572	0.00973
24	0.01277	0.02788	0.67464	0.01591	0.02387	0.01384	0.01984	0.10954	0.01394	0.02037	0.01070	0.01228	0.00756	0.00561	0.00547	0.00180	0.00818	0.00434	0.00283	0.00861
25	0.00810	0.00585	0.00765	0.00720	0.00855	0.00540	0.00540	0.01079	0.01619	0.02294	0.76028	0.04273	0.05397	0.01169	0.00675	0.00180	0.00270	0.01034	0.00630	0.00540
26	0.00697	0.00498	0.00664	0.00796	0.00830	0.00465	0.00531	0.00796	0.01095	0.01460	0.03153	0.79525	0.03783	0.01792	0.00730	0.00232	0.00332	0.01626	0.00531	0.00465
27	0.01085	0.01017	0.01690	0.74756	0.03814	0.01246	0.01544	0.01460	0.01146	0.01481	0.01017	0.01509	0.00767	0.00565	0.00565	0.00185	0.00746	0.00500	0.00258	0.04649
28	0.00708	0.00502	0.00660	0.00782	0.00813	0.00472	0.00516	0.00799	0.01073	0.01431	0.03041	0.73266	0.03642	0.08243	0.00910	0.00259	0.00350	0.01560	0.00516	0.00455
29	0.17935	0.01044	0.01553	0.60767	0.05240	0.01276	0.01396	0.01514	0.01113	0.01697	0.00973	0.01401	0.00737	0.00562	0.00527	0.00187	0.00695	0.00468	0.00275	0.00639
30	0.01164	0.02842	0.70859	0.01695	0.02518	0.01338	0.08071	0.01813	0.01219	0.01813	0.01037	0.01235	0.00736	0.00538	0.00554	0.00182	0.00855	0.00444	0.00245	0.00839
31	0.01160	0.05605	0.74403	0.01608	0.02441	0.01360	0.02074	0.01808	0.01206	0.01795	0.01019	0.01198	0.00725	0.00542	0.00537	0.00179	0.00837	0.00419	0.00242	0.00842
32	0.00930	0.00688	0.00968	0.01143	0.04849	0.00681	0.00931	0.01189	0.01315	0.01709	0.03113	0.06143	0.07935	0.01519	0.00772	0.00254	0.00519	0.64285	0.00515	0.00542
33	0.00839	0.00554	0.00621	0.00621	0.00625	0.00554	0.00348	0.00847	0.00843	0.01141	0.01804	0.03693	0.02060	0.77431	0.02833	0.00541	0.00546	0.00823	0.02923	0.00352
34	0.00697	0.00498	0.00664	0.00796	0.00830	0.00465	0.00531	0.00796	0.01095	0.01460	0.03153	0.79525	0.03783	0.01792	0.00730	0.00232	0.00332	0.01626	0.00531	0.00465
35	0.00812	0.00586	0.00772	0.00752	0.00881	0.00545	0.00571	0.01071	0.01563	0.02195	0.65578	0.08962	0.05125	0.01241	0.00688	0.00190	0.00295	0.07025	0.00615	0.00534
36	0.01546	0.78068	0.02959	0.00993	0.01476	0.04376	0.00982	0.01729	0.01175	0.01347	0.00798	0.00921	0.00734	0.00492	0.00371	0.00123	0.00623	0.00308	0.00246	0.00732
37	0.02480	0.00954	0.01300	0.01003	0.01430	0.00826	0.00826	0.02704	0.01636	0.73070	0.05880	0.02061	0.01611	0.00731	0.00580	0.00177	0.00476	0.00598	0.00704	0.00952
38	0.83938	0.01106	0.00841	0.00752	0.01106	0.01283	0.00619	0.01681	0.00973	0.02566	0.00796	0.00929	0.00619	0.00531	0.00354	0.00177	0.00442	0.00310	0.00354	0.00619
39	0.00940	0.00756	0.00923	0.00822	0.01091	0.00613	0.00604	0.01117	0.01140	0.01661	0.02091	0.40579	0.02324	0.01112	0.00578	0.00159	0.00377	0.00986	0.00435	0.41694
40	0.78961	0.01073	0.00828	0.00745	0.01077	0.01240	0.00603	0.01630	0.00965	0.02479	0.00857	0.01098	0.00707	0.05285	0.00507	0.00200	0.00449	0.00341	0.00354	0.00603
41	0.01468	0.01251	0.01319	0.01173	0.01505	0.01444	0.00916	0.07315	0.70948	0.02465	0.02271	0.02088	0.01700	0.00771	0.00581	0.00193	0.00463	0.00639	0.00581	0.00909
42	0.01226	0.01015	0.01190	0.00852	0.01359	0.00765	0.00682	0.01479	0.01199	0.04019	0.01052	0.01208	0.00864	0.00432	0.00428	0.00087	0.00425	0.00346	0.00350	0.81022
43	0.01056	0.00990	0.01648	0.73855	0.03750	0.01224	0.01519	0.01423	0.01153	0.01466	0.01303	0.01763	0.05275	0.00624	0.00578	0.00191	0.00734	0.00550	0.00271	0.00626
44	0.00676	0.00579	0.00579	0.00579	0.00773	0.00483	0.00435	0.00821	0.01304	0.01545	0.05794	0.05505	0.76098	0.01449	0.00676	0.00193	0.00290	0.01207	0.00531	0.00483
45	0.01066	0.00533	0.00533	0.00533	0.00666	0.00533	0.00400	0.01333	0.01200	0.02132	0.01866	0.02132	0.01466	0.00666	0.00400	0.00133	0.00267	0.00533	0.83073	0.00533
46	0.00922	0.00658	0.00922	0.01053	0.01185	0.00658	0.00922	0.01185	0.01317	0.01712	0.03029	0.06452	0.03292	0.01580	0.00790	0.00263	0.00527	0.72480	0.00527	0.00527
47	0.01350	0.01543	0.03375	0.02411	0.02989	0.01446	0.74253	0.01832	0.01350	0.01832	0.01157	0.01543	0.00868	0.00482	0.00675	0.00193	0.00964	0.00675	0.00289	0.00771
48	0.01529	0.80242	0.02997	0.00979	0.01468	0.02263	0.00979	0.01713	0.01162	0.01346	0.00795	0.00918	0.00734	0.00489	0.00367	0.00122	0.00612	0.00306	0.00245	0.00734
49	0.01147	0.02959	0.76934	0.01630	0.02476	0.01328	0.02113	0.01811	0.01208	0.01811	0.01026	0.01208	0.00725	0.00543	0.00543	0.00181	0.00845	0.00423	0.00242	0.00845
50	0.01090	0.00915	0.01084	0.00837	0.01252	0.00704	0.00649	0.01314	0.01168	0.01785	0.01435	0.16544	0.01423	0.00692	0.00484	0.00114	0.00406	0.00591	0.00377	0.67136

[dist]
# distance from previous block
# <min> <max>
1	8

[block]
# block no. 1 follows, 41 sequences, length 50
# corresponding to MSA columns:
# 77-126
name=unknown_B
#
# <colnr> <probs for GDERKNQSTAVLIFYWHMCP>
#	G	D	E	R	K	N	Q	S	T	A	V	L	I	F	Y	W	H	M	C	P
0	0.00758	0.00666	0.00774	0.00906	0.09198	0.00581	0.00582	0.00925	0.01304	0.01581	0.05268	0.05049	0.67714	0.01344	0.00664	0.00191	0.00333	0.01129	0.00504	0.00530
1	0.02137	0.02726	0.01621	0.01474	0.01768	0.77602	0.01105	0.02284	0.01621	0.01400	0.00884	0.01031	0.00737	0.00589	0.00516	0.00147	0.01031	0.00368	0.00295	0.00663
2	0.01080	0.01017	0.01716	0.78523	0.03940	0.01271	0.01589	0.01461	0.01144	0.01461	0.01017	0.01525	0.00762	0.00572	0.00572	0.00191	0.00762	0.00508	0.00254	0.00635
3	0.02490	0.00991	0.01325	0.01027	0.01462	0.00880	0.00845	0.02804	0.06571	0.71747	0.02261	0.01959	0.01438	0.00713	0.00576	0.00178	0.00484	0.00580	0.00700	0.00969
4	0.01541	0.01202	0.01297	0.01149	0.01485	0.01362	0.00899	0.03013	0.67663	0.10096	0.02321	0.02115	0.01712	0.00769	0.00581	0.00192	0.00456	0.00639	0.00595	0.00912
5	0.01080	0.01017	0.01716	0.78523	0.03940	0.01271	0.01589	0.01461	0.01144	0.01461	0.01017	0.01525	0.00762	0.00572	0.00572	0.00191	0.00762	0.00508	0.00254	0.00635
6	0.00832	0.00555	0.00624	0.00624	0.00624	0.00555	0.00347	0.00832	0.00832	0.01109	0.01802	0.03743	0.02080	0.79898	0.02911	0.00555	0.00555	0.00832	0.00347	0.00347
7	0.01162	0.05888	0.74132	0.01606	0.02437	0.01364	0.02070	0.01808	0.01206	0.01794	0.01018	0.01197	0.00725	0.00541	0.00537	0.00179	0.00836	0.00418	0.00242	0.00841
8	0.02116	0.02688	0.01641	0.01531	0.03863	0.75460	0.01123	0.02269	0.01612	0.01413	0.00890	0.01042	0.00742	0.00587	0.00517	0.00148	0.01022	0.00372	0.00294	0.00670
9	0.01401	0.01340	0.02266	0.06676	0.71026	0.01357	0.01723	0.01780	0.03454	0.01866	0.01110	0.01441	0.00924	0.00520	0.00567	0.00171	0.00676	0.00514	0.00291	0.00894
10	0.00810	0.00585	0.00765	0.00720	0.00855	0.00540	0.00540	0.01079	0.01619	0.02294	0.76028	0.04273	0.05397	0.01169	0.00675	0.00180	0.00270	0.01034	0.00630	0.00540
11	0.68791	0.01445	0.14763	0.00913	0.01357	0.01291	0.00893	0.01705	0.01016	0.02428	0.00839	0.00980	0.00639	0.00533	0.00389	0.00178	0.00516	0.00330	0.00333	0.00661
12	0.01856	0.01354	0.01458	0.01152	0.01501	0.01485	0.00912	0.56984	0.02249	0.03013	0.01475	0.01935	0.01235	0.19457	0.01126	0.00262	0.00612	0.00590	0.00519	0.00824
13	0.00757	0.00559	0.00720	0.00817	0.00888	0.00527	0.00557	0.00940	0.04855	0.01526	0.03011	0.71935	0.03542	0.01676	0.00708	0.00223	0.00342	0.01516	0.00525	0.04375
14	0.05047	0.70126	0.02761	0.00991	0.01450	0.05797	0.00960	0.01713	0.01167	0.01400	0.00827	0.00974	0.00756	0.00639	0.03286	0.00156	0.00659	0.00321	0.00254	0.00717
15	0.00736	0.00528	0.00699	0.00770	0.00838	0.00491	0.00534	0.00894	0.01276	0.01748	0.28319	0.53537	0.04340	0.01577	0.00711	0.00214	0.00310	0.01422	0.00565	0.00491
16	0.00810	0.00585	0.00765	0.00720	0.00855	0.00540	0.00540	0.01079	0.01619	0.02294	0.76028	0.04273	0.05397	0.01169	0.00675	0.00180	0.00270	0.01034	0.00630	0.00540
17	0.02566	0.00973	0.01327	0.01018	0.01460	0.00841	0.00841	0.02788	0.01637	0.76726	0.02257	0.01947	0.01416	0.00708	0.00575	0.00177	0.00487	0.00575	0.00708	0.00973
18	0.78584	0.01100	0.00897	0.05778	0.01289	0.01282	0.00682	0.01667	0.00984	0.02495	0.00811	0.00968	0.00629	0.00534	0.00368	0.00178	0.00463	0.00323	0.00348	0.00620
19	0.01147	0.02959	0.76934	0.01630	0.02476	0.01328	0.02113	0.01811	0.01208	0.01811	0.01026	0.01208	0.00725	0.00543	0.00543	0.00181	0.00845	0.00423	0.00242	0.00845
20	0.02090	0.01575	0.01784	0.01561	0.10087	0.01728	0.01162	0.66320	0.02535	0.03411	0.01340	0.01378	0.00965	0.00667	0.00572	0.00171	0.00635	0.00514	0.00540	0.00965
21	0.00706	0.00505	0.00675	0.00807	0.00845	0.00473	0.00548	0.00813	0.01105	0.01471	0.03147	0.76407	0.03762	0.01783	0.00733	0.00234	0.00340	0.04649	0.00531	0.00467
22	0.00676	0.00579	0.00579	0.00579	0.00773	0.00483	0.00435	0.00821	0.01304	0.01545	0.05794	0.05505	0.76098	0.01449	0.00676	0.00193	0.00290	0.01207	0.00531	0.00483
23	0.01406	0.01349	0.02305	0.05618	0.74297	0.01357	0.01751	0.01747	0.01298	0.01857	0.01074	0.01419	0.00902	0.00511	0.00566	0.00170	0.00682	0.00510	0.00282	0.00898
24	0.01344	0.03755	0.27777	0.02762	0.47611	0.03206	0.01844	0.01786	0.01275	0.01826	0.01048	0.01324	0.00836	0.00523	0.00553	0.00172	0.00743	0.00472	0.00268	0.00876
25	0.06628	0.01310	0.02406	0.21680	0.22194	0.01353	0.28047	0.01685	0.01245	0.01786	0.01063	0.01447	0.00832	0.00525	0.00620	0.00183	0.02637	0.00551	0.00284	0.03526
26	0.00676	0.00579	0.00579	0.00579	0.00773	0.00483	0.00435	0.00821	0.01304	0.01545	0.05794	0.05505	0.76098	0.01449	0.00676	0.00193	0.00290	0.01207	0.00531	0.00483
27	0.00702	0.00500	0.00662	0.00790	0.00822	0.00468	0.00524	0.00798	0.01085	0.01447	0.03101	0.76653	0.03719	0.04752	0.00813	0.00245	0.00340	0.01596	0.00524	0.00460
28	0.01147	0.02959	0.76934	0.01630	0.02476	0.01328	0.02113	0.01811	0.01208	0.01811	0.01026	0.01208	0.00725	0.00543	0.00543	0.00181	0.00845	0.00423	0.00242	0.00845
29	0.01080	0.01017	0.01716	0.78523	0.03940	0.01271	0.01589	0.01461	0.01144	0.01461	0.01017	0.01525	0.00762	0.00572	0.00572	0.00191	0.00762	0.00508	0.00254	0.00635
30	0.00797	0.00542	0.00632	0.00663	0.00675	0.00532	0.00391	0.00823	0.00904	0.01201	0.02211	0.21315	0.04263	0.59935	0.02353	0.00471	0.00497	0.01025	0.00394	0.00377
31	0.00832	0.00555	0.00624	0.00624	0.00624	0.00555	0.00347	0.00832	0.00832	0.01109	0.01802	0.03743	0.02080	0.79898	0.02911	0.00555	0.00555	0.00832	0.00347	0.00347
32	0.00676	0.00579	0.00579	0.00579	0.00773	0.00483	0.00435	0.00821	0.01304	0.01545	0.05794	0.05505	0.76098	0.01449	0.00676	0.00193	0.00290	0.01207	0.00531	0.00483
33	0.01529	0.80242	0.02997	0.00979	0.01468	0.02263	0.00979	0.01713	0.01162	0.01346	0.00795	0.00918	0.00734	0.00489	0.00367	0.00122	0.00612	0.00306	0.00245	0.00734
34	0.00721	0.00516	0.00685	0.00780	0.00835	0.00480	0.00533	0.00856	0.01206	0.01636	0.18516	0.63661	0.04123	0.01661	0.00718	0.00221	0.00319	0.01501	0.00552	0.00480
35	0.00810	0.00585	0.00765	0.00720	0.00855	0.00540	0.00540	0.01079	0.01619	0.02294	0.76028	0.04273	0.05397	0.01169	0.00675	0.00180	0.00270	0.01034	0.00630	0.00540
36	0.02541	0.01014	0.01353	0.01037	0.01480	0.00901	0.00857	0.07416	0.01705	0.72001	0.02200	0.01910	0.01387	0.00707	0.00575	0.00177	0.00496	0.00571	0.00699	0.00973
37	0.83938	0.01106	0.00841	0.00752	0.01106	0.01283	0.00619	0.01681	0.00973	0.02566	0.00796	0.00929	0.00619	0.00531	0.00354	0.00177	0.00442	0.00310	0.00354	0.00619
38	0.01224	0.02869	0.68570	0.01708	0.05893	0.06258	0.02031	0.01839	0.01239	0.01788	0.01020	0.01206	0.00734	0.00545	0.00543	0.00178	0.00850	0.00423	0.00247	0.00836
39	0.02174	0.01602	0.01717	0.01316	0.01774	0.01774	0.01087	0.74423	0.02689	0.03605	0.01373	0.01373	0.00973	0.00687	0.00572	0.00172	0.00629	0.00515	0.00572	0.00973
40	0.00706	0.00505	0.00675	0.00807	0.00845	0.00473	0.00548	0.00813	0.01105	0.01471	0.03147	0.76407	0.03762	0.01783	0.00733	0.00234	0.00340	0.04649	0.00531	0.00467
41	0.00676	0.00579	0.00579	0.00579	0.00773	0.00483	0.00435	0.00821	0.01304	0.01545	0.05794	0.05505	0.76098	0.01449	0.00676	0.00193	0.00290	0.01207	0.00531	0.00483
42	0.01416	0.01359	0.02322	0.03511	0.76330	0.01359	0.01755	0.01755	0.01302	0.01869	0.01076	0.01416	0.00906	0.00510	0.00566	0.00170	0.00680	0.00510	0.00283	0.00906
43	0.01155	0.02914	0.74842	0.01683	0.04546	0.01329	0.02103	0.01810	0.01210	0.01813	0.01028	0.01213	0.00730	0.00542	0.00544	0.00181	0.00841	0.00425	0.00243	0.00847
44	0.01080	0.01017	0.01716	0.78523	0.03940	0.01271	0.01589	0.01461	0.01144	0.01461	0.01017	0.01525	0.00762	0.00572	0.00572	0.00191	0.00762	0.00508	0.00254	0.00635
45	0.02566	0.00973	0.01327	0.01018	0.01460	0.00841	0.00841	0.02788	0.01637	0.76726	0.02257	0.01947	0.01416	0.00708	0.00575	0.00177	0.00487	0.00575	0.00708	0.00973
46	0.02461	0.00950	0.01294	0.01000	0.01424	0.00823	0.00823	0.02685	0.01636	0.72248	0.06695	0.02087	0.01655	0.00736	0.00581	0.00177	0.00474	0.00603	0.00703	0.00947
47	0.02370	0.00930	0.01265	0.00984	0.01393	0.00807	0.00807	0.02597	0.01635	0.68427	0.10482	0.02206	0.01860	0.00759	0.00586	0.00177	0.00463	0.00626	0.00699	0.00925
48	0.03855	0.01020	0.01686	0.75919	0.03845	0.01271	0.01556	0.01469	0.01138	0.01498	0.01009	0.01505	0.00758	0.00570	0.00565	0.00190	0.00752	0.00502	0.00258	0.00635
49	0.00831	0.00556	0.00629	0.00627	0.00633	0.00554	0.00354	0.00841	0.00861	0.01154	0.04600	0.03763	0.02205	0.76930	0.02827	0.00540	0.00544	0.00839	0.00357	0.00354

[dist]
# distance from previous block
# <min> <max>
0	4

[block]
# block no. 2 follows, 41 sequences, length 14
# corresponding to MSA columns:
# 131-144
name=unknown_C
#
# <colnr> <probs for GDERKNQSTAVLIFYWHMCP>
#	G	D	E	R	K	N	Q	S	T	A	V	L	I	F	Y	W	H	M	C	P
0	0.02095	0.02646	0.01662	0.01593	0.06129	0.73143	0.01143	0.02253	0.01602	0.01427	0.00895	0.01054	0.00747	0.00585	0.00519	0.00149	0.01011	0.00377	0.00294	0.00677
1	0.01603	0.62604	0.05043	0.01188	0.05118	0.10989	0.01069	0.04025	0.01271	0.01461	0.00844	0.00978	0.00750	0.00510	0.00406	0.00131	0.00672	0.00333	0.00262	0.00745
2	0.00809	0.00632	0.00923	0.01221	0.12625	0.00604	0.00722	0.00946	0.01127	0.01524	0.02828	0.67322	0.03334	0.01592	0.00704	0.00223	0.00386	0.01452	0.00492	0.00534
3	0.00816	0.00589	0.00774	0.00739	0.00874	0.00547	0.00562	0.01086	0.01601	0.02260	0.71759	0.04400	0.05274	0.01193	0.00681	0.00185	0.00285	0.05213	0.00624	0.00539
4	0.78138	0.01100	0.00902	0.06196	0.01305	0.01282	0.00687	0.01666	0.00985	0.02489	0.00812	0.00971	0.00629	0.00534	0.00369	0.00178	0.00465	0.00324	0.00347	0.00621
5	0.02174	0.01602	0.01717	0.01316	0.01774	0.01774	0.01087	0.74423	0.02689	0.03605	0.01373	0.01373	0.00973	0.00687	0.00572	0.00172	0.00629	0.00515	0.00572	0.00973
6	0.01297	0.01101	0.01185	0.01094	0.01370	0.01254	0.00838	0.02649	0.61934	0.02267	0.06197	0.12257	0.02196	0.00928	0.00606	0.00198	0.00428	0.00793	0.00578	0.00830
7	0.01529	0.80242	0.02997	0.00979	0.01468	0.02263	0.00979	0.01713	0.01162	0.01346	0.00795	0.00918	0.00734	0.00489	0.00367	0.00122	0.00612	0.00306	0.00245	0.00734
8	0.00800	0.00578	0.00756	0.00726	0.00852	0.00534	0.00539	0.01056	0.01576	0.02226	0.70081	0.10414	0.05265	0.01220	0.00679	0.00184	0.00275	0.01083	0.00622	0.00534
9	0.00810	0.00585	0.00765	0.00720	0.00855	0.00540	0.00540	0.01079	0.01619	0.02294	0.76028	0.04273	0.05397	0.01169	0.00675	0.00180	0.00270	0.01034	0.00630	0.00540
10	0.02475	0.00953	0.01298	0.01002	0.01429	0.00825	0.00825	0.02699	0.01636	0.72875	0.06074	0.02067	0.01622	0.00732	0.00580	0.00177	0.00475	0.00599	0.00704	0.00951
11	0.83938	0.01106	0.00841	0.00752	0.01106	0.01283	0.00619	0.01681	0.00973	0.02566	0.00796	0.00929	0.00619	0.00531	0.00354	0.00177	0.00442	0.00310	0.00354	0.00619
12	0.01147	0.02959	0.76934	0.01630	0.02476	0.01328	0.02113	0.01811	0.01208	0.01811	0.01026	0.01208	0.00725	0.00543	0.00543	0.00181	0.00845	0.00423	0.00242	0.00845
13	0.01186	0.01017	0.01186	0.00847	0.01356	0.00762	0.00678	0.01440	0.01186	0.01864	0.01017	0.01186	0.00847	0.00424	0.00424	0.00085	0.00424	0.00339	0.00339	0.83395

[dist]
# distance from previous block
# <min> <max>
0	1

[block]
# block no. 3 follows, 41 sequences, length 24
# corresponding to MSA columns:
# 146-169
name=unknown_D
#
# <colnr> <probs for GDERKNQSTAVLIFYWHMCP>
#	G	D	E	R	K	N	Q	S	T	A	V	L	I	F	Y	W	H	M	C	P
0	0.00732	0.00512	0.00653	0.00752	0.00776	0.00488	0.00483	0.00806	0.01027	0.01369	0.02803	0.59880	0.03341	0.22039	0.01296	0.00316	0.00390	0.01420	0.00483	0.00434
1	0.00696	0.00502	0.00659	0.00785	0.00827	0.00466	0.00526	0.00798	0.01106	0.01464	0.03287	0.75765	0.07456	0.01775	0.00727	0.00230	0.00330	0.01605	0.00531	0.00466
2	0.00721	0.00508	0.00657	0.00766	0.00793	0.00481	0.00498	0.00803	0.01048	0.01398	0.02912	0.66039	0.03480	0.15692	0.01118	0.00290	0.00371	0.01485	0.00498	0.00444
3	0.01186	0.01017	0.01186	0.00847	0.01356	0.00762	0.00678	0.01440	0.01186	0.01864	0.01017	0.01186	0.00847	0.00424	0.00424	0.00085	0.00424	0.00339	0.00339	0.83395
4	0.01080	0.01017	0.01716	0.78523	0.03940	0.01271	0.01589	0.01461	0.01144	0.01461	0.01017	0.01525	0.00762	0.00572	0.00572	0.00191	0.00762	0.00508	0.00254	0.00635
5	0.08203	0.01056	0.01697	0.64938	0.10384	0.01280	0.01521	0.01507	0.01144	0.01594	0.01003	0.01464	0.00764	0.00563	0.00553	0.00188	0.00727	0.00491	0.00265	0.00659
6	0.00832	0.00555	0.00624	0.00624	0.00624	0.00555	0.00347	0.00832	0.00832	0.01109	0.01802	0.03743	0.02080	0.79898	0.02911	0.00555	0.00555	0.00832	0.00347	0.00347
7	0.01080	0.01017	0.01716	0.78523	0.03940	0.01271	0.01589	0.01461	0.01144	0.01461	0.01017	0.01525	0.00762	0.00572	0.00572	0.00191	0.00762	0.00508	0.00254	0.00635
8	0.01353	0.01536	0.03333	0.02455	0.05912	0.01443	0.71364	0.01829	0.01348	0.01834	0.01154	0.01538	0.00869	0.00483	0.00671	0.00192	0.00953	0.00668	0.00289	0.00777
9	0.01887	0.02253	0.01863	0.02178	0.27554	0.51234	0.01330	0.02101	0.01511	0.01562	0.00950	0.01164	0.00795	0.00562	0.00533	0.00155	0.00910	0.00417	0.00291	0.00747
10	0.01083	0.01049	0.01887	0.55820	0.03404	0.01207	0.14395	0.01449	0.01175	0.01527	0.01293	0.10718	0.01137	0.00700	0.00609	0.00196	0.00748	0.00670	0.00293	0.00639
11	0.02404	0.00938	0.01275	0.00990	0.01404	0.00813	0.00813	0.02630	0.01635	0.69851	0.09071	0.02162	0.01784	0.00751	0.00584	0.00177	0.00467	0.00618	0.00701	0.00933
12	0.00994	0.00497	0.00745	0.00745	0.00745	0.00497	0.00497	0.00745	0.00745	0.00994	0.00994	0.01739	0.00994	0.01987	0.02235	0.83358	0.00497	0.00497	0.00248	0.00248
13	0.01003	0.00778	0.01163	0.01483	0.14547	0.00777	0.01059	0.01275	0.01308	0.01732	0.02685	0.07709	0.02882	0.01396	0.00748	0.00246	0.00548	0.57584	0.00483	0.00592
14	0.01217	0.02545	0.57626	0.02117	0.21588	0.01336	0.02021	0.01797	0.01232	0.01826	0.01039	0.01261	0.00772	0.00535	0.00549	0.00178	0.00802	0.00445	0.00252	0.00861
15	0.00697	0.00498	0.00664	0.00796	0.00830	0.00465	0.00531	0.00796	0.01095	0.01460	0.03153	0.79525	0.03783	0.01792	0.00730	0.00232	0.00332	0.01626	0.00531	0.00465
16	0.02021	0.02533	0.01602	0.01450	0.01710	0.68746	0.01094	0.02162	0.01533	0.01389	0.00901	0.01134	0.00779	0.03058	0.00706	0.00169	0.07677	0.00394	0.00293	0.00650
17	0.01416	0.01359	0.02322	0.03511	0.76330	0.01359	0.01755	0.01755	0.01302	0.01869	0.01076	0.01416	0.00906	0.00510	0.00566	0.00170	0.00680	0.00510	0.00283	0.00906
18	0.00676	0.00579	0.00579	0.00579	0.00773	0.00483	0.00435	0.00821	0.01304	0.01545	0.05794	0.05505	0.76098	0.01449	0.00676	0.00193	0.00290	0.01207	0.00531	0.00483
19	0.01008	0.00704	0.06713	0.03107	0.00974	0.00584	0.00655	0.00849	0.00793	0.01071	0.00997	0.01691	0.00966	0.01833	0.02055	0.74422	0.00532	0.00491	0.00248	0.00306
20	0.01102	0.01059	0.01850	0.72338	0.03862	0.01285	0.07494	0.01492	0.01160	0.01492	0.01028	0.01526	0.00771	0.00565	0.00580	0.00191	0.00779	0.00522	0.00257	0.00646
21	0.01340	0.01178	0.01395	0.19758	0.02077	0.01386	0.01070	0.02660	0.57473	0.02169	0.02013	0.01988	0.01510	0.00727	0.00580	0.00193	0.00527	0.00613	0.00503	0.00840
22	0.02080	0.02620	0.01676	0.01632	0.07581	0.71658	0.01156	0.02243	0.01596	0.01436	0.00899	0.01061	0.00750	0.00583	0.00520	0.00149	0.01004	0.00379	0.00294	0.00682
23	0.01451	0.01171	0.01371	0.14919	0.01922	0.01350	0.01022	0.02739	0.56358	0.08022	0.02089	0.02011	0.01545	0.00734	0.00580	0.00192	0.00510	0.00616	0.00533	0.00863

[dist]
# distance from previous block
# <min> <max>
0	2

[block]
# block no. 4 follows, 41 sequences, length 10
# corresponding to MSA columns:
# 172-181
name=unknown_E
#
# <colnr> <probs for GDERKNQSTAVLIFYWHMCP>
#	G	D	E	R	K	N	Q	S	T	A	V	L	I	F	Y	W	H	M	C	P
0	0.01393	0.01336	0.02282	0.08485	0.71529	0.01353	0.01744	0.01736	0.01292	0.01842	0.01072	0.01423	0.00897	0.00514	0.00567	0.00171	0.00685	0.00510	0.00281	0.00888
1	0.00800	0.00584	0.00751	0.00710	0.00849	0.00536	0.00532	0.01061	0.01597	0.02240	0.71015	0.04361	0.10444	0.01189	0.00675	0.00181	0.00271	0.01047	0.00623	0.00536
2	0.01393	0.01336	0.02281	0.08537	0.71479	0.01353	0.01744	0.01736	0.01292	0.01841	0.01072	0.01423	0.00896	0.00514	0.00567	0.00171	0.00685	0.00510	0.00281	0.00888
3	0.83938	0.01106	0.00841	0.00752	0.01106	0.01283	0.00619	0.01681	0.00973	0.02566	0.00796	0.00929	0.00619	0.00531	0.00354	0.00177	0.00442	0.00310	0.00354	0.00619
4	0.00811	0.00552	0.00660	0.00679	0.00695	0.00558	0.00411	0.00846	0.00879	0.01183	0.01972	0.14648	0.02261	0.60745	0.10258	0.00545	0.00622	0.00925	0.00369	0.00381
5	0.00722	0.00558	0.00606	0.00630	0.00743	0.00499	0.00428	0.00820	0.01140	0.01413	0.04256	0.18074	0.43462	0.22594	0.01286	0.00297	0.00368	0.01180	0.00482	0.00443
6	0.00743	0.00556	0.00604	0.00628	0.00736	0.00502	0.00425	0.00845	0.01130	0.01438	0.04019	0.17972	0.38946	0.23271	0.01293	0.00298	0.00370	0.01143	0.04636	0.00444
7	0.03214	0.06521	0.25100	0.14992	0.20610	0.03344	0.08834	0.04849	0.01314	0.04346	0.01083	0.01349	0.00822	0.00543	0.00554	0.00176	0.00763	0.00481	0.00292	0.00811
8	0.01391	0.01334	0.02277	0.08983	0.71049	0.01353	0.01743	0.01734	0.01291	0.01839	0.01072	0.01424	0.00896	0.00514	0.00567	0.00171	0.00686	0.00510	0.00281	0.00886
9	0.00877	0.00700	0.00975	0.05795	0.09715	0.00671	0.00729	0.01143	0.01508	0.02086	0.52652	0.03953	0.14813	0.01097	0.00656	0.00181	0.00350	0.00967	0.00553	0.00580

[dist]
# distance from previous block
# <min> <max>
0	1

[block]
# block no. 5 follows, 41 sequences, length 18
# corresponding to MSA columns:
# 183-200
name=unknown_F
#
# <colnr> <probs for GDERKNQSTAVLIFYWHMCP>
#	G	D	E	R	K	N	Q	S	T	A	V	L	I	F	Y	W	H	M	C	P
0	0.01377	0.01320	0.02252	0.12149	0.67994	0.01349	0.01736	0.01722	0.01284	0.01822	0.01069	0.01428	0.00889	0.00517	0.00567	0.00172	0.00689	0.00509	0.00280	0.00875
1	0.74851	0.01096	0.00937	0.09282	0.01417	0.01282	0.00726	0.01657	0.00992	0.02445	0.00821	0.00995	0.00635	0.00535	0.00378	0.00178	0.00478	0.00332	0.00343	0.00621
2	0.83938	0.01106	0.00841	0.00752	0.01106	0.01283	0.00619	0.01681	0.00973	0.02566	0.00796	0.00929	0.00619	0.00531	0.00354	0.00177	0.00442	0.00310	0.00354	0.00619
3	0.00866	0.00628	0.00858	0.00845	0.00928	0.00702	0.00618	0.03397	0.00952	0.01338	0.01607	0.02663	0.01608	0.26650	0.52863	0.00786	0.01212	0.00675	0.00327	0.00477
4	0.01866	0.01289	0.01627	0.04682	0.08193	0.01358	0.04426	0.39356	0.02037	0.14536	0.01728	0.13161	0.01443	0.00826	0.00600	0.00183	0.00588	0.00697	0.00536	0.00868
5	0.00810	0.00585	0.00765	0.00720	0.00855	0.00540	0.00540	0.01079	0.01619	0.02294	0.76028	0.04273	0.05397	0.01169	0.00675	0.00180	0.00270	0.01034	0.00630	0.00540
6	0.02208	0.00898	0.01237	0.00988	0.01363	0.00807	0.00807	0.02429	0.01523	0.61351	0.05552	0.02102	0.01602	0.01296	0.12777	0.00295	0.00642	0.00602	0.00641	0.00880
7	0.00676	0.00579	0.00579	0.00579	0.00773	0.00483	0.00435	0.00821	0.01304	0.01545	0.05794	0.05505	0.76098	0.01449	0.00676	0.00193	0.00290	0.01207	0.00531	0.00483
8	0.02566	0.00973	0.01327	0.01018	0.01460	0.00841	0.00841	0.02788	0.01637	0.76726	0.02257	0.01947	0.01416	0.00708	0.00575	0.00177	0.00487	0.00575	0.00708	0.00973
9	0.83938	0.01106	0.00841	0.00752	0.01106	0.01283	0.00619	0.01681	0.00973	0.02566	0.00796	0.00929	0.00619	0.00531	0.00354	0.00177	0.00442	0.00310	0.00354	0.00619
10	0.00830	0.00561	0.00658	0.00658	0.00670	0.00573	0.00389	0.00854	0.00842	0.01134	0.01771	0.03571	0.02005	0.71191	0.11516	0.00597	0.00667	0.00807	0.00342	0.00365
11	0.00709	0.00573	0.00618	0.00621	0.00780	0.00495	0.00453	0.00861	0.01307	0.01628	0.16449	0.10723	0.54580	0.06648	0.00829	0.00218	0.00307	0.01186	0.00534	0.00481
12	0.01735	0.01159	0.01303	0.01124	0.01480	0.01264	0.00888	0.02971	0.55155	0.22719	0.02309	0.02083	0.01656	0.00757	0.00580	0.00189	0.00462	0.00627	0.00616	0.00924
13	0.00832	0.00555	0.00624	0.00624	0.00624	0.00555	0.00347	0.00832	0.00832	0.01109	0.01802	0.03743	0.02080	0.79898	0.02911	0.00555	0.00555	0.00832	0.00347	0.00347
14	0.00704	0.00515	0.00664	0.00779	0.00837	0.00475	0.00535	0.00816	0.01132	0.01482	0.03492	0.66797	0.13192	0.01738	0.00726	0.00228	0.00335	0.04554	0.00531	0.00470
15	0.01250	0.01055	0.01221	0.00878	0.01383	0.00828	0.00704	0.06177	0.01284	0.01977	0.01040	0.01198	0.00855	0.00441	0.00433	0.00090	0.00437	0.00350	0.00354	0.78045
16	0.00860	0.00551	0.00652	0.00652	0.00665	0.00557	0.00389	0.00859	0.00846	0.01160	0.01699	0.03349	0.01889	0.62637	0.07522	0.09639	0.00597	0.00766	0.04354	0.00355
17	0.01087	0.01027	0.01717	0.75270	0.03837	0.01291	0.01574	0.01458	0.01132	0.01458	0.01005	0.01513	0.00762	0.00590	0.00627	0.00193	0.04061	0.00508	0.00254	0.00635

[dist]
# distance from previous block
# <min> <max>
19	54

# created by:
# /share/home/app/bin/augustus-3.3.1/scripts/msa2prfl.pl /dev/shm/tmp/ogap_db/mt-eudicotyledons/msas/rps1.aln --setname=rps1
