[name]
rps3

[dist]
# distance from previous block
# <min> <max>
5	13

[block]
# block no. 0 follows, 80 sequences, length 7
# corresponding to MSA columns:
# 13-19
name=unknown_A
#
# <colnr> <probs for GDERKNQSTAVLIFYWHMCP>
#	G	D	E	R	K	N	Q	S	T	A	V	L	I	F	Y	W	H	M	C	P
0	0.29847	0.00620	0.00892	0.07749	0.10538	0.00651	0.15024	0.00870	0.00687	0.01178	0.00996	0.27449	0.01025	0.00556	0.00346	0.00120	0.00336	0.00498	0.00233	0.00385
1	0.01220	0.01461	0.13755	0.00882	0.01145	0.45692	0.00763	0.28425	0.01164	0.01330	0.00650	0.00713	0.00495	0.00375	0.00328	0.00098	0.00532	0.00259	0.00230	0.00483
2	0.00877	0.00737	0.01047	0.58815	0.01972	0.00875	0.00869	0.28130	0.01005	0.01318	0.00691	0.00900	0.00507	0.00372	0.00349	0.00113	0.00439	0.00311	0.00218	0.00455
3	0.01143	0.00908	0.01054	0.00840	0.01028	0.01078	0.00696	0.57142	0.01280	0.01756	0.00714	0.00813	0.00549	0.00481	0.00609	0.00120	0.28670	0.00311	0.00285	0.00524
4	0.43655	0.00833	0.00793	0.00639	0.00888	0.00939	0.00527	0.44691	0.01142	0.01897	0.00670	0.00709	0.00491	0.00374	0.00286	0.00106	0.00330	0.00255	0.00286	0.00491
5	0.30126	0.42959	0.01248	0.00595	0.00859	0.04556	0.00539	0.13562	0.00822	0.01272	0.00540	0.00607	0.00447	0.00327	0.00244	0.00091	0.00351	0.00208	0.00202	0.00445
6	0.01339	0.00801	0.00916	0.00710	0.00963	0.00837	0.00578	0.50710	0.01340	0.29348	0.01034	0.01067	0.00736	0.07410	0.00464	0.00124	0.00352	0.00342	0.00365	0.00563

[dist]
# distance from previous block
# <min> <max>
5	9

[block]
# block no. 1 follows, 80 sequences, length 19
# corresponding to MSA columns:
# 31-49
name=unknown_B
#
# <colnr> <probs for GDERKNQSTAVLIFYWHMCP>
#	G	D	E	R	K	N	Q	S	T	A	V	L	I	F	Y	W	H	M	C	P
0	0.00514	0.03429	0.00605	0.00562	0.00633	0.00469	0.00442	0.00638	0.00566	0.00810	0.00919	0.01342	0.00857	0.02536	0.83350	0.00544	0.00915	0.00367	0.00186	0.00316
1	0.00498	0.00374	0.00561	0.00561	0.00623	0.00436	0.00436	0.00623	0.00561	0.00810	0.00935	0.01371	0.00872	0.02617	0.86355	0.00561	0.00935	0.00374	0.00187	0.00312
2	0.00499	0.00372	0.00551	0.00551	0.00609	0.00431	0.00424	0.00617	0.00558	0.00802	0.00944	0.01422	0.00895	0.07393	0.81609	0.00548	0.00901	0.00381	0.00188	0.00306
3	0.80333	0.00679	0.00547	0.00479	0.00697	0.00776	0.00394	0.05112	0.00664	0.04991	0.00553	0.00621	0.00419	0.00335	0.00228	0.00107	0.00274	0.00205	0.02189	0.00396
4	0.00861	0.00836	0.01456	0.02100	0.80366	0.00832	0.06234	0.01074	0.00796	0.01139	0.00659	0.00868	0.00551	0.00310	0.00350	0.00104	0.00425	0.00317	0.00173	0.00548
5	0.00796	0.00577	0.00657	0.00596	0.00716	0.00609	0.00442	0.33861	0.01030	0.01378	0.01366	0.40027	0.01467	0.14055	0.00610	0.00157	0.00295	0.00648	0.00317	0.00396
6	0.00492	0.00355	0.00466	0.00447	0.00526	0.00329	0.00335	0.00651	0.00966	0.01363	0.78842	0.07063	0.03207	0.00740	0.00415	0.00113	0.00171	0.02815	0.00379	0.00327
7	0.00498	0.00374	0.00561	0.00561	0.00623	0.00436	0.00436	0.00623	0.00561	0.00810	0.00935	0.01371	0.00872	0.02617	0.86355	0.00561	0.00935	0.00374	0.00187	0.00312
8	0.00824	0.00941	0.02059	0.01471	0.01824	0.00882	0.84294	0.01118	0.00824	0.01118	0.00706	0.00941	0.00529	0.00294	0.00412	0.00118	0.00588	0.00412	0.00176	0.00471
9	0.00971	0.79039	0.01742	0.00628	0.00914	0.10152	0.00605	0.01081	0.00738	0.00824	0.00491	0.00567	0.00448	0.00305	0.00233	0.00076	0.00400	0.00191	0.00152	0.00443
10	0.00479	0.00350	0.00451	0.00439	0.00516	0.00321	0.00324	0.00625	0.00934	0.01303	0.69064	0.13517	0.08825	0.00774	0.00416	0.00114	0.00170	0.00684	0.00372	0.00321
11	0.01303	0.01663	0.00989	0.00899	0.01079	0.86337	0.00674	0.01393	0.00989	0.00854	0.00539	0.00629	0.00449	0.00360	0.00315	0.00090	0.00629	0.00225	0.00180	0.00404
12	0.00430	0.00307	0.00410	0.00491	0.00514	0.00288	0.00332	0.00494	0.00673	0.00896	0.01920	0.84607	0.02297	0.01089	0.00447	0.00142	0.00207	0.03848	0.00324	0.00285
13	0.00659	0.00620	0.01047	0.86899	0.02403	0.00775	0.00969	0.00891	0.00698	0.00891	0.00620	0.00930	0.00465	0.00349	0.00349	0.00116	0.00465	0.00310	0.00155	0.00388
14	0.01341	0.00954	0.01032	0.00792	0.01070	0.01047	0.00654	0.79267	0.01601	0.07386	0.00871	0.00859	0.00610	0.00420	0.00349	0.00105	0.00379	0.00316	0.00354	0.00593
15	0.00498	0.00374	0.00561	0.00561	0.00623	0.00436	0.00436	0.00623	0.00561	0.00810	0.00935	0.01371	0.00872	0.02617	0.86355	0.00561	0.00935	0.00374	0.00187	0.00312
16	0.00503	0.00336	0.00382	0.00386	0.00387	0.00335	0.00217	0.00506	0.00516	0.00688	0.01142	0.06673	0.01322	0.83275	0.01707	0.00328	0.00331	0.00532	0.00217	0.00215
17	0.90202	0.00675	0.00513	0.00459	0.00675	0.00783	0.00378	0.01026	0.00594	0.01565	0.00486	0.00567	0.00378	0.00324	0.00216	0.00108	0.00270	0.00189	0.00216	0.00378
18	0.01326	0.00977	0.01047	0.00803	0.01082	0.01082	0.00663	0.84398	0.01640	0.02199	0.00838	0.00838	0.00593	0.00419	0.00349	0.00105	0.00384	0.00314	0.00349	0.00593

[dist]
# distance from previous block
# <min> <max>
4	9

[block]
# block no. 2 follows, 80 sequences, length 26
# corresponding to MSA columns:
# 59-84
name=unknown_C
#
# <colnr> <probs for GDERKNQSTAVLIFYWHMCP>
#	G	D	E	R	K	N	Q	S	T	A	V	L	I	F	Y	W	H	M	C	P
0	0.74362	0.00702	0.00673	0.00757	0.15726	0.00791	0.00501	0.01034	0.00629	0.01490	0.00516	0.00619	0.00409	0.00322	0.00239	0.00107	0.00296	0.00211	0.00208	0.00409
1	0.00505	0.00342	0.00396	0.00391	0.00405	0.00337	0.00232	0.00534	0.00593	0.00805	0.16042	0.02341	0.01627	0.72308	0.01534	0.00298	0.00307	0.00529	0.00242	0.00232
2	0.00777	0.00683	0.01047	0.71634	0.02169	0.00830	0.00915	0.15698	0.00865	0.01123	0.00659	0.00914	0.00488	0.00361	0.00349	0.00114	0.00451	0.00311	0.00189	0.00424
3	0.00425	0.00304	0.00405	0.00486	0.00506	0.00283	0.00324	0.00486	0.00668	0.00891	0.01923	0.87510	0.02308	0.01093	0.00445	0.00142	0.00202	0.00992	0.00324	0.00283
4	0.90202	0.00675	0.00513	0.00459	0.00675	0.00783	0.00378	0.01026	0.00594	0.01565	0.00486	0.00567	0.00378	0.00324	0.00216	0.00108	0.00270	0.00189	0.00216	0.00378
5	0.02539	0.00625	0.01028	0.82586	0.02323	0.00778	0.00945	0.00922	0.03142	0.00922	0.00641	0.00933	0.00481	0.00352	0.00346	0.00116	0.00456	0.00310	0.00162	0.00392
6	0.00650	0.00325	0.00325	0.00325	0.00407	0.00325	0.00244	0.00813	0.00732	0.01301	0.01138	0.01301	0.00894	0.00407	0.00244	0.00081	0.00163	0.00325	0.89675	0.00325
7	0.00413	0.00352	0.00355	0.00358	0.00473	0.00294	0.00267	0.00500	0.00791	0.00941	0.03476	0.06441	0.82375	0.00891	0.00414	0.00119	0.00178	0.00746	0.00324	0.00294
8	0.00415	0.00345	0.00362	0.00376	0.00477	0.00293	0.00275	0.00498	0.00773	0.00934	0.03257	0.17861	0.71096	0.00920	0.00418	0.00122	0.00181	0.00780	0.00324	0.00293
9	0.00420	0.00323	0.00385	0.00436	0.00493	0.00288	0.00302	0.00491	0.00716	0.00910	0.02533	0.55648	0.33776	0.01014	0.00433	0.00133	0.00193	0.00895	0.00324	0.00288
10	0.00788	0.00804	0.01065	0.00915	0.00923	0.04925	0.00759	0.00865	0.00555	0.00840	0.00462	0.00757	0.00458	0.00599	0.01107	0.00150	0.83189	0.00302	0.00154	0.00383
11	0.00507	0.00338	0.00381	0.00381	0.00381	0.00338	0.00211	0.00507	0.00507	0.00677	0.01099	0.02283	0.01268	0.87738	0.01776	0.00338	0.00338	0.00507	0.00211	0.00211
12	0.00831	0.00697	0.00856	0.00625	0.00927	0.00596	0.05519	0.15695	0.00891	0.01320	0.00687	0.02302	0.00563	0.00304	0.00287	0.00067	0.00300	0.00252	0.00232	0.67051
13	0.00864	0.00829	0.01416	0.02142	0.85561	0.00829	0.01071	0.01071	0.00794	0.01140	0.00656	0.00864	0.00553	0.00311	0.00345	0.00104	0.00415	0.00311	0.00173	0.00553
14	0.00652	0.00613	0.01028	0.84539	0.02350	0.00762	0.00950	0.00881	0.00700	0.00893	0.00700	0.00996	0.02782	0.00363	0.00351	0.00116	0.00457	0.00322	0.00160	0.00385
15	0.00835	0.00721	0.00758	0.00685	0.00876	0.00827	0.00532	0.01757	0.78907	0.01423	0.01572	0.01449	0.07104	0.00503	0.00359	0.00118	0.00269	0.00419	0.00353	0.00534
16	0.00507	0.00338	0.00381	0.00381	0.00381	0.00338	0.00211	0.00507	0.00507	0.00677	0.01099	0.02283	0.01268	0.87738	0.01776	0.00338	0.00338	0.00507	0.00211	0.00211
17	0.00413	0.00352	0.00355	0.00358	0.00473	0.00294	0.00267	0.00500	0.00791	0.00941	0.03476	0.06441	0.82375	0.00891	0.00414	0.00119	0.00178	0.00746	0.00324	0.00294
18	0.00806	0.00835	0.01050	0.00907	0.00924	0.08693	0.00748	0.00885	0.00576	0.00840	0.00476	0.00765	0.00466	0.00632	0.02935	0.00156	0.77468	0.00300	0.00156	0.00382
19	0.00501	0.00336	0.00382	0.00388	0.00390	0.00334	0.00220	0.00506	0.00519	0.00692	0.01160	0.08528	0.01345	0.81389	0.01678	0.00324	0.00328	0.00543	0.00220	0.00217
20	0.00507	0.00338	0.00381	0.00381	0.00381	0.00338	0.00211	0.00507	0.00507	0.00677	0.01099	0.02283	0.01268	0.87738	0.01776	0.00338	0.00338	0.00507	0.00211	0.00211
21	0.00425	0.00304	0.00405	0.00486	0.00506	0.00283	0.00324	0.00486	0.00668	0.00891	0.01923	0.87510	0.02308	0.01093	0.00445	0.00142	0.00202	0.00992	0.00324	0.00283
22	0.00741	0.00631	0.00733	0.00525	0.00834	0.00483	0.00421	0.03320	0.00750	0.01168	0.00627	0.00727	0.00519	0.00263	0.00261	0.00053	0.00262	0.00210	0.00211	0.87261
23	0.00677	0.00646	0.01050	0.71654	0.02139	0.00827	0.00933	0.00882	0.00669	0.00882	0.00591	0.00901	0.00464	0.00395	0.00490	0.00123	0.15826	0.00309	0.00155	0.00387
24	0.16531	0.00623	0.00938	0.69765	0.02057	0.00766	0.00851	0.00907	0.00679	0.01011	0.00624	0.02677	0.00488	0.00360	0.00327	0.00115	0.00425	0.00303	0.00169	0.00384
25	0.00712	0.00620	0.00781	0.15833	0.01106	0.00520	0.00512	0.00881	0.00719	0.01093	0.00620	0.00760	0.00508	0.00274	0.00274	0.00063	0.00295	0.00225	0.00198	0.74005

[dist]
# distance from previous block
# <min> <max>
0	1

[block]
# block no. 3 follows, 80 sequences, length 13
# corresponding to MSA columns:
# 86-98
name=unknown_D
#
# <colnr> <probs for GDERKNQSTAVLIFYWHMCP>
#	G	D	E	R	K	N	Q	S	T	A	V	L	I	F	Y	W	H	M	C	P
0	0.00682	0.00664	0.01186	0.75123	0.02323	0.00790	0.12455	0.00923	0.00715	0.00923	0.00632	0.00932	0.00474	0.00341	0.00358	0.00116	0.00482	0.00324	0.00158	0.00399
1	0.14330	0.00628	0.00965	0.73702	0.02139	0.00776	0.00879	0.00912	0.00682	0.00994	0.00600	0.00875	0.00452	0.00345	0.00329	0.00115	0.00435	0.00292	0.00164	0.00386
2	0.00489	0.00397	0.00618	0.14463	0.00899	0.00402	0.06019	0.00593	0.00683	0.00906	0.01632	0.67808	0.01893	0.00920	0.00428	0.00136	0.00270	0.00844	0.00287	0.00313
3	0.00864	0.00829	0.01416	0.02142	0.85561	0.00829	0.01071	0.01071	0.00794	0.01140	0.00656	0.00864	0.00553	0.00311	0.00345	0.00104	0.00415	0.00311	0.00173	0.00553
4	0.09184	0.00639	0.01039	0.75022	0.02214	0.00780	0.04477	0.00914	0.00693	0.00965	0.00611	0.00896	0.00460	0.00344	0.00339	0.00116	0.00452	0.00303	0.00162	0.00390
5	0.09177	0.00625	0.00996	0.78676	0.02239	0.00776	0.00913	0.00904	0.00688	0.00956	0.00607	0.00896	0.00457	0.00346	0.00336	0.00115	0.00447	0.00299	0.00161	0.00387
6	0.00793	0.04399	0.57158	0.01199	0.18734	0.00821	0.02802	0.01149	0.03253	0.05467	0.00691	0.00801	0.00507	0.00335	0.00334	0.00108	0.00473	0.00278	0.00174	0.00525
7	0.00864	0.00829	0.01416	0.02142	0.85561	0.00829	0.01071	0.01071	0.00794	0.01140	0.00656	0.00864	0.00553	0.00311	0.00345	0.00104	0.00415	0.00311	0.00173	0.00553
8	0.01204	0.00898	0.00965	0.00770	0.01025	0.01000	0.00626	0.57809	0.25424	0.05016	0.01024	0.00983	0.00738	0.00435	0.00351	0.00109	0.00350	0.00338	0.00354	0.00582
9	0.00690	0.00652	0.01103	0.73959	0.15099	0.00783	0.00985	0.00919	0.00712	0.00929	0.00626	0.00920	0.00478	0.00343	0.00348	0.00114	0.00457	0.00310	0.00158	0.00413
10	0.00770	0.00648	0.00749	0.00539	0.00847	0.00513	0.00433	0.07354	0.00795	0.01219	0.00637	0.00732	0.00523	0.00271	0.00265	0.00056	0.00268	0.00215	0.00218	0.82949
11	0.76055	0.00645	0.00550	0.07159	0.00796	0.00746	0.00420	0.00986	0.00633	0.01500	0.07315	0.00759	0.00619	0.00357	0.00242	0.00109	0.00277	0.00234	0.00225	0.00375
12	0.00864	0.00829	0.01416	0.02142	0.85561	0.00829	0.01071	0.01071	0.00794	0.01140	0.00656	0.00864	0.00553	0.00311	0.00345	0.00104	0.00415	0.00311	0.00173	0.00553

[dist]
# distance from previous block
# <min> <max>
3	10

[block]
# block no. 4 follows, 80 sequences, length 11
# corresponding to MSA columns:
# 112-122
name=unknown_E
#
# <colnr> <probs for GDERKNQSTAVLIFYWHMCP>
#	G	D	E	R	K	N	Q	S	T	A	V	L	I	F	Y	W	H	M	C	P
0	0.00496	0.00334	0.00384	0.00395	0.00397	0.00331	0.00226	0.00505	0.00529	0.00705	0.01209	0.13584	0.01406	0.76249	0.01599	0.00312	0.00320	0.00572	0.00226	0.00221
1	0.84632	0.00684	0.00569	0.00564	0.05968	0.00786	0.00421	0.01028	0.00606	0.01539	0.00496	0.00585	0.00389	0.00323	0.00224	0.00108	0.00279	0.00197	0.00213	0.00389
2	0.00864	0.00829	0.01416	0.02142	0.85561	0.00829	0.01071	0.01071	0.00794	0.01140	0.00656	0.00864	0.00553	0.00311	0.00345	0.00104	0.00415	0.00311	0.00173	0.00553
3	0.00666	0.00395	0.00522	0.00468	0.00581	0.00359	0.00359	0.00826	0.00989	0.14954	0.71887	0.02378	0.02902	0.00668	0.00402	0.00109	0.00186	0.00586	0.00392	0.00372
4	0.90202	0.00675	0.00513	0.00459	0.00675	0.00783	0.00378	0.01026	0.00594	0.01565	0.00486	0.00567	0.00378	0.00324	0.00216	0.00108	0.00270	0.00189	0.00216	0.00378
5	0.00724	0.00620	0.00724	0.00517	0.00827	0.00465	0.00413	0.00879	0.00724	0.01137	0.00620	0.00724	0.00517	0.00258	0.00258	0.00052	0.00258	0.00207	0.00207	0.89871
6	0.00413	0.00351	0.00356	0.00361	0.00473	0.00294	0.00268	0.00500	0.00788	0.00940	0.03443	0.08137	0.80700	0.00896	0.00414	0.00119	0.00178	0.00751	0.00324	0.00294
7	0.58569	0.00886	0.17198	0.14309	0.01112	0.00787	0.00649	0.01020	0.00638	0.01369	0.00534	0.00658	0.00404	0.00329	0.00260	0.00110	0.00349	0.00222	0.00193	0.00406
8	0.00650	0.00325	0.00325	0.00325	0.00407	0.00325	0.00244	0.00813	0.00732	0.01301	0.01138	0.01301	0.00894	0.00407	0.00244	0.00081	0.00163	0.00325	0.89675	0.00325
9	0.00425	0.00304	0.00405	0.00486	0.00506	0.00283	0.00324	0.00486	0.00668	0.00891	0.01923	0.87510	0.02308	0.01093	0.00445	0.00142	0.00202	0.00992	0.00324	0.00283
10	0.00705	0.00679	0.00976	0.09890	0.01020	0.00926	0.00727	0.00807	0.00556	0.00840	0.00560	0.00889	0.00532	0.00939	0.16193	0.00221	0.62693	0.00318	0.00159	0.00370

[dist]
# distance from previous block
# <min> <max>
0	2

[block]
# block no. 5 follows, 80 sequences, length 14
# corresponding to MSA columns:
# 125-138
name=unknown_F
#
# <colnr> <probs for GDERKNQSTAVLIFYWHMCP>
#	G	D	E	R	K	N	Q	S	T	A	V	L	I	F	Y	W	H	M	C	P
0	0.03040	0.54974	0.19208	0.00747	0.03221	0.10107	0.00753	0.01086	0.00741	0.00909	0.00533	0.00627	0.00456	0.00356	0.01884	0.00094	0.00439	0.00212	0.00155	0.00456
1	0.28971	0.38696	0.01236	0.00723	0.07193	0.16297	0.00578	0.01103	0.00729	0.01084	0.00508	0.00597	0.00434	0.00318	0.00247	0.00090	0.00390	0.00203	0.00177	0.00426
2	0.00819	0.00725	0.00896	0.21014	0.07591	0.00843	0.00689	0.01570	0.58897	0.01303	0.01176	0.01182	0.00886	0.00432	0.00353	0.00117	0.00331	0.00368	0.00295	0.00514
3	0.00737	0.08134	0.69600	0.01101	0.11447	0.00855	0.01211	0.01096	0.00741	0.01088	0.00619	0.00738	0.00456	0.00327	0.00325	0.00107	0.00493	0.00259	0.00150	0.00515
4	0.00708	0.01753	0.81469	0.01055	0.05947	0.00811	0.01278	0.01103	0.00740	0.01107	0.00628	0.00743	0.00448	0.00330	0.00332	0.00110	0.00510	0.00261	0.00149	0.00518
5	0.00700	0.01805	0.85930	0.00994	0.01510	0.00810	0.01289	0.01105	0.00737	0.01105	0.00626	0.00737	0.00442	0.00331	0.00331	0.00110	0.00516	0.00258	0.00147	0.00516
6	0.00659	0.00620	0.01047	0.86899	0.02403	0.00775	0.00969	0.00891	0.00698	0.00891	0.00620	0.00930	0.00465	0.00349	0.00349	0.00116	0.00465	0.00310	0.00155	0.00388
7	0.01232	0.01528	0.01058	0.01099	0.14710	0.72540	0.00738	0.01341	0.00957	0.00900	0.00558	0.00667	0.00466	0.00352	0.00320	0.00092	0.00595	0.00239	0.00179	0.00428
8	0.00715	0.01716	0.78261	0.01099	0.09138	0.00812	0.01269	0.01102	0.00742	0.01108	0.00629	0.00748	0.00452	0.00330	0.00333	0.00110	0.00506	0.00263	0.00150	0.00519
9	0.00520	0.00539	0.11238	0.00509	0.00646	0.00390	0.00450	0.00715	0.00956	0.01362	0.74695	0.02371	0.02933	0.00665	0.00401	0.00110	0.00209	0.00584	0.00354	0.00353
10	0.00682	0.00785	0.11756	0.68803	0.06637	0.00785	0.01001	0.00959	0.03434	0.00950	0.00649	0.00914	0.00486	0.00349	0.00347	0.00115	0.00463	0.00306	0.00161	0.00418
11	0.70882	0.06401	0.00590	0.00462	0.00657	0.00760	0.00375	0.00978	0.00600	0.03412	0.00584	0.00797	0.00506	0.11342	0.00416	0.00135	0.00286	0.00233	0.00216	0.00367
12	0.00669	0.00621	0.01018	0.71494	0.02113	0.00787	0.00908	0.00862	0.00664	0.00870	0.00599	0.00916	0.00472	0.00427	0.00503	0.04863	0.11376	0.00309	0.00155	0.00374
13	0.44977	0.00711	0.05611	0.25667	0.01260	0.00739	0.00623	0.01098	0.00696	0.14687	0.00674	0.00781	0.00484	0.00349	0.00283	0.00111	0.00345	0.00254	0.00228	0.00423

[dist]
# distance from previous block
# <min> <max>
0	30

[block]
# block no. 6 follows, 80 sequences, length 7
# corresponding to MSA columns:
# 169-175
name=unknown_G
#
# <colnr> <probs for GDERKNQSTAVLIFYWHMCP>
#	G	D	E	R	K	N	Q	S	T	A	V	L	I	F	Y	W	H	M	C	P
0	0.01395	0.00693	0.03748	0.00660	0.00925	0.00627	0.00557	0.12235	0.09872	0.60464	0.04170	0.01188	0.00919	0.00441	0.00352	0.00109	0.00309	0.00357	0.00402	0.00578
1	0.65831	0.00721	0.05102	0.15953	0.01037	0.00772	0.00537	0.01034	0.00637	0.04900	0.00554	0.00666	0.00417	0.00333	0.00251	0.00110	0.00319	0.00221	0.00210	0.00396
2	0.00850	0.00909	0.08346	0.02048	0.78670	0.00827	0.01089	0.01074	0.00790	0.01137	0.00654	0.00853	0.00544	0.00313	0.00344	0.00104	0.00423	0.00307	0.00171	0.00550
3	0.00675	0.00637	0.01076	0.80216	0.08961	0.00779	0.00977	0.00906	0.00705	0.00911	0.00623	0.00925	0.00472	0.00346	0.00349	0.00115	0.00461	0.00310	0.00156	0.00401
4	0.00606	0.00382	0.00502	0.00458	0.00560	0.00348	0.00348	0.00768	0.00989	0.10249	0.76570	0.02458	0.03038	0.00684	0.00405	0.00110	0.00178	0.00602	0.00389	0.00357
5	0.09863	0.06262	0.72733	0.00919	0.01392	0.00838	0.01159	0.01094	0.00721	0.01137	0.00604	0.00710	0.00436	0.00329	0.00314	0.00108	0.00483	0.00247	0.00154	0.00498
6	0.01326	0.00977	0.01047	0.00803	0.01082	0.01082	0.00663	0.84398	0.01640	0.02199	0.00838	0.00838	0.00593	0.00419	0.00349	0.00105	0.00384	0.00314	0.00349	0.00593

[dist]
# distance from previous block
# <min> <max>
4	8

[block]
# block no. 7 follows, 80 sequences, length 38
# corresponding to MSA columns:
# 185-222
name=unknown_H
#
# <colnr> <probs for GDERKNQSTAVLIFYWHMCP>
#	G	D	E	R	K	N	Q	S	T	A	V	L	I	F	Y	W	H	M	C	P
0	0.00922	0.82497	0.05146	0.00649	0.02905	0.01345	0.00636	0.01048	0.00712	0.00840	0.00495	0.00574	0.00450	0.00300	0.00231	0.00077	0.00380	0.00192	0.00150	0.00453
1	0.00671	0.02679	0.01106	0.76340	0.02267	0.00781	0.05941	0.00902	0.00710	0.00909	0.00671	0.01041	0.00530	0.00369	0.00355	0.00117	0.00465	0.03593	0.00163	0.00391
2	0.00737	0.01582	0.66614	0.01257	0.20721	0.00815	0.01239	0.01097	0.00750	0.01113	0.00633	0.00766	0.00467	0.00327	0.00335	0.00109	0.00493	0.00270	0.00153	0.00524
3	0.00864	0.00829	0.01416	0.02142	0.85561	0.00829	0.01071	0.01071	0.00794	0.01140	0.00656	0.00864	0.00553	0.00311	0.00345	0.00104	0.00415	0.00311	0.00173	0.00553
4	0.00813	0.01024	0.10617	0.01453	0.05730	0.00872	0.71880	0.01114	0.00813	0.01117	0.00695	0.00917	0.00522	0.00299	0.00400	0.00116	0.00573	0.00391	0.00173	0.00479
5	0.01285	0.01628	0.01007	0.00952	0.04663	0.82709	0.00691	0.01380	0.00981	0.00866	0.00544	0.00639	0.00454	0.00357	0.00316	0.00090	0.00620	0.00228	0.00179	0.00411
6	0.00777	0.01696	0.78314	0.00961	0.01455	0.00784	0.01220	0.01158	0.00760	0.08683	0.00693	0.00777	0.00480	0.00340	0.00333	0.00110	0.00496	0.00266	0.00173	0.00523
7	0.00435	0.00377	0.00416	0.08131	0.00645	0.00338	0.00328	0.00536	0.00787	0.00938	0.03273	0.03140	0.77786	0.00836	0.00407	0.00118	0.00203	0.00698	0.00309	0.00303
8	0.00656	0.00605	0.01019	0.82833	0.02311	0.00753	0.00938	0.00871	0.00686	0.00878	0.00619	0.00936	0.00472	0.00389	0.00397	0.04337	0.00457	0.00310	0.00155	0.00376
9	0.10797	0.00391	0.00379	0.00371	0.00498	0.00353	0.00282	0.00571	0.00784	0.01042	0.08090	0.02990	0.70664	0.00809	0.00390	0.00116	0.00187	0.00667	0.00315	0.00306
10	0.00599	0.00303	0.00453	0.00456	0.00457	0.00302	0.00304	0.00456	0.00463	0.00617	0.00658	0.04481	0.00673	0.01207	0.01327	0.86300	0.00299	0.00330	0.00158	0.00157
11	0.00724	0.00620	0.00724	0.00517	0.00827	0.00465	0.00413	0.00879	0.00724	0.01137	0.00620	0.00724	0.00517	0.00258	0.00258	0.00052	0.00258	0.00207	0.00207	0.89871
12	0.00864	0.00829	0.01416	0.02142	0.85561	0.00829	0.01071	0.01071	0.00794	0.01140	0.00656	0.00864	0.00553	0.00311	0.00345	0.00104	0.00415	0.00311	0.00173	0.00553
13	0.00864	0.00829	0.01416	0.02142	0.85561	0.00829	0.01071	0.01071	0.00794	0.01140	0.00656	0.00864	0.00553	0.00311	0.00345	0.00104	0.00415	0.00311	0.00173	0.00553
14	0.00864	0.00829	0.01416	0.02142	0.85561	0.00829	0.01071	0.01071	0.00794	0.01140	0.00656	0.00864	0.00553	0.00311	0.00345	0.00104	0.00415	0.00311	0.00173	0.00553
15	0.00807	0.01058	0.13414	0.01406	0.01781	0.00873	0.73056	0.01116	0.00812	0.01116	0.00695	0.00913	0.00518	0.00299	0.00401	0.00117	0.00578	0.00391	0.00173	0.00477
16	0.30462	0.02302	0.00884	0.56489	0.01799	0.00789	0.00765	0.00939	0.00663	0.01114	0.00573	0.00802	0.00436	0.00340	0.00302	0.00113	0.00398	0.00267	0.00175	0.00386
17	0.00498	0.00374	0.00561	0.00561	0.00623	0.00436	0.00436	0.00623	0.00561	0.00810	0.00935	0.01371	0.00872	0.02617	0.86355	0.00561	0.00935	0.00374	0.00187	0.00312
18	0.86554	0.00672	0.00529	0.01985	0.00710	0.00776	0.00391	0.01039	0.00605	0.03523	0.00509	0.00588	0.00391	0.00327	0.00221	0.00108	0.00274	0.00195	0.00220	0.00383
19	0.00498	0.00374	0.00561	0.00561	0.00623	0.00436	0.00436	0.00623	0.00561	0.00810	0.00935	0.01371	0.00872	0.02617	0.86355	0.00561	0.00935	0.00374	0.00187	0.00312
20	0.00763	0.00763	0.01069	0.00916	0.00916	0.01069	0.00763	0.00840	0.00534	0.00840	0.00458	0.00763	0.00458	0.00611	0.01145	0.00153	0.87099	0.00305	0.00153	0.00382
21	0.00928	0.86113	0.03619	0.00605	0.00909	0.01368	0.00612	0.01046	0.00710	0.00827	0.00488	0.00563	0.00448	0.00299	0.00226	0.00075	0.00376	0.00188	0.00149	0.00449
22	0.00666	0.00634	0.01089	0.83304	0.02379	0.00780	0.04476	0.00901	0.00703	0.00901	0.00624	0.00931	0.00468	0.00347	0.00351	0.00116	0.00470	0.00314	0.00156	0.00391
23	0.01281	0.00947	0.01018	0.00785	0.01057	0.01039	0.00645	0.79327	0.01583	0.02128	0.00862	0.03329	0.00640	0.00433	0.00349	0.00104	0.00375	0.00330	0.00344	0.03423
24	0.00724	0.00620	0.00724	0.00517	0.00827	0.00465	0.00413	0.00879	0.00724	0.01137	0.00620	0.00724	0.00517	0.00258	0.00258	0.00052	0.00258	0.00207	0.00207	0.89871
25	0.01326	0.00977	0.01047	0.00803	0.01082	0.01082	0.00663	0.84398	0.01640	0.02199	0.00838	0.00838	0.00593	0.00419	0.00349	0.00105	0.00384	0.00314	0.00349	0.00593
26	0.00450	0.00395	0.00460	0.13720	0.00770	0.00369	0.00374	0.00561	0.00780	0.00935	0.03084	0.02983	0.72299	0.00801	0.00403	0.00118	0.00221	0.00671	0.00298	0.00309
27	0.00864	0.00829	0.01416	0.02142	0.85561	0.00829	0.01071	0.01071	0.00794	0.01140	0.00656	0.00864	0.00553	0.00311	0.00345	0.00104	0.00415	0.00311	0.00173	0.00553
28	0.00823	0.00786	0.01321	0.01982	0.77948	0.00781	0.00999	0.01020	0.00795	0.01122	0.00914	0.01087	0.08146	0.00362	0.00351	0.00105	0.00393	0.00349	0.00186	0.00530
29	0.01215	0.01520	0.00932	0.00857	0.01023	0.76623	0.00640	0.01323	0.02939	0.00872	0.00684	0.08418	0.00630	0.00428	0.00327	0.00095	0.00583	0.00297	0.00197	0.00397
30	0.00425	0.00306	0.00403	0.00480	0.00505	0.00284	0.00321	0.00486	0.00674	0.00893	0.01995	0.83742	0.06029	0.01084	0.00444	0.00141	0.00201	0.00980	0.00324	0.00284
31	0.01326	0.00977	0.01047	0.00803	0.01082	0.01082	0.00663	0.84398	0.01640	0.02199	0.00838	0.00838	0.00593	0.00419	0.00349	0.00105	0.00384	0.00314	0.00349	0.00593
32	0.00864	0.00829	0.01416	0.02142	0.85561	0.00829	0.01071	0.01071	0.00794	0.01140	0.00656	0.00864	0.00553	0.00311	0.00345	0.00104	0.00415	0.00311	0.00173	0.00553
33	0.01101	0.00809	0.00887	0.00724	0.00938	0.00883	0.00578	0.63448	0.01398	0.01872	0.01109	0.22477	0.01021	0.00587	0.00373	0.00114	0.00339	0.00483	0.00343	0.00516
34	0.00425	0.00304	0.00405	0.00486	0.00506	0.00283	0.00324	0.00486	0.00668	0.00891	0.01923	0.87510	0.02308	0.01093	0.00445	0.00142	0.00202	0.00992	0.00324	0.00283
35	0.00637	0.00591	0.00987	0.78866	0.02227	0.00729	0.00909	0.00854	0.00695	0.00891	0.00741	0.08979	0.00636	0.00418	0.00358	0.00119	0.00441	0.00373	0.00171	0.00378
36	0.02412	0.00371	0.00471	0.00458	0.01878	0.00343	0.00336	0.00657	0.00957	0.01353	0.74053	0.02610	0.11368	0.00716	0.00406	0.00110	0.00172	0.00627	0.00371	0.00330
37	0.03279	0.00971	0.01035	0.00795	0.01073	0.01075	0.00657	0.82566	0.01617	0.02185	0.00830	0.00832	0.00589	0.00417	0.00346	0.00105	0.00381	0.00311	0.00346	0.00589

[dist]
# distance from previous block
# <min> <max>
6	9

[block]
# block no. 8 follows, 80 sequences, length 6
# corresponding to MSA columns:
# 232-237
name=unknown_I
#
# <colnr> <probs for GDERKNQSTAVLIFYWHMCP>
#	G	D	E	R	K	N	Q	S	T	A	V	L	I	F	Y	W	H	M	C	P
0	0.01565	0.00594	0.00810	0.00621	0.00891	0.00513	0.00513	0.01700	0.00999	0.85803	0.01377	0.01188	0.00864	0.00432	0.00351	0.00108	0.00297	0.00351	0.00432	0.00594
1	0.70005	0.00750	0.07019	0.08773	0.00915	0.00769	0.00511	0.01056	0.00637	0.06112	0.00558	0.00649	0.00418	0.00333	0.00245	0.00109	0.00309	0.00215	0.00217	0.00401
2	0.00542	0.00366	0.00465	0.00441	0.00535	0.00332	0.00330	0.00685	0.00933	0.06505	0.60966	0.09589	0.15486	0.00753	0.00411	0.00113	0.00178	0.00659	0.00373	0.00337
3	0.00516	0.00554	0.12420	0.00521	0.00658	0.00392	0.00463	0.00704	0.00921	0.01307	0.65184	0.10822	0.02795	0.00698	0.00404	0.00113	0.00218	0.00615	0.00345	0.00351
4	0.01303	0.01663	0.00989	0.00899	0.01079	0.86337	0.00674	0.01393	0.00989	0.00854	0.00539	0.00629	0.00449	0.00360	0.00315	0.00090	0.00629	0.00225	0.00180	0.00404
5	0.15990	0.73228	0.01606	0.00574	0.00858	0.01280	0.00560	0.01042	0.00690	0.00946	0.00485	0.00561	0.00436	0.00303	0.00223	0.00080	0.00356	0.00187	0.00160	0.00436

[dist]
# distance from previous block
# <min> <max>
1	12

[block]
# block no. 9 follows, 80 sequences, length 12
# corresponding to MSA columns:
# 250-261
name=unknown_J
#
# <colnr> <probs for GDERKNQSTAVLIFYWHMCP>
#	G	D	E	R	K	N	Q	S	T	A	V	L	I	F	Y	W	H	M	C	P
0	0.00507	0.00339	0.00385	0.00383	0.00387	0.00338	0.00217	0.00514	0.00530	0.00710	0.05033	0.02298	0.01363	0.83676	0.01712	0.00328	0.00330	0.00513	0.00219	0.00217
1	0.00666	0.00627	0.01046	0.73146	0.10987	0.00754	0.00940	0.00888	0.00713	0.00920	0.00789	0.01061	0.05278	0.00375	0.00352	0.00115	0.00444	0.00334	0.00166	0.00400
2	0.00864	0.00829	0.01416	0.02142	0.85561	0.00829	0.01071	0.01071	0.00794	0.01140	0.00656	0.00864	0.00553	0.00311	0.00345	0.00104	0.00415	0.00311	0.00173	0.00553
3	0.00833	0.00724	0.00815	0.07941	0.03584	0.00837	0.00594	0.01698	0.72141	0.01381	0.01349	0.04537	0.01047	0.00482	0.00358	0.00119	0.00293	0.00408	0.00332	0.00528
4	0.00906	0.00889	0.01394	0.02001	0.75224	0.06204	0.03202	0.03907	0.00836	0.01157	0.00656	0.00850	0.00547	0.00317	0.00345	0.00103	0.00431	0.00308	0.00179	0.00543
5	0.00440	0.00310	0.00400	0.00467	0.00483	0.00293	0.00304	0.00490	0.00639	0.00852	0.01775	0.72169	0.02121	0.16690	0.00685	0.00177	0.00227	0.00905	0.00304	0.00270
6	0.00502	0.00337	0.00385	0.00389	0.00393	0.00335	0.00222	0.00512	0.00535	0.00716	0.04266	0.07353	0.01405	0.79377	0.01646	0.00318	0.00324	0.00541	0.00224	0.00220
7	0.00819	0.00785	0.01339	0.01906	0.70189	0.00797	0.04628	0.01011	0.00771	0.01102	0.00757	0.08287	0.00697	0.00393	0.00399	0.00110	0.04934	0.00373	0.00185	0.00517
8	0.00497	0.00331	0.00383	0.00398	0.00405	0.00327	0.00234	0.00515	0.00546	0.00740	0.01257	0.18367	0.01451	0.68104	0.01467	0.00292	0.00306	0.00592	0.03558	0.00229
9	0.00498	0.00334	0.00383	0.00393	0.00395	0.00332	0.00224	0.00505	0.00526	0.00701	0.01193	0.11967	0.01387	0.77893	0.01625	0.00316	0.00323	0.00562	0.00224	0.00220
10	0.00509	0.00332	0.00379	0.00390	0.00400	0.00330	0.00229	0.00531	0.00548	0.00759	0.01214	0.13694	0.01377	0.68568	0.01465	0.00290	0.00305	0.00557	0.07893	0.00231
11	0.00765	0.00662	0.00829	0.00596	0.00907	0.00528	0.05888	0.05795	0.00784	0.01198	0.00638	0.00744	0.00522	0.00270	0.00274	0.00059	0.00287	0.00226	0.00213	0.78813

[dist]
# distance from previous block
# <min> <max>
11	23

[block]
# block no. 10 follows, 80 sequences, length 17
# corresponding to MSA columns:
# 296-312
name=unknown_K
#
# <colnr> <probs for GDERKNQSTAVLIFYWHMCP>
#	G	D	E	R	K	N	Q	S	T	A	V	L	I	F	Y	W	H	M	C	P
0	0.00650	0.00610	0.01013	0.78119	0.05225	0.00745	0.00926	0.00872	0.00708	0.00904	0.00816	0.01090	0.06134	0.00383	0.00353	0.00116	0.00444	0.00339	0.00167	0.00387
1	0.00868	0.00750	0.00789	0.00710	0.00907	0.00868	0.00552	0.01854	0.84931	0.01460	0.01420	0.01302	0.01065	0.00473	0.00355	0.00118	0.00276	0.00394	0.00355	0.00552
2	0.00436	0.00315	0.00417	0.00487	0.00518	0.00290	0.00327	0.00500	0.00670	0.00900	0.01875	0.84321	0.02242	0.01062	0.00438	0.00138	0.00204	0.00963	0.00320	0.03576
3	0.00746	0.00633	0.00735	0.00527	0.00836	0.00488	0.00423	0.03948	0.00757	0.01176	0.00628	0.00728	0.00520	0.00264	0.00262	0.00054	0.00263	0.00211	0.00212	0.86590
4	0.01533	0.00646	0.00842	0.00646	0.00917	0.00590	0.00533	0.12931	0.01086	0.74449	0.01303	0.01140	0.00827	0.00430	0.00351	0.00108	0.00309	0.00346	0.00421	0.00594
5	0.00562	0.00372	0.00488	0.00451	0.00545	0.00341	0.00341	0.00725	0.00988	0.06792	0.80010	0.02516	0.03137	0.00695	0.00408	0.00110	0.00173	0.00613	0.00387	0.00346
6	0.00659	0.00609	0.01018	0.83500	0.02325	0.00758	0.00941	0.00888	0.00699	0.00908	0.00640	0.00945	0.00482	0.00351	0.00345	0.00115	0.00453	0.00311	0.03670	0.00385
7	0.00755	0.00624	0.00724	0.00543	0.00820	0.00510	0.00430	0.09497	0.00813	0.01222	0.00778	0.09721	0.00710	0.00361	0.00287	0.00066	0.00266	0.00299	0.00234	0.71339
8	0.01326	0.00977	0.01047	0.00803	0.01082	0.01082	0.00663	0.84398	0.01640	0.02199	0.00838	0.00838	0.00593	0.00419	0.00349	0.00105	0.00384	0.00314	0.00349	0.00593
9	0.00436	0.00308	0.00402	0.00472	0.00489	0.00291	0.00309	0.00489	0.00647	0.00862	0.01813	0.76105	0.02169	0.12688	0.00623	0.00168	0.00221	0.00927	0.00309	0.00274
10	0.01267	0.01603	0.00994	0.00900	0.01068	0.80650	0.00680	0.01356	0.00958	0.00853	0.00534	0.00638	0.00450	0.00376	0.00370	0.00094	0.06396	0.00230	0.00178	0.00403
11	0.00492	0.00363	0.00527	0.00536	0.00587	0.00411	0.00403	0.00598	0.00566	0.00805	0.01049	0.10027	0.01054	0.10868	0.69463	0.00497	0.00803	0.00448	0.00203	0.00299
12	0.01021	0.00749	0.00829	0.00695	0.00887	0.00811	0.00548	0.55959	0.01311	0.01756	0.01206	0.30213	0.01174	0.00647	0.00382	0.00117	0.00322	0.00544	0.00341	0.00488
13	0.00600	0.00380	0.00501	0.00457	0.00558	0.00347	0.00347	0.00762	0.00989	0.09792	0.77024	0.02465	0.03051	0.00685	0.00405	0.00110	0.00178	0.00603	0.00389	0.00356
14	0.00555	0.00397	0.00553	0.00622	0.00703	0.00394	0.00539	0.00716	0.00822	0.01079	0.10154	0.03804	0.02136	0.00939	0.00475	0.00156	0.00306	0.75001	0.00328	0.00322
15	0.00824	0.00941	0.02059	0.01471	0.01824	0.00882	0.84294	0.01118	0.00824	0.01118	0.00706	0.00941	0.00529	0.00294	0.00412	0.00118	0.00588	0.00412	0.00176	0.00471
16	0.00498	0.00374	0.00561	0.00561	0.00623	0.00436	0.00436	0.00623	0.00561	0.00810	0.00935	0.01371	0.00872	0.02617	0.86355	0.00561	0.00935	0.00374	0.00187	0.00312

[dist]
# distance from previous block
# <min> <max>
0	1

[block]
# block no. 11 follows, 80 sequences, length 34
# corresponding to MSA columns:
# 314-347
name=unknown_L
#
# <colnr> <probs for GDERKNQSTAVLIFYWHMCP>
#	G	D	E	R	K	N	Q	S	T	A	V	L	I	F	Y	W	H	M	C	P
0	0.00442	0.00311	0.00400	0.00464	0.00481	0.00295	0.00301	0.00490	0.00635	0.00847	0.01756	0.70217	0.02097	0.18674	0.00715	0.00182	0.00230	0.00894	0.00301	0.00269
1	0.00436	0.00308	0.00402	0.00472	0.00490	0.00291	0.00309	0.00489	0.00647	0.00863	0.01816	0.76387	0.02172	0.12401	0.00619	0.00167	0.00220	0.00929	0.00309	0.00274
2	0.01245	0.01554	0.01013	0.00990	0.07902	0.76182	0.00700	0.01346	0.00959	0.00885	0.00558	0.00663	0.00466	0.00361	0.00332	0.00092	0.02337	0.00235	0.01765	0.00415
3	0.00826	0.00724	0.00841	0.18003	0.01207	0.00849	0.00636	0.01661	0.68030	0.01346	0.01260	0.01227	0.00945	0.00448	0.00354	0.00118	0.00314	0.00378	0.00315	0.00519
4	0.00864	0.00829	0.01416	0.02142	0.85561	0.00829	0.01071	0.01071	0.00794	0.01140	0.00656	0.00864	0.00553	0.00311	0.00345	0.00104	0.00415	0.00311	0.00173	0.00553
5	0.01226	0.01517	0.01064	0.01117	0.15885	0.71351	0.00744	0.01337	0.00955	0.00904	0.00560	0.00670	0.00468	0.00351	0.00320	0.00092	0.00592	0.00240	0.00179	0.00430
6	0.00840	0.00894	0.01791	0.01750	0.36679	0.00860	0.49653	0.01098	0.00811	0.01127	0.00685	0.00909	0.00539	0.00301	0.00384	0.00112	0.00516	0.00370	0.00175	0.00505
7	0.00507	0.00384	0.00486	0.00536	0.00630	0.00362	0.00453	0.00641	0.00800	0.01007	0.02467	0.03723	0.32663	0.00934	0.00456	0.00145	0.00268	0.52901	0.00322	0.00311
8	0.00901	0.02835	0.01065	0.00905	0.00956	0.22195	0.00738	0.00981	0.00651	0.00843	0.00479	0.00726	0.00456	0.00542	0.00920	0.00135	0.63843	0.00283	0.00159	0.00389
9	0.00507	0.00338	0.00381	0.00381	0.00381	0.00338	0.00211	0.00507	0.00507	0.00677	0.01099	0.02283	0.01268	0.87738	0.01776	0.00338	0.00338	0.00507	0.00211	0.00211
10	0.00933	0.87948	0.01828	0.00597	0.00896	0.01381	0.00597	0.01045	0.00709	0.00821	0.00485	0.00560	0.00448	0.00299	0.00224	0.00075	0.00373	0.00187	0.00149	0.00448
11	0.00737	0.00628	0.00731	0.00523	0.00833	0.00479	0.00419	0.02784	0.00744	0.01161	0.00625	0.00726	0.00519	0.00262	0.00260	0.00053	0.00261	0.00209	0.00210	0.87834
12	0.00489	0.00356	0.00461	0.00436	0.00519	0.00327	0.00327	0.00649	0.00974	0.01372	0.80684	0.04176	0.06465	0.00727	0.00412	0.00111	0.00166	0.00642	0.00381	0.00327
13	0.04929	0.00368	0.00466	0.00448	0.00531	0.00351	0.00334	0.00660	0.00927	0.01345	0.71355	0.09874	0.02989	0.00784	0.02990	0.00126	0.00196	0.00633	0.00365	0.00327
14	0.00491	0.00357	0.00463	0.00436	0.00520	0.00328	0.00327	0.00654	0.00982	0.01385	0.82883	0.02629	0.05795	0.00718	0.00412	0.00110	0.00165	0.00634	0.00382	0.00328
15	0.00425	0.00304	0.00405	0.00486	0.00506	0.00283	0.00324	0.00486	0.00668	0.00891	0.01923	0.87510	0.02308	0.01093	0.00445	0.00142	0.00202	0.00992	0.00324	0.00283
16	0.01290	0.01640	0.00991	0.00899	0.01075	0.84200	0.00676	0.01379	0.00977	0.00854	0.00537	0.00633	0.00450	0.00366	0.00335	0.00091	0.02797	0.00227	0.00179	0.00404
17	0.00763	0.00763	0.01069	0.00916	0.00916	0.01069	0.00763	0.00840	0.00534	0.00840	0.00458	0.00763	0.00458	0.00611	0.01145	0.00153	0.87099	0.00305	0.00153	0.00382
18	0.00507	0.00338	0.00381	0.00381	0.00381	0.00338	0.00211	0.00507	0.00507	0.00677	0.01099	0.02283	0.01268	0.87738	0.01776	0.00338	0.00338	0.00507	0.00211	0.00211
19	0.00518	0.00362	0.00475	0.00451	0.00535	0.00334	0.00340	0.00679	0.00972	0.03318	0.78308	0.05246	0.03167	0.00726	0.00413	0.00112	0.00174	0.03152	0.00381	0.00334
20	0.02825	0.00723	0.07712	0.00663	0.00952	0.00587	0.00585	0.07631	0.02202	0.70417	0.01264	0.01118	0.00805	0.00422	0.00347	0.00108	0.00320	0.00339	0.00398	0.00584
21	0.00742	0.00631	0.00734	0.00526	0.00835	0.00484	0.00421	0.03468	0.00752	0.01170	0.00627	0.00727	0.00519	0.00263	0.00261	0.00053	0.00262	0.00210	0.00211	0.87103
22	0.90202	0.00675	0.00513	0.00459	0.00675	0.00783	0.00378	0.01026	0.00594	0.01565	0.00486	0.00567	0.00378	0.00324	0.00216	0.00108	0.00270	0.00189	0.00216	0.00378
23	0.00629	0.00385	0.00508	0.00464	0.00568	0.00351	0.00353	0.00786	0.00979	0.12194	0.71982	0.05106	0.02950	0.00689	0.00405	0.00111	0.00183	0.00607	0.00388	0.00362
24	0.01385	0.00576	0.00768	0.00603	0.00843	0.00514	0.00492	0.05901	0.01025	0.68279	0.12936	0.02866	0.01209	0.00481	0.00361	0.00109	0.00282	0.00399	0.00419	0.00552
25	0.00700	0.01805	0.85930	0.00994	0.01510	0.00810	0.01289	0.01105	0.00737	0.01105	0.00626	0.00737	0.00442	0.00331	0.00331	0.00110	0.00516	0.00258	0.00147	0.00516
26	0.00724	0.00620	0.00724	0.00517	0.00827	0.00465	0.00413	0.00879	0.00724	0.01137	0.00620	0.00724	0.00517	0.00258	0.00258	0.00052	0.00258	0.00207	0.00207	0.89871
27	0.01267	0.00931	0.00999	0.00772	0.01031	0.01028	0.00630	0.78325	0.01558	0.02089	0.00857	0.00942	0.00642	0.06740	0.00452	0.00122	0.00381	0.00328	0.00339	0.00566
28	0.00868	0.00750	0.00789	0.00710	0.00907	0.00868	0.00552	0.01854	0.84931	0.01460	0.01420	0.01302	0.01065	0.00473	0.00355	0.00118	0.00276	0.00394	0.00355	0.00552
29	0.00570	0.00418	0.00607	0.00667	0.00756	0.00416	0.03081	0.00735	0.00804	0.01046	0.01813	0.03846	0.01964	0.00944	0.00480	0.00159	0.00329	0.80722	0.00317	0.00326
30	0.80984	0.00721	0.00583	0.01949	0.04670	0.04265	0.00432	0.01041	0.00621	0.01506	0.00498	0.00589	0.00390	0.00325	0.00228	0.00107	0.00294	0.00198	0.00211	0.00387
31	0.62037	0.00658	0.00681	0.27648	0.01218	0.00780	0.00564	0.00983	0.00626	0.01353	0.00528	0.00681	0.00405	0.00332	0.00258	0.00111	0.00331	0.00227	0.00197	0.00381
32	0.01565	0.00594	0.00810	0.00621	0.00891	0.00513	0.00513	0.01700	0.00999	0.85803	0.01377	0.01188	0.00864	0.00432	0.00351	0.00108	0.00297	0.00351	0.00432	0.00594
33	0.01263	0.01588	0.01019	0.00983	0.06756	0.78844	0.00703	0.01360	0.00966	0.00873	0.00546	0.00648	0.00457	0.00361	0.00334	0.00092	0.02383	0.00232	0.00179	0.00414

[dist]
# distance from previous block
# <min> <max>
10	13

[block]
# block no. 12 follows, 80 sequences, length 8
# corresponding to MSA columns:
# 361-368
name=unknown_M
#
# <colnr> <probs for GDERKNQSTAVLIFYWHMCP>
#	G	D	E	R	K	N	Q	S	T	A	V	L	I	F	Y	W	H	M	C	P
0	0.00658	0.00581	0.00951	0.75458	0.02139	0.00716	0.00873	0.00881	0.00702	0.00946	0.00689	0.00979	0.00522	0.00356	0.00335	0.00112	0.00425	0.00312	0.11986	0.00379
1	0.00423	0.00352	0.00357	0.00357	0.00461	0.00300	0.00259	0.00502	0.00762	0.00912	0.03255	0.03234	0.75752	0.10862	0.00569	0.00143	0.00195	0.00710	0.00311	0.00285
2	0.01565	0.00594	0.00810	0.00621	0.00891	0.00513	0.00513	0.01700	0.00999	0.85803	0.01377	0.01188	0.00864	0.00432	0.00351	0.00108	0.00297	0.00351	0.00432	0.00594
3	0.00501	0.00335	0.00382	0.00389	0.00391	0.00334	0.00220	0.00506	0.00520	0.00694	0.01165	0.09106	0.01352	0.80802	0.01669	0.00323	0.00327	0.00546	0.00220	0.00217
4	0.00507	0.00338	0.00381	0.00381	0.00381	0.00338	0.00211	0.00507	0.00507	0.00677	0.01099	0.02283	0.01268	0.87738	0.01776	0.00338	0.00338	0.00507	0.00211	0.00211
5	0.00488	0.00352	0.00461	0.00443	0.00520	0.00325	0.00329	0.00643	0.00959	0.01354	0.77967	0.10145	0.03205	0.00747	0.00415	0.00113	0.00168	0.00663	0.00379	0.00325
6	0.00700	0.01805	0.85930	0.00994	0.01510	0.00810	0.01289	0.01105	0.00737	0.01105	0.00626	0.00737	0.00442	0.00331	0.00331	0.00110	0.00516	0.00258	0.00147	0.00516
7	0.01326	0.00977	0.01047	0.00803	0.01082	0.01082	0.00663	0.84398	0.01640	0.02199	0.00838	0.00838	0.00593	0.00419	0.00349	0.00105	0.00384	0.00314	0.00349	0.00593

[dist]
# distance from previous block
# <min> <max>
3	7

[block]
# block no. 13 follows, 80 sequences, length 8
# corresponding to MSA columns:
# 376-383
name=unknown_N
#
# <colnr> <probs for GDERKNQSTAVLIFYWHMCP>
#	G	D	E	R	K	N	Q	S	T	A	V	L	I	F	Y	W	H	M	C	P
0	0.00882	0.00891	0.01278	0.05108	0.65746	0.11687	0.00965	0.01065	0.00807	0.01077	0.00727	0.06817	0.00657	0.00373	0.00349	0.00105	0.00429	0.00347	0.00183	0.00509
1	0.00682	0.00385	0.00395	0.00379	0.00469	0.00398	0.00281	0.04627	0.06563	0.01293	0.01140	0.01374	0.00928	0.08750	0.00403	0.00109	0.00197	0.00347	0.70937	0.00342
2	0.00425	0.00304	0.00405	0.00486	0.00506	0.00283	0.00324	0.00486	0.00668	0.00891	0.01923	0.87510	0.02308	0.01093	0.00445	0.00142	0.00202	0.00992	0.00324	0.00283
3	0.01510	0.06185	0.00890	0.00631	0.00903	0.00604	0.00528	0.06928	0.01021	0.75060	0.01285	0.01125	0.00820	0.00423	0.00343	0.00106	0.00307	0.00338	0.00409	0.00584
4	0.00700	0.01805	0.85930	0.00994	0.01510	0.00810	0.01289	0.01105	0.00737	0.01105	0.00626	0.00737	0.00442	0.00331	0.00331	0.00110	0.00516	0.00258	0.00147	0.00516
5	0.01412	0.08969	0.00962	0.00745	0.07741	0.00642	0.00569	0.04782	0.00971	0.64881	0.01188	0.01073	0.00777	0.00403	0.00335	0.00103	0.00316	0.00326	0.00373	0.03431
6	0.00864	0.00829	0.01416	0.02142	0.85561	0.00829	0.01071	0.01071	0.00794	0.01140	0.00656	0.00864	0.00553	0.00311	0.00345	0.00104	0.00415	0.00311	0.00173	0.00553
7	0.00922	0.00940	0.01359	0.01976	0.74269	0.12259	0.01018	0.01114	0.00820	0.01102	0.00641	0.00832	0.00539	0.00317	0.00341	0.00102	0.00443	0.00299	0.00174	0.00533

[dist]
# distance from previous block
# <min> <max>
0	1

[block]
# block no. 14 follows, 80 sequences, length 35
# corresponding to MSA columns:
# 385-419
name=unknown_O
#
# <colnr> <probs for GDERKNQSTAVLIFYWHMCP>
#	G	D	E	R	K	N	Q	S	T	A	V	L	I	F	Y	W	H	M	C	P
0	0.00431	0.00308	0.00410	0.00482	0.00507	0.00287	0.00324	0.00500	0.00695	0.00933	0.08860	0.80452	0.02390	0.01062	0.00443	0.00139	0.00199	0.00962	0.00329	0.00287
1	0.00857	0.00740	0.00779	0.00702	0.00897	0.00855	0.00546	0.01823	0.83004	0.01448	0.01469	0.01349	0.02998	0.00483	0.00356	0.00118	0.00274	0.00402	0.00354	0.00546
