[name]
rps4

[dist]
# distance from previous block
# <min> <max>
0	48

[block]
# block no. 0 follows, 68 sequences, length 36
# corresponding to MSA columns:
# 49-84
name=unknown_A
#
# <colnr> <probs for GDERKNQSTAVLIFYWHMCP>
#	G	D	E	R	K	N	Q	S	T	A	V	L	I	F	Y	W	H	M	C	P
0	0.00507	0.00362	0.00487	0.00579	0.00612	0.00342	0.00409	0.00593	0.00782	0.01039	0.02172	0.73458	0.02571	0.01220	0.00512	0.00164	0.00251	0.13243	0.00368	0.00329
1	0.00749	0.00705	0.01189	0.85113	0.02731	0.00881	0.01101	0.01013	0.00793	0.01013	0.00705	0.01057	0.00529	0.00396	0.00396	0.00132	0.00529	0.00352	0.00176	0.00440
2	0.00577	0.00384	0.00432	0.00432	0.00432	0.00384	0.00240	0.00577	0.00577	0.00769	0.01249	0.02595	0.01441	0.86066	0.02018	0.00384	0.00384	0.00577	0.00240	0.00240
3	0.00972	0.00967	0.01754	0.02282	0.67403	0.00954	0.17290	0.01227	0.00909	0.01290	0.00757	0.00999	0.00623	0.00349	0.00407	0.00121	0.00510	0.00376	0.00197	0.00610
4	0.00986	0.00852	0.00897	0.00807	0.01031	0.00986	0.00628	0.02107	0.82876	0.01659	0.01614	0.01479	0.01210	0.00538	0.00403	0.00134	0.00314	0.00448	0.00403	0.00628
5	0.00739	0.00370	0.00370	0.00370	0.00462	0.00370	0.00277	0.00924	0.00831	0.01478	0.01293	0.01478	0.01016	0.00462	0.00277	0.00092	0.00185	0.00370	0.88267	0.00370
6	0.00749	0.00705	0.01189	0.85113	0.02731	0.00881	0.01101	0.01013	0.00793	0.01013	0.00705	0.01057	0.00529	0.00396	0.00396	0.00132	0.00529	0.00352	0.00176	0.00440
7	0.00496	0.00362	0.00495	0.04548	0.00677	0.00348	0.00403	0.00574	0.00761	0.01012	0.02115	0.81802	0.02523	0.01202	0.00501	0.00160	0.00244	0.01091	0.00359	0.00328
8	0.00483	0.00345	0.00460	0.00552	0.00575	0.00322	0.00368	0.00552	0.00759	0.01012	0.02185	0.85807	0.02622	0.01242	0.00506	0.00161	0.00230	0.01127	0.00368	0.00322
9	0.01368	0.01010	0.01095	0.00861	0.01146	0.01103	0.00700	0.70288	0.01704	0.02290	0.01083	0.10567	0.00892	0.00557	0.00406	0.00122	0.00408	0.00440	0.00388	0.03571
10	0.88866	0.00767	0.00583	0.00521	0.00767	0.00889	0.00429	0.01166	0.00675	0.01779	0.00552	0.00644	0.00429	0.00368	0.00245	0.00123	0.00307	0.00215	0.00245	0.00429
11	0.01481	0.01890	0.01124	0.01021	0.01226	0.84474	0.00766	0.01583	0.01124	0.00970	0.00613	0.00715	0.00511	0.00409	0.00358	0.00102	0.00715	0.00255	0.00204	0.00460
12	0.00561	0.00405	0.00530	0.00499	0.00592	0.00374	0.00374	0.00748	0.01122	0.01590	0.83383	0.02962	0.03741	0.00811	0.00468	0.00125	0.00187	0.00717	0.00436	0.00374
13	0.00732	0.00603	0.00999	0.61244	0.02106	0.00730	0.00888	0.00873	0.00715	0.00922	0.00700	0.01099	0.00574	0.00673	0.00722	0.25055	0.00477	0.00350	0.00175	0.00365
14	0.01412	0.01759	0.01190	0.01216	0.12551	0.72988	0.00828	0.01533	0.01093	0.01015	0.00631	0.00752	0.00527	0.00401	0.00362	0.00104	0.00681	0.00269	0.00203	0.00483
15	0.00749	0.00705	0.01189	0.85113	0.02731	0.00881	0.01101	0.01013	0.00793	0.01013	0.00705	0.01057	0.00529	0.00396	0.00396	0.00132	0.00529	0.00352	0.00176	0.00440
16	0.00795	0.02051	0.84011	0.01130	0.01716	0.00921	0.01465	0.01256	0.00837	0.01256	0.00712	0.00837	0.00502	0.00377	0.00377	0.00126	0.00586	0.00293	0.00167	0.00586
17	0.00483	0.00345	0.00460	0.00552	0.00575	0.00322	0.00368	0.00552	0.00759	0.01012	0.02185	0.85807	0.02622	0.01242	0.00506	0.00161	0.00230	0.01127	0.00368	0.00322
18	0.00986	0.00852	0.00897	0.00807	0.01031	0.00986	0.00628	0.02107	0.82876	0.01659	0.01614	0.01479	0.01210	0.00538	0.00403	0.00134	0.00314	0.00448	0.00403	0.00628
19	0.00487	0.00421	0.00445	0.00475	0.03540	0.00357	0.00334	0.00592	0.00904	0.01079	0.03898	0.03713	0.80436	0.00981	0.00466	0.00133	0.00211	0.00819	0.00362	0.00345
20	0.00475	0.00409	0.00421	0.02474	0.00589	0.00348	0.00321	0.00580	0.00901	0.01070	0.03936	0.03748	0.81404	0.00989	0.00467	0.00134	0.00209	0.00825	0.00363	0.00337
21	0.00936	0.01070	0.02340	0.01671	0.02072	0.01003	0.82152	0.01270	0.00936	0.01270	0.00802	0.01070	0.00602	0.00334	0.00468	0.00134	0.00668	0.00468	0.00201	0.00535
22	0.04913	0.00708	0.01161	0.81115	0.02638	0.00881	0.01069	0.01020	0.00787	0.01049	0.00698	0.01038	0.00524	0.00395	0.00389	0.00132	0.00518	0.00346	0.00179	0.00440
23	0.00749	0.00705	0.01189	0.85113	0.02731	0.00881	0.01101	0.01013	0.00793	0.01013	0.00705	0.01057	0.00529	0.00396	0.00396	0.00132	0.00529	0.00352	0.00176	0.00440
24	0.00476	0.00402	0.00412	0.00410	0.00540	0.00338	0.00307	0.00584	0.00922	0.01113	0.10477	0.03746	0.76945	0.00988	0.00469	0.00133	0.00200	0.00827	0.00374	0.00338
25	0.00483	0.00345	0.00460	0.00552	0.00575	0.00322	0.00368	0.00552	0.00759	0.01012	0.02185	0.85807	0.02622	0.01242	0.00506	0.00161	0.00230	0.01127	0.00368	0.00322
26	0.03327	0.00734	0.01251	0.75954	0.04089	0.00890	0.06143	0.01037	0.00800	0.01056	0.00707	0.01044	0.00532	0.00391	0.00396	0.00132	0.00530	0.00356	0.00180	0.00449
27	0.00779	0.00746	0.01211	0.78458	0.07245	0.02875	0.01100	0.01038	0.00807	0.01028	0.00705	0.01045	0.00534	0.00394	0.00395	0.00131	0.00530	0.00350	0.00178	0.00451
28	0.00483	0.00345	0.00460	0.00552	0.00575	0.00322	0.00368	0.00552	0.00759	0.01012	0.02185	0.85807	0.02622	0.01242	0.00506	0.00161	0.00230	0.01127	0.00368	0.00322
29	0.00749	0.00705	0.01189	0.85113	0.02731	0.00881	0.01101	0.01013	0.00793	0.01013	0.00705	0.01057	0.00529	0.00396	0.00396	0.00132	0.00529	0.00352	0.00176	0.00440
30	0.01439	0.01811	0.01164	0.01139	0.08085	0.77518	0.00804	0.01553	0.01105	0.00997	0.00624	0.00737	0.00520	0.00404	0.00360	0.00103	0.00695	0.00264	0.00204	0.00474
31	0.00994	0.00996	0.01502	0.14486	0.63938	0.08780	0.01157	0.01221	0.00907	0.01223	0.00727	0.00967	0.00602	0.00365	0.00390	0.00118	0.00502	0.00344	0.00194	0.00585
32	0.00976	0.00942	0.01556	0.04173	0.77129	0.02842	0.01184	0.01207	0.00906	0.01278	0.00787	0.01094	0.00679	0.00380	0.00397	0.00120	0.00474	0.03060	0.00202	0.00611
33	0.00749	0.00704	0.01182	0.80403	0.05191	0.00869	0.01085	0.01008	0.00799	0.01023	0.00790	0.01124	0.02624	0.00410	0.00398	0.00132	0.00518	0.00365	0.00182	0.00444
34	0.01449	0.03728	0.01191	0.00892	0.01198	0.01205	0.00739	0.75894	0.01773	0.02376	0.00945	0.00971	0.00684	0.00590	0.04367	0.00142	0.00465	0.00356	0.00381	0.00654
35	0.00473	0.00401	0.00409	0.00415	0.00543	0.00337	0.00311	0.00574	0.00898	0.01071	0.03905	0.06941	0.78586	0.01015	0.00472	0.00136	0.00206	0.02603	0.00368	0.00335

[dist]
# distance from previous block
# <min> <max>
0	1

[block]
# block no. 1 follows, 68 sequences, length 40
# corresponding to MSA columns:
# 86-125
name=unknown_B
#
# <colnr> <probs for GDERKNQSTAVLIFYWHMCP>
#	G	D	E	R	K	N	Q	S	T	A	V	L	I	F	Y	W	H	M	C	P
0	0.00968	0.00926	0.01578	0.02382	0.81325	0.00925	0.01194	0.01199	0.00899	0.01288	0.00785	0.03298	0.00683	0.00378	0.00396	0.00119	0.00464	0.00374	0.00201	0.00620
1	0.00790	0.00746	0.01263	0.70586	0.16938	0.00892	0.01121	0.01049	0.00812	0.01063	0.00712	0.01044	0.00546	0.00389	0.00396	0.00130	0.00518	0.00353	0.00180	0.00473
2	0.00981	0.00942	0.01609	0.02434	0.83592	0.00942	0.01217	0.01217	0.00903	0.01295	0.00746	0.00981	0.00628	0.00353	0.00393	0.00118	0.00471	0.00353	0.00196	0.00628
3	0.00469	0.00402	0.00402	0.00402	0.00536	0.00335	0.00301	0.00569	0.00904	0.01071	0.04017	0.03816	0.83432	0.01004	0.00469	0.00134	0.00201	0.00837	0.00368	0.00335
4	0.00668	0.00499	0.00695	0.00664	0.00762	0.00573	0.00521	0.09561	0.00781	0.01106	0.02849	0.01523	0.01017	0.02655	0.73532	0.00570	0.00975	0.00424	0.00237	0.00389
5	0.01061	0.00853	0.00949	0.00719	0.01044	0.00811	0.00581	0.26938	0.11908	0.01723	0.00902	0.00949	0.00697	0.00384	0.00341	0.00088	0.00342	0.00302	0.00308	0.49102
6	0.00790	0.00747	0.01264	0.70306	0.17212	0.00892	0.01122	0.01050	0.00813	0.01064	0.00712	0.01044	0.00546	0.00389	0.00396	0.00130	0.00518	0.00353	0.00180	0.00474
7	0.00907	0.02960	0.41470	0.01742	0.41107	0.00936	0.01316	0.01248	0.00873	0.02707	0.00740	0.00912	0.00571	0.00367	0.00383	0.00121	0.00523	0.00322	0.00187	0.00606
8	0.01317	0.01627	0.01036	0.00953	0.01133	0.69435	0.00718	0.01427	0.01036	0.00961	0.00693	0.00866	0.00597	0.00868	0.15425	0.00198	0.00777	0.00286	0.00206	0.00441
9	0.00536	0.00408	0.00583	0.12836	0.00911	0.00416	0.00500	0.00644	0.00779	0.01029	0.01962	0.65823	0.02286	0.01106	0.00494	0.00159	0.00286	0.08558	0.00340	0.00343
10	0.01392	0.01704	0.01083	0.00983	0.01191	0.69523	0.00741	0.01677	0.15764	0.01094	0.00792	0.00852	0.00636	0.00432	0.00366	0.00108	0.00643	0.00290	0.00240	0.00490
11	0.01507	0.01111	0.01190	0.00912	0.01230	0.01230	0.00754	0.82270	0.01864	0.02499	0.00952	0.00952	0.00674	0.00476	0.00397	0.00119	0.00436	0.00357	0.00397	0.00674
12	0.00566	0.00425	0.00637	0.00637	0.00708	0.00496	0.00496	0.00708	0.00637	0.00920	0.01062	0.01558	0.00991	0.02974	0.84494	0.00637	0.01062	0.00425	0.00212	0.00354
13	0.00469	0.00402	0.00402	0.00402	0.00536	0.00335	0.00301	0.00569	0.00904	0.01071	0.04017	0.03816	0.83432	0.01004	0.00469	0.00134	0.00201	0.00837	0.00368	0.00335
14	0.00936	0.01070	0.02340	0.01671	0.02072	0.01003	0.82152	0.01270	0.00936	0.01270	0.00802	0.01070	0.00602	0.00334	0.00468	0.00134	0.00668	0.00468	0.00201	0.00535
15	0.01212	0.00890	0.00980	0.00808	0.01041	0.00968	0.00643	0.58725	0.01546	0.02070	0.01307	0.25401	0.01236	0.00697	0.00428	0.00131	0.00377	0.00579	0.00388	0.00573
16	0.00936	0.01070	0.02340	0.01671	0.02072	0.01003	0.82152	0.01270	0.00936	0.01270	0.00802	0.01070	0.00602	0.00334	0.00468	0.00134	0.00668	0.00468	0.00201	0.00535
17	0.00986	0.00852	0.00897	0.00807	0.01031	0.00986	0.00628	0.02107	0.82876	0.01659	0.01614	0.01479	0.01210	0.00538	0.00403	0.00134	0.00314	0.00448	0.00403	0.00628
18	0.00986	0.00852	0.00897	0.00807	0.01031	0.00986	0.00628	0.02107	0.82876	0.01659	0.01614	0.01479	0.01210	0.00538	0.00403	0.00134	0.00314	0.00448	0.00403	0.00628
19	0.00749	0.00705	0.01189	0.85113	0.02731	0.00881	0.01101	0.01013	0.00793	0.01013	0.00705	0.01057	0.00529	0.00396	0.00396	0.00132	0.00529	0.00352	0.00176	0.00440
20	0.00981	0.00942	0.01609	0.02434	0.83592	0.00942	0.01217	0.01217	0.00903	0.01295	0.00746	0.00981	0.00628	0.00353	0.00393	0.00118	0.00471	0.00353	0.00196	0.00628
21	0.00483	0.00345	0.00460	0.00552	0.00575	0.00322	0.00368	0.00552	0.00759	0.01012	0.02185	0.85807	0.02622	0.01242	0.00506	0.00161	0.00230	0.01127	0.00368	0.00322
22	0.01049	0.00839	0.00944	0.00695	0.01036	0.00760	0.00564	0.27879	0.01167	0.01691	0.00786	0.00865	0.00616	0.00354	0.00328	0.00079	0.00341	0.00275	0.00288	0.59445
23	0.00483	0.00345	0.00460	0.00552	0.00575	0.00322	0.00368	0.00552	0.00759	0.01012	0.02185	0.85807	0.02622	0.01242	0.00506	0.00161	0.00230	0.01127	0.00368	0.00322
24	0.00609	0.00439	0.00457	0.00454	0.00461	0.03432	0.00259	0.00613	0.00596	0.00776	0.01226	0.02527	0.01408	0.82961	0.01958	0.00374	0.00396	0.00565	0.00239	0.00248
25	0.00797	0.00764	0.01079	0.00947	0.00963	0.01046	0.00781	0.00897	0.00614	0.00946	0.00647	0.01029	0.00631	0.01227	0.20752	0.00282	0.65636	0.00365	0.00183	0.00415
26	0.81929	0.00759	0.00610	0.00536	0.00786	0.00865	0.00442	0.01227	0.00711	0.08318	0.00633	0.00700	0.00473	0.00378	0.00258	0.00123	0.00309	0.00229	0.00265	0.00449
27	0.01073	0.83719	0.02048	0.00689	0.01024	0.04108	0.00681	0.01199	0.00815	0.00934	0.00553	0.00638	0.00509	0.00341	0.00258	0.00085	0.00433	0.00213	0.00171	0.00507
28	0.00483	0.00345	0.00460	0.00552	0.00575	0.00322	0.00368	0.00552	0.00759	0.01012	0.02185	0.85807	0.02622	0.01242	0.00506	0.00161	0.00230	0.01127	0.00368	0.00322
29	0.00822	0.00705	0.00822	0.00587	0.00940	0.00529	0.00470	0.00998	0.00822	0.01292	0.00705	0.00822	0.00587	0.00294	0.00294	0.00059	0.00294	0.00235	0.00235	0.88490
30	0.00469	0.00402	0.00402	0.00402	0.00536	0.00335	0.00301	0.00569	0.00904	0.01071	0.04017	0.03816	0.83432	0.01004	0.00469	0.00134	0.00201	0.00837	0.00368	0.00335
31	0.00986	0.00852	0.00897	0.00807	0.01031	0.00986	0.00628	0.02107	0.82876	0.01659	0.01614	0.01479	0.01210	0.00538	0.00403	0.00134	0.00314	0.00448	0.00403	0.00628
32	0.00805	0.01993	0.79692	0.01198	0.06008	0.00922	0.01452	0.01254	0.00841	0.01258	0.00713	0.00845	0.00509	0.00375	0.00378	0.00125	0.00580	0.00296	0.00169	0.00588
33	0.00648	0.00467	0.00646	0.00732	0.00827	0.00470	0.00639	0.00855	0.03022	0.01199	0.02087	0.04395	0.02254	0.01081	0.00544	0.00181	0.00364	0.78852	0.00366	0.00372
34	0.00867	0.00867	0.01214	0.01041	0.01041	0.01214	0.00867	0.00954	0.00607	0.00954	0.00520	0.00867	0.00520	0.00694	0.01301	0.00173	0.85340	0.00347	0.00173	0.00434
35	0.00749	0.00705	0.01189	0.85113	0.02731	0.00881	0.01101	0.01013	0.00793	0.01013	0.00705	0.01057	0.00529	0.00396	0.00396	0.00132	0.00529	0.00352	0.00176	0.00440
36	0.79082	0.00760	0.00650	0.09914	0.00985	0.00889	0.00504	0.01149	0.00688	0.01694	0.00569	0.00690	0.00440	0.00371	0.00262	0.00124	0.00331	0.00230	0.00238	0.00431
37	0.00942	0.00824	0.00952	0.16641	0.01350	0.00966	0.00717	0.01901	0.67459	0.01537	0.01443	0.01400	0.01082	0.00511	0.00402	0.00134	0.00354	0.00430	0.00361	0.00592
38	0.00842	0.01773	0.63357	0.01457	0.22239	0.00926	0.01403	0.01246	0.00854	0.01266	0.00720	0.00873	0.00534	0.00371	0.00381	0.00124	0.00557	0.00308	0.00175	0.00597
39	0.00761	0.00729	0.01265	0.79602	0.02687	0.00889	0.06454	0.01030	0.00802	0.01030	0.00711	0.01058	0.00533	0.00392	0.00401	0.00132	0.00538	0.00360	0.00178	0.00447

[dist]
# distance from previous block
# <min> <max>
0	1

[block]
# block no. 2 follows, 68 sequences, length 66
# corresponding to MSA columns:
# 127-192
name=unknown_C
#
# <colnr> <probs for GDERKNQSTAVLIFYWHMCP>
#	G	D	E	R	K	N	Q	S	T	A	V	L	I	F	Y	W	H	M	C	P
0	0.01506	0.01142	0.01187	0.00917	0.01229	0.04549	0.00754	0.79053	0.01835	0.02438	0.00938	0.00942	0.00668	0.00473	0.00395	0.00118	0.00447	0.00353	0.00389	0.00666
1	0.00578	0.00437	0.00644	0.00642	0.00717	0.00509	0.00499	0.00747	0.02932	0.00941	0.01077	0.01555	0.00997	0.02906	0.82148	0.00623	0.01041	0.00425	0.00218	0.00362
2	0.00469	0.00402	0.00402	0.00402	0.00536	0.00335	0.00301	0.00569	0.00904	0.01071	0.04017	0.03816	0.83432	0.01004	0.00469	0.00134	0.00201	0.00837	0.00368	0.00335
3	0.00816	0.00698	0.00815	0.00587	0.00932	0.00524	0.00468	0.00990	0.00821	0.01287	0.00734	0.02486	0.00627	0.00312	0.00298	0.00061	0.00292	0.00252	0.00238	0.86764
4	0.00574	0.00384	0.00433	0.00435	0.00436	0.00383	0.00243	0.00576	0.00581	0.00774	0.01270	0.04478	0.01468	0.84146	0.01984	0.00379	0.00381	0.00589	0.00243	0.00242
5	0.00605	0.00478	0.00587	0.00556	0.00704	0.00397	0.00401	0.00714	0.00790	0.01117	0.01757	0.50373	0.06579	0.00886	0.00427	0.00123	0.00251	0.00788	0.00320	0.32145
6	0.00483	0.00345	0.00460	0.00552	0.00575	0.00322	0.00368	0.00552	0.00759	0.01012	0.02185	0.85807	0.02622	0.01242	0.00506	0.00161	0.00230	0.01127	0.00368	0.00322
7	0.01481	0.01890	0.01124	0.01021	0.01226	0.84474	0.00766	0.01583	0.01124	0.00970	0.00613	0.00715	0.00511	0.00409	0.00358	0.00102	0.00715	0.00255	0.00204	0.00460
8	0.00770	0.00650	0.00767	0.00582	0.00884	0.00497	0.00454	0.00930	0.00813	0.01249	0.00931	0.13828	0.00899	0.00439	0.00326	0.00074	0.00284	0.00371	0.00255	0.74996
9	0.00795	0.02051	0.84011	0.01130	0.01716	0.00921	0.01465	0.01256	0.00837	0.01256	0.00712	0.00837	0.00502	0.00377	0.00377	0.00126	0.00586	0.00293	0.00167	0.00586
10	0.00981	0.00849	0.00903	0.02579	0.01067	0.00984	0.00638	0.02084	0.81150	0.01645	0.01595	0.01470	0.01196	0.00535	0.00403	0.00134	0.00318	0.00446	0.00399	0.00624
11	0.00749	0.00705	0.01189	0.85113	0.02731	0.00881	0.01101	0.01013	0.00793	0.01013	0.00705	0.01057	0.00529	0.00396	0.00396	0.00132	0.00529	0.00352	0.00176	0.00440
12	0.01169	0.00853	0.00934	0.00769	0.00981	0.00926	0.00600	0.54064	0.01454	0.01947	0.01229	0.17000	0.01159	0.14242	0.00675	0.00169	0.00390	0.00535	0.00366	0.00540
13	0.01060	0.86304	0.02078	0.00678	0.01018	0.01569	0.00678	0.01187	0.00806	0.00933	0.00551	0.00636	0.00509	0.00339	0.00254	0.00085	0.00424	0.00212	0.00170	0.00509
14	0.00561	0.00405	0.00530	0.00499	0.00592	0.00374	0.00374	0.00748	0.01122	0.01590	0.83383	0.02962	0.03741	0.00811	0.00468	0.00125	0.00187	0.00717	0.00436	0.00374
15	0.00469	0.00402	0.00402	0.00402	0.00536	0.00335	0.00301	0.00569	0.00904	0.01071	0.04017	0.03816	0.83432	0.01004	0.00469	0.00134	0.00201	0.00837	0.00368	0.00335
16	0.00763	0.00642	0.00759	0.00581	0.00876	0.00492	0.00452	0.00920	0.00811	0.01243	0.00964	0.15698	0.00943	0.00460	0.00331	0.00077	0.00283	0.00391	0.00258	0.73057
17	0.00549	0.00396	0.00519	0.00507	0.00590	0.00366	0.00373	0.00717	0.01065	0.01498	0.70459	0.16148	0.03563	0.00879	0.00474	0.00130	0.00194	0.00782	0.00426	0.00366
18	0.00749	0.00705	0.01189	0.85113	0.02731	0.00881	0.01101	0.01013	0.00793	0.01013	0.00705	0.01057	0.00529	0.00396	0.00396	0.00132	0.00529	0.00352	0.00176	0.00440
19	0.00483	0.00345	0.00460	0.00552	0.00575	0.00322	0.00368	0.00552	0.00759	0.01012	0.02185	0.85807	0.02622	0.01242	0.00506	0.00161	0.00230	0.01127	0.00368	0.00322
20	0.00867	0.00867	0.01214	0.01041	0.01041	0.01214	0.00867	0.00954	0.00607	0.00954	0.00520	0.00867	0.00520	0.00694	0.01301	0.00173	0.85340	0.00347	0.00173	0.00434
21	0.00577	0.00384	0.00432	0.00432	0.00432	0.00384	0.00240	0.00577	0.00577	0.00769	0.01249	0.02595	0.01441	0.86066	0.02018	0.00384	0.00384	0.00577	0.00240	0.00240
22	0.00773	0.00598	0.00862	0.42241	0.01668	0.00692	0.00741	0.08268	0.00894	0.01267	0.01114	0.14645	0.01000	0.00555	0.00383	0.00125	0.00384	0.00481	0.22882	0.00425
23	0.00841	0.01991	0.78741	0.01116	0.01685	0.00940	0.01420	0.06411	0.00902	0.01335	0.00727	0.00844	0.00513	0.00383	0.00378	0.00125	0.00576	0.00297	0.00182	0.00592
24	0.00986	0.00852	0.00897	0.00807	0.01031	0.00986	0.00628	0.02107	0.82876	0.01659	0.01614	0.01479	0.01210	0.00538	0.00403	0.00134	0.00314	0.00448	0.00403	0.00628
25	0.00473	0.00396	0.00408	0.00416	0.00536	0.00335	0.00305	0.00568	0.00882	0.01058	0.03779	0.11007	0.74042	0.03379	0.00515	0.00143	0.00208	0.00855	0.00365	0.00331
26	0.00822	0.00705	0.00822	0.00587	0.00940	0.00529	0.00470	0.00998	0.00822	0.01292	0.00705	0.00822	0.00587	0.00294	0.00294	0.00059	0.00294	0.00235	0.00235	0.88490
27	0.00936	0.01070	0.02340	0.01671	0.02072	0.01003	0.82152	0.01270	0.00936	0.01270	0.00802	0.01070	0.00602	0.00334	0.00468	0.00134	0.00668	0.00468	0.00201	0.00535
28	0.01779	0.00675	0.00920	0.00705	0.01012	0.00583	0.00583	0.01932	0.01135	0.83867	0.01564	0.01350	0.00981	0.00491	0.00399	0.00123	0.00337	0.00399	0.00491	0.00675
29	0.00749	0.00705	0.01189	0.85113	0.02731	0.00881	0.01101	0.01013	0.00793	0.01013	0.00705	0.01057	0.00529	0.00396	0.00396	0.00132	0.00529	0.00352	0.00176	0.00440
30	0.00936	0.01070	0.02340	0.01671	0.02072	0.01003	0.82152	0.01270	0.00936	0.01270	0.00802	0.01070	0.00602	0.00334	0.00468	0.00134	0.00668	0.00468	0.00201	0.00535
31	0.00735	0.00612	0.00729	0.00578	0.00846	0.00475	0.00444	0.00883	0.00806	0.01220	0.01087	0.22760	0.01113	0.00538	0.00348	0.00085	0.00277	0.00465	0.00269	0.65730
32	0.00469	0.00402	0.00402	0.00402	0.00536	0.00335	0.00301	0.00569	0.00904	0.01071	0.04017	0.03816	0.83432	0.01004	0.00469	0.00134	0.00201	0.00837	0.00368	0.00335
33	0.01507	0.01111	0.01190	0.00912	0.01230	0.01230	0.00754	0.82270	0.01864	0.02499	0.00952	0.00952	0.00674	0.00476	0.00397	0.00119	0.00436	0.00357	0.00397	0.00674
34	0.00867	0.00867	0.01214	0.01041	0.01041	0.01214	0.00867	0.00954	0.00607	0.00954	0.00520	0.00867	0.00520	0.00694	0.01301	0.00173	0.85340	0.00347	0.00173	0.00434
35	0.00749	0.00705	0.01189	0.85113	0.02731	0.00881	0.01101	0.01013	0.00793	0.01013	0.00705	0.01057	0.00529	0.00396	0.00396	0.00132	0.00529	0.00352	0.00176	0.00440
36	0.00755	0.00711	0.01201	0.82825	0.04968	0.00883	0.01104	0.01019	0.00796	0.01021	0.00706	0.01055	0.00531	0.00395	0.00396	0.00132	0.00527	0.00352	0.00177	0.00446
37	0.00561	0.00405	0.00530	0.00499	0.00592	0.00374	0.00374	0.00748	0.01122	0.01590	0.83383	0.02962	0.03741	0.00811	0.00468	0.00125	0.00187	0.00717	0.00436	0.00374
38	0.00736	0.00370	0.00371	0.00371	0.00461	0.00370	0.00276	0.00916	0.00826	0.01463	0.01292	0.01502	0.01025	0.02298	0.00314	0.00099	0.00189	0.00374	0.86379	0.00367
39	0.00561	0.00405	0.00530	0.00499	0.00592	0.00374	0.00374	0.00748	0.01122	0.01590	0.83383	0.02962	0.03741	0.00811	0.00468	0.00125	0.00187	0.00717	0.00436	0.00374
40	0.01481	0.01890	0.01124	0.01021	0.01226	0.84474	0.00766	0.01583	0.01124	0.00970	0.00613	0.00715	0.00511	0.00409	0.00358	0.00102	0.00715	0.00255	0.00204	0.00460
41	0.01344	0.01633	0.01248	0.01377	0.21955	0.61946	0.00881	0.01480	0.01059	0.01052	0.00645	0.00785	0.00540	0.00400	0.00383	0.00107	0.02180	0.00282	0.00202	0.00502
42	0.45900	0.00904	0.11204	0.31304	0.01598	0.00890	0.00802	0.01121	0.00738	0.01436	0.00627	0.00818	0.00474	0.00379	0.00317	0.00126	0.00422	0.00274	0.00211	0.00453
43	0.00618	0.00449	0.00610	0.00688	0.00784	0.00441	0.00594	0.00792	0.00917	0.01185	0.04524	0.04359	0.11295	0.01077	0.00537	0.00176	0.00342	0.69884	0.00367	0.00362
44	0.00561	0.00405	0.00530	0.00499	0.00592	0.00374	0.00374	0.00748	0.01122	0.01590	0.83383	0.02962	0.03741	0.00811	0.00468	0.00125	0.00187	0.00717	0.00436	0.00374
45	0.01381	0.01217	0.01213	0.01140	0.13433	0.18054	0.00807	0.49417	0.01515	0.01941	0.00887	0.00945	0.01839	0.00445	0.00385	0.00113	0.00489	0.00338	0.00321	0.04120
46	0.00469	0.00402	0.00402	0.00402	0.00536	0.00335	0.00301	0.00569	0.00904	0.01071	0.04017	0.03816	0.83432	0.01004	0.00469	0.00134	0.00201	0.00837	0.00368	0.00335
47	0.01018	0.00964	0.00893	0.00808	0.01023	0.12567	0.00624	0.01924	0.65633	0.01521	0.01646	0.01540	0.06989	0.00553	0.00402	0.00130	0.00362	0.00449	0.00373	0.00583
48	0.00845	0.00837	0.01210	0.17021	0.01362	0.01151	0.00912	0.00965	0.00642	0.00965	0.00555	0.00903	0.00522	0.00637	0.01129	0.00166	0.69219	0.00348	0.00174	0.00435
49	0.00513	0.00358	0.00451	0.00514	0.00529	0.00342	0.00327	0.00560	0.00701	0.00934	0.01885	0.59147	0.02244	0.28418	0.00990	0.00233	0.00279	0.00951	0.00327	0.00296
50	0.00971	0.00935	0.01609	0.05839	0.78307	0.00941	0.03135	0.01210	0.00899	0.01283	0.00745	0.00987	0.00623	0.00355	0.00394	0.00119	0.00478	0.00356	0.00196	0.00618
51	0.00528	0.00379	0.00500	0.00522	0.00585	0.00352	0.00372	0.00664	0.00966	0.01341	0.48391	0.38664	0.03259	0.00997	0.00484	0.00140	0.00206	0.00894	0.00407	0.00352
52	0.01507	0.01111	0.01190	0.00912	0.01230	0.01230	0.00754	0.82270	0.01864	0.02499	0.00952	0.00952	0.00674	0.00476	0.00397	0.00119	0.00436	0.00357	0.00397	0.00674
53	0.00879	0.00887	0.01213	0.01041	0.01044	0.02807	0.00866	0.00966	0.00617	0.00955	0.00522	0.00865	0.00520	0.00689	0.01283	0.00172	0.83721	0.00345	0.00174	0.00434
54	0.86637	0.00776	0.00598	0.00531	0.00779	0.00898	0.00438	0.03236	0.00705	0.01797	0.00562	0.00652	0.00436	0.00371	0.00249	0.00123	0.00310	0.00218	0.00249	0.00436
55	0.01053	0.83953	0.04364	0.00691	0.01037	0.01551	0.00700	0.01189	0.00807	0.00942	0.00556	0.00642	0.00509	0.00340	0.00258	0.00086	0.00429	0.00214	0.00170	0.00511
56	0.00475	0.00378	0.00426	0.00463	0.00552	0.00330	0.00329	0.00562	0.00844	0.01047	0.03265	0.37458	0.50274	0.01102	0.00484	0.00145	0.00213	0.00956	0.00368	0.00330
57	0.00469	0.00402	0.00402	0.00402	0.00536	0.00335	0.00301	0.00569	0.00904	0.01071	0.04017	0.03816	0.83432	0.01004	0.00469	0.00134	0.00201	0.00837	0.00368	0.00335
58	0.01507	0.01111	0.01190	0.00912	0.01230	0.01230	0.00754	0.82270	0.01864	0.02499	0.00952	0.00952	0.00674	0.00476	0.00397	0.00119	0.00436	0.00357	0.00397	0.00674
59	0.00573	0.00383	0.00434	0.00437	0.00438	0.00382	0.00245	0.00576	0.00584	0.00778	0.01287	0.05913	0.01489	0.82684	0.01958	0.00375	0.00378	0.00599	0.00245	0.00244
60	0.00940	0.01059	0.02277	0.01737	0.09090	0.00997	0.75185	0.01265	0.00933	0.01272	0.00797	0.01062	0.00604	0.00336	0.00461	0.00132	0.00651	0.00458	0.00200	0.00543
61	0.00817	0.02000	0.80386	0.01136	0.01712	0.00917	0.03508	0.01269	0.00845	0.02788	0.00730	0.00853	0.00514	0.00378	0.00379	0.00126	0.00583	0.00299	0.00174	0.00586
62	0.01481	0.01890	0.01124	0.01021	0.01226	0.84474	0.00766	0.01583	0.01124	0.00970	0.00613	0.00715	0.00511	0.00409	0.00358	0.00102	0.00715	0.00255	0.00204	0.00460
63	0.01169	0.59133	0.04930	0.00793	0.01103	0.25076	0.00733	0.01302	0.00897	0.00956	0.00575	0.00666	0.00509	0.00360	0.00288	0.00091	0.00513	0.00227	0.00179	0.00498
64	0.01753	0.00676	0.00917	0.00702	0.01010	0.00581	0.00580	0.01907	0.01126	0.81619	0.01541	0.01335	0.00971	0.00485	0.00396	0.00121	0.00336	0.00394	0.00484	0.03066
65	0.00704	0.00657	0.01064	0.71675	0.02383	0.00794	0.00974	0.00943	0.00810	0.01022	0.01230	0.01495	0.13680	0.00493	0.00408	0.00132	0.00477	0.00429	0.00207	0.00424

[dist]
# distance from previous block
# <min> <max>
0	4

[block]
# block no. 3 follows, 68 sequences, length 16
# corresponding to MSA columns:
# 197-212
name=unknown_D
#
# <colnr> <probs for GDERKNQSTAVLIFYWHMCP>
#	G	D	E	R	K	N	Q	S	T	A	V	L	I	F	Y	W	H	M	C	P
0	0.00795	0.02051	0.84011	0.01130	0.01716	0.00921	0.01465	0.01256	0.00837	0.01256	0.00712	0.00837	0.00502	0.00377	0.00377	0.00126	0.00586	0.00293	0.00167	0.00586
1	0.00469	0.00402	0.00402	0.00402	0.00536	0.00335	0.00301	0.00569	0.00904	0.01071	0.04017	0.03816	0.83432	0.01004	0.00469	0.00134	0.00201	0.00837	0.00368	0.00335
2	0.00769	0.00721	0.01214	0.74234	0.10773	0.00874	0.01099	0.01028	0.00808	0.01047	0.00752	0.01155	0.00592	0.00414	0.00401	0.00132	0.00518	0.02830	0.00184	0.00457
3	0.00749	0.00705	0.01189	0.85113	0.02731	0.00881	0.01101	0.01013	0.00793	0.01013	0.00705	0.01057	0.00529	0.00396	0.00396	0.00132	0.00529	0.00352	0.00176	0.00440
4	0.01436	0.01031	0.01114	0.00863	0.01152	0.01131	0.00702	0.72073	0.01724	0.05460	0.01001	0.01110	0.00753	0.07941	0.00538	0.00142	0.00428	0.00378	0.00387	0.00636
5	0.00577	0.00384	0.00432	0.00432	0.00432	0.00384	0.00240	0.00577	0.00577	0.00769	0.01249	0.02595	0.01441	0.86066	0.02018	0.00384	0.00384	0.00577	0.00240	0.00240
6	0.00566	0.00425	0.00637	0.00637	0.00708	0.00496	0.00496	0.00708	0.00637	0.00920	0.01062	0.01558	0.00991	0.02974	0.84494	0.00637	0.01062	0.00425	0.00212	0.00354
7	0.00561	0.00499	0.00619	0.00768	0.15501	0.00444	0.00466	0.00686	0.00904	0.01111	0.03427	0.03305	0.68511	0.00887	0.00455	0.00131	0.00250	0.00750	0.00337	0.00388
8	0.00803	0.02005	0.80628	0.01184	0.05078	0.00922	0.01455	0.01254	0.00840	0.01257	0.00713	0.00843	0.00507	0.00376	0.00377	0.00125	0.00581	0.00295	0.00169	0.00588
9	0.00469	0.00402	0.00402	0.00402	0.00536	0.00335	0.00301	0.00569	0.00904	0.01071	0.04017	0.03816	0.83432	0.01004	0.00469	0.00134	0.00201	0.00837	0.00368	0.00335
10	0.01392	0.01025	0.01108	0.00872	0.01156	0.01128	0.00710	0.73095	0.01740	0.02332	0.01090	0.10480	0.00893	0.00562	0.00409	0.00124	0.00413	0.00443	0.00393	0.00635
11	0.00557	0.00405	0.00524	0.00494	0.00590	0.00372	0.00371	0.00740	0.01112	0.01565	0.79599	0.03002	0.07540	0.00820	0.00468	0.00125	0.00188	0.00723	0.00433	0.00372
12	0.00905	0.14407	0.65949	0.01033	0.01562	0.00992	0.01285	0.01294	0.00854	0.07125	0.00749	0.00844	0.00538	0.00379	0.00360	0.00119	0.00544	0.00289	0.00191	0.00581
13	0.01017	0.01010	0.01575	0.02333	0.77693	0.06925	0.01185	0.01243	0.00919	0.01272	0.00736	0.00962	0.00620	0.00357	0.00390	0.00117	0.00489	0.00346	0.00197	0.00616
14	0.00487	0.00399	0.00404	0.00404	0.00524	0.00340	0.00295	0.00581	0.00871	0.01056	0.03678	0.03631	0.73352	0.08812	0.00605	0.00156	0.00217	0.00798	0.03062	0.00327
15	0.00469	0.00402	0.00402	0.00402	0.00536	0.00335	0.00301	0.00569	0.00904	0.01071	0.04017	0.03816	0.83432	0.01004	0.00469	0.00134	0.00201	0.00837	0.00368	0.00335

[dist]
# distance from previous block
# <min> <max>
7	27

[block]
# block no. 4 follows, 68 sequences, length 6
# corresponding to MSA columns:
# 240-245
name=unknown_E
#
# <colnr> <probs for GDERKNQSTAVLIFYWHMCP>
#	G	D	E	R	K	N	Q	S	T	A	V	L	I	F	Y	W	H	M	C	P
0	0.00689	0.00344	0.00517	0.00517	0.00517	0.00344	0.00344	0.00517	0.00517	0.00689	0.00689	0.01205	0.00689	0.01377	0.01550	0.88464	0.00344	0.00344	0.00172	0.00172
1	0.00749	0.00705	0.01189	0.85113	0.02731	0.00881	0.01101	0.01013	0.00793	0.01013	0.00705	0.01057	0.00529	0.00396	0.00396	0.00132	0.00529	0.00352	0.00176	0.00440
2	0.00770	0.00727	0.01228	0.77457	0.10218	0.00887	0.01112	0.01032	0.00803	0.01039	0.00709	0.01050	0.00538	0.00392	0.00396	0.00131	0.00523	0.00352	0.00178	0.00458
3	0.01029	0.00929	0.00877	0.00773	0.00993	0.10537	0.00603	0.14295	0.45685	0.01602	0.01837	0.01739	0.16187	0.00599	0.00409	0.00128	0.00358	0.00483	0.00373	0.00562
4	0.00981	0.00942	0.01609	0.02434	0.83592	0.00942	0.01217	0.01217	0.00903	0.01295	0.00746	0.00981	0.00628	0.00353	0.00393	0.00118	0.00471	0.00353	0.00196	0.00628
5	0.00924	0.00757	0.00832	0.07897	0.01078	0.00872	0.00608	0.01812	0.61918	0.01573	0.01482	0.01443	0.01119	0.00513	0.00381	0.00127	0.00310	0.00427	0.15358	0.00568

[dist]
# distance from previous block
# <min> <max>
0	2

[block]
# block no. 5 follows, 68 sequences, length 14
# corresponding to MSA columns:
# 248-261
name=unknown_F
#
# <colnr> <probs for GDERKNQSTAVLIFYWHMCP>
#	G	D	E	R	K	N	Q	S	T	A	V	L	I	F	Y	W	H	M	C	P
0	0.00570	0.00381	0.00434	0.00441	0.00443	0.00380	0.00250	0.00575	0.00590	0.00787	0.01318	0.08741	0.01529	0.79800	0.01906	0.00368	0.00373	0.00617	0.00250	0.00246
1	0.00828	0.00814	0.01206	0.28769	0.01598	0.01104	0.00945	0.00974	0.00668	0.00974	0.00581	0.00930	0.00523	0.00596	0.01003	0.00160	0.57368	0.00349	0.00174	0.00436
2	0.00564	0.00443	0.00648	0.00859	0.14134	0.00423	0.00507	0.00661	0.00783	0.01058	0.01950	0.71952	0.02297	0.01097	0.00488	0.00154	0.00269	0.01001	0.00340	0.00372
3	0.00481	0.00351	0.00454	0.00536	0.00571	0.00323	0.00361	0.00554	0.00775	0.01019	0.02386	0.76824	0.11476	0.01216	0.00502	0.00158	0.00227	0.01095	0.00368	0.00323
4	0.00981	0.00942	0.01609	0.02434	0.83592	0.00942	0.01217	0.01217	0.00903	0.01295	0.00746	0.00981	0.00628	0.00353	0.00393	0.00118	0.00471	0.00353	0.00196	0.00628
5	0.00986	0.00852	0.00897	0.00807	0.01031	0.00986	0.00628	0.02107	0.82876	0.01659	0.01614	0.01479	0.01210	0.00538	0.00403	0.00134	0.00314	0.00448	0.00403	0.00628
6	0.00918	0.00874	0.01498	0.02170	0.69986	0.00868	0.04462	0.01137	0.00886	0.01259	0.00926	0.11440	0.00873	0.00462	0.00410	0.00124	0.00449	0.00453	0.00218	0.00586
7	0.00796	0.00753	0.01275	0.68186	0.19285	0.00893	0.01125	0.01055	0.00815	0.01071	0.00713	0.01042	0.00549	0.00388	0.00396	0.00129	0.00517	0.00353	0.00180	0.00479
8	0.76809	0.00888	0.07913	0.00670	0.04971	0.00895	0.00559	0.01176	0.00700	0.01709	0.00576	0.00678	0.00446	0.00368	0.00264	0.00123	0.00339	0.00228	0.00236	0.00453
9	0.00739	0.00370	0.00370	0.00370	0.00462	0.00370	0.00277	0.00924	0.00831	0.01478	0.01293	0.01478	0.01016	0.00462	0.00277	0.00092	0.00185	0.00370	0.88267	0.00370
10	0.00761	0.00721	0.01192	0.76621	0.02560	0.00915	0.01078	0.01007	0.00774	0.01007	0.00686	0.01038	0.00528	0.00426	0.00488	0.00136	0.09095	0.00352	0.00176	0.00440
11	0.00483	0.00345	0.00460	0.00552	0.00575	0.00322	0.00368	0.00552	0.00759	0.01012	0.02185	0.85807	0.02622	0.01242	0.00506	0.00161	0.00230	0.01127	0.00368	0.00322
12	0.00483	0.00345	0.00460	0.00552	0.00575	0.00322	0.00368	0.00552	0.00759	0.01012	0.02185	0.85807	0.02622	0.01242	0.00506	0.00161	0.00230	0.01127	0.00368	0.00322
13	0.00507	0.00381	0.00547	0.03403	0.00697	0.00363	0.03114	0.00591	0.00766	0.01021	0.02090	0.80167	0.02485	0.01184	0.00501	0.00159	0.00255	0.01079	0.00356	0.00333

[dist]
# distance from previous block
# <min> <max>
7	9

[block]
# block no. 6 follows, 68 sequences, length 9
# corresponding to MSA columns:
# 273-281
name=unknown_G
#
# <colnr> <probs for GDERKNQSTAVLIFYWHMCP>
#	G	D	E	R	K	N	Q	S	T	A	V	L	I	F	Y	W	H	M	C	P
0	0.00483	0.00345	0.00460	0.00552	0.00575	0.00322	0.00368	0.00552	0.00759	0.01012	0.02185	0.85807	0.02622	0.01242	0.00506	0.00161	0.00230	0.01127	0.00368	0.00322
1	0.00749	0.00705	0.01189	0.85113	0.02731	0.00881	0.01101	0.01013	0.00793	0.01013	0.00705	0.01057	0.00529	0.00396	0.00396	0.00132	0.00529	0.00352	0.00176	0.00440
2	0.01288	0.00947	0.01043	0.00831	0.01084	0.01048	0.00672	0.63169	0.01572	0.02117	0.00993	0.01181	0.00786	0.08056	0.13136	0.00219	0.00526	0.00386	0.00356	0.00590
3	0.01369	0.01010	0.01109	0.00872	0.01153	0.01122	0.00716	0.70302	0.01684	0.02267	0.00968	0.01041	0.00721	0.00842	0.12737	0.00195	0.00528	0.00367	0.00370	0.00627
4	0.00628	0.00453	0.00624	0.00709	0.00803	0.00449	0.00617	0.00805	0.00912	0.01179	0.02222	0.04430	0.07475	0.01089	0.00543	0.00179	0.00355	0.75799	0.00365	0.00363
5	0.00936	0.01070	0.02340	0.01671	0.02072	0.01003	0.82152	0.01270	0.00936	0.01270	0.00802	0.01070	0.00602	0.00334	0.00468	0.00134	0.00668	0.00468	0.00201	0.00535
6	0.00917	0.01700	0.59572	0.01370	0.18989	0.00897	0.01338	0.01304	0.00876	0.08219	0.00791	0.00911	0.00569	0.00381	0.00382	0.00124	0.00541	0.00315	0.00201	0.00602
7	0.00837	0.01954	0.76202	0.01184	0.05689	0.00936	0.01420	0.04959	0.00887	0.01314	0.00724	0.00849	0.00516	0.00380	0.00378	0.00125	0.00574	0.00299	0.00179	0.00592
8	0.00953	0.59989	0.01659	0.00684	0.00948	0.05326	0.00635	0.01083	0.00778	0.00931	0.00686	0.00878	0.00634	0.01024	0.22042	0.00228	0.00603	0.00269	0.00182	0.00466

[dist]
# distance from previous block
# <min> <max>
5	9

[block]
# block no. 7 follows, 68 sequences, length 20
# corresponding to MSA columns:
# 291-310
name=unknown_H
#
# <colnr> <probs for GDERKNQSTAVLIFYWHMCP>
#	G	D	E	R	K	N	Q	S	T	A	V	L	I	F	Y	W	H	M	C	P
0	0.01471	0.01084	0.01164	0.00900	0.01207	0.01198	0.00740	0.79406	0.01825	0.02447	0.00995	0.03927	0.00743	0.00503	0.00400	0.00120	0.00429	0.00384	0.00396	0.00662
1	0.00830	0.06262	0.70554	0.01253	0.10862	0.00957	0.01397	0.01248	0.00843	0.01243	0.00707	0.00843	0.00517	0.00372	0.00372	0.00123	0.00565	0.00296	0.00171	0.00587
2	0.00981	0.00942	0.01609	0.02434	0.83592	0.00942	0.01217	0.01217	0.00903	0.01295	0.00746	0.00981	0.00628	0.00353	0.00393	0.00118	0.00471	0.00353	0.00196	0.00628
3	0.00561	0.00405	0.00530	0.00499	0.00592	0.00374	0.00374	0.00748	0.01122	0.01590	0.83383	0.02962	0.03741	0.00811	0.00468	0.00125	0.00187	0.00717	0.00436	0.00374
4	0.00739	0.00370	0.00370	0.00370	0.00462	0.00370	0.00277	0.00924	0.00831	0.01478	0.01293	0.01478	0.01016	0.00462	0.00277	0.00092	0.00185	0.00370	0.88267	0.00370
5	0.00483	0.00345	0.00460	0.00552	0.00575	0.00322	0.00368	0.00552	0.00759	0.01012	0.02185	0.85807	0.02622	0.01242	0.00506	0.00161	0.00230	0.01127	0.00368	0.00322
6	0.79714	0.00757	0.00618	0.00541	0.00793	0.00857	0.00446	0.01246	0.00723	0.10406	0.00658	0.00718	0.00487	0.00381	0.00261	0.00123	0.00310	0.00234	0.00271	0.00455
7	0.01468	0.01072	0.01148	0.00884	0.01190	0.01185	0.00729	0.78084	0.01811	0.02446	0.00970	0.00979	0.00692	0.00475	0.00390	0.00118	0.00423	0.00358	0.04918	0.00659
8	0.01402	0.01034	0.01128	0.00881	0.01171	0.01147	0.00725	0.73123	0.01727	0.02322	0.00964	0.01020	0.00710	0.00756	0.09828	0.00177	0.00506	0.00365	0.00376	0.00638
9	0.00571	0.00382	0.00434	0.00440	0.00441	0.00381	0.00248	0.00575	0.00587	0.00783	0.01305	0.07561	0.01512	0.81003	0.01928	0.00371	0.00375	0.00609	0.00248	0.00245
10	0.01698	0.10278	0.01050	0.00702	0.01013	0.00693	0.00593	0.01849	0.01098	0.74566	0.01451	0.01270	0.00928	0.00474	0.00383	0.00118	0.00347	0.00378	0.00455	0.00656
11	0.00795	0.02051	0.84011	0.01130	0.01716	0.00921	0.01465	0.01256	0.00837	0.01256	0.00712	0.00837	0.00502	0.00377	0.00377	0.00126	0.00586	0.00293	0.00167	0.00586
12	0.00867	0.00867	0.01214	0.01041	0.01041	0.01214	0.00867	0.00954	0.00607	0.00954	0.00520	0.00867	0.00520	0.00694	0.01301	0.00173	0.85340	0.00347	0.00173	0.00434
13	0.01404	0.01743	0.01199	0.01240	0.13965	0.71555	0.00836	0.01527	0.01089	0.01021	0.00633	0.00756	0.00529	0.00400	0.00363	0.00105	0.00677	0.00271	0.00203	0.00486
14	0.00763	0.00719	0.01214	0.80178	0.07557	0.00885	0.01108	0.01025	0.00799	0.01030	0.00707	0.01053	0.00534	0.00394	0.00396	0.00131	0.00525	0.00352	0.00177	0.00452
15	0.00639	0.00456	0.00639	0.00730	0.00821	0.00456	0.00639	0.00821	0.00913	0.01187	0.02099	0.04472	0.02282	0.01095	0.00548	0.00183	0.00365	0.80924	0.00365	0.00365
16	0.00973	0.00934	0.01595	0.05332	0.80758	0.00940	0.01213	0.01210	0.00899	0.01285	0.00744	0.00984	0.00625	0.00355	0.00393	0.00118	0.00473	0.00353	0.00196	0.00621
17	0.00749	0.00705	0.01189	0.85113	0.02731	0.00881	0.01101	0.01013	0.00793	0.01013	0.00705	0.01057	0.00529	0.00396	0.00396	0.00132	0.00529	0.00352	0.00176	0.00440
18	0.01462	0.05697	0.01167	0.01006	0.01216	0.80735	0.00762	0.01565	0.01109	0.00969	0.00610	0.00711	0.00511	0.00405	0.00353	0.00101	0.00702	0.00253	0.00203	0.00462
19	0.00490	0.00348	0.00458	0.00544	0.00565	0.00326	0.00359	0.00554	0.00746	0.00995	0.02119	0.79919	0.02539	0.07244	0.00613	0.00177	0.00241	0.01088	0.00359	0.00316

[dist]
# distance from previous block
# <min> <max>
0	2

[block]
# block no. 8 follows, 68 sequences, length 6
# corresponding to MSA columns:
# 313-318
name=unknown_I
#
# <colnr> <probs for GDERKNQSTAVLIFYWHMCP>
#	G	D	E	R	K	N	Q	S	T	A	V	L	I	F	Y	W	H	M	C	P
0	0.00583	0.00412	0.00514	0.00587	0.05853	0.00408	0.00330	0.00613	0.00636	0.00854	0.01411	0.19789	0.01634	0.62875	0.01598	0.00321	0.00358	0.00677	0.00264	0.00282
1	0.00976	0.00956	0.01690	0.02350	0.74597	0.00949	0.10148	0.01223	0.00906	0.01293	0.00752	0.00991	0.00625	0.00351	0.00401	0.00120	0.00493	0.00366	0.00197	0.00618
2	0.01368	0.00997	0.01078	0.00844	0.01120	0.01101	0.00688	0.69424	0.01678	0.02270	0.00991	0.01100	0.00750	0.05305	0.04795	0.00159	0.00453	0.00373	0.04887	0.00618
3	0.00483	0.00345	0.00460	0.00552	0.00575	0.00322	0.00368	0.00552	0.00759	0.01012	0.02185	0.85807	0.02622	0.01242	0.00506	0.00161	0.00230	0.01127	0.00368	0.00322
4	0.00577	0.00384	0.00432	0.00432	0.00432	0.00384	0.00240	0.00577	0.00577	0.00769	0.01249	0.02595	0.01441	0.86066	0.02018	0.00384	0.00384	0.00577	0.00240	0.00240
5	0.00483	0.00345	0.00460	0.00552	0.00575	0.00322	0.00368	0.00552	0.00759	0.01012	0.02185	0.85807	0.02622	0.01242	0.00506	0.00161	0.00230	0.01127	0.00368	0.00322

[dist]
# distance from previous block
# <min> <max>
0	4

[block]
# block no. 9 follows, 68 sequences, length 8
# corresponding to MSA columns:
# 323-330
name=unknown_J
#
# <colnr> <probs for GDERKNQSTAVLIFYWHMCP>
#	G	D	E	R	K	N	Q	S	T	A	V	L	I	F	Y	W	H	M	C	P
0	0.00740	0.00652	0.01091	0.72745	0.02407	0.00802	0.00990	0.00940	0.00752	0.00966	0.00702	0.01079	0.00552	0.00540	0.00565	0.13046	0.00502	0.00351	0.00176	0.00401
1	0.01217	0.01439	0.01221	0.22062	0.15290	0.49907	0.00924	0.01381	0.01005	0.01035	0.00658	0.00844	0.00535	0.00396	0.00373	0.00112	0.00628	0.00296	0.00196	0.00483
2	0.00754	0.06588	0.58580	0.00982	0.01426	0.00854	0.01179	0.01116	0.00786	0.01154	0.00789	0.01004	0.00624	0.01017	0.21181	0.00250	0.00694	0.00321	0.00179	0.00524
3	0.22725	0.00899	0.01355	0.01961	0.63100	0.00929	0.01022	0.01204	0.00846	0.01415	0.00698	0.00898	0.00579	0.00357	0.00356	0.00119	0.00430	0.00319	0.00208	0.00579
4	0.01529	0.01534	0.01061	0.00932	0.01163	0.59317	0.00713	0.01697	0.05436	0.21516	0.00901	0.00912	0.00664	0.00436	0.00370	0.00109	0.00600	0.00301	0.00286	0.00522
5	0.00648	0.00596	0.00959	0.42807	0.01760	0.00658	0.07228	0.00843	0.00826	0.01048	0.01789	0.16478	0.21410	0.00689	0.00439	0.00138	0.00407	0.00616	0.00259	0.00401
6	0.01213	0.08217	0.01212	0.01038	0.04866	0.47948	0.00787	0.01322	0.00928	0.00975	0.00621	0.00814	0.00550	0.00640	0.06131	0.00154	0.21641	0.00290	0.00194	0.00458
7	0.00490	0.00372	0.00444	0.00497	0.00561	0.00336	0.00346	0.00570	0.00804	0.01023	0.02770	0.48228	0.31217	0.06768	0.00594	0.00167	0.00235	0.03897	0.00360	0.00323

[dist]
# distance from previous block
# <min> <max>
11	16

[block]
# block no. 10 follows, 68 sequences, length 13
# corresponding to MSA columns:
# 353-365
name=unknown_K
#
# <colnr> <probs for GDERKNQSTAVLIFYWHMCP>
#	G	D	E	R	K	N	Q	S	T	A	V	L	I	F	Y	W	H	M	C	P
0	0.00566	0.00425	0.00637	0.00637	0.00708	0.00496	0.00496	0.00708	0.00637	0.00920	0.01062	0.01558	0.00991	0.02974	0.84494	0.00637	0.01062	0.00425	0.00212	0.00354
1	0.01458	0.01084	0.01190	0.06385	0.01327	0.01207	0.00776	0.76989	0.01795	0.02402	0.00936	0.00959	0.00665	0.00471	0.00397	0.00120	0.00442	0.00357	0.00382	0.00659
2	0.01413	0.01761	0.01190	0.01214	0.12451	0.73090	0.00828	0.01533	0.01094	0.01015	0.00631	0.00751	0.00527	0.00401	0.00362	0.00104	0.00682	0.00269	0.00203	0.00483
3	0.01370	0.01024	0.01152	0.00987	0.07040	0.01123	0.00752	0.68346	0.01682	0.02262	0.01030	0.07155	0.00821	0.00590	0.02662	0.00136	0.00441	0.00415	0.00375	0.00637
4	0.00925	0.00799	0.00841	0.00756	0.00975	0.00901	0.00587	0.01906	0.71399	0.01584	0.01840	0.01707	0.09973	0.00580	0.00407	0.00132	0.00301	0.00483	0.00394	0.03509
5	0.00566	0.00425	0.00637	0.00637	0.00708	0.00496	0.00496	0.00708	0.00637	0.00920	0.01062	0.01558	0.00991	0.02974	0.84494	0.00637	0.01062	0.00425	0.00212	0.00354
6	0.00734	0.00394	0.00430	0.06413	0.00623	0.00406	0.00335	0.00919	0.00820	0.01422	0.01250	0.01485	0.00996	0.03297	0.00343	0.00105	0.00216	0.00375	0.79067	0.00370
