[name]
rps7

[dist]
# distance from previous block
# <min> <max>
1	4

[block]
# block no. 0 follows, 62 sequences, length 6
# corresponding to MSA columns:
# 4-9
name=unknown_A
#
# <colnr> <probs for GDERKNQSTAVLIFYWHMCP>
#	G	D	E	R	K	N	Q	S	T	A	V	L	I	F	Y	W	H	M	C	P
0	0.88052	0.00823	0.00625	0.00560	0.00823	0.00955	0.00461	0.01251	0.00724	0.01909	0.00592	0.00691	0.00461	0.00395	0.00263	0.00132	0.00329	0.00230	0.00263	0.00461
1	0.40161	0.06289	0.00921	0.00730	0.00998	0.01076	0.00594	0.09103	0.32712	0.01872	0.01081	0.01075	0.00821	0.00476	0.00346	0.00134	0.00353	0.00343	0.00340	0.00575
2	0.00861	0.00509	0.00652	0.00652	0.00768	0.00489	0.00473	0.01096	0.10498	0.17153	0.08534	0.52111	0.02387	0.01049	0.00504	0.00158	0.00276	0.00935	0.00431	0.00463
3	0.01026	0.52575	0.33976	0.00919	0.01387	0.01410	0.01060	0.01303	0.00878	0.01138	0.00659	0.00768	0.00543	0.00380	0.00325	0.00108	0.00523	0.00262	0.00181	0.00579
4	0.40053	0.01393	0.33106	0.06802	0.01417	0.00999	0.00980	0.08140	0.00912	0.01696	0.00708	0.00833	0.00522	0.00411	0.00344	0.00133	0.00476	0.00287	0.00239	0.00550
5	0.00932	0.01732	0.50897	0.01764	0.33564	0.00997	0.01467	0.01331	0.00926	0.01364	0.00778	0.00959	0.00592	0.00394	0.00411	0.00131	0.00580	0.00340	0.00192	0.00647

[dist]
# distance from previous block
# <min> <max>
0	8

[block]
# block no. 1 follows, 62 sequences, length 33
# corresponding to MSA columns:
# 18-50
name=unknown_B
#
# <colnr> <probs for GDERKNQSTAVLIFYWHMCP>
#	G	D	E	R	K	N	Q	S	T	A	V	L	I	F	Y	W	H	M	C	P
0	0.00944	0.01029	0.02138	0.26650	0.02437	0.01037	0.56765	0.01280	0.00958	0.01280	0.00829	0.01144	0.00622	0.00379	0.00479	0.00143	0.00672	0.00465	0.00207	0.00543
1	0.01215	0.01318	0.01570	0.02154	0.57884	0.25897	0.01160	0.01425	0.01040	0.01285	0.00757	0.00967	0.00636	0.00397	0.00410	0.00121	0.00585	0.00347	0.00213	0.00619
2	0.00876	0.01067	0.10961	0.26461	0.02228	0.00951	0.39520	0.01198	0.00926	0.01249	0.00972	0.09775	0.00835	0.00485	0.00472	0.00145	0.00613	0.00517	0.00222	0.00526
3	0.00524	0.00373	0.00492	0.00585	0.00609	0.00349	0.00388	0.00594	0.00804	0.01072	0.02290	0.80301	0.02745	0.05895	0.00632	0.00186	0.00256	0.01177	0.00388	0.00341
4	0.00534	0.00429	0.00476	0.00471	0.00595	0.00371	0.00351	0.00668	0.01032	0.01314	0.27738	0.08214	0.54252	0.01029	0.00505	0.00142	0.00213	0.00876	0.00417	0.00371
5	0.01242	0.01369	0.01544	0.02078	0.53858	0.29985	0.01136	0.01444	0.01052	0.01267	0.00750	0.00953	0.00630	0.00400	0.00408	0.00120	0.00598	0.00342	0.00214	0.00610
6	0.00942	0.00853	0.01412	0.02059	0.57753	0.00853	0.01118	0.01178	0.00972	0.01355	0.01239	0.02186	0.01210	0.00620	0.00472	0.00147	0.00471	0.24305	0.00265	0.00589
7	0.00518	0.00370	0.00494	0.00592	0.00617	0.00346	0.00395	0.00592	0.00815	0.01086	0.02345	0.84768	0.02814	0.01333	0.00543	0.00173	0.00247	0.01210	0.00395	0.00346
8	0.00602	0.00435	0.00569	0.00535	0.00636	0.00401	0.00401	0.00803	0.01204	0.01706	0.82167	0.03178	0.04015	0.00870	0.00502	0.00134	0.00201	0.00770	0.00468	0.00401
9	0.01589	0.02028	0.01206	0.01096	0.01315	0.83338	0.00822	0.01699	0.01206	0.01041	0.00658	0.00767	0.00548	0.00438	0.00384	0.00110	0.00767	0.00274	0.00219	0.00493
10	0.00675	0.00516	0.00710	0.25723	0.01210	0.00574	0.00537	0.00760	0.00689	0.00904	0.01164	0.02286	0.01251	0.59467	0.01640	0.00331	0.00459	0.00546	0.00237	0.00323
11	0.00723	0.00666	0.01008	0.50352	0.02024	0.00789	0.00886	0.00936	0.00871	0.01109	0.01825	0.02020	0.25258	0.00651	0.00528	0.00145	0.07470	0.00535	0.01767	0.00436
12	0.00626	0.00451	0.00615	0.00708	0.00786	0.00440	0.00580	0.00781	0.00929	0.01211	0.02383	0.28938	0.06520	0.01218	0.00570	0.00186	0.00339	0.51949	0.00393	0.00376
13	0.01051	0.01018	0.01766	0.02571	0.78411	0.01014	0.05255	0.01309	0.00971	0.01389	0.00803	0.01058	0.00673	0.00378	0.00425	0.00127	0.00516	0.00385	0.00211	0.00669
14	0.00870	0.01771	0.56068	0.01166	0.01591	0.01068	0.01348	0.01236	0.00832	0.01259	0.02805	0.00967	0.00635	0.00519	0.00707	0.00150	0.25900	0.00344	0.00189	0.00574
15	0.88052	0.00823	0.00625	0.00560	0.00823	0.00955	0.00461	0.01251	0.00724	0.01909	0.00592	0.00691	0.00461	0.00395	0.00263	0.00132	0.00329	0.00230	0.00263	0.00461
16	0.01053	0.01011	0.01727	0.02612	0.82392	0.01011	0.01306	0.01306	0.00969	0.01390	0.00800	0.01053	0.00674	0.00379	0.00421	0.00126	0.00505	0.00379	0.00211	0.00674
17	0.00928	0.00883	0.01501	0.43446	0.42535	0.00978	0.01244	0.01196	0.00910	0.01238	0.00778	0.01094	0.00620	0.00402	0.00423	0.00134	0.00536	0.00379	0.00200	0.00573
18	0.01227	0.00998	0.01057	0.00900	0.01171	0.01137	0.00714	0.26054	0.57554	0.02053	0.01517	0.01416	0.01125	0.00557	0.00431	0.00139	0.00376	0.00451	0.00431	0.00689
19	0.00754	0.00677	0.01105	0.46989	0.13762	0.00774	0.00962	0.00969	0.00857	0.01131	0.01243	0.26404	0.01262	0.00693	0.00460	0.00149	0.00461	0.00630	0.00254	0.00463
20	0.00991	0.00522	0.00686	0.00595	0.00768	0.00466	0.00464	0.01174	0.01193	0.26148	0.52610	0.02717	0.08370	0.00780	0.00480	0.00134	0.00251	0.00675	0.00481	0.00496
21	0.00744	0.00665	0.01097	0.58831	0.02274	0.00820	0.00985	0.00988	0.00800	0.01057	0.00872	0.01297	0.00717	0.01261	0.25495	0.00306	0.00740	0.00402	0.00201	0.00445
22	0.01619	0.00856	0.01447	0.01072	0.01430	0.00770	0.24876	0.01862	0.02707	0.56540	0.01432	0.01360	0.00935	0.00477	0.00450	0.00135	0.00469	0.00451	0.00431	0.00678
23	0.00559	0.00467	0.00475	0.00463	0.00613	0.00407	0.00349	0.04600	0.01017	0.01224	0.04095	0.06103	0.76046	0.01056	0.00500	0.00144	0.00229	0.00881	0.00397	0.00377
24	0.00568	0.00419	0.00512	0.00514	0.00597	0.00384	0.00365	0.00699	0.01006	0.01358	0.40348	0.18369	0.20067	0.12013	0.00727	0.00180	0.00240	0.00858	0.00412	0.00363
25	0.00608	0.00456	0.00684	0.00684	0.00760	0.00532	0.00532	0.00760	0.00684	0.00988	0.01140	0.01672	0.01064	0.03191	0.83360	0.00684	0.01140	0.00456	0.00228	0.00380
26	0.00946	0.01022	0.02097	0.26693	0.06593	0.01033	0.52642	0.01277	0.00956	0.01281	0.00826	0.01139	0.00623	0.00380	0.00475	0.00142	0.00661	0.00458	0.00207	0.00548
27	0.01316	0.00857	0.00970	0.00833	0.01100	0.00927	0.00659	0.02204	0.57318	0.26237	0.01716	0.01545	0.01225	0.00562	0.00431	0.00140	0.00344	0.00465	0.00461	0.00689
28	0.00616	0.00421	0.00511	0.00539	0.00563	0.00416	0.00355	0.00669	0.00734	0.00978	0.05497	0.13947	0.01985	0.55768	0.01605	0.00331	0.00377	0.14081	0.00309	0.00299
29	0.00973	0.00964	0.01407	0.01551	0.25672	0.02904	0.01024	0.01112	0.00758	0.01130	0.00655	0.01014	0.00620	0.02885	0.01101	0.00173	0.54959	0.00379	0.00196	0.00524
30	0.00881	0.00837	0.01413	0.57853	0.26916	0.00972	0.01215	0.01152	0.00883	0.01178	0.00766	0.01106	0.00599	0.00417	0.00442	0.00138	0.02125	0.00378	0.00196	0.00533
31	0.00709	0.00600	0.00681	0.00556	0.00813	0.00470	0.00429	0.00857	0.00906	0.01271	0.02179	0.11083	0.29581	0.00694	0.00406	0.00103	0.00273	0.00583	0.00318	0.47488
32	0.03875	0.00855	0.01439	0.01065	0.01423	0.00770	0.24871	0.01837	0.01140	0.56004	0.01403	0.01338	0.00915	0.00472	0.00446	0.00135	0.00469	0.00445	0.00426	0.00672

[dist]
# distance from previous block
# <min> <max>
0	1

[block]
# block no. 2 follows, 62 sequences, length 56
# corresponding to MSA columns:
# 52-107
name=unknown_C
#
# <colnr> <probs for GDERKNQSTAVLIFYWHMCP>
#	G	D	E	R	K	N	Q	S	T	A	V	L	I	F	Y	W	H	M	C	P
0	0.00906	0.00885	0.01574	0.48400	0.27292	0.00982	0.11461	0.01190	0.00907	0.01216	0.00783	0.01111	0.00610	0.00403	0.00434	0.00137	0.00568	0.00394	0.00199	0.00548
1	0.01058	0.00914	0.00962	0.00866	0.01106	0.01058	0.00673	0.02261	0.81623	0.01780	0.01732	0.01588	0.01299	0.00577	0.00433	0.00144	0.00337	0.00481	0.00433	0.00673
2	0.00876	0.08710	0.76528	0.01175	0.01783	0.01043	0.01506	0.01342	0.00896	0.01320	0.00750	0.00881	0.00540	0.00401	0.00394	0.00131	0.00615	0.00308	0.00180	0.00622
3	0.09046	0.00829	0.01195	0.46601	0.09994	0.00995	0.01007	0.01367	0.17832	0.01336	0.00940	0.01170	0.00721	0.00466	0.00461	0.00142	0.04730	0.00386	0.00249	0.00533
4	0.01277	0.59677	0.01915	0.00841	0.01161	0.26811	0.00757	0.01405	0.00970	0.01013	0.00612	0.00709	0.00547	0.00387	0.00307	0.00097	0.00551	0.00242	0.00193	0.00530
5	0.03011	0.00544	0.00656	0.00557	0.00751	0.00464	0.00429	0.00882	0.01074	0.01570	0.48843	0.02477	0.09004	0.00703	0.00438	0.00113	0.00241	0.00606	0.00391	0.27247
6	0.00517	0.00415	0.00463	0.00499	0.00603	0.00362	0.00364	0.00619	0.00923	0.01136	0.03602	0.28956	0.53744	0.01161	0.00520	0.00155	0.00234	0.04976	0.00395	0.00357
7	0.01226	0.01070	0.01605	0.02092	0.55721	0.01107	0.02862	0.25823	0.01287	0.01787	0.00870	0.01045	0.00689	0.00419	0.00424	0.00127	0.00499	0.00383	0.00277	0.00687
8	0.00546	0.00391	0.00516	0.00572	0.00620	0.00364	0.00394	0.00658	0.00930	0.01271	0.26887	0.57900	0.03156	0.02989	0.00565	0.00166	0.00236	0.01062	0.00415	0.00361
9	0.00621	0.00447	0.00610	0.00703	0.00779	0.00436	0.00572	0.00773	0.00925	0.01205	0.02388	0.31091	0.06609	0.01222	0.00569	0.00186	0.00335	0.49762	0.00393	0.00375
10	0.00661	0.00534	0.00781	0.26223	0.01340	0.00567	0.00639	0.00883	0.01087	0.01495	0.54232	0.02583	0.05851	0.00741	0.00478	0.00137	0.00314	0.00654	0.00380	0.00422
11	0.01101	0.51208	0.06650	0.01099	0.01491	0.05071	0.25432	0.01324	0.00925	0.01133	0.00687	0.00841	0.00576	0.00368	0.00356	0.00110	0.00559	0.00319	0.00194	0.00557
12	0.01909	0.00724	0.00987	0.00757	0.01086	0.00625	0.00625	0.02074	0.01218	0.82687	0.01679	0.01448	0.01053	0.00527	0.00428	0.00132	0.00362	0.00428	0.00527	0.00724
13	0.00549	0.00427	0.00499	0.00494	0.00606	0.00377	0.00365	0.00695	0.01060	0.01393	0.39006	0.11736	0.39247	0.01010	0.00506	0.00142	0.00212	0.00872	0.00428	0.00377
14	0.00893	0.09856	0.47723	0.26636	0.02084	0.01034	0.01345	0.01279	0.00889	0.03345	0.00768	0.00964	0.00562	0.00410	0.00399	0.00133	0.00586	0.00328	0.00192	0.00575
15	0.28188	0.01641	0.01035	0.00955	0.02429	0.56702	0.00719	0.01555	0.01054	0.01314	0.00640	0.00748	0.00523	0.00424	0.00347	0.00117	0.00628	0.00262	0.00233	0.00486
16	0.00533	0.00432	0.00473	0.00463	0.00593	0.00372	0.00347	0.00670	0.01042	0.01321	0.28269	0.03813	0.58154	0.01014	0.00503	0.00141	0.00211	0.00858	0.00418	0.00372
17	0.01055	0.00981	0.01492	0.02075	0.57378	0.01026	0.01111	0.01600	0.25788	0.01510	0.01087	0.01218	0.00866	0.00440	0.00425	0.00132	0.00454	0.00410	0.00279	0.00674
18	0.00882	0.00756	0.00882	0.00630	0.01008	0.00567	0.00504	0.01071	0.00882	0.01387	0.00756	0.00882	0.00630	0.00315	0.00315	0.00063	0.00315	0.00252	0.00252	0.87647
19	0.00716	0.26564	0.01002	0.00537	0.00751	0.00790	0.00459	0.00869	0.03580	0.01124	0.03082	0.02963	0.54435	0.00842	0.00430	0.00127	0.00293	0.00678	0.00331	0.00427
20	0.00704	0.00407	0.00407	0.00407	0.00520	0.00385	0.00305	0.00874	0.00916	0.01452	0.02287	0.02358	0.26056	0.00675	0.00361	0.00113	0.00204	0.00551	0.60632	0.00385
21	0.01192	0.01666	0.52135	0.01168	0.07089	0.00878	0.01263	0.01568	0.01001	0.26380	0.01048	0.01078	0.00706	0.00440	0.00413	0.00133	0.00538	0.00354	0.00289	0.00661
22	0.00602	0.00435	0.00569	0.00535	0.00636	0.00401	0.00401	0.00803	0.01204	0.01706	0.82167	0.03178	0.04015	0.00870	0.00502	0.00134	0.00201	0.00770	0.00468	0.00401
23	0.01042	0.01528	0.39940	0.05865	0.31170	0.00954	0.01349	0.01401	0.00958	0.10499	0.00880	0.01029	0.00647	0.00410	0.00414	0.00132	0.00551	0.00354	0.00230	0.00648
24	0.01311	0.00917	0.01489	0.03877	0.55581	0.00891	0.01094	0.01537	0.01043	0.26400	0.01070	0.01177	0.00788	0.00426	0.00423	0.00128	0.00463	0.00394	0.00307	0.00685
25	0.00664	0.00534	0.00786	0.26227	0.01342	0.00569	0.00642	0.00890	0.01096	0.01516	0.57115	0.02549	0.02954	0.00733	0.00478	0.00136	0.00314	0.00649	0.00382	0.00423
26	0.34015	0.00782	0.01028	0.52252	0.02128	0.00949	0.00907	0.01149	0.00803	0.01400	0.00694	0.00966	0.00527	0.00414	0.00364	0.00138	0.00477	0.00322	0.00217	0.00468
27	0.00612	0.00476	0.00638	0.11366	0.00924	0.00465	0.00490	0.00808	0.01120	0.01534	0.58718	0.03064	0.16496	0.00846	0.00492	0.00136	0.00251	0.00740	0.00420	0.00404
28	0.28417	0.00755	0.00876	0.00696	0.01005	0.00727	0.00575	0.01820	0.01066	0.57829	0.01344	0.01215	0.00871	0.00486	0.00377	0.00132	0.00352	0.00367	0.00446	0.00643
29	0.78923	0.00815	0.00686	0.07102	0.00995	0.00945	0.00522	0.01260	0.00747	0.03997	0.00634	0.00746	0.00485	0.00401	0.00280	0.00132	0.00349	0.00247	0.00265	0.00469
30	0.01230	0.01000	0.01059	0.00901	0.01172	0.01139	0.00715	0.26483	0.57121	0.02057	0.01513	0.01413	0.01122	0.00557	0.00431	0.00139	0.00377	0.00451	0.00431	0.00689
31	0.00678	0.00576	0.00598	0.00573	0.00737	0.00575	0.00433	0.01118	0.25772	0.01332	0.03350	0.06891	0.51622	0.03173	0.00527	0.00152	0.00259	0.00776	0.00403	0.00453
32	0.00707	0.00602	0.00871	0.00813	0.00867	0.00766	0.00651	0.00842	0.00687	0.01018	0.03064	0.01483	0.00985	0.02378	0.55987	0.00516	0.26696	0.00438	0.00221	0.00407
33	0.01097	0.59406	0.02316	0.01056	0.01440	0.01497	0.25382	0.01301	0.00908	0.01112	0.00674	0.00826	0.00577	0.00362	0.00344	0.00107	0.00536	0.00312	0.00192	0.00555
34	0.00602	0.00435	0.00569	0.00535	0.00636	0.00401	0.00401	0.00803	0.01204	0.01706	0.82167	0.03178	0.04015	0.00870	0.00502	0.00134	0.00201	0.00770	0.00468	0.00401
35	0.00882	0.00756	0.00882	0.00630	0.01008	0.00567	0.00504	0.01071	0.00882	0.01387	0.00756	0.00882	0.00630	0.00315	0.00315	0.00063	0.00315	0.00252	0.00252	0.87647
36	0.61111	0.00702	0.00566	0.00520	0.00747	0.00771	0.00418	0.01054	0.00800	0.01675	0.01737	0.01739	0.25620	0.00605	0.00337	0.00135	0.00294	0.00436	0.00304	0.00430
37	0.00611	0.00976	0.25791	0.00672	0.00965	0.00553	0.00708	0.00837	0.00948	0.01210	0.03219	0.03111	0.57084	0.00870	0.00473	0.00141	0.00343	0.00718	0.00329	0.00442
38	0.00567	0.00430	0.00523	0.00506	0.00616	0.00386	0.00377	0.00733	0.01113	0.01504	0.54166	0.07593	0.28019	0.00957	0.00504	0.00139	0.00208	0.00831	0.00442	0.00386
39	0.35144	0.02958	0.00880	0.00680	0.00985	0.00780	0.00565	0.01735	0.01018	0.49382	0.01231	0.01136	0.00811	0.00472	0.00360	0.00131	0.00352	0.00346	0.00416	0.00618
40	0.01090	0.00927	0.01341	0.46820	0.13805	0.01070	0.01085	0.25701	0.01222	0.01621	0.00844	0.01088	0.00631	0.00445	0.00425	0.00135	0.00528	0.00380	0.00265	0.00579
41	0.01237	0.51768	0.01749	0.00793	0.01115	0.08850	0.00715	0.01598	0.17919	0.09121	0.00943	0.00955	0.00754	0.00431	0.00332	0.00108	0.00449	0.00305	0.00272	0.00585
42	0.00865	0.00877	0.01656	0.58719	0.02713	0.00986	0.25696	0.01172	0.00898	0.01172	0.00788	0.01139	0.00591	0.00405	0.00449	0.00142	0.00613	0.00416	0.00197	0.00504
43	0.27791	0.01048	0.01931	0.01414	0.01793	0.01039	0.56110	0.01328	0.00918	0.01531	0.00778	0.01007	0.00589	0.00370	0.00429	0.00140	0.00598	0.00419	0.00230	0.00539
44	0.01019	0.01106	0.02270	0.02045	0.26893	0.01056	0.56370	0.01345	0.00993	0.01371	0.00842	0.01119	0.00654	0.00365	0.00477	0.00138	0.00652	0.00464	0.00214	0.00605
45	0.01320	0.00856	0.00970	0.00832	0.01100	0.00925	0.00659	0.02203	0.56881	0.26677	0.01715	0.01545	0.01223	0.00562	0.00431	0.00140	0.00345	0.00465	0.00462	0.00689
46	0.00518	0.00370	0.00494	0.00592	0.00617	0.00346	0.00395	0.00592	0.00815	0.01086	0.02345	0.84768	0.02814	0.01333	0.00543	0.00173	0.00247	0.01210	0.00395	0.00346
47	0.01909	0.00724	0.00987	0.00757	0.01086	0.00625	0.00625	0.02074	0.01218	0.82687	0.01679	0.01448	0.01053	0.00527	0.00428	0.00132	0.00362	0.00428	0.00527	0.00724
48	0.00513	0.00431	0.00444	0.00441	0.00581	0.00363	0.00331	0.00629	0.00993	0.01204	0.11890	0.04006	0.74605	0.01057	0.00503	0.00143	0.00214	0.00886	0.00402	0.00363
49	0.00804	0.00756	0.01276	0.84023	0.02931	0.00945	0.01182	0.01087	0.00851	0.01087	0.00756	0.01134	0.00567	0.00425	0.00425	0.00142	0.00567	0.00378	0.00189	0.00473
50	0.00739	0.00370	0.00554	0.00554	0.00554	0.00370	0.00370	0.00554	0.00554	0.00739	0.00739	0.01293	0.00739	0.01478	0.01663	0.87620	0.00370	0.00370	0.00185	0.00185
51	0.00520	0.00423	0.00462	0.00491	0.00600	0.00371	0.00353	0.00642	0.02741	0.01144	0.03648	0.28864	0.55960	0.01145	0.00514	0.00153	0.00228	0.00985	0.00396	0.00362
52	0.00518	0.00370	0.00494	0.00592	0.00617	0.00346	0.00395	0.00592	0.00815	0.01086	0.02345	0.84768	0.02814	0.01333	0.00543	0.00173	0.00247	0.01210	0.00395	0.00346
53	0.16717	0.01764	0.57588	0.01037	0.01562	0.00936	0.01251	0.01423	0.00908	0.11807	0.00849	0.00931	0.00590	0.00418	0.00382	0.00134	0.00541	0.00314	0.00239	0.00611
54	0.09767	0.00733	0.00954	0.00739	0.01062	0.00655	0.00610	0.01999	0.01173	0.75318	0.01580	0.01379	0.00999	0.00515	0.00413	0.00132	0.00359	0.00410	0.00503	0.00700
55	0.01817	0.00852	0.01064	0.00818	0.01149	0.00818	0.00675	0.23116	0.02774	0.59997	0.01504	0.01337	0.00969	0.00523	0.00427	0.00131	0.00390	0.00417	0.00498	0.00723

[dist]
# distance from previous block
# <min> <max>
2	5

[block]
# block no. 3 follows, 62 sequences, length 8
# corresponding to MSA columns:
# 116-123
name=unknown_D
#
# <colnr> <probs for GDERKNQSTAVLIFYWHMCP>
#	G	D	E	R	K	N	Q	S	T	A	V	L	I	F	Y	W	H	M	C	P
0	0.00804	0.00756	0.01276	0.84023	0.02931	0.00945	0.01182	0.01087	0.00851	0.01087	0.00756	0.01134	0.00567	0.00425	0.00425	0.00142	0.00567	0.00378	0.00189	0.00473
1	0.01071	0.01190	0.01252	0.55768	0.02380	0.29019	0.01059	0.01296	0.00972	0.01072	0.00723	0.01009	0.00561	0.00430	0.00411	0.00131	0.00635	0.00343	0.00199	0.00480
2	0.00565	0.00451	0.00518	0.00551	0.00679	0.00404	0.00447	0.00703	0.00973	0.01192	0.03609	0.04335	0.55039	0.01111	0.00532	0.00161	0.00276	0.27689	0.00394	0.00370
3	0.01715	0.01082	0.01174	0.00910	0.01240	0.05974	0.00747	0.49362	0.01687	0.29844	0.01224	0.01152	0.00825	0.00512	0.00424	0.00128	0.00450	0.00392	0.00448	0.00710
4	0.00628	0.00465	0.00640	0.00631	0.00677	0.00530	0.00459	0.00725	0.00660	0.00934	0.01179	0.02013	0.01203	0.30957	0.51542	0.00566	0.05104	0.00507	0.00236	0.00343
5	0.00889	0.00843	0.01430	0.56284	0.30005	0.00968	0.01224	0.01162	0.00891	0.01190	0.00771	0.01107	0.00604	0.00410	0.00424	0.00137	0.00546	0.00378	0.00196	0.00541
6	0.00536	0.00435	0.00479	0.00508	0.00616	0.00390	0.00365	0.00688	0.05003	0.01160	0.03510	0.31455	0.51064	0.01139	0.00513	0.00154	0.00232	0.00983	0.00397	0.00370
7	0.01618	0.01192	0.01277	0.00979	0.01320	0.01320	0.00809	0.80973	0.02001	0.02682	0.01022	0.01022	0.00724	0.00511	0.00426	0.00128	0.00468	0.00383	0.00426	0.00724

[dist]
# distance from previous block
# <min> <max>
0	6

[block]
# block no. 4 follows, 62 sequences, length 34
# corresponding to MSA columns:
# 130-163
name=unknown_E
#
# <colnr> <probs for GDERKNQSTAVLIFYWHMCP>
#	G	D	E	R	K	N	Q	S	T	A	V	L	I	F	Y	W	H	M	C	P
0	0.01606	0.26519	0.01433	0.00800	0.01143	0.01110	0.00700	0.20378	0.01295	0.39074	0.01194	0.01115	0.00822	0.00474	0.00380	0.00118	0.00415	0.00357	0.00398	0.00670
1	0.00853	0.02201	0.82841	0.01213	0.01842	0.00988	0.01572	0.01348	0.00898	0.01348	0.00764	0.00898	0.00539	0.00404	0.00404	0.00135	0.00629	0.00314	0.00180	0.00629
2	0.00507	0.00417	0.00446	0.00469	0.00585	0.00356	0.00340	0.00606	0.00933	0.01135	0.03849	0.23059	0.63554	0.01138	0.00512	0.00151	0.00223	0.00971	0.00395	0.00356
3	0.00546	0.00392	0.00518	0.00574	0.00623	0.00364	0.00397	0.00662	0.00943	0.01290	0.28566	0.57967	0.03209	0.01181	0.00530	0.00160	0.00232	0.01065	0.00419	0.00364
4	0.01138	0.85302	0.02230	0.00728	0.01092	0.01684	0.00728	0.01274	0.00865	0.01001	0.00592	0.00683	0.00546	0.00364	0.00273	0.00091	0.00455	0.00228	0.00182	0.00546
5	0.01909	0.00724	0.00987	0.00757	0.01086	0.00625	0.00625	0.02074	0.01218	0.82687	0.01679	0.01448	0.01053	0.00527	0.00428	0.00132	0.00362	0.00428	0.00527	0.00724
6	0.00914	0.00519	0.00755	0.00701	0.00837	0.00554	0.00554	0.01069	0.00809	0.20193	0.01266	0.01619	0.01061	0.02565	0.63865	0.00554	0.00957	0.00449	0.00298	0.00461
7	0.00892	0.00870	0.01544	0.53037	0.23180	0.00978	0.11048	0.01177	0.00900	0.01199	0.00780	0.01115	0.00604	0.00405	0.00434	0.00138	0.00570	0.00394	0.00198	0.00537
8	0.21504	0.00967	0.01468	0.02129	0.63217	0.00998	0.01107	0.01293	0.00911	0.01512	0.00752	0.00968	0.00624	0.00383	0.00384	0.00128	0.00464	0.00344	0.00223	0.00624
9	0.00992	0.00853	0.01264	0.62766	0.02509	0.01024	0.01084	0.19862	0.01124	0.01466	0.00850	0.01184	0.00643	0.00461	0.00429	0.00140	0.00540	0.02030	0.00249	0.00530
10	0.88052	0.00823	0.00625	0.00560	0.00823	0.00955	0.00461	0.01251	0.00724	0.01909	0.00592	0.00691	0.00461	0.00395	0.00263	0.00132	0.00329	0.00230	0.00263	0.00461
11	0.00793	0.20475	0.00959	0.00569	0.00785	0.00791	0.00477	0.10687	0.01063	0.01295	0.02950	0.02878	0.50778	0.03111	0.00484	0.00137	0.00308	0.00669	0.00345	0.00445
12	0.01882	0.00768	0.01015	0.00778	0.01108	0.00691	0.00643	0.09491	0.01291	0.75165	0.01617	0.01408	0.01022	0.00525	0.00428	0.00131	0.00372	0.00424	0.00517	0.00724
13	0.00733	0.00680	0.01078	0.64373	0.02377	0.00808	0.00980	0.00975	0.00879	0.01102	0.01592	0.01830	0.19761	0.00579	0.00444	0.00142	0.00485	0.00500	0.00238	0.00446
14	0.00960	0.00920	0.01576	0.32602	0.51512	0.00988	0.02840	0.01226	0.00926	0.01278	0.00785	0.01085	0.00634	0.00396	0.00424	0.00132	0.00532	0.00381	0.00203	0.00598
15	0.01053	0.01011	0.01727	0.02612	0.82392	0.01011	0.01306	0.01306	0.00969	0.01390	0.00800	0.01053	0.00674	0.00379	0.00421	0.00126	0.00505	0.00379	0.00211	0.00674
16	0.00862	0.00816	0.01382	0.64886	0.21610	0.00961	0.01211	0.01139	0.00879	0.01158	0.00767	0.01115	0.00592	0.00415	0.00424	0.00138	0.00553	0.00378	0.00194	0.00520
17	0.03919	0.10135	0.72234	0.01143	0.01734	0.01054	0.01452	0.01337	0.00889	0.01334	0.00741	0.00870	0.00537	0.00400	0.00387	0.00130	0.00602	0.00303	0.00183	0.00615
18	0.01419	0.01991	0.20403	0.01113	0.01440	0.56318	0.00997	0.09022	0.01208	0.01267	0.00717	0.00822	0.00562	0.00437	0.00392	0.00117	0.00707	0.00294	0.00229	0.00547
19	0.00648	0.00499	0.00603	0.00653	0.00728	0.00515	0.00457	0.00985	0.19805	0.01242	0.02174	0.62998	0.02424	0.03419	0.00561	0.00173	0.00272	0.01022	0.00400	0.00420
20	0.00938	0.00951	0.01416	0.01180	0.01221	0.01282	0.08397	0.01056	0.00685	0.01056	0.00587	0.00951	0.00567	0.00709	0.01313	0.00182	0.76462	0.00384	0.00189	0.00476
21	0.49492	0.00955	0.08580	0.21289	0.09901	0.00961	0.00829	0.01225	0.00797	0.01601	0.00670	0.00857	0.00516	0.00402	0.00333	0.00134	0.00434	0.00290	0.00232	0.00502
22	0.00558	0.00398	0.00539	0.00637	0.00679	0.00379	0.00463	0.00660	0.00853	0.01130	0.02324	0.65970	0.02728	0.01296	0.00554	0.00178	0.00281	0.19620	0.00394	0.00356
23	0.01868	0.00790	0.01028	0.00788	0.01119	0.00723	0.00651	0.13225	0.01328	0.71379	0.01586	0.01388	0.01007	0.00524	0.00428	0.00131	0.00377	0.00422	0.00512	0.00724
24	0.01438	0.01429	0.20450	0.01034	0.01442	0.01242	0.00988	0.62256	0.01741	0.02368	0.00961	0.00993	0.00680	0.00486	0.00421	0.00129	0.00506	0.00367	0.00368	0.00701
25	0.01354	0.05316	0.01053	0.00843	0.01115	0.06962	0.00673	0.02113	0.47633	0.25772	0.01579	0.01439	0.01132	0.00541	0.00420	0.00135	0.00382	0.00437	0.00432	0.00669
26	0.01539	0.01933	0.01255	0.01238	0.08890	0.75647	0.00867	0.01662	0.01184	0.01074	0.00671	0.00794	0.00560	0.00433	0.00387	0.00111	0.00743	0.00284	0.00218	0.00510
27	0.00795	0.00745	0.01253	0.81589	0.02863	0.00928	0.01159	0.01073	0.00850	0.01087	0.00803	0.03575	0.00633	0.00452	0.00429	0.00143	0.00558	0.00402	0.00195	0.00469
28	0.06156	0.01055	0.01175	0.02359	0.01267	0.01131	0.00754	0.56892	0.01730	0.21420	0.01149	0.01107	0.00785	0.00507	0.00418	0.00129	0.00438	0.00386	0.00437	0.00706
29	0.00615	0.00413	0.00463	0.00463	0.00468	0.00411	0.00260	0.00618	0.00631	0.00836	0.01444	0.02830	0.04358	0.82120	0.02108	0.00403	0.00406	0.00629	0.00263	0.00261
30	0.01909	0.00724	0.00987	0.00757	0.01086	0.00625	0.00625	0.02074	0.01218	0.82687	0.01679	0.01448	0.01053	0.00527	0.00428	0.00132	0.00362	0.00428	0.00527	0.00724
31	0.00913	0.00907	0.01300	0.12501	0.01366	0.01254	0.00965	0.01033	0.00679	0.01033	0.00586	0.00959	0.00560	0.00701	0.01263	0.00180	0.72775	0.00373	0.00187	0.00466
32	0.00619	0.00413	0.00464	0.00464	0.00464	0.00413	0.00258	0.00619	0.00619	0.00825	0.01341	0.02785	0.01547	0.85046	0.02166	0.00413	0.00413	0.00619	0.00258	0.00258
33	0.00804	0.00756	0.01276	0.84023	0.02931	0.00945	0.01182	0.01087	0.00851	0.01087	0.00756	0.01134	0.00567	0.00425	0.00425	0.00142	0.00567	0.00378	0.00189	0.00473

[dist]
# distance from previous block
# <min> <max>
0	2

# created by:
# /share/home/app/bin/augustus-3.3.1/scripts/msa2prfl.pl /dev/shm/tmp/ogap_db/mt-eudicotyledons/msas/rps7.aln --setname=rps7
