[name]
sdh3

[dist]
# distance from previous block
# <min> <max>
8	69

[block]
# block no. 0 follows, 42 sequences, length 71
# corresponding to MSA columns:
# 70-140
name=unknown_A
#
# <colnr> <probs for GDERKNQSTAVLIFYWHMCP>
#	G	D	E	R	K	N	Q	S	T	A	V	L	I	F	Y	W	H	M	C	P
0	0.01167	0.01000	0.01167	0.00834	0.01334	0.00750	0.00667	0.01417	0.01167	0.01834	0.01000	0.01167	0.00834	0.00417	0.00417	0.00083	0.00417	0.00333	0.00333	0.83663
1	0.01269	0.01295	0.01718	0.01476	0.01489	0.05058	0.01225	0.01393	0.00894	0.01355	0.00744	0.01222	0.00738	0.00967	0.01788	0.00242	0.75773	0.00487	0.00248	0.00617
2	0.00686	0.00490	0.00653	0.00784	0.00816	0.00457	0.00522	0.00784	0.01077	0.01437	0.03102	0.79855	0.03722	0.01763	0.00718	0.00229	0.00326	0.01600	0.00522	0.00457
3	0.01209	0.01025	0.01190	0.00854	0.01352	0.00794	0.00684	0.04628	0.01232	0.01909	0.01016	0.01175	0.00839	0.00428	0.00423	0.00087	0.00426	0.00341	0.00343	0.80045
4	0.00665	0.00570	0.00570	0.00570	0.00760	0.00475	0.00428	0.00808	0.01283	0.01520	0.05701	0.05416	0.76483	0.01425	0.00665	0.00190	0.00285	0.01188	0.00523	0.00475
5	0.00805	0.00598	0.00878	0.00878	0.00969	0.00689	0.00671	0.00988	0.00897	0.01287	0.01531	0.02344	0.01465	0.11105	0.71187	0.00872	0.01420	0.00622	0.00305	0.00488
6	0.01393	0.01337	0.02284	0.03454	0.76712	0.01337	0.01727	0.01727	0.01281	0.01839	0.01059	0.01393	0.00891	0.00501	0.00557	0.00167	0.00669	0.00501	0.00279	0.00891
7	0.01207	0.00999	0.01171	0.00839	0.01337	0.00752	0.00672	0.01456	0.01180	0.04073	0.01037	0.01189	0.00850	0.00425	0.00421	0.00086	0.00419	0.00340	0.00344	0.81202
8	0.01328	0.01518	0.03321	0.02372	0.02941	0.01423	0.74668	0.01803	0.01328	0.01803	0.01139	0.01518	0.00854	0.00474	0.00664	0.00190	0.00949	0.00664	0.00285	0.00759
9	0.00686	0.00490	0.00653	0.00784	0.00816	0.00457	0.00522	0.00784	0.01077	0.01437	0.03102	0.79855	0.03722	0.01763	0.00718	0.00229	0.00326	0.01600	0.00522	0.00457
10	0.01400	0.01209	0.01273	0.01145	0.01463	0.01400	0.00891	0.02990	0.75695	0.02354	0.02291	0.02100	0.01718	0.00764	0.00573	0.00191	0.00445	0.00636	0.00573	0.00891
11	0.02139	0.01576	0.01689	0.01295	0.01745	0.01745	0.01070	0.74835	0.02646	0.03547	0.01351	0.01351	0.00957	0.00676	0.00563	0.00169	0.00619	0.00507	0.00563	0.00957
12	0.01400	0.01209	0.01273	0.01145	0.01463	0.01400	0.00891	0.02990	0.75695	0.02354	0.02291	0.02100	0.01718	0.00764	0.00573	0.00191	0.00445	0.00636	0.00573	0.00891
13	0.00818	0.00548	0.00625	0.00625	0.00629	0.00552	0.00356	0.00826	0.00822	0.01100	0.01763	0.03624	0.02020	0.77175	0.05876	0.00560	0.00584	0.00810	0.00339	0.00347
14	0.01349	0.01108	0.01265	0.00920	0.01411	0.00937	0.00742	0.15192	0.01444	0.02155	0.01066	0.01202	0.00857	0.00465	0.00444	0.00099	0.00455	0.00366	0.00376	0.68145
15	0.00665	0.00570	0.00570	0.00570	0.00760	0.00475	0.00428	0.00808	0.01283	0.01520	0.05701	0.05416	0.76483	0.01425	0.00665	0.00190	0.00285	0.01188	0.00523	0.00475
16	0.01754	0.01287	0.01424	0.01144	0.01480	0.01423	0.00917	0.53417	0.02130	0.02870	0.01431	0.01791	0.01170	0.11546	0.13270	0.00336	0.00752	0.00562	0.00492	0.00804
17	0.01301	0.01348	0.01713	0.01475	0.01499	0.07855	0.01220	0.01426	0.00921	0.01356	0.00749	0.01214	0.00738	0.00952	0.01739	0.00238	0.72905	0.00482	0.00250	0.00619
18	0.01063	0.01000	0.01688	0.78870	0.03876	0.01250	0.01563	0.01438	0.01125	0.01438	0.01000	0.01500	0.00750	0.00563	0.00563	0.00188	0.00750	0.00500	0.00250	0.00625
19	0.00675	0.00572	0.00594	0.00594	0.00778	0.00492	0.00447	0.00822	0.01255	0.01505	0.05399	0.05185	0.71071	0.01627	0.06240	0.00242	0.00373	0.01146	0.00507	0.00477
20	0.02058	0.01460	0.01591	0.01240	0.01659	0.01597	0.01015	0.65120	0.02470	0.07861	0.01530	0.07045	0.01183	0.00755	0.00574	0.00174	0.00590	0.00589	0.00568	0.00921
21	0.78204	0.01082	0.00889	0.06373	0.01289	0.01262	0.00678	0.01639	0.00970	0.02447	0.00799	0.00956	0.00620	0.00525	0.00364	0.00175	0.00458	0.00319	0.00341	0.00611
22	0.08413	0.00967	0.01271	0.00982	0.01411	0.00859	0.00811	0.02664	0.01564	0.71725	0.02117	0.01843	0.01337	0.00684	0.00550	0.00174	0.00476	0.00547	0.00671	0.00933
23	0.00851	0.00571	0.00640	0.00631	0.00642	0.00575	0.00359	0.02648	0.00864	0.01152	0.01763	0.03625	0.02019	0.78256	0.02807	0.00536	0.00547	0.00811	0.00346	0.00356
24	0.00720	0.00527	0.00690	0.00787	0.00854	0.00478	0.00533	0.00829	0.01084	0.01465	0.02950	0.74182	0.03514	0.01666	0.00697	0.00218	0.00333	0.01509	0.00509	0.06455
25	0.02421	0.00985	0.01309	0.01010	0.01433	0.00880	0.00832	0.07866	0.01685	0.68505	0.05423	0.01975	0.01534	0.00715	0.00570	0.00174	0.00480	0.00582	0.00684	0.00939
26	0.01388	0.01210	0.01305	0.01169	0.01464	0.01423	0.00915	0.02872	0.70300	0.02282	0.02179	0.02037	0.01647	0.00779	0.00664	0.00195	0.06122	0.00626	0.00549	0.00871
27	0.00678	0.00562	0.00605	0.00622	0.00785	0.00489	0.00460	0.00819	0.01229	0.01494	0.05063	0.14800	0.61672	0.01670	0.06247	0.00247	0.00379	0.01199	0.00507	0.00475
28	0.00863	0.00624	0.00793	0.00771	0.00899	0.00598	0.00567	0.06305	0.01529	0.02127	0.51077	0.24560	0.04565	0.01283	0.00671	0.00190	0.00308	0.01139	0.00589	0.00542
29	0.00742	0.00514	0.00636	0.00711	0.00730	0.00495	0.00445	0.00798	0.00967	0.01289	0.02534	0.47286	0.03005	0.35310	0.01636	0.00364	0.00420	0.01266	0.00445	0.00407
30	0.00809	0.00544	0.00626	0.00631	0.00642	0.00539	0.00366	0.00834	0.00890	0.01196	0.07235	0.08345	0.02383	0.69758	0.02575	0.00500	0.00512	0.00880	0.00372	0.00362
31	0.00818	0.00546	0.00614	0.00614	0.00614	0.00546	0.00341	0.00818	0.00818	0.01091	0.01773	0.03683	0.02046	0.80222	0.02864	0.00546	0.00546	0.00818	0.00341	0.00341
32	0.00902	0.00686	0.00984	0.00950	0.01068	0.00806	0.00746	0.05501	0.01009	0.01444	0.01468	0.02121	0.01354	0.03880	0.70337	0.00834	0.04467	0.00593	0.00315	0.00534
33	0.00693	0.00495	0.00656	0.00776	0.00812	0.00462	0.00518	0.00796	0.01092	0.01461	0.06008	0.74965	0.03745	0.03652	0.00768	0.00234	0.00329	0.01557	0.00522	0.00457
34	0.00688	0.00493	0.00650	0.00774	0.00810	0.00460	0.00516	0.00785	0.01077	0.01431	0.03143	0.76047	0.05685	0.03567	0.00766	0.00235	0.00330	0.01570	0.00518	0.00455
35	0.01040	0.00528	0.00539	0.00539	0.00669	0.00531	0.00405	0.01299	0.01169	0.02067	0.01823	0.02102	0.01441	0.00794	0.03403	0.00161	0.00311	0.00528	0.80125	0.00524
36	0.00691	0.00493	0.00659	0.00789	0.00824	0.00461	0.00531	0.00792	0.01082	0.01442	0.03099	0.78204	0.03711	0.01758	0.00720	0.00229	0.00331	0.03202	0.00522	0.00458
37	0.01393	0.01337	0.02284	0.03454	0.76712	0.01337	0.01727	0.01727	0.01281	0.01839	0.01059	0.01393	0.00891	0.00501	0.00557	0.00167	0.00669	0.00501	0.00279	0.00891
38	0.00700	0.00580	0.00619	0.00635	0.00815	0.00499	0.00493	0.00861	0.01292	0.01560	0.07068	0.05509	0.65122	0.01436	0.00680	0.00199	0.00315	0.10611	0.00524	0.00482
39	0.75866	0.01103	0.00882	0.00768	0.01130	0.01251	0.00631	0.04574	0.01038	0.02524	0.00820	0.00947	0.00637	0.00522	0.00361	0.00168	0.00442	0.00315	0.00356	0.05666
40	0.00700	0.00493	0.00652	0.00772	0.00802	0.00463	0.00511	0.00785	0.01055	0.01406	0.02977	0.73591	0.03564	0.06623	0.00880	0.01901	0.00343	0.01529	0.00506	0.00446
41	0.00665	0.00570	0.00570	0.00570	0.00760	0.00475	0.00428	0.00808	0.01283	0.01520	0.05701	0.05416	0.76483	0.01425	0.00665	0.00190	0.00285	0.01188	0.00523	0.00475
42	0.01049	0.00525	0.00525	0.00525	0.00656	0.00525	0.00393	0.01311	0.01180	0.02098	0.01836	0.02098	0.01442	0.00656	0.00393	0.00131	0.00262	0.00525	0.83346	0.00525
43	0.00815	0.00544	0.00615	0.00618	0.00619	0.00543	0.00346	0.00817	0.00826	0.01101	0.01810	0.05778	0.02092	0.78064	0.02805	0.00537	0.00540	0.00840	0.00346	0.00344
44	0.01355	0.01170	0.01230	0.01110	0.01421	0.01344	0.00863	0.02858	0.71177	0.02304	0.02498	0.02301	0.06257	0.00804	0.00578	0.00191	0.00436	0.00670	0.00570	0.00866
45	0.00816	0.00621	0.00927	0.00921	0.01018	0.00732	0.00718	0.01015	0.00903	0.01308	0.01486	0.02183	0.01388	0.04130	0.75853	0.00886	0.03690	0.00600	0.00300	0.00506
46	0.01250	0.02452	0.56801	0.01466	0.02179	0.01298	0.01753	0.05683	0.11458	0.03557	0.01228	0.01335	0.00885	0.00569	0.00535	0.00174	0.00735	0.00449	0.00316	0.05878
47	0.02106	0.02584	0.01603	0.01436	0.01740	0.71194	0.01086	0.08694	0.01688	0.01570	0.00913	0.01045	0.00746	0.00588	0.00512	0.00147	0.00980	0.00375	0.00314	0.00679
48	0.00814	0.00552	0.00642	0.00633	0.00661	0.00543	0.00380	0.00869	0.00978	0.01332	0.17174	0.03790	0.02719	0.63908	0.02410	0.00470	0.00488	0.00860	0.00398	0.00380
49	0.00854	0.05455	0.01017	0.00897	0.01021	0.00791	0.00710	0.01055	0.00927	0.01331	0.01473	0.02128	0.01366	0.03888	0.70971	0.00834	0.01415	0.00582	0.02768	0.00516
50	0.03681	0.01475	0.09528	0.05839	0.02617	0.01277	0.52851	0.01649	0.01263	0.01758	0.01359	0.11422	0.01193	0.00649	0.00645	0.00193	0.00834	0.00742	0.00311	0.00716
51	0.00814	0.00544	0.00615	0.00619	0.00620	0.00543	0.00346	0.00817	0.00826	0.01101	0.01813	0.05948	0.02096	0.77889	0.02801	0.00536	0.00539	0.00842	0.00346	0.00344
52	0.00811	0.00545	0.00621	0.00624	0.00641	0.00539	0.00363	0.00840	0.00896	0.01206	0.06478	0.06861	0.04516	0.68488	0.02535	0.00492	0.00507	0.00868	0.01803	0.00364
53	0.00818	0.00546	0.00614	0.00614	0.00614	0.00546	0.00341	0.00818	0.00818	0.01091	0.01773	0.03683	0.02046	0.80222	0.02864	0.00546	0.00546	0.00818	0.00341	0.00341
54	0.00927	0.00681	0.00924	0.00889	0.01003	0.00770	0.00673	0.07660	0.01047	0.01472	0.01540	0.02391	0.01478	0.17248	0.57784	0.00775	0.01258	0.00632	0.00332	0.00515
55	0.02018	0.01488	0.01618	0.01259	0.01678	0.01651	0.01036	0.68148	0.02488	0.03344	0.01365	0.01429	0.00998	0.00997	0.07576	0.00236	0.00700	0.00515	0.00539	0.00916
56	0.02058	0.01702	0.08525	0.01317	0.01798	0.03301	0.01154	0.64528	0.02461	0.05529	0.01336	0.01346	0.00943	0.00661	0.00559	0.00169	0.00643	0.00497	0.00532	0.00939
57	0.01349	0.01275	0.02159	0.03235	0.69869	0.01275	0.01653	0.01676	0.01283	0.01825	0.01233	0.01842	0.01104	0.00597	0.00577	0.00175	0.00655	0.07061	0.00300	0.00858
58	0.00689	0.00491	0.00652	0.00780	0.00812	0.00459	0.00518	0.00784	0.01071	0.01429	0.03071	0.78071	0.03683	0.03601	0.00769	0.00236	0.00332	0.01582	0.00518	0.00454
59	0.00680	0.00562	0.00612	0.00630	0.00790	0.00493	0.00466	0.00822	0.01220	0.01489	0.04966	0.15303	0.59735	0.01725	0.07677	0.00260	0.00401	0.01191	0.00503	0.00475
60	0.00765	0.00577	0.00772	0.00896	0.03913	0.00523	0.00586	0.00888	0.01095	0.01494	0.02799	0.68453	0.03306	0.01571	0.00680	0.00211	0.00350	0.01423	0.00493	0.09205
61	0.00667	0.00563	0.00578	0.00589	0.00765	0.00473	0.00436	0.00805	0.01264	0.01513	0.05466	0.12159	0.69893	0.01456	0.00670	0.00194	0.00289	0.01225	0.00523	0.00473
62	0.01951	0.01397	0.01524	0.01198	0.01594	0.01518	0.00972	0.60364	0.02353	0.06457	0.01556	0.08573	0.01266	0.03855	0.00663	0.00187	0.00579	0.00616	0.00551	0.02825
63	0.00857	0.00579	0.00762	0.00732	0.00864	0.00533	0.00543	0.01095	0.01516	0.05465	0.62020	0.15548	0.04895	0.01223	0.00668	0.00185	0.00284	0.01086	0.00608	0.00539
64	0.03016	0.02536	0.59703	0.01495	0.02235	0.01316	0.01814	0.10767	0.01399	0.08834	0.01157	0.01268	0.00802	0.00566	0.00537	0.00177	0.00766	0.00438	0.00321	0.00854
65	0.00677	0.00566	0.00591	0.00608	0.00781	0.00480	0.00455	0.00820	0.01265	0.01519	0.05356	0.12196	0.66956	0.01461	0.00674	0.00196	0.00298	0.04101	0.00522	0.00475
66	0.01538	0.01105	0.01215	0.01067	0.01395	0.01212	0.00837	0.02748	0.55450	0.15905	0.02587	0.02366	0.08431	0.00811	0.00580	0.00188	0.00437	0.00673	0.00591	0.00865
67	0.02525	0.00958	0.01306	0.01001	0.01437	0.00827	0.00827	0.02743	0.01611	0.77102	0.02220	0.01915	0.01393	0.00697	0.00566	0.00174	0.00479	0.00566	0.00697	0.00958
68	0.00691	0.00492	0.00651	0.00777	0.00808	0.00461	0.00515	0.00785	0.01067	0.01423	0.03050	0.76900	0.03657	0.04807	0.00802	0.00241	0.00335	0.01570	0.00515	0.00453
69	0.02370	0.00920	0.01243	0.00966	0.01362	0.00802	0.00783	0.02568	0.01539	0.70217	0.02180	0.02076	0.01452	0.07900	0.00774	0.00208	0.00485	0.00589	0.00664	0.00902
70	0.00698	0.00495	0.00649	0.00768	0.00798	0.00465	0.00506	0.00787	0.01054	0.01405	0.02981	0.72955	0.03570	0.08870	0.00913	0.00257	0.00346	0.01529	0.00506	0.00447

[dist]
# distance from previous block
# <min> <max>
0	1

[block]
# block no. 1 follows, 42 sequences, length 9
# corresponding to MSA columns:
# 142-150
name=unknown_B
#
# <colnr> <probs for GDERKNQSTAVLIFYWHMCP>
#	G	D	E	R	K	N	Q	S	T	A	V	L	I	F	Y	W	H	M	C	P
0	0.02252	0.01396	0.01577	0.01209	0.01655	0.01478	0.00999	0.53854	0.02345	0.24954	0.01604	0.01515	0.01084	0.00682	0.00564	0.00170	0.00578	0.00524	0.00602	0.00957
1	0.00959	0.00635	0.00941	0.00913	0.01044	0.00715	0.00715	0.01162	0.00968	0.08139	0.01572	0.02184	0.01406	0.03903	0.71013	0.00839	0.01415	0.00600	0.00337	0.00544
2	0.01557	0.01077	0.01504	0.01270	0.01409	0.01341	0.01051	0.01717	0.01085	0.23394	0.01262	0.01547	0.01009	0.01287	0.10564	0.00304	0.47010	0.00527	0.00384	0.00702
3	0.00716	0.00522	0.00674	0.00742	0.00818	0.00480	0.00516	0.00867	0.01247	0.01683	0.24683	0.50835	0.11029	0.01553	0.00697	0.00210	0.00305	0.01392	0.00551	0.00480
4	0.00937	0.01314	0.23164	0.01124	0.01451	0.00924	0.01116	0.01360	0.05855	0.01513	0.01414	0.01906	0.01225	0.02923	0.50410	0.00647	0.01242	0.00551	0.00301	0.00624
5	0.02098	0.01962	0.01552	0.01400	0.04505	0.43821	0.01053	0.02269	0.01503	0.23431	0.01255	0.01316	0.00927	0.00657	0.00680	0.00166	0.09814	0.00442	0.00403	0.00746
6	0.60131	0.24218	0.01445	0.00805	0.01192	0.01543	0.00712	0.01663	0.01012	0.02175	0.00783	0.00911	0.00642	0.00510	0.00352	0.00158	0.00484	0.00304	0.00317	0.00642
7	0.00743	0.00562	0.00686	0.00678	0.00814	0.00505	0.00500	0.00950	0.01433	0.01931	0.45885	0.14823	0.25809	0.01314	0.00672	0.00188	0.00279	0.01146	0.00578	0.00505
8	0.01063	0.01000	0.01688	0.78870	0.03876	0.01250	0.01563	0.01438	0.01125	0.01438	0.01000	0.01500	0.00750	0.00563	0.00563	0.00188	0.00750	0.00500	0.00250	0.00625

[dist]
# distance from previous block
# <min> <max>
7	62

# created by:
# /share/home/app/bin/augustus-3.3.1/scripts/msa2prfl.pl /dev/shm/tmp/ogap_db/mt-eudicotyledons/msas/sdh3.aln --setname=sdh3
