[name]
ccmFc

[dist]
# distance from previous block
# <min> <max>
0	0

[block]
# block no. 0 follows, 55 sequences, length 80
# corresponding to MSA columns:
# 0-79
name=unknown_A
#
# <colnr> <probs for GDERKNQSTAVLIFYWHMCP>
#	G	D	E	R	K	N	Q	S	T	A	V	L	I	F	Y	W	H	M	C	P
0	0.00750	0.00535	0.00750	0.00857	0.00964	0.00535	0.00750	0.00964	0.01071	0.01392	0.02463	0.05248	0.02677	0.01285	0.00643	0.00214	0.00428	0.77617	0.00428	0.00428
1	0.00658	0.00476	0.00622	0.00585	0.00695	0.00439	0.00439	0.00878	0.01317	0.01866	0.80503	0.03475	0.04390	0.00951	0.00549	0.00146	0.00219	0.00841	0.00512	0.00439
2	0.01098	0.01255	0.02745	0.01961	0.02431	0.01176	0.79059	0.01490	0.01098	0.01490	0.00941	0.01255	0.00706	0.00392	0.00549	0.00157	0.00784	0.00549	0.00235	0.00627
3	0.00567	0.00405	0.00540	0.00648	0.00675	0.00378	0.00432	0.00648	0.00891	0.01188	0.02564	0.83347	0.03077	0.01457	0.00594	0.00189	0.00270	0.01323	0.00432	0.00378
4	0.01069	0.01110	0.01463	0.01242	0.01289	0.07855	0.05014	0.01189	0.00782	0.01139	0.00657	0.01042	0.00632	0.00852	0.03974	0.00212	0.69347	0.00409	0.00210	0.00514
5	0.01738	0.02217	0.01318	0.01199	0.01438	0.81783	0.00899	0.01858	0.01318	0.01139	0.00719	0.00839	0.00599	0.00479	0.00419	0.00120	0.00839	0.00300	0.00240	0.00539
6	0.00764	0.00514	0.00571	0.00547	0.00578	0.00524	0.00328	0.06517	0.00798	0.01080	0.01442	0.02859	0.01608	0.74806	0.02161	0.00417	0.00448	0.00650	0.03065	0.00325
7	0.00671	0.00449	0.00509	0.00515	0.00516	0.00447	0.00290	0.00675	0.00688	0.00917	0.01522	0.07181	0.01763	0.79417	0.02276	0.00438	0.00442	0.00710	0.00290	0.00287
8	0.00677	0.00451	0.00507	0.00507	0.00507	0.00451	0.00282	0.00677	0.00677	0.00902	0.01466	0.03044	0.01691	0.83650	0.02368	0.00451	0.00451	0.00677	0.00282	0.00282
9	0.00674	0.00450	0.00508	0.00510	0.00511	0.00449	0.00285	0.00676	0.00681	0.00908	0.01490	0.04809	0.01722	0.81844	0.02329	0.00445	0.00447	0.00691	0.00285	0.00284
10	0.00550	0.00471	0.00471	0.00471	0.00628	0.00393	0.00353	0.00668	0.01060	0.01257	0.04713	0.04477	0.80560	0.01178	0.00550	0.00157	0.00236	0.00982	0.00432	0.00393
11	0.00898	0.00764	0.00811	0.00764	0.00965	0.00826	0.00581	0.01693	0.45957	0.01641	0.02842	0.12622	0.25940	0.00901	0.00512	0.00161	0.00315	0.00764	0.00456	0.00587
12	0.01288	0.00929	0.01008	0.00826	0.01036	0.01007	0.00623	0.44820	0.01530	0.02048	0.01290	0.03420	0.01210	0.35443	0.01266	0.00271	0.00482	0.00543	0.00388	0.00570
13	0.00750	0.00535	0.00750	0.00857	0.00964	0.00535	0.00750	0.00964	0.01071	0.01392	0.02463	0.05248	0.02677	0.01285	0.00643	0.00214	0.00428	0.77617	0.00428	0.00428
14	0.00705	0.00484	0.00631	0.00589	0.00701	0.00447	0.00439	0.00912	0.01285	0.04369	0.73920	0.03392	0.04147	0.05175	0.00639	0.00162	0.00237	0.00821	0.00502	0.00442
15	0.00658	0.00476	0.00622	0.00585	0.00695	0.00439	0.00439	0.00878	0.01317	0.01866	0.80503	0.03475	0.04390	0.00951	0.00549	0.00146	0.00219	0.00841	0.00512	0.00439
16	0.00904	0.00763	0.00900	0.00683	0.01038	0.00583	0.00533	0.01092	0.00953	0.01466	0.01090	0.13460	0.01051	0.00513	0.00382	0.00087	0.00333	0.00434	0.00299	0.73432
17	0.00875	0.00690	0.01061	0.53951	0.02277	0.00825	0.00955	0.01152	0.00946	0.01379	0.01067	0.01412	0.00819	0.00492	0.00416	0.00139	0.00480	0.00420	0.30155	0.00488
18	0.86937	0.00900	0.00684	0.00612	0.00900	0.01044	0.00504	0.01368	0.00792	0.02087	0.00648	0.00756	0.00504	0.00432	0.00288	0.00144	0.00360	0.00252	0.00288	0.00504
19	0.01157	0.00999	0.01052	0.00947	0.01210	0.01157	0.00736	0.02472	0.79908	0.01946	0.01893	0.01736	0.01420	0.00631	0.00473	0.00158	0.00368	0.00526	0.00473	0.00736
20	0.02087	0.00792	0.01080	0.00828	0.01188	0.00684	0.00684	0.02267	0.01332	0.81071	0.01835	0.01583	0.01152	0.00576	0.00468	0.00144	0.00396	0.00468	0.00576	0.00792
21	0.02071	0.00818	0.01096	0.00840	0.01201	0.00723	0.00694	0.06207	0.01375	0.77069	0.01799	0.01560	0.01133	0.00575	0.00468	0.00144	0.00402	0.00465	0.00570	0.00792
22	0.00965	0.00827	0.00965	0.00689	0.01102	0.00620	0.00551	0.01171	0.00965	0.01516	0.00827	0.00965	0.00689	0.00345	0.00345	0.00069	0.00345	0.00276	0.00276	0.86494
23	0.00721	0.00484	0.00636	0.00605	0.00718	0.00444	0.00451	0.00922	0.01268	0.05844	0.67425	0.12652	0.04071	0.00991	0.00550	0.00151	0.00234	0.00878	0.00506	0.00450
24	0.00567	0.00405	0.00540	0.00648	0.00675	0.00378	0.00432	0.00648	0.00891	0.01188	0.02564	0.83347	0.03077	0.01457	0.00594	0.00189	0.00270	0.01323	0.00432	0.00378
25	0.00585	0.00407	0.00542	0.00639	0.00663	0.00383	0.00423	0.00647	0.00866	0.01154	0.02420	0.75190	0.02892	0.05519	0.00744	0.04621	0.00286	0.01244	0.00413	0.00364
26	0.01149	0.01113	0.01931	0.02811	0.76886	0.01109	0.05256	0.01431	0.01061	0.01518	0.00878	0.01157	0.00735	0.00413	0.00465	0.00139	0.00564	0.00421	0.00231	0.00732
27	0.00808	0.00404	0.00606	0.00606	0.00606	0.00404	0.00404	0.00606	0.00606	0.00808	0.00808	0.01414	0.00808	0.01616	0.01818	0.86465	0.00404	0.00404	0.00202	0.00202
28	0.00677	0.00451	0.00507	0.00507	0.00507	0.00451	0.00282	0.00677	0.00677	0.00902	0.01466	0.03044	0.01691	0.83650	0.02368	0.00451	0.00451	0.00677	0.00282	0.00282
29	0.00660	0.00473	0.00610	0.00578	0.00676	0.00440	0.00423	0.00858	0.01253	0.01769	0.72614	0.03432	0.04120	0.09205	0.00730	0.00177	0.00243	0.00825	0.00489	0.00423
30	0.01768	0.01303	0.01396	0.01070	0.01443	0.01443	0.00884	0.79197	0.02187	0.02932	0.01117	0.01117	0.00791	0.00558	0.00465	0.00140	0.00512	0.00419	0.00465	0.00791
31	0.00879	0.00827	0.01395	0.82532	0.03204	0.01034	0.01292	0.01189	0.00930	0.01189	0.00827	0.01240	0.00620	0.00465	0.00465	0.00155	0.00620	0.00413	0.00207	0.00517
32	0.01228	0.79755	0.06474	0.00823	0.01236	0.01802	0.00843	0.01397	0.00947	0.01114	0.00656	0.00758	0.00597	0.00400	0.00306	0.00102	0.00507	0.00254	0.00199	0.00602
33	0.00681	0.00482	0.00623	0.00584	0.00701	0.00441	0.00439	0.00894	0.01304	0.03388	0.75078	0.03489	0.08227	0.00955	0.00547	0.00147	0.00224	0.00841	0.00509	0.00444
34	0.01219	0.00978	0.01101	0.00810	0.01210	0.00880	0.00657	0.25858	0.01352	0.01964	0.00919	0.01013	0.00721	0.00412	0.00383	0.00091	0.00397	0.00321	0.00336	0.59378
35	0.01075	0.00928	0.00973	0.00882	0.01131	0.01053	0.00684	0.02227	0.69183	0.01852	0.02277	0.02109	0.12185	0.00706	0.00484	0.00158	0.00350	0.00588	0.00468	0.00690
36	0.86937	0.00900	0.00684	0.00612	0.00900	0.01044	0.00504	0.01368	0.00792	0.02087	0.00648	0.00756	0.00504	0.00432	0.00288	0.00144	0.00360	0.00252	0.00288	0.00504
37	0.02087	0.00792	0.01080	0.00828	0.01188	0.00684	0.00684	0.02267	0.01332	0.81071	0.01835	0.01583	0.01152	0.00576	0.00468	0.00144	0.00396	0.00468	0.00576	0.00792
38	0.00965	0.00827	0.00965	0.00689	0.01102	0.00620	0.00551	0.01171	0.00965	0.01516	0.00827	0.00965	0.00689	0.00345	0.00345	0.00069	0.00345	0.00276	0.00276	0.86494
39	0.01309	0.00944	0.01022	0.00833	0.01049	0.01025	0.00631	0.46136	0.01551	0.02077	0.01264	0.01928	0.01170	0.35545	0.01266	0.00271	0.00486	0.00527	0.00388	0.00577
40	0.01583	0.01159	0.01246	0.00975	0.01284	0.01275	0.00782	0.65889	0.01931	0.02588	0.01176	0.01444	0.00944	0.14641	0.00788	0.00192	0.00502	0.00463	0.00434	0.00705
41	0.01738	0.02217	0.01318	0.01199	0.01438	0.81783	0.00899	0.01858	0.01318	0.01139	0.00719	0.00839	0.00599	0.00479	0.00419	0.00120	0.00839	0.00300	0.00240	0.00539
42	0.86937	0.00900	0.00684	0.00612	0.00900	0.01044	0.00504	0.01368	0.00792	0.02087	0.00648	0.00756	0.00504	0.00432	0.00288	0.00144	0.00360	0.00252	0.00288	0.00504
43	0.01157	0.00999	0.01052	0.00947	0.01210	0.01157	0.00736	0.02472	0.79908	0.01946	0.01893	0.01736	0.01420	0.00631	0.00473	0.00158	0.00368	0.00526	0.00473	0.00736
44	0.00552	0.00464	0.00478	0.00489	0.00633	0.00391	0.00361	0.00666	0.01043	0.01250	0.04493	0.12558	0.72621	0.01207	0.00554	0.00160	0.00239	0.01017	0.00432	0.00391
45	0.00576	0.00509	0.00490	0.00487	0.00646	0.02153	0.00365	0.00693	0.01066	0.01254	0.04626	0.04398	0.78830	0.01163	0.00547	0.00156	0.00249	0.00967	0.00428	0.00396
46	0.00965	0.00827	0.00965	0.00689	0.01102	0.00620	0.00551	0.01171	0.00965	0.01516	0.00827	0.00965	0.00689	0.00345	0.00345	0.00069	0.00345	0.00276	0.00276	0.86494
47	0.00550	0.00471	0.00471	0.00471	0.00628	0.00393	0.00353	0.00668	0.01060	0.01257	0.04713	0.04477	0.80560	0.01178	0.00550	0.00157	0.00236	0.00982	0.00432	0.00393
48	0.00858	0.00714	0.00851	0.00678	0.00988	0.00555	0.00519	0.01031	0.00945	0.01428	0.01292	0.23006	0.01328	0.00642	0.00411	0.00101	0.00325	0.00556	0.00317	0.63454
49	0.00550	0.00471	0.00471	0.00471	0.00628	0.00393	0.00353	0.00668	0.01060	0.01257	0.04713	0.04477	0.80560	0.01178	0.00550	0.00157	0.00236	0.00982	0.00432	0.00393
50	0.01469	0.01125	0.01235	0.00928	0.01316	0.01136	0.00760	0.50092	0.01731	0.02404	0.01009	0.01060	0.00753	0.00479	0.00420	0.00113	0.00449	0.00365	0.00395	0.32760
51	0.01455	0.00988	0.01114	0.00922	0.01193	0.01053	0.00732	0.48146	0.01720	0.10887	0.01613	0.24954	0.01491	0.00820	0.00503	0.00154	0.00429	0.00686	0.00468	0.00672
52	0.00677	0.00451	0.00507	0.00507	0.00507	0.00451	0.00282	0.00677	0.00677	0.00902	0.01466	0.03044	0.01691	0.83650	0.02368	0.00451	0.00451	0.00677	0.00282	0.00282
53	0.01026	0.00863	0.00998	0.00718	0.01129	0.00683	0.00577	0.07144	0.01058	0.01624	0.00849	0.00976	0.00697	0.00361	0.00354	0.00074	0.00357	0.00287	0.00290	0.79934
54	0.00567	0.00405	0.00540	0.00648	0.00675	0.00378	0.00432	0.00648	0.00891	0.01188	0.02564	0.83347	0.03077	0.01457	0.00594	0.00189	0.00270	0.01323	0.00432	0.00378
55	0.00573	0.00407	0.00538	0.00640	0.00666	0.00382	0.00424	0.00649	0.00879	0.01172	0.02503	0.78912	0.03000	0.05996	0.00692	0.00203	0.00280	0.01287	0.00424	0.00373
56	0.00654	0.00475	0.00616	0.00581	0.00693	0.00437	0.00436	0.00870	0.01307	0.01843	0.77678	0.03512	0.07229	0.00960	0.00549	0.00147	0.00220	0.00847	0.00509	0.00437
57	0.00676	0.00495	0.00730	0.00730	0.00815	0.00573	0.00567	0.00845	0.00760	0.01116	0.01261	0.01822	0.01165	0.03326	0.77307	0.00712	0.01189	0.00495	0.04997	0.00416
58	0.00566	0.00407	0.00537	0.00641	0.00673	0.00378	0.00429	0.00649	0.00897	0.01190	0.02646	0.80344	0.06027	0.01447	0.00592	0.00188	0.00269	0.01310	0.00432	0.00378
59	0.01018	0.01018	0.01425	0.01221	0.01221	0.01425	0.01018	0.01120	0.00712	0.01120	0.00611	0.01018	0.00611	0.00814	0.01527	0.00204	0.82799	0.00407	0.00204	0.00509
60	0.01768	0.01303	0.01396	0.01070	0.01443	0.01443	0.00884	0.79197	0.02187	0.02932	0.01117	0.01117	0.00791	0.00558	0.00465	0.00140	0.00512	0.00419	0.00465	0.00791
61	0.00924	0.00851	0.01395	0.78336	0.03113	0.01055	0.01271	0.05207	0.00995	0.01278	0.00842	0.01234	0.00629	0.00470	0.00465	0.00154	0.00615	0.00414	0.00220	0.00531
62	0.01151	0.01105	0.01888	0.02855	0.80748	0.01105	0.01428	0.01428	0.01059	0.01520	0.00875	0.01151	0.00737	0.00415	0.00461	0.00138	0.00553	0.00415	0.00230	0.00737
63	0.00653	0.00455	0.00501	0.00501	0.00530	0.00440	0.00295	0.00675	0.00748	0.00968	0.02069	0.03311	0.16340	0.68332	0.02030	0.00396	0.00411	0.00733	0.00310	0.00302
64	0.00550	0.00471	0.00471	0.00471	0.00628	0.00393	0.00353	0.00668	0.01060	0.01257	0.04713	0.04477	0.80560	0.01178	0.00550	0.00157	0.00236	0.00982	0.00432	0.00393
65	0.05311	0.00831	0.01359	0.78312	0.03085	0.01034	0.01251	0.01198	0.00923	0.01235	0.00818	0.01215	0.00614	0.00463	0.00456	0.00154	0.00607	0.00405	0.00211	0.00516
66	0.01729	0.01233	0.01334	0.01029	0.01382	0.01353	0.00843	0.71213	0.02066	0.06853	0.01172	0.01240	0.00856	0.04815	0.00563	0.00156	0.00503	0.00435	0.00462	0.00765
67	0.00725	0.00526	0.00717	0.00813	0.00923	0.00517	0.00702	0.00927	0.01066	0.01374	0.02696	0.06861	0.10687	0.01278	0.00632	0.00208	0.00405	0.68091	0.00429	0.00424
68	0.01287	0.79648	0.02368	0.00798	0.01194	0.01781	0.00790	0.01438	0.00965	0.05214	0.00708	0.00789	0.00626	0.00407	0.00307	0.00102	0.00492	0.00260	0.00218	0.00607
69	0.69886	0.00885	0.00825	0.16843	0.01356	0.01042	0.00660	0.01332	0.00819	0.01909	0.00683	0.00852	0.00527	0.00438	0.00323	0.00146	0.00411	0.00284	0.00272	0.00506
70	0.02016	0.00891	0.06005	0.00858	0.01238	0.00708	0.00747	0.02218	0.01310	0.76180	0.01774	0.01547	0.01117	0.00568	0.00466	0.00144	0.00414	0.00460	0.00552	0.00785
71	0.01151	0.01105	0.01888	0.02855	0.80748	0.01105	0.01428	0.01428	0.01059	0.01520	0.00875	0.01151	0.00737	0.00415	0.00461	0.00138	0.00553	0.00415	0.00230	0.00737
72	0.01665	0.01225	0.01331	0.01049	0.01394	0.01351	0.00871	0.71282	0.02074	0.02776	0.01253	0.01535	0.00982	0.00632	0.00483	0.00147	0.00503	0.08230	0.00462	0.00754
73	0.84736	0.00897	0.00694	0.00617	0.00907	0.01034	0.00508	0.01391	0.00806	0.04135	0.00679	0.00777	0.00521	0.00436	0.00293	0.00144	0.00361	0.00258	0.00295	0.00511
74	0.00658	0.00476	0.00622	0.00585	0.00695	0.00439	0.00439	0.00878	0.01317	0.01866	0.80503	0.03475	0.04390	0.00951	0.00549	0.00146	0.00219	0.00841	0.00512	0.00439
75	0.00567	0.00405	0.00540	0.00648	0.00675	0.00378	0.00432	0.00648	0.00891	0.01188	0.02564	0.83347	0.03077	0.01457	0.00594	0.00189	0.00270	0.01323	0.00432	0.00378
76	0.00658	0.00476	0.00622	0.00585	0.00695	0.00439	0.00439	0.00878	0.01317	0.01866	0.80503	0.03475	0.04390	0.00951	0.00549	0.00146	0.00219	0.00841	0.00512	0.00439
77	0.00879	0.00827	0.01395	0.82532	0.03204	0.01034	0.01292	0.01189	0.00930	0.01189	0.00827	0.01240	0.00620	0.00465	0.00465	0.00155	0.00620	0.00413	0.00207	0.00517
78	0.02087	0.00792	0.01080	0.00828	0.01188	0.00684	0.00684	0.02267	0.01332	0.81071	0.01835	0.01583	0.01152	0.00576	0.00468	0.00144	0.00396	0.00468	0.00576	0.00792
79	0.01768	0.01303	0.01396	0.01070	0.01443	0.01443	0.00884	0.79197	0.02187	0.02932	0.01117	0.01117	0.00791	0.00558	0.00465	0.00140	0.00512	0.00419	0.00465	0.00791

[dist]
# distance from previous block
# <min> <max>
2	4

[block]
# block no. 1 follows, 55 sequences, length 7
# corresponding to MSA columns:
# 85-91
name=unknown_B
#
# <colnr> <probs for GDERKNQSTAVLIFYWHMCP>
#	G	D	E	R	K	N	Q	S	T	A	V	L	I	F	Y	W	H	M	C	P
0	0.00550	0.00471	0.00471	0.00471	0.00628	0.00393	0.00353	0.00668	0.01060	0.01257	0.04713	0.04477	0.80560	0.01178	0.00550	0.00157	0.00236	0.00982	0.00432	0.00393
1	0.00567	0.00405	0.00540	0.00648	0.00675	0.00378	0.00432	0.00648	0.00891	0.01188	0.02564	0.83347	0.03077	0.01457	0.00594	0.00189	0.00270	0.01323	0.00432	0.00378
2	0.00576	0.00409	0.00537	0.00636	0.00661	0.00384	0.00419	0.00650	0.00873	0.01164	0.02473	0.76656	0.02961	0.08306	0.00742	0.00211	0.00285	0.01269	0.00419	0.00370
3	0.01032	0.00867	0.01001	0.00721	0.01131	0.00689	0.00579	0.07673	0.01067	0.01634	0.00851	0.00977	0.00698	0.00362	0.00355	0.00075	0.00358	0.00288	0.00291	0.79353
4	0.01244	0.83930	0.02438	0.00796	0.01194	0.01841	0.00796	0.01393	0.00945	0.01095	0.00647	0.00746	0.00597	0.00398	0.00299	0.00100	0.00498	0.00249	0.00199	0.00597
5	0.00635	0.00561	0.00672	0.00810	0.12005	0.00494	0.00506	0.00776	0.01060	0.01294	0.04168	0.04005	0.69226	0.01070	0.00537	0.00154	0.00281	0.00901	0.00403	0.00442
6	0.00649	0.00617	0.00542	0.00532	0.00696	0.07174	0.00399	0.00767	0.01082	0.01247	0.04380	0.04174	0.73897	0.01120	0.00539	0.00154	0.00286	0.00925	0.00416	0.00405

[dist]
# distance from previous block
# <min> <max>
0	1

[block]
# block no. 2 follows, 55 sequences, length 7
# corresponding to MSA columns:
# 93-99
name=unknown_C
#
# <colnr> <probs for GDERKNQSTAVLIFYWHMCP>
#	G	D	E	R	K	N	Q	S	T	A	V	L	I	F	Y	W	H	M	C	P
0	0.59573	0.00994	0.05564	0.17543	0.01469	0.01065	0.00758	0.05571	0.00907	0.01912	0.00721	0.00888	0.00548	0.00446	0.00343	0.00146	0.00441	0.00300	0.00276	0.00533
1	0.06877	0.00810	0.01287	0.71625	0.02880	0.00994	0.01178	0.01168	0.00929	0.01256	0.01060	0.01411	0.05656	0.00508	0.00458	0.00154	0.00578	0.00438	0.00227	0.00508
2	0.01768	0.01303	0.01396	0.01070	0.01443	0.01443	0.00884	0.79197	0.02187	0.02932	0.01117	0.01117	0.00791	0.00558	0.00465	0.00140	0.00512	0.00419	0.00465	0.00791
3	0.01768	0.01303	0.01396	0.01070	0.01443	0.01443	0.00884	0.79197	0.02187	0.02932	0.01117	0.01117	0.00791	0.00558	0.00465	0.00140	0.00512	0.00419	0.00465	0.00791
4	0.01594	0.01200	0.01303	0.00988	0.01369	0.01264	0.00812	0.62291	0.01922	0.02625	0.01054	0.01084	0.00769	0.00512	0.00439	0.00124	0.00476	0.00388	0.00424	0.19361
5	0.00990	0.13386	0.65012	0.01361	0.07387	0.01185	0.01573	0.01459	0.00983	0.01425	0.00812	0.00962	0.00601	0.00434	0.00424	0.00140	0.00652	0.00336	0.00199	0.00679
6	0.01157	0.00999	0.01052	0.00947	0.01210	0.01157	0.00736	0.02472	0.79908	0.01946	0.01893	0.01736	0.01420	0.00631	0.00473	0.00158	0.00368	0.00526	0.00473	0.00736

[dist]
# distance from previous block
# <min> <max>
0	2

[block]
# block no. 3 follows, 55 sequences, length 16
# corresponding to MSA columns:
# 102-117
name=unknown_D
#
# <colnr> <probs for GDERKNQSTAVLIFYWHMCP>
#	G	D	E	R	K	N	Q	S	T	A	V	L	I	F	Y	W	H	M	C	P
0	0.00879	0.00827	0.01395	0.82532	0.03204	0.01034	0.01292	0.01189	0.00930	0.01189	0.00827	0.01240	0.00620	0.00465	0.00465	0.00155	0.00620	0.00413	0.00207	0.00517
1	0.01448	0.01682	0.01519	0.04165	0.32736	0.45042	0.01099	0.01631	0.01184	0.01283	0.00808	0.01044	0.00689	0.03119	0.00499	0.00139	0.00707	0.00360	0.00236	0.00608
2	0.02087	0.00792	0.01080	0.00828	0.01188	0.00684	0.00684	0.02267	0.01332	0.81071	0.01835	0.01583	0.01152	0.00576	0.00468	0.00144	0.00396	0.00468	0.00576	0.00792
3	0.00939	0.00680	0.00796	0.00765	0.00894	0.00706	0.00557	0.24409	0.01266	0.01693	0.02040	0.52177	0.02277	0.07631	0.00694	0.00195	0.00357	0.00999	0.00430	0.00495
4	0.00677	0.00451	0.00507	0.00507	0.00507	0.00451	0.00282	0.00677	0.00677	0.00902	0.01466	0.03044	0.01691	0.83650	0.02368	0.00451	0.00451	0.00677	0.00282	0.00282
5	0.00987	0.00800	0.01122	0.42192	0.02065	0.00913	0.00911	0.13418	0.01088	0.01479	0.01049	0.01577	0.00898	0.15842	0.00797	0.00198	0.00520	0.00455	0.07490	0.06202
6	0.00677	0.00451	0.00507	0.00507	0.00507	0.00451	0.00282	0.00677	0.00677	0.00902	0.01466	0.03044	0.01691	0.83650	0.02368	0.00451	0.00451	0.00677	0.00282	0.00282
7	0.00650	0.00469	0.00614	0.00591	0.00693	0.00433	0.00438	0.00856	0.01276	0.01800	0.73011	0.11152	0.04263	0.01000	0.00553	0.00150	0.00224	0.00888	0.00504	0.00433
8	0.00918	0.00777	0.00914	0.00684	0.01052	0.00591	0.00537	0.01109	0.00956	0.01477	0.01033	0.10717	0.00972	0.00476	0.00374	0.00083	0.00336	0.00400	0.00294	0.76300
9	0.00639	0.00461	0.00605	0.00598	0.00691	0.00426	0.00437	0.00830	0.01228	0.01724	0.64251	0.20130	0.04116	0.01057	0.00558	0.00155	0.00230	0.00942	0.00495	0.00426
10	0.00572	0.00412	0.00533	0.00628	0.00662	0.00383	0.00418	0.00651	0.00890	0.01176	0.02646	0.73714	0.08130	0.05954	0.00688	0.00201	0.00278	0.01264	0.00424	0.00374
11	0.01006	0.01001	0.01444	0.01233	0.01259	0.01366	0.04322	0.01127	0.00749	0.01150	0.00727	0.01260	0.00728	0.00822	0.01437	0.00202	0.74786	0.04655	0.00217	0.00510
12	0.00677	0.00451	0.00507	0.00507	0.00507	0.00451	0.00282	0.00677	0.00677	0.00902	0.01466	0.03044	0.01691	0.83650	0.02368	0.00451	0.00451	0.00677	0.00282	0.00282
13	0.00628	0.00476	0.00667	0.13587	0.01067	0.00485	0.00559	0.00753	0.00910	0.01214	0.02361	0.62686	0.06774	0.01247	0.00560	0.00178	0.00321	0.01123	0.04000	0.00403
14	0.00567	0.00405	0.00540	0.00648	0.00675	0.00378	0.00432	0.00648	0.00891	0.01188	0.02564	0.83347	0.03077	0.01457	0.00594	0.00189	0.00270	0.01323	0.00432	0.00378
15	0.00567	0.00405	0.00540	0.00648	0.00675	0.00378	0.00432	0.00648	0.00891	0.01188	0.02564	0.83347	0.03077	0.01457	0.00594	0.00189	0.00270	0.01323	0.00432	0.00378

[dist]
# distance from previous block
# <min> <max>
0	3

[block]
# block no. 4 follows, 55 sequences, length 20
# corresponding to MSA columns:
# 121-140
name=unknown_E
#
# <colnr> <probs for GDERKNQSTAVLIFYWHMCP>
#	G	D	E	R	K	N	Q	S	T	A	V	L	I	F	Y	W	H	M	C	P
0	0.86937	0.00900	0.00684	0.00612	0.00900	0.01044	0.00504	0.01368	0.00792	0.02087	0.00648	0.00756	0.00504	0.00432	0.00288	0.00144	0.00360	0.00252	0.00288	0.00504
1	0.01279	0.78072	0.02358	0.00825	0.01212	0.07572	0.00803	0.01426	0.00972	0.01098	0.00652	0.00753	0.00597	0.00404	0.00307	0.00101	0.00522	0.00252	0.00202	0.00593
2	0.00666	0.00449	0.00508	0.00515	0.00522	0.00445	0.00294	0.00674	0.00702	0.00932	0.01640	0.08155	0.04333	0.75796	0.02197	0.00425	0.00433	0.00727	0.00296	0.00292
3	0.01768	0.01303	0.01396	0.01070	0.01443	0.01443	0.00884	0.79197	0.02187	0.02932	0.01117	0.01117	0.00791	0.00558	0.00465	0.00140	0.00512	0.00419	0.00465	0.00791
4	0.00665	0.00498	0.00748	0.00748	0.00831	0.00582	0.00582	0.00831	0.00748	0.01080	0.01246	0.01828	0.01163	0.03489	0.81807	0.00748	0.01246	0.00498	0.00249	0.00415
5	0.00589	0.00414	0.00533	0.00619	0.00640	0.00393	0.00401	0.00654	0.00847	0.01129	0.02338	0.66793	0.02791	0.18401	0.00960	0.00243	0.00307	0.01189	0.00401	0.00358
6	0.00985	0.02338	0.76269	0.01310	0.01978	0.01103	0.01667	0.06313	0.01057	0.01564	0.00852	0.00991	0.00602	0.00449	0.00443	0.00147	0.00677	0.00348	0.00213	0.00694
7	0.01768	0.01303	0.01396	0.01070	0.01443	0.01443	0.00884	0.79197	0.02187	0.02932	0.01117	0.01117	0.00791	0.00558	0.00465	0.00140	0.00512	0.00419	0.00465	0.00791
8	0.00677	0.00451	0.00507	0.00507	0.00507	0.00451	0.00282	0.00677	0.00677	0.00902	0.01466	0.03044	0.01691	0.83650	0.02368	0.00451	0.00451	0.00677	0.00282	0.00282
9	0.00867	0.00434	0.00434	0.00434	0.00542	0.00434	0.00325	0.01084	0.00976	0.01734	0.01518	0.01734	0.01192	0.00542	0.00325	0.00108	0.00217	0.00434	0.86233	0.00434
10	0.86937	0.00900	0.00684	0.00612	0.00900	0.01044	0.00504	0.01368	0.00792	0.02087	0.00648	0.00756	0.00504	0.00432	0.00288	0.00144	0.00360	0.00252	0.00288	0.00504
11	0.00658	0.00476	0.00622	0.00585	0.00695	0.00439	0.00439	0.00878	0.01317	0.01866	0.80503	0.03475	0.04390	0.00951	0.00549	0.00146	0.00219	0.00841	0.00512	0.00439
12	0.00567	0.00405	0.00540	0.00648	0.00675	0.00378	0.00432	0.00648	0.00891	0.01188	0.02564	0.83347	0.03077	0.01457	0.00594	0.00189	0.00270	0.01323	0.00432	0.00378
13	0.00872	0.00596	0.00832	0.34431	0.01644	0.00682	0.00726	0.01127	0.00957	0.01508	0.01232	0.01530	0.00955	0.00510	0.00383	0.00128	0.00384	0.00425	0.50609	0.00468
14	0.00567	0.00405	0.00540	0.00648	0.00675	0.00378	0.00432	0.00648	0.00891	0.01188	0.02564	0.83347	0.03077	0.01457	0.00594	0.00189	0.00270	0.01323	0.00432	0.00378
15	0.00567	0.00405	0.00540	0.00648	0.00675	0.00378	0.00432	0.00648	0.00891	0.01188	0.02564	0.83347	0.03077	0.01457	0.00594	0.00189	0.00270	0.01323	0.00432	0.00378
16	0.00677	0.00451	0.00507	0.00507	0.00507	0.00451	0.00282	0.00677	0.00677	0.00902	0.01466	0.03044	0.01691	0.83650	0.02368	0.00451	0.00451	0.00677	0.00282	0.00282
17	0.00677	0.00451	0.00507	0.00507	0.00507	0.00451	0.00282	0.00677	0.00677	0.00902	0.01466	0.03044	0.01691	0.83650	0.02368	0.00451	0.00451	0.00677	0.00282	0.00282
18	0.00920	0.00807	0.01290	0.69653	0.02829	0.00988	0.01167	0.04927	0.00996	0.01332	0.00916	0.01288	0.00691	0.00478	0.00450	0.00149	0.00571	0.00416	0.09612	0.00521
19	0.01157	0.00999	0.01052	0.00947	0.01210	0.01157	0.00736	0.02472	0.79908	0.01946	0.01893	0.01736	0.01420	0.00631	0.00473	0.00158	0.00368	0.00526	0.00473	0.00736

[dist]
# distance from previous block
# <min> <max>
0	3

[block]
# block no. 5 follows, 55 sequences, length 21
# corresponding to MSA columns:
# 144-164
name=unknown_F
#
# <colnr> <probs for GDERKNQSTAVLIFYWHMCP>
#	G	D	E	R	K	N	Q	S	T	A	V	L	I	F	Y	W	H	M	C	P
0	0.00567	0.00405	0.00540	0.00648	0.00675	0.00378	0.00432	0.00648	0.00891	0.01188	0.02564	0.83347	0.03077	0.01457	0.00594	0.00189	0.00270	0.01323	0.00432	0.00378
1	0.01144	0.00821	0.00983	0.00711	0.01116	0.00630	0.00572	0.01347	0.01023	0.14231	0.00988	0.01064	0.00763	0.00381	0.00364	0.00081	0.00353	0.00306	0.00324	0.72797
2	0.00879	0.00827	0.01395	0.82532	0.03204	0.01034	0.01292	0.01189	0.00930	0.01189	0.00827	0.01240	0.00620	0.00465	0.00465	0.00155	0.00620	0.00413	0.00207	0.00517
3	0.01222	0.75956	0.02340	0.00837	0.01197	0.01801	0.00817	0.01367	0.00923	0.01097	0.00643	0.00772	0.00598	0.00438	0.00417	0.00110	0.08413	0.00264	0.00199	0.00589
4	0.00984	0.00893	0.01431	0.69000	0.08580	0.01078	0.01262	0.08708	0.01060	0.01380	0.00858	0.01222	0.00645	0.00470	0.00465	0.00152	0.00605	0.00414	0.00233	0.00559
5	0.01768	0.01303	0.01396	0.01070	0.01443	0.01443	0.00884	0.79197	0.02187	0.02932	0.01117	0.01117	0.00791	0.00558	0.00465	0.00140	0.00512	0.00419	0.00465	0.00791
6	0.02076	0.00811	0.01091	0.00837	0.01197	0.00712	0.00691	0.05092	0.01363	0.78201	0.01809	0.01566	0.01138	0.00575	0.00468	0.00144	0.00400	0.00466	0.00572	0.00792
7	0.01151	0.01105	0.01888	0.02855	0.80748	0.01105	0.01428	0.01428	0.01059	0.01520	0.00875	0.01151	0.00737	0.00415	0.00461	0.00138	0.00553	0.00415	0.00230	0.00737
8	0.03173	0.00859	0.01381	0.67546	0.02831	0.01096	0.01228	0.01182	0.00892	0.01201	0.00788	0.01192	0.00616	0.00519	0.00628	0.00162	0.13573	0.00408	0.00208	0.00515
9	0.01098	0.02176	0.69791	0.01255	0.01896	0.01024	0.01571	0.01587	0.01032	0.12842	0.00978	0.01068	0.00670	0.00461	0.00446	0.00147	0.00646	0.00361	0.00251	0.00702
10	0.00879	0.00827	0.01395	0.82532	0.03204	0.01034	0.01292	0.01189	0.00930	0.01189	0.00827	0.01240	0.00620	0.00465	0.00465	0.00155	0.00620	0.00413	0.00207	0.00517
11	0.01915	0.00797	0.01125	0.12497	0.01476	0.00734	0.00771	0.02113	0.01274	0.69662	0.01691	0.01534	0.01076	0.00560	0.00467	0.00146	0.00428	0.00460	0.00523	0.00752
12	0.00899	0.00867	0.01522	0.74969	0.03132	0.01047	0.08592	0.01217	0.00946	0.01217	0.00838	0.01242	0.00628	0.00458	0.00473	0.00155	0.00636	0.00426	0.00209	0.00527
13	0.00903	0.00850	0.01415	0.62753	0.16559	0.01000	0.01249	0.01193	0.00962	0.01251	0.01113	0.01456	0.06357	0.00507	0.00470	0.00152	0.00581	0.00454	0.00227	0.00546
14	0.00920	0.00849	0.01395	0.78714	0.03122	0.01053	0.01273	0.04845	0.00989	0.01270	0.00840	0.01235	0.00628	0.00469	0.00465	0.00154	0.00615	0.00414	0.00219	0.00530
15	0.01144	0.01127	0.02011	0.02728	0.69563	0.01116	0.12515	0.01437	0.01065	0.01516	0.00885	0.01166	0.00732	0.00411	0.00473	0.00141	0.00586	0.00434	0.00231	0.00721
16	0.39638	0.00850	0.01054	0.43402	0.02098	0.01022	0.00914	0.01261	0.00878	0.01612	0.02913	0.01083	0.00670	0.00463	0.00388	0.00150	0.00492	0.00352	0.00252	0.00509
17	0.01019	0.01122	0.02383	0.01740	0.02145	0.01048	0.65750	0.01361	0.01065	0.01448	0.01170	0.12972	0.01044	0.00543	0.00550	0.00159	0.00699	0.00652	0.00264	0.02866
18	0.01097	0.00941	0.01157	0.25711	0.01815	0.01107	0.00904	0.02077	0.53843	0.03819	0.01568	0.01581	0.01170	0.00579	0.00471	0.00157	0.00445	0.00490	0.00395	0.00671
19	0.00624	0.00465	0.00600	0.00654	0.00736	0.00412	0.00449	0.00723	0.00901	0.01234	0.02316	0.71581	0.02736	0.01299	0.00558	0.00172	0.00281	0.01173	0.00410	0.12677
20	0.07155	0.01031	0.01333	0.65058	0.02787	0.12567	0.01179	0.01297	0.00976	0.01246	0.00799	0.01148	0.00609	0.00465	0.00446	0.00149	0.00633	0.00386	0.00217	0.00519

[dist]
# distance from previous block
# <min> <max>
2	7

[block]
# block no. 6 follows, 55 sequences, length 6
# corresponding to MSA columns:
# 178-183
name=unknown_G
#
# <colnr> <probs for GDERKNQSTAVLIFYWHMCP>
#	G	D	E	R	K	N	Q	S	T	A	V	L	I	F	Y	W	H	M	C	P
0	0.86937	0.00900	0.00684	0.00612	0.00900	0.01044	0.00504	0.01368	0.00792	0.02087	0.00648	0.00756	0.00504	0.00432	0.00288	0.00144	0.00360	0.00252	0.00288	0.00504
1	0.01738	0.02217	0.01318	0.01199	0.01438	0.81783	0.00899	0.01858	0.01318	0.01139	0.00719	0.00839	0.00599	0.00479	0.00419	0.00120	0.00839	0.00300	0.00240	0.00539
2	0.00933	0.02406	0.81240	0.01326	0.02014	0.01080	0.01719	0.01473	0.00982	0.01473	0.00835	0.00982	0.00589	0.00442	0.00442	0.00147	0.00688	0.00344	0.00196	0.00688
3	0.01081	0.01375	0.10901	0.01895	0.02388	0.01166	0.71022	0.01488	0.01086	0.01488	0.00930	0.01227	0.00694	0.00397	0.00538	0.00156	0.00774	0.00528	0.00231	0.00634
4	0.32432	0.00854	0.01134	0.52496	0.02359	0.01037	0.01003	0.01254	0.00879	0.01518	0.00761	0.01063	0.00578	0.00453	0.00400	0.00151	0.00525	0.00354	0.00236	0.00512
5	0.00847	0.00756	0.01238	0.68246	0.02753	0.00924	0.01134	0.01128	0.00930	0.01230	0.01049	0.09296	0.00904	0.00568	0.00467	0.00155	0.00555	0.00504	0.06819	0.00497

[dist]
# distance from previous block
# <min> <max>
0	2

[block]
# block no. 7 follows, 55 sequences, length 10
# corresponding to MSA columns:
# 186-195
name=unknown_H
#
# <colnr> <probs for GDERKNQSTAVLIFYWHMCP>
#	G	D	E	R	K	N	Q	S	T	A	V	L	I	F	Y	W	H	M	C	P
0	0.01738	0.02217	0.01318	0.01199	0.01438	0.81783	0.00899	0.01858	0.01318	0.01139	0.00719	0.00839	0.00599	0.00479	0.00419	0.00120	0.00839	0.00300	0.00240	0.00539
1	0.01245	0.72206	0.09305	0.00858	0.01280	0.01752	0.00882	0.05694	0.01017	0.01229	0.00689	0.00787	0.00607	0.00411	0.00320	0.00106	0.00515	0.00266	0.00213	0.00616
2	0.01151	0.01105	0.01888	0.02855	0.80748	0.01105	0.01428	0.01428	0.01059	0.01520	0.00875	0.01151	0.00737	0.00415	0.00461	0.00138	0.00553	0.00415	0.00230	0.00737
3	0.00750	0.00535	0.00750	0.00857	0.00964	0.00535	0.00750	0.00964	0.01071	0.01392	0.02463	0.05248	0.02677	0.01285	0.00643	0.00214	0.00428	0.77617	0.00428	0.00428
4	0.00879	0.00827	0.01395	0.82532	0.03204	0.01034	0.01292	0.01189	0.00930	0.01189	0.00827	0.01240	0.00620	0.00465	0.00465	0.00155	0.00620	0.00413	0.00207	0.00517
5	0.00837	0.00436	0.00445	0.00445	0.00536	0.00436	0.00318	0.01019	0.00928	0.01602	0.01509	0.01943	0.01272	0.13787	0.00651	0.00163	0.00254	0.00472	0.72535	0.00409
6	0.01720	0.01274	0.01370	0.01047	0.01422	0.01393	0.00864	0.74465	0.02113	0.02846	0.01099	0.01108	0.00785	0.00545	0.00458	0.00135	0.00502	0.00410	0.00454	0.05989
7	0.68178	0.01055	0.05654	0.00728	0.01053	0.01109	0.00638	0.13778	0.01026	0.02185	0.00734	0.00827	0.00555	0.00453	0.00325	0.00143	0.00404	0.00284	0.00311	0.00561
8	0.00967	0.03913	0.01314	0.04027	0.01178	0.01271	0.00902	0.01061	0.00723	0.01087	0.00756	0.01339	0.00783	0.13988	0.01578	0.00237	0.63739	0.00445	0.00216	0.00476
9	0.00946	0.00786	0.00921	0.00704	0.01053	0.00627	0.00551	0.05394	0.01020	0.01542	0.01120	0.14102	0.01075	0.00534	0.00391	0.00092	0.00342	0.00450	0.00311	0.68040

[dist]
# distance from previous block
# <min> <max>
4	8

[block]
# block no. 8 follows, 55 sequences, length 8
# corresponding to MSA columns:
# 205-212
name=unknown_I
#
# <colnr> <probs for GDERKNQSTAVLIFYWHMCP>
#	G	D	E	R	K	N	Q	S	T	A	V	L	I	F	Y	W	H	M	C	P
0	0.01111	0.02162	0.67739	0.01255	0.01888	0.01054	0.01555	0.05734	0.01087	0.10704	0.00965	0.01059	0.00665	0.00464	0.00446	0.00147	0.00645	0.00362	0.00254	0.00705
1	0.86937	0.00900	0.00684	0.00612	0.00900	0.01044	0.00504	0.01368	0.00792	0.02087	0.00648	0.00756	0.00504	0.00432	0.00288	0.00144	0.00360	0.00252	0.00288	0.00504
2	0.00664	0.00446	0.00511	0.00524	0.00527	0.00443	0.00299	0.00673	0.00701	0.00935	0.01592	0.12278	0.01851	0.74199	0.02164	0.00421	0.00430	0.00751	0.00299	0.00293
3	0.79558	0.00857	0.00677	0.00611	0.00875	0.00989	0.00495	0.01302	0.00776	0.01978	0.00662	0.00812	0.00530	0.00533	0.00419	0.07539	0.00364	0.00265	0.00281	0.00478
4	0.00965	0.00827	0.00965	0.00689	0.01102	0.00620	0.00551	0.01171	0.00965	0.01516	0.00827	0.00965	0.00689	0.00345	0.00345	0.00069	0.00345	0.00276	0.00276	0.86494
5	0.00635	0.00458	0.00601	0.00601	0.00690	0.00424	0.00437	0.00820	0.01210	0.01695	0.60898	0.23566	0.04059	0.01078	0.00560	0.00157	0.00232	0.00962	0.00492	0.00424
6	0.02060	0.00836	0.01107	0.00849	0.01209	0.00749	0.00701	0.08858	0.01405	0.74376	0.01774	0.01543	0.01121	0.00574	0.00468	0.00144	0.00406	0.00464	0.00566	0.00792
7	0.00677	0.00451	0.00507	0.00507	0.00507	0.00451	0.00282	0.00677	0.00677	0.00902	0.01466	0.03044	0.01691	0.83650	0.02368	0.00451	0.00451	0.00677	0.00282	0.00282

[dist]
# distance from previous block
# <min> <max>
0	3

[block]
# block no. 9 follows, 55 sequences, length 15
# corresponding to MSA columns:
# 216-230
name=unknown_J
#
# <colnr> <probs for GDERKNQSTAVLIFYWHMCP>
#	G	D	E	R	K	N	Q	S	T	A	V	L	I	F	Y	W	H	M	C	P
0	0.00965	0.00827	0.00965	0.00689	0.01102	0.00620	0.00551	0.01171	0.00965	0.01516	0.00827	0.00965	0.00689	0.00345	0.00345	0.00069	0.00345	0.00276	0.00276	0.86494
1	0.24777	0.01366	0.13661	0.00986	0.01384	0.01278	0.00911	0.45924	0.01620	0.02475	0.00945	0.00998	0.00682	0.00506	0.00414	0.00142	0.00498	0.00362	0.00375	0.00697
2	0.24743	0.01071	0.01086	0.00888	0.01190	0.01189	0.00719	0.47328	0.01631	0.02464	0.01187	0.12246	0.01025	0.00647	0.00435	0.00148	0.00438	0.00497	0.00413	0.00657
3	0.55430	0.26750	0.01270	0.00695	0.01022	0.01314	0.00616	0.05809	0.00919	0.01827	0.00674	0.00773	0.00549	0.00429	0.00301	0.00130	0.00411	0.00260	0.00270	0.00549
4	0.63630	0.00956	0.01011	0.01221	0.22593	0.01060	0.00755	0.01384	0.00864	0.01933	0.00710	0.00863	0.00567	0.00427	0.00335	0.00142	0.00412	0.00296	0.00272	0.00567
5	0.01571	0.00687	0.00917	0.00772	0.01035	0.00607	0.00606	0.01760	0.03528	0.52196	0.03781	0.23821	0.01738	0.00817	0.00499	0.00154	0.00355	0.00703	0.00521	0.03932
6	0.01199	0.00531	0.00609	0.00541	0.00717	0.00502	0.00423	0.01405	0.01072	0.23289	0.01604	0.01693	0.01181	0.00551	0.00364	0.00118	0.00265	0.00443	0.62961	0.00531
7	0.03702	0.00714	0.00834	0.00718	0.00905	0.00731	0.00562	0.22172	0.01537	0.02162	0.56398	0.02748	0.03288	0.00828	0.00518	0.00144	0.00303	0.00708	0.00492	0.00537
8	0.39742	0.01014	0.05129	0.08238	0.01275	0.01066	0.00729	0.22398	0.01168	0.02029	0.00823	0.01000	0.00638	0.00631	0.00569	0.11903	0.00448	0.00337	0.00312	0.00552
9	0.52650	0.11621	0.01468	0.01002	0.01353	0.01182	0.21883	0.01404	0.00895	0.01798	0.00727	0.00890	0.00571	0.00417	0.00360	0.00142	0.00493	0.00332	0.00262	0.00549
10	0.01140	0.00587	0.00789	0.00700	0.00891	0.00532	0.00559	0.01345	0.01290	0.27835	0.44663	0.03080	0.03106	0.00870	0.00534	0.00154	0.00304	0.10543	0.00522	0.00554
11	0.00859	0.00712	0.00879	0.00702	0.01002	0.00595	0.00552	0.01046	0.00901	0.01377	0.01048	0.06296	0.00966	0.01268	0.22492	0.00261	0.00585	0.00401	0.00278	0.57780
12	0.00965	0.00827	0.00965	0.00689	0.01102	0.00620	0.00551	0.01171	0.00965	0.01516	0.00827	0.00965	0.00689	0.00345	0.00345	0.00069	0.00345	0.00276	0.00276	0.86494
13	0.00918	0.01977	0.59548	0.23388	0.02337	0.01068	0.01603	0.01396	0.00968	0.01396	0.00833	0.01052	0.00598	0.00448	0.00448	0.00149	0.00669	0.00363	0.00199	0.00641
14	0.00720	0.00611	0.00671	0.03287	0.00874	0.00516	0.00459	0.03811	0.01073	0.01389	0.03391	0.03287	0.53161	0.00904	0.00488	0.00132	0.00289	0.00750	0.00383	0.23804

[dist]
# distance from previous block
# <min> <max>
0	1

[block]
# block no. 10 follows, 55 sequences, length 11
# corresponding to MSA columns:
# 232-242
name=unknown_K
#
# <colnr> <probs for GDERKNQSTAVLIFYWHMCP>
#	G	D	E	R	K	N	Q	S	T	A	V	L	I	F	Y	W	H	M	C	P
0	0.00654	0.00517	0.00762	0.21116	0.01309	0.00548	0.00648	0.00806	0.00943	0.01256	0.09924	0.54829	0.02594	0.01159	0.00557	0.00176	0.00352	0.01047	0.00384	0.00419
1	0.00968	0.02164	0.64728	0.01460	0.02101	0.01101	0.17988	0.01477	0.01007	0.01477	0.00857	0.01040	0.00614	0.00432	0.00465	0.00149	0.00708	0.00387	0.00205	0.00675
2	0.01675	0.00690	0.00936	0.00774	0.01048	0.00604	0.00615	0.01836	0.01238	0.59129	0.07091	0.18906	0.01767	0.00786	0.00500	0.00154	0.00358	0.00672	0.00541	0.00682
3	0.00566	0.00409	0.00535	0.00636	0.00672	0.00379	0.00427	0.00649	0.00902	0.01192	0.02704	0.78222	0.08111	0.01439	0.00591	0.00187	0.00268	0.01300	0.00432	0.00379
4	0.19920	0.00840	0.01012	0.00795	0.01140	0.00798	0.00656	0.05953	0.01261	0.60520	0.01549	0.01386	0.00997	0.00545	0.00430	0.00144	0.00394	0.00420	0.00510	0.00731
5	0.00567	0.00405	0.00540	0.00648	0.00675	0.00378	0.00432	0.00648	0.00891	0.01188	0.02564	0.83347	0.03077	0.01457	0.00594	0.00189	0.00270	0.01323	0.00432	0.00378
6	0.00965	0.00827	0.00965	0.00689	0.01102	0.00620	0.00551	0.01171	0.00965	0.01516	0.00827	0.00965	0.00689	0.00345	0.00345	0.00069	0.00345	0.00276	0.00276	0.86494
7	0.00991	0.00864	0.00978	0.12214	0.01365	0.00979	0.00733	0.01914	0.52317	0.01696	0.02338	0.02243	0.17957	0.00723	0.00488	0.00157	0.00375	0.00606	0.00428	0.00633
8	0.01768	0.01303	0.01396	0.01070	0.01443	0.01443	0.00884	0.79197	0.02187	0.02932	0.01117	0.01117	0.00791	0.00558	0.00465	0.00140	0.00512	0.00419	0.00465	0.00791
9	0.00910	0.00854	0.01389	0.60303	0.02714	0.00956	0.05975	0.01204	0.00948	0.01276	0.00834	0.01183	0.00640	0.00435	0.00445	0.00137	0.00572	0.00393	0.00223	0.18610
10	0.01113	0.01214	0.02512	0.02205	0.23779	0.01157	0.57898	0.01473	0.01087	0.01498	0.00923	0.01227	0.00714	0.00398	0.00525	0.00152	0.00721	0.00512	0.00234	0.00657

[dist]
# distance from previous block
# <min> <max>
0	6

[block]
# block no. 11 follows, 55 sequences, length 29
# corresponding to MSA columns:
# 251-279
name=unknown_L
#
# <colnr> <probs for GDERKNQSTAVLIFYWHMCP>
#	G	D	E	R	K	N	Q	S	T	A	V	L	I	F	Y	W	H	M	C	P
0	0.48852	0.00899	0.00883	0.00805	0.06465	0.00910	0.00594	0.03309	0.00906	0.01871	0.00738	0.00865	0.00592	0.00403	0.00324	0.00117	0.00372	0.00276	0.00284	0.30536
1	0.01284	0.02739	0.01435	0.01160	0.01298	0.01439	0.00967	0.28372	0.01232	0.01752	0.00788	0.01047	0.00673	0.00717	0.01132	0.00179	0.52472	0.00408	0.00295	0.00609
2	0.01146	0.49184	0.01662	0.00697	0.00983	0.06836	0.00639	0.01317	0.00981	0.01321	0.00956	0.01097	0.00805	0.00454	0.00316	0.00104	0.00423	0.00317	0.30226	0.00536
3	0.00694	0.00511	0.00748	0.00786	0.00877	0.00565	0.00640	0.00877	0.00860	0.01189	0.01671	0.03021	0.01692	0.02720	0.53482	0.00561	0.00961	0.27411	0.00312	0.00420
4	0.00769	0.00657	0.01031	0.29329	0.01692	0.00811	0.00866	0.00980	0.00808	0.01121	0.01046	0.01554	0.00927	0.02207	0.46620	0.00495	0.07935	0.00461	0.00231	0.00459
5	0.01099	0.01251	0.02722	0.01985	0.04515	0.01175	0.76993	0.01489	0.01097	0.01491	0.00939	0.01252	0.00707	0.00393	0.00547	0.00156	0.00778	0.00545	0.00235	0.00630
6	0.01151	0.01105	0.01888	0.02855	0.80748	0.01105	0.01428	0.01428	0.01059	0.01520	0.00875	0.01151	0.00737	0.00415	0.00461	0.00138	0.00553	0.00415	0.00230	0.00737
7	0.01282	0.00596	0.00803	0.00718	0.00914	0.00530	0.00549	0.01435	0.01175	0.37971	0.17208	0.30481	0.02446	0.00956	0.00527	0.00160	0.00318	0.00838	0.00513	0.00580
8	0.00871	0.00723	0.00908	0.00802	0.06426	0.00590	0.00572	0.01087	0.01094	0.01638	0.28635	0.01854	0.01984	0.00561	0.00424	0.00101	0.00315	0.00483	0.00355	0.50577
9	0.00853	0.00669	0.00845	0.00804	0.01029	0.00608	0.00680	0.01140	0.06445	0.01473	0.01853	0.03512	0.01897	0.00912	0.00527	0.00160	0.00395	0.45336	0.00378	0.30485
10	0.01046	0.00998	0.01699	0.33505	0.50919	0.01078	0.01376	0.01336	0.01010	0.01392	0.00857	0.01186	0.00692	0.00434	0.00462	0.00145	0.00579	0.00414	0.00221	0.00652
11	0.00884	0.00695	0.00845	0.00874	0.01037	0.00747	0.00730	0.01479	0.28583	0.01581	0.02348	0.03994	0.05122	0.01053	0.00580	0.00192	0.00400	0.47877	0.00444	0.00535
12	0.01334	0.01565	0.01079	0.00985	0.01171	0.50421	0.00743	0.01488	0.01295	0.01392	0.28558	0.01766	0.01922	0.00656	0.00506	0.00132	0.03657	0.00493	0.00333	0.00503
13	0.00665	0.00595	0.00794	0.29109	0.01527	0.00616	0.00681	0.00849	0.01015	0.01233	0.03357	0.03348	0.52662	0.00929	0.00520	0.00156	0.00370	0.00783	0.00353	0.00436
14	0.01458	0.01137	0.01396	0.29499	0.02057	0.01300	0.01027	0.51974	0.01749	0.02324	0.01016	0.01160	0.00731	0.00526	0.00465	0.00145	0.00550	0.00417	0.00375	0.00695
15	0.00999	0.00951	0.01264	0.01036	0.01180	0.01144	0.00855	0.01138	0.00800	0.01258	0.00686	0.00999	0.00638	0.00650	0.01114	0.00157	0.54024	0.00361	0.00229	0.30516
16	0.55527	0.01032	0.00931	0.00771	0.01085	0.01171	0.00635	0.28519	0.01289	0.02378	0.02374	0.00935	0.00680	0.00486	0.00355	0.00142	0.00410	0.00322	0.00354	0.00603
17	0.56934	0.00874	0.00782	0.00639	0.00970	0.00896	0.00520	0.01299	0.00852	0.01888	0.00710	0.00829	0.00568	0.00401	0.00308	0.00118	0.00355	0.00260	0.00284	0.30513
18	0.00832	0.00658	0.00772	0.00711	0.00875	0.00690	0.00543	0.01434	0.28744	0.01894	0.53070	0.02868	0.03353	0.00839	0.00522	0.00150	0.00271	0.00731	0.00499	0.00543
19	0.00919	0.00588	0.00638	0.00535	0.00755	0.00518	0.00415	0.02643	0.00996	0.01682	0.01269	0.01454	0.01009	0.00473	0.00335	0.00095	0.00267	0.00378	0.54558	0.30474
20	0.01086	0.00583	0.00684	0.00596	0.00824	0.00494	0.00469	0.01226	0.01155	0.29110	0.03709	0.03467	0.52848	0.00968	0.00521	0.00153	0.00292	0.00802	0.00482	0.00532
21	0.00784	0.00474	0.00537	0.00516	0.00613	0.00465	0.00372	0.02954	0.01074	0.01666	0.29062	0.02554	0.02385	0.15179	0.00763	0.00182	0.00266	0.00618	0.39119	0.00418
22	0.00726	0.00528	0.00716	0.00810	0.00924	0.00518	0.00702	0.00928	0.01070	0.01376	0.02733	0.05155	0.12032	0.01272	0.00631	0.00207	0.00405	0.68412	0.00429	0.00424
23	0.00599	0.00430	0.00568	0.00626	0.00682	0.00399	0.00434	0.00728	0.01039	0.01424	0.29763	0.55473	0.03535	0.01281	0.00578	0.00174	0.00252	0.01155	0.00460	0.00399
24	0.56904	0.00874	0.00932	0.29200	0.01704	0.01040	0.00779	0.01305	0.00840	0.01774	0.00710	0.00925	0.00544	0.00443	0.00350	0.00148	0.00451	0.00308	0.00260	0.00508
25	0.00658	0.00462	0.00576	0.00562	0.00628	0.00439	0.00384	0.00792	0.01064	0.01483	0.47572	0.08806	0.03358	0.29846	0.01187	0.00256	0.00304	0.00817	0.00426	0.00380
