[name]
rpl5

[dist]
# distance from previous block
# <min> <max>
0	4

[block]
# block no. 0 follows, 58 sequences, length 39
# corresponding to MSA columns:
# 4-42
name=unknown_A
#
# <colnr> <probs for GDERKNQSTAVLIFYWHMCP>
#	G	D	E	R	K	N	Q	S	T	A	V	L	I	F	Y	W	H	M	C	P
0	0.00645	0.00433	0.00500	0.00512	0.00518	0.00431	0.00301	0.00659	0.00682	0.00908	0.01534	0.09642	0.01773	0.74213	0.02072	0.00404	0.00419	0.03782	0.00288	0.00284
1	0.01072	0.00908	0.01139	0.00826	0.01221	0.00777	0.07075	0.14770	0.01141	0.01691	0.00852	0.00976	0.00681	0.00371	0.00367	0.00085	0.00394	0.00310	0.00293	0.65052
2	0.00549	0.00391	0.00518	0.00618	0.00643	0.00366	0.00410	0.00624	0.00849	0.01132	0.02429	0.81156	0.02912	0.04296	0.00631	0.00190	0.00266	0.01250	0.00410	0.00360
3	0.01103	0.04420	0.01308	0.01089	0.01229	0.24620	0.07279	0.01247	0.00902	0.01100	0.00808	0.01145	0.00733	0.01327	0.22641	0.00304	0.27650	0.00390	0.00220	0.00486
4	0.00651	0.00434	0.00488	0.00488	0.00488	0.00434	0.00271	0.00651	0.00651	0.00867	0.01409	0.02927	0.01626	0.84279	0.02277	0.00434	0.00434	0.00651	0.00271	0.00271
5	0.00979	0.00979	0.01370	0.01174	0.01174	0.01370	0.00979	0.01077	0.00685	0.01077	0.00587	0.00979	0.00587	0.00783	0.01468	0.00196	0.83461	0.00391	0.00196	0.00489
6	0.00639	0.00479	0.00719	0.00719	0.00799	0.00559	0.00559	0.00799	0.00719	0.01038	0.01198	0.01757	0.01118	0.03355	0.82507	0.00719	0.01198	0.00479	0.00240	0.00399
7	0.00897	0.02314	0.81962	0.01275	0.01936	0.01039	0.01653	0.01417	0.00944	0.01417	0.00803	0.00944	0.00567	0.00425	0.00425	0.00142	0.00661	0.00331	0.00189	0.00661
8	0.01196	0.84548	0.02344	0.00765	0.01148	0.01770	0.00765	0.01339	0.00909	0.01052	0.00622	0.00718	0.00574	0.00383	0.00287	0.00096	0.00478	0.00239	0.00191	0.00574
9	0.00625	0.00457	0.00586	0.00554	0.00663	0.00418	0.00415	0.00828	0.01246	0.01746	0.74977	0.03420	0.10527	0.00932	0.00528	0.00142	0.00212	0.00820	0.00486	0.00418
10	0.01501	0.01104	0.01200	0.00959	0.01260	0.01210	0.00775	0.66273	0.01888	0.02529	0.01315	0.15410	0.01141	0.00686	0.00469	0.00142	0.00452	0.00553	0.00442	0.00692
11	0.00845	0.00795	0.01342	0.83204	0.03081	0.00994	0.01242	0.01143	0.00894	0.01143	0.00795	0.01193	0.00596	0.00447	0.00447	0.00149	0.00596	0.00398	0.00199	0.00497
12	0.01056	0.01207	0.02640	0.01885	0.02338	0.01131	0.79864	0.01433	0.01056	0.01433	0.00905	0.01207	0.00679	0.00377	0.00528	0.00151	0.00754	0.00528	0.00226	0.00603
13	0.01172	0.77821	0.08857	0.00807	0.01213	0.01710	0.00838	0.01346	0.00912	0.01082	0.00637	0.00736	0.00573	0.00386	0.00298	0.00099	0.00493	0.00247	0.00191	0.00581
14	0.00858	0.00721	0.00853	0.00655	0.00985	0.00554	0.00509	0.01035	0.00915	0.01400	0.01099	0.16025	0.01080	0.00526	0.00375	0.00087	0.00318	0.00448	0.00292	0.71263
15	0.00545	0.00389	0.00519	0.00623	0.00649	0.00363	0.00415	0.00623	0.00856	0.01142	0.02465	0.83987	0.02959	0.01401	0.00571	0.00182	0.00260	0.01272	0.00415	0.00363
16	0.00545	0.00389	0.00519	0.00623	0.00649	0.00363	0.00415	0.00623	0.00856	0.01142	0.02465	0.83987	0.02959	0.01401	0.00571	0.00182	0.00260	0.01272	0.00415	0.00363
17	0.01107	0.01063	0.01816	0.02746	0.81489	0.01063	0.01373	0.01373	0.01019	0.01461	0.00841	0.01107	0.00709	0.00399	0.00443	0.00133	0.00531	0.00399	0.00221	0.00709
18	0.00794	0.00640	0.00770	0.00659	0.00898	0.00526	0.00493	0.03669	0.00939	0.01372	0.01508	0.35900	0.01633	0.00789	0.00436	0.00117	0.00307	0.00694	0.00335	0.47522
19	0.01671	0.02132	0.01268	0.01152	0.01383	0.82483	0.00864	0.01786	0.01268	0.01095	0.00691	0.00807	0.00576	0.00461	0.00403	0.00115	0.00807	0.00288	0.00230	0.00519
20	0.00910	0.00877	0.01238	0.01082	0.01098	0.01206	0.00894	0.01020	0.00692	0.01069	0.00711	0.01137	0.00695	0.01305	0.17913	0.00302	0.66767	0.00409	0.00205	0.00471
21	0.01934	0.00778	0.01036	0.00805	0.01144	0.00695	0.00662	0.02196	0.07776	0.75260	0.01769	0.01535	0.01128	0.00558	0.00450	0.00140	0.00378	0.00454	0.00546	0.00757
22	0.01671	0.02132	0.01268	0.01152	0.01383	0.82483	0.00864	0.01786	0.01268	0.01095	0.00691	0.00807	0.00576	0.00461	0.00403	0.00115	0.00807	0.00288	0.00230	0.00519
23	0.00633	0.00457	0.00598	0.00563	0.00668	0.00422	0.00422	0.00844	0.01266	0.01794	0.81253	0.03341	0.04221	0.00914	0.00528	0.00141	0.00211	0.00809	0.00492	0.00422
24	0.00721	0.00515	0.00721	0.00824	0.00927	0.00515	0.00721	0.00927	0.01030	0.01339	0.02368	0.05046	0.02574	0.01236	0.00618	0.00206	0.00412	0.78478	0.00412	0.00412
25	0.00897	0.02314	0.81962	0.01275	0.01936	0.01039	0.01653	0.01417	0.00944	0.01417	0.00803	0.00944	0.00567	0.00425	0.00425	0.00142	0.00661	0.00331	0.00189	0.00661
26	0.00633	0.00457	0.00598	0.00563	0.00668	0.00422	0.00422	0.00844	0.01266	0.01794	0.81253	0.03341	0.04221	0.00914	0.00528	0.00141	0.00211	0.00809	0.00492	0.00422
27	0.00928	0.00795	0.00928	0.00663	0.01060	0.00596	0.00530	0.01126	0.00928	0.01458	0.00795	0.00928	0.00663	0.00331	0.00331	0.00066	0.00331	0.00265	0.00265	0.87014
28	0.87439	0.00865	0.00657	0.00588	0.00865	0.01003	0.00484	0.01315	0.00761	0.02007	0.00623	0.00727	0.00484	0.00415	0.00277	0.00138	0.00346	0.00242	0.00277	0.00484
29	0.01457	0.01071	0.01169	0.00944	0.01232	0.01172	0.00759	0.63297	0.01841	0.02466	0.01367	0.18519	0.01223	0.00719	0.00473	0.00144	0.00443	0.00586	0.00441	0.00677
30	0.00923	0.00520	0.00535	0.00497	0.00623	0.00536	0.00374	0.10593	0.01055	0.01739	0.01408	0.01703	0.01141	0.07665	0.00497	0.00136	0.00262	0.00435	0.68910	0.00446
31	0.00906	0.02256	0.78036	0.01326	0.03904	0.01042	0.03571	0.01416	0.00949	0.01418	0.00806	0.00955	0.00573	0.00423	0.00428	0.00142	0.00660	0.00337	0.00191	0.00661
32	0.00529	0.00453	0.00453	0.00453	0.00604	0.00378	0.00340	0.00642	0.01020	0.01208	0.04532	0.04305	0.81307	0.01133	0.00529	0.00151	0.00227	0.00944	0.00415	0.00378
33	0.00845	0.00795	0.01342	0.83204	0.03081	0.00994	0.01242	0.01143	0.00894	0.01143	0.00795	0.01193	0.00596	0.00447	0.00447	0.00149	0.00596	0.00398	0.00199	0.00497
34	0.00627	0.00456	0.00590	0.00559	0.00665	0.00419	0.00418	0.00830	0.01246	0.01754	0.76189	0.05201	0.07495	0.00935	0.00529	0.00142	0.00213	0.00825	0.00487	0.00419
35	0.00626	0.00454	0.00590	0.00563	0.00666	0.00418	0.00420	0.00828	0.01239	0.01746	0.75305	0.07388	0.06186	0.00945	0.00530	0.00143	0.00214	0.00836	0.00487	0.00418
36	0.00976	0.00824	0.01023	0.00734	0.01132	0.00641	0.04446	0.02805	0.00967	0.03459	0.00830	0.00959	0.00676	0.00343	0.00346	0.00074	0.00357	0.00285	0.00274	0.78849
37	0.01107	0.01063	0.01816	0.02746	0.81489	0.01063	0.01373	0.01373	0.01019	0.01461	0.00841	0.01107	0.00709	0.00399	0.00443	0.00133	0.00531	0.00399	0.00221	0.00709
38	0.01844	0.00901	0.07683	0.03051	0.03118	0.00717	0.00772	0.02076	0.03066	0.69400	0.01640	0.01460	0.01046	0.00538	0.00448	0.00139	0.00412	0.00439	0.00505	0.00744

[dist]
# distance from previous block
# <min> <max>
0	2

[block]
# block no. 1 follows, 58 sequences, length 10
# corresponding to MSA columns:
# 45-54
name=unknown_B
#
# <colnr> <probs for GDERKNQSTAVLIFYWHMCP>
#	G	D	E	R	K	N	Q	S	T	A	V	L	I	F	Y	W	H	M	C	P
0	0.00928	0.00795	0.00928	0.00663	0.01060	0.00596	0.00530	0.01126	0.00928	0.01458	0.00795	0.00928	0.00663	0.00331	0.00331	0.00066	0.00331	0.00265	0.00265	0.87014
1	0.00734	0.00549	0.00775	0.00747	0.00852	0.00633	0.00585	0.07902	0.00843	0.01198	0.01187	0.01696	0.01086	0.03102	0.75147	0.00666	0.01135	0.00472	0.00258	0.00432
2	0.01387	0.47459	0.01871	0.00930	0.01246	0.28834	0.00813	0.07536	0.01113	0.01204	0.00679	0.00784	0.00590	0.00435	0.00381	0.00109	0.03565	0.00274	0.00224	0.00567
3	0.00644	0.00431	0.00490	0.00496	0.00498	0.00429	0.00280	0.00649	0.00663	0.00884	0.01474	0.07853	0.01707	0.79243	0.02173	0.00418	0.00423	0.00688	0.00280	0.00277
4	0.00557	0.00480	0.00535	0.07754	0.00825	0.00431	0.00424	0.00685	0.01000	0.01199	0.04088	0.08444	0.69856	0.01087	0.00524	0.00153	0.00261	0.00914	0.00396	0.00387
5	0.00608	0.00504	0.00519	0.00504	0.00666	0.00445	0.00388	0.05450	0.01086	0.01312	0.04227	0.04143	0.72946	0.01101	0.00528	0.00152	0.00251	0.04352	0.00417	0.00402
6	0.01099	0.01086	0.01949	0.02606	0.68644	0.01074	0.14111	0.01383	0.01025	0.01457	0.00852	0.01123	0.00704	0.00395	0.00457	0.00136	0.00568	0.00420	0.00222	0.00691
7	0.01671	0.02132	0.01268	0.01152	0.01383	0.82483	0.00864	0.01786	0.01268	0.01095	0.00691	0.00807	0.00576	0.00461	0.00403	0.00115	0.00807	0.00288	0.00230	0.00519
8	0.87439	0.00865	0.00657	0.00588	0.00865	0.01003	0.00484	0.01315	0.00761	0.02007	0.00623	0.00727	0.00484	0.00415	0.00277	0.00138	0.00346	0.00242	0.00277	0.00484
9	0.01107	0.01063	0.01816	0.02746	0.81489	0.01063	0.01373	0.01373	0.01019	0.01461	0.00841	0.01107	0.00709	0.00399	0.00443	0.00133	0.00531	0.00399	0.00221	0.00709

[dist]
# distance from previous block
# <min> <max>
0	1

[block]
# block no. 2 follows, 58 sequences, length 14
# corresponding to MSA columns:
# 56-69
name=unknown_C
#
# <colnr> <probs for GDERKNQSTAVLIFYWHMCP>
#	G	D	E	R	K	N	Q	S	T	A	V	L	I	F	Y	W	H	M	C	P
0	0.00545	0.00389	0.00519	0.00623	0.00649	0.00363	0.00415	0.00623	0.00856	0.01142	0.02465	0.83987	0.02959	0.01401	0.00571	0.00182	0.00260	0.01272	0.00415	0.00363
1	0.02007	0.00761	0.01038	0.00796	0.01142	0.00657	0.00657	0.02180	0.01280	0.81799	0.01765	0.01523	0.01107	0.00554	0.00450	0.00138	0.00381	0.00450	0.00554	0.00761
2	0.00721	0.00515	0.00721	0.00824	0.00927	0.00515	0.00721	0.00927	0.01030	0.01339	0.02368	0.05046	0.02574	0.01236	0.00618	0.00206	0.00412	0.78478	0.00412	0.00412
3	0.00897	0.02314	0.81962	0.01275	0.01936	0.01039	0.01653	0.01417	0.00944	0.01417	0.00803	0.00944	0.00567	0.00425	0.00425	0.00142	0.00661	0.00331	0.00189	0.00661
4	0.00529	0.00453	0.00453	0.00453	0.00604	0.00378	0.00340	0.00642	0.01020	0.01208	0.04532	0.04305	0.81307	0.01133	0.00529	0.00151	0.00227	0.00944	0.00415	0.00378
5	0.00979	0.00814	0.00942	0.00696	0.01066	0.00659	0.00554	0.08892	0.01039	0.01572	0.00931	0.06347	0.00822	0.00421	0.00358	0.00080	0.00343	0.00344	0.00293	0.72846
6	0.00843	0.00720	0.01157	0.66686	0.02570	0.00879	0.01057	0.01123	0.00903	0.01248	0.00928	0.01287	0.00706	0.00462	0.00420	0.00140	0.00519	0.00401	0.17470	0.00481
7	0.87439	0.00865	0.00657	0.00588	0.00865	0.01003	0.00484	0.01315	0.00761	0.02007	0.00623	0.00727	0.00484	0.00415	0.00277	0.00138	0.00346	0.00242	0.00277	0.00484
8	0.01056	0.01207	0.02640	0.01885	0.02338	0.01131	0.79864	0.01433	0.01056	0.01433	0.00905	0.01207	0.00679	0.00377	0.00528	0.00151	0.00754	0.00528	0.00226	0.00603
9	0.01095	0.01050	0.01793	0.06585	0.77747	0.01060	0.01367	0.01362	0.01013	0.01446	0.00839	0.01111	0.00703	0.00401	0.00443	0.00134	0.00535	0.00399	0.00220	0.00698
10	0.00733	0.00557	0.00760	0.00958	0.16894	0.00554	0.00508	0.00794	0.00745	0.01014	0.01398	0.10477	0.01571	0.59211	0.01739	0.00348	0.00436	0.00660	0.00275	0.00369
11	0.00539	0.00456	0.00479	0.00479	0.00623	0.00395	0.00361	0.00657	0.00991	0.01192	0.04209	0.04059	0.73550	0.01348	0.08459	0.00206	0.00321	0.00899	0.00398	0.00380
12	0.01020	0.01204	0.06175	0.12615	0.02417	0.01109	0.65808	0.01394	0.01029	0.01394	0.00886	0.01193	0.00663	0.00389	0.00512	0.00150	0.00729	0.00501	0.00221	0.00592
13	0.01100	0.00963	0.01046	0.00936	0.01164	0.01138	0.00734	0.02251	0.72942	0.01794	0.01701	0.01602	0.01290	0.00624	0.00553	0.00156	0.08393	0.00495	0.00430	0.00687

[dist]
# distance from previous block
# <min> <max>
0	1

[block]
# block no. 3 follows, 58 sequences, length 18
# corresponding to MSA columns:
# 71-88
name=unknown_D
#
# <colnr> <probs for GDERKNQSTAVLIFYWHMCP>
#	G	D	E	R	K	N	Q	S	T	A	V	L	I	F	Y	W	H	M	C	P
0	0.32015	0.00827	0.01108	0.51310	0.04391	0.00999	0.00973	0.01211	0.00850	0.01462	0.00734	0.01023	0.00559	0.00434	0.00386	0.00145	0.00504	0.00342	0.00227	0.00498
1	0.55424	0.00736	0.00656	0.00591	0.00812	0.00815	0.00473	0.03269	0.00970	0.01956	0.28231	0.01631	0.01771	0.00589	0.00367	0.00139	0.00304	0.00441	0.00355	0.00471
2	0.01355	0.01057	0.01305	0.29136	0.01933	0.01206	0.00965	0.49409	0.01633	0.02169	0.01042	0.04875	0.00804	0.00545	0.00453	0.00141	0.00517	0.00440	0.00361	0.00652
3	0.01093	0.01045	0.01569	0.01244	0.01565	0.01119	0.27800	0.02054	0.53429	0.01721	0.01507	0.01511	0.01130	0.00528	0.00480	0.00151	0.00491	0.00513	0.00377	0.00672
4	0.57820	0.01361	0.28484	0.00823	0.01232	0.01016	0.00884	0.01350	0.00824	0.01805	0.00684	0.00801	0.00513	0.00419	0.00328	0.00140	0.00454	0.00272	0.00247	0.00545
5	0.01310	0.01128	0.01654	0.02158	0.54074	0.01174	0.01194	0.28282	0.01390	0.01926	0.00921	0.01096	0.00726	0.00446	0.00444	0.00133	0.00518	0.00400	0.00299	0.00726
6	0.01408	0.01096	0.01342	0.29154	0.01967	0.01253	0.00984	0.53009	0.01689	0.02245	0.00979	0.01115	0.00704	0.00506	0.00447	0.00139	0.00528	0.00401	0.00362	0.00670
7	0.00651	0.00434	0.00488	0.00488	0.00488	0.00434	0.00271	0.00651	0.00651	0.00867	0.01409	0.02927	0.01626	0.84279	0.02277	0.00434	0.00434	0.00651	0.00271	0.00271
8	0.00965	0.29460	0.01685	0.54989	0.02419	0.01259	0.01079	0.01210	0.00899	0.01112	0.00736	0.01030	0.00589	0.00425	0.00392	0.00131	0.00556	0.00343	0.00196	0.00523
9	0.01436	0.01096	0.01200	0.00904	0.01275	0.01117	0.00741	0.53003	0.01701	0.02353	0.00979	0.01024	0.00727	0.00467	0.00408	0.00111	0.00437	0.00356	0.00385	0.30281
10	0.01280	0.01557	0.00989	0.00913	0.01116	0.54382	0.00685	0.01395	0.01183	0.01134	0.02006	0.02004	0.28207	0.00691	0.00446	0.00127	0.00608	0.00513	0.00294	0.00470
11	0.00800	0.00668	0.00893	0.00731	0.00989	0.00586	0.03947	0.00982	0.00855	0.01285	0.01087	0.08652	0.01025	0.01464	0.28486	0.00304	0.00640	0.00440	0.00268	0.45898
12	0.01010	0.00714	0.00780	0.00673	0.00796	0.00760	0.00469	0.27807	0.01148	0.01535	0.01295	0.02293	0.01330	0.55618	0.01651	0.00331	0.00454	0.00566	0.00331	0.00439
13	0.00624	0.00389	0.00541	0.00609	0.00626	0.00372	0.00406	0.00609	0.00763	0.01017	0.01888	0.55708	0.02212	0.01454	0.00974	0.29891	0.00304	0.00969	0.00340	0.00305
14	0.81499	0.00965	0.06238	0.00635	0.00939	0.01006	0.00565	0.01322	0.00774	0.01966	0.00635	0.00742	0.00490	0.00416	0.00287	0.00139	0.00368	0.00248	0.00271	0.00497
15	0.01491	0.01220	0.01776	0.01314	0.01704	0.01274	0.27886	0.50366	0.01716	0.05128	0.01040	0.01135	0.00745	0.00483	0.00475	0.00140	0.00578	0.00447	0.00376	0.00707
16	0.01202	0.01404	0.00974	0.00948	0.04673	0.44859	0.00677	0.02848	0.01156	0.01172	0.02057	0.02133	0.28271	0.05055	0.00546	0.00145	0.00570	0.00539	0.00300	0.00471
17	0.01107	0.01063	0.01816	0.02746	0.81489	0.01063	0.01373	0.01373	0.01019	0.01461	0.00841	0.01107	0.00709	0.00399	0.00443	0.00133	0.00531	0.00399	0.00221	0.00709

[dist]
# distance from previous block
# <min> <max>
0	2

[block]
# block no. 4 follows, 58 sequences, length 12
# corresponding to MSA columns:
# 91-102
name=unknown_E
#
# <colnr> <probs for GDERKNQSTAVLIFYWHMCP>
#	G	D	E	R	K	N	Q	S	T	A	V	L	I	F	Y	W	H	M	C	P
0	0.01107	0.01063	0.01816	0.02746	0.81489	0.01063	0.01373	0.01373	0.01019	0.01461	0.00841	0.01107	0.00709	0.00399	0.00443	0.00133	0.00531	0.00399	0.00221	0.00709
1	0.71630	0.12807	0.00926	0.03952	0.00995	0.01113	0.00555	0.01311	0.00788	0.01836	0.00630	0.00744	0.00502	0.00412	0.00285	0.00133	0.00375	0.00248	0.00261	0.00498
2	0.00651	0.00484	0.00719	0.00734	0.00817	0.00553	0.00582	0.00817	0.00763	0.01081	0.01365	0.02227	0.01326	0.03052	0.70818	0.00646	0.01086	0.11612	0.00264	0.00401
3	0.00850	0.00584	0.00721	0.00638	0.00787	0.00571	0.00489	0.12197	0.01366	0.05615	0.63445	0.02920	0.03496	0.03643	0.00571	0.00150	0.00267	0.00729	0.00481	0.00481
4	0.01548	0.01139	0.01236	0.00963	0.01285	0.01249	0.00789	0.68700	0.01984	0.02673	0.12518	0.01398	0.01255	0.00591	0.00459	0.00135	0.00452	0.00461	0.00454	0.00712
5	0.01196	0.84548	0.02344	0.00765	0.01148	0.01770	0.00765	0.01339	0.00909	0.01052	0.00622	0.00718	0.00574	0.00383	0.00287	0.00096	0.00478	0.00239	0.00191	0.00574
6	0.00545	0.00389	0.00519	0.00623	0.00649	0.00363	0.00415	0.00623	0.00856	0.01142	0.02465	0.83987	0.02959	0.01401	0.00571	0.00182	0.00260	0.01272	0.00415	0.00363
7	0.02007	0.00761	0.01038	0.00796	0.01142	0.00657	0.00657	0.02180	0.01280	0.81799	0.01765	0.01523	0.01107	0.00554	0.00450	0.00138	0.00381	0.00450	0.00554	0.00761
8	0.00845	0.00795	0.01342	0.83204	0.03081	0.00994	0.01242	0.01143	0.00894	0.01143	0.00795	0.01193	0.00596	0.00447	0.00447	0.00149	0.00596	0.00398	0.00199	0.00497
9	0.01047	0.01267	0.06928	0.01852	0.02316	0.01126	0.75636	0.01432	0.01050	0.01432	0.00899	0.01192	0.00673	0.00380	0.00522	0.00150	0.00749	0.00517	0.00224	0.00606
10	0.01700	0.01253	0.01342	0.01029	0.01387	0.01387	0.00850	0.79997	0.02103	0.02819	0.01074	0.01074	0.00761	0.00537	0.00447	0.00134	0.00492	0.00403	0.00447	0.00761
11	0.01113	0.00961	0.01011	0.00910	0.01163	0.01113	0.00708	0.02377	0.80681	0.01871	0.01821	0.01669	0.01365	0.00607	0.00455	0.00152	0.00354	0.00506	0.00455	0.00708

[dist]
# distance from previous block
# <min> <max>
0	2

[block]
# block no. 5 follows, 58 sequences, length 8
# corresponding to MSA columns:
# 105-112
name=unknown_F
#
# <colnr> <probs for GDERKNQSTAVLIFYWHMCP>
#	G	D	E	R	K	N	Q	S	T	A	V	L	I	F	Y	W	H	M	C	P
0	0.00544	0.00394	0.00514	0.00610	0.00646	0.00364	0.00410	0.00624	0.00868	0.01147	0.02617	0.78134	0.08714	0.01382	0.00568	0.00179	0.00257	0.01248	0.00415	0.00364
1	0.00845	0.00795	0.01342	0.83204	0.03081	0.00994	0.01242	0.01143	0.00894	0.01143	0.00795	0.01193	0.00596	0.00447	0.00447	0.00149	0.00596	0.00398	0.00199	0.00497
2	0.87439	0.00865	0.00657	0.00588	0.00865	0.01003	0.00484	0.01315	0.00761	0.02007	0.00623	0.00727	0.00484	0.00415	0.00277	0.00138	0.00346	0.00242	0.00277	0.00484
3	0.00969	0.00965	0.01368	0.07200	0.01314	0.01342	0.00998	0.01081	0.00700	0.01081	0.00602	0.00994	0.00588	0.00758	0.01393	0.00192	0.77374	0.00392	0.00196	0.00490
4	0.77587	0.00910	0.00736	0.00639	0.00925	0.01048	0.00526	0.10356	0.00915	0.02100	0.00675	0.00767	0.00516	0.00429	0.00296	0.00138	0.00363	0.00261	0.00296	0.00516
5	0.00721	0.00515	0.00721	0.00824	0.00927	0.00515	0.00721	0.00927	0.01030	0.01339	0.02368	0.05046	0.02574	0.01236	0.00618	0.00206	0.00412	0.78478	0.00412	0.00412
6	0.01524	0.01115	0.01199	0.00938	0.01236	0.01227	0.00753	0.66634	0.01859	0.02490	0.01130	0.01386	0.00906	0.14640	0.00756	0.00185	0.00482	0.00444	0.00418	0.00678
7	0.01506	0.01857	0.01292	0.01158	0.01333	0.63136	0.00892	0.01617	0.01129	0.01090	0.00667	0.00848	0.00579	0.00538	0.00657	0.00134	0.20522	0.00313	0.00222	0.00512

[dist]
# distance from previous block
# <min> <max>
0	2

[block]
# block no. 6 follows, 58 sequences, length 79
# corresponding to MSA columns:
# 115-193
name=unknown_G
#
# <colnr> <probs for GDERKNQSTAVLIFYWHMCP>
#	G	D	E	R	K	N	Q	S	T	A	V	L	I	F	Y	W	H	M	C	P
0	0.00651	0.00434	0.00488	0.00488	0.00488	0.00434	0.00271	0.00651	0.00651	0.00867	0.01409	0.02927	0.01626	0.84279	0.02277	0.00434	0.00434	0.00651	0.00271	0.00271
1	0.01423	0.01079	0.01262	0.01178	0.11625	0.01167	0.00842	0.55871	0.01757	0.02370	0.03914	0.12972	0.01183	0.00655	0.00467	0.00141	0.00455	0.00540	0.00415	0.00686
2	0.00620	0.00457	0.00579	0.00549	0.00660	0.00416	0.00411	0.00818	0.01234	0.01718	0.71324	0.03466	0.14197	0.00943	0.00528	0.00142	0.00213	0.00826	0.00482	0.00416
3	0.00804	0.00751	0.01227	0.72494	0.02760	0.00914	0.01126	0.01078	0.00911	0.01151	0.01279	0.01595	0.11042	0.00536	0.00458	0.00149	0.00548	0.00468	0.00227	0.00481
4	0.00529	0.00453	0.00453	0.00453	0.00604	0.00378	0.00340	0.00642	0.01020	0.01208	0.04532	0.04305	0.81307	0.01133	0.00529	0.00151	0.00227	0.00944	0.00415	0.00378
5	0.12767	0.01070	0.01152	0.00909	0.01233	0.01157	0.00744	0.52579	0.01720	0.14720	0.01214	0.06630	0.00925	0.00581	0.00434	0.00139	0.00441	0.00447	0.00440	0.00699
6	0.00937	0.00808	0.00844	0.00773	0.00995	0.00892	0.00598	0.01856	0.56764	0.01672	0.02635	0.02460	0.25366	0.00765	0.00477	0.00152	0.00316	0.00637	0.00443	0.00609
7	0.00633	0.00457	0.00598	0.00563	0.00668	0.00422	0.00422	0.00844	0.01266	0.01794	0.81253	0.03341	0.04221	0.00914	0.00528	0.00141	0.00211	0.00809	0.00492	0.00422
8	0.00698	0.00499	0.00695	0.00798	0.00891	0.00495	0.00681	0.00887	0.01007	0.01313	0.02381	0.15263	0.02624	0.01257	0.00612	0.00203	0.00392	0.68486	0.00412	0.00406
9	0.01700	0.01253	0.01342	0.01029	0.01387	0.01387	0.00850	0.79997	0.02103	0.02819	0.01074	0.01074	0.00761	0.00537	0.00447	0.00134	0.00492	0.00403	0.00447	0.00761
10	0.00559	0.00395	0.00515	0.00605	0.00628	0.00372	0.00397	0.00626	0.00830	0.01106	0.02329	0.73496	0.02786	0.12128	0.00792	0.00214	0.00282	0.01191	0.00397	0.00351
11	0.00547	0.00390	0.00518	0.00620	0.00646	0.00365	0.00412	0.00623	0.00852	0.01137	0.02445	0.82426	0.02933	0.02998	0.00604	0.00187	0.00263	0.01260	0.00412	0.00362
12	0.01257	0.73882	0.02205	0.00815	0.01178	0.12216	0.00778	0.01397	0.00955	0.01058	0.00631	0.00729	0.00574	0.00393	0.00302	0.00098	0.00521	0.00246	0.00196	0.00567
13	0.01500	0.01097	0.01183	0.00930	0.01221	0.01207	0.00744	0.64840	0.01827	0.02449	0.01135	0.01409	0.00918	0.15190	0.02132	0.00196	0.00494	0.00447	0.00413	0.00669
14	0.00918	0.00788	0.00935	0.03619	0.01125	0.00606	0.00553	0.01118	0.00925	0.01441	0.00825	0.02438	0.00702	0.00355	0.00340	0.00071	0.00339	0.00288	0.00265	0.82348
15	0.11868	0.00510	0.00606	0.00566	0.00694	0.00497	0.00430	0.00905	0.01201	0.01821	0.70818	0.03003	0.03737	0.00850	0.00495	0.00140	0.00229	0.00736	0.00465	0.00430
16	0.00901	0.02290	0.80460	0.01303	0.03426	0.01039	0.01647	0.01416	0.00946	0.01417	0.00803	0.00947	0.00569	0.00424	0.00425	0.00141	0.00659	0.00332	0.00189	0.00662
17	0.00529	0.00453	0.00453	0.00453	0.00604	0.00378	0.00340	0.00642	0.01020	0.01208	0.04532	0.04305	0.81307	0.01133	0.00529	0.00151	0.00227	0.00944	0.00415	0.00378
18	0.00849	0.00804	0.01369	0.81479	0.03065	0.00997	0.02910	0.01149	0.00898	0.01149	0.00797	0.01193	0.00598	0.00446	0.00449	0.00149	0.00600	0.00400	0.00199	0.00499
19	0.00967	0.01895	0.55128	0.01767	0.28571	0.01047	0.01559	0.01402	0.00969	0.01432	0.00816	0.00999	0.00614	0.00416	0.00431	0.00139	0.00618	0.00353	0.00200	0.00677
20	0.01671	0.02132	0.01268	0.01152	0.01383	0.82483	0.00864	0.01786	0.01268	0.01095	0.00691	0.00807	0.00576	0.00461	0.00403	0.00115	0.00807	0.00288	0.00230	0.00519
21	0.01655	0.01217	0.01305	0.01006	0.01348	0.01346	0.00825	0.76543	0.02040	0.02734	0.01089	0.01155	0.00798	0.04182	0.00527	0.00147	0.00490	0.00414	0.00440	0.00739
22	0.00535	0.00455	0.00462	0.00466	0.00615	0.00382	0.00353	0.00651	0.01020	0.01213	0.04459	0.04330	0.78684	0.01136	0.00532	0.00153	0.00233	0.03527	0.00415	0.00379
23	0.01056	0.01207	0.02640	0.01885	0.02338	0.01131	0.79864	0.01433	0.01056	0.01433	0.00905	0.01207	0.00679	0.00377	0.00528	0.00151	0.00754	0.00528	0.00226	0.00603
24	0.00651	0.00434	0.00488	0.00488	0.00488	0.00434	0.00271	0.00651	0.00651	0.00867	0.01409	0.02927	0.01626	0.84279	0.02277	0.00434	0.00434	0.00651	0.00271	0.00271
25	0.01600	0.01194	0.01289	0.00982	0.01345	0.01285	0.00809	0.69790	0.01951	0.02643	0.01038	0.01055	0.00748	0.00510	0.00432	0.00125	0.00471	0.00385	0.00424	0.11924
26	0.00721	0.00515	0.00721	0.00824	0.00927	0.00515	0.00721	0.00927	0.01030	0.01339	0.02368	0.05046	0.02574	0.01236	0.00618	0.00206	0.00412	0.78478	0.00412	0.00412
27	0.00897	0.02314	0.81962	0.01275	0.01936	0.01039	0.01653	0.01417	0.00944	0.01417	0.00803	0.00944	0.00567	0.00425	0.00425	0.00142	0.00661	0.00331	0.00189	0.00661
28	0.01113	0.00961	0.01011	0.00910	0.01163	0.01113	0.00708	0.02377	0.80681	0.01871	0.01821	0.01669	0.01365	0.00607	0.00455	0.00152	0.00354	0.00506	0.00455	0.00708
29	0.00897	0.02314	0.81962	0.01275	0.01936	0.01039	0.01653	0.01417	0.00944	0.01417	0.00803	0.00944	0.00567	0.00425	0.00425	0.00142	0.00661	0.00331	0.00189	0.00661
30	0.00651	0.00434	0.00488	0.00488	0.00488	0.00434	0.00271	0.00651	0.00651	0.00867	0.01409	0.02927	0.01626	0.84279	0.02277	0.00434	0.00434	0.00651	0.00271	0.00271
31	0.00810	0.00419	0.00426	0.00426	0.00517	0.00419	0.00307	0.00992	0.00901	0.01564	0.01453	0.01831	0.01209	0.11361	0.00567	0.00147	0.00238	0.00447	0.75569	0.00398
32	0.00924	0.02278	0.79276	0.01267	0.01918	0.01050	0.01626	0.04035	0.00983	0.01463	0.00812	0.00949	0.00573	0.00429	0.00426	0.00141	0.00655	0.00333	0.00198	0.00664
33	0.00648	0.00433	0.00489	0.00491	0.00492	0.00432	0.00274	0.00650	0.00655	0.00874	0.01433	0.04769	0.01657	0.82396	0.02238	0.00428	0.00430	0.00665	0.00274	0.00273
34	0.01565	0.01147	0.01232	0.00959	0.01271	0.01264	0.00775	0.69728	0.01915	0.02567	0.01117	0.01314	0.00873	0.11375	0.00684	0.00173	0.00485	0.00435	0.00425	0.00697
35	0.00928	0.00795	0.00928	0.00663	0.01060	0.00596	0.00530	0.01126	0.00928	0.01458	0.00795	0.00928	0.00663	0.00331	0.00331	0.00066	0.00331	0.00265	0.00265	0.87014
36	0.00897	0.02314	0.81962	0.01275	0.01936	0.01039	0.01653	0.01417	0.00944	0.01417	0.00803	0.00944	0.00567	0.00425	0.00425	0.00142	0.00661	0.00331	0.00189	0.00661
37	0.00545	0.00389	0.00519	0.00623	0.00649	0.00363	0.00415	0.00623	0.00856	0.01142	0.02465	0.83987	0.02959	0.01401	0.00571	0.00182	0.00260	0.01272	0.00415	0.00363
38	0.01041	0.02113	0.71488	0.01213	0.01833	0.00990	0.01524	0.01515	0.00988	0.11820	0.00927	0.01019	0.00637	0.00442	0.00428	0.00141	0.00625	0.00346	0.00236	0.00674
39	0.01196	0.84548	0.02344	0.00765	0.01148	0.01770	0.00765	0.01339	0.00909	0.01052	0.00622	0.00718	0.00574	0.00383	0.00287	0.00096	0.00478	0.00239	0.00191	0.00574
40	0.00979	0.00979	0.01370	0.01174	0.01174	0.01370	0.00979	0.01077	0.00685	0.01077	0.00587	0.00979	0.00587	0.00783	0.01468	0.00196	0.83461	0.00391	0.00196	0.00489
41	0.00651	0.00434	0.00488	0.00488	0.00488	0.00434	0.00271	0.00651	0.00651	0.00867	0.01409	0.02927	0.01626	0.84279	0.02277	0.00434	0.00434	0.00651	0.00271	0.00271
42	0.00897	0.02314	0.81962	0.01275	0.01936	0.01039	0.01653	0.01417	0.00944	0.01417	0.00803	0.00944	0.00567	0.00425	0.00425	0.00142	0.00661	0.00331	0.00189	0.00661
43	0.00545	0.00454	0.00475	0.00470	0.00614	0.00384	0.00352	0.00673	0.01057	0.01298	0.16303	0.04157	0.69480	0.01099	0.00529	0.00149	0.00224	0.00923	0.00427	0.00384
44	0.00644	0.00431	0.00490	0.00496	0.00497	0.00430	0.00279	0.00649	0.00662	0.00883	0.01470	0.07581	0.01703	0.79521	0.02179	0.00419	0.00424	0.00686	0.00279	0.00276
45	0.01001	0.02177	0.71528	0.01243	0.01865	0.01084	0.01549	0.11587	0.01094	0.01598	0.00838	0.00961	0.00592	0.00439	0.00428	0.00141	0.00639	0.00340	0.00222	0.00674
46	0.01068	0.01128	0.01357	0.01172	0.01201	0.11868	0.00964	0.01168	0.00760	0.01079	0.00601	0.00956	0.00586	0.00741	0.01330	0.00185	0.72763	0.00378	0.00200	0.00493
47	0.00604	0.00519	0.00525	0.00512	0.00677	0.00473	0.00388	0.00867	0.11329	0.01294	0.04181	0.03964	0.70961	0.01065	0.00519	0.00151	0.00243	0.00887	0.00421	0.00420
48	0.00790	0.00724	0.01192	0.68382	0.02643	0.00881	0.01091	0.01050	0.00893	0.01145	0.01164	0.13392	0.03630	0.00609	0.00468	0.00154	0.00535	0.00543	0.00238	0.00473
49	0.84336	0.00863	0.00682	0.03548	0.00944	0.01003	0.00512	0.01309	0.00766	0.01976	0.00629	0.00743	0.00488	0.00416	0.00283	0.00139	0.00355	0.00248	0.00274	0.00485
50	0.00651	0.00434	0.00488	0.00488	0.00488	0.00434	0.00271	0.00651	0.00651	0.00867	0.01409	0.02927	0.01626	0.84279	0.02277	0.00434	0.00434	0.00651	0.00271	0.00271
51	0.01569	0.01962	0.01283	0.01156	0.01352	0.70511	0.00881	0.01681	0.01182	0.01092	0.00676	0.00832	0.00578	0.00508	0.00560	0.00127	0.13007	0.00303	0.00225	0.00514
52	0.00633	0.00457	0.00598	0.00563	0.00668	0.00422	0.00422	0.00844	0.01266	0.01794	0.81253	0.03341	0.04221	0.00914	0.00528	0.00141	0.00211	0.00809	0.00492	0.00422
53	0.01113	0.00961	0.01011	0.00910	0.01163	0.01113	0.00708	0.02377	0.80681	0.01871	0.01821	0.01669	0.01365	0.00607	0.00455	0.00152	0.00354	0.00506	0.00455	0.00708
54	0.00529	0.00453	0.00453	0.00453	0.00604	0.00378	0.00340	0.00642	0.01020	0.01208	0.04532	0.04305	0.81307	0.01133	0.00529	0.00151	0.00227	0.00944	0.00415	0.00378
55	0.00628	0.00457	0.00591	0.00558	0.00665	0.00420	0.00418	0.00835	0.01254	0.01766	0.77601	0.03387	0.07890	0.00925	0.00528	0.00141	0.00212	0.00815	0.00489	0.00420
56	0.01113	0.00961	0.01011	0.00910	0.01163	0.01113	0.00708	0.02377	0.80681	0.01871	0.01821	0.01669	0.01365	0.00607	0.00455	0.00152	0.00354	0.00506	0.00455	0.00708
57	0.01700	0.01253	0.01342	0.01029	0.01387	0.01387	0.00850	0.79997	0.02103	0.02819	0.01074	0.01074	0.00761	0.00537	0.00447	0.00134	0.00492	0.00403	0.00447	0.00761
58	0.02007	0.00761	0.01038	0.00796	0.01142	0.00657	0.00657	0.02180	0.01280	0.81799	0.01765	0.01523	0.01107	0.00554	0.00450	0.00138	0.00381	0.00450	0.00554	0.00761
59	0.01588	0.01975	0.01348	0.01387	0.13168	0.70505	0.00939	0.01725	0.01231	0.01149	0.00714	0.00851	0.00596	0.00452	0.00409	0.00118	0.00766	0.00304	0.00229	0.00547
60	0.01113	0.00961	0.01011	0.00910	0.01163	0.01113	0.00708	0.02377	0.80681	0.01871	0.01821	0.01669	0.01365	0.00607	0.00455	0.00152	0.00354	0.00506	0.00455	0.00708
61	0.01056	0.01207	0.02640	0.01885	0.02338	0.01131	0.79864	0.01433	0.01056	0.01433	0.00905	0.01207	0.00679	0.00377	0.00528	0.00151	0.00754	0.00528	0.00226	0.00603
62	0.01186	0.82974	0.02314	0.00765	0.01142	0.01747	0.00762	0.01329	0.00905	0.01052	0.00633	0.00737	0.00584	0.00438	0.01827	0.00107	0.00492	0.00244	0.00192	0.00571
63	0.00897	0.02314	0.81962	0.01275	0.01936	0.01039	0.01653	0.01417	0.00944	0.01417	0.00803	0.00944	0.00567	0.00425	0.00425	0.00142	0.00661	0.00331	0.00189	0.00661
64	0.01113	0.00961	0.01011	0.00910	0.01163	0.01113	0.00708	0.02377	0.80681	0.01871	0.01821	0.01669	0.01365	0.00607	0.00455	0.00152	0.00354	0.00506	0.00455	0.00708
65	0.00545	0.00389	0.00519	0.00623	0.00649	0.00363	0.00415	0.00623	0.00856	0.01142	0.02465	0.83987	0.02959	0.01401	0.00571	0.00182	0.00260	0.01272	0.00415	0.00363
66	0.00877	0.00741	0.00874	0.00657	0.01006	0.00566	0.00515	0.01060	0.00918	0.01416	0.01016	0.11894	0.00966	0.00473	0.00363	0.00081	0.00322	0.00398	0.00285	0.75574
67	0.00842	0.00704	0.00836	0.00654	0.00968	0.00544	0.00504	0.01014	0.00912	0.01387	0.01169	0.19534	0.01177	0.00571	0.00385	0.00092	0.00315	0.00491	0.00299	0.67603
68	0.00777	0.00389	0.00583	0.00583	0.00583	0.00389	0.00389	0.00583	0.00583	0.00777	0.00777	0.01360	0.00777	0.01554	0.01748	0.86985	0.00389	0.00389	0.00194	0.00194
69	0.01700	0.01253	0.01342	0.01029	0.01387	0.01387	0.00850	0.79997	0.02103	0.02819	0.01074	0.01074	0.00761	0.00537	0.00447	0.00134	0.00492	0.00403	0.00447	0.00761
70	0.87439	0.00865	0.00657	0.00588	0.00865	0.01003	0.00484	0.01315	0.00761	0.02007	0.00623	0.00727	0.00484	0.00415	0.00277	0.00138	0.00346	0.00242	0.00277	0.00484
71	0.00651	0.00434	0.00488	0.00488	0.00488	0.00434	0.00271	0.00651	0.00651	0.00867	0.01409	0.02927	0.01626	0.84279	0.02277	0.00434	0.00434	0.00651	0.00271	0.00271
72	0.00551	0.00392	0.00517	0.00615	0.00640	0.00367	0.00407	0.00624	0.00845	0.01126	0.02406	0.79399	0.02883	0.06092	0.00668	0.00196	0.00269	0.01237	0.00407	0.00358
73	0.01028	0.01153	0.02472	0.12410	0.02434	0.01113	0.69689	0.01395	0.01035	0.01395	0.00891	0.01205	0.00668	0.00386	0.00517	0.00151	0.00734	0.00511	0.00223	0.00590
74	0.14353	0.01032	0.01638	0.02415	0.69119	0.01054	0.01237	0.01364	0.00979	0.01545	0.00808	0.01049	0.00674	0.00401	0.00417	0.00134	0.00503	0.00375	0.00230	0.00674
75	0.01139	0.61126	0.14491	0.01100	0.11667	0.01566	0.00980	0.01356	0.00929	0.01161	0.00678	0.00803	0.00590	0.00391	0.00328	0.00108	0.00513	0.00274	0.00195	0.00605
76	0.14160	0.01842	0.58955	0.01080	0.01597	0.00949	0.01310	0.01293	0.00870	0.01424	0.00772	0.00965	0.00581	0.00570	0.00574	0.11381	0.00577	0.00324	0.00203	0.00574
77	0.63007	0.00956	0.00715	0.00667	0.00899	0.11450	0.00523	0.01270	0.00841	0.01756	0.00914	0.13512	0.00876	0.00572	0.00338	0.00142	0.00392	0.00406	0.00292	0.00470
78	0.00984	0.03627	0.55985	0.01153	0.01676	0.01022	0.02710	0.13369	0.01112	0.01589	0.01058	0.11712	0.00908	0.00567	0.00446	0.00145	0.00581	0.00465	0.00259	0.00635

[dist]
# distance from previous block
# <min> <max>
0	100

# created by:
# /share/home/app/bin/augustus-3.3.1/scripts/msa2prfl.pl /dev/shm/tmp/ogap_db/mt-rosids/msas/rpl5.aln --setname=rpl5
