[name]
matR

[dist]
# distance from previous block
# <min> <max>
0	26

[block]
# block no. 0 follows, 62 sequences, length 35
# corresponding to MSA columns:
# 26-60
name=unknown_A
#
# <colnr> <probs for GDERKNQSTAVLIFYWHMCP>
#	G	D	E	R	K	N	Q	S	T	A	V	L	I	F	Y	W	H	M	C	P
0	0.00651	0.00479	0.00638	0.00717	0.00824	0.00465	0.00618	0.00831	0.00978	0.01250	0.02639	0.04667	0.17425	0.01157	0.00572	0.00186	0.00359	0.64765	0.00392	0.00386
1	0.00602	0.00435	0.00569	0.00535	0.00636	0.00401	0.00401	0.00803	0.01204	0.01706	0.82167	0.03178	0.04015	0.00870	0.00502	0.00134	0.00201	0.00770	0.00468	0.00401
2	0.00518	0.00370	0.00494	0.00592	0.00617	0.00346	0.00395	0.00592	0.00815	0.01086	0.02345	0.84768	0.02814	0.01333	0.00543	0.00173	0.00247	0.01210	0.00395	0.00346
3	0.00875	0.02081	0.75873	0.01171	0.01760	0.00977	0.01483	0.04636	0.00932	0.01381	0.00799	0.00985	0.00590	0.04074	0.00481	0.00146	0.00613	0.00330	0.00193	0.00617
4	0.01514	0.01111	0.01193	0.00926	0.01231	0.01226	0.00752	0.72682	0.01858	0.02490	0.01055	0.01203	0.00809	0.09234	0.00605	0.00157	0.00462	0.00407	0.00408	0.00676
5	0.00503	0.00431	0.00431	0.00431	0.00575	0.00359	0.00323	0.00611	0.00970	0.01149	0.04310	0.04095	0.82219	0.01078	0.00503	0.00144	0.00216	0.00898	0.00395	0.00359
6	0.00608	0.00456	0.00684	0.00684	0.00760	0.00532	0.00532	0.00760	0.00684	0.00988	0.01140	0.01672	0.01064	0.03191	0.83360	0.00684	0.01140	0.00456	0.00228	0.00380
7	0.01138	0.85302	0.02230	0.00728	0.01092	0.01684	0.00728	0.01274	0.00865	0.01001	0.00592	0.00683	0.00546	0.00364	0.00273	0.00091	0.00455	0.00228	0.00182	0.00546
8	0.00964	0.00805	0.00926	0.00669	0.01043	0.00651	0.00538	0.09958	0.01007	0.01531	0.00786	0.00898	0.00641	0.00337	0.00327	0.00070	0.00332	0.00267	0.00271	0.77980
9	0.00853	0.02201	0.82841	0.01213	0.01842	0.00988	0.01572	0.01348	0.00898	0.01348	0.00764	0.00898	0.00539	0.00404	0.00404	0.00135	0.00629	0.00314	0.00180	0.00629
10	0.00619	0.00413	0.00464	0.00464	0.00464	0.00413	0.00258	0.00619	0.00619	0.00825	0.01341	0.02785	0.01547	0.85046	0.02166	0.00413	0.00413	0.00619	0.00258	0.00258
11	0.00925	0.00755	0.00887	0.00636	0.01012	0.00570	0.00509	0.01113	0.00896	0.04777	0.00795	0.00906	0.00648	0.00324	0.00320	0.00066	0.00317	0.00259	0.00264	0.84023
12	0.01138	0.85302	0.02230	0.00728	0.01092	0.01684	0.00728	0.01274	0.00865	0.01001	0.00592	0.00683	0.00546	0.00364	0.00273	0.00091	0.00455	0.00228	0.00182	0.00546
13	0.01102	0.00904	0.00963	0.00860	0.01105	0.01036	0.00671	0.02251	0.77461	0.05968	0.01729	0.01580	0.01286	0.00575	0.00433	0.00144	0.00338	0.00478	0.00438	0.00676
14	0.01602	0.01187	0.01289	0.01024	0.03562	0.01311	0.00823	0.78769	0.01972	0.02646	0.01015	0.01022	0.00722	0.00507	0.00426	0.00128	0.00469	0.00383	0.00420	0.00722
15	0.00931	0.00931	0.01303	0.01117	0.01117	0.01303	0.00931	0.01024	0.00652	0.01024	0.00559	0.00931	0.00559	0.00745	0.01396	0.00186	0.84267	0.00372	0.00186	0.00465
16	0.00619	0.00413	0.00464	0.00464	0.00464	0.00413	0.00258	0.00619	0.00619	0.00825	0.01341	0.02785	0.01547	0.85046	0.02166	0.00413	0.00413	0.00619	0.00258	0.00258
17	0.00814	0.00770	0.01278	0.77535	0.02789	0.00973	0.01162	0.01082	0.00835	0.01082	0.00741	0.01119	0.00567	0.00450	0.00501	0.00145	0.07118	0.00378	0.00189	0.00472
18	0.01618	0.01192	0.01277	0.00979	0.01320	0.01320	0.00809	0.80973	0.02001	0.02682	0.01022	0.01022	0.00724	0.00511	0.00426	0.00128	0.00468	0.00383	0.00426	0.00724
19	0.88052	0.00823	0.00625	0.00560	0.00823	0.00955	0.00461	0.01251	0.00724	0.01909	0.00592	0.00691	0.00461	0.00395	0.00263	0.00132	0.00329	0.00230	0.00263	0.00461
20	0.00844	0.00834	0.01523	0.67604	0.02789	0.00971	0.17089	0.01142	0.00881	0.01142	0.00777	0.01137	0.00583	0.00412	0.00441	0.00142	0.00597	0.00403	0.00194	0.00493
21	0.88052	0.00823	0.00625	0.00560	0.00823	0.00955	0.00461	0.01251	0.00724	0.01909	0.00592	0.00691	0.00461	0.00395	0.00263	0.00132	0.00329	0.00230	0.00263	0.00461
22	0.00798	0.00554	0.00782	0.37063	0.01563	0.00637	0.00685	0.01033	0.00874	0.01367	0.01111	0.01388	0.00861	0.00465	0.00354	0.00118	0.00360	0.00389	0.49167	0.00430
23	0.00881	0.00858	0.01208	0.01050	0.01062	0.01184	0.00869	0.00983	0.00657	0.01018	0.00648	0.01045	0.00637	0.01122	0.14052	0.00263	0.71432	0.00385	0.00193	0.00452
24	0.01618	0.01192	0.01277	0.00979	0.01320	0.01320	0.00809	0.80973	0.02001	0.02682	0.01022	0.01022	0.00724	0.00511	0.00426	0.00128	0.00468	0.00383	0.00426	0.00724
25	0.01222	0.00581	0.00773	0.00646	0.00856	0.00521	0.00512	0.01428	0.03043	0.39454	0.42818	0.02336	0.02573	0.00703	0.00466	0.00133	0.00279	0.00604	0.00495	0.00558
26	0.00518	0.00370	0.00494	0.00592	0.00617	0.00346	0.00395	0.00592	0.00815	0.01086	0.02345	0.84768	0.02814	0.01333	0.00543	0.00173	0.00247	0.01210	0.00395	0.00346
27	0.00804	0.00756	0.01276	0.84023	0.02931	0.00945	0.01182	0.01087	0.00851	0.01087	0.00756	0.01134	0.00567	0.00425	0.00425	0.00142	0.00567	0.00378	0.00189	0.00473
28	0.00804	0.00756	0.01276	0.84023	0.02931	0.00945	0.01182	0.01087	0.00851	0.01087	0.00756	0.01134	0.00567	0.00425	0.00425	0.00142	0.00567	0.00378	0.00189	0.00473
29	0.00503	0.00431	0.00431	0.00431	0.00575	0.00359	0.00323	0.00611	0.00970	0.01149	0.04310	0.04095	0.82219	0.01078	0.00503	0.00144	0.00216	0.00898	0.00395	0.00359
30	0.01053	0.01011	0.01727	0.02612	0.82392	0.01011	0.01306	0.01306	0.00969	0.01390	0.00800	0.01053	0.00674	0.00379	0.00421	0.00126	0.00505	0.00379	0.00211	0.00674
31	0.00853	0.02201	0.82841	0.01213	0.01842	0.00988	0.01572	0.01348	0.00898	0.01348	0.00764	0.00898	0.00539	0.00404	0.00404	0.00135	0.00629	0.00314	0.00180	0.00629
32	0.00853	0.02201	0.82841	0.01213	0.01842	0.00988	0.01572	0.01348	0.00898	0.01348	0.00764	0.00898	0.00539	0.00404	0.00404	0.00135	0.00629	0.00314	0.00180	0.00629
33	0.00739	0.00370	0.00554	0.00554	0.00554	0.00370	0.00370	0.00554	0.00554	0.00739	0.00739	0.01293	0.00739	0.01478	0.01663	0.87620	0.00370	0.00370	0.00185	0.00185
34	0.79851	0.00817	0.00687	0.08405	0.01021	0.00954	0.00529	0.01235	0.00736	0.01832	0.00608	0.00733	0.00471	0.00398	0.00279	0.00133	0.00352	0.00244	0.00256	0.00462

[dist]
# distance from previous block
# <min> <max>
0	9

[block]
# block no. 1 follows, 62 sequences, length 13
# corresponding to MSA columns:
# 70-82
name=unknown_B
#
# <colnr> <probs for GDERKNQSTAVLIFYWHMCP>
#	G	D	E	R	K	N	Q	S	T	A	V	L	I	F	Y	W	H	M	C	P
0	0.00834	0.00719	0.00748	0.00690	0.00892	0.00776	0.00532	0.01594	0.49034	0.01525	0.02774	0.02601	0.33996	0.00779	0.00461	0.00144	0.00288	0.00650	0.00418	0.00547
1	0.01618	0.01192	0.01277	0.00979	0.01320	0.01320	0.00809	0.80973	0.02001	0.02682	0.01022	0.01022	0.00724	0.00511	0.00426	0.00128	0.00468	0.00383	0.00426	0.00724
2	0.00804	0.00756	0.01276	0.84023	0.02931	0.00945	0.01182	0.01087	0.00851	0.01087	0.00756	0.01134	0.00567	0.00425	0.00425	0.00142	0.00567	0.00378	0.00189	0.00473
3	0.00739	0.00370	0.00554	0.00554	0.00554	0.00370	0.00370	0.00554	0.00554	0.00739	0.00739	0.01293	0.00739	0.01478	0.01663	0.87620	0.00370	0.00370	0.00185	0.00185
4	0.00619	0.00413	0.00464	0.00464	0.00464	0.00413	0.00258	0.00619	0.00619	0.00825	0.01341	0.02785	0.01547	0.85046	0.02166	0.00413	0.00413	0.00619	0.00258	0.00258
5	0.00518	0.00370	0.00494	0.00592	0.00617	0.00346	0.00395	0.00592	0.00815	0.01086	0.02345	0.84768	0.02814	0.01333	0.00543	0.00173	0.00247	0.01210	0.00395	0.00346
6	0.00853	0.02201	0.82841	0.01213	0.01842	0.00988	0.01572	0.01348	0.00898	0.01348	0.00764	0.00898	0.00539	0.00404	0.00404	0.00135	0.00629	0.00314	0.00180	0.00629
7	0.00619	0.00413	0.00464	0.00464	0.00464	0.00413	0.00258	0.00619	0.00619	0.00825	0.01341	0.02785	0.01547	0.85046	0.02166	0.00413	0.00413	0.00619	0.00258	0.00258
8	0.01138	0.85302	0.02230	0.00728	0.01092	0.01684	0.00728	0.01274	0.00865	0.01001	0.00592	0.00683	0.00546	0.00364	0.00273	0.00091	0.00455	0.00228	0.00182	0.00546
9	0.00503	0.00431	0.00431	0.00431	0.00575	0.00359	0.00323	0.00611	0.00970	0.01149	0.04310	0.04095	0.82219	0.01078	0.00503	0.00144	0.00216	0.00898	0.00395	0.00359
10	0.00804	0.00756	0.01276	0.84023	0.02931	0.00945	0.01182	0.01087	0.00851	0.01087	0.00756	0.01134	0.00567	0.00425	0.00425	0.00142	0.00567	0.00378	0.00189	0.00473
11	0.01140	0.01175	0.01643	0.02367	0.69318	0.14286	0.01228	0.01369	0.01007	0.01334	0.00777	0.01007	0.00654	0.00389	0.00415	0.00124	0.00548	0.00362	0.00212	0.00645
12	0.00829	0.00442	0.00457	0.00441	0.00552	0.00453	0.00336	0.05304	0.00943	0.01619	0.01357	0.01560	0.01070	0.00617	0.04012	0.00127	0.00255	0.00399	0.78815	0.00414

[dist]
# distance from previous block
# <min> <max>
0	2

[block]
# block no. 2 follows, 62 sequences, length 40
# corresponding to MSA columns:
# 85-124
name=unknown_C
#
# <colnr> <probs for GDERKNQSTAVLIFYWHMCP>
#	G	D	E	R	K	N	Q	S	T	A	V	L	I	F	Y	W	H	M	C	P
0	0.01054	0.00910	0.00960	0.00860	0.01104	0.01046	0.00669	0.02231	0.79575	0.01770	0.01707	0.01570	0.01282	0.00571	0.00430	0.00142	0.00336	0.00475	0.00428	0.02880
1	0.00503	0.00431	0.00431	0.00431	0.00575	0.00359	0.00323	0.00611	0.00970	0.01149	0.04310	0.04095	0.82219	0.01078	0.00503	0.00144	0.00216	0.00898	0.00395	0.00359
2	0.03806	0.82708	0.02180	0.00723	0.01084	0.01661	0.00720	0.01273	0.00860	0.01029	0.00592	0.00683	0.00543	0.00365	0.00273	0.00092	0.00451	0.00228	0.00185	0.00543
3	0.00804	0.00756	0.01276	0.84023	0.02931	0.00945	0.01182	0.01087	0.00851	0.01087	0.00756	0.01134	0.00567	0.00425	0.00425	0.00142	0.00567	0.00378	0.00189	0.00473
4	0.00931	0.00931	0.01303	0.01117	0.01117	0.01303	0.00931	0.01024	0.00652	0.01024	0.00559	0.00931	0.00559	0.00745	0.01396	0.00186	0.84267	0.00372	0.00186	0.00465
5	0.00804	0.00756	0.01276	0.84023	0.02931	0.00945	0.01182	0.01087	0.00851	0.01087	0.00756	0.01134	0.00567	0.00425	0.00425	0.00142	0.00567	0.00378	0.00189	0.00473
6	0.00518	0.00370	0.00494	0.00592	0.00617	0.00346	0.00395	0.00592	0.00815	0.01086	0.02345	0.84768	0.02814	0.01333	0.00543	0.00173	0.00247	0.01210	0.00395	0.00346
7	0.00503	0.00431	0.00431	0.00431	0.00575	0.00359	0.00323	0.00611	0.00970	0.01149	0.04310	0.04095	0.82219	0.01078	0.00503	0.00144	0.00216	0.00898	0.00395	0.00359
8	0.01062	0.00920	0.01262	0.00916	0.01295	0.00820	0.15127	0.18216	0.01144	0.01659	0.00832	0.00960	0.00653	0.00365	0.00373	0.00091	0.00421	0.00325	0.00283	0.53275
9	0.00503	0.00431	0.00431	0.00431	0.00575	0.00359	0.00323	0.00611	0.00970	0.01149	0.04310	0.04095	0.82219	0.01078	0.00503	0.00144	0.00216	0.00898	0.00395	0.00359
10	0.00597	0.00403	0.00470	0.00492	0.00497	0.00398	0.00287	0.00613	0.00661	0.00881	0.01558	0.20507	0.01821	0.66949	0.01815	0.00361	0.00377	0.00747	0.00287	0.00277
11	0.01053	0.01011	0.01727	0.02612	0.82392	0.01011	0.01306	0.01306	0.00969	0.01390	0.00800	0.01053	0.00674	0.00379	0.00421	0.00126	0.00505	0.00379	0.00211	0.00674
12	0.00853	0.02201	0.82841	0.01213	0.01842	0.00988	0.01572	0.01348	0.00898	0.01348	0.00764	0.00898	0.00539	0.00404	0.00404	0.00135	0.00629	0.00314	0.00180	0.00629
13	0.00853	0.02201	0.82841	0.01213	0.01842	0.00988	0.01572	0.01348	0.00898	0.01348	0.00764	0.00898	0.00539	0.00404	0.00404	0.00135	0.00629	0.00314	0.00180	0.00629
14	0.00503	0.00431	0.00431	0.00431	0.00575	0.00359	0.00323	0.00611	0.00970	0.01149	0.04310	0.04095	0.82219	0.01078	0.00503	0.00144	0.00216	0.00898	0.00395	0.00359
15	0.01184	0.64538	0.09328	0.00830	0.01195	0.14642	0.00819	0.01348	0.00922	0.01039	0.00618	0.00716	0.00546	0.00380	0.00302	0.00098	0.00520	0.00243	0.00188	0.00545
16	0.01138	0.85302	0.02230	0.00728	0.01092	0.01684	0.00728	0.01274	0.00865	0.01001	0.00592	0.00683	0.00546	0.00364	0.00273	0.00091	0.00455	0.00228	0.00182	0.00546
17	0.00882	0.00756	0.00882	0.00630	0.01008	0.00567	0.00504	0.01071	0.00882	0.01387	0.00756	0.00882	0.00630	0.00315	0.00315	0.00063	0.00315	0.00252	0.00252	0.87647
18	0.01053	0.01011	0.01727	0.02612	0.82392	0.01011	0.01306	0.01306	0.00969	0.01390	0.00800	0.01053	0.00674	0.00379	0.00421	0.00126	0.00505	0.00379	0.00211	0.00674
19	0.00619	0.00413	0.00464	0.00464	0.00464	0.00413	0.00258	0.00619	0.00619	0.00825	0.01341	0.02785	0.01547	0.85046	0.02166	0.00413	0.00413	0.00619	0.00258	0.00258
20	0.00619	0.00413	0.00464	0.00464	0.00464	0.00413	0.00258	0.00619	0.00619	0.00825	0.01341	0.02785	0.01547	0.85046	0.02166	0.00413	0.00413	0.00619	0.00258	0.00258
21	0.00634	0.04623	0.00760	0.00686	0.00776	0.00588	0.00542	0.00785	0.00693	0.00988	0.01113	0.01623	0.01038	0.03052	0.79280	0.00655	0.01106	0.00445	0.00226	0.00388
22	0.01461	0.01095	0.01187	0.00904	0.01244	0.01162	0.00741	0.64534	0.01765	0.02404	0.00979	0.01032	0.00723	0.02216	0.00441	0.00122	0.00439	0.00364	0.00390	0.16797
23	0.00512	0.00433	0.00441	0.00444	0.00583	0.00365	0.00335	0.00620	0.00963	0.01147	0.04174	0.04091	0.77661	0.02915	0.00542	0.00151	0.00226	0.03648	0.00392	0.00358
24	0.00996	0.01092	0.01985	0.01500	0.01752	0.04050	0.46241	0.01240	0.00871	0.01217	0.00733	0.01048	0.00608	0.00515	0.00854	0.00159	0.33966	0.00443	0.00204	0.00528
25	0.01048	0.01025	0.01806	0.02529	0.74315	0.01018	0.09319	0.01312	0.00972	0.01387	0.00806	0.01063	0.00671	0.00377	0.00429	0.00128	0.00527	0.00392	0.00211	0.00664
26	0.00598	0.00431	0.00565	0.00538	0.00635	0.00398	0.00401	0.00791	0.01183	0.01672	0.77754	0.07690	0.03948	0.00895	0.00504	0.00136	0.00203	0.00794	0.00464	0.00398
27	0.00619	0.00413	0.00464	0.00464	0.00464	0.00413	0.00258	0.00619	0.00619	0.00825	0.01341	0.02785	0.01547	0.85046	0.02166	0.00413	0.00413	0.00619	0.00258	0.00258
28	0.01543	0.01138	0.01233	0.00957	0.01278	0.01261	0.00788	0.75061	0.01904	0.02557	0.01030	0.01069	0.00749	0.00708	0.06538	0.00169	0.00518	0.00388	0.00411	0.00698
29	0.04841	0.02278	0.00976	0.00738	0.01054	0.00645	0.00610	0.01965	0.01193	0.74226	0.05719	0.01496	0.01174	0.00537	0.00423	0.00131	0.00354	0.00435	0.00508	0.00695
30	0.85000	0.00821	0.00648	0.03479	0.00897	0.00954	0.00486	0.01245	0.00729	0.01880	0.00598	0.00707	0.00465	0.00396	0.00269	0.00132	0.00337	0.00236	0.00261	0.00461
31	0.00804	0.00756	0.01276	0.84023	0.02931	0.00945	0.01182	0.01087	0.00851	0.01087	0.00756	0.01134	0.00567	0.00425	0.00425	0.00142	0.00567	0.00378	0.00189	0.00473
32	0.00518	0.00370	0.00494	0.00592	0.00617	0.00346	0.00395	0.00592	0.00815	0.01086	0.02345	0.84768	0.02814	0.01333	0.00543	0.00173	0.00247	0.01210	0.00395	0.00346
33	0.00598	0.00431	0.00565	0.00538	0.00635	0.00398	0.00401	0.00791	0.01183	0.01672	0.77754	0.07690	0.03948	0.00895	0.00504	0.00136	0.00203	0.00794	0.00464	0.00398
34	0.88052	0.00823	0.00625	0.00560	0.00823	0.00955	0.00461	0.01251	0.00724	0.01909	0.00592	0.00691	0.00461	0.00395	0.00263	0.00132	0.00329	0.00230	0.00263	0.00461
35	0.72206	0.00753	0.00615	0.00555	0.00789	0.00854	0.00450	0.01170	0.00811	0.01872	0.15374	0.01142	0.01105	0.00481	0.00307	0.00132	0.00306	0.00328	0.00300	0.00450
36	0.00862	0.02143	0.78400	0.01245	0.01863	0.00993	0.05955	0.01348	0.00904	0.01348	0.00769	0.00912	0.00545	0.00402	0.00410	0.00135	0.00634	0.00325	0.00182	0.00626
37	0.01002	0.00958	0.01634	0.19429	0.65978	0.00997	0.01280	0.01261	0.00944	0.01328	0.00791	0.01070	0.00652	0.00389	0.00422	0.00130	0.00518	0.00379	0.00206	0.00632
38	0.85887	0.00820	0.00634	0.00565	0.00830	0.00946	0.00465	0.01271	0.00737	0.03939	0.00620	0.00710	0.00476	0.00398	0.00267	0.00132	0.00330	0.00235	0.00270	0.00467
39	0.00882	0.00756	0.00882	0.00630	0.01008	0.00567	0.00504	0.01071	0.00882	0.01387	0.00756	0.00882	0.00630	0.00315	0.00315	0.00063	0.00315	0.00252	0.00252	0.87647

[dist]
# distance from previous block
# <min> <max>
0	3

[block]
# block no. 3 follows, 62 sequences, length 33
# corresponding to MSA columns:
# 128-160
name=unknown_D
#
# <colnr> <probs for GDERKNQSTAVLIFYWHMCP>
#	G	D	E	R	K	N	Q	S	T	A	V	L	I	F	Y	W	H	M	C	P
0	0.00602	0.00435	0.00569	0.00535	0.00636	0.00401	0.00401	0.00803	0.01204	0.01706	0.82167	0.03178	0.04015	0.00870	0.00502	0.00134	0.00201	0.00770	0.00468	0.00401
1	0.00841	0.00712	0.00838	0.00626	0.00964	0.00542	0.00492	0.01017	0.00875	0.01352	0.00938	0.10459	0.00880	0.00431	0.00341	0.00076	0.00307	0.00361	0.00268	0.77681
2	0.00931	0.00931	0.01303	0.01117	0.01117	0.01303	0.00931	0.01024	0.00652	0.01024	0.00559	0.00931	0.00559	0.00745	0.01396	0.00186	0.84267	0.00372	0.00186	0.00465
3	0.01586	0.01161	0.01243	0.00956	0.01288	0.01284	0.00789	0.77871	0.01958	0.02639	0.01036	0.01043	0.00738	0.00510	0.00421	0.00127	0.00458	0.00384	0.03799	0.00711
4	0.00596	0.00432	0.00562	0.00534	0.00633	0.00398	0.00399	0.00789	0.01182	0.01665	0.76642	0.06372	0.06409	0.00894	0.00503	0.00136	0.00203	0.00791	0.00463	0.00398
5	0.00518	0.00370	0.00494	0.00592	0.00617	0.00346	0.00395	0.00592	0.00815	0.01086	0.02345	0.84768	0.02814	0.01333	0.00543	0.00173	0.00247	0.01210	0.00395	0.00346
6	0.00518	0.00370	0.00494	0.00592	0.00617	0.00346	0.00395	0.00592	0.00815	0.01086	0.02345	0.84768	0.02814	0.01333	0.00543	0.00173	0.00247	0.01210	0.00395	0.00346
7	0.01553	0.01171	0.01328	0.01165	0.10575	0.01284	0.00866	0.71878	0.01883	0.02534	0.00996	0.01025	0.00718	0.00496	0.00425	0.00128	0.00472	0.00383	0.00401	0.00718
8	0.01909	0.00724	0.00987	0.00757	0.01086	0.00625	0.00625	0.02074	0.01218	0.82687	0.01679	0.01448	0.01053	0.00527	0.00428	0.00132	0.00362	0.00428	0.00527	0.00724
9	0.00518	0.00370	0.00494	0.00592	0.00617	0.00346	0.00395	0.00592	0.00815	0.01086	0.02345	0.84768	0.02814	0.01333	0.00543	0.00173	0.00247	0.01210	0.00395	0.00346
10	0.00858	0.00671	0.00803	0.00629	0.00927	0.00522	0.00487	0.01021	0.00886	0.05683	0.01152	0.19175	0.01128	0.00548	0.00371	0.00091	0.00303	0.00470	0.00298	0.63978
11	0.88052	0.00823	0.00625	0.00560	0.00823	0.00955	0.00461	0.01251	0.00724	0.01909	0.00592	0.00691	0.00461	0.00395	0.00263	0.00132	0.00329	0.00230	0.00263	0.00461
12	0.01561	0.01973	0.01234	0.01177	0.05665	0.78921	0.00848	0.01678	0.01193	0.01060	0.00665	0.00783	0.00555	0.00435	0.00386	0.00111	0.00753	0.00280	0.00219	0.00503
13	0.00503	0.00431	0.00431	0.00431	0.00575	0.00359	0.00323	0.00611	0.00970	0.01149	0.04310	0.04095	0.82219	0.01078	0.00503	0.00144	0.00216	0.00898	0.00395	0.00359
14	0.00608	0.00456	0.00684	0.00684	0.00760	0.00532	0.00532	0.00760	0.00684	0.00988	0.01140	0.01672	0.01064	0.03191	0.83360	0.00684	0.01140	0.00456	0.00228	0.00380
15	0.00518	0.00370	0.00494	0.00592	0.00617	0.00346	0.00395	0.00592	0.00815	0.01086	0.02345	0.84768	0.02814	0.01333	0.00543	0.00173	0.00247	0.01210	0.00395	0.00346
16	0.00931	0.00931	0.01303	0.01117	0.01117	0.01303	0.00931	0.01024	0.00652	0.01024	0.00559	0.00931	0.00559	0.00745	0.01396	0.00186	0.84267	0.00372	0.00186	0.00465
17	0.01053	0.01011	0.01727	0.02612	0.82392	0.01011	0.01306	0.01306	0.00969	0.01390	0.00800	0.01053	0.00674	0.00379	0.00421	0.00126	0.00505	0.00379	0.00211	0.00674
18	0.00518	0.00370	0.00494	0.00592	0.00617	0.00346	0.00395	0.00592	0.00815	0.01086	0.02345	0.84768	0.02814	0.01333	0.00543	0.00173	0.00247	0.01210	0.00395	0.00346
19	0.01138	0.85302	0.02230	0.00728	0.01092	0.01684	0.00728	0.01274	0.00865	0.01001	0.00592	0.00683	0.00546	0.00364	0.00273	0.00091	0.00455	0.00228	0.00182	0.00546
20	0.01004	0.01148	0.02511	0.01793	0.02224	0.01076	0.80846	0.01363	0.01004	0.01363	0.00861	0.01148	0.00646	0.00359	0.00502	0.00143	0.00717	0.00502	0.00215	0.00574
21	0.00853	0.02201	0.82841	0.01213	0.01842	0.00988	0.01572	0.01348	0.00898	0.01348	0.00764	0.00898	0.00539	0.00404	0.00404	0.00135	0.00629	0.00314	0.00180	0.00629
22	0.00503	0.00431	0.00431	0.00431	0.00575	0.00359	0.00323	0.00611	0.00970	0.01149	0.04310	0.04095	0.82219	0.01078	0.00503	0.00144	0.00216	0.00898	0.00395	0.00359
23	0.72342	0.00811	0.00743	0.15588	0.01202	0.00953	0.00591	0.01221	0.00747	0.01761	0.00622	0.00771	0.00480	0.00400	0.00293	0.00133	0.00372	0.00257	0.00250	0.00463
24	0.00804	0.00756	0.01276	0.84023	0.02931	0.00945	0.01182	0.01087	0.00851	0.01087	0.00756	0.01134	0.00567	0.00425	0.00425	0.00142	0.00567	0.00378	0.00189	0.00473
25	0.00503	0.00431	0.00431	0.00431	0.00575	0.00359	0.00323	0.00611	0.00970	0.01149	0.04310	0.04095	0.82219	0.01078	0.00503	0.00144	0.00216	0.00898	0.00395	0.00359
26	0.00814	0.00777	0.01341	0.79708	0.02894	0.00952	0.05363	0.01102	0.00859	0.01102	0.00762	0.01135	0.00571	0.00422	0.00429	0.00142	0.00575	0.00385	0.00190	0.00478
27	0.01004	0.01148	0.02511	0.01793	0.02224	0.01076	0.80846	0.01363	0.01004	0.01363	0.00861	0.01148	0.00646	0.00359	0.00502	0.00143	0.00717	0.00502	0.00215	0.00574
28	0.01053	0.01011	0.01727	0.02612	0.82392	0.01011	0.01306	0.01306	0.00969	0.01390	0.00800	0.01053	0.00674	0.00379	0.00421	0.00126	0.00505	0.00379	0.00211	0.00674
29	0.00608	0.00456	0.00684	0.00684	0.00760	0.00532	0.00532	0.00760	0.00684	0.00988	0.01140	0.01672	0.01064	0.03191	0.83360	0.00684	0.01140	0.00456	0.00228	0.00380
30	0.00894	0.02147	0.78466	0.01200	0.01814	0.01006	0.01531	0.05619	0.00957	0.01419	0.00777	0.00905	0.00549	0.00410	0.00405	0.00134	0.00620	0.00318	0.00193	0.00634
31	0.00503	0.00431	0.00431	0.00431	0.00575	0.00359	0.00323	0.00611	0.00970	0.01149	0.04310	0.04095	0.82219	0.01078	0.00503	0.00144	0.00216	0.00898	0.00395	0.00359
32	0.00882	0.00756	0.00882	0.00630	0.01008	0.00567	0.00504	0.01071	0.00882	0.01387	0.00756	0.00882	0.00630	0.00315	0.00315	0.00063	0.00315	0.00252	0.00252	0.87647

[dist]
# distance from previous block
# <min> <max>
0	3

[block]
# block no. 4 follows, 62 sequences, length 10
# corresponding to MSA columns:
# 164-173
name=unknown_E
#
# <colnr> <probs for GDERKNQSTAVLIFYWHMCP>
#	G	D	E	R	K	N	Q	S	T	A	V	L	I	F	Y	W	H	M	C	P
0	0.00804	0.00756	0.01276	0.84023	0.02931	0.00945	0.01182	0.01087	0.00851	0.01087	0.00756	0.01134	0.00567	0.00425	0.00425	0.00142	0.00567	0.00378	0.00189	0.00473
1	0.00523	0.00432	0.00459	0.00453	0.00587	0.00368	0.00339	0.00650	0.01018	0.01264	0.20389	0.03906	0.66069	0.01035	0.00503	0.00142	0.00212	0.00871	0.00410	0.00368
2	0.00804	0.00756	0.01276	0.84023	0.02931	0.00945	0.01182	0.01087	0.00851	0.01087	0.00756	0.01134	0.00567	0.00425	0.00425	0.00142	0.00567	0.00378	0.00189	0.00473
3	0.01434	0.01054	0.01146	0.00914	0.01202	0.01157	0.00740	0.67525	0.01802	0.02415	0.01243	0.15033	0.01073	0.00648	0.00445	0.00135	0.00431	0.00521	0.00421	0.00660
4	0.00597	0.00431	0.00564	0.00539	0.00635	0.00398	0.00401	0.00790	0.01180	0.01668	0.77182	0.08274	0.03940	0.00899	0.00504	0.00136	0.00204	0.00797	0.00464	0.00398
5	0.00518	0.00370	0.00494	0.00592	0.00617	0.00346	0.00395	0.00592	0.00815	0.01086	0.02345	0.84768	0.02814	0.01333	0.00543	0.00173	0.00247	0.01210	0.00395	0.00346
6	0.00518	0.00370	0.00494	0.00592	0.00617	0.00346	0.00395	0.00592	0.00815	0.01086	0.02345	0.84768	0.02814	0.01333	0.00543	0.00173	0.00247	0.01210	0.00395	0.00346
7	0.00804	0.00756	0.01276	0.84023	0.02931	0.00945	0.01182	0.01087	0.00851	0.01087	0.00756	0.01134	0.00567	0.00425	0.00425	0.00142	0.00567	0.00378	0.00189	0.00473
8	0.01122	0.00900	0.00964	0.00858	0.01105	0.01026	0.00670	0.02247	0.75602	0.07838	0.01728	0.01577	0.01280	0.00573	0.00433	0.00143	0.00339	0.00477	0.00440	0.00677
9	0.88052	0.00823	0.00625	0.00560	0.00823	0.00955	0.00461	0.01251	0.00724	0.01909	0.00592	0.00691	0.00461	0.00395	0.00263	0.00132	0.00329	0.00230	0.00263	0.00461

[dist]
# distance from previous block
# <min> <max>
0	3

[block]
# block no. 5 follows, 62 sequences, length 43
# corresponding to MSA columns:
# 177-219
name=unknown_F
#
# <colnr> <probs for GDERKNQSTAVLIFYWHMCP>
#	G	D	E	R	K	N	Q	S	T	A	V	L	I	F	Y	W	H	M	C	P
0	0.01138	0.85302	0.02230	0.00728	0.01092	0.01684	0.00728	0.01274	0.00865	0.01001	0.00592	0.00683	0.00546	0.00364	0.00273	0.00091	0.00455	0.00228	0.00182	0.00546
1	0.01138	0.85302	0.02230	0.00728	0.01092	0.01684	0.00728	0.01274	0.00865	0.01001	0.00592	0.00683	0.00546	0.00364	0.00273	0.00091	0.00455	0.00228	0.00182	0.00546
2	0.01004	0.01148	0.02511	0.01793	0.02224	0.01076	0.80846	0.01363	0.01004	0.01363	0.00861	0.01148	0.00646	0.00359	0.00502	0.00143	0.00717	0.00502	0.00215	0.00574
3	0.00875	0.02173	0.80583	0.01206	0.01827	0.00997	0.01551	0.03553	0.00929	0.01384	0.00771	0.00902	0.00544	0.00407	0.00405	0.00135	0.00624	0.00316	0.00186	0.00631
4	0.01567	0.01991	0.01209	0.01097	0.01309	0.80582	0.00826	0.01676	0.01187	0.01041	0.00654	0.00773	0.00548	0.00449	0.00418	0.00112	0.03572	0.00277	0.00218	0.00492
5	0.01471	0.01105	0.01198	0.00909	0.01257	0.01169	0.00748	0.65026	0.01777	0.02423	0.00969	0.00994	0.00705	0.00472	0.00404	0.00115	0.00438	0.00357	0.00391	0.18072
6	0.82687	0.00813	0.00652	0.04157	0.00910	0.00944	0.00491	0.01236	0.00738	0.01870	0.02096	0.00756	0.00531	0.00405	0.00275	0.00132	0.00337	0.00247	0.00264	0.00460
7	0.00853	0.02201	0.82841	0.01213	0.01842	0.00988	0.01572	0.01348	0.00898	0.01348	0.00764	0.00898	0.00539	0.00404	0.00404	0.00135	0.00629	0.00314	0.00180	0.00629
8	0.00853	0.02201	0.82841	0.01213	0.01842	0.00988	0.01572	0.01348	0.00898	0.01348	0.00764	0.00898	0.00539	0.00404	0.00404	0.00135	0.00629	0.00314	0.00180	0.00629
9	0.14152	0.00738	0.00936	0.00729	0.01049	0.00672	0.00602	0.01957	0.01148	0.71207	0.01524	0.01341	0.00969	0.00508	0.00405	0.00132	0.00357	0.00400	0.00489	0.00687
10	0.01493	0.01075	0.01174	0.00919	0.01211	0.01185	0.00746	0.69544	0.01795	0.02406	0.00981	0.01060	0.00726	0.00648	0.00602	0.12562	0.00454	0.00381	0.00391	0.00647
11	0.00672	0.00516	0.00755	0.00655	0.00717	0.00506	0.11713	0.00724	0.00677	0.00906	0.01291	0.04055	0.01442	0.71475	0.01900	0.00370	0.00453	0.00613	0.00254	0.00304
12	0.01506	0.13832	0.01341	0.01036	0.01273	0.70133	0.00803	0.01621	0.01147	0.01035	0.00658	0.00773	0.00558	0.00481	0.01971	0.00118	0.00730	0.00271	0.00214	0.00499
13	0.01770	0.00754	0.01032	0.00808	0.01091	0.00722	0.00669	0.01924	0.01137	0.71081	0.01519	0.01375	0.00983	0.00558	0.00566	0.00139	0.12287	0.00420	0.00478	0.00687
14	0.00882	0.00756	0.00882	0.00630	0.01008	0.00567	0.00504	0.01071	0.00882	0.01387	0.00756	0.00882	0.00630	0.00315	0.00315	0.00063	0.00315	0.00252	0.00252	0.87647
15	0.01004	0.01148	0.02511	0.01793	0.02224	0.01076	0.80846	0.01363	0.01004	0.01363	0.00861	0.01148	0.00646	0.00359	0.00502	0.00143	0.00717	0.00502	0.00215	0.00574
16	0.08634	0.78016	0.02091	0.00714	0.01069	0.01621	0.00705	0.01272	0.00852	0.01079	0.00592	0.00683	0.00539	0.00367	0.00272	0.00095	0.00444	0.00228	0.00189	0.00539
17	0.01450	0.01744	0.01249	0.01279	0.12801	0.62652	0.00871	0.04999	0.01172	0.01158	0.00725	0.00878	0.00607	0.00614	0.05853	0.00151	0.00742	0.00306	0.00227	0.00521
18	0.04565	0.00759	0.01248	0.80425	0.02840	0.00946	0.01151	0.01094	0.00845	0.01123	0.00749	0.01115	0.00563	0.00424	0.00418	0.00141	0.00557	0.00372	0.00192	0.00472
19	0.01788	0.00751	0.00984	0.00773	0.01089	0.00687	0.00632	0.02100	0.12645	0.71188	0.01686	0.01468	0.01088	0.00534	0.00429	0.00133	0.00358	0.00435	0.00513	0.00717
20	0.00556	0.00464	0.00575	0.12355	0.00923	0.00442	0.00467	0.00687	0.00933	0.01164	0.08583	0.21976	0.47293	0.01029	0.00501	0.00149	0.00272	0.00886	0.00371	0.00375
21	0.00503	0.00431	0.00431	0.00431	0.00575	0.00359	0.00323	0.00611	0.00970	0.01149	0.04310	0.04095	0.82219	0.01078	0.00503	0.00144	0.00216	0.00898	0.00395	0.00359
22	0.00596	0.00429	0.00566	0.00560	0.00649	0.00399	0.00419	0.00778	0.01134	0.01590	0.65563	0.14881	0.03741	0.00956	0.00513	0.00143	0.00220	0.06016	0.00453	0.00393
23	0.86054	0.00854	0.02509	0.00575	0.00846	0.00955	0.00486	0.01253	0.00728	0.01896	0.00596	0.00696	0.00463	0.00395	0.00267	0.00132	0.00336	0.00232	0.00261	0.00465
24	0.13414	0.00887	0.01215	0.46733	0.07741	0.01040	0.00999	0.20173	0.01115	0.01605	0.00799	0.01039	0.00597	0.00438	0.00402	0.00136	0.00506	0.00358	0.00258	0.00545
25	0.00660	0.00448	0.00583	0.00541	0.00654	0.00410	0.00409	0.00855	0.01195	0.05507	0.75009	0.03136	0.07246	0.00863	0.00498	0.00134	0.00209	0.00759	0.00468	0.00415
26	0.01053	0.01011	0.01727	0.02612	0.82392	0.01011	0.01306	0.01306	0.00969	0.01390	0.00800	0.01053	0.00674	0.00379	0.00421	0.00126	0.00505	0.00379	0.00211	0.00674
27	0.01590	0.01177	0.01277	0.03769	0.01374	0.01307	0.00821	0.78290	0.01962	0.02628	0.01013	0.01025	0.00718	0.00508	0.00426	0.00128	0.00472	0.00383	0.00418	0.00715
28	0.00543	0.00438	0.00476	0.00493	0.00615	0.00385	0.00376	0.00654	0.00937	0.01139	0.03684	0.05425	0.60971	0.08597	0.00666	0.00177	0.00262	0.13426	0.00382	0.00355
29	0.01004	0.01148	0.02511	0.01793	0.02224	0.01076	0.80846	0.01363	0.01004	0.01363	0.00861	0.01148	0.00646	0.00359	0.00502	0.00143	0.00717	0.00502	0.00215	0.00574
30	0.00763	0.00701	0.01165	0.72166	0.02602	0.00860	0.01070	0.01017	0.00846	0.01087	0.00982	0.13020	0.00887	0.00554	0.00442	0.00146	0.00522	0.00496	0.00218	0.00455
31	0.01053	0.01011	0.01727	0.02612	0.82392	0.01011	0.01306	0.01306	0.00969	0.01390	0.00800	0.01053	0.00674	0.00379	0.00421	0.00126	0.00505	0.00379	0.00211	0.00674
32	0.01788	0.00751	0.00984	0.00773	0.01089	0.00687	0.00632	0.02100	0.12645	0.71188	0.01686	0.01468	0.01088	0.00534	0.00429	0.00133	0.00358	0.00435	0.00513	0.00717
33	0.01868	0.00791	0.01029	0.00789	0.01119	0.00724	0.00651	0.13287	0.01329	0.71316	0.01585	0.01388	0.01006	0.00524	0.00428	0.00131	0.00377	0.00422	0.00512	0.00724
34	0.00612	0.00410	0.00466	0.00473	0.00474	0.00408	0.00267	0.00617	0.00632	0.00843	0.01408	0.08286	0.01632	0.79428	0.02057	0.00396	0.00401	0.00658	0.00267	0.00264
35	0.00975	0.01005	0.01297	0.01116	0.01130	0.06809	0.00924	0.01069	0.00689	0.01025	0.00565	0.00920	0.00558	0.00724	0.01328	0.00181	0.78664	0.00366	0.00188	0.00467
36	0.01618	0.01192	0.01277	0.00979	0.01320	0.01320	0.00809	0.80973	0.02001	0.02682	0.01022	0.01022	0.00724	0.00511	0.00426	0.00128	0.00468	0.00383	0.00426	0.00724
37	0.00518	0.00370	0.00494	0.00592	0.00617	0.00346	0.00395	0.00592	0.00815	0.01086	0.02345	0.84768	0.02814	0.01333	0.00543	0.00173	0.00247	0.01210	0.00395	0.00346
38	0.00599	0.00432	0.00566	0.00538	0.00635	0.00399	0.00401	0.00795	0.01189	0.01682	0.79057	0.06358	0.03968	0.00888	0.00503	0.00135	0.00203	0.00787	0.00466	0.00399
39	0.01461	0.01075	0.01166	0.00924	0.01220	0.01181	0.00750	0.69550	0.01832	0.02455	0.01210	0.12924	0.01021	0.00628	0.00442	0.00134	0.00437	0.00501	0.00421	0.00670
40	0.01618	0.01192	0.01277	0.00979	0.01320	0.01320	0.00809	0.80973	0.02001	0.02682	0.01022	0.01022	0.00724	0.00511	0.00426	0.00128	0.00468	0.00383	0.00426	0.00724
41	0.00739	0.00370	0.00554	0.00554	0.00554	0.00370	0.00370	0.00554	0.00554	0.00739	0.00739	0.01293	0.00739	0.01478	0.01663	0.87620	0.00370	0.00370	0.00185	0.00185
42	0.00931	0.00931	0.01303	0.01117	0.01117	0.01303	0.00931	0.01024	0.00652	0.01024	0.00559	0.00931	0.00559	0.00745	0.01396	0.00186	0.84267	0.00372	0.00186	0.00465

[dist]
# distance from previous block
# <min> <max>
4	9

[block]
# block no. 6 follows, 62 sequences, length 11
# corresponding to MSA columns:
# 229-239
name=unknown_G
#
# <colnr> <probs for GDERKNQSTAVLIFYWHMCP>
#	G	D	E	R	K	N	Q	S	T	A	V	L	I	F	Y	W	H	M	C	P
0	0.00804	0.00756	0.01276	0.84023	0.02931	0.00945	0.01182	0.01087	0.00851	0.01087	0.00756	0.01134	0.00567	0.00425	0.00425	0.00142	0.00567	0.00378	0.00189	0.00473
1	0.83305	0.00819	0.00661	0.05100	0.00938	0.00954	0.00500	0.01242	0.00731	0.01864	0.00601	0.00715	0.00467	0.00397	0.00272	0.00132	0.00342	0.00238	0.00259	0.00461
2	0.01162	0.80772	0.02174	0.00748	0.01104	0.06126	0.00733	0.01297	0.00883	0.01003	0.00595	0.00687	0.00546	0.00368	0.00279	0.00092	0.00472	0.00230	0.00184	0.00543
3	0.01004	0.01148	0.02511	0.01793	0.02224	0.01076	0.80846	0.01363	0.01004	0.01363	0.00861	0.01148	0.00646	0.00359	0.00502	0.00143	0.00717	0.00502	0.00215	0.00574
4	0.01037	0.00995	0.01699	0.07767	0.77360	0.01007	0.01298	0.01292	0.00961	0.01371	0.00798	0.01058	0.00667	0.00382	0.00422	0.00127	0.00509	0.00379	0.00209	0.00661
5	0.00979	0.00853	0.01027	0.17354	0.04042	0.00991	0.00795	0.01893	0.56906	0.01592	0.01549	0.01727	0.01222	0.00587	0.00443	0.00147	0.00392	0.06513	0.00375	0.00612
6	0.00939	0.00790	0.00913	0.00657	0.01032	0.00625	0.00528	0.07192	0.00968	0.01486	0.00777	0.00893	0.00637	0.00330	0.00324	0.00068	0.00327	0.00262	0.00265	0.80989
7	0.00654	0.00442	0.00497	0.00489	0.00504	0.00446	0.00285	0.03791	0.00681	0.00909	0.01368	0.05953	0.01564	0.78402	0.02033	0.00392	0.00408	0.00633	0.00270	0.00280
8	0.07959	0.00464	0.00569	0.00541	0.00650	0.00445	0.00406	0.00828	0.01141	0.01687	0.70556	0.07818	0.03644	0.00857	0.00484	0.00136	0.00214	0.00750	0.00447	0.00403
9	0.00610	0.00409	0.00467	0.00475	0.00477	0.00407	0.00269	0.00617	0.00635	0.00847	0.01425	0.09686	0.01654	0.77999	0.02029	0.00392	0.00399	0.00669	0.00269	0.00265
10	0.00882	0.00756	0.00882	0.00630	0.01008	0.00567	0.00504	0.01071	0.00882	0.01387	0.00756	0.00882	0.00630	0.00315	0.00315	0.00063	0.00315	0.00252	0.00252	0.87647

[dist]
# distance from previous block
# <min> <max>
0	2

[block]
# block no. 7 follows, 62 sequences, length 22
# corresponding to MSA columns:
# 242-263
name=unknown_H
#
# <colnr> <probs for GDERKNQSTAVLIFYWHMCP>
#	G	D	E	R	K	N	Q	S	T	A	V	L	I	F	Y	W	H	M	C	P
0	0.01598	0.01182	0.01266	0.00975	0.01312	0.01311	0.00804	0.78258	0.04747	0.02651	0.01046	0.01041	0.00743	0.00513	0.00426	0.00128	0.00464	0.00386	0.00426	0.00722
1	0.01845	0.00711	0.00972	0.00753	0.01070	0.00621	0.00621	0.02009	0.01192	0.78653	0.01652	0.01459	0.01054	0.00658	0.04522	0.00159	0.00400	0.00429	0.00512	0.00707
2	0.00547	0.00403	0.00542	0.00649	0.02843	0.00372	0.00424	0.00630	0.00821	0.01106	0.02242	0.79239	0.02671	0.01268	0.00531	0.00167	0.00257	0.01150	0.00384	0.03753
3	0.01839	0.08418	0.01100	0.00754	0.01087	0.00722	0.00635	0.02001	0.01186	0.75256	0.01580	0.01379	0.01007	0.00512	0.00414	0.00128	0.00371	0.00410	0.00495	0.00708
4	0.01666	0.00670	0.00910	0.00716	0.01002	0.00584	0.00584	0.01837	0.01215	0.67615	0.16659	0.01770	0.01604	0.00591	0.00442	0.00132	0.00332	0.00491	0.00516	0.00664
5	0.00619	0.00413	0.00464	0.00464	0.00464	0.00413	0.00258	0.00619	0.00619	0.00825	0.01341	0.02785	0.01547	0.85046	0.02166	0.00413	0.00413	0.00619	0.00258	0.00258
6	0.00518	0.00370	0.00494	0.00592	0.00617	0.00346	0.00395	0.00592	0.00815	0.01086	0.02345	0.84768	0.02814	0.01333	0.00543	0.00173	0.00247	0.01210	0.00395	0.00346
7	0.01589	0.02028	0.01206	0.01096	0.01315	0.83338	0.00822	0.01699	0.01206	0.01041	0.00658	0.00767	0.00548	0.00438	0.00384	0.00110	0.00767	0.00274	0.00219	0.00493
8	0.01053	0.01011	0.01727	0.02612	0.82392	0.01011	0.01306	0.01306	0.00969	0.01390	0.00800	0.01053	0.00674	0.00379	0.00421	0.00126	0.00505	0.00379	0.00211	0.00674
9	0.00909	0.00772	0.00897	0.00643	0.01020	0.00595	0.00515	0.03978	0.00923	0.01434	0.00766	0.00887	0.00634	0.00322	0.00319	0.00065	0.00321	0.00257	0.00258	0.84485
10	0.01618	0.01192	0.01277	0.00979	0.01320	0.01320	0.00809	0.80973	0.02001	0.02682	0.01022	0.01022	0.00724	0.00511	0.00426	0.00128	0.00468	0.00383	0.00426	0.00724
11	0.01618	0.01192	0.01277	0.00979	0.01320	0.01320	0.00809	0.80973	0.02001	0.02682	0.01022	0.01022	0.00724	0.00511	0.00426	0.00128	0.00468	0.00383	0.00426	0.00724
12	0.00518	0.00370	0.00494	0.00592	0.00617	0.00346	0.00395	0.00592	0.00815	0.01086	0.02345	0.84768	0.02814	0.01333	0.00543	0.00173	0.00247	0.01210	0.00395	0.00346
13	0.00518	0.00370	0.00494	0.00592	0.00617	0.00346	0.00395	0.00592	0.00815	0.01086	0.02345	0.84768	0.02814	0.01333	0.00543	0.00173	0.00247	0.01210	0.00395	0.00346
14	0.00822	0.00424	0.00427	0.00417	0.00524	0.00428	0.00315	0.03751	0.00931	0.01624	0.01375	0.01567	0.01078	0.00496	0.00302	0.00100	0.00208	0.00396	0.84407	0.00408
15	0.01870	0.00733	0.00986	0.00762	0.01087	0.00645	0.00628	0.02082	0.04875	0.79007	0.01681	0.01455	0.01064	0.00529	0.00428	0.00132	0.00361	0.00430	0.00522	0.00722
16	0.01909	0.00724	0.00987	0.00757	0.01086	0.00625	0.00625	0.02074	0.01218	0.82687	0.01679	0.01448	0.01053	0.00527	0.00428	0.00132	0.00362	0.00428	0.00527	0.00724
17	0.00619	0.00413	0.00464	0.00464	0.00464	0.00413	0.00258	0.00619	0.00619	0.00825	0.01341	0.02785	0.01547	0.85046	0.02166	0.00413	0.00413	0.00619	0.00258	0.00258
18	0.00535	0.00377	0.00489	0.00572	0.00592	0.00357	0.00373	0.00597	0.00783	0.01044	0.02181	0.71405	0.02608	0.14979	0.00808	0.00212	0.00274	0.01113	0.00373	0.00331
19	0.00511	0.00434	0.00443	0.00447	0.00589	0.00365	0.00340	0.00623	0.00970	0.01155	0.04217	0.04127	0.78591	0.01082	0.00507	0.00146	0.00224	0.04474	0.00395	0.00361
20	0.00853	0.02201	0.82841	0.01213	0.01842	0.00988	0.01572	0.01348	0.00898	0.01348	0.00764	0.00898	0.00539	0.00404	0.00404	0.00135	0.00629	0.00314	0.00180	0.00629
21	0.06127	0.00785	0.01004	0.00774	0.01101	0.00725	0.00639	0.11544	0.01288	0.69054	0.01546	0.01359	0.00984	0.00518	0.00420	0.00131	0.00373	0.00413	0.00501	0.00711

[dist]
# distance from previous block
# <min> <max>
2	6

[block]
# block no. 8 follows, 62 sequences, length 9
# corresponding to MSA columns:
# 270-278
name=unknown_I
#
# <colnr> <probs for GDERKNQSTAVLIFYWHMCP>
#	G	D	E	R	K	N	Q	S	T	A	V	L	I	F	Y	W	H	M	C	P
0	0.00882	0.00756	0.00882	0.00630	0.01008	0.00567	0.00504	0.01071	0.00882	0.01387	0.00756	0.00882	0.00630	0.00315	0.00315	0.00063	0.00315	0.00252	0.00252	0.87647
1	0.01003	0.00982	0.01741	0.16930	0.58689	0.01007	0.10840	0.01274	0.00952	0.01333	0.00800	0.01079	0.00652	0.00385	0.00432	0.00131	0.00542	0.00394	0.00207	0.00626
2	0.01777	0.05594	0.01056	0.00767	0.01089	0.00731	0.00636	0.02047	0.09523	0.69625	0.01622	0.01419	0.01050	0.00523	0.00420	0.00131	0.00365	0.00422	0.00497	0.00709
3	0.00853	0.02201	0.82841	0.01213	0.01842	0.00988	0.01572	0.01348	0.00898	0.01348	0.00764	0.00898	0.00539	0.00404	0.00404	0.00135	0.00629	0.00314	0.00180	0.00629
4	0.00619	0.00413	0.00464	0.00464	0.00464	0.00413	0.00258	0.00619	0.00619	0.00825	0.01341	0.02785	0.01547	0.85046	0.02166	0.00413	0.00413	0.00619	0.00258	0.00258
5	0.00627	0.00450	0.00654	0.00654	0.00732	0.00518	0.00508	0.00784	0.00705	0.01050	0.01165	0.01663	0.01067	0.02912	0.74760	0.00623	0.01042	0.00450	0.09255	0.00382
6	0.88052	0.00823	0.00625	0.00560	0.00823	0.00955	0.00461	0.01251	0.00724	0.01909	0.00592	0.00691	0.00461	0.00395	0.00263	0.00132	0.00329	0.00230	0.00263	0.00461
7	0.20431	0.00771	0.01130	0.65247	0.02456	0.00947	0.01020	0.01124	0.00822	0.01272	0.00719	0.01035	0.00543	0.00419	0.00389	0.00140	0.00514	0.00345	0.00206	0.00470
8	0.00853	0.02201	0.82841	0.01213	0.01842	0.00988	0.01572	0.01348	0.00898	0.01348	0.00764	0.00898	0.00539	0.00404	0.00404	0.00135	0.00629	0.00314	0.00180	0.00629

[dist]
# distance from previous block
# <min> <max>
2	5

[block]
# block no. 9 follows, 62 sequences, length 16
# corresponding to MSA columns:
# 284-299
name=unknown_J
#
# <colnr> <probs for GDERKNQSTAVLIFYWHMCP>
#	G	D	E	R	K	N	Q	S	T	A	V	L	I	F	Y	W	H	M	C	P
0	0.01492	0.01843	0.01301	0.01372	0.16096	0.68329	0.00910	0.01627	0.01163	0.01105	0.00684	0.00819	0.00571	0.00428	0.00391	0.00113	0.00720	0.00293	0.00218	0.00526
1	0.00686	0.00370	0.00540	0.00563	0.00569	0.00364	0.00376	0.00563	0.00617	0.00822	0.01125	0.21326	0.01237	0.01443	0.01394	0.66635	0.00340	0.00571	0.00235	0.00223
2	0.01909	0.00724	0.00987	0.00757	0.01086	0.00625	0.00625	0.02074	0.01218	0.82687	0.01679	0.01448	0.01053	0.00527	0.00428	0.00132	0.00362	0.00428	0.00527	0.00724
3	0.00678	0.00487	0.00675	0.00769	0.00869	0.00484	0.00671	0.00870	0.00979	0.01268	0.02338	0.04771	0.05740	0.01171	0.00584	0.00194	0.00385	0.76284	0.00392	0.00390
4	0.00814	0.00767	0.01295	0.80664	0.06209	0.00948	0.01187	0.01096	0.00856	0.01100	0.00758	0.01131	0.00572	0.00424	0.00425	0.00141	0.00565	0.00378	0.00190	0.00481
5	0.01103	0.75207	0.12023	0.00787	0.01183	0.01599	0.00831	0.01283	0.00869	0.01043	0.00612	0.00709	0.00545	0.00369	0.00289	0.00096	0.00476	0.00238	0.00182	0.00556
6	0.00594	0.00455	0.00613	0.00715	0.05435	0.00411	0.00461	0.00692	0.00832	0.01140	0.02062	0.69694	0.02424	0.01154	0.00508	0.00157	0.00270	0.01045	0.00367	0.10971
7	0.00565	0.00635	0.10456	0.00553	0.00717	0.00442	0.00475	0.00699	0.00886	0.01115	0.03152	0.14563	0.48965	0.13986	0.00753	0.00188	0.00300	0.00827	0.00348	0.00374
8	0.01049	0.01024	0.01800	0.02535	0.74895	0.01017	0.08744	0.01311	0.00972	0.01388	0.00806	0.01062	0.00671	0.00377	0.00429	0.00128	0.00525	0.00391	0.00211	0.00665
9	0.00650	0.00486	0.00708	0.00696	0.00783	0.00564	0.00543	0.04069	0.00738	0.01058	0.01135	0.01645	0.01050	0.03081	0.79938	0.00661	0.01112	0.00453	0.00236	0.00394
10	0.00771	0.00404	0.00431	0.00431	0.00528	0.00413	0.00326	0.00963	0.00867	0.01514	0.01358	0.01597	0.01087	0.00823	0.10388	0.00170	0.00313	0.00404	0.76817	0.00395
11	0.01053	0.01011	0.01727	0.02612	0.82392	0.01011	0.01306	0.01306	0.00969	0.01390	0.00800	0.01053	0.00674	0.00379	0.00421	0.00126	0.00505	0.00379	0.00211	0.00674
12	0.00804	0.00756	0.01276	0.84023	0.02931	0.00945	0.01182	0.01087	0.00851	0.01087	0.00756	0.01134	0.00567	0.00425	0.00425	0.00142	0.00567	0.00378	0.00189	0.00473
13	0.01053	0.01011	0.01727	0.02612	0.82392	0.01011	0.01306	0.01306	0.00969	0.01390	0.00800	0.01053	0.00674	0.00379	0.00421	0.00126	0.00505	0.00379	0.00211	0.00674
