[name]
rpl5

[dist]
# distance from previous block
# <min> <max>
0	4

[block]
# block no. 0 follows, 57 sequences, length 39
# corresponding to MSA columns:
# 4-42
name=unknown_A
#
# <colnr> <probs for GDERKNQSTAVLIFYWHMCP>
#	G	D	E	R	K	N	Q	S	T	A	V	L	I	F	Y	W	H	M	C	P
0	0.00653	0.00439	0.00506	0.00519	0.00525	0.00437	0.00305	0.00668	0.00692	0.00921	0.01555	0.09686	0.01797	0.73964	0.02097	0.00409	0.00424	0.03825	0.00292	0.00288
1	0.01088	0.00921	0.01156	0.00838	0.01238	0.00790	0.07085	0.15013	0.01160	0.01717	0.00864	0.00989	0.00690	0.00376	0.00373	0.00086	0.00399	0.00315	0.00298	0.64602
2	0.00556	0.00396	0.00525	0.00626	0.00651	0.00371	0.00415	0.00632	0.00860	0.01147	0.02460	0.80934	0.02949	0.04330	0.00639	0.00193	0.00269	0.01266	0.00415	0.00365
3	0.01108	0.04461	0.01325	0.01101	0.01241	0.23602	0.07289	0.01254	0.00907	0.01114	0.00820	0.01165	0.00745	0.01359	0.22957	0.00312	0.28130	0.00397	0.00222	0.00492
4	0.00659	0.00439	0.00494	0.00494	0.00494	0.00439	0.00275	0.00659	0.00659	0.00879	0.01428	0.02965	0.01647	0.84075	0.02306	0.00439	0.00439	0.00659	0.00275	0.00275
5	0.00991	0.00991	0.01388	0.01190	0.01190	0.01388	0.00991	0.01091	0.00694	0.01091	0.00595	0.00991	0.00595	0.00793	0.01487	0.00198	0.83246	0.00397	0.00198	0.00496
6	0.00647	0.00485	0.00728	0.00728	0.00809	0.00566	0.00566	0.00809	0.00728	0.01052	0.01214	0.01780	0.01133	0.03398	0.82279	0.00728	0.01214	0.00485	0.00243	0.00405
7	0.00909	0.02344	0.81727	0.01292	0.01961	0.01052	0.01674	0.01435	0.00957	0.01435	0.00813	0.00957	0.00574	0.00431	0.00431	0.00144	0.00670	0.00335	0.00191	0.00670
8	0.01211	0.84348	0.02374	0.00775	0.01163	0.01793	0.00775	0.01357	0.00921	0.01066	0.00630	0.00727	0.00582	0.00388	0.00291	0.00097	0.00485	0.00242	0.00194	0.00582
9	0.00633	0.00463	0.00594	0.00561	0.00672	0.00424	0.00421	0.00838	0.01262	0.01768	0.74736	0.03465	0.10579	0.00945	0.00535	0.00143	0.00215	0.00831	0.00492	0.00424
10	0.01517	0.01116	0.01213	0.00970	0.01274	0.01223	0.00784	0.65840	0.01909	0.02557	0.01336	0.15615	0.01162	0.00698	0.00475	0.00144	0.00457	0.00563	0.00448	0.00700
11	0.00856	0.00805	0.01359	0.82986	0.03121	0.01007	0.01258	0.01158	0.00906	0.01158	0.00805	0.01208	0.00604	0.00453	0.00453	0.00151	0.00604	0.00403	0.00201	0.00503
12	0.01070	0.01222	0.02674	0.01910	0.02368	0.01146	0.79603	0.01451	0.01070	0.01451	0.00917	0.01222	0.00688	0.00382	0.00535	0.00153	0.00764	0.00535	0.00229	0.00611
13	0.01187	0.77616	0.08889	0.00818	0.01229	0.01732	0.00849	0.01363	0.00924	0.01096	0.00645	0.00746	0.00581	0.00391	0.00302	0.00101	0.00500	0.00250	0.00194	0.00589
14	0.00868	0.00730	0.00863	0.00664	0.00997	0.00561	0.00515	0.01047	0.00926	0.01418	0.01118	0.16221	0.01100	0.00536	0.00380	0.00089	0.00322	0.00457	0.00297	0.70893
15	0.00552	0.00394	0.00526	0.00631	0.00657	0.00368	0.00421	0.00631	0.00868	0.01157	0.02498	0.83779	0.02997	0.01420	0.00578	0.00184	0.00263	0.01288	0.00421	0.00368
16	0.00552	0.00394	0.00526	0.00631	0.00657	0.00368	0.00421	0.00631	0.00868	0.01157	0.02498	0.83779	0.02997	0.01420	0.00578	0.00184	0.00263	0.01288	0.00421	0.00368
17	0.01122	0.01077	0.01839	0.02781	0.81248	0.01077	0.01391	0.01391	0.01032	0.01480	0.00852	0.01122	0.00718	0.00404	0.00449	0.00135	0.00538	0.00404	0.00224	0.00718
18	0.00808	0.00653	0.00785	0.00668	0.00915	0.00536	0.00501	0.03699	0.00952	0.01394	0.01509	0.34886	0.01628	0.00787	0.00439	0.00117	0.00312	0.00691	0.00337	0.48383
19	0.01693	0.02160	0.01284	0.01167	0.01401	0.82256	0.00876	0.01809	0.01284	0.01109	0.00700	0.00817	0.00584	0.00467	0.00409	0.00117	0.00817	0.00292	0.00233	0.00525
20	0.00921	0.00888	0.01253	0.01095	0.01112	0.01219	0.00904	0.01033	0.00701	0.01083	0.00722	0.01153	0.00705	0.01327	0.18052	0.00307	0.66426	0.00415	0.00207	0.00477
21	0.01959	0.00788	0.01049	0.00816	0.01159	0.00704	0.00670	0.02225	0.07793	0.75022	0.01792	0.01554	0.01143	0.00565	0.00456	0.00141	0.00383	0.00460	0.00553	0.00767
22	0.01693	0.02160	0.01284	0.01167	0.01401	0.82256	0.00876	0.01809	0.01284	0.01109	0.00700	0.00817	0.00584	0.00467	0.00409	0.00117	0.00817	0.00292	0.00233	0.00525
23	0.00641	0.00463	0.00606	0.00570	0.00677	0.00428	0.00428	0.00855	0.01283	0.01817	0.81009	0.03385	0.04276	0.00926	0.00534	0.00143	0.00214	0.00819	0.00499	0.00428
24	0.00730	0.00522	0.00730	0.00835	0.00939	0.00522	0.00730	0.00939	0.01043	0.01356	0.02399	0.05111	0.02608	0.01252	0.00626	0.00209	0.00417	0.78199	0.00417	0.00417
25	0.00909	0.02344	0.81727	0.01292	0.01961	0.01052	0.01674	0.01435	0.00957	0.01435	0.00813	0.00957	0.00574	0.00431	0.00431	0.00144	0.00670	0.00335	0.00191	0.00670
26	0.00641	0.00463	0.00606	0.00570	0.00677	0.00428	0.00428	0.00855	0.01283	0.01817	0.81009	0.03385	0.04276	0.00926	0.00534	0.00143	0.00214	0.00819	0.00499	0.00428
27	0.00940	0.00805	0.00940	0.00671	0.01074	0.00604	0.00537	0.01141	0.00940	0.01477	0.00805	0.00940	0.00671	0.00336	0.00336	0.00067	0.00336	0.00268	0.00268	0.86845
28	0.87276	0.00876	0.00666	0.00596	0.00876	0.01017	0.00491	0.01332	0.00771	0.02033	0.00631	0.00736	0.00491	0.00421	0.00280	0.00140	0.00351	0.00245	0.00280	0.00491
29	0.01473	0.01083	0.01182	0.00955	0.01246	0.01184	0.00767	0.62854	0.01861	0.02493	0.01389	0.18736	0.01246	0.00731	0.00480	0.00146	0.00448	0.00596	0.00446	0.00685
30	0.00936	0.00527	0.00543	0.00504	0.00632	0.00544	0.00380	0.10640	0.01069	0.01761	0.01426	0.01727	0.01156	0.07800	0.00507	0.00138	0.00266	0.00441	0.68549	0.00452
31	0.00914	0.02308	0.79170	0.01312	0.01974	0.01055	0.04196	0.01436	0.00960	0.01436	0.00817	0.00965	0.00578	0.00429	0.00434	0.00144	0.00673	0.00341	0.00193	0.00668
32	0.00536	0.00459	0.00459	0.00459	0.00612	0.00383	0.00344	0.00650	0.01033	0.01224	0.04590	0.04361	0.81065	0.01148	0.00536	0.00153	0.00230	0.00956	0.00421	0.00383
33	0.00856	0.00805	0.01359	0.82986	0.03121	0.01007	0.01258	0.01158	0.00906	0.01158	0.00805	0.01208	0.00604	0.00453	0.00453	0.00151	0.00604	0.00403	0.00201	0.00503
34	0.00635	0.00461	0.00598	0.00567	0.00674	0.00424	0.00424	0.00841	0.01262	0.01776	0.75895	0.05266	0.07581	0.00947	0.00535	0.00144	0.00216	0.00836	0.00494	0.00424
35	0.00634	0.00460	0.00598	0.00570	0.00674	0.00423	0.00425	0.00838	0.01255	0.01768	0.74985	0.07498	0.06253	0.00957	0.00537	0.00145	0.00217	0.00847	0.00493	0.00423
36	0.00987	0.00828	0.01007	0.00722	0.01125	0.00640	0.03105	0.02832	0.00978	0.03496	0.00839	0.00967	0.00685	0.00347	0.00347	0.00073	0.00354	0.00285	0.00278	0.80104
37	0.01122	0.01077	0.01839	0.02781	0.81248	0.01077	0.01391	0.01391	0.01032	0.01480	0.00852	0.01122	0.00718	0.00404	0.00449	0.00135	0.00538	0.00404	0.00224	0.00718
38	0.01867	0.00913	0.07700	0.03081	0.03153	0.00727	0.00783	0.02102	0.03099	0.69109	0.01661	0.01479	0.01060	0.00545	0.00454	0.00141	0.00418	0.00444	0.00511	0.00753

[dist]
# distance from previous block
# <min> <max>
0	2

[block]
# block no. 1 follows, 57 sequences, length 10
# corresponding to MSA columns:
# 45-54
name=unknown_B
#
# <colnr> <probs for GDERKNQSTAVLIFYWHMCP>
#	G	D	E	R	K	N	Q	S	T	A	V	L	I	F	Y	W	H	M	C	P
0	0.00940	0.00805	0.00940	0.00671	0.01074	0.00604	0.00537	0.01141	0.00940	0.01477	0.00805	0.00940	0.00671	0.00336	0.00336	0.00067	0.00336	0.00268	0.00268	0.86845
1	0.00744	0.00556	0.00785	0.00757	0.00863	0.00642	0.00593	0.07914	0.00854	0.01214	0.01202	0.01718	0.01100	0.03142	0.74913	0.00675	0.01149	0.00479	0.00262	0.00438
2	0.01407	0.46956	0.01890	0.00944	0.01264	0.29122	0.00824	0.07563	0.01130	0.01220	0.00688	0.00795	0.00597	0.00441	0.00387	0.00110	0.03583	0.00278	0.00228	0.00574
3	0.00652	0.00437	0.00496	0.00503	0.00504	0.00435	0.00283	0.00657	0.00672	0.00896	0.01493	0.07892	0.01730	0.79036	0.02201	0.00424	0.00429	0.00697	0.00283	0.00280
4	0.00565	0.00486	0.00542	0.07774	0.00837	0.00437	0.00429	0.00694	0.01012	0.01214	0.04139	0.08513	0.69586	0.01101	0.00531	0.00155	0.00265	0.00926	0.00401	0.00392
5	0.00616	0.00511	0.00526	0.00511	0.00675	0.00451	0.00393	0.05458	0.01100	0.01329	0.04280	0.04196	0.72698	0.01116	0.00535	0.00154	0.00254	0.04367	0.00423	0.00408
6	0.01113	0.01100	0.01976	0.02639	0.68352	0.01088	0.14178	0.01401	0.01038	0.01476	0.00863	0.01138	0.00713	0.00400	0.00463	0.00138	0.00575	0.00425	0.00225	0.00700
7	0.01693	0.02160	0.01284	0.01167	0.01401	0.82256	0.00876	0.01809	0.01284	0.01109	0.00700	0.00817	0.00584	0.00467	0.00409	0.00117	0.00817	0.00292	0.00233	0.00525
8	0.87276	0.00876	0.00666	0.00596	0.00876	0.01017	0.00491	0.01332	0.00771	0.02033	0.00631	0.00736	0.00491	0.00421	0.00280	0.00140	0.00351	0.00245	0.00280	0.00491
9	0.01122	0.01077	0.01839	0.02781	0.81248	0.01077	0.01391	0.01391	0.01032	0.01480	0.00852	0.01122	0.00718	0.00404	0.00449	0.00135	0.00538	0.00404	0.00224	0.00718

[dist]
# distance from previous block
# <min> <max>
0	1

[block]
# block no. 2 follows, 57 sequences, length 14
# corresponding to MSA columns:
# 56-69
name=unknown_C
#
# <colnr> <probs for GDERKNQSTAVLIFYWHMCP>
#	G	D	E	R	K	N	Q	S	T	A	V	L	I	F	Y	W	H	M	C	P
0	0.00552	0.00394	0.00526	0.00631	0.00657	0.00368	0.00421	0.00631	0.00868	0.01157	0.02498	0.83779	0.02997	0.01420	0.00578	0.00184	0.00263	0.01288	0.00421	0.00368
1	0.02033	0.00771	0.01052	0.00806	0.01157	0.00666	0.00666	0.02208	0.01297	0.81562	0.01788	0.01542	0.01122	0.00561	0.00456	0.00140	0.00386	0.00456	0.00561	0.00771
2	0.00730	0.00522	0.00730	0.00835	0.00939	0.00522	0.00730	0.00939	0.01043	0.01356	0.02399	0.05111	0.02608	0.01252	0.00626	0.00209	0.00417	0.78199	0.00417	0.00417
3	0.00909	0.02344	0.81727	0.01292	0.01961	0.01052	0.01674	0.01435	0.00957	0.01435	0.00813	0.00957	0.00574	0.00431	0.00431	0.00144	0.00670	0.00335	0.00191	0.00670
4	0.00536	0.00459	0.00459	0.00459	0.00612	0.00383	0.00344	0.00650	0.01033	0.01224	0.04590	0.04361	0.81065	0.01148	0.00536	0.00153	0.00230	0.00956	0.00421	0.00383
5	0.00992	0.00825	0.00954	0.00705	0.01080	0.00668	0.00562	0.08926	0.01053	0.01593	0.00944	0.06380	0.00833	0.00427	0.00363	0.00082	0.00347	0.00349	0.00297	0.72619
6	0.00854	0.00728	0.01170	0.66359	0.02599	0.00889	0.01069	0.01137	0.00915	0.01265	0.00941	0.01305	0.00716	0.00468	0.00426	0.00142	0.00525	0.00407	0.17599	0.00487
7	0.87276	0.00876	0.00666	0.00596	0.00876	0.01017	0.00491	0.01332	0.00771	0.02033	0.00631	0.00736	0.00491	0.00421	0.00280	0.00140	0.00351	0.00245	0.00280	0.00491
8	0.01070	0.01222	0.02674	0.01910	0.02368	0.01146	0.79603	0.01451	0.01070	0.01451	0.00917	0.01222	0.00688	0.00382	0.00535	0.00153	0.00764	0.00535	0.00229	0.00611
9	0.01109	0.01064	0.01816	0.06626	0.77504	0.01073	0.01384	0.01380	0.01026	0.01465	0.00850	0.01126	0.00712	0.00406	0.00449	0.00135	0.00541	0.00404	0.00223	0.00707
10	0.00743	0.00565	0.00772	0.00974	0.16988	0.00562	0.00517	0.00806	0.00756	0.01029	0.01416	0.10549	0.01591	0.58861	0.01757	0.00352	0.00442	0.00669	0.00279	0.00374
11	0.00546	0.00462	0.00485	0.00485	0.00631	0.00400	0.00366	0.00666	0.01003	0.01207	0.04263	0.04111	0.73318	0.01366	0.08458	0.00209	0.00325	0.00911	0.00404	0.00385
12	0.01034	0.01220	0.06209	0.12639	0.02449	0.01123	0.65550	0.01412	0.01043	0.01412	0.00897	0.01208	0.00671	0.00394	0.00519	0.00152	0.00738	0.00508	0.00224	0.00600
13	0.01114	0.00975	0.01060	0.00948	0.01179	0.01152	0.00744	0.02280	0.72702	0.01818	0.01723	0.01623	0.01307	0.00632	0.00561	0.00158	0.08392	0.00501	0.00436	0.00696

[dist]
# distance from previous block
# <min> <max>
0	1

[block]
# block no. 3 follows, 57 sequences, length 18
# corresponding to MSA columns:
# 71-88
name=unknown_D
#
# <colnr> <probs for GDERKNQSTAVLIFYWHMCP>
#	G	D	E	R	K	N	Q	S	T	A	V	L	I	F	Y	W	H	M	C	P
0	0.31980	0.00838	0.01123	0.51153	0.04424	0.01012	0.00986	0.01227	0.00861	0.01482	0.00744	0.01036	0.00566	0.00440	0.00391	0.00147	0.00511	0.00346	0.00230	0.00505
1	0.55308	0.00746	0.00664	0.00599	0.00822	0.00825	0.00479	0.03288	0.00983	0.01981	0.28157	0.01652	0.01794	0.00597	0.00372	0.00141	0.00308	0.00446	0.00360	0.00477
2	0.01372	0.01071	0.01322	0.29073	0.01958	0.01221	0.00977	0.49229	0.01654	0.02197	0.01056	0.04903	0.00815	0.00553	0.00459	0.00143	0.00524	0.00446	0.00366	0.00661
3	0.01107	0.01059	0.01589	0.01260	0.01586	0.01134	0.27720	0.02080	0.53265	0.01744	0.01527	0.01530	0.01145	0.00535	0.00486	0.00153	0.00497	0.00520	0.00382	0.00681
4	0.57713	0.01379	0.28413	0.00834	0.01248	0.01029	0.00896	0.01367	0.00835	0.01828	0.00693	0.00812	0.00519	0.00424	0.00332	0.00141	0.00460	0.00276	0.00250	0.00552
5	0.01327	0.01143	0.01675	0.02186	0.53918	0.01189	0.01209	0.28209	0.01408	0.01951	0.00933	0.01110	0.00736	0.00452	0.00450	0.00135	0.00525	0.00405	0.00303	0.00736
6	0.01426	0.01110	0.01360	0.29092	0.01993	0.01269	0.00997	0.52840	0.01711	0.02275	0.00991	0.01129	0.00714	0.00513	0.00453	0.00141	0.00535	0.00406	0.00367	0.00679
7	0.00659	0.00439	0.00494	0.00494	0.00494	0.00439	0.00275	0.00659	0.00659	0.00879	0.01428	0.02965	0.01647	0.84075	0.02306	0.00439	0.00439	0.00659	0.00275	0.00275
8	0.00978	0.29402	0.01707	0.54845	0.02451	0.01276	0.01093	0.01226	0.00911	0.01126	0.00745	0.01043	0.00596	0.00431	0.00397	0.00132	0.00563	0.00348	0.00199	0.00530
9	0.01455	0.01110	0.01216	0.00915	0.01292	0.01131	0.00750	0.52834	0.01723	0.02384	0.00991	0.01037	0.00737	0.00473	0.00413	0.00112	0.00443	0.00360	0.00390	0.30234
10	0.01297	0.01578	0.01002	0.00925	0.01131	0.54231	0.00694	0.01413	0.01198	0.01148	0.02032	0.02030	0.28132	0.00700	0.00452	0.00129	0.00616	0.00519	0.00298	0.00476
11	0.00810	0.00677	0.00905	0.00741	0.01002	0.00593	0.03965	0.00995	0.00866	0.01301	0.01104	0.08757	0.01041	0.01484	0.28415	0.00308	0.00648	0.00447	0.00272	0.45670
12	0.01023	0.00723	0.00791	0.00682	0.00806	0.00770	0.00475	0.27727	0.01163	0.01555	0.01311	0.02323	0.01347	0.55483	0.01672	0.00335	0.00460	0.00573	0.00336	0.00444
13	0.00633	0.00394	0.00548	0.00617	0.00634	0.00377	0.00411	0.00617	0.00773	0.01030	0.01912	0.55573	0.02241	0.01473	0.00987	0.29838	0.00308	0.00982	0.00344	0.00309
14	0.81286	0.00978	0.06288	0.00644	0.00952	0.01019	0.00573	0.01339	0.00784	0.01992	0.00644	0.00751	0.00497	0.00421	0.00291	0.00140	0.00373	0.00252	0.00274	0.00503
15	0.01510	0.01235	0.01799	0.01331	0.01726	0.01290	0.27807	0.50186	0.01738	0.05172	0.01054	0.01150	0.00755	0.00489	0.00481	0.00142	0.00585	0.00453	0.00380	0.00716
16	0.01222	0.01430	0.00982	0.00947	0.04036	0.45336	0.00681	0.02875	0.01173	0.01185	0.02083	0.02160	0.28197	0.05091	0.00554	0.00147	0.00580	0.00545	0.00304	0.00475
17	0.01122	0.01077	0.01839	0.02781	0.81248	0.01077	0.01391	0.01391	0.01032	0.01480	0.00852	0.01122	0.00718	0.00404	0.00449	0.00135	0.00538	0.00404	0.00224	0.00718

[dist]
# distance from previous block
# <min> <max>
0	2

[block]
# block no. 4 follows, 57 sequences, length 12
# corresponding to MSA columns:
# 91-102
name=unknown_E
#
# <colnr> <probs for GDERKNQSTAVLIFYWHMCP>
#	G	D	E	R	K	N	Q	S	T	A	V	L	I	F	Y	W	H	M	C	P
0	0.01122	0.01077	0.01839	0.02781	0.81248	0.01077	0.01391	0.01391	0.01032	0.01480	0.00852	0.01122	0.00718	0.00404	0.00449	0.00135	0.00538	0.00404	0.00224	0.00718
1	0.71464	0.12803	0.00938	0.03970	0.01009	0.01127	0.00563	0.01328	0.00798	0.01859	0.00638	0.00754	0.00508	0.00417	0.00289	0.00134	0.00380	0.00251	0.00265	0.00504
2	0.00659	0.00491	0.00729	0.00743	0.00828	0.00560	0.00590	0.00828	0.00773	0.01095	0.01383	0.02256	0.01344	0.03092	0.70609	0.00654	0.01100	0.11592	0.00268	0.00406
3	0.00862	0.00592	0.00731	0.00646	0.00797	0.00579	0.00496	0.12186	0.01383	0.05664	0.63191	0.02956	0.03538	0.03665	0.00579	0.00152	0.00270	0.00738	0.00488	0.00487
4	0.01568	0.01154	0.01252	0.00975	0.01301	0.01265	0.00799	0.68463	0.02009	0.02707	0.12510	0.01416	0.01272	0.00599	0.00465	0.00137	0.00458	0.00467	0.00460	0.00722
5	0.01211	0.84348	0.02374	0.00775	0.01163	0.01793	0.00775	0.01357	0.00921	0.01066	0.00630	0.00727	0.00582	0.00388	0.00291	0.00097	0.00485	0.00242	0.00194	0.00582
6	0.00552	0.00394	0.00526	0.00631	0.00657	0.00368	0.00421	0.00631	0.00868	0.01157	0.02498	0.83779	0.02997	0.01420	0.00578	0.00184	0.00263	0.01288	0.00421	0.00368
7	0.02033	0.00771	0.01052	0.00806	0.01157	0.00666	0.00666	0.02208	0.01297	0.81562	0.01788	0.01542	0.01122	0.00561	0.00456	0.00140	0.00386	0.00456	0.00561	0.00771
8	0.00856	0.00805	0.01359	0.82986	0.03121	0.01007	0.01258	0.01158	0.00906	0.01158	0.00805	0.01208	0.00604	0.00453	0.00453	0.00151	0.00604	0.00403	0.00201	0.00503
9	0.01061	0.01283	0.06965	0.01876	0.02346	0.01141	0.75372	0.01451	0.01063	0.01451	0.00911	0.01208	0.00681	0.00385	0.00529	0.00152	0.00759	0.00524	0.00227	0.00614
10	0.01723	0.01269	0.01360	0.01043	0.01405	0.01405	0.00861	0.79738	0.02131	0.02856	0.01088	0.01088	0.00771	0.00544	0.00453	0.00136	0.00499	0.00408	0.00453	0.00771
11	0.01127	0.00973	0.01025	0.00922	0.01178	0.01127	0.00717	0.02408	0.80430	0.01896	0.01844	0.01691	0.01383	0.00615	0.00461	0.00154	0.00359	0.00512	0.00461	0.00717

[dist]
# distance from previous block
# <min> <max>
0	2

[block]
# block no. 5 follows, 57 sequences, length 8
# corresponding to MSA columns:
# 105-112
name=unknown_F
#
# <colnr> <probs for GDERKNQSTAVLIFYWHMCP>
#	G	D	E	R	K	N	Q	S	T	A	V	L	I	F	Y	W	H	M	C	P
0	0.00551	0.00399	0.00521	0.00618	0.00654	0.00369	0.00415	0.00632	0.00880	0.01162	0.02652	0.77930	0.08747	0.01400	0.00575	0.00182	0.00260	0.01264	0.00421	0.00369
1	0.00856	0.00805	0.01359	0.82986	0.03121	0.01007	0.01258	0.01158	0.00906	0.01158	0.00805	0.01208	0.00604	0.00453	0.00453	0.00151	0.00604	0.00403	0.00201	0.00503
2	0.87276	0.00876	0.00666	0.00596	0.00876	0.01017	0.00491	0.01332	0.00771	0.02033	0.00631	0.00736	0.00491	0.00421	0.00280	0.00140	0.00351	0.00245	0.00280	0.00491
3	0.00981	0.00978	0.01386	0.07214	0.01332	0.01360	0.01011	0.01095	0.00710	0.01095	0.00610	0.01007	0.00596	0.00768	0.01411	0.00195	0.77159	0.00397	0.00199	0.00496
4	0.77432	0.00922	0.00746	0.00647	0.00937	0.01061	0.00533	0.10353	0.00928	0.02128	0.00684	0.00777	0.00523	0.00435	0.00300	0.00140	0.00368	0.00264	0.00300	0.00523
5	0.00730	0.00522	0.00730	0.00835	0.00939	0.00522	0.00730	0.00939	0.01043	0.01356	0.02399	0.05111	0.02608	0.01252	0.00626	0.00209	0.00417	0.78199	0.00417	0.00417
6	0.01543	0.01129	0.01214	0.00950	0.01252	0.01242	0.00762	0.66394	0.01882	0.02522	0.01145	0.01405	0.00919	0.14639	0.00766	0.00187	0.00489	0.00450	0.00423	0.00687
7	0.01525	0.01880	0.01309	0.01173	0.01350	0.62894	0.00903	0.01637	0.01143	0.01105	0.00675	0.00859	0.00586	0.00545	0.00667	0.00136	0.20553	0.00317	0.00225	0.00518

[dist]
# distance from previous block
# <min> <max>
0	2

[block]
# block no. 6 follows, 57 sequences, length 79
# corresponding to MSA columns:
# 115-193
name=unknown_G
#
# <colnr> <probs for GDERKNQSTAVLIFYWHMCP>
#	G	D	E	R	K	N	Q	S	T	A	V	L	I	F	Y	W	H	M	C	P
0	0.00659	0.00439	0.00494	0.00494	0.00494	0.00439	0.00275	0.00659	0.00659	0.00879	0.01428	0.02965	0.01647	0.84075	0.02306	0.00439	0.00439	0.00659	0.00275	0.00275
1	0.01439	0.01091	0.01276	0.01193	0.11620	0.01180	0.00852	0.55508	0.01777	0.02397	0.03941	0.13119	0.01203	0.00665	0.00473	0.00143	0.00460	0.00548	0.00420	0.00694
2	0.00628	0.00463	0.00587	0.00556	0.00669	0.00422	0.00417	0.00829	0.01250	0.01740	0.71106	0.03511	0.14227	0.00955	0.00535	0.00144	0.00216	0.00837	0.00489	0.00422
3	0.00814	0.00761	0.01242	0.72291	0.02796	0.00926	0.01140	0.01092	0.00922	0.01166	0.01296	0.01617	0.11032	0.00543	0.00464	0.00151	0.00556	0.00474	0.00230	0.00488
4	0.00536	0.00459	0.00459	0.00459	0.00612	0.00383	0.00344	0.00650	0.01033	0.01224	0.04590	0.04361	0.81065	0.01148	0.00536	0.00153	0.00230	0.00956	0.00421	0.00383
5	0.12779	0.01082	0.01166	0.00920	0.01247	0.01170	0.00753	0.52173	0.01739	0.14876	0.01233	0.06701	0.00939	0.00590	0.00440	0.00140	0.00446	0.00454	0.00445	0.00707
6	0.00948	0.00818	0.00853	0.00782	0.01007	0.00902	0.00604	0.01876	0.56395	0.01692	0.02676	0.02499	0.25505	0.00776	0.00484	0.00153	0.00320	0.00647	0.00449	0.00616
7	0.00641	0.00463	0.00606	0.00570	0.00677	0.00428	0.00428	0.00855	0.01283	0.01817	0.81009	0.03385	0.04276	0.00926	0.00534	0.00143	0.00214	0.00819	0.00499	0.00428
8	0.00707	0.00505	0.00704	0.00808	0.00902	0.00502	0.00690	0.00899	0.01020	0.01330	0.02412	0.15307	0.02658	0.01274	0.00620	0.00205	0.00397	0.68231	0.00418	0.00411
9	0.01723	0.01269	0.01360	0.01043	0.01405	0.01405	0.00861	0.79738	0.02131	0.02856	0.01088	0.01088	0.00771	0.00544	0.00453	0.00136	0.00499	0.00408	0.00453	0.00771
10	0.00566	0.00400	0.00522	0.00613	0.00636	0.00377	0.00402	0.00635	0.00841	0.01121	0.02359	0.73306	0.02822	0.12132	0.00802	0.00217	0.00286	0.01207	0.00402	0.00356
11	0.00554	0.00395	0.00525	0.00628	0.00654	0.00369	0.00418	0.00631	0.00863	0.01151	0.02477	0.82205	0.02971	0.03030	0.00612	0.00189	0.00266	0.01276	0.00418	0.00366
12	0.01274	0.73696	0.02233	0.00826	0.01194	0.12221	0.00788	0.01416	0.00968	0.01072	0.00639	0.00739	0.00582	0.00398	0.00306	0.00099	0.00528	0.00249	0.00199	0.00574
13	0.01516	0.01109	0.01196	0.00940	0.01234	0.01220	0.00752	0.64407	0.01846	0.02475	0.01150	0.01432	0.00932	0.15380	0.02161	0.00200	0.00500	0.00454	0.00418	0.00677
14	0.00929	0.00798	0.00947	0.03656	0.01140	0.00614	0.00561	0.01132	0.00937	0.01459	0.00836	0.02464	0.00711	0.00360	0.00344	0.00072	0.00344	0.00292	0.00269	0.82132
15	0.11869	0.00517	0.00614	0.00573	0.00703	0.00504	0.00436	0.00917	0.01216	0.01845	0.70592	0.03042	0.03785	0.00861	0.00502	0.00142	0.00232	0.00745	0.00471	0.00436
16	0.00913	0.02320	0.80213	0.01320	0.03464	0.01053	0.01669	0.01434	0.00958	0.01436	0.00814	0.00960	0.00577	0.00430	0.00431	0.00143	0.00667	0.00336	0.00192	0.00671
17	0.00536	0.00459	0.00459	0.00459	0.00612	0.00383	0.00344	0.00650	0.01033	0.01224	0.04590	0.04361	0.81065	0.01148	0.00536	0.00153	0.00230	0.00956	0.00421	0.00383
18	0.00860	0.00814	0.01387	0.81248	0.03105	0.01010	0.02938	0.01164	0.00910	0.01164	0.00808	0.01208	0.00606	0.00452	0.00455	0.00151	0.00607	0.00406	0.00202	0.00506
19	0.00981	0.01915	0.54722	0.01795	0.28764	0.01061	0.01578	0.01420	0.00982	0.01450	0.00826	0.01012	0.00623	0.00421	0.00437	0.00140	0.00625	0.00358	0.00202	0.00686
20	0.01693	0.02160	0.01284	0.01167	0.01401	0.82256	0.00876	0.01809	0.01284	0.01109	0.00700	0.00817	0.00584	0.00467	0.00409	0.00117	0.00817	0.00292	0.00233	0.00525
21	0.01676	0.01233	0.01322	0.01018	0.01365	0.01363	0.00835	0.76242	0.02065	0.02768	0.01103	0.01171	0.00809	0.04236	0.00535	0.00149	0.00496	0.00419	0.00445	0.00749
22	0.00542	0.00461	0.00468	0.00472	0.00623	0.00387	0.00357	0.00660	0.01033	0.01229	0.04517	0.04386	0.78434	0.01151	0.00539	0.00155	0.00236	0.03546	0.00421	0.00384
23	0.01070	0.01222	0.02674	0.01910	0.02368	0.01146	0.79603	0.01451	0.01070	0.01451	0.00917	0.01222	0.00688	0.00382	0.00535	0.00153	0.00764	0.00535	0.00229	0.00611
24	0.00659	0.00439	0.00494	0.00494	0.00494	0.00439	0.00275	0.00659	0.00659	0.00879	0.01428	0.02965	0.01647	0.84075	0.02306	0.00439	0.00439	0.00659	0.00275	0.00275
25	0.01621	0.01209	0.01305	0.00994	0.01362	0.01301	0.00819	0.69552	0.01976	0.02677	0.01051	0.01069	0.00758	0.00517	0.00438	0.00127	0.00477	0.00390	0.00429	0.11926
26	0.00730	0.00522	0.00730	0.00835	0.00939	0.00522	0.00730	0.00939	0.01043	0.01356	0.02399	0.05111	0.02608	0.01252	0.00626	0.00209	0.00417	0.78199	0.00417	0.00417
27	0.00909	0.02344	0.81727	0.01292	0.01961	0.01052	0.01674	0.01435	0.00957	0.01435	0.00813	0.00957	0.00574	0.00431	0.00431	0.00144	0.00670	0.00335	0.00191	0.00670
28	0.01127	0.00973	0.01025	0.00922	0.01178	0.01127	0.00717	0.02408	0.80430	0.01896	0.01844	0.01691	0.01383	0.00615	0.00461	0.00154	0.00359	0.00512	0.00461	0.00717
29	0.00909	0.02344	0.81727	0.01292	0.01961	0.01052	0.01674	0.01435	0.00957	0.01435	0.00813	0.00957	0.00574	0.00431	0.00431	0.00144	0.00670	0.00335	0.00191	0.00670
30	0.00659	0.00439	0.00494	0.00494	0.00494	0.00439	0.00275	0.00659	0.00659	0.00879	0.01428	0.02965	0.01647	0.84075	0.02306	0.00439	0.00439	0.00659	0.00275	0.00275
31	0.00821	0.00425	0.00432	0.00432	0.00524	0.00425	0.00311	0.01004	0.00913	0.01584	0.01472	0.01855	0.01224	0.11355	0.00575	0.00149	0.00241	0.00453	0.75404	0.00403
32	0.00936	0.02308	0.79032	0.01283	0.01943	0.01064	0.01647	0.04061	0.00996	0.01483	0.00822	0.00961	0.00581	0.00434	0.00431	0.00143	0.00664	0.00337	0.00200	0.00673
33	0.00657	0.00438	0.00495	0.00497	0.00498	0.00438	0.00278	0.00658	0.00664	0.00885	0.01452	0.04819	0.01678	0.82179	0.02267	0.00433	0.00435	0.00673	0.00278	0.00277
34	0.01585	0.01162	0.01248	0.00972	0.01287	0.01280	0.00785	0.69489	0.01940	0.02600	0.01132	0.01331	0.00884	0.11369	0.00693	0.00175	0.00491	0.00440	0.00430	0.00706
35	0.00940	0.00805	0.00940	0.00671	0.01074	0.00604	0.00537	0.01141	0.00940	0.01477	0.00805	0.00940	0.00671	0.00336	0.00336	0.00067	0.00336	0.00268	0.00268	0.86845
36	0.00909	0.02344	0.81727	0.01292	0.01961	0.01052	0.01674	0.01435	0.00957	0.01435	0.00813	0.00957	0.00574	0.00431	0.00431	0.00144	0.00670	0.00335	0.00191	0.00670
37	0.00552	0.00394	0.00526	0.00631	0.00657	0.00368	0.00421	0.00631	0.00868	0.01157	0.02498	0.83779	0.02997	0.01420	0.00578	0.00184	0.00263	0.01288	0.00421	0.00368
38	0.01055	0.02140	0.71272	0.01229	0.01857	0.01002	0.01544	0.01535	0.01001	0.11819	0.00939	0.01033	0.00645	0.00447	0.00434	0.00143	0.00633	0.00351	0.00239	0.00683
39	0.01211	0.84348	0.02374	0.00775	0.01163	0.01793	0.00775	0.01357	0.00921	0.01066	0.00630	0.00727	0.00582	0.00388	0.00291	0.00097	0.00485	0.00242	0.00194	0.00582
40	0.00991	0.00991	0.01388	0.01190	0.01190	0.01388	0.00991	0.01091	0.00694	0.01091	0.00595	0.00991	0.00595	0.00793	0.01487	0.00198	0.83246	0.00397	0.00198	0.00496
41	0.00659	0.00439	0.00494	0.00494	0.00494	0.00439	0.00275	0.00659	0.00659	0.00879	0.01428	0.02965	0.01647	0.84075	0.02306	0.00439	0.00439	0.00659	0.00275	0.00275
42	0.00909	0.02344	0.81727	0.01292	0.01961	0.01052	0.01674	0.01435	0.00957	0.01435	0.00813	0.00957	0.00574	0.00431	0.00431	0.00144	0.00670	0.00335	0.00191	0.00670
43	0.00552	0.00460	0.00482	0.00476	0.00622	0.00390	0.00357	0.00682	0.01072	0.01316	0.16476	0.04209	0.69122	0.01113	0.00535	0.00151	0.00227	0.00935	0.00433	0.00390
44	0.00653	0.00437	0.00496	0.00502	0.00504	0.00435	0.00283	0.00657	0.00671	0.00895	0.01490	0.07658	0.01726	0.79275	0.02206	0.00424	0.00429	0.00695	0.00283	0.00280
45	0.01014	0.02205	0.71312	0.01259	0.01889	0.01098	0.01569	0.11583	0.01109	0.01619	0.00849	0.00974	0.00599	0.00445	0.00433	0.00143	0.00648	0.00344	0.00225	0.00683
46	0.01082	0.01143	0.01374	0.01187	0.01217	0.11868	0.00976	0.01184	0.00770	0.01093	0.00609	0.00969	0.00593	0.00751	0.01347	0.00188	0.72563	0.00383	0.00203	0.00500
47	0.00612	0.00526	0.00532	0.00519	0.00685	0.00479	0.00393	0.00878	0.11323	0.01311	0.04235	0.04015	0.70738	0.01079	0.00526	0.00153	0.00246	0.00899	0.00426	0.00426
48	0.00801	0.00734	0.01207	0.68154	0.02676	0.00892	0.01105	0.01064	0.00905	0.01160	0.01180	0.13410	0.03653	0.00618	0.00474	0.00156	0.00542	0.00551	0.00241	0.00479
49	0.84141	0.00874	0.00691	0.03584	0.00958	0.01016	0.00519	0.01326	0.00776	0.02001	0.00637	0.00753	0.00495	0.00422	0.00287	0.00141	0.00360	0.00251	0.00278	0.00491
50	0.00659	0.00439	0.00494	0.00494	0.00494	0.00439	0.00275	0.00659	0.00659	0.00879	0.01428	0.02965	0.01647	0.84075	0.02306	0.00439	0.00439	0.00659	0.00275	0.00275
51	0.01589	0.01987	0.01299	0.01171	0.01370	0.70288	0.00893	0.01703	0.01197	0.01106	0.00685	0.00843	0.00585	0.00515	0.00568	0.00129	0.13016	0.00307	0.00228	0.00521
52	0.00641	0.00463	0.00606	0.00570	0.00677	0.00428	0.00428	0.00855	0.01283	0.01817	0.81009	0.03385	0.04276	0.00926	0.00534	0.00143	0.00214	0.00819	0.00499	0.00428
53	0.01127	0.00973	0.01025	0.00922	0.01178	0.01127	0.00717	0.02408	0.80430	0.01896	0.01844	0.01691	0.01383	0.00615	0.00461	0.00154	0.00359	0.00512	0.00461	0.00717
54	0.00536	0.00459	0.00459	0.00459	0.00612	0.00383	0.00344	0.00650	0.01033	0.01224	0.04590	0.04361	0.81065	0.01148	0.00536	0.00153	0.00230	0.00956	0.00421	0.00383
55	0.00636	0.00463	0.00599	0.00565	0.00674	0.00425	0.00424	0.00845	0.01271	0.01789	0.77322	0.03432	0.07980	0.00937	0.00534	0.00143	0.00215	0.00826	0.00495	0.00425
56	0.01127	0.00973	0.01025	0.00922	0.01178	0.01127	0.00717	0.02408	0.80430	0.01896	0.01844	0.01691	0.01383	0.00615	0.00461	0.00154	0.00359	0.00512	0.00461	0.00717
57	0.01723	0.01269	0.01360	0.01043	0.01405	0.01405	0.00861	0.79738	0.02131	0.02856	0.01088	0.01088	0.00771	0.00544	0.00453	0.00136	0.00499	0.00408	0.00453	0.00771
58	0.02033	0.00771	0.01052	0.00806	0.01157	0.00666	0.00666	0.02208	0.01297	0.81562	0.01788	0.01542	0.01122	0.00561	0.00456	0.00140	0.00386	0.00456	0.00561	0.00771
59	0.01608	0.02000	0.01366	0.01405	0.13179	0.70281	0.00952	0.01748	0.01247	0.01164	0.00723	0.00862	0.00603	0.00458	0.00414	0.00119	0.00776	0.00308	0.00232	0.00554
60	0.01127	0.00973	0.01025	0.00922	0.01178	0.01127	0.00717	0.02408	0.80430	0.01896	0.01844	0.01691	0.01383	0.00615	0.00461	0.00154	0.00359	0.00512	0.00461	0.00717
61	0.01070	0.01222	0.02674	0.01910	0.02368	0.01146	0.79603	0.01451	0.01070	0.01451	0.00917	0.01222	0.00688	0.00382	0.00535	0.00153	0.00764	0.00535	0.00229	0.00611
62	0.01201	0.82758	0.02343	0.00774	0.01156	0.01770	0.00771	0.01346	0.00917	0.01066	0.00641	0.00747	0.00592	0.00445	0.01845	0.00109	0.00498	0.00247	0.00195	0.00578
63	0.00909	0.02344	0.81727	0.01292	0.01961	0.01052	0.01674	0.01435	0.00957	0.01435	0.00813	0.00957	0.00574	0.00431	0.00431	0.00144	0.00670	0.00335	0.00191	0.00670
64	0.01127	0.00973	0.01025	0.00922	0.01178	0.01127	0.00717	0.02408	0.80430	0.01896	0.01844	0.01691	0.01383	0.00615	0.00461	0.00154	0.00359	0.00512	0.00461	0.00717
65	0.00552	0.00394	0.00526	0.00631	0.00657	0.00368	0.00421	0.00631	0.00868	0.01157	0.02498	0.83779	0.02997	0.01420	0.00578	0.00184	0.00263	0.01288	0.00421	0.00368
66	0.00888	0.00751	0.00884	0.00666	0.01018	0.00573	0.00521	0.01073	0.00930	0.01434	0.01031	0.12002	0.00982	0.00480	0.00368	0.00083	0.00326	0.00405	0.00289	0.75297
67	0.00852	0.00712	0.00846	0.00662	0.00979	0.00551	0.00511	0.01025	0.00923	0.01404	0.01189	0.19730	0.01199	0.00581	0.00391	0.00094	0.00319	0.00500	0.00303	0.67230
68	0.00787	0.00394	0.00590	0.00590	0.00590	0.00394	0.00394	0.00590	0.00590	0.00787	0.00787	0.01377	0.00787	0.01574	0.01771	0.86816	0.00394	0.00394	0.00197	0.00197
69	0.01723	0.01269	0.01360	0.01043	0.01405	0.01405	0.00861	0.79738	0.02131	0.02856	0.01088	0.01088	0.00771	0.00544	0.00453	0.00136	0.00499	0.00408	0.00453	0.00771
70	0.87276	0.00876	0.00666	0.00596	0.00876	0.01017	0.00491	0.01332	0.00771	0.02033	0.00631	0.00736	0.00491	0.00421	0.00280	0.00140	0.00351	0.00245	0.00280	0.00491
71	0.00659	0.00439	0.00494	0.00494	0.00494	0.00439	0.00275	0.00659	0.00659	0.00879	0.01428	0.02965	0.01647	0.84075	0.02306	0.00439	0.00439	0.00659	0.00275	0.00275
72	0.00558	0.00397	0.00524	0.00623	0.00648	0.00372	0.00412	0.00633	0.00856	0.01141	0.02436	0.79151	0.02920	0.06153	0.00677	0.00199	0.00273	0.01252	0.00412	0.00363
73	0.01042	0.01168	0.02503	0.12417	0.02466	0.01128	0.69449	0.01413	0.01048	0.01413	0.00902	0.01220	0.00677	0.00391	0.00524	0.00153	0.00743	0.00518	0.00226	0.00597
74	0.14521	0.01045	0.01657	0.02441	0.68748	0.01067	0.01251	0.01382	0.00991	0.01566	0.00818	0.01062	0.00682	0.00406	0.00422	0.00135	0.00509	0.00379	0.00233	0.00682
75	0.01153	0.60802	0.14647	0.01116	0.11666	0.01585	0.00995	0.01373	0.00941	0.01177	0.00687	0.00814	0.00598	0.00396	0.00333	0.00109	0.00520	0.00278	0.00197	0.00613
76	0.14326	0.01863	0.58605	0.01092	0.01615	0.00961	0.01324	0.01310	0.00880	0.01444	0.00781	0.00977	0.00589	0.00577	0.00581	0.11376	0.00584	0.00329	0.00206	0.00581
77	0.62696	0.00968	0.00724	0.00675	0.00910	0.11444	0.00530	0.01285	0.00853	0.01777	0.00930	0.13662	0.00893	0.00582	0.00343	0.00144	0.00397	0.00414	0.00296	0.00476
78	0.00998	0.03662	0.55613	0.01167	0.01696	0.01036	0.02737	0.13508	0.01129	0.01612	0.01072	0.11711	0.00921	0.00575	0.00452	0.00147	0.00588	0.00471	0.00263	0.00643

[dist]
# distance from previous block
# <min> <max>
0	10

# created by:
# /share/home/app/bin/augustus-3.3.1/scripts/msa2prfl.pl /dev/shm/tmp/ogap_db/mt-rosids/msas/rpl5.aln --setname=rpl5
