[name]
accD

[dist]
# distance from previous block
# <min> <max>
1	3

[block]
# block no. 0 follows, 62 sequences, length 8
# corresponding to MSA columns:
# 3-10
name=unknown_A
#
# <colnr> <probs for GDERKNQSTAVLIFYWHMCP>
#	G	D	E	R	K	N	Q	S	T	A	V	L	I	F	Y	W	H	M	C	P
0	0.00954	0.01601	0.41960	0.01918	0.42439	0.01000	0.01438	0.01327	0.00934	0.01369	0.00782	0.00976	0.00607	0.00392	0.00413	0.00131	0.00567	0.00347	0.00195	0.00652
1	0.01146	0.01188	0.01637	0.02348	0.68300	0.15320	0.01222	0.01374	0.01010	0.01330	0.00776	0.01003	0.00652	0.00389	0.00415	0.00123	0.00551	0.00361	0.00212	0.00643
2	0.05281	0.00440	0.00642	0.10666	0.00860	0.00468	0.00474	0.00658	0.00616	0.00864	0.00836	0.06559	0.00836	0.01285	0.01369	0.66899	0.00384	0.00417	0.00203	0.00244
3	0.00783	0.00422	0.00597	0.00583	0.00606	0.00428	0.00399	0.05633	0.00659	0.00880	0.00841	0.05650	0.00847	0.01410	0.01526	0.77515	0.00369	0.00414	0.00211	0.00227
4	0.00619	0.00413	0.00464	0.00464	0.00464	0.00413	0.00258	0.00619	0.00619	0.00825	0.01341	0.02785	0.01547	0.85046	0.02166	0.00413	0.00413	0.00619	0.00258	0.00258
5	0.01589	0.02028	0.01206	0.01096	0.01315	0.83338	0.00822	0.01699	0.01206	0.01041	0.00658	0.00767	0.00548	0.00438	0.00384	0.00110	0.00767	0.00274	0.00219	0.00493
6	0.01618	0.01192	0.01277	0.00979	0.01320	0.01320	0.00809	0.80973	0.02001	0.02682	0.01022	0.01022	0.00724	0.00511	0.00426	0.00128	0.00468	0.00383	0.00426	0.00724
7	0.00692	0.00521	0.00706	0.00815	0.04279	0.00518	0.00661	0.00920	0.04372	0.01282	0.02455	0.04409	0.13370	0.01103	0.00562	0.00184	0.00370	0.61984	0.00386	0.00411

[dist]
# distance from previous block
# <min> <max>
0	5

[block]
# block no. 1 follows, 62 sequences, length 8
# corresponding to MSA columns:
# 16-23
name=unknown_B
#
# <colnr> <probs for GDERKNQSTAVLIFYWHMCP>
#	G	D	E	R	K	N	Q	S	T	A	V	L	I	F	Y	W	H	M	C	P
0	0.72235	0.00895	0.06570	0.04546	0.00984	0.00922	0.00571	0.01222	0.00772	0.01817	0.05669	0.00881	0.00692	0.00427	0.00296	0.00132	0.00354	0.00277	0.00267	0.00470
1	0.06948	0.02105	0.77095	0.01167	0.01770	0.00986	0.01494	0.01341	0.00886	0.01387	0.00752	0.00884	0.00534	0.00404	0.00394	0.00135	0.00608	0.00309	0.00186	0.00617
2	0.00574	0.00395	0.00482	0.00524	0.00540	0.00382	0.00325	0.00616	0.00734	0.00983	0.05733	0.38954	0.02226	0.44021	0.01369	0.00293	0.00329	0.00887	0.00329	0.00304
3	0.00853	0.02201	0.82841	0.01213	0.01842	0.00988	0.01572	0.01348	0.00898	0.01348	0.00764	0.00898	0.00539	0.00404	0.00404	0.00135	0.00629	0.00314	0.00180	0.00629
4	0.00740	0.00621	0.00757	0.00732	0.00834	0.07206	0.00570	0.05076	0.00795	0.01082	0.01095	0.01565	0.01004	0.02829	0.72329	0.00608	0.01074	0.00437	0.00238	0.00407
5	0.06929	0.00761	0.01231	0.78164	0.02783	0.00946	0.01131	0.01099	0.00842	0.01145	0.00745	0.01103	0.00560	0.00423	0.00414	0.00141	0.00551	0.00368	0.00194	0.00472
6	0.00833	0.00468	0.00512	0.03730	0.00666	0.00489	0.00384	0.06217	0.00947	0.01591	0.01319	0.01538	0.01044	0.00710	0.06964	0.00150	0.00306	0.00400	0.71314	0.00420
7	0.68616	0.00722	0.00610	0.00558	0.00763	0.00824	0.00440	0.01096	0.00686	0.01649	0.00625	0.00825	0.00523	0.00636	0.00575	0.19606	0.00338	0.00261	0.00246	0.00399

[dist]
# distance from previous block
# <min> <max>
2	7

[block]
# block no. 2 follows, 62 sequences, length 6
# corresponding to MSA columns:
# 31-36
name=unknown_C
#
# <colnr> <probs for GDERKNQSTAVLIFYWHMCP>
#	G	D	E	R	K	N	Q	S	T	A	V	L	I	F	Y	W	H	M	C	P
0	0.01160	0.55235	0.19938	0.00863	0.01273	0.07123	0.00915	0.01375	0.00920	0.06750	0.00710	0.00789	0.00580	0.00389	0.00321	0.00105	0.00509	0.00264	0.00208	0.00573
1	0.01532	0.01146	0.01277	0.09718	0.01489	0.01280	0.00848	0.72566	0.01880	0.02514	0.00994	0.01033	0.00707	0.00502	0.00426	0.00129	0.00479	0.00383	0.00401	0.00697
2	0.00622	0.00470	0.00580	0.00595	0.00688	0.00429	0.00409	0.00764	0.04964	0.01137	0.01904	0.54834	0.02189	0.12741	0.00724	0.00186	0.00286	0.00927	0.00354	0.15199
3	0.78870	0.00816	0.00694	0.09343	0.01045	0.00954	0.00537	0.01234	0.00737	0.01823	0.00610	0.00738	0.00472	0.00398	0.00280	0.00133	0.00354	0.00246	0.00256	0.00462
4	0.00954	0.00799	0.00921	0.00664	0.01039	0.00641	0.00534	0.08900	0.00992	0.01513	0.00782	0.00896	0.00639	0.00334	0.00326	0.00069	0.00330	0.00265	0.00269	0.79130
5	0.00503	0.00431	0.00431	0.00431	0.00575	0.00359	0.00323	0.00611	0.00970	0.01149	0.04310	0.04095	0.82219	0.01078	0.00503	0.00144	0.00216	0.00898	0.00395	0.00359

[dist]
# distance from previous block
# <min> <max>
2	6

[block]
# block no. 3 follows, 62 sequences, length 7
# corresponding to MSA columns:
# 43-49
name=unknown_D
#
# <colnr> <probs for GDERKNQSTAVLIFYWHMCP>
#	G	D	E	R	K	N	Q	S	T	A	V	L	I	F	Y	W	H	M	C	P
0	0.00622	0.00573	0.07021	0.00588	0.00730	0.00447	0.00493	0.00846	0.01180	0.01678	0.75784	0.03000	0.03742	0.00833	0.00494	0.00134	0.00234	0.00734	0.00446	0.00419
1	0.01614	0.01283	0.01269	0.00992	0.01319	0.10243	0.00810	0.72348	0.01914	0.02503	0.00982	0.00994	0.00705	0.00503	0.00421	0.00126	0.00501	0.00371	0.00403	0.00699
2	0.04826	0.11054	0.61198	0.01233	0.05305	0.01069	0.06931	0.01334	0.00897	0.01338	0.00746	0.00890	0.00550	0.00395	0.00391	0.00130	0.00597	0.00317	0.00188	0.00610
3	0.28507	0.46128	0.13878	0.00748	0.01120	0.01349	0.00771	0.01278	0.00825	0.01340	0.00618	0.00718	0.00518	0.00380	0.00290	0.00110	0.00442	0.00242	0.00207	0.00532
4	0.00981	0.00751	0.00912	0.07318	0.01147	0.00663	0.00588	0.11200	0.01033	0.06739	0.01089	0.13605	0.00994	0.00516	0.00380	0.00098	0.00347	0.00434	0.00308	0.50897
5	0.00748	0.00464	0.00579	0.00541	0.00661	0.00419	0.00399	0.00892	0.01062	0.11942	0.41021	0.09898	0.18107	0.10543	0.00686	0.00171	0.00253	0.00769	0.00432	0.00414
6	0.00701	0.00641	0.00988	0.55208	0.02121	0.00743	0.00890	0.00922	0.00883	0.01105	0.01875	0.06522	0.24424	0.00664	0.00454	0.00144	0.00448	0.00574	0.00260	0.00433

[dist]
# distance from previous block
# <min> <max>
0	2

[block]
# block no. 4 follows, 62 sequences, length 10
# corresponding to MSA columns:
# 52-61
name=unknown_E
#
# <colnr> <probs for GDERKNQSTAVLIFYWHMCP>
#	G	D	E	R	K	N	Q	S	T	A	V	L	I	F	Y	W	H	M	C	P
0	0.01053	0.01011	0.01727	0.02612	0.82392	0.01011	0.01306	0.01306	0.00969	0.01390	0.00800	0.01053	0.00674	0.00379	0.00421	0.00126	0.00505	0.00379	0.00211	0.00674
1	0.09622	0.63928	0.01912	0.00770	0.01101	0.14554	0.00717	0.01339	0.00905	0.01095	0.00602	0.00697	0.00538	0.00379	0.00290	0.00098	0.00492	0.00235	0.00196	0.00529
2	0.01049	0.01022	0.01793	0.02543	0.75667	0.01016	0.07978	0.01311	0.00972	0.01388	0.00805	0.01061	0.00672	0.00377	0.00428	0.00128	0.00523	0.00389	0.00211	0.00666
3	0.01593	0.01929	0.01214	0.01082	0.01316	0.73610	0.00821	0.11102	0.01300	0.01236	0.00701	0.00797	0.00569	0.00447	0.00389	0.00112	0.00732	0.00287	0.00244	0.00521
4	0.00503	0.00431	0.00431	0.00431	0.00575	0.00359	0.00323	0.00611	0.00970	0.01149	0.04310	0.04095	0.82219	0.01078	0.00503	0.00144	0.00216	0.00898	0.00395	0.00359
5	0.00927	0.00915	0.01301	0.01076	0.01158	0.01176	0.05042	0.01049	0.00706	0.01098	0.00605	0.00935	0.00574	0.00657	0.01180	0.00165	0.66764	0.00360	0.00198	0.14112
6	0.01469	0.01155	0.01276	0.10122	0.01479	0.04493	0.00861	0.62379	0.01730	0.02303	0.00939	0.01016	0.00686	0.00518	0.00505	0.00133	0.07520	0.00377	0.00371	0.00665
7	0.01019	0.00631	0.00784	0.00689	0.00798	0.00672	0.00509	0.26147	0.01015	0.01357	0.00829	0.01207	0.00734	0.01170	0.01269	0.59777	0.00401	0.00374	0.00261	0.00356
8	0.22102	0.01128	0.01119	0.03875	0.01259	0.05076	0.00740	0.55448	0.01619	0.02364	0.00893	0.00935	0.00647	0.00477	0.00385	0.00128	0.00453	0.00342	0.00369	0.00641
9	0.01138	0.85302	0.02230	0.00728	0.01092	0.01684	0.00728	0.01274	0.00865	0.01001	0.00592	0.00683	0.00546	0.00364	0.00273	0.00091	0.00455	0.00228	0.00182	0.00546

[dist]
# distance from previous block
# <min> <max>
8	11

[block]
# block no. 5 follows, 62 sequences, length 58
# corresponding to MSA columns:
# 73-130
name=unknown_F
#
# <colnr> <probs for GDERKNQSTAVLIFYWHMCP>
#	G	D	E	R	K	N	Q	S	T	A	V	L	I	F	Y	W	H	M	C	P
0	0.00526	0.00373	0.00491	0.00583	0.00606	0.00351	0.00385	0.00594	0.00800	0.01066	0.02269	0.78561	0.02718	0.07671	0.00666	0.00191	0.00259	0.01165	0.00385	0.00339
1	0.00973	0.00517	0.00687	0.00598	0.00763	0.00465	0.00465	0.01163	0.01208	0.24658	0.59355	0.02688	0.03175	0.00773	0.00481	0.00133	0.00246	0.00673	0.00485	0.00493
2	0.58712	0.02995	0.00865	0.00703	0.00986	0.06042	0.00578	0.21619	0.01082	0.02032	0.00706	0.00780	0.00535	0.00426	0.00312	0.00128	0.00394	0.00272	0.00300	0.00532
3	0.00583	0.00423	0.00550	0.00542	0.00630	0.00390	0.00398	0.00757	0.01124	0.01572	0.64720	0.18294	0.06496	0.00963	0.00510	0.00141	0.00210	0.00855	0.00452	0.00390
4	0.00812	0.00765	0.01291	0.81360	0.05530	0.00948	0.01186	0.01094	0.00855	0.01097	0.00758	0.01132	0.00571	0.00424	0.00425	0.00141	0.00565	0.00378	0.00190	0.00479
5	0.01199	0.77923	0.02125	0.00738	0.01096	0.03295	0.00723	0.01336	0.00895	0.06472	0.00666	0.00736	0.00580	0.00376	0.00286	0.00094	0.00455	0.00242	0.00206	0.00557
6	0.00503	0.00431	0.00431	0.00431	0.00575	0.00359	0.00323	0.00611	0.00970	0.01149	0.04310	0.04095	0.82219	0.01078	0.00503	0.00144	0.00216	0.00898	0.00395	0.00359
7	0.04721	0.00814	0.01328	0.60720	0.02476	0.01016	0.06041	0.01100	0.00820	0.01130	0.00721	0.01080	0.00566	0.00476	0.00593	0.00149	0.15199	0.00378	0.00193	0.00477
8	0.01580	0.03729	0.01227	0.01089	0.01311	0.81670	0.00820	0.01690	0.01199	0.01041	0.00656	0.00766	0.00548	0.00437	0.00381	0.00109	0.00761	0.00273	0.00218	0.00494
9	0.00610	0.00410	0.00465	0.00471	0.00476	0.00407	0.00267	0.00617	0.00638	0.00847	0.01460	0.07763	0.03210	0.78338	0.02035	0.00393	0.00399	0.00660	0.00269	0.00265
10	0.00503	0.00430	0.00432	0.00434	0.00576	0.00359	0.00325	0.00610	0.00967	0.01148	0.04271	0.05713	0.80627	0.01083	0.00504	0.00144	0.00216	0.00904	0.00395	0.00359
11	0.01533	0.01082	0.01182	0.00927	0.01238	0.01187	0.00757	0.62124	0.10392	0.08702	0.01134	0.01130	0.00812	0.00571	0.00493	0.04790	0.00441	0.00396	0.00421	0.00690
12	0.01138	0.85302	0.02230	0.00728	0.01092	0.01684	0.00728	0.01274	0.00865	0.01001	0.00592	0.00683	0.00546	0.00364	0.00273	0.00091	0.00455	0.00228	0.00182	0.00546
13	0.01138	0.85302	0.02230	0.00728	0.01092	0.01684	0.00728	0.01274	0.00865	0.01001	0.00592	0.00683	0.00546	0.00364	0.00273	0.00091	0.00455	0.00228	0.00182	0.00546
14	0.01058	0.00914	0.00962	0.00866	0.01106	0.01058	0.00673	0.02261	0.81623	0.01780	0.01732	0.01588	0.01299	0.00577	0.00433	0.00144	0.00337	0.00481	0.00433	0.00673
15	0.00606	0.00407	0.00468	0.00480	0.00483	0.00404	0.00275	0.00615	0.00643	0.00858	0.01467	0.13062	0.01706	0.74552	0.01962	0.00382	0.00392	0.00693	0.00275	0.00269
16	0.00618	0.00413	0.00467	0.00466	0.00468	0.00412	0.00261	0.00623	0.00633	0.00846	0.03304	0.02794	0.01607	0.83001	0.02125	0.00406	0.00407	0.00622	0.00263	0.00261
17	0.00600	0.00435	0.00566	0.00533	0.00635	0.00401	0.00400	0.00799	0.01200	0.01696	0.80669	0.03196	0.05520	0.00874	0.00502	0.00134	0.00201	0.00772	0.00467	0.00401
18	0.00932	0.00887	0.01507	0.42276	0.43678	0.00979	0.01245	0.01199	0.00911	0.01243	0.00779	0.01093	0.00622	0.00402	0.00423	0.00134	0.00536	0.00379	0.00200	0.00576
19	0.01138	0.85302	0.02230	0.00728	0.01092	0.01684	0.00728	0.01274	0.00865	0.01001	0.00592	0.00683	0.00546	0.00364	0.00273	0.00091	0.00455	0.00228	0.00182	0.00546
20	0.01590	0.01268	0.01269	0.03472	0.01367	0.10039	0.00821	0.70148	0.01882	0.02459	0.00975	0.00998	0.00700	0.00501	0.00421	0.00126	0.00503	0.00371	0.00397	0.00692
21	0.01573	0.03375	0.01218	0.01086	0.01308	0.80529	0.00818	0.01702	0.02635	0.01054	0.00676	0.00781	0.00561	0.00440	0.00383	0.00110	0.00755	0.00277	0.00222	0.00497
22	0.00861	0.00791	0.01290	0.76470	0.05259	0.00970	0.01163	0.05968	0.00925	0.01194	0.00774	0.01125	0.00580	0.00429	0.00425	0.00140	0.00559	0.00378	0.00204	0.00494
23	0.01077	0.71499	0.03531	0.00760	0.01082	0.01555	0.00742	0.01219	0.00837	0.01008	0.00635	0.00780	0.00587	0.00611	0.06837	0.00144	0.06124	0.00257	0.00186	0.00529
24	0.13467	0.01141	0.01188	0.00922	0.01251	0.01270	0.00761	0.70044	0.01826	0.02576	0.00963	0.00976	0.00688	0.00495	0.00403	0.00128	0.00449	0.00362	0.00403	0.00688
25	0.00608	0.00456	0.00684	0.00684	0.00760	0.00532	0.00532	0.00760	0.00684	0.00988	0.01140	0.01672	0.01064	0.03191	0.83360	0.00684	0.01140	0.00456	0.00228	0.00380
26	0.01618	0.01192	0.01277	0.00979	0.01320	0.01320	0.00809	0.80973	0.02001	0.02682	0.01022	0.01022	0.00724	0.00511	0.00426	0.00128	0.00468	0.00383	0.00426	0.00724
27	0.00505	0.00431	0.00434	0.00434	0.00576	0.00360	0.00325	0.00615	0.00976	0.01163	0.06242	0.04072	0.80279	0.01072	0.00503	0.00143	0.00215	0.00895	0.00397	0.00360
28	0.00608	0.00456	0.00684	0.00684	0.00760	0.00532	0.00532	0.00760	0.00684	0.00988	0.01140	0.01672	0.01064	0.03191	0.83360	0.00684	0.01140	0.00456	0.00228	0.00380
29	0.00619	0.00413	0.00464	0.00464	0.00464	0.00413	0.00258	0.00619	0.00619	0.00825	0.01341	0.02785	0.01547	0.85046	0.02166	0.00413	0.00413	0.00619	0.00258	0.00258
30	0.01138	0.85302	0.02230	0.00728	0.01092	0.01684	0.00728	0.01274	0.00865	0.01001	0.00592	0.00683	0.00546	0.00364	0.00273	0.00091	0.00455	0.00228	0.00182	0.00546
31	0.00521	0.00437	0.00456	0.00465	0.00605	0.00372	0.00359	0.00637	0.00971	0.01162	0.04110	0.04164	0.74441	0.01087	0.00511	0.00149	0.00233	0.08565	0.00395	0.00362
32	0.00900	0.02111	0.76033	0.01243	0.04261	0.01007	0.01523	0.05587	0.00959	0.01420	0.00778	0.00910	0.00553	0.00409	0.00406	0.00134	0.00617	0.00320	0.00194	0.00635
33	0.01589	0.02028	0.01206	0.01096	0.01315	0.83338	0.00822	0.01699	0.01206	0.01041	0.00658	0.00767	0.00548	0.00438	0.00384	0.00110	0.00767	0.00274	0.00219	0.00493
34	0.06276	0.01149	0.03467	0.01682	0.05667	0.03457	0.65809	0.01352	0.00985	0.01388	0.00830	0.01091	0.00631	0.00363	0.00472	0.00138	0.00669	0.00461	0.00219	0.03893
35	0.00503	0.00431	0.00431	0.00431	0.00575	0.00359	0.00323	0.00611	0.00970	0.01149	0.04310	0.04095	0.82219	0.01078	0.00503	0.00144	0.00216	0.00898	0.00395	0.00359
36	0.00528	0.00374	0.00491	0.00580	0.00603	0.00352	0.00382	0.00595	0.00796	0.01062	0.02251	0.77060	0.02695	0.09204	0.00696	0.00195	0.00262	0.01154	0.00382	0.00337
37	0.00853	0.02201	0.82841	0.01213	0.01842	0.00988	0.01572	0.01348	0.00898	0.01348	0.00764	0.00898	0.00539	0.00404	0.00404	0.00135	0.00629	0.00314	0.00180	0.00629
38	0.00508	0.00419	0.00444	0.00463	0.00581	0.00358	0.00336	0.00607	0.00933	0.01131	0.03873	0.19761	0.65282	0.02682	0.00541	0.00154	0.00225	0.00953	0.00393	0.00355
39	0.01280	0.59024	0.01907	0.00844	0.01163	0.27450	0.00758	0.01408	0.00972	0.01014	0.00612	0.00709	0.00547	0.00388	0.00308	0.00097	0.00554	0.00242	0.00194	0.00529
40	0.01589	0.02028	0.01206	0.01096	0.01315	0.83338	0.00822	0.01699	0.01206	0.01041	0.00658	0.00767	0.00548	0.00438	0.00384	0.00110	0.00767	0.00274	0.00219	0.00493
41	0.01298	0.66862	0.01964	0.00743	0.01096	0.03429	0.00710	0.01440	0.00941	0.16890	0.00805	0.00834	0.00645	0.00397	0.00306	0.00099	0.00444	0.00268	0.00250	0.00579
42	0.00922	0.00899	0.01225	0.01027	0.01097	0.01167	0.00852	0.01033	0.00694	0.01091	0.00595	0.00922	0.00572	0.00665	0.01196	0.00163	0.68747	0.00350	0.00198	0.16583
43	0.01592	0.01168	0.01250	0.00961	0.01295	0.01291	0.00793	0.78543	0.01967	0.02648	0.01033	0.01039	0.00735	0.00510	0.00422	0.00127	0.00460	0.00384	0.03068	0.00714
44	0.00619	0.00413	0.00464	0.00464	0.00464	0.00413	0.00258	0.00619	0.00619	0.00825	0.01341	0.02785	0.01547	0.85046	0.02166	0.00413	0.00413	0.00619	0.00258	0.00258
45	0.00534	0.00392	0.00537	0.05220	0.00745	0.00379	0.00439	0.00620	0.00817	0.01086	0.02257	0.80129	0.02690	0.01283	0.00537	0.00171	0.00265	0.01164	0.00384	0.00353
46	0.01598	0.01182	0.01277	0.02923	0.01357	0.01311	0.00817	0.79103	0.01974	0.02644	0.01015	0.01024	0.00720	0.00509	0.00426	0.00128	0.00471	0.00383	0.00420	0.00718
47	0.00861	0.02155	0.79699	0.01267	0.04962	0.00989	0.01562	0.01346	0.00901	0.01349	0.00765	0.00904	0.00544	0.00403	0.00405	0.00134	0.00624	0.00317	0.00181	0.00631
48	0.00518	0.00370	0.00494	0.00592	0.00617	0.00346	0.00395	0.00592	0.00815	0.01086	0.02345	0.84768	0.02814	0.01333	0.00543	0.00173	0.00247	0.01210	0.00395	0.00346
49	0.00853	0.02201	0.82841	0.01213	0.01842	0.00988	0.01572	0.01348	0.00898	0.01348	0.00764	0.00898	0.00539	0.00404	0.00404	0.00135	0.00629	0.00314	0.00180	0.00629
50	0.01563	0.01163	0.01277	0.06540	0.01427	0.01294	0.00834	0.75624	0.01924	0.02575	0.01004	0.01029	0.00713	0.00505	0.00426	0.00129	0.00475	0.00383	0.00410	0.00707
51	0.01483	0.01091	0.01185	0.00927	0.01227	0.01207	0.00756	0.70197	0.01820	0.02445	0.01049	0.01172	0.00797	0.05551	0.06917	0.00187	0.00517	0.00402	0.00401	0.00670
52	0.00619	0.00413	0.00464	0.00464	0.00464	0.00413	0.00258	0.00619	0.00619	0.00825	0.01341	0.02785	0.01547	0.85046	0.02166	0.00413	0.00413	0.00619	0.00258	0.00258
53	0.00669	0.02550	0.00740	0.00689	0.00782	0.00592	0.00538	0.04590	0.00748	0.01062	0.01129	0.01665	0.01056	0.06533	0.73879	0.00631	0.01060	0.00454	0.00238	0.00395
54	0.16431	0.08339	0.01238	0.05634	0.01302	0.03222	0.00761	0.52364	0.03165	0.02256	0.00901	0.00947	0.00661	0.00473	0.00384	0.00126	0.00453	0.00342	0.00358	0.00642
55	0.00619	0.00413	0.00464	0.00464	0.00464	0.00413	0.00258	0.00619	0.00619	0.00825	0.01341	0.02785	0.01547	0.85046	0.02166	0.00413	0.00413	0.00619	0.00258	0.00258
56	0.00811	0.00767	0.01278	0.79015	0.02821	0.00967	0.01167	0.01083	0.00839	0.01083	0.00744	0.01122	0.00567	0.00445	0.00484	0.00144	0.05624	0.00378	0.00189	0.00472
57	0.01589	0.02028	0.01206	0.01096	0.01315	0.83338	0.00822	0.01699	0.01206	0.01041	0.00658	0.00767	0.00548	0.00438	0.00384	0.00110	0.00767	0.00274	0.00219	0.00493

[dist]
# distance from previous block
# <min> <max>
0	3

[block]
# block no. 6 follows, 62 sequences, length 29
# corresponding to MSA columns:
# 134-162
name=unknown_G
#
# <colnr> <probs for GDERKNQSTAVLIFYWHMCP>
#	G	D	E	R	K	N	Q	S	T	A	V	L	I	F	Y	W	H	M	C	P
0	0.00804	0.00756	0.01276	0.84023	0.02931	0.00945	0.01182	0.01087	0.00851	0.01087	0.00756	0.01134	0.00567	0.00425	0.00425	0.00142	0.00567	0.00378	0.00189	0.00473
1	0.01568	0.01987	0.01227	0.01156	0.04541	0.80063	0.00841	0.01683	0.01196	0.01055	0.00663	0.00779	0.00553	0.00436	0.00385	0.00110	0.00757	0.00278	0.00219	0.00500
2	0.01589	0.02028	0.01206	0.01096	0.01315	0.83338	0.00822	0.01699	0.01206	0.01041	0.00658	0.00767	0.00548	0.00438	0.00384	0.00110	0.00767	0.00274	0.00219	0.00493
3	0.80161	0.00856	0.02869	0.05891	0.00984	0.00955	0.00536	0.01243	0.00737	0.01842	0.00607	0.00725	0.00470	0.00397	0.00277	0.00132	0.00352	0.00242	0.00256	0.00466
4	0.01618	0.01192	0.01277	0.00979	0.01320	0.01320	0.00809	0.80973	0.02001	0.02682	0.01022	0.01022	0.00724	0.00511	0.00426	0.00128	0.00468	0.00383	0.00426	0.00724
5	0.01043	0.01074	0.06028	0.02538	0.78121	0.01010	0.01320	0.01308	0.00965	0.01388	0.00798	0.01045	0.00667	0.00380	0.00420	0.00127	0.00512	0.00376	0.00209	0.00672
6	0.03304	0.01162	0.01260	0.12215	0.01527	0.04854	0.00853	0.65031	0.01784	0.02378	0.00961	0.01019	0.00689	0.00494	0.00420	0.00129	0.00492	0.00374	0.00381	0.00674
7	0.01204	0.67327	0.01958	0.00748	0.01083	0.05837	0.00711	0.01343	0.00906	0.08977	0.00735	0.00824	0.00628	0.00561	0.05488	0.00133	0.00505	0.00264	0.00221	0.00550
8	0.01173	0.78712	0.02149	0.00757	0.01110	0.08146	0.00736	0.01308	0.00892	0.01004	0.00597	0.00689	0.00546	0.00370	0.00282	0.00092	0.00480	0.00231	0.00185	0.00542
9	0.00896	0.00769	0.00889	0.00649	0.01016	0.00606	0.00518	0.01166	0.07272	0.01418	0.00833	0.00938	0.00683	0.00336	0.00324	0.00069	0.00317	0.00270	0.00266	0.80764
10	0.01160	0.82803	0.02193	0.00729	0.01092	0.01652	0.00725	0.01298	0.00875	0.03415	0.00624	0.00705	0.00561	0.00369	0.00278	0.00092	0.00452	0.00233	0.00192	0.00551
11	0.00812	0.00605	0.00804	0.00744	0.00873	0.00691	0.00588	0.16976	0.00950	0.01330	0.01116	0.01540	0.00995	0.02649	0.66594	0.00571	0.01004	0.00441	0.00268	0.00449
12	0.01138	0.85302	0.02230	0.00728	0.01092	0.01684	0.00728	0.01274	0.00865	0.01001	0.00592	0.00683	0.00546	0.00364	0.00273	0.00091	0.00455	0.00228	0.00182	0.00546
13	0.00843	0.00764	0.01126	0.51460	0.02184	0.00821	0.00925	0.01137	0.04656	0.01223	0.00802	0.01069	0.00623	0.00395	0.00388	0.00115	0.00470	0.00340	0.00222	0.30438
14	0.01020	0.00756	0.00926	0.00804	0.00988	0.00853	0.00645	0.33512	0.01221	0.01679	0.01091	0.01406	0.00925	0.02097	0.49496	0.00457	0.00866	0.00426	0.00309	0.00520
15	0.00621	0.00469	0.00595	0.00658	0.00772	0.00443	0.00557	0.00785	0.00976	0.01229	0.02984	0.04549	0.30806	0.01141	0.00558	0.00177	0.00329	0.51576	0.00393	0.00380
16	0.00663	0.00537	0.00790	0.00758	0.00821	0.00664	0.00600	0.00805	0.00678	0.00994	0.01040	0.01545	0.00977	0.02773	0.69357	0.00599	0.15342	0.00442	0.00221	0.00395
17	0.01296	0.56087	0.01870	0.00857	0.01170	0.30330	0.00761	0.01423	0.00984	0.01015	0.00615	0.00712	0.00547	0.00390	0.00312	0.00098	0.00565	0.00244	0.00195	0.00528
18	0.01058	0.00914	0.00962	0.00866	0.01106	0.01058	0.00673	0.02261	0.81623	0.01780	0.01732	0.01588	0.01299	0.00577	0.00433	0.00144	0.00337	0.00481	0.00433	0.00673
19	0.01059	0.01074	0.01891	0.02377	0.61479	0.03589	0.19536	0.01331	0.00984	0.01373	0.00810	0.01066	0.00664	0.00376	0.00439	0.00130	0.00562	0.00404	0.00212	0.00645
20	0.01543	0.01111	0.01215	0.00945	0.01263	0.01225	0.00778	0.70997	0.01857	0.05720	0.01058	0.01094	0.00766	0.00740	0.07495	0.00175	0.00521	0.00391	0.00413	0.00694
21	0.01618	0.01192	0.01277	0.00979	0.01320	0.01320	0.00809	0.80973	0.02001	0.02682	0.01022	0.01022	0.00724	0.00511	0.00426	0.00128	0.00468	0.00383	0.00426	0.00724
22	0.00739	0.00370	0.00554	0.00554	0.00554	0.00370	0.00370	0.00554	0.00554	0.00739	0.00739	0.01293	0.00739	0.01478	0.01663	0.87620	0.00370	0.00370	0.00185	0.00185
23	0.01489	0.01835	0.01286	0.01341	0.14692	0.67891	0.00899	0.01647	0.02984	0.01116	0.00706	0.00833	0.00586	0.00432	0.00391	0.00113	0.00714	0.00296	0.00223	0.00527
24	0.01591	0.01989	0.01209	0.01091	0.01316	0.79485	0.00822	0.05423	0.01243	0.01118	0.00675	0.00779	0.00556	0.00442	0.00386	0.00110	0.00753	0.00279	0.00229	0.00504
25	0.00929	0.00937	0.01384	0.01161	0.01196	0.01267	0.07246	0.01045	0.00680	0.01050	0.00596	0.00965	0.00577	0.00771	0.03238	0.00194	0.75716	0.00385	0.00189	0.00472
26	0.00503	0.00431	0.00431	0.00431	0.00575	0.00359	0.00323	0.00611	0.00970	0.01149	0.04310	0.04095	0.82219	0.01078	0.00503	0.00144	0.00216	0.00898	0.00395	0.00359
27	0.01246	0.01431	0.01302	0.01164	0.03796	0.37681	0.05301	0.01490	0.09998	0.01147	0.00758	0.00948	0.00645	0.00557	0.00759	0.00143	0.30542	0.00348	0.00231	0.00514
28	0.01589	0.02028	0.01206	0.01096	0.01315	0.83338	0.00822	0.01699	0.01206	0.01041	0.00658	0.00767	0.00548	0.00438	0.00384	0.00110	0.00767	0.00274	0.00219	0.00493

[dist]
# distance from previous block
# <min> <max>
5	18

[block]
# block no. 7 follows, 62 sequences, length 18
# corresponding to MSA columns:
# 183-200
name=unknown_H
#
# <colnr> <probs for GDERKNQSTAVLIFYWHMCP>
#	G	D	E	R	K	N	Q	S	T	A	V	L	I	F	Y	W	H	M	C	P
0	0.00530	0.00430	0.00470	0.00465	0.00593	0.00370	0.00347	0.00662	0.01027	0.01297	0.25119	0.06691	0.58451	0.01031	0.00504	0.00142	0.00213	0.00875	0.00415	0.00370
1	0.00518	0.00370	0.00494	0.00592	0.00617	0.00346	0.00395	0.00592	0.00815	0.01086	0.02345	0.84768	0.02814	0.01333	0.00543	0.00173	0.00247	0.01210	0.00395	0.00346
2	0.01618	0.01192	0.01277	0.00979	0.01320	0.01320	0.00809	0.80973	0.02001	0.02682	0.01022	0.01022	0.00724	0.00511	0.00426	0.00128	0.00468	0.00383	0.00426	0.00724
3	0.01618	0.01192	0.01277	0.00979	0.01320	0.01320	0.00809	0.80973	0.02001	0.02682	0.01022	0.01022	0.00724	0.00511	0.00426	0.00128	0.00468	0.00383	0.00426	0.00724
4	0.01615	0.01266	0.01271	0.00989	0.01319	0.08630	0.00810	0.73907	0.01930	0.02535	0.00989	0.00999	0.00708	0.00504	0.00422	0.00126	0.00495	0.00373	0.00407	0.00703
5	0.04314	0.42423	0.13817	0.00967	0.04283	0.23707	0.00890	0.01421	0.02643	0.01127	0.00667	0.00771	0.00563	0.00396	0.00331	0.00106	0.00561	0.00264	0.00201	0.00548
6	0.01316	0.01547	0.01032	0.03908	0.01190	0.57828	0.00728	0.01449	0.01076	0.01100	0.00822	0.01017	0.00692	0.00866	0.13056	0.00197	0.00749	0.00320	0.10643	0.00464
7	0.00608	0.00456	0.00684	0.00684	0.00760	0.00532	0.00532	0.00760	0.00684	0.00988	0.01140	0.01672	0.01064	0.03191	0.83360	0.00684	0.01140	0.00456	0.00228	0.00380
8	0.01618	0.01192	0.01277	0.00979	0.01320	0.01320	0.00809	0.80973	0.02001	0.02682	0.01022	0.01022	0.00724	0.00511	0.00426	0.00128	0.00468	0.00383	0.00426	0.00724
9	0.01321	0.54929	0.01770	0.00736	0.01067	0.01309	0.00687	0.01468	0.00977	0.23997	0.05209	0.01036	0.00872	0.00446	0.00357	0.00107	0.02517	0.00316	0.00294	0.00586
10	0.01613	0.01317	0.01266	0.00997	0.01319	0.13596	0.00811	0.69107	0.01882	0.02436	0.00967	0.00984	0.00697	0.00500	0.00419	0.00125	0.00513	0.00367	0.00395	0.00689
11	0.00681	0.00509	0.00727	0.00705	0.00800	0.00589	0.00552	0.06567	0.00779	0.01110	0.01131	0.01625	0.01039	0.02997	0.77356	0.00644	0.01091	0.00451	0.00242	0.00405
12	0.00508	0.00430	0.00433	0.00433	0.00570	0.00362	0.00320	0.00611	0.00954	0.01135	0.04178	0.04037	0.78631	0.04812	0.00577	0.00156	0.00224	0.00886	0.00389	0.00355
13	0.00839	0.00624	0.00820	0.00751	0.00888	0.00712	0.00595	0.19119	0.00985	0.01375	0.01113	0.01523	0.00986	0.02578	0.64378	0.00557	0.00986	0.00439	0.00273	0.00459
14	0.01556	0.01958	0.01191	0.01082	0.01302	0.78207	0.00813	0.01734	0.06221	0.01087	0.00725	0.00818	0.00595	0.00447	0.00387	0.00112	0.00740	0.00287	0.00233	0.00505
15	0.00802	0.00572	0.00684	0.00632	0.00720	0.00617	0.00448	0.16057	0.00911	0.01240	0.01269	0.05995	0.01310	0.41432	0.25031	0.00424	0.00624	0.00555	0.00288	0.00386
16	0.00503	0.00431	0.00431	0.00431	0.00575	0.00359	0.00323	0.00611	0.00970	0.01149	0.04310	0.04095	0.82219	0.01078	0.00503	0.00144	0.00216	0.00898	0.00395	0.00359
17	0.00899	0.00499	0.00510	0.00471	0.00601	0.00515	0.00363	0.11258	0.01035	0.01727	0.01341	0.01514	0.01044	0.00498	0.00314	0.00103	0.00233	0.00395	0.76243	0.00439

[dist]
# distance from previous block
# <min> <max>
8	42

[block]
# block no. 8 follows, 62 sequences, length 10
# corresponding to MSA columns:
# 248-257
name=unknown_I
#
# <colnr> <probs for GDERKNQSTAVLIFYWHMCP>
#	G	D	E	R	K	N	Q	S	T	A	V	L	I	F	Y	W	H	M	C	P
0	0.01253	0.01092	0.01066	0.00917	0.01181	0.09003	0.00723	0.22461	0.53436	0.01941	0.01446	0.01363	0.01079	0.00547	0.00426	0.00137	0.00412	0.00436	0.00411	0.00669
1	0.01615	0.01252	0.01272	0.00988	0.01319	0.07262	0.00810	0.75229	0.01943	0.02563	0.00995	0.01003	0.00711	0.00506	0.00423	0.00126	0.00490	0.00375	0.00411	0.00707
2	0.00996	0.00862	0.00970	0.08401	0.01250	0.00954	0.00694	0.01927	0.59247	0.01640	0.01509	0.01540	0.01166	0.00542	0.00419	0.00133	0.00356	0.02961	0.00382	0.14051
3	0.01559	0.01964	0.01192	0.01083	0.01303	0.78603	0.00814	0.01731	0.05834	0.01084	0.00720	0.00815	0.00591	0.00446	0.00387	0.00112	0.00743	0.00286	0.00232	0.00504
4	0.71671	0.04145	0.00760	0.00609	0.00887	0.00975	0.00507	0.06058	0.00850	0.09277	0.00717	0.00779	0.00534	0.00413	0.00288	0.00130	0.00345	0.00257	0.00294	0.00504
5	0.01498	0.01188	0.01182	0.00932	0.01241	0.08689	0.00759	0.65325	0.01820	0.02372	0.01333	0.01321	0.09254	0.00564	0.00430	0.00128	0.00469	0.00427	0.00404	0.00664
6	0.01074	0.67231	0.01995	0.00785	0.01076	0.01556	0.00748	0.01205	0.00821	0.01004	0.00619	0.00780	0.00579	0.00592	0.05408	0.00141	0.13414	0.00263	0.00185	0.00524
7	0.00524	0.00373	0.00492	0.00585	0.00608	0.00349	0.00387	0.00594	0.00803	0.01071	0.02287	0.80051	0.02741	0.06150	0.00636	0.00187	0.00256	0.01176	0.00387	0.00341
8	0.01058	0.00914	0.00962	0.00866	0.01106	0.01058	0.00673	0.02261	0.81623	0.01780	0.01732	0.01588	0.01299	0.00577	0.00433	0.00144	0.00337	0.00481	0.00433	0.00673
9	0.00621	0.00550	0.00723	0.20012	0.05995	0.00552	0.00595	0.00806	0.03112	0.01163	0.03089	0.07976	0.51472	0.00886	0.00481	0.00144	0.00320	0.00754	0.00337	0.00412

[dist]
# distance from previous block
# <min> <max>
0	44

[block]
# block no. 9 follows, 62 sequences, length 276
# corresponding to MSA columns:
# 302-577
name=unknown_J
#
# <colnr> <probs for GDERKNQSTAVLIFYWHMCP>
#	G	D	E	R	K	N	Q	S	T	A	V	L	I	F	Y	W	H	M	C	P
0	0.03754	0.00891	0.01266	0.55444	0.04129	0.01056	0.01053	0.24389	0.01185	0.01584	0.00830	0.01086	0.00612	0.00448	0.00420	0.00137	0.00530	0.00375	0.00261	0.00550
1	0.00920	0.01803	0.55722	0.01681	0.28773	0.00996	0.01483	0.01334	0.00922	0.01362	0.00776	0.00950	0.00584	0.00396	0.00410	0.00132	0.00588	0.00336	0.00190	0.00644
2	0.01595	0.01180	0.01277	0.03300	0.01365	0.01309	0.00819	0.78741	0.01968	0.02637	0.01014	0.01025	0.00719	0.00508	0.00426	0.00128	0.00471	0.00383	0.00419	0.00717
3	0.01590	0.01147	0.01244	0.00960	0.01290	0.01264	0.00792	0.75043	0.01922	0.05568	0.01050	0.01062	0.00749	0.00612	0.03548	0.00149	0.00490	0.00387	0.00422	0.00711
4	0.01533	0.08634	0.01296	0.01098	0.03136	0.73644	0.00823	0.01665	0.02450	0.01058	0.00673	0.00780	0.00563	0.00433	0.00376	0.00109	0.00730	0.00276	0.00219	0.00504
5	0.01159	0.52693	0.19115	0.00897	0.01291	0.16257	0.00924	0.01366	0.00933	0.01082	0.00640	0.00744	0.00545	0.00386	0.00321	0.00104	0.00548	0.00254	0.00188	0.00554
6	0.00770	0.00577	0.00677	0.00676	0.00782	0.01863	0.00486	0.16381	0.01053	0.01408	0.01964	0.61482	0.02239	0.02568	0.00535	0.00162	0.00305	0.00976	0.00389	0.04707
7	0.01099	0.73169	0.12389	0.00810	0.01209	0.01584	0.02420	0.01285	0.00872	0.01052	0.00619	0.00719	0.00547	0.00369	0.00294	0.00098	0.00482	0.00244	0.00182	0.00557
8	0.00696	0.00456	0.00599	0.00551	0.00668	0.00418	0.00418	0.00894	0.01205	0.07533	0.76376	0.03054	0.03802	0.00845	0.00497	0.00134	0.00212	0.00745	0.00473	0.00425
9	0.01085	0.00951	0.00976	0.00875	0.01117	0.03363	0.00681	0.03963	0.77639	0.01779	0.01686	0.01552	0.01265	0.00572	0.00431	0.00143	0.00352	0.00473	0.00427	0.00670
10	0.01005	0.01145	0.02496	0.01809	0.03735	0.01075	0.79347	0.01362	0.01004	0.01363	0.00860	0.01146	0.00646	0.00359	0.00501	0.00143	0.00713	0.00500	0.00215	0.00576
11	0.03488	0.01017	0.01680	0.03997	0.77428	0.02281	0.01273	0.01306	0.00964	0.01394	0.00792	0.01040	0.00664	0.00381	0.00416	0.00127	0.00506	0.00373	0.00212	0.00662
12	0.00608	0.00456	0.00684	0.00684	0.00760	0.00532	0.00532	0.00760	0.00684	0.00988	0.01140	0.01672	0.01064	0.03191	0.83360	0.00684	0.01140	0.00456	0.00228	0.00380
13	0.00804	0.00756	0.01276	0.84023	0.02931	0.00945	0.01182	0.01087	0.00851	0.01087	0.00756	0.01134	0.00567	0.00425	0.00425	0.00142	0.00567	0.00378	0.00189	0.00473
14	0.00950	0.00938	0.01303	0.01113	0.01123	0.01304	0.00928	0.03258	0.00689	0.01070	0.00571	0.00933	0.00563	0.00738	0.01369	0.00185	0.81926	0.00373	0.00193	0.00473
15	0.00518	0.00370	0.00494	0.00592	0.00617	0.00346	0.00395	0.00592	0.00815	0.01086	0.02345	0.84768	0.02814	0.01333	0.00543	0.00173	0.00247	0.01210	0.00395	0.00346
16	0.00739	0.00370	0.00554	0.00554	0.00554	0.00370	0.00370	0.00554	0.00554	0.00739	0.00739	0.01293	0.00739	0.01478	0.01663	0.87620	0.00370	0.00370	0.00185	0.00185
17	0.00608	0.00440	0.00550	0.00520	0.00633	0.00398	0.00391	0.00790	0.01160	0.03099	0.65969	0.03320	0.18735	0.00903	0.00501	0.00136	0.00207	0.00787	0.00456	0.00399
18	0.01004	0.01148	0.02511	0.01793	0.02224	0.01076	0.80846	0.01363	0.01004	0.01363	0.00861	0.01148	0.00646	0.00359	0.00502	0.00143	0.00717	0.00502	0.00215	0.00574
19	0.00793	0.00397	0.00397	0.00397	0.00496	0.00397	0.00297	0.00991	0.00892	0.01586	0.01388	0.01586	0.01091	0.00496	0.00297	0.00099	0.00198	0.00397	0.87408	0.00397
20	0.00853	0.02201	0.82841	0.01213	0.01842	0.00988	0.01572	0.01348	0.00898	0.01348	0.00764	0.00898	0.00539	0.00404	0.00404	0.00135	0.00629	0.00314	0.00180	0.00629
21	0.01589	0.02028	0.01206	0.01096	0.01315	0.83338	0.00822	0.01699	0.01206	0.01041	0.00658	0.00767	0.00548	0.00438	0.00384	0.00110	0.00767	0.00274	0.00219	0.00493
22	0.00793	0.00397	0.00397	0.00397	0.00496	0.00397	0.00297	0.00991	0.00892	0.01586	0.01388	0.01586	0.01091	0.00496	0.00297	0.00099	0.00198	0.00397	0.87408	0.00397
23	0.00608	0.00456	0.00684	0.00684	0.00760	0.00532	0.00532	0.00760	0.00684	0.00988	0.01140	0.01672	0.01064	0.03191	0.83360	0.00684	0.01140	0.00456	0.00228	0.00380
24	0.88052	0.00823	0.00625	0.00560	0.00823	0.00955	0.00461	0.01251	0.00724	0.01909	0.00592	0.00691	0.00461	0.00395	0.00263	0.00132	0.00329	0.00230	0.00263	0.00461
25	0.00518	0.00370	0.00494	0.00592	0.00617	0.00346	0.00395	0.00592	0.00815	0.01086	0.02345	0.84768	0.02814	0.01333	0.00543	0.00173	0.00247	0.01210	0.00395	0.00346
26	0.01589	0.02028	0.01206	0.01096	0.01315	0.83338	0.00822	0.01699	0.01206	0.01041	0.00658	0.00767	0.00548	0.00438	0.00384	0.00110	0.00767	0.00274	0.00219	0.00493
27	0.00608	0.00456	0.00684	0.00684	0.00760	0.00532	0.00532	0.00760	0.00684	0.00988	0.01140	0.01672	0.01064	0.03191	0.83360	0.00684	0.01140	0.00456	0.00228	0.00380
28	0.01053	0.01011	0.01727	0.02612	0.82392	0.01011	0.01306	0.01306	0.00969	0.01390	0.00800	0.01053	0.00674	0.00379	0.00421	0.00126	0.00505	0.00379	0.00211	0.00674
29	0.01053	0.01008	0.01706	0.02563	0.80120	0.01012	0.01288	0.01333	0.03223	0.01401	0.00826	0.01068	0.00691	0.00385	0.00422	0.00127	0.00501	0.00382	0.00217	0.00674
30	0.00646	0.00451	0.00496	0.00482	0.00521	0.00445	0.00294	0.04310	0.00740	0.00963	0.01811	0.02917	0.14674	0.67459	0.01814	0.00356	0.00383	0.00654	0.00288	0.00296
31	0.00518	0.00372	0.00492	0.00589	0.00616	0.00346	0.00393	0.00593	0.00818	0.01088	0.02388	0.83008	0.04547	0.01327	0.00542	0.00172	0.00246	0.01203	0.00395	0.00346
32	0.01053	0.01009	0.01714	0.02581	0.80952	0.01012	0.01295	0.01323	0.02398	0.01397	0.00817	0.01063	0.00685	0.00383	0.00421	0.00127	0.00503	0.00381	0.00215	0.00674
33	0.01618	0.01192	0.01277	0.00979	0.01320	0.01320	0.00809	0.80973	0.02001	0.02682	0.01022	0.01022	0.00724	0.00511	0.00426	0.00128	0.00468	0.00383	0.00426	0.00724
34	0.01053	0.01011	0.01727	0.02612	0.82392	0.01011	0.01306	0.01306	0.00969	0.01390	0.00800	0.01053	0.00674	0.00379	0.00421	0.00126	0.00505	0.00379	0.00211	0.00674
35	0.00672	0.00485	0.00667	0.00757	0.00859	0.00480	0.00659	0.00861	0.00979	0.01264	0.02407	0.04747	0.08409	0.01168	0.00581	0.00192	0.00379	0.73653	0.00392	0.00389
36	0.01153	0.01319	0.01075	0.00980	0.01108	0.40461	0.00762	0.01271	0.00927	0.01022	0.00776	0.01069	0.00701	0.01314	0.24896	0.00295	0.19853	0.00350	0.00214	0.00454
37	0.00509	0.00418	0.00448	0.00468	0.00585	0.00358	0.00341	0.00612	0.00944	0.01152	0.06070	0.21152	0.63220	0.01126	0.00511	0.00150	0.00222	0.00960	0.00397	0.00358
38	0.00793	0.00397	0.00397	0.00397	0.00496	0.00397	0.00297	0.00991	0.00892	0.01586	0.01388	0.01586	0.01091	0.00496	0.00297	0.00099	0.00198	0.00397	0.87408	0.00397
39	0.00853	0.02201	0.82841	0.01213	0.01842	0.00988	0.01572	0.01348	0.00898	0.01348	0.00764	0.00898	0.00539	0.00404	0.00404	0.00135	0.00629	0.00314	0.00180	0.00629
40	0.01004	0.01148	0.02511	0.01793	0.02224	0.01076	0.80846	0.01363	0.01004	0.01363	0.00861	0.01148	0.00646	0.00359	0.00502	0.00143	0.00717	0.00502	0.00215	0.00574
41	0.00793	0.00397	0.00397	0.00397	0.00496	0.00397	0.00297	0.00991	0.00892	0.01586	0.01388	0.01586	0.01091	0.00496	0.00297	0.00099	0.00198	0.00397	0.87408	0.00397
42	0.84207	0.00884	0.04251	0.00588	0.00868	0.00956	0.00510	0.01255	0.00732	0.01884	0.00600	0.00700	0.00464	0.00395	0.00270	0.00132	0.00342	0.00234	0.00260	0.00468
43	0.00609	0.00452	0.00666	0.00666	0.00736	0.00522	0.00510	0.00749	0.00679	0.00975	0.01156	0.01760	0.01102	0.09725	0.76879	0.00662	0.01082	0.00469	0.00230	0.00370
44	0.00823	0.00772	0.01096	0.00972	0.00998	0.01045	0.00798	0.00936	0.00662	0.01012	0.00753	0.01179	0.00727	0.01563	0.28800	0.00353	0.56474	0.00400	0.00200	0.00437
45	0.00522	0.00372	0.00493	0.00588	0.00611	0.00348	0.00390	0.00593	0.00807	0.01076	0.02307	0.81682	0.02767	0.04485	0.00604	0.00182	0.00253	0.01187	0.00390	0.00342
46	0.01053	0.01011	0.01727	0.02612	0.82392	0.01011	0.01306	0.01306	0.00969	0.01390	0.00800	0.01053	0.00674	0.00379	0.00421	0.00126	0.00505	0.00379	0.00211	0.00674
47	0.00625	0.00470	0.00601	0.00666	0.00779	0.00446	0.00565	0.00791	0.00976	0.01232	0.02941	0.04564	0.29119	0.01143	0.00559	0.00178	0.00333	0.53239	0.00393	0.00381
48	0.01341	0.01002	0.01068	0.00844	0.01135	0.01081	0.00689	0.60934	0.01747	0.02308	0.03082	0.01773	0.19803	0.00649	0.00445	0.00132	0.00405	0.00509	0.00419	0.00633
49	0.01618	0.01192	0.01277	0.00979	0.01320	0.01320	0.00809	0.80973	0.02001	0.02682	0.01022	0.01022	0.00724	0.00511	0.00426	0.00128	0.00468	0.00383	0.00426	0.00724
50	0.01607	0.01187	0.01271	0.00977	0.01316	0.01315	0.00806	0.79562	0.03428	0.02665	0.01034	0.01032	0.00734	0.00512	0.00426	0.00128	0.00466	0.00385	0.00426	0.00723
51	0.01155	0.83381	0.02201	0.00729	0.01092	0.01660	0.00726	0.01292	0.00873	0.02857	0.00616	0.00700	0.00558	0.00368	0.00277	0.00092	0.00453	0.00232	0.00190	0.00550
52	0.00804	0.00756	0.01276	0.84023	0.02931	0.00945	0.01182	0.01087	0.00851	0.01087	0.00756	0.01134	0.00567	0.00425	0.00425	0.00142	0.00567	0.00378	0.00189	0.00473
53	0.00503	0.00431	0.00431	0.00431	0.00575	0.00359	0.00323	0.00611	0.00970	0.01149	0.04310	0.04095	0.82219	0.01078	0.00503	0.00144	0.00216	0.00898	0.00395	0.00359
54	0.00918	0.21163	0.64447	0.01102	0.01671	0.01147	0.01380	0.01331	0.00891	0.01268	0.00724	0.00849	0.00541	0.00395	0.00374	0.00125	0.00589	0.00295	0.00180	0.00610
55	0.00520	0.00372	0.00495	0.00591	0.00618	0.00347	0.00395	0.00597	0.00822	0.01098	0.03925	0.83154	0.02838	0.01324	0.00542	0.00172	0.00246	0.01201	0.00396	0.00347
56	0.01385	0.01018	0.01111	0.00897	0.01171	0.01113	0.00721	0.63953	0.01749	0.02344	0.01302	0.18755	0.01166	0.00685	0.00451	0.00137	0.00421	0.00558	0.00419	0.00644
57	0.00595	0.00435	0.00559	0.00528	0.00632	0.00399	0.00396	0.00790	0.01188	0.01668	0.76862	0.03241	0.09344	0.00884	0.00502	0.00135	0.00202	0.00778	0.00463	0.00399
58	0.01138	0.85302	0.02230	0.00728	0.01092	0.01684	0.00728	0.01274	0.00865	0.01001	0.00592	0.00683	0.00546	0.00364	0.00273	0.00091	0.00455	0.00228	0.00182	0.00546
59	0.00874	0.00748	0.00874	0.00629	0.01000	0.00562	0.00502	0.01061	0.00881	0.01380	0.00791	0.02713	0.00678	0.00337	0.00320	0.00065	0.00314	0.00273	0.00255	0.85743
60	0.88052	0.00823	0.00625	0.00560	0.00823	0.00955	0.00461	0.01251	0.00724	0.01909	0.00592	0.00691	0.00461	0.00395	0.00263	0.00132	0.00329	0.00230	0.00263	0.00461
61	0.01058	0.00914	0.00962	0.00866	0.01106	0.01058	0.00673	0.02261	0.81623	0.01780	0.01732	0.01588	0.01299	0.00577	0.00433	0.00144	0.00337	0.00481	0.00433	0.00673
62	0.00739	0.00370	0.00554	0.00554	0.00554	0.00370	0.00370	0.00554	0.00554	0.00739	0.00739	0.01293	0.00739	0.01478	0.01663	0.87620	0.00370	0.00370	0.00185	0.00185
63	0.01138	0.85302	0.02230	0.00728	0.01092	0.01684	0.00728	0.01274	0.00865	0.01001	0.00592	0.00683	0.00546	0.00364	0.00273	0.00091	0.00455	0.00228	0.00182	0.00546
64	0.00886	0.00760	0.00884	0.00635	0.01010	0.00577	0.00508	0.01096	0.02528	0.01395	0.00776	0.00897	0.00644	0.00320	0.00318	0.00065	0.00316	0.00257	0.00256	0.85875
65	0.00682	0.00489	0.00681	0.00777	0.00876	0.00487	0.00679	0.00876	0.00979	0.01271	0.02292	0.04786	0.03968	0.01174	0.00586	0.00195	0.00388	0.78030	0.00392	0.00391
66	0.01138	0.85302	0.02230	0.00728	0.01092	0.01684	0.00728	0.01274	0.00865	0.01001	0.00592	0.00683	0.00546	0.00364	0.00273	0.00091	0.00455	0.00228	0.00182	0.00546
67	0.01138	0.85302	0.02230	0.00728	0.01092	0.01684	0.00728	0.01274	0.00865	0.01001	0.00592	0.00683	0.00546	0.00364	0.00273	0.00091	0.00455	0.00228	0.00182	0.00546
68	0.16806	0.70072	0.01940	0.00698	0.01044	0.01552	0.00680	0.01270	0.00839	0.01165	0.00592	0.00684	0.00531	0.00370	0.00271	0.00098	0.00432	0.00228	0.00197	0.00531
69	0.00686	0.00490	0.00686	0.00784	0.00882	0.00490	0.00686	0.00882	0.00980	0.01273	0.02253	0.04800	0.02449	0.01175	0.00588	0.00196	0.00392	0.79528	0.00392	0.00392
70	0.00602	0.00435	0.00569	0.00535	0.00636	0.00401	0.00401	0.00803	0.01204	0.01706	0.82167	0.03178	0.04015	0.00870	0.00502	0.00134	0.00201	0.00770	0.00468	0.00401
71	0.01618	0.01192	0.01277	0.00979	0.01320	0.01320	0.00809	0.80973	0.02001	0.02682	0.01022	0.01022	0.00724	0.00511	0.00426	0.00128	0.00468	0.00383	0.00426	0.00724
72	0.00535	0.00404	0.00496	0.00543	0.00618	0.00365	0.00386	0.00645	0.00933	0.01218	0.16529	0.44233	0.26157	0.01173	0.00526	0.00159	0.00235	0.04077	0.00407	0.00361
73	0.01138	0.85302	0.02230	0.00728	0.01092	0.01684	0.00728	0.01274	0.00865	0.01001	0.00592	0.00683	0.00546	0.00364	0.00273	0.00091	0.00455	0.00228	0.00182	0.00546
74	0.00882	0.00756	0.00882	0.00630	0.01008	0.00567	0.00504	0.01071	0.00882	0.01387	0.00756	0.00882	0.00630	0.00315	0.00315	0.00063	0.00315	0.00252	0.00252	0.87647
75	0.00503	0.00431	0.00431	0.00431	0.00575	0.00359	0.00323	0.00611	0.00970	0.01149	0.04310	0.04095	0.82219	0.01078	0.00503	0.00144	0.00216	0.00898	0.00395	0.00359
