[name]
ccsA

[dist]
# distance from previous block
# <min> <max>
5	7

[block]
# block no. 0 follows, 63 sequences, length 84
# corresponding to MSA columns:
# 7-90
name=unknown_A
#
# <colnr> <probs for GDERKNQSTAVLIFYWHMCP>
#	G	D	E	R	K	N	Q	S	T	A	V	L	I	F	Y	W	H	M	C	P
0	0.00545	0.00368	0.00493	0.00573	0.00592	0.00349	0.00378	0.00582	0.00761	0.01015	0.02059	0.69437	0.02449	0.06707	0.00775	0.10918	0.00269	0.01056	0.00356	0.00316
1	0.00843	0.02174	0.83048	0.01198	0.01819	0.00976	0.01553	0.01331	0.00888	0.01331	0.00754	0.00888	0.00533	0.00399	0.00399	0.00133	0.00621	0.00311	0.00178	0.00621
2	0.00845	0.00817	0.01178	0.16724	0.01380	0.01094	0.00895	0.00972	0.00704	0.01037	0.00808	0.11252	0.00828	0.00741	0.01079	0.00172	0.56996	0.00468	0.00211	0.01801
3	0.00497	0.00425	0.00427	0.00429	0.00569	0.00355	0.00321	0.00603	0.00955	0.01134	0.04218	0.05729	0.80776	0.01070	0.00498	0.00143	0.00214	0.00894	0.00390	0.00355
4	0.00524	0.00371	0.00484	0.00570	0.00591	0.00350	0.00374	0.00589	0.00781	0.01042	0.02195	0.74881	0.02627	0.11597	0.00733	0.00200	0.00264	0.01124	0.00374	0.00331
5	0.00990	0.00845	0.00903	0.00815	0.01036	0.00966	0.00632	0.02057	0.71963	0.01750	0.11594	0.01761	0.01612	0.00606	0.00436	0.00141	0.00316	0.00510	0.00432	0.00632
6	0.00920	0.00920	0.01288	0.01104	0.01104	0.01288	0.00920	0.01012	0.00644	0.01012	0.00552	0.00920	0.00552	0.00736	0.01380	0.00184	0.84457	0.00368	0.00184	0.00460
7	0.00509	0.00426	0.00443	0.00438	0.00575	0.00360	0.00329	0.00627	0.00987	0.01203	0.13830	0.03935	0.72820	0.01039	0.00497	0.00141	0.00211	0.00872	0.00399	0.00360
8	0.01598	0.01177	0.01262	0.00967	0.01304	0.01304	0.00799	0.81202	0.01976	0.02649	0.01009	0.01009	0.00715	0.00505	0.00421	0.00126	0.00463	0.00378	0.00421	0.00715
9	0.00611	0.00408	0.00458	0.00458	0.00458	0.00408	0.00255	0.00611	0.00611	0.00815	0.01325	0.02751	0.01528	0.85226	0.02140	0.00408	0.00408	0.00611	0.00255	0.00255
10	0.01598	0.01177	0.01262	0.00967	0.01304	0.01304	0.00799	0.81202	0.01976	0.02649	0.01009	0.01009	0.00715	0.00505	0.00421	0.00126	0.00463	0.00378	0.00421	0.00715
11	0.00612	0.00434	0.00565	0.00530	0.00633	0.00399	0.00398	0.00808	0.01185	0.02878	0.79601	0.03133	0.05515	0.00859	0.00495	0.00132	0.00201	0.00758	0.00462	0.00401
12	0.00575	0.00429	0.00535	0.00508	0.00616	0.00388	0.00381	0.00755	0.01144	0.01576	0.66804	0.03321	0.19613	0.00900	0.00496	0.00134	0.00201	0.00786	0.00448	0.00388
13	0.01560	0.01138	0.01227	0.00949	0.01273	0.01255	0.00780	0.76776	0.01918	0.03897	0.01071	0.04280	0.00801	0.00536	0.00425	0.00128	0.00452	0.00411	0.00421	0.00700
14	0.00497	0.00426	0.00426	0.00426	0.00568	0.00355	0.00319	0.00603	0.00958	0.01136	0.04259	0.04046	0.82433	0.01065	0.00497	0.00142	0.00213	0.00887	0.00390	0.00355
15	0.85202	0.00800	0.00616	0.00552	0.00807	0.00924	0.00453	0.01221	0.00732	0.01879	0.03381	0.00767	0.00575	0.00406	0.00268	0.00130	0.00321	0.00246	0.00267	0.00453
16	0.00511	0.00424	0.00430	0.00430	0.00554	0.00361	0.00311	0.00604	0.00916	0.01096	0.03899	0.03887	0.72521	0.11376	0.00698	0.00174	0.00237	0.00853	0.00374	0.00343
17	0.01032	0.00890	0.00941	0.00844	0.01083	0.01020	0.00656	0.02173	0.78169	0.01736	0.01692	0.02866	0.01287	0.00574	0.00426	0.00141	0.00331	0.00480	0.00422	0.03236
18	0.00497	0.00426	0.00426	0.00426	0.00568	0.00355	0.00319	0.00603	0.00958	0.01136	0.04259	0.04046	0.82433	0.01065	0.00497	0.00142	0.00213	0.00887	0.00390	0.00355
19	0.00810	0.00774	0.01235	0.01039	0.01132	0.00960	0.13245	0.00961	0.00708	0.01046	0.00822	0.01261	0.00768	0.03873	0.30161	0.00356	0.39778	0.00424	0.00205	0.00441
20	0.00512	0.00366	0.00488	0.00585	0.00610	0.00341	0.00390	0.00585	0.00805	0.01073	0.02317	0.84952	0.02780	0.01317	0.00537	0.00171	0.00244	0.01195	0.00390	0.00341
21	0.00498	0.00422	0.00430	0.00437	0.00571	0.00354	0.00324	0.00602	0.00948	0.01131	0.04126	0.09556	0.77009	0.01082	0.00500	0.00144	0.00215	0.00908	0.00390	0.00354
22	0.00994	0.00858	0.00901	0.00815	0.01043	0.00980	0.00633	0.02080	0.74191	0.01700	0.01952	0.01803	0.08962	0.00617	0.00434	0.00143	0.00321	0.00514	0.00424	0.00636
23	0.00529	0.00373	0.00483	0.00564	0.00585	0.00352	0.00368	0.00590	0.00773	0.01031	0.02153	0.71399	0.02574	0.15152	0.00801	0.00210	0.00271	0.01099	0.00368	0.00327
24	0.00524	0.00371	0.00484	0.00570	0.00591	0.00350	0.00374	0.00589	0.00781	0.01042	0.02195	0.74881	0.02627	0.11597	0.00733	0.00200	0.00264	0.01124	0.00374	0.00331
25	0.00595	0.00430	0.00562	0.00529	0.00628	0.00397	0.00397	0.00793	0.01190	0.01686	0.82382	0.03140	0.03966	0.00859	0.00496	0.00132	0.00198	0.00760	0.00463	0.00397
26	0.01133	0.83745	0.02182	0.00727	0.01084	0.03364	0.00721	0.01267	0.00861	0.00990	0.00586	0.00676	0.00540	0.00361	0.00272	0.00090	0.00456	0.00226	0.00181	0.00538
27	0.00848	0.03572	0.81692	0.01190	0.01807	0.00988	0.01539	0.01330	0.00887	0.01326	0.00752	0.00884	0.00533	0.00399	0.00397	0.00132	0.00618	0.00309	0.00178	0.00620
28	0.00521	0.00432	0.00439	0.00438	0.00564	0.00374	0.00318	0.00634	0.02371	0.01108	0.03853	0.03842	0.71061	0.11367	0.00697	0.00175	0.00239	0.00846	0.00374	0.00348
29	0.00677	0.00598	0.00876	0.24486	0.13278	0.00619	0.00719	0.00866	0.00952	0.01237	0.15097	0.07917	0.29533	0.00765	0.00466	0.00139	0.00353	0.00666	0.00318	0.00438
30	0.75812	0.00972	0.10716	0.00631	0.00933	0.00937	0.00589	0.01239	0.00746	0.01814	0.02176	0.00755	0.00532	0.00400	0.00282	0.00130	0.00359	0.00248	0.00254	0.00474
31	0.00510	0.00373	0.00480	0.00566	0.00605	0.00343	0.00382	0.00588	0.00824	0.01081	0.02555	0.75040	0.12539	0.01286	0.00532	0.00167	0.00240	0.01157	0.00390	0.00343
32	0.00635	0.00475	0.00696	0.00686	0.00770	0.00552	0.00535	0.03519	0.00720	0.01033	0.01122	0.01629	0.01039	0.03062	0.80699	0.00657	0.01103	0.00448	0.00232	0.00387
33	0.01248	0.63371	0.01894	0.00748	0.01077	0.04014	0.00707	0.01386	0.00922	0.14848	0.02385	0.00864	0.00693	0.00414	0.00349	0.00102	0.03897	0.00276	0.00244	0.00561
34	0.01598	0.01177	0.01262	0.00967	0.01304	0.01304	0.00799	0.81202	0.01976	0.02649	0.01009	0.01009	0.00715	0.00505	0.00421	0.00126	0.00463	0.00378	0.00421	0.00715
35	0.01409	0.01053	0.01146	0.00888	0.01206	0.01121	0.00724	0.63279	0.01725	0.02342	0.01068	0.07235	0.00855	0.00536	0.00413	0.00120	0.00424	0.00420	0.00393	0.13644
36	0.00867	0.02030	0.73083	0.01367	0.11717	0.00979	0.01521	0.01326	0.00896	0.01336	0.00759	0.00906	0.00549	0.00396	0.00401	0.00132	0.00606	0.00318	0.00181	0.00627
37	0.00951	0.00907	0.01544	0.32355	0.53532	0.00975	0.01245	0.01211	0.00915	0.01264	0.00775	0.01070	0.00627	0.00391	0.00418	0.00130	0.00522	0.00374	0.00200	0.00593
38	0.77480	0.00758	0.00609	0.00552	0.00780	0.00872	0.00444	0.01151	0.00695	0.01744	0.00603	0.00756	0.00489	0.00521	0.00430	0.10867	0.00330	0.00244	0.00251	0.00422
39	0.00685	0.00492	0.00683	0.00776	0.00875	0.00495	0.00677	0.00898	0.02588	0.01268	0.02215	0.04678	0.02397	0.01149	0.00578	0.00193	0.00386	0.78186	0.00388	0.00393
40	0.00605	0.00516	0.00532	0.00512	0.00670	0.00487	0.00389	0.00921	0.16241	0.01281	0.07729	0.03532	0.63144	0.00961	0.00484	0.00142	0.00235	0.00803	0.00401	0.00416
41	0.01634	0.00667	0.00900	0.00710	0.00993	0.00586	0.00579	0.01824	0.02837	0.66469	0.16351	0.01745	0.01578	0.00583	0.00436	0.00131	0.00328	0.00485	0.00508	0.00656
42	0.01003	0.00865	0.00921	0.00810	0.01061	0.00959	0.00632	0.02027	0.68796	0.01687	0.01691	0.01579	0.04341	0.00558	0.00416	0.00133	0.00325	0.00463	0.00404	0.11328
43	0.00936	0.00518	0.00669	0.00606	0.00760	0.00457	0.00446	0.01057	0.00955	0.22199	0.15242	0.29058	0.02109	0.11560	0.00676	0.00171	0.00295	0.00734	0.00401	0.11150
44	0.00755	0.00508	0.00572	0.00532	0.00584	0.00520	0.00337	0.10521	0.00818	0.02726	0.04683	0.04154	0.01545	0.67981	0.01795	0.00351	0.00401	0.00597	0.00292	0.00328
45	0.00784	0.00392	0.00392	0.00392	0.00490	0.00392	0.00294	0.00980	0.00882	0.01567	0.01371	0.01567	0.01077	0.00490	0.00294	0.00098	0.00196	0.00392	0.87560	0.00392
46	0.00512	0.00366	0.00488	0.00585	0.00610	0.00341	0.00390	0.00585	0.00805	0.01073	0.02317	0.84952	0.02780	0.01317	0.00537	0.00171	0.00244	0.01195	0.00390	0.00341
47	0.01046	0.00903	0.00951	0.00855	0.01093	0.01046	0.00665	0.02234	0.81845	0.01759	0.01711	0.01568	0.01283	0.00570	0.00428	0.00143	0.00333	0.00475	0.00428	0.00665
48	0.88196	0.00813	0.00618	0.00553	0.00813	0.00943	0.00455	0.01236	0.00715	0.01886	0.00585	0.00683	0.00455	0.00390	0.00260	0.00130	0.00325	0.00228	0.00260	0.00455
49	0.00524	0.00371	0.00484	0.00570	0.00591	0.00350	0.00374	0.00589	0.00781	0.01042	0.02195	0.74881	0.02627	0.11597	0.00733	0.00200	0.00264	0.01124	0.00374	0.00331
50	0.00512	0.00366	0.00488	0.00585	0.00610	0.00341	0.00390	0.00585	0.00805	0.01073	0.02317	0.84952	0.02780	0.01317	0.00537	0.00171	0.00244	0.01195	0.00390	0.00341
51	0.02214	0.00435	0.00500	0.00482	0.00604	0.00388	0.00362	0.00714	0.01074	0.01436	0.44866	0.03510	0.40020	0.00945	0.00492	0.00137	0.00207	0.00809	0.00426	0.00379
52	0.00958	0.00827	0.00867	0.00787	0.01009	0.00935	0.00610	0.01974	0.68935	0.01659	0.02118	0.01964	0.14235	0.00649	0.00439	0.00142	0.00314	0.00541	0.00422	0.00616
53	0.00794	0.00747	0.01261	0.84216	0.02895	0.00934	0.01167	0.01074	0.00841	0.01074	0.00747	0.01121	0.00560	0.00420	0.00420	0.00140	0.00560	0.00374	0.00187	0.00467
54	0.00730	0.00365	0.00548	0.00548	0.00548	0.00365	0.00365	0.00548	0.00548	0.00730	0.00730	0.01278	0.00730	0.01460	0.01643	0.87769	0.00365	0.00365	0.00183	0.00183
55	0.00515	0.00427	0.00452	0.00445	0.00579	0.00363	0.00334	0.00639	0.01002	0.01239	0.19008	0.03875	0.67619	0.01026	0.00497	0.00140	0.00210	0.00863	0.00404	0.00363
56	0.00723	0.00539	0.00744	0.00708	0.00814	0.00619	0.00554	0.10605	0.00834	0.01178	0.01115	0.01591	0.01018	0.04194	0.72020	0.00604	0.01033	0.00444	0.00250	0.00415
57	0.01579	0.01163	0.01248	0.00960	0.01291	0.01286	0.00792	0.79758	0.01956	0.02621	0.01033	0.02513	0.00752	0.00519	0.00423	0.00127	0.00459	0.00393	0.00420	0.00708
58	0.38834	0.00951	0.11001	0.37638	0.01857	0.00943	0.00905	0.01176	0.00792	0.01459	0.00678	0.00902	0.00511	0.00405	0.00348	0.00135	0.00465	0.00302	0.00218	0.00481
59	0.00881	0.00862	0.01213	0.01051	0.01060	0.01194	0.00871	0.00980	0.00648	0.01007	0.00622	0.01009	0.00613	0.01032	0.11448	0.00244	0.74248	0.00378	0.00189	0.00449
60	0.00611	0.00408	0.00458	0.00458	0.00458	0.00408	0.00255	0.00611	0.00611	0.00815	0.01325	0.02751	0.01528	0.85226	0.02140	0.00408	0.00408	0.00611	0.00255	0.00255
61	0.00872	0.00747	0.00872	0.00623	0.00996	0.00560	0.00498	0.01058	0.00872	0.01370	0.00747	0.00872	0.00623	0.00311	0.00311	0.00062	0.00311	0.00249	0.00249	0.87796
62	0.00512	0.00366	0.00488	0.00585	0.00610	0.00341	0.00390	0.00585	0.00805	0.01073	0.02317	0.84952	0.02780	0.01317	0.00537	0.00171	0.00244	0.01195	0.00390	0.00341
63	0.01598	0.01177	0.01262	0.00967	0.01304	0.01304	0.00799	0.81202	0.01976	0.02649	0.01009	0.01009	0.00715	0.00505	0.00421	0.00126	0.00463	0.00378	0.00421	0.00715
64	0.01210	0.69419	0.02008	0.00789	0.01121	0.17416	0.00737	0.01340	0.00919	0.00997	0.00597	0.00690	0.00540	0.00374	0.00291	0.00093	0.00509	0.00234	0.00187	0.00529
65	0.00512	0.00366	0.00488	0.00585	0.00610	0.00341	0.00390	0.00585	0.00805	0.01073	0.02317	0.84952	0.02780	0.01317	0.00537	0.00171	0.00244	0.01195	0.00390	0.00341
66	0.00601	0.00450	0.00676	0.00676	0.00751	0.00525	0.00525	0.00751	0.00676	0.00976	0.01126	0.01651	0.01051	0.03153	0.83560	0.00676	0.01126	0.00450	0.00225	0.00375
67	0.00843	0.02174	0.83048	0.01198	0.01819	0.00976	0.01553	0.01331	0.00888	0.01331	0.00754	0.00888	0.00533	0.00399	0.00399	0.00133	0.00621	0.00311	0.00178	0.00621
68	0.01598	0.01177	0.01262	0.00967	0.01304	0.01304	0.00799	0.81202	0.01976	0.02649	0.01009	0.01009	0.00715	0.00505	0.00421	0.00126	0.00463	0.00378	0.00421	0.00715
69	0.00512	0.00366	0.00488	0.00585	0.00610	0.00341	0.00390	0.00585	0.00805	0.01073	0.02317	0.84952	0.02780	0.01317	0.00537	0.00171	0.00244	0.01195	0.00390	0.00341
70	0.00497	0.00426	0.00426	0.00426	0.00568	0.00355	0.00319	0.00603	0.00958	0.01136	0.04259	0.04046	0.82433	0.01065	0.00497	0.00142	0.00213	0.00887	0.00390	0.00355
71	0.00611	0.00408	0.00458	0.00458	0.00458	0.00408	0.00255	0.00611	0.00611	0.00815	0.01325	0.02751	0.01528	0.85226	0.02140	0.00408	0.00408	0.00611	0.00255	0.00255
72	0.00512	0.00366	0.00488	0.00585	0.00610	0.00341	0.00390	0.00585	0.00805	0.01073	0.02317	0.84952	0.02780	0.01317	0.00537	0.00171	0.00244	0.01195	0.00390	0.00341
73	0.01598	0.01177	0.01262	0.00967	0.01304	0.01304	0.00799	0.81202	0.01976	0.02649	0.01009	0.01009	0.00715	0.00505	0.00421	0.00126	0.00463	0.00378	0.00421	0.00715
74	0.00737	0.00368	0.00529	0.00529	0.00541	0.00368	0.00356	0.00601	0.00589	0.00833	0.00809	0.01313	0.00773	0.01341	0.01478	0.77028	0.00344	0.00368	0.10888	0.00208
75	0.12206	0.01166	0.01180	0.00921	0.01243	0.04533	0.00757	0.68240	0.01791	0.02491	0.00943	0.00959	0.00676	0.00488	0.00399	0.00126	0.00458	0.00356	0.00393	0.00674
76	0.00585	0.00397	0.00466	0.00492	0.00498	0.00390	0.00290	0.00605	0.00662	0.00882	0.01584	0.24221	0.01855	0.63311	0.01721	0.00346	0.00365	0.00764	0.00290	0.00277
77	0.01590	0.01066	0.01170	0.00902	0.01223	0.01154	0.00744	0.65350	0.01803	0.13861	0.01122	0.01101	0.00782	0.00506	0.00413	0.00125	0.00432	0.00385	0.05573	0.00696
78	0.00564	0.00484	0.00490	0.00478	0.00632	0.00440	0.00362	0.00803	0.10868	0.01212	0.03946	0.03742	0.72491	0.01004	0.00488	0.00142	0.00228	0.00837	0.00395	0.00393
79	0.00497	0.00426	0.00426	0.00426	0.00568	0.00355	0.00319	0.00603	0.00958	0.01136	0.04259	0.04046	0.82433	0.01065	0.00497	0.00142	0.00213	0.00887	0.00390	0.00355
80	0.00920	0.00920	0.01288	0.01104	0.01104	0.01288	0.00920	0.01012	0.00644	0.01012	0.00552	0.00920	0.00552	0.00736	0.01380	0.00184	0.84457	0.00368	0.00184	0.00460
81	0.04086	0.00836	0.01283	0.61076	0.10722	0.00993	0.01102	0.12457	0.01009	0.01357	0.00783	0.01081	0.00589	0.00426	0.00414	0.00136	0.00532	0.00369	0.00225	0.00522
82	0.00510	0.00435	0.00440	0.00437	0.00580	0.00370	0.00328	0.00641	0.02564	0.01164	0.06452	0.03971	0.78575	0.01049	0.00495	0.00142	0.00215	0.00875	0.00393	0.00362
83	0.00602	0.00413	0.00487	0.00520	0.02108	0.00408	0.00298	0.00620	0.00656	0.00873	0.01529	0.15717	0.03310	0.68640	0.01820	0.00359	0.00380	0.00704	0.00278	0.00279

[dist]
# distance from previous block
# <min> <max>
1	6

[block]
# block no. 1 follows, 63 sequences, length 85
# corresponding to MSA columns:
# 97-181
name=unknown_B
#
# <colnr> <probs for GDERKNQSTAVLIFYWHMCP>
#	G	D	E	R	K	N	Q	S	T	A	V	L	I	F	Y	W	H	M	C	P
0	0.01041	0.06273	0.01214	0.00971	0.01123	0.20921	0.04405	0.02374	0.00871	0.01104	0.00825	0.09250	0.00809	0.00735	0.04620	0.00163	0.31112	0.00413	0.00227	0.11548
1	0.01023	0.01046	0.01979	0.02295	0.54236	0.01021	0.29439	0.01310	0.00970	0.01364	0.00812	0.01073	0.00656	0.00367	0.00444	0.00131	0.00573	0.00417	0.00210	0.00631
2	0.01514	0.01914	0.01171	0.01091	0.03054	0.78213	0.00803	0.01624	0.01174	0.01040	0.00774	0.02223	0.02704	0.00463	0.00385	0.00111	0.00730	0.00304	0.00224	0.00485
3	0.00954	0.03070	0.01263	0.01066	0.01095	0.07521	0.00881	0.01050	0.00695	0.01012	0.00615	0.02370	0.00610	0.00815	0.04733	0.00196	0.71030	0.00375	0.00192	0.00458
4	0.00512	0.00366	0.00488	0.00585	0.00610	0.00341	0.00390	0.00585	0.00805	0.01073	0.02317	0.84952	0.02780	0.01317	0.00537	0.00171	0.00244	0.01195	0.00390	0.00341
5	0.01598	0.01177	0.01262	0.00967	0.01304	0.01304	0.00799	0.81202	0.01976	0.02649	0.01009	0.01009	0.00715	0.00505	0.00421	0.00126	0.00463	0.00378	0.00421	0.00715
6	0.01765	0.00743	0.00972	0.00763	0.01076	0.00680	0.00625	0.02075	0.12853	0.71174	0.01666	0.01451	0.01076	0.00528	0.00423	0.00132	0.00354	0.00430	0.00507	0.00708
7	0.00497	0.00426	0.00426	0.00426	0.00568	0.00355	0.00319	0.00603	0.00958	0.01136	0.04259	0.04046	0.82433	0.01065	0.00497	0.00142	0.00213	0.00887	0.00390	0.00355
8	0.01013	0.00874	0.00919	0.00830	0.01062	0.01004	0.00645	0.02136	0.77005	0.01721	0.01863	0.01717	0.06138	0.00600	0.00432	0.00143	0.00326	0.00500	0.00426	0.00647
9	0.01752	0.00745	0.00972	0.00765	0.01076	0.00686	0.00625	0.02078	0.14037	0.69983	0.01667	0.01453	0.01079	0.00528	0.00424	0.00132	0.00354	0.00431	0.00506	0.00707
10	0.00884	0.00755	0.00879	0.00629	0.01002	0.00573	0.00503	0.02466	0.00891	0.01392	0.00752	0.00874	0.00624	0.00315	0.00313	0.00063	0.00314	0.00251	0.00252	0.86267
11	0.01598	0.01177	0.01262	0.00967	0.01304	0.01304	0.00799	0.81202	0.01976	0.02649	0.01009	0.01009	0.00715	0.00505	0.00421	0.00126	0.00463	0.00378	0.00421	0.00715
12	0.01749	0.00722	0.00956	0.00750	0.01057	0.00651	0.00613	0.02015	0.09211	0.71496	0.04985	0.01515	0.01185	0.00539	0.00426	0.00131	0.00349	0.00442	0.00509	0.00697
13	0.00517	0.00422	0.00433	0.00434	0.00549	0.00364	0.00309	0.00604	0.00894	0.01078	0.03706	0.05180	0.66761	0.15976	0.00788	0.00189	0.00248	0.00844	0.00366	0.00337
14	0.00611	0.00408	0.00458	0.00458	0.00458	0.00408	0.00255	0.00611	0.00611	0.00815	0.01325	0.02751	0.01528	0.85226	0.02140	0.00408	0.00408	0.00611	0.00255	0.00255
15	0.01005	0.00863	0.00907	0.00816	0.01046	0.00984	0.00634	0.04119	0.71741	0.01720	0.01946	0.01800	0.09328	0.00618	0.00434	0.00142	0.00324	0.00514	0.00424	0.00636
16	0.00992	0.01134	0.02481	0.01772	0.02197	0.01063	0.81077	0.01347	0.00992	0.01347	0.00850	0.01134	0.00638	0.00354	0.00496	0.00142	0.00709	0.00496	0.00213	0.00567
17	0.86049	0.00822	0.00634	0.00563	0.00825	0.00952	0.00464	0.03218	0.00747	0.01905	0.00596	0.00691	0.00462	0.00393	0.00264	0.00130	0.00329	0.00231	0.00264	0.00462
18	0.00611	0.00408	0.00458	0.00458	0.00458	0.00408	0.00255	0.00611	0.00611	0.00815	0.01325	0.02751	0.01528	0.85226	0.02140	0.00408	0.00408	0.00611	0.00255	0.00255
19	0.01863	0.00710	0.00968	0.00744	0.01065	0.00614	0.00614	0.02026	0.01203	0.81440	0.03105	0.01461	0.01093	0.00526	0.00424	0.00130	0.00355	0.00429	0.00519	0.00710
20	0.01115	0.00873	0.00940	0.00834	0.01078	0.00986	0.00652	0.02175	0.71830	0.09801	0.01769	0.01616	0.03271	0.00578	0.00429	0.00141	0.00332	0.00480	0.00436	0.00663
21	0.01598	0.01177	0.01262	0.00967	0.01304	0.01304	0.00799	0.81202	0.01976	0.02649	0.01009	0.01009	0.00715	0.00505	0.00421	0.00126	0.00463	0.00378	0.00421	0.00715
22	0.63382	0.00801	0.00673	0.00586	0.00832	0.00911	0.00479	0.12164	0.00913	0.01944	0.00760	0.00859	0.00583	0.00421	0.00287	0.00125	0.00325	0.00273	0.13203	0.00481
23	0.00574	0.00392	0.00470	0.00507	0.00516	0.00382	0.00306	0.00601	0.00685	0.00914	0.01703	0.34108	0.02006	0.53218	0.01528	0.00317	0.00345	0.00834	0.00306	0.00288
24	0.00512	0.00366	0.00488	0.00585	0.00610	0.00341	0.00390	0.00585	0.00805	0.01073	0.02317	0.84952	0.02780	0.01317	0.00537	0.00171	0.00244	0.01195	0.00390	0.00341
25	0.01046	0.00903	0.00951	0.00855	0.01093	0.01046	0.00665	0.02234	0.81845	0.01759	0.01711	0.01568	0.01283	0.00570	0.00428	0.00143	0.00333	0.00475	0.00428	0.00665
26	0.01040	0.00999	0.01706	0.02580	0.82604	0.00999	0.01290	0.01290	0.00957	0.01373	0.00791	0.01040	0.00666	0.00375	0.00416	0.00125	0.00499	0.00375	0.00208	0.00666
27	0.00659	0.00480	0.00647	0.00733	0.00820	0.00482	0.00607	0.00882	0.05691	0.01242	0.02218	0.24108	0.02440	0.01164	0.00561	0.00185	0.00349	0.55949	0.00390	0.00392
28	0.00920	0.00920	0.01288	0.01104	0.01104	0.01288	0.00920	0.01012	0.00644	0.01012	0.00552	0.00920	0.00552	0.00736	0.01380	0.00184	0.84457	0.00368	0.00184	0.00460
29	0.00980	0.01096	0.02321	0.01658	0.02078	0.01013	0.73075	0.01318	0.00980	0.01349	0.00840	0.01108	0.00636	0.00350	0.00478	0.00134	0.00669	0.00472	0.00216	0.09230
30	0.01570	0.01155	0.01238	0.00953	0.01279	0.01278	0.00783	0.78885	0.01937	0.02597	0.01018	0.01059	0.00738	0.02941	0.00470	0.00134	0.00461	0.00385	0.00416	0.00702
31	0.77231	0.00827	0.01966	0.09763	0.01058	0.00943	0.00551	0.01219	0.00732	0.01788	0.00606	0.00734	0.00468	0.00394	0.00280	0.00131	0.00356	0.00245	0.00251	0.00459
32	0.00498	0.00420	0.00432	0.00442	0.00572	0.00354	0.00326	0.00602	0.00943	0.01129	0.04066	0.12081	0.74523	0.01090	0.00501	0.00145	0.00216	0.00918	0.00390	0.00354
33	0.00512	0.00366	0.00488	0.00585	0.00610	0.00341	0.00390	0.00585	0.00805	0.01073	0.02317	0.84952	0.02780	0.01317	0.00537	0.00171	0.00244	0.01195	0.00390	0.00341
34	0.00595	0.00430	0.00562	0.00529	0.00628	0.00397	0.00397	0.00793	0.01190	0.01686	0.82382	0.03140	0.03966	0.00859	0.00496	0.00132	0.00198	0.00760	0.00463	0.00397
35	0.00872	0.00747	0.00872	0.00623	0.00996	0.00560	0.00498	0.01058	0.00872	0.01370	0.00747	0.00872	0.00623	0.00311	0.00311	0.00062	0.00311	0.00249	0.00249	0.87796
36	0.01886	0.00715	0.00976	0.00748	0.01073	0.00618	0.00618	0.02049	0.01203	0.82895	0.01658	0.01431	0.01041	0.00520	0.00423	0.00130	0.00358	0.00423	0.00520	0.00715
37	0.00512	0.00366	0.00488	0.00585	0.00610	0.00341	0.00390	0.00585	0.00805	0.01073	0.02317	0.84952	0.02780	0.01317	0.00537	0.00171	0.00244	0.01195	0.00390	0.00341
38	0.00992	0.01134	0.02481	0.01772	0.02197	0.01063	0.81077	0.01347	0.00992	0.01347	0.00850	0.01134	0.00638	0.00354	0.00496	0.00142	0.00709	0.00496	0.00213	0.00567
39	0.00965	0.00512	0.00680	0.00592	0.00756	0.00460	0.00460	0.01153	0.01194	0.24962	0.59245	0.02650	0.03128	0.00762	0.00475	0.00132	0.00244	0.00664	0.00479	0.00488
40	0.00992	0.01134	0.02481	0.01772	0.02197	0.01063	0.81077	0.01347	0.00992	0.01347	0.00850	0.01134	0.00638	0.00354	0.00496	0.00142	0.00709	0.00496	0.00213	0.00567
41	0.00730	0.00365	0.00548	0.00548	0.00548	0.00365	0.00365	0.00548	0.00548	0.00730	0.00730	0.01278	0.00730	0.01460	0.01643	0.87769	0.00365	0.00365	0.00183	0.00183
42	0.00512	0.00366	0.00488	0.00585	0.00610	0.00341	0.00390	0.00585	0.00805	0.01073	0.02317	0.84952	0.02780	0.01317	0.00537	0.00171	0.00244	0.01195	0.00390	0.00341
43	0.00669	0.00478	0.00666	0.00750	0.00847	0.00475	0.00650	0.00863	0.00990	0.01301	0.10186	0.04583	0.02573	0.01131	0.00572	0.00187	0.00368	0.71927	0.00395	0.00388
44	0.00677	0.00484	0.00677	0.00774	0.00871	0.00484	0.00677	0.00871	0.00968	0.01258	0.02226	0.04742	0.02419	0.01161	0.00581	0.00194	0.00387	0.79775	0.00387	0.00387
45	0.00920	0.00920	0.01288	0.01104	0.01104	0.01288	0.00920	0.01012	0.00644	0.01012	0.00552	0.00920	0.00552	0.00736	0.01380	0.00184	0.84457	0.00368	0.00184	0.00460
46	0.00595	0.00430	0.00562	0.00529	0.00628	0.00397	0.00397	0.00793	0.01190	0.01686	0.82382	0.03140	0.03966	0.00859	0.00496	0.00132	0.00198	0.00760	0.00463	0.00397
47	0.01598	0.01177	0.01262	0.00967	0.01304	0.01304	0.00799	0.81202	0.01976	0.02649	0.01009	0.01009	0.00715	0.00505	0.00421	0.00126	0.00463	0.00378	0.00421	0.00715
48	0.00710	0.00522	0.00700	0.00777	0.00886	0.00536	0.00669	0.00999	0.08996	0.01303	0.02177	0.06506	0.02316	0.01107	0.00564	0.00188	0.00378	0.69862	0.00391	0.00414
49	0.00656	0.00477	0.00647	0.00732	0.00834	0.00468	0.00634	0.00838	0.00967	0.01243	0.02472	0.04657	0.12122	0.01150	0.00570	0.00187	0.00366	0.70208	0.00387	0.00383
50	0.09295	0.00468	0.00567	0.00531	0.00646	0.00451	0.00402	0.00837	0.01143	0.01706	0.74259	0.02896	0.03618	0.00813	0.00472	0.00132	0.00211	0.00707	0.00443	0.00402
51	0.00529	0.00375	0.00489	0.00566	0.00592	0.00353	0.00374	0.00601	0.00805	0.01079	0.07097	0.69894	0.02700	0.11548	0.00730	0.00197	0.00261	0.01097	0.00378	0.00334
52	0.79674	0.00831	0.00670	0.00585	0.00852	0.00952	0.00482	0.06052	0.00810	0.05067	0.00652	0.00731	0.00493	0.00402	0.00276	0.00130	0.00335	0.00244	0.00280	0.00481
53	0.00601	0.00450	0.00676	0.00676	0.00751	0.00525	0.00525	0.00751	0.00676	0.00976	0.01126	0.01651	0.01051	0.03153	0.83560	0.00676	0.01126	0.00450	0.00225	0.00375
54	0.01750	0.00681	0.00927	0.00732	0.01027	0.00590	0.00595	0.01903	0.01164	0.74769	0.01724	0.09726	0.01213	0.00599	0.00434	0.00134	0.00346	0.00499	0.00507	0.00678
55	0.10438	0.00729	0.00939	0.00731	0.01048	0.00660	0.00603	0.01972	0.03034	0.72958	0.01553	0.01360	0.00988	0.00509	0.00407	0.00130	0.00354	0.00405	0.00492	0.00688
56	0.00512	0.00366	0.00488	0.00585	0.00610	0.00341	0.00390	0.00585	0.00805	0.01073	0.02317	0.84952	0.02780	0.01317	0.00537	0.00171	0.00244	0.01195	0.00390	0.00341
57	0.00518	0.00371	0.00493	0.00581	0.00611	0.00346	0.00391	0.00601	0.00834	0.01120	0.08402	0.78734	0.02871	0.01282	0.00533	0.00168	0.00240	0.01162	0.00396	0.00346
58	0.00767	0.00393	0.00398	0.00398	0.00487	0.00393	0.00290	0.00943	0.00855	0.01493	0.01367	0.01685	0.01122	0.08905	0.00477	0.00129	0.00217	0.00414	0.78889	0.00378
59	0.88196	0.00813	0.00618	0.00553	0.00813	0.00943	0.00455	0.01236	0.00715	0.01886	0.00585	0.00683	0.00455	0.00390	0.00260	0.00130	0.00325	0.00228	0.00260	0.00455
60	0.01627	0.01132	0.01233	0.00945	0.01281	0.01236	0.00781	0.73341	0.01900	0.10619	0.01074	0.01051	0.00747	0.00506	0.00421	0.00127	0.00452	0.00383	0.00430	0.00715
61	0.00512	0.00366	0.00488	0.00585	0.00610	0.00341	0.00390	0.00585	0.00805	0.01073	0.02317	0.84952	0.02780	0.01317	0.00537	0.00171	0.00244	0.01195	0.00390	0.00341
62	0.00512	0.00366	0.00488	0.00585	0.00610	0.00341	0.00390	0.00585	0.00805	0.01073	0.02317	0.84952	0.02780	0.01317	0.00537	0.00171	0.00244	0.01195	0.00390	0.00341
63	0.01598	0.01177	0.01262	0.00967	0.01304	0.01304	0.00799	0.81202	0.01976	0.02649	0.01009	0.01009	0.00715	0.00505	0.00421	0.00126	0.00463	0.00378	0.00421	0.00715
64	0.01015	0.00810	0.00882	0.00802	0.01015	0.00911	0.00619	0.01971	0.64082	0.06492	0.06707	0.09938	0.01582	0.00659	0.00442	0.00144	0.00317	0.00561	0.00432	0.00620
65	0.01886	0.00715	0.00976	0.00748	0.01073	0.00618	0.00618	0.02049	0.01203	0.82895	0.01658	0.01431	0.01041	0.00520	0.00423	0.00130	0.00358	0.00423	0.00520	0.00715
66	0.00596	0.00440	0.00586	0.06199	0.00804	0.00439	0.00467	0.05441	0.00877	0.01167	0.02134	0.74326	0.02508	0.01208	0.00522	0.00166	0.00278	0.01091	0.00378	0.00372
67	0.00512	0.00368	0.00486	0.00581	0.00608	0.00342	0.00388	0.00586	0.00809	0.01075	0.02375	0.82529	0.05166	0.01309	0.00535	0.00170	0.00243	0.01186	0.00390	0.00342
68	0.00595	0.00430	0.00562	0.00529	0.00628	0.00397	0.00397	0.00793	0.01190	0.01686	0.82382	0.03140	0.03966	0.00859	0.00496	0.00132	0.00198	0.00760	0.00463	0.00397
69	0.00497	0.00426	0.00426	0.00426	0.00568	0.00355	0.00319	0.00603	0.00958	0.01136	0.04259	0.04046	0.82433	0.01065	0.00497	0.00142	0.00213	0.00887	0.00390	0.00355
70	0.01100	0.00930	0.00981	0.00867	0.01114	0.01071	0.00679	0.10077	0.73912	0.01847	0.01641	0.01513	0.01227	0.00564	0.00427	0.00141	0.00346	0.00466	0.00427	0.00670
71	0.00611	0.00408	0.00458	0.00458	0.00458	0.00408	0.00255	0.00611	0.00611	0.00815	0.01325	0.02751	0.01528	0.85226	0.02140	0.00408	0.00408	0.00611	0.00255	0.00255
72	0.00806	0.00770	0.01332	0.79374	0.02854	0.00942	0.05860	0.01090	0.00849	0.01090	0.00753	0.01122	0.00565	0.00416	0.00425	0.00140	0.00569	0.00381	0.00188	0.00473
73	0.01016	0.00974	0.01662	0.10688	0.74688	0.00992	0.01278	0.01269	0.00946	0.01344	0.00786	0.01048	0.00655	0.00379	0.00417	0.00126	0.00505	0.00374	0.00206	0.00646
74	0.04869	0.00446	0.00543	0.00514	0.00614	0.00421	0.00378	0.00780	0.01086	0.01558	0.63437	0.03050	0.09774	0.09943	0.00661	0.00163	0.00228	0.00728	0.00425	0.00381
75	0.00498	0.00423	0.00429	0.00434	0.00570	0.00354	0.00323	0.00602	0.00950	0.01132	0.04154	0.08397	0.78149	0.01078	0.00499	0.00143	0.00215	0.00904	0.00390	0.00354
76	0.02120	0.00771	0.01271	0.76995	0.06421	0.00947	0.01152	0.03296	0.00875	0.01143	0.00754	0.01108	0.00568	0.00420	0.00418	0.00139	0.00551	0.00372	0.00195	0.00483
77	0.00508	0.00414	0.00447	0.00464	0.00578	0.00356	0.00337	0.00611	0.00936	0.01150	0.08426	0.19941	0.60704	0.02543	0.00533	0.00152	0.00222	0.00936	0.00392	0.00353
78	0.00700	0.00563	0.00533	0.00529	0.00552	0.08659	0.00319	0.00716	0.00682	0.00854	0.01326	0.08189	0.01516	0.71052	0.01855	0.00362	0.00431	0.00618	0.00260	0.00284
79	0.41982	0.08975	0.02072	0.05708	0.00915	0.00820	0.00521	0.02159	0.00785	0.01494	0.01095	0.22120	0.01110	0.00689	0.01546	0.01717	0.00343	0.00499	0.05018	0.00432
80	0.01040	0.00999	0.01706	0.02580	0.82604	0.00999	0.01290	0.01290	0.00957	0.01373	0.00791	0.01040	0.00666	0.00375	0.00416	0.00125	0.00499	0.00375	0.00208	0.00666
81	0.01220	0.01024	0.01246	0.38237	0.02008	0.06269	0.00963	0.38897	0.01401	0.01817	0.00892	0.01111	0.00666	0.00474	0.00421	0.00133	0.00523	0.01813	0.00303	0.00584
82	0.01317	0.01549	0.01253	0.01394	0.21134	0.51244	0.00891	0.01496	0.03364	0.01135	0.00763	0.00941	0.00645	0.00691	0.08649	0.00169	0.00711	0.00319	0.00222	0.02112
83	0.01336	0.01595	0.01320	0.01341	0.14523	0.51919	0.04045	0.01493	0.02324	0.01105	0.00698	0.00880	0.00594	0.00545	0.03018	0.00140	0.12076	0.00318	0.00214	0.00515
84	0.00570	0.00399	0.00488	0.00543	0.01732	0.00385	0.00331	0.00610	0.00714	0.00948	0.01863	0.38489	0.05236	0.44224	0.01353	0.00290	0.00330	0.00872	0.00318	0.00302

[dist]
# distance from previous block
# <min> <max>
2	8

[block]
# block no. 2 follows, 63 sequences, length 6
# corresponding to MSA columns:
# 191-196
name=unknown_C
#
# <colnr> <probs for GDERKNQSTAVLIFYWHMCP>
#	G	D	E	R	K	N	Q	S	T	A	V	L	I	F	Y	W	H	M	C	P
0	0.17496	0.00529	0.00595	0.00548	0.00703	0.00516	0.00421	0.00976	0.01042	0.10520	0.41804	0.08456	0.13256	0.00792	0.00446	0.00136	0.00245	0.00669	0.00416	0.00433
1	0.01221	0.01370	0.01132	0.10458	0.09187	0.39126	0.00825	0.01641	0.21960	0.01263	0.01204	0.01268	0.06538	0.00506	0.00408	0.00125	0.00563	0.00389	0.00279	0.00539
2	0.16012	0.12785	0.48861	0.00958	0.01455	0.01015	0.01134	0.01275	0.00852	0.01386	0.00702	0.00822	0.00530	0.00383	0.00348	0.00119	0.00512	0.00278	0.00200	0.10372
3	0.01365	0.01052	0.01071	0.00884	0.01137	0.10281	0.00707	0.47129	0.01532	0.07816	0.01174	0.10309	0.00990	0.00937	0.11414	0.00202	0.00552	0.00469	0.00376	0.00604
4	0.00699	0.00476	0.00530	0.00504	0.00534	0.00487	0.00303	0.07793	0.00733	0.00979	0.01296	0.02596	0.01456	0.77676	0.01986	0.00382	0.00412	0.00591	0.00269	0.00296
5	0.01229	0.00836	0.00898	0.00733	0.00963	0.00912	0.00592	0.45964	0.01483	0.02137	0.01153	0.01260	0.00872	0.00666	0.05625	0.00150	0.00404	0.00388	0.33164	0.00572

[dist]
# distance from previous block
# <min> <max>
0	2

[block]
# block no. 3 follows, 63 sequences, length 17
# corresponding to MSA columns:
# 199-215
name=unknown_D
#
# <colnr> <probs for GDERKNQSTAVLIFYWHMCP>
#	G	D	E	R	K	N	Q	S	T	A	V	L	I	F	Y	W	H	M	C	P
0	0.00625	0.00439	0.00481	0.00471	0.00510	0.00430	0.00287	0.03519	0.00728	0.00943	0.01880	0.02938	0.17141	0.65896	0.01760	0.00346	0.00372	0.00656	0.00287	0.00291
1	0.48762	0.04611	0.00936	0.00754	0.01026	0.17022	0.00611	0.18959	0.01091	0.01852	0.00691	0.00769	0.00533	0.00423	0.00319	0.00123	0.00444	0.00269	0.00284	0.00522
2	0.00808	0.01770	0.62196	0.01181	0.06505	0.00890	0.01339	0.01217	0.00851	0.01265	0.00828	0.01044	0.00641	0.00930	0.16479	0.00238	0.00711	0.00342	0.00189	0.00576
3	0.00562	0.00452	0.00465	0.00453	0.00575	0.00402	0.00326	0.03743	0.00931	0.01133	0.03565	0.03677	0.63609	0.17315	0.00811	0.00193	0.00260	0.00814	0.00365	0.00350
4	0.00893	0.00988	0.02034	0.01484	0.01837	0.00935	0.62162	0.01189	0.00971	0.01292	0.01497	0.01688	0.16449	0.00507	0.00533	0.00144	0.04062	0.00566	0.00246	0.00522
5	0.00649	0.00486	0.00704	0.00690	0.00778	0.00564	0.00539	0.04684	0.00739	0.01058	0.01120	0.01620	0.01035	0.03023	0.79496	0.00649	0.01094	0.00447	0.00235	0.00392
6	0.00662	0.00475	0.00658	0.00752	0.00846	0.00471	0.00649	0.00845	0.00958	0.01243	0.02298	0.09456	0.05077	0.01167	0.00575	0.00190	0.00373	0.72535	0.00387	0.00383
7	0.01548	0.01956	0.01181	0.01073	0.01291	0.79967	0.00806	0.01703	0.04684	0.01060	0.00696	0.00793	0.00574	0.00439	0.00381	0.00110	0.00740	0.00280	0.00226	0.00495
8	0.07044	0.01413	0.41629	0.01079	0.08747	0.00807	0.01086	0.01309	0.00988	0.12666	0.17679	0.01426	0.01316	0.00508	0.00414	0.00132	0.00466	0.00419	0.00292	0.00580
9	0.01031	0.01025	0.01856	0.02424	0.67058	0.01011	0.16716	0.01301	0.00964	0.01368	0.00802	0.01059	0.00660	0.00371	0.00432	0.00128	0.00540	0.00398	0.00209	0.00647
10	0.01125	0.01261	0.11021	0.21872	0.09907	0.15923	0.01004	0.11931	0.18878	0.01483	0.00981	0.01103	0.00743	0.00459	0.00412	0.00131	0.00534	0.00371	0.00277	0.00585
11	0.01332	0.07519	0.01114	0.00931	0.01143	0.61747	0.00710	0.01441	0.01123	0.01047	0.01343	0.01388	0.16375	0.00550	0.00394	0.00114	0.00631	0.00387	0.00248	0.00465
12	0.05742	0.00445	0.00530	0.00514	0.00622	0.00416	0.00382	0.00760	0.01070	0.01517	0.53405	0.10601	0.18769	0.02747	0.00522	0.00143	0.00217	0.00790	0.00426	0.00384
13	0.00550	0.00387	0.00496	0.00546	0.00580	0.00367	0.00362	0.00631	0.00837	0.01135	0.17578	0.51005	0.02734	0.19735	0.00882	0.00216	0.00271	0.00982	0.00374	0.00333
14	0.00536	0.00399	0.00554	0.07772	0.00806	0.00392	0.00457	0.00627	0.00808	0.01073	0.02182	0.77748	0.02590	0.01240	0.00527	0.00168	0.00271	0.01124	0.00373	0.00352
15	0.01570	0.02004	0.01191	0.01083	0.01300	0.83539	0.00812	0.01679	0.01191	0.01029	0.00650	0.00758	0.00541	0.00433	0.00379	0.00108	0.00758	0.00271	0.00217	0.00487
16	0.01218	0.01184	0.01035	0.00919	0.01160	0.20231	0.00712	0.09325	0.55808	0.01670	0.01400	0.01329	0.01059	0.00532	0.00416	0.00133	0.00443	0.00419	0.00378	0.00629

[dist]
# distance from previous block
# <min> <max>
4	9

[block]
# block no. 4 follows, 63 sequences, length 110
# corresponding to MSA columns:
# 227-336
name=unknown_E
#
# <colnr> <probs for GDERKNQSTAVLIFYWHMCP>
#	G	D	E	R	K	N	Q	S	T	A	V	L	I	F	Y	W	H	M	C	P
0	0.01570	0.02004	0.01191	0.01083	0.01300	0.83539	0.00812	0.01679	0.01191	0.01029	0.00650	0.00758	0.00541	0.00433	0.00379	0.00108	0.00758	0.00271	0.00217	0.00487
1	0.00624	0.00466	0.00651	0.00632	0.00716	0.00507	0.00474	0.00749	0.00679	0.00977	0.01133	0.01792	0.01105	0.17934	0.62208	0.00579	0.00931	0.00464	0.00232	0.07146
2	0.00637	0.00485	0.00726	0.07166	0.00922	0.00568	0.00575	0.02224	0.00716	0.01026	0.01100	0.01597	0.01007	0.02836	0.73824	0.00612	0.01050	0.00442	0.02097	0.00389
3	0.06091	0.00755	0.01229	0.77861	0.04026	0.00936	0.01126	0.01087	0.00835	0.01128	0.00738	0.01093	0.00556	0.00418	0.00411	0.00139	0.00545	0.00365	0.00192	0.00469
4	0.00648	0.00516	0.00826	0.00766	0.00872	0.00581	0.06789	0.02169	0.00722	0.01033	0.01103	0.01600	0.01013	0.02890	0.75689	0.00625	0.01082	0.00453	0.00228	0.00396
5	0.00993	0.01131	0.02465	0.01788	0.03823	0.01062	0.79464	0.01345	0.00991	0.01347	0.00849	0.01132	0.00638	0.00355	0.00494	0.00141	0.00704	0.00494	0.00213	0.00569
6	0.00553	0.00397	0.00523	0.00561	0.00620	0.00369	0.00395	0.00683	0.00976	0.01345	0.37929	0.46110	0.03284	0.02370	0.00543	0.00157	0.00228	0.02171	0.00420	0.00365
7	0.00498	0.00421	0.00431	0.00438	0.00571	0.00354	0.00325	0.00602	0.00946	0.01131	0.04108	0.10332	0.76244	0.01084	0.00500	0.00144	0.00215	0.00911	0.00390	0.00354
8	0.00992	0.01134	0.02481	0.01772	0.02197	0.01063	0.81077	0.01347	0.00992	0.01347	0.00850	0.01134	0.00638	0.00354	0.00496	0.00142	0.00709	0.00496	0.00213	0.00567
9	0.00977	0.01104	0.02386	0.08178	0.02251	0.01053	0.74868	0.01325	0.00980	0.01325	0.00842	0.01133	0.00632	0.00359	0.00490	0.00142	0.00697	0.00487	0.00211	0.00559
10	0.00515	0.00368	0.00491	0.00589	0.00614	0.00344	0.00395	0.00590	0.00808	0.01076	0.02315	0.83581	0.02774	0.01314	0.00537	0.00171	0.00246	0.02538	0.00390	0.00342
11	0.01124	0.85479	0.02203	0.00719	0.01079	0.01663	0.00719	0.01259	0.00854	0.00989	0.00584	0.00674	0.00539	0.00360	0.00270	0.00090	0.00450	0.00225	0.00180	0.00539
12	0.00919	0.00881	0.01408	0.38092	0.02042	0.01090	0.10850	0.07305	0.00880	0.01209	0.00738	0.02339	0.00613	0.00540	0.00757	0.00155	0.29079	0.00400	0.00210	0.00494
13	0.00731	0.00366	0.00545	0.00545	0.00547	0.00366	0.00364	0.00555	0.00553	0.00745	0.00741	0.01283	0.00736	0.01444	0.01620	0.86255	0.00362	0.00366	0.01691	0.00186
14	0.01598	0.01177	0.01262	0.00967	0.01304	0.01304	0.00799	0.81202	0.01976	0.02649	0.01009	0.01009	0.00715	0.00505	0.00421	0.00126	0.00463	0.00378	0.00421	0.00715
15	0.00601	0.00450	0.00676	0.00676	0.00751	0.00525	0.00525	0.00751	0.00676	0.00976	0.01126	0.01651	0.01051	0.03153	0.83560	0.00676	0.01126	0.00450	0.00225	0.00375
16	0.00825	0.00790	0.01267	0.63593	0.02451	0.01022	0.01106	0.01059	0.00792	0.01059	0.00699	0.01071	0.00558	0.00499	0.00658	0.00151	0.21378	0.00372	0.00186	0.00465
17	0.00539	0.00463	0.00467	0.00459	0.00609	0.00409	0.00346	0.00730	0.07243	0.01184	0.04061	0.03853	0.76128	0.01026	0.00491	0.00142	0.00222	0.00855	0.00393	0.00379
18	0.00497	0.00426	0.00426	0.00426	0.00568	0.00355	0.00319	0.00603	0.00958	0.01136	0.04259	0.04046	0.82433	0.01065	0.00497	0.00142	0.00213	0.00887	0.00390	0.00355
19	0.03157	0.01137	0.01249	0.07428	0.01418	0.01268	0.00821	0.73478	0.01865	0.02513	0.00981	0.01012	0.00698	0.00496	0.00418	0.00127	0.00468	0.00375	0.00399	0.00691
20	0.00514	0.00367	0.00487	0.00583	0.00607	0.00343	0.00388	0.00586	0.00801	0.01068	0.02299	0.83470	0.02758	0.02829	0.00565	0.00175	0.00247	0.01185	0.00388	0.00340
21	0.88196	0.00813	0.00618	0.00553	0.00813	0.00943	0.00455	0.01236	0.00715	0.01886	0.00585	0.00683	0.00455	0.00390	0.00260	0.00130	0.00325	0.00228	0.00260	0.00455
22	0.00611	0.00408	0.00458	0.00458	0.00458	0.00408	0.00255	0.00611	0.00611	0.00815	0.01325	0.02751	0.01528	0.85226	0.02140	0.00408	0.00408	0.00611	0.00255	0.00255
23	0.00523	0.00414	0.00443	0.00452	0.00564	0.00357	0.00326	0.00598	0.00893	0.01081	0.03637	0.11563	0.63977	0.05723	0.00680	0.06968	0.00238	0.00861	0.00367	0.00335
24	0.00619	0.00407	0.00456	0.00456	0.00460	0.00407	0.00256	0.00628	0.00623	0.00849	0.01327	0.02698	0.01508	0.81451	0.02057	0.00394	0.00398	0.00602	0.04144	0.00261
25	0.00512	0.00366	0.00488	0.00585	0.00610	0.00341	0.00390	0.00585	0.00805	0.01073	0.02317	0.84952	0.02780	0.01317	0.00537	0.00171	0.00244	0.01195	0.00390	0.00341
26	0.01046	0.00903	0.00951	0.00855	0.01093	0.01046	0.00665	0.02234	0.81845	0.01759	0.01711	0.01568	0.01283	0.00570	0.00428	0.00143	0.00333	0.00475	0.00428	0.00665
27	0.00611	0.00518	0.00539	0.00518	0.00674	0.00492	0.00393	0.00934	0.16571	0.01304	0.10677	0.03488	0.59850	0.00951	0.00483	0.00141	0.00235	0.00797	0.00404	0.00418
28	0.88196	0.00813	0.00618	0.00553	0.00813	0.00943	0.00455	0.01236	0.00715	0.01886	0.00585	0.00683	0.00455	0.00390	0.00260	0.00130	0.00325	0.00228	0.00260	0.00455
29	0.00497	0.00426	0.00426	0.00426	0.00568	0.00355	0.00319	0.00603	0.00958	0.01136	0.04259	0.04046	0.82433	0.01065	0.00497	0.00142	0.00213	0.00887	0.00390	0.00355
30	0.00512	0.00366	0.00488	0.00585	0.00610	0.00341	0.00390	0.00585	0.00805	0.01073	0.02317	0.84952	0.02780	0.01317	0.00537	0.00171	0.00244	0.01195	0.00390	0.00341
31	0.01620	0.01142	0.01239	0.00950	0.01286	0.01250	0.00785	0.75052	0.01916	0.08885	0.01060	0.01042	0.00740	0.00506	0.00421	0.00126	0.00454	0.00382	0.00428	0.00715
32	0.88196	0.00813	0.00618	0.00553	0.00813	0.00943	0.00455	0.01236	0.00715	0.01886	0.00585	0.00683	0.00455	0.00390	0.00260	0.00130	0.00325	0.00228	0.00260	0.00455
33	0.01886	0.00715	0.00976	0.00748	0.01073	0.00618	0.00618	0.02049	0.01203	0.82895	0.01658	0.01431	0.01041	0.00520	0.00423	0.00130	0.00358	0.00423	0.00520	0.00715
34	0.00589	0.00425	0.00556	0.00533	0.00627	0.00392	0.00396	0.00777	0.01160	0.01638	0.76161	0.09497	0.03874	0.00895	0.00499	0.00135	0.00202	0.00794	0.00457	0.00392
35	0.00730	0.00365	0.00548	0.00548	0.00548	0.00365	0.00365	0.00548	0.00548	0.00730	0.00730	0.01278	0.00730	0.01460	0.01643	0.87769	0.00365	0.00365	0.00183	0.00183
36	0.01886	0.00715	0.00976	0.00748	0.01073	0.00618	0.00618	0.02049	0.01203	0.82895	0.01658	0.01431	0.01041	0.00520	0.00423	0.00130	0.00358	0.00423	0.00520	0.00715
37	0.01570	0.02004	0.01191	0.01083	0.01300	0.83539	0.00812	0.01679	0.01191	0.01029	0.00650	0.00758	0.00541	0.00433	0.00379	0.00108	0.00758	0.00271	0.00217	0.00487
38	0.00843	0.02174	0.83048	0.01198	0.01819	0.00976	0.01553	0.01331	0.00888	0.01331	0.00754	0.00888	0.00533	0.00399	0.00399	0.00133	0.00621	0.00311	0.00178	0.00621
39	0.01886	0.00715	0.00976	0.00748	0.01073	0.00618	0.00618	0.02049	0.01203	0.82895	0.01658	0.01431	0.01041	0.00520	0.00423	0.00130	0.00358	0.00423	0.00520	0.00715
40	0.00730	0.00365	0.00548	0.00548	0.00548	0.00365	0.00365	0.00548	0.00548	0.00730	0.00730	0.01278	0.00730	0.01460	0.01643	0.87769	0.00365	0.00365	0.00183	0.00183
41	0.88196	0.00813	0.00618	0.00553	0.00813	0.00943	0.00455	0.01236	0.00715	0.01886	0.00585	0.00683	0.00455	0.00390	0.00260	0.00130	0.00325	0.00228	0.00260	0.00455
42	0.01598	0.01177	0.01262	0.00967	0.01304	0.01304	0.00799	0.81202	0.01976	0.02649	0.01009	0.01009	0.00715	0.00505	0.00421	0.00126	0.00463	0.00378	0.00421	0.00715
43	0.00601	0.00450	0.00676	0.00676	0.00751	0.00525	0.00525	0.00751	0.00676	0.00976	0.01126	0.01651	0.01051	0.03153	0.83560	0.00676	0.01126	0.00450	0.00225	0.00375
44	0.00730	0.00365	0.00548	0.00548	0.00548	0.00365	0.00365	0.00548	0.00548	0.00730	0.00730	0.01278	0.00730	0.01460	0.01643	0.87769	0.00365	0.00365	0.00183	0.00183
