[name]
infA

[dist]
# distance from previous block
# <min> <max>
0	19

[block]
# block no. 0 follows, 6 sequences, length 23
# corresponding to MSA columns:
# 19-41
name=unknown_A
#
# <colnr> <probs for GDERKNQSTAVLIFYWHMCP>
#	G	D	E	R	K	N	Q	S	T	A	V	L	I	F	Y	W	H	M	C	P
0	0.02223	0.01682	0.02468	0.10192	0.03839	0.01780	0.02419	0.02887	0.03023	0.03920	0.06332	0.13244	0.06751	0.03320	0.01770	0.00590	0.01326	0.29826	0.01131	0.01277
1	0.01635	0.01168	0.01557	0.01869	0.01946	0.01090	0.01246	0.01869	0.02569	0.03426	0.07396	0.51962	0.08876	0.04204	0.01713	0.00545	0.00779	0.03815	0.01246	0.01090
2	0.02923	0.03143	0.06415	0.22633	0.07875	0.03234	0.25740	0.03963	0.02980	0.03963	0.02588	0.03604	0.01941	0.01213	0.01490	0.00450	0.02080	0.01433	0.00647	0.01687
3	0.01899	0.01372	0.01794	0.01688	0.02005	0.01266	0.01266	0.02532	0.03799	0.05381	0.43759	0.10024	0.12662	0.02743	0.01583	0.00422	0.00633	0.02427	0.01477	0.01266
4	0.02534	0.02385	0.04025	0.49612	0.09243	0.02982	0.03727	0.03429	0.02683	0.03429	0.02385	0.03578	0.01789	0.01342	0.01342	0.00447	0.01789	0.01193	0.00596	0.01491
5	0.01635	0.01168	0.01557	0.01869	0.01946	0.01090	0.01246	0.01869	0.02569	0.03426	0.07396	0.51962	0.08876	0.04204	0.01713	0.00545	0.00779	0.03815	0.01246	0.01090
6	0.02943	0.33481	0.05149	0.02242	0.03040	0.03907	0.02057	0.03392	0.02507	0.03141	0.02533	0.03357	0.02353	0.04592	0.18882	0.01009	0.02269	0.00996	0.00630	0.01520
7	0.04366	0.05039	0.03506	0.03177	0.03894	0.30413	0.02412	0.06043	0.18572	0.04184	0.03383	0.03419	0.02643	0.01552	0.01270	0.00388	0.01896	0.01116	0.00952	0.01775
8	0.02692	0.06941	0.45885	0.03825	0.05808	0.03117	0.04958	0.04250	0.02833	0.04250	0.02408	0.02833	0.01700	0.01275	0.01275	0.00425	0.01983	0.00992	0.00567	0.01983
9	0.01899	0.01372	0.01794	0.01688	0.02005	0.01266	0.01266	0.02532	0.03799	0.05381	0.43759	0.10024	0.12662	0.02743	0.01583	0.00422	0.00633	0.02427	0.01477	0.01266
10	0.03017	0.02878	0.04898	0.24218	0.30862	0.03109	0.03967	0.03852	0.02912	0.04015	0.02471	0.03420	0.01996	0.01252	0.01334	0.00417	0.01669	0.01195	0.00638	0.01880
11	0.01952	0.01301	0.01464	0.01464	0.01464	0.01301	0.00813	0.01952	0.01952	0.02602	0.04228	0.08782	0.04879	0.52838	0.06830	0.01301	0.01301	0.01952	0.00813	0.00813
12	0.02692	0.06941	0.45885	0.03825	0.05808	0.03117	0.04958	0.04250	0.02833	0.04250	0.02408	0.02833	0.01700	0.01275	0.01275	0.00425	0.01983	0.00992	0.00567	0.01983
13	0.01707	0.01364	0.01527	0.01486	0.01887	0.01184	0.01115	0.02160	0.03345	0.04304	0.25245	0.11798	0.31849	0.03146	0.01585	0.00441	0.00662	0.02676	0.01335	0.01184
14	0.01839	0.01313	0.01791	0.02101	0.02269	0.01266	0.01600	0.02221	0.02770	0.03654	0.07284	0.37739	0.08431	0.04012	0.01767	0.00573	0.00955	0.16027	0.01242	0.01146
15	0.01952	0.01301	0.01464	0.01464	0.01464	0.01301	0.00813	0.01952	0.01952	0.02602	0.04228	0.08782	0.04879	0.52838	0.06830	0.01301	0.01301	0.01952	0.00813	0.00813
16	0.03167	0.03620	0.07919	0.05656	0.07014	0.03394	0.39593	0.04299	0.03167	0.04299	0.02715	0.03620	0.02036	0.01131	0.01584	0.00452	0.02262	0.01584	0.00679	0.01810
17	0.02692	0.06941	0.45885	0.03825	0.05808	0.03117	0.04958	0.04250	0.02833	0.04250	0.02408	0.02833	0.01700	0.01275	0.01275	0.00425	0.01983	0.00992	0.00567	0.01983
18	0.41564	0.03196	0.10274	0.02153	0.03072	0.02741	0.02073	0.03657	0.02304	0.05104	0.02044	0.02603	0.01638	0.01788	0.01609	0.09937	0.01238	0.00846	0.00741	0.01417
19	0.01889	0.01275	0.01482	0.01543	0.01558	0.01260	0.00898	0.01935	0.02073	0.02764	0.04850	0.17261	0.05664	0.43287	0.05825	0.01153	0.01198	0.02317	0.00898	0.00868
20	0.03588	0.53645	0.07032	0.02296	0.03444	0.05310	0.02296	0.04018	0.02727	0.03157	0.01866	0.02153	0.01722	0.01148	0.00861	0.00287	0.01435	0.00718	0.00574	0.01722
21	0.03338	0.02883	0.03034	0.02731	0.03490	0.03338	0.02124	0.07131	0.42042	0.05614	0.05462	0.05007	0.04096	0.01821	0.01365	0.00455	0.01062	0.01517	0.01365	0.02124
22	0.01899	0.01372	0.01794	0.01688	0.02005	0.01266	0.01266	0.02532	0.03799	0.05381	0.43759	0.10024	0.12662	0.02743	0.01583	0.00422	0.00633	0.02427	0.01477	0.01266

[dist]
# distance from previous block
# <min> <max>
0	6

[block]
# block no. 1 follows, 6 sequences, length 8
# corresponding to MSA columns:
# 48-55
name=unknown_B
#
# <colnr> <probs for GDERKNQSTAVLIFYWHMCP>
#	G	D	E	R	K	N	Q	S	T	A	V	L	I	F	Y	W	H	M	C	P
0	0.01635	0.01168	0.01557	0.01869	0.01946	0.01090	0.01246	0.01869	0.02569	0.03426	0.07396	0.51962	0.08876	0.04204	0.01713	0.00545	0.00779	0.03815	0.01246	0.01090
1	0.01917	0.01438	0.02157	0.02157	0.02396	0.01677	0.01677	0.02396	0.02157	0.03115	0.03595	0.05272	0.03355	0.10065	0.47520	0.02157	0.03595	0.01438	0.00719	0.01198
2	0.02072	0.01485	0.02036	0.02202	0.02514	0.01449	0.01854	0.02695	0.03333	0.04485	0.19705	0.13380	0.09421	0.03376	0.01760	0.00551	0.01029	0.24088	0.01319	0.01246
3	0.01917	0.01438	0.02157	0.02157	0.02396	0.01677	0.01677	0.02396	0.02157	0.03115	0.03595	0.05272	0.03355	0.10065	0.47520	0.02157	0.03595	0.01438	0.00719	0.01198
4	0.03225	0.02417	0.03237	0.03422	0.10067	0.02625	0.02282	0.14330	0.03539	0.04868	0.03077	0.04091	0.02632	0.04970	0.17884	0.11412	0.02171	0.01278	0.00881	0.01591
5	0.01635	0.01168	0.01557	0.01869	0.01946	0.01090	0.01246	0.01869	0.02569	0.03426	0.07396	0.51962	0.08876	0.04204	0.01713	0.00545	0.00779	0.03815	0.01246	0.01090
6	0.02692	0.06941	0.45885	0.03825	0.05808	0.03117	0.04958	0.04250	0.02833	0.04250	0.02408	0.02833	0.01700	0.01275	0.01275	0.00425	0.01983	0.00992	0.00567	0.01983
7	0.01586	0.01359	0.01359	0.01359	0.01813	0.01133	0.01020	0.01926	0.03059	0.03625	0.13595	0.12915	0.43922	0.03399	0.01586	0.00453	0.00680	0.02832	0.01246	0.01133

[dist]
# distance from previous block
# <min> <max>
5	8

# created by:
# /share/home/app/bin/augustus-3.3.1/scripts/msa2prfl.pl /dev/shm/tmp/ogap_db/pt-Sapindales/msas/infA.aln --setname=infA
