[name]
matK

[dist]
# distance from previous block
# <min> <max>
0	0

[block]
# block no. 0 follows, 65 sequences, length 33
# corresponding to MSA columns:
# 0-32
name=unknown_A
#
# <colnr> <probs for GDERKNQSTAVLIFYWHMCP>
#	G	D	E	R	K	N	Q	S	T	A	V	L	I	F	Y	W	H	M	C	P
0	0.00661	0.00472	0.00661	0.00756	0.00850	0.00472	0.00661	0.00850	0.00945	0.01228	0.02173	0.04630	0.02362	0.01134	0.00567	0.00189	0.00378	0.80250	0.00378	0.00378
1	0.00892	0.01839	0.63677	0.01449	0.19244	0.00949	0.01437	0.01310	0.00889	0.03462	0.00767	0.00913	0.00561	0.00388	0.00394	0.00128	0.00574	0.00320	0.00189	0.00618
2	0.00843	0.02008	0.75207	0.01306	0.09962	0.00956	0.01491	0.01296	0.00873	0.01304	0.00740	0.00882	0.00533	0.00388	0.00392	0.00129	0.00595	0.00310	0.00176	0.00611
3	0.00636	0.00440	0.00527	0.00515	0.00545	0.00461	0.00329	0.04139	0.00668	0.00907	0.01238	0.02382	0.01358	0.64162	0.19603	0.00442	0.00551	0.00553	0.00250	0.00294
4	0.00969	0.01107	0.02422	0.01730	0.02145	0.01038	0.81522	0.01315	0.00969	0.01315	0.00830	0.01107	0.00623	0.00346	0.00484	0.00138	0.00692	0.00484	0.00208	0.00554
5	0.00546	0.00416	0.00502	0.00486	0.00593	0.00372	0.00362	0.00705	0.01072	0.01444	0.53583	0.06861	0.29716	0.00924	0.00486	0.00134	0.00200	0.00801	0.00426	0.00372
6	0.00678	0.03706	0.00854	0.00758	0.00825	0.00727	0.00610	0.00811	0.00659	0.00962	0.00950	0.01411	0.00894	0.02429	0.61661	0.00527	0.20526	0.00413	0.00209	0.00392
7	0.00511	0.00362	0.00473	0.00557	0.00578	0.00341	0.00366	0.00575	0.00764	0.01019	0.02150	0.75737	0.02573	0.11048	0.00705	0.00193	0.00257	0.01101	0.00366	0.00324
8	0.00833	0.05133	0.80523	0.01153	0.01751	0.00977	0.01487	0.01297	0.00865	0.01288	0.00731	0.00859	0.00520	0.00389	0.00385	0.00128	0.00601	0.00300	0.00173	0.00604
9	0.00500	0.00357	0.00476	0.00572	0.00595	0.00333	0.00381	0.00572	0.00786	0.01048	0.02262	0.85306	0.02715	0.01286	0.00524	0.00167	0.00238	0.01167	0.00381	0.00333
10	0.01122	0.81040	0.02095	0.00723	0.01066	0.06316	0.00708	0.01253	0.00853	0.00968	0.00574	0.00663	0.00527	0.00355	0.00269	0.00089	0.00456	0.00222	0.00178	0.00524
11	0.23372	0.00746	0.01069	0.62931	0.02303	0.00914	0.00961	0.01089	0.00789	0.01253	0.00689	0.00984	0.00521	0.00403	0.00370	0.00134	0.00488	0.00328	0.00201	0.00453
12	0.01519	0.01117	0.01198	0.00923	0.01237	0.01235	0.00757	0.78132	0.01872	0.02509	0.00999	0.01059	0.00733	0.04180	0.00483	0.00135	0.00449	0.00379	0.00404	0.00679
13	0.00969	0.01107	0.02422	0.01730	0.02145	0.01038	0.81522	0.01315	0.00969	0.01315	0.00830	0.01107	0.00623	0.00346	0.00484	0.00138	0.00692	0.00484	0.00208	0.00554
14	0.00969	0.01107	0.02422	0.01730	0.02145	0.01038	0.81522	0.01315	0.00969	0.01315	0.00830	0.01107	0.00623	0.00346	0.00484	0.00138	0.00692	0.00484	0.00208	0.00554
15	0.00895	0.00902	0.01335	0.02852	0.01190	0.01218	0.07133	0.01009	0.00660	0.01014	0.00577	0.00933	0.00555	0.00731	0.02919	0.00185	0.74885	0.00371	0.00183	0.00456
16	0.01243	0.48059	0.01715	0.00864	0.01135	0.32085	0.00751	0.01362	0.00940	0.00982	0.00592	0.00708	0.00528	0.00407	0.00388	0.00102	0.07201	0.00247	0.00189	0.00502
17	0.00593	0.00396	0.00449	0.00452	0.00453	0.00396	0.00254	0.00596	0.00604	0.00805	0.01330	0.05768	0.01538	0.82430	0.02031	0.00389	0.00392	0.00618	0.00254	0.00252
18	0.00500	0.00357	0.00476	0.00572	0.00595	0.00333	0.00381	0.00572	0.00786	0.01048	0.02262	0.85306	0.02715	0.01286	0.00524	0.00167	0.00238	0.01167	0.00381	0.00333
19	0.00586	0.00440	0.00660	0.00660	0.00733	0.00513	0.00513	0.00733	0.00660	0.00953	0.01100	0.01613	0.01026	0.03079	0.83947	0.00660	0.01100	0.00440	0.00220	0.00367
20	0.00851	0.00730	0.00851	0.00608	0.00973	0.00547	0.00486	0.01034	0.00851	0.01338	0.00730	0.00851	0.00608	0.00304	0.00304	0.00061	0.00304	0.00243	0.00243	0.88083
21	0.00500	0.00357	0.00476	0.00572	0.00595	0.00333	0.00381	0.00572	0.00786	0.01048	0.02262	0.85306	0.02715	0.01286	0.00524	0.00167	0.00238	0.01167	0.00381	0.00333
22	0.00500	0.00357	0.00476	0.00572	0.00595	0.00333	0.00381	0.00572	0.00786	0.01048	0.02262	0.85306	0.02715	0.01286	0.00524	0.00167	0.00238	0.01167	0.00381	0.00333
23	0.00597	0.00398	0.00448	0.00448	0.00448	0.00398	0.00249	0.00597	0.00597	0.00796	0.01293	0.02686	0.01492	0.85574	0.02089	0.00398	0.00398	0.00597	0.00249	0.00249
24	0.00775	0.00730	0.01231	0.84587	0.02827	0.00912	0.01140	0.01049	0.00821	0.01049	0.00730	0.01094	0.00547	0.00410	0.00410	0.00137	0.00547	0.00365	0.00182	0.00456
25	0.00823	0.02123	0.83447	0.01170	0.01777	0.00953	0.01517	0.01300	0.00867	0.01300	0.00737	0.00867	0.00520	0.00390	0.00390	0.00130	0.00607	0.00303	0.00173	0.00607
26	0.00626	0.00469	0.00683	0.00671	0.00755	0.00544	0.00524	0.04059	0.00712	0.01020	0.01095	0.01587	0.01013	0.02972	0.80513	0.00638	0.01073	0.00437	0.00228	0.00380
27	0.00485	0.00416	0.00416	0.00416	0.00554	0.00347	0.00312	0.00589	0.00936	0.01109	0.04158	0.03950	0.82847	0.01040	0.00485	0.00139	0.00208	0.00866	0.00381	0.00347
28	0.00586	0.00440	0.00660	0.00660	0.00733	0.00513	0.00513	0.00733	0.00660	0.00953	0.01100	0.01613	0.01026	0.03079	0.83947	0.00660	0.01100	0.00440	0.00220	0.00367
29	0.01536	0.00660	0.00874	0.00698	0.00967	0.00596	0.00566	0.01782	0.07718	0.61206	0.17041	0.01725	0.01578	0.00575	0.00427	0.00128	0.00318	0.00480	0.00490	0.00636
30	0.00500	0.00357	0.00476	0.00572	0.00595	0.00333	0.00381	0.00572	0.00786	0.01048	0.02262	0.85306	0.02715	0.01286	0.00524	0.00167	0.00238	0.01167	0.00381	0.00333
31	0.01820	0.00703	0.00952	0.00733	0.01048	0.00615	0.00605	0.02005	0.03351	0.81109	0.01621	0.01401	0.01022	0.00509	0.00413	0.00127	0.00349	0.00414	0.00506	0.00697
32	0.00914	0.12275	0.01440	0.01058	0.01142	0.01250	0.07334	0.01033	0.00685	0.01009	0.00596	0.00920	0.00569	0.00762	0.05444	0.00189	0.62376	0.00355	0.00183	0.00464

[dist]
# distance from previous block
# <min> <max>
2	7

[block]
# block no. 1 follows, 65 sequences, length 27
# corresponding to MSA columns:
# 40-66
name=unknown_B
#
# <colnr> <probs for GDERKNQSTAVLIFYWHMCP>
#	G	D	E	R	K	N	Q	S	T	A	V	L	I	F	Y	W	H	M	C	P
0	0.02500	0.00856	0.01234	0.61257	0.05257	0.03157	0.01051	0.17250	0.01054	0.01381	0.00777	0.01053	0.00579	0.00425	0.00407	0.00133	0.00527	0.00361	0.00231	0.00512
1	0.01494	0.01096	0.01182	0.00918	0.01225	0.01210	0.00752	0.76138	0.01845	0.02473	0.01028	0.04331	0.00778	0.00551	0.00449	0.02615	0.00441	0.00401	0.00403	0.00669
2	0.00924	0.00730	0.00903	0.14590	0.01291	0.00820	0.00730	0.04056	0.37447	0.05419	0.01678	0.02378	0.02730	0.00704	0.00461	0.00152	0.00380	0.23698	0.00371	0.00538
3	0.00528	0.00426	0.00469	0.00485	0.00606	0.00374	0.00377	0.00647	0.00932	0.01143	0.07580	0.03970	0.60289	0.05108	0.00577	0.00160	0.00247	0.15357	0.00378	0.00350
4	0.01418	0.01046	0.01140	0.00870	0.01199	0.01105	0.00714	0.63303	0.01691	0.04440	0.00981	0.02652	0.00730	0.00475	0.00394	0.00113	0.00418	0.00364	0.00382	0.16565
5	0.00500	0.00357	0.00476	0.00572	0.00595	0.00333	0.00381	0.00572	0.00786	0.01048	0.02262	0.85306	0.02715	0.01286	0.00524	0.00167	0.00238	0.01167	0.00381	0.00333
6	0.00845	0.01992	0.73925	0.01309	0.09358	0.00957	0.03368	0.01297	0.00875	0.01304	0.00742	0.00886	0.00535	0.00387	0.00394	0.00129	0.00598	0.00313	0.00177	0.00609
7	0.16013	0.01642	0.01073	0.00990	0.03327	0.59863	0.00737	0.06484	0.02699	0.01275	0.01968	0.00802	0.00595	0.00428	0.00357	0.00112	0.00629	0.00278	0.00238	0.00491
8	0.72294	0.00732	0.00608	0.02403	0.00810	0.00834	0.00451	0.01133	0.00776	0.01792	0.13888	0.01065	0.01002	0.00456	0.00295	0.00128	0.00303	0.00310	0.00284	0.00436
9	0.63152	0.03755	0.00670	0.00554	0.00770	0.00864	0.00439	0.05507	0.00760	0.02984	0.00743	0.01065	0.00662	0.15960	0.00601	0.00175	0.00344	0.00302	0.00263	0.00430
10	0.00617	0.00453	0.00658	0.00652	0.00732	0.00523	0.00507	0.02532	0.00698	0.01019	0.01109	0.01595	0.01020	0.02888	0.77800	0.00619	0.01038	0.00435	0.04730	0.00375
11	0.01052	0.70565	0.10552	0.00757	0.01117	0.03442	0.00780	0.01220	0.00836	0.01001	0.00618	0.00733	0.00553	0.00501	0.04706	0.00123	0.00499	0.00241	0.00179	0.00525
12	0.01533	0.01956	0.01163	0.01058	0.01269	0.83926	0.00793	0.01639	0.01163	0.01005	0.00635	0.00740	0.00529	0.00423	0.00370	0.00106	0.00740	0.00264	0.00212	0.00476
13	0.01016	0.00975	0.01666	0.02520	0.83013	0.00975	0.01260	0.01260	0.00935	0.01341	0.00772	0.01016	0.00650	0.00366	0.00406	0.00122	0.00488	0.00366	0.00203	0.00650
14	0.01463	0.01076	0.01162	0.00903	0.01202	0.01190	0.00738	0.73519	0.01799	0.02414	0.01008	0.01112	0.00759	0.05627	0.03954	0.00162	0.00475	0.00386	0.00393	0.00658
15	0.01560	0.01150	0.01232	0.00944	0.01273	0.01273	0.00780	0.81645	0.01930	0.02587	0.00986	0.00986	0.00698	0.00493	0.00411	0.00123	0.00452	0.00370	0.00411	0.00698
16	0.01560	0.01150	0.01232	0.00944	0.01273	0.01273	0.00780	0.81645	0.01930	0.02587	0.00986	0.00986	0.00698	0.00493	0.00411	0.00123	0.00452	0.00370	0.00411	0.00698
17	0.00500	0.00357	0.00476	0.00572	0.00595	0.00333	0.00381	0.00572	0.00786	0.01048	0.02262	0.85306	0.02715	0.01286	0.00524	0.00167	0.00238	0.01167	0.00381	0.00333
18	0.01542	0.01172	0.01229	0.02797	0.01307	0.04446	0.00789	0.76784	0.01876	0.02492	0.00966	0.00978	0.00688	0.00488	0.00409	0.00123	0.00465	0.00365	0.00398	0.00684
19	0.04758	0.00440	0.00557	0.00529	0.00633	0.00417	0.00403	0.00799	0.01129	0.01635	0.75002	0.03028	0.03637	0.00832	0.00477	0.00132	0.00208	0.04554	0.00439	0.00390
20	0.01016	0.00975	0.01666	0.02520	0.83013	0.00975	0.01260	0.01260	0.00935	0.01341	0.00772	0.01016	0.00650	0.00366	0.00406	0.00122	0.00488	0.00366	0.00203	0.00650
21	0.04391	0.00732	0.01205	0.81122	0.02743	0.00912	0.01111	0.01055	0.00816	0.01081	0.00723	0.01077	0.00543	0.00409	0.00404	0.00136	0.00538	0.00359	0.00185	0.00456
22	0.00500	0.00357	0.00476	0.00572	0.00595	0.00333	0.00381	0.00572	0.00786	0.01048	0.02262	0.85306	0.02715	0.01286	0.00524	0.00167	0.00238	0.01167	0.00381	0.00333
23	0.00537	0.00451	0.00455	0.00441	0.00589	0.00391	0.00334	0.04500	0.00984	0.01180	0.04005	0.03807	0.78883	0.01013	0.00482	0.00138	0.00220	0.00842	0.00383	0.00363
24	0.01085	0.00894	0.00943	0.00818	0.01061	0.01009	0.00645	0.19152	0.56992	0.01845	0.01767	0.01651	0.09123	0.00590	0.00423	0.00136	0.00341	0.00483	0.00413	0.00630
25	0.00735	0.00675	0.01120	0.72224	0.02499	0.00827	0.01028	0.00979	0.00816	0.01049	0.00955	0.13487	0.00866	0.00539	0.00427	0.00141	0.00502	0.00483	0.00212	0.00438
26	0.00683	0.00519	0.00657	0.00711	0.00817	0.00536	0.00577	0.01021	0.15838	0.01284	0.04201	0.21742	0.05372	0.01050	0.00525	0.00172	0.00326	0.43163	0.00388	0.00417

[dist]
# distance from previous block
# <min> <max>
1	7

[block]
# block no. 2 follows, 65 sequences, length 6
# corresponding to MSA columns:
# 77-82
name=unknown_C
#
# <colnr> <probs for GDERKNQSTAVLIFYWHMCP>
#	G	D	E	R	K	N	Q	S	T	A	V	L	I	F	Y	W	H	M	C	P
0	0.00957	0.01069	0.02246	0.01616	0.02001	0.01021	0.71063	0.01275	0.00939	0.01295	0.00805	0.01077	0.00616	0.00368	0.00530	0.00136	0.06203	0.00461	0.00208	0.06114
1	0.00856	0.00851	0.01522	0.37832	0.02163	0.00865	0.26766	0.01130	0.00876	0.01204	0.00762	0.01040	0.00586	0.00364	0.00409	0.00119	0.00535	0.00374	0.00205	0.21542
2	0.00487	0.00409	0.00423	0.00434	0.00559	0.00345	0.00320	0.00587	0.00918	0.01102	0.03940	0.13339	0.73600	0.01068	0.00490	0.00142	0.00211	0.00901	0.00381	0.00345
3	0.01087	0.01223	0.01199	0.01030	0.01171	0.31114	0.06752	0.01216	0.00867	0.01036	0.00686	0.00954	0.00615	0.00890	0.12516	0.00210	0.30858	0.00338	0.00203	0.06038
4	0.00500	0.00357	0.00476	0.00572	0.00595	0.00333	0.00381	0.00572	0.00786	0.01048	0.02262	0.85306	0.02715	0.01286	0.00524	0.00167	0.00238	0.01167	0.00381	0.00333
5	0.01558	0.01226	0.01225	0.00955	0.01273	0.09048	0.00781	0.74119	0.01858	0.02438	0.00953	0.00962	0.00682	0.00486	0.00407	0.00122	0.00479	0.00360	0.00392	0.00677

[dist]
# distance from previous block
# <min> <max>
0	2

[block]
# block no. 3 follows, 65 sequences, length 10
# corresponding to MSA columns:
# 85-94
name=unknown_D
#
# <colnr> <probs for GDERKNQSTAVLIFYWHMCP>
#	G	D	E	R	K	N	Q	S	T	A	V	L	I	F	Y	W	H	M	C	P
0	0.00485	0.00416	0.00416	0.00416	0.00554	0.00347	0.00312	0.00589	0.00936	0.01109	0.04158	0.03950	0.82847	0.01040	0.00485	0.00139	0.00208	0.00866	0.00381	0.00347
1	0.01194	0.00732	0.00889	0.00741	0.00947	0.00773	0.00587	0.28525	0.01211	0.19560	0.03511	0.01528	0.01051	0.11940	0.24563	0.00312	0.00601	0.00438	0.00358	0.00538
2	0.01445	0.00689	0.00873	0.00709	0.00963	0.00654	0.00566	0.04744	0.14503	0.50522	0.13129	0.01715	0.01477	0.05452	0.00520	0.00145	0.00330	0.00477	0.00467	0.00620
3	0.01415	0.01732	0.01278	0.01391	0.19931	0.64988	0.00900	0.01553	0.01111	0.01081	0.00666	0.00803	0.00556	0.00410	0.00378	0.00109	0.00683	0.00288	0.00210	0.00516
4	0.05464	0.73266	0.01929	0.00690	0.01009	0.01481	0.00671	0.01180	0.00810	0.01009	0.00622	0.00751	0.00571	0.00616	0.08357	0.00145	0.00497	0.00241	0.00184	0.00507
5	0.01466	0.01081	0.01177	0.00917	0.01221	0.01199	0.00754	0.73819	0.01807	0.02429	0.00997	0.01046	0.00730	0.00743	0.08490	0.00175	0.00514	0.00376	0.00392	0.00666
6	0.01498	0.01890	0.01197	0.01157	0.06813	0.78300	0.00825	0.01613	0.01148	0.01027	0.00644	0.00759	0.00537	0.00419	0.00373	0.00107	0.00723	0.00271	0.00211	0.00488
7	0.00934	0.00982	0.01894	0.01409	0.05169	0.00880	0.52563	0.01224	0.00930	0.01323	0.00796	0.01023	0.00619	0.00334	0.00424	0.00113	0.00561	0.00403	0.00219	0.28200
8	0.01533	0.01956	0.01163	0.01058	0.01269	0.83926	0.00793	0.01639	0.01163	0.01005	0.00635	0.00740	0.00529	0.00423	0.00370	0.00106	0.00740	0.00264	0.00212	0.00476
9	0.00932	0.00957	0.01750	0.01484	0.14242	0.00924	0.38712	0.01213	0.02943	0.01294	0.00826	0.03143	0.00684	0.00407	0.00520	0.00124	0.09191	0.00416	0.00222	0.20018

[dist]
# distance from previous block
# <min> <max>
0	2

[block]
# block no. 4 follows, 65 sequences, length 6
# corresponding to MSA columns:
# 97-102
name=unknown_E
#
# <colnr> <probs for GDERKNQSTAVLIFYWHMCP>
#	G	D	E	R	K	N	Q	S	T	A	V	L	I	F	Y	W	H	M	C	P
0	0.00554	0.00394	0.00446	0.00464	0.00499	0.00374	0.00288	0.00590	0.00708	0.00913	0.02112	0.18628	0.19751	0.50865	0.01437	0.00297	0.00326	0.00765	0.00303	0.00286
1	0.00632	0.00464	0.00505	0.00487	0.00565	0.00449	0.00325	0.07410	0.00840	0.01073	0.02328	0.08892	0.29649	0.43151	0.01281	0.00269	0.00325	0.00712	0.00318	0.00326
2	0.78141	0.00782	0.00645	0.00563	0.00824	0.00883	0.00463	0.01301	0.00755	0.11556	0.00697	0.00754	0.00513	0.00396	0.00273	0.00127	0.00321	0.00245	0.00284	0.00475
3	0.00898	0.00898	0.01257	0.01078	0.01078	0.01257	0.00898	0.00988	0.00629	0.00988	0.00539	0.00898	0.00539	0.00718	0.01347	0.00180	0.84823	0.00359	0.00180	0.00449
4	0.01533	0.01956	0.01163	0.01058	0.01269	0.83926	0.00793	0.01639	0.01163	0.01005	0.00635	0.00740	0.00529	0.00423	0.00370	0.00106	0.00740	0.00264	0.00212	0.00476
5	0.01335	0.01574	0.01175	0.01215	0.13227	0.56670	0.00825	0.05508	0.01103	0.01127	0.00733	0.00907	0.00620	0.00764	0.11273	0.00181	0.00735	0.00307	0.00221	0.00498

[dist]
# distance from previous block
# <min> <max>
0	2

[block]
# block no. 5 follows, 65 sequences, length 27
# corresponding to MSA columns:
# 105-131
name=unknown_F
#
# <colnr> <probs for GDERKNQSTAVLIFYWHMCP>
#	G	D	E	R	K	N	Q	S	T	A	V	L	I	F	Y	W	H	M	C	P
0	0.00617	0.05611	0.00750	0.00662	0.00752	0.00580	0.00525	0.00763	0.00670	0.00954	0.01067	0.01555	0.00996	0.02913	0.78879	0.00625	0.01059	0.00426	0.00217	0.00376
1	0.01483	0.01091	0.01176	0.00913	0.01217	0.01206	0.00747	0.75370	0.01832	0.02457	0.01027	0.02916	0.00778	0.03733	0.01988	0.00144	0.00457	0.00397	0.00400	0.00667
2	0.00965	0.01135	0.04670	0.01715	0.02135	0.01036	0.79303	0.01314	0.00966	0.01314	0.00828	0.01101	0.00620	0.00347	0.00482	0.00138	0.00690	0.00479	0.00207	0.00555
3	0.00597	0.00473	0.00555	0.00589	0.00715	0.00447	0.00483	0.00812	0.06722	0.01202	0.03148	0.04064	0.43233	0.01045	0.00515	0.00160	0.00288	0.34188	0.00382	0.00381
4	0.00488	0.00406	0.00426	0.00443	0.00562	0.00344	0.00324	0.00586	0.00910	0.01098	0.03828	0.18129	0.68882	0.01083	0.00492	0.00144	0.00213	0.00919	0.00381	0.00344
5	0.01509	0.01111	0.01195	0.00926	0.01240	0.01227	0.00761	0.77684	0.01874	0.02512	0.01048	0.05105	0.00797	0.00532	0.00416	0.00125	0.00441	0.00409	0.00409	0.00680
6	0.00823	0.02123	0.83447	0.01170	0.01777	0.00953	0.01517	0.01300	0.00867	0.01300	0.00737	0.00867	0.00520	0.00390	0.00390	0.00130	0.00607	0.00303	0.00173	0.00607
7	0.49688	0.00629	0.00579	0.00529	0.00714	0.00685	0.00419	0.01016	0.00903	0.01755	0.36856	0.01726	0.01958	0.00583	0.00356	0.00128	0.00263	0.00452	0.00341	0.00419
8	0.00597	0.00398	0.00448	0.00448	0.00448	0.00398	0.00249	0.00597	0.00597	0.00796	0.01293	0.02686	0.01492	0.85574	0.02089	0.00398	0.00398	0.00597	0.00249	0.00249
9	0.04092	0.00749	0.00963	0.00744	0.01052	0.00692	0.00613	0.12621	0.01263	0.66629	0.05110	0.01396	0.01085	0.00517	0.00411	0.00127	0.00355	0.00416	0.00486	0.00678
10	0.00874	0.00484	0.00642	0.00566	0.00714	0.00437	0.00437	0.01059	0.01165	0.20600	0.63953	0.02679	0.03210	0.00762	0.00468	0.00129	0.00230	0.00666	0.00465	0.00460
11	0.00518	0.00417	0.00461	0.00450	0.00575	0.00360	0.00338	0.00652	0.01013	0.01292	0.30987	0.03649	0.55904	0.00971	0.00485	0.00135	0.00203	0.00824	0.00405	0.00360
12	0.02481	0.00425	0.00547	0.00519	0.00616	0.00396	0.00388	0.00775	0.01135	0.01624	0.77441	0.06665	0.03747	0.00849	0.00481	0.00131	0.00198	0.00750	0.00444	0.00386
13	0.00823	0.02123	0.83447	0.01170	0.01777	0.00953	0.01517	0.01300	0.00867	0.01300	0.00737	0.00867	0.00520	0.00390	0.00390	0.00130	0.00607	0.00303	0.00173	0.00607
14	0.00485	0.00416	0.00416	0.00416	0.00554	0.00347	0.00312	0.00589	0.00936	0.01109	0.04158	0.03950	0.82847	0.01040	0.00485	0.00139	0.00208	0.00866	0.00381	0.00347
15	0.00875	0.00739	0.00892	0.00651	0.01003	0.00579	0.02723	0.01102	0.04474	0.03003	0.00823	0.02605	0.00688	0.00340	0.00321	0.00070	0.00315	0.00282	0.00258	0.78258
16	0.00592	0.00396	0.00449	0.00454	0.00455	0.00395	0.00256	0.00596	0.00607	0.00809	0.01345	0.07046	0.01557	0.81126	0.02007	0.00386	0.00390	0.00627	0.00256	0.00253
17	0.01555	0.01106	0.01197	0.00920	0.01241	0.01213	0.00758	0.75050	0.01855	0.07356	0.01030	0.01049	0.00735	0.02433	0.00449	0.00130	0.00444	0.00377	0.00413	0.00688
18	0.00538	0.00398	0.00517	0.00576	0.00637	0.00357	0.00393	0.00622	0.00793	0.01079	0.02095	0.76097	0.02485	0.01179	0.00500	0.00155	0.00245	0.01066	0.00366	0.09901
19	0.13147	0.00770	0.02523	0.65109	0.02426	0.00905	0.04854	0.01085	0.00812	0.01191	0.00729	0.01043	0.00550	0.00405	0.00388	0.00134	0.00513	0.00350	0.02605	0.00459
20	0.00509	0.00361	0.00474	0.00561	0.00582	0.00339	0.00369	0.00574	0.00769	0.01026	0.02177	0.78018	0.02607	0.08721	0.00662	0.00187	0.00252	0.01117	0.00369	0.00326
21	0.00606	0.00424	0.00556	0.00522	0.00622	0.00391	0.00392	0.00797	0.01154	0.03401	0.79202	0.04905	0.03785	0.00842	0.00484	0.00130	0.00198	0.00745	0.00451	0.00393
22	0.01748	0.00849	0.01046	0.00802	0.01123	0.00826	0.00662	0.28540	0.01427	0.56402	0.01408	0.01260	0.00910	0.00503	0.00412	0.00126	0.00383	0.00398	0.00476	0.00698
23	0.00749	0.00518	0.00577	0.00531	0.00585	0.00539	0.00339	0.13444	0.00810	0.01083	0.01240	0.02392	0.01356	0.70212	0.03687	0.00360	0.00422	0.00557	0.00274	0.00323
24	0.00500	0.00357	0.00476	0.00572	0.00595	0.00333	0.00381	0.00572	0.00786	0.01048	0.02262	0.85306	0.02715	0.01286	0.00524	0.00167	0.00238	0.01167	0.00381	0.00333
25	0.03819	0.02054	0.78676	0.01162	0.01752	0.00954	0.03399	0.01297	0.00863	0.01319	0.00733	0.00866	0.00520	0.00389	0.00388	0.00130	0.00599	0.00305	0.00177	0.00600
26	0.86042	0.00831	0.02901	0.00557	0.00821	0.00922	0.00474	0.01209	0.00703	0.01827	0.00576	0.00672	0.00447	0.00381	0.00258	0.00127	0.00326	0.00225	0.00252	0.00449

[dist]
# distance from previous block
# <min> <max>
0	4

[block]
# block no. 6 follows, 65 sequences, length 67
# corresponding to MSA columns:
# 136-202
name=unknown_G
#
# <colnr> <probs for GDERKNQSTAVLIFYWHMCP>
#	G	D	E	R	K	N	Q	S	T	A	V	L	I	F	Y	W	H	M	C	P
0	0.01023	0.00995	0.01679	0.02473	0.79381	0.02335	0.03530	0.01268	0.00939	0.01335	0.00772	0.01014	0.00647	0.00366	0.00408	0.00122	0.00498	0.00367	0.00203	0.00645
1	0.00853	0.05228	0.77537	0.01171	0.03293	0.00974	0.01467	0.01307	0.00872	0.02567	0.00745	0.00870	0.00530	0.00390	0.00386	0.00128	0.00594	0.00303	0.00179	0.00606
2	0.00567	0.00467	0.00511	0.00542	0.00661	0.02440	0.00431	0.00692	0.00930	0.01133	0.03325	0.08122	0.51096	0.02750	0.00541	0.00159	0.00277	0.24625	0.00373	0.00357
3	0.01302	0.01422	0.42421	0.00953	0.01413	0.00793	0.01063	0.03638	0.01039	0.38702	0.02493	0.01148	0.00806	0.00454	0.00402	0.00128	0.00479	0.00362	0.00336	0.00647
4	0.01016	0.00975	0.01666	0.02520	0.83013	0.00975	0.01260	0.01260	0.00935	0.01341	0.00772	0.01016	0.00650	0.00366	0.00406	0.00122	0.00488	0.00366	0.00203	0.00650
5	0.01541	0.01134	0.01216	0.00934	0.01256	0.01255	0.00769	0.79981	0.01903	0.02550	0.00992	0.01020	0.00714	0.02240	0.00445	0.00129	0.00451	0.00374	0.00407	0.00689
6	0.00858	0.00834	0.01272	0.01025	0.01174	0.00977	0.13158	0.01014	0.00731	0.01106	0.00698	0.01016	0.00631	0.00890	0.12011	0.00213	0.43178	0.00365	0.00202	0.18647
7	0.01533	0.01956	0.01163	0.01058	0.01269	0.83926	0.00793	0.01639	0.01163	0.01005	0.00635	0.00740	0.00529	0.00423	0.00370	0.00106	0.00740	0.00264	0.00212	0.00476
8	0.00620	0.00421	0.00481	0.00483	0.00498	0.00422	0.00286	0.03642	0.00672	0.00897	0.01411	0.13638	0.01625	0.71135	0.01817	0.00357	0.00379	0.00664	0.00272	0.00277
9	0.00969	0.01107	0.02422	0.01730	0.02145	0.01038	0.81522	0.01315	0.00969	0.01315	0.00830	0.01107	0.00623	0.00346	0.00484	0.00138	0.00692	0.00484	0.00208	0.00554
10	0.01560	0.01150	0.01232	0.00944	0.01273	0.01273	0.00780	0.81645	0.01930	0.02587	0.00986	0.00986	0.00698	0.00493	0.00411	0.00123	0.00452	0.00370	0.00411	0.00698
11	0.00485	0.00416	0.00416	0.00416	0.00554	0.00347	0.00312	0.00589	0.00936	0.01109	0.04158	0.03950	0.82847	0.01040	0.00485	0.00139	0.00208	0.00866	0.00381	0.00347
12	0.00907	0.04855	0.01299	0.01060	0.01077	0.01274	0.00889	0.00999	0.00638	0.00987	0.00540	0.00887	0.00538	0.00701	0.01297	0.00175	0.80891	0.00353	0.00179	0.00453
13	0.01560	0.01150	0.01232	0.00944	0.01273	0.01273	0.00780	0.81645	0.01930	0.02587	0.00986	0.00986	0.00698	0.00493	0.00411	0.00123	0.00452	0.00370	0.00411	0.00698
14	0.00485	0.00416	0.00416	0.00416	0.00554	0.00347	0.00312	0.00589	0.00936	0.01109	0.04158	0.03950	0.82847	0.01040	0.00485	0.00139	0.00208	0.00866	0.00381	0.00347
15	0.00597	0.00398	0.00448	0.00448	0.00448	0.00398	0.00249	0.00597	0.00597	0.00796	0.01293	0.02686	0.01492	0.85574	0.02089	0.00398	0.00398	0.00597	0.00249	0.00249
16	0.00851	0.00730	0.00851	0.00608	0.00973	0.00547	0.00486	0.01034	0.00851	0.01338	0.00730	0.00851	0.00608	0.00304	0.00304	0.00061	0.00304	0.00243	0.00243	0.88083
17	0.00597	0.00398	0.00448	0.00448	0.00448	0.00398	0.00249	0.00597	0.00597	0.00796	0.01293	0.02686	0.01492	0.85574	0.02089	0.00398	0.00398	0.00597	0.00249	0.00249
18	0.00604	0.00395	0.00445	0.00448	0.00455	0.00394	0.00256	0.00618	0.00621	0.00852	0.01334	0.05828	0.01512	0.76977	0.01916	0.00370	0.00379	0.00606	0.05729	0.00260
19	0.00823	0.02123	0.83447	0.01170	0.01777	0.00953	0.01517	0.01300	0.00867	0.01300	0.00737	0.00867	0.00520	0.00390	0.00390	0.00130	0.00607	0.00303	0.00173	0.00607
20	0.01175	0.70950	0.01976	0.00765	0.01092	0.16218	0.00718	0.01302	0.00892	0.00973	0.00582	0.00673	0.00527	0.00364	0.00282	0.00091	0.00492	0.00227	0.00182	0.00518
21	0.01171	0.01269	0.01516	0.02082	0.58543	0.25807	0.01120	0.01373	0.01003	0.01240	0.00731	0.00933	0.00614	0.00383	0.00396	0.00117	0.00563	0.00335	0.00206	0.00598
22	0.00567	0.00385	0.00456	0.00486	0.00493	0.00378	0.00289	0.00589	0.00655	0.00873	0.01591	0.28057	0.01868	0.59691	0.01609	0.00327	0.00349	0.00772	0.00289	0.00275
23	0.01537	0.01132	0.01215	0.00936	0.01258	0.01252	0.00771	0.79873	0.01905	0.02553	0.01013	0.02828	0.00742	0.00510	0.00413	0.00124	0.00447	0.00387	0.00410	0.00690
24	0.00888	0.00884	0.01244	0.03123	0.01113	0.01233	0.00896	0.00984	0.00634	0.00989	0.00556	0.00918	0.00549	0.00761	0.03089	0.00189	0.80961	0.00361	0.00181	0.00447
25	0.00500	0.00357	0.00476	0.00572	0.00595	0.00333	0.00381	0.00572	0.00786	0.01048	0.02262	0.85306	0.02715	0.01286	0.00524	0.00167	0.00238	0.01167	0.00381	0.00333
26	0.01418	0.01765	0.01179	0.02857	0.01273	0.69259	0.00817	0.01525	0.01073	0.01003	0.00622	0.00772	0.00531	0.00469	0.00523	0.00118	0.13838	0.00281	0.00206	0.00471
27	0.00586	0.00440	0.00660	0.00660	0.00733	0.00513	0.00513	0.00733	0.00660	0.00953	0.01100	0.01613	0.01026	0.03079	0.83947	0.00660	0.01100	0.00440	0.00220	0.00367
28	0.00584	0.00420	0.00547	0.00519	0.00611	0.00390	0.00388	0.00768	0.01128	0.01593	0.76640	0.03089	0.03716	0.05036	0.00566	0.00144	0.00209	0.02833	0.00440	0.00380
29	0.00500	0.00357	0.00476	0.00572	0.00595	0.00333	0.00381	0.00572	0.00786	0.01048	0.02262	0.85306	0.02715	0.01286	0.00524	0.00167	0.00238	0.01167	0.00381	0.00333
30	0.01084	0.81783	0.06073	0.00725	0.01088	0.01592	0.00742	0.01233	0.00836	0.00982	0.00579	0.00669	0.00526	0.00353	0.00269	0.00090	0.00447	0.00224	0.00175	0.00531
31	0.03883	0.00431	0.00547	0.00520	0.00619	0.00405	0.00389	0.00781	0.01126	0.01624	0.75722	0.07042	0.03687	0.00844	0.00477	0.00131	0.00201	0.00744	0.00441	0.00387
32	0.00558	0.00433	0.00623	0.15948	0.01012	0.00444	0.00522	0.00669	0.00794	0.01054	0.01949	0.68079	0.02273	0.01105	0.00498	0.00159	0.00296	0.01000	0.00342	0.02243
33	0.00485	0.00416	0.00416	0.00416	0.00554	0.00347	0.00312	0.00589	0.00936	0.01109	0.04158	0.03950	0.82847	0.01040	0.00485	0.00139	0.00208	0.00866	0.00381	0.00347
34	0.00851	0.00730	0.00851	0.00608	0.00973	0.00547	0.00486	0.01034	0.00851	0.01338	0.00730	0.00851	0.00608	0.00304	0.00304	0.00061	0.00304	0.00243	0.00243	0.88083
35	0.00789	0.00735	0.01040	0.00921	0.00956	0.00982	0.00754	0.00901	0.00645	0.00984	0.00738	0.01144	0.00709	0.01526	0.29937	0.00343	0.53719	0.00384	0.00195	0.02596
36	0.00841	0.00719	0.00844	0.00610	0.00964	0.00546	0.00487	0.01022	0.00844	0.01323	0.00744	0.00880	0.00624	0.00408	0.03450	0.00083	0.00334	0.00251	0.00242	0.84784
37	0.00485	0.00416	0.00416	0.00416	0.00554	0.00347	0.00312	0.00589	0.00936	0.01109	0.04158	0.03950	0.82847	0.01040	0.00485	0.00139	0.00208	0.00866	0.00381	0.00347
38	0.00797	0.00615	0.00913	0.48813	0.01864	0.00731	0.00804	0.03389	0.00865	0.01274	0.00962	0.01251	0.00741	0.00445	0.00383	0.00122	0.02135	0.00372	0.33090	0.00435
39	0.00932	0.00778	0.00895	0.00647	0.01007	0.00630	0.00520	0.10271	0.00975	0.01481	0.00759	0.00867	0.00618	0.00326	0.00316	0.00068	0.00321	0.00258	0.00262	0.78069
40	0.00823	0.02123	0.83447	0.01170	0.01777	0.00953	0.01517	0.01300	0.00867	0.01300	0.00737	0.00867	0.00520	0.00390	0.00390	0.00130	0.00607	0.00303	0.00173	0.00607
41	0.00493	0.00418	0.00427	0.00431	0.00568	0.00352	0.00327	0.00601	0.00936	0.01114	0.04070	0.03981	0.79273	0.01044	0.00489	0.00141	0.00215	0.04391	0.00381	0.00348
42	0.00502	0.00359	0.00478	0.00570	0.00596	0.00335	0.00381	0.00577	0.00796	0.01064	0.04387	0.83136	0.02745	0.01274	0.00523	0.00166	0.00237	0.01156	0.00383	0.00335
43	0.00581	0.00420	0.00549	0.00516	0.00613	0.00387	0.00387	0.00775	0.01162	0.01646	0.82797	0.03066	0.03873	0.00839	0.00484	0.00129	0.00194	0.00742	0.00452	0.00387
44	0.00935	0.01040	0.02211	0.16423	0.02266	0.01016	0.67269	0.01268	0.00943	0.01268	0.00813	0.01105	0.00609	0.00357	0.00471	0.00138	0.00666	0.00463	0.00203	0.00536
45	0.00946	0.00766	0.00852	0.02783	0.01020	0.00787	0.00576	0.01644	0.44651	0.05926	0.01666	0.04723	0.08833	0.00560	0.00399	0.00120	0.00312	0.00468	0.00368	0.22602
46	0.00529	0.00369	0.00468	0.00534	0.00551	0.00353	0.00341	0.00579	0.00729	0.00972	0.01972	0.60573	0.02349	0.26518	0.00993	0.00236	0.00286	0.00996	0.00341	0.00308
47	0.00775	0.00730	0.01231	0.84587	0.02827	0.00912	0.01140	0.01049	0.00821	0.01049	0.00730	0.01094	0.00547	0.00410	0.00410	0.00137	0.00547	0.00365	0.00182	0.00456
48	0.00666	0.07971	0.08770	0.00693	0.00843	0.00642	0.00610	0.00847	0.00709	0.01029	0.01036	0.01452	0.00936	0.02398	0.62670	0.00519	0.00930	0.00404	0.06470	0.00405
49	0.00713	0.00357	0.00535	0.00535	0.00535	0.00357	0.00357	0.00535	0.00535	0.00713	0.00713	0.01248	0.00713	0.01426	0.01604	0.88057	0.00357	0.00357	0.00178	0.00178
50	0.00577	0.00419	0.00543	0.00512	0.00611	0.00386	0.00384	0.00767	0.01153	0.01625	0.79676	0.03101	0.07007	0.00847	0.00484	0.00129	0.00194	0.00747	0.00449	0.00386
51	0.01016	0.00975	0.01666	0.02520	0.83013	0.00975	0.01260	0.01260	0.00935	0.01341	0.00772	0.01016	0.00650	0.00366	0.00406	0.00122	0.00488	0.00366	0.00203	0.00650
52	0.01097	0.85821	0.02151	0.00702	0.01054	0.01624	0.00702	0.01229	0.00834	0.00966	0.00571	0.00658	0.00527	0.00351	0.00263	0.00088	0.00439	0.00219	0.00176	0.00527
53	0.01802	0.00690	0.00940	0.00724	0.01034	0.00597	0.00597	0.01962	0.01174	0.80751	0.04152	0.01449	0.01105	0.00518	0.00415	0.00127	0.00344	0.00423	0.00506	0.00689
54	0.01543	0.01139	0.01222	0.00936	0.01265	0.01255	0.00773	0.79628	0.01903	0.02556	0.00979	0.00982	0.00696	0.00488	0.00408	0.00122	0.00448	0.00366	0.00406	0.02885
55	0.01542	0.01122	0.01207	0.00928	0.01248	0.01238	0.00763	0.78029	0.01882	0.04151	0.01006	0.01036	0.00724	0.02622	0.00453	0.00130	0.00448	0.00376	0.00409	0.00687
56	0.00510	0.00362	0.00473	0.00558	0.00580	0.00340	0.00367	0.00574	0.00766	0.01021	0.02159	0.76497	0.02585	0.10273	0.00691	0.00191	0.00255	0.01106	0.00367	0.00324
57	0.00898	0.00898	0.01257	0.01078	0.01078	0.01257	0.00898	0.00988	0.00629	0.00988	0.00539	0.00898	0.00539	0.00718	0.01347	0.00180	0.84823	0.00359	0.00180	0.00449
58	0.00502	0.00358	0.00476	0.00569	0.00592	0.00335	0.00378	0.00572	0.00782	0.01043	0.02243	0.83652	0.02690	0.02973	0.00555	0.00171	0.00241	0.01156	0.00378	0.00332
59	0.00500	0.00357	0.00476	0.00572	0.00595	0.00333	0.00381	0.00572	0.00786	0.01048	0.02262	0.85306	0.02715	0.01286	0.00524	0.00167	0.00238	0.01167	0.00381	0.00333
60	0.00780	0.00739	0.01261	0.82548	0.02810	0.00915	0.03119	0.01055	0.00824	0.01055	0.00732	0.01095	0.00549	0.00409	0.00412	0.00137	0.00551	0.00368	0.00183	0.00458
61	0.00630	0.00426	0.00480	0.00471	0.00486	0.00429	0.00275	0.03649	0.00663	0.00887	0.02946	0.04714	0.01541	0.78542	0.01954	0.00376	0.00392	0.00606	0.00262	0.00271
62	0.00595	0.00397	0.00448	0.00450	0.00450	0.00397	0.00251	0.00596	0.00600	0.00801	0.01312	0.04241	0.01515	0.83987	0.02060	0.00394	0.00395	0.00608	0.00251	0.00250
63	0.00502	0.00360	0.00474	0.00564	0.00591	0.00335	0.00376	0.00573	0.00787	0.01045	0.02299	0.81245	0.05053	0.02975	0.00554	0.00171	0.00240	0.01147	0.00378	0.00332
64	0.00884	0.00879	0.01251	0.01070	0.01082	0.01216	0.02528	0.00982	0.00637	0.00993	0.00573	0.00938	0.00565	0.00829	0.05464	0.00203	0.78911	0.00366	0.00182	0.00447
65	0.00823	0.02123	0.83447	0.01170	0.01777	0.00953	0.01517	0.01300	0.00867	0.01300	0.00737	0.00867	0.00520	0.00390	0.00390	0.00130	0.00607	0.00303	0.00173	0.00607
66	0.00688	0.00554	0.00791	0.00745	0.00819	0.00678	0.00592	0.04827	0.00718	0.01041	0.00998	0.01459	0.00926	0.02546	0.65645	0.00551	0.15379	0.00423	0.00223	0.00397

[dist]
# distance from previous block
# <min> <max>
5	8

[block]
# block no. 7 follows, 65 sequences, length 11
# corresponding to MSA columns:
# 213-223
name=unknown_H
#
# <colnr> <probs for GDERKNQSTAVLIFYWHMCP>
#	G	D	E	R	K	N	Q	S	T	A	V	L	I	F	Y	W	H	M	C	P
0	0.00620	0.00509	0.00531	0.00490	0.00658	0.00454	0.00375	0.08902	0.01025	0.01272	0.03515	0.07268	0.65177	0.00946	0.00467	0.00133	0.00241	0.00788	0.00375	0.06253
1	0.01074	0.01019	0.00927	0.00832	0.01056	0.14322	0.00644	0.05972	0.56495	0.01582	0.01732	0.01632	0.09750	0.00583	0.00417	0.00133	0.00386	0.00470	0.00380	0.00592
2	0.00907	0.00793	0.01017	0.03137	0.01145	0.00668	0.07241	0.05241	0.06508	0.01417	0.00816	0.00933	0.00656	0.00338	0.00335	0.00078	0.00352	0.00288	0.00259	0.67872
3	0.01049	0.01038	0.01634	0.02426	0.77801	0.06265	0.01230	0.01284	0.00949	0.01320	0.00763	0.00998	0.00642	0.00369	0.00404	0.00121	0.00504	0.00359	0.00204	0.00639
4	0.01255	0.01429	0.01434	0.01843	0.45206	0.39341	0.01044	0.01435	0.01040	0.01185	0.00708	0.00888	0.00594	0.00392	0.00390	0.00114	0.00604	0.00319	0.00207	0.00570
5	0.01560	0.01150	0.01232	0.00944	0.01273	0.01273	0.00780	0.81645	0.01930	0.02587	0.00986	0.00986	0.00698	0.00493	0.00411	0.00123	0.00452	0.00370	0.00411	0.00698
6	0.00762	0.00766	0.00617	0.00577	0.00742	0.16754	0.00437	0.06218	0.01047	0.01187	0.03257	0.03124	0.61251	0.00882	0.00458	0.00131	0.00328	0.00715	0.00350	0.00395
7	0.01502	0.01104	0.01184	0.00914	0.01223	0.01220	0.00748	0.76697	0.01849	0.02478	0.01004	0.01089	0.00747	0.05686	0.00513	0.00140	0.00448	0.00383	0.00401	0.00671
8	0.00584	0.00449	0.00488	0.00468	0.00574	0.00413	0.00333	0.04722	0.00940	0.01198	0.16915	0.03328	0.44454	0.22321	0.00886	0.00202	0.00266	0.00752	0.00361	0.00347
9	0.00597	0.00398	0.00448	0.00448	0.00448	0.00398	0.00249	0.00597	0.00597	0.00796	0.01293	0.02686	0.01492	0.85574	0.02089	0.00398	0.00398	0.00597	0.00249	0.00249
10	0.01313	0.00936	0.01031	0.00837	0.01089	0.01015	0.00668	0.58215	0.01606	0.05517	0.01285	0.18222	0.01157	0.04505	0.00510	0.00145	0.00402	0.00544	0.00401	0.00604

[dist]
# distance from previous block
# <min> <max>
0	2

[block]
# block no. 8 follows, 65 sequences, length 51
# corresponding to MSA columns:
# 226-276
name=unknown_I
#
# <colnr> <probs for GDERKNQSTAVLIFYWHMCP>
#	G	D	E	R	K	N	Q	S	T	A	V	L	I	F	Y	W	H	M	C	P
0	0.01039	0.00985	0.01408	0.01918	0.53329	0.04353	0.01045	0.01572	0.27118	0.01448	0.01056	0.01171	0.00839	0.00430	0.00409	0.00127	0.00446	0.00393	0.00273	0.00643
1	0.01338	0.01034	0.01244	0.23050	0.03921	0.01170	0.00888	0.58185	0.01610	0.02147	0.00912	0.01015	0.00657	0.00468	0.00410	0.00127	0.00478	0.00368	0.00345	0.00633
2	0.01533	0.01956	0.01163	0.01058	0.01269	0.83926	0.00793	0.01639	0.01163	0.01005	0.00635	0.00740	0.00529	0.00423	0.00370	0.00106	0.00740	0.00264	0.00212	0.00476
3	0.00937	0.00782	0.00897	0.00653	0.01010	0.00645	0.00525	0.10248	0.03549	0.01492	0.00789	0.00888	0.00639	0.00333	0.00320	0.00070	0.00321	0.00265	0.00268	0.75368
4	0.00775	0.00730	0.01231	0.84587	0.02827	0.00912	0.01140	0.01049	0.00821	0.01049	0.00730	0.01094	0.00547	0.00410	0.00410	0.00137	0.00547	0.00365	0.00182	0.00456
5	0.00549	0.00378	0.00462	0.00509	0.00521	0.00366	0.00314	0.00584	0.00691	0.00921	0.01774	0.43700	0.02099	0.43732	0.01312	0.00283	0.00319	0.00880	0.00314	0.00291
6	0.00557	0.00381	0.00459	0.00499	0.00508	0.00371	0.00303	0.00587	0.00675	0.00899	0.01691	0.36598	0.01994	0.50978	0.01447	0.00303	0.00332	0.00831	0.00303	0.00283
7	0.00512	0.00362	0.00473	0.00557	0.00577	0.00341	0.00365	0.00575	0.00763	0.01017	0.02145	0.75287	0.02567	0.11507	0.00714	0.00195	0.00258	0.01098	0.00365	0.00323
8	0.00597	0.00398	0.00448	0.00448	0.00448	0.00398	0.00249	0.00597	0.00597	0.00796	0.01293	0.02686	0.01492	0.85574	0.02089	0.00398	0.00398	0.00597	0.00249	0.00249
9	0.00500	0.00357	0.00476	0.00572	0.00595	0.00333	0.00381	0.00572	0.00786	0.01048	0.02262	0.85306	0.02715	0.01286	0.00524	0.00167	0.00238	0.01167	0.00381	0.00333
10	0.00586	0.00440	0.00660	0.00660	0.00733	0.00513	0.00513	0.00733	0.00660	0.00953	0.01100	0.01613	0.01026	0.03079	0.83947	0.00660	0.01100	0.00440	0.00220	0.00367
11	0.01533	0.01956	0.01163	0.01058	0.01269	0.83926	0.00793	0.01639	0.01163	0.01005	0.00635	0.00740	0.00529	0.00423	0.00370	0.00106	0.00740	0.00264	0.00212	0.00476
12	0.01535	0.01130	0.01211	0.00931	0.01251	0.01250	0.00766	0.79501	0.01895	0.02540	0.00994	0.01031	0.00719	0.02743	0.00455	0.00130	0.00450	0.00376	0.00406	0.00686
13	0.00898	0.00898	0.01257	0.01078	0.01078	0.01257	0.00898	0.00988	0.00629	0.00988	0.00539	0.00898	0.00539	0.00718	0.01347	0.00180	0.84823	0.00359	0.00180	0.00449
14	0.03256	0.00431	0.00550	0.00517	0.00619	0.00404	0.00389	0.00788	0.01148	0.01652	0.80294	0.02993	0.03769	0.00825	0.00477	0.00129	0.00197	0.00727	0.00446	0.00389
15	0.00619	0.00428	0.00604	0.00604	0.00680	0.00487	0.00465	0.00769	0.00694	0.01052	0.01148	0.01627	0.01044	0.04879	0.66770	0.00552	0.00918	0.00434	0.15860	0.00366
16	0.00835	0.05723	0.79950	0.01150	0.01746	0.00982	0.01482	0.01297	0.00865	0.01286	0.00730	0.00858	0.00520	0.00388	0.00385	0.00128	0.00599	0.00300	0.00173	0.00603
17	0.00600	0.02762	0.00700	0.00661	0.00742	0.00543	0.00518	0.00746	0.00664	0.00953	0.01085	0.01587	0.01013	0.03004	0.81672	0.00644	0.01082	0.00434	0.00219	0.00371
18	0.00823	0.02123	0.83447	0.01170	0.01777	0.00953	0.01517	0.01300	0.00867	0.01300	0.00737	0.00867	0.00520	0.00390	0.00390	0.00130	0.00607	0.00303	0.00173	0.00607
19	0.01476	0.01084	0.01164	0.00901	0.01201	0.01197	0.00734	0.74575	0.01814	0.02431	0.01012	0.01134	0.00767	0.07914	0.00557	0.00147	0.00447	0.00389	0.00397	0.00659
20	0.00496	0.00419	0.00429	0.00433	0.00566	0.00357	0.00322	0.00615	0.02167	0.01122	0.05180	0.08785	0.75617	0.01044	0.00486	0.00140	0.00211	0.00876	0.00383	0.00351
21	0.00568	0.00386	0.00456	0.00485	0.00492	0.00378	0.00289	0.00589	0.00654	0.00872	0.01587	0.27679	0.01862	0.60076	0.01616	0.00328	0.00350	0.00769	0.00289	0.00274
22	0.00592	0.00397	0.00454	0.00457	0.00462	0.00394	0.00261	0.00604	0.00632	0.00847	0.05133	0.06605	0.01661	0.77650	0.01941	0.00375	0.00381	0.00631	0.00264	0.00259
23	0.04160	0.00414	0.00454	0.00451	0.00462	0.00419	0.00257	0.00622	0.00601	0.00838	0.01264	0.02604	0.01450	0.82120	0.02015	0.00387	0.00395	0.00582	0.00249	0.00257
24	0.00500	0.00357	0.00476	0.00572	0.00595	0.00333	0.00381	0.00572	0.00786	0.01048	0.02262	0.85306	0.02715	0.01286	0.00524	0.00167	0.00238	0.01167	0.00381	0.00333
25	0.02325	0.00569	0.00826	0.43946	0.01699	0.00666	0.00731	0.01009	0.00837	0.01287	0.01010	0.01290	0.00780	0.00441	0.00350	0.00117	0.00378	0.00371	0.40946	0.00422
26	0.01495	0.01883	0.01201	0.01167	0.07370	0.77735	0.00828	0.01611	0.01146	0.01030	0.00645	0.00761	0.00538	0.00419	0.00373	0.00107	0.00721	0.00272	0.00211	0.00489
27	0.00966	0.01098	0.02372	0.01702	0.02099	0.01048	0.78048	0.01301	0.00954	0.01301	0.00818	0.01098	0.00619	0.00362	0.00522	0.00140	0.04318	0.00479	0.00206	0.00549
28	0.01529	0.01107	0.01192	0.00918	0.01233	0.01219	0.00754	0.76137	0.01855	0.04766	0.01016	0.01066	0.00739	0.03943	0.00479	0.00134	0.00447	0.00380	0.00407	0.00680
29	0.01510	0.01113	0.01203	0.00930	0.01245	0.01234	0.00766	0.77488	0.01865	0.02503	0.00991	0.01018	0.00715	0.00626	0.04702	0.00151	0.00485	0.00373	0.00401	0.00681
30	0.00914	0.00925	0.01255	0.01077	0.01083	0.03384	0.00895	0.01005	0.00642	0.00988	0.00541	0.00894	0.00539	0.00711	0.01322	0.00178	0.82660	0.00357	0.00180	0.00450
31	0.00500	0.00357	0.00476	0.00572	0.00595	0.00333	0.00381	0.00572	0.00786	0.01048	0.02262	0.85306	0.02715	0.01286	0.00524	0.00167	0.00238	0.01167	0.00381	0.00333
32	0.00813	0.00803	0.01463	0.68430	0.02694	0.00937	0.16814	0.01101	0.00850	0.01101	0.00749	0.01097	0.00562	0.00398	0.00425	0.00137	0.00575	0.00388	0.00187	0.00475
33	0.01422	0.01046	0.01133	0.00896	0.01185	0.01150	0.00728	0.71065	0.01781	0.02386	0.01152	0.11989	0.00961	0.00596	0.00425	0.00129	0.00424	0.00474	0.00407	0.00650
34	0.00980	0.00846	0.00889	0.00803	0.01028	0.00969	0.00624	0.02058	0.76001	0.01670	0.01863	0.01718	0.07544	0.00594	0.00423	0.00139	0.00316	0.00495	0.00415	0.00626
35	0.01560	0.01150	0.01232	0.00944	0.01273	0.01273	0.00780	0.81645	0.01930	0.02587	0.00986	0.00986	0.00698	0.00493	0.00411	0.00123	0.00452	0.00370	0.00411	0.00698
36	0.01383	0.01013	0.01096	0.00861	0.01132	0.01117	0.00692	0.66790	0.01688	0.02264	0.01035	0.01259	0.00827	0.13142	0.03645	0.00183	0.00467	0.00406	0.00380	0.00620
37	0.65582	0.00805	0.00856	0.16334	0.01274	0.00928	0.06601	0.01185	0.00742	0.01654	0.00620	0.00779	0.00477	0.00384	0.00300	0.00130	0.00388	0.00268	0.00237	0.00455
38	0.00616	0.00420	0.00549	0.00532	0.00626	0.00386	0.00393	0.00785	0.01093	0.04841	0.63758	0.17030	0.05599	0.00907	0.00488	0.00136	0.00208	0.00805	0.00440	0.00390
39	0.00511	0.00362	0.00473	0.00558	0.00579	0.00341	0.00366	0.00574	0.00765	0.01020	0.02156	0.76220	0.02580	0.10555	0.00696	0.00192	0.00256	0.01104	0.00366	0.00324
40	0.00550	0.00393	0.00499	0.00520	0.00576	0.00368	0.00358	0.00662	0.00921	0.01262	0.36231	0.32704	0.06979	0.15169	0.00767	0.00188	0.00245	0.00877	0.00389	0.00343
41	0.00832	0.03880	0.80257	0.01170	0.01768	0.00969	0.02946	0.01299	0.00868	0.01293	0.00735	0.00867	0.00522	0.00388	0.00389	0.00129	0.00605	0.00305	0.00174	0.00604
42	0.00781	0.00741	0.01267	0.82065	0.02806	0.00916	0.03587	0.01057	0.00825	0.01057	0.00733	0.01095	0.00549	0.00408	0.00413	0.00137	0.00552	0.00368	0.00183	0.00459
43	0.00587	0.00494	0.00521	0.00517	0.00665	0.00465	0.00401	0.00864	0.13579	0.01216	0.03562	0.03646	0.61652	0.00975	0.00483	0.00144	0.00244	0.09199	0.00387	0.00397
