[name]
psaI

[dist]
# distance from previous block
# <min> <max>
0	0

[block]
# block no. 0 follows, 67 sequences, length 37
# corresponding to MSA columns:
# 0-36
name=unknown_A
#
# <colnr> <probs for GDERKNQSTAVLIFYWHMCP>
#	G	D	E	R	K	N	Q	S	T	A	V	L	I	F	Y	W	H	M	C	P
0	0.00646	0.00462	0.00646	0.00739	0.00831	0.00462	0.00646	0.00831	0.00923	0.01200	0.02123	0.04524	0.02308	0.01108	0.00554	0.00185	0.00369	0.80704	0.00369	0.00369
1	0.01020	0.00856	0.00908	0.00813	0.01042	0.00986	0.00634	0.02126	0.80384	0.03986	0.01631	0.01493	0.01218	0.00543	0.00408	0.00136	0.00318	0.00452	0.00411	0.00636
2	0.00474	0.00406	0.00406	0.00406	0.00542	0.00339	0.00305	0.00576	0.00914	0.01083	0.04063	0.03860	0.83241	0.01016	0.00474	0.00135	0.00203	0.00846	0.00372	0.00339
3	0.00489	0.00349	0.00465	0.00558	0.00582	0.00326	0.00372	0.00558	0.00768	0.01024	0.02210	0.85644	0.02653	0.01256	0.00512	0.00163	0.00233	0.01140	0.00372	0.00326
4	0.01498	0.01911	0.01137	0.01033	0.01240	0.84295	0.00775	0.01601	0.01137	0.00982	0.00620	0.00723	0.00517	0.00413	0.00362	0.00103	0.00723	0.00258	0.00207	0.00465
5	0.01507	0.01652	0.01159	0.00997	0.01241	0.56938	0.00771	0.28107	0.01383	0.01491	0.00733	0.00802	0.00571	0.00436	0.00375	0.00109	0.00630	0.00292	0.00271	0.00536
6	0.00540	0.00371	0.00450	0.00493	0.00504	0.00360	0.00302	0.00572	0.00668	0.00890	0.01698	0.40681	0.02006	0.47102	0.01340	0.00285	0.00317	0.00839	0.00302	0.00281
7	0.00832	0.00713	0.00832	0.00594	0.00950	0.00535	0.00475	0.01010	0.00832	0.01307	0.00713	0.00832	0.00594	0.00297	0.00297	0.00059	0.00297	0.00238	0.00238	0.88357
8	0.01525	0.01123	0.01204	0.00923	0.01244	0.01244	0.00762	0.82067	0.01886	0.02528	0.00963	0.00963	0.00682	0.00481	0.00401	0.00120	0.00441	0.00361	0.00401	0.00682
9	0.00490	0.00393	0.00421	0.00438	0.00536	0.00343	0.00309	0.00573	0.00845	0.01034	0.03368	0.18812	0.58041	0.11766	0.00679	0.00172	0.00232	0.00867	0.00356	0.00324
10	0.00572	0.00384	0.00441	0.00452	0.00455	0.00381	0.00259	0.00580	0.00606	0.00808	0.01381	0.12876	0.01606	0.75453	0.01852	0.00361	0.00370	0.00652	0.00259	0.00253
11	0.00568	0.00410	0.00536	0.00505	0.00599	0.00378	0.00378	0.00757	0.01135	0.01608	0.83192	0.02996	0.03784	0.00820	0.00473	0.00126	0.00189	0.00725	0.00441	0.00378
12	0.00832	0.00713	0.00832	0.00594	0.00950	0.00535	0.00475	0.01010	0.00832	0.01307	0.00713	0.00832	0.00594	0.00297	0.00297	0.00059	0.00297	0.00238	0.00238	0.88357
13	0.00494	0.00351	0.00464	0.00551	0.00573	0.00329	0.00365	0.00560	0.00757	0.01010	0.02156	0.80833	0.02583	0.06161	0.00601	0.00176	0.00242	0.01108	0.00365	0.00321
14	0.00568	0.00410	0.00536	0.00505	0.00599	0.00378	0.00378	0.00757	0.01135	0.01608	0.83192	0.02996	0.03784	0.00820	0.00473	0.00126	0.00189	0.00725	0.00441	0.00378
15	0.88738	0.00776	0.00589	0.00527	0.00776	0.00900	0.00434	0.01179	0.00683	0.01799	0.00558	0.00651	0.00434	0.00372	0.00248	0.00124	0.00310	0.00217	0.00248	0.00434
16	0.00489	0.00349	0.00465	0.00558	0.00582	0.00326	0.00372	0.00558	0.00768	0.01024	0.02210	0.85644	0.02653	0.01256	0.00512	0.00163	0.00233	0.01140	0.00372	0.00326
17	0.00568	0.00410	0.00536	0.00505	0.00599	0.00378	0.00378	0.00757	0.01135	0.01608	0.83192	0.02996	0.03784	0.00820	0.00473	0.00126	0.00189	0.00725	0.00441	0.00378
18	0.00583	0.00389	0.00437	0.00437	0.00437	0.00389	0.00243	0.00583	0.00583	0.00778	0.01264	0.02624	0.01458	0.85906	0.02041	0.00389	0.00389	0.00583	0.00243	0.00243
19	0.00832	0.00713	0.00832	0.00594	0.00950	0.00535	0.00475	0.01010	0.00832	0.01307	0.00713	0.00832	0.00594	0.00297	0.00297	0.00059	0.00297	0.00238	0.00238	0.88357
20	0.01799	0.00683	0.00931	0.00714	0.01024	0.00589	0.00589	0.01954	0.01148	0.83682	0.01582	0.01365	0.00993	0.00496	0.00403	0.00124	0.00341	0.00403	0.00496	0.00683
21	0.00525	0.00421	0.00479	0.00508	0.00628	0.00375	0.00407	0.00651	0.00913	0.01117	0.03446	0.05968	0.57413	0.01049	0.00499	0.00151	0.00253	0.24479	0.00371	0.00347
22	0.01799	0.00683	0.00931	0.00714	0.01024	0.00589	0.00589	0.01954	0.01148	0.83682	0.01582	0.01365	0.00993	0.00496	0.00403	0.00124	0.00341	0.00403	0.00496	0.00683
23	0.00646	0.00462	0.00646	0.00739	0.00831	0.00462	0.00646	0.00831	0.00923	0.01200	0.02123	0.04524	0.02308	0.01108	0.00554	0.00185	0.00369	0.80704	0.00369	0.00369
24	0.01799	0.00683	0.00931	0.00714	0.01024	0.00589	0.00589	0.01954	0.01148	0.83682	0.01582	0.01365	0.00993	0.00496	0.00403	0.00124	0.00341	0.00403	0.00496	0.00683
25	0.01525	0.01123	0.01204	0.00923	0.01244	0.01244	0.00762	0.82067	0.01886	0.02528	0.00963	0.00963	0.00682	0.00481	0.00401	0.00120	0.00441	0.00361	0.00401	0.00682
26	0.00489	0.00349	0.00465	0.00558	0.00582	0.00326	0.00372	0.00558	0.00768	0.01024	0.02210	0.85644	0.02653	0.01256	0.00512	0.00163	0.00233	0.01140	0.00372	0.00326
27	0.00857	0.00603	0.00660	0.00579	0.00672	0.00638	0.00394	0.24290	0.00962	0.01287	0.01176	0.02141	0.01232	0.61053	0.01564	0.00311	0.00404	0.00519	0.00289	0.00371
28	0.00491	0.00350	0.00465	0.00555	0.00578	0.00327	0.00369	0.00559	0.00763	0.01017	0.02186	0.83461	0.02621	0.03482	0.00552	0.00169	0.00237	0.01125	0.00369	0.00324
29	0.00785	0.00741	0.01050	0.00928	0.00950	0.01007	0.00763	0.00889	0.00623	0.00955	0.00694	0.01090	0.00672	0.01405	0.26634	0.00319	0.59519	0.00375	0.00187	0.00414
30	0.00544	0.00391	0.00515	0.00521	0.00594	0.00362	0.00377	0.00696	0.01023	0.01430	0.58490	0.28206	0.03439	0.00953	0.00485	0.00137	0.00202	0.00852	0.00420	0.00362
31	0.00903	0.01385	0.27215	0.01523	0.01986	0.00989	0.57402	0.01280	0.00916	0.01280	0.00783	0.01010	0.00578	0.00351	0.00445	0.00133	0.00651	0.00419	0.00193	0.00557
32	0.00967	0.00927	0.01581	0.11476	0.74590	0.00946	0.01218	0.01208	0.00901	0.01279	0.00750	0.01001	0.00624	0.00362	0.00397	0.00121	0.00483	0.00357	0.00196	0.00615
33	0.01348	0.01626	0.01283	0.01459	0.25706	0.59478	0.00911	0.01491	0.01070	0.01079	0.00660	0.00803	0.00552	0.00397	0.00372	0.00108	0.00650	0.00288	0.00204	0.00516
34	0.01011	0.00996	0.01635	0.02376	0.77152	0.04282	0.04163	0.01248	0.00923	0.01296	0.00751	0.00985	0.00630	0.00359	0.00398	0.00119	0.00494	0.00358	0.00199	0.00625
35	0.00474	0.00406	0.00406	0.00406	0.00542	0.00339	0.00305	0.00576	0.00914	0.01083	0.04063	0.03860	0.83241	0.01016	0.00474	0.00135	0.00203	0.00846	0.00372	0.00339
36	0.00555	0.00377	0.00446	0.00474	0.00481	0.00370	0.00282	0.00576	0.00639	0.00852	0.01550	0.27763	0.01820	0.60273	0.01578	0.00320	0.00342	0.00752	0.00282	0.00268

[dist]
# distance from previous block
# <min> <max>
0	0

# created by:
# /share/home/app/bin/augustus-3.3.1/scripts/msa2prfl.pl /dev/shm/tmp/ogap_db/pt-Sapindales/msas/psaI.aln --setname=psaI
