[name]
rpl22

[dist]
# distance from previous block
# <min> <max>
0	6

[block]
# block no. 0 follows, 53 sequences, length 7
# corresponding to MSA columns:
# 9-15
name=unknown_A
#
# <colnr> <probs for GDERKNQSTAVLIFYWHMCP>
#	G	D	E	R	K	N	Q	S	T	A	V	L	I	F	Y	W	H	M	C	P
0	0.06468	0.01010	0.01651	0.19011	0.52116	0.01063	0.01315	0.01369	0.01045	0.01516	0.01021	0.01556	0.00897	0.00519	0.00480	0.00153	0.00558	0.07330	0.00254	0.00666
1	0.00818	0.00753	0.01109	0.15910	0.25922	0.00750	0.00880	0.01026	0.01065	0.01363	0.02895	0.02937	0.41052	0.00834	0.00521	0.00155	0.00415	0.00722	0.00338	0.00537
2	0.00740	0.00672	0.00960	0.34368	0.06275	0.00718	0.00825	0.00952	0.01034	0.01278	0.02966	0.03029	0.42667	0.00863	0.00524	0.00159	0.00424	0.00734	0.00336	0.00476
3	0.01118	0.01522	0.24726	0.02479	0.57618	0.01128	0.01553	0.01480	0.01065	0.01548	0.00887	0.01133	0.00713	0.00434	0.00468	0.00145	0.00608	0.00405	0.00227	0.00742
4	0.01326	0.01423	0.01749	0.07815	0.53889	0.22649	0.01312	0.01569	0.01151	0.01433	0.00853	0.01103	0.00711	0.00447	0.00462	0.00138	0.00651	0.00394	0.00238	0.00687
5	0.01410	0.01554	0.01491	0.05015	0.21370	0.32983	0.04168	0.01923	0.22204	0.01508	0.01117	0.01225	0.00883	0.00513	0.00464	0.00141	0.00646	0.00415	0.00307	0.00662
6	0.00630	0.00453	0.00597	0.00633	0.00704	0.00420	0.00447	0.00786	0.01138	0.01574	0.41966	0.42549	0.03847	0.01233	0.00586	0.00172	0.00251	0.01107	0.00486	0.00420

[dist]
# distance from previous block
# <min> <max>
0	2

[block]
# block no. 1 follows, 53 sequences, length 70
# corresponding to MSA columns:
# 18-87
name=unknown_B
#
# <colnr> <probs for GDERKNQSTAVLIFYWHMCP>
#	G	D	E	R	K	N	Q	S	T	A	V	L	I	F	Y	W	H	M	C	P
0	0.00956	0.02394	0.76897	0.05259	0.02128	0.01108	0.01745	0.01500	0.01007	0.01500	0.00857	0.01022	0.00607	0.00455	0.00455	0.00152	0.00703	0.00357	0.00202	0.00698
1	0.03139	0.00501	0.00641	0.00602	0.00720	0.00469	0.00453	0.00916	0.01337	0.01923	0.77696	0.03490	0.04395	0.00962	0.00556	0.00150	0.00230	0.00847	0.00520	0.00453
2	0.00891	0.00664	0.00890	0.00829	0.00969	0.00760	0.00654	0.15105	0.01039	0.01458	0.01256	0.01744	0.01125	0.03033	0.66497	0.00654	0.01142	0.00497	0.00297	0.00497
3	0.02122	0.00819	0.01109	0.00853	0.01221	0.00714	0.00704	0.02334	0.03229	0.78678	0.01887	0.01631	0.01190	0.00593	0.00481	0.00148	0.00406	0.00482	0.00589	0.00812
4	0.00590	0.00422	0.00561	0.00661	0.00695	0.00393	0.00444	0.00684	0.00949	0.01274	0.08578	0.76794	0.03265	0.01457	0.00606	0.00191	0.00273	0.01321	0.00450	0.00393
5	0.82007	0.00947	0.00742	0.00654	0.00954	0.01094	0.00539	0.05570	0.00891	0.02191	0.00692	0.00796	0.00534	0.00451	0.00306	0.00148	0.00378	0.00268	0.00306	0.00534
6	0.01128	0.01289	0.02820	0.02015	0.02498	0.01209	0.78485	0.01531	0.01128	0.01531	0.00967	0.01289	0.00725	0.00403	0.00564	0.00161	0.00806	0.00564	0.00242	0.00645
7	0.00998	0.00982	0.01437	0.01226	0.01264	0.01325	0.05158	0.01128	0.00759	0.01165	0.00740	0.01179	0.00715	0.01210	0.13016	0.00287	0.66241	0.00440	0.00218	0.00516
8	0.00565	0.00484	0.00484	0.00484	0.00646	0.00403	0.00363	0.00686	0.01089	0.01291	0.04842	0.04600	0.80027	0.01210	0.00565	0.00161	0.00242	0.01009	0.00444	0.00403
9	0.00923	0.00568	0.00701	0.18204	0.01190	0.00614	0.00572	0.03388	0.01028	0.01691	0.01378	0.01636	0.01074	0.00536	0.00370	0.00122	0.00324	0.00437	0.62939	0.02306
10	0.00763	0.00548	0.00761	0.00867	0.00979	0.00545	0.00757	0.00980	0.01100	0.01426	0.02606	0.05366	0.05278	0.01317	0.00657	0.00218	0.00434	0.74518	0.00440	0.00439
11	0.01817	0.01339	0.01434	0.01100	0.01482	0.01482	0.00908	0.78627	0.02247	0.03012	0.01148	0.01148	0.00813	0.00574	0.00478	0.00143	0.00526	0.00430	0.00478	0.00813
12	0.02144	0.00813	0.01109	0.00850	0.01220	0.00702	0.00702	0.02329	0.01368	0.80552	0.01886	0.01627	0.01183	0.00592	0.00481	0.00148	0.00407	0.00481	0.00592	0.00813
13	0.01055	0.01063	0.01461	0.04071	0.01330	0.02985	0.01053	0.01167	0.00752	0.01153	0.00637	0.01050	0.00628	0.00817	0.01509	0.00206	0.77914	0.00416	0.00210	0.00524
14	0.01183	0.01136	0.01940	0.02934	0.80221	0.01136	0.01467	0.01467	0.01088	0.01562	0.00899	0.01183	0.00757	0.00426	0.00473	0.00142	0.00568	0.00426	0.00237	0.00757
15	0.02112	0.03911	0.01161	0.00849	0.01220	0.00747	0.00707	0.02296	0.01353	0.77576	0.01840	0.01595	0.01162	0.00585	0.00474	0.00146	0.00411	0.00472	0.00577	0.00806
16	0.00905	0.00850	0.01421	0.79672	0.03229	0.01049	0.01305	0.01221	0.00957	0.01231	0.00850	0.01266	0.00639	0.00474	0.00474	0.00157	0.00629	0.00421	0.00214	0.03037
17	0.00903	0.00850	0.01434	0.82054	0.03292	0.01062	0.01327	0.01221	0.00956	0.01221	0.00850	0.01274	0.00637	0.00478	0.00478	0.00159	0.00637	0.00425	0.00212	0.00531
18	0.18449	0.00591	0.00673	0.03441	0.00845	0.00599	0.00492	0.01008	0.01217	0.01914	0.57728	0.02955	0.06644	0.00859	0.00505	0.00151	0.00270	0.00730	0.00464	0.00466
19	0.00565	0.00484	0.00484	0.00484	0.00646	0.00403	0.00363	0.00686	0.01089	0.01291	0.04842	0.04600	0.80027	0.01210	0.00565	0.00161	0.00242	0.01009	0.00444	0.00403
20	0.01278	0.83490	0.02505	0.00818	0.01227	0.01891	0.00818	0.01431	0.00971	0.01125	0.00664	0.00767	0.00613	0.00409	0.00307	0.00102	0.00511	0.00256	0.00204	0.00613
21	0.01128	0.01289	0.02820	0.02015	0.02498	0.01209	0.78485	0.01531	0.01128	0.01531	0.00967	0.01289	0.00725	0.00403	0.00564	0.00161	0.00806	0.00564	0.00242	0.00645
22	0.00565	0.00484	0.00484	0.00484	0.00646	0.00403	0.00363	0.00686	0.01089	0.01291	0.04842	0.04600	0.80027	0.01210	0.00565	0.00161	0.00242	0.01009	0.00444	0.00403
23	0.00903	0.00850	0.01434	0.82054	0.03292	0.01062	0.01327	0.01221	0.00956	0.01221	0.00850	0.01274	0.00637	0.00478	0.00478	0.00159	0.00637	0.00425	0.00212	0.00531
24	0.67140	0.00907	0.00868	0.19102	0.01461	0.01070	0.00701	0.01363	0.00846	0.01935	0.00707	0.00889	0.00545	0.00451	0.00337	0.00150	0.00430	0.00296	0.00277	0.00521
25	0.00903	0.00850	0.01434	0.82054	0.03292	0.01062	0.01327	0.01221	0.00956	0.01221	0.00850	0.01274	0.00637	0.00478	0.00478	0.00159	0.00637	0.00425	0.00212	0.00531
26	0.01763	0.01297	0.01390	0.01072	0.01436	0.01433	0.00879	0.74864	0.02172	0.02912	0.01165	0.01243	0.00857	0.04564	0.00573	0.00159	0.00523	0.00443	0.00469	0.00788
27	0.00683	0.00512	0.00768	0.00768	0.00853	0.00597	0.00597	0.00853	0.00768	0.01110	0.01280	0.01878	0.01195	0.03585	0.81308	0.00768	0.01280	0.00512	0.00256	0.00427
28	0.00959	0.02472	0.80726	0.01362	0.02069	0.01110	0.01766	0.01514	0.01009	0.01514	0.00858	0.01009	0.00605	0.00454	0.00454	0.00151	0.00706	0.00353	0.00202	0.00706
29	0.00959	0.02472	0.80726	0.01362	0.02069	0.01110	0.01766	0.01514	0.01009	0.01514	0.00858	0.01009	0.00605	0.00454	0.00454	0.00151	0.00706	0.00353	0.00202	0.00706
30	0.01371	0.01117	0.01183	0.01010	0.01312	0.01274	0.00801	0.24604	0.56996	0.02293	0.01714	0.01599	0.01272	0.00627	0.00484	0.00157	0.00421	0.00508	0.00484	0.00773
31	0.00597	0.00431	0.00570	0.00667	0.00709	0.00397	0.00448	0.00684	0.00918	0.01232	0.02572	0.80036	0.03076	0.01458	0.00601	0.00190	0.00280	0.01321	0.00438	0.03376
32	0.00770	0.00550	0.00770	0.00880	0.00990	0.00550	0.00770	0.00990	0.01100	0.01430	0.02531	0.05391	0.02751	0.01320	0.00660	0.00220	0.00440	0.77004	0.00440	0.00440
33	0.00565	0.00484	0.00484	0.00484	0.00646	0.00403	0.00363	0.00686	0.01089	0.01291	0.04842	0.04600	0.80027	0.01210	0.00565	0.00161	0.00242	0.01009	0.00444	0.00403
34	0.00582	0.00416	0.00555	0.00666	0.00693	0.00388	0.00444	0.00666	0.00915	0.01220	0.02634	0.82891	0.03161	0.01497	0.00610	0.00194	0.00277	0.01359	0.00444	0.00388
35	0.00993	0.02425	0.78444	0.01348	0.02044	0.01098	0.01735	0.01537	0.01019	0.03779	0.00887	0.01027	0.00622	0.00458	0.00455	0.00151	0.00698	0.00357	0.00213	0.00709
36	0.00592	0.00429	0.00580	0.03049	0.00769	0.00408	0.00470	0.00682	0.00916	0.01220	0.02582	0.80501	0.03087	0.01468	0.00606	0.00193	0.00288	0.01331	0.00437	0.00392
37	0.00767	0.00548	0.00766	0.00872	0.00982	0.00547	0.00761	0.00988	0.01108	0.01444	0.04777	0.05339	0.02802	0.01310	0.00657	0.00218	0.00434	0.74795	0.00443	0.00440
38	0.01022	0.00868	0.01008	0.00723	0.01146	0.00669	0.00579	0.04089	0.01038	0.01612	0.00861	0.00997	0.00712	0.00362	0.00359	0.00074	0.00360	0.00289	0.00290	0.82945
39	0.00683	0.00512	0.00768	0.00768	0.00853	0.00597	0.00597	0.00853	0.00768	0.01110	0.01280	0.01878	0.01195	0.03585	0.81308	0.00768	0.01280	0.00512	0.00256	0.00427
40	0.00903	0.00850	0.01434	0.82054	0.03292	0.01062	0.01327	0.01221	0.00956	0.01221	0.00850	0.01274	0.00637	0.00478	0.00478	0.00159	0.00637	0.00425	0.00212	0.00531
41	0.02094	0.00825	0.01108	0.00857	0.01221	0.00728	0.00705	0.02340	0.05472	0.76418	0.01889	0.01635	0.01198	0.00595	0.00481	0.00149	0.00405	0.00484	0.00586	0.00810
42	0.00946	0.00499	0.00505	0.00485	0.00612	0.00507	0.00368	0.05748	0.01077	0.01855	0.01535	0.01744	0.01200	0.00558	0.00343	0.00113	0.00241	0.00445	0.80752	0.00467
43	0.00683	0.00512	0.00768	0.00768	0.00853	0.00597	0.00597	0.00853	0.00768	0.01110	0.01280	0.01878	0.01195	0.03585	0.81308	0.00768	0.01280	0.00512	0.00256	0.00427
44	0.00991	0.00850	0.00991	0.00708	0.01133	0.00637	0.00566	0.01203	0.00991	0.01557	0.00850	0.00991	0.00708	0.00354	0.00354	0.00071	0.00354	0.00283	0.00283	0.86124
45	0.00565	0.00484	0.00484	0.00484	0.00646	0.00403	0.00363	0.00686	0.01089	0.01291	0.04842	0.04600	0.80027	0.01210	0.00565	0.00161	0.00242	0.01009	0.00444	0.00403
46	0.00632	0.00437	0.00540	0.00602	0.00617	0.00422	0.00375	0.00679	0.00818	0.01090	0.02134	0.47556	0.02531	0.37692	0.01417	0.00313	0.00360	0.01065	0.00375	0.00345
47	0.01183	0.01136	0.01940	0.02934	0.80221	0.01136	0.01467	0.01467	0.01088	0.01562	0.00899	0.01183	0.00757	0.00426	0.00473	0.00142	0.00568	0.00426	0.00237	0.00757
48	0.00629	0.00450	0.00588	0.00682	0.00723	0.00429	0.00461	0.03582	0.00965	0.01287	0.02579	0.79833	0.03073	0.01463	0.00605	0.00192	0.00287	0.01324	0.00445	0.00404
49	0.00673	0.00488	0.00634	0.00597	0.00712	0.00449	0.00448	0.00895	0.01344	0.01896	0.77512	0.03604	0.06980	0.00985	0.00564	0.00151	0.00226	0.00869	0.00523	0.00449
50	0.00683	0.00512	0.00768	0.00768	0.00853	0.00597	0.00597	0.00853	0.00768	0.01110	0.01280	0.01878	0.01195	0.03585	0.81308	0.00768	0.01280	0.00512	0.00256	0.00427
51	0.01817	0.01339	0.01434	0.01100	0.01482	0.01482	0.00908	0.78627	0.02247	0.03012	0.01148	0.01148	0.00813	0.00574	0.00478	0.00143	0.00526	0.00430	0.00478	0.00813
52	0.02144	0.00813	0.01109	0.00850	0.01220	0.00702	0.00702	0.02329	0.01368	0.80552	0.01886	0.01627	0.01183	0.00592	0.00481	0.00148	0.00407	0.00481	0.00592	0.00813
53	0.02144	0.00813	0.01109	0.00850	0.01220	0.00702	0.00702	0.02329	0.01368	0.80552	0.01886	0.01627	0.01183	0.00592	0.00481	0.00148	0.00407	0.00481	0.00592	0.00813
54	0.02089	0.00839	0.02687	0.00855	0.01226	0.00705	0.00718	0.02282	0.01361	0.77280	0.03549	0.01656	0.01243	0.00597	0.00482	0.00148	0.00409	0.00486	0.00582	0.00803
55	0.01785	0.02278	0.01354	0.01231	0.01478	0.81284	0.00924	0.01909	0.01354	0.01170	0.00739	0.00862	0.00616	0.00493	0.00431	0.00123	0.00862	0.00308	0.00246	0.00554
56	0.34317	0.00856	0.00954	0.00766	0.01107	0.00843	0.00632	0.01977	0.01157	0.50676	0.01421	0.01303	0.00930	0.00535	0.00410	0.00148	0.00393	0.00396	0.00479	0.00701
57	0.01339	0.01033	0.01071	0.00868	0.01163	0.02787	0.00701	0.47279	0.01787	0.02317	0.02546	0.02457	0.30992	0.00815	0.00510	0.00150	0.00425	0.00648	0.00460	0.00651
58	0.01049	0.01054	0.01512	0.01282	0.01299	0.01455	0.03782	0.01164	0.00746	0.01164	0.00639	0.01054	0.00631	0.00821	0.01533	0.00207	0.79447	0.00423	0.00210	0.00527
59	0.01785	0.02278	0.01354	0.01231	0.01478	0.81284	0.00924	0.01909	0.01354	0.01170	0.00739	0.00862	0.00616	0.00493	0.00431	0.00123	0.00862	0.00308	0.00246	0.00554
60	0.00744	0.00575	0.00847	0.09371	0.07205	0.00586	0.00757	0.00927	0.01014	0.01339	0.02271	0.34171	0.02535	0.01232	0.00608	0.00198	0.00408	0.34356	0.00402	0.00454
61	0.57161	0.07306	0.01037	0.00770	0.01098	0.01245	0.00646	0.22307	0.01213	0.02302	0.00796	0.00876	0.00605	0.00476	0.00346	0.00143	0.00423	0.00305	0.00338	0.00605
62	0.00657	0.00444	0.00537	0.00578	0.00588	0.00434	0.00351	0.00682	0.00775	0.01033	0.01906	0.32724	0.02240	0.50470	0.01739	0.02848	0.00393	0.00934	0.00344	0.00324
63	0.01745	0.04888	0.01416	0.01286	0.04639	0.75461	0.00942	0.01875	0.01331	0.01184	0.00743	0.00872	0.00621	0.00487	0.00429	0.00123	0.00839	0.00311	0.00245	0.00564
64	0.00977	0.02294	0.70789	0.04318	0.09227	0.01111	0.01723	0.01499	0.01014	0.01508	0.00861	0.01034	0.00620	0.00452	0.00457	0.00151	0.00691	0.00362	0.00205	0.00705
65	0.12145	0.02622	0.01086	0.00839	0.01188	0.00838	0.00690	0.02227	0.11750	0.58899	0.01721	0.01527	0.01128	0.00578	0.00455	0.00149	0.00401	0.00457	0.00534	0.00766
66	0.01773	0.01907	0.01385	0.03320	0.01527	0.50865	0.00929	0.29096	0.01661	0.01825	0.00887	0.00974	0.00686	0.00521	0.00449	0.00131	0.00737	0.00354	0.00328	0.00645
67	0.00582	0.00416	0.00555	0.00666	0.00693	0.00388	0.00444	0.00666	0.00915	0.01220	0.02634	0.82891	0.03161	0.01497	0.00610	0.00194	0.00277	0.01359	0.00444	0.00388
68	0.00683	0.00479	0.00596	0.00572	0.00645	0.00455	0.00393	0.00827	0.01116	0.01560	0.51674	0.03411	0.03510	0.30629	0.01238	0.00263	0.00311	0.00803	0.00441	0.00393
69	0.00568	0.00484	0.00485	0.00485	0.00643	0.00405	0.00362	0.00686	0.01081	0.01283	0.04768	0.04567	0.78297	0.03022	0.00606	0.00168	0.00247	0.01002	0.00440	0.00401

[dist]
# distance from previous block
# <min> <max>
0	2

[block]
# block no. 2 follows, 53 sequences, length 41
# corresponding to MSA columns:
# 90-130
name=unknown_C
#
# <colnr> <probs for GDERKNQSTAVLIFYWHMCP>
#	G	D	E	R	K	N	Q	S	T	A	V	L	I	F	Y	W	H	M	C	P
0	0.01324	0.01024	0.01059	0.00861	0.01153	0.02859	0.00694	0.46232	0.01772	0.02294	0.02592	0.02499	0.31972	0.00822	0.00511	0.00150	0.00422	0.00655	0.00459	0.00646
1	0.01183	0.01136	0.01940	0.02934	0.80221	0.01136	0.01467	0.01467	0.01088	0.01562	0.00899	0.01183	0.00757	0.00426	0.00473	0.00142	0.00568	0.00426	0.00237	0.00757
2	0.02077	0.00799	0.01088	0.00839	0.01197	0.00691	0.00691	0.02264	0.01367	0.76956	0.05456	0.01716	0.01335	0.00609	0.00484	0.00148	0.00398	0.00498	0.00589	0.00797
3	0.00981	0.02314	0.70333	0.01449	0.02126	0.01123	0.12000	0.01516	0.01025	0.01516	0.00872	0.01046	0.00621	0.00447	0.00469	0.00153	0.00720	0.00381	0.00207	0.00698
4	0.00676	0.00489	0.00639	0.00601	0.00714	0.00451	0.00451	0.00902	0.01353	0.01917	0.79969	0.03570	0.04510	0.00977	0.00564	0.00150	0.00225	0.00864	0.00526	0.00451
5	0.01786	0.02252	0.01357	0.01228	0.01478	0.79040	0.00923	0.04065	0.01380	0.01222	0.00750	0.00870	0.00621	0.00495	0.00432	0.00124	0.00852	0.00311	0.00253	0.00561
6	0.03365	0.02429	0.78477	0.01342	0.02037	0.01109	0.01731	0.01511	0.01004	0.01531	0.00852	0.01003	0.00603	0.00454	0.00450	0.00151	0.00697	0.00351	0.00204	0.00701
7	0.77203	0.04555	0.00809	0.00652	0.00957	0.01084	0.00543	0.01468	0.00857	0.07316	0.00747	0.00833	0.00566	0.00452	0.00309	0.00146	0.00378	0.00273	0.00311	0.00542
8	0.01200	0.00998	0.01071	0.00937	0.01229	0.01107	0.00732	0.02376	0.67361	0.04789	0.01815	0.01685	0.01361	0.00612	0.00471	0.00151	0.00376	0.00508	0.00466	0.10755
9	0.01782	0.00908	0.01112	0.00895	0.01234	0.00893	0.00724	0.07414	0.24649	0.48487	0.03040	0.01653	0.01279	0.00606	0.00480	0.00150	0.00402	0.00495	0.00543	0.03253
10	0.01451	0.00702	0.00918	0.00754	0.01008	0.00643	0.00602	0.07066	0.01423	0.39188	0.37470	0.02480	0.02675	0.00766	0.00518	0.00149	0.00332	0.00652	0.00554	0.00648
11	0.01183	0.01136	0.01940	0.02934	0.80221	0.01136	0.01467	0.01467	0.01088	0.01562	0.00899	0.01183	0.00757	0.00426	0.00473	0.00142	0.00568	0.00426	0.00237	0.00757
12	0.00903	0.00850	0.01434	0.82054	0.03292	0.01062	0.01327	0.01221	0.00956	0.01221	0.00850	0.01274	0.00637	0.00478	0.00478	0.00159	0.00637	0.00425	0.00212	0.00531
13	0.00589	0.00417	0.00555	0.00662	0.00688	0.00390	0.00440	0.00665	0.00905	0.01207	0.02576	0.79705	0.03087	0.03115	0.00671	0.01897	0.00284	0.01327	0.00436	0.00383
14	0.01183	0.01136	0.01940	0.02934	0.80221	0.01136	0.01467	0.01467	0.01088	0.01562	0.00899	0.01183	0.00757	0.00426	0.00473	0.00142	0.00568	0.00426	0.00237	0.00757
15	0.01012	0.00862	0.01002	0.00718	0.01142	0.00659	0.00575	0.03171	0.01023	0.01594	0.00857	0.00995	0.00711	0.00360	0.00357	0.00073	0.00358	0.00287	0.00288	0.83956
16	0.00909	0.00862	0.01473	0.79763	0.03269	0.01066	0.03535	0.01230	0.00961	0.01230	0.00853	0.01275	0.00640	0.00476	0.00480	0.00159	0.00642	0.00429	0.00213	0.00534
17	0.02144	0.00813	0.01109	0.00850	0.01220	0.00702	0.00702	0.02329	0.01368	0.80552	0.01886	0.01627	0.01183	0.00592	0.00481	0.00148	0.00407	0.00481	0.00592	0.00813
18	0.00912	0.00869	0.01494	0.78584	0.03258	0.01068	0.04672	0.01235	0.00963	0.01235	0.00855	0.01275	0.00641	0.00475	0.00482	0.00159	0.00644	0.00431	0.00214	0.00536
19	0.86579	0.00924	0.00702	0.00629	0.00924	0.01072	0.00518	0.01405	0.00813	0.02144	0.00666	0.00776	0.00518	0.00444	0.00296	0.00148	0.00370	0.00259	0.00296	0.00518
20	0.00910	0.00862	0.01461	0.79043	0.03239	0.01072	0.02802	0.01226	0.00955	0.01226	0.00848	0.01270	0.00639	0.00483	0.00499	0.00160	0.02132	0.00427	0.00213	0.00533
21	0.01728	0.01291	0.01355	0.01052	0.01412	0.03235	0.00864	0.70646	0.02131	0.02850	0.01313	0.01314	0.04257	0.00599	0.00476	0.00143	0.00510	0.00453	0.03595	0.00776
22	0.00683	0.00510	0.00757	0.00757	0.00839	0.00592	0.00584	0.00847	0.00765	0.01102	0.01290	0.01932	0.01218	0.07036	0.77889	0.00755	0.01245	0.00520	0.00258	0.00421
23	0.00608	0.00437	0.00583	0.00685	0.00729	0.00408	0.00475	0.00706	0.00933	0.01246	0.02587	0.74265	0.03072	0.01457	0.00609	0.00194	0.00293	0.08043	0.00440	0.02229
24	0.00583	0.00500	0.00501	0.00498	0.00663	0.00426	0.00374	0.00739	0.03349	0.01312	0.04758	0.04519	0.77759	0.01194	0.00563	0.00161	0.00246	0.00995	0.00445	0.00414
25	0.01183	0.01132	0.01915	0.02877	0.77916	0.01137	0.01446	0.01498	0.03372	0.01574	0.00930	0.01200	0.00778	0.00432	0.00474	0.00143	0.00562	0.00429	0.00244	0.00757
26	0.00978	0.00927	0.01570	0.60747	0.24009	0.01082	0.01365	0.01287	0.00991	0.01313	0.00863	0.01250	0.00669	0.00464	0.00477	0.00155	0.00618	0.00425	0.00219	0.00592
27	0.01168	0.00844	0.01009	0.00730	0.01146	0.00647	0.00587	0.01376	0.01049	0.13679	0.01009	0.01089	0.00781	0.00390	0.00373	0.00083	0.00362	0.00313	0.00330	0.73033
28	0.01200	0.11363	0.01259	0.00953	0.01241	0.01277	0.00764	0.02401	0.69532	0.01890	0.01785	0.01656	0.01353	0.00618	0.00464	0.00155	0.00395	0.00505	0.00451	0.00739
29	0.00852	0.00442	0.00459	0.00473	0.00574	0.00438	0.00348	0.01058	0.00991	0.01712	0.01694	0.11948	0.01468	0.00675	0.00369	0.00122	0.00230	0.00560	0.75150	0.00438
30	0.01129	0.01063	0.01435	0.01218	0.01269	0.01435	0.01012	0.10851	0.00923	0.01382	0.00716	0.01089	0.00671	0.00903	0.04316	0.00221	0.69144	0.00423	0.00245	0.00556
31	0.00580	0.00488	0.00520	0.00520	0.00672	0.00428	0.00393	0.00707	0.01049	0.01268	0.04396	0.04259	0.70146	0.01508	0.10685	0.00237	0.00372	0.00946	0.00420	0.00406
32	0.01279	0.01191	0.01124	0.01008	0.01278	0.11235	0.00781	0.04365	0.67651	0.01921	0.01774	0.01652	0.01337	0.00627	0.00479	0.00157	0.00443	0.00508	0.00456	0.00733
33	0.00583	0.00488	0.00524	0.00523	0.00674	0.00429	0.00395	0.00713	0.01057	0.01286	0.06528	0.04229	0.68002	0.01501	0.10685	0.00237	0.00372	0.00942	0.00423	0.00408
34	0.15905	0.00560	0.00626	0.00587	0.00732	0.00560	0.00448	0.01018	0.01214	0.01940	0.56107	0.02852	0.03392	0.00830	0.00488	0.00145	0.00251	0.00705	0.11181	0.00462
35	0.00596	0.00422	0.00550	0.00647	0.00672	0.00398	0.00424	0.00669	0.00888	0.01183	0.02493	0.72893	0.02983	0.11738	0.00839	0.00228	0.00301	0.01276	0.00424	0.00376
36	0.01102	0.01246	0.11695	0.17541	0.53717	0.01120	0.01458	0.01457	0.03293	0.01504	0.00915	0.01195	0.00736	0.00446	0.00472	0.00147	0.00593	0.00420	0.00235	0.00708
37	0.01215	0.69239	0.06128	0.11026	0.01526	0.01750	0.00927	0.01409	0.00971	0.01155	0.00697	0.00842	0.00616	0.00420	0.00335	0.00112	0.00536	0.00281	0.00205	0.00608
38	0.00592	0.00498	0.00532	0.00529	0.00683	0.00443	0.00400	0.00743	0.02590	0.01282	0.04338	0.04203	0.68599	0.01497	0.10684	0.00237	0.00375	0.00937	0.00421	0.00413
39	0.01515	0.01125	0.01226	0.00976	0.01291	0.01232	0.00795	0.58916	0.01912	0.02550	0.01631	0.01695	0.10800	0.02375	0.09495	0.00220	0.00573	0.00516	0.00446	0.00710
40	0.00600	0.00432	0.00541	0.00620	0.00658	0.00403	0.00408	0.00673	0.00896	0.01177	0.02678	0.60371	0.11319	0.15763	0.00924	0.00238	0.00306	0.01204	0.00417	0.00373

[dist]
# distance from previous block
# <min> <max>
14	127

# created by:
# /share/home/app/bin/augustus-3.3.1/scripts/msa2prfl.pl /dev/shm/tmp/ogap_db/pt-Sapindales/msas/rpl22.aln --setname=rpl22
