[name]
rpl32

[dist]
# distance from previous block
# <min> <max>
0	0

[block]
# block no. 0 follows, 65 sequences, length 48
# corresponding to MSA columns:
# 0-47
name=unknown_A
#
# <colnr> <probs for GDERKNQSTAVLIFYWHMCP>
#	G	D	E	R	K	N	Q	S	T	A	V	L	I	F	Y	W	H	M	C	P
0	0.00661	0.00472	0.00661	0.00756	0.00850	0.00472	0.00661	0.00850	0.00945	0.01228	0.02173	0.04630	0.02362	0.01134	0.00567	0.00189	0.00378	0.80250	0.00378	0.00378
1	0.01842	0.00699	0.00953	0.00730	0.01048	0.00603	0.00603	0.02000	0.01175	0.83298	0.01619	0.01397	0.01016	0.00508	0.00413	0.00127	0.00349	0.00413	0.00508	0.00699
2	0.00581	0.00420	0.00549	0.00516	0.00613	0.00387	0.00387	0.00775	0.01162	0.01646	0.82797	0.03066	0.03873	0.00839	0.00484	0.00129	0.00194	0.00742	0.00452	0.00387
3	0.00856	0.00745	0.00916	0.00654	0.01021	0.00567	0.03806	0.01045	0.00856	0.01337	0.00734	0.00862	0.00609	0.00306	0.00311	0.00064	0.00320	0.00253	0.00242	0.84498
4	0.01016	0.00975	0.01666	0.02520	0.83013	0.00975	0.01260	0.01260	0.00935	0.01341	0.00772	0.01016	0.00650	0.00366	0.00406	0.00122	0.00488	0.00366	0.00203	0.00650
5	0.01016	0.00975	0.01666	0.02520	0.83013	0.00975	0.01260	0.01260	0.00935	0.01341	0.00772	0.01016	0.00650	0.00366	0.00406	0.00122	0.00488	0.00366	0.00203	0.00650
6	0.00775	0.00730	0.01231	0.84587	0.02827	0.00912	0.01140	0.01049	0.00821	0.01049	0.00730	0.01094	0.00547	0.00410	0.00410	0.00137	0.00547	0.00365	0.00182	0.00456
7	0.01210	0.00960	0.01023	0.00867	0.01131	0.01088	0.00689	0.26853	0.55218	0.04104	0.01457	0.01358	0.01075	0.00536	0.00415	0.00134	0.00365	0.00433	0.00418	0.00666
8	0.01560	0.01150	0.01232	0.00944	0.01273	0.01273	0.00780	0.81645	0.01930	0.02587	0.00986	0.00986	0.00698	0.00493	0.00411	0.00123	0.00452	0.00370	0.00411	0.00698
9	0.00525	0.00449	0.00497	0.06564	0.00740	0.00408	0.00389	0.00672	0.03514	0.01119	0.03670	0.10517	0.67506	0.00999	0.00481	0.00141	0.00239	0.00842	0.00368	0.00363
10	0.00545	0.00390	0.00506	0.00584	0.00619	0.00373	0.00394	0.03830	0.00827	0.01104	0.02188	0.79928	0.02604	0.03284	0.00557	0.00171	0.00251	0.01121	0.00379	0.00346
11	0.01016	0.00975	0.01666	0.02520	0.83013	0.00975	0.01260	0.01260	0.00935	0.01341	0.00772	0.01016	0.00650	0.00366	0.00406	0.00122	0.00488	0.00366	0.00203	0.00650
12	0.01016	0.00975	0.01666	0.02520	0.83013	0.00975	0.01260	0.01260	0.00935	0.01341	0.00772	0.01016	0.00650	0.00366	0.00406	0.00122	0.00488	0.00366	0.00203	0.00650
13	0.00790	0.00750	0.01234	0.74638	0.02619	0.00953	0.01111	0.01042	0.00798	0.01042	0.00707	0.01071	0.00546	0.00447	0.00522	0.00142	0.10588	0.00364	0.00182	0.00455
14	0.00485	0.00416	0.00416	0.00416	0.00554	0.00347	0.00312	0.00589	0.00936	0.01109	0.04158	0.03950	0.82847	0.01040	0.00485	0.00139	0.00208	0.00866	0.00381	0.00347
15	0.00784	0.00720	0.01178	0.72765	0.02542	0.00904	0.01066	0.01038	0.00809	0.01075	0.00754	0.01108	0.00579	0.00438	0.00474	0.00137	0.06956	0.00366	0.05855	0.00451
16	0.01016	0.00975	0.01666	0.02520	0.83013	0.00975	0.01260	0.01260	0.00935	0.01341	0.00772	0.01016	0.00650	0.00366	0.00406	0.00122	0.00488	0.00366	0.00203	0.00650
17	0.01444	0.01787	0.01250	0.01309	0.15341	0.69647	0.00873	0.01574	0.01124	0.01063	0.00658	0.00788	0.00550	0.00413	0.00376	0.00109	0.00697	0.00282	0.00210	0.00506
18	0.00590	0.00491	0.00580	0.11409	0.00899	0.00473	0.00459	0.05507	0.00956	0.01180	0.03219	0.16436	0.54389	0.00965	0.00477	0.00142	0.00271	0.00820	0.00357	0.00380
19	0.00713	0.00357	0.00535	0.00535	0.00535	0.00357	0.00357	0.00535	0.00535	0.00713	0.00713	0.01248	0.00713	0.01426	0.01604	0.88057	0.00357	0.00357	0.00178	0.00178
20	0.01016	0.00975	0.01666	0.02520	0.83013	0.00975	0.01260	0.01260	0.00935	0.01341	0.00772	0.01016	0.00650	0.00366	0.00406	0.00122	0.00488	0.00366	0.00203	0.00650
21	0.01000	0.00943	0.04127	0.16026	0.58049	0.00938	0.01180	0.01289	0.04257	0.05104	0.00870	0.01141	0.00708	0.00405	0.00411	0.00127	0.00486	0.02102	0.00225	0.00613
22	0.58780	0.00807	0.02883	0.26902	0.01456	0.00919	0.00689	0.01160	0.00741	0.01580	0.00625	0.00806	0.00479	0.00390	0.00306	0.00130	0.00397	0.00269	0.00230	0.00452
23	0.84563	0.00782	0.00608	0.00543	0.00794	0.00901	0.00446	0.01209	0.00720	0.03290	0.02802	0.00744	0.00547	0.00396	0.00263	0.00127	0.00315	0.00240	0.00264	0.00448
24	0.00586	0.00440	0.00660	0.00660	0.00733	0.00513	0.00513	0.00733	0.00660	0.00953	0.01100	0.01613	0.01026	0.03079	0.83947	0.00660	0.01100	0.00440	0.00220	0.00367
25	0.00748	0.00393	0.00564	0.00551	0.00566	0.00399	0.00373	0.04197	0.00599	0.00800	0.00740	0.01272	0.00732	0.03499	0.01563	0.81885	0.00362	0.00363	0.00191	0.00203
26	0.01733	0.00693	0.00930	0.00725	0.01026	0.00614	0.00594	0.01946	0.05364	0.74817	0.05863	0.01491	0.01178	0.00528	0.00417	0.00128	0.00340	0.00433	0.00500	0.00680
27	0.01813	0.00691	0.00942	0.00727	0.01038	0.00597	0.00598	0.01969	0.01166	0.81510	0.01633	0.03221	0.01053	0.00525	0.00415	0.00128	0.00347	0.00429	0.00505	0.00691
28	0.00516	0.00372	0.00498	0.02921	0.00649	0.00355	0.00394	0.00592	0.00786	0.01049	0.04453	0.75423	0.02610	0.06529	0.00618	0.00179	0.00256	0.01097	0.00369	0.00333
29	0.01016	0.00975	0.01666	0.02520	0.83013	0.00975	0.01260	0.01260	0.00935	0.01341	0.00772	0.01016	0.00650	0.00366	0.00406	0.00122	0.00488	0.00366	0.00203	0.00650
30	0.01787	0.00711	0.00951	0.00737	0.01049	0.00631	0.00606	0.02013	0.06601	0.77839	0.01623	0.01406	0.01032	0.00511	0.00413	0.00128	0.00348	0.00416	0.00502	0.00695
31	0.00597	0.00398	0.00448	0.00448	0.00448	0.00398	0.00249	0.00597	0.00597	0.00796	0.01293	0.02686	0.01492	0.85574	0.02089	0.00398	0.00398	0.00597	0.00249	0.00249
32	0.01560	0.01150	0.01232	0.00944	0.01273	0.01273	0.00780	0.81645	0.01930	0.02587	0.00986	0.00986	0.00698	0.00493	0.00411	0.00123	0.00452	0.00370	0.00411	0.00698
33	0.00500	0.00357	0.00476	0.00572	0.00595	0.00333	0.00381	0.00572	0.00786	0.01048	0.02262	0.85306	0.02715	0.01286	0.00524	0.00167	0.00238	0.01167	0.00381	0.00333
34	0.03580	0.00723	0.00960	0.00737	0.01054	0.00644	0.00609	0.06003	0.01203	0.77577	0.01566	0.01362	0.00989	0.00505	0.00409	0.00127	0.00354	0.00407	0.00498	0.00693
35	0.01016	0.00975	0.01666	0.02520	0.83013	0.00975	0.01260	0.01260	0.00935	0.01341	0.00772	0.01016	0.00650	0.00366	0.00406	0.00122	0.00488	0.00366	0.00203	0.00650
36	0.01560	0.01150	0.01232	0.00944	0.01273	0.01273	0.00780	0.81645	0.01930	0.02587	0.00986	0.00986	0.00698	0.00493	0.00411	0.00123	0.00452	0.00370	0.00411	0.00698
37	0.00502	0.00359	0.00478	0.00570	0.00596	0.00335	0.00381	0.00577	0.00797	0.01065	0.04557	0.82963	0.02748	0.01273	0.00523	0.00166	0.00237	0.01155	0.00383	0.00335
38	0.01565	0.01066	0.01174	0.00904	0.01223	0.01156	0.00746	0.68344	0.01795	0.13288	0.02421	0.01085	0.00798	0.00544	0.01822	0.00133	0.00445	0.00383	0.00421	0.00687
39	0.01021	0.00882	0.00928	0.00835	0.01067	0.01021	0.00650	0.02181	0.82272	0.01717	0.01671	0.01532	0.01253	0.00557	0.00418	0.00139	0.00325	0.00464	0.00418	0.00650
40	0.88473	0.00794	0.00603	0.00540	0.00794	0.00921	0.00445	0.01207	0.00699	0.01842	0.00572	0.00667	0.00445	0.00381	0.00254	0.00127	0.00318	0.00222	0.00254	0.00445
41	0.01522	0.01933	0.01158	0.01053	0.01265	0.82147	0.00790	0.01651	0.02903	0.01020	0.00657	0.00757	0.00544	0.00426	0.00371	0.00106	0.00731	0.00269	0.00216	0.00480
42	0.01560	0.01150	0.01232	0.00944	0.01273	0.01273	0.00780	0.81645	0.01930	0.02587	0.00986	0.00986	0.00698	0.00493	0.00411	0.00123	0.00452	0.00370	0.00411	0.00698
43	0.01014	0.00981	0.01697	0.02487	0.79671	0.00978	0.04577	0.01262	0.00936	0.01340	0.00775	0.01020	0.00649	0.00365	0.00410	0.00123	0.00496	0.00371	0.00203	0.00646
44	0.05483	0.01134	0.01204	0.00926	0.01251	0.01257	0.00765	0.78015	0.01874	0.02553	0.00967	0.00971	0.00687	0.00488	0.00404	0.00123	0.00446	0.00363	0.00404	0.00687
45	0.00597	0.00398	0.00448	0.00448	0.00448	0.00398	0.00249	0.00597	0.00597	0.00796	0.01293	0.02686	0.01492	0.85574	0.02089	0.00398	0.00398	0.00597	0.00249	0.00249
46	0.00576	0.00390	0.00456	0.00476	0.00483	0.00384	0.00280	0.00595	0.00648	0.00866	0.03082	0.20392	0.01800	0.65874	0.01723	0.00343	0.00360	0.00722	0.00281	0.00270
47	0.00616	0.00414	0.00537	0.00530	0.00607	0.00423	0.00392	0.00772	0.00882	0.01308	0.31215	0.05662	0.02191	0.09634	0.25829	0.00310	0.00489	0.00585	0.17238	0.00365

[dist]
# distance from previous block
# <min> <max>
2	12

# created by:
# /share/home/app/bin/augustus-3.3.1/scripts/msa2prfl.pl /dev/shm/tmp/ogap_db/pt-Sapindales/msas/rpl32.aln --setname=rpl32
