[name]
rps16

[dist]
# distance from previous block
# <min> <max>
0	0

[block]
# block no. 0 follows, 64 sequences, length 13
# corresponding to MSA columns:
# 0-12
name=unknown_A
#
# <colnr> <probs for GDERKNQSTAVLIFYWHMCP>
#	G	D	E	R	K	N	Q	S	T	A	V	L	I	F	Y	W	H	M	C	P
0	0.00669	0.00478	0.00669	0.00765	0.00861	0.00478	0.00669	0.00861	0.00956	0.01243	0.02199	0.04685	0.02391	0.01147	0.00574	0.00191	0.00382	0.80015	0.00382	0.00382
1	0.00588	0.00425	0.00555	0.00523	0.00621	0.00392	0.00392	0.00784	0.01176	0.01666	0.82592	0.03103	0.03919	0.00849	0.00490	0.00131	0.00196	0.00751	0.00457	0.00392
2	0.01028	0.00987	0.01686	0.02550	0.82811	0.00987	0.01275	0.01275	0.00946	0.01357	0.00781	0.01028	0.00658	0.00370	0.00411	0.00123	0.00493	0.00370	0.00206	0.00658
3	0.00506	0.00361	0.00482	0.00578	0.00602	0.00337	0.00386	0.00578	0.00795	0.01060	0.02289	0.85131	0.02747	0.01301	0.00530	0.00169	0.00241	0.01181	0.00386	0.00337
4	0.00784	0.00738	0.01246	0.84404	0.02861	0.00923	0.01154	0.01061	0.00831	0.01061	0.00738	0.01107	0.00554	0.00415	0.00415	0.00138	0.00554	0.00369	0.00185	0.00461
5	0.00506	0.00361	0.00482	0.00578	0.00602	0.00337	0.00386	0.00578	0.00795	0.01060	0.02289	0.85131	0.02747	0.01301	0.00530	0.00169	0.00241	0.01181	0.00386	0.00337
6	0.01028	0.00987	0.01686	0.02550	0.82811	0.00987	0.01275	0.01275	0.00946	0.01357	0.00781	0.01028	0.00658	0.00370	0.00411	0.00123	0.00493	0.00370	0.00206	0.00658
7	0.00784	0.00738	0.01246	0.84404	0.02861	0.00923	0.01154	0.01061	0.00831	0.01061	0.00738	0.01107	0.00554	0.00415	0.00415	0.00138	0.00554	0.00369	0.00185	0.00461
8	0.00774	0.00387	0.00387	0.00387	0.00484	0.00387	0.00290	0.00968	0.00871	0.01549	0.01355	0.01549	0.01065	0.00484	0.00290	0.00097	0.00194	0.00387	0.87708	0.00387
9	0.88336	0.00803	0.00611	0.00546	0.00803	0.00932	0.00450	0.01221	0.00707	0.01864	0.00578	0.00675	0.00450	0.00386	0.00257	0.00129	0.00321	0.00225	0.00257	0.00450
10	0.00797	0.00751	0.01269	0.80075	0.07089	0.00926	0.01160	0.01073	0.00837	0.01077	0.00741	0.01103	0.00559	0.00413	0.00415	0.00138	0.00551	0.00369	0.00186	0.00472
11	0.01028	0.00987	0.01686	0.02550	0.82811	0.00987	0.01275	0.01275	0.00946	0.01357	0.00781	0.01028	0.00658	0.00370	0.00411	0.00123	0.00493	0.00370	0.00206	0.00658
12	0.00980	0.01120	0.02451	0.01751	0.02171	0.01050	0.81303	0.01331	0.00980	0.01331	0.00840	0.01120	0.00630	0.00350	0.00490	0.00140	0.00700	0.00490	0.00210	0.00560

[dist]
# distance from previous block
# <min> <max>
0	3

[block]
# block no. 1 follows, 64 sequences, length 68
# corresponding to MSA columns:
# 16-83
name=unknown_B
#
# <colnr> <probs for GDERKNQSTAVLIFYWHMCP>
#	G	D	E	R	K	N	Q	S	T	A	V	L	I	F	Y	W	H	M	C	P
0	0.01814	0.00696	0.00948	0.00731	0.01043	0.00602	0.00602	0.01976	0.01188	0.79904	0.04814	0.01480	0.01142	0.00527	0.00421	0.00129	0.00347	0.00431	0.00512	0.00695
1	0.00592	0.00432	0.00554	0.00522	0.00622	0.00401	0.00390	0.00795	0.02493	0.01624	0.76039	0.03105	0.07069	0.02906	0.00528	0.00138	0.00204	0.00748	0.00449	0.00391
2	0.00593	0.00445	0.00668	0.00668	0.00742	0.00519	0.00519	0.00742	0.00668	0.00964	0.01113	0.01632	0.01038	0.03115	0.83756	0.00668	0.01113	0.00445	0.00223	0.00371
3	0.00784	0.00738	0.01246	0.84404	0.02861	0.00923	0.01154	0.01061	0.00831	0.01061	0.00738	0.01107	0.00554	0.00415	0.00415	0.00138	0.00554	0.00369	0.00185	0.00461
4	0.00491	0.00421	0.00421	0.00421	0.00561	0.00351	0.00316	0.00596	0.00947	0.01122	0.04208	0.03997	0.82643	0.01052	0.00491	0.00140	0.00210	0.00877	0.00386	0.00351
5	0.00586	0.00424	0.00552	0.00520	0.00619	0.00391	0.00390	0.00779	0.01170	0.01653	0.80692	0.03124	0.05827	0.00854	0.00490	0.00131	0.00196	0.00754	0.00456	0.00391
6	0.01864	0.00707	0.00964	0.00739	0.01060	0.00611	0.00611	0.02024	0.01189	0.83099	0.01639	0.01414	0.01028	0.00514	0.00418	0.00129	0.00353	0.00418	0.00514	0.00707
7	0.00511	0.00434	0.00436	0.00431	0.00574	0.00368	0.00324	0.02074	0.00965	0.01149	0.04149	0.03943	0.81145	0.01042	0.00490	0.00140	0.00215	0.00867	0.00386	0.00357
8	0.01111	0.85652	0.02177	0.00711	0.01066	0.01644	0.00711	0.01244	0.00844	0.00977	0.00577	0.00666	0.00533	0.00355	0.00267	0.00089	0.00444	0.00222	0.00178	0.00533
9	0.23253	0.00597	0.00679	0.00587	0.00785	0.00588	0.00465	0.01229	0.01060	0.23621	0.39953	0.02031	0.02259	0.00641	0.00411	0.00130	0.00270	0.00528	0.00422	0.00491
10	0.00784	0.00738	0.01246	0.84404	0.02861	0.00923	0.01154	0.01061	0.00831	0.01061	0.00738	0.01107	0.00554	0.00415	0.00415	0.00138	0.00554	0.00369	0.00185	0.00461
11	0.01528	0.01118	0.01200	0.00927	0.01245	0.01237	0.00764	0.76624	0.01885	0.02543	0.01014	0.01032	0.00727	0.00546	0.01937	0.00133	0.00458	0.00376	0.04019	0.00687
12	0.00786	0.00738	0.01236	0.82308	0.02814	0.00914	0.01137	0.01061	0.00831	0.01069	0.00738	0.01101	0.00555	0.00413	0.00413	0.00137	0.00548	0.00366	0.00186	0.02650
13	0.00784	0.00738	0.01246	0.84404	0.02861	0.00923	0.01154	0.01061	0.00831	0.01061	0.00738	0.01107	0.00554	0.00415	0.00415	0.00138	0.00554	0.00369	0.00185	0.00461
14	0.00833	0.02149	0.83250	0.01184	0.01798	0.00965	0.01535	0.01315	0.00877	0.01315	0.00745	0.00877	0.00526	0.00395	0.00395	0.00132	0.00614	0.00307	0.00175	0.00614
15	0.88336	0.00803	0.00611	0.00546	0.00803	0.00932	0.00450	0.01221	0.00707	0.01864	0.00578	0.00675	0.00450	0.00386	0.00257	0.00129	0.00321	0.00225	0.00257	0.00450
16	0.02445	0.00740	0.01234	0.82814	0.02822	0.00923	0.01140	0.01064	0.00828	0.01076	0.00735	0.01099	0.00552	0.00415	0.00412	0.00138	0.00549	0.00366	0.00186	0.00461
17	0.01101	0.84093	0.02149	0.00710	0.01060	0.01623	0.00707	0.01235	0.00841	0.00977	0.00587	0.00684	0.00542	0.00406	0.01794	0.00099	0.00456	0.00226	0.00179	0.00530
18	0.00505	0.00364	0.00480	0.00572	0.00601	0.00338	0.00383	0.00579	0.00801	0.01063	0.02363	0.82006	0.05824	0.01292	0.00529	0.00168	0.00240	0.01169	0.00386	0.00338
19	0.00797	0.00762	0.01321	0.79257	0.02818	0.00931	0.06144	0.01078	0.00840	0.01078	0.00745	0.01108	0.00558	0.00411	0.00420	0.00139	0.00563	0.00377	0.00186	0.00468
20	0.01028	0.00980	0.01633	0.02429	0.77047	0.00990	0.01231	0.01341	0.06667	0.01384	0.00845	0.01065	0.00701	0.00384	0.00412	0.00125	0.00482	0.00377	0.00221	0.00658
21	0.00588	0.00425	0.00555	0.00523	0.00621	0.00392	0.00392	0.00784	0.01176	0.01666	0.82592	0.03103	0.03919	0.00849	0.00490	0.00131	0.00196	0.00751	0.00457	0.00392
22	0.88336	0.00803	0.00611	0.00546	0.00803	0.00932	0.00450	0.01221	0.00707	0.01864	0.00578	0.00675	0.00450	0.00386	0.00257	0.00129	0.00321	0.00225	0.00257	0.00450
23	0.00604	0.00403	0.00453	0.00453	0.00453	0.00403	0.00252	0.00604	0.00604	0.00805	0.01309	0.02718	0.01510	0.85402	0.02114	0.00403	0.00403	0.00604	0.00252	0.00252
24	0.00593	0.00445	0.00668	0.00668	0.00742	0.00519	0.00519	0.00742	0.00668	0.00964	0.01113	0.01632	0.01038	0.03115	0.83756	0.00668	0.01113	0.00445	0.00223	0.00371
25	0.01130	0.81967	0.02133	0.00727	0.01076	0.05259	0.00715	0.01262	0.00859	0.00979	0.00580	0.00670	0.00533	0.00359	0.00271	0.00090	0.00458	0.00224	0.00179	0.00531
26	0.00861	0.00738	0.00861	0.00615	0.00984	0.00554	0.00492	0.01046	0.00861	0.01354	0.00738	0.00861	0.00615	0.00308	0.00308	0.00062	0.00308	0.00246	0.00246	0.87941
27	0.00493	0.00411	0.00431	0.00447	0.00568	0.00348	0.00327	0.00593	0.00921	0.01112	0.03885	0.17666	0.69182	0.01094	0.00498	0.00145	0.00216	0.00928	0.00386	0.00348
28	0.01506	0.01904	0.01184	0.01072	0.01270	0.77919	0.00810	0.01612	0.01139	0.01015	0.00635	0.00760	0.00536	0.00449	0.00444	0.00112	0.06666	0.00274	0.00212	0.00480
29	0.01507	0.07856	0.01260	0.01082	0.03308	0.75875	0.00808	0.01620	0.01148	0.01022	0.00641	0.00750	0.00538	0.00421	0.00368	0.00106	0.00721	0.00267	0.00211	0.00490
30	0.00967	0.01093	0.02366	0.07580	0.02220	0.01041	0.75650	0.01312	0.00970	0.01312	0.00833	0.01120	0.00625	0.00355	0.00485	0.00140	0.00690	0.00482	0.00208	0.00553
31	0.01002	0.00859	0.00912	0.00823	0.01048	0.00988	0.00639	0.02107	0.76356	0.01733	0.07396	0.01659	0.01455	0.00584	0.00427	0.00140	0.00319	0.00489	0.00425	0.00639
32	0.00906	0.00914	0.01341	0.01128	0.01158	0.01240	0.06569	0.01015	0.00663	0.01024	0.00598	0.02456	0.00591	0.00711	0.01286	0.00179	0.77186	0.00387	0.00187	0.00460
33	0.00509	0.00363	0.00481	0.00575	0.00599	0.00339	0.00382	0.00579	0.00790	0.01054	0.02265	0.83052	0.02716	0.03423	0.00570	0.00175	0.00245	0.01166	0.00382	0.00335
34	0.01521	0.07881	0.01248	0.01045	0.01269	0.77945	0.00796	0.01629	0.01154	0.01014	0.00637	0.00743	0.00535	0.00423	0.00367	0.00106	0.00728	0.00264	0.00211	0.00485
35	0.00574	0.00417	0.00537	0.00520	0.00611	0.00384	0.00383	0.00746	0.01107	0.01547	0.67281	0.11672	0.08675	0.03042	0.00535	0.00142	0.00207	0.00800	0.00440	0.00380
36	0.00900	0.00744	0.00870	0.00624	0.00991	0.00567	0.00500	0.02349	0.00888	0.03589	0.00767	0.00878	0.00628	0.00316	0.00312	0.00064	0.00311	0.00253	0.00256	0.84192
37	0.01831	0.00700	0.00953	0.00733	0.01049	0.00605	0.00605	0.01992	0.01189	0.80998	0.03727	0.01457	0.01103	0.00523	0.00420	0.00129	0.00349	0.00426	0.00513	0.00699
38	0.00491	0.00421	0.00421	0.00421	0.00561	0.00351	0.00316	0.00596	0.00947	0.01122	0.04208	0.03997	0.82643	0.01052	0.00491	0.00140	0.00210	0.00877	0.00386	0.00351
39	0.00521	0.00381	0.00519	0.04708	0.00711	0.00367	0.00421	0.00603	0.00794	0.01056	0.02197	0.79624	0.02619	0.02651	0.00551	0.00171	0.00259	0.01131	0.00373	0.00342
40	0.00810	0.22799	0.01109	0.00706	0.00872	0.03005	0.00592	0.05567	0.00801	0.01065	0.00954	0.01320	0.00874	0.02173	0.54957	0.00470	0.00891	0.00378	0.00222	0.00436
41	0.00604	0.00403	0.00453	0.00453	0.00453	0.00403	0.00252	0.00604	0.00604	0.00805	0.01309	0.02718	0.01510	0.85402	0.02114	0.00403	0.00403	0.00604	0.00252	0.00252
42	0.00506	0.00361	0.00482	0.00578	0.00602	0.00337	0.00386	0.00578	0.00795	0.01060	0.02289	0.85131	0.02747	0.01301	0.00530	0.00169	0.00241	0.01181	0.00386	0.00337
43	0.01237	0.52755	0.06465	0.00758	0.01092	0.03528	0.00730	0.01397	0.00939	0.18929	0.04940	0.00975	0.00811	0.00432	0.00360	0.00106	0.03413	0.00302	0.00266	0.00564
44	0.01018	0.00977	0.01668	0.05932	0.79508	0.00984	0.01270	0.01266	0.00941	0.01345	0.00780	0.01031	0.00654	0.00372	0.00411	0.00124	0.00496	0.00370	0.00205	0.00650
45	0.88336	0.00803	0.00611	0.00546	0.00803	0.00932	0.00450	0.01221	0.00707	0.01864	0.00578	0.00675	0.00450	0.00386	0.00257	0.00129	0.00321	0.00225	0.00257	0.00450
46	0.01864	0.00707	0.00964	0.00739	0.01060	0.00611	0.00611	0.02024	0.01189	0.83099	0.01639	0.01414	0.01028	0.00514	0.00418	0.00129	0.00353	0.00418	0.00514	0.00707
47	0.00980	0.01120	0.02451	0.01751	0.02171	0.01050	0.81303	0.01331	0.00980	0.01331	0.00840	0.01120	0.00630	0.00350	0.00490	0.00140	0.00700	0.00490	0.00210	0.00560
48	0.00861	0.00738	0.00861	0.00615	0.00984	0.00554	0.00492	0.01046	0.00861	0.01354	0.00738	0.00861	0.00615	0.00308	0.00308	0.00062	0.00308	0.00246	0.00246	0.87941
49	0.01033	0.00892	0.00939	0.00845	0.01080	0.01033	0.00657	0.02207	0.82061	0.01738	0.01691	0.01550	0.01268	0.00564	0.00423	0.00141	0.00329	0.00470	0.00423	0.00657
50	0.86573	0.00830	0.02276	0.00559	0.00823	0.00932	0.00472	0.01223	0.00710	0.01853	0.00582	0.00679	0.00451	0.00386	0.00260	0.00129	0.00327	0.00227	0.00255	0.00453
51	0.01033	0.00892	0.00939	0.00845	0.01080	0.01033	0.00657	0.02207	0.82061	0.01738	0.01691	0.01550	0.01268	0.00564	0.00423	0.00141	0.00329	0.00470	0.00423	0.00657
52	0.00586	0.00425	0.00552	0.00520	0.00619	0.00391	0.00390	0.00780	0.01171	0.01654	0.80880	0.03122	0.05638	0.00854	0.00490	0.00131	0.00196	0.00754	0.00456	0.00391
53	0.00913	0.00920	0.01334	0.01125	0.01147	0.01261	0.05122	0.01017	0.00654	0.01017	0.00561	0.00920	0.00550	0.00707	0.01317	0.00180	0.80243	0.00370	0.00183	0.00460
54	0.01111	0.85652	0.02177	0.00711	0.01066	0.01644	0.00711	0.01244	0.00844	0.00977	0.00577	0.00666	0.00533	0.00355	0.00267	0.00089	0.00444	0.00222	0.00178	0.00533
55	0.00491	0.00421	0.00421	0.00421	0.00561	0.00351	0.00316	0.00596	0.00947	0.01122	0.04208	0.03997	0.82643	0.01052	0.00491	0.00140	0.00210	0.00877	0.00386	0.00351
56	0.01579	0.01163	0.01247	0.00956	0.01288	0.01288	0.00789	0.81426	0.01953	0.02618	0.00997	0.00997	0.00706	0.00499	0.00416	0.00125	0.00457	0.00374	0.00416	0.00706
57	0.00998	0.00989	0.01782	0.09547	0.61692	0.00992	0.15304	0.01266	0.00942	0.01327	0.00788	0.01051	0.00644	0.00371	0.00425	0.00128	0.00535	0.00391	0.00205	0.00624
58	0.00998	0.00956	0.01632	0.12653	0.72943	0.00979	0.01260	0.01248	0.00932	0.01321	0.00776	0.01038	0.00645	0.00376	0.00412	0.00125	0.00501	0.00370	0.00203	0.00634
59	0.04079	0.00681	0.00913	0.00712	0.01009	0.00597	0.00584	0.01878	0.01174	0.72738	0.09721	0.01563	0.01302	0.00544	0.00421	0.00129	0.00337	0.00446	0.00501	0.00668
60	0.86212	0.00836	0.02617	0.00562	0.00827	0.00933	0.00476	0.01223	0.00711	0.01850	0.00582	0.00680	0.00452	0.00386	0.00260	0.00129	0.00328	0.00227	0.00255	0.00454
61	0.00574	0.00424	0.00537	0.00508	0.00612	0.00386	0.00381	0.00758	0.01144	0.01590	0.71749	0.03227	0.14809	0.00877	0.00490	0.00132	0.00198	0.00769	0.00447	0.00386
62	0.00604	0.00403	0.00453	0.00453	0.00453	0.00403	0.00252	0.00604	0.00604	0.00805	0.01309	0.02718	0.01510	0.85402	0.02114	0.00403	0.00403	0.00604	0.00252	0.00252
63	0.01032	0.00908	0.01064	0.01129	0.14699	0.01025	0.00760	0.02052	0.68544	0.01674	0.01539	0.01463	0.01166	0.00531	0.00421	0.00138	0.00356	0.00453	0.00386	0.00658
64	0.00860	0.01958	0.68307	0.01289	0.01867	0.00981	0.16287	0.01318	0.00896	0.01318	0.00763	0.00922	0.00545	0.00386	0.00412	0.00133	0.00630	0.00341	0.00182	0.00604
65	0.00543	0.00396	0.00514	0.00570	0.00625	0.00361	0.00388	0.00632	0.00828	0.01127	0.09768	0.67756	0.02654	0.04899	0.00581	0.00168	0.00249	0.01049	0.00377	0.06517
66	0.01309	0.01176	0.07047	0.01019	0.01281	0.04287	0.03043	0.47642	0.01449	0.01973	0.00849	0.00974	0.00652	0.00602	0.02667	0.00151	0.21331	0.00366	0.00321	0.01860
67	0.00533	0.00392	0.00505	0.00571	0.00624	0.00355	0.00387	0.00613	0.00802	0.01077	0.02240	0.73536	0.06084	0.03342	0.00553	0.00166	0.00248	0.01087	0.00372	0.06514

[dist]
# distance from previous block
# <min> <max>
0	8

# created by:
# /share/home/app/bin/augustus-3.3.1/scripts/msa2prfl.pl /dev/shm/tmp/ogap_db/pt-Sapindales/msas/rps16.aln --setname=rps16
