[name]
accD

[dist]
# distance from previous block
# <min> <max>
8	42

[block]
# block no. 0 follows, 105 sequences, length 11
# corresponding to MSA columns:
# 46-56
name=unknown_A
#
# <colnr> <probs for GDERKNQSTAVLIFYWHMCP>
#	G	D	E	R	K	N	Q	S	T	A	V	L	I	F	Y	W	H	M	C	P
0	0.00422	0.00320	0.00467	0.00458	0.00509	0.00375	0.00356	0.02722	0.00469	0.00674	0.00738	0.01093	0.00692	0.04722	0.81383	0.00424	0.03470	0.00299	0.00153	0.00254
1	0.13584	0.00521	0.00790	0.64388	0.08038	0.00621	0.00692	0.02845	0.00581	0.04654	0.00513	0.00706	0.00384	0.00278	0.00264	0.00091	0.00340	0.00236	0.00145	0.00330
2	0.06480	0.00306	0.00348	0.09485	0.00519	0.00328	0.00275	0.00645	0.00556	0.00967	0.00811	0.00988	0.00653	0.02207	0.07697	0.02021	0.00217	0.00258	0.64979	0.00262
3	0.50696	0.00586	0.07391	0.26049	0.03817	0.00608	0.00514	0.00775	0.00513	0.01023	0.00461	0.00630	0.00367	0.00300	0.00249	0.03110	0.00282	0.02166	0.00154	0.00311
4	0.00339	0.00245	0.00321	0.00382	0.00403	0.00227	0.00256	0.00389	0.00541	0.00715	0.01619	0.84540	0.07262	0.00864	0.00355	0.00112	0.00161	0.00781	0.00259	0.00227
5	0.03374	0.00787	0.00825	0.04504	0.00903	0.04652	0.00536	0.77793	0.01236	0.01654	0.00645	0.00661	0.00461	0.00329	0.00275	0.00084	0.00316	0.00246	0.00264	0.00457
6	0.00695	0.00683	0.01142	0.03867	0.79282	0.03235	0.05266	0.00862	0.00639	0.00899	0.00524	0.00690	0.00437	0.00250	0.00278	0.00083	0.00345	0.00251	0.00138	0.00432
7	0.01036	0.00739	0.00802	0.00622	0.00835	0.00809	0.00511	0.78544	0.01246	0.06402	0.00736	0.05113	0.00554	0.00362	0.00283	0.00085	0.00296	0.00280	0.00282	0.00462
8	0.00524	0.00441	0.00503	0.06140	0.02314	0.05941	0.00426	0.07516	0.04597	0.00886	0.01614	0.02370	0.24538	0.00630	0.00340	0.00108	0.00253	0.40329	0.00243	0.00288
9	0.05407	0.63419	0.05155	0.00571	0.05233	0.08483	0.00512	0.00883	0.00596	0.05298	0.00447	0.00509	0.00383	0.00284	0.01754	0.00073	0.00323	0.00169	0.00137	0.00363
10	0.04449	0.00717	0.00808	0.21049	0.01086	0.04035	0.00572	0.59239	0.01074	0.01439	0.00655	0.00714	0.02252	0.00325	0.00275	0.00086	0.00322	0.00251	0.00234	0.00420

[dist]
# distance from previous block
# <min> <max>
2	8

[block]
# block no. 1 follows, 105 sequences, length 8
# corresponding to MSA columns:
# 69-76
name=unknown_B
#
# <colnr> <probs for GDERKNQSTAVLIFYWHMCP>
#	G	D	E	R	K	N	Q	S	T	A	V	L	I	F	Y	W	H	M	C	P
0	0.00964	0.08080	0.00870	0.00785	0.08628	0.68933	0.00562	0.01068	0.03489	0.00716	0.00457	0.00536	0.00382	0.00289	0.00270	0.00074	0.03222	0.00190	0.00145	0.00340
1	0.09196	0.00551	0.00578	0.00509	0.00670	0.00609	0.00399	0.02952	0.59154	0.04450	0.05685	0.01097	0.06021	0.00383	0.00273	0.00089	0.00212	0.00314	0.00268	0.06592
2	0.10279	0.00742	0.00757	0.07918	0.00892	0.07009	0.00511	0.55871	0.08077	0.01476	0.00655	0.00683	0.00478	0.00323	0.00264	0.00084	0.00305	0.00241	0.03013	0.00424
3	0.06653	0.00358	0.04399	0.00366	0.00459	0.00304	0.00294	0.00558	0.00716	0.03327	0.57550	0.04543	0.15139	0.03699	0.00354	0.00096	0.00160	0.00479	0.00277	0.00270
4	0.01014	0.00874	0.00828	0.07803	0.00950	0.19389	0.00552	0.62375	0.01142	0.01449	0.00606	0.00641	0.00442	0.00321	0.00273	0.00082	0.00354	0.00236	0.00238	0.00430
5	0.00608	0.04517	0.61394	0.00859	0.07950	0.02503	0.08129	0.04897	0.00633	0.00907	0.00559	0.04771	0.00442	0.00293	0.00273	0.00088	0.00392	0.00247	0.00136	0.00402
6	0.09170	0.67371	0.04539	0.00511	0.00733	0.09227	0.00493	0.00856	0.00576	0.00723	0.00396	0.00464	0.00353	0.00255	0.00214	0.00067	0.03419	0.00158	0.00127	0.00350
7	0.00627	0.00534	0.01976	0.12244	0.03612	0.00487	0.06128	0.09333	0.00655	0.03015	0.00617	0.06310	0.00526	0.00292	0.00264	0.00067	0.02667	0.00248	0.04981	0.45415

[dist]
# distance from previous block
# <min> <max>
22	35

[block]
# block no. 2 follows, 105 sequences, length 12
# corresponding to MSA columns:
# 123-134
name=unknown_C
#
# <colnr> <probs for GDERKNQSTAVLIFYWHMCP>
#	G	D	E	R	K	N	Q	S	T	A	V	L	I	F	Y	W	H	M	C	P
0	0.00375	0.00300	0.00312	0.00306	0.00403	0.00259	0.00230	0.00476	0.03987	0.03470	0.06189	0.04668	0.76688	0.00682	0.00327	0.00094	0.00147	0.00571	0.00265	0.00252
1	0.06585	0.00556	0.04237	0.57461	0.01564	0.00615	0.11553	0.00728	0.00556	0.00779	0.00536	0.04062	0.00436	0.00316	0.00325	0.01644	0.04882	0.00270	0.01502	0.01392
2	0.00975	0.01189	0.00769	0.00712	0.02742	0.73432	0.00528	0.04372	0.04971	0.00750	0.00498	0.00580	0.00413	0.00417	0.06369	0.00100	0.00495	0.00199	0.00156	0.00332
3	0.00400	0.00265	0.00306	0.00318	0.00324	0.00262	0.00187	0.00415	0.00439	0.00599	0.01004	0.18282	0.01155	0.68804	0.01158	0.00230	0.00243	0.00471	0.04953	0.00185
4	0.05133	0.00513	0.00457	0.01613	0.00548	0.12861	0.00323	0.13202	0.00733	0.00913	0.03573	0.13360	0.42841	0.02279	0.00327	0.00095	0.00228	0.00477	0.00239	0.00285
5	0.01022	0.02433	0.00762	0.00574	0.00788	0.00698	0.00473	0.54268	0.02257	0.21001	0.02929	0.00770	0.00578	0.00368	0.01636	0.01324	0.00284	0.00257	0.00279	0.07299
6	0.00758	0.83219	0.01436	0.00512	0.00747	0.05318	0.03259	0.00851	0.00581	0.00666	0.00396	0.00460	0.00360	0.00241	0.00187	0.00061	0.00314	0.00156	0.00121	0.00357
7	0.00743	0.59616	0.15101	0.00606	0.02182	0.09112	0.04271	0.02448	0.00607	0.00729	0.00424	0.00499	0.00364	0.00254	0.00223	0.00069	0.02085	0.00174	0.00126	0.00367
8	0.00677	0.00585	0.00615	0.00555	0.00710	0.00673	0.00431	0.01433	0.83920	0.01149	0.01214	0.01117	0.04885	0.00394	0.00286	0.00095	0.00217	0.00328	0.00283	0.00432
9	0.00400	0.00270	0.00310	0.00313	0.00319	0.00269	0.00182	0.00409	0.00428	0.00570	0.02636	0.07135	0.03220	0.78768	0.03452	0.00258	0.00270	0.00433	0.00179	0.00178
10	0.00353	0.00250	0.00321	0.00370	0.00387	0.00236	0.00242	0.00396	0.00522	0.00695	0.03970	0.69752	0.03806	0.16664	0.00543	0.00140	0.00180	0.00712	0.00245	0.00218
11	0.00392	0.00285	0.00366	0.00346	0.00410	0.00262	0.00257	0.00515	0.00766	0.01077	0.80423	0.02103	0.06744	0.04381	0.00376	0.00096	0.00138	0.00505	0.00299	0.00258

[dist]
# distance from previous block
# <min> <max>
3	5

[block]
# block no. 3 follows, 105 sequences, length 18
# corresponding to MSA columns:
# 141-158
name=unknown_D
#
# <colnr> <probs for GDERKNQSTAVLIFYWHMCP>
#	G	D	E	R	K	N	Q	S	T	A	V	L	I	F	Y	W	H	M	C	P
0	0.01009	0.03906	0.00838	0.00781	0.07261	0.75543	0.00560	0.05440	0.00799	0.00753	0.00449	0.00524	0.00371	0.00286	0.00253	0.00073	0.00475	0.00188	0.00150	0.00341
1	0.00586	0.00561	0.00901	0.66699	0.13133	0.03507	0.04440	0.03475	0.00606	0.00781	0.00527	0.00779	0.00413	0.00286	0.00282	0.00092	0.00371	0.02093	0.00135	0.00335
2	0.03986	0.53059	0.02133	0.00588	0.04670	0.11822	0.00506	0.10459	0.01862	0.00824	0.00458	0.00536	0.00396	0.00354	0.04411	0.00087	0.03158	0.00182	0.00147	0.00364
3	0.06919	0.00627	0.00662	0.02995	0.00741	0.01597	0.00440	0.52773	0.01901	0.01395	0.01175	0.01159	0.22072	0.00423	0.00299	0.00087	0.02459	0.00327	0.01557	0.00391
4	0.00399	0.00298	0.00442	0.00442	0.00490	0.00346	0.00341	0.00494	0.00447	0.00643	0.00753	0.01128	0.00712	0.05922	0.85274	0.00441	0.00727	0.00304	0.00150	0.00246
5	0.00939	0.00695	0.00753	0.00590	0.00783	0.00762	0.00477	0.69146	0.04291	0.01542	0.00704	0.00810	0.00548	0.09079	0.04246	0.00117	0.00316	0.00268	0.00259	0.03674
6	0.00333	0.00277	0.00292	0.00301	0.00382	0.00235	0.00221	0.00402	0.00624	0.00756	0.04729	0.16522	0.72505	0.00730	0.00334	0.00097	0.00144	0.00619	0.00260	0.00235
7	0.00418	0.04525	0.00491	0.00445	0.00504	0.00382	0.00351	0.00518	0.00458	0.00658	0.00735	0.01065	0.00682	0.01961	0.82645	0.00421	0.00711	0.00291	0.02483	0.00255
8	0.00392	0.00265	0.00308	0.00322	0.00325	0.00262	0.00188	0.00402	0.00432	0.00576	0.01015	0.19948	0.01186	0.71836	0.01202	0.00238	0.00248	0.00486	0.00188	0.00181
9	0.03952	0.81655	0.03577	0.00491	0.00728	0.04379	0.00488	0.00847	0.00573	0.00684	0.00393	0.00454	0.00356	0.00242	0.00184	0.00062	0.00306	0.00152	0.00122	0.00356
10	0.00381	0.00321	0.00345	0.00359	0.03275	0.00286	0.00260	0.03609	0.02429	0.00808	0.02578	0.02536	0.76512	0.00675	0.00328	0.00095	0.00161	0.04529	0.00256	0.00256
11	0.00587	0.01225	0.65228	0.00935	0.15575	0.00642	0.03792	0.02213	0.02295	0.00903	0.00604	0.00696	0.03500	0.00280	0.00272	0.00088	0.00386	0.00234	0.00133	0.00411
12	0.01006	0.01260	0.00827	0.00824	0.10101	0.79745	0.00573	0.01087	0.00775	0.00707	0.00441	0.00523	0.00368	0.00284	0.00254	0.00073	0.00485	0.00187	0.00143	0.00336
13	0.00632	0.00710	0.06563	0.08243	0.20664	0.01534	0.43126	0.02674	0.00647	0.00886	0.00675	0.05284	0.03607	0.00294	0.00305	0.00090	0.00390	0.00322	0.00152	0.03203
14	0.00409	0.00363	0.00393	0.00433	0.07515	0.03609	0.00288	0.00516	0.03704	0.00808	0.11592	0.02281	0.61602	0.04809	0.00372	0.00100	0.00178	0.00519	0.00247	0.00263
15	0.00432	0.00321	0.00331	0.00333	0.00342	0.04740	0.00196	0.00440	0.00438	0.00565	0.00920	0.10149	0.01061	0.77164	0.01261	0.00246	0.00272	0.00431	0.00176	0.00182
16	0.03810	0.01371	0.81412	0.00804	0.03915	0.00644	0.00990	0.00889	0.00590	0.02355	0.00508	0.00594	0.00360	0.00266	0.00263	0.00088	0.00400	0.00207	0.00124	0.00411
17	0.00340	0.00289	0.00294	0.00294	0.00387	0.00247	0.00220	0.00429	0.02783	0.00769	0.04183	0.05253	0.82153	0.00702	0.00330	0.00095	0.00144	0.00587	0.00261	0.00241

[dist]
# distance from previous block
# <min> <max>
25	55

[block]
# block no. 4 follows, 105 sequences, length 18
# corresponding to MSA columns:
# 241-258
name=unknown_E
#
# <colnr> <probs for GDERKNQSTAVLIFYWHMCP>
#	G	D	E	R	K	N	Q	S	T	A	V	L	I	F	Y	W	H	M	C	P
0	0.01003	0.02674	0.00810	0.00752	0.04824	0.78635	0.00548	0.02386	0.02467	0.00719	0.00478	0.00549	0.01344	0.00295	0.00261	0.00074	0.01509	0.00191	0.00149	0.00333
1	0.00583	0.00561	0.00762	0.00666	0.00686	0.02801	0.00548	0.02629	0.00461	0.00692	0.00461	0.00719	0.00443	0.00842	0.20742	0.00194	0.65525	0.00255	0.00132	0.00297
2	0.00333	0.00283	0.00287	0.00286	0.00379	0.00237	0.00214	0.00406	0.00643	0.00770	0.06649	0.02659	0.84504	0.00701	0.00330	0.00094	0.00141	0.00585	0.00261	0.00237
3	0.00937	0.01110	0.00781	0.00723	0.03558	0.61457	0.00538	0.03441	0.15726	0.00801	0.00556	0.00615	0.00450	0.00320	0.00314	0.00081	0.07861	0.00213	0.00170	0.00350
4	0.09146	0.00888	0.00782	0.00634	0.00832	0.22252	0.00510	0.56174	0.03789	0.01435	0.00602	0.00622	0.00443	0.00318	0.00263	0.00081	0.00344	0.00227	0.00237	0.00422
5	0.00536	0.00287	0.00297	0.01800	0.00374	0.00292	0.00217	0.04286	0.00604	0.01033	0.00891	0.01071	0.00719	0.06135	0.00279	0.00080	0.00151	0.00269	0.80416	0.00264
6	0.00338	0.00282	0.00294	0.00294	0.00383	0.00238	0.00220	0.00415	0.00650	0.00794	0.12497	0.05706	0.75536	0.00697	0.00331	0.00094	0.00141	0.00587	0.00265	0.00238
7	0.02385	0.80527	0.06176	0.00502	0.00746	0.04406	0.00507	0.00849	0.00575	0.00681	0.00396	0.00458	0.00357	0.00242	0.00186	0.00062	0.00311	0.00154	0.00121	0.00359
8	0.03183	0.03509	0.00816	0.03586	0.00865	0.09067	0.00518	0.67837	0.01164	0.01536	0.00700	0.00716	0.03309	0.00336	0.00272	0.00082	0.00317	0.00250	0.01500	0.00437
9	0.00408	0.00312	0.00462	0.00457	0.00503	0.00369	0.00355	0.00503	0.00446	0.00646	0.00735	0.01097	0.00693	0.04689	0.82585	0.00429	0.04614	0.00300	0.00149	0.00249
10	0.00353	0.00249	0.00323	0.00374	0.00390	0.00235	0.00246	0.00397	0.00526	0.00705	0.05303	0.72685	0.01755	0.14440	0.00517	0.00136	0.00177	0.00722	0.00248	0.00220
11	0.01979	0.00534	0.00811	0.56258	0.01472	0.03000	0.03574	0.02807	0.00571	0.00775	0.03833	0.01635	0.00489	0.00336	0.00393	0.00096	0.16569	0.00262	0.04296	0.00311
12	0.00951	0.00700	0.00767	0.00604	0.00797	0.00776	0.00493	0.72990	0.01167	0.01569	0.00688	0.00771	0.00525	0.04163	0.11584	0.00138	0.00362	0.00264	0.00258	0.00434
13	0.00653	0.00738	0.01586	0.01157	0.03141	0.00705	0.80868	0.00878	0.00646	0.00882	0.00559	0.00752	0.00426	0.00278	0.01889	0.00101	0.03903	0.00324	0.00141	0.00373
14	0.00332	0.00283	0.00286	0.00285	0.00378	0.00236	0.00214	0.00404	0.00641	0.00765	0.05460	0.02668	0.85696	0.00703	0.00330	0.00094	0.00141	0.00587	0.00261	0.00236
15	0.04792	0.02251	0.00335	0.02020	0.00400	0.00328	0.00236	0.03207	0.00590	0.01022	0.00863	0.03371	0.00705	0.02342	0.01479	0.00885	0.01318	0.00270	0.73317	0.00268
16	0.00357	0.00302	0.00308	0.00303	0.00400	0.00264	0.00228	0.01653	0.04321	0.00792	0.04524	0.04095	0.80111	0.00688	0.00328	0.00094	0.00147	0.00575	0.00262	0.00248
17	0.02880	0.69917	0.13162	0.00529	0.00783	0.02064	0.02074	0.00844	0.00572	0.02114	0.00431	0.00515	0.00379	0.02467	0.00226	0.00071	0.00316	0.00169	0.00126	0.00361

[dist]
# distance from previous block
# <min> <max>
42	133

[block]
# block no. 5 follows, 105 sequences, length 7
# corresponding to MSA columns:
# 616-622
name=unknown_F
#
# <colnr> <probs for GDERKNQSTAVLIFYWHMCP>
#	G	D	E	R	K	N	Q	S	T	A	V	L	I	F	Y	W	H	M	C	P
0	0.00399	0.00299	0.00449	0.00449	0.00498	0.00349	0.00349	0.00498	0.00449	0.00648	0.00748	0.01097	0.00698	0.02093	0.89084	0.00449	0.00748	0.00299	0.00150	0.00249
1	0.00679	0.00654	0.00921	0.45803	0.27634	0.09005	0.00752	0.09618	0.00680	0.00876	0.00516	0.00698	0.00402	0.00276	0.00276	0.00087	0.00366	0.00242	0.00146	0.00368
2	0.00613	0.04403	0.00948	0.00758	0.00800	0.00828	0.09891	0.00695	0.00459	0.00694	0.00405	0.00640	0.00386	0.00519	0.04545	0.00130	0.72597	0.00252	0.00125	0.00313
3	0.00340	0.00243	0.00324	0.00389	0.00405	0.00227	0.00259	0.00389	0.00534	0.00713	0.01538	0.90008	0.01846	0.00874	0.00356	0.00113	0.00162	0.00794	0.00259	0.00227
4	0.00485	0.00242	0.00364	0.00364	0.00364	0.00242	0.00242	0.00364	0.00364	0.00485	0.00485	0.00848	0.00485	0.00970	0.01091	0.91879	0.00242	0.00242	0.00121	0.00121
5	0.00424	0.00295	0.00364	0.00341	0.00422	0.00264	0.00258	0.00538	0.00751	0.05666	0.61696	0.02180	0.24572	0.00594	0.00327	0.00089	0.00140	0.00515	0.00297	0.00267
6	0.00632	0.00762	0.06477	0.01097	0.01375	0.00672	0.76929	0.00862	0.00653	0.00885	0.00707	0.00868	0.06091	0.00267	0.00326	0.00094	0.00446	0.00339	0.00147	0.00369

[dist]
# distance from previous block
# <min> <max>
3	5

[block]
# block no. 6 follows, 105 sequences, length 9
# corresponding to MSA columns:
# 630-638
name=unknown_G
#
# <colnr> <probs for GDERKNQSTAVLIFYWHMCP>
#	G	D	E	R	K	N	Q	S	T	A	V	L	I	F	Y	W	H	M	C	P
0	0.00520	0.00260	0.00260	0.00260	0.00325	0.00260	0.00195	0.00650	0.00585	0.01041	0.00911	0.01041	0.00715	0.00325	0.00195	0.00065	0.00130	0.00260	0.91740	0.00260
1	0.00399	0.00299	0.00449	0.00449	0.00498	0.00349	0.00349	0.00498	0.00449	0.00648	0.00748	0.01097	0.00698	0.02093	0.89084	0.00449	0.00748	0.00299	0.00150	0.00249
2	0.83578	0.00625	0.08687	0.00407	0.00602	0.00628	0.00371	0.00826	0.00486	0.01218	0.00399	0.00466	0.00307	0.00260	0.00181	0.00087	0.00234	0.00156	0.00168	0.00313
3	0.00348	0.00247	0.00325	0.00380	0.00398	0.00232	0.00252	0.00397	0.00537	0.00719	0.05814	0.78672	0.01820	0.07900	0.00439	0.00124	0.00169	0.00749	0.00254	0.00224
4	0.00953	0.01186	0.00754	0.00690	0.00818	0.75029	0.00524	0.01027	0.00754	0.00694	0.00589	0.00750	0.04272	0.00344	0.00302	0.00079	0.05844	0.04920	0.00154	0.00315
5	0.00399	0.00299	0.00449	0.00449	0.00498	0.00349	0.00349	0.00498	0.00449	0.00648	0.00748	0.01097	0.00698	0.02093	0.89084	0.00449	0.00748	0.00299	0.00150	0.00249
6	0.00714	0.00707	0.01110	0.01647	0.82650	0.06516	0.00836	0.00874	0.00646	0.00897	0.00519	0.00678	0.00437	0.00251	0.00275	0.00082	0.00343	0.00244	0.00139	0.00434
7	0.00672	0.00716	0.08023	0.06239	0.77041	0.00660	0.00866	0.00851	0.00628	0.00899	0.00522	0.00686	0.00431	0.00252	0.00276	0.00084	0.00340	0.00245	0.00136	0.00433
8	0.00437	0.00313	0.00362	0.00366	0.02236	0.00308	0.00233	0.05921	0.00547	0.00722	0.07991	0.08221	0.14658	0.53573	0.00973	0.00199	0.00235	0.02277	0.00208	0.00218

[dist]
# distance from previous block
# <min> <max>
0	3

[block]
# block no. 7 follows, 105 sequences, length 42
# corresponding to MSA columns:
# 642-683
name=unknown_H
#
# <colnr> <probs for GDERKNQSTAVLIFYWHMCP>
#	G	D	E	R	K	N	Q	S	T	A	V	L	I	F	Y	W	H	M	C	P
0	0.00662	0.00673	0.04176	0.13791	0.67953	0.00659	0.06316	0.00840	0.00625	0.00882	0.00523	0.00699	0.00428	0.00253	0.00280	0.00085	0.00349	0.00252	0.00136	0.00419
1	0.00445	0.00319	0.00444	0.00508	0.00571	0.00318	0.00441	0.00571	0.00640	0.00831	0.01498	0.05431	0.02821	0.00773	0.00384	0.00128	0.00253	0.83113	0.00257	0.00256
2	0.00979	0.02540	0.00786	0.00702	0.00834	0.78018	0.00532	0.01052	0.00749	0.00680	0.00444	0.00540	0.00378	0.00394	0.04987	0.00095	0.05639	0.00189	0.00143	0.00319
3	0.00334	0.00282	0.00290	0.00290	0.00380	0.00237	0.00217	0.00408	0.00644	0.00777	0.08328	0.04739	0.80719	0.00702	0.00330	0.00094	0.00141	0.00589	0.00262	0.00237
4	0.00520	0.00260	0.00260	0.00260	0.00325	0.00260	0.00195	0.00650	0.00585	0.01041	0.00911	0.01041	0.00715	0.00325	0.00195	0.00065	0.00130	0.00260	0.91740	0.00260
5	0.00565	0.03881	0.86352	0.00787	0.01195	0.00661	0.01016	0.00883	0.00589	0.00878	0.00498	0.00585	0.00354	0.00264	0.00263	0.00088	0.00409	0.00205	0.00118	0.00411
6	0.00635	0.00724	0.04436	0.01049	0.03875	0.00723	0.58373	0.00826	0.00594	0.00833	0.00523	0.00726	0.00419	0.00367	0.03896	0.00114	0.21091	0.00302	0.00136	0.00358
7	0.00520	0.00260	0.00260	0.00260	0.00325	0.00260	0.00195	0.00650	0.00585	0.01041	0.00911	0.01041	0.00715	0.00325	0.00195	0.00065	0.00130	0.00260	0.91740	0.00260
8	0.88421	0.00534	0.00418	0.02090	0.00564	0.00618	0.00311	0.00812	0.00483	0.01239	0.02277	0.00494	0.00354	0.00266	0.00178	0.00087	0.00217	0.00161	0.00175	0.00302
9	0.00490	0.00357	0.00506	0.03742	0.00571	0.00425	0.00383	0.01576	0.00490	0.04326	0.00721	0.01014	0.00646	0.03333	0.56326	0.00321	0.13008	0.00286	0.11208	0.00271
10	0.00576	0.00559	0.00788	0.00686	0.00694	0.00772	0.00568	0.00643	0.00431	0.00668	0.00429	0.00691	0.00421	0.00753	0.15454	0.00176	0.75016	0.00253	0.00127	0.00296
11	0.00340	0.00243	0.00324	0.00389	0.00405	0.00227	0.00259	0.00389	0.00534	0.00713	0.01538	0.90008	0.01846	0.00874	0.00356	0.00113	0.00162	0.00794	0.00259	0.00227
12	0.00687	0.00687	0.03781	0.01686	0.85812	0.00663	0.00862	0.00857	0.00634	0.00911	0.00524	0.00688	0.00439	0.00249	0.00276	0.00083	0.00334	0.00247	0.00138	0.00441
13	0.00446	0.00320	0.00444	0.00506	0.00571	0.00318	0.00441	0.00572	0.00642	0.00832	0.01526	0.03132	0.04708	0.00769	0.00384	0.00127	0.00253	0.83496	0.00257	0.00256
14	0.00985	0.02873	0.00820	0.01549	0.00846	0.10392	0.00522	0.63774	0.07063	0.01498	0.00707	0.00719	0.02584	0.00345	0.00302	0.00085	0.03990	0.00253	0.00253	0.00439
15	0.01061	0.00782	0.00838	0.00642	0.00866	0.00866	0.00531	0.87518	0.01312	0.01759	0.00670	0.00670	0.00475	0.00335	0.00279	0.00084	0.00307	0.00251	0.00279	0.00475
16	0.01022	0.00752	0.00808	0.00625	0.00836	0.00830	0.00512	0.82545	0.01264	0.01695	0.00701	0.03254	0.00529	0.02914	0.00314	0.00090	0.00302	0.00271	0.00276	0.00459
17	0.00745	0.83892	0.05490	0.00499	0.00743	0.03401	0.00505	0.00845	0.00574	0.00668	0.00394	0.00456	0.00358	0.00241	0.00185	0.00061	0.00309	0.00153	0.00120	0.00360
18	0.00527	0.00496	0.00837	0.89519	0.01922	0.00620	0.00775	0.00713	0.00558	0.00713	0.00496	0.00744	0.00372	0.00279	0.00279	0.00093	0.00372	0.00248	0.00124	0.00310
19	0.00330	0.00283	0.00283	0.00283	0.00377	0.00236	0.00212	0.00401	0.00636	0.00754	0.02828	0.02686	0.88336	0.00707	0.00330	0.00094	0.00141	0.00589	0.00259	0.00236
20	0.00575	0.08449	0.81868	0.00771	0.01169	0.00684	0.00988	0.00880	0.00588	0.00866	0.00492	0.00578	0.00354	0.00263	0.00258	0.00086	0.00404	0.00202	0.00118	0.00408
21	0.00369	0.00264	0.00344	0.00397	0.00421	0.00252	0.00268	0.03673	0.00565	0.00754	0.02508	0.84386	0.01792	0.02098	0.00368	0.00114	0.00169	0.00764	0.00259	0.00236
22	0.00827	0.00608	0.00672	0.00561	0.00717	0.00660	0.00443	0.58584	0.02360	0.01418	0.00953	0.29025	0.00916	0.00507	0.00304	0.00093	0.00260	0.00424	0.00273	0.00396
23	0.00344	0.00282	0.00303	0.00301	0.00387	0.00241	0.00225	0.00426	0.00664	0.00829	0.20646	0.06148	0.66864	0.00685	0.00331	0.00094	0.00140	0.00580	0.00269	0.00241
24	0.00746	0.90358	0.01463	0.00478	0.00716	0.01104	0.00478	0.00836	0.00567	0.00657	0.00388	0.00448	0.00358	0.00239	0.00179	0.00060	0.00299	0.00149	0.00119	0.00358
25	0.00587	0.00498	0.00594	0.05336	0.00730	0.00401	0.00361	0.04279	0.00606	0.00926	0.00543	0.03989	0.00468	0.00241	0.00219	0.00049	0.00218	0.00197	0.00171	0.79586
26	0.84525	0.08043	0.00498	0.00376	0.00555	0.00666	0.00317	0.00822	0.00483	0.01203	0.00389	0.00453	0.00307	0.00257	0.00173	0.00084	0.00223	0.00151	0.00168	0.00307
27	0.00694	0.00600	0.00631	0.00568	0.00726	0.00694	0.00442	0.01483	0.87945	0.01168	0.01136	0.01041	0.00852	0.00379	0.00284	0.00095	0.00221	0.00316	0.00284	0.00442
28	0.00485	0.00242	0.00364	0.00364	0.00364	0.00242	0.00242	0.00364	0.00364	0.00485	0.00485	0.00848	0.00485	0.00970	0.01091	0.91879	0.00242	0.00242	0.00121	0.00121
29	0.03779	0.57824	0.02878	0.00521	0.00736	0.16666	0.00480	0.00928	0.00635	0.09507	0.03450	0.00566	0.00467	0.00271	0.00209	0.00067	0.00323	0.00181	0.00154	0.00360
30	0.00579	0.00496	0.00579	0.00413	0.00661	0.00372	0.00331	0.00703	0.00579	0.00910	0.00496	0.00579	0.00413	0.00207	0.00207	0.00041	0.00207	0.00165	0.00165	0.91897
31	0.00442	0.00318	0.00440	0.00502	0.00566	0.00316	0.00436	0.00567	0.00639	0.00829	0.01526	0.05704	0.04575	0.00772	0.00383	0.00127	0.00250	0.81095	0.00257	0.00255
32	0.00777	0.78662	0.01376	0.00510	0.00733	0.11038	0.00487	0.00864	0.00590	0.00660	0.00393	0.00457	0.00359	0.00249	0.00201	0.00062	0.01953	0.00154	0.00122	0.00353
33	0.00591	0.14897	0.72884	0.00759	0.01141	0.00719	0.03559	0.00877	0.00588	0.00850	0.00486	0.00573	0.00356	0.00260	0.00254	0.00084	0.00397	0.00201	0.00119	0.00403
34	0.06799	0.79654	0.03975	0.00485	0.00723	0.03146	0.00484	0.00843	0.00567	0.00704	0.00392	0.00454	0.00354	0.00242	0.00183	0.00063	0.00301	0.00152	0.00123	0.00355
35	0.00445	0.00318	0.00445	0.00509	0.00571	0.00317	0.00442	0.00571	0.00638	0.00830	0.01480	0.06717	0.01616	0.00775	0.00384	0.00128	0.00253	0.83047	0.00257	0.00256
36	0.00387	0.00283	0.00361	0.00345	0.00410	0.00260	0.00256	0.00507	0.00758	0.01058	0.75270	0.05029	0.10710	0.02703	0.00356	0.00094	0.00137	0.00520	0.00298	0.00257
37	0.01061	0.00782	0.00838	0.00642	0.00866	0.00866	0.00531	0.87518	0.01312	0.01759	0.00670	0.00670	0.00475	0.00335	0.00279	0.00084	0.00307	0.00251	0.00279	0.00475
38	0.00416	0.00282	0.00384	0.05360	0.00523	0.00271	0.00313	0.00489	0.00581	0.05753	0.06615	0.62646	0.05595	0.00776	0.00348	0.00110	0.00184	0.08846	0.00259	0.00251
39	0.00751	0.88803	0.01451	0.00482	0.00719	0.02642	0.00479	0.00841	0.00571	0.00657	0.00389	0.00449	0.00358	0.00240	0.00180	0.00060	0.00302	0.00150	0.00120	0.00358
40	0.00582	0.00499	0.00580	0.00418	0.00663	0.00381	0.00334	0.00724	0.02923	0.00916	0.00513	0.00591	0.00425	0.00211	0.00209	0.00043	0.00207	0.00169	0.00169	0.89443
41	0.00330	0.00283	0.00283	0.00283	0.00377	0.00236	0.00212	0.00401	0.00636	0.00754	0.02828	0.02686	0.88336	0.00707	0.00330	0.00094	0.00141	0.00589	0.00259	0.00236

[dist]
# distance from previous block
# <min> <max>
4	68

[block]
# block no. 8 follows, 105 sequences, length 196
# corresponding to MSA columns:
# 759-954
name=unknown_I
#
# <colnr> <probs for GDERKNQSTAVLIFYWHMCP>
#	G	D	E	R	K	N	Q	S	T	A	V	L	I	F	Y	W	H	M	C	P
0	0.00571	0.03979	0.74103	0.06035	0.03435	0.00660	0.04717	0.00870	0.00591	0.00869	0.00501	0.00604	0.00361	0.00263	0.00266	0.00087	0.00405	0.00213	0.00120	0.01351
1	0.02892	0.03866	0.82095	0.00786	0.02411	0.00659	0.00990	0.00885	0.00588	0.01636	0.00500	0.00586	0.00357	0.00265	0.00261	0.00087	0.00402	0.00205	0.00122	0.00409
2	0.00577	0.02838	0.84921	0.00786	0.01191	0.00662	0.01009	0.03285	0.00609	0.00905	0.00504	0.00589	0.00357	0.00267	0.00264	0.00088	0.00408	0.00207	0.00122	0.00413
3	0.00620	0.00506	0.00586	0.00432	0.00663	0.00409	0.00343	0.06852	0.02586	0.02917	0.00572	0.02917	0.00485	0.02498	0.00250	0.00054	0.00215	0.00199	0.00183	0.76712
4	0.00399	0.00299	0.00449	0.00449	0.00498	0.00349	0.00349	0.00498	0.00449	0.00648	0.00748	0.01097	0.00698	0.02093	0.89084	0.00449	0.00748	0.00299	0.00150	0.00249
5	0.00686	0.00660	0.01134	0.01680	0.84999	0.00658	0.02959	0.00853	0.00638	0.00915	0.01850	0.00713	0.00475	0.00253	0.00278	0.00083	0.00332	0.00255	0.00141	0.00438
6	0.03101	0.70490	0.02926	0.00550	0.03043	0.14523	0.00503	0.00879	0.00601	0.00687	0.00400	0.00465	0.00359	0.00248	0.00194	0.00063	0.00331	0.00158	0.00125	0.00355
7	0.00528	0.00498	0.00837	0.88336	0.01907	0.00623	0.00773	0.00713	0.00556	0.00713	0.00494	0.00742	0.00372	0.00282	0.00288	0.00093	0.01563	0.00248	0.00124	0.00310
8	0.00331	0.00282	0.00285	0.00285	0.00378	0.00236	0.00214	0.00403	0.00639	0.00762	0.04685	0.03448	0.85695	0.00705	0.00330	0.00094	0.00141	0.00589	0.00260	0.00236
9	0.01542	0.81991	0.01397	0.00492	0.00722	0.02750	0.00481	0.03248	0.00592	0.02091	0.00408	0.00467	0.00366	0.00250	0.00201	0.00063	0.02293	0.00157	0.00128	0.00361
10	0.00997	0.00732	0.00785	0.00609	0.00810	0.00807	0.00495	0.78941	0.01223	0.01639	0.00691	0.00784	0.00528	0.09182	0.00392	0.00102	0.00304	0.00267	0.00268	0.00445
11	0.00468	0.00347	0.00472	0.00461	0.00523	0.03655	0.00359	0.00567	0.00480	0.05266	0.00754	0.01067	0.00685	0.01935	0.81118	0.00416	0.00712	0.00294	0.00160	0.00264
12	0.00659	0.00753	0.01647	0.01176	0.01459	0.00706	0.87435	0.00894	0.00659	0.00894	0.00565	0.00753	0.00424	0.00235	0.00329	0.00094	0.00471	0.00329	0.00141	0.00376
13	0.00564	0.00530	0.00877	0.63450	0.21283	0.00617	0.00761	0.01722	0.02066	0.00779	0.00615	0.00819	0.04160	0.00293	0.00281	0.00091	0.00350	0.00264	0.00137	0.00341
14	0.00710	0.00737	0.04011	0.02230	0.72064	0.08324	0.00806	0.00899	0.04447	0.00898	0.00578	0.00717	0.01791	0.00266	0.00275	0.00083	0.00342	0.00249	0.00146	0.00427
15	0.00691	0.00596	0.00628	0.00565	0.00722	0.00690	0.00439	0.01472	0.87059	0.01163	0.01153	0.01058	0.01740	0.00382	0.00284	0.00095	0.00220	0.00318	0.00284	0.00440
16	0.92162	0.00540	0.00410	0.00367	0.00540	0.00626	0.00302	0.00821	0.00475	0.01252	0.00389	0.00453	0.00302	0.00259	0.00173	0.00086	0.00216	0.00151	0.00173	0.00302
17	0.00340	0.00243	0.00324	0.00389	0.00405	0.00227	0.00259	0.00389	0.00534	0.00713	0.01538	0.90008	0.01846	0.00874	0.00356	0.00113	0.00162	0.00794	0.00259	0.00227
18	0.00712	0.00602	0.00636	0.00569	0.00729	0.00694	0.00444	0.03585	0.84512	0.02502	0.01124	0.01031	0.00840	0.00377	0.00284	0.00094	0.00223	0.00313	0.00285	0.00443
19	0.00586	0.13903	0.76513	0.00751	0.01139	0.00712	0.00954	0.00877	0.00586	0.00852	0.00485	0.00569	0.00354	0.00261	0.00253	0.00084	0.00397	0.00198	0.00118	0.00405
20	0.01241	0.00478	0.00647	0.00498	0.00713	0.00416	0.00411	0.01363	0.02573	0.86861	0.01102	0.00952	0.00694	0.00346	0.00281	0.00087	0.00237	0.00281	0.00344	0.00474
21	0.00389	0.00285	0.00364	0.00344	0.00413	0.00261	0.00258	0.00514	0.00775	0.01083	0.79829	0.02145	0.11130	0.00584	0.00329	0.00088	0.00133	0.00513	0.00303	0.00261
22	0.00659	0.00753	0.01647	0.01176	0.01459	0.00706	0.87435	0.00894	0.00659	0.00894	0.00565	0.00753	0.00424	0.00235	0.00329	0.00094	0.00471	0.00329	0.00141	0.00376
23	0.00690	0.00596	0.00627	0.00565	0.00722	0.00689	0.00439	0.01471	0.86990	0.01163	0.01155	0.01059	0.01809	0.00382	0.00285	0.00095	0.00220	0.00319	0.00284	0.00440
24	0.92162	0.00540	0.00410	0.00367	0.00540	0.00626	0.00302	0.00821	0.00475	0.01252	0.00389	0.00453	0.00302	0.00259	0.00173	0.00086	0.00216	0.00151	0.00173	0.00302
25	0.00665	0.00567	0.00597	0.00539	0.00691	0.00646	0.00419	0.01375	0.78252	0.02221	0.01302	0.01202	0.09470	0.00411	0.00289	0.00095	0.00213	0.00342	0.00282	0.00422
26	0.92162	0.00540	0.00410	0.00367	0.00540	0.00626	0.00302	0.00821	0.00475	0.01252	0.00389	0.00453	0.00302	0.00259	0.00173	0.00086	0.00216	0.00151	0.00173	0.00302
27	0.00625	0.00682	0.01416	0.24368	0.04713	0.00682	0.61586	0.00845	0.00632	0.00847	0.00545	0.00748	0.00411	0.00247	0.00314	0.00093	0.00440	0.00305	0.00137	0.00361
28	0.00340	0.00243	0.00323	0.00388	0.00405	0.00227	0.00259	0.00389	0.00535	0.00713	0.01551	0.89170	0.02676	0.00873	0.00356	0.00113	0.00162	0.00792	0.00259	0.00227
29	0.01019	0.01290	0.00788	0.00731	0.02525	0.85033	0.00540	0.01093	0.00779	0.00687	0.00442	0.00523	0.00370	0.00335	0.02604	0.00082	0.00507	0.00184	0.00144	0.00324
30	0.87667	0.00560	0.01227	0.01671	0.00574	0.01599	0.00322	0.02096	0.00493	0.01242	0.00396	0.00463	0.00307	0.00261	0.00178	0.00086	0.00224	0.00155	0.00173	0.00306
31	0.00330	0.00282	0.00283	0.00284	0.00377	0.00236	0.00213	0.00400	0.00635	0.00753	0.02810	0.03906	0.87128	0.00709	0.00330	0.00095	0.00142	0.00592	0.00259	0.00236
32	0.00598	0.00507	0.00589	0.00422	0.00670	0.00392	0.00339	0.04123	0.00608	0.00943	0.00503	0.00582	0.00416	0.00212	0.00210	0.00043	0.00211	0.00169	0.00170	0.88295
33	0.00369	0.00284	0.00338	0.00324	0.00401	0.00252	0.00243	0.00477	0.00730	0.00976	0.54717	0.02321	0.36308	0.00624	0.00329	0.00090	0.00135	0.00538	0.00288	0.00252
34	0.01252	0.00475	0.00648	0.00497	0.00713	0.00410	0.00410	0.01360	0.00799	0.88642	0.01101	0.00950	0.00691	0.00345	0.00281	0.00086	0.00238	0.00281	0.00345	0.00475
35	0.00332	0.00279	0.00288	0.00293	0.00380	0.00235	0.00217	0.00402	0.00631	0.00758	0.04460	0.09994	0.79340	0.00718	0.00332	0.00096	0.00143	0.00605	0.00260	0.00235
36	0.92162	0.00540	0.00410	0.00367	0.00540	0.00626	0.00302	0.00821	0.00475	0.01252	0.00389	0.00453	0.00302	0.00259	0.00173	0.00086	0.00216	0.00151	0.00173	0.00302
37	0.00432	0.00295	0.00378	0.00352	0.00428	0.00268	0.00266	0.00557	0.00776	0.05533	0.75602	0.02086	0.10824	0.00572	0.00327	0.00088	0.00138	0.00502	0.00305	0.00271
38	0.00450	0.00321	0.00450	0.00514	0.00578	0.00321	0.00450	0.00578	0.00643	0.00835	0.01478	0.03149	0.01606	0.00771	0.00386	0.00129	0.00257	0.86570	0.00257	0.00257
39	0.00746	0.90358	0.01463	0.00478	0.00716	0.01104	0.00478	0.00836	0.00567	0.00657	0.00388	0.00448	0.00358	0.00239	0.00179	0.00060	0.00299	0.00149	0.00119	0.00358
40	0.00406	0.00271	0.00304	0.00304	0.00304	0.00271	0.00169	0.00406	0.00406	0.00541	0.00879	0.01827	0.01015	0.90190	0.01421	0.00271	0.00271	0.00406	0.00169	0.00169
41	0.00646	0.00786	0.07310	0.03873	0.01447	0.00695	0.78150	0.00884	0.00651	0.00887	0.00568	0.00768	0.00430	0.00244	0.00324	0.00094	0.00461	0.01264	0.00140	0.00375
42	0.00406	0.00271	0.00304	0.00304	0.00304	0.00271	0.00169	0.00406	0.00406	0.00541	0.00879	0.01827	0.01015	0.90190	0.01421	0.00271	0.00271	0.00406	0.00169	0.00169
43	0.00448	0.00321	0.00447	0.00510	0.00575	0.00320	0.00446	0.00575	0.00642	0.00834	0.01502	0.03140	0.03144	0.00770	0.00385	0.00128	0.00255	0.85046	0.00257	0.00257
44	0.92162	0.00540	0.00410	0.00367	0.00540	0.00626	0.00302	0.00821	0.00475	0.01252	0.00389	0.00453	0.00302	0.00259	0.00173	0.00086	0.00216	0.00151	0.00173	0.00302
45	0.92162	0.00540	0.00410	0.00367	0.00540	0.00626	0.00302	0.00821	0.00475	0.01252	0.00389	0.00453	0.00302	0.00259	0.00173	0.00086	0.00216	0.00151	0.00173	0.00302
46	0.01061	0.00782	0.00838	0.00642	0.00866	0.00866	0.00531	0.87518	0.01312	0.01759	0.00670	0.00670	0.00475	0.00335	0.00279	0.00084	0.00307	0.00251	0.00279	0.00475
47	0.00450	0.00321	0.00450	0.00514	0.00578	0.00321	0.00450	0.00578	0.00643	0.00835	0.01478	0.03149	0.01606	0.00771	0.00386	0.00129	0.00257	0.86570	0.00257	0.00257
48	0.92162	0.00540	0.00410	0.00367	0.00540	0.00626	0.00302	0.00821	0.00475	0.01252	0.00389	0.00453	0.00302	0.00259	0.00173	0.00086	0.00216	0.00151	0.00173	0.00302
49	0.01061	0.00782	0.00838	0.00642	0.00866	0.00866	0.00531	0.87518	0.01312	0.01759	0.00670	0.00670	0.00475	0.00335	0.00279	0.00084	0.00307	0.00251	0.00279	0.00475
50	0.00395	0.00285	0.00373	0.00351	0.00417	0.00263	0.00263	0.00527	0.00790	0.01119	0.88302	0.02085	0.02634	0.00571	0.00329	0.00088	0.00132	0.00505	0.00307	0.00263
51	0.00395	0.00285	0.00373	0.00351	0.00417	0.00263	0.00263	0.00527	0.00790	0.01119	0.88302	0.02085	0.02634	0.00571	0.00329	0.00088	0.00132	0.00505	0.00307	0.00263
52	0.92162	0.00540	0.00410	0.00367	0.00540	0.00626	0.00302	0.00821	0.00475	0.01252	0.00389	0.00453	0.00302	0.00259	0.00173	0.00086	0.00216	0.00151	0.00173	0.00302
53	0.00560	0.01444	0.88744	0.00796	0.01208	0.00648	0.01031	0.00884	0.00589	0.00884	0.00501	0.00589	0.00354	0.00265	0.00265	0.00088	0.00413	0.00206	0.00118	0.00413
54	0.00688	0.00661	0.01128	0.03108	0.87074	0.00663	0.00855	0.00854	0.00634	0.00909	0.00525	0.00692	0.00441	0.00249	0.00276	0.00083	0.00332	0.00249	0.00138	0.00440
55	0.00330	0.00283	0.00283	0.00283	0.00377	0.00236	0.00212	0.00401	0.00636	0.00754	0.02828	0.02686	0.88336	0.00707	0.00330	0.00094	0.00141	0.00589	0.00259	0.00236
56	0.00703	0.00598	0.00631	0.00567	0.00726	0.00690	0.00441	0.01481	0.86615	0.02502	0.01136	0.01040	0.00850	0.00378	0.00284	0.00095	0.00221	0.00315	0.00285	0.00442
57	0.00527	0.00496	0.00837	0.89519	0.01922	0.00620	0.00775	0.00713	0.00558	0.00713	0.00496	0.00744	0.00372	0.00279	0.00279	0.00093	0.00372	0.00248	0.00124	0.00310
58	0.00340	0.00243	0.00324	0.00389	0.00405	0.00227	0.00259	0.00389	0.00534	0.00713	0.01538	0.90008	0.01846	0.00874	0.00356	0.00113	0.00162	0.00794	0.00259	0.00227
59	0.00356	0.00288	0.00294	0.00290	0.00387	0.00241	0.00218	0.00428	0.00644	0.03070	0.04610	0.02628	0.84202	0.00695	0.00329	0.00094	0.00144	0.00579	0.00262	0.00243
60	0.00560	0.01444	0.88744	0.00796	0.01208	0.00648	0.01031	0.00884	0.00589	0.00884	0.00501	0.00589	0.00354	0.00265	0.00265	0.00088	0.00413	0.00206	0.00118	0.00413
61	0.00402	0.00304	0.00455	0.00453	0.00502	0.00357	0.00353	0.00501	0.00448	0.00648	0.00741	0.01089	0.00692	0.02067	0.87641	0.00443	0.02203	0.00298	0.00149	0.00250
62	0.01252	0.00475	0.00648	0.00497	0.00713	0.00410	0.00410	0.01360	0.00799	0.88642	0.01101	0.00950	0.00691	0.00345	0.00281	0.00086	0.00238	0.00281	0.00345	0.00475
63	0.02830	0.00579	0.00631	0.00552	0.00721	0.00647	0.00434	0.02314	0.70514	0.15840	0.01109	0.01009	0.00809	0.00370	0.00281	0.00093	0.00224	0.00305	0.00292	0.00445
64	0.01008	0.01961	0.00815	0.00778	0.06615	0.79458	0.00557	0.01810	0.03141	0.00720	0.00458	0.00531	0.00379	0.00288	0.00254	0.00073	0.00481	0.00188	0.00148	0.00336
65	0.00692	0.00740	0.02021	0.03249	0.43048	0.05768	0.37051	0.00882	0.00650	0.00885	0.00534	0.00705	0.00427	0.00248	0.00302	0.00087	0.01188	0.00277	0.00139	0.01107
66	0.00418	0.00288	0.00322	0.00327	0.00344	0.01219	0.00199	0.01977	0.00466	0.00628	0.01050	0.16184	0.04403	0.64570	0.01104	0.00221	0.00244	0.00462	0.04567	0.01008
67	0.00341	0.00243	0.00325	0.00388	0.00405	0.00227	0.00259	0.00390	0.00538	0.00718	0.02624	0.88908	0.01856	0.00871	0.00356	0.00113	0.00162	0.00790	0.00260	0.00227
68	0.00579	0.00496	0.00579	0.00413	0.00661	0.00372	0.00331	0.00703	0.00579	0.00910	0.00496	0.00579	0.00413	0.00207	0.00207	0.00041	0.00207	0.00165	0.00165	0.91897
69	0.00340	0.00243	0.00324	0.00389	0.00405	0.00227	0.00259	0.00389	0.00534	0.00713	0.01538	0.90008	0.01846	0.00874	0.00356	0.00113	0.00162	0.00794	0.00259	0.00227
70	0.00333	0.00282	0.00288	0.00289	0.00380	0.00237	0.00216	0.00406	0.00640	0.00768	0.06411	0.05121	0.82269	0.00706	0.00331	0.00095	0.00142	0.00591	0.00261	0.00237
71	0.00340	0.00244	0.00322	0.00385	0.00404	0.00227	0.00257	0.00389	0.00538	0.00714	0.01589	0.86578	0.05244	0.00868	0.00355	0.00113	0.00161	0.00785	0.00259	0.00227
72	0.00395	0.00285	0.00373	0.00351	0.00417	0.00263	0.00263	0.00527	0.00790	0.01119	0.88302	0.02085	0.02634	0.00571	0.00329	0.00088	0.00132	0.00505	0.00307	0.00263
73	0.00520	0.00260	0.00260	0.00260	0.00325	0.00260	0.00195	0.00650	0.00585	0.01041	0.00911	0.01041	0.00715	0.00325	0.00195	0.00065	0.00130	0.00260	0.91740	0.00260
74	0.01242	0.00491	0.00658	0.00504	0.00721	0.00434	0.00417	0.05881	0.00826	0.84084	0.01079	0.00935	0.00680	0.00345	0.00281	0.00086	0.00241	0.00279	0.00342	0.00475
75	0.01061	0.00782	0.00838	0.00642	0.00866	0.00866	0.00531	0.87518	0.01312	0.01759	0.00670	0.00670	0.00475	0.00335	0.00279	0.00084	0.00307	0.00251	0.00279	0.00475
76	0.92162	0.00540	0.00410	0.00367	0.00540	0.00626	0.00302	0.00821	0.00475	0.01252	0.00389	0.00453	0.00302	0.00259	0.00173	0.00086	0.00216	0.00151	0.00173	0.00302
77	0.92162	0.00540	0.00410	0.00367	0.00540	0.00626	0.00302	0.00821	0.00475	0.01252	0.00389	0.00453	0.00302	0.00259	0.00173	0.00086	0.00216	0.00151	0.00173	0.00302
78	0.01252	0.00475	0.00648	0.00497	0.00713	0.00410	0.00410	0.01360	0.00799	0.88642	0.01101	0.00950	0.00691	0.00345	0.00281	0.00086	0.00238	0.00281	0.00345	0.00475
79	0.00527	0.00496	0.00837	0.89519	0.01922	0.00620	0.00775	0.00713	0.00558	0.00713	0.00496	0.00744	0.00372	0.00279	0.00279	0.00093	0.00372	0.00248	0.00124	0.00310
80	0.00447	0.00320	0.00445	0.00506	0.00571	0.00318	0.00441	0.00574	0.00647	0.00842	0.03904	0.03112	0.02892	0.00765	0.00383	0.00127	0.00252	0.82938	0.00258	0.00257
81	0.00658	0.00751	0.01636	0.01171	0.01449	0.00708	0.86278	0.00891	0.00656	0.00891	0.00562	0.00751	0.00423	0.00239	0.00337	0.00094	0.01660	0.00328	0.00141	0.00376
82	0.00560	0.01444	0.88744	0.00796	0.01208	0.00648	0.01031	0.00884	0.00589	0.00884	0.00501	0.00589	0.00354	0.00265	0.00265	0.00088	0.00413	0.00206	0.00118	0.00413
83	0.92162	0.00540	0.00410	0.00367	0.00540	0.00626	0.00302	0.00821	0.00475	0.01252	0.00389	0.00453	0.00302	0.00259	0.00173	0.00086	0.00216	0.00151	0.00173	0.00302
84	0.01051	0.00777	0.00832	0.00640	0.00862	0.00861	0.00528	0.85133	0.03714	0.01743	0.00683	0.00680	0.00485	0.00336	0.00279	0.00084	0.00305	0.00253	0.00279	0.00474
85	0.00341	0.00244	0.00325	0.00388	0.00405	0.00227	0.00259	0.00391	0.00540	0.00721	0.03305	0.88218	0.01862	0.00868	0.00356	0.00113	0.00161	0.00788	0.00260	0.00227
86	0.01061	0.00782	0.00838	0.00642	0.00866	0.00866	0.00531	0.87518	0.01312	0.01759	0.00670	0.00670	0.00475	0.00335	0.00279	0.00084	0.00307	0.00251	0.00279	0.00475
87	0.00340	0.00243	0.00324	0.00389	0.00405	0.00227	0.00259	0.00389	0.00534	0.00713	0.01538	0.90008	0.01846	0.00874	0.00356	0.00113	0.00162	0.00794	0.00259	0.00227
88	0.00448	0.00321	0.00447	0.00511	0.00576	0.00320	0.00446	0.00576	0.00642	0.00834	0.01497	0.03142	0.02818	0.00770	0.00385	0.00128	0.00255	0.85369	0.00257	0.00257
89	0.00659	0.00753	0.01647	0.01176	0.01459	0.00706	0.87435	0.00894	0.00659	0.00894	0.00565	0.00753	0.00424	0.00235	0.00329	0.00094	0.00471	0.00329	0.00141	0.00376
90	0.00450	0.00321	0.00450	0.00514	0.00578	0.00321	0.00450	0.00578	0.00643	0.00835	0.01478	0.03149	0.01606	0.00771	0.00386	0.00129	0.00257	0.86570	0.00257	0.00257
91	0.01229	0.00470	0.00640	0.00493	0.00704	0.00406	0.00406	0.01337	0.00799	0.86216	0.03518	0.00982	0.00745	0.00352	0.00282	0.00086	0.00235	0.00287	0.00344	0.00469
92	0.00691	0.00663	0.01133	0.01713	0.88449	0.00663	0.00857	0.00857	0.00636	0.00912	0.00525	0.00691	0.00442	0.00249	0.00276	0.00083	0.00332	0.00249	0.00138	0.00442
93	0.00340	0.00292	0.00292	0.00291	0.00387	0.00248	0.00218	0.00431	0.03056	0.00766	0.02781	0.02641	0.85911	0.00698	0.00329	0.00094	0.00144	0.00582	0.00260	0.00241
94	0.01068	0.00771	0.00831	0.00637	0.00860	0.00849	0.00526	0.84460	0.01294	0.04843	0.00685	0.00680	0.00482	0.00335	0.00279	0.00084	0.00305	0.00252	0.00282	0.00475
95	0.01093	0.00731	0.00806	0.00618	0.00840	0.00789	0.00510	0.73101	0.01226	0.16298	0.00742	0.00717	0.00511	0.00337	0.00279	0.00084	0.00296	0.00256	0.00290	0.00475
96	0.01153	0.00453	0.00616	0.00480	0.00678	0.00393	0.00393	0.01264	0.00798	0.78532	0.11174	0.01081	0.00915	0.00371	0.00286	0.00087	0.00225	0.00307	0.00341	0.00451
97	0.00340	0.00243	0.00324	0.00389	0.00405	0.00227	0.00259	0.00389	0.00534	0.00713	0.01538	0.90008	0.01846	0.00874	0.00356	0.00113	0.00162	0.00794	0.00259	0.00227
98	0.00424	0.00313	0.00452	0.00445	0.00498	0.00364	0.00347	0.02282	0.00474	0.00694	0.00749	0.01082	0.00691	0.02882	0.79072	0.00409	0.02551	0.00296	0.05719	0.00255
99	0.00740	0.82307	0.01395	0.00492	0.00715	0.03513	0.00480	0.00828	0.00565	0.00658	0.00399	0.00473	0.00368	0.00301	0.02714	0.00073	0.03347	0.00158	0.00121	0.00352
100	0.00399	0.00298	0.00446	0.00446	0.00494	0.00347	0.00345	0.00497	0.00448	0.00646	0.00750	0.01112	0.00704	0.03932	0.87255	0.00445	0.00738	0.00301	0.00150	0.00248
101	0.00659	0.00753	0.01647	0.01176	0.01459	0.00706	0.87435	0.00894	0.00659	0.00894	0.00565	0.00753	0.00424	0.00235	0.00329	0.00094	0.00471	0.00329	0.00141	0.00376
102	0.03532	0.00728	0.00790	0.01675	0.01532	0.00802	0.00509	0.74472	0.02757	0.03754	0.02785	0.04059	0.00583	0.00358	0.00280	0.00085	0.00293	0.00277	0.00275	0.00453
103	0.00978	0.01186	0.00818	0.00777	0.06339	0.69902	0.00564	0.05396	0.02090	0.00758	0.00454	0.00541	0.00379	0.00307	0.00314	0.00078	0.08437	0.00195	0.00150	0.00339
104	0.00696	0.00677	0.01121	0.01669	0.84468	0.02953	0.01562	0.00860	0.00638	0.00903	0.00525	0.00691	0.00443	0.00270	0.01272	0.00087	0.00342	0.00248	0.00138	0.00436
105	0.00686	0.00658	0.01125	0.04226	0.85973	0.00662	0.00854	0.00853	0.00633	0.00906	0.00524	0.00692	0.00440	0.00250	0.00276	0.00083	0.00333	0.00249	0.00138	0.00438
