[name]
atpE

[dist]
# distance from previous block
# <min> <max>
0	0

[block]
# block no. 0 follows, 135 sequences, length 51
# corresponding to MSA columns:
# 0-50
name=unknown_A
#
# <colnr> <probs for GDERKNQSTAVLIFYWHMCP>
#	G	D	E	R	K	N	Q	S	T	A	V	L	I	F	Y	W	H	M	C	P
0	0.00363	0.00259	0.00363	0.00415	0.00466	0.00259	0.00363	0.00466	0.00518	0.00674	0.01192	0.02539	0.01296	0.00622	0.00311	0.00104	0.00207	0.89170	0.00207	0.00207
1	0.00551	0.00472	0.00497	0.00446	0.00571	0.00541	0.00347	0.04135	0.81611	0.00937	0.00989	0.00913	0.06342	0.00321	0.00231	0.00076	0.00176	0.00267	0.00228	0.00347
2	0.00282	0.00201	0.00265	0.00314	0.00328	0.00189	0.00209	0.01291	0.00435	0.00580	0.01218	0.88371	0.01458	0.03301	0.00311	0.00095	0.00134	0.00626	0.00207	0.00184
3	0.00834	0.01049	0.00642	0.00591	0.02207	0.86979	0.00438	0.02710	0.01477	0.00575	0.00358	0.00415	0.00297	0.00233	0.00204	0.00059	0.00398	0.00148	0.00119	0.00266
4	0.00274	0.00196	0.00261	0.00313	0.00326	0.00183	0.00209	0.00313	0.00431	0.00575	0.01241	0.91942	0.01489	0.00705	0.00287	0.00091	0.00131	0.00640	0.00209	0.00183
5	0.00445	0.00243	0.00262	0.00277	0.04427	0.00246	0.00193	0.04379	0.00499	0.00859	0.00712	0.00813	0.00559	0.00260	0.00163	0.00054	0.00119	0.00209	0.85057	0.00224
6	0.00318	0.00230	0.00300	0.00282	0.00336	0.00212	0.00212	0.00423	0.00635	0.00899	0.89317	0.01688	0.03376	0.00462	0.00266	0.00071	0.00106	0.00408	0.00247	0.00212
7	0.00274	0.00196	0.00261	0.00313	0.00326	0.00183	0.00209	0.00313	0.00431	0.00575	0.01241	0.91942	0.01489	0.00705	0.00287	0.00091	0.00131	0.00640	0.00209	0.00183
8	0.00560	0.00484	0.00509	0.00458	0.00585	0.00560	0.00356	0.01196	0.90278	0.00942	0.00916	0.00840	0.00687	0.00305	0.00229	0.00076	0.00178	0.00255	0.00229	0.00356
9	0.00464	0.00400	0.00482	0.07111	0.00609	0.00315	0.00293	0.00567	0.00466	0.00722	0.00400	0.00477	0.00331	0.00171	0.00171	0.00036	0.00177	0.00138	0.00131	0.86539
10	0.00841	0.01073	0.00638	0.00580	0.00696	0.91185	0.00435	0.00899	0.00638	0.00551	0.00348	0.00406	0.00290	0.00232	0.00203	0.00058	0.00406	0.00145	0.00116	0.00261
11	0.00425	0.00401	0.00680	0.88798	0.01527	0.00497	0.02092	0.00574	0.00451	0.00578	0.00413	0.01857	0.00317	0.00231	0.00227	0.00075	0.00299	0.00207	0.00102	0.00250
12	0.00281	0.00240	0.00243	0.00242	0.00320	0.00208	0.00183	0.00365	0.04629	0.00624	0.02200	0.02112	0.84971	0.00559	0.00265	0.00076	0.00119	0.01955	0.00210	0.00198
13	0.00313	0.00229	0.00294	0.00280	0.00333	0.00210	0.00209	0.00413	0.00621	0.00869	0.80765	0.04292	0.09378	0.00476	0.00266	0.00072	0.00108	0.00419	0.00244	0.00210
14	0.00389	0.00196	0.00293	0.00294	0.00294	0.00195	0.00196	0.00294	0.00295	0.00394	0.00403	0.01976	0.00407	0.00781	0.00871	0.92129	0.00195	0.00202	0.00099	0.00099
15	0.00627	0.82560	0.01120	0.00402	0.00587	0.07696	0.00389	0.00699	0.00474	0.02415	0.00327	0.00374	0.00295	0.00199	0.00156	0.00050	0.01115	0.00125	0.00102	0.00288
16	0.00856	0.00631	0.00676	0.00518	0.00698	0.00698	0.00428	0.89934	0.01058	0.01419	0.00540	0.00540	0.00383	0.00270	0.00225	0.00068	0.00248	0.00203	0.00225	0.00383
17	0.00462	0.01102	0.82067	0.00714	0.09800	0.00524	0.00818	0.00711	0.00479	0.00715	0.00406	0.00483	0.00292	0.00213	0.00215	0.00071	0.00326	0.00170	0.00097	0.00335
18	0.00319	0.00230	0.00301	0.00283	0.00336	0.00212	0.00212	0.00425	0.00637	0.00903	0.90566	0.01681	0.02124	0.00460	0.00265	0.00071	0.00106	0.00407	0.00248	0.00212
19	0.00557	0.00535	0.00914	0.01382	0.90685	0.00535	0.00691	0.00691	0.00513	0.00735	0.00423	0.00557	0.00357	0.00201	0.00223	0.00067	0.00267	0.00201	0.00111	0.00357
20	0.00451	0.01164	0.90923	0.00642	0.00974	0.00523	0.00832	0.00713	0.00475	0.00713	0.00404	0.00475	0.00285	0.00214	0.00214	0.00071	0.00333	0.00166	0.00095	0.00333
21	0.00269	0.00228	0.00232	0.00234	0.00308	0.00192	0.00176	0.00328	0.00514	0.00614	0.03703	0.03079	0.86365	0.00571	0.00267	0.00077	0.00116	0.02326	0.00210	0.00191
22	0.00275	0.00228	0.00240	0.00237	0.00309	0.00194	0.00178	0.00340	0.00533	0.00656	0.16737	0.02087	0.76107	0.00552	0.00266	0.00075	0.00113	0.00464	0.00215	0.00194
23	0.00275	0.00197	0.00261	0.00311	0.00325	0.00183	0.00207	0.00314	0.00430	0.00573	0.01244	0.89502	0.02463	0.02166	0.00301	0.00093	0.00132	0.00633	0.00208	0.00182
24	0.00817	0.00598	0.00647	0.00498	0.00672	0.00654	0.00410	0.80722	0.01007	0.02864	0.04416	0.00594	0.00460	0.00287	0.00981	0.00069	0.00241	0.00210	0.00223	0.03631
25	0.00560	0.00484	0.00509	0.00458	0.00585	0.00560	0.00356	0.01196	0.90278	0.00942	0.00916	0.00840	0.00687	0.00305	0.00229	0.00076	0.00178	0.00255	0.00229	0.00356
26	0.00830	0.05252	0.00663	0.00571	0.00690	0.87045	0.00433	0.00889	0.00630	0.00550	0.00346	0.00404	0.00290	0.00230	0.00200	0.00058	0.00398	0.00144	0.00115	0.00262
27	0.00844	0.00635	0.00668	0.00517	0.00694	0.02706	0.00425	0.84471	0.04550	0.01381	0.00551	0.00549	0.00393	0.00271	0.00225	0.00068	0.00248	0.00203	0.00223	0.00379
28	0.93679	0.00435	0.00331	0.00296	0.00435	0.00505	0.00244	0.00662	0.00383	0.01010	0.00313	0.00366	0.00244	0.00209	0.00139	0.00070	0.00174	0.00122	0.00139	0.00244
29	0.00530	0.00601	0.01294	0.00938	0.02219	0.00574	0.84704	0.00712	0.00523	0.00713	0.00448	0.00601	0.00340	0.00199	0.00287	0.00077	0.04564	0.00262	0.00113	0.00302
30	0.00268	0.00229	0.00231	0.00232	0.00307	0.00191	0.00175	0.00327	0.00515	0.00613	0.03238	0.02168	0.88055	0.00570	0.00267	0.00076	0.00116	0.02024	0.00209	0.00191
31	0.93679	0.00435	0.00331	0.00296	0.00435	0.00505	0.00244	0.00662	0.00383	0.01010	0.00313	0.00366	0.00244	0.00209	0.00139	0.00070	0.00174	0.00122	0.00139	0.00244
32	0.00303	0.00229	0.00279	0.00266	0.00327	0.00206	0.00200	0.00394	0.00600	0.00813	0.63757	0.01829	0.28988	0.00494	0.00266	0.00072	0.00109	0.00428	0.00236	0.00206
33	0.00274	0.00196	0.00261	0.00313	0.00326	0.00183	0.00209	0.00313	0.00431	0.00575	0.01241	0.91942	0.01489	0.00705	0.00287	0.00091	0.00131	0.00640	0.00209	0.00183
34	0.00483	0.00402	0.00470	0.00337	0.00536	0.00305	0.00270	0.01553	0.00477	0.02671	0.00412	0.00474	0.00339	0.00170	0.00169	0.00034	0.00168	0.00136	0.00137	0.90456
35	0.00829	0.05427	0.00664	0.00571	0.00690	0.86872	0.00433	0.00888	0.00629	0.00550	0.00346	0.00404	0.00290	0.00230	0.00200	0.00058	0.00398	0.00144	0.00115	0.00262
36	0.00492	0.00492	0.00689	0.00591	0.00591	0.00689	0.00492	0.00542	0.00345	0.00542	0.00295	0.00492	0.00295	0.00394	0.00739	0.00098	0.91677	0.00197	0.00098	0.00246
37	0.00996	0.00380	0.00518	0.00398	0.00570	0.00328	0.00328	0.01083	0.00644	0.88984	0.02739	0.00785	0.00590	0.00282	0.00227	0.00070	0.00190	0.00230	0.00278	0.00380
38	0.00482	0.00409	0.00475	0.00341	0.00540	0.00316	0.00273	0.04063	0.00490	0.00760	0.00406	0.00470	0.00335	0.00171	0.00169	0.00035	0.00170	0.00136	0.00137	0.89824
39	0.00275	0.00230	0.00233	0.00231	0.00308	0.00192	0.00174	0.00334	0.00517	0.01598	0.04003	0.02142	0.87870	0.00565	0.00266	0.00076	0.00115	0.00471	0.00211	0.00193
40	0.00942	0.00371	0.00503	0.00391	0.00554	0.00324	0.00321	0.01039	0.02108	0.81449	0.08789	0.00848	0.00697	0.00295	0.00230	0.00070	0.00184	0.00243	0.00275	0.00368
41	0.00560	0.00484	0.00509	0.00458	0.00585	0.00560	0.00356	0.01196	0.90278	0.00942	0.00916	0.00840	0.00687	0.00305	0.00229	0.00076	0.00178	0.00255	0.00229	0.00356
42	0.07164	0.00391	0.00507	0.00394	0.00563	0.00353	0.00325	0.02547	0.03185	0.79315	0.00867	0.00761	0.02008	0.00279	0.00221	0.00070	0.00190	0.00224	0.00266	0.00370
43	0.00313	0.00227	0.00295	0.00283	0.00334	0.00209	0.00211	0.00413	0.00617	0.00867	0.80464	0.08410	0.05546	0.00483	0.00267	0.00073	0.00108	0.00427	0.00243	0.00209
44	0.00602	0.92224	0.01180	0.00385	0.00578	0.00891	0.00385	0.00674	0.00457	0.00530	0.00313	0.00361	0.00289	0.00193	0.00144	0.00048	0.00241	0.00120	0.00096	0.00289
45	0.00266	0.00228	0.00228	0.00228	0.00304	0.00190	0.00171	0.00323	0.00513	0.00608	0.02280	0.02166	0.90593	0.00570	0.00266	0.00076	0.00114	0.00475	0.00209	0.00190
46	0.92197	0.01897	0.00344	0.00297	0.00438	0.00511	0.00246	0.00662	0.00384	0.01002	0.00313	0.00366	0.00245	0.00209	0.00139	0.00069	0.00175	0.00122	0.00139	0.00245
47	0.00269	0.00228	0.00232	0.00232	0.00306	0.00191	0.00174	0.00328	0.00519	0.00624	0.07042	0.03275	0.84683	0.00566	0.00266	0.00076	0.00114	0.00473	0.00211	0.00191
48	0.00275	0.00196	0.00261	0.00312	0.00325	0.00183	0.00208	0.00314	0.00429	0.00572	0.01232	0.90519	0.01478	0.02143	0.00301	0.00093	0.00132	0.00635	0.00208	0.00182
49	0.00440	0.00415	0.00697	0.81113	0.10581	0.00504	0.00628	0.00596	0.01725	0.00597	0.00410	0.00599	0.00311	0.00224	0.00225	0.00074	0.00295	0.00201	0.00103	0.00262
50	0.00267	0.00227	0.00230	0.00231	0.00305	0.00190	0.00173	0.00325	0.00514	0.00613	0.04077	0.04347	0.86593	0.00571	0.00267	0.00076	0.00114	0.00478	0.00210	0.00190

[dist]
# distance from previous block
# <min> <max>
2	4

[block]
# block no. 1 follows, 135 sequences, length 78
# corresponding to MSA columns:
# 56-133
name=unknown_B
#
# <colnr> <probs for GDERKNQSTAVLIFYWHMCP>
#	G	D	E	R	K	N	Q	S	T	A	V	L	I	F	Y	W	H	M	C	P
0	0.00818	0.01568	0.00649	0.00591	0.02062	0.84187	0.01336	0.00897	0.03463	0.00568	0.00367	0.00425	0.00304	0.00236	0.00212	0.00059	0.01723	0.00151	0.00119	0.00266
1	0.07604	0.74784	0.06700	0.00403	0.00597	0.04792	0.00404	0.00689	0.00463	0.01411	0.00326	0.00374	0.00288	0.00198	0.00152	0.00052	0.00248	0.00125	0.00102	0.00288
2	0.02634	0.00617	0.04614	0.02180	0.06626	0.00563	0.77859	0.00716	0.00524	0.00726	0.00448	0.00594	0.00338	0.00192	0.00258	0.00075	0.00365	0.00254	0.00113	0.00306
3	0.00391	0.00198	0.00299	0.01548	0.00311	0.00200	0.00201	0.00297	0.00295	0.00394	0.00391	0.00683	0.00390	0.00774	0.00871	0.92167	0.00197	0.00196	0.00098	0.00100
4	0.00280	0.00203	0.00258	0.00297	0.00317	0.00188	0.00198	0.00320	0.00438	0.00578	0.04646	0.70970	0.10590	0.09148	0.00364	0.00101	0.00136	0.00585	0.00204	0.00180
5	0.00575	0.00478	0.00525	0.01844	0.03664	0.00542	0.00368	0.01149	0.79673	0.04841	0.00877	0.00814	0.00655	0.00296	0.00227	0.00075	0.00183	0.00248	0.00223	0.02744
6	0.00353	0.00255	0.00349	0.00393	0.00447	0.00251	0.00340	0.00453	0.00523	0.00678	0.05177	0.02471	0.08751	0.00610	0.00305	0.00100	0.00195	0.77932	0.00209	0.00206
7	0.00976	0.00380	0.00514	0.00398	0.00566	0.00332	0.00327	0.01075	0.02543	0.85748	0.04068	0.00800	0.00616	0.00286	0.00228	0.00070	0.00188	0.00233	0.00276	0.00376
8	0.00276	0.00197	0.00263	0.00315	0.00329	0.00184	0.00212	0.00316	0.00433	0.00576	0.01240	0.90291	0.01485	0.00704	0.00288	0.00092	0.00132	0.02275	0.00209	0.00183
9	0.00361	0.00258	0.00361	0.00413	0.00464	0.00258	0.00361	0.00464	0.00517	0.00672	0.01193	0.03829	0.01298	0.00623	0.00311	0.00103	0.00206	0.87893	0.00207	0.00207
10	0.85136	0.06704	0.00397	0.00307	0.00451	0.00536	0.00258	0.02770	0.00404	0.00987	0.00319	0.00369	0.00250	0.00209	0.00142	0.00068	0.00180	0.00124	0.00138	0.00250
11	0.93679	0.00435	0.00331	0.00296	0.00435	0.00505	0.00244	0.00662	0.00383	0.01010	0.00313	0.00366	0.00244	0.00209	0.00139	0.00070	0.00174	0.00122	0.00139	0.00244
12	0.00330	0.00218	0.00244	0.00244	0.00246	0.00218	0.00137	0.00334	0.00332	0.00450	0.00710	0.01452	0.00810	0.88965	0.01112	0.00213	0.00214	0.00323	0.03308	0.00139
13	0.00988	0.00388	0.00522	0.00403	0.00575	0.00342	0.00332	0.01102	0.05042	0.86430	0.00889	0.00770	0.00564	0.00280	0.00227	0.00070	0.00191	0.00228	0.00276	0.00382
14	0.00431	0.00404	0.00668	0.87579	0.01508	0.00503	0.00613	0.00602	0.04364	0.00591	0.00423	0.00611	0.00317	0.00229	0.00225	0.00075	0.00295	0.00202	0.00106	0.00255
15	0.00266	0.00228	0.00228	0.00228	0.00304	0.00190	0.00171	0.00323	0.00513	0.00608	0.02280	0.02166	0.90593	0.00570	0.00266	0.00076	0.00114	0.00475	0.00209	0.00190
16	0.78672	0.00424	0.00373	0.11983	0.00575	0.00494	0.00291	0.00642	0.00398	0.00947	0.02183	0.00445	0.01416	0.00221	0.00154	0.00070	0.00188	0.00142	0.00137	0.00243
17	0.00841	0.01073	0.00638	0.00580	0.00696	0.91185	0.00435	0.00899	0.00638	0.00551	0.00348	0.00406	0.00290	0.00232	0.00203	0.00058	0.00406	0.00145	0.00116	0.00261
18	0.00841	0.01073	0.00638	0.00580	0.00696	0.91185	0.00435	0.00899	0.00638	0.00551	0.00348	0.00406	0.00290	0.00232	0.00203	0.00058	0.00406	0.00145	0.00116	0.00261
19	0.00464	0.01116	0.83823	0.00672	0.03540	0.00523	0.04287	0.00717	0.00480	0.01753	0.00412	0.00486	0.00293	0.00213	0.00216	0.00071	0.00331	0.00172	0.00098	0.00333
20	0.00271	0.00228	0.00235	0.00233	0.00307	0.00192	0.00175	0.00333	0.00525	0.00636	0.10595	0.02121	0.82261	0.00560	0.00266	0.00076	0.00113	0.00469	0.00213	0.00192
21	0.00556	0.00480	0.00506	0.00455	0.00582	0.00555	0.00354	0.01185	0.89179	0.00938	0.00933	0.00856	0.01788	0.00309	0.00230	0.00076	0.00177	0.00257	0.00229	0.00354
22	0.00283	0.00228	0.00251	0.00246	0.00314	0.00197	0.00184	0.00355	0.00551	0.00700	0.29826	0.03162	0.61839	0.00538	0.00266	0.00075	0.00112	0.00456	0.00221	0.00197
23	0.00274	0.00196	0.00261	0.00313	0.00326	0.00183	0.00209	0.00313	0.00431	0.00575	0.01241	0.91942	0.01489	0.00705	0.00287	0.00091	0.00131	0.00640	0.00209	0.00183
24	0.00400	0.00248	0.00327	0.00297	0.00364	0.00226	0.00226	0.00504	0.00638	0.11541	0.79958	0.01573	0.01939	0.00439	0.00261	0.00071	0.00116	0.00386	0.00251	0.00233
25	0.00771	0.00947	0.00647	0.00624	0.06817	0.72142	0.00449	0.00863	0.05001	0.00581	0.00383	0.00455	0.00321	0.00279	0.02391	0.00069	0.06708	0.00160	0.00120	0.00270
26	0.01696	0.85445	0.01794	0.00387	0.00579	0.00853	0.00384	0.00697	0.00467	0.05504	0.00345	0.00384	0.00303	0.00198	0.00149	0.00050	0.00238	0.00127	0.00107	0.00294
27	0.01010	0.00383	0.00522	0.00401	0.00575	0.00331	0.00331	0.01097	0.00644	0.90841	0.00888	0.00766	0.00557	0.00279	0.00226	0.00070	0.00192	0.00226	0.00279	0.00383
28	0.00451	0.01164	0.90923	0.00642	0.00974	0.00523	0.00832	0.00713	0.00475	0.00713	0.00404	0.00475	0.00285	0.00214	0.00214	0.00071	0.00333	0.00166	0.00095	0.00333
29	0.00563	0.00553	0.00886	0.06535	0.81136	0.04981	0.00675	0.00694	0.00515	0.00717	0.00418	0.00552	0.00350	0.00204	0.00222	0.00067	0.00276	0.00198	0.00111	0.00346
30	0.74463	0.00466	0.00386	0.00332	0.00476	0.01974	0.00273	0.13408	0.00492	0.03087	0.00370	0.00412	0.00280	0.00221	0.00155	0.00069	0.00187	0.00138	0.02544	0.00266
31	0.00849	0.00638	0.00670	0.00517	0.00694	0.03014	0.00425	0.86749	0.01042	0.01388	0.00553	0.00553	0.01288	0.00272	0.00225	0.00067	0.00250	0.00204	0.00222	0.00378
32	0.00602	0.89390	0.02931	0.00392	0.00587	0.01925	0.00394	0.00677	0.00460	0.00533	0.00315	0.00364	0.00289	0.00193	0.00146	0.00049	0.00244	0.00122	0.00096	0.00289
33	0.00266	0.00228	0.00228	0.00228	0.00304	0.00190	0.00171	0.00323	0.00513	0.00608	0.02280	0.02166	0.90593	0.00570	0.00266	0.00076	0.00114	0.00475	0.00209	0.00190
34	0.00606	0.88171	0.02640	0.00395	0.00588	0.03417	0.00394	0.00681	0.00463	0.00533	0.00315	0.00364	0.00289	0.00194	0.00147	0.00049	0.00247	0.00122	0.00097	0.00289
35	0.00475	0.00403	0.00469	0.00339	0.00534	0.00310	0.00271	0.03313	0.00484	0.00751	0.00422	0.02337	0.00359	0.00181	0.00171	0.00036	0.00168	0.00146	0.00138	0.88694
36	0.00530	0.00619	0.03628	0.00954	0.03897	0.00567	0.84854	0.00720	0.00529	0.00721	0.00453	0.00602	0.00341	0.00191	0.00263	0.00076	0.00375	0.00261	0.00113	0.00306
37	0.00451	0.01164	0.90923	0.00642	0.00974	0.00523	0.00832	0.00713	0.00475	0.00713	0.00404	0.00475	0.00285	0.00214	0.00214	0.00071	0.00333	0.00166	0.00095	0.00333
38	0.01010	0.00383	0.00522	0.00401	0.00575	0.00331	0.00331	0.01097	0.00644	0.90841	0.00888	0.00766	0.00557	0.00279	0.00226	0.00070	0.00192	0.00226	0.00279	0.00383
39	0.00527	0.00595	0.01283	0.05246	0.04367	0.00565	0.82488	0.00713	0.00527	0.00715	0.00452	0.00605	0.00340	0.00192	0.00262	0.00076	0.00372	0.00260	0.00113	0.00303
40	0.00528	0.00647	0.09164	0.00976	0.12405	0.00561	0.70824	0.00717	0.00524	0.00722	0.00447	0.00589	0.00338	0.00193	0.00256	0.00074	0.00361	0.00249	0.00112	0.00313
41	0.00560	0.00479	0.00502	0.00453	0.00578	0.01588	0.00353	0.01158	0.84289	0.02273	0.00940	0.01562	0.02299	0.00317	0.00231	0.00077	0.00180	0.01588	0.00228	0.00349
42	0.00275	0.00196	0.00261	0.00312	0.00325	0.00184	0.00208	0.00314	0.00429	0.00572	0.01230	0.90173	0.01476	0.02492	0.00304	0.00094	0.00132	0.00634	0.00208	0.00182
43	0.01891	0.01092	0.80527	0.00682	0.04885	0.00524	0.05181	0.00714	0.00480	0.01404	0.00410	0.00486	0.00292	0.00213	0.00216	0.00071	0.00329	0.00172	0.00099	0.00331
44	0.00282	0.00230	0.00252	0.00264	0.00329	0.00201	0.00200	0.00350	0.01552	0.00620	0.03684	0.14357	0.66020	0.00589	0.00273	0.00081	0.00127	0.10187	0.00210	0.00193
45	0.01010	0.00383	0.00522	0.00401	0.00575	0.00331	0.00331	0.01097	0.00644	0.90841	0.00888	0.00766	0.00557	0.00279	0.00226	0.00070	0.00192	0.00226	0.00279	0.00383
46	0.00456	0.01137	0.87038	0.00674	0.04846	0.00523	0.00826	0.00712	0.00477	0.00714	0.00405	0.00479	0.00288	0.00213	0.00214	0.00071	0.00330	0.00168	0.00096	0.00334
47	0.00896	0.07719	0.05194	0.00413	0.00590	0.00401	0.00360	0.01579	0.07111	0.69438	0.03372	0.00749	0.00575	0.00276	0.00221	0.00069	0.00200	0.00222	0.00250	0.00366
48	0.02516	0.04732	0.00659	0.00559	0.00687	0.74265	0.00429	0.12283	0.00680	0.00669	0.00371	0.00421	0.00301	0.00235	0.00202	0.00059	0.00375	0.00151	0.00130	0.00277
49	0.00276	0.00197	0.00262	0.00312	0.00325	0.00184	0.00208	0.00315	0.00432	0.00577	0.02567	0.89209	0.01488	0.02100	0.00300	0.00093	0.00132	0.00632	0.00208	0.00183
50	0.01437	0.00464	0.00724	0.60557	0.12696	0.00541	0.03522	0.15982	0.00565	0.00750	0.00428	0.00582	0.00322	0.00228	0.00225	0.00073	0.00288	0.00202	0.00124	0.00288
51	0.00556	0.00542	0.01993	0.01373	0.89609	0.00535	0.00693	0.00691	0.00512	0.00735	0.00423	0.00556	0.00356	0.00201	0.00223	0.00067	0.00268	0.00200	0.00111	0.00356
52	0.01010	0.00383	0.00522	0.00401	0.00575	0.00331	0.00331	0.01097	0.00644	0.90841	0.00888	0.00766	0.00557	0.00279	0.00226	0.00070	0.00192	0.00226	0.00279	0.00383
53	0.01426	0.02164	0.85102	0.00654	0.02204	0.00528	0.03426	0.00712	0.00476	0.00714	0.00404	0.00478	0.00287	0.00213	0.00214	0.00071	0.00330	0.00169	0.00096	0.00331
54	0.80895	0.04956	0.00403	0.00320	0.00466	0.00541	0.00267	0.08565	0.00447	0.01023	0.00334	0.00381	0.00258	0.00214	0.00147	0.00068	0.00184	0.00129	0.00145	0.00258
55	0.00553	0.00528	0.00888	0.04255	0.83878	0.00535	0.00674	0.00709	0.04422	0.00739	0.00444	0.00571	0.00369	0.00206	0.00223	0.00068	0.00265	0.00203	0.00116	0.00353
56	0.00416	0.00388	0.00645	0.84580	0.01461	0.00479	0.00597	0.00561	0.00455	0.00580	0.00508	0.00732	0.04267	0.00253	0.00230	0.00076	0.00289	0.03130	0.00108	0.00246
57	0.00527	0.00636	0.06159	0.00938	0.02309	0.00566	0.83923	0.00720	0.00528	0.00721	0.00452	0.00599	0.00339	0.00191	0.00262	0.00076	0.00376	0.00259	0.00113	0.00306
58	0.00481	0.00413	0.00465	0.11511	0.00639	0.00465	0.00348	0.00917	0.57429	0.01821	0.01154	0.01657	0.20228	0.00358	0.00238	0.00076	0.00179	0.01105	0.00209	0.00305
59	0.00266	0.00228	0.00228	0.00228	0.00304	0.00190	0.00171	0.00323	0.00513	0.00608	0.02280	0.02166	0.90593	0.00570	0.00266	0.00076	0.00114	0.00475	0.00209	0.00190
60	0.00451	0.01164	0.90923	0.00642	0.00974	0.00523	0.00832	0.00713	0.00475	0.00713	0.00404	0.00475	0.00285	0.00214	0.00214	0.00071	0.00333	0.00166	0.00095	0.00333
61	0.03582	0.00387	0.00518	0.00399	0.00572	0.00339	0.00329	0.01813	0.00640	0.87614	0.00869	0.00753	0.00547	0.00277	0.00224	0.00070	0.00192	0.00223	0.00274	0.00379
62	0.00794	0.00981	0.00664	0.00667	0.11151	0.76128	0.00461	0.00890	0.05094	0.00592	0.00385	0.00445	0.00318	0.00232	0.00207	0.00060	0.00378	0.00157	0.00121	0.00277
63	0.00274	0.00196	0.00261	0.00313	0.00326	0.00183	0.00209	0.00313	0.00431	0.00575	0.01241	0.91942	0.01489	0.00705	0.00287	0.00091	0.00131	0.00640	0.00209	0.00183
64	0.00992	0.00382	0.00518	0.00399	0.00570	0.00331	0.00329	0.01827	0.00648	0.87967	0.03002	0.00786	0.00593	0.00283	0.00227	0.00070	0.00190	0.00230	0.00277	0.00379
65	0.00279	0.00204	0.00271	0.02648	0.00357	0.00192	0.00218	0.00324	0.00442	0.00587	0.04212	0.82222	0.05851	0.00678	0.00284	0.00090	0.00133	0.00613	0.00207	0.00186
66	0.00441	0.00414	0.00698	0.75811	0.14113	0.00497	0.00624	0.00587	0.00461	0.00601	0.00437	0.00655	0.00981	0.00234	0.00227	0.00075	0.00292	0.02484	0.00105	0.00264
67	0.00425	0.00400	0.00675	0.91548	0.01550	0.00500	0.00625	0.00575	0.00450	0.00575	0.00400	0.00600	0.00300	0.00225	0.00225	0.00075	0.00300	0.00200	0.00100	0.00250
68	0.01010	0.00383	0.00522	0.00401	0.00575	0.00331	0.00331	0.01097	0.00644	0.90841	0.00888	0.00766	0.00557	0.00279	0.00226	0.00070	0.00192	0.00226	0.00279	0.00383
69	0.00452	0.00417	0.00686	0.83153	0.05393	0.00511	0.00618	0.04965	0.00483	0.00624	0.00408	0.00595	0.00307	0.00226	0.00225	0.00074	0.00296	0.00200	0.00107	0.00261
70	0.00633	0.00461	0.00506	0.00443	0.00578	0.00512	0.00348	0.01161	0.72740	0.16727	0.00939	0.00853	0.02460	0.00306	0.00229	0.00075	0.00179	0.00254	0.00237	0.00358
71	0.00425	0.00400	0.00675	0.91548	0.01550	0.00500	0.00625	0.00575	0.00450	0.00575	0.00400	0.00600	0.00300	0.00225	0.00225	0.00075	0.00300	0.00200	0.00100	0.00250
72	0.00322	0.00231	0.00299	0.00282	0.00337	0.00212	0.00211	0.00426	0.00631	0.01731	0.85394	0.01697	0.06450	0.00464	0.00265	0.00071	0.00107	0.00409	0.00246	0.00213
73	0.00464	0.01083	0.79155	0.00682	0.05367	0.00527	0.04194	0.00733	0.04392	0.00724	0.00429	0.00500	0.00308	0.00216	0.00217	0.00071	0.00325	0.00176	0.00102	0.00334
74	0.00943	0.00373	0.00504	0.00392	0.00555	0.00326	0.00321	0.01712	0.01618	0.81227	0.08824	0.00846	0.00696	0.00295	0.00230	0.00070	0.00184	0.00242	0.00275	0.00368
75	0.00288	0.00239	0.00247	0.00247	0.00320	0.00208	0.00183	0.03105	0.01089	0.00632	0.02617	0.10381	0.77446	0.01638	0.00277	0.00079	0.00121	0.00478	0.00209	0.00196
76	0.00820	0.05038	0.00661	0.00577	0.01663	0.83758	0.00433	0.00895	0.03097	0.00563	0.00363	0.00418	0.00302	0.00232	0.00201	0.00058	0.00391	0.00148	0.00118	0.00266
77	0.08209	0.00361	0.02386	0.00371	0.00499	0.00326	0.00903	0.03356	0.03673	0.33282	0.25442	0.01160	0.01024	0.00354	0.00236	0.00072	0.00172	0.10739	0.00231	0.07204

[dist]
# distance from previous block
# <min> <max>
1	9

# created by:
# /share/home/app/bin/augustus-3.3.1/scripts/msa2prfl.pl /dev/shm/tmp/pt-rosids/msas/atpE.aln --setname=atpE
