[name]
atpF

[dist]
# distance from previous block
# <min> <max>
1	6

[block]
# block no. 0 follows, 131 sequences, length 16
# corresponding to MSA columns:
# 6-21
name=unknown_A
#
# <colnr> <probs for GDERKNQSTAVLIFYWHMCP>
#	G	D	E	R	K	N	Q	S	T	A	V	L	I	F	Y	W	H	M	C	P
0	0.00568	0.00548	0.00942	0.03498	0.86230	0.00549	0.02842	0.00707	0.00525	0.00751	0.00435	0.00574	0.00364	0.00206	0.00230	0.00069	0.00278	0.00207	0.00114	0.00362
1	0.00839	0.01057	0.00643	0.00585	0.00703	0.85202	0.00439	0.00922	0.04158	0.00581	0.00386	0.00446	0.00320	0.00277	0.02412	0.00068	0.00412	0.00156	0.00124	0.00270
2	0.08134	0.00251	0.00300	0.00291	0.00353	0.00238	0.00217	0.00439	0.00584	0.02541	0.56337	0.15112	0.13357	0.00500	0.00264	0.00076	0.00121	0.00435	0.00234	0.00217
3	0.00590	0.00493	0.00523	0.00468	0.00600	0.00567	0.00365	0.01224	0.87019	0.03977	0.00940	0.00860	0.00701	0.00313	0.00235	0.00078	0.00183	0.00260	0.00237	0.00367
4	0.00609	0.86656	0.06493	0.00411	0.00617	0.00892	0.00422	0.00694	0.00471	0.00555	0.00327	0.00378	0.00296	0.00199	0.00152	0.00051	0.00253	0.00126	0.00099	0.00299
5	0.00845	0.00628	0.00676	0.00516	0.00703	0.00683	0.00425	0.82268	0.01036	0.01398	0.00543	0.00548	0.00389	0.00269	0.00226	0.00066	0.00247	0.00202	0.00223	0.08109
6	0.00334	0.00223	0.00253	0.00254	0.00255	0.00223	0.00143	0.00336	0.00340	0.00453	0.00747	0.04718	0.00865	0.88640	0.01145	0.00219	0.00221	0.00347	0.00143	0.00142
7	0.00314	0.00231	0.00300	0.00304	0.00347	0.00216	0.00220	0.00396	0.00569	0.00789	0.52957	0.32030	0.06508	0.00557	0.00286	0.00080	0.01526	0.00494	0.00235	0.01641
8	0.00794	0.00581	0.00630	0.00494	0.00653	0.00642	0.00401	0.75526	0.00973	0.01310	0.00576	0.00658	0.00443	0.07640	0.05713	0.00099	0.00271	0.00221	0.02017	0.00358
9	0.00324	0.00226	0.00292	0.00328	0.00352	0.00217	0.00223	0.04452	0.00476	0.01810	0.04186	0.78382	0.01442	0.04495	0.00335	0.01300	0.00144	0.00603	0.00213	0.00198
10	0.73800	0.00419	0.00350	0.00310	0.00441	0.00474	0.00251	0.03114	0.00447	0.04688	0.08908	0.00572	0.00476	0.03489	0.00198	0.00077	0.00176	0.00168	0.01389	0.00253
11	0.00463	0.00438	0.00627	0.05883	0.00628	0.01564	0.03407	0.02401	0.00391	0.00577	0.00425	0.02074	0.00406	0.02189	0.23991	0.00169	0.53786	0.00225	0.00113	0.00243
12	0.03501	0.00209	0.00301	0.00302	0.00307	0.00211	0.00203	0.00314	0.00308	0.00428	0.00424	0.03341	0.00429	0.00781	0.00860	0.87459	0.00198	0.00211	0.00105	0.00108
13	0.00565	0.00441	0.00510	0.00373	0.00572	0.00366	0.00300	0.11808	0.02299	0.06232	0.00469	0.00514	0.00369	0.00194	0.00184	0.00042	0.00183	0.00154	0.00160	0.74264
14	0.00679	0.00498	0.00546	0.00441	0.00571	0.00535	0.00345	0.56225	0.00824	0.01111	0.00644	0.08402	0.00583	0.19483	0.02496	0.00109	0.00241	0.00269	0.00203	0.05797
15	0.03499	0.02127	0.00539	0.00406	0.00581	0.00353	0.00336	0.01092	0.00650	0.84702	0.02664	0.00786	0.00590	0.00286	0.00229	0.00071	0.00195	0.00231	0.00278	0.00384

[dist]
# distance from previous block
# <min> <max>
0	2

[block]
# block no. 1 follows, 131 sequences, length 31
# corresponding to MSA columns:
# 24-54
name=unknown_B
#
# <colnr> <probs for GDERKNQSTAVLIFYWHMCP>
#	G	D	E	R	K	N	Q	S	T	A	V	L	I	F	Y	W	H	M	C	P
0	0.89225	0.00481	0.04502	0.00320	0.00472	0.00519	0.00278	0.00682	0.00398	0.01023	0.00326	0.00381	0.00252	0.00215	0.00147	0.00072	0.00186	0.00127	0.00141	0.00254
1	0.03812	0.00650	0.00682	0.00526	0.00708	0.02430	0.00433	0.85157	0.01056	0.01426	0.00544	0.00546	0.00387	0.00275	0.00228	0.00069	0.00255	0.00204	0.00226	0.00386
2	0.00336	0.00224	0.00252	0.00252	0.00252	0.00224	0.00140	0.00336	0.00336	0.00448	0.00728	0.01512	0.00840	0.91879	0.01176	0.00224	0.00224	0.00336	0.00140	0.00140
3	0.93512	0.00447	0.00340	0.00304	0.00447	0.00518	0.00250	0.00679	0.00393	0.01037	0.00322	0.00375	0.00250	0.00214	0.00143	0.00071	0.00179	0.00125	0.00143	0.00250
4	0.00329	0.00221	0.00256	0.00262	0.00266	0.00219	0.00152	0.00337	0.00360	0.00481	0.03485	0.13506	0.00972	0.77028	0.01032	0.00202	0.00209	0.00381	0.00153	0.00149
5	0.00863	0.01101	0.00655	0.00595	0.00714	0.90952	0.00446	0.00923	0.00655	0.00566	0.00357	0.00417	0.00298	0.00238	0.00208	0.00060	0.00417	0.00149	0.00119	0.00268
6	0.00575	0.00496	0.00522	0.00470	0.00601	0.00575	0.00366	0.01228	0.90021	0.00967	0.00940	0.00862	0.00705	0.00313	0.00235	0.00078	0.00183	0.00261	0.00235	0.00366
7	0.00618	0.92018	0.01211	0.00395	0.00593	0.00914	0.00395	0.00692	0.00470	0.00544	0.00321	0.00371	0.00297	0.00198	0.00148	0.00049	0.00247	0.00124	0.00099	0.00297
8	0.00273	0.00234	0.00234	0.00234	0.00312	0.00195	0.00176	0.00332	0.00527	0.00624	0.02341	0.02224	0.90344	0.00585	0.00273	0.00078	0.00117	0.00488	0.00215	0.00195
9	0.00287	0.00203	0.00267	0.00315	0.00327	0.00191	0.00208	0.00323	0.00432	0.00577	0.01223	0.83310	0.01464	0.09230	0.00377	0.00106	0.00142	0.00627	0.00208	0.00183
10	0.01037	0.00393	0.00536	0.00411	0.00590	0.00340	0.00340	0.01126	0.00661	0.90598	0.00912	0.00786	0.00572	0.00286	0.00232	0.00071	0.00197	0.00232	0.00286	0.00393
11	0.00575	0.00496	0.00522	0.00470	0.00601	0.00575	0.00366	0.01228	0.90021	0.00967	0.00940	0.00862	0.00705	0.00313	0.00235	0.00078	0.00183	0.00261	0.00235	0.00366
12	0.00863	0.01101	0.00655	0.00595	0.00714	0.90952	0.00446	0.00923	0.00655	0.00566	0.00357	0.00417	0.00298	0.00238	0.00208	0.00060	0.00417	0.00149	0.00119	0.00268
13	0.00438	0.00370	0.00434	0.00332	0.00503	0.00284	0.00259	0.00530	0.00478	0.00722	0.00662	0.12662	0.06879	0.00274	0.00195	0.00045	0.00162	0.00230	0.00153	0.74388
14	0.00275	0.00234	0.00236	0.00236	0.00313	0.00196	0.00177	0.00335	0.00530	0.00633	0.04952	0.02209	0.87728	0.00582	0.00273	0.00078	0.00117	0.00486	0.00216	0.00196
15	0.00863	0.01101	0.00655	0.00595	0.00714	0.90952	0.00446	0.00923	0.00655	0.00566	0.00357	0.00417	0.00298	0.00238	0.00208	0.00060	0.00417	0.00149	0.00119	0.00268
16	0.00282	0.00201	0.00268	0.00322	0.00335	0.00188	0.00214	0.00322	0.00442	0.00590	0.01274	0.91729	0.01528	0.00724	0.00295	0.00094	0.00134	0.00657	0.00214	0.00188
17	0.00866	0.00639	0.00684	0.00525	0.00708	0.00706	0.00434	0.87800	0.01075	0.01439	0.00592	0.00590	0.02273	0.00284	0.00232	0.00070	0.00251	0.00214	0.00231	0.00389
18	0.00332	0.00238	0.00306	0.00289	0.00346	0.00218	0.00217	0.00437	0.00642	0.02123	0.81905	0.03340	0.07773	0.00482	0.00272	0.00073	0.00111	0.00424	0.00252	0.00218
19	0.00327	0.00236	0.00309	0.00291	0.00345	0.00218	0.00218	0.00436	0.00654	0.00927	0.90316	0.01726	0.02180	0.00472	0.00273	0.00073	0.00109	0.00418	0.00254	0.00218
20	0.00289	0.00206	0.00265	0.00309	0.00324	0.00193	0.00203	0.00325	0.00435	0.00577	0.02396	0.75071	0.05237	0.12515	0.00408	0.00110	0.00145	0.00605	0.00205	0.00182
21	0.87764	0.00434	0.00338	0.00303	0.00441	0.00500	0.00248	0.00664	0.00409	0.01030	0.05872	0.00459	0.00369	0.00230	0.00151	0.00072	0.00174	0.00143	0.00150	0.00248
22	0.00323	0.00235	0.00304	0.00289	0.00343	0.00216	0.00216	0.00427	0.00641	0.00900	0.83007	0.04976	0.06282	0.00487	0.00273	0.00074	0.00110	0.00430	0.00251	0.00216
23	0.00282	0.00202	0.00269	0.00321	0.00335	0.00188	0.00215	0.00324	0.00447	0.00597	0.03135	0.89847	0.01542	0.00719	0.00294	0.00093	0.00134	0.00652	0.00215	0.00188
24	0.00294	0.00253	0.00284	0.08561	0.00435	0.00231	0.00224	0.00372	0.02072	0.00631	0.03545	0.05734	0.75455	0.00552	0.00269	0.00079	0.00136	0.00464	0.00205	0.00204
25	0.00358	0.00254	0.00315	0.00359	0.08488	0.00254	0.00192	0.00370	0.00353	0.00476	0.00701	0.01426	0.00797	0.83508	0.01090	0.00210	0.00229	0.00324	0.00138	0.00161
26	0.00348	0.00313	0.08510	0.00289	0.00320	0.00253	0.00205	0.00372	0.00350	0.00474	0.00699	0.01419	0.00790	0.83509	0.01089	0.00210	0.00235	0.00321	0.00136	0.00158
27	0.81211	0.00498	0.00367	0.00330	0.00467	0.08764	0.00267	0.00691	0.00428	0.00989	0.04034	0.00435	0.00334	0.00227	0.00154	0.00070	0.00198	0.00139	0.00145	0.00251
28	0.00543	0.00515	0.00873	0.02868	0.80678	0.00515	0.00663	0.00672	0.00517	0.00737	0.00511	0.08897	0.00471	0.00254	0.00235	0.00071	0.00262	0.00247	0.00123	0.00348
29	0.79257	0.00422	0.00355	0.05919	0.00507	0.00488	0.00271	0.00641	0.00402	0.00968	0.00414	0.08732	0.00371	0.00262	0.00162	0.00074	0.00183	0.00179	0.00147	0.00245
30	0.00323	0.00233	0.00305	0.00294	0.00344	0.00215	0.00218	0.00426	0.00635	0.00896	0.82185	0.09945	0.02121	0.00495	0.00275	0.00075	0.00111	0.00440	0.00251	0.00215

[dist]
# distance from previous block
# <min> <max>
0	31

[block]
# block no. 2 follows, 131 sequences, length 112
# corresponding to MSA columns:
# 88-199
name=unknown_C
#
# <colnr> <probs for GDERKNQSTAVLIFYWHMCP>
#	G	D	E	R	K	N	Q	S	T	A	V	L	I	F	Y	W	H	M	C	P
0	0.00282	0.00201	0.00268	0.00321	0.00335	0.00188	0.00215	0.00323	0.00444	0.00593	0.02086	0.90907	0.01534	0.00722	0.00295	0.00094	0.00134	0.00655	0.00215	0.00188
1	0.00862	0.00733	0.00683	0.02400	0.00732	0.19160	0.00444	0.68496	0.02198	0.01250	0.00517	0.00532	0.00376	0.00269	0.00227	0.00068	0.00288	0.00197	0.00206	0.00364
2	0.00618	0.92018	0.01211	0.00395	0.00593	0.00914	0.00395	0.00692	0.00470	0.00544	0.00321	0.00371	0.00297	0.00198	0.00148	0.00049	0.00247	0.00124	0.00099	0.00297
3	0.00282	0.00201	0.00268	0.00322	0.00335	0.00188	0.00214	0.00322	0.00442	0.00590	0.01274	0.91729	0.01528	0.00724	0.00295	0.00094	0.00134	0.00657	0.00214	0.00188
4	0.00282	0.00201	0.00268	0.00322	0.00335	0.00188	0.00214	0.00322	0.00442	0.00590	0.01274	0.91729	0.01528	0.00724	0.00295	0.00094	0.00134	0.00657	0.00214	0.00188
5	0.03509	0.89169	0.01184	0.00393	0.00589	0.00902	0.00391	0.00692	0.00467	0.00559	0.00321	0.00371	0.00295	0.00198	0.00148	0.00050	0.00245	0.00124	0.00100	0.00295
6	0.00863	0.01101	0.00655	0.00595	0.00714	0.90952	0.00446	0.00923	0.00655	0.00566	0.00357	0.00417	0.00298	0.00238	0.00208	0.00060	0.00417	0.00149	0.00119	0.00268
7	0.00436	0.00411	0.00693	0.91324	0.01591	0.00513	0.00642	0.00590	0.00462	0.00590	0.00411	0.00616	0.00308	0.00231	0.00231	0.00077	0.00308	0.00205	0.00103	0.00257
8	0.00572	0.00549	0.00938	0.01418	0.90438	0.00549	0.00709	0.00709	0.00526	0.00755	0.00435	0.00572	0.00366	0.00206	0.00229	0.00069	0.00275	0.00206	0.00114	0.00366
9	0.00536	0.01268	0.02442	0.03041	0.03931	0.03362	0.74245	0.00713	0.00538	0.00720	0.00513	0.06607	0.00425	0.00232	0.00268	0.00078	0.00366	0.00288	0.00123	0.00303
10	0.01483	0.00428	0.00720	0.79082	0.12682	0.00518	0.00646	0.00606	0.00469	0.00616	0.00413	0.00608	0.00315	0.00228	0.00230	0.00076	0.00302	0.00205	0.00105	0.00270
11	0.00274	0.00234	0.00235	0.00235	0.00312	0.00195	0.00176	0.00333	0.00528	0.00627	0.03294	0.02218	0.89389	0.00584	0.00273	0.00078	0.00117	0.00487	0.00215	0.00195
12	0.00283	0.00202	0.00268	0.00320	0.00333	0.00189	0.00212	0.00322	0.00439	0.00585	0.01257	0.88921	0.01507	0.03561	0.00322	0.00098	0.00137	0.00647	0.00212	0.00186
13	0.00769	0.06034	0.00754	0.00784	0.23061	0.58431	0.00507	0.03201	0.03165	0.00646	0.00396	0.00469	0.00329	0.00231	0.00211	0.00062	0.00361	0.00166	0.00123	0.00300
14	0.00587	0.00503	0.00529	0.00473	0.00606	0.00581	0.00369	0.04838	0.86390	0.00987	0.00925	0.00850	0.00693	0.00312	0.00235	0.00078	0.00186	0.00259	0.00235	0.00367
15	0.00276	0.00233	0.00235	0.00236	0.00310	0.00196	0.00174	0.00332	0.00517	0.00616	0.02260	0.02850	0.85641	0.04717	0.00314	0.00085	0.00122	0.00482	0.00211	0.00193
16	0.00447	0.00432	0.00760	0.82255	0.01553	0.00520	0.09571	0.00605	0.00470	0.00605	0.00416	0.00617	0.00312	0.00227	0.00235	0.00077	0.00316	0.00212	0.00104	0.00262
17	0.00861	0.01928	0.00661	0.00592	0.00713	0.88448	0.00446	0.02570	0.00661	0.00582	0.00361	0.00419	0.00299	0.00238	0.00208	0.00060	0.00412	0.00150	0.00121	0.00270
18	0.00883	0.00640	0.00689	0.00528	0.00713	0.00707	0.00437	0.87306	0.01075	0.03834	0.00564	0.00561	0.00398	0.00278	0.00231	0.00069	0.00253	0.00209	0.00233	0.00393
19	0.00467	0.03519	0.88393	0.00652	0.00990	0.00546	0.00842	0.00731	0.00487	0.00727	0.00412	0.00485	0.00293	0.00219	0.00218	0.00073	0.00339	0.00170	0.00098	0.00340
20	0.00466	0.01775	0.89099	0.00665	0.02000	0.00539	0.00849	0.00731	0.00488	0.00731	0.00414	0.00488	0.00294	0.00219	0.00219	0.00073	0.00340	0.00171	0.00098	0.00341
21	0.00282	0.00201	0.00268	0.00322	0.00335	0.00188	0.00214	0.00322	0.00442	0.00590	0.01274	0.91729	0.01528	0.00724	0.00295	0.00094	0.00134	0.00657	0.00214	0.00188
22	0.00456	0.00438	0.00770	0.78581	0.01524	0.00523	0.11285	0.01894	0.00481	0.00623	0.00422	0.00618	0.00316	0.00228	0.00236	0.00077	0.00316	0.00214	0.00735	0.00265
23	0.49212	0.02113	0.27274	0.10516	0.01995	0.02577	0.00486	0.00687	0.00442	0.00873	0.01780	0.00460	0.00303	0.00222	0.00180	0.00072	0.00248	0.00154	0.00125	0.00280
24	0.79755	0.00476	0.03911	0.06884	0.00556	0.01234	0.00305	0.00685	0.00412	0.02950	0.00960	0.00416	0.00277	0.00219	0.00156	0.00072	0.00196	0.00137	0.00142	0.00257
25	0.01016	0.00402	0.00539	0.00415	0.00592	0.00356	0.00342	0.03879	0.02702	0.85174	0.01516	0.00787	0.00581	0.00288	0.00233	0.00072	0.00197	0.00234	0.00283	0.00391
26	0.00288	0.00235	0.00262	0.00264	0.00329	0.00204	0.01009	0.00355	0.01246	0.00658	0.13636	0.15623	0.61452	0.03020	0.00300	0.00084	0.00124	0.00496	0.00217	0.00198
27	0.00481	0.03343	0.76943	0.00700	0.03037	0.01226	0.09623	0.00733	0.00495	0.00727	0.00418	0.00500	0.00300	0.00216	0.00223	0.00073	0.00343	0.00180	0.00100	0.00337
28	0.00528	0.00590	0.01262	0.12199	0.01939	0.00570	0.76601	0.00715	0.00533	0.00720	0.00471	0.01893	0.00362	0.00207	0.00267	0.00078	0.00375	0.00269	0.00116	0.00304
29	0.00302	0.00206	0.00275	0.00324	0.00342	0.00192	0.00218	0.00343	0.00448	0.02990	0.01264	0.89303	0.01503	0.00712	0.00293	0.00093	0.00136	0.00646	0.00216	0.00193
30	0.00466	0.01180	0.88300	0.00667	0.01006	0.00538	0.03220	0.00732	0.00489	0.00732	0.00416	0.00491	0.00294	0.00219	0.00221	0.00073	0.00343	0.00173	0.00098	0.00341
31	0.00582	0.00589	0.02958	0.02093	0.83381	0.04887	0.00699	0.00719	0.00531	0.00744	0.00430	0.00563	0.00361	0.00208	0.00228	0.00068	0.00283	0.00202	0.00114	0.00360
32	0.01037	0.00393	0.00536	0.00411	0.00590	0.00340	0.00340	0.01126	0.00661	0.90598	0.00912	0.00786	0.00572	0.00286	0.00232	0.00071	0.00197	0.00232	0.00286	0.00393
33	0.00443	0.00419	0.00723	0.75989	0.01455	0.00510	0.07368	0.00585	0.00458	0.00594	0.00425	0.02186	0.00335	0.00264	0.00281	0.03431	0.03955	0.00218	0.00106	0.00254
34	0.00929	0.08299	0.02271	0.00421	0.00597	0.00425	0.00358	0.07396	0.04541	0.67144	0.03946	0.00766	0.00592	0.00295	0.00879	0.00072	0.00207	0.00228	0.00258	0.00375
35	0.01572	0.00416	0.00689	0.85934	0.01531	0.00523	0.00631	0.00590	0.00456	0.00594	0.00405	0.00608	0.00307	0.00239	0.00255	0.00078	0.04609	0.00204	0.00103	0.00256
36	0.00282	0.00201	0.00268	0.00321	0.00334	0.00188	0.00213	0.00322	0.00441	0.00588	0.01265	0.90306	0.01517	0.02161	0.00309	0.00096	0.00135	0.00652	0.00213	0.00187
37	0.02194	0.00441	0.01757	0.69243	0.01427	0.00505	0.13299	0.00621	0.00478	0.03423	0.00468	0.04290	0.00370	0.00247	0.00238	0.00077	0.00307	0.00232	0.00116	0.00267
38	0.00576	0.03742	0.00958	0.01360	0.83499	0.01508	0.03558	0.00712	0.00526	0.00745	0.00431	0.00565	0.00362	0.00206	0.00227	0.00068	0.00279	0.00205	0.00114	0.00361
39	0.00358	0.00244	0.00318	0.00297	0.00358	0.00224	0.00225	0.00464	0.00646	0.04962	0.80638	0.01724	0.05693	0.00472	0.00272	0.00074	0.00116	0.02438	0.00253	0.00225
40	0.00472	0.01141	0.82862	0.00709	0.05599	0.00539	0.04039	0.00731	0.00492	0.00733	0.00418	0.00497	0.00299	0.00218	0.00222	0.00073	0.00340	0.00176	0.00099	0.00342
41	0.00386	0.00304	0.00398	0.03543	0.06299	0.00305	0.00346	0.00539	0.09926	0.01434	0.02746	0.05422	0.22985	0.00547	0.00288	0.00092	0.00189	0.43809	0.00207	0.00237
42	0.00466	0.02883	0.89020	0.00654	0.00993	0.00544	0.00845	0.00731	0.00488	0.00728	0.00413	0.00486	0.00293	0.00219	0.00218	0.00073	0.00340	0.00170	0.00098	0.00341
43	0.01015	0.00388	0.00529	0.00407	0.00582	0.00336	0.00336	0.01105	0.00661	0.87858	0.03643	0.00815	0.00621	0.00292	0.00234	0.00072	0.00194	0.00238	0.00285	0.00388
44	0.00610	0.71312	0.12285	0.02129	0.00670	0.02187	0.01748	0.00712	0.00481	0.04074	0.00365	0.00419	0.00312	0.00229	0.01588	0.00059	0.00268	0.00140	0.00107	0.00304
45	0.03769	0.00607	0.02928	0.04808	0.01634	0.00568	0.78220	0.00720	0.00533	0.00740	0.00480	0.02997	0.00375	0.00211	0.00266	0.00078	0.00371	0.00272	0.00119	0.00305
46	0.00335	0.00228	0.00270	0.00270	0.00277	0.00233	0.00163	0.00349	0.00346	0.00468	0.02065	0.01428	0.00822	0.77398	0.14211	0.00243	0.00280	0.00324	0.00139	0.00151
47	0.00436	0.00411	0.00693	0.91324	0.01591	0.00513	0.00642	0.00590	0.00462	0.00590	0.00411	0.00616	0.00308	0.00231	0.00231	0.00077	0.00308	0.00205	0.00103	0.00257
48	0.00415	0.00265	0.00343	0.00316	0.00387	0.00247	0.00243	0.00543	0.04446	0.10620	0.70822	0.03039	0.03075	0.00457	0.00269	0.00074	0.00126	0.03816	0.00254	0.00242
49	0.00829	0.01887	0.00656	0.00607	0.03299	0.82018	0.00447	0.01504	0.02333	0.00583	0.00381	0.00447	0.00318	0.00291	0.03369	0.00071	0.00413	0.00156	0.00122	0.00272
50	0.81705	0.00531	0.10128	0.00355	0.00521	0.00522	0.01992	0.00686	0.00406	0.00998	0.00335	0.00392	0.00257	0.00215	0.00154	0.00072	0.00200	0.00133	0.00138	0.00261
51	0.00344	0.00257	0.00379	0.00375	0.00420	0.00299	0.00293	0.02614	0.00389	0.00559	0.00617	0.00899	0.00573	0.01697	0.88726	0.00364	0.00610	0.00247	0.00126	0.00211
52	0.00863	0.00628	0.00675	0.00520	0.00698	0.00692	0.00427	0.84859	0.01052	0.03131	0.00568	0.00593	0.00412	0.03467	0.00264	0.00075	0.00252	0.00213	0.00229	0.00384
53	0.04202	0.12506	0.74960	0.00615	0.00929	0.00584	0.01700	0.00725	0.00482	0.00721	0.00400	0.00470	0.00292	0.00216	0.00208	0.00070	0.00324	0.00164	0.00100	0.00332
54	0.00309	0.00241	0.00251	0.00248	0.00329	0.00203	0.00188	0.00369	0.00531	0.04519	0.02235	0.03523	0.82922	0.00576	0.00273	0.00079	0.00123	0.02659	0.00218	0.00204
55	0.01024	0.04339	0.84827	0.00655	0.00988	0.00551	0.03023	0.00730	0.00488	0.00727	0.00412	0.00486	0.00294	0.00218	0.00218	0.00072	0.00338	0.00171	0.00098	0.00339
56	0.01080	0.00497	0.06171	0.66105	0.01455	0.00525	0.18362	0.00626	0.00479	0.00632	0.00433	0.01833	0.00332	0.00230	0.00239	0.00077	0.00323	0.00222	0.00107	0.00272
57	0.00480	0.03219	0.76609	0.00731	0.08380	0.00549	0.05395	0.00729	0.00494	0.00730	0.00417	0.00499	0.00302	0.00217	0.00221	0.00072	0.00336	0.00178	0.00100	0.00341
58	0.00560	0.00537	0.00917	0.09076	0.82870	0.00546	0.00703	0.00699	0.00521	0.00741	0.00433	0.00576	0.00361	0.00208	0.00229	0.00069	0.00277	0.00206	0.00113	0.00357
59	0.00353	0.00288	0.03160	0.04628	0.00440	0.01573	0.00271	0.05069	0.00472	0.00629	0.04216	0.60340	0.02419	0.04771	0.00385	0.08057	0.02023	0.00516	0.00191	0.00201
60	0.03716	0.03477	0.02503	0.00625	0.05419	0.79155	0.00461	0.00894	0.00632	0.00593	0.00360	0.00424	0.00300	0.00234	0.00206	0.00060	0.00396	0.00151	0.00119	0.00275
61	0.00296	0.00210	0.00277	0.00326	0.00342	0.00199	0.00219	0.02136	0.00453	0.00605	0.01245	0.88465	0.01488	0.00716	0.00303	0.01539	0.00138	0.00641	0.00213	0.00190
62	0.00273	0.00234	0.00234	0.00234	0.00312	0.00195	0.00176	0.00332	0.00527	0.00624	0.02341	0.02224	0.90344	0.00585	0.00273	0.00078	0.00117	0.00488	0.00215	0.00195
63	0.00824	0.01029	0.00666	0.00632	0.05223	0.80029	0.00459	0.00901	0.02825	0.00584	0.00375	0.00443	0.00314	0.00257	0.00961	0.00065	0.03861	0.00157	0.00121	0.00274
64	0.00843	0.00614	0.00662	0.00514	0.00688	0.00675	0.00421	0.82141	0.01035	0.03084	0.00606	0.04628	0.00946	0.01734	0.00249	0.00073	0.00247	0.00232	0.00230	0.00379
65	0.00566	0.00488	0.00514	0.00463	0.00592	0.00563	0.00360	0.01201	0.87318	0.00956	0.00983	0.00903	0.03412	0.00322	0.00236	0.00078	0.00181	0.00268	0.00234	0.00361
66	0.00456	0.02103	0.00458	0.00407	0.00483	0.00395	0.00324	0.20038	0.00530	0.00739	0.00599	0.00820	0.00532	0.01383	0.69270	0.00299	0.00532	0.00236	0.00147	0.00249
67	0.00584	0.00578	0.00913	0.04521	0.78282	0.05962	0.02575	0.00728	0.02269	0.00742	0.00440	0.00571	0.00366	0.00211	0.00229	0.00069	0.00285	0.00205	0.00117	0.00355
68	0.00537	0.00480	0.02696	0.00443	0.00572	0.00524	0.00352	0.02730	0.73700	0.00919	0.01091	0.01026	0.11796	0.01764	0.00254	0.00080	0.00181	0.00287	0.00228	0.00341
69	0.00282	0.00201	0.00268	0.00321	0.00334	0.00188	0.00214	0.00322	0.00441	0.00589	0.01269	0.90918	0.01522	0.01543	0.00303	0.00095	0.00135	0.00654	0.00214	0.00187
70	0.02312	0.05418	0.81859	0.00660	0.03211	0.00555	0.01411	0.00728	0.00486	0.00730	0.00409	0.00483	0.00294	0.00218	0.00215	0.00072	0.00332	0.00169	0.00099	0.00338
71	0.00542	0.02356	0.05339	0.03184	0.05376	0.00585	0.77592	0.00734	0.00538	0.00733	0.00459	0.00610	0.00347	0.00197	0.00265	0.00077	0.00377	0.00261	0.00115	0.00314
72	0.00301	0.00215	0.00280	0.00323	0.00341	0.00206	0.00217	0.02515	0.00449	0.00600	0.01202	0.80935	0.01429	0.07122	0.02591	0.00109	0.00155	0.00613	0.00207	0.00190
73	0.00465	0.01187	0.89333	0.00663	0.01003	0.00537	0.02194	0.00732	0.00489	0.00732	0.00415	0.00490	0.00294	0.00219	0.00220	0.00073	0.00342	0.00172	0.00098	0.00341
74	0.00798	0.00993	0.00633	0.02829	0.03502	0.77457	0.00438	0.02238	0.00643	0.00590	0.00518	0.00569	0.07293	0.00264	0.00215	0.00062	0.00384	0.00179	0.00128	0.00267
75	0.00409	0.00337	0.00417	0.01821	0.00471	0.06319	0.00313	0.07495	0.00449	0.00612	0.00611	0.03076	0.00567	0.02568	0.73059	0.00314	0.00555	0.00248	0.00134	0.00225
76	0.00572	0.00549	0.00938	0.01418	0.90438	0.00549	0.00709	0.00709	0.00526	0.00755	0.00435	0.00572	0.00366	0.00206	0.00229	0.00069	0.00275	0.00206	0.00114	0.00366
77	0.00863	0.01101	0.00655	0.00595	0.00714	0.90952	0.00446	0.00923	0.00655	0.00566	0.00357	0.00417	0.00298	0.00238	0.00208	0.00060	0.00417	0.00149	0.00119	0.00268
78	0.00466	0.02900	0.89003	0.00654	0.00992	0.00544	0.00845	0.00731	0.00488	0.00728	0.00413	0.00486	0.00293	0.00219	0.00218	0.00073	0.00340	0.00170	0.00098	0.00341
79	0.00600	0.00513	0.00537	0.00476	0.00611	0.01319	0.00372	0.07935	0.82549	0.01000	0.00906	0.00835	0.00678	0.00310	0.00235	0.00078	0.00190	0.00256	0.00234	0.00367
80	0.00276	0.00234	0.00236	0.00236	0.00311	0.00196	0.00175	0.00334	0.00524	0.00625	0.04022	0.02193	0.85962	0.03286	0.00300	0.00082	0.00120	0.00482	0.00213	0.00194
81	0.00453	0.00434	0.00645	0.25308	0.00848	0.01725	0.03687	0.00537	0.00406	0.00576	0.00480	0.11120	0.00474	0.01491	0.06616	0.00112	0.43829	0.00262	0.00753	0.00244
82	0.00336	0.00224	0.00254	0.00253	0.00255	0.00224	0.00142	0.00339	0.00346	0.00463	0.03516	0.01519	0.00882	0.89035	0.01148	0.00219	0.00220	0.00339	0.00144	0.00142
83	0.00469	0.04294	0.87630	0.00650	0.00986	0.00550	0.00838	0.00730	0.00487	0.00725	0.00411	0.00484	0.00293	0.00219	0.00217	0.00072	0.00338	0.00169	0.00098	0.00340
84	0.00539	0.00648	0.06395	0.00941	0.02567	0.00588	0.77930	0.00728	0.00531	0.00729	0.00454	0.00608	0.00345	0.00209	0.00297	0.00079	0.05724	0.00262	0.00115	0.00311
85	0.00540	0.00660	0.07245	0.00956	0.01823	0.00581	0.83126	0.00739	0.00541	0.00740	0.00464	0.00614	0.00347	0.00196	0.00269	0.00078	0.00386	0.00266	0.00116	0.00314
86	0.00451	0.00425	0.00713	0.81863	0.09734	0.00517	0.00644	0.00610	0.01658	0.00610	0.00420	0.00615	0.00319	0.00230	0.00231	0.00076	0.00303	0.00206	0.00106	0.00268
87	0.00986	0.00396	0.00529	0.00412	0.00584	0.00352	0.00338	0.01113	0.06541	0.82161	0.03445	0.00818	0.00626	0.00293	0.00234	0.00072	0.00193	0.00240	0.00282	0.00386
88	0.00303	0.00253	0.00258	0.00250	0.00332	0.00220	0.00189	0.04402	0.00556	0.00672	0.05252	0.02931	0.82447	0.00569	0.00271	0.00078	0.00123	0.00474	0.00217	0.00205
89	0.00835	0.02040	0.00683	0.00603	0.00725	0.82260	0.03487	0.01416	0.03049	0.00587	0.00376	0.00438	0.00311	0.00242	0.00221	0.00061	0.02115	0.00157	0.00122	0.00273
90	0.00543	0.00643	0.04681	0.00972	0.03224	0.00582	0.84277	0.00739	0.00543	0.00740	0.00465	0.00617	0.00349	0.00196	0.00270	0.00078	0.00385	0.00267	0.00116	0.00314
91	0.00327	0.00236	0.00309	0.00291	0.00345	0.00218	0.00218	0.00436	0.00654	0.00927	0.90316	0.01726	0.02180	0.00472	0.00273	0.00073	0.00109	0.00418	0.00254	0.00218
92	0.00441	0.00421	0.00724	0.87088	0.01573	0.00517	0.04812	0.00597	0.00466	0.00597	0.00413	0.00616	0.00310	0.00229	0.00233	0.00077	0.00312	0.00209	0.00103	0.00259
93	0.00538	0.00622	0.03060	0.00962	0.03559	0.00574	0.82856	0.00728	0.00540	0.00736	0.00483	0.02705	0.00377	0.00209	0.00274	0.00078	0.00992	0.00277	0.00119	0.00310
94	0.01014	0.00444	0.00789	0.74258	0.01493	0.00527	0.13923	0.00611	0.00471	0.00615	0.00421	0.01215	0.00322	0.00233	0.00251	0.00078	0.02749	0.00218	0.00106	0.00264
95	0.00321	0.00236	0.00300	0.00284	0.00341	0.00215	0.00213	0.00424	0.00639	0.00891	0.79916	0.01785	0.12602	0.00486	0.00273	0.00073	0.00110	0.00426	0.00250	0.00215
96	0.00336	0.00223	0.00252	0.00254	0.00256	0.00222	0.00143	0.00340	0.00344	0.00464	0.00749	0.04893	0.00860	0.86187	0.01118	0.00215	0.00218	0.00345	0.02437	0.00144
97	0.00546	0.00619	0.01338	0.00991	0.05377	0.00584	0.84621	0.00737	0.00543	0.00739	0.00464	0.00620	0.00351	0.00197	0.00275	0.00078	0.01221	0.00269	0.00117	0.00314
98	0.00543	0.00618	0.01346	0.03274	0.01217	0.00583	0.87334	0.00736	0.00543	0.00736	0.00466	0.00623	0.00350	0.00196	0.00272	0.00078	0.00387	0.00271	0.00117	0.00310
99	0.01009	0.00387	0.00527	0.00406	0.00580	0.00335	0.00335	0.01099	0.00661	0.87112	0.04387	0.00823	0.00635	0.00293	0.00234	0.00072	0.00193	0.00240	0.00285	0.00386
100	0.00282	0.00201	0.00268	0.00322	0.00335	0.00188	0.00214	0.00322	0.00442	0.00590	0.01274	0.91729	0.01528	0.00724	0.00295	0.00094	0.00134	0.00657	0.00214	0.00188
101	0.00540	0.00642	0.05826	0.03287	0.06293	0.00578	0.77789	0.00734	0.00539	0.00737	0.00461	0.00613	0.00347	0.00198	0.00266	0.00077	0.00378	0.00262	0.00115	0.00315
102	0.87265	0.00473	0.03585	0.03167	0.00503	0.00519	0.00284	0.00678	0.00399	0.01012	0.00328	0.00387	0.00254	0.00215	0.00148	0.00072	0.00189	0.00129	0.00140	0.00254
103	0.01037	0.00393	0.00536	0.00411	0.00590	0.00340	0.00340	0.01126	0.00661	0.90598	0.00912	0.00786	0.00572	0.00286	0.00232	0.00071	0.00197	0.00232	0.00286	0.00393
104	0.00286	0.00211	0.00280	0.03420	0.00376	0.00199	0.00226	0.00332	0.00449	0.00592	0.01325	0.81860	0.08195	0.00697	0.00291	0.00092	0.00139	0.00629	0.00211	0.00191
105	0.82654	0.00510	0.08356	0.01568	0.00510	0.00516	0.00309	0.00679	0.00406	0.01002	0.01630	0.00408	0.00283	0.00219	0.00153	0.00072	0.00194	0.00134	0.00140	0.00258
106	0.00590	0.01597	0.00524	0.00461	0.00593	0.00558	0.00360	0.01195	0.82470	0.05235	0.00966	0.00886	0.02891	0.00317	0.00235	0.00078	0.00183	0.00264	0.00235	0.00362
107	0.00281	0.00202	0.00267	0.00320	0.00335	0.00188	0.00214	0.00322	0.00444	0.00591	0.01294	0.90005	0.03238	0.00721	0.00295	0.00094	0.00134	0.00654	0.00214	0.00188
108	0.00856	0.01088	0.00656	0.00601	0.01533	0.88853	0.00448	0.00925	0.01912	0.00573	0.00366	0.00424	0.00304	0.00239	0.00209	0.00060	0.00412	0.00151	0.00121	0.00270
109	0.00868	0.00650	0.00693	0.02588	0.00736	0.02271	0.00444	0.86118	0.01065	0.01421	0.00548	0.00554	0.00389	0.00276	0.00231	0.00069	0.00258	0.00207	0.00226	0.00388
110	0.00511	0.00296	0.00308	0.01076	0.00363	0.00310	0.00217	0.16718	0.00592	0.00963	0.00714	0.00808	0.00555	0.00807	0.00769	0.00060	0.00140	0.00215	0.74334	0.00247
111	0.00282	0.00201	0.00268	0.00322	0.00335	0.00188	0.00214	0.00322	0.00442	0.00590	0.01274	0.91729	0.01528	0.00724	0.00295	0.00094	0.00134	0.00657	0.00214	0.00188

[dist]
# distance from previous block
# <min> <max>
0	2

[block]
# block no. 3 follows, 131 sequences, length 20
# corresponding to MSA columns:
# 202-221
name=unknown_D
#
# <colnr> <probs for GDERKNQSTAVLIFYWHMCP>
#	G	D	E	R	K	N	Q	S	T	A	V	L	I	F	Y	W	H	M	C	P
0	0.00776	0.04163	0.00640	0.00551	0.00679	0.58646	0.00422	0.05097	0.25310	0.00716	0.00526	0.00544	0.00414	0.00259	0.00215	0.00065	0.00339	0.00182	0.00156	0.00302
1	0.02193	0.04276	0.00736	0.00779	0.22602	0.59256	0.00503	0.02609	0.03743	0.00650	0.00398	0.00471	0.00330	0.00232	0.00211	0.00062	0.00361	0.00167	0.00124	0.00298
2	0.00470	0.04938	0.86995	0.00648	0.00983	0.00552	0.00835	0.00730	0.00487	0.00724	0.00411	0.00483	0.00293	0.00219	0.00217	0.00072	0.00338	0.00169	0.00098	0.00340
3	0.00283	0.00203	0.00270	0.00320	0.00336	0.00189	0.00215	0.00326	0.00451	0.00604	0.04971	0.87991	0.01555	0.00713	0.00294	0.00093	0.00133	0.00647	0.00216	0.00189
4	0.00506	0.00506	0.00708	0.00607	0.00607	0.00708	0.00506	0.00556	0.00354	0.00556	0.00303	0.00506	0.00303	0.00404	0.00758	0.00101	0.91456	0.00202	0.00101	0.00253
5	0.00285	0.00203	0.00267	0.00317	0.00330	0.00190	0.00210	0.00323	0.00436	0.00581	0.01240	0.86140	0.01486	0.06370	0.00350	0.00102	0.00140	0.00637	0.00210	0.00185
6	0.00440	0.00416	0.00694	0.85920	0.01533	0.00525	0.00634	0.00588	0.00456	0.00588	0.00404	0.00609	0.00308	0.00241	0.00262	0.00078	0.05737	0.00205	0.00103	0.00256
7	0.00560	0.00474	0.00502	0.00452	0.00579	0.00542	0.00352	0.01159	0.81586	0.02365	0.03528	0.00954	0.05257	0.00331	0.00238	0.00078	0.00178	0.00277	0.00235	0.00353
8	0.00278	0.00234	0.00240	0.00238	0.00313	0.00197	0.00178	0.00339	0.00531	0.00640	0.08218	0.02173	0.82188	0.02847	0.00296	0.00081	0.00119	0.00479	0.00215	0.00195
9	0.02068	0.00721	0.00678	0.01748	0.00722	0.17143	0.00439	0.69194	0.02967	0.01266	0.00522	0.00535	0.00380	0.00270	0.00226	0.00068	0.00282	0.00197	0.00208	0.00366
10	0.00903	0.02844	0.04388	0.00431	0.00605	0.01480	0.00366	0.02739	0.14410	0.65071	0.03680	0.00795	0.00617	0.00290	0.00231	0.00072	0.00203	0.00236	0.00261	0.00377
11	0.00863	0.01101	0.00655	0.00595	0.00714	0.90952	0.00446	0.00923	0.00655	0.00566	0.00357	0.00417	0.00298	0.00238	0.00208	0.00060	0.00417	0.00149	0.00119	0.00268
12	0.00275	0.00234	0.00238	0.00241	0.00316	0.00196	0.00181	0.00334	0.00524	0.00624	0.02281	0.05392	0.85436	0.00591	0.00275	0.00079	0.00120	0.02253	0.00215	0.00195
13	0.66558	0.13485	0.03182	0.01948	0.00513	0.00559	0.00303	0.02103	0.00442	0.05730	0.03182	0.00449	0.00339	0.00225	0.00158	0.00069	0.00196	0.00144	0.00147	0.00269
14	0.00363	0.00268	0.00355	0.00397	0.00451	0.00268	0.00332	0.00490	0.06044	0.00688	0.01314	0.14778	0.09367	0.00625	0.00306	0.00100	0.00191	0.63230	0.00215	0.00217
15	0.00332	0.00222	0.00253	0.00257	0.00258	0.00222	0.00145	0.00335	0.00343	0.00457	0.00764	0.07519	0.00886	0.85810	0.01117	0.00215	0.00218	0.00357	0.00145	0.00143
16	0.82441	0.00497	0.06977	0.03066	0.00520	0.00515	0.00306	0.00675	0.00401	0.00991	0.00332	0.00396	0.00257	0.00225	0.00163	0.01521	0.00195	0.00132	0.00138	0.00255
17	0.00731	0.00490	0.07605	0.00478	0.03534	0.00444	0.00396	0.09821	0.24118	0.34247	0.11069	0.00936	0.00776	0.00320	0.00240	0.00075	0.00203	0.03923	0.00240	0.00354
18	0.00354	0.00256	0.00349	0.00396	0.00447	0.00251	0.00336	0.00449	0.00525	0.00681	0.03313	0.11800	0.08779	0.00639	0.00312	0.00102	0.00194	0.70395	0.00214	0.00209
19	0.00583	0.00575	0.03276	0.01308	0.77062	0.02166	0.05252	0.00741	0.03492	0.02638	0.00461	0.00584	0.00378	0.00211	0.00231	0.00069	0.00280	0.00210	0.00122	0.00361

[dist]
# distance from previous block
# <min> <max>
0	6

# created by:
# /share/home/app/bin/augustus-3.3.1/scripts/msa2prfl.pl /dev/shm/tmp/pt-rosids/msas/atpF.aln --setname=atpF
