[name]
ccsA

[dist]
# distance from previous block
# <min> <max>
0	11

[block]
# block no. 0 follows, 133 sequences, length 28
# corresponding to MSA columns:
# 11-38
name=unknown_A
#
# <colnr> <probs for GDERKNQSTAVLIFYWHMCP>
#	G	D	E	R	K	N	Q	S	T	A	V	L	I	F	Y	W	H	M	C	P
0	0.00367	0.00262	0.00367	0.00420	0.00472	0.00262	0.00367	0.00472	0.00525	0.00682	0.01207	0.02572	0.01312	0.00630	0.00315	0.00105	0.00210	0.89028	0.00210	0.00210
1	0.00276	0.00235	0.00238	0.00238	0.00314	0.00199	0.00178	0.00344	0.02095	0.00625	0.03334	0.04855	0.85142	0.00576	0.00270	0.00077	0.00117	0.00482	0.00213	0.00196
2	0.00346	0.00232	0.00260	0.00256	0.00261	0.00234	0.00146	0.02745	0.00352	0.00469	0.00714	0.01467	0.00817	0.89511	0.01136	0.00217	0.00222	0.00328	0.00141	0.00145
3	0.00750	0.00545	0.00596	0.00478	0.00626	0.00595	0.00385	0.69698	0.00937	0.02678	0.03823	0.13433	0.00622	0.02351	0.01325	0.00079	0.00232	0.00278	0.00224	0.00346
4	0.00524	0.00443	0.00466	0.00420	0.00541	0.00496	0.00327	0.03668	0.69077	0.02008	0.01184	0.01101	0.18042	0.00360	0.00239	0.00077	0.00170	0.00299	0.00229	0.00330
5	0.00281	0.00200	0.00265	0.00314	0.00327	0.00188	0.00208	0.00321	0.00436	0.00583	0.03134	0.85675	0.01490	0.04992	0.00331	0.00098	0.00136	0.00628	0.00209	0.00184
6	0.00464	0.03134	0.85347	0.00657	0.00986	0.00540	0.04320	0.00722	0.00483	0.00718	0.00409	0.00484	0.00291	0.00215	0.00217	0.00072	0.00337	0.00171	0.00097	0.00335
7	0.00497	0.00496	0.00698	0.03693	0.00632	0.00692	0.00504	0.00550	0.00353	0.00550	0.00303	0.00503	0.00300	0.00393	0.00731	0.00099	0.88459	0.00200	0.00100	0.00250
8	0.00271	0.00230	0.00233	0.00234	0.00309	0.00193	0.00175	0.00329	0.00521	0.00621	0.04042	0.03751	0.87162	0.00578	0.00270	0.00077	0.00116	0.00483	0.00213	0.00193
9	0.00280	0.00199	0.00264	0.00315	0.00328	0.00186	0.00209	0.00318	0.00433	0.00578	0.01240	0.88916	0.01486	0.03665	0.00319	0.00097	0.00135	0.00638	0.00209	0.00184
10	0.00560	0.00484	0.00499	0.00449	0.00574	0.02666	0.00349	0.02747	0.77886	0.01979	0.01013	0.01779	0.07345	0.00330	0.00235	0.00077	0.00182	0.00274	0.00228	0.00345
11	0.00494	0.00492	0.00689	0.00592	0.00593	0.00687	0.00493	0.00545	0.00350	0.00548	0.00308	0.00510	0.00307	0.00436	0.03254	0.00107	0.89045	0.00201	0.00100	0.00248
12	0.00270	0.00230	0.00232	0.00233	0.00309	0.00192	0.00174	0.00327	0.00518	0.00615	0.02283	0.04503	0.88180	0.00581	0.00270	0.00077	0.00116	0.00486	0.00212	0.00192
13	0.00860	0.00626	0.00674	0.00519	0.00699	0.00692	0.00428	0.84024	0.04405	0.03888	0.00572	0.00565	0.00404	0.00275	0.00228	0.00069	0.00247	0.00208	0.00230	0.00387
14	0.00329	0.00221	0.00250	0.00251	0.00253	0.00220	0.00142	0.00332	0.00341	0.00455	0.01836	0.04173	0.02292	0.86738	0.01110	0.00213	0.00215	0.00344	0.00143	0.00141
15	0.00867	0.00639	0.00684	0.00525	0.00707	0.00707	0.00433	0.89803	0.01072	0.01437	0.00548	0.00548	0.00388	0.00274	0.00228	0.00068	0.00251	0.00205	0.00228	0.00388
16	0.00319	0.00233	0.00291	0.00277	0.00336	0.00211	0.00207	0.00414	0.00613	0.01788	0.69100	0.03926	0.19468	0.01470	0.00279	0.00075	0.00112	0.00429	0.00242	0.00211
17	0.03125	0.00241	0.00301	0.00283	0.00344	0.00223	0.00214	0.00436	0.00626	0.02048	0.77957	0.01700	0.10718	0.00467	0.00265	0.00072	0.00112	0.00408	0.00244	0.00216
18	0.00840	0.00613	0.00661	0.00511	0.00686	0.00675	0.00420	0.83755	0.01039	0.02813	0.03266	0.02591	0.00468	0.00289	0.00231	0.00069	0.00243	0.00222	0.00229	0.00378
19	0.00278	0.00236	0.00240	0.00239	0.00316	0.00201	0.00179	0.00350	0.02357	0.00635	0.06071	0.03204	0.83775	0.00569	0.00269	0.00077	0.00117	0.00476	0.00214	0.00197
20	0.11638	0.00256	0.00304	0.00289	0.00351	0.00248	0.00218	0.00449	0.00596	0.00897	0.71071	0.08132	0.03801	0.00456	0.00255	0.00073	0.00118	0.00396	0.00234	0.00216
21	0.00277	0.00235	0.00240	0.00242	0.00318	0.00200	0.00183	0.00345	0.01973	0.00622	0.02228	0.04681	0.84069	0.00578	0.00271	0.00078	0.00120	0.02930	0.00212	0.00196
22	0.00570	0.00457	0.00492	0.00440	0.00564	0.00513	0.00342	0.06362	0.67757	0.05507	0.01011	0.06175	0.06571	0.00348	0.00238	0.00077	0.00178	0.01016	0.00231	0.01150
23	0.00271	0.00231	0.00233	0.00233	0.00309	0.00193	0.00175	0.00330	0.00524	0.00625	0.05006	0.02180	0.87769	0.00574	0.00270	0.00077	0.00115	0.00479	0.00213	0.00193
24	0.00472	0.00452	0.00650	0.10206	0.00683	0.01706	0.05122	0.02718	0.00395	0.00575	0.00423	0.04392	0.00419	0.08429	0.06785	0.00123	0.55861	0.00236	0.00114	0.00241
25	0.00289	0.00203	0.00261	0.00303	0.00314	0.00193	0.00197	0.00320	0.00415	0.00554	0.01147	0.73399	0.01370	0.19342	0.00469	0.00119	0.00150	0.00584	0.00197	0.00176
26	0.00276	0.00225	0.00245	0.00258	0.00319	0.00194	0.00189	0.00333	0.00507	0.00622	0.05558	0.21798	0.64950	0.00605	0.00276	0.00081	0.00122	0.03037	0.00213	0.00192
27	0.00562	0.00497	0.00481	0.00430	0.00552	0.08377	0.00334	0.07408	0.55439	0.02798	0.01136	0.01067	0.19231	0.00355	0.00237	0.00075	0.00193	0.00290	0.00219	0.00320

[dist]
# distance from previous block
# <min> <max>
3	5

[block]
# block no. 1 follows, 133 sequences, length 58
# corresponding to MSA columns:
# 46-103
name=unknown_B
#
# <colnr> <probs for GDERKNQSTAVLIFYWHMCP>
#	G	D	E	R	K	N	Q	S	T	A	V	L	I	F	Y	W	H	M	C	P
0	0.01481	0.68498	0.01050	0.00439	0.00613	0.22676	0.00402	0.00737	0.00506	0.00546	0.00325	0.00378	0.00293	0.00207	0.00166	0.00052	0.01114	0.00129	0.00103	0.00285
1	0.00461	0.02673	0.88132	0.00656	0.02168	0.00536	0.00833	0.00721	0.00482	0.00719	0.00408	0.00481	0.00290	0.00216	0.00216	0.00072	0.00335	0.00168	0.00097	0.00337
2	0.00332	0.00262	0.00279	0.00270	0.00338	0.00244	0.00198	0.05627	0.03368	0.00661	0.06337	0.02533	0.57540	0.17140	0.00430	0.00104	0.00148	0.03786	0.00202	0.00201
3	0.02714	0.00264	0.00335	0.05008	0.02005	0.00250	0.00246	0.00474	0.02223	0.05985	0.51327	0.06404	0.20971	0.00467	0.00261	0.00074	0.00132	0.00405	0.00229	0.00227
4	0.66737	0.00580	0.17979	0.06103	0.01357	0.00509	0.00391	0.00675	0.00418	0.01669	0.01650	0.00431	0.00290	0.00218	0.00165	0.00071	0.00216	0.00143	0.00132	0.00267
5	0.00282	0.00202	0.00266	0.00315	0.00330	0.00188	0.00209	0.00321	0.00433	0.00578	0.01224	0.86931	0.01466	0.04632	0.00327	0.00097	0.00137	0.00629	0.00208	0.01225
6	0.00354	0.01525	0.00388	0.00370	0.00418	0.00310	0.00289	0.04315	0.00398	0.00567	0.00607	0.00891	0.00566	0.04311	0.83187	0.00345	0.00578	0.00244	0.00127	0.00211
7	0.00626	0.74071	0.03011	0.00406	0.00589	0.05064	0.00394	0.00708	0.01048	0.05872	0.02206	0.00443	0.00358	0.00257	0.02903	0.00062	0.01433	0.00142	0.00114	0.00294
8	0.00867	0.00639	0.00684	0.00525	0.00707	0.00707	0.00433	0.89803	0.01072	0.01437	0.00548	0.00548	0.00388	0.00274	0.00228	0.00068	0.00251	0.00205	0.00228	0.00388
9	0.00850	0.00620	0.00668	0.00514	0.00694	0.00680	0.00423	0.83984	0.01036	0.03356	0.00563	0.02029	0.00408	0.00278	0.00228	0.00068	0.00246	0.00211	0.00227	0.02917
10	0.00483	0.09933	0.72621	0.00699	0.09311	0.00567	0.01882	0.00716	0.00484	0.00706	0.00403	0.00480	0.00297	0.00213	0.00211	0.00070	0.00322	0.00168	0.00098	0.00335
11	0.00559	0.00535	0.00910	0.05392	0.85598	0.00541	0.00693	0.00700	0.01521	0.00740	0.00434	0.00570	0.00362	0.00205	0.00226	0.00068	0.00271	0.00204	0.00114	0.00356
12	0.90466	0.00444	0.00345	0.00306	0.00448	0.00513	0.00252	0.02452	0.00405	0.02275	0.00330	0.00380	0.00254	0.00214	0.00144	0.00071	0.00178	0.00127	0.00145	0.00252
13	0.00362	0.00270	0.00356	0.00397	0.01257	0.00267	0.00334	0.00486	0.04941	0.00689	0.02969	0.02390	0.16406	0.00599	0.00302	0.00098	0.00191	0.67260	0.00211	0.00216
14	0.00304	0.00258	0.00302	0.03944	0.04994	0.00234	0.00237	0.00384	0.02145	0.00639	0.04899	0.08451	0.66290	0.00549	0.00269	0.00079	0.00138	0.05472	0.00204	0.00208
15	0.01734	0.00373	0.00450	0.00380	0.00511	0.00365	0.00302	0.00928	0.25717	0.38992	0.15591	0.01116	0.11829	0.00355	0.00240	0.00073	0.00166	0.00297	0.00253	0.00327
16	0.00561	0.00463	0.00493	0.00442	0.00567	0.00524	0.00344	0.04391	0.74179	0.03865	0.01713	0.03386	0.07384	0.00339	0.00236	0.00077	0.00177	0.00283	0.00232	0.00344
17	0.00345	0.00224	0.00258	0.00257	0.00263	0.00222	0.00149	0.00352	0.00353	0.02653	0.02991	0.06253	0.00892	0.82653	0.01070	0.00207	0.00213	0.00348	0.00148	0.00149
18	0.00341	0.00231	0.00267	0.00266	0.00279	0.00230	0.00161	0.02779	0.00396	0.00535	0.09126	0.10155	0.02175	0.69690	0.00943	0.00186	0.00200	0.00366	0.01516	0.00158
19	0.04436	0.00230	0.00226	0.00222	0.00280	0.00234	0.00167	0.02019	0.00481	0.00858	0.00722	0.00839	0.00572	0.02268	0.00182	0.00058	0.00114	0.00211	0.85664	0.00215
20	0.00270	0.00227	0.00235	0.00240	0.00311	0.00192	0.00177	0.00326	0.00511	0.00612	0.02195	0.12007	0.80732	0.00593	0.00272	0.00079	0.00117	0.00500	0.00212	0.00192
21	0.00567	0.00490	0.00516	0.00464	0.00593	0.00567	0.00361	0.01212	0.90151	0.00954	0.00928	0.00851	0.00696	0.00309	0.00232	0.00077	0.00180	0.00258	0.00232	0.00361
22	0.90254	0.00439	0.00340	0.00303	0.00444	0.00507	0.00249	0.01475	0.00401	0.02212	0.01567	0.00396	0.00279	0.00217	0.00145	0.00071	0.00176	0.00130	0.00145	0.00250
23	0.00279	0.00199	0.00266	0.00317	0.00331	0.00186	0.00212	0.00320	0.00442	0.00591	0.03595	0.89474	0.01525	0.00708	0.00290	0.00092	0.00132	0.00642	0.00213	0.00186
24	0.00278	0.00198	0.00265	0.00318	0.00331	0.00185	0.00212	0.00318	0.00437	0.00582	0.01257	0.91837	0.01508	0.00714	0.00291	0.00093	0.00132	0.00648	0.00212	0.00185
25	0.01061	0.00236	0.00288	0.00276	0.00335	0.00214	0.00205	0.00414	0.00584	0.03114	0.55226	0.05754	0.24259	0.05774	0.00320	0.00083	0.00121	0.01295	0.00232	0.00208
26	0.00563	0.00474	0.00500	0.00446	0.00574	0.00539	0.00348	0.06069	0.76295	0.01961	0.01028	0.00951	0.08576	0.00331	0.00235	0.00077	0.00179	0.00274	0.00231	0.00348
27	0.00432	0.00407	0.00684	0.89862	0.01554	0.00510	0.00631	0.00582	0.00454	0.00582	0.00403	0.00606	0.00304	0.00231	0.00237	0.00076	0.01887	0.00203	0.00101	0.00253
28	0.00397	0.00199	0.00293	0.00293	0.00296	0.00199	0.00196	0.00307	0.00305	0.00416	0.00412	0.00700	0.00404	0.00769	0.00859	0.89233	0.00194	0.00199	0.04224	0.00104
29	0.00315	0.00247	0.00258	0.00250	0.00331	0.00213	0.00189	0.00397	0.03724	0.04461	0.06781	0.02061	0.78875	0.00550	0.00266	0.00076	0.00121	0.00459	0.00218	0.00208
30	0.00370	0.00269	0.00379	0.00367	0.00415	0.00307	0.00282	0.06016	0.00412	0.01848	0.00620	0.00924	0.00581	0.09343	0.76394	0.00331	0.00549	0.00249	0.00132	0.00212
31	0.01449	0.00511	0.00560	0.00459	0.00592	0.00557	0.00364	0.63212	0.00875	0.01175	0.00704	0.20441	0.00651	0.04624	0.00301	0.02458	0.00222	0.00307	0.00216	0.00324
32	0.64899	0.00458	0.02295	0.20587	0.02916	0.00517	0.02115	0.02602	0.00426	0.00916	0.00349	0.00439	0.00268	0.00216	0.00168	0.00072	0.00216	0.00149	0.00132	0.00257
33	0.00501	0.02473	0.00702	0.00589	0.00596	0.01576	0.00492	0.00552	0.00355	0.00548	0.00307	0.00503	0.00305	0.00420	0.02564	0.00104	0.86865	0.00198	0.00100	0.00250
34	0.00305	0.00210	0.00258	0.00284	0.00292	0.00203	0.00177	0.00327	0.00391	0.00523	0.02966	0.46653	0.01198	0.44349	0.00706	0.00154	0.00174	0.00492	0.00177	0.00163
35	0.00473	0.00405	0.00473	0.00338	0.00540	0.00304	0.00270	0.00574	0.00473	0.00743	0.00405	0.00473	0.00338	0.00169	0.00169	0.00034	0.00169	0.00135	0.00135	0.93380
36	0.00279	0.00201	0.00263	0.00312	0.00329	0.00186	0.00209	0.00320	0.00443	0.00587	0.02494	0.84894	0.06267	0.01664	0.00299	0.00093	0.00132	0.00633	0.00211	0.00186
37	0.00867	0.00639	0.00684	0.00525	0.00707	0.00707	0.00433	0.89803	0.01072	0.01437	0.00548	0.00548	0.00388	0.00274	0.00228	0.00068	0.00251	0.00205	0.00228	0.00388
38	0.01848	0.53266	0.00957	0.00471	0.00633	0.38272	0.00409	0.00777	0.00538	0.00551	0.00332	0.00385	0.00293	0.00212	0.00171	0.00053	0.00312	0.00132	0.00106	0.00280
39	0.00279	0.00199	0.00264	0.00316	0.00328	0.00186	0.00210	0.00318	0.00434	0.00578	0.01242	0.89262	0.01489	0.03315	0.00316	0.00096	0.00135	0.00639	0.00210	0.00184
40	0.00344	0.00257	0.00377	0.00372	0.00417	0.00299	0.00290	0.03339	0.00390	0.00559	0.00609	0.00884	0.00564	0.01663	0.88103	0.00357	0.00599	0.00243	0.00126	0.00210
41	0.00461	0.03139	0.88874	0.00644	0.00978	0.00538	0.00833	0.00721	0.00481	0.00718	0.00407	0.00479	0.00289	0.00216	0.00215	0.00072	0.00335	0.00168	0.00096	0.00336
42	0.00867	0.00639	0.00684	0.00525	0.00707	0.00707	0.00433	0.89803	0.01072	0.01437	0.00548	0.00548	0.00388	0.00274	0.00228	0.00068	0.00251	0.00205	0.00228	0.00388
43	0.00282	0.00200	0.00264	0.00313	0.00326	0.00188	0.00207	0.00320	0.00433	0.00579	0.02515	0.85182	0.01477	0.06117	0.00342	0.00100	0.00137	0.00626	0.00208	0.00183
44	0.00273	0.00227	0.00239	0.00247	0.00314	0.00193	0.00182	0.00329	0.00510	0.00616	0.03364	0.15139	0.75199	0.00596	0.00273	0.00080	0.00119	0.01696	0.00212	0.00192
45	0.00335	0.00221	0.00247	0.00247	0.00249	0.00221	0.00139	0.00340	0.00338	0.00459	0.00720	0.01466	0.00819	0.88234	0.01120	0.00214	0.00216	0.00327	0.03946	0.00141
46	0.00278	0.00198	0.00265	0.00318	0.00331	0.00185	0.00212	0.00318	0.00437	0.00582	0.01257	0.91837	0.01508	0.00714	0.00291	0.00093	0.00132	0.00648	0.00212	0.00185
47	0.00870	0.00634	0.00681	0.00522	0.00705	0.00700	0.00431	0.88036	0.01064	0.03216	0.00555	0.00552	0.00391	0.00274	0.00228	0.00068	0.00250	0.00206	0.00229	0.00388
48	0.00396	0.00198	0.00297	0.00297	0.00297	0.00198	0.00198	0.00297	0.00297	0.00396	0.00396	0.00693	0.00396	0.00792	0.00891	0.93365	0.00198	0.00198	0.00099	0.00099
49	0.21079	0.00598	0.00577	0.00462	0.00625	0.07444	0.00377	0.54415	0.01917	0.05986	0.00554	0.00561	0.02689	0.00266	0.00208	0.00068	0.00238	0.00192	0.01405	0.00340
50	0.00321	0.00217	0.00252	0.00262	0.00265	0.00214	0.00152	0.00329	0.00352	0.00469	0.00823	0.19054	0.00961	0.74244	0.00992	0.00196	0.00204	0.00393	0.00152	0.00147
51	0.00856	0.00604	0.00656	0.00506	0.00681	0.00662	0.00416	0.78818	0.01751	0.07972	0.00581	0.00589	0.00414	0.02011	0.00249	0.00072	0.00950	0.00210	0.01622	0.00379
52	0.00288	0.00239	0.00250	0.00250	0.00324	0.00207	0.00188	0.02095	0.01309	0.00643	0.05004	0.09043	0.76754	0.00577	0.00271	0.00078	0.00121	0.01947	0.00213	0.00198
53	0.00273	0.00231	0.00233	0.00233	0.00307	0.00194	0.00173	0.00330	0.00517	0.00618	0.04337	0.02161	0.85603	0.03417	0.00297	0.00081	0.00119	0.00475	0.00210	0.00191
54	0.00509	0.00503	0.00677	0.01797	0.00608	0.03176	0.01072	0.02886	0.00383	0.00579	0.00330	0.00521	0.00318	0.00440	0.04612	0.00107	0.78501	0.00200	0.01237	0.01543
55	0.00350	0.00267	0.00367	0.07699	0.01631	0.00267	0.00345	0.00446	0.00512	0.00655	0.01343	0.08928	0.17892	0.00589	0.00297	0.00096	0.00195	0.57712	0.00201	0.00210
56	0.00318	0.00232	0.00283	0.00275	0.00330	0.00209	0.00202	0.00401	0.00577	0.02409	0.53040	0.09317	0.25091	0.05912	0.00323	0.00084	0.00120	0.00442	0.00231	0.00205
57	0.00520	0.00418	0.00476	0.00362	0.00532	0.00363	0.00284	0.13314	0.05182	0.01675	0.00517	0.03741	0.00451	0.08097	0.00270	0.00060	0.00184	0.00188	0.01205	0.62159

[dist]
# distance from previous block
# <min> <max>
5	12

[block]
# block no. 2 follows, 133 sequences, length 66
# corresponding to MSA columns:
# 120-185
name=unknown_C
#
# <colnr> <probs for GDERKNQSTAVLIFYWHMCP>
#	G	D	E	R	K	N	Q	S	T	A	V	L	I	F	Y	W	H	M	C	P
0	0.00282	0.00201	0.00267	0.00314	0.00330	0.00188	0.00210	0.00325	0.00447	0.00600	0.06732	0.84453	0.01534	0.02558	0.00307	0.00094	0.00133	0.00627	0.00213	0.00186
1	0.01722	0.00742	0.00678	0.04026	0.03412	0.24298	0.00449	0.59683	0.00914	0.01150	0.00485	0.00513	0.00358	0.00259	0.00221	0.00066	0.00295	0.00189	0.00190	0.00348
2	0.02303	0.00401	0.02130	0.01026	0.00557	0.00368	0.00328	0.03718	0.14649	0.53091	0.07764	0.03248	0.06372	0.00324	0.00234	0.00072	0.00183	0.00268	0.00253	0.02712
3	0.00270	0.00230	0.00232	0.00233	0.00309	0.00192	0.00174	0.00327	0.00518	0.00615	0.02285	0.04333	0.88349	0.00581	0.00270	0.00077	0.00116	0.00485	0.00212	0.00192
4	0.00536	0.00461	0.00484	0.00436	0.00560	0.00523	0.00339	0.02885	0.77164	0.00921	0.01093	0.01013	0.11902	0.00342	0.00237	0.00077	0.00174	0.00285	0.00229	0.00340
5	0.01529	0.00402	0.00527	0.01687	0.01423	0.00375	0.00348	0.07565	0.06498	0.67715	0.00877	0.03451	0.00609	0.00336	0.02063	0.00079	0.00207	0.03680	0.00262	0.00367
6	0.00503	0.00422	0.00488	0.00354	0.00552	0.00338	0.00283	0.07603	0.01560	0.00798	0.00432	0.01464	0.00358	0.00185	0.00176	0.00038	0.00175	0.00148	0.00144	0.83980
7	0.00849	0.00638	0.00671	0.00519	0.00697	0.02710	0.00427	0.84129	0.03088	0.01391	0.00585	0.00582	0.02069	0.00279	0.00228	0.00069	0.00250	0.00210	0.00225	0.00381
8	0.00727	0.00396	0.00474	0.00397	0.00533	0.01873	0.00316	0.00983	0.27387	0.42555	0.16820	0.01019	0.04824	0.00335	0.00239	0.00073	0.00175	0.00280	0.00256	0.00339
9	0.00289	0.00235	0.00241	0.00244	0.00300	0.01045	0.00171	0.00333	0.00475	0.00576	0.01875	0.08211	0.64104	0.20354	0.00463	0.00109	0.00142	0.00457	0.00195	0.00181
10	0.00330	0.00220	0.00250	0.00252	0.00254	0.00219	0.00143	0.00334	0.00342	0.00460	0.01866	0.06108	0.00878	0.85211	0.01095	0.00211	0.00214	0.00348	0.01123	0.00142
11	0.00538	0.00463	0.00488	0.00443	0.00564	0.00529	0.00342	0.01122	0.81063	0.00917	0.01028	0.02906	0.06897	0.01344	0.00246	0.00079	0.00175	0.00282	0.00229	0.00343
12	0.00538	0.00613	0.01336	0.00956	0.01183	0.00579	0.88410	0.00728	0.00535	0.00728	0.00459	0.00613	0.00345	0.00195	0.00276	0.00077	0.01738	0.00268	0.00115	0.00307
13	0.87836	0.00439	0.00345	0.00305	0.00447	0.00505	0.00251	0.02159	0.00409	0.03630	0.00345	0.00393	0.00264	0.00216	0.00145	0.00070	0.00177	0.00129	0.01682	0.00253
14	0.00330	0.00221	0.00249	0.00250	0.00251	0.00220	0.00140	0.00331	0.00334	0.00445	0.00731	0.03504	0.00844	0.89953	0.01141	0.00218	0.00219	0.00339	0.00140	0.00139
15	0.00934	0.00389	0.00514	0.00403	0.00566	0.00350	0.00330	0.03876	0.05579	0.75366	0.08459	0.00851	0.00700	0.00299	0.00233	0.00071	0.00188	0.00246	0.00275	0.00372
16	0.00564	0.00486	0.00511	0.00460	0.00588	0.00561	0.00358	0.02135	0.87322	0.00952	0.00953	0.00876	0.02578	0.00315	0.00233	0.00077	0.00180	0.00262	0.00232	0.00358
17	0.00850	0.00624	0.00670	0.00516	0.00692	0.00690	0.00425	0.86697	0.01046	0.01402	0.00546	0.00561	0.00392	0.01208	0.00254	0.02370	0.00249	0.00206	0.00224	0.00378
18	0.84466	0.01426	0.00356	0.00308	0.00449	0.00512	0.00254	0.04804	0.00425	0.01026	0.00374	0.00423	0.01908	0.00222	0.00148	0.00070	0.00178	0.00136	0.02263	0.00252
19	0.00293	0.00205	0.00260	0.00297	0.00307	0.00196	0.00190	0.00322	0.00408	0.00543	0.01118	0.64881	0.02516	0.26721	0.00539	0.00129	0.00157	0.00556	0.00191	0.00172
20	0.00287	0.00205	0.00270	0.00318	0.00333	0.00193	0.00213	0.01355	0.00445	0.00594	0.02579	0.87442	0.01490	0.02708	0.00309	0.00095	0.00135	0.00633	0.00211	0.00187
21	0.00601	0.00533	0.00542	0.00504	0.03967	0.06981	0.00378	0.03931	0.73800	0.02734	0.00866	0.00809	0.01681	0.00300	0.00229	0.00075	0.00202	0.00247	0.00219	0.01400
22	0.01461	0.10391	0.45233	0.00803	0.22693	0.08202	0.04112	0.00721	0.00501	0.00693	0.00403	0.00495	0.00314	0.00241	0.01875	0.00073	0.01182	0.00175	0.00104	0.00327
23	0.00358	0.00267	0.00348	0.00384	0.00442	0.00265	0.00323	0.00486	0.06377	0.00686	0.02887	0.09408	0.14631	0.00605	0.00300	0.00097	0.00186	0.61520	0.00213	0.00215
24	0.00523	0.00522	0.00698	0.02988	0.00644	0.04457	0.02950	0.03624	0.00937	0.00597	0.00329	0.00508	0.00310	0.00378	0.01501	0.00095	0.73841	0.00197	0.00108	0.04792
25	0.00529	0.00609	0.03192	0.06947	0.03545	0.00567	0.78520	0.00718	0.00530	0.00721	0.00455	0.00609	0.00342	0.00195	0.00263	0.00076	0.00373	0.00259	0.00114	0.01436
26	0.00830	0.00609	0.00674	0.00516	0.00694	0.00664	0.02416	0.79200	0.01002	0.03512	0.00554	0.00579	0.00402	0.02580	0.01095	0.00074	0.00252	0.00208	0.00220	0.03919
27	0.10719	0.00686	0.33454	0.02238	0.11261	0.00450	0.00541	0.00758	0.06456	0.14786	0.13032	0.00732	0.01219	0.00267	0.00219	0.00071	0.00241	0.00219	0.00164	0.02489
28	0.00287	0.00243	0.00264	0.00283	0.03351	0.00210	0.00198	0.00356	0.01880	0.00634	0.05532	0.09023	0.75810	0.00567	0.00269	0.00078	0.00123	0.00479	0.00210	0.00201
29	0.00279	0.00199	0.00265	0.00317	0.00331	0.00186	0.00212	0.00320	0.00441	0.00589	0.03045	0.90030	0.01521	0.00709	0.00291	0.00092	0.00132	0.00644	0.00212	0.00186
30	0.00332	0.00236	0.00306	0.00287	0.00343	0.00216	0.00216	0.00437	0.00641	0.02344	0.85678	0.01707	0.05461	0.00467	0.00268	0.00072	0.00109	0.00412	0.00250	0.00217
31	0.00473	0.00405	0.00473	0.00338	0.00540	0.00304	0.00270	0.00574	0.00473	0.00743	0.00405	0.00473	0.00338	0.00169	0.00169	0.00034	0.00169	0.00135	0.00135	0.93380
32	0.01023	0.00388	0.00529	0.00406	0.00582	0.00335	0.00335	0.01111	0.00653	0.90721	0.00900	0.00776	0.00565	0.00282	0.00229	0.00071	0.00194	0.00229	0.00282	0.00388
33	0.00278	0.00198	0.00265	0.00318	0.00331	0.00185	0.00212	0.00318	0.00437	0.00582	0.01257	0.91837	0.01508	0.00714	0.00291	0.00093	0.00132	0.00648	0.00212	0.00185
34	0.00537	0.00612	0.01332	0.01959	0.02458	0.00575	0.87501	0.00728	0.00537	0.00729	0.00460	0.00614	0.00346	0.00193	0.00268	0.00077	0.00382	0.00267	0.00115	0.00308
35	0.00837	0.00605	0.00656	0.00506	0.00680	0.00665	0.00417	0.81426	0.01032	0.04121	0.06269	0.00628	0.00505	0.00286	0.00231	0.00069	0.00240	0.00219	0.00231	0.00377
36	0.00520	0.00568	0.01124	0.05897	0.02055	0.00602	0.59389	0.00671	0.00482	0.00673	0.00417	0.00586	0.00334	0.00263	0.01264	0.00086	0.24423	0.00246	0.00110	0.00289
37	0.00396	0.00198	0.00297	0.00297	0.00297	0.00198	0.00198	0.00297	0.00297	0.00396	0.00396	0.00693	0.00396	0.00792	0.00891	0.93365	0.00198	0.00198	0.00099	0.00099
38	0.00278	0.00198	0.00265	0.00318	0.00331	0.00185	0.00212	0.00318	0.00437	0.00582	0.01257	0.91837	0.01508	0.00714	0.00291	0.00093	0.00132	0.00648	0.00212	0.00185
39	0.00365	0.00264	0.00362	0.00409	0.00464	0.00263	0.00355	0.00476	0.01800	0.00689	0.03534	0.02509	0.05249	0.00619	0.00311	0.00103	0.00203	0.81605	0.00211	0.00211
40	0.00367	0.00262	0.00367	0.00420	0.00472	0.00262	0.00367	0.00472	0.00525	0.00682	0.01207	0.02572	0.01312	0.00630	0.00315	0.00105	0.00210	0.89028	0.00210	0.00210
41	0.00499	0.00499	0.00698	0.00599	0.00599	0.00698	0.00499	0.00549	0.00349	0.00549	0.00299	0.00499	0.00299	0.00399	0.00748	0.00100	0.91568	0.00200	0.00100	0.00249
42	0.00323	0.00233	0.00305	0.00287	0.00341	0.00215	0.00215	0.00430	0.00646	0.00914	0.90443	0.01703	0.02152	0.00466	0.00269	0.00072	0.00108	0.00412	0.00251	0.00215
43	0.00867	0.00639	0.00684	0.00525	0.00707	0.00707	0.00433	0.89803	0.01072	0.01437	0.00548	0.00548	0.00388	0.00274	0.00228	0.00068	0.00251	0.00205	0.00228	0.00388
44	0.00366	0.00262	0.00365	0.00417	0.00470	0.00261	0.00364	0.00470	0.00525	0.00681	0.01225	0.02566	0.02761	0.00629	0.00314	0.00105	0.00208	0.87589	0.00210	0.00210
45	0.00365	0.00262	0.00365	0.00416	0.00469	0.00261	0.00363	0.00469	0.00525	0.00681	0.01231	0.02564	0.03254	0.00629	0.00314	0.00104	0.00208	0.87099	0.00210	0.00210
46	0.00307	0.00232	0.00283	0.00271	0.00331	0.00208	0.00203	0.00399	0.00607	0.00824	0.63906	0.03033	0.27557	0.00502	0.00269	0.00074	0.00110	0.00435	0.00239	0.00208
47	0.00296	0.00211	0.00275	0.00318	0.00336	0.00201	0.00214	0.02527	0.00453	0.00606	0.03767	0.82466	0.01465	0.05281	0.00333	0.00098	0.00139	0.00615	0.00210	0.00189
48	0.73690	0.00466	0.00399	0.00340	0.00489	0.00527	0.00280	0.13495	0.00505	0.07474	0.00392	0.00425	0.00290	0.00226	0.00160	0.00070	0.00188	0.00143	0.00164	0.00277
49	0.00326	0.00244	0.00367	0.00367	0.00407	0.00285	0.00285	0.00407	0.00367	0.00529	0.00611	0.00896	0.00570	0.01710	0.91082	0.00367	0.00611	0.00244	0.00122	0.00204
50	0.04862	0.00394	0.00523	0.00403	0.00578	0.00348	0.00333	0.02352	0.00648	0.85731	0.00871	0.00756	0.00549	0.00279	0.00226	0.00071	0.00194	0.00225	0.00276	0.00382
51	0.01000	0.00406	0.00538	0.00414	0.00589	0.00364	0.00342	0.07479	0.01863	0.82406	0.01589	0.00768	0.00566	0.00283	0.00230	0.00071	0.00197	0.00229	0.00277	0.00386
52	0.00278	0.00198	0.00265	0.00318	0.00331	0.00185	0.00212	0.00318	0.00437	0.00582	0.01257	0.91837	0.01508	0.00714	0.00291	0.00093	0.00132	0.00648	0.00212	0.00185
53	0.00279	0.00199	0.00266	0.00317	0.00331	0.00186	0.00212	0.00321	0.00442	0.00591	0.03615	0.89453	0.01525	0.00708	0.00290	0.00092	0.00132	0.00642	0.00213	0.00186
54	0.01430	0.00220	0.00220	0.00218	0.00273	0.00222	0.00163	0.01613	0.00482	0.00852	0.00737	0.00852	0.00583	0.01839	0.00177	0.00056	0.00111	0.00214	0.89524	0.00214
55	0.93596	0.00441	0.00335	0.00300	0.00441	0.00512	0.00247	0.00670	0.00388	0.01023	0.00318	0.00370	0.00247	0.00212	0.00141	0.00071	0.00176	0.00123	0.00141	0.00247
56	0.00867	0.00639	0.00684	0.00525	0.00707	0.00707	0.00433	0.89803	0.01072	0.01437	0.00548	0.00548	0.00388	0.00274	0.00228	0.00068	0.00251	0.00205	0.00228	0.00388
57	0.00278	0.00198	0.00265	0.00318	0.00331	0.00185	0.00212	0.00318	0.00437	0.00582	0.01257	0.91837	0.01508	0.00714	0.00291	0.00093	0.00132	0.00648	0.00212	0.00185
58	0.00282	0.00200	0.00264	0.00313	0.00325	0.00188	0.00207	0.00319	0.00429	0.00572	0.01219	0.85514	0.01461	0.07102	0.00352	0.00102	0.00139	0.00626	0.00207	0.00182
59	0.02458	0.00632	0.00676	0.00519	0.00701	0.00699	0.00429	0.87150	0.01055	0.02562	0.00548	0.00547	0.00388	0.00273	0.00227	0.00069	0.00249	0.00204	0.00227	0.00385
60	0.00351	0.00253	0.00316	0.00304	0.00363	0.00240	0.00226	0.00487	0.07723	0.03394	0.60799	0.14309	0.09376	0.00493	0.00268	0.00076	0.00120	0.00434	0.00242	0.00226
61	0.00999	0.00388	0.00525	0.00405	0.00578	0.00339	0.00334	0.01917	0.01746	0.86646	0.03046	0.00797	0.00603	0.00287	0.00230	0.00071	0.00192	0.00234	0.00280	0.00384
62	0.00287	0.00205	0.00270	0.01064	0.00339	0.00194	0.00213	0.01056	0.00437	0.00582	0.01227	0.84482	0.02437	0.05618	0.00337	0.00099	0.00139	0.00622	0.00207	0.00185
63	0.00278	0.00203	0.00262	0.00308	0.00329	0.00187	0.00208	0.00321	0.00449	0.00592	0.02997	0.80671	0.10968	0.00695	0.00288	0.00091	0.00130	0.00626	0.00212	0.00187
64	0.00321	0.00233	0.00302	0.00285	0.00339	0.00214	0.00213	0.00426	0.00640	0.00902	0.86875	0.01723	0.05727	0.00471	0.00269	0.00072	0.00108	0.00415	0.00249	0.00214
65	0.00270	0.00231	0.00231	0.00231	0.00308	0.00193	0.00173	0.00327	0.00520	0.00616	0.02310	0.02195	0.90470	0.00578	0.00270	0.00077	0.00116	0.00481	0.00212	0.00193

[dist]
# distance from previous block
# <min> <max>
14	34

[block]
# block no. 3 follows, 133 sequences, length 6
# corresponding to MSA columns:
# 242-247
name=unknown_D
#
# <colnr> <probs for GDERKNQSTAVLIFYWHMCP>
#	G	D	E	R	K	N	Q	S	T	A	V	L	I	F	Y	W	H	M	C	P
0	0.02818	0.03818	0.00615	0.05282	0.05114	0.45310	0.00420	0.05277	0.11741	0.02197	0.00590	0.00671	0.05549	0.00308	0.02249	0.00072	0.01966	0.02679	0.00147	0.03176
1	0.07477	0.04046	0.64680	0.00696	0.09811	0.00538	0.05091	0.00728	0.00486	0.03802	0.00420	0.00494	0.00305	0.00215	0.00213	0.00071	0.00313	0.00174	0.00109	0.00331
2	0.10380	0.00501	0.02974	0.29228	0.36248	0.00527	0.00578	0.10051	0.00542	0.00792	0.00484	0.00606	0.03328	0.00231	0.00218	0.00070	0.00263	0.00201	0.00128	0.02650
3	0.08630	0.00714	0.03260	0.05497	0.09404	0.29936	0.02222	0.17820	0.12671	0.00859	0.03345	0.00625	0.03508	0.00264	0.00217	0.00068	0.00288	0.00202	0.00161	0.00307
4	0.03946	0.04407	0.00667	0.00618	0.07520	0.66905	0.00444	0.05953	0.03295	0.00648	0.00392	0.00456	0.00323	0.00282	0.03130	0.00070	0.00377	0.00159	0.00127	0.00280
5	0.02206	0.00259	0.00315	0.02839	0.00386	0.00242	0.00224	0.03029	0.00583	0.02588	0.48434	0.06801	0.21911	0.05777	0.00313	0.00082	0.00132	0.00407	0.00223	0.03248

[dist]
# distance from previous block
# <min> <max>
5	13

[block]
# block no. 4 follows, 133 sequences, length 68
# corresponding to MSA columns:
# 268-335
name=unknown_E
#
# <colnr> <probs for GDERKNQSTAVLIFYWHMCP>
#	G	D	E	R	K	N	Q	S	T	A	V	L	I	F	Y	W	H	M	C	P
0	0.00843	0.04344	0.00666	0.00580	0.00701	0.87844	0.00439	0.00902	0.00640	0.00557	0.00351	0.00410	0.00294	0.00234	0.00204	0.00058	0.00405	0.00146	0.00117	0.00265
1	0.00326	0.00243	0.00360	0.00360	0.00399	0.00282	0.00277	0.00403	0.00365	0.00525	0.00617	0.00929	0.00584	0.06677	0.86135	0.00359	0.00589	0.00249	0.00123	0.00200
2	0.00331	0.00247	0.00365	0.00364	0.00405	0.00287	0.00282	0.01160	0.00373	0.00538	0.00614	0.00906	0.00574	0.03692	0.87497	0.00358	0.00595	0.00246	0.00963	0.00204
3	0.01167	0.00426	0.00719	0.76351	0.14277	0.00510	0.01397	0.00600	0.00466	0.00611	0.00415	0.00616	0.00320	0.00227	0.00228	0.00075	0.00298	0.00923	0.00104	0.00269
4	0.01193	0.00350	0.00426	0.00371	0.00454	0.00369	0.00281	0.20918	0.00566	0.14629	0.01505	0.02777	0.00636	0.28026	0.26267	0.00199	0.00331	0.00268	0.00179	0.00255
5	0.00537	0.00609	0.01316	0.02156	0.03837	0.00576	0.84693	0.00725	0.00534	0.00726	0.00457	0.00612	0.00345	0.00196	0.00274	0.00077	0.01642	0.00265	0.00115	0.00308
6	0.00284	0.00202	0.00267	0.00311	0.00327	0.00189	0.00208	0.00327	0.00447	0.00600	0.08092	0.80052	0.01521	0.05592	0.00336	0.00098	0.00135	0.00613	0.00211	0.00185
7	0.00294	0.00247	0.00256	0.00253	0.00328	0.00219	0.00189	0.00391	0.06483	0.00649	0.06775	0.05810	0.74368	0.02366	0.00286	0.00080	0.00122	0.00467	0.00214	0.00204
8	0.00538	0.00648	0.05875	0.00931	0.01160	0.01967	0.81786	0.00729	0.00533	0.00723	0.00453	0.00603	0.00341	0.00199	0.00276	0.00077	0.02478	0.00261	0.00114	0.00307
9	0.00537	0.00624	0.02677	0.00957	0.01189	0.00576	0.88412	0.00730	0.00537	0.00730	0.00461	0.00613	0.00345	0.00193	0.00268	0.00077	0.00384	0.00268	0.00115	0.00308
10	0.00280	0.00199	0.00264	0.00315	0.00328	0.00186	0.00209	0.00318	0.00433	0.00577	0.01238	0.88725	0.01485	0.03858	0.00321	0.00097	0.00135	0.00637	0.00209	0.00184
11	0.00610	0.92123	0.01195	0.00390	0.00585	0.00902	0.00390	0.00683	0.00463	0.00537	0.00317	0.00366	0.00293	0.00195	0.00146	0.00049	0.00244	0.00122	0.00098	0.00293
12	0.00453	0.02441	0.00713	0.18058	0.00824	0.02098	0.16172	0.00550	0.00427	0.00597	0.00521	0.12509	0.00507	0.02178	0.07874	0.00111	0.30485	0.00275	0.02961	0.00246
13	0.00394	0.00198	0.00296	0.00296	0.00297	0.00198	0.00198	0.00300	0.00301	0.00404	0.00414	0.02221	0.00417	0.00785	0.00873	0.90765	0.00196	0.00206	0.01137	0.00102
14	0.20384	0.00592	0.00605	0.00473	0.00645	0.00660	0.00391	0.69867	0.00920	0.01342	0.00502	0.00514	0.00361	0.00261	0.00209	0.00069	0.00233	0.00188	0.01430	0.00356
15	0.00353	0.00260	0.00369	0.00362	0.00407	0.00298	0.00279	0.04365	0.00399	0.00573	0.00618	0.00916	0.00578	0.07142	0.79158	0.00336	0.00558	0.00247	0.02575	0.00208
16	0.00434	0.00404	0.00671	0.82178	0.01461	0.00508	0.00609	0.00570	0.00443	0.00574	0.00398	0.00604	0.00307	0.00259	0.00286	0.03415	0.06327	0.00202	0.00101	0.00248
17	0.00277	0.00235	0.00239	0.00239	0.00316	0.00199	0.00181	0.00344	0.01660	0.00628	0.03954	0.02177	0.85558	0.00573	0.00270	0.00078	0.00118	0.02544	0.00213	0.00195
18	0.00270	0.00228	0.00234	0.00238	0.00310	0.00192	0.00176	0.00327	0.00513	0.00613	0.02229	0.09146	0.83572	0.00588	0.00271	0.00078	0.00117	0.00494	0.00212	0.00192
19	0.06090	0.00617	0.00665	0.04552	0.00731	0.00687	0.00432	0.80799	0.01006	0.01376	0.00528	0.00540	0.00376	0.00268	0.00223	0.00069	0.00249	0.00201	0.00218	0.00374
20	0.00276	0.00209	0.00254	0.00290	0.00322	0.00188	0.00199	0.00321	0.00459	0.00590	0.01561	0.63356	0.28075	0.02389	0.00301	0.00090	0.00129	0.00592	0.00210	0.00187
21	0.93596	0.00441	0.00335	0.00300	0.00441	0.00512	0.00247	0.00670	0.00388	0.01023	0.00318	0.00370	0.00247	0.00212	0.00141	0.00071	0.00176	0.00123	0.00141	0.00247
22	0.00332	0.00221	0.00249	0.00249	0.00249	0.00221	0.00138	0.00332	0.00332	0.00442	0.00719	0.01492	0.00829	0.91986	0.01161	0.00221	0.00221	0.00332	0.00138	0.00138
23	0.00283	0.00234	0.00246	0.00250	0.00319	0.00202	0.00184	0.01555	0.01191	0.00630	0.04104	0.14452	0.73476	0.01489	0.00280	0.00080	0.00121	0.00496	0.00212	0.00195
24	0.00330	0.00220	0.00249	0.00252	0.00253	0.00219	0.00142	0.00333	0.00339	0.00454	0.00748	0.06329	0.00863	0.86136	0.01104	0.00212	0.00215	0.00347	0.01113	0.00141
25	0.00278	0.00198	0.00265	0.00318	0.00331	0.00185	0.00212	0.00318	0.00437	0.00582	0.01257	0.91837	0.01508	0.00714	0.00291	0.00093	0.00132	0.00648	0.00212	0.00185
26	0.00589	0.00517	0.00527	0.00471	0.00601	0.03841	0.00367	0.04457	0.83645	0.00957	0.00893	0.00824	0.00670	0.00305	0.00231	0.00076	0.00191	0.00252	0.00228	0.00358
27	0.00283	0.00238	0.00246	0.00246	0.00321	0.00205	0.00185	0.00360	0.02922	0.00644	0.07545	0.03055	0.79941	0.00566	0.00270	0.00077	0.00119	0.02363	0.00215	0.00199
28	0.93596	0.00441	0.00335	0.00300	0.00441	0.00512	0.00247	0.00670	0.00388	0.01023	0.00318	0.00370	0.00247	0.00212	0.00141	0.00071	0.00176	0.00123	0.00141	0.00247
29	0.00270	0.00231	0.00231	0.00232	0.00308	0.00192	0.00174	0.00327	0.00519	0.00616	0.02296	0.03441	0.89234	0.00579	0.00270	0.00077	0.00116	0.00484	0.00212	0.00192
30	0.00278	0.00199	0.00264	0.00316	0.00330	0.00185	0.00211	0.00318	0.00438	0.00583	0.01275	0.90335	0.02998	0.00712	0.00291	0.00092	0.00132	0.00646	0.00212	0.00185
31	0.00867	0.00639	0.00684	0.00525	0.00707	0.00707	0.00433	0.89803	0.01072	0.01437	0.00548	0.00548	0.00388	0.00274	0.00228	0.00068	0.00251	0.00205	0.00228	0.00388
32	0.93596	0.00441	0.00335	0.00300	0.00441	0.00512	0.00247	0.00670	0.00388	0.01023	0.00318	0.00370	0.00247	0.00212	0.00141	0.00071	0.00176	0.00123	0.00141	0.00247
33	0.01018	0.00397	0.00535	0.00410	0.00587	0.00349	0.00339	0.04314	0.00668	0.87497	0.00887	0.00768	0.00558	0.00282	0.00229	0.00070	0.00196	0.00228	0.00280	0.00388
34	0.00322	0.00233	0.00304	0.00286	0.00340	0.00215	0.00215	0.00429	0.00644	0.00911	0.89361	0.01709	0.03235	0.00468	0.00269	0.00072	0.00108	0.00413	0.00251	0.00215
35	0.00396	0.00198	0.00297	0.00297	0.00297	0.00198	0.00198	0.00297	0.00297	0.00396	0.00396	0.00693	0.00396	0.00792	0.00891	0.93365	0.00198	0.00198	0.00099	0.00099
36	0.01023	0.00388	0.00529	0.00406	0.00582	0.00335	0.00335	0.01111	0.00653	0.90721	0.00900	0.00776	0.00565	0.00282	0.00229	0.00071	0.00194	0.00229	0.00282	0.00388
37	0.00852	0.01087	0.00646	0.00588	0.00705	0.91070	0.00441	0.00911	0.00646	0.00558	0.00353	0.00411	0.00294	0.00235	0.00206	0.00059	0.00411	0.00147	0.00118	0.00264
38	0.00457	0.01180	0.90804	0.00650	0.00987	0.00530	0.00843	0.00722	0.00481	0.00722	0.00409	0.00481	0.00289	0.00217	0.00217	0.00072	0.00337	0.00169	0.00096	0.00337
39	0.00982	0.00407	0.00535	0.00415	0.00589	0.00369	0.00341	0.05060	0.07327	0.80077	0.00886	0.00772	0.00566	0.00284	0.00229	0.00071	0.00196	0.00230	0.00276	0.00386
40	0.00396	0.00198	0.00297	0.00297	0.00297	0.00198	0.00198	0.00297	0.00297	0.00396	0.00396	0.00693	0.00396	0.00792	0.00891	0.93365	0.00198	0.00198	0.00099	0.00099
41	0.93596	0.00441	0.00335	0.00300	0.00441	0.00512	0.00247	0.00670	0.00388	0.01023	0.00318	0.00370	0.00247	0.00212	0.00141	0.00071	0.00176	0.00123	0.00141	0.00247
42	0.00863	0.00637	0.00682	0.00524	0.00706	0.00705	0.00433	0.88702	0.02179	0.01431	0.00552	0.00551	0.00392	0.00274	0.00228	0.00069	0.00250	0.00206	0.00228	0.00387
43	0.00326	0.00244	0.00365	0.00365	0.00405	0.00284	0.00283	0.00406	0.00366	0.00528	0.00613	0.00905	0.00574	0.03161	0.89636	0.00364	0.00605	0.00246	0.00122	0.00203
44	0.00396	0.00198	0.00297	0.00297	0.00297	0.00198	0.00198	0.00297	0.00297	0.00396	0.00396	0.00693	0.00396	0.00792	0.00891	0.93365	0.00198	0.00198	0.00099	0.00099
45	0.00854	0.01038	0.00650	0.00581	0.00705	0.81168	0.00440	0.10651	0.00693	0.00654	0.00374	0.00426	0.00304	0.00239	0.00208	0.00060	0.00394	0.00153	0.00130	0.00278
46	0.00396	0.00198	0.00297	0.00297	0.00297	0.00198	0.00198	0.00297	0.00297	0.00396	0.00396	0.00693	0.00396	0.00792	0.00891	0.93365	0.00198	0.00198	0.00099	0.00099
47	0.00610	0.92123	0.01195	0.00390	0.00585	0.00902	0.00390	0.00683	0.00463	0.00537	0.00317	0.00366	0.00293	0.00195	0.00146	0.00049	0.00244	0.00122	0.00098	0.00293
48	0.00469	0.00401	0.00469	0.00337	0.00536	0.00302	0.00269	0.00569	0.00472	0.00740	0.00423	0.02355	0.00362	0.00180	0.00171	0.00035	0.00168	0.00146	0.00137	0.91460
49	0.00564	0.00542	0.00926	0.01400	0.90563	0.00542	0.00700	0.00700	0.00519	0.00745	0.00429	0.00564	0.00361	0.00203	0.00226	0.00068	0.00271	0.00203	0.00113	0.00361
50	0.00457	0.01180	0.90804	0.00650	0.00987	0.00530	0.00843	0.00722	0.00481	0.00722	0.00409	0.00481	0.00289	0.00217	0.00217	0.00072	0.00337	0.00169	0.00096	0.00337
51	0.00564	0.00487	0.00512	0.00461	0.00590	0.00563	0.00359	0.01201	0.89065	0.00950	0.00945	0.00867	0.01784	0.00313	0.00232	0.00077	0.00180	0.00261	0.00232	0.00359
52	0.00396	0.00198	0.00297	0.00297	0.00297	0.00198	0.00198	0.00297	0.00297	0.00396	0.00396	0.00693	0.00396	0.00792	0.00891	0.93365	0.00198	0.00198	0.00099	0.00099
53	0.01018	0.00397	0.00535	0.00410	0.00587	0.00349	0.00339	0.04314	0.00668	0.87497	0.00887	0.00768	0.00558	0.00282	0.00229	0.00070	0.00196	0.00228	0.00280	0.00388
54	0.00331	0.00221	0.00250	0.00250	0.00251	0.00221	0.00140	0.00334	0.00339	0.00453	0.02813	0.01497	0.00860	0.89849	0.01140	0.00218	0.00218	0.00334	0.00141	0.00140
55	0.00270	0.00231	0.00231	0.00231	0.00308	0.00193	0.00173	0.00327	0.00520	0.00616	0.02310	0.02195	0.90470	0.00578	0.00270	0.00077	0.00116	0.00481	0.00212	0.00193
56	0.00584	0.00492	0.00520	0.00464	0.00596	0.00566	0.00362	0.03382	0.86198	0.02740	0.00918	0.00842	0.00686	0.00308	0.00232	0.00077	0.00182	0.00256	0.00233	0.00362
57	0.00396	0.00198	0.00297	0.00297	0.00297	0.00198	0.00198	0.00297	0.00297	0.00396	0.00396	0.00693	0.00396	0.00792	0.00891	0.93365	0.00198	0.00198	0.00099	0.00099
58	0.00561	0.00457	0.00487	0.00437	0.00562	0.00515	0.00340	0.01113	0.75662	0.05809	0.02613	0.00982	0.08781	0.00335	0.00236	0.00077	0.00174	0.00279	0.00233	0.00345
59	0.00286	0.00234	0.00254	0.00257	0.00325	0.00205	0.00192	0.00363	0.02469	0.00662	0.14261	0.11272	0.65219	0.00572	0.00272	0.00079	0.00120	0.02543	0.00218	0.00199
60	0.00332	0.00221	0.00249	0.00249	0.00249	0.00221	0.00138	0.00332	0.00332	0.00442	0.00719	0.01492	0.00829	0.91986	0.01161	0.00221	0.00221	0.00332	0.00138	0.00138
61	0.11179	0.00398	0.00507	0.00395	0.00565	0.00362	0.00326	0.03462	0.00635	0.76562	0.02691	0.00745	0.00558	0.00278	0.00220	0.00071	0.00192	0.00221	0.00265	0.00369
62	0.00283	0.00241	0.00242	0.00238	0.00317	0.00205	0.00179	0.02416	0.00533	0.00635	0.02269	0.02156	0.88367	0.00570	0.00269	0.00077	0.00119	0.00475	0.00212	0.00197
63	0.00326	0.00244	0.00363	0.00363	0.00403	0.00283	0.00281	0.00405	0.00366	0.00527	0.00614	0.00912	0.00577	0.04082	0.88719	0.00363	0.00601	0.00247	0.00123	0.00202
64	0.00290	0.00203	0.00261	0.00303	0.00314	0.00193	0.00196	0.00323	0.00416	0.00557	0.01144	0.72797	0.01362	0.18921	0.00463	0.00118	0.00150	0.00580	0.01233	0.00176
65	0.00499	0.00499	0.00698	0.00599	0.00599	0.00698	0.00499	0.00549	0.00349	0.00549	0.00299	0.00499	0.00299	0.00399	0.00748	0.00100	0.91568	0.00200	0.00100	0.00249
66	0.00475	0.00401	0.00422	0.00387	0.00499	0.00438	0.00300	0.01576	0.57497	0.01953	0.01379	0.01318	0.29855	0.00402	0.00246	0.00078	0.00161	0.02084	0.00226	0.00304
67	0.00439	0.00416	0.00709	0.85494	0.05595	0.00510	0.02472	0.00591	0.00461	0.00593	0.00408	0.00606	0.00307	0.00226	0.00229	0.00076	0.00304	0.00204	0.00102	0.00259

[dist]
# distance from previous block
# <min> <max>
3	9

[block]
# block no. 5 follows, 133 sequences, length 37
# corresponding to MSA columns:
# 348-384
name=unknown_F
#
# <colnr> <probs for GDERKNQSTAVLIFYWHMCP>
#	G	D	E	R	K	N	Q	S	T	A	V	L	I	F	Y	W	H	M	C	P
0	0.02435	0.02551	0.71400	0.02918	0.08011	0.02446	0.04173	0.00726	0.00490	0.02196	0.00416	0.00495	0.00301	0.00216	0.00217	0.00071	0.00327	0.00175	0.00103	0.00332
1	0.55526	0.02445	0.00473	0.00381	0.00533	0.02224	0.00314	0.29576	0.01444	0.01134	0.03777	0.00483	0.00370	0.00242	0.00176	0.00069	0.00204	0.00162	0.00173	0.00294
2	0.00330	0.00235	0.00295	0.01324	0.00346	0.00222	0.00209	0.00417	0.02464	0.02323	0.48848	0.17015	0.10348	0.14124	0.00403	0.00098	0.00135	0.00438	0.00222	0.00203
3	0.00833	0.01055	0.00653	0.00602	0.02282	0.85982	0.00447	0.00893	0.00633	0.00561	0.00352	0.00417	0.00295	0.00241	0.00227	0.00060	0.03934	0.00150	0.00117	0.00266
4	0.00810	0.00588	0.00630	0.00489	0.00657	0.00647	0.00402	0.78482	0.00995	0.01357	0.00566	0.00582	0.00410	0.00292	0.01522	0.00071	0.00241	0.00206	0.09560	0.01495
5	0.01008	0.00411	0.01769	0.00415	0.00594	0.00356	0.00347	0.05368	0.00671	0.85202	0.00876	0.00761	0.00552	0.00281	0.00229	0.00070	0.00199	0.00227	0.00277	0.00387
6	0.00270	0.00230	0.00232	0.00233	0.00308	0.00193	0.00173	0.00327	0.00516	0.00613	0.02271	0.03723	0.87745	0.01803	0.00282	0.00079	0.00117	0.00482	0.00211	0.00192
7	0.00336	0.00236	0.00308	0.00288	0.00345	0.00217	0.00217	0.00442	0.00643	0.02783	0.86516	0.01696	0.04180	0.00465	0.00268	0.00072	0.00110	0.00410	0.00251	0.00218
8	0.01011	0.00395	0.00533	0.00408	0.00585	0.00345	0.00337	0.03466	0.00661	0.87033	0.00883	0.00766	0.00557	0.00280	0.00228	0.00070	0.00195	0.00227	0.00279	0.01741
9	0.00840	0.00611	0.00657	0.00507	0.00679	0.00673	0.00415	0.83103	0.01023	0.03089	0.00564	0.00605	0.00416	0.05402	0.00280	0.00077	0.00248	0.00213	0.00224	0.00374
