[name]
cemA

[dist]
# distance from previous block
# <min> <max>
1	13

[block]
# block no. 0 follows, 133 sequences, length 12
# corresponding to MSA columns:
# 23-34
name=unknown_A
#
# <colnr> <probs for GDERKNQSTAVLIFYWHMCP>
#	G	D	E	R	K	N	Q	S	T	A	V	L	I	F	Y	W	H	M	C	P
0	0.00559	0.00573	0.05277	0.01363	0.86227	0.00541	0.00707	0.00701	0.00517	0.00744	0.00428	0.00560	0.00358	0.00204	0.00225	0.00068	0.00274	0.00202	0.00112	0.00360
1	0.00577	0.00565	0.00899	0.01330	0.83325	0.04624	0.00676	0.00728	0.03700	0.00744	0.00443	0.00568	0.00370	0.00208	0.00225	0.00068	0.00274	0.00203	0.00117	0.00357
2	0.00603	0.00598	0.00891	0.02966	0.74442	0.09440	0.02341	0.04624	0.00555	0.00754	0.00427	0.00550	0.00354	0.00210	0.00225	0.00067	0.00287	0.00199	0.00118	0.00350
3	0.00856	0.00437	0.04487	0.00448	0.03316	0.00384	0.00365	0.07114	0.09114	0.60098	0.07021	0.02868	0.01813	0.00305	0.00233	0.00072	0.00197	0.00252	0.00256	0.00364
4	0.00416	0.00294	0.00330	0.00304	0.00343	0.00301	0.00199	0.12740	0.03174	0.00618	0.00718	0.06696	0.00779	0.65387	0.02594	0.00183	0.00224	0.00321	0.00157	0.04223
5	0.00349	0.00303	0.00303	0.00300	0.00376	0.03892	0.00223	0.03283	0.11388	0.00674	0.01800	0.19705	0.55473	0.00549	0.00265	0.00079	0.00143	0.00465	0.00211	0.00221
6	0.00538	0.00437	0.00499	0.00373	0.00556	0.00380	0.00297	0.17566	0.02928	0.00865	0.00494	0.04682	0.00424	0.02792	0.00215	0.00049	0.00185	0.00181	0.00159	0.66381
7	0.00290	0.00205	0.00260	0.00298	0.00311	0.00194	0.00193	0.00321	0.00417	0.00552	0.01184	0.67431	0.05420	0.21227	0.00486	0.00121	0.00151	0.00569	0.00195	0.00175
8	0.00305	0.00234	0.00324	0.14145	0.00510	0.00238	0.00266	0.00360	0.00437	0.00572	0.01161	0.63051	0.08118	0.08737	0.00357	0.00100	0.00165	0.00540	0.00188	0.00192
9	0.00372	0.00268	0.00384	0.00373	0.00421	0.00309	0.00290	0.04360	0.00406	0.02797	0.00615	0.00885	0.00564	0.03818	0.79240	0.00332	0.02153	0.00243	0.01954	0.00216
10	0.00288	0.00205	0.00264	0.00304	0.00319	0.00192	0.00201	0.00327	0.00438	0.00585	0.06717	0.71095	0.04248	0.13190	0.00408	0.00108	0.00142	0.00585	0.00204	0.00181
11	0.00701	0.00434	0.00499	0.00420	0.00559	0.00452	0.00334	0.13155	0.35127	0.28568	0.05996	0.03061	0.08989	0.00339	0.00238	0.00074	0.00183	0.00280	0.00246	0.00345

[dist]
# distance from previous block
# <min> <max>
2	5

[block]
# block no. 1 follows, 133 sequences, length 10
# corresponding to MSA columns:
# 41-50
name=unknown_B
#
# <colnr> <probs for GDERKNQSTAVLIFYWHMCP>
#	G	D	E	R	K	N	Q	S	T	A	V	L	I	F	Y	W	H	M	C	P
0	0.04289	0.00248	0.00310	0.00289	0.00353	0.00231	0.00219	0.00461	0.00620	0.05063	0.73403	0.03878	0.08855	0.00462	0.00262	0.00073	0.00116	0.00403	0.00244	0.00222
1	0.00326	0.00221	0.00250	0.00251	0.00257	0.00218	0.00145	0.00334	0.00354	0.00469	0.03279	0.04483	0.05776	0.81518	0.01059	0.00205	0.00209	0.00352	0.00148	0.00145
2	0.00281	0.00200	0.00264	0.00313	0.00326	0.00187	0.00207	0.00318	0.00430	0.00574	0.01224	0.86304	0.01467	0.06304	0.00344	0.00100	0.00138	0.00629	0.00207	0.00182
3	0.00462	0.00394	0.00461	0.00337	0.00529	0.00297	0.00267	0.00560	0.00471	0.00734	0.00453	0.05606	0.00404	0.00200	0.00176	0.00037	0.00167	0.00164	0.00139	0.88144
4	0.00399	0.00214	0.00327	0.07319	0.00395	0.00222	0.00232	0.00319	0.00309	0.00410	0.00397	0.00687	0.00389	0.00749	0.00840	0.86178	0.00206	0.00198	0.00099	0.00111
5	0.00401	0.00212	0.00300	0.00299	0.00311	0.00215	0.00205	0.02586	0.00344	0.00480	0.00489	0.05842	0.00483	0.00765	0.04582	0.73317	0.00205	0.00227	0.08609	0.00126
6	0.00276	0.00230	0.00239	0.00240	0.00310	0.00195	0.00177	0.00336	0.00522	0.00636	0.09901	0.05686	0.76555	0.03316	0.00297	0.00081	0.00119	0.00477	0.00213	0.00193
7	0.00791	0.00592	0.00639	0.00495	0.00669	0.00644	0.00405	0.72904	0.06098	0.01306	0.00562	0.00587	0.00415	0.02354	0.02280	0.00076	0.00247	0.00206	0.00216	0.08514
8	0.00293	0.00206	0.00259	0.00294	0.00307	0.00196	0.00189	0.00322	0.00410	0.00544	0.01146	0.62530	0.04878	0.26690	0.00538	0.00129	0.00157	0.00551	0.00191	0.00172
9	0.00788	0.00566	0.00615	0.00487	0.00646	0.00620	0.00396	0.72374	0.03129	0.04193	0.00648	0.09912	0.00523	0.00320	0.00232	0.00071	0.00230	0.00253	0.03637	0.00360

[dist]
# distance from previous block
# <min> <max>
0	2

[block]
# block no. 2 follows, 133 sequences, length 13
# corresponding to MSA columns:
# 53-65
name=unknown_C
#
# <colnr> <probs for GDERKNQSTAVLIFYWHMCP>
#	G	D	E	R	K	N	Q	S	T	A	V	L	I	F	Y	W	H	M	C	P
0	0.00341	0.00219	0.00245	0.00247	0.00253	0.00219	0.00143	0.00355	0.00352	0.00495	0.00738	0.04211	0.00821	0.78359	0.01016	0.00197	0.00205	0.00327	0.11109	0.00148
1	0.00771	0.00931	0.00685	0.00686	0.12409	0.66106	0.02817	0.00903	0.09747	0.00631	0.00425	0.00482	0.00346	0.00236	0.00212	0.00062	0.00365	0.00169	0.00129	0.01890
2	0.00560	0.00564	0.03885	0.01332	0.81773	0.00543	0.03984	0.00716	0.03052	0.00750	0.00444	0.00572	0.00368	0.00206	0.00227	0.00068	0.00275	0.00206	0.00116	0.00358
3	0.03250	0.00626	0.00653	0.04997	0.00723	0.05186	0.00427	0.74686	0.00976	0.01314	0.00533	0.00552	0.00384	0.00268	0.00222	0.00068	0.00253	0.00200	0.04319	0.00364
4	0.00285	0.00205	0.00269	0.00315	0.00334	0.00192	0.00215	0.00330	0.00448	0.00594	0.04080	0.76320	0.06085	0.04217	0.00324	0.00097	0.00138	0.05156	0.00210	0.00186
5	0.02599	0.02969	0.55570	0.04170	0.21387	0.00543	0.05152	0.00726	0.03438	0.00733	0.00429	0.00519	0.00321	0.00215	0.00219	0.00071	0.00312	0.00184	0.00107	0.00336
6	0.00803	0.00588	0.00627	0.00491	0.00655	0.02256	0.00398	0.68908	0.07333	0.05461	0.00597	0.00645	0.00447	0.07001	0.00295	0.00079	0.00242	0.00217	0.00220	0.02737
7	0.03056	0.00215	0.00305	0.00303	0.00311	0.00218	0.00205	0.02260	0.00322	0.00444	0.00430	0.04161	0.00434	0.00761	0.00833	0.85112	0.00196	0.00213	0.00107	0.00113
8	0.00304	0.00231	0.00279	0.00273	0.00333	0.00207	0.00205	0.00391	0.00589	0.00791	0.53872	0.06342	0.32006	0.00520	0.00271	0.00075	0.00114	0.02754	0.00235	0.00206
9	0.00528	0.00476	0.00466	0.00421	0.00541	0.06475	0.00326	0.03203	0.61133	0.00863	0.01169	0.01097	0.19990	0.00359	0.00237	0.00075	0.00183	0.00295	0.00218	0.01943
10	0.02569	0.08635	0.00684	0.00571	0.02174	0.72376	0.00434	0.02118	0.00609	0.00580	0.00360	0.00431	0.00305	0.00288	0.03319	0.00071	0.03941	0.00151	0.00117	0.00267
11	0.02434	0.00218	0.00308	0.00302	0.00313	0.00222	0.00206	0.03252	0.00330	0.00457	0.00409	0.00686	0.00398	0.00748	0.00833	0.85660	0.00197	0.00197	0.02716	0.00115
12	0.00416	0.00216	0.00306	0.00300	0.00311	0.00218	0.00205	0.03731	0.00339	0.00466	0.00425	0.00698	0.00408	0.00738	0.00818	0.83678	0.00194	0.00199	0.06217	0.00118

[dist]
# distance from previous block
# <min> <max>
0	2

[block]
# block no. 3 follows, 133 sequences, length 14
# corresponding to MSA columns:
# 68-81
name=unknown_D
#
# <colnr> <probs for GDERKNQSTAVLIFYWHMCP>
#	G	D	E	R	K	N	Q	S	T	A	V	L	I	F	Y	W	H	M	C	P
0	0.00818	0.08674	0.00695	0.00570	0.00691	0.77447	0.00439	0.03339	0.00631	0.00580	0.00353	0.00415	0.00296	0.00239	0.00223	0.00060	0.03994	0.00148	0.00118	0.00270
1	0.00571	0.00481	0.00492	0.00439	0.00565	0.03938	0.00342	0.04574	0.68107	0.04707	0.01066	0.00990	0.12051	0.00338	0.00236	0.00076	0.00184	0.00279	0.00227	0.00338
2	0.05994	0.00471	0.00658	0.56999	0.05579	0.02726	0.00555	0.16115	0.04767	0.00784	0.00471	0.00642	0.00364	0.00249	0.00225	0.00074	0.00280	0.02625	0.00136	0.00286
3	0.00538	0.00619	0.05397	0.00917	0.13044	0.03328	0.55948	0.00717	0.02996	0.00713	0.00457	0.01502	0.00363	0.00238	0.01206	0.00079	0.08655	0.00245	0.00118	0.02920
4	0.00809	0.00595	0.00643	0.01970	0.00682	0.00653	0.00410	0.78433	0.00991	0.01339	0.00553	0.00592	0.00408	0.03659	0.00258	0.00072	0.00242	0.00208	0.03612	0.03873
5	0.05269	0.01141	0.86131	0.00632	0.00959	0.00529	0.00812	0.00720	0.00477	0.00738	0.00405	0.00476	0.00287	0.00216	0.00213	0.00072	0.00329	0.00166	0.00099	0.00332
6	0.00461	0.00402	0.00412	0.00374	0.00486	0.02320	0.00288	0.02229	0.48437	0.00818	0.02629	0.01325	0.33679	0.00401	0.00243	0.00075	0.00161	0.00333	0.00218	0.04709
7	0.00328	0.00220	0.00252	0.00254	0.00256	0.00219	0.00145	0.00334	0.00348	0.00466	0.03912	0.06272	0.00912	0.83936	0.01083	0.00209	0.00212	0.00351	0.00146	0.00143
8	0.00286	0.00204	0.00265	0.00306	0.00323	0.00190	0.00204	0.00325	0.00443	0.00589	0.06354	0.73807	0.06072	0.07533	0.00364	0.01613	0.00138	0.00595	0.00207	0.00182
9	0.00816	0.05347	0.00662	0.00566	0.00690	0.77277	0.00431	0.02709	0.08263	0.00608	0.00404	0.00449	0.00330	0.00240	0.00206	0.00060	0.00380	0.00156	0.00129	0.00276
10	0.00611	0.70033	0.05315	0.00414	0.00600	0.05911	0.00404	0.04058	0.01446	0.02110	0.00449	0.00490	0.04675	0.00245	0.01370	0.00058	0.01251	0.00152	0.00114	0.00293
11	0.00290	0.00247	0.00261	0.03226	0.00364	0.00217	0.00200	0.01593	0.01953	0.00633	0.02152	0.04057	0.80757	0.00562	0.00269	0.00078	0.00127	0.02606	0.00209	0.00200
12	0.00520	0.00577	0.01212	0.02431	0.03081	0.00550	0.74827	0.00694	0.00521	0.00714	0.00490	0.05101	0.00401	0.00226	0.00284	0.00077	0.04077	0.00277	0.00120	0.03819
13	0.00463	0.01148	0.86373	0.00687	0.05403	0.00530	0.00836	0.00721	0.00483	0.00723	0.00410	0.00486	0.00292	0.00216	0.00217	0.00072	0.00334	0.00170	0.00097	0.00338

[dist]
# distance from previous block
# <min> <max>
0	3

[block]
# block no. 4 follows, 133 sequences, length 17
# corresponding to MSA columns:
# 85-101
name=unknown_E
#
# <colnr> <probs for GDERKNQSTAVLIFYWHMCP>
#	G	D	E	R	K	N	Q	S	T	A	V	L	I	F	Y	W	H	M	C	P
0	0.00570	0.00563	0.00888	0.09167	0.77321	0.06096	0.00678	0.00703	0.00522	0.00719	0.00422	0.00559	0.00352	0.00207	0.00225	0.00068	0.00282	0.00200	0.00112	0.00346
1	0.03107	0.01866	0.00633	0.01897	0.00669	0.11877	0.00407	0.61007	0.03797	0.02319	0.02374	0.00611	0.00442	0.03692	0.04184	0.00086	0.00278	0.00207	0.00202	0.00344
2	0.00288	0.00240	0.00250	0.00247	0.00322	0.00208	0.00185	0.01621	0.01986	0.00659	0.10125	0.05539	0.76411	0.00564	0.00269	0.00077	0.00118	0.00474	0.00216	0.00200
3	0.00278	0.00203	0.00262	0.00308	0.00329	0.00187	0.00208	0.00321	0.00450	0.00594	0.03738	0.80735	0.10158	0.00695	0.00288	0.00091	0.00130	0.00626	0.00213	0.00187
4	0.01634	0.02046	0.56022	0.00842	0.25079	0.00531	0.03815	0.00720	0.00498	0.03340	0.01730	0.00532	0.00345	0.00220	0.00228	0.00071	0.01710	0.00186	0.00110	0.00339
5	0.00566	0.00560	0.00944	0.04636	0.76980	0.03297	0.08252	0.00705	0.00522	0.00732	0.00429	0.00566	0.00356	0.00204	0.00229	0.00069	0.00286	0.00207	0.00113	0.00350
6	0.00328	0.00221	0.00256	0.00258	0.00264	0.00220	0.00151	0.00339	0.00358	0.00482	0.06280	0.06796	0.00943	0.78404	0.03620	0.00208	0.00220	0.00353	0.00149	0.00148
7	0.00277	0.00234	0.00247	0.02160	0.00341	0.00201	0.00191	0.00337	0.00514	0.00616	0.02180	0.06794	0.81097	0.00579	0.00271	0.00079	0.00123	0.03355	0.00209	0.00194
8	0.00470	0.03873	0.79357	0.00681	0.02645	0.00545	0.07859	0.00721	0.00486	0.00718	0.00411	0.00490	0.00295	0.00214	0.00219	0.00072	0.00337	0.00176	0.00098	0.00334
9	0.00282	0.00201	0.00265	0.00313	0.00327	0.00188	0.00208	0.00322	0.00438	0.00586	0.03917	0.85013	0.01497	0.04860	0.00330	0.00098	0.00136	0.00627	0.00210	0.00184
10	0.00467	0.04095	0.83802	0.00676	0.05061	0.00542	0.00821	0.00720	0.00483	0.00717	0.00407	0.00482	0.00292	0.00215	0.00215	0.00071	0.00331	0.00169	0.00097	0.00337
11	0.00472	0.07825	0.78600	0.02406	0.02909	0.00558	0.02723	0.00716	0.00482	0.00707	0.00404	0.00480	0.00292	0.00214	0.00213	0.00071	0.00329	0.00169	0.00097	0.00332
12	0.00283	0.00204	0.00273	0.02299	0.00355	0.00193	0.00219	0.00324	0.00434	0.00578	0.01222	0.87050	0.01461	0.03534	0.00317	0.00096	0.00139	0.00629	0.00207	0.00185
13	0.00375	0.00260	0.00300	0.00293	0.00318	0.00264	0.00188	0.09326	0.00444	0.00597	0.06015	0.18196	0.00984	0.59219	0.02113	0.00175	0.00206	0.00381	0.00167	0.00177
14	0.00313	0.00244	0.00363	0.10754	0.00505	0.00244	0.04543	0.00369	0.00433	0.00575	0.01067	0.67857	0.01246	0.09911	0.00371	0.00103	0.00173	0.00547	0.00187	0.00194
15	0.00284	0.00201	0.00263	0.00310	0.00321	0.00189	0.00203	0.00319	0.00424	0.00566	0.01194	0.81307	0.01429	0.11352	0.00392	0.00108	0.00143	0.00611	0.00203	0.00180
16	0.00605	0.74720	0.12733	0.00436	0.00645	0.06458	0.00452	0.00702	0.00477	0.00562	0.00331	0.00384	0.00292	0.00200	0.00159	0.00052	0.00266	0.00130	0.00099	0.00297

[dist]
# distance from previous block
# <min> <max>
5	8

[block]
# block no. 5 follows, 133 sequences, length 6
# corresponding to MSA columns:
# 112-117
name=unknown_F
#
# <colnr> <probs for GDERKNQSTAVLIFYWHMCP>
#	G	D	E	R	K	N	Q	S	T	A	V	L	I	F	Y	W	H	M	C	P
0	0.00377	0.04467	0.00402	0.00356	0.00406	0.00331	0.00279	0.03570	0.00406	0.00595	0.00606	0.00877	0.00559	0.07244	0.63405	0.00284	0.04062	0.00237	0.11322	0.00213
1	0.00503	0.00425	0.00489	0.00357	0.00554	0.00345	0.00286	0.06159	0.05822	0.00799	0.00445	0.00500	0.00362	0.00184	0.00176	0.00039	0.00175	0.00147	0.00147	0.82090
2	0.05913	0.01096	0.79805	0.00677	0.06642	0.00529	0.00799	0.00718	0.00478	0.00741	0.00405	0.00480	0.00291	0.00216	0.00213	0.00072	0.00323	0.00168	0.00100	0.00333
3	0.03594	0.00405	0.00482	0.20302	0.00735	0.00452	0.00371	0.00833	0.41703	0.03229	0.03891	0.01062	0.18472	0.00342	0.00235	0.00075	0.00192	0.00286	0.00195	0.03144
4	0.06309	0.10318	0.00699	0.13868	0.00718	0.00622	0.02789	0.00559	0.00391	0.00588	0.00397	0.05867	0.00384	0.00432	0.05969	0.00104	0.49408	0.00218	0.00111	0.00250
5	0.00320	0.00237	0.00314	0.05658	0.00424	0.00230	0.00245	0.03663	0.00459	0.00616	0.01121	0.75542	0.01317	0.03985	0.00311	0.00093	0.00152	0.00570	0.00200	0.04542

[dist]
# distance from previous block
# <min> <max>
4	8

[block]
# block no. 6 follows, 133 sequences, length 101
# corresponding to MSA columns:
# 127-227
name=unknown_G
#
# <colnr> <probs for GDERKNQSTAVLIFYWHMCP>
#	G	D	E	R	K	N	Q	S	T	A	V	L	I	F	Y	W	H	M	C	P
0	0.00276	0.00229	0.00240	0.00242	0.00311	0.00194	0.00179	0.00335	0.00520	0.00634	0.09205	0.08740	0.74991	0.02525	0.00290	0.00081	0.00118	0.00485	0.00213	0.00193
1	0.00467	0.00456	0.00714	0.00595	0.00641	0.00581	0.13570	0.01408	0.00388	0.00579	0.00401	0.00612	0.00372	0.00683	0.22436	0.00160	0.55358	0.00221	0.00109	0.00248
2	0.00584	0.00578	0.00897	0.01307	0.80326	0.06781	0.01606	0.00732	0.03623	0.00739	0.00441	0.00564	0.00368	0.00209	0.00225	0.00068	0.00279	0.00202	0.00117	0.00354
3	0.00457	0.01180	0.90804	0.00650	0.00987	0.00530	0.00843	0.00722	0.00481	0.00722	0.00409	0.00481	0.00289	0.00217	0.00217	0.00072	0.00337	0.00169	0.00096	0.00337
4	0.00545	0.00465	0.00502	0.01568	0.00592	0.00534	0.00365	0.01126	0.79626	0.00921	0.00951	0.01029	0.00756	0.00342	0.00241	0.00080	0.00185	0.09599	0.00228	0.00344
5	0.00282	0.00239	0.00245	0.00244	0.00319	0.00753	0.00184	0.00351	0.01291	0.00648	0.10590	0.02133	0.79252	0.00564	0.00270	0.00077	0.00119	0.02029	0.00215	0.00197
6	0.00537	0.00636	0.06325	0.03095	0.04058	0.00570	0.77961	0.00728	0.00532	0.01725	0.00459	0.00607	0.00344	0.00198	0.00268	0.00076	0.01197	0.00259	0.00116	0.00310
7	0.00286	0.00200	0.00265	0.00313	0.00324	0.00188	0.00207	0.00317	0.00424	0.00566	0.01188	0.82587	0.01420	0.06112	0.00368	0.04101	0.00140	0.00610	0.00203	0.00179
8	0.00277	0.00231	0.00243	0.00251	0.00321	0.00197	0.00190	0.00337	0.00515	0.00621	0.03032	0.08672	0.77185	0.00590	0.00274	0.00080	0.00123	0.06455	0.00212	0.00193
9	0.00566	0.00545	0.00915	0.02315	0.86190	0.01400	0.01321	0.00712	0.02466	0.00746	0.00439	0.00570	0.00367	0.00206	0.00226	0.00068	0.00271	0.00204	0.00115	0.00359
10	0.00367	0.00263	0.00337	0.00363	0.00429	0.00252	0.00306	0.00474	0.03240	0.03865	0.03484	0.03511	0.26399	0.00591	0.00295	0.00094	0.00179	0.55120	0.00215	0.00216
11	0.00482	0.01932	0.00661	0.03011	0.00604	0.02758	0.01052	0.00541	0.00365	0.00548	0.00350	0.00556	0.00338	0.00575	0.13699	0.00136	0.71840	0.00204	0.00104	0.00244
12	0.00816	0.10680	0.00714	0.00595	0.03795	0.78424	0.00444	0.00879	0.00623	0.00562	0.00351	0.00412	0.00296	0.00230	0.00200	0.00058	0.00389	0.00146	0.00115	0.00271
13	0.02005	0.04275	0.75728	0.00628	0.01563	0.00532	0.02667	0.01423	0.00497	0.07303	0.00442	0.00501	0.00311	0.00222	0.00219	0.00071	0.00990	0.00173	0.00112	0.00337
14	0.09683	0.64821	0.04246	0.00422	0.02118	0.03801	0.00397	0.05921	0.00497	0.00652	0.01295	0.00421	0.00325	0.00266	0.03650	0.00066	0.00875	0.00139	0.00113	0.00291
15	0.02196	0.00409	0.00631	0.43901	0.01037	0.00498	0.05533	0.01042	0.00442	0.00644	0.00443	0.01255	0.00359	0.00280	0.00793	0.00078	0.21339	0.00206	0.14545	0.04370
16	0.00276	0.00235	0.00239	0.00240	0.00317	0.00199	0.00182	0.00342	0.01493	0.00624	0.02779	0.02190	0.86032	0.00576	0.00271	0.00078	0.00119	0.03401	0.00212	0.00195
17	0.00507	0.06871	0.00735	0.00584	0.00605	0.02142	0.02325	0.00563	0.00366	0.00551	0.00315	0.00504	0.00309	0.00422	0.03684	0.00104	0.78864	0.00196	0.00101	0.00252
18	0.00539	0.00459	0.00506	0.00484	0.03061	0.00523	0.00371	0.01093	0.74934	0.00910	0.00954	0.01088	0.00774	0.00352	0.00244	0.00081	0.00187	0.12876	0.00226	0.00340
19	0.00271	0.00231	0.00233	0.00233	0.00308	0.00193	0.00174	0.00329	0.00519	0.00619	0.03706	0.03177	0.87255	0.01395	0.00278	0.00078	0.00117	0.00481	0.00212	0.00192
20	0.00291	0.00206	0.00267	0.00311	0.00324	0.00196	0.00204	0.01280	0.00430	0.00573	0.01179	0.78997	0.01407	0.12692	0.00405	0.00109	0.00145	0.00602	0.00202	0.00181
21	0.00522	0.02848	0.00716	0.05172	0.00666	0.07341	0.02733	0.00582	0.00384	0.00555	0.00319	0.00505	0.00305	0.00393	0.02349	0.00099	0.73960	0.00196	0.00102	0.00252
22	0.00319	0.00216	0.00252	0.00264	0.00267	0.00213	0.00155	0.00328	0.00355	0.00474	0.00840	0.21911	0.00983	0.71358	0.00964	0.00192	0.00201	0.00403	0.00155	0.00149
23	0.00828	0.00597	0.00648	0.00505	0.00675	0.00655	0.00413	0.80023	0.01012	0.04459	0.01305	0.06709	0.00483	0.00305	0.00233	0.00070	0.00240	0.00238	0.00229	0.00373
24	0.00578	0.00493	0.00567	0.01481	0.01229	0.00560	0.05414	0.01171	0.80882	0.03590	0.00892	0.00831	0.00666	0.00300	0.00234	0.00077	0.00194	0.00257	0.00225	0.00358
25	0.00852	0.01087	0.00646	0.00588	0.00705	0.91070	0.00441	0.00911	0.00646	0.00558	0.00353	0.00411	0.00294	0.00235	0.00206	0.00059	0.00411	0.00147	0.00118	0.00264
26	0.00291	0.00243	0.00260	0.01239	0.00344	0.00218	0.00198	0.00382	0.05710	0.00633	0.02600	0.16100	0.68722	0.00580	0.00271	0.00080	0.00125	0.01591	0.00212	0.00202
27	0.00275	0.00233	0.00238	0.00241	0.00315	0.00199	0.00179	0.00342	0.02091	0.00620	0.02214	0.08304	0.82805	0.00582	0.00270	0.00078	0.00118	0.00489	0.00212	0.00195
28	0.01853	0.00324	0.00356	0.00315	0.00400	0.00347	0.00248	0.21488	0.00601	0.02790	0.00672	0.00782	0.00532	0.01216	0.14071	0.00710	0.00222	0.00216	0.52603	0.00255
29	0.00329	0.00220	0.00249	0.00252	0.00252	0.00220	0.00141	0.00331	0.00336	0.00448	0.00742	0.05440	0.00859	0.87997	0.01123	0.00215	0.00217	0.00345	0.00141	0.00140
30	0.01397	0.00230	0.00278	0.00275	0.00326	0.00210	0.00199	0.00386	0.00563	0.00767	0.49899	0.13453	0.23932	0.06669	0.00330	0.00086	0.00121	0.00451	0.00227	0.00201
31	0.00270	0.00231	0.00232	0.00232	0.00309	0.00193	0.00174	0.00329	0.00522	0.00621	0.03799	0.02186	0.88978	0.00576	0.00270	0.00077	0.00115	0.00480	0.00212	0.00193
32	0.00281	0.00200	0.00264	0.00314	0.00326	0.00187	0.00208	0.00318	0.00431	0.00574	0.01227	0.86800	0.01470	0.05803	0.00340	0.00100	0.00137	0.00631	0.00208	0.00183
33	0.02639	0.00626	0.00676	0.03349	0.00728	0.00696	0.00435	0.84348	0.02004	0.01397	0.00543	0.00549	0.00386	0.00272	0.00226	0.00069	0.00250	0.00204	0.00223	0.00381
34	0.68081	0.00423	0.00372	0.00322	0.00461	0.00468	0.00263	0.04817	0.00474	0.12922	0.05779	0.01377	0.02957	0.00254	0.00169	0.00071	0.00176	0.00173	0.00173	0.00268
35	0.00334	0.00248	0.00364	0.00362	0.00402	0.00287	0.00279	0.01560	0.00375	0.00540	0.00616	0.00919	0.00580	0.05883	0.84846	0.00353	0.00583	0.00248	0.01019	0.00203
36	0.00814	0.00602	0.00654	0.00507	0.00679	0.00663	0.00417	0.80328	0.01001	0.01347	0.00548	0.00572	0.00400	0.00381	0.07174	0.00090	0.00276	0.00206	0.00217	0.03124
37	0.00287	0.00239	0.00245	0.00244	0.00315	0.00209	0.00180	0.00361	0.03599	0.00615	0.02680	0.02809	0.77186	0.08505	0.00346	0.00090	0.00128	0.01561	0.00206	0.00194
38	0.00286	0.00202	0.00269	0.00319	0.00334	0.00189	0.00216	0.00324	0.00438	0.00583	0.02408	0.83081	0.02459	0.01172	0.00316	0.03197	0.00137	0.03679	0.00208	0.00183
39	0.79470	0.00439	0.00357	0.00314	0.00453	0.00502	0.00257	0.06756	0.00452	0.02489	0.03794	0.00454	0.00344	0.00228	0.00154	0.00070	0.00177	0.00144	0.02889	0.00257
40	0.00800	0.00970	0.00694	0.00724	0.16188	0.71236	0.00484	0.04027	0.01661	0.00626	0.00379	0.00447	0.00313	0.00232	0.00210	0.00061	0.00379	0.00160	0.00122	0.00287
41	0.00481	0.02919	0.74638	0.00727	0.08866	0.02081	0.05707	0.00723	0.00490	0.00718	0.00411	0.00493	0.00299	0.00214	0.00219	0.00071	0.00333	0.00176	0.00099	0.00335
42	0.00476	0.01064	0.73963	0.00751	0.10927	0.00534	0.06494	0.00727	0.01648	0.00728	0.00421	0.00504	0.00306	0.00215	0.00221	0.00072	0.00331	0.00180	0.00101	0.00338
43	0.00278	0.00198	0.00265	0.00318	0.00331	0.00185	0.00212	0.00318	0.00437	0.00582	0.01257	0.91837	0.01508	0.00714	0.00291	0.00093	0.00132	0.00648	0.00212	0.00185
44	0.04034	0.00240	0.00284	0.01022	0.00339	0.00224	0.00202	0.00404	0.00541	0.02329	0.42524	0.12090	0.22184	0.12131	0.00379	0.00094	0.00133	0.00429	0.00218	0.00201
45	0.00283	0.00233	0.00239	0.00240	0.00306	0.00201	0.00173	0.00871	0.01102	0.00602	0.02066	0.05510	0.75554	0.11165	0.00373	0.00094	0.00130	0.00467	0.00203	0.00188
46	0.00278	0.00200	0.00263	0.00314	0.00329	0.00186	0.00210	0.00318	0.00439	0.00582	0.01288	0.88096	0.04513	0.01425	0.00297	0.00093	0.00132	0.00640	0.00211	0.00185
47	0.00852	0.01087	0.00646	0.00588	0.00705	0.91070	0.00441	0.00911	0.00646	0.00558	0.00353	0.00411	0.00294	0.00235	0.00206	0.00059	0.00411	0.00147	0.00118	0.00264
48	0.00857	0.00627	0.00674	0.00519	0.00698	0.00693	0.00428	0.86289	0.01713	0.02516	0.00557	0.00559	0.00396	0.00292	0.01356	0.00072	0.00253	0.00207	0.00912	0.00384
49	0.00399	0.00199	0.00290	0.00290	0.00294	0.00199	0.00195	0.00317	0.00312	0.00434	0.00425	0.00706	0.00412	0.00748	0.00830	0.85595	0.00190	0.00199	0.07856	0.00108
50	0.00328	0.00232	0.00297	0.00287	0.00337	0.00214	0.00211	0.00418	0.00595	0.02160	0.67478	0.08958	0.07968	0.07210	0.00337	0.00085	0.00122	0.02317	0.00237	0.00208
51	0.00539	0.00613	0.01331	0.00977	0.04358	0.00575	0.86581	0.00729	0.00538	0.00731	0.00460	0.00613	0.00347	0.00193	0.00268	0.00077	0.00380	0.00267	0.00115	0.00309
52	0.00464	0.04308	0.85847	0.00647	0.00977	0.00543	0.02678	0.00721	0.00482	0.00716	0.00407	0.00480	0.00290	0.00215	0.00215	0.00072	0.00335	0.00169	0.00097	0.00335
53	0.00332	0.00221	0.00249	0.00249	0.00249	0.00221	0.00138	0.00332	0.00332	0.00442	0.00719	0.01492	0.00829	0.91986	0.01161	0.00221	0.00221	0.00332	0.00138	0.00138
54	0.00278	0.00200	0.00263	0.00315	0.00330	0.00185	0.00210	0.00318	0.00439	0.00583	0.01293	0.88800	0.04522	0.00710	0.00290	0.00092	0.00132	0.00643	0.00212	0.00185
55	0.00351	0.00263	0.00381	0.00374	0.00421	0.00305	0.00292	0.04572	0.00399	0.00572	0.00608	0.00880	0.00562	0.01643	0.86849	0.00353	0.00594	0.00243	0.00127	0.00212
56	0.00852	0.01087	0.00646	0.00588	0.00705	0.91070	0.00441	0.00911	0.00646	0.00558	0.00353	0.00411	0.00294	0.00235	0.00206	0.00059	0.00411	0.00147	0.00118	0.00264
57	0.00278	0.00198	0.00265	0.00318	0.00331	0.00185	0.00212	0.00318	0.00437	0.00582	0.01257	0.91837	0.01508	0.00714	0.00291	0.00093	0.00132	0.00648	0.00212	0.00185
58	0.00866	0.00655	0.00683	0.00527	0.00707	0.03972	0.00434	0.86591	0.01057	0.01405	0.00540	0.00543	0.00384	0.00272	0.00227	0.00068	0.00257	0.00203	0.00224	0.00383
59	0.01647	0.91100	0.01185	0.00389	0.00584	0.00898	0.00389	0.00683	0.00463	0.00542	0.00317	0.00366	0.00292	0.00195	0.00146	0.00049	0.00243	0.00122	0.00098	0.00292
60	0.00567	0.00490	0.00516	0.00464	0.00593	0.00567	0.00361	0.01212	0.90151	0.00954	0.00928	0.00851	0.00696	0.00309	0.00232	0.00077	0.00180	0.00258	0.00232	0.00361
61	0.00272	0.00232	0.00234	0.00234	0.00311	0.00193	0.00175	0.00329	0.00517	0.00616	0.02263	0.04656	0.87136	0.00577	0.00269	0.00077	0.00116	0.00483	0.00211	0.01097
62	0.00564	0.00542	0.00926	0.01400	0.90563	0.00542	0.00700	0.00700	0.00519	0.00745	0.00429	0.00564	0.00361	0.00203	0.00226	0.00068	0.00271	0.00203	0.00113	0.00361
63	0.00994	0.00389	0.00525	0.00404	0.00577	0.00340	0.00333	0.03245	0.00663	0.85353	0.04078	0.00804	0.00617	0.00289	0.00231	0.00071	0.00192	0.00235	0.00280	0.00382
64	0.00323	0.00218	0.00252	0.00260	0.00263	0.00215	0.00151	0.00331	0.00352	0.00470	0.01908	0.15740	0.00952	0.76468	0.01013	0.00199	0.00206	0.00383	0.00151	0.00147
65	0.00804	0.00578	0.00623	0.00486	0.00648	0.00635	0.00396	0.76294	0.00978	0.03177	0.00590	0.02627	0.00449	0.04564	0.00771	0.00077	0.00240	0.00222	0.05479	0.00361
66	0.00273	0.00230	0.00237	0.00241	0.00314	0.00194	0.00181	0.00331	0.00515	0.00616	0.02218	0.07270	0.82809	0.00587	0.00272	0.00079	0.00119	0.03109	0.00212	0.00193
67	0.00280	0.00200	0.00267	0.00316	0.00331	0.00187	0.00212	0.00324	0.00448	0.00601	0.06295	0.86745	0.01545	0.00700	0.00290	0.00091	0.00131	0.00635	0.00214	0.00187
68	0.00287	0.00202	0.00262	0.00305	0.00316	0.00192	0.00199	0.00320	0.00418	0.00557	0.01161	0.75750	0.01387	0.16966	0.00446	0.00115	0.00148	0.00592	0.00199	0.00177
69	0.00286	0.00206	0.00271	0.00309	0.00332	0.00191	0.00211	0.00340	0.00480	0.00648	0.18651	0.71199	0.04706	0.00661	0.00286	0.00088	0.00127	0.00597	0.00219	0.00191
70	0.00576	0.00487	0.00513	0.00455	0.00585	0.00556	0.00356	0.09360	0.76155	0.00977	0.00982	0.00909	0.06422	0.00323	0.00234	0.00077	0.00183	0.00267	0.00230	0.00353
71	0.00601	0.86965	0.06278	0.00405	0.00608	0.00881	0.00416	0.00685	0.00464	0.00547	0.00322	0.00372	0.00292	0.00196	0.00150	0.00050	0.00249	0.00125	0.00097	0.00295
72	0.00285	0.00202	0.00265	0.00310	0.00324	0.00190	0.00205	0.00325	0.00439	0.00588	0.06246	0.78561	0.01483	0.08969	0.00369	0.00103	0.00139	0.00606	0.00207	0.00183
73	0.00412	0.00213	0.00217	0.00219	0.00266	0.00213	0.00159	0.00507	0.00464	0.00805	0.00757	0.03600	0.00634	0.08709	0.00255	0.00070	0.00118	0.00236	0.81942	0.00205
74	0.00287	0.00239	0.00248	0.00247	0.00318	0.00209	0.00182	0.00365	0.03689	0.00636	0.07781	0.05499	0.73168	0.05730	0.00319	0.00085	0.00124	0.00467	0.00211	0.00197
75	0.93596	0.00441	0.00335	0.00300	0.00441	0.00512	0.00247	0.00670	0.00388	0.01023	0.00318	0.00370	0.00247	0.00212	0.00141	0.00071	0.00176	0.00123	0.00141	0.00247
76	0.00331	0.00225	0.00269	0.00269	0.00276	0.00232	0.00164	0.00345	0.00338	0.00457	0.00700	0.01388	0.00784	0.76221	0.16863	0.00246	0.00289	0.00316	0.00135	0.00150
77	0.00499	0.00499	0.00698	0.00599	0.00599	0.00698	0.00499	0.00549	0.00349	0.00549	0.00299	0.00499	0.00299	0.00399	0.00748	0.00100	0.91568	0.00200	0.00100	0.00249
78	0.00867	0.00639	0.00684	0.00525	0.00707	0.00707	0.00433	0.89803	0.01072	0.01437	0.00548	0.00548	0.00388	0.00274	0.00228	0.00068	0.00251	0.00205	0.00228	0.00388
79	0.00492	0.00427	0.00508	0.00420	0.05634	0.00362	0.00311	0.00672	0.13251	0.00770	0.00479	0.00532	0.00390	0.00195	0.00191	0.00043	0.01731	0.00158	0.00147	0.73287
80	0.02473	0.00483	0.00677	0.09494	0.00687	0.00653	0.00494	0.00556	0.00368	0.00573	0.00316	0.00505	0.00301	0.00365	0.00652	0.00093	0.75501	0.00195	0.00103	0.05511
81	0.81690	0.00422	0.00338	0.00301	0.00438	0.00478	0.00247	0.00668	0.00414	0.05502	0.02378	0.00522	0.05400	0.00241	0.00156	0.00071	0.00172	0.00155	0.00155	0.00250
82	0.00396	0.00198	0.00297	0.00297	0.00297	0.00198	0.00198	0.00297	0.00297	0.00396	0.00396	0.00693	0.00396	0.00792	0.00891	0.93365	0.00198	0.00198	0.00099	0.00099
83	0.00462	0.03746	0.88275	0.00643	0.00976	0.00540	0.00830	0.00721	0.00481	0.00717	0.00407	0.00478	0.00289	0.00216	0.00215	0.00072	0.00334	0.00167	0.00096	0.00336
84	0.00281	0.00200	0.00264	0.00314	0.00326	0.00187	0.00208	0.00318	0.00431	0.00574	0.01227	0.86733	0.01470	0.05870	0.00340	0.00100	0.00137	0.00630	0.00208	0.00183
85	0.00352	0.00255	0.00347	0.00395	0.00447	0.00250	0.00338	0.00447	0.00518	0.00669	0.01312	0.09473	0.09443	0.00632	0.00309	0.00101	0.00195	0.74102	0.00210	0.00206
86	0.00271	0.00231	0.00234	0.00233	0.00309	0.00193	0.00175	0.00331	0.00524	0.00626	0.05354	0.02178	0.87421	0.00574	0.00270	0.00077	0.00115	0.00479	0.00213	0.00193
87	0.77954	0.02720	0.00372	0.00312	0.00451	0.00498	0.00257	0.03226	0.00439	0.04702	0.06972	0.00490	0.00405	0.00235	0.00157	0.00070	0.00176	0.00151	0.00156	0.00256
88	0.00608	0.00447	0.00530	0.00447	0.00562	0.00501	0.00361	0.46291	0.00732	0.01680	0.00588	0.01782	0.00488	0.00951	0.42701	0.00208	0.00417	0.00229	0.00179	0.00299
89	0.00321	0.00235	0.00286	0.00273	0.00333	0.00211	0.00203	0.00409	0.00596	0.02613	0.59040	0.03266	0.27373	0.03475	0.00298	0.00078	0.00116	0.00430	0.00236	0.00209
90	0.00379	0.00270	0.00386	0.00373	0.00426	0.00309	0.00292	0.05480	0.00417	0.03255	0.00619	0.00872	0.00560	0.01556	0.81327	0.00334	0.00567	0.00241	0.02116	0.00220
91	0.00593	0.00596	0.00893	0.01308	0.80606	0.09609	0.00670	0.00726	0.01485	0.00729	0.00427	0.00552	0.00358	0.00208	0.00224	0.00067	0.00284	0.00198	0.00115	0.00352
92	0.00614	0.83560	0.01134	0.00395	0.00584	0.00866	0.00387	0.05708	0.00502	0.00599	0.02997	0.00420	0.00355	0.00219	0.00825	0.00053	0.00243	0.00136	0.00110	0.00295
93	0.00332	0.00221	0.00249	0.00249	0.00249	0.00221	0.00138	0.00332	0.00332	0.00442	0.00719	0.01492	0.00829	0.91986	0.01161	0.00221	0.00221	0.00332	0.00138	0.00138
94	0.93596	0.00441	0.00335	0.00300	0.00441	0.00512	0.00247	0.00670	0.00388	0.01023	0.00318	0.00370	0.00247	0.00212	0.00141	0.00071	0.00176	0.00123	0.00141	0.00247
95	0.00330	0.00222	0.00256	0.00257	0.00259	0.00224	0.00148	0.00336	0.00336	0.00450	0.00723	0.03305	0.00828	0.85021	0.06222	0.00227	0.00241	0.00333	0.00139	0.00143
96	0.00912	0.10512	0.00602	0.00408	0.00580	0.00427	0.00342	0.06971	0.04406	0.66156	0.03282	0.00748	0.00572	0.01358	0.00231	0.00070	0.00200	0.00222	0.00251	0.01748
97	0.00514	0.03233	0.00721	0.00595	0.00620	0.05781	0.04439	0.00573	0.00379	0.00556	0.00327	0.00517	0.00316	0.00447	0.05664	0.00110	0.74654	0.00200	0.00103	0.00252
98	0.00838	0.01056	0.00639	0.00580	0.00697	0.87040	0.00436	0.02399	0.00646	0.00572	0.00363	0.00427	0.00303	0.00276	0.02712	0.00067	0.00414	0.00151	0.00119	0.00265
99	0.00588	0.78795	0.13650	0.00428	0.00641	0.00849	0.00454	0.00687	0.00465	0.00562	0.00330	0.00383	0.00292	0.00200	0.00161	0.00052	0.00938	0.00129	0.00097	0.00299
100	0.00522	0.00593	0.02394	0.06040	0.03096	0.01392	0.76352	0.00703	0.00530	0.00714	0.00516	0.03339	0.02188	0.00218	0.00265	0.00077	0.00364	0.00277	0.00119	0.00300

[dist]
# distance from previous block
# <min> <max>
0	2

[block]
# block no. 7 follows, 133 sequences, length 41
# corresponding to MSA columns:
# 230-270
name=unknown_H
#
# <colnr> <probs for GDERKNQSTAVLIFYWHMCP>
#	G	D	E	R	K	N	Q	S	T	A	V	L	I	F	Y	W	H	M	C	P
0	0.00272	0.00230	0.00236	0.00241	0.00313	0.00194	0.00180	0.00330	0.00514	0.00615	0.02215	0.08281	0.82482	0.00588	0.00272	0.00079	0.00119	0.02436	0.00212	0.00192
1	0.00271	0.00226	0.00236	0.00244	0.00311	0.00191	0.00179	0.00326	0.00508	0.00611	0.02157	0.15239	0.77525	0.00597	0.00273	0.00079	0.00118	0.00506	0.00212	0.00191
2	0.00850	0.00617	0.00667	0.00510	0.00693	0.00671	0.00421	0.81594	0.01023	0.04629	0.00552	0.00552	0.00391	0.00268	0.00225	0.00067	0.00244	0.00202	0.00225	0.05598
3	0.56369	0.00388	0.00350	0.00316	0.00432	0.00426	0.00251	0.06627	0.00490	0.00971	0.16782	0.11077	0.00749	0.00318	0.00188	0.00072	0.00164	0.00242	0.00175	0.03614
4	0.00285	0.00202	0.00264	0.00309	0.00322	0.00190	0.00203	0.00321	0.00429	0.00573	0.02961	0.79732	0.01443	0.11136	0.00390	0.00107	0.00142	0.00607	0.00204	0.00180
5	0.00442	0.00292	0.00366	0.00323	0.00402	0.00281	0.00250	0.10695	0.00693	0.08400	0.71711	0.01501	0.02875	0.00430	0.00261	0.00071	0.00131	0.00374	0.00251	0.00249
6	0.00775	0.00550	0.00586	0.00460	0.00615	0.00604	0.00376	0.71167	0.00948	0.01315	0.00589	0.00611	0.00429	0.00272	0.00214	0.00065	0.00221	0.00207	0.19647	0.00351
7	0.00561	0.00442	0.00473	0.00421	0.00546	0.00489	0.00329	0.04255	0.64291	0.07817	0.01155	0.01070	0.16453	0.00353	0.00238	0.00076	0.00173	0.00293	0.00232	0.00334
8	0.00312	0.00213	0.00255	0.00274	0.00279	0.00208	0.00166	0.00326	0.00371	0.00494	0.00919	0.35159	0.01082	0.57973	0.00837	0.00173	0.00188	0.00450	0.00166	0.00156
9	0.00473	0.00405	0.00473	0.00338	0.00540	0.00304	0.00270	0.00574	0.00473	0.00743	0.00405	0.00473	0.00338	0.00169	0.00169	0.00034	0.00169	0.00135	0.00135	0.93380
10	0.00334	0.00231	0.00294	0.00278	0.00332	0.00215	0.00209	0.00442	0.00626	0.00907	0.80196	0.01606	0.01973	0.00443	0.00256	0.00070	0.00107	0.00390	0.10875	0.00215
11	0.00282	0.00228	0.00237	0.00240	0.00299	0.00198	0.00170	0.00329	0.00483	0.00587	0.03378	0.06730	0.68101	0.17223	0.00433	0.00104	0.00135	0.00462	0.00199	0.00183
12	0.03305	0.00217	0.00268	0.00301	0.00328	0.00205	0.00202	0.00351	0.00436	0.02731	0.01265	0.65683	0.11010	0.12104	0.00391	0.00106	0.00144	0.00564	0.00202	0.00187
13	0.00610	0.92123	0.01195	0.00390	0.00585	0.00902	0.00390	0.00683	0.00463	0.00537	0.00317	0.00366	0.00293	0.00195	0.00146	0.00049	0.00244	0.00122	0.00098	0.00293
14	0.00551	0.00472	0.00501	0.00452	0.00576	0.00543	0.00351	0.01159	0.84082	0.00951	0.06998	0.00909	0.00795	0.00320	0.00235	0.00077	0.00176	0.00268	0.00233	0.00351
15	0.06610	0.00245	0.00248	0.00244	0.00315	0.00219	0.00180	0.00363	0.00508	0.00662	0.12095	0.01950	0.65943	0.09025	0.00343	0.00089	0.00129	0.00435	0.00205	0.00194
16	0.00328	0.00214	0.00257	0.00268	0.00271	0.00211	0.00160	0.00325	0.00351	0.00467	0.00805	0.19437	0.01835	0.62417	0.00947	0.10835	0.00200	0.00381	0.00149	0.00144
17	0.00564	0.00542	0.00926	0.01400	0.90563	0.00542	0.00700	0.00700	0.00519	0.00745	0.00429	0.00564	0.00361	0.00203	0.00226	0.00068	0.00271	0.00203	0.00113	0.00361
18	0.00326	0.00244	0.00365	0.00365	0.00405	0.00284	0.00283	0.00406	0.00366	0.00528	0.00613	0.00906	0.00575	0.03243	0.89555	0.00364	0.00604	0.00246	0.00122	0.00203
19	0.00389	0.00214	0.00304	0.00309	0.00318	0.00214	0.00208	0.03541	0.00353	0.00470	0.00572	0.18309	0.00617	0.02020	0.00755	0.70680	0.00188	0.00287	0.00126	0.00127
20	0.00297	0.00240	0.00257	0.00259	0.00321	0.00216	0.00186	0.00381	0.05170	0.00635	0.09238	0.11307	0.59013	0.11011	0.00372	0.00095	0.00132	0.00464	0.00208	0.00196
21	0.00332	0.00221	0.00249	0.00249	0.00249	0.00221	0.00138	0.00332	0.00332	0.00442	0.00719	0.01492	0.00829	0.91986	0.01161	0.00221	0.00221	0.00332	0.00138	0.00138
22	0.00469	0.03394	0.00708	0.64245	0.01302	0.03801	0.05217	0.03798	0.00476	0.00613	0.00425	0.01592	0.00339	0.00344	0.06421	0.00096	0.06181	0.00209	0.00110	0.00258
23	0.00326	0.00244	0.00367	0.00367	0.00407	0.00285	0.00285	0.00407	0.00367	0.00529	0.00611	0.00896	0.00570	0.01710	0.91082	0.00367	0.00611	0.00244	0.00122	0.00204
24	0.00284	0.00201	0.00263	0.00310	0.00321	0.00189	0.00203	0.00319	0.00425	0.00566	0.01195	0.81516	0.01431	0.11141	0.00390	0.00107	0.00142	0.00612	0.00203	0.00180
25	0.00852	0.01087	0.00646	0.00588	0.00705	0.91070	0.00441	0.00911	0.00646	0.00558	0.00353	0.00411	0.00294	0.00235	0.00206	0.00059	0.00411	0.00147	0.00118	0.00264
26	0.11074	0.00404	0.00632	0.78590	0.01407	0.00499	0.00577	0.00591	0.00449	0.00640	0.00404	0.00587	0.00305	0.00227	0.00216	0.00075	0.00284	0.00194	0.02594	0.00252
27	0.00309	0.00225	0.00290	0.00289	0.00336	0.00207	0.00211	0.00397	0.00590	0.00818	0.63836	0.21413	0.09171	0.00529	0.00274	0.00077	0.00114	0.00469	0.00239	0.00207
28	0.00867	0.00639	0.00684	0.00525	0.00707	0.00707	0.00433	0.89803	0.01072	0.01437	0.00548	0.00548	0.00388	0.00274	0.00228	0.00068	0.00251	0.00205	0.00228	0.00388
29	0.00473	0.00405	0.00473	0.00338	0.00540	0.00304	0.00270	0.00574	0.00473	0.00743	0.00405	0.00473	0.00338	0.00169	0.00169	0.00034	0.00169	0.00135	0.00135	0.93380
30	0.00867	0.00639	0.00684	0.00525	0.00707	0.00707	0.00433	0.89803	0.01072	0.01437	0.00548	0.00548	0.00388	0.00274	0.00228	0.00068	0.00251	0.00205	0.00228	0.00388
31	0.00278	0.00198	0.00265	0.00318	0.00331	0.00185	0.00212	0.00318	0.00437	0.00582	0.01257	0.91837	0.01508	0.00714	0.00291	0.00093	0.00132	0.00648	0.00212	0.00185
32	0.00318	0.00229	0.00300	0.00290	0.00340	0.00212	0.00215	0.00417	0.00622	0.00877	0.80254	0.12000	0.02078	0.00495	0.00271	0.00074	0.00110	0.00439	0.00247	0.00212
33	0.00319	0.00233	0.00299	0.00282	0.00338	0.00213	0.00212	0.00422	0.00636	0.00891	0.83497	0.01742	0.09112	0.00475	0.00269	0.00072	0.00108	0.00418	0.00248	0.00213
34	0.00281	0.00232	0.00249	0.00258	0.00328	0.00200	0.00198	0.00343	0.00515	0.00621	0.02113	0.08316	0.74253	0.00593	0.00276	0.00081	0.00127	0.10608	0.00212	0.00194
35	0.00326	0.00244	0.00364	0.00364	0.00403	0.00284	0.00282	0.00405	0.00366	0.00527	0.00613	0.00910	0.00576	0.03872	0.88929	0.00363	0.00602	0.00246	0.00123	0.00202
36	0.00508	0.04076	0.00696	0.05308	0.00648	0.00681	0.00486	0.00632	0.10618	0.00596	0.00377	0.00540	0.00345	0.00372	0.00639	0.00094	0.72802	0.00203	0.00115	0.00264
37	0.00872	0.00631	0.00679	0.00521	0.00703	0.00695	0.00430	0.86923	0.01059	0.04336	0.00559	0.00555	0.00394	0.00274	0.00228	0.00069	0.00249	0.00206	0.00230	0.00388
38	0.00346	0.00250	0.00341	0.00390	0.00438	0.00245	0.00329	0.00438	0.00511	0.00662	0.01298	0.16240	0.08026	0.00639	0.00308	0.00101	0.00191	0.68830	0.00210	0.00205
39	0.00758	0.00887	0.00702	0.00744	0.18892	0.57960	0.00493	0.05350	0.04657	0.00658	0.00400	0.00475	0.00331	0.00245	0.00249	0.00065	0.06545	0.00170	0.00126	0.00294
40	0.06928	0.59350	0.20284	0.00438	0.00660	0.01545	0.00470	0.00685	0.00464	0.00624	0.00343	0.00399	0.00292	0.00199	0.00163	0.00054	0.00256	0.00133	0.00103	0.06611

[dist]
# distance from previous block
# <min> <max>
0	3

# created by:
# /share/home/app/bin/augustus-3.3.1/scripts/msa2prfl.pl /dev/shm/tmp/pt-rosids/msas/cemA.aln --setname=cemA
