[name]
clpP

[dist]
# distance from previous block
# <min> <max>
0	10

[block]
# block no. 0 follows, 122 sequences, length 14
# corresponding to MSA columns:
# 10-23
name=unknown_A
#
# <colnr> <probs for GDERKNQSTAVLIFYWHMCP>
#	G	D	E	R	K	N	Q	S	T	A	V	L	I	F	Y	W	H	M	C	P
0	0.00396	0.00283	0.00396	0.00453	0.00509	0.00283	0.00396	0.00509	0.00566	0.00735	0.01301	0.02772	0.01414	0.00679	0.00339	0.00113	0.00226	0.88178	0.00226	0.00226
1	0.00510	0.00437	0.00510	0.00364	0.00582	0.00328	0.00291	0.00619	0.00510	0.00801	0.00437	0.00510	0.00364	0.00182	0.00182	0.00036	0.00182	0.00146	0.00146	0.92867
2	0.00306	0.00246	0.00273	0.00273	0.00343	0.00213	0.00202	0.00381	0.00588	0.00746	0.25489	0.10385	0.58482	0.00604	0.00292	0.00083	0.00124	0.00515	0.00239	0.00213
3	0.93100	0.00475	0.00361	0.00323	0.00475	0.00551	0.00266	0.00722	0.00418	0.01102	0.00342	0.00399	0.00266	0.00228	0.00152	0.00076	0.00190	0.00133	0.00152	0.00266
4	0.00338	0.00252	0.00315	0.00303	0.00367	0.00229	0.00230	0.00442	0.00659	0.00902	0.66088	0.01999	0.21370	0.00538	0.00292	0.00080	0.00123	0.04986	0.00259	0.00226
5	0.00510	0.00437	0.00510	0.00364	0.00582	0.00328	0.00291	0.00619	0.00510	0.00801	0.00437	0.00510	0.00364	0.00182	0.00182	0.00036	0.00182	0.00146	0.00146	0.92867
6	0.00567	0.00540	0.00925	0.08548	0.71834	0.00547	0.03397	0.00707	0.00546	0.00772	0.00543	0.08935	0.00497	0.00271	0.00251	0.00076	0.00285	0.00265	0.00130	0.00361
7	0.00343	0.00255	0.00321	0.00308	0.00368	0.00235	0.00230	0.00461	0.02648	0.00923	0.71177	0.07756	0.12995	0.00531	0.00291	0.00080	0.00120	0.00466	0.00262	0.00230
8	0.00506	0.00416	0.00496	0.02448	0.00587	0.00323	0.00296	0.00614	0.00525	0.03200	0.06353	0.03843	0.00543	0.00229	0.00197	0.00043	0.00180	0.00189	0.00160	0.78850
9	0.00363	0.00258	0.00311	0.00340	0.05153	0.00256	0.00193	0.00381	0.00391	0.00519	0.00926	0.04037	0.09036	0.72324	0.04353	0.00217	0.00243	0.00370	0.00156	0.00171
10	0.00486	0.00491	0.03970	0.49984	0.07929	0.00526	0.12575	0.00693	0.08673	0.00704	0.00605	0.11162	0.00527	0.00307	0.00259	0.00083	0.00304	0.00288	0.00139	0.00295
11	0.06107	0.00599	0.00557	0.00510	0.05436	0.17077	0.00372	0.27452	0.02564	0.00962	0.02285	0.04355	0.11397	0.08726	0.01874	0.00092	0.00266	0.00272	0.02707	0.06391
12	0.00528	0.05148	0.00585	0.02587	0.05468	0.00399	0.00339	0.00677	0.06355	0.00800	0.00470	0.00539	0.00387	0.00197	0.00190	0.00043	0.00196	0.00159	0.00148	0.74783
13	0.57613	0.06581	0.14004	0.00459	0.05428	0.02372	0.00400	0.00704	0.00457	0.00949	0.00457	0.08770	0.00409	0.00277	0.00186	0.00077	0.00227	0.00197	0.00146	0.00285

[dist]
# distance from previous block
# <min> <max>
0	15

[block]
# block no. 1 follows, 122 sequences, length 8
# corresponding to MSA columns:
# 39-46
name=unknown_B
#
# <colnr> <probs for GDERKNQSTAVLIFYWHMCP>
#	G	D	E	R	K	N	Q	S	T	A	V	L	I	F	Y	W	H	M	C	P
0	0.03514	0.18991	0.54088	0.03859	0.04759	0.03767	0.00725	0.00748	0.00511	0.00726	0.00430	0.00523	0.00333	0.00326	0.05632	0.00091	0.00354	0.00177	0.00109	0.00337
1	0.09338	0.19285	0.42993	0.08973	0.06849	0.05166	0.00682	0.00752	0.00512	0.00743	0.00414	0.00507	0.00321	0.00265	0.02178	0.00079	0.00329	0.00173	0.00112	0.00331
2	0.04287	0.46461	0.10120	0.03476	0.02174	0.07563	0.00486	0.06854	0.02397	0.03514	0.00422	0.00495	0.00353	0.00312	0.03976	0.00079	0.06414	0.00167	0.00129	0.00321
3	0.00824	0.00462	0.00594	0.00539	0.09146	0.00439	0.00391	0.17126	0.03785	0.38818	0.07765	0.05573	0.02543	0.00328	0.00247	0.00073	0.00212	0.00274	0.00248	0.10612
4	0.00760	0.00583	0.00604	0.02158	0.00665	0.06851	0.00403	0.48194	0.07647	0.05826	0.06185	0.03269	0.08324	0.03258	0.00289	0.00083	0.00247	0.04069	0.00234	0.00352
5	0.00427	0.00213	0.00320	0.00320	0.00320	0.00213	0.00213	0.00320	0.00320	0.00427	0.00427	0.00747	0.00427	0.00854	0.00960	0.92851	0.00213	0.00213	0.00107	0.00107
6	0.00322	0.00250	0.00293	0.00282	0.00351	0.00221	0.00211	0.00414	0.00634	0.00840	0.50324	0.02074	0.41788	0.00556	0.00290	0.00080	0.00120	0.00478	0.00251	0.00221
7	0.00657	0.91513	0.01288	0.00420	0.00631	0.00972	0.00420	0.00736	0.00499	0.00578	0.00342	0.00394	0.00315	0.00210	0.00158	0.00053	0.00263	0.00131	0.00105	0.00315

[dist]
# distance from previous block
# <min> <max>
1	7

[block]
# block no. 2 follows, 122 sequences, length 34
# corresponding to MSA columns:
# 56-89
name=unknown_C
#
# <colnr> <probs for GDERKNQSTAVLIFYWHMCP>
#	G	D	E	R	K	N	Q	S	T	A	V	L	I	F	Y	W	H	M	C	P
0	0.02989	0.00420	0.00679	0.73749	0.01466	0.00505	0.00609	0.00659	0.00516	0.07906	0.04816	0.03629	0.00486	0.00279	0.00248	0.00082	0.00298	0.00245	0.00138	0.00280
1	0.00302	0.00217	0.00287	0.00337	0.00356	0.00202	0.00227	0.00350	0.00487	0.00650	0.06819	0.82858	0.04499	0.00749	0.00311	0.00098	0.00140	0.00677	0.00231	0.00202
2	0.00362	0.00280	0.00417	0.00410	0.00451	0.00335	0.00321	0.00448	0.00394	0.00572	0.00638	0.00939	0.00596	0.01756	0.84886	0.00377	0.06204	0.00260	0.00130	0.00222
3	0.00473	0.00518	0.08027	0.77955	0.01616	0.00553	0.06124	0.00650	0.00499	0.00650	0.00441	0.00645	0.00329	0.00242	0.00247	0.00082	0.00336	0.00220	0.00110	0.00284
4	0.00575	0.04878	0.59119	0.00705	0.01014	0.00613	0.12525	0.10332	0.04888	0.02329	0.00496	0.00565	0.00357	0.00242	0.00240	0.00077	0.00345	0.00204	0.00132	0.00365
5	0.00476	0.00449	0.00758	0.83535	0.08840	0.00549	0.00688	0.00638	0.00497	0.00642	0.00439	0.00651	0.00333	0.00243	0.00245	0.00081	0.00325	0.00218	0.00110	0.00282
6	0.00376	0.00260	0.00328	0.00353	0.00387	0.00252	0.00243	0.07033	0.00537	0.02929	0.08383	0.67716	0.01506	0.08001	0.00380	0.00107	0.00159	0.00603	0.00228	0.00220
7	0.00302	0.00220	0.00279	0.00325	0.00348	0.00203	0.00218	0.00344	0.00476	0.00623	0.01473	0.74149	0.13376	0.05972	0.00365	0.00106	0.00146	0.00655	0.00224	0.00198
8	0.00357	0.00238	0.00268	0.00268	0.00268	0.00238	0.00149	0.00357	0.00357	0.00476	0.00774	0.01608	0.00893	0.91365	0.01251	0.00238	0.00238	0.00357	0.00149	0.00149
9	0.00299	0.00214	0.00285	0.00342	0.00356	0.00200	0.00228	0.00342	0.00470	0.00627	0.01354	0.91204	0.01625	0.00770	0.00314	0.00100	0.00143	0.00699	0.00228	0.00200
10	0.81459	0.00459	0.00364	0.00324	0.00470	0.00526	0.00265	0.02785	0.00449	0.03004	0.00399	0.00455	0.00306	0.00236	0.00158	0.00074	0.00186	0.00145	0.07665	0.00270
11	0.03546	0.07675	0.04749	0.10322	0.04265	0.00635	0.59804	0.00785	0.04296	0.00775	0.00492	0.00636	0.00374	0.00219	0.00265	0.00080	0.00371	0.00258	0.00127	0.00328
12	0.06277	0.17551	0.43162	0.00583	0.03482	0.00600	0.00635	0.00813	0.07130	0.08341	0.02206	0.00714	0.02232	0.00275	0.00224	0.00075	0.00290	0.04335	0.00147	0.00928
13	0.00323	0.00246	0.00297	0.00294	0.00354	0.00220	0.00217	0.00412	0.00623	0.00835	0.50167	0.13751	0.30215	0.00576	0.00293	0.00082	0.00122	0.00502	0.00251	0.00220
14	0.00651	0.61305	0.07659	0.00514	0.03843	0.07344	0.00474	0.00809	0.09716	0.00650	0.00423	0.00475	0.00363	0.00239	0.00212	0.00062	0.04653	0.00159	0.00122	0.00325
15	0.04212	0.02684	0.03718	0.00512	0.00678	0.03590	0.00426	0.46078	0.12999	0.07538	0.02046	0.05060	0.00566	0.00456	0.08200	0.00104	0.00287	0.00252	0.00224	0.00369
16	0.00547	0.05997	0.63593	0.04516	0.06475	0.03221	0.02151	0.00789	0.01949	0.03928	0.00458	0.00542	0.00336	0.00245	0.00256	0.00077	0.04261	0.00189	0.00116	0.00354
17	0.00346	0.00260	0.00291	0.00287	0.00363	0.00229	0.00214	0.00435	0.03162	0.04492	0.18475	0.13692	0.55677	0.00597	0.00290	0.00084	0.00131	0.00510	0.00240	0.00225
18	0.09043	0.00622	0.00664	0.00523	0.00707	0.00684	0.00429	0.61101	0.12681	0.10055	0.00659	0.00640	0.00467	0.00295	0.00238	0.00075	0.00247	0.00223	0.00244	0.00401
19	0.00896	0.01138	0.00680	0.00619	0.00744	0.87174	0.00465	0.00959	0.00691	0.00604	0.00455	0.00511	0.03494	0.00266	0.00224	0.00064	0.00432	0.00171	0.00130	0.00282
20	0.00600	0.00675	0.01248	0.00922	0.01119	0.07252	0.64887	0.00793	0.04297	0.00753	0.00482	0.00638	0.00377	0.00251	0.00364	0.00085	0.14543	0.00268	0.00127	0.00321
21	0.00297	0.00224	0.00275	0.00315	0.00349	0.00202	0.00216	0.00345	0.00497	0.00638	0.01687	0.65174	0.27441	0.00727	0.00307	0.00095	0.00137	0.00646	0.00228	0.00202
22	0.00409	0.00286	0.00320	0.00305	0.00394	0.00260	0.00238	0.03070	0.03760	0.07476	0.13443	0.02015	0.52412	0.00545	0.00281	0.00082	0.00144	0.07888	0.06429	0.00242
23	0.72065	0.00481	0.00420	0.00358	0.00519	0.00535	0.00295	0.06821	0.00514	0.15385	0.00460	0.00482	0.00331	0.00245	0.00174	0.00076	0.00199	0.00157	0.00183	0.00301
24	0.00299	0.00216	0.00283	0.00336	0.00355	0.00200	0.00226	0.00343	0.00476	0.00629	0.01423	0.85830	0.06955	0.00761	0.00312	0.00099	0.00141	0.00688	0.00228	0.00200
25	0.00380	0.00272	0.00368	0.00416	0.00465	0.00269	0.00349	0.00474	0.00536	0.00697	0.01298	0.09325	0.04961	0.10226	0.00431	0.00124	0.00217	0.68758	0.00218	0.00215
26	0.00329	0.00250	0.00304	0.00303	0.00366	0.00226	0.00230	0.00422	0.00624	0.00832	0.47147	0.08394	0.31415	0.00576	0.00296	0.00084	0.00130	0.07602	0.00250	0.00221
27	0.00359	0.00267	0.00377	0.00373	0.00405	0.00306	0.00277	0.00425	0.00385	0.00549	0.00674	0.01104	0.00671	0.23161	0.66029	0.00348	0.03667	0.00284	0.00135	0.00204
28	0.00299	0.00214	0.00285	0.00342	0.00356	0.00200	0.00228	0.00342	0.00470	0.00627	0.01354	0.91204	0.01625	0.00770	0.00314	0.00100	0.00143	0.00699	0.00228	0.00200
29	0.00908	0.00727	0.00706	0.00562	0.00743	0.13179	0.00455	0.63928	0.09864	0.05507	0.00619	0.00614	0.00446	0.00293	0.00243	0.00073	0.00284	0.00219	0.00232	0.00397
30	0.07868	0.00289	0.00314	0.00318	0.00396	0.00277	0.00247	0.02573	0.02199	0.01698	0.02684	0.15373	0.50276	0.00599	0.00296	0.00089	0.01753	0.12305	0.00222	0.00226
31	0.00512	0.07371	0.72477	0.00693	0.01011	0.00615	0.05094	0.00761	0.00509	0.00750	0.00427	0.00519	0.00315	0.00247	0.00277	0.00079	0.07702	0.00186	0.00105	0.00351
32	0.00730	0.43454	0.10847	0.00581	0.05866	0.18695	0.00512	0.14552	0.00645	0.00769	0.00406	0.00462	0.00335	0.00237	0.00202	0.00062	0.01016	0.00162	0.00132	0.00334
33	0.02048	0.35248	0.20790	0.02730	0.00751	0.04006	0.00510	0.01997	0.07745	0.07957	0.00489	0.00528	0.00381	0.00233	0.00198	0.00062	0.00271	0.00170	0.00142	0.13743

[dist]
# distance from previous block
# <min> <max>
0	1

[block]
# block no. 3 follows, 122 sequences, length 61
# corresponding to MSA columns:
# 91-151
name=unknown_D
#
# <colnr> <probs for GDERKNQSTAVLIFYWHMCP>
#	G	D	E	R	K	N	Q	S	T	A	V	L	I	F	Y	W	H	M	C	P
0	0.00566	0.00546	0.01596	0.07880	0.57437	0.00545	0.10933	0.00732	0.05081	0.00773	0.00597	0.00732	0.05147	0.00279	0.00288	0.04835	0.00290	0.00245	0.00133	0.01366
1	0.00680	0.74577	0.03238	0.00455	0.00656	0.11020	0.00436	0.00794	0.05081	0.00608	0.00382	0.00429	0.00338	0.00222	0.00171	0.00056	0.00282	0.00143	0.00115	0.00317
2	0.00388	0.00351	0.00625	0.00536	0.00623	0.00329	0.26163	0.00478	0.00501	0.00667	0.01124	0.49790	0.06537	0.07986	0.00382	0.00105	0.00231	0.02757	0.00191	0.00235
3	0.00421	0.00356	0.00422	0.00412	0.00467	0.07101	0.00313	0.00561	0.09525	0.00611	0.00683	0.00981	0.00632	0.09960	0.66031	0.00323	0.00555	0.00266	0.00145	0.00235
4	0.00308	0.00219	0.00289	0.00341	0.00357	0.00206	0.00230	0.00352	0.00468	0.00624	0.01984	0.79975	0.01567	0.07429	0.00384	0.00110	0.00153	0.04584	0.00223	0.00197
5	0.00356	0.00241	0.00286	0.00287	0.00294	0.00248	0.00173	0.00369	0.00364	0.00492	0.00765	0.02708	0.00863	0.77380	0.13963	0.00259	0.00297	0.00348	0.00147	0.00160
6	0.00292	0.00248	0.00252	0.00255	0.00335	0.00208	0.00191	0.00354	0.00556	0.00663	0.02423	0.06710	0.84636	0.00630	0.00292	0.00084	0.00126	0.01311	0.00228	0.00207
7	0.00918	0.01171	0.00696	0.00633	0.00760	0.90378	0.00475	0.00981	0.00696	0.00601	0.00380	0.00443	0.00317	0.00253	0.00222	0.00063	0.00443	0.00158	0.00127	0.00285
8	0.00880	0.00636	0.00679	0.00527	0.00708	0.00701	0.00433	0.78899	0.01082	0.01476	0.00614	0.00627	0.00442	0.00294	0.00237	0.00072	0.00253	0.00222	0.10821	0.00396
9	0.00487	0.00413	0.00486	0.00362	0.00558	0.00314	0.00284	0.00589	0.00505	0.00782	0.00535	0.10211	0.00499	0.00245	0.00196	0.00043	0.00178	0.00205	0.00154	0.82954
10	0.93100	0.00475	0.00361	0.00323	0.00475	0.00551	0.00266	0.00722	0.00418	0.01102	0.00342	0.00399	0.00266	0.00228	0.00152	0.00076	0.00190	0.00133	0.00152	0.00266
11	0.93100	0.00475	0.00361	0.00323	0.00475	0.00551	0.00266	0.00722	0.00418	0.01102	0.00342	0.00399	0.00266	0.00228	0.00152	0.00076	0.00190	0.00133	0.00152	0.00266
12	0.06174	0.00248	0.00326	0.00332	0.00352	0.00252	0.00226	0.03579	0.00396	0.00563	0.00678	0.23502	0.00742	0.05416	0.00736	0.55639	0.00197	0.00338	0.00147	0.00153
13	0.00393	0.00264	0.00328	0.00305	0.00379	0.00236	0.00231	0.00494	0.00662	0.07974	0.60863	0.02649	0.23260	0.00518	0.00287	0.00079	0.00126	0.00449	0.00263	0.00240
14	0.00311	0.00250	0.00280	0.00286	0.00357	0.00219	0.00218	0.00386	0.00577	0.00722	0.16959	0.08745	0.59774	0.00618	0.00297	0.00086	0.00135	0.09331	0.00235	0.00213
15	0.00619	0.00470	0.00550	0.00404	0.00611	0.00397	0.00326	0.12151	0.00608	0.09031	0.00502	0.00550	0.00392	0.00214	0.00211	0.00047	0.02365	0.00166	0.00172	0.70212
16	0.93100	0.00475	0.00361	0.00323	0.00475	0.00551	0.00266	0.00722	0.00418	0.01102	0.00342	0.00399	0.00266	0.00228	0.00152	0.00076	0.00190	0.00133	0.00152	0.00266
17	0.00321	0.00245	0.00298	0.00312	0.00368	0.00221	0.00234	0.00400	0.00578	0.00755	0.27000	0.23871	0.33060	0.00630	0.00302	0.00089	0.00138	0.10722	0.00240	0.00215
18	0.13470	0.00436	0.00536	0.00426	0.00598	0.00413	0.00348	0.09380	0.00694	0.62513	0.03030	0.05755	0.00642	0.00323	0.00239	0.00077	0.00206	0.00259	0.00273	0.00381
19	0.00293	0.00248	0.00253	0.00256	0.00335	0.00208	0.00191	0.00356	0.00558	0.00669	0.04128	0.06623	0.83101	0.00627	0.00292	0.00084	0.00126	0.01215	0.00229	0.00208
20	0.00352	0.00258	0.00367	0.00365	0.00403	0.00288	0.00273	0.00428	0.00421	0.00600	0.10363	0.01165	0.00845	0.16331	0.66019	0.00335	0.00531	0.00298	0.00150	0.00209
21	0.00668	0.83647	0.01263	0.00453	0.00661	0.05527	0.03591	0.00750	0.00512	0.00587	0.00349	0.00406	0.00317	0.00212	0.00166	0.00054	0.00277	0.00138	0.00107	0.00314
22	0.00623	0.00490	0.00535	0.00481	0.00615	0.00553	0.00377	0.01208	0.72905	0.08020	0.05546	0.02164	0.00859	0.00360	0.00256	0.00084	0.00192	0.04103	0.00254	0.00374
23	0.00383	0.00278	0.00377	0.00424	0.00483	0.00272	0.00366	0.00491	0.00572	0.00742	0.06342	0.02679	0.10343	0.00663	0.00332	0.00108	0.00210	0.74482	0.00229	0.00225
24	0.05310	0.00624	0.01294	0.00963	0.04343	0.00597	0.74181	0.00754	0.00565	0.00792	0.00595	0.00739	0.05341	0.00237	0.00294	0.00083	0.02546	0.00290	0.00131	0.00322
25	0.07392	0.00300	0.00336	0.00322	0.00360	0.01030	0.00214	0.02029	0.05134	0.05164	0.00776	0.06690	0.00822	0.57963	0.09157	0.00210	0.01397	0.00337	0.00167	0.00201
26	0.00343	0.00250	0.00322	0.00305	0.00364	0.00230	0.00229	0.00454	0.00682	0.00956	0.81923	0.03422	0.08569	0.00516	0.00290	0.00078	0.00117	0.00454	0.00267	0.00230
27	0.01671	0.02334	0.05478	0.24597	0.14480	0.00552	0.22699	0.00763	0.11108	0.00770	0.00629	0.00745	0.05147	0.00256	0.00251	0.00077	0.00304	0.00249	0.00141	0.07749
28	0.00576	0.00448	0.00526	0.00380	0.00595	0.00352	0.00305	0.05177	0.00557	0.07546	0.00485	0.00538	0.00385	0.00197	0.00190	0.00041	0.00189	0.00157	0.00163	0.81193
29	0.00624	0.69216	0.09486	0.00450	0.00668	0.01781	0.00456	0.00725	0.00500	0.00622	0.00361	0.00424	0.00321	0.00217	0.00188	0.00055	0.03089	0.00141	0.00110	0.10567
30	0.00341	0.00251	0.00319	0.00302	0.00363	0.00229	0.00226	0.00451	0.00679	0.00947	0.79379	0.01898	0.12665	0.00517	0.00290	0.00078	0.00117	0.00453	0.00265	0.00229
31	0.00545	0.00586	0.01846	0.10495	0.06570	0.02674	0.46781	0.00703	0.00525	0.00722	0.02912	0.00687	0.00431	0.00389	0.07524	0.00110	0.15807	0.00263	0.00124	0.00306
32	0.00611	0.00528	0.00556	0.00500	0.00639	0.00611	0.00389	0.01306	0.89388	0.01028	0.01000	0.00917	0.00750	0.00333	0.00250	0.00083	0.00194	0.00278	0.00250	0.00389
33	0.00308	0.00247	0.00279	0.00279	0.00348	0.00218	0.00208	0.00384	0.00577	0.00734	0.23445	0.09214	0.56577	0.00673	0.05308	0.00100	0.00154	0.00501	0.00233	0.00213
34	0.11139	0.04235	0.00290	0.00248	0.00323	0.00299	0.00193	0.00597	0.00503	0.00923	0.00729	0.00834	0.00574	0.00276	0.00169	0.00059	0.00130	0.00214	0.78028	0.00237
35	0.00357	0.00263	0.00346	0.00386	0.00441	0.00252	0.00318	0.00449	0.00558	0.00722	0.07772	0.17152	0.17968	0.00671	0.00323	0.00103	0.00186	0.51286	0.00230	0.00219
36	0.93100	0.00475	0.00361	0.00323	0.00475	0.00551	0.00266	0.00722	0.00418	0.01102	0.00342	0.00399	0.00266	0.00228	0.00152	0.00076	0.00190	0.00133	0.00152	0.00266
37	0.00345	0.00253	0.00316	0.00347	0.00384	0.00242	0.00244	0.05078	0.01511	0.00705	0.06279	0.63145	0.11333	0.03690	0.00338	0.00100	0.00154	0.05092	0.00229	0.00216
38	0.01568	0.00392	0.00527	0.00416	0.00584	0.00344	0.00339	0.01639	0.00681	0.75824	0.04150	0.05849	0.00723	0.00335	0.00247	0.00076	0.00197	0.00277	0.05443	0.00388
39	0.01061	0.00409	0.00555	0.00429	0.00612	0.00354	0.00353	0.01156	0.00699	0.85266	0.03366	0.00903	0.03020	0.00318	0.00249	0.00076	0.00204	0.00260	0.00301	0.00408
40	0.00934	0.00688	0.00737	0.00565	0.00762	0.00762	0.00467	0.89013	0.01155	0.01549	0.00590	0.00590	0.00418	0.00295	0.00246	0.00074	0.00270	0.00221	0.00246	0.00418
41	0.00402	0.00294	0.00397	0.00445	0.00507	0.00297	0.00385	0.00544	0.05282	0.00747	0.01344	0.02653	0.05779	0.00658	0.00332	0.00110	0.00219	0.79143	0.00228	0.00234
42	0.63894	0.00457	0.00428	0.00359	0.00523	0.00491	0.00296	0.00873	0.00509	0.29325	0.00541	0.00538	0.00375	0.00252	0.00182	0.00076	0.00196	0.00169	0.00200	0.00314
43	0.00909	0.00664	0.00710	0.00547	0.00737	0.00734	0.00451	0.84316	0.01121	0.01515	0.00601	0.00607	0.00429	0.00295	0.00242	0.00073	0.00262	0.00222	0.05157	0.00408
44	0.00354	0.00239	0.00276	0.00284	0.00289	0.00237	0.00169	0.00365	0.00380	0.00504	0.00865	0.08696	0.01807	0.78377	0.01118	0.00219	0.00229	0.05275	0.00160	0.00158
45	0.00296	0.00240	0.00263	0.00277	0.00340	0.00207	0.00200	0.00356	0.00543	0.00671	0.06660	0.26027	0.61754	0.00655	0.00297	0.00087	0.00129	0.00563	0.00230	0.00207
46	0.00299	0.00214	0.00285	0.00342	0.00356	0.00200	0.00228	0.00342	0.00470	0.00627	0.01354	0.91204	0.01625	0.00770	0.00314	0.00100	0.00143	0.00699	0.00228	0.00200
47	0.00477	0.00306	0.00387	0.00352	0.00433	0.00294	0.00268	0.05512	0.05602	0.11182	0.60996	0.10378	0.01862	0.00485	0.00283	0.00079	0.00142	0.00425	0.00268	0.00269
48	0.81614	0.00474	0.00386	0.00341	0.00495	0.00540	0.00279	0.00787	0.04984	0.07633	0.00422	0.00458	0.00316	0.00239	0.00164	0.00076	0.00192	0.00149	0.00168	0.00284
49	0.93100	0.00475	0.00361	0.00323	0.00475	0.00551	0.00266	0.00722	0.00418	0.01102	0.00342	0.00399	0.00266	0.00228	0.00152	0.00076	0.00190	0.00133	0.00152	0.00266
50	0.00608	0.00987	0.52485	0.00718	0.09211	0.05145	0.01910	0.00914	0.14854	0.09923	0.00585	0.00622	0.00421	0.00256	0.00239	0.00077	0.00318	0.00207	0.00151	0.00371
51	0.05518	0.00298	0.00310	0.00298	0.00388	0.00278	0.00230	0.06518	0.02335	0.00782	0.08369	0.04523	0.63312	0.00571	0.00282	0.00084	0.00145	0.05299	0.00229	0.00231
52	0.00630	0.00528	0.00559	0.00491	0.00632	0.00599	0.00382	0.10945	0.71889	0.01049	0.00923	0.00901	0.00707	0.04974	0.00298	0.00089	0.00205	0.00271	0.00241	0.03689
53	0.00600	0.00579	0.00993	0.05633	0.77966	0.00585	0.05261	0.00770	0.03736	0.00802	0.00482	0.00624	0.00398	0.00224	0.00246	0.00074	0.00296	0.00225	0.00126	0.00381
54	0.00464	0.00437	0.00737	0.90774	0.01692	0.00546	0.00682	0.00628	0.00491	0.00628	0.00437	0.00655	0.00328	0.00246	0.00246	0.00082	0.00328	0.00218	0.00109	0.00273
55	0.00318	0.00228	0.00287	0.00329	0.00359	0.00212	0.00231	0.00372	0.00490	0.00650	0.01463	0.60028	0.14825	0.05342	0.00353	0.00103	0.00151	0.09087	0.04969	0.00202
56	0.01064	0.00411	0.00561	0.00438	0.00621	0.00357	0.00363	0.01160	0.00696	0.85086	0.00988	0.00943	0.00653	0.00325	0.00252	0.00078	0.00210	0.05089	0.00300	0.00408
57	0.05476	0.00262	0.00288	0.00284	0.00299	0.00268	0.00170	0.02537	0.00386	0.00546	0.00769	0.05412	0.00873	0.78347	0.02947	0.00222	0.00241	0.00355	0.00155	0.00166
58	0.00523	0.00459	0.00516	0.00375	0.00589	0.02801	0.00299	0.00645	0.02639	0.00801	0.00449	0.00517	0.00372	0.00188	0.00185	0.00038	0.00189	0.00149	0.00148	0.88120
59	0.00608	0.00656	0.00742	0.00643	0.00666	0.17457	0.00526	0.00664	0.00436	0.00593	0.00333	0.00520	0.00321	0.00397	0.00697	0.00099	0.74053	0.00204	0.00111	0.00272
60	0.01093	0.00433	0.00579	0.00444	0.00635	0.00383	0.00367	0.06033	0.00728	0.85131	0.00948	0.00823	0.00598	0.00304	0.00247	0.00076	0.00212	0.00246	0.00301	0.00418

[dist]
# distance from previous block
# <min> <max>
0	6

[block]
# block no. 4 follows, 122 sequences, length 12
# corresponding to MSA columns:
# 158-169
name=unknown_E
#
# <colnr> <probs for GDERKNQSTAVLIFYWHMCP>
#	G	D	E	R	K	N	Q	S	T	A	V	L	I	F	Y	W	H	M	C	P
0	0.00461	0.00418	0.00702	0.83170	0.01577	0.00518	0.00643	0.00602	0.00477	0.00611	0.00436	0.00663	0.00336	0.00297	0.00306	0.07881	0.00318	0.00218	0.00109	0.00259
1	0.00342	0.00249	0.00322	0.00307	0.00365	0.00229	0.00229	0.00452	0.00678	0.00951	0.80815	0.05936	0.07160	0.00521	0.00291	0.00079	0.00118	0.00460	0.00266	0.00229
2	0.00396	0.00283	0.00396	0.00453	0.00509	0.00283	0.00396	0.00509	0.00566	0.00735	0.01301	0.02772	0.01414	0.00679	0.00339	0.00113	0.00226	0.88178	0.00226	0.00226
3	0.00298	0.00249	0.00261	0.00268	0.00346	0.00212	0.00204	0.00363	0.00556	0.00667	0.02344	0.07118	0.78768	0.00634	0.00295	0.00086	0.00133	0.06760	0.00228	0.00208
4	0.00538	0.00538	0.00753	0.00645	0.00645	0.00753	0.00538	0.00591	0.00376	0.00591	0.00323	0.00538	0.00323	0.00430	0.00806	0.00108	0.90915	0.00215	0.00108	0.00269
5	0.00610	0.00665	0.01390	0.00996	0.01240	0.00633	0.81522	0.08184	0.00628	0.00851	0.00505	0.00657	0.00377	0.00214	0.00286	0.00082	0.00402	0.00284	0.00134	0.00339
6	0.00510	0.00437	0.00510	0.00364	0.00582	0.00328	0.00291	0.00619	0.00510	0.00801	0.00437	0.00510	0.00364	0.00182	0.00182	0.00036	0.00182	0.00146	0.00146	0.92867
7	0.00760	0.00452	0.05285	0.04875	0.00641	0.00409	0.00385	0.12016	0.00664	0.39641	0.01066	0.04666	0.14498	0.02205	0.07853	0.00109	0.03596	0.00302	0.00237	0.00339
8	0.04704	0.00528	0.00594	0.00479	0.00642	0.00558	0.00394	0.45510	0.04117	0.19662	0.05171	0.00950	0.02902	0.00346	0.00250	0.00078	0.00229	0.07618	0.04898	0.00371
9	0.17134	0.09062	0.00689	0.00529	0.05032	0.00657	0.00417	0.40630	0.02421	0.11277	0.00588	0.00620	0.01616	0.01434	0.03432	0.00087	0.03600	0.00208	0.00206	0.00361
10	0.00371	0.04731	0.00351	0.00317	0.00340	0.00287	0.00214	0.00402	0.00395	0.00528	0.00812	0.06823	0.00905	0.58821	0.16116	0.00237	0.00304	0.07713	0.00155	0.00178
11	0.00432	0.00357	0.00429	0.01527	0.00482	0.05133	0.01383	0.05858	0.05628	0.00666	0.00868	0.03386	0.09693	0.11183	0.49370	0.00268	0.01550	0.00302	0.01247	0.00238

[dist]
# distance from previous block
# <min> <max>
0	31

[block]
# block no. 5 follows, 122 sequences, length 62
# corresponding to MSA columns:
# 201-262
name=unknown_F
#
# <colnr> <probs for GDERKNQSTAVLIFYWHMCP>
#	G	D	E	R	K	N	Q	S	T	A	V	L	I	F	Y	W	H	M	C	P
0	0.04145	0.16777	0.44042	0.00757	0.16540	0.00630	0.01511	0.04665	0.00551	0.01694	0.00491	0.01384	0.00404	0.00259	0.00227	0.00074	0.00312	0.05062	0.00125	0.00349
1	0.04108	0.25508	0.02786	0.00450	0.00633	0.00570	0.02124	0.05606	0.02420	0.43364	0.00772	0.05135	0.02613	0.00306	0.00238	0.00072	0.02473	0.00238	0.00221	0.00362
2	0.04520	0.04982	0.08272	0.06020	0.03073	0.00565	0.48277	0.00736	0.00544	0.00784	0.00462	0.00594	0.00356	0.00208	0.00247	0.00071	0.00337	0.00231	0.00126	0.19597
3	0.00582	0.00401	0.00463	0.00427	0.00534	0.00424	0.00329	0.02624	0.39366	0.14471	0.06572	0.16605	0.05528	0.04408	0.00314	0.00093	0.00185	0.06105	0.00249	0.00322
4	0.62833	0.00578	0.11468	0.01474	0.04546	0.00546	0.00387	0.05577	0.01161	0.05298	0.03876	0.00517	0.00386	0.00247	0.00183	0.00076	0.00220	0.00167	0.00162	0.00299
5	0.00533	0.12022	0.73184	0.02689	0.01011	0.00627	0.00823	0.04985	0.00546	0.00788	0.00436	0.00510	0.00317	0.00234	0.00225	0.00075	0.00346	0.00178	0.00111	0.00358
6	0.00359	0.00243	0.00293	0.00293	0.00313	0.00237	0.00188	0.00397	0.00463	0.01368	0.23516	0.07817	0.01327	0.57391	0.00895	0.00181	0.00200	0.04153	0.00190	0.00179
7	0.00365	0.00308	0.00316	0.00309	0.00377	0.04169	0.00224	0.00481	0.07701	0.00735	0.21290	0.09117	0.40828	0.12203	0.00409	0.00102	0.00158	0.00461	0.00225	0.00223
8	0.00359	0.00253	0.00336	0.00365	0.00399	0.00244	0.01177	0.04607	0.00515	0.00684	0.05366	0.57914	0.05672	0.00719	0.00375	0.09341	0.00166	0.11082	0.00218	0.00207
9	0.00514	0.13013	0.78536	0.00664	0.01007	0.00623	0.00844	0.00773	0.00516	0.00752	0.00428	0.00503	0.00312	0.00230	0.00224	0.00075	0.00350	0.00175	0.00104	0.00357
10	0.08825	0.00415	0.00505	0.00407	0.00566	0.00393	0.00330	0.08933	0.04350	0.51101	0.10935	0.01056	0.10391	0.00354	0.00248	0.00077	0.00193	0.00288	0.00272	0.00360
11	0.11775	0.05308	0.54291	0.00601	0.01307	0.02796	0.00691	0.02784	0.00521	0.01785	0.04286	0.04502	0.00456	0.00285	0.00272	0.00079	0.07592	0.00211	0.00129	0.00329
12	0.00482	0.01154	0.78982	0.00663	0.00988	0.00543	0.00831	0.00766	0.04378	0.00777	0.00539	0.07824	0.00436	0.00281	0.00241	0.00080	0.00338	0.00227	0.00120	0.00351
13	0.00310	0.00226	0.00282	0.00319	0.00345	0.00209	0.00215	0.00356	0.00486	0.00639	0.07277	0.59725	0.14468	0.11948	0.00425	0.00113	0.00151	0.02086	0.00221	0.00197
14	0.00394	0.00348	0.09601	0.00378	0.00454	0.00255	0.00308	0.00470	0.00510	0.08884	0.01363	0.61060	0.12247	0.00652	0.00297	0.00093	0.00171	0.02054	0.00222	0.00238
15	0.00570	0.06567	0.11513	0.08867	0.57051	0.00595	0.00707	0.00729	0.01357	0.00772	0.04712	0.00646	0.00463	0.00246	0.00263	0.00075	0.04163	0.00220	0.00125	0.00359
16	0.00305	0.00228	0.00280	0.00317	0.00351	0.00207	0.00219	0.00356	0.00501	0.00649	0.05456	0.57787	0.24207	0.04737	0.00349	0.00101	0.00144	0.03377	0.00226	0.00202
17	0.00516	0.00430	0.00721	0.71487	0.01473	0.00511	0.04835	0.00671	0.00509	0.07828	0.00508	0.00694	0.00377	0.00318	0.04096	0.00094	0.00327	0.00226	0.04094	0.00283
18	0.02602	0.11243	0.73510	0.00679	0.01014	0.00617	0.05504	0.00773	0.00518	0.00764	0.00431	0.00510	0.00314	0.00229	0.00226	0.00075	0.00351	0.00181	0.00106	0.00354
19	0.00528	0.00409	0.00461	0.00448	0.04460	0.00428	0.00336	0.09329	0.30079	0.04864	0.03141	0.01536	0.28986	0.00452	0.00269	0.00083	0.00183	0.09441	0.04258	0.00309
20	0.00307	0.00240	0.00279	0.00290	0.00348	0.00212	0.00209	0.00378	0.00570	0.00736	0.24447	0.26290	0.43554	0.00632	0.00297	0.00086	0.00127	0.00548	0.00239	0.00212
21	0.00539	0.00428	0.00472	0.00436	0.00551	0.00468	0.00341	0.00996	0.54602	0.05189	0.09896	0.04788	0.12347	0.00430	0.00269	0.00085	0.00179	0.07403	0.00249	0.00331
22	0.04917	0.04436	0.08114	0.38813	0.15171	0.00555	0.04445	0.02709	0.07669	0.00766	0.00575	0.00748	0.02497	0.00268	0.00239	0.00078	0.00289	0.02841	0.04559	0.00310
23	0.00396	0.00273	0.00330	0.00307	0.00384	0.00250	0.00233	0.00521	0.04443	0.06708	0.54197	0.01845	0.25426	0.00508	0.00282	0.00078	0.00128	0.00438	0.03009	0.00244
24	0.00351	0.00263	0.00395	0.00395	0.00439	0.00307	0.00307	0.00439	0.00395	0.00570	0.00658	0.00965	0.00614	0.01843	0.90391	0.00395	0.00658	0.00263	0.00132	0.00219
25	0.02131	0.00313	0.00403	0.00358	0.00456	0.00288	0.00276	0.02449	0.02661	0.26868	0.41917	0.14511	0.05412	0.00476	0.00277	0.00080	0.00153	0.00414	0.00269	0.00288
26	0.00570	0.00678	0.07130	0.06834	0.12642	0.00608	0.66231	0.00772	0.00568	0.00778	0.00485	0.00646	0.00368	0.00213	0.00277	0.00081	0.00390	0.00269	0.00122	0.00337
27	0.00460	0.00429	0.00714	0.76563	0.05765	0.00526	0.00645	0.00610	0.00489	0.00635	0.00508	0.07926	0.00435	0.00292	0.00268	0.00084	0.03004	0.00257	0.00119	0.00272
28	0.00620	0.00532	0.00560	0.00502	0.00642	0.00615	0.00391	0.03643	0.87037	0.01042	0.00989	0.00908	0.00741	0.00332	0.00250	0.00083	0.00196	0.00276	0.00250	0.00390
29	0.82421	0.01121	0.00407	0.06239	0.00568	0.04459	0.00303	0.00727	0.00436	0.01046	0.00350	0.00418	0.00273	0.00230	0.00161	0.00076	0.00211	0.00140	0.00148	0.00268
30	0.00572	0.00560	0.00995	0.08513	0.61192	0.00562	0.14867	0.00732	0.02047	0.00779	0.00533	0.06537	0.00468	0.00257	0.00256	0.00077	0.00303	0.00263	0.00130	0.00358
31	0.00535	0.00454	0.00523	0.00382	0.00594	0.00366	0.00306	0.04473	0.06844	0.00849	0.00483	0.00542	0.00394	0.00198	0.00190	0.00041	0.00187	0.00158	0.00157	0.82325
32	0.00395	0.00279	0.00391	0.13532	0.02361	0.00276	0.00310	0.00463	0.00492	0.06730	0.01606	0.57095	0.05436	0.05496	0.00342	0.00099	0.00183	0.00539	0.00207	0.03769
33	0.00446	0.00351	0.10491	0.03826	0.00466	0.00278	0.00315	0.02239	0.00367	0.00498	0.00432	0.00714	0.00410	0.00749	0.00836	0.76878	0.00236	0.00210	0.00109	0.00149
34	0.00363	0.00262	0.00334	0.00322	0.00382	0.00247	0.00240	0.00494	0.04896	0.02278	0.67788	0.13212	0.06510	0.00533	0.00291	0.00081	0.00126	0.01140	0.00262	0.00237
35	0.00322	0.00244	0.00296	0.00296	0.00354	0.00219	0.00217	0.00408	0.00615	0.00824	0.47402	0.16886	0.29854	0.00585	0.00294	0.00083	0.00123	0.00510	0.00250	0.00219
36	0.00803	0.00627	0.00628	0.00513	0.00668	0.09898	0.00410	0.56463	0.01639	0.05056	0.04641	0.12329	0.04471	0.00375	0.00256	0.00077	0.00256	0.00300	0.00234	0.00359
37	0.00525	0.21651	0.62113	0.02395	0.00953	0.00648	0.02942	0.00752	0.00523	0.00739	0.04300	0.00554	0.00401	0.00239	0.00220	0.00072	0.00330	0.00185	0.00112	0.00344
38	0.00634	0.74855	0.08414	0.00492	0.00709	0.00909	0.06240	0.00737	0.00501	0.00608	0.00359	0.00427	0.00319	0.00220	0.00197	0.00059	0.03746	0.00149	0.00106	0.00318
39	0.00363	0.00261	0.00357	0.00411	0.00456	0.00255	0.00337	0.00453	0.00537	0.00700	0.01368	0.28958	0.05260	0.00703	0.00330	0.00108	0.00197	0.58501	0.00227	0.00218
40	0.07940	0.01178	0.79075	0.00705	0.04808	0.00570	0.00850	0.00773	0.00512	0.00805	0.00434	0.00513	0.00311	0.00232	0.00227	0.00077	0.00346	0.00179	0.00108	0.00356
41	0.00464	0.00437	0.00737	0.90774	0.01692	0.00546	0.00682	0.00628	0.00491	0.00628	0.00437	0.00655	0.00328	0.00246	0.00246	0.00082	0.00328	0.00218	0.00109	0.00273
42	0.00684	0.82165	0.01226	0.00442	0.00644	0.10223	0.00426	0.00761	0.00520	0.00581	0.00346	0.00399	0.00315	0.00215	0.00164	0.00054	0.00281	0.00134	0.00107	0.00312
43	0.00467	0.00328	0.00411	0.00374	0.00450	0.00342	0.00288	0.00641	0.12763	0.09497	0.40701	0.01479	0.10811	0.04922	0.08048	0.00116	0.07486	0.00372	0.00236	0.00267
44	0.00354	0.00241	0.00279	0.00279	0.00287	0.00243	0.00165	0.00365	0.00370	0.00493	0.00837	0.01580	0.04673	0.79112	0.09539	0.00246	0.00273	0.00355	0.00151	0.00158
45	0.00391	0.00279	0.00390	0.00447	0.00501	0.00278	0.00387	0.00500	0.00561	0.00730	0.01304	0.07449	0.01425	0.00684	0.00338	0.00112	0.00222	0.83551	0.00226	0.00225
46	0.00906	0.00672	0.00723	0.00552	0.00750	0.00734	0.00456	0.83245	0.01113	0.01500	0.00580	0.00585	0.00414	0.00288	0.00242	0.00071	0.00265	0.00216	0.00239	0.06450
47	0.01055	0.00420	0.00565	0.00431	0.00624	0.00358	0.00356	0.01151	0.00688	0.82834	0.00927	0.00810	0.00589	0.00294	0.00242	0.00073	0.00207	0.00239	0.00291	0.07848
48	0.00616	0.11472	0.08306	0.00511	0.01488	0.00636	0.00437	0.01166	0.65739	0.03334	0.00865	0.00816	0.01152	0.00307	0.00236	0.00078	0.00218	0.00250	0.00218	0.02157
49	0.00502	0.06053	0.85386	0.00686	0.01041	0.00592	0.00882	0.00776	0.00518	0.00768	0.00436	0.00512	0.00311	0.00232	0.00229	0.00076	0.00358	0.00179	0.00104	0.00361
50	0.01102	0.00418	0.00570	0.00437	0.00627	0.00361	0.00361	0.01197	0.00703	0.90002	0.00969	0.00836	0.00608	0.00304	0.00247	0.00076	0.00209	0.00247	0.00304	0.00418
51	0.00565	0.00601	0.01190	0.02761	0.18289	0.00581	0.56577	0.00787	0.07707	0.00796	0.00642	0.03438	0.04327	0.00255	0.00278	0.00081	0.00351	0.00296	0.00141	0.00337
52	0.00877	0.09787	0.00611	0.03110	0.00621	0.02438	0.00362	0.01000	0.04666	0.56353	0.09000	0.00911	0.02508	0.00418	0.06124	0.00095	0.00242	0.00258	0.00256	0.00365
53	0.00452	0.00409	0.00578	0.00520	0.00536	0.00542	0.00419	0.00515	0.00382	0.00574	0.00486	0.00786	0.00479	0.08274	0.34849	0.00227	0.49365	0.00245	0.00120	0.00240
54	0.93100	0.00475	0.00361	0.00323	0.00475	0.00551	0.00266	0.00722	0.00418	0.01102	0.00342	0.00399	0.00266	0.00228	0.00152	0.00076	0.00190	0.00133	0.00152	0.00266
55	0.00292	0.00244	0.00255	0.00263	0.00336	0.00207	0.00193	0.00352	0.00549	0.00662	0.03281	0.15021	0.76218	0.00642	0.00294	0.00085	0.00127	0.00543	0.00229	0.00207
56	0.00326	0.00250	0.00298	0.00287	0.00354	0.00222	0.00215	0.00421	0.00642	0.00861	0.56029	0.02939	0.35166	0.00550	0.00290	0.00080	0.00119	0.00475	0.00254	0.00222
57	0.00657	0.91513	0.01288	0.00420	0.00631	0.00972	0.00420	0.00736	0.00499	0.00578	0.00342	0.00394	0.00315	0.00210	0.00158	0.00053	0.00263	0.00131	0.00105	0.00315
58	0.11868	0.02183	0.06256	0.01440	0.00493	0.00331	0.04098	0.00497	0.00490	0.04136	0.07205	0.51334	0.01219	0.04326	0.00332	0.00097	0.02759	0.00498	0.00201	0.00238
59	0.00327	0.00250	0.00300	0.00289	0.00355	0.00223	0.00216	0.00423	0.00644	0.00866	0.57595	0.03889	0.32632	0.00550	0.00291	0.00080	0.00119	0.00475	0.00255	0.00223
60	0.26455	0.00426	0.00497	0.00405	0.00567	0.00424	0.00332	0.04720	0.00604	0.50001	0.00738	0.00719	0.00505	0.00472	0.11383	0.00115	0.00262	0.00216	0.00237	0.00921
61	0.00433	0.02153	0.00447	0.00419	0.04716	0.07526	0.04064	0.00543	0.01508	0.02584	0.51345	0.03690	0.15271	0.01136	0.00283	0.00078	0.00172	0.00403	0.02983	0.00249

[dist]
# distance from previous block
# <min> <max>
0	47

# created by:
# /share/home/app/bin/augustus-3.3.1/scripts/msa2prfl.pl /dev/shm/tmp/pt-rosids/msas/clpP.aln --setname=clpP
