[name]
infA

[dist]
# distance from previous block
# <min> <max>
0	40

[block]
# block no. 0 follows, 19 sequences, length 8
# corresponding to MSA columns:
# 42-49
name=unknown_A
#
# <colnr> <probs for GDERKNQSTAVLIFYWHMCP>
#	G	D	E	R	K	N	Q	S	T	A	V	L	I	F	Y	W	H	M	C	P
0	0.01103	0.00921	0.00969	0.00993	0.01284	0.00788	0.00769	0.01351	0.02042	0.02447	0.08555	0.08784	0.55863	0.02290	0.01078	0.00315	0.00497	0.08358	0.00830	0.00763
1	0.02284	0.01931	0.02062	0.01775	0.02340	0.02135	0.01394	0.09581	0.47844	0.03806	0.03220	0.03023	0.02425	0.01125	0.00875	0.00277	0.00728	0.00926	0.00857	0.11393
2	0.01794	0.04628	0.63923	0.02550	0.03872	0.02078	0.03305	0.02833	0.01889	0.02833	0.01606	0.01889	0.01133	0.00850	0.00850	0.00283	0.01322	0.00661	0.00378	0.01322
3	0.02486	0.01843	0.02057	0.01720	0.02219	0.01945	0.01351	0.35121	0.03159	0.04269	0.03037	0.24308	0.02986	0.01621	0.00958	0.00289	0.00799	0.01367	0.00841	0.07624
4	0.01147	0.00856	0.01195	0.07457	0.01761	0.00847	0.00988	0.01345	0.01720	0.02284	0.04612	0.61722	0.05467	0.02621	0.01118	0.00357	0.00583	0.02377	0.00789	0.00752
5	0.02117	0.01757	0.01992	0.01484	0.02236	0.01532	0.01191	0.10783	0.08704	0.03395	0.01894	0.02059	0.01507	0.00782	0.00723	0.00171	0.00714	0.00622	0.00624	0.55713
6	0.03342	0.04264	0.02535	0.02305	0.02766	0.64967	0.01729	0.03572	0.02535	0.02190	0.01383	0.01613	0.01152	0.00922	0.00807	0.00230	0.01613	0.00576	0.00461	0.01037
7	0.61593	0.09088	0.01742	0.01247	0.01834	0.02123	0.01057	0.02766	0.01633	0.08304	0.01418	0.01572	0.01083	0.00844	0.00582	0.00267	0.00726	0.00515	0.00577	0.01030

[dist]
# distance from previous block
# <min> <max>
0	1

[block]
# block no. 1 follows, 19 sequences, length 25
# corresponding to MSA columns:
# 51-75
name=unknown_B
#
# <colnr> <probs for GDERKNQSTAVLIFYWHMCP>
#	G	D	E	R	K	N	Q	S	T	A	V	L	I	F	Y	W	H	M	C	P
0	0.01341	0.00991	0.01301	0.01433	0.01660	0.00951	0.01215	0.01714	0.02106	0.02719	0.11856	0.09409	0.17798	0.02359	0.01178	0.00374	0.00701	0.39240	0.00843	0.00811
1	0.01258	0.00872	0.01093	0.01130	0.01177	0.00900	0.00726	0.01359	0.01406	0.01912	0.03100	0.16452	0.03497	0.42544	0.17850	0.00908	0.01157	0.01445	0.00579	0.00634
2	0.05364	0.01386	0.02215	0.36695	0.09519	0.01614	0.01886	0.01986	0.01599	0.02196	0.01570	0.02430	0.01318	0.01591	0.01710	0.23883	0.01023	0.00774	0.00407	0.00837
3	0.01181	0.00911	0.01078	0.01036	0.01284	0.00808	0.00777	0.01523	0.02331	0.03109	0.40659	0.07471	0.30587	0.02008	0.01056	0.00290	0.00435	0.01728	0.00922	0.00808
4	0.01733	0.01553	0.02448	0.46667	0.04826	0.01965	0.02147	0.02236	0.01728	0.02402	0.01694	0.02437	0.01335	0.01030	0.01211	0.00302	0.12427	0.00798	0.10089	0.00970
5	0.01090	0.00779	0.01038	0.01246	0.01298	0.00727	0.00830	0.01246	0.01713	0.02284	0.04931	0.67975	0.05917	0.02803	0.01142	0.00363	0.00519	0.02543	0.00830	0.00727
6	0.02610	0.54183	0.04193	0.01709	0.02404	0.17670	0.01576	0.02884	0.01983	0.02124	0.01276	0.01476	0.01149	0.00801	0.00628	0.00200	0.01108	0.00501	0.00401	0.01123
7	0.03356	0.03860	0.02570	0.02248	0.02768	0.50660	0.01722	0.16551	0.02920	0.02983	0.01559	0.01736	0.01237	0.00957	0.00827	0.00239	0.01469	0.00629	0.00561	0.01149
8	0.01836	0.04017	0.50012	0.02530	0.03743	0.01989	0.09079	0.02765	0.01909	0.02847	0.01626	0.01941	0.01181	0.00817	0.00849	0.00267	0.01261	0.00687	0.00404	0.10240
9	0.02871	0.36423	0.03603	0.01921	0.02533	0.34497	0.01630	0.03129	0.02179	0.02148	0.01314	0.01525	0.01150	0.00844	0.00691	0.00211	0.01288	0.00528	0.00422	0.01092
10	0.01489	0.01177	0.01632	0.13038	0.02504	0.01164	0.01375	0.01852	0.01851	0.02507	0.03468	0.17377	0.03714	0.07044	0.01307	0.00365	0.00807	0.22048	0.00672	0.14608
11	0.01072	0.00907	0.00927	0.00922	0.01217	0.00762	0.00691	0.01312	0.02074	0.02499	0.12837	0.08474	0.58790	0.02235	0.01057	0.00301	0.00451	0.01869	0.00842	0.00762
12	0.01090	0.00779	0.01038	0.01246	0.01298	0.00727	0.00830	0.01246	0.01713	0.02284	0.04931	0.67975	0.05917	0.02803	0.01142	0.00363	0.00519	0.02543	0.00830	0.00727
13	0.58430	0.02097	0.01614	0.01406	0.01969	0.08851	0.01140	0.09776	0.01961	0.04018	0.01371	0.01556	0.01056	0.00870	0.00623	0.00271	0.00827	0.00534	0.00586	0.01044
14	0.01541	0.01140	0.01548	0.01471	0.01684	0.01298	0.01136	0.08742	0.01765	0.02482	0.02405	0.03565	0.02243	0.11773	0.51512	0.01241	0.02081	0.00972	0.00536	0.00864
15	0.14650	0.01116	0.01256	0.01146	0.01476	0.01083	0.00886	0.02045	0.02281	0.09075	0.38141	0.05695	0.14561	0.01648	0.00951	0.00283	0.00507	0.01389	0.00896	0.00916
16	0.03401	0.02506	0.02685	0.02058	0.02774	0.02774	0.01700	0.59995	0.04206	0.05638	0.02148	0.02148	0.01521	0.01074	0.00895	0.00268	0.00984	0.00805	0.00895	0.01521
17	0.74878	0.01730	0.01315	0.01177	0.01730	0.02007	0.00969	0.02630	0.01523	0.04014	0.01246	0.01453	0.00969	0.00830	0.00554	0.00277	0.00692	0.00484	0.00554	0.00969
18	0.01796	0.01699	0.02876	0.54046	0.17691	0.02016	0.02538	0.02379	0.01839	0.02415	0.01609	0.02351	0.01238	0.00875	0.00893	0.00292	0.01166	0.00795	0.00407	0.01080
19	0.01077	0.00907	0.00933	0.00927	0.01220	0.00764	0.00695	0.01322	0.02085	0.02526	0.14037	0.08431	0.57573	0.02225	0.01057	0.00300	0.00450	0.01863	0.00845	0.00764
20	0.01837	0.01877	0.03588	0.44566	0.05644	0.02083	0.22446	0.02488	0.01901	0.02488	0.01667	0.02395	0.01250	0.00846	0.00951	0.00299	0.01303	0.00886	0.00417	0.01068
21	0.01777	0.01710	0.02702	0.45563	0.04921	0.02233	0.02313	0.02243	0.01653	0.02243	0.01455	0.02246	0.01187	0.01113	0.01559	0.00329	0.22581	0.00791	0.00396	0.00989
22	0.08155	0.02418	0.02356	0.01878	0.02508	0.08260	0.01526	0.43482	0.03595	0.04807	0.02862	0.02843	0.08952	0.01189	0.00883	0.00270	0.00957	0.00894	0.00823	0.01343
23	0.01301	0.00867	0.00976	0.00976	0.00976	0.00867	0.00542	0.01301	0.01301	0.01735	0.02819	0.05855	0.03253	0.68559	0.04554	0.00867	0.00867	0.01301	0.00542	0.00542
24	0.01124	0.00896	0.00925	0.00925	0.01144	0.00786	0.00642	0.01289	0.01836	0.02229	0.07346	0.07852	0.46292	0.20494	0.02019	0.00458	0.00567	0.01727	0.00751	0.00697

[dist]
# distance from previous block
# <min> <max>
5	36

# created by:
# /share/home/app/bin/augustus-3.3.1/scripts/msa2prfl.pl /dev/shm/tmp/pt-rosids/msas/infA.aln --setname=infA
