[name]
matK

[dist]
# distance from previous block
# <min> <max>
14	38

[block]
# block no. 0 follows, 129 sequences, length 17
# corresponding to MSA columns:
# 45-61
name=unknown_A
#
# <colnr> <probs for GDERKNQSTAVLIFYWHMCP>
#	G	D	E	R	K	N	Q	S	T	A	V	L	I	F	Y	W	H	M	C	P
0	0.03476	0.61506	0.02781	0.00450	0.00630	0.16616	0.00416	0.06981	0.00547	0.00639	0.00358	0.00416	0.00314	0.00258	0.02581	0.00064	0.01414	0.00141	0.00115	0.00299
1	0.00331	0.00223	0.00258	0.00267	0.00269	0.00221	0.00154	0.00338	0.00358	0.00478	0.00830	0.16485	0.00967	0.76660	0.01044	0.00205	0.00212	0.00395	0.00154	0.00150
2	0.00285	0.00204	0.00272	0.00326	0.00340	0.00190	0.00217	0.00326	0.00448	0.00598	0.01291	0.91618	0.01549	0.00734	0.00299	0.00095	0.00136	0.00666	0.00217	0.00190
3	0.00335	0.00250	0.00372	0.00372	0.00413	0.00290	0.00288	0.00415	0.00375	0.00541	0.00631	0.00941	0.00595	0.04865	0.87747	0.00371	0.00613	0.00254	0.00126	0.00207
4	0.00500	0.00425	0.00493	0.00354	0.00561	0.00327	0.00283	0.03690	0.00507	0.00788	0.00421	0.00488	0.00349	0.00177	0.00176	0.00036	0.00176	0.00141	0.00142	0.89967
5	0.00288	0.00205	0.00271	0.00322	0.00335	0.00192	0.00213	0.00327	0.00442	0.00590	0.01260	0.86607	0.01510	0.05797	0.00349	0.00102	0.00141	0.00648	0.00213	0.00188
6	0.00295	0.00239	0.00254	0.00261	0.00325	0.00209	0.00188	0.02121	0.00517	0.00632	0.02032	0.18825	0.66298	0.06324	0.00337	0.00091	0.00131	0.00511	0.00213	0.00197
7	0.00338	0.00226	0.00256	0.00259	0.00259	0.00225	0.00145	0.00340	0.00345	0.00461	0.00763	0.05618	0.00883	0.87641	0.01151	0.00221	0.00223	0.00355	0.00145	0.00144
8	0.00460	0.00451	0.00811	0.76790	0.01551	0.00532	0.14843	0.00623	0.00482	0.00623	0.00425	0.00625	0.00319	0.00228	0.00241	0.00078	0.00325	0.00219	0.00106	0.00269
9	0.00470	0.01211	0.90557	0.00667	0.01014	0.00544	0.00865	0.00742	0.00494	0.00742	0.00420	0.00494	0.00297	0.00222	0.00222	0.00074	0.00346	0.00173	0.00099	0.00346
10	0.00367	0.00278	0.00400	0.00389	0.00435	0.00325	0.00303	0.04690	0.00410	0.00587	0.00617	0.00904	0.00574	0.03650	0.81787	0.00350	0.03338	0.00250	0.00130	0.00218
11	0.00302	0.00255	0.00257	0.00250	0.00333	0.00220	0.00189	0.04033	0.00557	0.00668	0.02297	0.02183	0.86491	0.00580	0.00275	0.00079	0.00124	0.00482	0.00218	0.00206
12	0.00335	0.00250	0.00372	0.00372	0.00413	0.00291	0.00288	0.00416	0.00375	0.00541	0.00631	0.00940	0.00594	0.04770	0.87841	0.00371	0.00614	0.00254	0.00126	0.00207
13	0.04445	0.00418	0.02076	0.01936	0.00583	0.00396	0.00342	0.01030	0.21653	0.50464	0.08747	0.00947	0.05257	0.00323	0.00238	0.00075	0.00188	0.00266	0.00259	0.00357
14	0.00303	0.00212	0.00269	0.00304	0.00316	0.00202	0.00196	0.00335	0.00426	0.00570	0.04747	0.61794	0.01373	0.27167	0.00557	0.00133	0.00161	0.00561	0.00197	0.00177
15	0.00942	0.00428	0.00546	0.00428	0.00598	0.00402	0.00350	0.11525	0.08732	0.66034	0.06774	0.00839	0.00678	0.00304	0.00238	0.00073	0.00199	0.00248	0.00277	0.00384
16	0.00514	0.02307	0.00695	0.05378	0.00660	0.02433	0.01607	0.04181	0.00407	0.00603	0.00362	0.00562	0.00343	0.00534	0.10672	0.00128	0.68033	0.00209	0.00111	0.00259

[dist]
# distance from previous block
# <min> <max>
14	22

[block]
# block no. 1 follows, 129 sequences, length 21
# corresponding to MSA columns:
# 93-113
name=unknown_B
#
# <colnr> <probs for GDERKNQSTAVLIFYWHMCP>
#	G	D	E	R	K	N	Q	S	T	A	V	L	I	F	Y	W	H	M	C	P
0	0.00573	0.00555	0.00961	0.04357	0.80751	0.00558	0.05941	0.00725	0.01910	0.00762	0.00450	0.00589	0.00373	0.00211	0.00235	0.00071	0.00285	0.00213	0.00118	0.00364
1	0.00694	0.00510	0.00570	0.00464	0.00597	0.00562	0.00371	0.58412	0.00852	0.01146	0.00672	0.03291	0.03473	0.09544	0.17598	0.00145	0.00317	0.00253	0.00203	0.00325
2	0.02939	0.00666	0.00693	0.01881	0.00733	0.04187	0.00444	0.82825	0.01059	0.01419	0.00547	0.00554	0.00390	0.00277	0.00231	0.00070	0.00263	0.00207	0.00226	0.00388
3	0.00501	0.00363	0.00419	0.00391	0.00464	0.00380	0.00287	0.31202	0.00662	0.00885	0.00974	0.49572	0.01069	0.11219	0.00381	0.00102	0.00189	0.00470	0.00214	0.00257
4	0.00292	0.00216	0.00286	0.03605	0.00384	0.00204	0.00230	0.00341	0.00465	0.00614	0.04662	0.77100	0.09348	0.00694	0.00294	0.00092	0.00140	0.00625	0.00215	0.00195
5	0.00370	0.00306	0.00311	0.00291	0.00383	0.01780	0.00226	0.11634	0.00612	0.00751	0.05090	0.02007	0.70821	0.00546	0.00272	0.00079	0.00145	0.03930	0.00219	0.00226
6	0.02880	0.00247	0.00313	0.00295	0.00356	0.00229	0.00222	0.00454	0.00639	0.03006	0.76509	0.05182	0.07822	0.00484	0.00273	0.00075	0.00116	0.00425	0.00251	0.00223
7	0.00580	0.00556	0.00950	0.01437	0.90310	0.00556	0.00719	0.00719	0.00533	0.00765	0.00440	0.00580	0.00371	0.00209	0.00232	0.00070	0.00278	0.00209	0.00116	0.00371
8	0.00447	0.00423	0.00703	0.84412	0.01538	0.00535	0.00640	0.00596	0.00460	0.00596	0.00408	0.00616	0.00312	0.00247	0.00274	0.00080	0.07141	0.00208	0.00104	0.00260
9	0.00288	0.00205	0.00271	0.00322	0.00335	0.00192	0.00213	0.00327	0.00442	0.00590	0.01260	0.86583	0.01510	0.05822	0.00349	0.00102	0.00141	0.00648	0.00213	0.00188
10	0.00277	0.00236	0.00238	0.00240	0.00317	0.00197	0.00179	0.00336	0.00531	0.00632	0.02341	0.04873	0.87615	0.00597	0.00277	0.00080	0.00119	0.00499	0.00217	0.00197
11	0.00542	0.00468	0.00466	0.00421	0.00534	0.06819	0.00322	0.06022	0.46397	0.02662	0.01094	0.05029	0.14698	0.07429	0.00318	0.00088	0.00197	0.02385	0.00215	0.03893
12	0.01568	0.00420	0.00706	0.82569	0.01529	0.00515	0.03695	0.00611	0.02391	0.00617	0.00452	0.03106	0.00355	0.00248	0.00236	0.00078	0.00306	0.00223	0.00111	0.00262
13	0.00374	0.00272	0.00369	0.00417	0.00473	0.00272	0.00358	0.00494	0.03469	0.00701	0.01296	0.06922	0.06261	0.00637	0.00317	0.00105	0.00205	0.76623	0.00217	0.00218
14	0.02477	0.08751	0.00471	0.00387	0.00452	0.02444	0.00310	0.03205	0.00415	0.00585	0.00585	0.00835	0.00539	0.01498	0.75571	0.00323	0.00566	0.00233	0.00127	0.00226
15	0.00543	0.00643	0.05493	0.02542	0.01159	0.00601	0.74680	0.00728	0.00529	0.00728	0.00453	0.00613	0.00347	0.00221	0.00323	0.00081	0.09627	0.00263	0.00116	0.00310
16	0.00540	0.00620	0.03453	0.06857	0.01204	0.00576	0.76038	0.00730	0.00540	0.00737	0.00463	0.00619	0.00350	0.00203	0.00276	0.00077	0.01856	0.00262	0.00118	0.04482
17	0.00774	0.00963	0.00605	0.00569	0.02962	0.74332	0.00417	0.00836	0.00638	0.00587	0.00656	0.02564	0.12533	0.00298	0.00222	0.00064	0.00371	0.00210	0.00136	0.00262
18	0.00522	0.04055	0.00673	0.03319	0.00629	0.08048	0.03827	0.01539	0.00422	0.00596	0.00406	0.02494	0.00393	0.06860	0.04725	0.00109	0.51044	0.00215	0.01115	0.09010
19	0.00299	0.00208	0.00270	0.00313	0.00324	0.00197	0.00204	0.00328	0.00425	0.00567	0.01166	0.73162	0.01391	0.16162	0.00472	0.03385	0.00154	0.00594	0.00201	0.00179
20	0.00392	0.00317	0.00369	0.03763	0.01654	0.00306	0.02297	0.13431	0.00601	0.00755	0.02932	0.07119	0.55359	0.05476	0.00321	0.00088	0.00166	0.04215	0.00208	0.00232

[dist]
# distance from previous block
# <min> <max>
14	19

[block]
# block no. 2 follows, 129 sequences, length 24
# corresponding to MSA columns:
# 141-164
name=unknown_C
#
# <colnr> <probs for GDERKNQSTAVLIFYWHMCP>
#	G	D	E	R	K	N	Q	S	T	A	V	L	I	F	Y	W	H	M	C	P
0	0.00318	0.00225	0.00286	0.00322	0.00339	0.00218	0.00213	0.03470	0.00450	0.00601	0.01148	0.69675	0.01357	0.17663	0.02451	0.00125	0.00168	0.00580	0.00202	0.00189
1	0.00369	0.07473	0.00466	0.00394	0.00445	0.00370	0.00316	0.00450	0.00383	0.00545	0.00583	0.00851	0.00545	0.01546	0.77824	0.00333	0.06529	0.00238	0.00122	0.00219
2	0.00756	0.00551	0.00607	0.00485	0.00633	0.00608	0.00391	0.66938	0.00919	0.02205	0.00611	0.03279	0.00498	0.09072	0.11231	0.00123	0.00295	0.00241	0.00213	0.00345
3	0.00552	0.00632	0.02655	0.02269	0.07845	0.00588	0.80326	0.00746	0.00549	0.00749	0.00470	0.00626	0.00355	0.00199	0.00272	0.00078	0.00384	0.00269	0.00118	0.00320
4	0.00359	0.00289	0.00387	0.00421	0.04557	0.00275	0.03446	0.00470	0.03659	0.00686	0.01603	0.04923	0.35434	0.00581	0.00296	0.00093	0.00184	0.41905	0.00209	0.00224
5	0.00282	0.00228	0.00250	0.00265	0.00323	0.00197	0.00190	0.00337	0.00511	0.00630	0.04944	0.27516	0.60883	0.01988	0.00297	0.00086	0.00125	0.00538	0.00218	0.00196
6	0.00859	0.00624	0.00674	0.00524	0.00701	0.00686	0.00430	0.82347	0.01053	0.03462	0.00613	0.05833	0.00469	0.00307	0.00238	0.00072	0.00249	0.00238	0.00235	0.00386
7	0.03115	0.02346	0.70511	0.00603	0.00906	0.00508	0.00742	0.00782	0.00523	0.13120	0.04326	0.00585	0.00416	0.00242	0.00223	0.00074	0.00310	0.00190	0.00133	0.00345
8	0.70451	0.00413	0.00357	0.01904	0.00466	0.00463	0.00261	0.00674	0.00455	0.06996	0.12421	0.03251	0.00576	0.00273	0.00175	0.00073	0.00174	0.00191	0.00171	0.00257
9	0.00343	0.00233	0.00265	0.00267	0.00275	0.00232	0.00156	0.01924	0.00374	0.00497	0.01989	0.09950	0.03395	0.77944	0.01054	0.00206	0.00215	0.00374	0.00154	0.00154
10	0.05966	0.00403	0.00527	0.00409	0.00582	0.00362	0.00337	0.04384	0.00671	0.77893	0.05320	0.00813	0.00636	0.00295	0.00233	0.00072	0.00196	0.00238	0.00278	0.00382
11	0.00361	0.03417	0.00347	0.00302	0.00367	0.00254	0.00229	0.00474	0.02916	0.03379	0.68351	0.06671	0.09696	0.01855	0.00285	0.00077	0.00124	0.00422	0.00245	0.00228
12	0.00302	0.00253	0.00263	0.00256	0.00336	0.00221	0.00193	0.01675	0.03571	0.00693	0.12741	0.02123	0.75425	0.00566	0.00275	0.00078	0.00122	0.00474	0.00223	0.00209
13	0.00375	0.00249	0.00327	0.00313	0.00374	0.00229	0.00239	0.00478	0.00637	0.06454	0.69933	0.07805	0.04257	0.00499	0.00279	0.00078	0.00126	0.06868	0.00253	0.00229
14	0.00470	0.01211	0.90557	0.00667	0.01014	0.00544	0.00865	0.00742	0.00494	0.00742	0.00420	0.00494	0.00297	0.00222	0.00222	0.00074	0.00346	0.00173	0.00099	0.00346
15	0.00278	0.00237	0.00239	0.00240	0.00317	0.00198	0.00180	0.00338	0.00535	0.00638	0.04160	0.03865	0.86794	0.00593	0.00277	0.00079	0.00119	0.00496	0.00218	0.00198
16	0.00493	0.00422	0.00508	0.00368	0.00570	0.00327	0.02522	0.02985	0.00503	0.00777	0.00446	0.03073	0.00382	0.00193	0.00181	0.00038	0.00180	0.00159	0.00143	0.85729
17	0.00337	0.00226	0.00258	0.00261	0.00263	0.00226	0.00149	0.00341	0.00350	0.00466	0.00791	0.06272	0.02263	0.84316	0.02387	0.00220	0.00226	0.00359	0.00147	0.00146
18	0.01845	0.00592	0.00640	0.00500	0.00665	0.00652	0.00407	0.74891	0.00989	0.03266	0.00587	0.00651	0.00443	0.06255	0.03819	0.00092	0.00264	0.00221	0.02854	0.00368
19	0.00327	0.00245	0.00313	0.02841	0.00400	0.00234	0.00238	0.02111	0.03674	0.00633	0.01195	0.70353	0.04550	0.05462	0.00332	0.00096	0.00151	0.00573	0.00206	0.06064
20	0.03781	0.00449	0.00794	0.70202	0.01471	0.00525	0.15855	0.00626	0.00481	0.00647	0.00432	0.00623	0.00325	0.00228	0.00236	0.00077	0.00317	0.00217	0.02444	0.00268
21	0.00297	0.00209	0.00270	0.00312	0.00324	0.00198	0.00203	0.00332	0.00434	0.00581	0.03724	0.72289	0.01438	0.17669	0.00464	0.00119	0.00152	0.00598	0.00204	0.00182
22	0.02544	0.00262	0.01088	0.00964	0.00374	0.00240	0.00229	0.01279	0.01923	0.03018	0.53774	0.13752	0.15531	0.02613	0.00294	0.00081	0.00128	0.00442	0.00237	0.01227
23	0.00833	0.02592	0.00658	0.01328	0.00680	0.00640	0.00410	0.68172	0.00958	0.09097	0.00593	0.00638	0.00439	0.05230	0.02815	0.00086	0.00258	0.00216	0.00223	0.04135

[dist]
# distance from previous block
# <min> <max>
8	13

[block]
# block no. 3 follows, 129 sequences, length 54
# corresponding to MSA columns:
# 185-238
name=unknown_D
#
# <colnr> <probs for GDERKNQSTAVLIFYWHMCP>
#	G	D	E	R	K	N	Q	S	T	A	V	L	I	F	Y	W	H	M	C	P
0	0.00848	0.03145	0.00685	0.00627	0.03946	0.82628	0.00461	0.00921	0.02085	0.00586	0.00373	0.00436	0.00311	0.00243	0.00220	0.00061	0.01871	0.00155	0.00122	0.00277
1	0.00293	0.00207	0.00269	0.00316	0.00328	0.00195	0.00207	0.00328	0.00433	0.00578	0.01214	0.79156	0.01452	0.13326	0.00422	0.00113	0.00148	0.00621	0.00207	0.00184
2	0.01929	0.00480	0.00891	0.62075	0.04436	0.00541	0.24988	0.00645	0.00492	0.00653	0.00431	0.00621	0.00325	0.00223	0.00244	0.00078	0.00332	0.00226	0.00109	0.00279
3	0.00890	0.00656	0.00703	0.00539	0.00726	0.00726	0.00445	0.89529	0.01101	0.01476	0.00562	0.00562	0.00398	0.00281	0.00234	0.00070	0.00258	0.00211	0.00234	0.00398
4	0.00290	0.00245	0.00248	0.00247	0.00326	0.00209	0.00185	0.02211	0.00542	0.00649	0.02292	0.05665	0.84907	0.00592	0.00277	0.00080	0.00122	0.00495	0.00218	0.00202
5	0.00506	0.00504	0.00706	0.00607	0.00608	0.00703	0.00505	0.00559	0.00359	0.00563	0.00318	0.00526	0.00317	0.00455	0.03762	0.00112	0.88327	0.00206	0.00103	0.00255
6	0.00890	0.00656	0.00703	0.00539	0.00726	0.00726	0.00445	0.89529	0.01101	0.01476	0.00562	0.00562	0.00398	0.00281	0.00234	0.00070	0.00258	0.00211	0.00234	0.00398
7	0.00290	0.00245	0.00253	0.00256	0.00331	0.00213	0.00190	0.00373	0.04124	0.00646	0.02917	0.10576	0.77590	0.00594	0.00277	0.00081	0.00123	0.00500	0.00219	0.00204
8	0.00341	0.00227	0.00255	0.00255	0.00255	0.00227	0.00142	0.00341	0.00341	0.00454	0.00738	0.01532	0.00851	0.91770	0.01192	0.00227	0.00227	0.00341	0.00142	0.00142
9	0.00513	0.00433	0.00500	0.00362	0.00567	0.00344	0.00290	0.05992	0.02766	0.00812	0.00439	0.00500	0.00359	0.00184	0.00179	0.00038	0.00179	0.00146	0.00147	0.85252
10	0.00340	0.00227	0.00256	0.00256	0.00257	0.00227	0.00143	0.00340	0.00342	0.00456	0.00745	0.02753	0.00861	0.90537	0.01180	0.00225	0.00226	0.00345	0.00143	0.00143
11	0.00296	0.00208	0.00268	0.00312	0.00325	0.00197	0.00204	0.00331	0.00432	0.00577	0.01205	0.74857	0.02329	0.15810	0.00445	0.00116	0.00151	0.00606	0.01149	0.00183
12	0.00470	0.01211	0.90557	0.00667	0.01014	0.00544	0.00865	0.00742	0.00494	0.00742	0.00420	0.00494	0.00297	0.00222	0.00222	0.00074	0.00346	0.00173	0.00099	0.00346
13	0.03626	0.83182	0.03718	0.00412	0.00612	0.02890	0.00411	0.01865	0.00486	0.00585	0.00332	0.00383	0.00300	0.00203	0.00155	0.00052	0.00255	0.00128	0.00104	0.00301
14	0.00584	0.00582	0.02252	0.03165	0.81587	0.03665	0.01566	0.00729	0.01495	0.00757	0.00443	0.00577	0.00370	0.00211	0.00231	0.00069	0.00284	0.00207	0.00117	0.01109
15	0.00330	0.00223	0.00258	0.00268	0.00274	0.00219	0.00159	0.00343	0.00373	0.00500	0.01553	0.18800	0.03713	0.68812	0.00963	0.00192	0.00203	0.00405	0.02258	0.00155
16	0.00696	0.00521	0.00580	0.00449	0.00627	0.00521	0.00363	0.44247	0.05504	0.04567	0.00603	0.07521	0.00492	0.00281	0.00219	0.00061	0.00213	0.00225	0.00203	0.32108
17	0.00504	0.00501	0.00701	0.03976	0.00646	0.01733	0.01092	0.00562	0.00369	0.00565	0.00332	0.00540	0.00324	0.00478	0.05976	0.00117	0.81018	0.00208	0.00104	0.00254
18	0.00307	0.00219	0.00283	0.00326	0.00345	0.00208	0.00218	0.02905	0.00461	0.00614	0.01244	0.81617	0.02561	0.07052	0.00359	0.00103	0.00146	0.00628	0.00213	0.00193
19	0.00821	0.14689	0.00751	0.00582	0.01939	0.72016	0.00448	0.01572	0.02024	0.00585	0.00367	0.00428	0.00310	0.00240	0.00215	0.00060	0.02402	0.00151	0.00120	0.00279
20	0.00394	0.00907	0.00409	0.00387	0.00445	0.00338	0.00304	0.09329	0.00451	0.00642	0.00623	0.00889	0.00569	0.03002	0.77839	0.00334	0.00570	0.00247	0.02090	0.00228
21	0.00374	0.00256	0.00332	0.00310	0.00372	0.00239	0.00235	0.01977	0.01906	0.04774	0.78372	0.05343	0.02046	0.00478	0.00275	0.00075	0.00121	0.02026	0.00256	0.00232
22	0.00708	0.00501	0.00558	0.00463	0.00595	0.00539	0.00366	0.55958	0.02113	0.05878	0.00796	0.26069	0.00748	0.03221	0.00282	0.00082	0.00219	0.00344	0.00230	0.00332
23	0.00630	0.70444	0.04816	0.00435	0.00621	0.08793	0.00421	0.00728	0.03078	0.01456	0.01272	0.00461	0.02224	0.00228	0.00188	0.00056	0.03591	0.00148	0.00112	0.00298
24	0.07461	0.00259	0.00313	0.00293	0.00360	0.00244	0.00222	0.00459	0.00625	0.01864	0.71890	0.03104	0.09683	0.00466	0.00265	0.00074	0.00119	0.00404	0.00243	0.01651
25	0.00309	0.00232	0.00330	0.03921	0.00422	0.00224	0.03039	0.01439	0.00467	0.00623	0.04172	0.80304	0.01465	0.01477	0.00302	0.00094	0.00152	0.00619	0.00211	0.00200
26	0.00279	0.00237	0.00241	0.00242	0.00319	0.00199	0.00182	0.00340	0.00536	0.00640	0.04219	0.03046	0.86472	0.00593	0.00278	0.00079	0.00120	0.01563	0.00218	0.00198
27	0.00503	0.00426	0.00495	0.00355	0.00562	0.00330	0.00285	0.04323	0.00511	0.00793	0.00422	0.00489	0.00349	0.00178	0.00176	0.00036	0.00177	0.00142	0.00143	0.89307
28	0.00373	0.00307	0.00449	0.00428	0.00460	0.00384	0.00340	0.00449	0.00373	0.00548	0.00559	0.00832	0.00526	0.01467	0.71516	0.00318	0.20092	0.00241	0.00121	0.00219
29	0.00492	0.00426	0.00506	0.00370	0.00562	0.00349	0.00298	0.01489	0.00482	0.00754	0.00409	0.00489	0.00344	0.00194	0.00222	0.00041	0.07537	0.00145	0.00137	0.84755
30	0.00324	0.00262	0.00270	0.00262	0.00348	0.00230	0.00198	0.01948	0.04860	0.02879	0.02184	0.04887	0.78488	0.00567	0.00273	0.00079	0.00127	0.00474	0.00220	0.01121
31	0.00503	0.00492	0.00694	0.06238	0.00662	0.00682	0.00505	0.00563	0.00371	0.00577	0.00335	0.00537	0.00322	0.00410	0.01793	0.00102	0.81233	0.00206	0.03520	0.00254
32	0.00320	0.00238	0.00304	0.00329	0.00370	0.00213	0.00227	0.01024	0.00456	0.00623	0.01155	0.72758	0.02041	0.04358	0.00319	0.00093	0.00147	0.02430	0.00204	0.12391
33	0.00470	0.01211	0.90557	0.00667	0.01014	0.00544	0.00865	0.00742	0.00494	0.00742	0.00420	0.00494	0.00297	0.00222	0.00222	0.00074	0.00346	0.00173	0.00099	0.00346
34	0.00339	0.00301	0.00378	0.00469	0.17317	0.00271	0.00285	0.00421	0.01495	0.00668	0.03687	0.01916	0.69859	0.00516	0.00268	0.00077	0.00150	0.01150	0.00199	0.00233
35	0.00290	0.00206	0.00274	0.00323	0.00338	0.00193	0.00216	0.00332	0.00456	0.00611	0.05920	0.84080	0.01557	0.02610	0.00323	0.01087	0.00137	0.00641	0.00217	0.00190
36	0.00325	0.00239	0.00304	0.00289	0.00346	0.00218	0.00216	0.00428	0.00645	0.00900	0.79145	0.03245	0.11837	0.00495	0.00277	0.00075	0.00112	0.00435	0.00253	0.00218
37	0.00549	0.00634	0.02673	0.02975	0.01222	0.00591	0.85053	0.00744	0.00547	0.00744	0.00470	0.00628	0.00353	0.00201	0.00281	0.00079	0.01552	0.00272	0.00118	0.00314
38	0.00563	0.00444	0.00471	0.01178	0.00549	0.02859	0.00326	0.03938	0.50223	0.08863	0.06290	0.02577	0.16974	0.00372	0.00245	0.00076	0.00179	0.00310	0.00232	0.03329
39	0.00290	0.00208	0.00271	0.00317	0.00334	0.00194	0.00211	0.00331	0.00451	0.00600	0.03864	0.80023	0.04792	0.06485	0.00354	0.00102	0.00140	0.00632	0.00214	0.00188
40	0.00443	0.00418	0.00703	0.89638	0.01596	0.00524	0.00648	0.00598	0.00466	0.00598	0.00414	0.00622	0.00312	0.00237	0.00243	0.00078	0.01890	0.00208	0.00104	0.00260
41	0.00363	0.00882	0.01118	0.00377	0.00426	0.00313	0.00296	0.03546	0.00407	0.00590	0.00627	0.00912	0.00580	0.04206	0.78970	0.00340	0.01460	0.00249	0.04122	0.00216
42	0.00416	0.00228	0.00343	0.08298	0.00424	0.00238	0.00245	0.01415	0.00333	0.00448	0.00418	0.00706	0.00403	0.00743	0.00829	0.81676	0.00211	0.00204	0.02299	0.00122
43	0.00351	0.00255	0.01367	0.00313	0.00372	0.00230	0.00239	0.00457	0.01487	0.03619	0.64507	0.12749	0.07184	0.00516	0.00279	0.00079	0.00126	0.05400	0.00247	0.00224
44	0.00581	0.00564	0.00957	0.02583	0.85254	0.01673	0.03496	0.00721	0.00535	0.00760	0.00440	0.00580	0.00369	0.00209	0.00233	0.00070	0.00284	0.00210	0.00116	0.00367
45	0.00622	0.89558	0.03545	0.00408	0.00612	0.00917	0.00413	0.00702	0.00476	0.00556	0.00328	0.00379	0.00300	0.00201	0.00152	0.00051	0.00253	0.00126	0.00100	0.00302
46	0.00882	0.00405	0.00524	0.00405	0.00580	0.00356	0.00330	0.03309	0.06238	0.62565	0.06116	0.00801	0.00642	0.00283	0.00228	0.00067	0.00190	0.00232	0.00259	0.15587
47	0.00878	0.00639	0.00689	0.00528	0.00715	0.00699	0.00436	0.83088	0.01873	0.04018	0.00571	0.00569	0.00405	0.00278	0.00232	0.00069	0.00252	0.00210	0.00233	0.03617
48	0.00814	0.00587	0.00635	0.00497	0.00659	0.00646	0.00403	0.74389	0.00984	0.03185	0.00593	0.00674	0.00454	0.08523	0.03107	0.00093	0.00261	0.00224	0.02907	0.00364
49	0.00290	0.00206	0.00272	0.00323	0.00336	0.00193	0.00214	0.00329	0.00443	0.00590	0.01255	0.84891	0.01502	0.06489	0.00356	0.00104	0.00143	0.01665	0.00213	0.00187
50	0.00509	0.00507	0.00710	0.00610	0.00611	0.00708	0.00508	0.00560	0.00359	0.00563	0.00314	0.00521	0.00313	0.00438	0.02673	0.00108	0.89424	0.00206	0.00103	0.00255
51	0.00290	0.00206	0.00270	0.00321	0.00333	0.00193	0.00212	0.00327	0.00440	0.00587	0.01248	0.84717	0.01495	0.07707	0.00367	0.00105	0.00143	0.00641	0.00212	0.00187
52	0.00290	0.00206	0.00271	0.00321	0.00336	0.00193	0.00214	0.00332	0.00450	0.00605	0.03133	0.85327	0.01525	0.03706	0.00326	0.00098	0.00138	0.00643	0.01696	0.00190
53	0.02408	0.00417	0.00695	0.89286	0.01588	0.00520	0.00642	0.00600	0.00467	0.00608	0.00414	0.00619	0.00311	0.00234	0.00232	0.00078	0.00309	0.00206	0.00105	0.00260

[dist]
# distance from previous block
# <min> <max>
0	1

[block]
# block no. 4 follows, 129 sequences, length 6
# corresponding to MSA columns:
# 240-245
name=unknown_E
#
# <colnr> <probs for GDERKNQSTAVLIFYWHMCP>
#	G	D	E	R	K	N	Q	S	T	A	V	L	I	F	Y	W	H	M	C	P
0	0.00344	0.00241	0.00286	0.00298	0.00319	0.00237	0.00192	0.04988	0.00444	0.00590	0.04364	0.36391	0.05732	0.43685	0.00715	0.00154	0.00183	0.00471	0.00184	0.00180
1	0.00361	0.00245	0.00282	0.00277	0.00302	0.00244	0.00177	0.04074	0.00437	0.00600	0.10831	0.08121	0.05797	0.57397	0.03867	0.00180	0.00209	0.00366	0.06058	0.00175
2	0.00296	0.00212	0.00274	0.00311	0.00333	0.00198	0.00210	0.00344	0.00475	0.00636	0.13738	0.66989	0.06486	0.07888	0.00365	0.00102	0.00139	0.00597	0.00217	0.00191
3	0.00446	0.00414	0.00590	0.00525	0.00541	0.00558	0.00430	0.00509	0.00365	0.00556	0.00427	0.00665	0.00412	0.00914	0.34512	0.00205	0.57359	0.00222	0.00111	0.00239
4	0.04144	0.09737	0.58531	0.00676	0.07546	0.00573	0.04913	0.00718	0.00490	0.00733	0.00408	0.00491	0.00307	0.00221	0.00230	0.00070	0.03233	0.00173	0.00106	0.06700
5	0.00397	0.06624	0.06879	0.00404	0.00484	0.00380	0.00347	0.03910	0.00425	0.00612	0.00586	0.00823	0.00530	0.01361	0.66915	0.00295	0.03458	0.00232	0.05103	0.00234

[dist]
# distance from previous block
# <min> <max>
14	25

[block]
# block no. 5 follows, 129 sequences, length 19
# corresponding to MSA columns:
# 286-304
name=unknown_F
#
# <colnr> <probs for GDERKNQSTAVLIFYWHMCP>
#	G	D	E	R	K	N	Q	S	T	A	V	L	I	F	Y	W	H	M	C	P
0	0.00847	0.01063	0.00665	0.00613	0.02323	0.82861	0.00456	0.00934	0.04383	0.00593	0.00387	0.00447	0.00320	0.00249	0.00229	0.00062	0.03009	0.00158	0.00125	0.00277
1	0.00531	0.00467	0.01855	0.03379	0.00661	0.00397	0.07213	0.10303	0.04702	0.00838	0.00491	0.03637	0.00409	0.00215	0.00198	0.00048	0.00206	0.00184	0.00153	0.64112
2	0.00450	0.00424	0.00716	0.86328	0.06434	0.00522	0.00654	0.00605	0.00472	0.00607	0.00418	0.00622	0.00315	0.00233	0.00234	0.00078	0.00310	0.00208	0.00105	0.00266
3	0.00313	0.00215	0.00264	0.00291	0.00297	0.00209	0.00180	0.00333	0.00394	0.00526	0.01014	0.46507	0.01200	0.46321	0.00746	0.00161	0.00182	0.00503	0.00180	0.00166
4	0.00347	0.00236	0.00272	0.00275	0.00284	0.00235	0.00164	0.02859	0.00388	0.00519	0.03380	0.15271	0.00984	0.72666	0.01002	0.00198	0.00211	0.00389	0.00159	0.00159
5	0.00299	0.00209	0.00273	0.00315	0.00329	0.00197	0.00208	0.00334	0.00442	0.00593	0.06254	0.72131	0.01459	0.11803	0.00429	0.03594	0.00148	0.00595	0.00206	0.00183
6	0.00337	0.00226	0.00259	0.00262	0.00265	0.00224	0.00151	0.00345	0.00363	0.00487	0.05176	0.07283	0.00963	0.81476	0.01090	0.00211	0.00215	0.00365	0.00152	0.00149
7	0.00285	0.00204	0.00272	0.00326	0.00340	0.00190	0.00217	0.00326	0.00448	0.00598	0.01291	0.91618	0.01549	0.00734	0.00299	0.00095	0.00136	0.00666	0.00217	0.00190
8	0.00335	0.00251	0.00376	0.00376	0.00418	0.00293	0.00293	0.00418	0.00376	0.00544	0.00627	0.00920	0.00585	0.01756	0.90842	0.00376	0.00627	0.00251	0.00125	0.00209
9	0.00875	0.01116	0.00664	0.00603	0.00724	0.90830	0.00452	0.00935	0.00664	0.00573	0.00362	0.00422	0.00302	0.00241	0.00211	0.00060	0.00422	0.00151	0.00121	0.00271
10	0.00785	0.00574	0.00619	0.00487	0.00646	0.00627	0.00395	0.71937	0.00973	0.02362	0.00718	0.03374	0.06210	0.06395	0.01635	0.00086	0.00246	0.00252	0.01322	0.00358
11	0.00448	0.00417	0.00591	0.00526	0.00540	0.00563	0.00430	0.00509	0.00364	0.00554	0.00425	0.00673	0.00414	0.02958	0.31217	0.00198	0.58599	0.00224	0.00111	0.00238
12	0.00367	0.00252	0.00313	0.00295	0.00364	0.00228	0.00224	0.00469	0.01715	0.06460	0.58348	0.03871	0.22910	0.00502	0.00275	0.00076	0.00122	0.02734	0.00248	0.00228
13	0.00428	0.00251	0.00292	0.00283	0.00338	0.00267	0.00215	0.05371	0.00482	0.00787	0.00707	0.00895	0.00593	0.04764	0.25461	0.01851	0.00268	0.00232	0.56293	0.00220
14	0.00476	0.03606	0.85682	0.00669	0.01008	0.00555	0.03337	0.00741	0.00496	0.00737	0.00419	0.00495	0.00298	0.00221	0.00222	0.00074	0.00345	0.00175	0.00099	0.00344
15	0.00360	0.00280	0.00377	0.00375	0.00420	0.03576	0.00291	0.00445	0.00394	0.00565	0.00626	0.00899	0.00576	0.01611	0.82024	0.00345	0.00588	0.00245	0.05791	0.00212
16	0.00478	0.04153	0.85175	0.00680	0.03459	0.00557	0.00846	0.00740	0.00495	0.00736	0.00418	0.00493	0.00299	0.00221	0.00220	0.00073	0.00341	0.00172	0.00099	0.00345
17	0.00828	0.00607	0.00652	0.00507	0.00675	0.00668	0.00413	0.79396	0.01020	0.01370	0.00595	0.02636	0.00460	0.07012	0.00305	0.00082	0.00250	0.00230	0.01921	0.00372
18	0.00282	0.00236	0.00244	0.00245	0.00318	0.00200	0.00182	0.00344	0.00537	0.00651	0.08917	0.04995	0.79114	0.02329	0.00295	0.00082	0.00121	0.00491	0.00219	0.00198

[dist]
# distance from previous block
# <min> <max>
0	1

[block]
# block no. 6 follows, 129 sequences, length 28
# corresponding to MSA columns:
# 306-333
name=unknown_G
#
# <colnr> <probs for GDERKNQSTAVLIFYWHMCP>
#	G	D	E	R	K	N	Q	S	T	A	V	L	I	F	Y	W	H	M	C	P
0	0.00322	0.00219	0.00261	0.00279	0.00283	0.00215	0.00167	0.00336	0.00376	0.00501	0.00920	0.31257	0.01081	0.61731	0.00897	0.00183	0.00197	0.00448	0.00167	0.00158
1	0.00312	0.00221	0.00278	0.00317	0.02077	0.00212	0.00197	0.00341	0.00414	0.00551	0.01995	0.51165	0.04442	0.35635	0.00639	0.00144	0.00173	0.00523	0.00187	0.00176
2	0.00341	0.00227	0.00255	0.00255	0.00255	0.00227	0.00142	0.00341	0.00341	0.00454	0.00738	0.01532	0.00851	0.91770	0.01192	0.00227	0.00227	0.00341	0.00142	0.00142
3	0.00287	0.00208	0.00268	0.00315	0.00334	0.00192	0.00211	0.00328	0.00451	0.00595	0.01363	0.79881	0.09397	0.04558	0.00335	0.00099	0.00138	0.00637	0.00214	0.00189
4	0.02625	0.00402	0.00646	0.77279	0.01423	0.00496	0.00588	0.01525	0.00473	0.00645	0.00448	0.00640	0.00340	0.00242	0.00236	0.00076	0.02105	0.00207	0.09346	0.00257
5	0.00824	0.01023	0.00678	0.00671	0.09272	0.77203	0.00469	0.00913	0.03775	0.00607	0.00431	0.00490	0.02147	0.00248	0.00215	0.00062	0.00394	0.00167	0.00126	0.00283
6	0.00547	0.00609	0.01286	0.06783	0.08116	0.00588	0.74373	0.00733	0.00540	0.00736	0.00463	0.00624	0.00352	0.00207	0.00284	0.00079	0.02983	0.00265	0.00117	0.00315
7	0.00835	0.02378	0.00668	0.00506	0.00681	0.00671	0.00415	0.76367	0.01011	0.03241	0.02235	0.00628	0.00454	0.03941	0.00269	0.00075	0.00247	0.00217	0.02079	0.03081
8	0.00719	0.00535	0.00568	0.00459	0.00590	0.03196	0.00362	0.58790	0.00855	0.01146	0.00604	0.00799	0.00511	0.19631	0.07270	0.00126	0.00279	0.00240	0.03000	0.00321
9	0.00505	0.00503	0.00690	0.02300	0.00621	0.02580	0.00497	0.00561	0.00368	0.00563	0.00335	0.00544	0.00329	0.00507	0.07691	0.00122	0.80720	0.00207	0.00105	0.00253
10	0.00290	0.00206	0.00270	0.00318	0.00332	0.00193	0.00210	0.00327	0.00441	0.00587	0.01269	0.82066	0.03522	0.08314	0.00373	0.00106	0.00143	0.00635	0.00211	0.00186
11	0.00447	0.00420	0.00724	0.83811	0.01552	0.00514	0.05112	0.00597	0.00467	0.00600	0.00419	0.00627	0.00317	0.00250	0.00258	0.02997	0.00313	0.00211	0.00105	0.00258
12	0.00671	0.00493	0.00548	0.00461	0.00588	0.00531	0.00362	0.56773	0.00862	0.01156	0.00815	0.32478	0.00801	0.00438	0.00256	0.00078	0.00214	0.00369	0.00227	0.01878
13	0.00557	0.00472	0.00511	0.00476	0.03238	0.00530	0.00359	0.02977	0.71398	0.02256	0.01082	0.01026	0.10745	0.00346	0.00242	0.00078	0.00182	0.01321	0.00231	0.01971
14	0.00767	0.00552	0.00599	0.00475	0.00621	0.00603	0.00378	0.67418	0.00927	0.03147	0.01691	0.03946	0.00545	0.16761	0.00409	0.00099	0.00245	0.00253	0.00219	0.00343
15	0.00668	0.00488	0.00547	0.00451	0.00572	0.00538	0.00356	0.53700	0.00807	0.01091	0.00626	0.03278	0.00544	0.15685	0.18459	0.00158	0.00321	0.00253	0.01150	0.00311
16	0.58576	0.00480	0.03117	0.18107	0.01632	0.00525	0.05795	0.04093	0.00456	0.02056	0.01167	0.00480	0.00304	0.00237	0.00195	0.01982	0.00228	0.00163	0.00139	0.00266
17	0.04986	0.01416	0.00364	0.00320	0.00401	0.01300	0.00243	0.06621	0.01335	0.09129	0.47534	0.04253	0.13103	0.07571	0.00333	0.00086	0.00149	0.00379	0.00234	0.00244
18	0.00317	0.00217	0.00263	0.00286	0.00293	0.00211	0.00176	0.00336	0.00393	0.00525	0.02704	0.40070	0.01176	0.51065	0.00792	0.00168	0.00186	0.00481	0.00176	0.00164
19	0.00323	0.00228	0.00277	0.03463	0.00336	0.00224	0.00187	0.00349	0.00405	0.00535	0.04831	0.27355	0.07991	0.51561	0.00793	0.00166	0.00191	0.00444	0.00173	0.00168
20	0.03807	0.02540	0.81712	0.00666	0.00997	0.00551	0.05058	0.00739	0.00493	0.00750	0.00418	0.00495	0.00298	0.00221	0.00221	0.00074	0.00341	0.00176	0.00101	0.00341
21	0.00441	0.00416	0.00708	0.87331	0.01578	0.00515	0.02582	0.00596	0.00470	0.00602	0.00436	0.02532	0.00339	0.00244	0.00236	0.00078	0.00310	0.00219	0.00107	0.00260
22	0.00295	0.00257	0.00254	0.00255	0.00333	0.01887	0.00192	0.00363	0.01737	0.00640	0.03145	0.04934	0.81766	0.00587	0.00277	0.00080	0.00128	0.02454	0.00216	0.00202
23	0.00380	0.02910	0.00421	0.01751	0.00439	0.02079	0.00299	0.01784	0.00398	0.00560	0.00640	0.06698	0.00637	0.13796	0.55050	0.00280	0.09023	0.00278	0.02368	0.00211
24	0.00336	0.00225	0.00257	0.00261	0.00262	0.00224	0.00148	0.00339	0.00349	0.00466	0.00783	0.08835	0.00908	0.84391	0.01119	0.00216	0.00220	0.00367	0.00148	0.00146
25	0.00348	0.00266	0.00393	0.00386	0.00424	0.00317	0.00301	0.00427	0.00376	0.00548	0.00612	0.00909	0.00575	0.03937	0.81447	0.00350	0.06403	0.00250	0.01521	0.00211
26	0.45162	0.00476	0.07131	0.17055	0.02462	0.00473	0.04026	0.00659	0.00479	0.04975	0.13126	0.00688	0.01903	0.00266	0.00199	0.00074	0.00218	0.00205	0.00156	0.00268
27	0.00580	0.00556	0.00950	0.01437	0.90310	0.00556	0.00719	0.00719	0.00533	0.00765	0.00440	0.00580	0.00371	0.00209	0.00232	0.00070	0.00278	0.00209	0.00116	0.00371

[dist]
# distance from previous block
# <min> <max>
11	19

[block]
# block no. 7 follows, 129 sequences, length 6
# corresponding to MSA columns:
# 369-374
name=unknown_H
#
# <colnr> <probs for GDERKNQSTAVLIFYWHMCP>
#	G	D	E	R	K	N	Q	S	T	A	V	L	I	F	Y	W	H	M	C	P
0	0.06874	0.25801	0.00702	0.00419	0.00564	0.07487	0.00356	0.05457	0.10617	0.18691	0.07455	0.00770	0.06279	0.00299	0.00238	0.00068	0.05341	0.00222	0.02048	0.00311
1	0.00424	0.00378	0.00369	0.04026	0.00472	0.07057	0.00266	0.09492	0.09374	0.00767	0.07834	0.01710	0.55980	0.00486	0.00262	0.00076	0.00169	0.00401	0.00212	0.00245
2	0.03782	0.00246	0.00321	0.06786	0.00447	0.00238	0.00250	0.00380	0.00445	0.00620	0.01096	0.70091	0.01283	0.05201	0.00324	0.00095	0.00158	0.00555	0.00197	0.07485
3	0.03578	0.00360	0.06149	0.10634	0.00567	0.00335	0.02323	0.08619	0.00466	0.03710	0.00528	0.03444	0.00456	0.00514	0.00519	0.40856	0.00215	0.00219	0.16300	0.00205
4	0.02974	0.00244	0.00288	0.00300	0.00328	0.00240	0.00200	0.03743	0.00459	0.00626	0.09805	0.33755	0.06863	0.36037	0.00636	0.00142	0.00176	0.02807	0.00191	0.00185
5	0.00365	0.00251	0.00297	0.02702	0.00341	0.00252	0.00192	0.04072	0.00419	0.00575	0.04103	0.17216	0.00959	0.56917	0.03023	0.00177	0.00212	0.00378	0.05144	0.02405

[dist]
# distance from previous block
# <min> <max>
0	6

[block]
# block no. 8 follows, 129 sequences, length 21
# corresponding to MSA columns:
# 381-401
name=unknown_I
#
# <colnr> <probs for GDERKNQSTAVLIFYWHMCP>
#	G	D	E	R	K	N	Q	S	T	A	V	L	I	F	Y	W	H	M	C	P
0	0.00573	0.00577	0.03466	0.01357	0.79523	0.00555	0.06403	0.00727	0.01820	0.00766	0.00449	0.00583	0.00372	0.00209	0.00234	0.00070	0.00285	0.00212	0.00118	0.01699
1	0.00627	0.82080	0.03752	0.00419	0.00614	0.03011	0.00416	0.00708	0.00479	0.01956	0.00341	0.00397	0.00308	0.00227	0.01205	0.00057	0.02866	0.00133	0.00104	0.00300
2	0.00495	0.00414	0.00480	0.00359	0.00545	0.00335	0.00283	0.05893	0.03243	0.00794	0.00511	0.07035	0.00458	0.02241	0.00210	0.00047	0.00177	0.00189	0.00153	0.76139
3	0.00349	0.00243	0.00266	0.00265	0.00275	0.01675	0.00155	0.00360	0.00370	0.00494	0.03768	0.04786	0.02902	0.78767	0.01058	0.00205	0.00217	0.00350	0.02177	0.01319
4	0.00342	0.00260	0.00327	0.00359	0.00421	0.00247	0.00299	0.00443	0.02484	0.00684	0.03538	0.07129	0.31018	0.00623	0.00304	0.00096	0.00176	0.50821	0.00218	0.00212
5	0.00509	0.00513	0.00759	0.00637	0.00656	0.00692	0.07716	0.00572	0.00377	0.00580	0.00349	0.03085	0.00346	0.00402	0.00715	0.00100	0.81402	0.00224	0.00107	0.00259
6	0.00347	0.00257	0.00373	0.00369	0.00410	0.00296	0.00283	0.02312	0.00389	0.00556	0.00636	0.00966	0.00605	0.09676	0.80990	0.00357	0.00584	0.00258	0.00129	0.00207
7	0.00349	0.00242	0.00314	0.00297	0.00353	0.00223	0.00221	0.00451	0.00640	0.03629	0.77791	0.05946	0.05268	0.02876	0.00300	0.00079	0.00118	0.00429	0.00252	0.00222
8	0.00465	0.00432	0.00716	0.84584	0.03192	0.00530	0.01870	0.04267	0.00497	0.00640	0.00423	0.00621	0.00317	0.00235	0.00235	0.00078	0.00310	0.00209	0.00110	0.00269
9	0.00342	0.00262	0.00390	0.00386	0.00426	0.00310	0.00302	0.00424	0.00376	0.00544	0.00614	0.00903	0.00574	0.01701	0.87131	0.00365	0.04365	0.00249	0.00124	0.00211
10	0.00550	0.00625	0.02756	0.06284	0.08401	0.02058	0.69670	0.00732	0.00537	0.00730	0.00457	0.00615	0.00350	0.00212	0.00293	0.00079	0.04961	0.00260	0.00116	0.00314
11	0.81616	0.00494	0.05629	0.03525	0.00531	0.00520	0.00306	0.00704	0.00416	0.04035	0.00355	0.00410	0.00269	0.00221	0.00156	0.00073	0.00196	0.00136	0.00146	0.00264
12	0.00574	0.00565	0.02536	0.03558	0.86615	0.00555	0.00720	0.00716	0.00531	0.00761	0.00440	0.00579	0.00368	0.00209	0.00232	0.00070	0.00280	0.00208	0.00115	0.00368
13	0.01535	0.00536	0.00586	0.00469	0.00614	0.00586	0.00377	0.62539	0.00899	0.03535	0.00638	0.06591	0.00526	0.06928	0.02654	0.01401	0.01438	0.00250	0.06519	0.01380
14	0.00283	0.00236	0.00246	0.00249	0.00321	0.00202	0.00185	0.00343	0.00526	0.00635	0.04851	0.06469	0.77721	0.03393	0.01486	0.00089	0.00131	0.02222	0.00215	0.00197
15	0.00297	0.00218	0.00297	0.00335	0.00356	0.00204	0.02244	0.00340	0.00447	0.00593	0.01259	0.78309	0.03958	0.07630	0.00366	0.00105	0.00150	0.02491	0.00209	0.00190
16	0.00885	0.00400	0.00514	0.00407	0.00564	0.00370	0.00331	0.09328	0.05256	0.61880	0.11942	0.00956	0.03523	0.02211	0.00262	0.00076	0.00191	0.00268	0.00273	0.00364
17	0.00854	0.00614	0.00666	0.00518	0.00695	0.00675	0.00425	0.76825	0.04971	0.05634	0.02777	0.03139	0.00496	0.00300	0.00237	0.00072	0.00245	0.00232	0.00237	0.00387
18	0.00595	0.00586	0.00935	0.01393	0.85587	0.05316	0.00705	0.00730	0.00540	0.00755	0.00436	0.00571	0.00367	0.00210	0.00231	0.00069	0.00286	0.00206	0.00116	0.00366
19	0.06896	0.69845	0.02340	0.00420	0.00606	0.07145	0.00401	0.03629	0.00506	0.02567	0.00356	0.00407	0.00312	0.00227	0.00912	0.00058	0.02046	0.00136	0.00894	0.00299
20	0.02183	0.00481	0.00533	0.05957	0.01611	0.00551	0.00389	0.03138	0.71185	0.03056	0.01816	0.00961	0.00725	0.00331	0.00242	0.00081	0.00197	0.05984	0.00227	0.00352

[dist]
# distance from previous block
# <min> <max>
0	2

[block]
# block no. 9 follows, 129 sequences, length 26
# corresponding to MSA columns:
# 404-429
name=unknown_J
#
# <colnr> <probs for GDERKNQSTAVLIFYWHMCP>
#	G	D	E	R	K	N	Q	S	T	A	V	L	I	F	Y	W	H	M	C	P
0	0.00485	0.00409	0.00483	0.02565	0.00571	0.00324	0.00288	0.03867	0.00505	0.00773	0.00486	0.07227	0.00437	0.00220	0.00186	0.00042	0.00177	0.00182	0.00147	0.80625
1	0.00293	0.00213	0.00274	0.00317	0.00334	0.00202	0.00211	0.00332	0.00442	0.00585	0.01295	0.75367	0.07450	0.09741	0.00393	0.00107	0.01433	0.00615	0.00208	0.00187
2	0.00311	0.00223	0.00295	0.02023	0.00373	0.00211	0.00230	0.01210	0.00451	0.00604	0.02130	0.73769	0.01400	0.06131	0.00367	0.03100	0.00152	0.03880	0.00205	0.02935
3	0.00367	0.00270	0.00356	0.00395	0.00455	0.00264	0.00338	0.02203	0.00549	0.00704	0.02355	0.03929	0.17679	0.00629	0.00312	0.00101	0.00196	0.68466	0.00217	0.00216
4	0.00790	0.00955	0.00717	0.00766	0.18843	0.65431	0.00504	0.00894	0.04808	0.00631	0.00404	0.00478	0.00335	0.00244	0.00235	0.00064	0.03311	0.00170	0.00125	0.00296
5	0.00580	0.00556	0.00950	0.01437	0.90310	0.00556	0.00719	0.00719	0.00533	0.00765	0.00440	0.00580	0.00371	0.00209	0.00232	0.00070	0.00278	0.00209	0.00116	0.00371
6	0.00405	0.00204	0.00303	0.00304	0.00305	0.00203	0.00203	0.00311	0.00311	0.00420	0.00429	0.02267	0.00430	0.00801	0.00889	0.89601	0.00200	0.00212	0.02097	0.00106
7	0.00576	0.00553	0.00944	0.03898	0.87878	0.00555	0.00717	0.00715	0.00531	0.00760	0.00440	0.00581	0.00369	0.00209	0.00232	0.00070	0.00279	0.00209	0.00116	0.00368
8	0.00389	0.01625	0.00413	0.00388	0.00441	0.02383	0.00302	0.06132	0.00429	0.00600	0.00615	0.00905	0.00574	0.06189	0.76227	0.00335	0.01451	0.00248	0.00133	0.00221
9	0.00340	0.00256	0.00377	0.00374	0.00412	0.00299	0.00288	0.00417	0.00373	0.00538	0.00627	0.00952	0.00597	0.08071	0.82121	0.00359	0.03012	0.00256	0.00126	0.00206
10	0.00306	0.00212	0.00266	0.00300	0.00308	0.00204	0.00189	0.00331	0.00408	0.00544	0.01084	0.57993	0.01288	0.34714	0.00632	0.00144	0.00170	0.00544	0.00189	0.00172
11	0.00322	0.00237	0.00301	0.00289	0.00345	0.00216	0.00215	0.00422	0.00634	0.00881	0.74060	0.07169	0.13020	0.00508	0.00278	0.00076	0.00113	0.00447	0.00250	0.00216
12	0.02990	0.05280	0.00672	0.00582	0.02624	0.56220	0.00443	0.04121	0.00587	0.00616	0.00395	0.02183	0.00354	0.02836	0.03232	0.00083	0.16208	0.00180	0.00124	0.00270
13	0.00289	0.00206	0.00272	0.00323	0.00337	0.00192	0.00215	0.00330	0.00451	0.00603	0.03895	0.85754	0.01543	0.03971	0.00330	0.00099	0.00138	0.00647	0.00216	0.00189
14	0.01622	0.00210	0.00287	0.00289	0.00302	0.00210	0.00197	0.00358	0.00347	0.00513	0.00504	0.03668	0.00479	0.00697	0.00738	0.70732	0.00182	0.00220	0.18316	0.00129
15	0.00551	0.02311	0.04578	0.00965	0.01205	0.00597	0.84663	0.00749	0.00549	0.00746	0.00469	0.00622	0.00352	0.00198	0.00272	0.00078	0.00390	0.00270	0.00117	0.00317
16	0.00415	0.00241	0.00290	0.00285	0.00333	0.00255	0.00214	0.03359	0.00454	0.00737	0.00682	0.00883	0.00579	0.03714	0.26923	0.09121	0.00279	0.00230	0.50800	0.00208
17	0.00518	0.00510	0.00690	0.02628	0.00632	0.03388	0.01617	0.03446	0.00398	0.00594	0.00353	0.00559	0.00339	0.01424	0.08221	0.00123	0.73983	0.00210	0.00110	0.00257
18	0.00340	0.00229	0.00266	0.00266	0.00270	0.00233	0.00156	0.00348	0.00344	0.00462	0.00728	0.01477	0.00827	0.83575	0.09354	0.00241	0.00263	0.00332	0.00140	0.00148
19	0.00479	0.07172	0.00530	0.01785	0.00519	0.02574	0.00348	0.15292	0.00509	0.00699	0.00561	0.00794	0.00509	0.04962	0.53913	0.00259	0.08472	0.00232	0.00140	0.00251
20	0.00437	0.00265	0.00352	0.00330	0.00402	0.00244	0.00258	0.00543	0.00643	0.13430	0.63548	0.03067	0.02879	0.00480	0.00277	0.00078	0.00137	0.12130	0.00256	0.00244
21	0.04189	0.00225	0.00313	0.00308	0.00320	0.00230	0.00210	0.02487	0.00335	0.00475	0.00420	0.00700	0.00407	0.00758	0.00841	0.83906	0.00200	0.00201	0.03356	0.00119
22	0.00732	0.00516	0.00562	0.00449	0.00579	0.00560	0.00350	0.59018	0.00855	0.04942	0.00630	0.00863	0.00542	0.27736	0.00522	0.00117	0.00246	0.00251	0.00209	0.00321
23	0.00541	0.00631	0.04724	0.02362	0.01126	0.00604	0.70726	0.00719	0.00520	0.00720	0.00446	0.00607	0.00345	0.00229	0.00344	0.00082	0.13558	0.00259	0.00115	0.01340
24	0.00538	0.00430	0.00499	0.00369	0.00563	0.00353	0.00295	0.09942	0.01362	0.03819	0.00492	0.04515	0.00417	0.00221	0.00196	0.01041	0.00182	0.00175	0.00158	0.74434
25	0.46612	0.00712	0.30927	0.01860	0.02125	0.00520	0.04370	0.01563	0.01407	0.03541	0.03133	0.00499	0.00352	0.00230	0.00188	0.00073	0.00249	0.00166	0.00137	0.01336

[dist]
# distance from previous block
# <min> <max>
0	2

[block]
# block no. 10 follows, 129 sequences, length 6
# corresponding to MSA columns:
# 432-437
name=unknown_K
#
# <colnr> <probs for GDERKNQSTAVLIFYWHMCP>
#	G	D	E	R	K	N	Q	S	T	A	V	L	I	F	Y	W	H	M	C	P
0	0.06068	0.00487	0.00721	0.52509	0.16178	0.04324	0.03330	0.03159	0.02759	0.00704	0.00432	0.00588	0.00335	0.00227	0.00224	0.00072	0.00291	0.00199	0.00119	0.07274
1	0.00351	0.00261	0.00295	0.00281	0.00360	0.00232	0.00215	0.03527	0.00599	0.04514	0.29384	0.01993	0.52546	0.00536	0.00275	0.00078	0.00128	0.03969	0.00233	0.00221
2	0.00466	0.05842	0.00597	0.09348	0.00644	0.06418	0.03148	0.03073	0.00435	0.00597	0.00490	0.00706	0.00443	0.00960	0.41044	0.00214	0.22668	0.00220	0.02441	0.00244
3	0.00296	0.00247	0.00284	0.06527	0.00418	0.00223	0.00227	0.00365	0.00525	0.00643	0.06086	0.13025	0.64990	0.00583	0.00279	0.00082	0.00138	0.04647	0.00211	0.00203
4	0.00807	0.00983	0.00701	0.00729	0.15183	0.69969	0.00490	0.00922	0.06854	0.00632	0.00416	0.00479	0.00342	0.00241	0.00216	0.00063	0.00383	0.00168	0.00128	0.00294
5	0.00572	0.00568	0.00975	0.05564	0.04146	0.02677	0.42007	0.13407	0.00596	0.00811	0.00557	0.02632	0.04167	0.00292	0.02056	0.00082	0.10154	0.00255	0.00141	0.08341

[dist]
# distance from previous block
# <min> <max>
2	4

[block]
