[name]
ndhA

[dist]
# distance from previous block
# <min> <max>
4	14

[block]
# block no. 0 follows, 132 sequences, length 9
# corresponding to MSA columns:
# 26-34
name=unknown_A
#
# <colnr> <probs for GDERKNQSTAVLIFYWHMCP>
#	G	D	E	R	K	N	Q	S	T	A	V	L	I	F	Y	W	H	M	C	P
0	0.02052	0.05671	0.63901	0.00715	0.11528	0.02035	0.02901	0.00755	0.02600	0.05108	0.00445	0.00512	0.00323	0.00220	0.00216	0.00071	0.00316	0.00178	0.00113	0.00340
1	0.00334	0.00238	0.00297	0.00282	0.00343	0.00215	0.00211	0.00429	0.00617	0.03615	0.66478	0.04804	0.20292	0.00495	0.00270	0.00074	0.00113	0.00432	0.00244	0.00216
2	0.00531	0.00616	0.03601	0.00941	0.04192	0.00568	0.79127	0.00716	0.00534	0.00727	0.00519	0.00663	0.03314	0.00213	0.00280	0.00078	0.02684	0.00271	0.00118	0.00307
3	0.09891	0.46507	0.05765	0.00413	0.00597	0.04828	0.00388	0.00820	0.06911	0.19128	0.02470	0.00526	0.00416	0.00233	0.00179	0.00060	0.00234	0.00165	0.00155	0.00314
4	0.00281	0.00234	0.00241	0.00244	0.00315	0.00200	0.00183	0.00338	0.00511	0.00612	0.02154	0.02182	0.79292	0.06815	0.00335	0.00089	0.00129	0.05446	0.00208	0.00191
5	0.00778	0.04176	0.00665	0.00575	0.00677	0.71524	0.00442	0.00836	0.00595	0.00561	0.00405	0.00480	0.03021	0.00270	0.00289	0.00066	0.14093	0.00165	0.00118	0.00263
6	0.00837	0.00616	0.00660	0.00510	0.00682	0.00680	0.00417	0.83897	0.01031	0.01381	0.00562	0.00613	0.00419	0.06261	0.00291	0.00079	0.00251	0.00215	0.00224	0.00374
7	0.00334	0.00223	0.00250	0.00250	0.00250	0.00223	0.00139	0.00334	0.00334	0.00445	0.00723	0.01502	0.00835	0.91933	0.01168	0.00223	0.00223	0.00334	0.00139	0.00139
8	0.00737	0.00532	0.00590	0.00473	0.00619	0.00582	0.00383	0.65021	0.00914	0.03555	0.07033	0.06917	0.00626	0.02718	0.08115	0.00101	0.00263	0.00259	0.00220	0.00342

[dist]
# distance from previous block
# <min> <max>
4	6

[block]
# block no. 1 follows, 132 sequences, length 157
# corresponding to MSA columns:
# 43-199
name=unknown_B
#
# <colnr> <probs for GDERKNQSTAVLIFYWHMCP>
#	G	D	E	R	K	N	Q	S	T	A	V	L	I	F	Y	W	H	M	C	P
0	0.00293	0.00212	0.00276	0.02272	0.00352	0.00202	0.00214	0.00339	0.01194	0.00586	0.04343	0.71980	0.04785	0.11331	0.00392	0.00106	0.00146	0.00588	0.00204	0.00185
1	0.00622	0.00675	0.02789	0.01181	0.62050	0.18824	0.08068	0.00756	0.01534	0.00713	0.00424	0.00543	0.00351	0.00212	0.00227	0.00067	0.00311	0.00198	0.00116	0.00339
2	0.06746	0.02611	0.79399	0.00628	0.00945	0.00537	0.02622	0.00732	0.01411	0.01735	0.00416	0.00485	0.00296	0.00219	0.00213	0.00072	0.00325	0.00169	0.00104	0.00333
3	0.00375	0.00264	0.00322	0.00299	0.00368	0.00249	0.00225	0.03117	0.04629	0.05031	0.56449	0.03220	0.18734	0.04408	0.00306	0.00080	0.00128	0.01330	0.00239	0.00228
4	0.00350	0.00261	0.00379	0.00374	0.00420	0.00302	0.00291	0.04124	0.00400	0.00571	0.00625	0.02585	0.00586	0.02299	0.84901	0.00350	0.00588	0.00253	0.00129	0.00212
5	0.75989	0.00571	0.14791	0.00382	0.02212	0.01461	0.00355	0.00686	0.00411	0.00971	0.00337	0.00395	0.00258	0.00214	0.00156	0.00071	0.00208	0.00133	0.00134	0.00265
6	0.00303	0.00254	0.00261	0.00257	0.00336	0.00225	0.00193	0.02972	0.04384	0.00658	0.02155	0.06405	0.79010	0.00568	0.00270	0.00078	0.00125	0.01125	0.00215	0.00207
7	0.00283	0.00230	0.00252	0.00262	0.00325	0.00200	0.00193	0.00349	0.01328	0.00644	0.09435	0.19395	0.62491	0.00598	0.00276	0.00081	0.00122	0.03124	0.00217	0.00196
8	0.11956	0.00236	0.00313	0.01846	0.00342	0.00247	0.00215	0.00989	0.00319	0.00488	0.00390	0.00655	0.00378	0.00712	0.00787	0.79509	0.00199	0.00190	0.00106	0.00123
9	0.00388	0.00259	0.00335	0.00344	0.00411	0.00242	0.00281	0.00484	0.01301	0.07890	0.23205	0.07105	0.19873	0.00557	0.00287	0.00088	0.00161	0.36339	0.00228	0.00223
10	0.00295	0.00208	0.00266	0.00307	0.00321	0.00198	0.00201	0.01087	0.00427	0.00568	0.01179	0.72627	0.03083	0.17547	0.00454	0.00117	0.00150	0.00587	0.00200	0.00180
11	0.02968	0.00253	0.00313	0.00294	0.00363	0.00230	0.00221	0.00480	0.00598	0.10069	0.53781	0.09950	0.17728	0.01386	0.00274	0.00076	0.00124	0.00422	0.00241	0.00228
12	0.00482	0.00410	0.00479	0.00347	0.00544	0.00318	0.00277	0.02885	0.00489	0.00760	0.00432	0.02793	0.00371	0.00189	0.00181	0.00037	0.01129	0.00152	0.00140	0.87586
13	0.00282	0.00239	0.00242	0.00239	0.00318	0.00203	0.00180	0.01417	0.01203	0.00638	0.03846	0.02170	0.87094	0.00574	0.00271	0.00077	0.00118	0.00478	0.00214	0.00198
14	0.00317	0.00220	0.00271	0.00297	0.00310	0.00214	0.00190	0.02603	0.00416	0.00555	0.01730	0.53057	0.01224	0.36772	0.00637	0.00144	0.00171	0.00513	0.00185	0.00173
15	0.00555	0.00464	0.00490	0.00437	0.00563	0.00523	0.00341	0.07418	0.69313	0.02174	0.02339	0.01026	0.12658	0.00347	0.00239	0.00077	0.00177	0.00288	0.00232	0.00341
16	0.00339	0.00262	0.00327	0.00330	0.00394	0.00232	0.00233	0.00418	0.03939	0.00638	0.01034	0.64396	0.01186	0.01642	0.00997	0.00082	0.00149	0.00505	0.00194	0.22703
17	0.00320	0.00234	0.00301	0.00285	0.00340	0.00214	0.00213	0.00423	0.00636	0.00891	0.81918	0.03922	0.08477	0.00483	0.00271	0.00073	0.00109	0.00426	0.00249	0.00214
18	0.00282	0.00201	0.00268	0.00318	0.00333	0.00188	0.00213	0.00324	0.00447	0.00598	0.04794	0.87428	0.01538	0.01501	0.00300	0.00094	0.00133	0.00640	0.00214	0.00187
19	0.86887	0.00436	0.00345	0.00306	0.00448	0.00499	0.00252	0.00688	0.00410	0.05030	0.02795	0.00428	0.00315	0.00223	0.00150	0.00071	0.00176	0.00137	0.00151	0.00254
20	0.00273	0.00233	0.00235	0.00234	0.00311	0.00194	0.00176	0.00332	0.00527	0.00629	0.04857	0.02195	0.87871	0.00578	0.00271	0.00077	0.00116	0.00482	0.00214	0.00194
21	0.00565	0.00477	0.00506	0.00456	0.00583	0.00546	0.00355	0.01170	0.83192	0.02753	0.02679	0.00926	0.03245	0.00325	0.00236	0.00078	0.00179	0.01141	0.00234	0.00355
22	0.00300	0.00255	0.00262	0.00261	0.00339	0.00228	0.00196	0.00411	0.08420	0.00654	0.03342	0.05819	0.76155	0.00563	0.00270	0.00079	0.00124	0.01897	0.00215	0.00209
23	0.89238	0.01549	0.00354	0.00306	0.00450	0.00516	0.00253	0.01533	0.00404	0.02652	0.00335	0.00385	0.00259	0.00215	0.00145	0.00071	0.00179	0.00128	0.00775	0.00253
24	0.00315	0.00233	0.00293	0.00280	0.00337	0.00212	0.00209	0.00413	0.00624	0.00862	0.73528	0.03991	0.16863	0.00494	0.00271	0.00074	0.00110	0.00432	0.00245	0.00212
25	0.00280	0.00200	0.00266	0.00320	0.00333	0.00186	0.00213	0.00320	0.00439	0.00586	0.01265	0.91783	0.01518	0.00719	0.00293	0.00093	0.00133	0.00653	0.00213	0.00186
26	0.00355	0.00241	0.00317	0.00294	0.00353	0.00222	0.00222	0.00463	0.00650	0.04778	0.86534	0.01675	0.02097	0.00461	0.00269	0.00072	0.00112	0.00407	0.00254	0.00224
27	0.00271	0.00233	0.00233	0.00233	0.00310	0.00194	0.00174	0.00329	0.00523	0.00620	0.02325	0.02209	0.90408	0.00581	0.00271	0.00078	0.00116	0.00484	0.00213	0.00194
28	0.00325	0.00235	0.00307	0.00289	0.00343	0.00217	0.00217	0.00433	0.00650	0.00921	0.90380	0.01715	0.02166	0.00469	0.00271	0.00072	0.00108	0.00415	0.00253	0.00217
29	0.00399	0.00199	0.00299	0.00299	0.00299	0.00199	0.00199	0.00299	0.00299	0.00399	0.00399	0.00698	0.00399	0.00797	0.00897	0.93321	0.00199	0.00199	0.00100	0.00100
30	0.00280	0.00200	0.00266	0.00320	0.00333	0.00186	0.00213	0.00320	0.00439	0.00586	0.01265	0.91783	0.01518	0.00719	0.00293	0.00093	0.00133	0.00653	0.00213	0.00186
31	0.00460	0.01187	0.90743	0.00654	0.00994	0.00533	0.00848	0.00727	0.00485	0.00727	0.00412	0.00485	0.00291	0.00218	0.00218	0.00073	0.00339	0.00170	0.00097	0.00339
32	0.00433	0.00408	0.00688	0.91381	0.01581	0.00510	0.00637	0.00586	0.00459	0.00586	0.00408	0.00612	0.00306	0.00229	0.00229	0.00076	0.00306	0.00204	0.00102	0.00255
33	0.00464	0.01167	0.87871	0.00675	0.03118	0.00534	0.01583	0.00726	0.00486	0.00728	0.00413	0.00488	0.00293	0.00218	0.00219	0.00073	0.00338	0.00171	0.00097	0.00340
34	0.00273	0.00233	0.00235	0.00234	0.00311	0.00194	0.00176	0.00332	0.00527	0.00629	0.04814	0.02195	0.87914	0.00578	0.00271	0.00077	0.00116	0.00482	0.00214	0.00194
35	0.00879	0.00633	0.00683	0.00523	0.00707	0.00697	0.00432	0.86238	0.01063	0.04968	0.00565	0.00560	0.00397	0.00276	0.00230	0.00069	0.00250	0.00208	0.00232	0.00390
36	0.01030	0.00391	0.00533	0.00408	0.00586	0.00337	0.00337	0.01119	0.00657	0.90660	0.00906	0.00781	0.00568	0.00284	0.00231	0.00071	0.00195	0.00231	0.00284	0.00391
37	0.90231	0.00440	0.00343	0.01158	0.00456	0.00509	0.00253	0.00678	0.00398	0.02416	0.01308	0.00396	0.00275	0.00217	0.00146	0.00071	0.00178	0.00130	0.00145	0.00251
38	0.00274	0.00229	0.00239	0.00244	0.00314	0.00194	0.00180	0.00332	0.00519	0.00628	0.05639	0.11469	0.77768	0.00591	0.00274	0.00079	0.00118	0.00499	0.00215	0.00194
39	0.00542	0.00619	0.01354	0.00967	0.01200	0.00580	0.89667	0.00735	0.00542	0.00735	0.00464	0.00619	0.00348	0.00193	0.00271	0.00077	0.00387	0.00271	0.00116	0.00310
40	0.00542	0.00619	0.01354	0.00967	0.01200	0.00580	0.89667	0.00735	0.00542	0.00735	0.00464	0.00619	0.00348	0.00193	0.00271	0.00077	0.00387	0.00271	0.00116	0.00310
41	0.00433	0.00408	0.00688	0.91381	0.01581	0.00510	0.00637	0.00586	0.00459	0.00586	0.00408	0.00612	0.00306	0.00229	0.00229	0.00076	0.00306	0.00204	0.00102	0.00255
42	0.00277	0.00238	0.00238	0.00237	0.00316	0.00201	0.00178	0.00347	0.02240	0.00627	0.02299	0.02183	0.88688	0.00576	0.00271	0.00078	0.00118	0.00480	0.00214	0.00197
43	0.93554	0.00444	0.00337	0.00302	0.00444	0.00515	0.00249	0.00675	0.00391	0.01030	0.00320	0.00373	0.00249	0.00213	0.00142	0.00071	0.00178	0.00124	0.00142	0.00249
44	0.00476	0.00408	0.00476	0.00340	0.00544	0.00306	0.00272	0.00578	0.00476	0.00748	0.00408	0.00476	0.00340	0.00170	0.00170	0.00034	0.00170	0.00136	0.00136	0.93336
45	0.00460	0.01187	0.90743	0.00654	0.00994	0.00533	0.00848	0.00727	0.00485	0.00727	0.00412	0.00485	0.00291	0.00218	0.00218	0.00073	0.00339	0.00170	0.00097	0.00339
46	0.00330	0.00249	0.00372	0.00371	0.00412	0.00291	0.00289	0.00411	0.00369	0.00533	0.00612	0.00898	0.00571	0.01708	0.90086	0.00366	0.01558	0.00245	0.00123	0.00205
47	0.01028	0.00394	0.00535	0.00410	0.00588	0.00343	0.00339	0.02429	0.00663	0.89341	0.00900	0.00778	0.00566	0.00284	0.00231	0.00071	0.00196	0.00230	0.00283	0.00391
48	0.82793	0.00467	0.00378	0.00328	0.00475	0.00538	0.00270	0.11016	0.00471	0.01078	0.00347	0.00394	0.00265	0.00220	0.00152	0.00071	0.00186	0.00134	0.00152	0.00265
49	0.00482	0.00409	0.00477	0.00342	0.00545	0.00310	0.00274	0.00591	0.01726	0.01464	0.00419	0.00484	0.00347	0.00173	0.00171	0.00035	0.00170	0.00138	0.00139	0.91303
50	0.00293	0.00203	0.00268	0.00312	0.00324	0.00192	0.00206	0.00322	0.00422	0.00562	0.01160	0.75749	0.01382	0.10920	0.00422	0.04869	0.00148	0.01869	0.00199	0.00177
51	0.93554	0.00444	0.00337	0.00302	0.00444	0.00515	0.00249	0.00675	0.00391	0.01030	0.00320	0.00373	0.00249	0.00213	0.00142	0.00071	0.00178	0.00124	0.00142	0.00249
52	0.00298	0.00234	0.00270	0.00262	0.00328	0.00205	0.00197	0.00380	0.00582	0.00762	0.43681	0.02791	0.46895	0.00531	0.00272	0.00076	0.00114	0.01686	0.00232	0.00205
53	0.00280	0.00200	0.00266	0.00319	0.00332	0.00187	0.00212	0.00320	0.00438	0.00585	0.01260	0.90848	0.01511	0.01663	0.00302	0.00095	0.00134	0.00649	0.00212	0.00186
54	0.00542	0.00619	0.01354	0.00967	0.01200	0.00580	0.89667	0.00735	0.00542	0.00735	0.00464	0.00619	0.00348	0.00193	0.00271	0.00077	0.00387	0.00271	0.00116	0.00310
55	0.01020	0.00397	0.00536	0.00412	0.00589	0.00349	0.00340	0.03031	0.01861	0.87537	0.00898	0.00777	0.00566	0.00284	0.00231	0.00071	0.00196	0.00231	0.00282	0.00390
56	0.00279	0.00200	0.00266	0.00318	0.00332	0.00187	0.00212	0.00320	0.00441	0.00587	0.01288	0.89881	0.03406	0.00716	0.00293	0.00093	0.00133	0.00649	0.00213	0.00187
57	0.01024	0.00392	0.00533	0.00409	0.00586	0.00340	0.00338	0.01120	0.01772	0.89542	0.00906	0.00782	0.00570	0.00284	0.00231	0.00071	0.00195	0.00231	0.00283	0.00390
58	0.00614	0.92071	0.01203	0.00393	0.00589	0.00908	0.00393	0.00687	0.00466	0.00540	0.00319	0.00368	0.00295	0.00196	0.00147	0.00049	0.00245	0.00123	0.00098	0.00295
59	0.93554	0.00444	0.00337	0.00302	0.00444	0.00515	0.00249	0.00675	0.00391	0.01030	0.00320	0.00373	0.00249	0.00213	0.00142	0.00071	0.00178	0.00124	0.00142	0.00249
60	0.00591	0.00477	0.00510	0.00454	0.00584	0.00541	0.00354	0.03438	0.77669	0.06253	0.02639	0.00908	0.03908	0.00321	0.00235	0.00077	0.00181	0.00267	0.00236	0.00357
61	0.00568	0.00545	0.00932	0.01409	0.90501	0.00545	0.00704	0.00704	0.00523	0.00750	0.00432	0.00568	0.00364	0.00205	0.00227	0.00068	0.00273	0.00205	0.00114	0.00364
62	0.00280	0.00200	0.00266	0.00320	0.00333	0.00186	0.00213	0.00320	0.00439	0.00586	0.01265	0.91783	0.01518	0.00719	0.00293	0.00093	0.00133	0.00653	0.00213	0.00186
63	0.00279	0.00204	0.00262	0.00309	0.00330	0.00187	0.00208	0.00321	0.00450	0.00590	0.01392	0.81040	0.12179	0.00703	0.00290	0.00091	0.00131	0.00632	0.00213	0.00187
64	0.00331	0.00221	0.00251	0.00254	0.00254	0.00221	0.00143	0.00333	0.00339	0.00452	0.00750	0.06003	0.00869	0.87386	0.01125	0.00216	0.00218	0.00350	0.00143	0.00141
65	0.00568	0.00545	0.00932	0.01409	0.90501	0.00545	0.00704	0.00704	0.00523	0.00750	0.00432	0.00568	0.00364	0.00205	0.00227	0.00068	0.00273	0.00205	0.00114	0.00364
66	0.00460	0.01187	0.90743	0.00654	0.00994	0.00533	0.00848	0.00727	0.00485	0.00727	0.00412	0.00485	0.00291	0.00218	0.00218	0.00073	0.00339	0.00170	0.00097	0.00339
67	0.00851	0.02526	0.00659	0.00586	0.00707	0.87694	0.00442	0.01988	0.01442	0.00576	0.00362	0.00419	0.00300	0.00237	0.00207	0.00059	0.00407	0.00149	0.00120	0.00269
68	0.00279	0.00203	0.00263	0.00311	0.00331	0.00187	0.00209	0.00321	0.00448	0.00589	0.01369	0.82980	0.10254	0.00706	0.00291	0.00092	0.00132	0.00636	0.00213	0.00187
69	0.00306	0.00215	0.00271	0.02836	0.00334	0.00210	0.00194	0.00333	0.00398	0.00529	0.01038	0.51038	0.02650	0.37823	0.00647	0.00145	0.00174	0.00508	0.00180	0.00169
70	0.00476	0.00408	0.00476	0.00340	0.00544	0.00306	0.00272	0.00578	0.00476	0.00748	0.00408	0.00476	0.00340	0.00170	0.00170	0.00034	0.00170	0.00136	0.00136	0.93336
71	0.00879	0.00633	0.00683	0.00524	0.00707	0.00698	0.00433	0.86367	0.01063	0.04838	0.00565	0.00560	0.00397	0.00276	0.00230	0.00069	0.00250	0.00208	0.00232	0.00390
72	0.00435	0.00410	0.00692	0.90127	0.02820	0.00510	0.00638	0.00588	0.00460	0.00589	0.00408	0.00611	0.00307	0.00229	0.00229	0.00076	0.00306	0.00204	0.00102	0.00257
73	0.93554	0.00444	0.00337	0.00302	0.00444	0.00515	0.00249	0.00675	0.00391	0.01030	0.00320	0.00373	0.00249	0.00213	0.00142	0.00071	0.00178	0.00124	0.00142	0.00249
74	0.00679	0.62574	0.04205	0.00459	0.00638	0.26930	0.00424	0.00755	0.00520	0.00553	0.00333	0.00386	0.00295	0.00209	0.00167	0.00053	0.00297	0.00132	0.00104	0.00288
75	0.04169	0.00474	0.00490	0.00439	0.00566	0.01411	0.00342	0.04901	0.71896	0.00948	0.02684	0.00962	0.09052	0.00333	0.00234	0.00077	0.00179	0.00275	0.00227	0.00341
76	0.00471	0.00424	0.00648	0.69871	0.01338	0.01483	0.00567	0.07957	0.00510	0.00670	0.00458	0.03923	0.00368	0.00269	0.01210	0.00077	0.02299	0.00217	0.02091	0.05148
77	0.00283	0.00201	0.00266	0.00316	0.00329	0.00188	0.00210	0.00321	0.00437	0.00583	0.02170	0.86717	0.01494	0.04886	0.00333	0.00099	0.00137	0.00636	0.00210	0.00185
78	0.00334	0.00223	0.00250	0.00250	0.00250	0.00223	0.00139	0.00334	0.00334	0.00445	0.00723	0.01502	0.00835	0.91933	0.01168	0.00223	0.00223	0.00334	0.00139	0.00139
79	0.00852	0.00635	0.00674	0.00520	0.00700	0.01742	0.00428	0.85100	0.02326	0.01408	0.00601	0.00597	0.02757	0.00284	0.00231	0.00069	0.00250	0.00214	0.00228	0.00383
80	0.00273	0.00232	0.00236	0.00238	0.00313	0.00194	0.00178	0.00331	0.00521	0.00623	0.03194	0.05534	0.85446	0.00586	0.00272	0.00078	0.00118	0.01226	0.00214	0.00194
81	0.93554	0.00444	0.00337	0.00302	0.00444	0.00515	0.00249	0.00675	0.00391	0.01030	0.00320	0.00373	0.00249	0.00213	0.00142	0.00071	0.00178	0.00124	0.00142	0.00249
82	0.00476	0.00408	0.00476	0.00340	0.00544	0.00306	0.00272	0.00578	0.00476	0.00748	0.00408	0.00476	0.00340	0.00170	0.00170	0.00034	0.00170	0.00136	0.00136	0.93336
83	0.00874	0.00629	0.00680	0.00521	0.00704	0.00691	0.00430	0.84869	0.01054	0.05085	0.00564	0.00559	0.00397	0.00274	0.00229	0.00068	0.00249	0.00207	0.00231	0.01686
84	0.00277	0.00235	0.00240	0.00241	0.00317	0.00200	0.00181	0.00344	0.01770	0.00628	0.03438	0.05080	0.84231	0.00581	0.00272	0.00078	0.00119	0.01357	0.00214	0.00196
85	0.01007	0.00393	0.00530	0.00408	0.00583	0.00343	0.00337	0.03230	0.00667	0.86144	0.03262	0.00800	0.00606	0.00289	0.00232	0.00071	0.00194	0.00235	0.00282	0.00386
86	0.00331	0.00236	0.00309	0.00290	0.00345	0.00218	0.00218	0.00439	0.00650	0.01678	0.89625	0.01707	0.02152	0.00468	0.00270	0.00072	0.00109	0.00414	0.00253	0.00218
87	0.00272	0.00233	0.00233	0.00233	0.00310	0.00194	0.00175	0.00330	0.00524	0.00623	0.03148	0.02205	0.89584	0.00580	0.00271	0.00077	0.00116	0.00484	0.00214	0.00194
88	0.00881	0.00622	0.00675	0.00517	0.00701	0.00680	0.00427	0.82192	0.01042	0.08247	0.00577	0.00568	0.00404	0.00275	0.00229	0.00069	0.00248	0.00208	0.00233	0.01206
89	0.00335	0.00283	0.00290	0.00279	0.00367	0.00267	0.00212	0.00506	0.17593	0.01387	0.02917	0.01935	0.71745	0.00526	0.00264	0.00077	0.00129	0.00439	0.00218	0.00228
90	0.00281	0.00201	0.00266	0.00317	0.00331	0.00187	0.00211	0.00320	0.00437	0.00583	0.01259	0.88723	0.02185	0.03113	0.00316	0.00096	0.00135	0.00643	0.00211	0.00185
91	0.00284	0.00205	0.00270	0.00313	0.00333	0.00190	0.00212	0.00332	0.00466	0.00624	0.11110	0.78704	0.04732	0.00687	0.00290	0.00090	0.00130	0.00620	0.00217	0.00190
92	0.01843	0.00648	0.00683	0.00527	0.00708	0.02349	0.00434	0.86592	0.01664	0.01423	0.00548	0.00549	0.00389	0.00274	0.00228	0.00069	0.00254	0.00205	0.00227	0.00386
93	0.00328	0.00244	0.00360	0.00360	0.00398	0.00282	0.00276	0.00404	0.00366	0.00527	0.00623	0.00945	0.00593	0.08257	0.84513	0.00358	0.00586	0.00252	0.00124	0.00200
94	0.00790	0.00571	0.00623	0.00494	0.00653	0.00625	0.00401	0.74266	0.00974	0.03747	0.00665	0.13883	0.00560	0.00341	0.00239	0.00073	0.00234	0.00272	0.00229	0.00361
95	0.00330	0.00236	0.00306	0.00288	0.00344	0.00217	0.00216	0.00436	0.00644	0.01868	0.85684	0.01726	0.05895	0.00472	0.00270	0.00072	0.00110	0.00416	0.00251	0.00217
96	0.00279	0.00232	0.00243	0.00241	0.00315	0.00197	0.00181	0.00343	0.00539	0.00660	0.14066	0.03627	0.77151	0.00569	0.00272	0.00077	0.00115	0.00478	0.00218	0.00197
97	0.00476	0.00408	0.00476	0.00340	0.00544	0.00306	0.00272	0.00578	0.00476	0.00748	0.00408	0.00476	0.00340	0.00170	0.00170	0.00034	0.00170	0.00136	0.00136	0.93336
98	0.00334	0.00223	0.00250	0.00250	0.00250	0.00223	0.00139	0.00334	0.00334	0.00445	0.00723	0.01502	0.00835	0.91933	0.01168	0.00223	0.00223	0.00334	0.00139	0.00139
99	0.33437	0.11585	0.00616	0.00425	0.00593	0.00650	0.00359	0.44137	0.00742	0.03018	0.00452	0.00477	0.00336	0.00254	0.00790	0.00069	0.00225	0.00168	0.01342	0.00326
100	0.00437	0.00352	0.00431	0.00405	0.00471	0.05683	0.00317	0.13189	0.00487	0.00665	0.00590	0.00823	0.00531	0.01428	0.72724	0.00308	0.00551	0.00235	0.00138	0.00235
101	0.01495	0.04244	0.00720	0.27522	0.00911	0.10136	0.01945	0.00610	0.00423	0.00571	0.00342	0.00521	0.00302	0.00320	0.00502	0.00086	0.48797	0.00193	0.00103	0.00256
102	0.00286	0.00203	0.00264	0.00311	0.00323	0.00191	0.00204	0.00321	0.00427	0.00569	0.01199	0.80724	0.01434	0.11892	0.00400	0.00109	0.00144	0.00614	0.00204	0.00181
103	0.00323	0.00235	0.00304	0.00286	0.00342	0.00216	0.00215	0.00429	0.00644	0.00908	0.86567	0.01736	0.05987	0.00474	0.00271	0.00072	0.00109	0.00418	0.00251	0.00216
104	0.00280	0.00200	0.00266	0.00320	0.00333	0.00186	0.00213	0.00320	0.00439	0.00586	0.01265	0.91783	0.01518	0.00719	0.00293	0.00093	0.00133	0.00653	0.00213	0.00186
105	0.00952	0.00445	0.00559	0.00433	0.00606	0.00425	0.00356	0.20855	0.04139	0.64174	0.04016	0.00766	0.00591	0.00290	0.00232	0.00071	0.00204	0.00233	0.00269	0.00383
106	0.00617	0.91017	0.01196	0.00395	0.00591	0.01952	0.00393	0.00690	0.00469	0.00540	0.00320	0.00369	0.00295	0.00197	0.00148	0.00049	0.00247	0.00123	0.00098	0.00294
107	0.00281	0.00200	0.00266	0.00318	0.00331	0.00187	0.00211	0.00320	0.00437	0.00583	0.01253	0.89804	0.01503	0.02719	0.00312	0.00096	0.00135	0.00646	0.00211	0.00185
108	0.00825	0.01921	0.00673	0.00633	0.05757	0.81270	0.01046	0.00902	0.02445	0.00583	0.00371	0.00434	0.00308	0.00236	0.00212	0.00060	0.01001	0.00154	0.00120	0.01049
109	0.00274	0.00233	0.00236	0.00236	0.00313	0.00195	0.00178	0.00333	0.00525	0.00624	0.03173	0.02211	0.87956	0.00581	0.00272	0.00078	0.00118	0.02056	0.00214	0.00194
110	0.93554	0.00444	0.00337	0.00302	0.00444	0.00515	0.00249	0.00675	0.00391	0.01030	0.00320	0.00373	0.00249	0.00213	0.00142	0.00071	0.00178	0.00124	0.00142	0.00249
111	0.00308	0.00233	0.00284	0.00273	0.00333	0.00209	0.00204	0.00400	0.00608	0.00825	0.62586	0.03906	0.27976	0.00508	0.00271	0.00074	0.00111	0.00441	0.00240	0.00209
112	0.00334	0.00223	0.00250	0.00250	0.00250	0.00223	0.00139	0.00334	0.00334	0.00445	0.00723	0.01502	0.00835	0.91933	0.01168	0.00223	0.00223	0.00334	0.00139	0.00139
113	0.00280	0.00200	0.00266	0.00320	0.00333	0.00186	0.00213	0.00320	0.00439	0.00586	0.01265	0.91783	0.01518	0.00719	0.00293	0.00093	0.00133	0.00653	0.00213	0.00186
114	0.00399	0.00199	0.00299	0.00299	0.00299	0.00199	0.00199	0.00299	0.00299	0.00399	0.00399	0.00698	0.00399	0.00797	0.00897	0.93321	0.00199	0.00199	0.00100	0.00100
115	0.00271	0.00233	0.00233	0.00233	0.00310	0.00194	0.00174	0.00329	0.00523	0.00620	0.02325	0.02209	0.90408	0.00581	0.00271	0.00078	0.00116	0.00484	0.00213	0.00194
116	0.02145	0.00394	0.00532	0.00408	0.00586	0.00344	0.00337	0.02062	0.00658	0.88623	0.00895	0.00774	0.00562	0.00283	0.00230	0.00071	0.00196	0.00229	0.00282	0.00389
117	0.00291	0.00236	0.00253	0.00248	0.00318	0.00205	0.00184	0.01141	0.00547	0.00684	0.21251	0.02056	0.66539	0.04655	0.00311	0.00083	0.00121	0.00460	0.00219	0.00198
118	0.00876	0.00638	0.00686	0.00526	0.00709	0.00704	0.00434	0.87823	0.01070	0.03372	0.00559	0.00556	0.00394	0.00276	0.00230	0.00069	0.00251	0.00207	0.00231	0.00390
119	0.00873	0.00643	0.00689	0.00528	0.00712	0.00712	0.00436	0.89735	0.01079	0.01447	0.00551	0.00551	0.00390	0.00276	0.00230	0.00069	0.00253	0.00207	0.00230	0.00390
120	0.00280	0.00239	0.00241	0.00239	0.00318	0.00203	0.00180	0.00353	0.02707	0.00635	0.04190	0.02166	0.86320	0.00572	0.00270	0.00077	0.00118	0.00477	0.00215	0.00198
121	0.00960	0.00392	0.00522	0.00406	0.00573	0.00350	0.00333	0.05103	0.02348	0.78040	0.07749	0.00844	0.00685	0.00298	0.00234	0.00071	0.00191	0.00244	0.00278	0.00377
122	0.00476	0.00408	0.00476	0.00340	0.00544	0.00306	0.00272	0.00578	0.00476	0.00748	0.00408	0.00476	0.00340	0.00170	0.00170	0.00034	0.00170	0.00136	0.00136	0.93336
123	0.00276	0.00231	0.00241	0.00241	0.00314	0.00196	0.00180	0.00338	0.00531	0.00645	0.10160	0.06123	0.78581	0.00577	0.00272	0.00078	0.00116	0.00486	0.00217	0.00196
124	0.92475	0.00443	0.00340	0.00303	0.00446	0.00513	0.00250	0.00680	0.00394	0.02075	0.00326	0.00378	0.00252	0.00214	0.00143	0.00071	0.00178	0.00126	0.00144	0.00250
125	0.00280	0.00200	0.00266	0.00320	0.00333	0.00186	0.00213	0.00320	0.00439	0.00586	0.01265	0.91783	0.01518	0.00719	0.00293	0.00093	0.00133	0.00653	0.00213	0.00186
126	0.00280	0.00200	0.00266	0.00320	0.00333	0.00186	0.00213	0.00320	0.00439	0.00586	0.01265	0.91783	0.01518	0.00719	0.00293	0.00093	0.00133	0.00653	0.00213	0.00186
127	0.00365	0.00263	0.00363	0.00413	0.00467	0.00261	0.00360	0.00468	0.00528	0.00684	0.01273	0.02570	0.05909	0.00631	0.00315	0.00104	0.00206	0.84400	0.00211	0.00210
128	0.00873	0.00643	0.00689	0.00528	0.00712	0.00712	0.00436	0.89735	0.01079	0.01447	0.00551	0.00551	0.00390	0.00276	0.00230	0.00069	0.00253	0.00207	0.00230	0.00390
129	0.93554	0.00444	0.00337	0.00302	0.00444	0.00515	0.00249	0.00675	0.00391	0.01030	0.00320	0.00373	0.00249	0.00213	0.00142	0.00071	0.00178	0.00124	0.00142	0.00249
130	0.00328	0.00246	0.00369	0.00369	0.00410	0.00287	0.00287	0.00410	0.00369	0.00533	0.00615	0.00902	0.00574	0.01722	0.91023	0.00369	0.00615	0.00246	0.00123	0.00205
131	0.91132	0.00444	0.00344	0.00306	0.00449	0.00513	0.00252	0.01355	0.00401	0.02703	0.00332	0.00382	0.00256	0.00215	0.00144	0.00071	0.00178	0.00127	0.00145	0.00252
132	0.00873	0.00643	0.00689	0.00528	0.00712	0.00712	0.00436	0.89735	0.01079	0.01447	0.00551	0.00551	0.00390	0.00276	0.00230	0.00069	0.00253	0.00207	0.00230	0.00390
133	0.00857	0.01094	0.00651	0.00591	0.00710	0.91011	0.00444	0.00917	0.00651	0.00562	0.00355	0.00414	0.00296	0.00237	0.00207	0.00059	0.00414	0.00148	0.00118	0.00266
134	0.00857	0.01094	0.00651	0.00591	0.00710	0.91011	0.00444	0.00917	0.00651	0.00562	0.00355	0.00414	0.00296	0.00237	0.00207	0.00059	0.00414	0.00148	0.00118	0.00266
135	0.00568	0.00545	0.00932	0.01409	0.90501	0.00545	0.00704	0.00704	0.00523	0.00750	0.00432	0.00568	0.00364	0.00205	0.00227	0.00068	0.00273	0.00205	0.00114	0.00364
136	0.00328	0.00246	0.00369	0.00369	0.00410	0.00287	0.00287	0.00410	0.00369	0.00533	0.00615	0.00902	0.00574	0.01722	0.91023	0.00369	0.00615	0.00246	0.00123	0.00205
137	0.00873	0.00643	0.00689	0.00528	0.00712	0.00712	0.00436	0.89735	0.01079	0.01447	0.00551	0.00551	0.00390	0.00276	0.00230	0.00069	0.00253	0.00207	0.00230	0.00390
138	0.00334	0.00223	0.00250	0.00250	0.00250	0.00223	0.00139	0.00334	0.00334	0.00445	0.00723	0.01502	0.00835	0.91933	0.01168	0.00223	0.00223	0.00334	0.00139	0.00139
139	0.00281	0.00201	0.00267	0.00319	0.00333	0.00187	0.00213	0.00323	0.00445	0.00595	0.03688	0.89334	0.01536	0.00712	0.00292	0.00093	0.00133	0.00646	0.00214	0.00187
140	0.93554	0.00444	0.00337	0.00302	0.00444	0.00515	0.00249	0.00675	0.00391	0.01030	0.00320	0.00373	0.00249	0.00213	0.00142	0.00071	0.00178	0.00124	0.00142	0.00249
141	0.93554	0.00444	0.00337	0.00302	0.00444	0.00515	0.00249	0.00675	0.00391	0.01030	0.00320	0.00373	0.00249	0.00213	0.00142	0.00071	0.00178	0.00124	0.00142	0.00249
142	0.00280	0.00200	0.00266	0.00320	0.00333	0.00186	0.00213	0.00320	0.00439	0.00586	0.01265	0.91783	0.01518	0.00719	0.00293	0.00093	0.00133	0.00653	0.00213	0.00186
143	0.00433	0.00408	0.00688	0.91381	0.01581	0.00510	0.00637	0.00586	0.00459	0.00586	0.00408	0.00612	0.00306	0.00229	0.00229	0.00076	0.00306	0.00204	0.00102	0.00255
144	0.01030	0.00391	0.00533	0.00408	0.00586	0.00337	0.00337	0.01119	0.00657	0.90660	0.00906	0.00781	0.00568	0.00284	0.00231	0.00071	0.00195	0.00231	0.00284	0.00391
145	0.00998	0.00392	0.00528	0.00409	0.00582	0.00345	0.00336	0.01110	0.04335	0.85283	0.02590	0.00802	0.00604	0.00289	0.00232	0.00071	0.00193	0.00235	0.00281	0.00386
146	0.01030	0.00391	0.00533	0.00408	0.00586	0.00337	0.00337	0.01119	0.00657	0.90660	0.00906	0.00781	0.00568	0.00284	0.00231	0.00071	0.00195	0.00231	0.00284	0.00391
147	0.00542	0.00619	0.01354	0.00967	0.01200	0.00580	0.89667	0.00735	0.00542	0.00735	0.00464	0.00619	0.00348	0.00193	0.00271	0.00077	0.00387	0.00271	0.00116	0.00310
148	0.00873	0.00643	0.00689	0.00528	0.00712	0.00712	0.00436	0.89735	0.01079	0.01447	0.00551	0.00551	0.00390	0.00276	0.00230	0.00069	0.00253	0.00207	0.00230	0.00390
149	0.00271	0.00232	0.00233	0.00234	0.00310	0.00194	0.00175	0.00329	0.00522	0.00619	0.02306	0.03878	0.88752	0.00584	0.00272	0.00078	0.00117	0.00488	0.00213	0.00194
150	0.00872	0.00648	0.00688	0.00529	0.00712	0.01678	0.00436	0.88785	0.01075	0.01437	0.00549	0.00550	0.00389	0.00275	0.00229	0.00069	0.00254	0.00206	0.00228	0.00389
151	0.00328	0.00246	0.00369	0.00369	0.00410	0.00287	0.00287	0.00410	0.00369	0.00533	0.00615	0.00902	0.00574	0.01722	0.91023	0.00369	0.00615	0.00246	0.00123	0.00205
152	0.00460	0.01187	0.90743	0.00654	0.00994	0.00533	0.00848	0.00727	0.00485	0.00727	0.00412	0.00485	0.00291	0.00218	0.00218	0.00073	0.00339	0.00170	0.00097	0.00339
153	0.00271	0.00233	0.00233	0.00233	0.00310	0.00194	0.00174	0.00329	0.00523	0.00620	0.02325	0.02209	0.90408	0.00581	0.00271	0.00078	0.00116	0.00484	0.00213	0.00194
154	0.00476	0.00408	0.00476	0.00340	0.00544	0.00306	0.00272	0.00578	0.00476	0.00748	0.00408	0.00476	0.00340	0.00170	0.00170	0.00034	0.00170	0.00136	0.00136	0.93336
155	0.00280	0.00200	0.00266	0.00320	0.00333	0.00186	0.00213	0.00320	0.00439	0.00586	0.01265	0.91783	0.01518	0.00719	0.00293	0.00093	0.00133	0.00653	0.00213	0.00186
156	0.00571	0.00493	0.00519	0.00467	0.00597	0.00571	0.00363	0.01220	0.90086	0.00960	0.00934	0.00856	0.00701	0.00311	0.00234	0.00078	0.00182	0.00260	0.00234	0.00363

[dist]
# distance from previous block
# <min> <max>
0	1

[block]
# block no. 2 follows, 132 sequences, length 7
# corresponding to MSA columns:
# 201-207
name=unknown_C
#
# <colnr> <probs for GDERKNQSTAVLIFYWHMCP>
#	G	D	E	R	K	N	Q	S	T	A	V	L	I	F	Y	W	H	M	C	P
0	0.00279	0.00202	0.00264	0.00313	0.00331	0.00187	0.00210	0.00320	0.00446	0.00589	0.01345	0.85026	0.08224	0.00709	0.00291	0.00092	0.00132	0.00640	0.00213	0.00187
1	0.00428	0.00214	0.00214	0.00214	0.00267	0.00214	0.00160	0.00535	0.00481	0.00856	0.00749	0.00856	0.00588	0.00267	0.00160	0.00053	0.00107	0.00214	0.93207	0.00214
2	0.00321	0.00234	0.00301	0.00285	0.00340	0.00215	0.00213	0.00425	0.00640	0.00898	0.83737	0.01752	0.08823	0.00478	0.00271	0.00073	0.00109	0.00420	0.00250	0.00215
3	0.00279	0.00204	0.00262	0.00309	0.00330	0.00187	0.00208	0.00321	0.00450	0.00590	0.01395	0.80794	0.12424	0.00702	0.00290	0.00091	0.00131	0.00632	0.00213	0.00187
4	0.00880	0.00683	0.00675	0.00529	0.00704	0.11768	0.00431	0.73507	0.01001	0.06705	0.00548	0.00548	0.00389	0.00271	0.00227	0.00068	0.00269	0.00201	0.00219	0.00375
5	0.00271	0.00233	0.00233	0.00233	0.00310	0.00194	0.00174	0.00329	0.00523	0.00620	0.02325	0.02209	0.90408	0.00581	0.00271	0.00078	0.00116	0.00484	0.00213	0.00194
6	0.00861	0.00602	0.00653	0.00503	0.00680	0.00659	0.00415	0.78677	0.01018	0.07898	0.00587	0.00584	0.00414	0.00276	0.00226	0.00068	0.00241	0.00209	0.05049	0.00381

[dist]
# distance from previous block
# <min> <max>
0	5

[block]
# block no. 3 follows, 132 sequences, length 96
# corresponding to MSA columns:
# 214-309
name=unknown_D
#
# <colnr> <probs for GDERKNQSTAVLIFYWHMCP>
#	G	D	E	R	K	N	Q	S	T	A	V	L	I	F	Y	W	H	M	C	P
0	0.00284	0.00203	0.00270	0.00316	0.00333	0.00189	0.00213	0.00330	0.00457	0.00614	0.09059	0.83026	0.01568	0.01581	0.00300	0.00093	0.00132	0.00629	0.00216	0.00189
1	0.00873	0.00643	0.00689	0.00528	0.00712	0.00712	0.00436	0.89735	0.01079	0.01447	0.00551	0.00551	0.00390	0.00276	0.00230	0.00069	0.00253	0.00207	0.00230	0.00390
2	0.00857	0.01094	0.00651	0.00591	0.00710	0.91011	0.00444	0.00917	0.00651	0.00562	0.00355	0.00414	0.00296	0.00237	0.00207	0.00059	0.00414	0.00148	0.00118	0.00266
3	0.00873	0.00643	0.00689	0.00528	0.00712	0.00712	0.00436	0.89735	0.01079	0.01447	0.00551	0.00551	0.00390	0.00276	0.00230	0.00069	0.00253	0.00207	0.00230	0.00390
4	0.00731	0.00538	0.00589	0.00477	0.00623	0.00585	0.00383	0.67811	0.00923	0.01238	0.00712	0.21380	0.00647	0.00375	0.00243	0.00074	0.00224	0.00307	0.00224	0.01917
5	0.00873	0.00643	0.00689	0.00528	0.00712	0.00712	0.00436	0.89735	0.01079	0.01447	0.00551	0.00551	0.00390	0.00276	0.00230	0.00069	0.00253	0.00207	0.00230	0.00390
6	0.00571	0.00493	0.00519	0.00467	0.00597	0.00571	0.00363	0.01220	0.90086	0.00960	0.00934	0.00856	0.00701	0.00311	0.00234	0.00078	0.00182	0.00260	0.00234	0.00363
7	0.00324	0.00235	0.00305	0.00287	0.00342	0.00216	0.00216	0.00431	0.00647	0.00913	0.88322	0.01726	0.04228	0.00472	0.00271	0.00072	0.00108	0.00417	0.00252	0.00216
8	0.00614	0.92071	0.01203	0.00393	0.00589	0.00908	0.00393	0.00687	0.00466	0.00540	0.00319	0.00368	0.00295	0.00196	0.00147	0.00049	0.00245	0.00123	0.00098	0.00295
9	0.00271	0.00233	0.00233	0.00233	0.00310	0.00194	0.00174	0.00329	0.00523	0.00620	0.02325	0.02209	0.90408	0.00581	0.00271	0.00078	0.00116	0.00484	0.00213	0.00194
10	0.00323	0.00235	0.00305	0.00287	0.00342	0.00216	0.00215	0.00430	0.00646	0.00912	0.87933	0.01728	0.04618	0.00472	0.00271	0.00072	0.00109	0.00417	0.00252	0.00216
11	0.10066	0.03336	0.79226	0.00612	0.00927	0.00540	0.00775	0.00721	0.00474	0.00754	0.00400	0.00470	0.00287	0.00217	0.00209	0.00072	0.00320	0.00164	0.00102	0.00329
12	0.01011	0.00394	0.00532	0.00410	0.00585	0.00345	0.00338	0.01883	0.02868	0.86880	0.01693	0.00789	0.00584	0.00286	0.00231	0.00071	0.00195	0.00233	0.00282	0.00388
13	0.00542	0.00619	0.01354	0.00967	0.01200	0.00580	0.89667	0.00735	0.00542	0.00735	0.00464	0.00619	0.00348	0.00193	0.00271	0.00077	0.00387	0.00271	0.00116	0.00310
14	0.00863	0.00624	0.00673	0.00518	0.00697	0.00687	0.00426	0.84748	0.01048	0.04095	0.00572	0.01606	0.00415	0.01633	0.00244	0.00071	0.00249	0.00214	0.00230	0.00384
15	0.00568	0.00545	0.00932	0.01409	0.90501	0.00545	0.00704	0.00704	0.00523	0.00750	0.00432	0.00568	0.00364	0.00205	0.00227	0.00068	0.00273	0.00205	0.00114	0.00364
16	0.00341	0.00256	0.00377	0.00373	0.00417	0.00297	0.00291	0.02614	0.00386	0.00555	0.00613	0.00893	0.00569	0.01686	0.88783	0.00362	0.00606	0.00245	0.00126	0.00210
17	0.89793	0.01221	0.00355	0.00309	0.00453	0.00521	0.00255	0.02770	0.00410	0.01811	0.00330	0.00381	0.00255	0.00215	0.00145	0.00071	0.00180	0.00127	0.00145	0.00254
18	0.00332	0.00224	0.00259	0.00262	0.00268	0.00222	0.00154	0.01092	0.00369	0.00495	0.05745	0.11332	0.00979	0.76168	0.01015	0.00199	0.00207	0.00372	0.00154	0.00151
19	0.06722	0.00223	0.00304	0.00304	0.00317	0.00228	0.00207	0.01646	0.00328	0.00472	0.00466	0.07664	0.00479	0.01723	0.00793	0.77467	0.00194	0.00231	0.00114	0.00121
20	0.93554	0.00444	0.00337	0.00302	0.00444	0.00515	0.00249	0.00675	0.00391	0.01030	0.00320	0.00373	0.00249	0.00213	0.00142	0.00071	0.00178	0.00124	0.00142	0.00249
21	0.00399	0.00199	0.00299	0.00299	0.00299	0.00199	0.00199	0.00299	0.00299	0.00399	0.00399	0.00698	0.00399	0.00797	0.00897	0.93321	0.00199	0.00199	0.00100	0.00100
22	0.00857	0.01094	0.00651	0.00591	0.00710	0.91011	0.00444	0.00917	0.00651	0.00562	0.00355	0.00414	0.00296	0.00237	0.00207	0.00059	0.00414	0.00148	0.00118	0.00266
23	0.00281	0.00200	0.00266	0.00318	0.00331	0.00187	0.00211	0.00320	0.00436	0.00582	0.01250	0.89172	0.01498	0.03357	0.00318	0.00097	0.00136	0.00643	0.00211	0.00185
24	0.00399	0.00199	0.00299	0.00299	0.00299	0.00199	0.00199	0.00299	0.00299	0.00399	0.00399	0.00698	0.00399	0.00797	0.00897	0.93321	0.00199	0.00199	0.00100	0.00100
25	0.00433	0.00406	0.00683	0.90343	0.01566	0.00507	0.00632	0.00586	0.00459	0.00590	0.00412	0.00615	0.00309	0.00230	0.00229	0.00076	0.00304	0.00204	0.01162	0.00255
26	0.00542	0.00619	0.01354	0.00967	0.01200	0.00580	0.89667	0.00735	0.00542	0.00735	0.00464	0.00619	0.00348	0.00193	0.00271	0.00077	0.00387	0.00271	0.00116	0.00310
27	0.00476	0.00408	0.00476	0.00340	0.00544	0.00306	0.00272	0.00578	0.00476	0.00748	0.00408	0.00476	0.00340	0.00170	0.00170	0.00034	0.00170	0.00136	0.00136	0.93336
28	0.00288	0.00239	0.00244	0.00242	0.00320	0.00203	0.00182	0.00358	0.02010	0.01725	0.04797	0.02158	0.84580	0.00571	0.00271	0.00078	0.00119	0.01202	0.00215	0.00200
29	0.93554	0.00444	0.00337	0.00302	0.00444	0.00515	0.00249	0.00675	0.00391	0.01030	0.00320	0.00373	0.00249	0.00213	0.00142	0.00071	0.00178	0.00124	0.00142	0.00249
30	0.00334	0.00223	0.00250	0.00250	0.00250	0.00223	0.00139	0.00334	0.00334	0.00445	0.00723	0.01502	0.00835	0.91933	0.01168	0.00223	0.00223	0.00334	0.00139	0.00139
31	0.00279	0.00230	0.00244	0.00250	0.00317	0.00197	0.00185	0.00337	0.00515	0.00626	0.05440	0.10863	0.73292	0.02913	0.00298	0.00083	0.00123	0.03401	0.00213	0.00193
32	0.00302	0.00236	0.00273	0.00264	0.00329	0.00210	0.00198	0.00391	0.01602	0.00772	0.46309	0.02722	0.43530	0.01503	0.00280	0.00077	0.00114	0.00447	0.00232	0.00206
33	0.00333	0.00222	0.00251	0.00252	0.00252	0.00222	0.00140	0.00334	0.00336	0.00448	0.00733	0.03113	0.00847	0.90306	0.01153	0.00220	0.00221	0.00340	0.00140	0.00140
34	0.00288	0.00207	0.00266	0.00310	0.00329	0.00194	0.00207	0.01075	0.00444	0.00587	0.01302	0.78485	0.08022	0.06686	0.00348	0.00100	0.00139	0.00616	0.00208	0.00186
35	0.00278	0.00237	0.00238	0.00236	0.00315	0.00200	0.00177	0.01350	0.00530	0.00630	0.02305	0.02190	0.89380	0.00578	0.00271	0.00077	0.00118	0.00481	0.00213	0.00196
36	0.00873	0.00643	0.00689	0.00528	0.00712	0.00712	0.00436	0.89735	0.01079	0.01447	0.00551	0.00551	0.00390	0.00276	0.00230	0.00069	0.00253	0.00207	0.00230	0.00390
37	0.00876	0.00637	0.00685	0.00525	0.00709	0.00703	0.00434	0.87633	0.01069	0.03563	0.00560	0.00557	0.00395	0.00276	0.00230	0.00069	0.00251	0.00207	0.00231	0.00390
38	0.00280	0.00200	0.00266	0.00320	0.00333	0.00186	0.00213	0.00320	0.00439	0.00586	0.01265	0.91783	0.01518	0.00719	0.00293	0.00093	0.00133	0.00653	0.00213	0.00186
39	0.01030	0.00391	0.00533	0.00408	0.00586	0.00337	0.00337	0.01119	0.00657	0.90660	0.00906	0.00781	0.00568	0.00284	0.00231	0.00071	0.00195	0.00231	0.00284	0.00391
40	0.00460	0.01187	0.90743	0.00654	0.00994	0.00533	0.00848	0.00727	0.00485	0.00727	0.00412	0.00485	0.00291	0.00218	0.00218	0.00073	0.00339	0.00170	0.00097	0.00339
41	0.00428	0.00214	0.00214	0.00214	0.00267	0.00214	0.00160	0.00535	0.00481	0.00856	0.00749	0.00856	0.00588	0.00267	0.00160	0.00053	0.00107	0.00214	0.93207	0.00214
42	0.00460	0.01187	0.90743	0.00654	0.00994	0.00533	0.00848	0.00727	0.00485	0.00727	0.00412	0.00485	0.00291	0.00218	0.00218	0.00073	0.00339	0.00170	0.00097	0.00339
43	0.00433	0.00408	0.00688	0.91381	0.01581	0.00510	0.00637	0.00586	0.00459	0.00586	0.00408	0.00612	0.00306	0.00229	0.00229	0.00076	0.00306	0.00204	0.00102	0.00255
44	0.00280	0.00200	0.00266	0.00320	0.00333	0.00186	0.00213	0.00320	0.00439	0.00586	0.01265	0.91783	0.01518	0.00719	0.00293	0.00093	0.00133	0.00653	0.00213	0.00186
45	0.00476	0.00408	0.00476	0.00340	0.00544	0.00306	0.00272	0.00578	0.00476	0.00748	0.00408	0.00476	0.00340	0.00170	0.00170	0.00034	0.00170	0.00136	0.00136	0.93336
46	0.00334	0.00223	0.00250	0.00250	0.00250	0.00223	0.00139	0.00334	0.00334	0.00445	0.00723	0.01502	0.00835	0.91933	0.01168	0.00223	0.00223	0.00334	0.00139	0.00139
47	0.00614	0.92071	0.01203	0.00393	0.00589	0.00908	0.00393	0.00687	0.00466	0.00540	0.00319	0.00368	0.00295	0.00196	0.00147	0.00049	0.00245	0.00123	0.00098	0.00295
48	0.00280	0.00200	0.00266	0.00320	0.00333	0.00186	0.00213	0.00320	0.00439	0.00586	0.01265	0.91783	0.01518	0.00719	0.00293	0.00093	0.00133	0.00653	0.00213	0.00186
49	0.00476	0.00408	0.00476	0.00340	0.00544	0.00306	0.00272	0.00578	0.00476	0.00748	0.00408	0.00476	0.00340	0.00170	0.00170	0.00034	0.00170	0.00136	0.00136	0.93336
50	0.00460	0.01187	0.90743	0.00654	0.00994	0.00533	0.00848	0.00727	0.00485	0.00727	0.00412	0.00485	0.00291	0.00218	0.00218	0.00073	0.00339	0.00170	0.00097	0.00339
51	0.01030	0.00391	0.00533	0.00408	0.00586	0.00337	0.00337	0.01119	0.00657	0.90660	0.00906	0.00781	0.00568	0.00284	0.00231	0.00071	0.00195	0.00231	0.00284	0.00391
52	0.00460	0.01187	0.90743	0.00654	0.00994	0.00533	0.00848	0.00727	0.00485	0.00727	0.00412	0.00485	0.00291	0.00218	0.00218	0.00073	0.00339	0.00170	0.00097	0.00339
53	0.00460	0.01187	0.90743	0.00654	0.00994	0.00533	0.00848	0.00727	0.00485	0.00727	0.00412	0.00485	0.00291	0.00218	0.00218	0.00073	0.00339	0.00170	0.00097	0.00339
54	0.00460	0.01187	0.90743	0.00654	0.00994	0.00533	0.00848	0.00727	0.00485	0.00727	0.00412	0.00485	0.00291	0.00218	0.00218	0.00073	0.00339	0.00170	0.00097	0.00339
55	0.00280	0.00200	0.00266	0.00319	0.00333	0.00187	0.00213	0.00320	0.00440	0.00586	0.01277	0.90796	0.02498	0.00718	0.00293	0.00093	0.00133	0.00651	0.00213	0.00187
56	0.00324	0.00235	0.00305	0.00287	0.00342	0.00216	0.00216	0.00431	0.00647	0.00913	0.88281	0.01726	0.04269	0.00472	0.00271	0.00072	0.00108	0.00417	0.00252	0.00216
57	0.01030	0.00391	0.00533	0.00408	0.00586	0.00337	0.00337	0.01119	0.00657	0.90660	0.00906	0.00781	0.00568	0.00284	0.00231	0.00071	0.00195	0.00231	0.00284	0.00391
58	0.93554	0.00444	0.00337	0.00302	0.00444	0.00515	0.00249	0.00675	0.00391	0.01030	0.00320	0.00373	0.00249	0.00213	0.00142	0.00071	0.00178	0.00124	0.00142	0.00249
59	0.00328	0.00246	0.00369	0.00369	0.00410	0.00287	0.00287	0.00410	0.00369	0.00533	0.00615	0.00902	0.00574	0.01722	0.91023	0.00369	0.00615	0.00246	0.00123	0.00205
60	0.00542	0.00619	0.01354	0.00967	0.01200	0.00580	0.89667	0.00735	0.00542	0.00735	0.00464	0.00619	0.00348	0.00193	0.00271	0.00077	0.00387	0.00271	0.00116	0.00310
61	0.00571	0.00493	0.00519	0.00467	0.00597	0.00571	0.00363	0.01220	0.90086	0.00960	0.00934	0.00856	0.00701	0.00311	0.00234	0.00078	0.00182	0.00260	0.00234	0.00363
62	0.00460	0.01187	0.90743	0.00654	0.00994	0.00533	0.00848	0.00727	0.00485	0.00727	0.00412	0.00485	0.00291	0.00218	0.00218	0.00073	0.00339	0.00170	0.00097	0.00339
63	0.00328	0.00246	0.00369	0.00369	0.00410	0.00287	0.00287	0.00410	0.00369	0.00533	0.00615	0.00902	0.00574	0.01722	0.91023	0.00369	0.00615	0.00246	0.00123	0.00205
64	0.00873	0.00643	0.00689	0.00528	0.00712	0.00712	0.00436	0.89735	0.01079	0.01447	0.00551	0.00551	0.00390	0.00276	0.00230	0.00069	0.00253	0.00207	0.00230	0.00390
