[name]
ndhE

[dist]
# distance from previous block
# <min> <max>
0	18

[block]
# block no. 0 follows, 132 sequences, length 100
# corresponding to MSA columns:
# 18-117
name=unknown_A
#
# <colnr> <probs for GDERKNQSTAVLIFYWHMCP>
#	G	D	E	R	K	N	Q	S	T	A	V	L	I	F	Y	W	H	M	C	P
0	0.00343	0.00255	0.00333	0.00373	0.00431	0.00245	0.00317	0.00436	0.00526	0.00668	0.01499	0.04095	0.23989	0.00622	0.00305	0.00098	0.00186	0.64861	0.00212	0.00206
1	0.00285	0.00205	0.00276	0.02557	0.00361	0.00195	0.00222	0.00327	0.00437	0.00582	0.01230	0.87201	0.01471	0.03071	0.00314	0.00096	0.00140	0.00633	0.00208	0.00187
2	0.00460	0.01187	0.90743	0.00654	0.00994	0.00533	0.00848	0.00727	0.00485	0.00727	0.00412	0.00485	0.00291	0.00218	0.00218	0.00073	0.00339	0.00170	0.00097	0.00339
3	0.00494	0.00490	0.00687	0.00592	0.00594	0.00684	0.00492	0.00546	0.00352	0.00552	0.00316	0.00521	0.00314	0.00464	0.05000	0.00113	0.87237	0.00203	0.00102	0.00249
4	0.01289	0.00245	0.00312	0.00292	0.00353	0.00227	0.00220	0.00461	0.02070	0.03327	0.80511	0.01691	0.07201	0.00466	0.00268	0.00073	0.00113	0.00409	0.00250	0.00223
5	0.00280	0.00200	0.00266	0.00320	0.00333	0.00186	0.00213	0.00320	0.00439	0.00586	0.01265	0.91783	0.01518	0.00719	0.00293	0.00093	0.00133	0.00653	0.00213	0.00186
6	0.03302	0.00241	0.00303	0.00286	0.00344	0.00225	0.00215	0.00434	0.00633	0.00904	0.81819	0.02365	0.07133	0.00469	0.00267	0.00073	0.00111	0.00412	0.00247	0.00216
7	0.00285	0.00204	0.00269	0.00314	0.00331	0.00190	0.00211	0.00329	0.00454	0.00609	0.08476	0.80428	0.02737	0.03594	0.00319	0.00095	0.00134	0.00621	0.00214	0.00187
8	0.01849	0.00641	0.00685	0.00526	0.00709	0.00710	0.00434	0.88797	0.01072	0.01442	0.00549	0.00549	0.00389	0.00275	0.00229	0.00069	0.00252	0.00206	0.00229	0.00389
9	0.01006	0.00398	0.00534	0.00411	0.00585	0.00350	0.00339	0.04881	0.00675	0.84649	0.03091	0.00794	0.00600	0.00288	0.00232	0.00071	0.00196	0.00234	0.00281	0.00386
10	0.00328	0.00244	0.00361	0.00361	0.00399	0.00282	0.00277	0.00405	0.00366	0.00527	0.00622	0.00943	0.00592	0.07949	0.84820	0.00359	0.00588	0.00252	0.00124	0.00200
11	0.00280	0.00200	0.00266	0.00320	0.00333	0.00186	0.00213	0.00320	0.00439	0.00586	0.01265	0.91783	0.01518	0.00719	0.00293	0.00093	0.00133	0.00653	0.00213	0.00186
12	0.00334	0.00223	0.00250	0.00250	0.00250	0.00223	0.00139	0.00334	0.00334	0.00445	0.00723	0.01502	0.00835	0.91933	0.01168	0.00223	0.00223	0.00334	0.00139	0.00139
13	0.00821	0.00600	0.00644	0.00500	0.00668	0.00661	0.00409	0.80642	0.01016	0.01372	0.01724	0.02320	0.00455	0.02662	0.00253	0.00073	0.00241	0.00221	0.04350	0.00370
14	0.00273	0.00233	0.00236	0.00238	0.00314	0.00195	0.00179	0.00332	0.00522	0.00621	0.02287	0.03712	0.87257	0.00585	0.00273	0.00078	0.00118	0.02142	0.00213	0.00194
15	0.93554	0.00444	0.00337	0.00302	0.00444	0.00515	0.00249	0.00675	0.00391	0.01030	0.00320	0.00373	0.00249	0.00213	0.00142	0.00071	0.00178	0.00124	0.00142	0.00249
16	0.00272	0.00230	0.00235	0.00240	0.00312	0.00193	0.00178	0.00329	0.00516	0.00617	0.02234	0.09907	0.82769	0.00593	0.00273	0.00079	0.00118	0.00499	0.00213	0.00193
17	0.00331	0.00245	0.00365	0.00365	0.00406	0.00285	0.00284	0.00413	0.00372	0.00541	0.00618	0.00901	0.00574	0.01683	0.88625	0.00361	0.00601	0.00245	0.02579	0.00205
18	0.93554	0.00444	0.00337	0.00302	0.00444	0.00515	0.00249	0.00675	0.00391	0.01030	0.00320	0.00373	0.00249	0.00213	0.00142	0.00071	0.00178	0.00124	0.00142	0.00249
19	0.00280	0.00200	0.00266	0.00320	0.00333	0.00186	0.00213	0.00320	0.00439	0.00586	0.01265	0.91783	0.01518	0.00719	0.00293	0.00093	0.00133	0.00653	0.00213	0.00186
20	0.00272	0.00233	0.00233	0.00233	0.00310	0.00194	0.00175	0.00330	0.00524	0.00623	0.03194	0.02204	0.89537	0.00580	0.00271	0.00077	0.00116	0.00484	0.00214	0.00194
21	0.00571	0.00493	0.00526	0.02824	0.00624	0.00571	0.00371	0.02352	0.86608	0.00957	0.00916	0.00846	0.00686	0.00309	0.00233	0.00078	0.00186	0.00257	0.00230	0.00361
22	0.03275	0.00638	0.00680	0.00522	0.00705	0.00707	0.00431	0.87427	0.01061	0.01436	0.00545	0.00546	0.00387	0.00274	0.00227	0.00069	0.00251	0.00205	0.00227	0.00387
23	0.00436	0.00412	0.00702	0.89569	0.01573	0.00511	0.02422	0.00589	0.00461	0.00589	0.00409	0.00612	0.00307	0.00229	0.00230	0.00077	0.00308	0.00205	0.00102	0.00256
24	0.00857	0.01094	0.00651	0.00591	0.00710	0.91011	0.00444	0.00917	0.00651	0.00562	0.00355	0.00414	0.00296	0.00237	0.00207	0.00059	0.00414	0.00148	0.00118	0.00266
25	0.00368	0.00264	0.00368	0.00420	0.00473	0.00263	0.00367	0.00473	0.00528	0.00686	0.01233	0.02583	0.02714	0.00633	0.00316	0.00105	0.00210	0.87573	0.00211	0.00211
26	0.00323	0.00235	0.00305	0.00287	0.00342	0.00216	0.00215	0.00430	0.00646	0.00913	0.88055	0.01728	0.04496	0.00472	0.00271	0.00072	0.00109	0.00417	0.00252	0.00216
27	0.00436	0.00410	0.00693	0.89804	0.03140	0.00511	0.00639	0.00589	0.00460	0.00589	0.00408	0.00611	0.00307	0.00229	0.00229	0.00076	0.00305	0.00204	0.00102	0.00257
28	0.01030	0.00391	0.00533	0.00408	0.00586	0.00337	0.00337	0.01119	0.00657	0.90660	0.00906	0.00781	0.00568	0.00284	0.00231	0.00071	0.00195	0.00231	0.00284	0.00391
29	0.00281	0.00200	0.00267	0.00321	0.00334	0.00187	0.00215	0.00321	0.00440	0.00587	0.01265	0.90902	0.01516	0.00718	0.00293	0.00093	0.00134	0.01524	0.00213	0.00187
30	0.00369	0.00264	0.00369	0.00421	0.00474	0.00264	0.00368	0.00475	0.00530	0.00689	0.02096	0.02581	0.01329	0.00632	0.00317	0.00105	0.00210	0.88082	0.00212	0.00211
31	0.00444	0.00229	0.00231	0.00225	0.00283	0.00231	0.00170	0.03679	0.00502	0.00877	0.00742	0.00845	0.00581	0.00268	0.00163	0.00054	0.00112	0.00214	0.89930	0.00220
32	0.00280	0.00200	0.00266	0.00320	0.00333	0.00186	0.00213	0.00320	0.00439	0.00586	0.01265	0.91783	0.01518	0.00719	0.00293	0.00093	0.00133	0.00653	0.00213	0.00186
33	0.00460	0.01187	0.90743	0.00654	0.00994	0.00533	0.00848	0.00727	0.00485	0.00727	0.00412	0.00485	0.00291	0.00218	0.00218	0.00073	0.00339	0.00170	0.00097	0.00339
34	0.00280	0.00200	0.00266	0.00320	0.00333	0.00186	0.00213	0.00320	0.00439	0.00586	0.01265	0.91783	0.01518	0.00719	0.00293	0.00093	0.00133	0.00653	0.00213	0.00186
35	0.00278	0.00233	0.00244	0.00250	0.00323	0.00198	0.00190	0.00339	0.00520	0.00623	0.02200	0.06306	0.80211	0.00591	0.00275	0.00080	0.00124	0.06607	0.00213	0.00195
36	0.00282	0.00201	0.00268	0.00321	0.00335	0.00188	0.00216	0.00323	0.00440	0.00587	0.01259	0.89111	0.01508	0.01610	0.00302	0.00095	0.00136	0.02420	0.00212	0.00186
37	0.00857	0.01094	0.00651	0.00591	0.00710	0.91011	0.00444	0.00917	0.00651	0.00562	0.00355	0.00414	0.00296	0.00237	0.00207	0.00059	0.00414	0.00148	0.00118	0.00266
38	0.03470	0.00396	0.00530	0.00408	0.00584	0.00348	0.00337	0.02548	0.00657	0.86843	0.00884	0.00767	0.00557	0.00282	0.00228	0.00071	0.00196	0.00228	0.00279	0.00387
39	0.00323	0.00235	0.00304	0.00286	0.00342	0.00216	0.00215	0.00429	0.00644	0.00908	0.86682	0.01735	0.05872	0.00474	0.00271	0.00072	0.00109	0.00418	0.00251	0.00216
40	0.00857	0.01094	0.00651	0.00591	0.00710	0.91011	0.00444	0.00917	0.00651	0.00562	0.00355	0.00414	0.00296	0.00237	0.00207	0.00059	0.00414	0.00148	0.00118	0.00266
41	0.00290	0.00235	0.00260	0.00274	0.00341	0.00206	0.00212	0.00355	0.00518	0.00632	0.03037	0.10188	0.66004	0.00601	0.00281	0.00084	0.00134	0.15935	0.00213	0.00196
42	0.00857	0.01094	0.00651	0.00591	0.00710	0.91011	0.00444	0.00917	0.00651	0.00562	0.00355	0.00414	0.00296	0.00237	0.00207	0.00059	0.00414	0.00148	0.00118	0.00266
43	0.00330	0.00221	0.00252	0.00256	0.00257	0.00220	0.00145	0.00333	0.00342	0.00456	0.00766	0.08587	0.00888	0.84775	0.01100	0.00212	0.00216	0.00359	0.00145	0.00143
44	0.00322	0.00235	0.00303	0.00286	0.00341	0.00215	0.00214	0.00427	0.00643	0.00904	0.85514	0.01742	0.07042	0.00475	0.00271	0.00072	0.00109	0.00419	0.00251	0.00215
45	0.00565	0.00484	0.00510	0.00459	0.00588	0.00557	0.00357	0.01191	0.86595	0.01671	0.00977	0.00898	0.03476	0.00320	0.00235	0.00078	0.00180	0.00266	0.00233	0.00358
46	0.00334	0.00223	0.00250	0.00250	0.00250	0.00223	0.00139	0.00334	0.00334	0.00445	0.00723	0.01502	0.00835	0.91933	0.01168	0.00223	0.00223	0.00334	0.00139	0.00139
47	0.00868	0.00631	0.00678	0.00521	0.00702	0.00697	0.00430	0.86656	0.01062	0.03064	0.00561	0.00560	0.00397	0.00276	0.00229	0.00069	0.00249	0.00207	0.01756	0.00387
48	0.00605	0.88755	0.02325	0.00396	0.00590	0.00889	0.00396	0.00681	0.00464	0.00542	0.00327	0.00382	0.00301	0.00232	0.02282	0.00057	0.00255	0.00126	0.00099	0.00293
49	0.00332	0.00222	0.00251	0.00253	0.00253	0.00221	0.00142	0.00333	0.00338	0.00450	0.00742	0.04672	0.00859	0.88730	0.01138	0.00218	0.00219	0.00345	0.00142	0.00141
50	0.00334	0.00223	0.00251	0.00251	0.00252	0.00222	0.00140	0.00335	0.00339	0.00453	0.02236	0.01506	0.00857	0.90390	0.01153	0.00220	0.00221	0.00335	0.00141	0.00140
51	0.00614	0.92071	0.01203	0.00393	0.00589	0.00908	0.00393	0.00687	0.00466	0.00540	0.00319	0.00368	0.00295	0.00196	0.00147	0.00049	0.00245	0.00123	0.00098	0.00295
52	0.02159	0.00708	0.00680	0.00543	0.01527	0.14455	0.00437	0.74160	0.00999	0.01300	0.00517	0.00528	0.00374	0.00268	0.00225	0.00067	0.00276	0.00197	0.00210	0.00369
53	0.00452	0.00418	0.00689	0.87622	0.01545	0.00518	0.00629	0.04275	0.00485	0.00622	0.00414	0.00609	0.00309	0.00231	0.00230	0.00076	0.00304	0.00204	0.00107	0.00261
54	0.00542	0.00619	0.01354	0.00967	0.01200	0.00580	0.89667	0.00735	0.00542	0.00735	0.00464	0.00619	0.00348	0.00193	0.00271	0.00077	0.00387	0.00271	0.00116	0.00310
55	0.00280	0.00200	0.00266	0.00320	0.00333	0.00186	0.00213	0.00320	0.00439	0.00586	0.01265	0.91783	0.01518	0.00719	0.00293	0.00093	0.00133	0.00653	0.00213	0.00186
56	0.00567	0.00548	0.00947	0.01393	0.87365	0.00547	0.03828	0.00706	0.00523	0.00749	0.00433	0.00570	0.00363	0.00204	0.00229	0.00068	0.00277	0.00207	0.00114	0.00362
57	0.93554	0.00444	0.00337	0.00302	0.00444	0.00515	0.00249	0.00675	0.00391	0.01030	0.00320	0.00373	0.00249	0.00213	0.00142	0.00071	0.00178	0.00124	0.00142	0.00249
58	0.00755	0.37609	0.01776	0.00504	0.00659	0.48764	0.00423	0.01749	0.02372	0.02950	0.00369	0.00416	0.00311	0.00223	0.00185	0.00056	0.00333	0.00143	0.00118	0.00285
59	0.00272	0.00232	0.00234	0.00234	0.00311	0.00194	0.00175	0.00331	0.00524	0.00624	0.03490	0.03058	0.88382	0.00581	0.00271	0.00078	0.00116	0.00485	0.00214	0.00194
60	0.00336	0.00222	0.00250	0.00250	0.00252	0.00222	0.00141	0.00340	0.00340	0.00460	0.00733	0.02964	0.00838	0.87647	0.01123	0.00215	0.00218	0.00335	0.02972	0.00142
61	0.00852	0.00615	0.00661	0.00510	0.00686	0.00678	0.00420	0.83131	0.01037	0.03372	0.00569	0.00579	0.00407	0.01266	0.00237	0.00070	0.00245	0.00209	0.04077	0.00380
62	0.00274	0.00235	0.00238	0.00237	0.00314	0.00200	0.00178	0.00333	0.00523	0.00622	0.03196	0.02186	0.88540	0.00578	0.00277	0.00078	0.01104	0.00481	0.00212	0.00195
63	0.00334	0.00223	0.00250	0.00250	0.00250	0.00223	0.00139	0.00334	0.00334	0.00445	0.00723	0.01502	0.00835	0.91933	0.01168	0.00223	0.00223	0.00334	0.00139	0.00139
64	0.01073	0.00236	0.00302	0.00286	0.00341	0.00218	0.00214	0.00429	0.00638	0.00903	0.83714	0.02346	0.06870	0.00474	0.00269	0.00072	0.00109	0.00417	0.00874	0.00215
65	0.00271	0.00233	0.00233	0.00233	0.00310	0.00194	0.00174	0.00329	0.00523	0.00620	0.02325	0.02209	0.90408	0.00581	0.00271	0.00078	0.00116	0.00484	0.00213	0.00194
66	0.02217	0.00412	0.00543	0.00417	0.00595	0.00371	0.00344	0.08469	0.00689	0.82091	0.00869	0.00757	0.00549	0.00282	0.00230	0.00071	0.00200	0.00227	0.00278	0.00389
67	0.00272	0.00233	0.00234	0.00233	0.00311	0.00194	0.00175	0.00331	0.00525	0.00624	0.03608	0.02202	0.89122	0.00580	0.00271	0.00077	0.00116	0.00483	0.00214	0.00194
68	0.03472	0.00392	0.00528	0.00406	0.00582	0.00342	0.00335	0.01107	0.00650	0.88295	0.00890	0.00771	0.00560	0.00282	0.00228	0.00071	0.00195	0.00228	0.00280	0.00387
69	0.01030	0.00391	0.00533	0.00408	0.00586	0.00337	0.00337	0.01119	0.00657	0.90660	0.00906	0.00781	0.00568	0.00284	0.00231	0.00071	0.00195	0.00231	0.00284	0.00391
70	0.01030	0.00391	0.00533	0.00408	0.00586	0.00337	0.00337	0.01119	0.00657	0.90660	0.00906	0.00781	0.00568	0.00284	0.00231	0.00071	0.00195	0.00231	0.00284	0.00391
71	0.00460	0.01187	0.90743	0.00654	0.00994	0.00533	0.00848	0.00727	0.00485	0.00727	0.00412	0.00485	0.00291	0.00218	0.00218	0.00073	0.00339	0.00170	0.00097	0.00339
72	0.01030	0.00391	0.00533	0.00408	0.00586	0.00337	0.00337	0.01119	0.00657	0.90660	0.00906	0.00781	0.00568	0.00284	0.00231	0.00071	0.00195	0.00231	0.00284	0.00391
73	0.01022	0.00393	0.00532	0.00409	0.00586	0.00342	0.00338	0.01121	0.02273	0.89039	0.00906	0.00783	0.00571	0.00285	0.00231	0.00071	0.00195	0.00231	0.00283	0.00390
74	0.00273	0.00233	0.00234	0.00234	0.00311	0.00194	0.00175	0.00332	0.00526	0.00628	0.04606	0.02196	0.88122	0.00578	0.00271	0.00077	0.00116	0.00483	0.00214	0.00194
75	0.93554	0.00444	0.00337	0.00302	0.00444	0.00515	0.00249	0.00675	0.00391	0.01030	0.00320	0.00373	0.00249	0.00213	0.00142	0.00071	0.00178	0.00124	0.00142	0.00249
76	0.00470	0.00371	0.00434	0.00364	0.00494	0.00331	0.00278	0.15651	0.00565	0.00807	0.00751	0.34446	0.00787	0.00392	0.00226	0.00062	0.00170	0.00340	0.00181	0.42879
77	0.02563	0.00392	0.00529	0.00407	0.00584	0.00340	0.00336	0.01111	0.00653	0.89175	0.00896	0.00775	0.00563	0.00283	0.00229	0.00071	0.00195	0.00229	0.00282	0.00388
78	0.00271	0.00233	0.00233	0.00233	0.00310	0.00194	0.00174	0.00329	0.00523	0.00620	0.02325	0.02209	0.90408	0.00581	0.00271	0.00078	0.00116	0.00484	0.00213	0.00194
79	0.00319	0.00233	0.00301	0.00288	0.00341	0.00214	0.00214	0.00421	0.00631	0.00885	0.80604	0.06976	0.06733	0.00490	0.00272	0.00074	0.00110	0.00433	0.00248	0.00214
80	0.00871	0.00635	0.00682	0.00523	0.00705	0.00701	0.00432	0.87410	0.01066	0.02856	0.00559	0.00558	0.00395	0.00276	0.00229	0.00069	0.00250	0.00207	0.01189	0.00389
81	0.00867	0.00613	0.00666	0.00514	0.00692	0.00670	0.00423	0.80890	0.01031	0.07815	0.00596	0.03114	0.00435	0.00289	0.00231	0.00070	0.00245	0.00221	0.00233	0.00385
82	0.00271	0.00233	0.00233	0.00233	0.00310	0.00194	0.00174	0.00329	0.00523	0.00620	0.02325	0.02209	0.90408	0.00581	0.00271	0.00078	0.00116	0.00484	0.00213	0.00194
83	0.00328	0.00246	0.00367	0.00367	0.00407	0.00286	0.00285	0.00409	0.00368	0.00531	0.00617	0.00911	0.00578	0.03164	0.89586	0.00367	0.00609	0.00247	0.00123	0.00204
84	0.00443	0.00414	0.00689	0.87480	0.01541	0.00518	0.00631	0.02062	0.00466	0.00600	0.00408	0.00608	0.00307	0.00235	0.00243	0.00077	0.02712	0.00204	0.00104	0.00257
85	0.00857	0.01094	0.00651	0.00591	0.00710	0.91011	0.00444	0.00917	0.00651	0.00562	0.00355	0.00414	0.00296	0.00237	0.00207	0.00059	0.00414	0.00148	0.00118	0.00266
86	0.00449	0.00425	0.00721	0.79420	0.11505	0.00513	0.01841	0.00600	0.00468	0.00607	0.00426	0.00619	0.00992	0.00229	0.00230	0.00076	0.00302	0.00207	0.00104	0.00267
87	0.00568	0.00545	0.00932	0.01409	0.90501	0.00545	0.00704	0.00704	0.00523	0.00750	0.00432	0.00568	0.00364	0.00205	0.00227	0.00068	0.00273	0.00205	0.00114	0.00364
88	0.00866	0.00638	0.00684	0.00526	0.00707	0.00706	0.00434	0.88706	0.01072	0.01437	0.00559	0.01601	0.00403	0.00281	0.00230	0.00069	0.00251	0.00212	0.00229	0.00388
89	0.00501	0.00433	0.00453	0.00413	0.00530	0.00483	0.00319	0.01013	0.69297	0.00881	0.01257	0.01170	0.21523	0.00374	0.00242	0.00078	0.00166	0.00312	0.00229	0.00324
90	0.00440	0.00404	0.00667	0.84149	0.01490	0.00502	0.00610	0.01965	0.00467	0.00609	0.00424	0.00622	0.00321	0.00251	0.01265	0.00079	0.01603	0.00205	0.03672	0.00255
91	0.00271	0.00233	0.00233	0.00233	0.00310	0.00194	0.00174	0.00329	0.00523	0.00620	0.02325	0.02209	0.90408	0.00581	0.00271	0.00078	0.00116	0.00484	0.00213	0.00194
92	0.00857	0.01094	0.00651	0.00591	0.00710	0.91011	0.00444	0.00917	0.00651	0.00562	0.00355	0.00414	0.00296	0.00237	0.00207	0.00059	0.00414	0.00148	0.00118	0.00266
93	0.00542	0.00619	0.01354	0.00967	0.01200	0.00580	0.89667	0.00735	0.00542	0.00735	0.00464	0.00619	0.00348	0.00193	0.00271	0.00077	0.00387	0.00271	0.00116	0.00310
94	0.00849	0.00619	0.00667	0.00516	0.00691	0.00682	0.00424	0.84233	0.01042	0.02854	0.00582	0.03485	0.00435	0.01524	0.00244	0.00072	0.00247	0.00223	0.00229	0.00380
95	0.00786	0.00944	0.00618	0.00560	0.00681	0.68390	0.00423	0.00992	0.23020	0.00661	0.00500	0.00525	0.00397	0.00255	0.00214	0.00064	0.00356	0.00176	0.00147	0.00290
96	0.00281	0.00200	0.00266	0.00318	0.00331	0.00187	0.00211	0.00320	0.00437	0.00582	0.01251	0.89399	0.01500	0.03128	0.00316	0.00097	0.00136	0.00644	0.00211	0.00185
97	0.00280	0.00200	0.00266	0.00320	0.00333	0.00186	0.00213	0.00320	0.00439	0.00586	0.01265	0.91783	0.01518	0.00719	0.00293	0.00093	0.00133	0.00653	0.00213	0.00186
98	0.00845	0.01072	0.00659	0.00613	0.03078	0.87445	0.00451	0.00906	0.00643	0.00567	0.00356	0.00419	0.00298	0.00238	0.00215	0.00060	0.01599	0.00150	0.00118	0.00268
99	0.00572	0.00553	0.00928	0.01397	0.89182	0.01874	0.00701	0.00708	0.00525	0.00747	0.00431	0.00566	0.00363	0.00205	0.00227	0.00068	0.00275	0.00204	0.00114	0.00362

[dist]
# distance from previous block
# <min> <max>
0	0

# created by:
# /share/home/app/bin/augustus-3.3.1/scripts/msa2prfl.pl /dev/shm/tmp/pt-rosids/msas/ndhE.aln --setname=ndhE
