[name]
ndhF

[dist]
# distance from previous block
# <min> <max>
3	10

[block]
# block no. 0 follows, 123 sequences, length 69
# corresponding to MSA columns:
# 11-79
name=unknown_A
#
# <colnr> <probs for GDERKNQSTAVLIFYWHMCP>
#	G	D	E	R	K	N	Q	S	T	A	V	L	I	F	Y	W	H	M	C	P
0	0.00536	0.00451	0.00479	0.00441	0.01276	0.00497	0.00339	0.01042	0.63186	0.02762	0.01344	0.01280	0.22166	0.00403	0.00259	0.00083	0.00178	0.01829	0.00242	0.01208
1	0.00364	0.01064	0.00411	0.00401	0.00446	0.01777	0.00313	0.00450	0.00398	0.00567	0.00640	0.00937	0.00597	0.01764	0.86526	0.00378	0.02358	0.00258	0.00130	0.00221
2	0.00576	0.00654	0.02830	0.02358	0.03224	0.00614	0.77927	0.02105	0.00573	0.00785	0.00485	0.00646	0.00368	0.00215	0.00299	0.00082	0.03445	0.00277	0.00125	0.02413
3	0.00356	0.00265	0.00392	0.00390	0.00435	0.00308	0.00303	0.01303	0.00401	0.00580	0.00656	0.00960	0.00611	0.02615	0.87455	0.00383	0.00638	0.00261	0.01470	0.00219
4	0.00868	0.00631	0.00683	0.00534	0.00710	0.00693	0.00435	0.78301	0.01065	0.03171	0.00652	0.06942	0.00518	0.03289	0.00281	0.00080	0.00257	0.00258	0.00241	0.00391
5	0.03477	0.00221	0.00317	0.00317	0.00322	0.00223	0.00213	0.00334	0.00325	0.00454	0.00441	0.01911	0.00442	0.02092	0.00915	0.86463	0.00210	0.00218	0.00991	0.00114
6	0.00301	0.00252	0.00260	0.00261	0.00339	0.00216	0.00195	0.00912	0.01276	0.00671	0.04526	0.04221	0.79315	0.03446	0.00319	0.00088	0.00131	0.02837	0.00225	0.00208
7	0.00292	0.00246	0.00254	0.00259	0.00337	0.00208	0.00194	0.00355	0.00551	0.00659	0.02371	0.07335	0.82009	0.00628	0.00291	0.00084	0.00128	0.03366	0.00227	0.00206
8	0.00533	0.00446	0.00517	0.00374	0.00587	0.00350	0.00300	0.04215	0.02783	0.01985	0.00461	0.00524	0.00376	0.00191	0.00186	0.00039	0.00185	0.00152	0.00153	0.85643
9	0.00351	0.00234	0.00267	0.00272	0.00274	0.00233	0.00155	0.00357	0.00368	0.00494	0.00822	0.09864	0.00950	0.81676	0.01140	0.00221	0.00226	0.00384	0.01558	0.00154
10	0.00306	0.00244	0.00274	0.00274	0.00342	0.00212	0.00203	0.00382	0.00588	0.00751	0.28537	0.10958	0.54872	0.00597	0.00290	0.00082	0.00123	0.00510	0.00239	0.00212
11	0.00565	0.00474	0.00533	0.00412	0.00604	0.00430	0.00329	0.09011	0.21521	0.00915	0.00616	0.00663	0.01525	0.00239	0.00206	0.00052	0.00192	0.01459	0.00180	0.60075
12	0.00302	0.00216	0.00286	0.00336	0.00353	0.00201	0.00225	0.00349	0.00482	0.00646	0.07978	0.82697	0.01651	0.02612	0.00329	0.00100	0.00142	0.00668	0.00228	0.00200
13	0.00503	0.00412	0.00482	0.00359	0.00554	0.00317	0.00284	0.01743	0.00520	0.03446	0.00620	0.06799	0.05112	0.00248	0.00198	0.00044	0.00177	0.00205	0.00160	0.77817
14	0.00362	0.00265	0.00325	0.00307	0.00376	0.00245	0.00231	0.00491	0.04870	0.02923	0.63662	0.04005	0.19987	0.00517	0.00286	0.00079	0.00123	0.00450	0.00259	0.00236
15	0.00513	0.00436	0.00508	0.00367	0.00579	0.00337	0.00293	0.02894	0.01399	0.00813	0.00462	0.02391	0.00392	0.00197	0.00186	0.00039	0.00182	0.00159	0.00150	0.87703
16	0.00365	0.00271	0.00345	0.00377	0.00439	0.00259	0.00313	0.00467	0.02074	0.01205	0.06416	0.05922	0.25455	0.03533	0.00347	0.00105	0.00188	0.51472	0.00226	0.00220
17	0.00299	0.00214	0.00285	0.00338	0.00354	0.00200	0.00227	0.00345	0.00476	0.00638	0.04990	0.87579	0.01642	0.00753	0.00310	0.00098	0.00140	0.00683	0.00228	0.00200
18	0.00291	0.00242	0.00254	0.00262	0.00334	0.00206	0.00192	0.00352	0.00547	0.00662	0.04547	0.14861	0.75141	0.00636	0.00292	0.00085	0.00126	0.00538	0.00228	0.00206
19	0.88187	0.00464	0.00364	0.00327	0.00476	0.00535	0.00270	0.00720	0.00426	0.02924	0.00384	0.00483	0.00309	0.00243	0.00159	0.00077	0.00190	0.03038	0.00157	0.00266
20	0.07652	0.00295	0.00364	0.00344	0.00425	0.00284	0.00272	0.00575	0.03009	0.09797	0.52053	0.01767	0.07759	0.00489	0.00279	0.00083	0.00150	0.13898	0.00253	0.00253
21	0.93149	0.00472	0.00359	0.00321	0.00472	0.00547	0.00264	0.00717	0.00415	0.01095	0.00340	0.00396	0.00264	0.00226	0.00151	0.00075	0.00189	0.00132	0.00151	0.00264
22	0.00299	0.00213	0.00283	0.00338	0.00352	0.00199	0.00225	0.00340	0.00464	0.00619	0.01330	0.89020	0.01596	0.03035	0.00335	0.00103	0.00144	0.00685	0.00225	0.00197
23	0.00296	0.00216	0.00280	0.00331	0.00352	0.00199	0.00223	0.00341	0.00475	0.00626	0.01449	0.83044	0.09768	0.00751	0.00309	0.00098	0.00140	0.00677	0.00227	0.00199
24	0.00301	0.00216	0.00283	0.00333	0.00350	0.00201	0.00222	0.00345	0.00474	0.00632	0.04688	0.81570	0.04474	0.04230	0.00346	0.00103	0.00144	0.00665	0.00225	0.00198
25	0.00355	0.00237	0.00266	0.00266	0.00266	0.00237	0.00148	0.00355	0.00355	0.00473	0.00769	0.01597	0.00887	0.91425	0.01242	0.00237	0.00237	0.00355	0.00148	0.00148
26	0.00519	0.00441	0.00513	0.00367	0.00584	0.00338	0.00294	0.03250	0.00525	0.00817	0.00438	0.00508	0.00363	0.00184	0.00183	0.00037	0.00183	0.00147	0.00148	0.90161
27	0.00664	0.00499	0.01876	0.00531	0.05187	0.00536	0.00402	0.01175	0.61933	0.15463	0.02735	0.01001	0.02194	0.00343	0.00253	0.00082	0.00202	0.04299	0.00247	0.00377
28	0.01632	0.00442	0.00572	0.00444	0.00626	0.00406	0.00365	0.09678	0.05164	0.72667	0.03845	0.00837	0.00644	0.00307	0.00246	0.00075	0.00209	0.00249	0.00290	0.01300
29	0.00593	0.00511	0.00539	0.00488	0.00622	0.00589	0.00378	0.01254	0.85500	0.01004	0.01030	0.03250	0.02455	0.00348	0.00251	0.00083	0.00190	0.00291	0.00247	0.00378
30	0.00601	0.00580	0.00982	0.03602	0.85222	0.01406	0.01833	0.00745	0.00555	0.00790	0.00473	0.00617	0.01043	0.00221	0.00242	0.00073	0.00292	0.00220	0.00121	0.00381
31	0.00777	0.05463	0.00816	0.00885	0.28436	0.49597	0.00557	0.02784	0.01898	0.00684	0.00411	0.00504	0.00345	0.00251	0.00258	0.00068	0.05637	0.00181	0.00126	0.00320
32	0.00309	0.00223	0.00287	0.00335	0.00355	0.00209	0.00224	0.01699	0.00477	0.00632	0.01369	0.80834	0.06415	0.04945	0.00352	0.00104	0.00147	0.00661	0.00223	0.00200
33	0.00462	0.00436	0.00732	0.89066	0.01660	0.00546	0.00675	0.00623	0.00486	0.00623	0.00431	0.00648	0.00325	0.00248	0.00255	0.00082	0.02107	0.00217	0.00108	0.00271
34	0.00461	0.00434	0.00732	0.90839	0.01680	0.00542	0.00678	0.00623	0.00488	0.00623	0.00434	0.00651	0.00325	0.00244	0.00244	0.00081	0.00325	0.00217	0.00108	0.00271
35	0.00373	0.00280	0.00364	0.03083	0.00489	0.00273	0.00337	0.00483	0.02673	0.01326	0.02654	0.06616	0.24618	0.00638	0.00317	0.00102	0.00195	0.54731	0.00223	0.00225
36	0.01345	0.00215	0.00316	0.00318	0.00321	0.00215	0.00213	0.00325	0.00327	0.00443	0.00470	0.05108	0.00481	0.00834	0.00909	0.86860	0.00208	0.00234	0.00746	0.00113
37	0.00893	0.00451	0.00559	0.00444	0.00607	0.00439	0.00361	0.20361	0.06418	0.49148	0.16043	0.01599	0.00869	0.00339	0.00253	0.00076	0.00204	0.00278	0.00280	0.00380
38	0.00353	0.00237	0.00268	0.00268	0.00271	0.00235	0.00152	0.00358	0.00369	0.00493	0.03454	0.02493	0.02405	0.86329	0.01189	0.00228	0.00230	0.00363	0.00154	0.00152
39	0.00515	0.00415	0.00486	0.00371	0.00556	0.00335	0.00291	0.03538	0.04108	0.03659	0.00606	0.11275	0.01301	0.01143	0.00214	0.00050	0.00180	0.00226	0.00167	0.70562
40	0.02825	0.00694	0.00717	0.00557	0.00747	0.04454	0.00457	0.80777	0.03973	0.01473	0.00585	0.00586	0.00418	0.00291	0.00241	0.00073	0.00271	0.00217	0.00237	0.00405
41	0.00317	0.00247	0.00287	0.00279	0.00347	0.00218	0.00208	0.00405	0.00619	0.00815	0.45713	0.04327	0.43410	0.01362	0.00297	0.00081	0.00121	0.00482	0.00247	0.00217
42	0.00314	0.00220	0.00280	0.00319	0.00331	0.00209	0.00206	0.00348	0.00445	0.00595	0.04108	0.64797	0.01446	0.24537	0.00555	0.00134	0.00166	0.00596	0.00207	0.00186
43	0.00310	0.00220	0.00287	0.00334	0.00351	0.00208	0.00222	0.01203	0.00472	0.00631	0.04287	0.79712	0.01564	0.08481	0.00389	0.00110	0.00150	0.00652	0.00221	0.00197
44	0.00297	0.00213	0.00282	0.00337	0.00353	0.00198	0.00225	0.00340	0.00469	0.00624	0.01373	0.89039	0.03822	0.00761	0.00311	0.00099	0.00141	0.00689	0.00226	0.00198
45	0.03913	0.00695	0.00719	0.00556	0.00747	0.04126	0.00458	0.82911	0.01106	0.01488	0.00570	0.00574	0.00406	0.00289	0.00240	0.00073	0.00272	0.00214	0.00237	0.00405
46	0.00292	0.00243	0.00256	0.00262	0.00335	0.00207	0.00194	0.00354	0.00551	0.00667	0.05613	0.13031	0.75156	0.00632	0.00292	0.00084	0.00126	0.01270	0.00228	0.00206
47	0.01059	0.00258	0.00336	0.00312	0.00376	0.00238	0.00235	0.00492	0.00687	0.04812	0.84137	0.01776	0.03372	0.00490	0.00285	0.00077	0.00120	0.00432	0.00269	0.00238
48	0.00389	0.00278	0.00386	0.00440	0.00494	0.00278	0.00379	0.00500	0.01305	0.00723	0.01295	0.07455	0.02109	0.01846	0.00346	0.00113	0.00219	0.80998	0.00224	0.00223
49	0.00330	0.00257	0.00286	0.00292	0.00358	0.00230	0.00212	0.02623	0.02294	0.01853	0.09175	0.25458	0.52140	0.02968	0.00316	0.00090	0.00137	0.00536	0.00230	0.00216
50	0.00348	0.00234	0.00268	0.00275	0.00279	0.00231	0.00159	0.00357	0.00376	0.00505	0.01738	0.12841	0.01824	0.76974	0.01091	0.00214	0.00221	0.00398	0.01510	0.00157
51	0.00931	0.00677	0.00728	0.00558	0.00754	0.00748	0.00461	0.87068	0.01137	0.03574	0.00594	0.00591	0.00419	0.00293	0.00244	0.00073	0.00267	0.00220	0.00245	0.00415
52	0.00555	0.00352	0.00416	0.00371	0.00475	0.00346	0.00285	0.04617	0.18300	0.18305	0.24901	0.08644	0.17348	0.03589	0.00305	0.00086	0.00163	0.00391	0.00255	0.00296
53	0.01076	0.29657	0.02993	0.00462	0.00579	0.16338	0.00397	0.00643	0.00487	0.00593	0.02362	0.02030	0.00486	0.00851	0.33959	0.00187	0.06305	0.00206	0.00124	0.00267
54	0.00300	0.00216	0.00284	0.00335	0.00353	0.00200	0.00224	0.00343	0.00471	0.00626	0.02238	0.85241	0.04510	0.02335	0.00326	0.00100	0.00143	0.00675	0.00225	0.00854
55	0.01440	0.00511	0.00559	0.00453	0.00586	0.00547	0.00353	0.50425	0.03069	0.05715	0.01792	0.05262	0.01782	0.22049	0.00483	0.00113	0.00241	0.00281	0.01626	0.02713
56	0.00290	0.00244	0.00252	0.00256	0.00332	0.00206	0.00190	0.00352	0.00552	0.00664	0.04461	0.09423	0.80691	0.00627	0.00290	0.00084	0.00125	0.00527	0.00228	0.00206
57	0.00564	0.02035	0.02911	0.02438	0.01850	0.00625	0.72599	0.00749	0.00549	0.00753	0.00484	0.02105	0.00382	0.00239	0.00337	0.00084	0.09866	0.00280	0.00123	0.01028
58	0.00574	0.00671	0.03361	0.01021	0.01270	0.00616	0.87109	0.00781	0.00575	0.00781	0.00492	0.00655	0.00369	0.00206	0.00287	0.00082	0.00410	0.00286	0.00123	0.00330
59	0.00300	0.00253	0.00273	0.00291	0.02594	0.00217	0.00208	0.00365	0.00552	0.00669	0.04601	0.09913	0.76276	0.00618	0.00290	0.00084	0.00131	0.01929	0.00225	0.00211
60	0.00842	0.09959	0.00729	0.00585	0.00716	0.67901	0.00451	0.04963	0.04848	0.00655	0.00450	0.00521	0.01630	0.02477	0.00255	0.00069	0.02346	0.00174	0.00136	0.00292
61	0.03990	0.00732	0.00720	0.22119	0.05701	0.26492	0.02549	0.28028	0.02577	0.00937	0.00506	0.02084	0.01067	0.00271	0.00236	0.00073	0.00327	0.00210	0.00164	0.01216
62	0.01586	0.00690	0.00693	0.02857	0.00750	0.10466	0.00450	0.60772	0.06327	0.01282	0.00566	0.01128	0.00420	0.00286	0.00253	0.00071	0.02953	0.00212	0.00215	0.08022
63	0.00766	0.00561	0.00621	0.00498	0.00651	0.00619	0.00404	0.62687	0.01801	0.01271	0.00617	0.00711	0.00481	0.04317	0.16161	0.00135	0.00325	0.00232	0.04851	0.02291
64	0.00323	0.00267	0.00274	0.00267	0.00353	0.00233	0.00202	0.02164	0.03579	0.01760	0.05131	0.03576	0.79829	0.00596	0.00286	0.00082	0.00130	0.00498	0.00230	0.00219
65	0.00362	0.00281	0.00416	0.00409	0.00448	0.00336	0.00320	0.00446	0.00390	0.00567	0.00631	0.00936	0.00593	0.02898	0.82768	0.00369	0.07221	0.00259	0.00129	0.00221
66	0.00531	0.00583	0.01234	0.00930	0.04044	0.00547	0.71513	0.00708	0.00558	0.00756	0.00646	0.14479	0.01638	0.00296	0.00290	0.00085	0.00363	0.00350	0.00140	0.00310
67	0.00505	0.00395	0.00484	0.00442	0.00522	0.04393	0.00350	0.18796	0.00565	0.01877	0.00626	0.00850	0.00552	0.01400	0.65222	0.00303	0.02051	0.00247	0.00156	0.00265
68	0.05143	0.00261	0.00317	0.00302	0.00368	0.00243	0.00227	0.00461	0.00645	0.02107	0.66385	0.05874	0.15744	0.00513	0.00281	0.00079	0.00123	0.00446	0.00255	0.00229

[dist]
# distance from previous block
# <min> <max>
0	2

[block]
# block no. 1 follows, 123 sequences, length 141
# corresponding to MSA columns:
# 82-222
name=unknown_B
#
# <colnr> <probs for GDERKNQSTAVLIFYWHMCP>
#	G	D	E	R	K	N	Q	S	T	A	V	L	I	F	Y	W	H	M	C	P
0	0.06497	0.00237	0.00334	0.03512	0.00376	0.00246	0.00231	0.00359	0.00333	0.00482	0.00424	0.00718	0.00413	0.00777	0.00864	0.82113	0.00213	0.00207	0.01540	0.00124
1	0.00921	0.00675	0.00725	0.00558	0.00751	0.00747	0.00460	0.85433	0.03526	0.02819	0.00602	0.00598	0.00427	0.00294	0.00244	0.00074	0.00266	0.00222	0.00245	0.00414
2	0.00423	0.00212	0.00318	0.00318	0.00318	0.00212	0.00212	0.00318	0.00319	0.00426	0.00432	0.01533	0.00434	0.00847	0.00948	0.92089	0.00211	0.00216	0.00107	0.00107
3	0.00609	0.00519	0.00548	0.00494	0.00631	0.00598	0.00384	0.01282	0.86983	0.02155	0.01006	0.00934	0.01407	0.00335	0.00249	0.00083	0.00193	0.00956	0.00249	0.00384
4	0.00289	0.00245	0.00249	0.00252	0.00331	0.00206	0.00188	0.00350	0.00551	0.00657	0.02409	0.07338	0.84855	0.00626	0.00290	0.00083	0.00125	0.00525	0.00227	0.00206
5	0.00896	0.01127	0.00688	0.00624	0.00749	0.85154	0.00469	0.01984	0.03690	0.00622	0.00400	0.00459	0.00330	0.00257	0.00229	0.00064	0.01677	0.00163	0.00131	0.00288
6	0.00912	0.01157	0.00692	0.00628	0.00754	0.89386	0.00471	0.02016	0.00697	0.00608	0.00380	0.00442	0.00315	0.00252	0.00220	0.00063	0.00438	0.00158	0.00127	0.00284
7	0.01556	0.82311	0.06654	0.00437	0.00653	0.02277	0.00445	0.00744	0.00502	0.02080	0.00356	0.00407	0.00317	0.00213	0.00164	0.00054	0.00268	0.00136	0.00108	0.00317
8	0.00351	0.00235	0.00268	0.00271	0.00273	0.00234	0.00153	0.00355	0.00366	0.00488	0.01602	0.06831	0.01584	0.84680	0.01172	0.00226	0.00229	0.00376	0.00154	0.00152
9	0.00907	0.00668	0.00720	0.00555	0.00745	0.00740	0.00458	0.85891	0.01120	0.01503	0.00588	0.00599	0.00422	0.00348	0.03499	0.00085	0.00282	0.00221	0.00240	0.00408
10	0.00312	0.00218	0.00279	0.00321	0.00332	0.00208	0.00207	0.00344	0.00439	0.00585	0.01198	0.68481	0.01429	0.23801	0.00548	0.00134	0.00166	0.00608	0.00207	0.00185
11	0.00494	0.03854	0.87610	0.00687	0.01044	0.00578	0.00888	0.00771	0.00515	0.00767	0.00435	0.00512	0.00309	0.00231	0.00230	0.00077	0.00358	0.00179	0.00103	0.00359
12	0.00351	0.00235	0.00268	0.00271	0.00273	0.00234	0.00154	0.00355	0.00365	0.00487	0.01697	0.07180	0.00946	0.84870	0.01174	0.00226	0.00229	0.00377	0.00154	0.00152
13	0.88853	0.00479	0.00373	0.00331	0.00483	0.00555	0.00272	0.03335	0.01952	0.01107	0.00358	0.00411	0.00277	0.00230	0.00155	0.00076	0.00191	0.00137	0.00155	0.00271
14	0.00431	0.00369	0.00523	0.00478	0.00512	0.01046	0.01808	0.02056	0.00408	0.00605	0.00552	0.01434	0.00522	0.04401	0.49836	0.00264	0.30477	0.00249	0.03791	0.00238
15	0.00314	0.00219	0.00278	0.00320	0.00331	0.00208	0.00206	0.00348	0.00440	0.00591	0.01193	0.67509	0.01417	0.23102	0.00538	0.00132	0.00164	0.00602	0.01902	0.00186
16	0.00303	0.00249	0.00260	0.00257	0.00337	0.00210	0.00193	0.00372	0.00575	0.01526	0.13647	0.02267	0.77766	0.00600	0.00288	0.00082	0.00123	0.00503	0.00233	0.00211
17	0.00652	0.91572	0.01279	0.00417	0.00626	0.00965	0.00417	0.00731	0.00496	0.00574	0.00339	0.00391	0.00313	0.00209	0.00157	0.00052	0.00261	0.00130	0.00104	0.00313
18	0.00576	0.00475	0.00543	0.00394	0.00608	0.00397	0.00318	0.15254	0.00612	0.00918	0.00459	0.00519	0.00370	0.00199	0.00191	0.00042	0.00195	0.00157	0.00161	0.77611
19	0.00297	0.00213	0.00283	0.00339	0.00354	0.00198	0.00226	0.00340	0.00468	0.00623	0.01357	0.90296	0.02576	0.00763	0.00311	0.00099	0.00141	0.00692	0.00226	0.00198
20	0.00637	0.00529	0.00561	0.00498	0.00641	0.00608	0.00389	0.05852	0.82477	0.03455	0.00971	0.00891	0.00724	0.00328	0.00248	0.00082	0.00197	0.00272	0.00250	0.00388
21	0.00892	0.00651	0.00699	0.00540	0.00725	0.00720	0.00445	0.82767	0.01100	0.01487	0.00598	0.00610	0.00430	0.00318	0.01762	0.00078	0.00267	0.00221	0.05288	0.00401
22	0.00294	0.00251	0.00253	0.00253	0.00335	0.00213	0.00190	0.00367	0.02120	0.00665	0.02423	0.04128	0.86445	0.00616	0.00288	0.00083	0.00125	0.00514	0.00227	0.00209
23	0.00377	0.00269	0.00373	0.00429	0.00477	0.00267	0.00362	0.00477	0.00543	0.00708	0.01290	0.16707	0.01428	0.02396	0.00350	0.00113	0.00212	0.72780	0.00224	0.00219
24	0.00629	0.00455	0.00516	0.00453	0.00563	0.00485	0.00349	0.44637	0.01831	0.02492	0.03647	0.40869	0.01011	0.00509	0.00275	0.00085	0.00206	0.00438	0.00238	0.00313
25	0.00293	0.00247	0.00255	0.00257	0.00335	0.00208	0.00193	0.00358	0.00560	0.00674	0.06553	0.05069	0.81277	0.00618	0.00290	0.00083	0.00126	0.02168	0.00229	0.00207
26	0.00297	0.00212	0.00283	0.00340	0.00354	0.00198	0.00226	0.00340	0.00467	0.00623	0.01345	0.91266	0.01614	0.00764	0.00311	0.00099	0.00142	0.00694	0.00226	0.00198
27	0.00290	0.00247	0.00250	0.00249	0.00331	0.00207	0.00187	0.00354	0.00561	0.00670	0.05378	0.02331	0.86892	0.00614	0.00288	0.00082	0.00123	0.00512	0.00228	0.00207
28	0.00627	0.00531	0.00561	0.00499	0.00641	0.00612	0.00390	0.05775	0.84203	0.01803	0.00972	0.00893	0.00727	0.00329	0.00248	0.00082	0.00197	0.00273	0.00249	0.00388
29	0.00615	0.00528	0.00557	0.00498	0.00638	0.00611	0.00388	0.03654	0.87090	0.01035	0.00982	0.00902	0.00736	0.00330	0.00248	0.00083	0.00195	0.00274	0.00248	0.00387
30	0.00344	0.00249	0.00325	0.00306	0.00364	0.00230	0.00229	0.00458	0.00688	0.00972	0.88132	0.01832	0.03949	0.00501	0.00288	0.00077	0.00115	0.00443	0.00268	0.00230
31	0.93149	0.00472	0.00359	0.00321	0.00472	0.00547	0.00264	0.00717	0.00415	0.01095	0.00340	0.00396	0.00264	0.00226	0.00151	0.00075	0.00189	0.00132	0.00151	0.00264
32	0.00296	0.00250	0.00256	0.00257	0.00337	0.00212	0.00193	0.00366	0.01429	0.00677	0.06208	0.03883	0.82311	0.00613	0.00289	0.00083	0.00126	0.01777	0.00229	0.00209
33	0.00356	0.00263	0.00352	0.00389	0.00428	0.00259	0.01735	0.00458	0.05512	0.00672	0.01264	0.45780	0.02938	0.08289	0.00394	0.00114	0.00185	0.30177	0.00219	0.00216
34	0.00345	0.00249	0.00326	0.00307	0.00365	0.00230	0.00230	0.00460	0.00691	0.00978	0.89774	0.01823	0.02302	0.00499	0.00288	0.00077	0.00115	0.00441	0.00269	0.00230
35	0.00297	0.00213	0.00282	0.00337	0.00353	0.00198	0.00225	0.00340	0.00470	0.00624	0.01378	0.88636	0.04222	0.00760	0.00311	0.00099	0.00141	0.00688	0.00226	0.00198
36	0.00303	0.00244	0.00254	0.00255	0.00320	0.00212	0.00181	0.00354	0.00520	0.00633	0.04734	0.04735	0.68250	0.17386	0.00465	0.00111	0.00145	0.00488	0.00213	0.00196
37	0.00349	0.00261	0.00392	0.00392	0.00436	0.00305	0.00305	0.00436	0.00392	0.00566	0.00654	0.00959	0.00610	0.01830	0.90458	0.00392	0.00654	0.00261	0.00131	0.00218
38	0.00928	0.00683	0.00732	0.00561	0.00757	0.00757	0.00464	0.89089	0.01147	0.01538	0.00586	0.00586	0.00415	0.00293	0.00244	0.00073	0.00268	0.00220	0.00244	0.00415
39	0.00646	0.88002	0.04792	0.00428	0.00643	0.00950	0.00437	0.00732	0.00497	0.00582	0.00343	0.00396	0.00313	0.00210	0.00160	0.00053	0.00265	0.00132	0.00104	0.00315
40	0.00906	0.01112	0.00701	0.00642	0.02708	0.81375	0.00477	0.07946	0.00725	0.00676	0.00395	0.00455	0.00324	0.00254	0.00222	0.00064	0.00423	0.00163	0.00135	0.00296
41	0.00349	0.00261	0.00392	0.00392	0.00436	0.00305	0.00305	0.00436	0.00392	0.00566	0.00654	0.00959	0.00610	0.01830	0.90458	0.00392	0.00654	0.00261	0.00131	0.00218
42	0.00393	0.00281	0.00393	0.00449	0.00506	0.00281	0.00393	0.00506	0.00562	0.00730	0.01292	0.02752	0.01404	0.00674	0.00337	0.00112	0.00225	0.88261	0.00225	0.00225
43	0.00852	0.00609	0.00665	0.00521	0.00690	0.00669	0.00423	0.72755	0.01019	0.05146	0.00630	0.01945	0.00487	0.07795	0.04557	0.00102	0.00280	0.00240	0.00233	0.00381
44	0.00520	0.00514	0.00722	0.00623	0.00626	0.00715	0.00517	0.00576	0.00375	0.00586	0.00344	0.00564	0.00341	0.00528	0.07272	0.00127	0.84459	0.00217	0.00108	0.00263
45	0.00652	0.91572	0.01279	0.00417	0.00626	0.00965	0.00417	0.00731	0.00496	0.00574	0.00339	0.00391	0.00313	0.00209	0.00157	0.00052	0.00261	0.00130	0.00104	0.00313
46	0.00562	0.00642	0.03038	0.07167	0.04343	0.00601	0.76390	0.00760	0.00566	0.00768	0.00505	0.02550	0.00393	0.00221	0.00283	0.00082	0.00395	0.00287	0.00124	0.00325
47	0.88814	0.00479	0.00375	0.00331	0.00484	0.00553	0.00273	0.04003	0.00445	0.01991	0.00355	0.00408	0.00273	0.00230	0.00155	0.00075	0.00192	0.00136	0.00156	0.00271
48	0.00349	0.00261	0.00392	0.00392	0.00436	0.00305	0.00305	0.00436	0.00392	0.00566	0.00654	0.00959	0.00610	0.01830	0.90458	0.00392	0.00654	0.00261	0.00131	0.00218
49	0.00299	0.00213	0.00284	0.00339	0.00354	0.00199	0.00227	0.00343	0.00473	0.00632	0.03720	0.88864	0.01632	0.00757	0.00311	0.00098	0.00141	0.00687	0.00228	0.00199
50	0.00462	0.00435	0.00733	0.88088	0.03590	0.00540	0.00675	0.00624	0.00490	0.00628	0.00452	0.00665	0.01121	0.00247	0.00244	0.00081	0.00323	0.00219	0.00110	0.00273
51	0.00355	0.00237	0.00266	0.00266	0.00266	0.00237	0.00148	0.00355	0.00355	0.00473	0.00769	0.01597	0.00887	0.91425	0.01242	0.00237	0.00237	0.00355	0.00148	0.00148
52	0.00356	0.00236	0.00266	0.00266	0.00268	0.00236	0.00149	0.00359	0.00359	0.00483	0.00777	0.02732	0.00892	0.88588	0.01210	0.00231	0.00233	0.00357	0.01853	0.00150
53	0.01037	0.00425	0.00565	0.00437	0.00619	0.00381	0.00360	0.07084	0.01375	0.78385	0.04399	0.00856	0.00659	0.00336	0.01836	0.00081	0.00216	0.00252	0.00293	0.00404
54	0.00355	0.00266	0.00394	0.00392	0.00436	0.00309	0.00304	0.01405	0.00400	0.00575	0.00655	0.00965	0.00613	0.03324	0.87966	0.00386	0.00642	0.00263	0.00132	0.00219
55	0.00380	0.00274	0.00377	0.00431	0.00485	0.00271	0.00370	0.00485	0.00554	0.00718	0.01354	0.09822	0.05736	0.00679	0.00333	0.00110	0.00213	0.76964	0.00225	0.00222
56	0.02514	0.00647	0.00686	0.00536	0.00721	0.01515	0.00440	0.74169	0.08276	0.03000	0.00702	0.00689	0.04345	0.00309	0.00245	0.00074	0.00255	0.00235	0.00242	0.00400
57	0.00347	0.00233	0.00268	0.00275	0.00277	0.00232	0.00158	0.00353	0.00369	0.00492	0.00842	0.13015	0.00980	0.79881	0.01123	0.00219	0.00224	0.00398	0.00158	0.00154
58	0.00377	0.00254	0.00284	0.00277	0.00285	0.00257	0.00160	0.03764	0.00385	0.00514	0.00762	0.01558	0.00869	0.87924	0.01204	0.00230	0.00238	0.00350	0.00152	0.00158
59	0.00885	0.01099	0.00680	0.00616	0.00744	0.81130	0.00464	0.02380	0.08518	0.00649	0.00435	0.00484	0.00354	0.00259	0.00223	0.00065	0.00416	0.00169	0.00138	0.00294
60	0.00632	0.00503	0.00540	0.00479	0.00618	0.00568	0.00375	0.03455	0.75248	0.07483	0.02986	0.00974	0.04356	0.00343	0.00250	0.00082	0.00192	0.00286	0.00252	0.00378
61	0.00911	0.00660	0.00713	0.00550	0.00739	0.00727	0.00453	0.83698	0.01112	0.03913	0.00622	0.03660	0.00461	0.00309	0.00246	0.00074	0.00263	0.00236	0.00245	0.00408
62	0.00393	0.00281	0.00393	0.00449	0.00506	0.00281	0.00393	0.00506	0.00562	0.00730	0.01292	0.02752	0.01404	0.00674	0.00337	0.00112	0.00225	0.88261	0.00225	0.00225
63	0.00301	0.00215	0.00286	0.00337	0.00354	0.00201	0.00226	0.00349	0.00483	0.00649	0.08053	0.83758	0.01660	0.01470	0.00317	0.00098	0.00140	0.00672	0.00229	0.00200
64	0.93149	0.00472	0.00359	0.00321	0.00472	0.00547	0.00264	0.00717	0.00415	0.01095	0.00340	0.00396	0.00264	0.00226	0.00151	0.00075	0.00189	0.00132	0.00151	0.00264
65	0.00297	0.00212	0.00283	0.00340	0.00354	0.00198	0.00226	0.00340	0.00467	0.00623	0.01345	0.91266	0.01614	0.00764	0.00311	0.00099	0.00142	0.00694	0.00226	0.00198
66	0.00344	0.00249	0.00324	0.00306	0.00364	0.00230	0.00229	0.00458	0.00687	0.00971	0.87696	0.01835	0.04385	0.00502	0.00288	0.00077	0.00115	0.00443	0.00268	0.00230
67	0.00603	0.00517	0.00546	0.00490	0.00627	0.00595	0.00382	0.03486	0.83533	0.01020	0.01029	0.00967	0.03300	0.00343	0.00250	0.00083	0.00193	0.01409	0.00247	0.00380
68	0.02041	0.00681	0.00728	0.00558	0.00753	0.00754	0.00461	0.88022	0.01138	0.01532	0.00583	0.00584	0.00413	0.00292	0.00243	0.00073	0.00268	0.00219	0.00243	0.00413
69	0.00901	0.00661	0.00710	0.00547	0.00736	0.00730	0.00451	0.84693	0.01121	0.01509	0.03304	0.00630	0.00476	0.00299	0.00244	0.00073	0.00261	0.00227	0.02021	0.00406
70	0.00911	0.01163	0.00691	0.00629	0.00754	0.90446	0.00471	0.00974	0.00691	0.00597	0.00377	0.00440	0.00314	0.00251	0.00220	0.00063	0.00440	0.00157	0.00126	0.00283
71	0.00302	0.00215	0.00284	0.00337	0.00352	0.00202	0.00225	0.00343	0.00462	0.00616	0.01312	0.84707	0.01569	0.05857	0.00364	0.00107	0.00148	0.02179	0.00222	0.00196
72	0.00290	0.00247	0.00249	0.00248	0.00330	0.00207	0.00186	0.00353	0.00559	0.00666	0.04379	0.02337	0.87893	0.00615	0.00288	0.00082	0.00123	0.00513	0.00227	0.00207
73	0.00576	0.00658	0.01440	0.01028	0.01275	0.00617	0.89017	0.00782	0.00576	0.00782	0.00494	0.00658	0.00370	0.00206	0.00288	0.00082	0.00411	0.00288	0.00123	0.00329
74	0.00292	0.00247	0.00252	0.00251	0.00332	0.00207	0.00188	0.00357	0.00564	0.00679	0.07781	0.02316	0.84483	0.00611	0.00288	0.00082	0.00123	0.00510	0.00229	0.00207
75	0.00353	0.00265	0.00394	0.00393	0.00437	0.00308	0.00305	0.01168	0.00398	0.00574	0.00654	0.00960	0.00610	0.02489	0.89043	0.00388	0.00647	0.00262	0.00132	0.00219
76	0.00303	0.00245	0.00253	0.00252	0.00318	0.00213	0.00179	0.00354	0.00521	0.00632	0.04522	0.02189	0.70303	0.18096	0.00472	0.00112	0.00145	0.00482	0.00213	0.00195
77	0.00356	0.00236	0.00265	0.00266	0.00267	0.00236	0.00149	0.00359	0.00359	0.00484	0.00775	0.02408	0.00888	0.88592	0.01210	0.00231	0.00233	0.00355	0.02179	0.00150
78	0.00424	0.00212	0.00318	0.00318	0.00318	0.00212	0.00212	0.00318	0.00318	0.00424	0.00424	0.00742	0.00424	0.00848	0.00954	0.92901	0.00212	0.00212	0.00106	0.00106
79	0.00489	0.01262	0.90161	0.00695	0.01056	0.00567	0.00901	0.00773	0.00515	0.00773	0.00438	0.00515	0.00309	0.00232	0.00232	0.00077	0.00361	0.00180	0.00103	0.00361
80	0.00300	0.00213	0.00282	0.00337	0.00350	0.00200	0.00223	0.00340	0.00463	0.00617	0.01322	0.87721	0.01585	0.04348	0.00348	0.00105	0.00145	0.00680	0.00223	0.00196
81	0.00345	0.00249	0.00326	0.00307	0.00365	0.00230	0.00230	0.00460	0.00691	0.00978	0.89774	0.01823	0.02302	0.00499	0.00288	0.00077	0.00115	0.00441	0.00269	0.00230
82	0.93149	0.00472	0.00359	0.00321	0.00472	0.00547	0.00264	0.00717	0.00415	0.01095	0.00340	0.00396	0.00264	0.00226	0.00151	0.00075	0.00189	0.00132	0.00151	0.00264
83	0.00383	0.00275	0.00379	0.00424	0.00481	0.00271	0.00364	0.00492	0.00575	0.00755	0.11779	0.04251	0.04268	0.00653	0.00329	0.00107	0.00207	0.73553	0.00230	0.00224
84	0.00453	0.00228	0.00228	0.00228	0.00284	0.00228	0.00170	0.00564	0.00508	0.00900	0.00795	0.00925	0.00631	0.02282	0.00194	0.00061	0.00116	0.00230	0.90749	0.00226
85	0.00928	0.00683	0.00732	0.00561	0.00757	0.00757	0.00464	0.89089	0.01147	0.01538	0.00586	0.00586	0.00415	0.00293	0.00244	0.00073	0.00268	0.00220	0.00244	0.00415
86	0.00349	0.00261	0.00392	0.00392	0.00436	0.00305	0.00305	0.00436	0.00392	0.00566	0.00654	0.00959	0.00610	0.01830	0.90458	0.00392	0.00654	0.00261	0.00131	0.00218
87	0.00297	0.00212	0.00283	0.00340	0.00354	0.00198	0.00226	0.00340	0.00467	0.00623	0.01345	0.91266	0.01614	0.00764	0.00311	0.00099	0.00142	0.00694	0.00226	0.00198
88	0.00297	0.00212	0.00283	0.00340	0.00354	0.00198	0.00226	0.00340	0.00467	0.00623	0.01345	0.91266	0.01614	0.00764	0.00311	0.00099	0.00142	0.00694	0.00226	0.00198
89	0.00288	0.00247	0.00247	0.00247	0.00330	0.00206	0.00185	0.00350	0.00556	0.00659	0.02472	0.02348	0.89804	0.00618	0.00288	0.00082	0.00124	0.00515	0.00227	0.00206
90	0.93149	0.00472	0.00359	0.00321	0.00472	0.00547	0.00264	0.00717	0.00415	0.01095	0.00340	0.00396	0.00264	0.00226	0.00151	0.00075	0.00189	0.00132	0.00151	0.00264
91	0.00355	0.00237	0.00266	0.00266	0.00266	0.00237	0.00148	0.00355	0.00355	0.00473	0.00769	0.01597	0.00887	0.91425	0.01242	0.00237	0.00237	0.00355	0.00148	0.00148
92	0.00424	0.00212	0.00318	0.00318	0.00318	0.00212	0.00212	0.00318	0.00318	0.00424	0.00424	0.00742	0.00424	0.00848	0.00954	0.92901	0.00212	0.00212	0.00106	0.00106
93	0.00360	0.00240	0.00270	0.00269	0.00270	0.00241	0.00151	0.01136	0.00362	0.00482	0.00767	0.01588	0.00883	0.90623	0.01233	0.00235	0.00237	0.00354	0.00149	0.00150
94	0.00607	0.00524	0.00552	0.00497	0.00634	0.00607	0.00386	0.01297	0.89462	0.01021	0.00993	0.00910	0.00745	0.00331	0.00248	0.00083	0.00193	0.00276	0.00248	0.00386
95	0.00461	0.00434	0.00732	0.90839	0.01680	0.00542	0.00678	0.00623	0.00488	0.00623	0.00434	0.00651	0.00325	0.00244	0.00244	0.00081	0.00325	0.00217	0.00108	0.00271
96	0.00510	0.00436	0.00508	0.00364	0.00580	0.00331	0.00291	0.01291	0.01307	0.00803	0.00440	0.00510	0.00365	0.00183	0.00182	0.00037	0.00181	0.00146	0.00146	0.91388
97	0.00454	0.00351	0.00379	0.00344	0.00446	0.00346	0.00265	0.14466	0.11203	0.03098	0.11733	0.07971	0.46963	0.00522	0.00277	0.00081	0.00157	0.00437	0.00239	0.00268
98	0.01056	0.00407	0.00554	0.00428	0.00610	0.00352	0.00352	0.01151	0.00698	0.85468	0.05552	0.00882	0.00692	0.00312	0.00248	0.00076	0.00203	0.00255	0.00300	0.00406
99	0.04890	0.00463	0.00586	0.00451	0.00639	0.00434	0.00373	0.16099	0.00763	0.71339	0.00873	0.00771	0.00558	0.00297	0.00241	0.00075	0.00217	0.00236	0.00286	0.00409
100	0.03461	0.01973	0.00679	0.00608	0.02297	0.64362	0.00458	0.09647	0.10831	0.01407	0.00484	0.00524	0.00887	0.00267	0.00229	0.00067	0.01177	0.00180	0.00153	0.00310
101	0.01095	0.00415	0.00566	0.00434	0.00623	0.00359	0.00359	0.01189	0.00698	0.90072	0.00963	0.00830	0.00604	0.00302	0.00245	0.00075	0.00208	0.00245	0.00302	0.00415
102	0.00455	0.00227	0.00227	0.00227	0.00284	0.00227	0.00171	0.00569	0.00512	0.00910	0.00796	0.00910	0.00625	0.00284	0.00171	0.00057	0.00114	0.00227	0.92780	0.00227
103	0.00576	0.00658	0.01440	0.01028	0.01275	0.00617	0.89017	0.00782	0.00576	0.00782	0.00494	0.00658	0.00370	0.00206	0.00288	0.00082	0.00411	0.00288	0.00123	0.00329
104	0.00601	0.00596	0.03160	0.01478	0.87741	0.00579	0.00753	0.00749	0.00555	0.00797	0.00458	0.00602	0.00385	0.00218	0.00241	0.00073	0.00292	0.00216	0.00120	0.00386
105	0.01095	0.00415	0.00566	0.00434	0.00623	0.00359	0.00359	0.01189	0.00698	0.90072	0.00963	0.00830	0.00604	0.00302	0.00245	0.00075	0.00208	0.00245	0.00302	0.00415
106	0.00355	0.00237	0.00266	0.00266	0.00266	0.00237	0.00148	0.00355	0.00355	0.00473	0.00769	0.01597	0.00887	0.91425	0.01242	0.00237	0.00237	0.00355	0.00148	0.00148
107	0.00342	0.00249	0.00322	0.00304	0.00363	0.00229	0.00228	0.00454	0.00682	0.00959	0.84673	0.02703	0.06561	0.00507	0.00288	0.00077	0.00116	0.00447	0.00266	0.00229
108	0.00607	0.00524	0.00552	0.00497	0.00634	0.00607	0.00386	0.01297	0.89462	0.01021	0.00993	0.00910	0.00745	0.00331	0.00248	0.00083	0.00193	0.00276	0.00248	0.00386
109	0.00911	0.01163	0.00691	0.00629	0.00754	0.90446	0.00471	0.00974	0.00691	0.00597	0.00377	0.00440	0.00314	0.00251	0.00220	0.00063	0.00440	0.00157	0.00126	0.00283
110	0.00461	0.00434	0.00732	0.90839	0.01680	0.00542	0.00678	0.00623	0.00488	0.00623	0.00434	0.00651	0.00325	0.00244	0.00244	0.00081	0.00325	0.00217	0.00108	0.00271
111	0.00342	0.00249	0.00322	0.00304	0.00363	0.00229	0.00228	0.00455	0.00684	0.00962	0.85270	0.01850	0.06817	0.00505	0.00288	0.00077	0.00116	0.00445	0.00266	0.00229
112	0.93149	0.00472	0.00359	0.00321	0.00472	0.00547	0.00264	0.00717	0.00415	0.01095	0.00340	0.00396	0.00264	0.00226	0.00151	0.00075	0.00189	0.00132	0.00151	0.00264
113	0.00652	0.91572	0.01279	0.00417	0.00626	0.00965	0.00417	0.00731	0.00496	0.00574	0.00339	0.00391	0.00313	0.00209	0.00157	0.00052	0.00261	0.00130	0.00104	0.00313
114	0.00355	0.00236	0.00267	0.00268	0.00268	0.00236	0.00150	0.00354	0.00356	0.00475	0.00773	0.03096	0.00892	0.88497	0.01222	0.01665	0.00235	0.00358	0.00149	0.00148
115	0.87228	0.00474	0.00370	0.00328	0.00479	0.00548	0.00270	0.04207	0.00447	0.01108	0.00361	0.00416	0.00279	0.00231	0.00155	0.00075	0.00190	0.00138	0.02428	0.00269
116	0.00298	0.00213	0.00283	0.00339	0.00353	0.00199	0.00225	0.00340	0.00466	0.00621	0.01337	0.89973	0.01603	0.02071	0.00325	0.00101	0.00143	0.00689	0.00225	0.00197
117	0.00299	0.00213	0.00283	0.00338	0.00352	0.00199	0.00225	0.00340	0.00464	0.00619	0.01331	0.89132	0.01596	0.02922	0.00334	0.00102	0.00144	0.00686	0.00225	0.00197
118	0.00299	0.00213	0.00284	0.00339	0.00354	0.00199	0.00227	0.00343	0.00473	0.00632	0.03707	0.88877	0.01632	0.00757	0.00311	0.00098	0.00141	0.00687	0.00228	0.00199
119	0.93149	0.00472	0.00359	0.00321	0.00472	0.00547	0.00264	0.00717	0.00415	0.01095	0.00340	0.00396	0.00264	0.00226	0.00151	0.00075	0.00189	0.00132	0.00151	0.00264
120	0.00288	0.00247	0.00247	0.00247	0.00330	0.00206	0.00185	0.00350	0.00556	0.00659	0.02472	0.02348	0.89804	0.00618	0.00288	0.00082	0.00124	0.00515	0.00227	0.00206
121	0.00297	0.00212	0.00283	0.00340	0.00354	0.00198	0.00226	0.00340	0.00467	0.00623	0.01345	0.91266	0.01614	0.00764	0.00311	0.00099	0.00142	0.00694	0.00226	0.00198
122	0.92156	0.00474	0.00363	0.00323	0.00475	0.00550	0.00266	0.01668	0.00423	0.01099	0.00342	0.00398	0.00266	0.00227	0.00152	0.00075	0.00190	0.00133	0.00152	0.00266
123	0.00316	0.00221	0.00278	0.00315	0.00327	0.00211	0.00202	0.00347	0.00439	0.00585	0.03014	0.60270	0.03148	0.28453	0.00595	0.00140	0.00170	0.00581	0.00203	0.00184
124	0.00349	0.00261	0.00390	0.00390	0.00433	0.00304	0.00302	0.00434	0.00392	0.00565	0.00655	0.00969	0.00615	0.03341	0.88953	0.00390	0.00647	0.00263	0.00131	0.00217
125	0.00450	0.00232	0.00340	0.01683	0.00356	0.00234	0.00228	0.02632	0.00353	0.02210	0.01415	0.00750	0.00446	0.00810	0.00904	0.86290	0.00214	0.00215	0.00115	0.00124
126	0.00315	0.00268	0.00274	0.00270	0.00355	0.00238	0.00203	0.00427	0.07648	0.00692	0.03813	0.04538	0.78913	0.00597	0.00286	0.00083	0.00129	0.00499	0.00229	0.00221
127	0.00610	0.00526	0.00553	0.00497	0.00636	0.00608	0.00387	0.02094	0.88660	0.01025	0.00989	0.00907	0.00742	0.00331	0.00248	0.00083	0.00194	0.00275	0.00248	0.00386
128	0.91293	0.02299	0.00377	0.00323	0.00475	0.00556	0.00267	0.00717	0.00417	0.01084	0.00340	0.00396	0.00265	0.00226	0.00151	0.00075	0.00190	0.00132	0.00150	0.00265
129	0.00919	0.00679	0.00727	0.00560	0.00753	0.00753	0.00462	0.86661	0.03590	0.01523	0.00597	0.00595	0.00424	0.00294	0.00244	0.00073	0.00266	0.00221	0.00244	0.00414
130	0.00343	0.00232	0.00269	0.00281	0.00283	0.00229	0.00163	0.00352	0.00377	0.00503	0.00883	0.19346	0.01031	0.73480	0.01058	0.00209	0.00218	0.00422	0.00163	0.00158
131	0.00495	0.04340	0.87132	0.00686	0.01041	0.00580	0.00885	0.00771	0.00514	0.00766	0.00435	0.00511	0.00309	0.00231	0.00229	0.00076	0.00357	0.00179	0.00103	0.00359
132	0.00354	0.00236	0.00266	0.00267	0.00267	0.00236	0.00149	0.00355	0.00356	0.00475	0.00776	0.02646	0.00896	0.90364	0.01231	0.00235	0.00235	0.00359	0.00149	0.00148
133	0.00478	0.00458	0.00823	0.71170	0.01538	0.00536	0.15086	0.00638	0.00497	0.00649	0.00451	0.00660	0.00342	0.00259	0.00273	0.03162	0.00331	0.00229	0.02145	0.00274
134	0.02146	0.88704	0.02636	0.00420	0.00630	0.00953	0.00422	0.00731	0.00495	0.00586	0.00341	0.00393	0.00312	0.00209	0.00158	0.00053	0.00261	0.00131	0.00105	0.00313
135	0.00297	0.00212	0.00283	0.00340	0.00354	0.00198	0.00226	0.00340	0.00467	0.00623	0.01345	0.91266	0.01614	0.00764	0.00311	0.00099	0.00142	0.00694	0.00226	0.00198
136	0.00355	0.00237	0.00267	0.00267	0.00268	0.00236	0.00150	0.00357	0.00362	0.00484	0.02686	0.01602	0.00918	0.89466	0.01221	0.00233	0.00234	0.00357	0.00150	0.00150
137	0.00503	0.01871	0.78520	0.00751	0.05035	0.00574	0.07034	0.00777	0.01304	0.00775	0.00447	0.00532	0.00321	0.00230	0.00236	0.00077	0.00359	0.00190	0.00107	0.00359
138	0.00288	0.00247	0.00248	0.00248	0.00330	0.00206	0.00186	0.00350	0.00555	0.00659	0.02461	0.03220	0.88939	0.00619	0.00289	0.00083	0.00124	0.00517	0.00227	0.00206
139	0.00374	0.00256	0.00296	0.00293	0.00309	0.00256	0.00180	0.04615	0.00437	0.00588	0.08777	0.12896	0.01083	0.67489	0.00991	0.00197	0.00215	0.00399	0.00173	0.00174
140	0.00860	0.01070	0.00723	0.00721	0.10496	0.77192	0.01293	0.00938	0.01309	0.00623	0.00398	0.00475	0.00332	0.00282	0.02201	0.00071	0.00426	0.00168	0.00126	0.00294

[dist]
# distance from previous block
# <min> <max>
5	8

[block]
# block no. 2 follows, 123 sequences, length 176
# corresponding to MSA columns:
# 236-411
name=unknown_C
#
# <colnr> <probs for GDERKNQSTAVLIFYWHMCP>
#	G	D	E	R	K	N	Q	S	T	A	V	L	I	F	Y	W	H	M	C	P
0	0.00907	0.01139	0.00697	0.00640	0.02109	0.86314	0.00475	0.03689	0.00703	0.00629	0.00385	0.00447	0.00318	0.00252	0.00221	0.00063	0.00432	0.00160	0.00129	0.00289
1	0.02605	0.01099	0.69333	0.02678	0.05769	0.00567	0.09394	0.00779	0.00524	0.03469	0.00457	0.00544	0.00327	0.00233	0.00242	0.00078	0.01239	0.00195	0.00113	0.00356
2	0.01663	0.00272	0.00328	0.00310	0.00376	0.01267	0.00233	0.00486	0.03514	0.01808	0.69279	0.03312	0.15225	0.00507	0.00284	0.00078	0.00125	0.00442	0.00258	0.00234
3	0.00809	0.05617	0.01736	0.00605	0.00723	0.62804	0.00474	0.03071	0.00628	0.00630	0.00375	0.00461	0.00320	0.00276	0.00313	0.00069	0.15551	0.00166	0.00125	0.05248
4	0.00368	0.00254	0.00296	0.00296	0.00315	0.00249	0.00183	0.02945	0.01093	0.00556	0.01661	0.19708	0.02174	0.62289	0.00950	0.02282	0.00213	0.00411	0.00168	0.03590
5	0.00303	0.00215	0.00283	0.00333	0.00347	0.00202	0.00220	0.00344	0.00464	0.00620	0.03592	0.81682	0.01573	0.08102	0.00386	0.00110	0.00149	0.00660	0.00221	0.00195
6	0.00354	0.00237	0.00268	0.00268	0.00270	0.00236	0.00151	0.00358	0.00365	0.00488	0.03211	0.02446	0.00933	0.88083	0.01207	0.00231	0.00232	0.00360	0.00152	0.00151
7	0.00414	0.00259	0.00339	0.00325	0.00387	0.00236	0.00240	0.00507	0.00629	0.10566	0.55378	0.21991	0.04775	0.02449	0.00309	0.00085	0.00134	0.00478	0.00259	0.00241
8	0.00616	0.00523	0.00550	0.00489	0.00628	0.00598	0.00382	0.08335	0.77710	0.01044	0.01037	0.00959	0.05348	0.00343	0.00250	0.00082	0.00196	0.00284	0.00247	0.00379
9	0.00299	0.00213	0.00283	0.00338	0.00352	0.00199	0.00225	0.00340	0.00464	0.00619	0.01329	0.89180	0.01593	0.02143	0.00331	0.00842	0.00144	0.00685	0.00224	0.00197
10	0.00459	0.00231	0.00232	0.00230	0.00288	0.00232	0.00173	0.01359	0.00517	0.00915	0.00794	0.00907	0.00624	0.00284	0.00171	0.00057	0.00115	0.00227	0.91954	0.00229
11	0.01058	0.00451	0.00586	0.00451	0.00638	0.00414	0.00372	0.12697	0.02333	0.76153	0.01655	0.00808	0.00596	0.00303	0.00246	0.00075	0.00215	0.00244	0.00293	0.00413
12	0.00358	0.00243	0.00281	0.00286	0.00296	0.00241	0.00171	0.02274	0.00407	0.00546	0.04880	0.16200	0.01057	0.69917	0.01018	0.00202	0.00215	0.00410	0.00830	0.00166
13	0.00301	0.00214	0.00282	0.00335	0.00348	0.00201	0.00221	0.00341	0.00460	0.00613	0.01308	0.85526	0.01567	0.06568	0.00371	0.00108	0.00148	0.00672	0.00221	0.00195
14	0.00298	0.00213	0.00283	0.00339	0.00354	0.00199	0.00226	0.00341	0.00471	0.00628	0.02548	0.89393	0.02281	0.00760	0.00311	0.00099	0.00141	0.00689	0.00227	0.00199
15	0.00354	0.00236	0.00267	0.00268	0.00268	0.00236	0.00150	0.00354	0.00357	0.00476	0.00782	0.03619	0.00903	0.89380	0.01221	0.00233	0.00234	0.00362	0.00150	0.00149
16	0.06416	0.00500	0.00582	0.00461	0.00631	0.00510	0.00376	0.31594	0.06643	0.38611	0.06903	0.02229	0.00661	0.00317	0.00242	0.00075	0.00217	0.00252	0.02398	0.00384
17	0.92070	0.00471	0.00361	0.00322	0.00474	0.00545	0.00265	0.00723	0.00419	0.02138	0.00347	0.00401	0.00268	0.00227	0.00152	0.00075	0.00189	0.00133	0.00153	0.00266
18	0.01022	0.00428	0.00566	0.00432	0.00623	0.00373	0.00356	0.04147	0.01988	0.76714	0.00897	0.00790	0.00575	0.00290	0.00239	0.00072	0.00207	0.00235	0.00283	0.09764
19	0.00318	0.00247	0.00289	0.00281	0.00348	0.00218	0.00210	0.00407	0.00624	0.00825	0.47987	0.04393	0.41855	0.00560	0.00289	0.00080	0.00120	0.00481	0.00248	0.00218
20	0.01091	0.00421	0.00570	0.00437	0.00626	0.00368	0.00361	0.03172	0.00708	0.88075	0.00954	0.00825	0.00600	0.00302	0.00245	0.00075	0.00209	0.00245	0.00301	0.00415
21	0.00604	0.00580	0.00990	0.01498	0.89903	0.00580	0.00749	0.00749	0.00556	0.00797	0.00459	0.00604	0.00386	0.00217	0.00242	0.00072	0.00290	0.00217	0.00121	0.00386
22	0.00928	0.00683	0.00732	0.00561	0.00757	0.00757	0.00464	0.89089	0.01147	0.01538	0.00586	0.00586	0.00415	0.00293	0.00244	0.00073	0.00268	0.00220	0.00244	0.00415
23	0.01090	0.00423	0.00571	0.00438	0.00627	0.00370	0.00362	0.03602	0.00711	0.87642	0.00952	0.00824	0.00599	0.00302	0.00245	0.00075	0.00209	0.00245	0.00300	0.00415
24	0.00576	0.00658	0.01440	0.01028	0.01275	0.00617	0.89017	0.00782	0.00576	0.00782	0.00494	0.00658	0.00370	0.00206	0.00288	0.00082	0.00411	0.00288	0.00123	0.00329
25	0.00355	0.00237	0.00267	0.00267	0.00267	0.00236	0.00149	0.00356	0.00358	0.00478	0.01649	0.01599	0.00901	0.90526	0.01232	0.00235	0.00235	0.00356	0.00149	0.00149
26	0.00506	0.00434	0.00506	0.00361	0.00578	0.00325	0.00289	0.00614	0.00506	0.00795	0.00434	0.00506	0.00361	0.00181	0.00181	0.00036	0.00181	0.00145	0.00145	0.92917
27	0.00299	0.00213	0.00283	0.00338	0.00352	0.00199	0.00225	0.00340	0.00465	0.00619	0.01332	0.89244	0.01597	0.02809	0.00332	0.00102	0.00144	0.00686	0.00225	0.00197
28	0.00536	0.00539	0.00776	0.00657	0.00667	0.00742	0.04217	0.00595	0.00382	0.00595	0.00328	0.00539	0.00322	0.00418	0.00779	0.00106	0.87208	0.00217	0.00107	0.00269
29	0.00342	0.00249	0.00322	0.00304	0.00363	0.00229	0.00228	0.00454	0.00682	0.00960	0.84696	0.02556	0.06686	0.00507	0.00288	0.00077	0.00116	0.00447	0.00266	0.00229
