[name]
ndhG

[dist]
# distance from previous block
# <min> <max>
0	29

[block]
# block no. 0 follows, 132 sequences, length 90
# corresponding to MSA columns:
# 29-118
name=unknown_A
#
# <colnr> <probs for GDERKNQSTAVLIFYWHMCP>
#	G	D	E	R	K	N	Q	S	T	A	V	L	I	F	Y	W	H	M	C	P
0	0.00370	0.00264	0.00370	0.00423	0.00476	0.00264	0.00370	0.00476	0.00528	0.00687	0.01215	0.02589	0.01321	0.00634	0.00317	0.00106	0.00211	0.88956	0.00211	0.00211
1	0.04275	0.85331	0.01150	0.00396	0.00587	0.03117	0.00389	0.00691	0.00467	0.00560	0.00320	0.00371	0.00293	0.00200	0.00154	0.00051	0.01131	0.00124	0.00100	0.00292
2	0.00280	0.00200	0.00266	0.00320	0.00333	0.00186	0.00213	0.00320	0.00439	0.00586	0.01265	0.91783	0.01518	0.00719	0.00293	0.00093	0.00133	0.00653	0.00213	0.00186
3	0.00503	0.00421	0.00492	0.00359	0.00553	0.00341	0.00288	0.04816	0.02679	0.01966	0.00440	0.01379	0.00365	0.00191	0.00191	0.00039	0.02456	0.00150	0.00145	0.82227
4	0.86680	0.00474	0.04521	0.00319	0.00469	0.00509	0.00277	0.00679	0.00402	0.02090	0.01739	0.00404	0.00284	0.00218	0.00149	0.00071	0.00184	0.00132	0.00143	0.00254
5	0.00493	0.00415	0.00482	0.00350	0.00548	0.00325	0.00279	0.05468	0.00508	0.00782	0.00438	0.02880	0.00374	0.00190	0.00177	0.00037	0.00174	0.00153	0.00143	0.85782
6	0.00273	0.00232	0.00235	0.00236	0.00311	0.00194	0.00176	0.00332	0.00524	0.00627	0.04438	0.04347	0.86131	0.00582	0.00272	0.00078	0.00116	0.00487	0.00214	0.00194
7	0.00499	0.00498	0.00698	0.00599	0.00600	0.00697	0.00499	0.00550	0.00352	0.00552	0.00306	0.00508	0.00306	0.00422	0.02170	0.00105	0.90086	0.00202	0.00101	0.00250
8	0.00619	0.90019	0.01190	0.00397	0.00592	0.02940	0.00394	0.00693	0.00471	0.00541	0.00320	0.00369	0.00295	0.00197	0.00149	0.00049	0.00249	0.00123	0.00099	0.00294
9	0.00333	0.00222	0.00251	0.00251	0.00252	0.00222	0.00140	0.00334	0.00335	0.00447	0.00731	0.02766	0.00844	0.90656	0.01156	0.00221	0.00221	0.00338	0.00140	0.00140
10	0.00280	0.00203	0.00263	0.00310	0.00329	0.00188	0.00208	0.00321	0.00445	0.00586	0.01355	0.81035	0.10099	0.02812	0.00311	0.00095	0.00134	0.00629	0.00211	0.00186
11	0.00290	0.00208	0.00273	0.00319	0.00337	0.00195	0.00215	0.01571	0.00455	0.00608	0.04251	0.84606	0.02976	0.02128	0.00305	0.00094	0.00135	0.00631	0.00213	0.00190
12	0.00327	0.00235	0.00303	0.00286	0.00341	0.00216	0.00214	0.00429	0.00634	0.01607	0.81488	0.03282	0.07355	0.01928	0.00285	0.00075	0.00112	0.00421	0.00248	0.00215
13	0.00340	0.00228	0.00259	0.00260	0.00264	0.00229	0.00149	0.01871	0.00354	0.00471	0.00756	0.07368	0.00871	0.84414	0.01095	0.00211	0.00217	0.00352	0.00145	0.00146
14	0.00282	0.00201	0.00266	0.00318	0.00332	0.00188	0.00212	0.00322	0.00439	0.00584	0.01265	0.87390	0.02743	0.03089	0.00316	0.00096	0.00136	0.01425	0.00211	0.00186
15	0.93554	0.00444	0.00337	0.00302	0.00444	0.00515	0.00249	0.00675	0.00391	0.01030	0.00320	0.00373	0.00249	0.00213	0.00142	0.00071	0.00178	0.00124	0.00142	0.00249
16	0.00643	0.00471	0.00524	0.00445	0.00563	0.00508	0.00348	0.54939	0.00829	0.01110	0.00832	0.33277	0.01898	0.02152	0.00270	0.00081	0.00208	0.00372	0.00222	0.00310
17	0.84817	0.00432	0.00342	0.00305	0.00442	0.00497	0.00250	0.02424	0.00423	0.01030	0.06988	0.00476	0.00393	0.00233	0.00153	0.00071	0.00174	0.00147	0.00152	0.00249
18	0.00280	0.00201	0.00266	0.00318	0.00333	0.00187	0.00213	0.00321	0.00443	0.00590	0.02320	0.89599	0.02649	0.00714	0.00292	0.00093	0.00133	0.00648	0.00214	0.00187
19	0.00273	0.00230	0.00237	0.00241	0.00313	0.00194	0.00178	0.00331	0.00519	0.00624	0.04061	0.09460	0.81377	0.00590	0.00273	0.00079	0.00117	0.00497	0.00214	0.00194
20	0.00299	0.00215	0.00280	0.00319	0.00341	0.00203	0.00217	0.02502	0.00473	0.00634	0.09302	0.78323	0.02627	0.02709	0.00309	0.00093	0.00136	0.00611	0.00215	0.00193
21	0.88208	0.00434	0.00338	0.00302	0.00439	0.00500	0.00246	0.00669	0.00393	0.02641	0.00346	0.00425	0.00277	0.03815	0.00184	0.00077	0.00180	0.00134	0.00145	0.00247
22	0.73445	0.00473	0.00405	0.00345	0.00495	0.00537	0.00284	0.15209	0.00517	0.05950	0.00389	0.00424	0.00289	0.00227	0.00161	0.00071	0.00191	0.00143	0.00164	0.00279
23	0.00285	0.00212	0.00266	0.00306	0.00337	0.00194	0.00214	0.00334	0.00468	0.00608	0.03706	0.64832	0.20616	0.00678	0.00289	0.00090	0.00134	0.06026	0.00214	0.00190
24	0.93554	0.00444	0.00337	0.00302	0.00444	0.00515	0.00249	0.00675	0.00391	0.01030	0.00320	0.00373	0.00249	0.00213	0.00142	0.00071	0.00178	0.00124	0.00142	0.00249
25	0.00325	0.00235	0.00307	0.00289	0.00343	0.00217	0.00217	0.00433	0.00650	0.00921	0.90380	0.01715	0.02166	0.00469	0.00271	0.00072	0.00108	0.00415	0.00253	0.00217
26	0.00323	0.00233	0.00304	0.00289	0.00342	0.00215	0.00216	0.00428	0.00641	0.00905	0.86016	0.04741	0.03524	0.00479	0.00271	0.00073	0.00109	0.00424	0.00251	0.00215
27	0.00282	0.00201	0.00266	0.00316	0.00329	0.00188	0.00210	0.00321	0.00437	0.00583	0.02057	0.87034	0.01494	0.04682	0.00331	0.00099	0.00137	0.00637	0.00210	0.00185
28	0.00294	0.00206	0.00262	0.00301	0.00311	0.00196	0.00194	0.00324	0.00413	0.00551	0.01843	0.67220	0.01343	0.24798	0.00524	0.00127	0.00157	0.00566	0.00194	0.00174
29	0.00595	0.00539	0.00529	0.00469	0.00603	0.08004	0.00365	0.04168	0.73366	0.00927	0.00862	0.00806	0.01857	0.00300	0.00228	0.00074	0.00202	0.00245	0.00218	0.05643
30	0.00857	0.01094	0.00651	0.00591	0.00710	0.91011	0.00444	0.00917	0.00651	0.00562	0.00355	0.00414	0.00296	0.00237	0.00207	0.00059	0.00414	0.00148	0.00118	0.00266
31	0.00515	0.00434	0.00508	0.00373	0.00569	0.00358	0.01688	0.08525	0.04964	0.00818	0.00458	0.01599	0.00377	0.00193	0.00181	0.00041	0.00181	0.00157	0.00150	0.77911
32	0.00274	0.00233	0.00236	0.00238	0.00315	0.00196	0.00180	0.00333	0.00523	0.00622	0.02295	0.02220	0.87961	0.00583	0.00273	0.00078	0.00119	0.02914	0.00213	0.00194
33	0.00342	0.00253	0.00351	0.00348	0.00383	0.00913	0.00259	0.01876	0.00375	0.00530	0.00635	0.01019	0.00624	0.20740	0.69909	0.00331	0.00525	0.00263	0.00128	0.00195
34	0.00864	0.00628	0.00675	0.00518	0.00699	0.00694	0.00428	0.86163	0.01058	0.02786	0.00561	0.00562	0.00398	0.00275	0.00228	0.00069	0.00248	0.00207	0.02553	0.00386
35	0.01030	0.00391	0.00533	0.00408	0.00586	0.00337	0.00337	0.01119	0.00657	0.90660	0.00906	0.00781	0.00568	0.00284	0.00231	0.00071	0.00195	0.00231	0.00284	0.00391
36	0.00334	0.00223	0.00250	0.00250	0.00250	0.00223	0.00139	0.00334	0.00334	0.00445	0.00723	0.01502	0.00835	0.91933	0.01168	0.00223	0.00223	0.00334	0.00139	0.00139
37	0.00879	0.00633	0.00683	0.00524	0.00707	0.00697	0.00432	0.86305	0.01063	0.04900	0.00565	0.00560	0.00397	0.00276	0.00230	0.00069	0.00250	0.00208	0.00232	0.00390
38	0.00280	0.00200	0.00266	0.00320	0.00333	0.00186	0.00213	0.00320	0.00439	0.00586	0.01265	0.91783	0.01518	0.00719	0.00293	0.00093	0.00133	0.00653	0.00213	0.00186
39	0.93554	0.00444	0.00337	0.00302	0.00444	0.00515	0.00249	0.00675	0.00391	0.01030	0.00320	0.00373	0.00249	0.00213	0.00142	0.00071	0.00178	0.00124	0.00142	0.00249
40	0.00298	0.00210	0.00269	0.00309	0.00322	0.00200	0.00202	0.01505	0.00428	0.00571	0.01154	0.73546	0.01374	0.17920	0.00457	0.00117	0.00152	0.00587	0.00199	0.00180
41	0.00328	0.00238	0.00310	0.00292	0.00347	0.00222	0.00219	0.00445	0.02139	0.00916	0.87488	0.03114	0.02131	0.00471	0.00270	0.00073	0.00110	0.00416	0.00252	0.00219
42	0.00285	0.00202	0.00265	0.00312	0.00324	0.00190	0.00205	0.00321	0.00428	0.00571	0.01208	0.82268	0.01446	0.10333	0.00385	0.00107	0.00143	0.00619	0.00205	0.00181
43	0.00342	0.00244	0.00309	0.00289	0.00348	0.00225	0.00217	0.01911	0.00638	0.02450	0.77378	0.01715	0.09586	0.02984	0.00294	0.00077	0.00116	0.00412	0.00246	0.00218
44	0.00462	0.00247	0.00251	0.00238	0.00302	0.00253	0.00182	0.07464	0.00528	0.00902	0.00733	0.00832	0.00573	0.00268	0.00166	0.00055	0.00118	0.00213	0.85985	0.00228
45	0.00275	0.00235	0.00236	0.00236	0.00313	0.00198	0.00177	0.00339	0.01333	0.00628	0.03690	0.02189	0.88219	0.00577	0.00271	0.00077	0.00117	0.00481	0.00214	0.00196
46	0.00877	0.00636	0.00685	0.00525	0.00708	0.00702	0.00434	0.87289	0.01068	0.03909	0.00561	0.00557	0.00395	0.00276	0.00230	0.00069	0.00251	0.00207	0.00231	0.00390
47	0.00280	0.00200	0.00266	0.00319	0.00332	0.00187	0.00212	0.00320	0.00438	0.00584	0.01257	0.90413	0.01508	0.02103	0.00306	0.00095	0.00135	0.00648	0.00212	0.00186
48	0.00329	0.00220	0.00252	0.00257	0.00258	0.00219	0.00146	0.00333	0.00344	0.00458	0.00773	0.09801	0.00897	0.83548	0.01088	0.00211	0.00214	0.00363	0.00146	0.00143
49	0.00328	0.00245	0.00367	0.00367	0.00407	0.00286	0.00284	0.00408	0.00368	0.00531	0.00617	0.00914	0.00579	0.03524	0.89228	0.00366	0.00607	0.00248	0.00123	0.00204
50	0.00283	0.00240	0.00243	0.00241	0.00319	0.00204	0.00182	0.01286	0.01376	0.00642	0.05011	0.02167	0.85196	0.00573	0.00271	0.00077	0.00119	0.01158	0.00215	0.00198
51	0.00324	0.00235	0.00300	0.00334	0.00364	0.00224	0.00229	0.06032	0.00481	0.00646	0.01193	0.83095	0.01409	0.00674	0.00285	0.00090	0.00142	0.00608	0.00212	0.03126
52	0.00827	0.00573	0.00630	0.00495	0.00661	0.00621	0.00404	0.71922	0.00972	0.10005	0.00659	0.09985	0.00524	0.00322	0.00236	0.00072	0.00235	0.00255	0.00233	0.00369
53	0.00853	0.01086	0.00654	0.00603	0.01969	0.89742	0.00447	0.00914	0.00649	0.00564	0.00356	0.00416	0.00297	0.00236	0.00207	0.00059	0.00412	0.00149	0.00118	0.00267
54	0.00880	0.00631	0.00681	0.00522	0.00706	0.00694	0.00432	0.85529	0.01059	0.05682	0.00568	0.00562	0.00399	0.00276	0.00230	0.00069	0.00250	0.00208	0.00232	0.00390
55	0.00455	0.00433	0.00627	0.01261	0.00576	0.00572	0.03426	0.00521	0.00367	0.00560	0.00396	0.00614	0.00378	0.00743	0.25161	0.00170	0.60173	0.00213	0.00108	0.03245
56	0.00333	0.00222	0.00251	0.00251	0.00252	0.00222	0.00140	0.00334	0.00335	0.00447	0.00732	0.02936	0.00845	0.90485	0.01154	0.00220	0.00221	0.00339	0.00140	0.00140
57	0.00324	0.00234	0.00306	0.00290	0.00343	0.00216	0.00216	0.00430	0.00644	0.00911	0.87777	0.04345	0.02147	0.00477	0.00271	0.00073	0.00109	0.00422	0.00252	0.00216
58	0.01030	0.00391	0.00533	0.00408	0.00586	0.00337	0.00337	0.01119	0.00657	0.90660	0.00906	0.00781	0.00568	0.00284	0.00231	0.00071	0.00195	0.00231	0.00284	0.00391
59	0.01010	0.00391	0.00530	0.00408	0.00583	0.00342	0.00337	0.01113	0.02956	0.87263	0.01995	0.00795	0.00591	0.00287	0.00231	0.00071	0.00194	0.00234	0.00282	0.00388
60	0.01014	0.00398	0.00535	0.00412	0.00589	0.00351	0.00340	0.02727	0.03156	0.86545	0.00900	0.00779	0.00569	0.00285	0.00231	0.00071	0.00196	0.00231	0.00282	0.00390
61	0.00542	0.00619	0.01354	0.00967	0.01200	0.00580	0.89667	0.00735	0.00542	0.00735	0.00464	0.00619	0.00348	0.00193	0.00271	0.00077	0.00387	0.00271	0.00116	0.00310
62	0.00281	0.00200	0.00266	0.00318	0.00331	0.00187	0.00212	0.00320	0.00437	0.00583	0.01254	0.89971	0.01504	0.02550	0.00311	0.00096	0.00135	0.00646	0.00212	0.00185
63	0.00280	0.00200	0.00266	0.00320	0.00333	0.00186	0.00213	0.00320	0.00439	0.00586	0.01265	0.91783	0.01518	0.00719	0.00293	0.00093	0.00133	0.00653	0.00213	0.00186
64	0.00271	0.00233	0.00233	0.00233	0.00310	0.00194	0.00174	0.00329	0.00523	0.00620	0.02325	0.02209	0.90408	0.00581	0.00271	0.00078	0.00116	0.00484	0.00213	0.00194
65	0.00328	0.00246	0.00369	0.00369	0.00410	0.00287	0.00287	0.00410	0.00369	0.00533	0.00615	0.00902	0.00574	0.01722	0.91023	0.00369	0.00615	0.00246	0.00123	0.00205
66	0.00325	0.00235	0.00307	0.00289	0.00343	0.00217	0.00217	0.00433	0.00650	0.00921	0.90380	0.01715	0.02166	0.00469	0.00271	0.00072	0.00108	0.00415	0.00253	0.00217
67	0.93554	0.00444	0.00337	0.00302	0.00444	0.00515	0.00249	0.00675	0.00391	0.01030	0.00320	0.00373	0.00249	0.00213	0.00142	0.00071	0.00178	0.00124	0.00142	0.00249
68	0.01030	0.00391	0.00533	0.00408	0.00586	0.00337	0.00337	0.01119	0.00657	0.90660	0.00906	0.00781	0.00568	0.00284	0.00231	0.00071	0.00195	0.00231	0.00284	0.00391
69	0.00276	0.00233	0.00239	0.00237	0.00313	0.00196	0.00178	0.00338	0.00534	0.00645	0.09577	0.02168	0.83141	0.00572	0.00271	0.00077	0.00116	0.00479	0.00216	0.00196
70	0.00857	0.01094	0.00651	0.00591	0.00710	0.91011	0.00444	0.00917	0.00651	0.00562	0.00355	0.00414	0.00296	0.00237	0.00207	0.00059	0.00414	0.00148	0.00118	0.00266
71	0.00323	0.00235	0.00304	0.00287	0.00342	0.00216	0.00215	0.00429	0.00645	0.00909	0.87008	0.01734	0.05545	0.00474	0.00271	0.00072	0.00109	0.00418	0.00251	0.00216
72	0.00280	0.00200	0.00266	0.00320	0.00333	0.00186	0.00213	0.00320	0.00439	0.00586	0.01265	0.91783	0.01518	0.00719	0.00293	0.00093	0.00133	0.00653	0.00213	0.00186
73	0.00279	0.00239	0.00239	0.00238	0.00317	0.00203	0.00179	0.00351	0.02698	0.00628	0.02292	0.02176	0.88229	0.00575	0.00270	0.00078	0.00118	0.00479	0.00214	0.00198
74	0.00276	0.00220	0.00248	0.00267	0.00320	0.00192	0.00190	0.00330	0.00497	0.00619	0.05251	0.35663	0.53862	0.00629	0.00279	0.00083	0.00122	0.00545	0.00215	0.00192
75	0.00334	0.00223	0.00250	0.00250	0.00250	0.00223	0.00139	0.00334	0.00334	0.00445	0.00723	0.01502	0.00835	0.91933	0.01168	0.00223	0.00223	0.00334	0.00139	0.00139
76	0.01008	0.00396	0.00532	0.00411	0.00587	0.00349	0.00339	0.01124	0.04977	0.86327	0.00907	0.00785	0.00575	0.00285	0.00231	0.00071	0.00195	0.00232	0.00282	0.00389
77	0.00324	0.00235	0.00306	0.00288	0.00342	0.00216	0.00216	0.00431	0.00648	0.00915	0.88910	0.01723	0.03639	0.00471	0.00271	0.00072	0.00108	0.00416	0.00252	0.00216
78	0.00370	0.00264	0.00370	0.00423	0.00476	0.00264	0.00370	0.00476	0.00528	0.00687	0.01215	0.02589	0.01321	0.00634	0.00317	0.00106	0.00211	0.88956	0.00211	0.00211
79	0.00334	0.00223	0.00250	0.00250	0.00250	0.00223	0.00139	0.00334	0.00334	0.00445	0.00723	0.01502	0.00835	0.91933	0.01168	0.00223	0.00223	0.00334	0.00139	0.00139
80	0.00363	0.00262	0.00361	0.00411	0.00464	0.00259	0.00357	0.00465	0.00527	0.00682	0.01278	0.03813	0.06304	0.00632	0.00314	0.00104	0.00205	0.82778	0.00211	0.00210
81	0.00834	0.01040	0.00671	0.00650	0.07357	0.81917	0.00462	0.02414	0.01499	0.00595	0.00369	0.00432	0.00306	0.00236	0.00209	0.00060	0.00399	0.00154	0.00121	0.00276
82	0.74876	0.06639	0.00431	0.00333	0.00480	0.03032	0.00278	0.06083	0.01735	0.02640	0.01022	0.00412	0.00290	0.00221	0.00153	0.00069	0.00193	0.00136	0.00713	0.00265
83	0.00860	0.00636	0.00682	0.00522	0.00707	0.00699	0.00431	0.86916	0.01060	0.01425	0.00547	0.00549	0.00389	0.00272	0.00228	0.00068	0.00250	0.00204	0.00227	0.03329
84	0.00480	0.12901	0.79203	0.00621	0.00941	0.00581	0.00789	0.00722	0.00482	0.00703	0.00400	0.00470	0.00291	0.00215	0.00209	0.00070	0.00327	0.00164	0.00097	0.00333
85	0.00355	0.03454	0.00407	0.00376	0.00426	0.01875	0.00295	0.01681	0.00387	0.00546	0.00599	0.00870	0.00557	0.01623	0.85032	0.00348	0.00593	0.00239	0.00124	0.00212
86	0.00512	0.00987	0.00476	0.00418	0.00508	0.01775	0.00333	0.26656	0.00589	0.02355	0.00593	0.00784	0.00512	0.01900	0.58747	0.00263	0.00486	0.00231	0.00157	0.01720
87	0.00588	0.00585	0.00895	0.02147	0.74461	0.07417	0.03381	0.00753	0.06142	0.00747	0.00458	0.00576	0.00379	0.00214	0.00227	0.00068	0.00282	0.00206	0.00121	0.00353
88	0.02658	0.81555	0.01128	0.00402	0.00593	0.04340	0.00390	0.02107	0.01828	0.02760	0.00348	0.00390	0.00308	0.00203	0.00154	0.00051	0.00248	0.00130	0.00109	0.00297
89	0.00348	0.00234	0.00274	0.00279	0.00291	0.00233	0.00171	0.03720	0.00387	0.01095	0.00832	0.22171	0.00959	0.63928	0.00917	0.03243	0.00202	0.00397	0.00159	0.00160

[dist]
# distance from previous block
# <min> <max>
0	2

[block]
# block no. 1 follows, 132 sequences, length 46
# corresponding to MSA columns:
# 121-166
name=unknown_B
#
# <colnr> <probs for GDERKNQSTAVLIFYWHMCP>
#	G	D	E	R	K	N	Q	S	T	A	V	L	I	F	Y	W	H	M	C	P
0	0.00793	0.04379	0.00672	0.00575	0.00689	0.70451	0.01096	0.03786	0.03413	0.00605	0.00378	0.00448	0.00317	0.00272	0.01480	0.00067	0.08600	0.00159	0.00123	0.01696
1	0.00280	0.00203	0.00263	0.00312	0.00330	0.00188	0.00209	0.00321	0.00444	0.00587	0.01341	0.83346	0.08525	0.02089	0.00305	0.00094	0.00133	0.00634	0.00212	0.00186
2	0.04578	0.00242	0.00346	0.00328	0.00350	0.00245	0.03195	0.03612	0.00351	0.00494	0.00465	0.05330	0.00466	0.04256	0.00787	0.72945	0.00203	0.00227	0.01448	0.00132
3	0.00606	0.00497	0.00516	0.00459	0.00591	0.03544	0.00358	0.01174	0.77422	0.07853	0.00956	0.00878	0.03480	0.00315	0.00234	0.00077	0.00188	0.00261	0.00233	0.00357
4	0.00327	0.00236	0.00293	0.00279	0.00336	0.00214	0.00207	0.00418	0.00604	0.02452	0.65407	0.04097	0.18277	0.05458	0.00319	0.00082	0.00118	0.00426	0.00239	0.00211
5	0.84240	0.00431	0.00355	0.05202	0.00499	0.00500	0.00268	0.00655	0.00396	0.00986	0.01954	0.00419	0.00291	0.00235	0.00170	0.02693	0.00184	0.00136	0.00141	0.00244
6	0.04503	0.46143	0.02429	0.00478	0.00639	0.33619	0.00418	0.03864	0.01160	0.01326	0.00350	0.00404	0.00302	0.00223	0.00194	0.00057	0.03352	0.00140	0.00114	0.00286
7	0.90445	0.00443	0.00349	0.03343	0.00482	0.00515	0.00262	0.00672	0.00393	0.01015	0.00323	0.00381	0.00251	0.00214	0.00145	0.00071	0.00182	0.00127	0.00141	0.00249
8	0.00325	0.00235	0.00283	0.00273	0.00333	0.00211	0.00201	0.00405	0.00576	0.03307	0.47680	0.07796	0.31002	0.05961	0.00325	0.00084	0.00122	0.00444	0.00231	0.00207
9	0.00571	0.00493	0.00519	0.00467	0.00597	0.00571	0.00363	0.01220	0.90086	0.00960	0.00934	0.00856	0.00701	0.00311	0.00234	0.00078	0.00182	0.00260	0.00234	0.00363
10	0.00705	0.00517	0.00567	0.00465	0.00599	0.00563	0.00369	0.64105	0.00891	0.01193	0.00729	0.22226	0.00680	0.04925	0.00291	0.00082	0.00223	0.00319	0.00221	0.00330
11	0.00286	0.00206	0.00272	0.00319	0.00338	0.00191	0.00215	0.00330	0.00445	0.00596	0.03244	0.85155	0.02170	0.01820	0.00301	0.00093	0.00135	0.01431	0.00211	0.02241
12	0.00317	0.00234	0.00297	0.00282	0.00339	0.00213	0.00211	0.00418	0.00631	0.00878	0.77966	0.02761	0.13625	0.00487	0.00271	0.00073	0.00110	0.00427	0.00247	0.00213
13	0.00443	0.00228	0.00230	0.00225	0.00282	0.00231	0.00170	0.03534	0.00501	0.00876	0.00742	0.00846	0.00582	0.00268	0.00163	0.00054	0.00112	0.00214	0.90081	0.00220
14	0.00563	0.00472	0.00499	0.00449	0.00576	0.00537	0.00349	0.01154	0.81092	0.03576	0.01032	0.00950	0.07070	0.00330	0.00236	0.00078	0.00177	0.00275	0.00234	0.00352
15	0.04157	0.00613	0.00651	0.00506	0.00682	0.00678	0.00416	0.78388	0.06043	0.01375	0.00627	0.00621	0.03599	0.00286	0.00228	0.00070	0.00241	0.00217	0.00226	0.00377
16	0.00273	0.00229	0.00238	0.00243	0.00313	0.00194	0.00180	0.00331	0.00517	0.00624	0.04309	0.11883	0.78694	0.00594	0.00274	0.00079	0.00118	0.00501	0.00214	0.00194
17	0.00326	0.00219	0.00253	0.00260	0.00262	0.00218	0.00149	0.00332	0.00348	0.00465	0.00798	0.14013	0.00929	0.79293	0.01047	0.00205	0.00210	0.00378	0.00149	0.00146
18	0.06702	0.00243	0.00289	0.00286	0.00334	0.00232	0.00204	0.00418	0.00533	0.02186	0.44193	0.18488	0.08984	0.13926	0.00395	0.00098	0.00136	0.00427	0.01722	0.00203
19	0.00716	0.00518	0.00571	0.00468	0.00605	0.00562	0.00372	0.63612	0.00895	0.03108	0.00742	0.23504	0.00686	0.02198	0.00264	0.00078	0.00221	0.00322	0.00225	0.00334
20	0.00279	0.00200	0.00266	0.00318	0.00332	0.00187	0.00212	0.00320	0.00441	0.00587	0.01288	0.89878	0.03409	0.00716	0.00293	0.00093	0.00133	0.00649	0.00213	0.00187
21	0.00292	0.00237	0.00262	0.00273	0.00342	0.00207	0.00213	0.00361	0.00527	0.00646	0.06319	0.05226	0.67072	0.00590	0.00280	0.00083	0.00134	0.16523	0.00215	0.00198
22	0.00601	0.00493	0.00513	0.00453	0.00585	0.02761	0.00354	0.07875	0.69148	0.05622	0.01774	0.00925	0.07219	0.00327	0.00236	0.00076	0.00188	0.00269	0.00232	0.00351
23	0.00517	0.00451	0.00459	0.00417	0.00532	0.03041	0.00321	0.03176	0.64000	0.00874	0.01186	0.01135	0.19068	0.03445	0.00272	0.00082	0.00178	0.00304	0.00223	0.00319
24	0.00286	0.00245	0.00247	0.00245	0.00324	0.00212	0.00184	0.00372	0.04825	0.00636	0.02247	0.03141	0.85109	0.00570	0.00270	0.00078	0.00120	0.00476	0.00214	0.00202
25	0.00399	0.00307	0.00368	0.00355	0.00431	0.00294	0.00260	0.07680	0.09412	0.00727	0.02440	0.50439	0.01103	0.03947	0.00292	0.00083	0.00160	0.03338	0.00200	0.17766
26	0.00619	0.90150	0.01191	0.00397	0.00592	0.02811	0.00394	0.00692	0.00470	0.00541	0.00320	0.00369	0.00295	0.00197	0.00149	0.00049	0.00249	0.00123	0.00099	0.00294
27	0.00560	0.00483	0.00509	0.00460	0.00587	0.00556	0.00358	0.01185	0.86475	0.00947	0.00979	0.00915	0.03366	0.00323	0.00236	0.00078	0.00180	0.01214	0.00233	0.00357
28	0.00857	0.00629	0.00676	0.00522	0.00703	0.00697	0.00430	0.82788	0.06523	0.02953	0.00581	0.00574	0.00412	0.00278	0.00230	0.00069	0.00247	0.00210	0.00231	0.00389
29	0.00399	0.00199	0.00299	0.00299	0.00299	0.00199	0.00199	0.00299	0.00299	0.00399	0.00399	0.00698	0.00399	0.00797	0.00897	0.93321	0.00199	0.00199	0.00100	0.00100
30	0.00331	0.00250	0.00374	0.00373	0.00413	0.00294	0.00290	0.00412	0.00369	0.00533	0.00610	0.00895	0.00569	0.01700	0.89566	0.00365	0.02082	0.00245	0.00123	0.00206
31	0.83818	0.00451	0.00367	0.01818	0.00481	0.00519	0.00269	0.05712	0.00438	0.02848	0.00357	0.00421	0.00277	0.00223	0.00152	0.00071	0.00185	0.01182	0.00150	0.00259
32	0.00276	0.00233	0.00238	0.00237	0.00313	0.00196	0.00178	0.00338	0.00533	0.00644	0.09320	0.02170	0.83398	0.00572	0.00271	0.00077	0.00116	0.00479	0.00216	0.00196
33	0.00280	0.00237	0.00241	0.00239	0.00316	0.00201	0.00179	0.01384	0.00533	0.00639	0.05230	0.03359	0.85226	0.00576	0.00271	0.00077	0.00118	0.00481	0.00215	0.00197
34	0.00399	0.00199	0.00299	0.00299	0.00299	0.00199	0.00199	0.00299	0.00299	0.00399	0.00399	0.00698	0.00399	0.00797	0.00897	0.93321	0.00199	0.00199	0.00100	0.00100
35	0.00581	0.00491	0.00519	0.00466	0.00597	0.00566	0.00363	0.01218	0.88148	0.02904	0.00934	0.00855	0.00698	0.00311	0.00234	0.00078	0.00182	0.00259	0.00235	0.00364
36	0.00573	0.00488	0.00515	0.00463	0.00593	0.00562	0.00360	0.01206	0.87521	0.02245	0.00954	0.00875	0.01981	0.00315	0.00234	0.00078	0.00181	0.00262	0.00234	0.00361
37	0.00464	0.00442	0.00734	0.73313	0.18386	0.01568	0.00648	0.00613	0.00473	0.00617	0.00412	0.00601	0.00317	0.00225	0.00229	0.00075	0.00301	0.00203	0.00104	0.00276
38	0.01319	0.00559	0.02793	0.00508	0.03071	0.00583	0.00408	0.57517	0.06082	0.10907	0.00694	0.10166	0.01462	0.00330	0.00729	0.00073	0.00231	0.00259	0.00225	0.02084
39	0.00840	0.01059	0.00656	0.00615	0.03704	0.85436	0.00450	0.00918	0.03173	0.00579	0.00374	0.00432	0.00309	0.00238	0.00208	0.00060	0.00403	0.00153	0.00121	0.00272
40	0.00540	0.00612	0.01315	0.00953	0.02101	0.00587	0.83953	0.00725	0.00531	0.00726	0.00455	0.00612	0.00346	0.00205	0.00296	0.00079	0.05276	0.00266	0.00115	0.00307
41	0.00272	0.00232	0.00234	0.00235	0.00311	0.00194	0.00176	0.00329	0.00521	0.00619	0.02292	0.05008	0.87630	0.00586	0.00272	0.00078	0.00117	0.00490	0.00213	0.00194
42	0.00276	0.00226	0.00244	0.00256	0.00318	0.00194	0.00187	0.00332	0.00508	0.00622	0.04561	0.22400	0.66775	0.00610	0.00277	0.00081	0.00121	0.01607	0.00214	0.00193
43	0.00460	0.01187	0.90743	0.00654	0.00994	0.00533	0.00848	0.00727	0.00485	0.00727	0.00412	0.00485	0.00291	0.00218	0.00218	0.00073	0.00339	0.00170	0.00097	0.00339
44	0.00540	0.00613	0.02788	0.00971	0.08787	0.00582	0.74077	0.00720	0.00527	0.00725	0.00450	0.00604	0.00346	0.00208	0.00295	0.00078	0.06052	0.00258	0.00115	0.01268
45	0.00612	0.85612	0.05492	0.00410	0.00611	0.02963	0.00416	0.00695	0.00472	0.00550	0.00324	0.00375	0.00294	0.00198	0.00152	0.00050	0.00254	0.00126	0.00099	0.00296

[dist]
# distance from previous block
# <min> <max>
0	1

[block]
# block no. 2 follows, 132 sequences, length 7
# corresponding to MSA columns:
# 168-174
name=unknown_C
#
# <colnr> <probs for GDERKNQSTAVLIFYWHMCP>
#	G	D	E	R	K	N	Q	S	T	A	V	L	I	F	Y	W	H	M	C	P
0	0.00294	0.00201	0.00268	0.00313	0.00324	0.00190	0.00206	0.00319	0.00419	0.00559	0.01147	0.76931	0.01367	0.07513	0.00412	0.08428	0.00146	0.00588	0.00197	0.00175
1	0.00290	0.00243	0.00253	0.00253	0.00327	0.00212	0.00189	0.00377	0.04695	0.00655	0.08298	0.07955	0.74315	0.00570	0.00271	0.00078	0.00120	0.00480	0.00217	0.00203
2	0.13489	0.04630	0.00654	0.00494	0.00666	0.08206	0.00407	0.63176	0.04082	0.01259	0.00507	0.00518	0.00370	0.00262	0.00212	0.00068	0.00253	0.00189	0.00203	0.00356
3	0.00843	0.01037	0.00645	0.00581	0.00704	0.81191	0.00439	0.05759	0.05533	0.00632	0.00397	0.00445	0.00323	0.00243	0.00210	0.00061	0.00393	0.00157	0.00131	0.00278
4	0.14946	0.00582	0.00610	0.00478	0.00649	0.00643	0.00393	0.66267	0.03793	0.05289	0.03735	0.00585	0.00450	0.00274	0.00218	0.00070	0.00231	0.00204	0.00220	0.00362
5	0.00542	0.00619	0.01354	0.00967	0.01200	0.00580	0.89667	0.00735	0.00542	0.00735	0.00464	0.00619	0.00348	0.00193	0.00271	0.00077	0.00387	0.00271	0.00116	0.00310
6	0.00542	0.00619	0.01354	0.00967	0.01200	0.00580	0.89667	0.00735	0.00542	0.00735	0.00464	0.00619	0.00348	0.00193	0.00271	0.00077	0.00387	0.00271	0.00116	0.00310

[dist]
# distance from previous block
# <min> <max>
0	2

[block]
# block no. 3 follows, 132 sequences, length 33
# corresponding to MSA columns:
# 177-209
name=unknown_D
#
# <colnr> <probs for GDERKNQSTAVLIFYWHMCP>
#	G	D	E	R	K	N	Q	S	T	A	V	L	I	F	Y	W	H	M	C	P
0	0.00272	0.00230	0.00235	0.00239	0.00312	0.00193	0.00177	0.00329	0.00517	0.00618	0.02245	0.08968	0.83700	0.00592	0.00273	0.00079	0.00118	0.00497	0.00213	0.00193
1	0.93554	0.00444	0.00337	0.00302	0.00444	0.00515	0.00249	0.00675	0.00391	0.01030	0.00320	0.00373	0.00249	0.00213	0.00142	0.00071	0.00178	0.00124	0.00142	0.00249
2	0.00271	0.00233	0.00233	0.00233	0.00310	0.00194	0.00174	0.00329	0.00523	0.00620	0.02325	0.02209	0.90408	0.00581	0.00271	0.00078	0.00116	0.00484	0.00213	0.00194
3	0.00509	0.00515	0.00690	0.02357	0.00619	0.04157	0.00495	0.00562	0.00366	0.00553	0.00316	0.00514	0.00310	0.00436	0.03721	0.00107	0.83220	0.00200	0.00102	0.00250
4	0.00280	0.00200	0.00266	0.00320	0.00333	0.00186	0.00213	0.00320	0.00439	0.00586	0.01265	0.91783	0.01518	0.00719	0.00293	0.00093	0.00133	0.00653	0.00213	0.00186
5	0.00867	0.00617	0.00669	0.00516	0.00695	0.00677	0.00425	0.82279	0.01038	0.06635	0.00590	0.02892	0.00430	0.00287	0.00231	0.00070	0.00246	0.00219	0.00232	0.00385
6	0.00571	0.00493	0.00519	0.00467	0.00597	0.00571	0.00363	0.01220	0.90086	0.00960	0.00934	0.00856	0.00701	0.00311	0.00234	0.00078	0.00182	0.00260	0.00234	0.00363
7	0.00608	0.86784	0.02315	0.00399	0.00592	0.02525	0.00397	0.00685	0.00467	0.00543	0.00329	0.00385	0.00302	0.00238	0.02595	0.00058	0.00260	0.00127	0.00099	0.00292
8	0.00334	0.00223	0.00255	0.00255	0.00256	0.00225	0.00145	0.00337	0.00335	0.00448	0.00719	0.01480	0.00825	0.88549	0.04539	0.00228	0.00237	0.00331	0.00138	0.00142
9	0.00334	0.00223	0.00250	0.00250	0.00250	0.00223	0.00139	0.00334	0.00334	0.00445	0.00723	0.01502	0.00835	0.91933	0.01168	0.00223	0.00223	0.00334	0.00139	0.00139
10	0.00280	0.00200	0.00266	0.00320	0.00333	0.00186	0.00213	0.00320	0.00439	0.00586	0.01265	0.91783	0.01518	0.00719	0.00293	0.00093	0.00133	0.00653	0.00213	0.00186
11	0.00486	0.00414	0.00481	0.00345	0.00548	0.00316	0.00276	0.02817	0.00491	0.00766	0.00412	0.00478	0.00341	0.00173	0.00171	0.00035	0.00172	0.00138	0.00138	0.91002
12	0.00334	0.00223	0.00250	0.00250	0.00250	0.00223	0.00139	0.00334	0.00334	0.00445	0.00723	0.01502	0.00835	0.91933	0.01168	0.00223	0.00223	0.00334	0.00139	0.00139
13	0.00460	0.01187	0.90743	0.00654	0.00994	0.00533	0.00848	0.00727	0.00485	0.00727	0.00412	0.00485	0.00291	0.00218	0.00218	0.00073	0.00339	0.00170	0.00097	0.00339
14	0.00301	0.00209	0.00260	0.00293	0.00301	0.00200	0.00185	0.00325	0.00399	0.00532	0.01057	0.57035	0.01255	0.35826	0.00630	0.00143	0.00168	0.00530	0.00185	0.00168
15	0.00275	0.00233	0.00238	0.00238	0.00314	0.00196	0.00179	0.00336	0.00529	0.00635	0.06296	0.02192	0.85075	0.00577	0.00272	0.00078	0.00117	0.01810	0.00215	0.00195
16	0.00873	0.00643	0.00689	0.00528	0.00712	0.00712	0.00436	0.89735	0.01079	0.01447	0.00551	0.00551	0.00390	0.00276	0.00230	0.00069	0.00253	0.00207	0.00230	0.00390
17	0.00272	0.00232	0.00234	0.00235	0.00311	0.00194	0.00176	0.00329	0.00521	0.00619	0.02294	0.04877	0.87760	0.00585	0.00272	0.00078	0.00117	0.00489	0.00213	0.00194
18	0.00273	0.00232	0.00235	0.00235	0.00311	0.00194	0.00176	0.00331	0.00524	0.00626	0.04082	0.03666	0.87174	0.00581	0.00272	0.00078	0.00116	0.00486	0.00214	0.00194
19	0.00280	0.00200	0.00266	0.00320	0.00333	0.00186	0.00213	0.00320	0.00439	0.00586	0.01265	0.91783	0.01518	0.00719	0.00293	0.00093	0.00133	0.00653	0.00213	0.00186
20	0.00280	0.00200	0.00266	0.00320	0.00333	0.00186	0.00213	0.00320	0.00439	0.00586	0.01265	0.91783	0.01518	0.00719	0.00293	0.00093	0.00133	0.00653	0.00213	0.00186
21	0.00472	0.00269	0.00353	0.00316	0.00394	0.00245	0.00241	0.01518	0.00641	0.19134	0.65247	0.04977	0.02715	0.02104	0.00279	0.00076	0.00131	0.00384	0.00255	0.00251
22	0.03773	0.00407	0.00536	0.00412	0.00589	0.00364	0.00340	0.06223	0.00673	0.82842	0.00868	0.00756	0.00548	0.00282	0.00228	0.00071	0.00198	0.00226	0.00277	0.00386
23	0.00280	0.00200	0.00266	0.00320	0.00333	0.00186	0.00213	0.00320	0.00439	0.00586	0.01265	0.91783	0.01518	0.00719	0.00293	0.00093	0.00133	0.00653	0.00213	0.00186
24	0.00274	0.00233	0.00236	0.00235	0.00312	0.00195	0.00177	0.00335	0.00530	0.00635	0.06735	0.02184	0.85988	0.00576	0.00271	0.00077	0.00116	0.00481	0.00215	0.00195
25	0.93554	0.00444	0.00337	0.00302	0.00444	0.00515	0.00249	0.00675	0.00391	0.01030	0.00320	0.00373	0.00249	0.00213	0.00142	0.00071	0.00178	0.00124	0.00142	0.00249
26	0.01008	0.00402	0.00537	0.00414	0.00590	0.00358	0.00341	0.03860	0.04025	0.84539	0.00896	0.00777	0.00568	0.00285	0.00231	0.00071	0.00197	0.00231	0.00281	0.00390
27	0.00271	0.00233	0.00233	0.00233	0.00310	0.00194	0.00174	0.00329	0.00523	0.00620	0.02325	0.02209	0.90408	0.00581	0.00271	0.00078	0.00116	0.00484	0.00213	0.00194
28	0.00937	0.02895	0.00546	0.00412	0.00579	0.01310	0.00339	0.06553	0.04957	0.71350	0.06966	0.00819	0.00662	0.00295	0.00231	0.00071	0.00196	0.00240	0.00269	0.00374
29	0.01446	0.00252	0.00325	0.00308	0.00369	0.00238	0.00237	0.00483	0.03350	0.03570	0.77060	0.01713	0.01986	0.00469	0.00271	0.00075	0.00122	0.07251	0.00249	0.00226
30	0.01017	0.00393	0.00532	0.00410	0.00586	0.00344	0.00338	0.01121	0.03083	0.88227	0.00906	0.00783	0.00572	0.00285	0.00231	0.00071	0.00195	0.00232	0.00283	0.00390
31	0.00436	0.00411	0.00689	0.88636	0.01551	0.00516	0.00633	0.00585	0.00456	0.00585	0.00405	0.00609	0.00306	0.00235	0.00245	0.00077	0.03064	0.00204	0.00102	0.00255
32	0.00538	0.00611	0.01329	0.04443	0.01214	0.00578	0.86244	0.00730	0.00539	0.00730	0.00462	0.00619	0.00347	0.00195	0.00269	0.00077	0.00384	0.00268	0.00116	0.00307

[dist]
# distance from previous block
# <min> <max>
0	1

# created by:
# /share/home/app/bin/augustus-3.3.1/scripts/msa2prfl.pl /dev/shm/tmp/pt-rosids/msas/ndhG.aln --setname=ndhG
