[name]
ndhJ

[dist]
# distance from previous block
# <min> <max>
0	0

[block]
# block no. 0 follows, 134 sequences, length 78
# corresponding to MSA columns:
# 0-77
name=unknown_A
#
# <colnr> <probs for GDERKNQSTAVLIFYWHMCP>
#	G	D	E	R	K	N	Q	S	T	A	V	L	I	F	Y	W	H	M	C	P
0	0.00365	0.00261	0.00365	0.00417	0.00469	0.00261	0.00365	0.00469	0.00522	0.00678	0.01200	0.02556	0.01304	0.00626	0.00313	0.00104	0.00209	0.89099	0.00209	0.00209
1	0.00529	0.00599	0.01299	0.06228	0.01206	0.00569	0.84607	0.00717	0.00530	0.00717	0.00455	0.00611	0.00341	0.00193	0.00265	0.00076	0.00377	0.00264	0.00114	0.00302
2	0.93638	0.00438	0.00333	0.00298	0.00438	0.00508	0.00245	0.00666	0.00386	0.01017	0.00315	0.00368	0.00245	0.00210	0.00140	0.00070	0.00175	0.00123	0.00140	0.00245
3	0.00473	0.00425	0.00634	0.59216	0.01207	0.01195	0.00534	0.04228	0.02921	0.01904	0.00426	0.00585	0.00330	0.00242	0.00270	0.00071	0.09725	0.00193	0.02245	0.13177
4	0.00276	0.00197	0.00263	0.00315	0.00329	0.00184	0.00210	0.00315	0.00434	0.00578	0.01249	0.91890	0.01499	0.00710	0.00289	0.00092	0.00131	0.00644	0.00210	0.00184
5	0.00861	0.00635	0.00680	0.00521	0.00703	0.00703	0.00431	0.89869	0.01065	0.01428	0.00544	0.00544	0.00385	0.00272	0.00227	0.00068	0.00249	0.00204	0.00227	0.00385
6	0.00778	0.00353	0.00461	0.00374	0.00509	0.00323	0.00300	0.02699	0.07287	0.56309	0.23274	0.01036	0.01692	0.03216	0.00267	0.00076	0.00172	0.00280	0.00263	0.00331
7	0.00394	0.00200	0.00301	0.01653	0.00314	0.00201	0.00203	0.00299	0.00298	0.00396	0.00394	0.00687	0.00392	0.00779	0.00876	0.92019	0.00198	0.00197	0.00098	0.00101
8	0.00276	0.00197	0.00263	0.00315	0.00329	0.00184	0.00210	0.00315	0.00434	0.00578	0.01249	0.91890	0.01499	0.00710	0.00289	0.00092	0.00131	0.00644	0.00210	0.00184
9	0.01134	0.00247	0.00316	0.00290	0.00357	0.00225	0.00220	0.00482	0.00622	0.09414	0.70991	0.01637	0.10470	0.02254	0.00280	0.00075	0.00119	0.00395	0.00246	0.00227
10	0.00561	0.00538	0.00920	0.01391	0.90624	0.00538	0.00695	0.00695	0.00516	0.00740	0.00426	0.00561	0.00359	0.00202	0.00224	0.00067	0.00269	0.00202	0.00112	0.00359
11	0.00494	0.00495	0.00700	0.05341	0.00655	0.01545	0.02297	0.00552	0.00359	0.00550	0.00312	0.00509	0.00303	0.00403	0.02163	0.00101	0.82672	0.00200	0.00100	0.00249
12	0.87377	0.00448	0.01849	0.03783	0.00492	0.00506	0.00271	0.00669	0.00393	0.02121	0.00328	0.00384	0.00252	0.00212	0.00146	0.00070	0.00183	0.00128	0.00140	0.00249
13	0.00276	0.00198	0.00262	0.00314	0.00328	0.00184	0.00209	0.00316	0.00436	0.00579	0.01271	0.89948	0.03425	0.00707	0.00289	0.00092	0.00131	0.00641	0.00210	0.00184
14	0.00334	0.00235	0.00304	0.00284	0.00342	0.00215	0.00214	0.00437	0.00634	0.03029	0.82861	0.01701	0.07623	0.00466	0.00266	0.00072	0.00109	0.00410	0.00248	0.00216
15	0.00496	0.00496	0.00694	0.00595	0.00595	0.00694	0.00496	0.00545	0.00347	0.00545	0.00297	0.00496	0.00297	0.00397	0.00744	0.00099	0.91623	0.00198	0.00099	0.00248
16	0.00450	0.00415	0.00680	0.86837	0.01517	0.00514	0.00619	0.05149	0.00484	0.00622	0.00410	0.00601	0.00306	0.00229	0.00227	0.00075	0.00299	0.00201	0.00107	0.00259
17	0.00846	0.00623	0.00668	0.00513	0.00690	0.00689	0.00422	0.87302	0.01044	0.01400	0.00549	0.00571	0.00398	0.02903	0.00253	0.00072	0.00248	0.00208	0.00224	0.00378
18	0.00276	0.00197	0.00263	0.00315	0.00329	0.00184	0.00210	0.00315	0.00434	0.00578	0.01249	0.91890	0.01499	0.00710	0.00289	0.00092	0.00131	0.00644	0.00210	0.00184
19	0.93638	0.00438	0.00333	0.00298	0.00438	0.00508	0.00245	0.00666	0.00386	0.01017	0.00315	0.00368	0.00245	0.00210	0.00140	0.00070	0.00175	0.00123	0.00140	0.00245
20	0.00329	0.00220	0.00247	0.00247	0.00247	0.00220	0.00137	0.00329	0.00329	0.00439	0.00714	0.01483	0.00824	0.92038	0.01153	0.00220	0.00220	0.00329	0.00137	0.00137
21	0.00615	0.88557	0.01166	0.00395	0.00586	0.04480	0.00390	0.00687	0.00468	0.00534	0.00316	0.00365	0.00291	0.00195	0.00148	0.00049	0.00249	0.00122	0.00098	0.00290
22	0.00324	0.00243	0.00364	0.00364	0.00405	0.00283	0.00283	0.00405	0.00364	0.00526	0.00607	0.00890	0.00566	0.01699	0.91140	0.00364	0.00607	0.00243	0.00121	0.00202
23	0.00533	0.00607	0.01318	0.02210	0.01181	0.00574	0.87269	0.00721	0.00531	0.00721	0.00455	0.00609	0.00343	0.00194	0.00274	0.00077	0.01700	0.00265	0.00114	0.00304
24	0.93638	0.00438	0.00333	0.00298	0.00438	0.00508	0.00245	0.00666	0.00386	0.01017	0.00315	0.00368	0.00245	0.00210	0.00140	0.00070	0.00175	0.00123	0.00140	0.00245
25	0.00271	0.00229	0.00235	0.00235	0.00309	0.00193	0.00176	0.00331	0.00523	0.00630	0.07772	0.03950	0.83237	0.00570	0.00268	0.00076	0.00115	0.00477	0.00213	0.00193
26	0.00456	0.01163	0.89416	0.00651	0.00984	0.00527	0.02276	0.00718	0.00479	0.00718	0.00407	0.00480	0.00288	0.00215	0.00216	0.00072	0.00336	0.00169	0.00096	0.00334
27	0.00560	0.00483	0.00509	0.00458	0.00585	0.00559	0.00356	0.01192	0.89031	0.00943	0.00940	0.00863	0.01878	0.00311	0.00231	0.00077	0.00178	0.00259	0.00230	0.00356
28	0.00276	0.00198	0.00262	0.00313	0.00328	0.00184	0.00209	0.00316	0.00436	0.00579	0.01274	0.89760	0.03612	0.00707	0.00289	0.00092	0.00131	0.00640	0.00210	0.00184
29	0.00534	0.00619	0.02592	0.00951	0.01181	0.00572	0.88555	0.00726	0.00534	0.00726	0.00458	0.00609	0.00343	0.00191	0.00267	0.00076	0.00381	0.00266	0.00114	0.00306
30	0.00270	0.00230	0.00233	0.00232	0.00307	0.00192	0.00174	0.00329	0.00522	0.00625	0.06000	0.02160	0.86820	0.00569	0.00268	0.00076	0.00114	0.00475	0.00212	0.00192
31	0.00561	0.00538	0.00920	0.01391	0.90624	0.00538	0.00695	0.00695	0.00516	0.00740	0.00426	0.00561	0.00359	0.00202	0.00224	0.00067	0.00269	0.00202	0.00112	0.00359
32	0.00495	0.00418	0.00483	0.00348	0.00548	0.00330	0.00279	0.06168	0.01339	0.00783	0.00416	0.00478	0.00342	0.00176	0.00172	0.00036	0.00173	0.00140	0.00141	0.86734
33	0.01658	0.01113	0.83482	0.02208	0.02737	0.00522	0.01550	0.00723	0.00482	0.02885	0.00418	0.00489	0.00295	0.00216	0.00215	0.00072	0.00328	0.00170	0.00101	0.00334
34	0.00598	0.85705	0.05209	0.00401	0.00598	0.00869	0.00407	0.01726	0.00467	0.00552	0.00326	0.00378	0.00296	0.00217	0.01428	0.00054	0.00252	0.00126	0.00099	0.00293
35	0.00394	0.00197	0.00295	0.00295	0.00295	0.00197	0.00197	0.00295	0.00295	0.00394	0.00394	0.00689	0.00394	0.00787	0.00885	0.93408	0.00197	0.00197	0.00098	0.00098
36	0.00500	0.03738	0.00702	0.00581	0.00593	0.02551	0.01169	0.00553	0.00359	0.00546	0.00313	0.00506	0.00308	0.00437	0.04347	0.00107	0.82145	0.00197	0.00100	0.00248
37	0.00857	0.00632	0.00678	0.00519	0.00701	0.00698	0.00429	0.88857	0.01059	0.01420	0.00542	0.00543	0.00385	0.00271	0.00226	0.00068	0.00248	0.00203	0.00226	0.01440
38	0.00273	0.00230	0.00237	0.00235	0.00309	0.00194	0.00176	0.00335	0.00529	0.00641	0.11051	0.02132	0.81758	0.00563	0.00268	0.00076	0.00114	0.00471	0.00214	0.00194
39	0.01017	0.00386	0.00526	0.00403	0.00578	0.00333	0.00333	0.01104	0.00648	0.90781	0.00894	0.00771	0.00561	0.00280	0.00228	0.00070	0.00193	0.00228	0.00280	0.00386
40	0.00320	0.00231	0.00302	0.00285	0.00338	0.00213	0.00214	0.00426	0.00639	0.00904	0.89395	0.02814	0.02130	0.00466	0.00267	0.00072	0.00107	0.00413	0.00249	0.00213
41	0.00269	0.00230	0.00231	0.00230	0.00307	0.00192	0.00173	0.00327	0.00519	0.00617	0.03815	0.02172	0.89009	0.00572	0.00268	0.00076	0.00115	0.00477	0.00211	0.00192
42	0.00278	0.00198	0.00262	0.00313	0.00326	0.00185	0.00208	0.00316	0.00431	0.00574	0.01233	0.89194	0.01478	0.03433	0.00315	0.00096	0.00134	0.00635	0.00208	0.00183
43	0.00324	0.00243	0.00364	0.00364	0.00405	0.00283	0.00283	0.00405	0.00364	0.00526	0.00607	0.00890	0.00566	0.01699	0.91140	0.00364	0.00607	0.00243	0.00121	0.00202
44	0.00320	0.00231	0.00302	0.00285	0.00338	0.00213	0.00213	0.00425	0.00638	0.00902	0.88782	0.02588	0.02974	0.00467	0.00267	0.00072	0.00107	0.00413	0.00249	0.00213
45	0.00327	0.00242	0.00360	0.00360	0.00401	0.00281	0.00280	0.00408	0.00367	0.00535	0.00611	0.00889	0.00567	0.01658	0.88519	0.00355	0.00592	0.00242	0.02805	0.00203
46	0.93638	0.00438	0.00333	0.00298	0.00438	0.00508	0.00245	0.00666	0.00386	0.01017	0.00315	0.00368	0.00245	0.00210	0.00140	0.00070	0.00175	0.00123	0.00140	0.00245
47	0.00323	0.00242	0.00362	0.00363	0.00403	0.00281	0.00282	0.00403	0.00366	0.00527	0.00620	0.02716	0.00585	0.01679	0.89317	0.00359	0.00597	0.00251	0.00123	0.00202
48	0.00846	0.01080	0.00642	0.00584	0.00700	0.91128	0.00438	0.00905	0.00642	0.00555	0.00350	0.00409	0.00292	0.00233	0.00204	0.00058	0.00409	0.00146	0.00117	0.00263
49	0.00324	0.00243	0.00364	0.00364	0.00405	0.00283	0.00283	0.00405	0.00364	0.00526	0.00607	0.00890	0.00566	0.01699	0.91140	0.00364	0.00607	0.00243	0.00121	0.00202
50	0.00276	0.00197	0.00263	0.00315	0.00329	0.00184	0.00210	0.00315	0.00434	0.00578	0.01249	0.91890	0.01499	0.00710	0.00289	0.00092	0.00131	0.00644	0.00210	0.00184
51	0.00428	0.00403	0.00680	0.91493	0.01560	0.00503	0.00629	0.00579	0.00453	0.00579	0.00403	0.00604	0.00302	0.00227	0.00227	0.00076	0.00302	0.00201	0.00101	0.00252
52	0.00844	0.00620	0.00665	0.00512	0.00688	0.00686	0.00422	0.86792	0.01043	0.01402	0.00555	0.01394	0.00402	0.01020	0.00234	0.00069	0.00246	0.00209	0.01819	0.00378
53	0.00535	0.00611	0.01337	0.00955	0.01184	0.00573	0.89801	0.00726	0.00535	0.00726	0.00458	0.00611	0.00344	0.00191	0.00267	0.00076	0.00382	0.00267	0.00115	0.00306
54	0.00422	0.00211	0.00211	0.00211	0.00264	0.00211	0.00158	0.00528	0.00475	0.00845	0.00739	0.00845	0.00581	0.00264	0.00158	0.00053	0.00106	0.00211	0.93295	0.00211
55	0.01014	0.00389	0.00528	0.00405	0.00580	0.00338	0.00334	0.02292	0.00654	0.89585	0.00889	0.00768	0.00558	0.00280	0.00228	0.00070	0.00194	0.00228	0.00280	0.00386
56	0.00324	0.00243	0.00364	0.00364	0.00405	0.00283	0.00283	0.00405	0.00364	0.00526	0.00607	0.00890	0.00566	0.01699	0.91140	0.00364	0.00607	0.00243	0.00121	0.00202
57	0.00606	0.92174	0.01187	0.00388	0.00582	0.00896	0.00388	0.00678	0.00460	0.00533	0.00315	0.00363	0.00291	0.00194	0.00145	0.00048	0.00242	0.00121	0.00097	0.00291
58	0.00319	0.00232	0.00300	0.00283	0.00337	0.00213	0.00212	0.00424	0.00637	0.00898	0.87373	0.01710	0.05277	0.00467	0.00267	0.00071	0.00107	0.00412	0.00248	0.00213
59	0.00987	0.00379	0.00516	0.00398	0.00568	0.00328	0.00328	0.01076	0.00648	0.87004	0.04660	0.00810	0.00627	0.00288	0.00229	0.00070	0.00189	0.00235	0.00279	0.00378
60	0.00470	0.00403	0.00470	0.00336	0.00537	0.00302	0.00268	0.00570	0.00470	0.00738	0.00403	0.00470	0.00336	0.00168	0.00168	0.00034	0.00168	0.00134	0.00134	0.93423
61	0.93638	0.00438	0.00333	0.00298	0.00438	0.00508	0.00245	0.00666	0.00386	0.01017	0.00315	0.00368	0.00245	0.00210	0.00140	0.00070	0.00175	0.00123	0.00140	0.00245
62	0.93638	0.00438	0.00333	0.00298	0.00438	0.00508	0.00245	0.00666	0.00386	0.01017	0.00315	0.00368	0.00245	0.00210	0.00140	0.00070	0.00175	0.00123	0.00140	0.00245
63	0.00280	0.00199	0.00266	0.00317	0.00331	0.00187	0.00213	0.00320	0.00434	0.00578	0.01236	0.87454	0.01479	0.02590	0.00308	0.00095	0.00135	0.03185	0.00209	0.00184
64	0.00276	0.00197	0.00263	0.00315	0.00329	0.00184	0.00210	0.00315	0.00434	0.00578	0.01249	0.91890	0.01499	0.00710	0.00289	0.00092	0.00131	0.00644	0.00210	0.00184
65	0.00992	0.00400	0.00532	0.00411	0.00584	0.00358	0.00338	0.05012	0.04087	0.83420	0.00880	0.00764	0.00558	0.00281	0.00228	0.00070	0.00195	0.00228	0.00276	0.00385
66	0.00861	0.00635	0.00680	0.00521	0.00703	0.00703	0.00431	0.89869	0.01065	0.01428	0.00544	0.00544	0.00385	0.00272	0.00227	0.00068	0.00249	0.00204	0.00227	0.00385
67	0.00331	0.00234	0.00305	0.00286	0.00342	0.00215	0.00215	0.00437	0.00638	0.02467	0.86570	0.01689	0.04487	0.00463	0.00267	0.00071	0.00109	0.00408	0.00249	0.00216
68	0.00324	0.00243	0.00364	0.00364	0.00405	0.00283	0.00283	0.00405	0.00364	0.00526	0.00607	0.00890	0.00566	0.01699	0.91140	0.00364	0.00607	0.00243	0.00121	0.00202
69	0.00496	0.00496	0.00694	0.00595	0.00595	0.00694	0.00496	0.00545	0.00347	0.00545	0.00297	0.00496	0.00297	0.00397	0.00744	0.00099	0.91623	0.00198	0.00099	0.00248
70	0.00277	0.00197	0.00263	0.00315	0.00328	0.00184	0.00209	0.00316	0.00432	0.00577	0.01242	0.90701	0.01490	0.01911	0.00301	0.00094	0.00133	0.00640	0.00209	0.00183
71	0.00559	0.00481	0.00509	0.00460	0.00586	0.00556	0.00359	0.01186	0.88086	0.00941	0.00929	0.00886	0.00706	0.00315	0.00232	0.00077	0.00180	0.02365	0.00230	0.00355
72	0.00428	0.00403	0.00680	0.91493	0.01560	0.00503	0.00629	0.00579	0.00453	0.00579	0.00403	0.00604	0.00302	0.00227	0.00227	0.00076	0.00302	0.00201	0.00101	0.00252
73	0.00271	0.00229	0.00234	0.00234	0.00308	0.00192	0.00175	0.00330	0.00521	0.00627	0.06867	0.03954	0.84145	0.00571	0.00268	0.00077	0.00115	0.00478	0.00212	0.00192
74	0.00517	0.02393	0.78106	0.00624	0.00938	0.00513	0.02843	0.00757	0.00497	0.10070	0.00457	0.00510	0.00317	0.00221	0.00217	0.00071	0.00320	0.00175	0.00115	0.00339
75	0.00329	0.00241	0.00354	0.00354	0.00394	0.00278	0.00274	0.00410	0.00370	0.00542	0.00616	0.00898	0.00572	0.03168	0.84678	0.00345	0.00573	0.00243	0.05162	0.00202
76	0.81216	0.04569	0.00399	0.00319	0.00466	0.00535	0.00266	0.06754	0.00441	0.02887	0.00343	0.00388	0.00263	0.00215	0.00148	0.00069	0.00184	0.00130	0.00147	0.00260
77	0.00290	0.00230	0.00260	0.00254	0.00320	0.00200	0.00190	0.00367	0.00567	0.00734	0.38739	0.03510	0.52474	0.00530	0.00268	0.00075	0.00112	0.00453	0.00227	0.00200

[dist]
# distance from previous block
# <min> <max>
0	1

[block]
# block no. 1 follows, 134 sequences, length 80
# corresponding to MSA columns:
# 79-158
name=unknown_B
#
# <colnr> <probs for GDERKNQSTAVLIFYWHMCP>
#	G	D	E	R	K	N	Q	S	T	A	V	L	I	F	Y	W	H	M	C	P
0	0.02109	0.87505	0.01154	0.00393	0.00583	0.04055	0.00387	0.00686	0.00466	0.00542	0.00316	0.00365	0.00290	0.00195	0.00147	0.00049	0.00247	0.00122	0.00098	0.00289
1	0.00534	0.00610	0.01330	0.00951	0.01177	0.00574	0.88785	0.00724	0.00533	0.00724	0.00457	0.00610	0.00343	0.00193	0.00273	0.00077	0.01420	0.00267	0.00114	0.00305
2	0.00501	0.00404	0.00474	0.00342	0.00540	0.00309	0.00274	0.00613	0.02407	0.05582	0.00440	0.00494	0.00355	0.00177	0.00172	0.00036	0.00169	0.00142	0.00144	0.86423
3	0.00456	0.01160	0.89222	0.00659	0.02617	0.00526	0.00835	0.00717	0.00479	0.00718	0.00407	0.00480	0.00288	0.00215	0.00215	0.00072	0.00334	0.00168	0.00096	0.00335
4	0.00454	0.01172	0.90864	0.00646	0.00981	0.00526	0.00837	0.00718	0.00478	0.00718	0.00407	0.00478	0.00287	0.00215	0.00215	0.00072	0.00335	0.00167	0.00096	0.00335
5	0.00317	0.00231	0.00298	0.00282	0.00336	0.00212	0.00211	0.00421	0.00634	0.00890	0.84983	0.01723	0.07671	0.00470	0.00267	0.00072	0.00107	0.00414	0.00247	0.00212
6	0.00422	0.00211	0.00211	0.00211	0.00264	0.00211	0.00158	0.00528	0.00475	0.00845	0.00739	0.00845	0.00581	0.00264	0.00158	0.00053	0.00106	0.00211	0.93295	0.00211
7	0.00269	0.00230	0.00231	0.00230	0.00306	0.00192	0.00173	0.00327	0.00518	0.00616	0.03534	0.02174	0.89291	0.00572	0.00268	0.00076	0.00115	0.00477	0.00211	0.00192
8	0.00561	0.00538	0.00920	0.01391	0.90624	0.00538	0.00695	0.00695	0.00516	0.00740	0.00426	0.00561	0.00359	0.00202	0.00224	0.00067	0.00269	0.00202	0.00112	0.00359
9	0.00320	0.00232	0.00302	0.00284	0.00338	0.00213	0.00213	0.00426	0.00640	0.00905	0.89371	0.01699	0.03274	0.00465	0.00267	0.00071	0.00107	0.00411	0.00249	0.00213
10	0.00329	0.00220	0.00247	0.00247	0.00247	0.00220	0.00137	0.00329	0.00329	0.00439	0.00714	0.01483	0.00824	0.92038	0.01153	0.00220	0.00220	0.00329	0.00137	0.00137
11	0.00820	0.00357	0.00473	0.00381	0.00524	0.00323	0.00307	0.00954	0.07665	0.63033	0.19784	0.02759	0.00922	0.00329	0.00238	0.00071	0.00172	0.00277	0.00269	0.00343
12	0.00502	0.00412	0.00488	0.02066	0.00562	0.00341	0.00293	0.04708	0.02518	0.03649	0.00457	0.03050	0.00384	0.00204	0.00198	0.00042	0.03358	0.00161	0.00146	0.76460
13	0.00428	0.00403	0.00680	0.91493	0.01560	0.00503	0.00629	0.00579	0.00453	0.00579	0.00403	0.00604	0.00302	0.00227	0.00227	0.00076	0.00302	0.00201	0.00101	0.00252
14	0.04560	0.02573	0.02249	0.19847	0.19236	0.12786	0.00505	0.24060	0.00654	0.03167	0.01701	0.00612	0.02698	0.00268	0.00242	0.03259	0.00275	0.00847	0.00150	0.00308
15	0.00821	0.02250	0.00653	0.00594	0.02556	0.82694	0.00442	0.01611	0.02912	0.00575	0.00366	0.00426	0.00304	0.00239	0.00219	0.00060	0.02739	0.00151	0.00120	0.00268
16	0.00487	0.00407	0.00475	0.00341	0.00541	0.00311	0.00273	0.02429	0.00485	0.02277	0.00414	0.00476	0.00340	0.00172	0.00170	0.00035	0.00170	0.00137	0.00139	0.89921
17	0.02051	0.00429	0.00722	0.69795	0.17805	0.00505	0.02407	0.00600	0.00466	0.00620	0.00445	0.00624	0.02129	0.00228	0.00226	0.00074	0.00292	0.00207	0.00106	0.00271
18	0.00269	0.00230	0.00231	0.00231	0.00307	0.00192	0.00173	0.00328	0.00519	0.00619	0.04358	0.02169	0.88465	0.00571	0.00268	0.00076	0.00115	0.00477	0.00211	0.00192
19	0.00470	0.00397	0.00465	0.00336	0.00532	0.00299	0.00268	0.00569	0.00471	0.01702	0.00431	0.02939	0.00369	0.00184	0.00172	0.00036	0.00167	0.00149	0.00138	0.89907
20	0.00861	0.00635	0.00680	0.00521	0.00703	0.00703	0.00431	0.89869	0.01065	0.01428	0.00544	0.00544	0.00385	0.00272	0.00227	0.00068	0.00249	0.00204	0.00227	0.00385
21	0.00327	0.00234	0.00305	0.00287	0.00343	0.00215	0.00217	0.00433	0.00636	0.01787	0.85952	0.01710	0.04114	0.00467	0.00268	0.00072	0.00110	0.02061	0.00248	0.00215
22	0.00329	0.00219	0.00247	0.00248	0.00248	0.00219	0.00138	0.00329	0.00331	0.00441	0.00720	0.02513	0.00831	0.90996	0.01143	0.00218	0.00219	0.00333	0.00138	0.00138
23	0.00394	0.00197	0.00295	0.00295	0.00295	0.00197	0.00197	0.00295	0.00295	0.00394	0.00394	0.00689	0.00394	0.00787	0.00885	0.93408	0.00197	0.00197	0.00098	0.00098
24	0.00315	0.00231	0.00295	0.00279	0.00335	0.00211	0.00209	0.00416	0.00628	0.00876	0.80896	0.01746	0.11766	0.00475	0.00267	0.00072	0.00108	0.00417	0.00245	0.00211
25	0.00394	0.00197	0.00295	0.00295	0.00295	0.00197	0.00197	0.00295	0.00295	0.00394	0.00394	0.00689	0.00394	0.00787	0.00885	0.93408	0.00197	0.00197	0.00098	0.00098
26	0.00561	0.00538	0.00920	0.01391	0.90624	0.00538	0.00695	0.00695	0.00516	0.00740	0.00426	0.00561	0.00359	0.00202	0.00224	0.00067	0.00269	0.00202	0.00112	0.00359
27	0.01956	0.00632	0.00676	0.00519	0.00699	0.00700	0.00428	0.88816	0.01057	0.01423	0.00541	0.00542	0.00384	0.00271	0.00226	0.00068	0.00248	0.00203	0.00226	0.00384
28	0.00957	0.00412	0.00535	0.00415	0.00585	0.00380	0.00341	0.10305	0.05387	0.74278	0.03369	0.00777	0.00594	0.00286	0.00229	0.00070	0.00196	0.00232	0.00271	0.00379
29	0.00622	0.81409	0.01116	0.00406	0.00589	0.09416	0.00390	0.00693	0.00475	0.00535	0.00325	0.00380	0.00297	0.00233	0.02279	0.00057	0.00267	0.00126	0.00099	0.00286
30	0.00329	0.00220	0.00247	0.00247	0.00247	0.00220	0.00137	0.00329	0.00329	0.00439	0.00714	0.01483	0.00824	0.92038	0.01153	0.00220	0.00220	0.00329	0.00137	0.00137
31	0.00533	0.00606	0.01315	0.00939	0.01167	0.00566	0.87494	0.00722	0.00533	0.00726	0.00457	0.00608	0.00344	0.00190	0.00265	0.00075	0.00376	0.00264	0.00115	0.02705
32	0.00454	0.01172	0.90864	0.00646	0.00981	0.00526	0.00837	0.00718	0.00478	0.00718	0.00407	0.00478	0.00287	0.00215	0.00215	0.00072	0.00335	0.00167	0.00096	0.00335
33	0.00428	0.00403	0.00680	0.91493	0.01560	0.00503	0.00629	0.00579	0.00453	0.00579	0.00403	0.00604	0.00302	0.00227	0.00227	0.00076	0.00302	0.00201	0.00101	0.00252
34	0.00454	0.01172	0.90864	0.00646	0.00981	0.00526	0.00837	0.00718	0.00478	0.00718	0.00407	0.00478	0.00287	0.00215	0.00215	0.00072	0.00335	0.00167	0.00096	0.00335
35	0.00861	0.00635	0.00680	0.00521	0.00703	0.00703	0.00431	0.89869	0.01065	0.01428	0.00544	0.00544	0.00385	0.00272	0.00227	0.00068	0.00249	0.00204	0.00227	0.00385
36	0.00324	0.00242	0.00362	0.00362	0.00402	0.00282	0.00280	0.00403	0.00363	0.00524	0.00609	0.00901	0.00571	0.03392	0.89453	0.00361	0.00600	0.00244	0.00122	0.00201
37	0.00606	0.92174	0.01187	0.00388	0.00582	0.00896	0.00388	0.00678	0.00460	0.00533	0.00315	0.00363	0.00291	0.00194	0.00145	0.00048	0.00242	0.00121	0.00097	0.00291
38	0.00365	0.00261	0.00365	0.00417	0.00469	0.00261	0.00365	0.00469	0.00522	0.00678	0.01200	0.02556	0.01304	0.00626	0.00313	0.00104	0.00209	0.89099	0.00209	0.00209
39	0.00278	0.00198	0.00263	0.00313	0.00326	0.00186	0.00208	0.00317	0.00432	0.00577	0.02083	0.87967	0.01482	0.03800	0.00318	0.00096	0.00134	0.00631	0.00208	0.00183
40	0.93638	0.00438	0.00333	0.00298	0.00438	0.00508	0.00245	0.00666	0.00386	0.01017	0.00315	0.00368	0.00245	0.00210	0.00140	0.00070	0.00175	0.00123	0.00140	0.00245
41	0.00268	0.00230	0.00230	0.00230	0.00306	0.00191	0.00172	0.00325	0.00516	0.00612	0.02295	0.02180	0.90532	0.00574	0.00268	0.00077	0.00115	0.00478	0.00210	0.00191
42	0.00641	0.00469	0.00518	0.01578	0.00551	0.00518	0.00337	0.49586	0.03910	0.01052	0.00661	0.05597	0.02040	0.16751	0.03799	0.00108	0.03646	0.00258	0.07680	0.00299
43	0.00324	0.00242	0.00362	0.00362	0.00402	0.00282	0.00281	0.00403	0.00364	0.00525	0.00608	0.00899	0.00570	0.03008	0.89836	0.00362	0.00601	0.00244	0.00122	0.00201
44	0.01296	0.77665	0.12149	0.00423	0.00632	0.02800	0.00442	0.00691	0.00467	0.01243	0.00331	0.00382	0.00292	0.00198	0.00156	0.00052	0.00256	0.00128	0.00099	0.00296
45	0.00810	0.00994	0.00638	0.00588	0.02551	0.77222	0.00437	0.03305	0.08612	0.00617	0.00407	0.00456	0.00331	0.00243	0.00217	0.00061	0.01946	0.00159	0.00129	0.00276
46	0.00496	0.00496	0.00694	0.00595	0.00595	0.00694	0.00496	0.00545	0.00347	0.00545	0.00297	0.00496	0.00297	0.00397	0.00744	0.00099	0.91623	0.00198	0.00099	0.00248
47	0.00470	0.00403	0.00470	0.00336	0.00537	0.00302	0.00268	0.00570	0.00470	0.00738	0.00403	0.00470	0.00336	0.00168	0.00168	0.00034	0.00168	0.00134	0.00134	0.93423
48	0.00429	0.00405	0.00680	0.89610	0.01540	0.00507	0.00626	0.00578	0.00451	0.00578	0.00401	0.00602	0.00302	0.00230	0.00237	0.00076	0.02193	0.00201	0.00101	0.00252
49	0.00284	0.00207	0.00282	0.00326	0.00346	0.00193	0.01436	0.00328	0.00439	0.00585	0.01240	0.86426	0.02343	0.00695	0.00288	0.00092	0.00137	0.03208	0.00208	0.00938
50	0.00559	0.00546	0.02058	0.01381	0.89490	0.00538	0.00697	0.00696	0.00515	0.00740	0.00426	0.00560	0.00358	0.00202	0.00224	0.00067	0.00270	0.00201	0.00112	0.00359
51	0.00428	0.00403	0.00680	0.91493	0.01560	0.00503	0.00629	0.00579	0.00453	0.00579	0.00403	0.00604	0.00302	0.00227	0.00227	0.00076	0.00302	0.00201	0.00101	0.00252
52	0.00268	0.00230	0.00230	0.00230	0.00306	0.00191	0.00172	0.00325	0.00516	0.00612	0.02295	0.02180	0.90532	0.00574	0.00268	0.00077	0.00115	0.00478	0.00210	0.00191
53	0.00276	0.00197	0.00263	0.00315	0.00329	0.00184	0.00210	0.00315	0.00434	0.00578	0.01249	0.91890	0.01499	0.00710	0.00289	0.00092	0.00131	0.00644	0.00210	0.00184
54	0.00364	0.00260	0.00364	0.00416	0.00468	0.00260	0.00363	0.00468	0.00521	0.00677	0.01200	0.03639	0.01306	0.00627	0.00313	0.00104	0.00208	0.88027	0.00209	0.00208
55	0.00482	0.00411	0.00476	0.00343	0.00542	0.00318	0.00275	0.02849	0.02583	0.00761	0.00418	0.00480	0.00345	0.00174	0.00171	0.00035	0.00170	0.00139	0.00139	0.88888
56	0.00461	0.03277	0.85415	0.00660	0.02734	0.00536	0.02401	0.00716	0.00480	0.00714	0.00406	0.00480	0.00290	0.00214	0.00215	0.00071	0.00332	0.00169	0.00096	0.00334
57	0.00861	0.00635	0.00680	0.00521	0.00703	0.00703	0.00431	0.89869	0.01065	0.01428	0.00544	0.00544	0.00385	0.00272	0.00227	0.00068	0.00249	0.00204	0.00227	0.00385
58	0.00394	0.00197	0.00295	0.00295	0.00295	0.00197	0.00197	0.00295	0.00295	0.00394	0.00394	0.00689	0.00394	0.00787	0.00885	0.93408	0.00197	0.00197	0.00098	0.00098
59	0.00272	0.00230	0.00235	0.00234	0.00309	0.00193	0.00175	0.00333	0.00526	0.00635	0.09145	0.02143	0.83668	0.00565	0.00268	0.00076	0.00114	0.00473	0.00213	0.00193
60	0.93638	0.00438	0.00333	0.00298	0.00438	0.00508	0.00245	0.00666	0.00386	0.01017	0.00315	0.00368	0.00245	0.00210	0.00140	0.00070	0.00175	0.00123	0.00140	0.00245
61	0.00394	0.00197	0.00295	0.00295	0.00295	0.00197	0.00197	0.00295	0.00295	0.00394	0.00394	0.00689	0.00394	0.00787	0.00885	0.93408	0.00197	0.00197	0.00098	0.00098
62	0.00470	0.00403	0.00470	0.00336	0.00537	0.00302	0.00268	0.00570	0.00470	0.00738	0.00403	0.00470	0.00336	0.00168	0.00168	0.00034	0.00168	0.00134	0.00134	0.93423
63	0.00276	0.00197	0.00263	0.00315	0.00329	0.00184	0.00210	0.00315	0.00434	0.00578	0.01249	0.91890	0.01499	0.00710	0.00289	0.00092	0.00131	0.00644	0.00210	0.00184
64	0.00428	0.00403	0.00680	0.91493	0.01560	0.00503	0.00629	0.00579	0.00453	0.00579	0.00403	0.00604	0.00302	0.00227	0.00227	0.00076	0.00302	0.00201	0.00101	0.00252
65	0.00561	0.00538	0.00920	0.01391	0.90624	0.00538	0.00695	0.00695	0.00516	0.00740	0.00426	0.00561	0.00359	0.00202	0.00224	0.00067	0.00269	0.00202	0.00112	0.00359
66	0.00606	0.92174	0.01187	0.00388	0.00582	0.00896	0.00388	0.00678	0.00460	0.00533	0.00315	0.00363	0.00291	0.00194	0.00145	0.00048	0.00242	0.00121	0.00097	0.00291
67	0.00324	0.00243	0.00364	0.00364	0.00405	0.00283	0.00283	0.00405	0.00364	0.00526	0.00607	0.00890	0.00566	0.01699	0.91140	0.00364	0.00607	0.00243	0.00121	0.00202
68	0.00269	0.00230	0.00231	0.00230	0.00307	0.00192	0.00173	0.00327	0.00519	0.00617	0.03809	0.02172	0.89015	0.00572	0.00268	0.00076	0.00115	0.00477	0.00211	0.00192
69	0.01003	0.00386	0.00524	0.00403	0.00576	0.00336	0.00332	0.01100	0.02108	0.88488	0.01721	0.00781	0.00578	0.00283	0.00228	0.00070	0.00192	0.00230	0.00279	0.00384
70	0.00470	0.00403	0.00470	0.00336	0.00537	0.00302	0.00268	0.00570	0.00470	0.00738	0.00403	0.00470	0.00336	0.00168	0.00168	0.00034	0.00168	0.00134	0.00134	0.93423
71	0.02574	0.01068	0.00636	0.00578	0.00696	0.89441	0.00434	0.00900	0.00637	0.00563	0.00350	0.00408	0.00291	0.00233	0.00203	0.00059	0.00404	0.00145	0.00117	0.00262
72	0.00329	0.00220	0.00247	0.00247	0.00247	0.00220	0.00137	0.00329	0.00329	0.00439	0.00714	0.01483	0.00824	0.92038	0.01153	0.00220	0.00220	0.00329	0.00137	0.00137
73	0.00324	0.00242	0.00360	0.00360	0.00398	0.00281	0.00277	0.00402	0.00363	0.00523	0.00611	0.00913	0.00577	0.05246	0.87606	0.00358	0.00592	0.00246	0.00122	0.00200
74	0.00454	0.01172	0.90864	0.00646	0.00981	0.00526	0.00837	0.00718	0.00478	0.00718	0.00407	0.00478	0.00287	0.00215	0.00215	0.00072	0.00335	0.00167	0.00096	0.00335
75	0.00268	0.00228	0.00231	0.00232	0.00307	0.00191	0.00173	0.00325	0.00514	0.00611	0.02261	0.05147	0.87588	0.00578	0.00268	0.00077	0.00115	0.00484	0.00210	0.00191
76	0.00535	0.00611	0.01337	0.00955	0.01184	0.00573	0.89801	0.00726	0.00535	0.00726	0.00458	0.00611	0.00344	0.00191	0.00267	0.00076	0.00382	0.00267	0.00115	0.00306
77	0.00609	0.90998	0.01180	0.00390	0.00583	0.02062	0.00388	0.00681	0.00463	0.00533	0.00315	0.00364	0.00291	0.00194	0.00146	0.00049	0.00244	0.00121	0.00097	0.00290
78	0.01000	0.00384	0.00523	0.00401	0.00575	0.00331	0.00331	0.01088	0.00645	0.88276	0.01711	0.00774	0.00571	0.00280	0.00227	0.00069	0.00192	0.00228	0.00277	0.02116
79	0.00464	0.00448	0.00632	0.01375	0.00566	0.00616	0.00456	0.00519	0.00351	0.00541	0.00357	0.00578	0.00351	0.01943	0.16014	0.00145	0.74097	0.00208	0.00103	0.00239

[dist]
# distance from previous block
# <min> <max>
0	0

# created by:
# /share/home/app/bin/augustus-3.3.1/scripts/msa2prfl.pl /dev/shm/tmp/pt-rosids/msas/ndhJ.aln --setname=ndhJ
