[name]
petL

[dist]
# distance from previous block
# <min> <max>
0	0

[block]
# block no. 0 follows, 134 sequences, length 31
# corresponding to MSA columns:
# 0-30
name=unknown_A
#
# <colnr> <probs for GDERKNQSTAVLIFYWHMCP>
#	G	D	E	R	K	N	Q	S	T	A	V	L	I	F	Y	W	H	M	C	P
0	0.00365	0.00261	0.00365	0.00417	0.00469	0.00261	0.00365	0.00469	0.00522	0.00678	0.01200	0.02556	0.01304	0.00626	0.00313	0.00104	0.00209	0.89099	0.00209	0.00209
1	0.00430	0.00353	0.00419	0.00337	0.00483	0.00284	0.00258	0.04080	0.00483	0.00720	0.00653	0.26868	0.00673	0.00328	0.00205	0.00052	0.00161	0.00284	0.00160	0.62770
2	0.00553	0.00477	0.00502	0.00453	0.00579	0.00550	0.00352	0.01172	0.86992	0.00936	0.00971	0.00893	0.03920	0.00317	0.00232	0.00077	0.00177	0.00264	0.00230	0.00353
3	0.00268	0.00227	0.00232	0.00237	0.00308	0.00191	0.00175	0.00324	0.00509	0.00609	0.02205	0.09871	0.82900	0.00585	0.00270	0.00078	0.00116	0.00492	0.00210	0.00191
4	0.00552	0.00477	0.00502	0.00452	0.00579	0.00550	0.00352	0.01171	0.86851	0.00935	0.00974	0.00895	0.04061	0.00317	0.00232	0.00077	0.00177	0.00264	0.00230	0.00352
5	0.00861	0.00635	0.00680	0.00521	0.00703	0.00703	0.00431	0.89869	0.01065	0.01428	0.00544	0.00544	0.00385	0.00272	0.00227	0.00068	0.00249	0.00204	0.00227	0.00385
6	0.00324	0.00242	0.00358	0.00358	0.00396	0.00280	0.00275	0.00401	0.00362	0.00521	0.00613	0.00922	0.00580	0.06534	0.86324	0.00356	0.00586	0.00247	0.00122	0.00199
7	0.00329	0.00220	0.00247	0.00247	0.00247	0.00220	0.00137	0.00329	0.00329	0.00439	0.00714	0.01483	0.00824	0.92038	0.01153	0.00220	0.00220	0.00329	0.00137	0.00137
8	0.89259	0.00440	0.00345	0.00305	0.00447	0.00506	0.00251	0.02073	0.00405	0.03863	0.00337	0.00384	0.00258	0.00213	0.00144	0.00070	0.00177	0.00127	0.00146	0.00252
9	0.00329	0.00220	0.00247	0.00247	0.00247	0.00220	0.00137	0.00329	0.00329	0.00439	0.00714	0.01483	0.00824	0.92038	0.01153	0.00220	0.00220	0.00329	0.00137	0.00137
10	0.00276	0.00197	0.00263	0.00315	0.00329	0.00184	0.00210	0.00315	0.00434	0.00578	0.01249	0.91890	0.01499	0.00710	0.00289	0.00092	0.00131	0.00644	0.00210	0.00184
11	0.00277	0.00198	0.00264	0.00315	0.00329	0.00185	0.00210	0.00318	0.00438	0.00586	0.03218	0.89899	0.01513	0.00704	0.00289	0.00092	0.00131	0.00639	0.00211	0.00185
12	0.00929	0.00373	0.00502	0.00393	0.00554	0.00328	0.00321	0.01036	0.03421	0.78561	0.10306	0.00870	0.00731	0.00300	0.00232	0.00070	0.00183	0.00248	0.00276	0.00367
13	0.00892	0.00366	0.00490	0.00386	0.00542	0.00323	0.00315	0.01003	0.04108	0.73563	0.12994	0.00924	0.02411	0.00311	0.00234	0.00071	0.00179	0.00258	0.00273	0.00358
14	0.00292	0.00209	0.00274	0.00320	0.00338	0.00198	0.00216	0.02574	0.00453	0.00606	0.02780	0.88022	0.01482	0.00695	0.00287	0.00091	0.00134	0.00629	0.00211	0.00190
15	0.00564	0.00487	0.00512	0.00461	0.00589	0.00564	0.00359	0.01204	0.90215	0.00948	0.00922	0.00845	0.00692	0.00307	0.00231	0.00077	0.00179	0.00256	0.00231	0.00359
16	0.00268	0.00228	0.00231	0.00235	0.00307	0.00191	0.00174	0.00325	0.00512	0.00610	0.02234	0.07410	0.85342	0.00582	0.00269	0.00077	0.00116	0.00488	0.00210	0.00191
17	0.00580	0.00486	0.00515	0.00461	0.00591	0.00560	0.00359	0.02573	0.86541	0.03257	0.00916	0.00839	0.00684	0.00306	0.00230	0.00077	0.00181	0.00255	0.00232	0.00360
18	0.00841	0.00611	0.00659	0.00510	0.00684	0.00673	0.00419	0.84099	0.01029	0.03474	0.00581	0.04326	0.00435	0.00290	0.00229	0.00069	0.00243	0.00223	0.00227	0.00377
19	0.04386	0.00348	0.00455	0.00367	0.00505	0.00314	0.00297	0.01793	0.02558	0.58697	0.25669	0.01024	0.01909	0.00332	0.00236	0.00071	0.00168	0.00277	0.00264	0.00330
20	0.00276	0.00199	0.00261	0.00311	0.00328	0.00184	0.00208	0.00316	0.00438	0.00580	0.01300	0.87513	0.05842	0.00703	0.00288	0.00091	0.00131	0.00636	0.00210	0.00184
21	0.00329	0.00220	0.00247	0.00247	0.00247	0.00220	0.00137	0.00329	0.00329	0.00439	0.00714	0.01483	0.00824	0.92038	0.01153	0.00220	0.00220	0.00329	0.00137	0.00137
22	0.00268	0.00229	0.00230	0.00232	0.00307	0.00191	0.00173	0.00325	0.00514	0.00611	0.02268	0.04530	0.88201	0.00577	0.00268	0.00077	0.00115	0.00483	0.00210	0.00191
23	0.82802	0.00461	0.00374	0.00324	0.00469	0.00531	0.00267	0.11085	0.00465	0.01065	0.00342	0.00389	0.00262	0.00218	0.00150	0.00070	0.00184	0.00132	0.00150	0.00262
24	0.00276	0.00197	0.00263	0.00315	0.00329	0.00184	0.00210	0.00315	0.00434	0.00578	0.01249	0.91890	0.01499	0.00710	0.00289	0.00092	0.00131	0.00644	0.00210	0.00184
25	0.00823	0.00730	0.00651	0.00530	0.00689	0.23602	0.00424	0.57062	0.11276	0.01151	0.00539	0.00545	0.00397	0.00266	0.00221	0.00067	0.00282	0.00195	0.00199	0.00351
26	0.00561	0.00538	0.00920	0.01391	0.90624	0.00538	0.00695	0.00695	0.00516	0.00740	0.00426	0.00561	0.00359	0.00202	0.00224	0.00067	0.00269	0.00202	0.00112	0.00359
27	0.00268	0.00230	0.00230	0.00230	0.00306	0.00191	0.00172	0.00325	0.00516	0.00612	0.02295	0.02180	0.90532	0.00574	0.00268	0.00077	0.00115	0.00478	0.00210	0.00191
28	0.14878	0.00411	0.00636	0.75949	0.01381	0.00505	0.01956	0.00595	0.00444	0.00649	0.00390	0.00568	0.00294	0.00223	0.00214	0.00075	0.00284	0.00190	0.00107	0.00252
29	0.00278	0.00198	0.00262	0.00313	0.00325	0.00185	0.00207	0.00316	0.00430	0.00573	0.01228	0.88394	0.01472	0.04241	0.00323	0.00097	0.00135	0.00632	0.00207	0.00182
30	0.00268	0.00230	0.00230	0.00230	0.00306	0.00191	0.00172	0.00325	0.00516	0.00612	0.02295	0.02180	0.90532	0.00574	0.00268	0.00077	0.00115	0.00478	0.00210	0.00191

[dist]
# distance from previous block
# <min> <max>
0	0

# created by:
# /share/home/app/bin/augustus-3.3.1/scripts/msa2prfl.pl /dev/shm/tmp/pt-rosids/msas/petL.aln --setname=petL
