[name]
petN

[dist]
# distance from previous block
# <min> <max>
0	13

[block]
# block no. 0 follows, 136 sequences, length 29
# corresponding to MSA columns:
# 13-41
name=unknown_A
#
# <colnr> <probs for GDERKNQSTAVLIFYWHMCP>
#	G	D	E	R	K	N	Q	S	T	A	V	L	I	F	Y	W	H	M	C	P
0	0.00360	0.00257	0.00360	0.00412	0.00463	0.00257	0.00360	0.00463	0.00515	0.00669	0.01184	0.02523	0.01287	0.00618	0.00309	0.00103	0.00206	0.89239	0.00206	0.00206
1	0.00604	0.90028	0.01159	0.00387	0.00577	0.03111	0.00384	0.00675	0.00459	0.00527	0.00312	0.00360	0.00287	0.00192	0.00145	0.00048	0.00243	0.00120	0.00096	0.00286
2	0.00270	0.00228	0.00234	0.00237	0.00311	0.00193	0.00181	0.00329	0.00510	0.00608	0.02205	0.02173	0.85596	0.00569	0.00267	0.00077	0.00119	0.05496	0.00208	0.00190
3	0.00314	0.00229	0.00295	0.00278	0.00332	0.00210	0.00209	0.00416	0.00626	0.00880	0.85648	0.01698	0.07099	0.00463	0.00264	0.00071	0.00106	0.00408	0.00244	0.00210
4	0.02437	0.00651	0.00663	0.00515	0.00689	0.06325	0.00422	0.82927	0.01014	0.01349	0.00521	0.00526	0.00372	0.00265	0.00221	0.00067	0.00255	0.00196	0.00216	0.00370
5	0.00273	0.00195	0.00260	0.00311	0.00324	0.00182	0.00208	0.00311	0.00428	0.00571	0.01233	0.91994	0.01479	0.00701	0.00285	0.00091	0.00130	0.00636	0.00208	0.00182
6	0.00996	0.00392	0.00526	0.00403	0.00577	0.00346	0.00333	0.05221	0.00659	0.86741	0.00866	0.00751	0.00546	0.00276	0.00225	0.00069	0.00193	0.00224	0.00274	0.00381
7	0.00389	0.00194	0.00291	0.00291	0.00291	0.00194	0.00194	0.00291	0.00291	0.00389	0.00389	0.00680	0.00389	0.00777	0.00874	0.93493	0.00194	0.00194	0.00097	0.00097
8	0.03505	0.00382	0.00514	0.00395	0.00567	0.00333	0.00326	0.01078	0.00633	0.88473	0.00867	0.00751	0.00545	0.00275	0.00223	0.00069	0.00190	0.00222	0.00273	0.00377
9	0.03634	0.00382	0.00514	0.00395	0.00567	0.00334	0.00326	0.01078	0.00633	0.88349	0.00866	0.00750	0.00545	0.00275	0.00222	0.00069	0.00190	0.00222	0.00273	0.00377
10	0.00274	0.00195	0.00260	0.00311	0.00325	0.00182	0.00208	0.00314	0.00433	0.00578	0.03271	0.89934	0.01494	0.00695	0.00285	0.00090	0.00129	0.00631	0.00208	0.00182
11	0.00360	0.00257	0.00360	0.00412	0.00463	0.00257	0.00360	0.00463	0.00515	0.00669	0.01184	0.02523	0.01287	0.00618	0.00309	0.00103	0.00206	0.89239	0.00206	0.00206
12	0.00325	0.00237	0.00306	0.00287	0.00343	0.00223	0.00216	0.00448	0.03677	0.00898	0.87583	0.01642	0.02062	0.00452	0.00263	0.00071	0.00108	0.00399	0.00246	0.00216
13	0.00315	0.00229	0.00297	0.00280	0.00333	0.00210	0.00210	0.00419	0.00630	0.00889	0.88120	0.01684	0.04622	0.00460	0.00264	0.00070	0.00106	0.00406	0.00245	0.00210
14	0.00325	0.00217	0.00244	0.00244	0.00244	0.00217	0.00136	0.00325	0.00325	0.00434	0.00705	0.01464	0.00813	0.92140	0.01138	0.00217	0.00217	0.00325	0.00136	0.00136
15	0.00563	0.00484	0.00510	0.00457	0.00584	0.00559	0.00356	0.03214	0.88304	0.00946	0.00902	0.00828	0.00676	0.00303	0.00227	0.00076	0.00179	0.00252	0.00227	0.00355
16	0.00325	0.00217	0.00244	0.00244	0.00244	0.00217	0.00136	0.00325	0.00325	0.00434	0.00705	0.01464	0.00813	0.92140	0.01138	0.00217	0.00217	0.00325	0.00136	0.00136
17	0.00850	0.00626	0.00671	0.00515	0.00694	0.00694	0.00425	0.89999	0.01052	0.01410	0.00537	0.00537	0.00380	0.00268	0.00224	0.00067	0.00246	0.00201	0.00224	0.00380
18	0.00273	0.00195	0.00260	0.00311	0.00324	0.00182	0.00208	0.00311	0.00428	0.00571	0.01233	0.91994	0.01479	0.00701	0.00285	0.00091	0.00130	0.00636	0.00208	0.00182
19	0.00850	0.00626	0.00671	0.00515	0.00694	0.00694	0.00425	0.89999	0.01052	0.01410	0.00537	0.00537	0.00380	0.00268	0.00224	0.00067	0.00246	0.00201	0.00224	0.00380
20	0.00273	0.00195	0.00260	0.00311	0.00324	0.00182	0.00208	0.00311	0.00428	0.00571	0.01233	0.91994	0.01479	0.00701	0.00285	0.00091	0.00130	0.00636	0.00208	0.00182
21	0.00317	0.00229	0.00299	0.00281	0.00334	0.00211	0.00211	0.00422	0.00633	0.00897	0.90626	0.01671	0.02110	0.00457	0.00264	0.00070	0.00106	0.00404	0.00246	0.00211
22	0.00315	0.00229	0.00297	0.00280	0.00333	0.00210	0.00210	0.00419	0.00629	0.00887	0.87629	0.01687	0.05114	0.00461	0.00264	0.00071	0.00106	0.00407	0.00245	0.00210
23	0.00389	0.00194	0.00291	0.00291	0.00291	0.00194	0.00194	0.00291	0.00291	0.00389	0.00389	0.00680	0.00389	0.00777	0.00874	0.93493	0.00194	0.00194	0.00097	0.00097
24	0.93720	0.00433	0.00329	0.00294	0.00433	0.00502	0.00242	0.00657	0.00381	0.01003	0.00311	0.00363	0.00242	0.00208	0.00138	0.00069	0.00173	0.00121	0.00138	0.00242
25	0.00422	0.00398	0.00671	0.91602	0.01540	0.00497	0.00621	0.00571	0.00447	0.00571	0.00398	0.00596	0.00298	0.00224	0.00224	0.00075	0.00298	0.00199	0.00099	0.00248
26	0.02968	0.00622	0.00663	0.00510	0.00688	0.00689	0.00421	0.87961	0.01036	0.01400	0.00532	0.00533	0.00377	0.00267	0.00222	0.00067	0.00244	0.00200	0.00222	0.00377
27	0.93720	0.00433	0.00329	0.00294	0.00433	0.00502	0.00242	0.00657	0.00381	0.01003	0.00311	0.00363	0.00242	0.00208	0.00138	0.00069	0.00173	0.00121	0.00138	0.00242
28	0.00273	0.00195	0.00260	0.00311	0.00324	0.00182	0.00208	0.00311	0.00428	0.00571	0.01233	0.91994	0.01479	0.00701	0.00285	0.00091	0.00130	0.00636	0.00208	0.00182

[dist]
# distance from previous block
# <min> <max>
0	0

# created by:
# /share/home/app/bin/augustus-3.3.1/scripts/msa2prfl.pl /dev/shm/tmp/pt-rosids/msas/petN.aln --setname=petN
