[name]
psaI

[dist]
# distance from previous block
# <min> <max>
1	27

[block]
# block no. 0 follows, 136 sequences, length 32
# corresponding to MSA columns:
# 29-60
name=unknown_A
#
# <colnr> <probs for GDERKNQSTAVLIFYWHMCP>
#	G	D	E	R	K	N	Q	S	T	A	V	L	I	F	Y	W	H	M	C	P
0	0.00814	0.04052	0.00651	0.00548	0.00680	0.64206	0.00423	0.20130	0.04114	0.00748	0.00428	0.00466	0.01283	0.00244	0.00206	0.00060	0.00352	0.00163	0.00143	0.00289
1	0.00302	0.00217	0.00271	0.00304	0.00323	0.00210	0.00201	0.01317	0.04165	0.00573	0.02500	0.66064	0.02656	0.19255	0.00455	0.00115	0.00150	0.00546	0.00195	0.00182
2	0.00482	0.00408	0.00474	0.00340	0.00538	0.00317	0.00273	0.04765	0.00491	0.00761	0.00404	0.00467	0.00334	0.00170	0.00168	0.00035	0.00169	0.00136	0.00137	0.89132
3	0.00843	0.00607	0.00656	0.00503	0.00681	0.00664	0.00415	0.83327	0.01017	0.05295	0.01667	0.00559	0.00408	0.00269	0.00223	0.00067	0.00240	0.00204	0.00225	0.02129
4	0.00272	0.00225	0.00234	0.00234	0.00302	0.00192	0.00172	0.00329	0.00506	0.00615	0.08920	0.04841	0.75733	0.06048	0.00317	0.00084	0.00119	0.00463	0.00206	0.00187
5	0.00319	0.00214	0.00246	0.00252	0.00254	0.00213	0.00144	0.00324	0.00338	0.00450	0.00768	0.12337	0.00893	0.81157	0.01036	0.00202	0.00206	0.00363	0.00144	0.00141
6	0.00317	0.00229	0.00299	0.00281	0.00334	0.00211	0.00211	0.00422	0.00633	0.00897	0.90626	0.01671	0.02110	0.00457	0.00264	0.00070	0.00106	0.00404	0.00246	0.00211
7	0.00475	0.00404	0.00470	0.00337	0.00535	0.00310	0.00270	0.03260	0.00482	0.00749	0.00402	0.00466	0.00333	0.00169	0.00167	0.00034	0.00168	0.00135	0.00135	0.90699
8	0.00279	0.00197	0.00258	0.00304	0.00315	0.00186	0.00199	0.00313	0.00416	0.00555	0.01172	0.81622	0.01403	0.11177	0.00383	0.00105	0.00140	0.00600	0.00199	0.00176
9	0.00318	0.00229	0.00301	0.00285	0.00338	0.00212	0.00215	0.00423	0.00630	0.00890	0.88001	0.01696	0.02086	0.00462	0.00265	0.00071	0.00108	0.03012	0.00245	0.00211
10	0.89856	0.00430	0.00337	0.00298	0.00438	0.00495	0.00246	0.00675	0.00391	0.04749	0.00335	0.00380	0.00255	0.00211	0.00142	0.00069	0.00174	0.00125	0.00144	0.00248
11	0.00273	0.00195	0.00260	0.00311	0.00324	0.00182	0.00208	0.00311	0.00428	0.00571	0.01233	0.91994	0.01479	0.00701	0.00285	0.00091	0.00130	0.00636	0.00208	0.00182
12	0.00314	0.00228	0.00295	0.00278	0.00331	0.00210	0.00208	0.00416	0.00623	0.00876	0.85202	0.01689	0.06030	0.01982	0.00278	0.00073	0.00108	0.00406	0.00243	0.00209
13	0.00321	0.00216	0.00247	0.00250	0.00253	0.00214	0.00143	0.00327	0.00342	0.00458	0.03491	0.08315	0.00903	0.82425	0.01047	0.00203	0.00207	0.00351	0.00144	0.00141
14	0.00464	0.00398	0.00464	0.00331	0.00530	0.00298	0.00265	0.00563	0.00464	0.00729	0.00398	0.00464	0.00331	0.00166	0.00166	0.00033	0.00166	0.00133	0.00133	0.93507
15	0.00958	0.00377	0.00508	0.00394	0.00560	0.00330	0.00324	0.01062	0.03344	0.83959	0.05099	0.00806	0.00631	0.00286	0.00227	0.00069	0.00186	0.00234	0.00274	0.00372
16	0.00271	0.00226	0.00234	0.00239	0.00307	0.00192	0.00178	0.00326	0.00499	0.00598	0.02111	0.06407	0.79241	0.04310	0.00303	0.00083	0.00122	0.03962	0.00205	0.00187
17	0.00991	0.00389	0.00523	0.00402	0.00574	0.00343	0.00332	0.03351	0.02442	0.86829	0.00874	0.00757	0.00552	0.00277	0.00225	0.00069	0.00191	0.00225	0.00274	0.00380
18	0.00356	0.00256	0.00355	0.00404	0.00456	0.00254	0.00352	0.00457	0.00515	0.00667	0.01231	0.02507	0.05172	0.00616	0.00307	0.00102	0.00202	0.85380	0.00206	0.00205
19	0.00864	0.00369	0.00488	0.00387	0.00538	0.00334	0.00315	0.03160	0.06047	0.69049	0.13450	0.00890	0.00776	0.00329	0.01875	0.00075	0.00186	0.00251	0.00265	0.00352
20	0.00850	0.00626	0.00671	0.00515	0.00694	0.00694	0.00425	0.89999	0.01052	0.01410	0.00537	0.00537	0.00380	0.00268	0.00224	0.00067	0.00246	0.00201	0.00224	0.00380
21	0.00273	0.00195	0.00260	0.00311	0.00324	0.00182	0.00208	0.00311	0.00428	0.00571	0.01233	0.91994	0.01479	0.00701	0.00285	0.00091	0.00130	0.00636	0.00208	0.00182
22	0.00578	0.00414	0.00449	0.00374	0.00460	0.00446	0.00275	0.43426	0.00674	0.00903	0.00624	0.01018	0.00605	0.47982	0.00699	0.00145	0.00231	0.00266	0.00178	0.00253
23	0.00275	0.00196	0.00258	0.00307	0.00321	0.00183	0.00204	0.00312	0.00425	0.00566	0.01227	0.86813	0.02867	0.04491	0.00321	0.00096	0.00133	0.00620	0.00205	0.00180
24	0.00460	0.00448	0.00612	0.00537	0.00548	0.02788	0.00442	0.00516	0.00353	0.00534	0.00362	0.00573	0.00352	0.00672	0.20737	0.00155	0.69368	0.00204	0.00103	0.00235
25	0.00304	0.00227	0.00282	0.00271	0.00327	0.00205	0.00202	0.00397	0.00599	0.00823	0.68746	0.05320	0.20492	0.00490	0.00265	0.00072	0.00108	0.00428	0.00237	0.00205
26	0.00519	0.00664	0.11119	0.00909	0.01147	0.00561	0.80194	0.00716	0.00522	0.00716	0.00447	0.00589	0.00333	0.00191	0.00258	0.00075	0.00372	0.00253	0.00111	0.00305
27	0.00550	0.00540	0.01782	0.07488	0.80793	0.02617	0.00674	0.00689	0.01406	0.00717	0.00422	0.00555	0.00352	0.00203	0.00221	0.00067	0.00271	0.00198	0.00111	0.00345
28	0.00776	0.00945	0.00633	0.00610	0.06509	0.71994	0.00437	0.00923	0.13852	0.00617	0.00434	0.00477	0.00351	0.00239	0.00207	0.00061	0.00361	0.00164	0.00132	0.00279
29	0.00544	0.00521	0.00890	0.08260	0.83936	0.00529	0.00681	0.00678	0.00505	0.00719	0.00419	0.00557	0.00350	0.00201	0.00222	0.00067	0.00268	0.00199	0.00110	0.00346
30	0.00264	0.00227	0.00227	0.00227	0.00302	0.00189	0.00170	0.00321	0.00510	0.00604	0.02266	0.02152	0.90654	0.00566	0.00264	0.00076	0.00113	0.00472	0.00208	0.00189
31	0.00335	0.00229	0.00262	0.00260	0.00273	0.00228	0.00157	0.03112	0.00384	0.00514	0.07407	0.08563	0.03619	0.72655	0.00953	0.00187	0.00200	0.00356	0.00154	0.00154

[dist]
# distance from previous block
# <min> <max>
0	2

# created by:
# /share/home/app/bin/augustus-3.3.1/scripts/msa2prfl.pl /dev/shm/tmp/pt-rosids/msas/psaI.aln --setname=psaI
