[name]
psaJ

[dist]
# distance from previous block
# <min> <max>
0	8

[block]
# block no. 0 follows, 136 sequences, length 42
# corresponding to MSA columns:
# 8-49
name=unknown_A
#
# <colnr> <probs for GDERKNQSTAVLIFYWHMCP>
#	G	D	E	R	K	N	Q	S	T	A	V	L	I	F	Y	W	H	M	C	P
0	0.00360	0.00257	0.00360	0.00412	0.00463	0.00257	0.00360	0.00463	0.00515	0.00669	0.01184	0.02523	0.01287	0.00618	0.00309	0.00103	0.00206	0.89239	0.00206	0.00206
1	0.02172	0.00398	0.00664	0.89890	0.01520	0.00497	0.00614	0.00573	0.00446	0.00580	0.00396	0.00592	0.00297	0.00223	0.00222	0.00074	0.00296	0.00197	0.00100	0.00248
2	0.00615	0.81921	0.01106	0.00400	0.00582	0.09321	0.00385	0.00685	0.00469	0.00528	0.00320	0.00373	0.00293	0.00224	0.01957	0.00055	0.00262	0.00124	0.00098	0.00283
3	0.00275	0.00196	0.00260	0.00309	0.00322	0.00183	0.00205	0.00314	0.00429	0.00573	0.02829	0.87526	0.01470	0.03563	0.00312	0.00094	0.00132	0.00622	0.00206	0.00181
4	0.00554	0.00531	0.00908	0.01373	0.90744	0.00531	0.00686	0.00686	0.00509	0.00731	0.00421	0.00554	0.00354	0.00199	0.00221	0.00066	0.00266	0.00199	0.00111	0.00354
5	0.00556	0.00480	0.00506	0.00455	0.00582	0.00556	0.00354	0.01188	0.90340	0.00936	0.00910	0.00834	0.00683	0.00303	0.00228	0.00076	0.00177	0.00253	0.00228	0.00354
6	0.00320	0.00240	0.00359	0.00359	0.00399	0.00280	0.00280	0.00399	0.00359	0.00519	0.00599	0.00879	0.00559	0.01677	0.91253	0.00359	0.00599	0.00240	0.00120	0.00200
7	0.00273	0.00195	0.00260	0.00311	0.00324	0.00182	0.00208	0.00311	0.00428	0.00571	0.01233	0.91994	0.01479	0.00701	0.00285	0.00091	0.00130	0.00636	0.00208	0.00182
8	0.00850	0.00626	0.00671	0.00515	0.00694	0.00694	0.00425	0.89999	0.01052	0.01410	0.00537	0.00537	0.00380	0.00268	0.00224	0.00067	0.00246	0.00201	0.00224	0.00380
9	0.00377	0.00252	0.00325	0.00299	0.00364	0.00237	0.00227	0.00509	0.05407	0.07085	0.79684	0.01564	0.01927	0.00437	0.00259	0.00071	0.00115	0.00384	0.00247	0.00230
10	0.01003	0.00381	0.00519	0.00398	0.00571	0.00329	0.00329	0.01090	0.00640	0.90899	0.00882	0.00761	0.00554	0.00277	0.00225	0.00069	0.00190	0.00225	0.00277	0.00381
11	0.00464	0.00398	0.00464	0.00331	0.00530	0.00298	0.00265	0.00563	0.00464	0.00729	0.00398	0.00464	0.00331	0.00166	0.00166	0.00033	0.00166	0.00133	0.00133	0.93507
12	0.00315	0.00229	0.00297	0.00280	0.00333	0.00210	0.00210	0.00419	0.00629	0.00888	0.87846	0.01686	0.04896	0.00461	0.00264	0.00071	0.00106	0.00407	0.00245	0.00210
13	0.00283	0.00210	0.00264	0.00287	0.00323	0.00191	0.00201	0.00344	0.00501	0.00668	0.26399	0.49597	0.18696	0.00607	0.00275	0.00082	0.00120	0.00540	0.00218	0.00191
14	0.02704	0.00623	0.00664	0.00510	0.00688	0.00690	0.00421	0.88215	0.01038	0.01401	0.00532	0.00534	0.00378	0.00267	0.00222	0.00067	0.00245	0.00200	0.00222	0.00378
15	0.00582	0.00475	0.00507	0.00452	0.00581	0.00543	0.00353	0.01183	0.85197	0.06094	0.00909	0.00830	0.00675	0.00302	0.00227	0.00075	0.00178	0.00251	0.00230	0.00356
16	0.00272	0.00198	0.00256	0.00301	0.00322	0.00183	0.00203	0.00313	0.00438	0.00575	0.01355	0.81355	0.12039	0.00685	0.00283	0.00089	0.00128	0.00616	0.00208	0.00183
17	0.00389	0.00194	0.00291	0.00291	0.00291	0.00194	0.00194	0.00291	0.00291	0.00389	0.00389	0.00680	0.00389	0.00777	0.00874	0.93493	0.00194	0.00194	0.00097	0.00097
18	0.00325	0.00217	0.00244	0.00244	0.00244	0.00217	0.00136	0.00325	0.00325	0.00434	0.00705	0.01464	0.00813	0.92140	0.01138	0.00217	0.00217	0.00325	0.00136	0.00136
19	0.88546	0.00433	0.00340	0.00301	0.00440	0.00498	0.00248	0.02410	0.00403	0.03193	0.01402	0.00392	0.00275	0.00213	0.00144	0.00069	0.00174	0.00129	0.00145	0.00248
20	0.00872	0.00551	0.00619	0.00477	0.00649	0.00586	0.00392	0.63838	0.02094	0.24217	0.00634	0.00622	0.00440	0.02638	0.00248	0.00072	0.00230	0.00211	0.00235	0.00374
21	0.00273	0.00195	0.00260	0.00311	0.00324	0.00182	0.00208	0.00311	0.00428	0.00571	0.01233	0.91994	0.01479	0.00701	0.00285	0.00091	0.00130	0.00636	0.00208	0.00182
22	0.01003	0.00381	0.00519	0.00398	0.00571	0.00329	0.00329	0.01090	0.00640	0.90899	0.00882	0.00761	0.00554	0.00277	0.00225	0.00069	0.00190	0.00225	0.00277	0.00381
23	0.92090	0.00432	0.00332	0.00296	0.00435	0.00499	0.00244	0.00665	0.00385	0.02584	0.00321	0.00370	0.00248	0.00209	0.00140	0.00069	0.00173	0.00123	0.00141	0.00245
24	0.00273	0.00196	0.00260	0.00308	0.00324	0.00183	0.00207	0.00315	0.00436	0.00581	0.03671	0.87072	0.03965	0.00690	0.00284	0.00090	0.00129	0.00625	0.00209	0.00183
25	0.00273	0.00195	0.00260	0.00311	0.00324	0.00182	0.00208	0.00311	0.00428	0.00571	0.01233	0.91994	0.01479	0.00701	0.00285	0.00091	0.00130	0.00636	0.00208	0.00182
26	0.00264	0.00227	0.00227	0.00227	0.00302	0.00189	0.00170	0.00321	0.00510	0.00604	0.02266	0.02152	0.90654	0.00566	0.00264	0.00076	0.00113	0.00472	0.00208	0.00189
27	0.00449	0.01157	0.90981	0.00637	0.00968	0.00519	0.00826	0.00708	0.00472	0.00708	0.00401	0.00472	0.00283	0.00212	0.00212	0.00071	0.00331	0.00165	0.00094	0.00331
28	0.00264	0.00227	0.00227	0.00227	0.00302	0.00189	0.00170	0.00321	0.00510	0.00604	0.02266	0.02152	0.90654	0.00566	0.00264	0.00076	0.00113	0.00472	0.00208	0.00189
29	0.00835	0.01066	0.00634	0.00576	0.00691	0.91242	0.00432	0.00893	0.00634	0.00547	0.00346	0.00403	0.00288	0.00230	0.00202	0.00058	0.00403	0.00144	0.00115	0.00259
30	0.00422	0.00398	0.00671	0.91602	0.01540	0.00497	0.00621	0.00571	0.00447	0.00571	0.00398	0.00596	0.00298	0.00224	0.00224	0.00075	0.00298	0.00199	0.00099	0.00248
31	0.00291	0.00202	0.00254	0.00288	0.00297	0.00194	0.00183	0.00316	0.00393	0.00523	0.01050	0.60630	0.01249	0.32380	0.00581	0.00134	0.00160	0.00528	0.00183	0.00166
32	0.00325	0.00217	0.00244	0.00244	0.00244	0.00217	0.00136	0.00325	0.00325	0.00434	0.00705	0.01464	0.00813	0.92140	0.01138	0.00217	0.00217	0.00325	0.00136	0.00136
33	0.00464	0.00398	0.00464	0.00331	0.00530	0.00298	0.00265	0.00563	0.00464	0.00729	0.00398	0.00464	0.00331	0.00166	0.00166	0.00033	0.00166	0.00133	0.00133	0.93507
34	0.00598	0.92274	0.01172	0.00383	0.00574	0.00885	0.00383	0.00670	0.00454	0.00526	0.00311	0.00359	0.00287	0.00191	0.00144	0.00048	0.00239	0.00120	0.00096	0.00287
35	0.01003	0.00381	0.00519	0.00398	0.00571	0.00329	0.00329	0.01090	0.00640	0.90899	0.00882	0.00761	0.00554	0.00277	0.00225	0.00069	0.00190	0.00225	0.00277	0.00381
36	0.00273	0.00195	0.00260	0.00311	0.00324	0.00182	0.00208	0.00311	0.00428	0.00571	0.01233	0.91994	0.01479	0.00701	0.00285	0.00091	0.00130	0.00636	0.00208	0.00182
37	0.00472	0.00405	0.00426	0.00391	0.00500	0.00448	0.00302	0.00934	0.63791	0.00844	0.03557	0.03684	0.22541	0.00382	0.00239	0.00076	0.00158	0.00320	0.00223	0.00306
38	0.00324	0.00216	0.00244	0.00245	0.00245	0.00216	0.00137	0.00325	0.00327	0.00436	0.00714	0.03055	0.00825	0.90532	0.01123	0.00215	0.00215	0.00331	0.00137	0.00136
39	0.00491	0.00414	0.00478	0.00344	0.00542	0.00326	0.00276	0.06883	0.00505	0.00777	0.00407	0.00469	0.00335	0.00173	0.00170	0.00036	0.00171	0.00137	0.00139	0.86926
40	0.00325	0.00217	0.00244	0.00244	0.00244	0.00217	0.00136	0.00325	0.00325	0.00434	0.00705	0.01464	0.00813	0.92140	0.01138	0.00217	0.00217	0.00325	0.00136	0.00136
41	0.00325	0.00217	0.00244	0.00244	0.00244	0.00217	0.00136	0.00325	0.00325	0.00434	0.00705	0.01464	0.00813	0.92140	0.01138	0.00217	0.00217	0.00325	0.00136	0.00136

[dist]
# distance from previous block
# <min> <max>
0	5

# created by:
# /share/home/app/bin/augustus-3.3.1/scripts/msa2prfl.pl /dev/shm/tmp/pt-rosids/msas/psaJ.aln --setname=psaJ
