[name]
psbK

[dist]
# distance from previous block
# <min> <max>
0	3

[block]
# block no. 0 follows, 129 sequences, length 12
# corresponding to MSA columns:
# 3-14
name=unknown_A
#
# <colnr> <probs for GDERKNQSTAVLIFYWHMCP>
#	G	D	E	R	K	N	Q	S	T	A	V	L	I	F	Y	W	H	M	C	P
0	0.00377	0.00270	0.00377	0.00431	0.00485	0.00270	0.00377	0.00485	0.00539	0.00701	0.01240	0.02641	0.01348	0.00647	0.00323	0.00108	0.00216	0.88733	0.00216	0.00216
1	0.00294	0.00212	0.00274	0.00318	0.00338	0.00196	0.00212	0.00334	0.00445	0.00593	0.01274	0.78963	0.05193	0.07455	0.00361	0.00103	0.00143	0.00622	0.00210	0.02462
2	0.00852	0.01079	0.00667	0.00604	0.00717	0.85267	0.00456	0.00912	0.00645	0.00573	0.00359	0.00428	0.00302	0.00252	0.00246	0.00063	0.06035	0.00154	0.00120	0.00271
3	0.00295	0.00246	0.00252	0.00251	0.00324	0.00216	0.00184	0.00373	0.04159	0.00631	0.02147	0.04875	0.76526	0.08058	0.00351	0.00092	0.00131	0.00478	0.00212	0.00200
4	0.00333	0.00225	0.00260	0.00266	0.00270	0.00222	0.00155	0.00343	0.00367	0.00491	0.04286	0.13047	0.00993	0.76593	0.01042	0.00204	0.00211	0.00385	0.00156	0.00151
5	0.00860	0.00715	0.00694	0.02320	0.02504	0.14866	0.00453	0.68469	0.04700	0.01282	0.00542	0.00555	0.00394	0.00274	0.00231	0.00069	0.00282	0.00204	0.00212	0.00374
6	0.00310	0.00220	0.00283	0.00325	0.00343	0.00211	0.00218	0.02431	0.00452	0.00603	0.01197	0.74210	0.01421	0.12948	0.00418	0.00113	0.00154	0.03745	0.00208	0.00190
7	0.00293	0.00244	0.00254	0.00254	0.00329	0.00212	0.00191	0.00369	0.02811	0.00651	0.06178	0.03866	0.76495	0.03561	0.00308	0.00085	0.00127	0.03355	0.00217	0.00202
8	0.04584	0.00265	0.00286	0.00278	0.00337	0.01678	0.00211	0.03710	0.00478	0.00805	0.00689	0.00848	0.00567	0.01981	0.19975	0.03088	0.00240	0.00221	0.59538	0.00220
9	0.00280	0.00237	0.00238	0.00238	0.00313	0.00199	0.00176	0.00336	0.00523	0.00622	0.02277	0.02212	0.85032	0.05881	0.00330	0.00088	0.00125	0.00485	0.00213	0.00194
10	0.07542	0.00242	0.00257	0.01789	0.00324	0.00253	0.00192	0.00523	0.00456	0.00807	0.00690	0.00853	0.00566	0.04166	0.08520	0.05564	0.00176	0.00218	0.66649	0.00211
11	0.00306	0.00216	0.00269	0.00304	0.00319	0.00205	0.00199	0.00338	0.00424	0.00560	0.01181	0.55215	0.06368	0.28636	0.00572	0.00135	0.00166	0.04217	0.00194	0.00177

[dist]
# distance from previous block
# <min> <max>
5	7

[block]
# block no. 1 follows, 129 sequences, length 44
# corresponding to MSA columns:
# 24-67
name=unknown_B
#
# <colnr> <probs for GDERKNQSTAVLIFYWHMCP>
#	G	D	E	R	K	N	Q	S	T	A	V	L	I	F	Y	W	H	M	C	P
0	0.00860	0.00636	0.00683	0.00528	0.00710	0.00700	0.00434	0.84080	0.02102	0.01430	0.00587	0.03404	0.00437	0.00294	0.00235	0.00071	0.00251	0.00224	0.00232	0.02103
1	0.01843	0.02812	0.00702	0.00544	0.00719	0.17447	0.00443	0.69129	0.02018	0.01277	0.00522	0.00534	0.00380	0.00272	0.00227	0.00068	0.00286	0.00197	0.00209	0.00371
2	0.02450	0.00668	0.00679	0.00531	0.00710	0.06450	0.00435	0.77156	0.04809	0.01376	0.00592	0.00591	0.01883	0.00284	0.00232	0.00070	0.00262	0.00213	0.00225	0.00383
3	0.00346	0.00232	0.00263	0.00264	0.00270	0.00232	0.00153	0.01800	0.00364	0.00487	0.00790	0.07620	0.01843	0.82178	0.01095	0.00212	0.00219	0.00361	0.01120	0.00151
4	0.00335	0.00222	0.00266	0.00282	0.00290	0.00217	0.00171	0.00350	0.00382	0.02098	0.00926	0.31671	0.01080	0.59679	0.00876	0.00180	0.00196	0.00448	0.00170	0.00163
5	0.00347	0.00240	0.00284	0.00282	0.00303	0.00236	0.00180	0.03096	0.00454	0.00617	0.21147	0.13831	0.02181	0.54864	0.00823	0.00168	0.00188	0.00401	0.00182	0.00175
6	0.07582	0.00413	0.00515	0.00413	0.00576	0.00393	0.00336	0.02552	0.14680	0.62850	0.06496	0.00835	0.00677	0.00301	0.00232	0.00074	0.00191	0.00244	0.00268	0.00373
7	0.00580	0.00556	0.00950	0.01437	0.90310	0.00556	0.00719	0.00719	0.00533	0.00765	0.00440	0.00580	0.00371	0.00209	0.00232	0.00070	0.00278	0.00209	0.00116	0.00371
8	0.00285	0.00204	0.00272	0.00326	0.00340	0.00190	0.00217	0.00326	0.00448	0.00598	0.01291	0.91618	0.01549	0.00734	0.00299	0.00095	0.00136	0.00666	0.00217	0.00190
9	0.00486	0.00416	0.00486	0.00347	0.00555	0.00312	0.00277	0.00590	0.00486	0.00763	0.00416	0.00486	0.00347	0.00173	0.00173	0.00035	0.00173	0.00139	0.00139	0.93202
10	0.00470	0.01211	0.90557	0.00667	0.01014	0.00544	0.00865	0.00742	0.00494	0.00742	0.00420	0.00494	0.00297	0.00222	0.00222	0.00074	0.00346	0.00173	0.00099	0.00346
11	0.01038	0.00396	0.00539	0.00414	0.00593	0.00342	0.00342	0.01129	0.00670	0.88854	0.02537	0.00814	0.00609	0.00293	0.00236	0.00072	0.00198	0.00239	0.00289	0.00395
12	0.00335	0.00251	0.00376	0.00376	0.00418	0.00293	0.00293	0.00418	0.00376	0.00544	0.00627	0.00920	0.00585	0.01756	0.90842	0.00376	0.00627	0.00251	0.00125	0.00209
13	0.01042	0.00404	0.00545	0.00419	0.00600	0.00353	0.00346	0.02365	0.01956	0.87958	0.00919	0.00795	0.00579	0.00290	0.00236	0.00073	0.00200	0.00236	0.00288	0.00398
14	0.00341	0.00227	0.00255	0.00255	0.00255	0.00227	0.00142	0.00341	0.00341	0.00454	0.00738	0.01532	0.00851	0.91770	0.01192	0.00227	0.00227	0.00341	0.00142	0.00142
15	0.00285	0.00204	0.00272	0.00326	0.00340	0.00190	0.00217	0.00326	0.00448	0.00598	0.01291	0.91618	0.01549	0.00734	0.00299	0.00095	0.00136	0.00666	0.00217	0.00190
16	0.00867	0.01077	0.00674	0.00625	0.03447	0.83705	0.00460	0.05236	0.00681	0.00623	0.00374	0.00434	0.00308	0.00242	0.00213	0.00061	0.00410	0.00155	0.00126	0.00281
17	0.00486	0.00416	0.00486	0.00347	0.00555	0.00312	0.00277	0.00590	0.00486	0.00763	0.00416	0.00486	0.00347	0.00173	0.00173	0.00035	0.00173	0.00139	0.00139	0.93202
18	0.00278	0.00237	0.00239	0.00238	0.00317	0.00198	0.00179	0.00338	0.00536	0.00638	0.03918	0.02245	0.88665	0.00591	0.00277	0.00079	0.00118	0.00493	0.00218	0.00198
19	0.00329	0.00239	0.00309	0.00292	0.00348	0.00220	0.00219	0.00437	0.00656	0.00924	0.85797	0.01774	0.06608	0.00484	0.00276	0.00074	0.00111	0.00427	0.00256	0.00220
20	0.00626	0.91911	0.01227	0.00401	0.00601	0.00927	0.00401	0.00701	0.00476	0.00551	0.00326	0.00376	0.00301	0.00200	0.00150	0.00050	0.00250	0.00125	0.00100	0.00301
21	0.00323	0.00236	0.00287	0.00276	0.00324	0.00218	0.00196	0.00401	0.00571	0.00781	0.55262	0.01796	0.18042	0.19729	0.00469	0.00107	0.00137	0.00419	0.00226	0.00200
22	0.00376	0.00269	0.00375	0.00428	0.00482	0.00268	0.00374	0.00483	0.00539	0.00700	0.01259	0.02635	0.02882	0.00646	0.00323	0.00107	0.00214	0.87210	0.00216	0.00215
23	0.00486	0.00416	0.00486	0.00347	0.00555	0.00312	0.00277	0.00590	0.00486	0.00763	0.00416	0.00486	0.00347	0.00173	0.00173	0.00035	0.00173	0.00139	0.00139	0.93202
24	0.00329	0.00239	0.00310	0.00292	0.00348	0.00220	0.00219	0.00437	0.00657	0.00926	0.86328	0.01771	0.06076	0.00484	0.00276	0.00074	0.00111	0.00427	0.00256	0.00220
25	0.00277	0.00237	0.00237	0.00237	0.00316	0.00198	0.00178	0.00336	0.00534	0.00633	0.02372	0.02254	0.90215	0.00593	0.00277	0.00079	0.00119	0.00494	0.00217	0.00198
26	0.00486	0.00416	0.00486	0.00347	0.00555	0.00312	0.00277	0.00590	0.00486	0.00763	0.00416	0.00486	0.00347	0.00173	0.00173	0.00035	0.00173	0.00139	0.00139	0.93202
27	0.00303	0.00218	0.00287	0.00313	0.00343	0.00202	0.00218	0.00371	0.00532	0.00730	0.35550	0.55768	0.03024	0.00634	0.00290	0.00087	0.00126	0.00570	0.00233	0.00202
28	0.00304	0.00212	0.00266	0.00302	0.00311	0.00203	0.00191	0.00331	0.00411	0.00548	0.01100	0.60485	0.01308	0.32195	0.00607	0.00141	0.00167	0.00553	0.00191	0.00174
29	0.00341	0.00227	0.00255	0.00255	0.00255	0.00227	0.00142	0.00341	0.00341	0.00454	0.00738	0.01532	0.00851	0.91770	0.01192	0.00227	0.00227	0.00341	0.00142	0.00142
30	0.00334	0.00224	0.00257	0.00263	0.00265	0.00223	0.00150	0.00339	0.00353	0.00470	0.00801	0.11789	0.00931	0.81406	0.01090	0.00212	0.00217	0.00378	0.00150	0.00147
31	0.00285	0.00204	0.00272	0.00326	0.00340	0.00190	0.00217	0.00326	0.00448	0.00598	0.01291	0.91618	0.01549	0.00734	0.00299	0.00095	0.00136	0.00666	0.00217	0.00190
32	0.00285	0.00204	0.00272	0.00326	0.00340	0.00190	0.00217	0.00326	0.00448	0.00598	0.01291	0.91618	0.01549	0.00734	0.00299	0.00095	0.00136	0.00666	0.00217	0.00190
33	0.01051	0.00399	0.00543	0.00417	0.00598	0.00344	0.00344	0.01141	0.00670	0.90472	0.00924	0.00797	0.00580	0.00290	0.00235	0.00072	0.00199	0.00235	0.00290	0.00399
34	0.00341	0.00227	0.00255	0.00255	0.00255	0.00227	0.00142	0.00341	0.00341	0.00454	0.00738	0.01532	0.00851	0.91770	0.01192	0.00227	0.00227	0.00341	0.00142	0.00142
35	0.00331	0.00239	0.00313	0.00295	0.00350	0.00221	0.00221	0.00442	0.00663	0.00939	0.90186	0.01749	0.02210	0.00479	0.00276	0.00074	0.00110	0.00423	0.00258	0.00221
36	0.00407	0.00203	0.00305	0.00305	0.00305	0.00203	0.00203	0.00305	0.00305	0.00407	0.00407	0.00712	0.00407	0.00814	0.00915	0.93187	0.00203	0.00203	0.00102	0.00102
37	0.00553	0.00632	0.01382	0.00987	0.01224	0.00592	0.89459	0.00750	0.00553	0.00750	0.00474	0.00632	0.00355	0.00197	0.00276	0.00079	0.00395	0.00276	0.00118	0.00316
38	0.01051	0.00399	0.00543	0.00417	0.00598	0.00344	0.00344	0.01141	0.00670	0.90472	0.00924	0.00797	0.00580	0.00290	0.00235	0.00072	0.00199	0.00235	0.00290	0.00399
39	0.01051	0.00399	0.00543	0.00417	0.00598	0.00344	0.00344	0.01141	0.00670	0.90472	0.00924	0.00797	0.00580	0.00290	0.00235	0.00072	0.00199	0.00235	0.00290	0.00399
40	0.01974	0.00243	0.00314	0.00295	0.00352	0.00226	0.00222	0.00446	0.00658	0.00941	0.88601	0.01725	0.02175	0.00474	0.00274	0.00074	0.00112	0.00418	0.00256	0.00222
41	0.00890	0.00656	0.00703	0.00539	0.00726	0.00726	0.00445	0.89529	0.01101	0.01476	0.00562	0.00562	0.00398	0.00281	0.00234	0.00070	0.00258	0.00211	0.00234	0.00398
42	0.00341	0.00227	0.00255	0.00255	0.00255	0.00227	0.00142	0.00341	0.00341	0.00454	0.00738	0.01532	0.00851	0.91770	0.01192	0.00227	0.00227	0.00341	0.00142	0.00142
43	0.00442	0.00416	0.00702	0.91208	0.01613	0.00520	0.00650	0.00598	0.00468	0.00598	0.00416	0.00624	0.00312	0.00234	0.00234	0.00078	0.00312	0.00208	0.00104	0.00260

[dist]
# distance from previous block
# <min> <max>
0	0

# created by:
# /share/home/app/bin/augustus-3.3.1/scripts/msa2prfl.pl /dev/shm/tmp/pt-rosids/msas/psbK.aln --setname=psbK
