[name]
psbM

[dist]
# distance from previous block
# <min> <max>
0	0

[block]
# block no. 0 follows, 135 sequences, length 34
# corresponding to MSA columns:
# 0-33
name=unknown_A
#
# <colnr> <probs for GDERKNQSTAVLIFYWHMCP>
#	G	D	E	R	K	N	Q	S	T	A	V	L	I	F	Y	W	H	M	C	P
0	0.00363	0.00259	0.00363	0.00415	0.00466	0.00259	0.00363	0.00466	0.00518	0.00674	0.01192	0.02539	0.01296	0.00622	0.00311	0.00104	0.00207	0.89170	0.00207	0.00207
1	0.00457	0.01123	0.84274	0.00664	0.00989	0.00526	0.07439	0.00713	0.00479	0.00713	0.00408	0.00485	0.00289	0.00212	0.00218	0.00072	0.00336	0.00174	0.00096	0.00331
2	0.00319	0.00230	0.00301	0.00283	0.00336	0.00212	0.00212	0.00425	0.00637	0.00903	0.90566	0.01681	0.02124	0.00460	0.00265	0.00071	0.00106	0.00407	0.00248	0.00212
3	0.00841	0.01073	0.00638	0.00580	0.00696	0.91185	0.00435	0.00899	0.00638	0.00551	0.00348	0.00406	0.00290	0.00232	0.00203	0.00058	0.00406	0.00145	0.00116	0.00261
4	0.00266	0.00228	0.00228	0.00228	0.00304	0.00190	0.00171	0.00323	0.00513	0.00608	0.02280	0.02166	0.90593	0.00570	0.00266	0.00076	0.00114	0.00475	0.00209	0.00190
5	0.00293	0.00201	0.00268	0.00316	0.00333	0.00187	0.00212	0.00334	0.00436	0.02903	0.01232	0.89590	0.01465	0.00694	0.00286	0.00091	0.00132	0.00629	0.00211	0.00188
6	0.01010	0.00383	0.00522	0.00401	0.00575	0.00331	0.00331	0.01097	0.00644	0.90841	0.00888	0.00766	0.00557	0.00279	0.00226	0.00070	0.00192	0.00226	0.00279	0.00383
7	0.00323	0.00217	0.00247	0.00251	0.00252	0.00216	0.00142	0.00326	0.00335	0.00447	0.00749	0.08186	0.00868	0.85308	0.01082	0.00209	0.00212	0.00351	0.00142	0.00140
8	0.00273	0.00230	0.00238	0.00242	0.00316	0.00195	0.00185	0.00334	0.00513	0.00613	0.02200	0.02194	0.83967	0.00574	0.00269	0.00078	0.00121	0.07057	0.00209	0.00191
9	0.01010	0.00383	0.00522	0.00401	0.00575	0.00331	0.00331	0.01097	0.00644	0.90841	0.00888	0.00766	0.00557	0.00279	0.00226	0.00070	0.00192	0.00226	0.00279	0.00383
10	0.00560	0.00484	0.00509	0.00458	0.00585	0.00560	0.00356	0.01196	0.90278	0.00942	0.00916	0.00840	0.00687	0.00305	0.00229	0.00076	0.00178	0.00255	0.00229	0.00356
11	0.00990	0.00388	0.00522	0.00403	0.00575	0.00341	0.00332	0.01102	0.04682	0.86791	0.00889	0.00770	0.00563	0.00280	0.00226	0.00070	0.00191	0.00228	0.00276	0.00382
12	0.00274	0.00196	0.00261	0.00313	0.00326	0.00183	0.00209	0.00313	0.00431	0.00575	0.01241	0.91942	0.01489	0.00705	0.00287	0.00091	0.00131	0.00640	0.00209	0.00183
13	0.00326	0.00218	0.00246	0.00247	0.00248	0.00217	0.00138	0.00327	0.00330	0.00440	0.00724	0.03906	0.00836	0.89632	0.01123	0.00215	0.00216	0.00336	0.00138	0.00138
14	0.00271	0.00228	0.00235	0.00233	0.00307	0.00192	0.00175	0.00333	0.00525	0.00636	0.10650	0.02120	0.82207	0.00560	0.00266	0.00076	0.00113	0.00469	0.00213	0.00192
15	0.00274	0.00198	0.00259	0.00307	0.00325	0.00183	0.00206	0.00314	0.00437	0.00577	0.01318	0.85280	0.08101	0.00695	0.00286	0.00090	0.00129	0.00628	0.00209	0.00183
16	0.00316	0.00230	0.00297	0.00281	0.00335	0.00211	0.00210	0.00420	0.00631	0.00888	0.86273	0.01705	0.06425	0.00466	0.00266	0.00071	0.00107	0.00410	0.00246	0.00211
17	0.00467	0.00400	0.00467	0.00333	0.00533	0.00300	0.00267	0.00567	0.00467	0.00734	0.00400	0.00467	0.00333	0.00167	0.00167	0.00033	0.00167	0.00133	0.00133	0.93465
18	0.00560	0.00484	0.00509	0.00458	0.00585	0.00560	0.00356	0.01196	0.90278	0.00942	0.00916	0.00840	0.00687	0.00305	0.00229	0.00076	0.00178	0.00255	0.00229	0.00356
19	0.01010	0.00383	0.00522	0.00401	0.00575	0.00331	0.00331	0.01097	0.00644	0.90841	0.00888	0.00766	0.00557	0.00279	0.00226	0.00070	0.00192	0.00226	0.00279	0.00383
20	0.00327	0.00218	0.00246	0.00246	0.00246	0.00218	0.00136	0.00327	0.00327	0.00436	0.00709	0.01473	0.00818	0.92089	0.01146	0.00218	0.00218	0.00327	0.00136	0.00136
21	0.00274	0.00196	0.00261	0.00313	0.00326	0.00183	0.00209	0.00313	0.00431	0.00575	0.01241	0.91942	0.01489	0.00705	0.00287	0.00091	0.00131	0.00640	0.00209	0.00183
22	0.00274	0.00198	0.00259	0.00309	0.00325	0.00183	0.00207	0.00314	0.00435	0.00576	0.01294	0.87311	0.06086	0.00698	0.00286	0.00091	0.00130	0.00631	0.00209	0.00183
23	0.00266	0.00228	0.00228	0.00228	0.00304	0.00190	0.00171	0.00323	0.00513	0.00608	0.02280	0.02166	0.90593	0.00570	0.00266	0.00076	0.00114	0.00475	0.00209	0.00190
24	0.00266	0.00228	0.00228	0.00228	0.00304	0.00190	0.00171	0.00323	0.00513	0.00608	0.02280	0.02166	0.90593	0.00570	0.00266	0.00076	0.00114	0.00475	0.00209	0.00190
25	0.00322	0.00241	0.00362	0.00362	0.00402	0.00281	0.00281	0.00402	0.00362	0.00523	0.00603	0.00884	0.00563	0.01688	0.91197	0.00362	0.00603	0.00241	0.00121	0.00201
26	0.00319	0.00230	0.00301	0.00283	0.00336	0.00212	0.00212	0.00425	0.00637	0.00903	0.90566	0.01681	0.02124	0.00460	0.00265	0.00071	0.00106	0.00407	0.00248	0.00212
27	0.00557	0.00535	0.00914	0.01382	0.90685	0.00535	0.00691	0.00691	0.00513	0.00735	0.00423	0.00557	0.00357	0.00201	0.00223	0.00067	0.00267	0.00201	0.00111	0.00357
28	0.00560	0.00484	0.00509	0.00458	0.00585	0.00560	0.00356	0.01196	0.90278	0.00942	0.00916	0.00840	0.00687	0.00305	0.00229	0.00076	0.00178	0.00255	0.00229	0.00356
29	0.00313	0.00230	0.00293	0.00277	0.00333	0.00210	0.00208	0.00414	0.00624	0.00872	0.81425	0.01732	0.11284	0.00472	0.00266	0.00071	0.00107	0.00414	0.00244	0.00210
30	0.02473	0.00660	0.00667	0.00519	0.00693	0.07409	0.00425	0.81770	0.01015	0.01347	0.00522	0.00527	0.00374	0.00266	0.00222	0.00067	0.00258	0.00197	0.00216	0.00371
31	0.00529	0.00626	0.04293	0.00939	0.01170	0.00568	0.86921	0.00721	0.00529	0.00721	0.00454	0.00603	0.00340	0.00191	0.00264	0.00076	0.00378	0.00262	0.00113	0.00305
32	0.11271	0.00683	0.00613	0.02788	0.00677	0.20349	0.00406	0.51025	0.06206	0.02005	0.01550	0.00526	0.00385	0.00258	0.00211	0.00066	0.00269	0.00187	0.00190	0.00334
33	0.00659	0.66665	0.02080	0.00443	0.00623	0.17688	0.02098	0.06368	0.00531	0.00596	0.00338	0.00387	0.00296	0.00205	0.00164	0.00052	0.00276	0.00133	0.00108	0.00290

[dist]
# distance from previous block
# <min> <max>
0	5

# created by:
# /share/home/app/bin/augustus-3.3.1/scripts/msa2prfl.pl /dev/shm/tmp/pt-rosids/msas/psbM.aln --setname=psbM
