[name]
psbZ

[dist]
# distance from previous block
# <min> <max>
0	8

[block]
# block no. 0 follows, 134 sequences, length 62
# corresponding to MSA columns:
# 8-69
name=unknown_A
#
# <colnr> <probs for GDERKNQSTAVLIFYWHMCP>
#	G	D	E	R	K	N	Q	S	T	A	V	L	I	F	Y	W	H	M	C	P
0	0.00365	0.00261	0.00365	0.00417	0.00469	0.00261	0.00365	0.00469	0.00522	0.00678	0.01200	0.02556	0.01304	0.00626	0.00313	0.00104	0.00209	0.89099	0.00209	0.00209
1	0.00553	0.00481	0.00501	0.00452	0.00577	0.01520	0.00351	0.01160	0.85106	0.00928	0.00979	0.00902	0.04840	0.00319	0.00232	0.00077	0.00179	0.00265	0.00228	0.00350
2	0.00268	0.00229	0.00230	0.00231	0.00307	0.00191	0.00173	0.00325	0.00515	0.00611	0.02272	0.04128	0.88599	0.00577	0.00268	0.00077	0.00115	0.00482	0.00210	0.00191
3	0.01006	0.00383	0.00523	0.00401	0.00575	0.00331	0.00331	0.01094	0.00648	0.89458	0.02213	0.00785	0.00584	0.00283	0.00228	0.00070	0.00192	0.00231	0.00280	0.00383
4	0.00329	0.00220	0.00247	0.00247	0.00247	0.00220	0.00137	0.00329	0.00329	0.00439	0.00714	0.01483	0.00824	0.92038	0.01153	0.00220	0.00220	0.00329	0.00137	0.00137
5	0.00535	0.00611	0.01337	0.00955	0.01184	0.00573	0.89801	0.00726	0.00535	0.00726	0.00458	0.00611	0.00344	0.00191	0.00267	0.00076	0.00382	0.00267	0.00115	0.00306
6	0.00276	0.00197	0.00263	0.00315	0.00329	0.00184	0.00210	0.00315	0.00434	0.00578	0.01249	0.91890	0.01499	0.00710	0.00289	0.00092	0.00131	0.00644	0.00210	0.00184
7	0.01017	0.00386	0.00526	0.00403	0.00578	0.00333	0.00333	0.01104	0.00648	0.90781	0.00894	0.00771	0.00561	0.00280	0.00228	0.00070	0.00193	0.00228	0.00280	0.00386
8	0.00319	0.00230	0.00301	0.00286	0.00338	0.00212	0.00214	0.00422	0.00632	0.00893	0.86379	0.05862	0.02108	0.00475	0.00268	0.00072	0.00108	0.00421	0.00248	0.00212
9	0.00329	0.00220	0.00247	0.00247	0.00247	0.00220	0.00137	0.00329	0.00329	0.00439	0.00714	0.01483	0.00824	0.92038	0.01153	0.00220	0.00220	0.00329	0.00137	0.00137
10	0.01017	0.00386	0.00526	0.00403	0.00578	0.00333	0.00333	0.01104	0.00648	0.90781	0.00894	0.00771	0.00561	0.00280	0.00228	0.00070	0.00193	0.00228	0.00280	0.00386
11	0.00276	0.00197	0.00263	0.00315	0.00329	0.00184	0.00210	0.00315	0.00434	0.00578	0.01249	0.91890	0.01499	0.00710	0.00289	0.00092	0.00131	0.00644	0.00210	0.00184
12	0.00268	0.00230	0.00230	0.00230	0.00306	0.00191	0.00172	0.00325	0.00516	0.00612	0.02295	0.02180	0.90532	0.00574	0.00268	0.00077	0.00115	0.00478	0.00210	0.00191
13	0.00881	0.00356	0.00478	0.00378	0.00531	0.00308	0.00308	0.00967	0.00634	0.73798	0.09946	0.03075	0.06633	0.00328	0.00236	0.00071	0.00178	0.00272	0.00271	0.00351
14	0.00546	0.00472	0.00496	0.00448	0.00573	0.00542	0.00348	0.01153	0.84970	0.00928	0.01002	0.00923	0.05945	0.00323	0.00233	0.00077	0.00176	0.00269	0.00229	0.00349
15	0.00861	0.00635	0.00680	0.00521	0.00703	0.00703	0.00431	0.89869	0.01065	0.01428	0.00544	0.00544	0.00385	0.00272	0.00227	0.00068	0.00249	0.00204	0.00227	0.00385
16	0.00730	0.00530	0.00579	0.00467	0.00613	0.00576	0.00376	0.67361	0.00917	0.03104	0.01721	0.16501	0.04768	0.00364	0.00240	0.00073	0.00220	0.00296	0.00224	0.00340
17	0.00268	0.00229	0.00230	0.00231	0.00307	0.00191	0.00173	0.00325	0.00515	0.00611	0.02271	0.04237	0.88491	0.00577	0.00268	0.00077	0.00115	0.00482	0.00210	0.00191
18	0.00276	0.00197	0.00263	0.00315	0.00329	0.00184	0.00210	0.00315	0.00434	0.00578	0.01249	0.91890	0.01499	0.00710	0.00289	0.00092	0.00131	0.00644	0.00210	0.00184
19	0.00277	0.00198	0.00264	0.00315	0.00329	0.00185	0.00210	0.00318	0.00439	0.00586	0.03289	0.89828	0.01513	0.00704	0.00289	0.00092	0.00131	0.00639	0.00211	0.00185
20	0.00270	0.00230	0.00233	0.00232	0.00308	0.00192	0.00174	0.00330	0.00522	0.00626	0.06372	0.02158	0.86446	0.00569	0.00268	0.00076	0.00114	0.00475	0.00212	0.00192
21	0.04217	0.00628	0.00667	0.00513	0.00693	0.00696	0.00424	0.86643	0.01041	0.01413	0.00536	0.00538	0.00380	0.00270	0.00224	0.00068	0.00247	0.00201	0.00224	0.00380
22	0.00321	0.00232	0.00303	0.00285	0.00338	0.00214	0.00214	0.00428	0.00641	0.00909	0.90505	0.01692	0.02138	0.00463	0.00267	0.00071	0.00107	0.00410	0.00249	0.00214
23	0.00470	0.00403	0.00470	0.00336	0.00537	0.00302	0.00268	0.00570	0.00470	0.00738	0.00403	0.00470	0.00336	0.00168	0.00168	0.00034	0.00168	0.00134	0.00134	0.93423
24	0.00320	0.00232	0.00301	0.00284	0.00338	0.00213	0.00213	0.00425	0.00639	0.00902	0.88594	0.01703	0.04053	0.00466	0.00267	0.00071	0.00107	0.00411	0.00249	0.00213
25	0.00358	0.00240	0.00314	0.00291	0.00351	0.00220	0.00220	0.00463	0.00640	0.05782	0.84167	0.01651	0.03529	0.00455	0.00265	0.00071	0.00112	0.00401	0.00250	0.00223
26	0.00329	0.00220	0.00247	0.00247	0.00247	0.00220	0.00137	0.00329	0.00329	0.00439	0.00714	0.01483	0.00824	0.92038	0.01153	0.00220	0.00220	0.00329	0.00137	0.00137
27	0.00994	0.00422	0.00548	0.00420	0.00597	0.00387	0.00347	0.14159	0.00710	0.77640	0.00842	0.00738	0.00535	0.00279	0.00228	0.00070	0.00201	0.00224	0.00273	0.00386
28	0.00855	0.00623	0.00670	0.00515	0.00693	0.00688	0.00424	0.86854	0.01046	0.02941	0.00553	0.00564	0.00396	0.01805	0.00242	0.00071	0.00248	0.00206	0.00226	0.00381
29	0.00472	0.00405	0.00471	0.00338	0.00538	0.00308	0.00270	0.00584	0.02418	0.00743	0.00414	0.00478	0.00343	0.00171	0.00169	0.00034	0.00168	0.00137	0.00136	0.91402
30	0.05964	0.72509	0.13922	0.00422	0.00632	0.02190	0.00444	0.00687	0.00461	0.00588	0.00329	0.00381	0.00288	0.00198	0.00156	0.00053	0.00254	0.00128	0.00100	0.00294
31	0.93638	0.00438	0.00333	0.00298	0.00438	0.00508	0.00245	0.00666	0.00386	0.01017	0.00315	0.00368	0.00245	0.00210	0.00140	0.00070	0.00175	0.00123	0.00140	0.00245
32	0.00394	0.00197	0.00295	0.00295	0.00295	0.00197	0.00197	0.00295	0.00295	0.00394	0.00394	0.00689	0.00394	0.00787	0.00885	0.93408	0.00197	0.00197	0.00098	0.00098
33	0.00770	0.00551	0.00605	0.00480	0.00635	0.00599	0.00389	0.70432	0.00943	0.05195	0.02705	0.13071	0.00584	0.00335	0.00235	0.00071	0.00226	0.00269	0.00226	0.01678
34	0.14146	0.01957	0.00627	0.00484	0.00656	0.04318	0.00398	0.67055	0.01954	0.05445	0.00521	0.00525	0.00372	0.00261	0.00212	0.00068	0.00242	0.00190	0.00210	0.00359
35	0.00838	0.01063	0.00651	0.00608	0.03461	0.88347	0.00446	0.00898	0.00638	0.00560	0.00353	0.00413	0.00294	0.00233	0.00205	0.00059	0.00404	0.00148	0.00117	0.00266
36	0.00561	0.00538	0.00920	0.01391	0.90624	0.00538	0.00695	0.00695	0.00516	0.00740	0.00426	0.00561	0.00359	0.00202	0.00224	0.00067	0.00269	0.00202	0.00112	0.00359
37	0.00842	0.01071	0.00646	0.00596	0.02127	0.89691	0.00442	0.00901	0.00640	0.00557	0.00351	0.00411	0.00293	0.00233	0.00205	0.00059	0.00406	0.00147	0.00117	0.00264
38	0.00312	0.00230	0.00293	0.00280	0.00334	0.00210	0.00209	0.00410	0.00617	0.00859	0.76097	0.06339	0.11989	0.00488	0.00268	0.00073	0.00109	0.00429	0.00243	0.00210
39	0.00319	0.00231	0.00301	0.00285	0.00338	0.00213	0.00213	0.00423	0.00635	0.00896	0.87046	0.03670	0.03637	0.00470	0.00268	0.00072	0.00108	0.00416	0.00248	0.00213
40	0.00328	0.00220	0.00248	0.00247	0.00250	0.00219	0.00139	0.00331	0.00338	0.00450	0.02273	0.01497	0.02207	0.89084	0.01125	0.00215	0.00216	0.00333	0.00140	0.00139
41	0.00861	0.00635	0.00680	0.00521	0.00703	0.00703	0.00431	0.89869	0.01065	0.01428	0.00544	0.00544	0.00385	0.00272	0.00227	0.00068	0.00249	0.00204	0.00227	0.00385
42	0.93638	0.00438	0.00333	0.00298	0.00438	0.00508	0.00245	0.00666	0.00386	0.01017	0.00315	0.00368	0.00245	0.00210	0.00140	0.00070	0.00175	0.00123	0.00140	0.00245
43	0.00564	0.00487	0.00512	0.00461	0.00589	0.00564	0.00359	0.01204	0.90215	0.00948	0.00922	0.00845	0.00692	0.00307	0.00231	0.00077	0.00179	0.00256	0.00231	0.00359
44	0.00861	0.00635	0.00680	0.00521	0.00703	0.00703	0.00431	0.89869	0.01065	0.01428	0.00544	0.00544	0.00385	0.00272	0.00227	0.00068	0.00249	0.00204	0.00227	0.00385
45	0.00276	0.00199	0.00261	0.00312	0.00328	0.00184	0.00209	0.00316	0.00438	0.00580	0.01297	0.87743	0.05614	0.00704	0.00288	0.00091	0.00131	0.00636	0.00210	0.00184
46	0.00394	0.00197	0.00295	0.00295	0.00295	0.00197	0.00197	0.00295	0.00295	0.00394	0.00394	0.00689	0.00394	0.00787	0.00885	0.93408	0.00197	0.00197	0.00098	0.00098
47	0.00270	0.00230	0.00232	0.00232	0.00307	0.00192	0.00174	0.00329	0.00521	0.00623	0.05471	0.02163	0.87350	0.00570	0.00268	0.00076	0.00114	0.00476	0.00212	0.00192
48	0.86832	0.00430	0.00341	0.00302	0.00441	0.00492	0.00248	0.00678	0.00405	0.04940	0.03002	0.00425	0.00315	0.00221	0.00148	0.00070	0.00174	0.00136	0.00150	0.00251
49	0.00276	0.00197	0.00263	0.00315	0.00329	0.00184	0.00210	0.00315	0.00434	0.00578	0.01249	0.91890	0.01499	0.00710	0.00289	0.00092	0.00131	0.00644	0.00210	0.00184
50	0.00321	0.00232	0.00303	0.00285	0.00338	0.00214	0.00214	0.00428	0.00641	0.00909	0.90505	0.01692	0.02138	0.00463	0.00267	0.00071	0.00107	0.00410	0.00249	0.00214
51	0.00329	0.00220	0.00247	0.00247	0.00247	0.00220	0.00137	0.00329	0.00329	0.00439	0.00714	0.01483	0.00824	0.92038	0.01153	0.00220	0.00220	0.00329	0.00137	0.00137
52	0.00276	0.00198	0.00262	0.00314	0.00328	0.00184	0.00210	0.00316	0.00435	0.00579	0.01264	0.90543	0.02835	0.00708	0.00289	0.00092	0.00131	0.00642	0.00210	0.00184
53	0.00318	0.00232	0.00300	0.00283	0.00337	0.00213	0.00212	0.00423	0.00636	0.00896	0.86794	0.01713	0.05856	0.00468	0.00267	0.00071	0.00107	0.00413	0.00248	0.00213
54	0.91091	0.00437	0.00338	0.00301	0.00442	0.00503	0.00248	0.00678	0.00393	0.03485	0.00331	0.00379	0.00254	0.00212	0.00143	0.00070	0.00176	0.00126	0.00144	0.00249
55	0.00268	0.00230	0.00230	0.00230	0.00306	0.00191	0.00172	0.00325	0.00516	0.00612	0.02295	0.02180	0.90532	0.00574	0.00268	0.00077	0.00115	0.00478	0.00210	0.00191
56	0.00276	0.00197	0.00263	0.00315	0.00329	0.00184	0.00210	0.00315	0.00434	0.00578	0.01249	0.91890	0.01499	0.00710	0.00289	0.00092	0.00131	0.00644	0.00210	0.00184
57	0.00846	0.01080	0.00642	0.00584	0.00700	0.91128	0.00438	0.00905	0.00642	0.00555	0.00350	0.00409	0.00292	0.00233	0.00204	0.00058	0.00409	0.00146	0.00117	0.00263
58	0.00861	0.00635	0.00680	0.00521	0.00703	0.00703	0.00431	0.89869	0.01065	0.01428	0.00544	0.00544	0.00385	0.00272	0.00227	0.00068	0.00249	0.00204	0.00227	0.00385
59	0.00276	0.00197	0.00263	0.00315	0.00329	0.00184	0.00210	0.00315	0.00434	0.00578	0.01249	0.91890	0.01499	0.00710	0.00289	0.00092	0.00131	0.00644	0.00210	0.00184
60	0.00268	0.00230	0.00230	0.00230	0.00306	0.00191	0.00172	0.00325	0.00516	0.00612	0.02295	0.02180	0.90532	0.00574	0.00268	0.00077	0.00115	0.00478	0.00210	0.00191
61	0.00861	0.00635	0.00680	0.00521	0.00703	0.00703	0.00431	0.89869	0.01065	0.01428	0.00544	0.00544	0.00385	0.00272	0.00227	0.00068	0.00249	0.00204	0.00227	0.00385

[dist]
# distance from previous block
# <min> <max>
0	0

# created by:
# /share/home/app/bin/augustus-3.3.1/scripts/msa2prfl.pl /dev/shm/tmp/pt-rosids/msas/psbZ.aln --setname=psbZ
