[name]
rpl16

[dist]
# distance from previous block
# <min> <max>
3	7

[block]
# block no. 0 follows, 119 sequences, length 57
# corresponding to MSA columns:
# 8-64
name=unknown_A
#
# <colnr> <probs for GDERKNQSTAVLIFYWHMCP>
#	G	D	E	R	K	N	Q	S	T	A	V	L	I	F	Y	W	H	M	C	P
0	0.00521	0.00446	0.00521	0.00372	0.00595	0.00335	0.00297	0.00632	0.00521	0.00818	0.00446	0.00521	0.00372	0.00186	0.00186	0.00037	0.00186	0.00149	0.00149	0.92713
1	0.00621	0.00598	0.01029	0.01530	0.87587	0.00597	0.02788	0.00771	0.00572	0.00820	0.00473	0.00623	0.00397	0.00223	0.00250	0.00075	0.00301	0.00225	0.00124	0.00396
2	0.00487	0.00459	0.00776	0.82861	0.09343	0.00561	0.00703	0.00653	0.00508	0.00657	0.00448	0.00665	0.00340	0.00249	0.00251	0.00083	0.00331	0.00223	0.00113	0.00289
3	0.00627	0.00534	0.00565	0.00506	0.00649	0.00613	0.00395	0.03035	0.83655	0.01785	0.01030	0.00961	0.01987	0.00345	0.00256	0.00085	0.00199	0.01028	0.00254	0.01492
4	0.00494	0.00470	0.00805	0.78189	0.11044	0.00564	0.03590	0.00660	0.00512	0.00666	0.00451	0.00664	0.00343	0.00247	0.00252	0.00083	0.00334	0.00226	0.00113	0.00293
5	0.00365	0.00243	0.00274	0.00274	0.00274	0.00243	0.00152	0.00365	0.00365	0.00487	0.00791	0.01643	0.00913	0.91178	0.01278	0.00243	0.00243	0.00365	0.00152	0.00152
6	0.00474	0.00442	0.00743	0.88810	0.01701	0.00551	0.00687	0.00640	0.00502	0.00647	0.00453	0.00674	0.00341	0.00252	0.00249	0.00083	0.00330	0.00223	0.01918	0.00278
7	0.00621	0.00596	0.01012	0.01525	0.88263	0.00597	0.00765	0.00779	0.01915	0.00824	0.00480	0.00626	0.00403	0.00225	0.00249	0.00075	0.00297	0.00225	0.00126	0.00398
8	0.00581	0.00692	0.06190	0.00982	0.01205	0.00651	0.71182	0.00775	0.00559	0.00775	0.00479	0.00651	0.00370	0.00246	0.00369	0.00088	0.13472	0.00279	0.00123	0.00331
9	0.00550	0.00551	0.00780	0.00665	0.00669	0.00767	0.01873	0.00607	0.00388	0.00607	0.00332	0.00551	0.00330	0.00436	0.00816	0.00109	0.89363	0.00221	0.00110	0.00276
10	0.00477	0.00449	0.00758	0.88930	0.03353	0.00558	0.00698	0.00644	0.00503	0.00645	0.00447	0.00668	0.00336	0.00250	0.00251	0.00083	0.00334	0.00223	0.00112	0.00281
11	0.92951	0.00485	0.00369	0.00330	0.00485	0.00563	0.00272	0.00738	0.00427	0.01126	0.00350	0.00408	0.00272	0.00233	0.00155	0.00078	0.00194	0.00136	0.00155	0.00272
12	0.00479	0.00451	0.00761	0.87778	0.04490	0.00559	0.00699	0.00645	0.00504	0.00647	0.00447	0.00668	0.00337	0.00250	0.00251	0.00083	0.00333	0.00223	0.00112	0.00283
13	0.00386	0.00278	0.00382	0.00437	0.00490	0.00274	0.00371	0.00489	0.00564	0.00732	0.01394	0.15014	0.05650	0.00704	0.00341	0.00112	0.00214	0.71712	0.00231	0.00226
14	0.00616	0.00594	0.01000	0.06660	0.83557	0.01595	0.00763	0.00766	0.00569	0.00807	0.00470	0.00622	0.00393	0.00226	0.00248	0.00075	0.00302	0.00223	0.00124	0.00390
15	0.92951	0.00485	0.00369	0.00330	0.00485	0.00563	0.00272	0.00738	0.00427	0.01126	0.00350	0.00408	0.00272	0.00233	0.00155	0.00078	0.00194	0.00136	0.00155	0.00272
16	0.00326	0.00275	0.00308	0.04734	0.01228	0.00248	0.00246	0.00413	0.02209	0.00698	0.03936	0.02316	0.72505	0.00611	0.00298	0.00087	0.00150	0.08961	0.00227	0.00223
17	0.00961	0.00692	0.00747	0.00572	0.00773	0.00762	0.00473	0.85315	0.01162	0.05068	0.00618	0.00613	0.00435	0.00302	0.00251	0.00075	0.00274	0.00227	0.00253	0.00427
18	0.00456	0.00341	0.00466	0.00432	0.00501	0.00388	0.01621	0.13829	0.00524	0.00740	0.00665	0.00951	0.00605	0.05964	0.68329	0.00332	0.01349	0.00266	0.01988	0.00254
19	0.01840	0.00463	0.00781	0.83283	0.01672	0.00566	0.04803	0.02400	0.00519	0.00675	0.00451	0.00664	0.00338	0.00250	0.00252	0.00083	0.00336	0.00225	0.00116	0.00284
20	0.92951	0.00485	0.00369	0.00330	0.00485	0.00563	0.00272	0.00738	0.00427	0.01126	0.00350	0.00408	0.00272	0.00233	0.00155	0.00078	0.00194	0.00136	0.00155	0.00272
21	0.00939	0.01155	0.00715	0.00641	0.00776	0.82753	0.00484	0.08286	0.00750	0.00695	0.00406	0.00465	0.00332	0.00262	0.00228	0.00066	0.00438	0.00167	0.00139	0.00302
22	0.00535	0.00513	0.00723	0.56320	0.01311	0.06320	0.00612	0.03455	0.00512	0.00679	0.00444	0.00642	0.00354	0.00298	0.00373	0.00087	0.20625	0.00219	0.05698	0.00281
23	0.00297	0.00254	0.00254	0.00254	0.00339	0.00212	0.00191	0.00360	0.00572	0.00678	0.02543	0.02416	0.89511	0.00636	0.00297	0.00085	0.00127	0.00530	0.00233	0.00212
24	0.00535	0.00299	0.00306	0.00281	0.00359	0.00309	0.00217	0.12748	0.00617	0.01025	0.00789	0.00890	0.00614	0.00294	0.00186	0.00061	0.00139	0.00233	0.79840	0.00261
25	0.00365	0.00243	0.00274	0.00274	0.00274	0.00243	0.00152	0.00365	0.00365	0.00487	0.00791	0.01643	0.00913	0.91178	0.01278	0.00243	0.00243	0.00365	0.00152	0.00152
26	0.90926	0.00484	0.00374	0.00333	0.00489	0.00559	0.00274	0.00749	0.00434	0.03081	0.00364	0.00418	0.00280	0.00235	0.00157	0.00078	0.00195	0.00138	0.00159	0.00275
27	0.00523	0.00496	0.00841	0.61097	0.30826	0.00571	0.00721	0.00684	0.00525	0.00701	0.00455	0.00653	0.00355	0.00242	0.00250	0.00081	0.00323	0.00223	0.00116	0.00318
28	0.00359	0.00269	0.00403	0.00403	0.00448	0.00314	0.00314	0.00448	0.00403	0.00583	0.00672	0.00986	0.00628	0.01883	0.90184	0.00403	0.00672	0.00269	0.00134	0.00224
29	0.01126	0.00427	0.00583	0.00447	0.00641	0.00369	0.00369	0.01223	0.00718	0.89786	0.00990	0.00854	0.00621	0.00311	0.00252	0.00078	0.00214	0.00252	0.00311	0.00427
30	0.00306	0.00219	0.00290	0.00348	0.00364	0.00204	0.00232	0.00350	0.00483	0.00642	0.01408	0.89145	0.03514	0.00783	0.00320	0.00102	0.00145	0.00710	0.00233	0.00204
31	0.00591	0.00674	0.01470	0.02397	0.01318	0.00634	0.87384	0.00802	0.00591	0.00802	0.00507	0.00677	0.00380	0.00212	0.00296	0.00085	0.00422	0.00295	0.00127	0.00338
32	0.01098	0.00433	0.00581	0.00448	0.00640	0.00382	0.00369	0.02925	0.03163	0.84386	0.01005	0.00873	0.01851	0.00316	0.00253	0.00078	0.00213	0.00257	0.00307	0.00423
33	0.00306	0.00218	0.00291	0.00350	0.00364	0.00204	0.00233	0.00350	0.00481	0.00641	0.01384	0.91014	0.01660	0.00786	0.00320	0.00102	0.00146	0.00714	0.00233	0.00204
34	0.00506	0.01281	0.87381	0.00725	0.01093	0.00584	0.03407	0.00795	0.00532	0.00795	0.00452	0.00534	0.00320	0.00238	0.00240	0.00080	0.00372	0.00189	0.00107	0.00370
35	0.00521	0.00446	0.00521	0.00372	0.00595	0.00335	0.00297	0.00632	0.00521	0.00818	0.00446	0.00521	0.00372	0.00186	0.00186	0.00037	0.00186	0.00149	0.00149	0.92713
36	0.01090	0.00438	0.00584	0.00453	0.00643	0.00392	0.00372	0.02345	0.06782	0.82585	0.00988	0.00857	0.00629	0.00313	0.00253	0.00078	0.00213	0.00254	0.00306	0.00425
37	0.00436	0.00218	0.00327	0.00327	0.00327	0.00218	0.00218	0.00327	0.00327	0.00436	0.00436	0.00763	0.00436	0.00872	0.00981	0.92697	0.00218	0.00218	0.00109	0.00109
38	0.00297	0.00254	0.00255	0.00256	0.00340	0.00212	0.00192	0.00360	0.00570	0.00677	0.02518	0.04280	0.87662	0.00639	0.00297	0.00085	0.00128	0.00534	0.00233	0.00212
39	0.00635	0.00545	0.00574	0.00513	0.00657	0.00629	0.00400	0.04201	0.86274	0.01067	0.01008	0.00926	0.00755	0.00339	0.00255	0.00085	0.00201	0.00282	0.00255	0.00398
40	0.00960	0.00694	0.00748	0.00573	0.00774	0.00765	0.00474	0.85905	0.01165	0.04474	0.00615	0.00611	0.00433	0.00302	0.00251	0.00075	0.00274	0.00227	0.00253	0.00427
41	0.00477	0.00449	0.00758	0.88780	0.03501	0.00558	0.00699	0.00644	0.00503	0.00645	0.00447	0.00668	0.00336	0.00250	0.00251	0.00083	0.00334	0.00223	0.00112	0.00281
42	0.00592	0.00677	0.01481	0.01058	0.01312	0.00635	0.88701	0.00804	0.00592	0.00804	0.00508	0.00677	0.00381	0.00212	0.00296	0.00085	0.00423	0.00296	0.00127	0.00339
43	0.00297	0.00254	0.00254	0.00254	0.00339	0.00212	0.00191	0.00360	0.00572	0.00678	0.02543	0.02416	0.89511	0.00636	0.00297	0.00085	0.00127	0.00530	0.00233	0.00212
44	0.00503	0.01298	0.89878	0.00715	0.01086	0.00583	0.00927	0.00795	0.00530	0.00795	0.00450	0.00530	0.00318	0.00238	0.00238	0.00079	0.00371	0.00185	0.00106	0.00371
45	0.01118	0.00429	0.00582	0.00448	0.00641	0.00373	0.00369	0.01225	0.02173	0.88327	0.00991	0.00856	0.00624	0.00311	0.00252	0.00078	0.00213	0.00253	0.00310	0.00427
46	0.92951	0.00485	0.00369	0.00330	0.00485	0.00563	0.00272	0.00738	0.00427	0.01126	0.00350	0.00408	0.00272	0.00233	0.00155	0.00078	0.00194	0.00136	0.00155	0.00272
47	0.00474	0.00446	0.00753	0.90575	0.01729	0.00558	0.00697	0.00641	0.00502	0.00641	0.00446	0.00669	0.00335	0.00251	0.00251	0.00084	0.00335	0.00223	0.00112	0.00279
48	0.00474	0.00446	0.00753	0.90575	0.01729	0.00558	0.00697	0.00641	0.00502	0.00641	0.00446	0.00669	0.00335	0.00251	0.00251	0.00084	0.00335	0.00223	0.00112	0.00279
49	0.03727	0.00433	0.00579	0.00445	0.00638	0.00380	0.00368	0.02391	0.00716	0.86083	0.00967	0.00838	0.00609	0.00308	0.00250	0.00078	0.00214	0.00249	0.00305	0.00423
50	0.00399	0.00287	0.00397	0.00452	0.00511	0.00285	0.00393	0.00512	0.00578	0.00747	0.01392	0.02810	0.05982	0.00690	0.00344	0.00114	0.00226	0.83421	0.00231	0.00230
51	0.00638	0.00542	0.00572	0.00512	0.00656	0.00625	0.00399	0.03418	0.85997	0.02130	0.01011	0.00928	0.00756	0.00339	0.00255	0.00085	0.00201	0.00282	0.00256	0.00398
52	0.00474	0.00446	0.00753	0.90575	0.01729	0.00558	0.00697	0.00641	0.00502	0.00641	0.00446	0.00669	0.00335	0.00251	0.00251	0.00084	0.00335	0.00223	0.00112	0.00279
53	0.00931	0.01186	0.00712	0.00647	0.00774	0.88696	0.00486	0.00996	0.00706	0.00614	0.00387	0.00454	0.00323	0.00262	0.00236	0.00065	0.01941	0.00163	0.00129	0.00291
54	0.00590	0.00310	0.00405	0.00351	0.00455	0.00276	0.00274	0.00697	0.00700	0.28671	0.53938	0.01606	0.09780	0.00461	0.00283	0.00079	0.00149	0.00398	0.00283	0.00294
55	0.00475	0.00448	0.00753	0.89283	0.01713	0.00561	0.00695	0.00641	0.00500	0.00641	0.00444	0.00668	0.00335	0.00254	0.00259	0.00084	0.01633	0.00223	0.00112	0.00279
56	0.00474	0.00446	0.00753	0.90575	0.01729	0.00558	0.00697	0.00641	0.00502	0.00641	0.00446	0.00669	0.00335	0.00251	0.00251	0.00084	0.00335	0.00223	0.00112	0.00279

[dist]
# distance from previous block
# <min> <max>
0	1

[block]
# block no. 1 follows, 119 sequences, length 74
# corresponding to MSA columns:
# 66-139
name=unknown_B
#
# <colnr> <probs for GDERKNQSTAVLIFYWHMCP>
#	G	D	E	R	K	N	Q	S	T	A	V	L	I	F	Y	W	H	M	C	P
0	0.91306	0.00489	0.00376	0.00335	0.00491	0.00567	0.00276	0.02313	0.00441	0.01134	0.00354	0.00411	0.00275	0.00234	0.00157	0.00078	0.00196	0.00138	0.00157	0.00275
1	0.89151	0.00476	0.00368	0.00330	0.00481	0.00550	0.00270	0.00727	0.00439	0.01121	0.04008	0.00468	0.00358	0.00245	0.00161	0.00078	0.00191	0.00149	0.00160	0.00270
2	0.00621	0.00598	0.01027	0.01532	0.88044	0.00597	0.02333	0.00771	0.00572	0.00820	0.00473	0.00622	0.00397	0.00223	0.00249	0.00075	0.00300	0.00225	0.00124	0.00397
3	0.00302	0.00257	0.00261	0.00263	0.00345	0.00217	0.00196	0.00374	0.01786	0.00685	0.03459	0.06492	0.83230	0.00637	0.00297	0.00085	0.00129	0.00534	0.00234	0.00214
4	0.00436	0.00218	0.00327	0.00327	0.00327	0.00218	0.00218	0.00327	0.00327	0.00436	0.00436	0.00763	0.00436	0.00872	0.00981	0.92697	0.00218	0.00218	0.00109	0.00109
5	0.00360	0.00257	0.00335	0.00318	0.00377	0.00236	0.00237	0.00474	0.00699	0.01844	0.83680	0.05532	0.03655	0.00524	0.00297	0.00080	0.00121	0.00464	0.00274	0.00237
6	0.00474	0.00439	0.00735	0.87428	0.01679	0.00546	0.00679	0.00639	0.00503	0.00652	0.00459	0.00679	0.00345	0.00252	0.00248	0.00083	0.00327	0.00223	0.03332	0.00277
7	0.00300	0.00254	0.00259	0.00259	0.00341	0.00213	0.00193	0.00365	0.00574	0.00690	0.06240	0.04311	0.83072	0.01434	0.00306	0.00086	0.00128	0.00529	0.00234	0.00212
8	0.00365	0.00243	0.00274	0.00274	0.00274	0.00243	0.00152	0.00365	0.00365	0.00487	0.00791	0.01643	0.00913	0.91178	0.01278	0.00243	0.00243	0.00365	0.00152	0.00152
9	0.00521	0.00446	0.00521	0.00372	0.00595	0.00335	0.00297	0.00632	0.00521	0.00818	0.00446	0.00521	0.00372	0.00186	0.00186	0.00037	0.00186	0.00149	0.00149	0.92713
10	0.00671	0.91329	0.01315	0.00430	0.00644	0.00993	0.00430	0.00752	0.00510	0.00591	0.00349	0.00403	0.00322	0.00215	0.00161	0.00054	0.00268	0.00134	0.00107	0.00322
11	0.00621	0.00596	0.01019	0.01541	0.89612	0.00596	0.00770	0.00770	0.00572	0.00820	0.00472	0.00621	0.00398	0.00224	0.00249	0.00075	0.00298	0.00224	0.00124	0.00398
12	0.00549	0.00457	0.00532	0.00382	0.00604	0.00355	0.00306	0.04510	0.00553	0.02313	0.00462	0.00530	0.00378	0.00193	0.00190	0.00040	0.00190	0.00154	0.00156	0.87146
13	0.00354	0.00257	0.00334	0.00315	0.00374	0.00236	0.00236	0.00472	0.00708	0.01000	0.87800	0.01885	0.04053	0.00516	0.00296	0.00079	0.00119	0.00455	0.00275	0.00236
14	0.00624	0.00539	0.00568	0.00511	0.00653	0.00624	0.00397	0.01334	0.89159	0.01050	0.01022	0.00937	0.00766	0.00341	0.00255	0.00085	0.00199	0.00284	0.00255	0.00397
15	0.00389	0.00260	0.00337	0.00325	0.00384	0.00239	0.00240	0.00487	0.00652	0.05926	0.60892	0.15195	0.07406	0.04275	0.00338	0.00090	0.00135	0.01928	0.00263	0.00238
16	0.00477	0.00449	0.00758	0.88871	0.03411	0.00558	0.00699	0.00644	0.00503	0.00645	0.00447	0.00668	0.00336	0.00250	0.00251	0.00083	0.00334	0.00223	0.00112	0.00281
17	0.00569	0.00452	0.00529	0.00386	0.00603	0.00356	0.00309	0.01565	0.05178	0.06516	0.00513	0.00564	0.00409	0.00203	0.00194	0.00043	0.00189	0.00163	0.00166	0.81094
18	0.00714	0.00511	0.00575	0.00518	0.02710	0.00563	0.00396	0.03666	0.64520	0.17616	0.01006	0.04602	0.00758	0.00349	0.00257	0.00084	0.00204	0.00293	0.00262	0.00396
19	0.00505	0.01287	0.88186	0.00722	0.01091	0.00584	0.02607	0.00795	0.00531	0.00795	0.00452	0.00533	0.00319	0.00238	0.00240	0.00080	0.00372	0.00188	0.00106	0.00370
20	0.00624	0.00539	0.00568	0.00511	0.00653	0.00624	0.00397	0.01334	0.89159	0.01050	0.01022	0.00937	0.00766	0.00341	0.00255	0.00085	0.00199	0.00284	0.00255	0.00397
21	0.00474	0.00446	0.00753	0.90575	0.01729	0.00558	0.00697	0.00641	0.00502	0.00641	0.00446	0.00669	0.00335	0.00251	0.00251	0.00084	0.00335	0.00223	0.00112	0.00279
22	0.00404	0.00289	0.00404	0.00462	0.00520	0.00289	0.00404	0.00520	0.00578	0.00751	0.01329	0.02831	0.01445	0.00693	0.00347	0.00116	0.00231	0.87923	0.00231	0.00231
23	0.92951	0.00485	0.00369	0.00330	0.00485	0.00563	0.00272	0.00738	0.00427	0.01126	0.00350	0.00408	0.00272	0.00233	0.00155	0.00078	0.00194	0.00136	0.00155	0.00272
24	0.00954	0.00703	0.00753	0.00578	0.00778	0.00778	0.00477	0.88775	0.01180	0.01582	0.00603	0.00603	0.00427	0.00301	0.00251	0.00075	0.00276	0.00226	0.00251	0.00427
25	0.92951	0.00485	0.00369	0.00330	0.00485	0.00563	0.00272	0.00738	0.00427	0.01126	0.00350	0.00408	0.00272	0.00233	0.00155	0.00078	0.00194	0.00136	0.00155	0.00272
26	0.00621	0.00596	0.01019	0.01541	0.89612	0.00596	0.00770	0.00770	0.00572	0.00820	0.00472	0.00621	0.00398	0.00224	0.00249	0.00075	0.00298	0.00224	0.00124	0.00398
27	0.92951	0.00485	0.00369	0.00330	0.00485	0.00563	0.00272	0.00738	0.00427	0.01126	0.00350	0.00408	0.00272	0.00233	0.00155	0.00078	0.00194	0.00136	0.00155	0.00272
28	0.00940	0.06530	0.00785	0.00566	0.00766	0.02010	0.00471	0.79671	0.01119	0.03761	0.00593	0.00594	0.00424	0.00295	0.00245	0.00074	0.00277	0.00220	0.00242	0.00418
29	0.00518	0.00443	0.00518	0.00372	0.00592	0.00333	0.00297	0.00629	0.00520	0.00816	0.00457	0.01615	0.00387	0.00193	0.00188	0.00038	0.00185	0.00156	0.00150	0.91594
30	0.00522	0.01245	0.83396	0.00745	0.04146	0.00580	0.02464	0.00803	0.00536	0.02630	0.00463	0.00542	0.00328	0.00239	0.00240	0.00079	0.00366	0.00190	0.00111	0.00372
31	0.00359	0.00268	0.00400	0.00400	0.00443	0.00312	0.00309	0.00446	0.00402	0.00580	0.00676	0.01004	0.00635	0.04341	0.87736	0.00399	0.00661	0.00272	0.00135	0.00222
32	0.00436	0.00218	0.00327	0.00327	0.00327	0.00218	0.00218	0.00327	0.00327	0.00436	0.00436	0.00763	0.00436	0.00872	0.00981	0.92697	0.00218	0.00218	0.00109	0.00109
33	0.00353	0.00257	0.00333	0.00314	0.00374	0.00236	0.00235	0.00470	0.00706	0.00996	0.86710	0.01892	0.05145	0.00517	0.00296	0.00079	0.00119	0.00456	0.00275	0.00236
34	0.01104	0.00437	0.00586	0.00451	0.00643	0.00386	0.00372	0.04574	0.01777	0.84232	0.02098	0.00859	0.00638	0.00313	0.00253	0.00078	0.00215	0.00254	0.00307	0.00424
35	0.00351	0.00256	0.00329	0.00311	0.00372	0.00235	0.00233	0.00465	0.00699	0.00980	0.82496	0.01918	0.09369	0.00523	0.00296	0.00079	0.00119	0.00460	0.00273	0.00235
36	0.00366	0.00259	0.00338	0.00317	0.00379	0.00239	0.00238	0.00484	0.00708	0.02411	0.86536	0.01868	0.03883	0.00512	0.00295	0.00079	0.00120	0.00452	0.00276	0.00239
37	0.00621	0.00596	0.01019	0.01541	0.89612	0.00596	0.00770	0.00770	0.00572	0.00820	0.00472	0.00621	0.00398	0.00224	0.00249	0.00075	0.00298	0.00224	0.00124	0.00398
38	0.00520	0.00446	0.00525	0.02231	0.00618	0.00339	0.00306	0.00632	0.00520	0.00814	0.00446	0.00524	0.00371	0.00187	0.00187	0.00038	0.00189	0.00150	0.00148	0.90808
39	0.91739	0.00488	0.00374	0.00333	0.00489	0.00566	0.00275	0.01898	0.00437	0.01132	0.00353	0.00410	0.00274	0.00234	0.00157	0.00078	0.00195	0.00137	0.00157	0.00274
40	0.00492	0.00465	0.00786	0.79543	0.12618	0.00562	0.00706	0.00657	0.00511	0.00663	0.00449	0.00663	0.00342	0.00248	0.00251	0.00083	0.00330	0.00223	0.00113	0.00294
41	0.00300	0.00255	0.00259	0.00261	0.00344	0.00214	0.00197	0.00365	0.00571	0.00680	0.02498	0.03322	0.86200	0.00639	0.00298	0.00086	0.00130	0.02936	0.00233	0.00212
42	0.00306	0.00220	0.00291	0.00346	0.00363	0.00205	0.00232	0.00352	0.00487	0.00647	0.02650	0.86695	0.04723	0.00777	0.00319	0.00101	0.00145	0.00704	0.00234	0.00205
43	0.00359	0.00269	0.00403	0.00403	0.00448	0.00314	0.00314	0.00448	0.00403	0.00583	0.00672	0.00986	0.00628	0.01883	0.90184	0.00403	0.00672	0.00269	0.00134	0.00224
44	0.00503	0.01298	0.89878	0.00715	0.01086	0.00583	0.00927	0.00795	0.00530	0.00795	0.00450	0.00530	0.00318	0.00238	0.00238	0.00079	0.00371	0.00185	0.00106	0.00371
45	0.00396	0.00286	0.00392	0.00446	0.00505	0.00282	0.00387	0.00507	0.00576	0.00745	0.01415	0.03913	0.07669	0.00691	0.00343	0.00113	0.00223	0.80651	0.00231	0.00229
46	0.51687	0.07781	0.00583	0.00431	0.00605	0.04343	0.00360	0.28933	0.00689	0.01914	0.00437	0.00475	0.00330	0.00255	0.00190	0.00074	0.00237	0.00167	0.00182	0.00327
47	0.90433	0.00508	0.02807	0.00341	0.00502	0.00564	0.00290	0.00739	0.00430	0.01117	0.00352	0.00411	0.00273	0.00233	0.00158	0.00078	0.00199	0.00137	0.00154	0.00275
48	0.00355	0.00257	0.00336	0.00316	0.00375	0.00237	0.00237	0.00474	0.00711	0.01007	0.89480	0.01875	0.02368	0.00513	0.00296	0.00079	0.00118	0.00454	0.00276	0.00237
49	0.06148	0.00452	0.00571	0.00445	0.00635	0.00414	0.00365	0.04522	0.08014	0.67695	0.00903	0.00802	0.00588	0.00299	0.00242	0.00075	0.00212	0.00240	0.00283	0.07092
50	0.00503	0.01298	0.89878	0.00715	0.01086	0.00583	0.00927	0.00795	0.00530	0.00795	0.00450	0.00530	0.00318	0.00238	0.00238	0.00079	0.00371	0.00185	0.00106	0.00371
51	0.00888	0.01104	0.00716	0.00697	0.07446	0.78164	0.00494	0.02500	0.00703	0.00649	0.00487	0.00549	0.03992	0.00272	0.00231	0.00066	0.00425	0.00183	0.00135	0.00298
52	0.00319	0.00268	0.00279	0.00277	0.00360	0.00235	0.00209	0.00417	0.04833	0.00718	0.08202	0.04892	0.75318	0.00619	0.00296	0.00085	0.00132	0.02082	0.00237	0.00223
53	0.01126	0.00427	0.00583	0.00447	0.00641	0.00369	0.00369	0.01223	0.00718	0.89786	0.00990	0.00854	0.00621	0.00311	0.00252	0.00078	0.00214	0.00252	0.00311	0.00427
54	0.00485	0.00460	0.00782	0.81683	0.07870	0.00559	0.02534	0.00651	0.00509	0.00658	0.00467	0.00681	0.01112	0.00252	0.00252	0.00083	0.00332	0.00227	0.00114	0.00288
55	0.00589	0.00564	0.00961	0.20987	0.70417	0.00588	0.00754	0.00742	0.00556	0.00781	0.00466	0.00632	0.00384	0.00230	0.00249	0.00077	0.00306	0.00224	0.00121	0.00372
56	0.01126	0.00427	0.00583	0.00447	0.00641	0.00369	0.00369	0.01223	0.00718	0.89786	0.00990	0.00854	0.00621	0.00311	0.00252	0.00078	0.00214	0.00252	0.00311	0.00427
57	0.00297	0.00254	0.00254	0.00254	0.00339	0.00212	0.00191	0.00360	0.00572	0.00678	0.02543	0.02416	0.89511	0.00636	0.00297	0.00085	0.00127	0.00530	0.00233	0.00212
58	0.00862	0.00676	0.05422	0.00557	0.00747	0.00698	0.00472	0.72849	0.01061	0.02979	0.00687	0.10555	0.00560	0.00352	0.00258	0.00079	0.00266	0.00278	0.00242	0.00399
59	0.00297	0.00253	0.00255	0.00257	0.00340	0.00212	0.00192	0.00360	0.00570	0.00677	0.02509	0.04974	0.86974	0.00640	0.00297	0.00085	0.00128	0.00535	0.00233	0.00212
60	0.01126	0.00427	0.00583	0.00447	0.00641	0.00369	0.00369	0.01223	0.00718	0.89786	0.00990	0.00854	0.00621	0.00311	0.00252	0.00078	0.00214	0.00252	0.00311	0.00427
61	0.05570	0.00430	0.00572	0.00441	0.00633	0.00378	0.00364	0.01200	0.00704	0.85496	0.00959	0.00833	0.00604	0.00307	0.00248	0.00078	0.00213	0.00247	0.00303	0.00420
62	0.00956	0.00700	0.00751	0.00576	0.00777	0.00773	0.00476	0.87658	0.01174	0.02708	0.00608	0.00606	0.00429	0.00301	0.00251	0.00075	0.00275	0.00226	0.00252	0.00427
63	0.00621	0.00596	0.01019	0.01541	0.89612	0.00596	0.00770	0.00770	0.00572	0.00820	0.00472	0.00621	0.00398	0.00224	0.00249	0.00075	0.00298	0.00224	0.00124	0.00398
64	0.00399	0.00285	0.00399	0.00456	0.00512	0.00284	0.00395	0.00511	0.00573	0.00745	0.01332	0.07489	0.01456	0.00698	0.00345	0.00115	0.00227	0.83317	0.00231	0.00230
65	0.00521	0.00446	0.00521	0.00372	0.00595	0.00335	0.00297	0.00632	0.00521	0.00818	0.00446	0.00521	0.00372	0.00186	0.00186	0.00037	0.00186	0.00149	0.00149	0.92713
66	0.00300	0.00255	0.00259	0.00260	0.00344	0.00214	0.00197	0.00366	0.00575	0.00687	0.04306	0.02414	0.85667	0.00635	0.00298	0.00085	0.00129	0.02560	0.00234	0.00213
67	0.00504	0.00479	0.00818	0.72268	0.17829	0.00567	0.02663	0.00669	0.00517	0.00678	0.00452	0.00661	0.00347	0.00245	0.00252	0.00082	0.00330	0.00225	0.00114	0.00302
68	0.00631	0.00543	0.00572	0.00512	0.00655	0.00628	0.00399	0.03197	0.87284	0.01061	0.01013	0.00929	0.00759	0.00340	0.00255	0.00085	0.00200	0.00283	0.00255	0.00398
69	0.00588	0.00664	0.01432	0.01065	0.05618	0.00624	0.82506	0.00793	0.00591	0.00802	0.00549	0.00711	0.02281	0.00221	0.00294	0.00084	0.00411	0.00298	0.00129	0.00339
70	0.00359	0.00241	0.00276	0.00281	0.00283	0.00239	0.00160	0.00363	0.00377	0.00502	0.00850	0.10592	0.00987	0.82127	0.01182	0.00229	0.00234	0.00400	0.00160	0.00157
71	0.00298	0.00254	0.00256	0.00257	0.00340	0.00212	0.00192	0.00362	0.00574	0.00684	0.04186	0.03485	0.86779	0.00635	0.00297	0.00085	0.00127	0.00531	0.00234	0.00212
72	0.00324	0.00270	0.00283	0.00284	0.00368	0.00237	0.00217	0.01976	0.02625	0.00711	0.03561	0.05360	0.75680	0.00630	0.00299	0.00087	0.00139	0.06492	0.00234	0.00221
73	0.00859	0.00625	0.00678	0.00537	0.00710	0.00686	0.00435	0.72754	0.02606	0.02889	0.00705	0.10282	0.00582	0.02625	0.00289	0.00734	0.00257	0.00283	0.01072	0.00392

[dist]
# distance from previous block
# <min> <max>
0	19

# created by:
# /share/home/app/bin/augustus-3.3.1/scripts/msa2prfl.pl /dev/shm/tmp/pt-rosids/msas/rpl16.aln --setname=rpl16
