[name]
rpl14

[dist]
# distance from previous block
# <min> <max>
0	0

[block]
# block no. 0 follows, 134 sequences, length 48
# corresponding to MSA columns:
# 0-47
name=unknown_A
#
# <colnr> <probs for GDERKNQSTAVLIFYWHMCP>
#	G	D	E	R	K	N	Q	S	T	A	V	L	I	F	Y	W	H	M	C	P
0	0.00365	0.00261	0.00365	0.00417	0.00469	0.00261	0.00365	0.00469	0.00522	0.00678	0.01200	0.02556	0.01304	0.00626	0.00313	0.00104	0.00209	0.89099	0.00209	0.00209
1	0.00268	0.00230	0.00230	0.00230	0.00306	0.00191	0.00172	0.00325	0.00516	0.00612	0.02295	0.02180	0.90532	0.00574	0.00268	0.00077	0.00115	0.00478	0.00210	0.00191
2	0.00535	0.00610	0.01328	0.00965	0.03192	0.00572	0.87801	0.00725	0.00534	0.00726	0.00458	0.00610	0.00344	0.00191	0.00266	0.00076	0.00379	0.00266	0.00115	0.00307
3	0.00595	0.00460	0.00523	0.00386	0.00577	0.00410	0.00312	0.24158	0.01490	0.04626	0.00472	0.00513	0.00366	0.00203	0.00186	0.00045	0.00189	0.00159	0.02103	0.62225
4	0.00535	0.00611	0.01337	0.00955	0.01184	0.00573	0.89801	0.00726	0.00535	0.00726	0.00458	0.00611	0.00344	0.00191	0.00267	0.00076	0.00382	0.00267	0.00115	0.00306
5	0.00588	0.00499	0.00526	0.00466	0.00599	0.00575	0.00365	0.08556	0.82822	0.00988	0.00891	0.00820	0.00666	0.00304	0.00230	0.00076	0.00185	0.00252	0.00230	0.00361
6	0.00456	0.00438	0.00617	0.02580	0.00575	0.00591	0.01126	0.00526	0.02378	0.00556	0.00441	0.05353	0.01820	0.00599	0.13898	0.00136	0.67323	0.00234	0.00113	0.00240
7	0.00276	0.00197	0.00263	0.00315	0.00329	0.00184	0.00210	0.00315	0.00434	0.00578	0.01249	0.91890	0.01499	0.00710	0.00289	0.00092	0.00131	0.00644	0.00210	0.00184
8	0.00840	0.01049	0.00645	0.00581	0.00698	0.85442	0.00439	0.04641	0.00654	0.00591	0.00357	0.00416	0.00296	0.00238	0.00216	0.00060	0.02298	0.00149	0.00121	0.00268
9	0.00321	0.00232	0.00303	0.00285	0.00338	0.00214	0.00214	0.00428	0.00641	0.00909	0.90505	0.01692	0.02138	0.00463	0.00267	0.00071	0.00107	0.00410	0.00249	0.00214
10	0.01017	0.00386	0.00526	0.00403	0.00578	0.00333	0.00333	0.01104	0.00648	0.90781	0.00894	0.00771	0.00561	0.00280	0.00228	0.00070	0.00193	0.00228	0.00280	0.00386
11	0.00606	0.92174	0.01187	0.00388	0.00582	0.00896	0.00388	0.00678	0.00460	0.00533	0.00315	0.00363	0.00291	0.00194	0.00145	0.00048	0.00242	0.00121	0.00097	0.00291
12	0.00846	0.01080	0.00642	0.00584	0.00700	0.91128	0.00438	0.00905	0.00642	0.00555	0.00350	0.00409	0.00292	0.00233	0.00204	0.00058	0.00409	0.00146	0.00117	0.00263
13	0.00846	0.00619	0.00663	0.00510	0.00687	0.00685	0.00421	0.86663	0.01044	0.01407	0.00551	0.00555	0.00392	0.00272	0.00224	0.00067	0.00244	0.00204	0.03566	0.00379
14	0.93638	0.00438	0.00333	0.00298	0.00438	0.00508	0.00245	0.00666	0.00386	0.01017	0.00315	0.00368	0.00245	0.00210	0.00140	0.00070	0.00175	0.00123	0.00140	0.00245
15	0.01017	0.00386	0.00526	0.00403	0.00578	0.00333	0.00333	0.01104	0.00648	0.90781	0.00894	0.00771	0.00561	0.00280	0.00228	0.00070	0.00193	0.00228	0.00280	0.00386
16	0.00436	0.00414	0.00710	0.85428	0.04380	0.00507	0.03782	0.00588	0.00458	0.00589	0.00405	0.00603	0.00305	0.00224	0.00228	0.00075	0.00304	0.00204	0.00102	0.00257
17	0.00497	0.01811	0.55151	0.00923	0.33909	0.00535	0.02574	0.00709	0.00493	0.00724	0.00414	0.00510	0.00315	0.00210	0.00219	0.00070	0.00311	0.00182	0.00102	0.00343
18	0.00277	0.00198	0.00264	0.00315	0.00329	0.00185	0.00210	0.00317	0.00437	0.00584	0.02774	0.90348	0.01509	0.00706	0.00289	0.00092	0.00131	0.00640	0.00211	0.00185
19	0.00361	0.00259	0.00360	0.00410	0.00463	0.00258	0.00357	0.00463	0.00521	0.00675	0.01245	0.02540	0.04971	0.00624	0.00311	0.00103	0.00205	0.85457	0.00209	0.00208
20	0.00422	0.00211	0.00211	0.00211	0.00264	0.00211	0.00158	0.00528	0.00475	0.00845	0.00739	0.00845	0.00581	0.00264	0.00158	0.00053	0.00106	0.00211	0.93295	0.00211
21	0.00268	0.00230	0.00230	0.00230	0.00306	0.00191	0.00172	0.00325	0.00516	0.00612	0.02295	0.02180	0.90532	0.00574	0.00268	0.00077	0.00115	0.00478	0.00210	0.00191
22	0.00431	0.00409	0.00700	0.88641	0.01549	0.00506	0.03438	0.00584	0.00456	0.00584	0.00404	0.00604	0.00303	0.00225	0.00228	0.00076	0.00305	0.00203	0.00101	0.00253
23	0.00269	0.00230	0.00232	0.00231	0.00307	0.00192	0.00173	0.00328	0.00520	0.00621	0.05020	0.02165	0.87802	0.00570	0.00268	0.00076	0.00115	0.00476	0.00212	0.00192
24	0.00272	0.00229	0.00237	0.00242	0.00313	0.00193	0.00182	0.00331	0.00513	0.00617	0.03618	0.07732	0.80659	0.00582	0.00271	0.00078	0.00119	0.03409	0.00211	0.00192
25	0.90206	0.00437	0.00346	0.03656	0.00479	0.00508	0.00260	0.00663	0.00388	0.01000	0.00319	0.00377	0.00247	0.00211	0.00143	0.00070	0.00180	0.00126	0.00139	0.00246
26	0.00868	0.00421	0.01301	0.00419	0.00581	0.00401	0.00342	0.02623	0.25081	0.61852	0.00924	0.00818	0.02708	0.00294	0.00229	0.00072	0.00189	0.00241	0.00263	0.00373
27	0.07165	0.00642	0.00655	0.00509	0.00685	0.04857	0.00418	0.79706	0.01000	0.01360	0.00520	0.00526	0.00371	0.00266	0.00220	0.00068	0.00252	0.00196	0.00216	0.00370
28	0.00826	0.01042	0.00646	0.00596	0.02369	0.85108	0.00442	0.00899	0.02678	0.00567	0.00363	0.00424	0.00302	0.00239	0.00219	0.00060	0.02685	0.00151	0.00119	0.00266
29	0.00430	0.00408	0.00695	0.89341	0.01552	0.00505	0.02749	0.00582	0.00455	0.00582	0.00404	0.00604	0.00303	0.00226	0.00227	0.00076	0.00304	0.00203	0.00101	0.00253
30	0.03801	0.00430	0.00745	0.73577	0.01438	0.00506	0.11974	0.00613	0.00466	0.02737	0.00418	0.00599	0.00312	0.00222	0.00228	0.00075	0.00304	0.00207	0.00108	0.01240
31	0.00332	0.00255	0.00368	0.00367	0.00409	0.01666	0.00286	0.00412	0.00368	0.00526	0.00603	0.00883	0.00562	0.01677	0.89755	0.00359	0.00604	0.00241	0.00121	0.00203
32	0.10566	0.00391	0.00506	0.00392	0.00564	0.00351	0.00324	0.01059	0.00621	0.81527	0.00834	0.00730	0.00528	0.00273	0.00219	0.00070	0.00191	0.00217	0.00266	0.00371
33	0.00491	0.00495	0.01399	0.02802	0.04438	0.01343	0.03275	0.00555	0.00367	0.00560	0.00328	0.00525	0.00316	0.00445	0.05544	0.00110	0.76450	0.00202	0.00102	0.00253
34	0.00268	0.00230	0.00230	0.00230	0.00306	0.00191	0.00172	0.00325	0.00516	0.00612	0.02295	0.02180	0.90532	0.00574	0.00268	0.00077	0.00115	0.00478	0.00210	0.00191
35	0.93638	0.00438	0.00333	0.00298	0.00438	0.00508	0.00245	0.00666	0.00386	0.01017	0.00315	0.00368	0.00245	0.00210	0.00140	0.00070	0.00175	0.00123	0.00140	0.00245
36	0.00620	0.86762	0.01155	0.00399	0.00589	0.06257	0.00391	0.00692	0.00471	0.00534	0.00317	0.00366	0.00291	0.00196	0.00149	0.00049	0.00252	0.00123	0.00098	0.00289
37	0.00307	0.00231	0.00284	0.00271	0.00330	0.00208	0.00203	0.00401	0.00609	0.00832	0.67746	0.01818	0.24944	0.00492	0.00267	0.00073	0.00109	0.00427	0.00239	0.00208
38	0.00272	0.00230	0.00235	0.00233	0.00308	0.00193	0.00175	0.00332	0.00525	0.00633	0.08583	0.02146	0.84232	0.00566	0.00268	0.00076	0.00114	0.00473	0.00213	0.00193
39	0.00313	0.00231	0.00292	0.00277	0.00334	0.00211	0.00208	0.00413	0.00624	0.00866	0.77941	0.01762	0.14728	0.00479	0.00267	0.00072	0.00108	0.00419	0.00244	0.00211
40	0.01017	0.00386	0.00526	0.00403	0.00578	0.00333	0.00333	0.01104	0.00648	0.90781	0.00894	0.00771	0.00561	0.00280	0.00228	0.00070	0.00193	0.00228	0.00280	0.00386
41	0.00321	0.00232	0.00303	0.00285	0.00338	0.00214	0.00214	0.00428	0.00641	0.00909	0.90505	0.01692	0.02138	0.00463	0.00267	0.00071	0.00107	0.00410	0.00249	0.00214
42	0.00270	0.00230	0.00232	0.00231	0.00307	0.00192	0.00174	0.00329	0.00521	0.00622	0.05194	0.02164	0.87627	0.00570	0.00268	0.00076	0.00115	0.00476	0.00212	0.00192
43	0.00561	0.00537	0.00908	0.01364	0.87998	0.00539	0.00686	0.00710	0.03132	0.00746	0.00441	0.00569	0.00369	0.00205	0.00224	0.00068	0.00267	0.00203	0.00116	0.00359
44	0.00475	0.10456	0.77600	0.00653	0.05012	0.00565	0.00785	0.00713	0.00478	0.00700	0.00398	0.00470	0.00291	0.00212	0.00209	0.00069	0.00322	0.00164	0.00097	0.00331
45	0.00964	0.00386	0.00517	0.00402	0.00569	0.00342	0.00330	0.02589	0.03948	0.81619	0.05212	0.00814	0.00639	0.00290	0.00230	0.00070	0.00189	0.00237	0.00276	0.00376
46	0.02968	0.00238	0.00289	0.00284	0.00344	0.00217	0.00210	0.00422	0.00561	0.05550	0.43010	0.19787	0.24235	0.00524	0.00266	0.00077	0.00120	0.00456	0.00230	0.00212
47	0.00481	0.00411	0.00503	0.00386	0.03782	0.00316	0.01951	0.00585	0.00475	0.01868	0.00411	0.00479	0.00339	0.00171	0.00172	0.00036	0.00176	0.00140	0.00135	0.87183

[dist]
# distance from previous block
# <min> <max>
0	2

[block]
# block no. 1 follows, 134 sequences, length 74
# corresponding to MSA columns:
# 50-123
name=unknown_B
#
# <colnr> <probs for GDERKNQSTAVLIFYWHMCP>
#	G	D	E	R	K	N	Q	S	T	A	V	L	I	F	Y	W	H	M	C	P
0	0.00816	0.01013	0.00657	0.00634	0.06934	0.79922	0.00453	0.02482	0.03919	0.00597	0.00380	0.00438	0.00313	0.00235	0.00207	0.00060	0.00388	0.00155	0.00123	0.00275
1	0.00637	0.00498	0.00539	0.00468	0.00605	0.00561	0.00373	0.20001	0.60667	0.05622	0.00859	0.00892	0.00661	0.00320	0.00235	0.00076	0.00197	0.06202	0.00231	0.00356
2	0.00557	0.00454	0.00515	0.00380	0.00572	0.00396	0.00306	0.20628	0.02508	0.00895	0.00457	0.01787	0.00371	0.00202	0.00184	0.00043	0.00186	0.00160	0.00158	0.69242
3	0.00275	0.00199	0.00261	0.00310	0.00327	0.00185	0.00208	0.00316	0.00439	0.00581	0.01321	0.85724	0.07618	0.00700	0.00288	0.00091	0.00130	0.00633	0.00210	0.00185
4	0.00458	0.01129	0.86183	0.00637	0.00959	0.00517	0.01542	0.00713	0.00478	0.01883	0.00419	0.00496	0.00300	0.00261	0.03002	0.00081	0.00342	0.00171	0.00099	0.00331
5	0.00472	0.00446	0.00752	0.63565	0.28339	0.00516	0.00647	0.01428	0.00478	0.00635	0.00411	0.00590	0.00320	0.00220	0.00226	0.00073	0.00292	0.00202	0.00105	0.00285
6	0.00865	0.00629	0.00676	0.00518	0.00700	0.00694	0.00428	0.87695	0.01055	0.03617	0.00553	0.00550	0.00390	0.00272	0.00227	0.00068	0.00248	0.00205	0.00228	0.00385
7	0.00454	0.01172	0.90864	0.00646	0.00981	0.00526	0.00837	0.00718	0.00478	0.00718	0.00407	0.00478	0.00287	0.00215	0.00215	0.00072	0.00335	0.00167	0.00096	0.00335
8	0.00319	0.00232	0.00301	0.00283	0.00337	0.00213	0.00213	0.00424	0.00638	0.00899	0.87802	0.01707	0.04847	0.00467	0.00267	0.00071	0.00107	0.00412	0.00248	0.00213
9	0.00271	0.00230	0.00234	0.00233	0.00308	0.00193	0.00175	0.00332	0.00525	0.00631	0.08014	0.02149	0.84802	0.00567	0.00268	0.00076	0.00114	0.00474	0.00213	0.00193
10	0.00432	0.00407	0.00688	0.88460	0.04559	0.00505	0.00631	0.00583	0.00455	0.00584	0.00403	0.00603	0.00304	0.00226	0.00226	0.00075	0.00301	0.00201	0.00101	0.00255
11	0.01017	0.00386	0.00526	0.00403	0.00578	0.00333	0.00333	0.01104	0.00648	0.90781	0.00894	0.00771	0.00561	0.00280	0.00228	0.00070	0.00193	0.00228	0.00280	0.00386
12	0.00320	0.00231	0.00302	0.00285	0.00338	0.00213	0.00214	0.00426	0.00639	0.00904	0.89322	0.02887	0.02129	0.00466	0.00268	0.00072	0.00107	0.00413	0.00249	0.00213
13	0.00268	0.00230	0.00230	0.00230	0.00306	0.00191	0.00172	0.00325	0.00516	0.00612	0.02295	0.02180	0.90532	0.00574	0.00268	0.00077	0.00115	0.00478	0.00210	0.00191
14	0.00321	0.00232	0.00303	0.00285	0.00338	0.00214	0.00214	0.00428	0.00641	0.00909	0.90505	0.01692	0.02138	0.00463	0.00267	0.00071	0.00107	0.00410	0.00249	0.00214
15	0.00428	0.00403	0.00680	0.91493	0.01560	0.00503	0.00629	0.00579	0.00453	0.00579	0.00403	0.00604	0.00302	0.00227	0.00227	0.00076	0.00302	0.00201	0.00101	0.00252
16	0.00572	0.00490	0.00516	0.00461	0.00591	0.00565	0.00360	0.04650	0.85856	0.00963	0.00921	0.00847	0.01566	0.00309	0.00231	0.00076	0.00181	0.00256	0.00230	0.00358
17	0.01394	0.00251	0.00273	0.07168	0.00388	0.00263	0.00210	0.05334	0.00504	0.00858	0.00699	0.00805	0.00546	0.00261	0.00167	0.00056	0.00129	0.00209	0.80263	0.00224
18	0.00561	0.00538	0.00920	0.01391	0.90624	0.00538	0.00695	0.00695	0.00516	0.00740	0.00426	0.00561	0.00359	0.00202	0.00224	0.00067	0.00269	0.00202	0.00112	0.00359
19	0.00458	0.01147	0.86831	0.00660	0.00990	0.00528	0.04844	0.00718	0.00481	0.00718	0.00409	0.00484	0.00290	0.00214	0.00218	0.00072	0.00337	0.00172	0.00097	0.00334
20	0.00278	0.00198	0.00262	0.00313	0.00326	0.00185	0.00208	0.00316	0.00430	0.00574	0.01231	0.88974	0.01477	0.03655	0.00317	0.00096	0.00134	0.00634	0.00208	0.00183
21	0.00557	0.00535	0.00914	0.03665	0.88376	0.00537	0.00694	0.00692	0.00514	0.00736	0.00426	0.00562	0.00357	0.00202	0.00224	0.00067	0.00270	0.00202	0.00112	0.00356
22	0.00428	0.00403	0.00680	0.91493	0.01560	0.00503	0.00629	0.00579	0.00453	0.00579	0.00403	0.00604	0.00302	0.00227	0.00227	0.00076	0.00302	0.00201	0.00101	0.00252
23	0.00632	0.65459	0.05512	0.00448	0.02091	0.14017	0.00418	0.03975	0.01430	0.00598	0.03377	0.00435	0.00362	0.00214	0.00167	0.00053	0.00267	0.00143	0.00111	0.00292
24	0.00818	0.06004	0.00656	0.00559	0.00678	0.82891	0.00425	0.00879	0.00626	0.00564	0.00363	0.00422	0.00302	0.00232	0.00199	0.00058	0.00388	0.00147	0.03526	0.00262
25	0.92524	0.00438	0.00335	0.00299	0.00440	0.00506	0.00246	0.00671	0.00389	0.02096	0.00322	0.00373	0.00249	0.00211	0.00141	0.00070	0.00175	0.00124	0.00142	0.00247
26	0.00356	0.00266	0.00346	0.00383	0.00443	0.00263	0.00326	0.00479	0.05352	0.00679	0.01389	0.03982	0.17852	0.00601	0.00300	0.00097	0.00188	0.66275	0.00210	0.00213
27	0.00281	0.00246	0.00276	0.00269	0.01512	0.00209	0.03196	0.00343	0.00517	0.00618	0.02209	0.02107	0.86321	0.00556	0.00267	0.00076	0.00126	0.00467	0.00206	0.00197
28	0.00268	0.00227	0.00232	0.00235	0.00308	0.00191	0.00175	0.00324	0.00511	0.00610	0.02223	0.08352	0.84407	0.00583	0.00269	0.00078	0.00116	0.00490	0.00210	0.00191
29	0.01912	0.00415	0.00707	0.83792	0.04257	0.00507	0.04068	0.00589	0.00457	0.00596	0.00404	0.00599	0.00304	0.00224	0.00227	0.00075	0.00302	0.00203	0.00102	0.00257
30	0.00324	0.00243	0.00364	0.00364	0.00405	0.00283	0.00283	0.00405	0.00364	0.00526	0.00607	0.00890	0.00566	0.01699	0.91140	0.00364	0.00607	0.00243	0.00121	0.00202
31	0.00606	0.92174	0.01187	0.00388	0.00582	0.00896	0.00388	0.00678	0.00460	0.00533	0.00315	0.00363	0.00291	0.00194	0.00145	0.00048	0.00242	0.00121	0.00097	0.00291
32	0.00601	0.85738	0.06099	0.00405	0.00605	0.02305	0.00413	0.00684	0.00464	0.00544	0.00321	0.00370	0.00291	0.00196	0.00150	0.00050	0.00250	0.00124	0.00097	0.00293
33	0.00846	0.01080	0.00642	0.00584	0.00700	0.91128	0.00438	0.00905	0.00642	0.00555	0.00350	0.00409	0.00292	0.00233	0.00204	0.00058	0.00409	0.00146	0.00117	0.00263
34	0.01017	0.00386	0.00526	0.00403	0.00578	0.00333	0.00333	0.01104	0.00648	0.90781	0.00894	0.00771	0.00561	0.00280	0.00228	0.00070	0.00193	0.00228	0.00280	0.00386
35	0.01017	0.00386	0.00526	0.00403	0.00578	0.00333	0.00333	0.01104	0.00648	0.90781	0.00894	0.00771	0.00561	0.00280	0.00228	0.00070	0.00193	0.00228	0.00280	0.00386
36	0.00320	0.00232	0.00302	0.00284	0.00338	0.00214	0.00213	0.00426	0.00640	0.00905	0.89496	0.01698	0.03148	0.00464	0.00267	0.00071	0.00107	0.00411	0.00249	0.00214
37	0.00314	0.00231	0.00294	0.00279	0.00335	0.00211	0.00209	0.00415	0.00625	0.00872	0.79645	0.03051	0.11716	0.00479	0.00268	0.00072	0.00108	0.00421	0.00245	0.00211
38	0.00269	0.00228	0.00232	0.00234	0.00308	0.00192	0.00174	0.00327	0.00517	0.00618	0.04400	0.05189	0.85391	0.00576	0.00268	0.00077	0.00115	0.00482	0.00211	0.00192
39	0.03745	0.86235	0.01141	0.00391	0.00580	0.03707	0.00384	0.00685	0.00464	0.00550	0.00316	0.00365	0.00289	0.00196	0.00147	0.00049	0.00245	0.00122	0.00099	0.00288
40	0.00537	0.00602	0.01285	0.00997	0.10700	0.00571	0.79297	0.00720	0.00531	0.00725	0.00453	0.00604	0.00345	0.00194	0.00268	0.00076	0.01410	0.00260	0.00114	0.00311
41	0.00499	0.03165	0.70759	0.00747	0.15058	0.00528	0.00783	0.00730	0.00491	0.04563	0.00428	0.00501	0.00310	0.00215	0.00216	0.00070	0.00316	0.00174	0.00106	0.00340
42	0.86668	0.00436	0.00359	0.07118	0.00522	0.00508	0.00274	0.00659	0.00391	0.00984	0.00322	0.00386	0.00250	0.00212	0.00147	0.00071	0.00185	0.00129	0.00137	0.00246
43	0.00846	0.01080	0.00642	0.00584	0.00700	0.91128	0.00438	0.00905	0.00642	0.00555	0.00350	0.00409	0.00292	0.00233	0.00204	0.00058	0.00409	0.00146	0.00117	0.00263
44	0.00470	0.00403	0.00470	0.00336	0.00537	0.00302	0.00268	0.00570	0.00470	0.00738	0.00403	0.00470	0.00336	0.00168	0.00168	0.00034	0.00168	0.00134	0.00134	0.93423
45	0.00559	0.00537	0.00916	0.02576	0.89453	0.00538	0.00694	0.00694	0.00515	0.00738	0.00426	0.00561	0.00358	0.00202	0.00224	0.00067	0.00270	0.00202	0.00112	0.00357
46	0.93638	0.00438	0.00333	0.00298	0.00438	0.00508	0.00245	0.00666	0.00386	0.01017	0.00315	0.00368	0.00245	0.00210	0.00140	0.00070	0.00175	0.00123	0.00140	0.00245
47	0.00589	0.00499	0.00527	0.00466	0.00599	0.00575	0.00365	0.08795	0.82583	0.00989	0.00890	0.00820	0.00665	0.00304	0.00230	0.00076	0.00185	0.00252	0.00230	0.00361
48	0.00428	0.00403	0.00680	0.91493	0.01560	0.00503	0.00629	0.00579	0.00453	0.00579	0.00403	0.00604	0.00302	0.00227	0.00227	0.00076	0.00302	0.00201	0.00101	0.00252
49	0.00288	0.00230	0.00257	0.00251	0.00318	0.00200	0.00188	0.00364	0.00564	0.00725	0.35918	0.01994	0.56839	0.00532	0.00268	0.00075	0.00112	0.00452	0.00225	0.00200
50	0.00329	0.00220	0.00247	0.00247	0.00247	0.00220	0.00137	0.00329	0.00329	0.00439	0.00714	0.01483	0.00824	0.92038	0.01153	0.00220	0.00220	0.00329	0.00137	0.00137
51	0.93638	0.00438	0.00333	0.00298	0.00438	0.00508	0.00245	0.00666	0.00386	0.01017	0.00315	0.00368	0.00245	0.00210	0.00140	0.00070	0.00175	0.00123	0.00140	0.00245
52	0.00963	0.00385	0.00518	0.00396	0.00572	0.00329	0.00326	0.01052	0.00634	0.82394	0.02122	0.00760	0.00565	0.00274	0.00224	0.00067	0.00190	0.00223	0.00268	0.07737
53	0.00268	0.00230	0.00230	0.00230	0.00306	0.00191	0.00172	0.00325	0.00516	0.00612	0.02295	0.02180	0.90532	0.00574	0.00268	0.00077	0.00115	0.00478	0.00210	0.00191
54	0.04293	0.00394	0.00507	0.00394	0.00564	0.00352	0.00322	0.01021	0.07835	0.68024	0.02684	0.00747	0.00567	0.00271	0.00219	0.00066	0.00186	0.00219	0.00254	0.11081
55	0.04968	0.00472	0.06697	0.71281	0.01398	0.00519	0.05822	0.00599	0.00451	0.00616	0.00397	0.00579	0.00300	0.00231	0.00249	0.00076	0.04781	0.00199	0.00103	0.00260
56	0.00454	0.01172	0.90864	0.00646	0.00981	0.00526	0.00837	0.00718	0.00478	0.00718	0.00407	0.00478	0.00287	0.00215	0.00215	0.00072	0.00335	0.00167	0.00096	0.00335
57	0.00276	0.00197	0.00263	0.00315	0.00329	0.00184	0.00210	0.00315	0.00434	0.00578	0.01249	0.91890	0.01499	0.00710	0.00289	0.00092	0.00131	0.00644	0.00210	0.00184
58	0.00428	0.00403	0.00680	0.91493	0.01560	0.00503	0.00629	0.00579	0.00453	0.00579	0.00403	0.00604	0.00302	0.00227	0.00227	0.00076	0.00302	0.00201	0.00101	0.00252
59	0.00528	0.00637	0.06191	0.00936	0.01982	0.00566	0.83289	0.00721	0.00531	0.00724	0.00463	0.01480	0.00352	0.00197	0.00264	0.00076	0.00376	0.00265	0.00114	0.00306
60	0.00293	0.00209	0.00272	0.00313	0.00332	0.00198	0.00211	0.01960	0.00454	0.00610	0.07479	0.79026	0.01487	0.05591	0.00333	0.00097	0.00137	0.00603	0.00209	0.00187
61	0.00847	0.01054	0.00644	0.00580	0.00701	0.85894	0.00437	0.06054	0.00667	0.00605	0.00361	0.00416	0.00297	0.00236	0.00206	0.00059	0.00399	0.00149	0.00123	0.00270
62	0.00329	0.00220	0.00247	0.00247	0.00247	0.00220	0.00137	0.00329	0.00329	0.00439	0.00714	0.01483	0.00824	0.92038	0.01153	0.00220	0.00220	0.00329	0.00137	0.00137
63	0.00574	0.00495	0.00516	0.00463	0.00592	0.01741	0.00360	0.02163	0.87305	0.01727	0.00910	0.00836	0.00682	0.00306	0.00230	0.00076	0.00183	0.00254	0.00229	0.00358
64	0.00561	0.00538	0.00920	0.01391	0.90624	0.00538	0.00695	0.00695	0.00516	0.00740	0.00426	0.00561	0.00359	0.00202	0.00224	0.00067	0.00269	0.00202	0.00112	0.00359
65	0.00268	0.00230	0.00230	0.00230	0.00306	0.00191	0.00172	0.00325	0.00516	0.00612	0.02295	0.02180	0.90532	0.00574	0.00268	0.00077	0.00115	0.00478	0.00210	0.00191
66	0.00315	0.00231	0.00295	0.00280	0.00335	0.00211	0.00210	0.00416	0.00626	0.00874	0.80500	0.03395	0.10509	0.00478	0.00268	0.00072	0.00108	0.00421	0.00245	0.00211
67	0.00863	0.00631	0.00678	0.00520	0.00701	0.00697	0.00429	0.88611	0.01059	0.02694	0.00549	0.00547	0.00388	0.00272	0.00227	0.00068	0.00249	0.00204	0.00227	0.00385
68	0.00276	0.00197	0.00263	0.00315	0.00329	0.00184	0.00210	0.00315	0.00434	0.00578	0.01249	0.91890	0.01499	0.00710	0.00289	0.00092	0.00131	0.00644	0.00210	0.00184
69	0.01012	0.00393	0.00530	0.00407	0.00582	0.00344	0.00336	0.03766	0.00661	0.88101	0.00883	0.00764	0.00556	0.00280	0.00228	0.00070	0.00194	0.00227	0.00279	0.00386
70	0.00470	0.00403	0.00470	0.00336	0.00537	0.00302	0.00268	0.00570	0.00470	0.00738	0.00403	0.00470	0.00336	0.00168	0.00168	0.00034	0.00168	0.00134	0.00134	0.93423
71	0.00459	0.03961	0.88116	0.00638	0.00968	0.00538	0.00823	0.00716	0.00478	0.00712	0.00404	0.00475	0.00287	0.00215	0.00213	0.00071	0.00332	0.00166	0.00096	0.00333
72	0.00318	0.00231	0.00299	0.00282	0.00337	0.00213	0.00211	0.00422	0.00634	0.00892	0.85630	0.01719	0.07023	0.00469	0.00267	0.00072	0.00107	0.00414	0.00247	0.00213
73	0.00277	0.00198	0.00263	0.00314	0.00327	0.00185	0.00209	0.00316	0.00431	0.00575	0.01237	0.89870	0.01483	0.02750	0.00308	0.00095	0.00133	0.00637	0.00209	0.00183

[dist]
# distance from previous block
# <min> <max>
0	0

# created by:
# /share/home/app/bin/augustus-3.3.1/scripts/msa2prfl.pl /dev/shm/tmp/pt-rosids/msas/rpl14.aln --setname=rpl14
