[name]
rpl22

[dist]
# distance from previous block
# <min> <max>
3	33

[block]
# block no. 0 follows, 94 sequences, length 93
# corresponding to MSA columns:
# 51-143
name=unknown_A
#
# <colnr> <probs for GDERKNQSTAVLIFYWHMCP>
#	G	D	E	R	K	N	Q	S	T	A	V	L	I	F	Y	W	H	M	C	P
0	0.00562	0.01998	0.03791	0.00647	0.08037	0.03214	0.00476	0.07105	0.00605	0.01393	0.00793	0.03816	0.00734	0.04026	0.59553	0.00368	0.01450	0.00327	0.00177	0.00928
1	0.12317	0.03963	0.00695	0.10511	0.00892	0.00725	0.00490	0.01330	0.56834	0.01184	0.01158	0.01122	0.06698	0.00405	0.00294	0.00101	0.00258	0.00328	0.00267	0.00430
2	0.00642	0.03907	0.71606	0.02207	0.08681	0.00727	0.03876	0.02195	0.00663	0.00978	0.00558	0.00666	0.00405	0.00289	0.00291	0.00095	0.00438	0.00235	0.01090	0.00450
3	0.02111	0.00400	0.04210	0.00426	0.00536	0.00339	0.00345	0.00710	0.02502	0.09965	0.70080	0.02048	0.03974	0.00579	0.00349	0.00096	0.00173	0.00505	0.00328	0.00323
4	0.00572	0.00426	0.00548	0.00515	0.00598	0.02771	0.00404	0.10715	0.00629	0.02679	0.00816	0.01129	0.00728	0.03252	0.65754	0.00393	0.01897	0.00316	0.05548	0.00310
5	0.01302	0.00516	0.00692	0.00538	0.00765	0.00453	0.00442	0.01449	0.04197	0.80046	0.03085	0.01123	0.03130	0.00396	0.00311	0.00095	0.00254	0.00324	0.00373	0.00507
6	0.00405	0.00299	0.00380	0.00439	0.02337	0.00280	0.00289	0.02225	0.00617	0.00814	0.04520	0.63577	0.13009	0.08698	0.00485	0.00134	0.00191	0.00768	0.00275	0.00256
7	0.66853	0.00647	0.00569	0.02780	0.00712	0.00740	0.00402	0.20296	0.00736	0.02157	0.00512	0.00571	0.00385	0.00305	0.00220	0.00094	0.00263	0.00196	0.01188	0.00376
8	0.02468	0.03296	0.03838	0.02442	0.13409	0.00769	0.65569	0.00965	0.00707	0.00981	0.00600	0.00792	0.00460	0.00262	0.00340	0.00099	0.00476	0.00332	0.00154	0.02042
9	0.00668	0.02792	0.00857	0.02050	0.00786	0.04923	0.01642	0.05073	0.00550	0.00793	0.00523	0.00800	0.00495	0.02349	0.18935	0.00204	0.55795	0.00279	0.00151	0.00332
10	0.00366	0.00311	0.00316	0.00318	0.00421	0.00261	0.00241	0.00446	0.00698	0.00830	0.03052	0.02962	0.84395	0.00777	0.00364	0.00105	0.00159	0.03434	0.00284	0.00259
11	0.00820	0.02919	0.00740	0.15696	0.01934	0.00683	0.00514	0.35532	0.00944	0.01338	0.00749	0.00893	0.00583	0.03390	0.02588	0.00105	0.03411	0.00278	0.22955	0.03928
12	0.00478	0.00345	0.00477	0.01457	0.00623	0.00343	0.00467	0.00609	0.00694	0.00899	0.01686	0.10401	0.05900	0.00846	0.00416	0.00137	0.00268	0.73393	0.00281	0.00279
13	0.01143	0.00843	0.00907	0.00697	0.00939	0.00931	0.00575	0.83541	0.01411	0.01894	0.00733	0.00741	0.00524	0.00399	0.01819	0.00098	0.00343	0.00275	0.00302	0.01886
14	0.01237	0.00541	0.00704	0.00546	0.00779	0.00484	0.00447	0.02364	0.09994	0.69366	0.01144	0.01011	0.00745	0.00368	0.00301	0.00091	0.00256	0.00300	0.00352	0.08968
15	0.00712	0.09196	0.01003	0.00776	0.00821	0.06498	0.02085	0.00787	0.00515	0.00743	0.00419	0.00653	0.00406	0.00505	0.01772	0.00126	0.71038	0.00254	0.00136	0.01555
16	0.00758	0.00727	0.01242	0.01879	0.87334	0.00727	0.00939	0.00939	0.00697	0.01000	0.00576	0.00758	0.00485	0.00273	0.00303	0.00091	0.00364	0.00273	0.00152	0.00485
17	0.01307	0.00506	0.00689	0.00533	0.00758	0.00438	0.00438	0.01427	0.00875	0.81422	0.07306	0.01130	0.00909	0.00396	0.00312	0.00095	0.00252	0.00325	0.00376	0.00504
18	0.00591	0.00564	0.00973	0.81300	0.04891	0.00686	0.05115	0.00797	0.00620	0.00799	0.00549	0.00815	0.00413	0.00303	0.00309	0.00102	0.00412	0.00276	0.00137	0.00348
19	0.00579	0.00544	0.00912	0.81782	0.05810	0.00668	0.00834	0.00778	0.00619	0.00793	0.00630	0.00884	0.03271	0.00320	0.00308	0.00102	0.00398	0.00284	0.00142	0.00344
20	0.03842	0.00322	0.00392	0.00372	0.00454	0.00298	0.00280	0.00563	0.00820	0.01154	0.67510	0.02960	0.18624	0.00643	0.00355	0.00098	0.00150	0.00559	0.00321	0.00284
21	0.00363	0.00308	0.00314	0.00317	0.00415	0.00258	0.00236	0.00440	0.00694	0.00829	0.04048	0.07314	0.81858	0.00783	0.00363	0.00104	0.00156	0.00656	0.00285	0.00258
22	0.00825	0.87662	0.01589	0.00529	0.00789	0.02954	0.00525	0.00923	0.00627	0.00721	0.00426	0.00492	0.00393	0.00263	0.00198	0.00066	0.00332	0.00164	0.00131	0.00392
23	0.00715	0.00836	0.03992	0.03561	0.01598	0.00772	0.80932	0.00972	0.00715	0.00972	0.00613	0.00819	0.00460	0.00263	0.00364	0.00103	0.01392	0.00354	0.00153	0.00411
24	0.00364	0.00311	0.00313	0.00315	0.00417	0.00260	0.00237	0.00443	0.00698	0.00828	0.03074	0.02955	0.85655	0.00776	0.00363	0.00104	0.00157	0.02186	0.00284	0.00259
25	0.00573	0.00538	0.00905	0.86526	0.02071	0.00670	0.00837	0.00774	0.00611	0.00782	0.00570	0.02802	0.00444	0.00321	0.00308	0.00103	0.00403	0.00285	0.00139	0.00338
26	0.84603	0.00603	0.02172	0.03591	0.00657	0.00679	0.00365	0.00887	0.00524	0.01328	0.00435	0.00520	0.00339	0.00300	0.00215	0.01846	0.00248	0.00173	0.00185	0.00330
27	0.00578	0.00518	0.00851	0.77954	0.01904	0.00641	0.00780	0.00774	0.00613	0.00820	0.00591	0.00849	0.00448	0.00314	0.00305	0.00099	0.01515	0.00273	0.09838	0.00334
28	0.01121	0.00824	0.00884	0.00682	0.00913	0.00911	0.00558	0.81234	0.01380	0.01850	0.00748	0.00810	0.00556	0.05626	0.00380	0.00104	0.00334	0.00286	0.00299	0.00501
29	0.00437	0.00328	0.00492	0.00492	0.00547	0.00383	0.00383	0.00547	0.00492	0.00710	0.00820	0.01202	0.00765	0.02295	0.88031	0.00492	0.00820	0.00328	0.00164	0.00273
30	0.00637	0.02708	0.74440	0.02839	0.02333	0.00697	0.04042	0.00964	0.00658	0.03528	0.02705	0.00715	0.00470	0.00329	0.01559	0.00102	0.00443	0.00244	0.00144	0.00443
31	0.00631	0.02967	0.77425	0.00913	0.04428	0.00724	0.04429	0.00985	0.02930	0.00975	0.00569	0.00668	0.00409	0.00292	0.00293	0.00097	0.00444	0.00235	0.00136	0.00452
32	0.00826	0.00649	0.00698	0.00617	0.00798	0.00737	0.00483	0.03338	0.77156	0.09214	0.01232	0.01124	0.00910	0.00411	0.00311	0.00103	0.00246	0.00341	0.00318	0.00489
33	0.00374	0.00267	0.00357	0.00428	0.00446	0.00250	0.00286	0.00428	0.00587	0.00783	0.01686	0.88099	0.02021	0.00958	0.00391	0.00124	0.00179	0.01802	0.00284	0.00249
34	0.00492	0.00363	0.00507	0.05364	0.00699	0.00370	0.00490	0.00647	0.02633	0.00911	0.02839	0.07616	0.04554	0.00807	0.00409	0.00135	0.00276	0.70324	0.00275	0.00287
35	0.00367	0.00308	0.00319	0.00321	0.00418	0.00260	0.00239	0.00447	0.00702	0.00850	0.08385	0.07575	0.77211	0.00776	0.00363	0.00104	0.00156	0.00652	0.00288	0.00260
36	0.00373	0.00266	0.00355	0.00426	0.00444	0.00249	0.00284	0.00426	0.00586	0.00781	0.01687	0.89044	0.02024	0.00959	0.00391	0.00124	0.00178	0.00870	0.00284	0.00249
37	0.00643	0.05187	0.79497	0.00884	0.04068	0.00727	0.01085	0.00977	0.00652	0.02744	0.00559	0.00651	0.00399	0.00291	0.00288	0.00095	0.00440	0.00227	0.00135	0.00452
38	0.00396	0.00273	0.00361	0.00423	0.00446	0.00255	0.00283	0.00449	0.00586	0.02517	0.01657	0.82708	0.02658	0.04861	0.00441	0.00131	0.00184	0.00838	0.00282	0.00251
39	0.00490	0.00351	0.00488	0.00557	0.00628	0.00350	0.00486	0.00629	0.00704	0.00914	0.01660	0.03439	0.04023	0.00844	0.00421	0.00140	0.00278	0.83034	0.00282	0.00281
40	0.00641	0.00551	0.00646	0.00465	0.00730	0.00428	0.00373	0.01669	0.00639	0.01000	0.00542	0.00637	0.00453	0.00236	0.00248	0.00048	0.02547	0.00185	0.00181	0.87782
41	0.00447	0.00335	0.00491	0.00487	0.00538	0.00391	0.00376	0.00549	0.00492	0.00713	0.00820	0.01231	0.00775	0.06972	0.79198	0.00463	0.03136	0.00332	0.01984	0.00270
42	0.02205	0.00605	0.05671	0.81147	0.02032	0.00683	0.01822	0.00797	0.00613	0.00805	0.00543	0.00801	0.00406	0.00304	0.00304	0.00102	0.00409	0.00269	0.00137	0.00347
43	0.08226	0.00549	0.02953	0.03433	0.00803	0.00489	0.00462	0.01353	0.05786	0.65073	0.04913	0.01083	0.02694	0.00388	0.00302	0.00096	0.00260	0.00314	0.00342	0.00480
44	0.00594	0.00320	0.00340	0.03572	0.00451	0.00330	0.00257	0.04387	0.00672	0.01153	0.00967	0.01113	0.00759	0.00394	0.01982	0.00082	0.00174	0.00285	0.81872	0.00297
45	0.00464	0.01540	0.00527	0.00504	0.00560	0.00424	0.00393	0.01988	0.00507	0.00728	0.00800	0.01189	0.00752	0.05042	0.78867	0.00458	0.04484	0.00326	0.00165	0.00279
46	0.00671	0.01755	0.00670	0.00494	0.02087	0.00458	0.00388	0.05054	0.02935	0.01677	0.00589	0.01727	0.00490	0.00250	0.00236	0.00051	0.00236	0.00201	0.00192	0.79838
47	0.00365	0.00308	0.00315	0.00318	0.00416	0.00259	0.00237	0.00443	0.00698	0.00838	0.05807	0.06786	0.80611	0.00778	0.00363	0.00104	0.00156	0.00653	0.00286	0.00259
48	0.00415	0.00285	0.00346	0.00375	0.00384	0.00278	0.00230	0.00439	0.00504	0.00674	0.01261	0.38108	0.01484	0.50859	0.02811	0.00229	0.00258	0.00619	0.00226	0.00213
49	0.00756	0.02007	0.01261	0.02518	0.83025	0.00735	0.03317	0.00939	0.00696	0.00994	0.00575	0.00756	0.00482	0.00272	0.00303	0.00091	0.00368	0.00274	0.00151	0.00480
50	0.00374	0.00267	0.00356	0.00425	0.00444	0.00249	0.00284	0.00429	0.00591	0.00789	0.03199	0.87509	0.02040	0.00953	0.00390	0.00124	0.00177	0.00864	0.00285	0.00249
51	0.00417	0.00310	0.00389	0.00374	0.00449	0.00281	0.00278	0.00545	0.00822	0.01133	0.67700	0.06798	0.18033	0.00669	0.00363	0.00099	0.00148	0.00586	0.00325	0.00281
52	0.00505	0.02171	0.00549	0.00511	0.00585	0.01609	0.00402	0.06588	0.00566	0.00797	0.00801	0.01147	0.00736	0.02093	0.78932	0.00450	0.00772	0.00319	0.00173	0.00294
53	0.01148	0.00837	0.00899	0.00692	0.00930	0.00923	0.00569	0.82591	0.01403	0.03324	0.00749	0.00774	0.00540	0.02753	0.00340	0.00097	0.00334	0.00281	0.00304	0.00512
54	0.01348	0.00515	0.00702	0.00540	0.00773	0.00446	0.00446	0.01467	0.00876	0.85221	0.03523	0.01075	0.00815	0.00385	0.00309	0.00095	0.00257	0.00314	0.00378	0.00515
55	0.01328	0.00511	0.00696	0.00537	0.00766	0.00442	0.00442	0.01447	0.00876	0.83364	0.05373	0.01102	0.00861	0.00391	0.00310	0.00095	0.00255	0.00320	0.00377	0.00510
56	0.01341	0.00538	0.00717	0.00553	0.00788	0.00480	0.00456	0.04462	0.04381	0.81054	0.01193	0.01035	0.00757	0.00380	0.00308	0.00095	0.00262	0.00308	0.00374	0.00519
57	0.01143	0.01459	0.00867	0.00788	0.00946	0.88015	0.00591	0.01222	0.00867	0.00749	0.00473	0.00552	0.00394	0.00315	0.00276	0.00079	0.00552	0.00197	0.00158	0.00355
58	0.10901	0.00528	0.00683	0.00530	0.00761	0.00475	0.00437	0.01429	0.00838	0.78427	0.01125	0.00984	0.00713	0.00369	0.00295	0.00095	0.00258	0.00293	0.00359	0.00501
59	0.01017	0.00929	0.00898	0.08121	0.09590	0.22101	0.00619	0.44315	0.01108	0.01381	0.00795	0.00844	0.06173	0.00367	0.00302	0.00090	0.00386	0.00280	0.00239	0.00444
60	0.00666	0.00671	0.01586	0.02706	0.00833	0.02258	0.01697	0.00743	0.00486	0.00747	0.00432	0.00697	0.00420	0.00579	0.03878	0.00143	0.79409	0.00270	0.01444	0.00334
61	0.01143	0.01459	0.00867	0.00788	0.00946	0.88015	0.00591	0.01222	0.00867	0.00749	0.00473	0.00552	0.00394	0.00315	0.00276	0.00079	0.00552	0.00197	0.00158	0.00355
62	0.00544	0.00437	0.00668	0.05219	0.16143	0.00440	0.02958	0.00689	0.01605	0.00905	0.01389	0.05495	0.06062	0.00704	0.00419	0.03688	0.00298	0.51778	0.00242	0.00318
63	0.60925	0.10153	0.05206	0.04312	0.01497	0.06864	0.00454	0.05757	0.00620	0.01242	0.00460	0.00538	0.00361	0.00290	0.00214	0.00091	0.00294	0.00183	0.00182	0.00358
64	0.00466	0.00320	0.00371	0.00377	0.00395	0.00320	0.00232	0.05144	0.00535	0.00713	0.01131	0.23574	0.01307	0.62426	0.01199	0.00243	0.00269	0.00541	0.00217	0.00220
65	0.01019	0.11737	0.04846	0.00861	0.09567	0.60870	0.00638	0.01648	0.02245	0.00801	0.00526	0.00656	0.00448	0.00320	0.00275	0.00081	0.00489	0.02435	0.00159	0.00378
66	0.00664	0.02037	0.56445	0.01187	0.26193	0.00724	0.06527	0.00961	0.00666	0.00977	0.00560	0.00689	0.00421	0.00283	0.00298	0.00095	0.00430	0.00248	0.00137	0.00459
67	0.05223	0.04321	0.05867	0.03084	0.04815	0.00625	0.00534	0.08013	0.18692	0.41374	0.01684	0.02878	0.00741	0.00379	0.00299	0.00096	0.00282	0.00307	0.00306	0.00481
68	0.02027	0.03984	0.00892	0.03091	0.02384	0.33621	0.00582	0.37679	0.04403	0.01285	0.00633	0.00696	0.00490	0.00443	0.04762	0.00108	0.02019	0.00246	0.00226	0.00429
69	0.00376	0.00268	0.00354	0.00422	0.00439	0.00251	0.00280	0.00427	0.00580	0.00774	0.01658	0.85512	0.01987	0.04541	0.00438	0.00131	0.00182	0.00853	0.00280	0.00246
70	0.00426	0.00325	0.00401	0.00411	0.03552	0.00297	0.00283	0.00534	0.00760	0.01025	0.49190	0.02386	0.26845	0.11633	0.00507	0.00123	0.00174	0.00557	0.00296	0.00274
71	0.00363	0.00309	0.00312	0.00313	0.00414	0.00258	0.00234	0.00440	0.00697	0.00829	0.03792	0.04283	0.85166	0.00777	0.00362	0.00104	0.00155	0.00649	0.00285	0.00258
72	0.01052	0.00793	0.00846	0.01723	0.00903	0.01581	0.00547	0.70066	0.08270	0.01754	0.00965	0.02069	0.07191	0.00409	0.00312	0.00094	0.00316	0.00316	0.00301	0.00491
73	0.00749	0.00750	0.03488	0.03460	0.76887	0.00729	0.05605	0.00954	0.02574	0.01000	0.00591	0.00768	0.00490	0.00276	0.00306	0.00092	0.00372	0.00278	0.00154	0.00477
74	0.01320	0.00514	0.00697	0.00539	0.00767	0.00448	0.00443	0.01453	0.02439	0.82139	0.05029	0.01099	0.00856	0.00390	0.00310	0.00095	0.00255	0.00319	0.00376	0.00510
75	0.00633	0.01498	0.79076	0.00879	0.01311	0.00713	0.05222	0.01002	0.04115	0.01903	0.00588	0.00679	0.00417	0.00295	0.00295	0.00097	0.00445	0.00238	0.00140	0.00452
76	0.00454	0.00318	0.00416	0.00389	0.00465	0.00292	0.00292	0.00598	0.00867	0.03170	0.85238	0.02258	0.02840	0.00620	0.00360	0.00096	0.00147	0.00548	0.00338	0.00294
77	0.01128	0.03741	0.00886	0.00773	0.00939	0.78773	0.00587	0.06147	0.02765	0.00828	0.00504	0.00574	0.00413	0.00319	0.00276	0.00080	0.00527	0.00204	0.00169	0.00368
78	0.00638	0.01486	0.77710	0.00941	0.06039	0.00711	0.04978	0.00976	0.00656	0.02280	0.00564	0.00666	0.00402	0.00290	0.00295	0.00097	0.00447	0.00236	0.00135	0.00453
79	0.78118	0.00627	0.00516	0.00445	0.00643	0.00719	0.00367	0.12491	0.00650	0.02452	0.00477	0.00536	0.00362	0.00297	0.00207	0.00094	0.00251	0.00182	0.00207	0.00359
80	0.03771	0.00713	0.00718	0.02126	0.03604	0.08465	0.00502	0.04638	0.57212	0.01762	0.01115	0.01072	0.04595	0.00404	0.00325	0.00098	0.03251	0.00323	0.00272	0.05033
81	0.00812	0.00679	0.00698	0.00622	0.00798	0.04278	0.00484	0.02571	0.76000	0.06379	0.01232	0.01133	0.02104	0.00414	0.00310	0.00102	0.00256	0.00341	0.00309	0.00479
82	0.01455	0.00347	0.00451	0.02736	0.00551	0.00331	0.00343	0.03012	0.00806	0.05675	0.50369	0.13392	0.07163	0.00673	0.00365	0.00106	0.00186	0.11422	0.00315	0.00302
83	0.00758	0.00727	0.01242	0.01879	0.87334	0.00727	0.00939	0.00939	0.00697	0.01000	0.00576	0.00758	0.00485	0.00273	0.00303	0.00091	0.00364	0.00273	0.00152	0.00485
84	0.00726	0.00695	0.01185	0.17072	0.72387	0.00719	0.00924	0.00912	0.00682	0.00962	0.00570	0.00768	0.00471	0.00279	0.00304	0.00093	0.00371	0.00273	0.00149	0.00459
85	0.00397	0.00279	0.00360	0.00415	0.00433	0.00265	0.00272	0.01534	0.00572	0.00763	0.01545	0.73132	0.01841	0.14533	0.00582	0.01583	0.00199	0.00788	0.00267	0.00241
86	0.00756	0.00732	0.01268	0.01852	0.83458	0.00729	0.04796	0.00941	0.00698	0.00999	0.00578	0.00761	0.00484	0.00272	0.00306	0.00091	0.00370	0.00277	0.00152	0.00482
87	0.00660	0.00546	0.00639	0.00458	0.00729	0.00414	0.00367	0.01565	0.00649	0.03431	0.00564	0.00647	0.00462	0.00232	0.00230	0.00047	0.00229	0.00186	0.00188	0.87757
88	0.02410	0.00559	0.00953	0.82377	0.02052	0.00685	0.05108	0.00794	0.00616	0.00804	0.00545	0.00810	0.00409	0.00303	0.00306	0.00102	0.00410	0.00274	0.00138	0.00343
89	0.01361	0.00524	0.00710	0.00546	0.00782	0.00456	0.00451	0.01494	0.02598	0.85817	0.01208	0.01044	0.00761	0.00380	0.00308	0.00095	0.00260	0.00309	0.00377	0.00520
90	0.00587	0.00557	0.00952	0.83509	0.04751	0.00684	0.03103	0.00792	0.00618	0.00794	0.00547	0.00814	0.00412	0.00304	0.00307	0.00102	0.00409	0.00274	0.00137	0.00346
91	0.91406	0.00592	0.00450	0.00402	0.00592	0.00687	0.00331	0.00900	0.00521	0.01373	0.00426	0.00497	0.00331	0.00284	0.00189	0.00095	0.00237	0.00166	0.00189	0.00331
92	0.00581	0.00549	0.00930	0.86374	0.02087	0.00684	0.01983	0.00784	0.00612	0.00784	0.00543	0.00814	0.00409	0.00308	0.00314	0.00102	0.01391	0.00273	0.00136	0.00341

[dist]
# distance from previous block
# <min> <max>
0	3

[block]
# block no. 1 follows, 94 sequences, length 22
# corresponding to MSA columns:
# 147-168
name=unknown_B
#
# <colnr> <probs for GDERKNQSTAVLIFYWHMCP>
#	G	D	E	R	K	N	Q	S	T	A	V	L	I	F	Y	W	H	M	C	P
0	0.22350	0.00783	0.00769	0.00612	0.00832	0.04928	0.00501	0.54555	0.01136	0.05596	0.00721	0.00734	0.02025	0.00353	0.00276	0.00092	0.00311	0.00254	0.02715	0.00457
1	0.00456	0.00340	0.00498	0.00493	0.00550	0.00394	0.00382	0.02680	0.00514	0.00737	0.00822	0.01214	0.00769	0.04790	0.83317	0.00476	0.00792	0.00330	0.00168	0.00277
2	0.00656	0.00501	0.00621	0.00485	0.00700	0.00406	0.02637	0.03736	0.00673	0.07640	0.00849	0.19662	0.00817	0.00401	0.00274	0.00069	0.00230	0.00347	0.00222	0.59072
3	0.00364	0.00309	0.00313	0.00314	0.00415	0.00259	0.00235	0.00442	0.00699	0.00834	0.04871	0.04934	0.83420	0.00776	0.00362	0.00104	0.00155	0.00649	0.00285	0.00259
4	0.00738	0.00706	0.01196	0.11211	0.76332	0.00723	0.00920	0.00937	0.02474	0.00982	0.00586	0.00772	0.00486	0.00279	0.00304	0.00092	0.00366	0.00274	0.00153	0.00469
5	0.00588	0.00554	0.00936	0.83724	0.06815	0.00683	0.00855	0.00791	0.00617	0.00794	0.00546	0.00813	0.00412	0.00304	0.00306	0.00101	0.00406	0.00272	0.00137	0.00348
6	0.00717	0.00596	0.00727	0.11666	0.00937	0.00565	0.00479	0.12815	0.05512	0.02354	0.00617	0.00718	0.00491	0.00324	0.01945	0.00076	0.04758	0.00224	0.00200	0.54277
7	0.00805	0.00663	0.00704	0.00624	0.00803	0.00759	0.00488	0.05959	0.79159	0.04579	0.01218	0.01117	0.00906	0.00411	0.00311	0.00103	0.00248	0.00341	0.00314	0.00488
8	0.00571	0.00285	0.00285	0.00285	0.00357	0.00285	0.00214	0.00713	0.00642	0.01141	0.00998	0.01141	0.00784	0.00357	0.00214	0.00071	0.00143	0.00285	0.90943	0.00285
9	0.00718	0.00736	0.00935	0.02451	0.00851	0.08403	0.01895	0.02957	0.00534	0.00772	0.00430	0.00676	0.00412	0.00538	0.02552	0.00134	0.74261	0.00265	0.00141	0.00341
10	0.00366	0.00311	0.00317	0.00320	0.00421	0.00261	0.00242	0.00445	0.00696	0.00829	0.03025	0.04676	0.82787	0.00781	0.00364	0.00105	0.00160	0.03352	0.00284	0.00259
11	0.00743	0.00649	0.00737	0.16458	0.01032	0.02100	0.00551	0.05481	0.63524	0.01200	0.01095	0.03419	0.00841	0.00406	0.00312	0.00103	0.00280	0.00341	0.00276	0.00452
12	0.00362	0.00308	0.00312	0.00315	0.00415	0.00258	0.00235	0.00439	0.00693	0.00825	0.03036	0.06861	0.83336	0.00783	0.00363	0.00104	0.00156	0.00656	0.00284	0.00258
13	0.02194	0.00419	0.06736	0.01713	0.00553	0.00335	0.00361	0.00633	0.00834	0.03330	0.72804	0.02105	0.05633	0.00590	0.00351	0.00097	0.00176	0.00516	0.00315	0.00307
14	0.00378	0.00270	0.00360	0.00423	0.00445	0.00252	0.00284	0.00439	0.00609	0.00818	0.08684	0.81943	0.02095	0.00932	0.00388	0.00122	0.00175	0.00844	0.00288	0.00252
15	0.00720	0.00760	0.07063	0.13447	0.49182	0.00729	0.08840	0.01024	0.13215	0.01007	0.00671	0.00820	0.00531	0.00298	0.00309	0.00096	0.00372	0.00288	0.00171	0.00456
16	0.00833	0.79954	0.01522	0.00548	0.00796	0.06315	0.00530	0.00950	0.02929	0.00737	0.00450	0.00516	0.00407	0.00275	0.00222	0.00069	0.02248	0.00173	0.00137	0.00392
17	0.00478	0.00399	0.00437	0.02060	0.00555	0.00399	0.00324	0.00767	0.23426	0.00966	0.08332	0.17689	0.41625	0.00693	0.00352	0.00107	0.00186	0.00593	0.00292	0.00320
18	0.01082	0.08756	0.03102	0.00659	0.00896	0.00877	0.00560	0.60287	0.04534	0.09940	0.00786	0.01990	0.00579	0.01280	0.03167	0.00106	0.00341	0.00282	0.00287	0.00491
19	0.00446	0.00330	0.02702	0.00412	0.00455	0.00295	0.00290	0.00515	0.01651	0.03186	0.15185	0.40639	0.03577	0.23052	0.02282	0.03611	0.00227	0.00636	0.00259	0.00251
20	0.00653	0.10759	0.09009	0.02718	0.00758	0.10216	0.00514	0.05260	0.01327	0.03343	0.01391	0.02462	0.00664	0.04363	0.41918	0.00286	0.02500	0.00293	0.00174	0.01392
21	0.00680	0.04966	0.55670	0.03127	0.10381	0.01704	0.04858	0.00974	0.02256	0.04880	0.00597	0.00712	0.00444	0.00379	0.03700	0.00112	0.03723	0.00247	0.00150	0.00440

[dist]
# distance from previous block
# <min> <max>
1	69

# created by:
# /share/home/app/bin/augustus-3.3.1/scripts/msa2prfl.pl /dev/shm/tmp/pt-rosids/msas/rpl22.aln --setname=rpl22
