[name]
rpl23

[dist]
# distance from previous block
# <min> <max>
0	0

[block]
# block no. 0 follows, 126 sequences, length 63
# corresponding to MSA columns:
# 0-62
name=unknown_A
#
# <colnr> <probs for GDERKNQSTAVLIFYWHMCP>
#	G	D	E	R	K	N	Q	S	T	A	V	L	I	F	Y	W	H	M	C	P
0	0.00385	0.00275	0.00385	0.00440	0.00495	0.00275	0.00385	0.00495	0.00550	0.00715	0.01265	0.02696	0.01375	0.00660	0.00330	0.00110	0.00220	0.88502	0.00220	0.00220
1	0.00665	0.82458	0.01193	0.00430	0.00626	0.10139	0.00414	0.00740	0.00505	0.00565	0.00336	0.00388	0.00307	0.00209	0.00160	0.00052	0.00274	0.00130	0.00104	0.00304
2	0.90550	0.00461	0.00362	0.02991	0.00497	0.00536	0.00271	0.00700	0.00409	0.01059	0.00335	0.00396	0.00261	0.00222	0.00151	0.00074	0.00189	0.00132	0.00147	0.00259
3	0.00282	0.00242	0.00242	0.00242	0.00323	0.00202	0.00182	0.00343	0.00545	0.00646	0.02421	0.02300	0.90014	0.00605	0.00282	0.00081	0.00121	0.00504	0.00222	0.00202
4	0.00591	0.00569	0.00970	0.01420	0.84351	0.00570	0.03592	0.00752	0.03411	0.00787	0.00467	0.00603	0.00389	0.00216	0.00238	0.00072	0.00285	0.00217	0.00122	0.00377
5	0.00348	0.02245	0.00403	0.00385	0.00431	0.00313	0.00301	0.00433	0.00386	0.00555	0.00633	0.00927	0.00591	0.01758	0.88687	0.00377	0.00632	0.00253	0.00127	0.00215
6	0.00961	0.00394	0.00522	0.00408	0.00574	0.00347	0.00331	0.03638	0.01337	0.74488	0.03946	0.00936	0.04158	0.05447	0.00298	0.00083	0.00200	0.00262	0.00280	0.01390
7	0.00338	0.00244	0.00319	0.00301	0.00357	0.00225	0.00225	0.00451	0.00676	0.00958	0.89984	0.01785	0.02255	0.00489	0.00282	0.00075	0.00113	0.00432	0.00263	0.00225
8	0.00343	0.00233	0.00271	0.00271	0.00281	0.00229	0.00162	0.00365	0.00409	0.00555	0.16128	0.05509	0.01138	0.71978	0.01016	0.00199	0.00207	0.00377	0.00169	0.00161
9	0.00594	0.00513	0.00540	0.00486	0.00621	0.00594	0.00378	0.01270	0.89679	0.01000	0.00973	0.00892	0.00730	0.00324	0.00243	0.00081	0.00189	0.00270	0.00243	0.00378
10	0.03621	0.86622	0.02064	0.00411	0.00614	0.02241	0.00409	0.00719	0.00486	0.00581	0.00334	0.00385	0.00305	0.00206	0.00155	0.00052	0.00257	0.00129	0.00104	0.00305
11	0.00591	0.00568	0.00970	0.01467	0.90110	0.00568	0.00733	0.00733	0.00544	0.00781	0.00450	0.00591	0.00379	0.00213	0.00237	0.00071	0.00284	0.00213	0.00118	0.00379
12	0.05411	0.00659	0.00699	0.00538	0.00728	0.00731	0.00445	0.84995	0.01089	0.01485	0.00562	0.00565	0.00399	0.00284	0.00235	0.00072	0.00259	0.00211	0.00235	0.00399
13	0.00302	0.00254	0.00259	0.00255	0.00337	0.00218	0.00192	0.02421	0.01311	0.00681	0.05998	0.03089	0.82677	0.00592	0.00281	0.00080	0.00125	0.00494	0.00224	0.00209
14	0.02234	0.00420	0.00698	0.86947	0.01590	0.00522	0.00645	0.00605	0.00476	0.00619	0.00446	0.02969	0.00350	0.00252	0.00239	0.00080	0.00311	0.00223	0.00110	0.00264
15	0.00291	0.00208	0.00277	0.00333	0.00347	0.00194	0.00222	0.00333	0.00458	0.00610	0.01317	0.91445	0.01581	0.00749	0.00305	0.00097	0.00139	0.00679	0.00222	0.00194
16	0.00306	0.00219	0.00288	0.00337	0.00356	0.00207	0.00227	0.02400	0.00476	0.00635	0.02390	0.88233	0.01562	0.00735	0.00303	0.00096	0.00141	0.00666	0.00223	0.00199
17	0.57237	0.00396	0.00375	0.01691	0.03851	0.00435	0.00278	0.00635	0.00478	0.04806	0.15690	0.11023	0.00778	0.00334	0.00199	0.00077	0.00174	0.01103	0.00181	0.00256
18	0.00590	0.00571	0.00988	0.01448	0.86387	0.00569	0.04442	0.00735	0.00545	0.00780	0.00451	0.00594	0.00378	0.00212	0.00238	0.00071	0.00289	0.00216	0.00118	0.00376
19	0.00893	0.01139	0.00677	0.00616	0.00739	0.90642	0.00462	0.00954	0.00677	0.00585	0.00369	0.00431	0.00308	0.00246	0.00215	0.00062	0.00431	0.00154	0.00123	0.00277
20	0.00563	0.00639	0.01386	0.02285	0.04112	0.00602	0.85153	0.00762	0.00562	0.00764	0.00482	0.00643	0.00363	0.00202	0.00280	0.00080	0.00398	0.00279	0.00121	0.00323
21	0.00341	0.00256	0.00384	0.00384	0.00427	0.00299	0.00299	0.00427	0.00384	0.00555	0.00640	0.00939	0.00597	0.01792	0.90654	0.00384	0.00640	0.00256	0.00128	0.00213
22	0.00594	0.00513	0.00540	0.00486	0.00621	0.00594	0.00378	0.01270	0.89679	0.01000	0.00973	0.00892	0.00730	0.00324	0.00243	0.00081	0.00189	0.00270	0.00243	0.00378
23	0.00701	0.00509	0.00554	0.00449	0.00571	0.00556	0.00347	0.56651	0.00841	0.01128	0.00644	0.02249	0.00578	0.29652	0.03389	0.00133	0.00263	0.00266	0.00205	0.00313
24	0.00893	0.01139	0.00677	0.00616	0.00739	0.90642	0.00462	0.00954	0.00677	0.00585	0.00369	0.00431	0.00308	0.00246	0.00215	0.00062	0.00431	0.00154	0.00123	0.00277
25	0.00338	0.00244	0.00319	0.00301	0.00357	0.00225	0.00225	0.00451	0.00676	0.00958	0.89984	0.01785	0.02255	0.00489	0.00282	0.00075	0.00113	0.00432	0.00263	0.00225
26	0.00479	0.01236	0.90363	0.00681	0.01034	0.00555	0.00883	0.00757	0.00505	0.00757	0.00429	0.00505	0.00303	0.00227	0.00227	0.00076	0.00353	0.00177	0.00101	0.00353
27	0.00908	0.00669	0.00717	0.00550	0.00741	0.00741	0.00454	0.89314	0.01124	0.01506	0.00574	0.00574	0.00406	0.00287	0.00239	0.00072	0.00263	0.00215	0.00239	0.00406
28	0.91300	0.00470	0.01315	0.01295	0.00481	0.00536	0.00270	0.00702	0.00409	0.01064	0.00335	0.00392	0.00260	0.00222	0.00150	0.00074	0.00188	0.00131	0.00147	0.00260
29	0.00900	0.00648	0.00700	0.00540	0.00726	0.00712	0.00445	0.83664	0.01090	0.05036	0.00606	0.02752	0.00442	0.00298	0.00241	0.00072	0.00258	0.00227	0.00241	0.00401
30	0.00594	0.00513	0.00540	0.00486	0.00621	0.00594	0.00378	0.01270	0.89679	0.01000	0.00973	0.00892	0.00730	0.00324	0.00243	0.00081	0.00189	0.00270	0.00243	0.00378
31	0.00451	0.00425	0.00717	0.91027	0.01646	0.00531	0.00664	0.00611	0.00478	0.00611	0.00425	0.00637	0.00319	0.00239	0.00239	0.00080	0.00319	0.00212	0.00106	0.00265
32	0.00593	0.00512	0.00540	0.00485	0.00621	0.00591	0.00377	0.01261	0.88472	0.00997	0.00965	0.00886	0.00724	0.00322	0.00242	0.00080	0.00189	0.00268	0.00242	0.01633
33	0.00479	0.01236	0.90363	0.00681	0.01034	0.00555	0.00883	0.00757	0.00505	0.00757	0.00429	0.00505	0.00303	0.00227	0.00227	0.00076	0.00353	0.00177	0.00101	0.00353
34	0.00285	0.00242	0.00246	0.00245	0.00325	0.00203	0.00184	0.00349	0.00551	0.00662	0.06924	0.02273	0.85501	0.00599	0.00282	0.00080	0.00121	0.00501	0.00224	0.00203
35	0.00591	0.00568	0.00970	0.01467	0.90110	0.00568	0.00733	0.00733	0.00544	0.00781	0.00450	0.00591	0.00379	0.00213	0.00237	0.00071	0.00284	0.00213	0.00118	0.00379
36	0.00542	0.00540	0.00741	0.02372	0.00663	0.02533	0.01966	0.03440	0.00402	0.00609	0.00328	0.00527	0.00317	0.00404	0.00737	0.00102	0.83190	0.00209	0.00110	0.00267
37	0.00415	0.00208	0.00311	0.00311	0.00311	0.00208	0.00208	0.00311	0.00311	0.00415	0.00415	0.00726	0.00415	0.00830	0.00934	0.93047	0.00208	0.00208	0.00104	0.00104
38	0.00355	0.00248	0.00324	0.00303	0.00361	0.00229	0.00227	0.00465	0.00669	0.03022	0.85977	0.01758	0.02186	0.02465	0.00301	0.00079	0.00117	0.00426	0.00261	0.00228
39	0.00479	0.01236	0.90363	0.00681	0.01034	0.00555	0.00883	0.00757	0.00505	0.00757	0.00429	0.00505	0.00303	0.00227	0.00227	0.00076	0.00353	0.00177	0.00101	0.00353
40	0.00294	0.00212	0.00285	0.01863	0.00368	0.00200	0.00228	0.00338	0.00457	0.00608	0.01296	0.88932	0.01552	0.01731	0.00314	0.00098	0.00143	0.00668	0.00219	0.00195
41	0.00348	0.00232	0.00261	0.00261	0.00261	0.00232	0.00145	0.00348	0.00348	0.00463	0.00753	0.01564	0.00869	0.91601	0.01216	0.00232	0.00232	0.00348	0.00145	0.00145
42	0.00348	0.00232	0.00261	0.00261	0.00261	0.00232	0.00145	0.00348	0.00348	0.00463	0.00753	0.01564	0.00869	0.91601	0.01216	0.00232	0.00232	0.00348	0.00145	0.00145
43	0.93289	0.00462	0.00351	0.00314	0.00462	0.00536	0.00259	0.00702	0.00407	0.01072	0.00333	0.00388	0.00259	0.00222	0.00148	0.00074	0.00185	0.00129	0.00148	0.00259
44	0.00338	0.00244	0.00319	0.00301	0.00357	0.00225	0.00225	0.00451	0.00676	0.00958	0.89984	0.01785	0.02255	0.00489	0.00282	0.00075	0.00113	0.00432	0.00263	0.00225
45	0.00591	0.00568	0.00970	0.01467	0.90110	0.00568	0.00733	0.00733	0.00544	0.00781	0.00450	0.00591	0.00379	0.00213	0.00237	0.00071	0.00284	0.00213	0.00118	0.00379
46	0.00337	0.00244	0.00318	0.00300	0.00356	0.00225	0.00225	0.00449	0.00674	0.00953	0.88570	0.01793	0.03672	0.00490	0.00282	0.00075	0.00113	0.00433	0.00262	0.00225
47	0.00344	0.00306	0.00390	0.00475	0.16267	0.00274	0.01366	0.00422	0.00545	0.00673	0.02010	0.01990	0.70147	0.00533	0.00276	0.00080	0.00157	0.03308	0.00202	0.00235
48	0.01072	0.00407	0.00555	0.00425	0.00610	0.00351	0.00351	0.01165	0.00684	0.90276	0.00943	0.00813	0.00592	0.00296	0.00240	0.00074	0.00203	0.00240	0.00296	0.00407
49	0.00384	0.00274	0.00383	0.00436	0.00491	0.00274	0.00380	0.00494	0.00554	0.00722	0.03863	0.02669	0.01401	0.00655	0.00329	0.00109	0.00217	0.85923	0.00221	0.00220
50	0.00893	0.01139	0.00677	0.00616	0.00739	0.90642	0.00462	0.00954	0.00677	0.00585	0.00369	0.00431	0.00308	0.00246	0.00215	0.00062	0.00431	0.00154	0.00123	0.00277
51	0.00908	0.00669	0.00717	0.00550	0.00741	0.00741	0.00454	0.89314	0.01124	0.01506	0.00574	0.00574	0.00406	0.00287	0.00239	0.00072	0.00263	0.00215	0.00239	0.00406
52	0.00525	0.00527	0.00727	0.00624	0.00626	0.01709	0.00520	0.00578	0.00370	0.00575	0.00318	0.00527	0.00317	0.00432	0.01814	0.00107	0.89130	0.00209	0.00105	0.00261
53	0.00463	0.00447	0.00788	0.81743	0.01605	0.00539	0.09799	0.00627	0.00487	0.00627	0.00431	0.00638	0.00323	0.00235	0.00243	0.00080	0.00327	0.00220	0.00108	0.00271
54	0.00293	0.00211	0.00279	0.00332	0.00349	0.00195	0.00222	0.00336	0.00459	0.00612	0.01320	0.89539	0.02512	0.00741	0.00303	0.00096	0.00139	0.00672	0.00221	0.01169
55	0.00491	0.00420	0.00490	0.00353	0.00561	0.00316	0.00282	0.00595	0.00495	0.00775	0.00446	0.02631	0.00383	0.00190	0.00180	0.00037	0.00176	0.00154	0.00143	0.90882
56	0.81447	0.00452	0.00383	0.08122	0.00562	0.00524	0.00293	0.00686	0.00422	0.01026	0.03198	0.00455	0.00328	0.00231	0.00160	0.00074	0.00194	0.00146	0.00148	0.01149
57	0.00585	0.00561	0.00959	0.05434	0.86192	0.00566	0.00730	0.00728	0.00541	0.00773	0.00448	0.00594	0.00376	0.00214	0.00237	0.00071	0.00285	0.00213	0.00118	0.00374
58	0.83234	0.00465	0.00376	0.01657	0.00491	0.00536	0.00274	0.05634	0.00458	0.01085	0.03764	0.00455	0.00344	0.00236	0.00159	0.00074	0.00188	0.00147	0.00157	0.00266
59	0.00455	0.00429	0.00724	0.88647	0.03997	0.00532	0.00666	0.00614	0.00480	0.00615	0.00425	0.00636	0.00320	0.00238	0.00239	0.00079	0.00318	0.00212	0.00107	0.00268
60	0.00451	0.00425	0.00717	0.91027	0.01646	0.00531	0.00664	0.00611	0.00478	0.00611	0.00425	0.00637	0.00319	0.00239	0.00239	0.00080	0.00319	0.00212	0.00106	0.00265
61	0.00387	0.00281	0.00396	0.01779	0.01966	0.00281	0.00389	0.00497	0.00550	0.00715	0.02049	0.02614	0.03410	0.00644	0.00326	0.00108	0.00219	0.82950	0.00217	0.00223
62	0.80241	0.00457	0.00403	0.13064	0.00629	0.00535	0.00316	0.00690	0.00417	0.01007	0.00346	0.00423	0.00267	0.00224	0.00161	0.00075	0.00204	0.00141	0.00142	0.00260

[dist]
# distance from previous block
# <min> <max>
0	2

[block]
# block no. 1 follows, 126 sequences, length 30
# corresponding to MSA columns:
# 65-94
name=unknown_B
#
# <colnr> <probs for GDERKNQSTAVLIFYWHMCP>
#	G	D	E	R	K	N	Q	S	T	A	V	L	I	F	Y	W	H	M	C	P
0	0.00503	0.00430	0.00510	0.04204	0.00616	0.00337	0.00303	0.02678	0.00510	0.00789	0.00428	0.00503	0.00354	0.00182	0.00181	0.00038	0.00185	0.00146	0.00142	0.86958
1	0.00292	0.00251	0.00252	0.00250	0.00332	0.00214	0.00188	0.00372	0.03359	0.00657	0.02375	0.02255	0.87195	0.00596	0.00281	0.00081	0.00123	0.00497	0.00223	0.00207
2	0.00381	0.00274	0.00385	0.00445	0.01681	0.00273	0.00377	0.00488	0.00547	0.00714	0.02889	0.07855	0.01390	0.00656	0.00326	0.00108	0.00214	0.80552	0.00220	0.00221
3	0.90378	0.00460	0.00358	0.00318	0.00467	0.00530	0.00262	0.00717	0.00415	0.03889	0.00352	0.00402	0.00269	0.00224	0.00151	0.00074	0.00185	0.00133	0.00153	0.00263
4	0.00523	0.00523	0.00732	0.00627	0.00627	0.00732	0.00523	0.00575	0.00366	0.00575	0.00314	0.00523	0.00314	0.00418	0.00784	0.00105	0.91164	0.00209	0.00105	0.00261
5	0.00591	0.00511	0.00544	0.02445	0.00644	0.00593	0.00384	0.01256	0.87749	0.00991	0.00961	0.00886	0.00721	0.00322	0.00243	0.00081	0.00192	0.00269	0.00240	0.00376
6	0.00385	0.00275	0.00385	0.00440	0.00495	0.00275	0.00385	0.00495	0.00550	0.00715	0.01265	0.02696	0.01375	0.00660	0.00330	0.00110	0.00220	0.88502	0.00220	0.00220
7	0.00522	0.00519	0.00722	0.00616	0.00625	0.00714	0.00513	0.00576	0.00371	0.00584	0.00318	0.00522	0.00315	0.00408	0.00759	0.00102	0.87305	0.00206	0.00106	0.04197
8	0.00341	0.00256	0.00384	0.00384	0.00427	0.00299	0.00299	0.00427	0.00384	0.00555	0.00640	0.00939	0.00597	0.01792	0.90654	0.00384	0.00640	0.00256	0.00128	0.00213
9	0.00473	0.00447	0.00757	0.76880	0.15620	0.00537	0.00675	0.00630	0.00488	0.00637	0.00429	0.00630	0.00328	0.00235	0.00239	0.00078	0.00313	0.00212	0.00108	0.00283
10	0.00451	0.00425	0.00717	0.91027	0.01646	0.00531	0.00664	0.00611	0.00478	0.00611	0.00425	0.00637	0.00319	0.00239	0.00239	0.00080	0.00319	0.00212	0.00106	0.00265
11	0.00385	0.00275	0.00385	0.00440	0.00495	0.00275	0.00385	0.00495	0.00550	0.00715	0.01265	0.02696	0.01375	0.00660	0.00330	0.00110	0.00220	0.88502	0.00220	0.00220
12	0.00282	0.00242	0.00242	0.00242	0.00323	0.00202	0.00182	0.00343	0.00545	0.00646	0.02421	0.02300	0.90014	0.00605	0.00282	0.00081	0.00121	0.00504	0.00222	0.00202
13	0.00286	0.00242	0.00247	0.00246	0.00325	0.00203	0.00185	0.00350	0.00554	0.00667	0.08429	0.02265	0.83993	0.00597	0.00282	0.00080	0.00120	0.00499	0.00225	0.00203
14	0.00594	0.00513	0.00540	0.00486	0.00621	0.00594	0.00378	0.01270	0.89679	0.01000	0.00973	0.00892	0.00730	0.00324	0.00243	0.00081	0.00189	0.00270	0.00243	0.00378
15	0.00291	0.00208	0.00277	0.00333	0.00347	0.00194	0.00222	0.00333	0.00458	0.00610	0.01317	0.91445	0.01581	0.00749	0.00305	0.00097	0.00139	0.00679	0.00222	0.00194
16	0.00559	0.00630	0.01347	0.00962	0.01202	0.00585	0.83139	0.00754	0.00559	0.00766	0.00479	0.00634	0.00362	0.00200	0.00275	0.00077	0.00387	0.00272	0.00122	0.06685
17	0.00491	0.00420	0.00491	0.00354	0.00562	0.00316	0.00282	0.00596	0.00495	0.00775	0.00444	0.02463	0.00381	0.00189	0.00180	0.00037	0.00176	0.00153	0.00143	0.91053
18	0.93289	0.00462	0.00351	0.00314	0.00462	0.00536	0.00259	0.00702	0.00407	0.01072	0.00333	0.00388	0.00259	0.00222	0.00148	0.00074	0.00185	0.00129	0.00148	0.00259
19	0.00341	0.00256	0.00384	0.00384	0.00427	0.00299	0.00299	0.00427	0.00384	0.00555	0.00640	0.00939	0.00597	0.01792	0.90654	0.00384	0.00640	0.00256	0.00128	0.00213
20	0.00818	0.00603	0.00662	0.00521	0.00688	0.00669	0.00427	0.75048	0.01004	0.01352	0.00586	0.00642	0.00441	0.01976	0.13307	0.00119	0.00317	0.00223	0.00222	0.00374
21	0.00282	0.00242	0.00242	0.00242	0.00323	0.00202	0.00182	0.00343	0.00545	0.00646	0.02421	0.02300	0.90014	0.00605	0.00282	0.00081	0.00121	0.00504	0.00222	0.00202
22	0.00496	0.00425	0.00496	0.00354	0.00566	0.00319	0.00283	0.00602	0.00496	0.00779	0.00425	0.00496	0.00354	0.00177	0.00177	0.00035	0.00177	0.00142	0.00142	0.93062
23	0.00486	0.00416	0.00484	0.00349	0.00555	0.00313	0.00278	0.00590	0.00498	0.00773	0.00517	0.00579	0.04495	0.00197	0.00182	0.00037	0.00174	0.00158	0.00145	0.88774
24	0.00297	0.00212	0.00277	0.00325	0.00340	0.00198	0.00215	0.00338	0.00457	0.00610	0.04200	0.80173	0.02810	0.07869	0.00375	0.00107	0.00145	0.00643	0.00217	0.00191
25	0.00433	0.00403	0.00654	0.78027	0.01462	0.00491	0.00598	0.00588	0.02026	0.00622	0.00686	0.00851	0.11626	0.00287	0.00244	0.00080	0.00291	0.00250	0.00123	0.00259
26	0.00577	0.00585	0.05052	0.07509	0.73854	0.00567	0.00711	0.00762	0.06587	0.00783	0.00482	0.00611	0.00395	0.00223	0.00237	0.00072	0.00283	0.00215	0.00125	0.00370
27	0.00589	0.00573	0.00927	0.01381	0.82488	0.04055	0.00699	0.00724	0.00545	0.00765	0.00486	0.04781	0.00431	0.00239	0.00239	0.00072	0.00283	0.00232	0.00123	0.00366
28	0.03447	0.00470	0.06820	0.69913	0.03917	0.00506	0.00622	0.01655	0.00490	0.00653	0.00566	0.04240	0.05177	0.00277	0.00240	0.00080	0.00297	0.00241	0.00120	0.00270
29	0.00585	0.00518	0.00540	0.00508	0.03119	0.04070	0.00381	0.01178	0.77593	0.00951	0.00958	0.07078	0.00762	0.00347	0.00246	0.00081	0.00198	0.00292	0.00234	0.00362

[dist]
# distance from previous block
# <min> <max>
0	6

# created by:
# /share/home/app/bin/augustus-3.3.1/scripts/msa2prfl.pl /dev/shm/tmp/pt-rosids/msas/rpl23.aln --setname=rpl23
