[name]
rpl20

[dist]
# distance from previous block
# <min> <max>
0	0

[block]
# block no. 0 follows, 134 sequences, length 70
# corresponding to MSA columns:
# 0-69
name=unknown_A
#
# <colnr> <probs for GDERKNQSTAVLIFYWHMCP>
#	G	D	E	R	K	N	Q	S	T	A	V	L	I	F	Y	W	H	M	C	P
0	0.00365	0.00261	0.00365	0.00417	0.00469	0.00261	0.00365	0.00469	0.00522	0.00678	0.01200	0.02556	0.01304	0.00626	0.00313	0.00104	0.00209	0.89099	0.00209	0.00209
1	0.00553	0.00478	0.00502	0.00453	0.00579	0.00550	0.00352	0.01173	0.87061	0.00936	0.00970	0.00892	0.03851	0.00317	0.00232	0.00077	0.00177	0.00264	0.00230	0.00353
2	0.00428	0.00403	0.00680	0.91493	0.01560	0.00503	0.00629	0.00579	0.00453	0.00579	0.00403	0.00604	0.00302	0.00227	0.00227	0.00076	0.00302	0.00201	0.00101	0.00252
3	0.00318	0.00271	0.00276	0.00267	0.00350	0.00252	0.00201	0.00467	0.14949	0.00660	0.02018	0.01941	0.72888	0.03775	0.00293	0.00082	0.00129	0.00437	0.00211	0.00216
4	0.00505	0.00477	0.00791	0.31407	0.52931	0.00512	0.00635	0.01374	0.03336	0.00692	0.00525	0.00662	0.04702	0.00232	0.00227	0.00071	0.00270	0.00217	0.00118	0.00315
5	0.00429	0.00405	0.00687	0.90527	0.01556	0.00504	0.01580	0.00580	0.00454	0.00580	0.00403	0.00604	0.00302	0.00226	0.00227	0.00076	0.00303	0.00202	0.00101	0.00252
6	0.90332	0.00437	0.00345	0.03533	0.00478	0.00508	0.00259	0.00663	0.00388	0.01001	0.00319	0.00376	0.00247	0.00211	0.00143	0.00070	0.00180	0.00125	0.00139	0.00246
7	0.00353	0.00277	0.00378	0.00373	0.00419	0.03129	0.00290	0.02329	0.00389	0.00550	0.00599	0.00867	0.00554	0.01607	0.85370	0.00345	0.00588	0.00239	0.01139	0.00208
8	0.00293	0.00251	0.00261	0.02298	0.00355	0.00225	0.00196	0.00394	0.06719	0.00642	0.04295	0.02041	0.80152	0.00545	0.00264	0.00076	0.00123	0.00455	0.00210	0.00205
9	0.00977	0.00393	0.00537	0.00439	0.03770	0.00347	0.00345	0.01941	0.02762	0.83133	0.02338	0.00778	0.00581	0.00281	0.00228	0.00070	0.00194	0.00230	0.00272	0.00381
10	0.00437	0.00417	0.00704	0.81405	0.01474	0.00520	0.03755	0.00581	0.00448	0.00581	0.00397	0.00596	0.00303	0.00238	0.00267	0.00077	0.07241	0.00203	0.00101	0.00253
11	0.00442	0.00419	0.00687	0.81500	0.07255	0.01448	0.00619	0.00590	0.00460	0.00595	0.00404	0.00594	0.00307	0.00223	0.00224	0.00073	0.00296	0.00198	0.00103	0.03563
12	0.00444	0.00413	0.00680	0.86163	0.01507	0.00515	0.00619	0.03584	0.00471	0.00607	0.00405	0.00599	0.00305	0.00232	0.00239	0.00076	0.02578	0.00201	0.00105	0.00256
13	0.00431	0.00406	0.00685	0.89552	0.03479	0.00504	0.00631	0.00581	0.00454	0.00582	0.00403	0.00603	0.00303	0.00226	0.00226	0.00075	0.00301	0.00201	0.00101	0.00254
14	0.00595	0.00493	0.01658	0.04077	0.04047	0.02143	0.00385	0.01129	0.72015	0.08324	0.00882	0.00824	0.01807	0.00299	0.00230	0.00075	0.00194	0.00249	0.00221	0.00352
15	0.00550	0.00528	0.00899	0.01345	0.86510	0.00526	0.01584	0.00683	0.00516	0.00736	0.00493	0.00619	0.03557	0.00215	0.00226	0.00068	0.00265	0.00212	0.00116	0.00352
16	0.00336	0.00259	0.00290	0.00294	0.00371	0.00238	0.00233	0.00446	0.07025	0.03689	0.03032	0.04249	0.59148	0.00557	0.00274	0.00082	0.00142	0.18908	0.00214	0.00214
17	0.02573	0.00408	0.00655	0.81181	0.01441	0.00504	0.00594	0.04675	0.00479	0.00637	0.00418	0.00603	0.00314	0.00231	0.00227	0.00074	0.01146	0.00200	0.03382	0.00256
18	0.00314	0.00224	0.00285	0.00321	0.00342	0.00216	0.00216	0.05373	0.00460	0.00614	0.01161	0.78653	0.01375	0.08846	0.00363	0.00102	0.00146	0.00591	0.00205	0.00191
19	0.00357	0.00241	0.00270	0.00261	0.00271	0.00245	0.00152	0.04973	0.00368	0.00491	0.00705	0.01434	0.00801	0.87278	0.01105	0.00212	0.00221	0.00323	0.00142	0.00150
20	0.00899	0.00391	0.00509	0.00404	0.00563	0.00360	0.00329	0.01774	0.13530	0.70606	0.07425	0.00847	0.00693	0.00298	0.00231	0.00071	0.00185	0.00245	0.00271	0.00369
21	0.00833	0.00614	0.00660	0.00510	0.00684	0.00678	0.00420	0.85426	0.01039	0.01394	0.02917	0.02716	0.00457	0.00287	0.00229	0.00069	0.00243	0.00220	0.00227	0.00376
22	0.11971	0.00616	0.00635	0.01743	0.00681	0.02737	0.00410	0.74795	0.02101	0.01341	0.00515	0.00524	0.00369	0.00264	0.00216	0.00068	0.00244	0.00194	0.00212	0.00364
23	0.00379	0.00241	0.00276	0.00265	0.00279	0.00241	0.00158	0.03537	0.00368	0.04233	0.00705	0.01395	0.00784	0.82146	0.01074	0.03086	0.00219	0.00317	0.00145	0.00155
24	0.01650	0.00412	0.00705	0.81309	0.01480	0.00501	0.06452	0.00588	0.00457	0.00601	0.00414	0.00607	0.00312	0.00226	0.00229	0.00075	0.00875	0.00205	0.02648	0.00254
25	0.92317	0.00449	0.01616	0.00303	0.00446	0.00509	0.00254	0.00667	0.00387	0.01012	0.00317	0.00370	0.00246	0.00210	0.00141	0.00070	0.00178	0.00123	0.00140	0.00247
26	0.00989	0.00406	0.00535	0.00413	0.00587	0.00366	0.00340	0.06951	0.04079	0.81486	0.00872	0.00759	0.00554	0.00281	0.00228	0.00070	0.00196	0.00227	0.00275	0.00385
27	0.00486	0.00482	0.00692	0.14003	0.00737	0.00666	0.00515	0.00550	0.00363	0.00550	0.00313	0.00512	0.00298	0.00371	0.00667	0.00096	0.78152	0.00199	0.00099	0.00248
28	0.06850	0.00622	0.00658	0.00507	0.00686	0.00690	0.00419	0.84111	0.01021	0.01401	0.00529	0.00533	0.00376	0.00268	0.00221	0.00068	0.00245	0.00199	0.00221	0.00376
29	0.00466	0.00446	0.00721	0.69649	0.18817	0.02463	0.00631	0.00625	0.02820	0.00619	0.00420	0.00598	0.00323	0.00224	0.00226	0.00074	0.00295	0.00202	0.00107	0.00276
30	0.00283	0.00206	0.00277	0.03525	0.00370	0.00197	0.00222	0.00327	0.00437	0.00581	0.02644	0.83048	0.03371	0.02966	0.00308	0.00094	0.00139	0.00613	0.00205	0.00186
31	0.00590	0.00505	0.00518	0.00462	0.00592	0.03605	0.00360	0.04363	0.80091	0.03299	0.00912	0.00841	0.02224	0.00308	0.00230	0.00076	0.00189	0.00254	0.00228	0.00354
32	0.00435	0.00413	0.00706	0.86396	0.03744	0.00506	0.03463	0.00586	0.00457	0.00588	0.00405	0.00603	0.00305	0.00225	0.00228	0.00075	0.00304	0.00203	0.00101	0.00256
33	0.00586	0.00493	0.00511	0.00457	0.00583	0.03365	0.00356	0.06037	0.74227	0.03788	0.00916	0.04630	0.01927	0.00324	0.00233	0.00076	0.00188	0.00728	0.00227	0.00348
34	0.00289	0.00245	0.00259	0.00269	0.02380	0.00211	0.00197	0.01969	0.00527	0.00633	0.02174	0.02130	0.83024	0.00562	0.00268	0.00077	0.00125	0.04253	0.00208	0.00199
35	0.00484	0.00386	0.00390	0.00355	0.00463	0.04311	0.00274	0.02225	0.35060	0.08917	0.01527	0.01435	0.42413	0.00425	0.00246	0.00075	0.00162	0.00351	0.00221	0.00280
36	0.00532	0.00633	0.04800	0.00943	0.01176	0.00571	0.86360	0.00725	0.00533	0.00725	0.00456	0.00606	0.00342	0.00192	0.00265	0.00076	0.00380	0.00264	0.00114	0.00307
37	0.02969	0.00613	0.03063	0.02996	0.01169	0.00569	0.83666	0.00721	0.00528	0.00730	0.00452	0.00602	0.00339	0.00193	0.00262	0.00076	0.00374	0.00260	0.00115	0.00303
38	0.00527	0.00498	0.00815	0.21585	0.60245	0.00528	0.00640	0.00715	0.09302	0.00727	0.01944	0.00617	0.00408	0.00222	0.00226	0.00070	0.00265	0.00210	0.00123	0.00332
39	0.00279	0.00239	0.00253	0.00268	0.02886	0.00203	0.00192	0.00339	0.00515	0.00617	0.02201	0.03293	0.84591	0.00566	0.00268	0.00077	0.00122	0.02685	0.00208	0.00196
40	0.00447	0.00422	0.00714	0.78669	0.14237	0.00508	0.00639	0.00595	0.00462	0.00602	0.00406	0.00598	0.00310	0.00223	0.00226	0.00074	0.00297	0.00201	0.00102	0.00267
41	0.01002	0.00398	0.00532	0.00409	0.00584	0.00352	0.00337	0.04779	0.02234	0.85510	0.00880	0.00763	0.00556	0.00281	0.00228	0.00070	0.00195	0.00227	0.00277	0.00385
42	0.00280	0.00198	0.00263	0.00313	0.00326	0.00185	0.00208	0.00315	0.00428	0.00571	0.01216	0.87535	0.01457	0.03127	0.00325	0.02105	0.00135	0.00626	0.00206	0.00181
43	0.00441	0.00257	0.00333	0.00300	0.00368	0.00235	0.00224	0.00531	0.00603	0.16320	0.62904	0.01515	0.02959	0.11573	0.00368	0.00089	0.00136	0.00370	0.00241	0.00234
44	0.00855	0.00630	0.00675	0.00519	0.00699	0.00697	0.00428	0.88900	0.01058	0.01419	0.00552	0.01532	0.00397	0.00277	0.00227	0.00068	0.00248	0.00209	0.00226	0.00383
45	0.00944	0.00459	0.00566	0.00438	0.00612	0.00447	0.00361	0.24680	0.06945	0.60851	0.00803	0.00716	0.00523	0.00280	0.00228	0.00070	0.00207	0.00223	0.00263	0.00384
46	0.00472	0.03981	0.00673	0.00555	0.00587	0.02831	0.05506	0.00537	0.00373	0.00551	0.00379	0.00585	0.00361	0.00669	0.21240	0.00155	0.59989	0.00208	0.00105	0.00243
47	0.03577	0.00424	0.00731	0.79112	0.01480	0.00512	0.09121	0.00596	0.00458	0.00607	0.00404	0.00596	0.00304	0.00224	0.00231	0.00076	0.00983	0.00205	0.00103	0.00257
48	0.00608	0.91215	0.01182	0.00390	0.00583	0.01846	0.00388	0.00681	0.00462	0.00533	0.00315	0.00364	0.00291	0.00194	0.00146	0.00049	0.00244	0.00121	0.00097	0.00290
49	0.00433	0.00407	0.00686	0.85534	0.05834	0.00501	0.00628	0.00583	0.00457	0.00588	0.00418	0.00637	0.00323	0.00232	0.00228	0.00076	0.00299	0.01779	0.00103	0.00256
50	0.25233	0.48557	0.06071	0.00436	0.05141	0.03024	0.00387	0.01513	0.02386	0.00704	0.01329	0.00427	0.00321	0.00260	0.03357	0.00069	0.00246	0.00140	0.00116	0.00282
51	0.00449	0.00422	0.00709	0.74914	0.15169	0.00505	0.00631	0.00603	0.01611	0.00610	0.00427	0.00635	0.00333	0.00231	0.00228	0.00075	0.00294	0.01780	0.00106	0.00269
52	0.00534	0.00572	0.01148	0.07072	0.27915	0.00562	0.54370	0.00701	0.00518	0.00714	0.00440	0.00592	0.00344	0.00203	0.00267	0.00074	0.03303	0.00241	0.00112	0.00316
53	0.00561	0.00538	0.00920	0.01391	0.90624	0.00538	0.00695	0.00695	0.00516	0.00740	0.00426	0.00561	0.00359	0.00202	0.00224	0.00067	0.00269	0.00202	0.00112	0.00359
54	0.00418	0.00392	0.00652	0.86005	0.01485	0.00485	0.00602	0.00564	0.00457	0.00581	0.00517	0.00699	0.05728	0.00247	0.00229	0.00076	0.00291	0.00218	0.00107	0.00248
55	0.00620	0.56115	0.00956	0.00444	0.00606	0.18667	0.03392	0.00734	0.06865	0.00576	0.00456	0.00509	0.03510	0.00308	0.05320	0.00072	0.00292	0.00160	0.00116	0.00282
56	0.00327	0.00219	0.00249	0.00251	0.00252	0.00218	0.00142	0.00330	0.00338	0.00452	0.01904	0.05604	0.00871	0.86688	0.01102	0.00212	0.00214	0.00345	0.00142	0.00140
57	0.00429	0.00404	0.00680	0.90416	0.01549	0.00506	0.00628	0.00578	0.00452	0.00578	0.00401	0.00603	0.00302	0.00229	0.00233	0.00076	0.01384	0.00201	0.00101	0.00252
58	0.01975	0.00429	0.00664	0.78424	0.01420	0.03688	0.01783	0.02053	0.00468	0.00610	0.00413	0.00599	0.00313	0.00232	0.00235	0.00074	0.02530	0.00199	0.03637	0.00253
59	0.00276	0.00197	0.00263	0.00315	0.00329	0.00184	0.00210	0.00315	0.00434	0.00578	0.01249	0.91890	0.01499	0.00710	0.00289	0.00092	0.00131	0.00644	0.00210	0.00184
60	0.00394	0.00197	0.00295	0.00295	0.00295	0.00197	0.00197	0.00295	0.00295	0.00394	0.00394	0.00689	0.00394	0.00787	0.00885	0.93408	0.00197	0.00197	0.00098	0.00098
61	0.00277	0.00230	0.00242	0.00239	0.00311	0.00195	0.00179	0.00342	0.00537	0.00661	0.16890	0.02100	0.75907	0.00555	0.00268	0.00076	0.00113	0.00467	0.00217	0.00195
62	0.00581	0.00474	0.00505	0.00447	0.00577	0.00536	0.00349	0.05403	0.75794	0.04616	0.00948	0.00876	0.04369	0.00312	0.00230	0.00075	0.00179	0.00259	0.01424	0.02046
63	0.00428	0.00403	0.00680	0.91493	0.01560	0.00503	0.00629	0.00579	0.00453	0.00579	0.00403	0.00604	0.00302	0.00227	0.00227	0.00076	0.00302	0.00201	0.00101	0.00252
64	0.00269	0.00229	0.00232	0.00232	0.00307	0.00192	0.00174	0.00328	0.00518	0.00619	0.04453	0.03664	0.86869	0.00573	0.00268	0.00077	0.00115	0.00479	0.00211	0.00192
65	0.00846	0.01080	0.00642	0.00584	0.00700	0.91128	0.00438	0.00905	0.00642	0.00555	0.00350	0.00409	0.00292	0.00233	0.00204	0.00058	0.00409	0.00146	0.00117	0.00263
66	0.02440	0.00395	0.00528	0.00406	0.00581	0.00349	0.00335	0.04219	0.00659	0.86254	0.00873	0.00757	0.00550	0.00279	0.00226	0.00070	0.00195	0.00225	0.00276	0.00383
67	0.05616	0.00268	0.00884	0.00302	0.00377	0.00248	0.00234	0.00526	0.01132	0.11451	0.73385	0.01501	0.02348	0.00426	0.00255	0.00071	0.00123	0.00370	0.00246	0.00237
68	0.00282	0.00240	0.00241	0.00238	0.00317	0.00205	0.00179	0.01536	0.02117	0.00632	0.03202	0.02130	0.86779	0.00564	0.00267	0.00076	0.00118	0.00470	0.00211	0.00197
69	0.01954	0.00409	0.00675	0.84700	0.01486	0.00515	0.00615	0.00578	0.00446	0.00584	0.00395	0.00594	0.00301	0.00236	0.00255	0.00077	0.05628	0.00200	0.00101	0.00251

[dist]
# distance from previous block
# <min> <max>
4	7

[block]
# block no. 1 follows, 134 sequences, length 40
# corresponding to MSA columns:
# 81-120
name=unknown_B
#
# <colnr> <probs for GDERKNQSTAVLIFYWHMCP>
#	G	D	E	R	K	N	Q	S	T	A	V	L	I	F	Y	W	H	M	C	P
0	0.00612	0.01570	0.00521	0.00430	0.00542	0.00501	0.00340	0.47730	0.01562	0.01003	0.00626	0.06372	0.00556	0.11550	0.24112	0.00165	0.00330	0.00256	0.00928	0.00293
1	0.00414	0.03899	0.00459	0.00416	0.02183	0.06272	0.01201	0.05058	0.00428	0.00587	0.00566	0.01393	0.00524	0.04552	0.63505	0.00279	0.05227	0.00232	0.02581	0.00223
2	0.00773	0.00616	0.00624	0.03765	0.00688	0.08257	0.00410	0.66064	0.04850	0.01223	0.00688	0.00698	0.07666	0.00295	0.00228	0.00069	0.00248	0.00838	0.01651	0.00349
3	0.00324	0.00243	0.00364	0.00364	0.00405	0.00283	0.00283	0.00405	0.00364	0.00526	0.00607	0.00890	0.00566	0.01699	0.91140	0.00364	0.00607	0.00243	0.00121	0.00202
4	0.00823	0.00688	0.00672	0.01408	0.03567	0.15328	0.00439	0.66629	0.00935	0.01212	0.00502	0.00527	0.00369	0.00268	0.00241	0.00067	0.03693	0.00194	0.02085	0.00355
5	0.01919	0.00516	0.03297	0.39086	0.14121	0.08473	0.06364	0.02127	0.10256	0.00676	0.00627	0.01869	0.07777	0.00267	0.00238	0.00073	0.01666	0.00233	0.00132	0.00282
6	0.00297	0.00206	0.00259	0.00293	0.00302	0.00198	0.00187	0.00323	0.00398	0.00530	0.01055	0.57683	0.01252	0.33601	0.00601	0.00138	0.00165	0.02160	0.00184	0.00168
7	0.00280	0.00234	0.00251	0.01888	0.00343	0.00203	0.00199	0.00342	0.00513	0.00618	0.02868	0.06223	0.76710	0.00577	0.00272	0.00079	0.00127	0.07872	0.00209	0.00194
8	0.00574	0.00615	0.00658	0.00582	0.01887	0.21831	0.01293	0.02835	0.01913	0.00579	0.00357	0.00519	0.00330	0.00465	0.08634	0.00111	0.56259	0.00192	0.00111	0.00255
9	0.00833	0.03083	0.00654	0.00577	0.00695	0.85236	0.00436	0.02438	0.01679	0.00574	0.00359	0.00416	0.00298	0.00236	0.00211	0.00059	0.01681	0.00148	0.00119	0.00266
10	0.00277	0.00200	0.00262	0.00309	0.00327	0.00185	0.00208	0.00319	0.00445	0.00590	0.03762	0.83561	0.07329	0.00694	0.00287	0.00090	0.00130	0.00627	0.00211	0.00185
11	0.00352	0.04745	0.00418	0.00374	0.00423	0.00330	0.00296	0.02110	0.00382	0.00544	0.00584	0.00849	0.00543	0.01569	0.82907	0.00337	0.02669	0.00235	0.00122	0.00211
12	0.00560	0.00552	0.03317	0.05511	0.81525	0.00541	0.00689	0.03245	0.00528	0.00752	0.00428	0.00560	0.00355	0.00205	0.00224	0.00068	0.00272	0.00201	0.00114	0.00354
13	0.09271	0.00532	0.04991	0.31351	0.35808	0.04938	0.00594	0.02748	0.01329	0.04734	0.00451	0.00574	0.01270	0.00223	0.00216	0.00070	0.00275	0.00194	0.00123	0.00307
14	0.00525	0.00597	0.02642	0.06104	0.07307	0.00560	0.75981	0.00709	0.00527	0.00716	0.00464	0.01923	0.00358	0.00202	0.00262	0.00076	0.00365	0.00263	0.00115	0.00305
15	0.00279	0.00199	0.00263	0.00312	0.00325	0.00186	0.00207	0.00318	0.00432	0.00577	0.02585	0.86561	0.01479	0.04701	0.00327	0.00097	0.00135	0.00627	0.00208	0.00182
16	0.00278	0.00200	0.00262	0.00310	0.00326	0.00186	0.00207	0.00318	0.00439	0.00584	0.03075	0.84226	0.05392	0.02647	0.00306	0.00094	0.00132	0.00625	0.00210	0.00184
17	0.00278	0.00201	0.00259	0.00304	0.00322	0.00187	0.00203	0.00317	0.00435	0.00573	0.01311	0.78664	0.09369	0.06007	0.00338	0.00098	0.00135	0.00611	0.00206	0.00182
18	0.00847	0.01067	0.00643	0.00582	0.00700	0.88512	0.00438	0.03478	0.00654	0.00580	0.00356	0.00412	0.00295	0.00235	0.00205	0.00059	0.00404	0.00148	0.00120	0.00266
19	0.00428	0.00403	0.00680	0.91493	0.01560	0.00503	0.00629	0.00579	0.00453	0.00579	0.00403	0.00604	0.00302	0.00227	0.00227	0.00076	0.00302	0.00201	0.00101	0.00252
20	0.00561	0.00538	0.00920	0.01391	0.90624	0.00538	0.00695	0.00695	0.00516	0.00740	0.00426	0.00561	0.00359	0.00202	0.00224	0.00067	0.00269	0.00202	0.00112	0.00359
21	0.00278	0.00236	0.00241	0.00242	0.00319	0.00201	0.00184	0.00348	0.02236	0.00621	0.02221	0.02171	0.84920	0.00571	0.00269	0.00078	0.00120	0.04338	0.00211	0.00195
22	0.00279	0.00200	0.00266	0.00313	0.00329	0.00186	0.00211	0.00323	0.00448	0.00602	0.07547	0.85525	0.01544	0.00692	0.00288	0.00091	0.00130	0.00628	0.00213	0.00186
23	0.01008	0.00400	0.00535	0.00410	0.00585	0.00354	0.00339	0.06140	0.00672	0.85712	0.00874	0.00758	0.00551	0.00280	0.00228	0.00070	0.00196	0.00226	0.00277	0.00386
24	0.00535	0.00611	0.01337	0.00955	0.01184	0.00573	0.89801	0.00726	0.00535	0.00726	0.00458	0.00611	0.00344	0.00191	0.00267	0.00076	0.00382	0.00267	0.00115	0.00306
25	0.00273	0.00227	0.00239	0.00245	0.00314	0.00193	0.00183	0.00331	0.00511	0.00617	0.03907	0.11420	0.76864	0.00587	0.00271	0.00079	0.00119	0.03219	0.00211	0.00192
26	0.01002	0.00399	0.00533	0.00410	0.00584	0.00354	0.00338	0.05349	0.02092	0.85082	0.00878	0.00761	0.00555	0.00280	0.00228	0.00070	0.00195	0.00227	0.00277	0.00385
27	0.00268	0.00228	0.00231	0.00233	0.00307	0.00191	0.00174	0.00325	0.00513	0.00611	0.02253	0.05808	0.86932	0.00579	0.00269	0.00077	0.00115	0.00485	0.00210	0.00191
28	0.00433	0.00313	0.00370	0.00362	0.00418	0.00322	0.00260	0.23543	0.00587	0.00785	0.01014	0.59444	0.01144	0.09440	0.00357	0.00098	0.00171	0.00499	0.00207	0.00232
29	0.00825	0.03682	0.00668	0.00603	0.03547	0.82869	0.00445	0.02325	0.00635	0.00574	0.00354	0.00416	0.00296	0.00234	0.00211	0.00059	0.01722	0.00149	0.00118	0.00268
30	0.02491	0.00450	0.00692	0.69581	0.13840	0.04467	0.00607	0.01603	0.00477	0.00620	0.00453	0.00625	0.02690	0.00233	0.00224	0.00073	0.00294	0.00205	0.00108	0.00267
31	0.00816	0.02629	0.00643	0.00574	0.02235	0.76293	0.00428	0.08420	0.00659	0.00626	0.00383	0.00469	0.00324	0.04251	0.00247	0.00066	0.00381	0.00159	0.00127	0.00270
32	0.03697	0.00241	0.00244	0.00235	0.00296	0.00248	0.00178	0.04997	0.00496	0.00865	0.00710	0.00824	0.00562	0.01637	0.02781	0.00066	0.00131	0.00210	0.81361	0.00220
33	0.00281	0.00200	0.00261	0.00307	0.00321	0.00187	0.00203	0.00317	0.00427	0.00567	0.01230	0.81492	0.03879	0.08727	0.00364	0.00103	0.00139	0.00612	0.00204	0.00180
34	0.00357	0.02892	0.00396	0.00366	0.00416	0.00316	0.00286	0.04437	0.00399	0.00568	0.00601	0.00880	0.00560	0.04759	0.80042	0.00332	0.00560	0.00240	0.01382	0.00211
35	0.00378	0.00283	0.00377	0.03014	0.00497	0.00291	0.00354	0.00532	0.09367	0.00699	0.02637	0.04451	0.06703	0.00579	0.00298	0.00098	0.00199	0.68811	0.00208	0.00223
36	0.00268	0.00230	0.00230	0.00230	0.00306	0.00191	0.00172	0.00325	0.00516	0.00612	0.02295	0.02180	0.90532	0.00574	0.00268	0.00077	0.00115	0.00478	0.00210	0.00191
37	0.00810	0.02158	0.00642	0.00490	0.00655	0.00649	0.00401	0.77456	0.00979	0.03272	0.00571	0.01659	0.00428	0.04304	0.01157	0.00077	0.00244	0.00214	0.03472	0.00363
38	0.01640	0.01012	0.00632	0.00582	0.02203	0.80897	0.00431	0.03084	0.04723	0.00599	0.00388	0.00452	0.00322	0.01812	0.00222	0.00062	0.00387	0.00156	0.00125	0.00269
39	0.00541	0.16978	0.60506	0.00589	0.00874	0.03758	0.03310	0.05429	0.00520	0.04258	0.00417	0.00475	0.00306	0.00217	0.00205	0.00067	0.00311	0.00166	0.00112	0.00964

[dist]
# distance from previous block
# <min> <max>
0	39

# created by:
# /share/home/app/bin/augustus-3.3.1/scripts/msa2prfl.pl /dev/shm/tmp/pt-rosids/msas/rpl20.aln --setname=rpl20
