[name]
rpl36

[dist]
# distance from previous block
# <min> <max>
0	0

[block]
# block no. 0 follows, 132 sequences, length 37
# corresponding to MSA columns:
# 0-36
name=unknown_A
#
# <colnr> <probs for GDERKNQSTAVLIFYWHMCP>
#	G	D	E	R	K	N	Q	S	T	A	V	L	I	F	Y	W	H	M	C	P
0	0.00370	0.00264	0.00370	0.00423	0.00476	0.00264	0.00370	0.00476	0.00528	0.00687	0.01215	0.02589	0.01321	0.00634	0.00317	0.00106	0.00211	0.88956	0.00211	0.00211
1	0.00568	0.00545	0.00932	0.01409	0.90501	0.00545	0.00704	0.00704	0.00523	0.00750	0.00432	0.00568	0.00364	0.00205	0.00227	0.00068	0.00273	0.00205	0.00114	0.00364
2	0.00305	0.00263	0.00309	0.01181	0.08770	0.00232	0.00236	0.00375	0.00526	0.00646	0.05865	0.04250	0.73012	0.00543	0.00268	0.00077	0.00135	0.02591	0.00204	0.00211
3	0.02686	0.00415	0.00691	0.85104	0.05586	0.00512	0.00631	0.00594	0.00460	0.00605	0.00407	0.00604	0.00307	0.00228	0.00227	0.00076	0.00301	0.00202	0.00103	0.00260
4	0.00970	0.00404	0.00533	0.00409	0.00587	0.00355	0.00337	0.04125	0.03267	0.78239	0.00857	0.00753	0.00549	0.00276	0.00226	0.00068	0.00195	0.00224	0.00270	0.07357
5	0.00839	0.00611	0.00653	0.00505	0.00679	0.00675	0.00416	0.83049	0.01034	0.01402	0.00566	0.00574	0.00405	0.00275	0.00224	0.00068	0.00242	0.00207	0.07199	0.00377
6	0.00406	0.00254	0.00326	0.00297	0.00369	0.00229	0.00226	0.00506	0.00635	0.12067	0.68481	0.01659	0.12738	0.00460	0.00266	0.00073	0.00120	0.00401	0.00252	0.00235
7	0.00433	0.00408	0.00688	0.91381	0.01581	0.00510	0.00637	0.00586	0.00459	0.00586	0.00408	0.00612	0.00306	0.00229	0.00229	0.00076	0.00306	0.00204	0.00102	0.00255
8	0.00557	0.00538	0.00929	0.08137	0.80531	0.00544	0.03992	0.00697	0.00519	0.00737	0.00431	0.00573	0.00359	0.00206	0.00229	0.00069	0.00279	0.00207	0.00113	0.00353
9	0.00271	0.00233	0.00233	0.00233	0.00310	0.00194	0.00174	0.00329	0.00523	0.00620	0.02325	0.02209	0.90408	0.00581	0.00271	0.00078	0.00116	0.00484	0.00213	0.00194
10	0.00428	0.00214	0.00214	0.00214	0.00267	0.00214	0.00160	0.00535	0.00481	0.00856	0.00749	0.00856	0.00588	0.00267	0.00160	0.00053	0.00107	0.00214	0.93207	0.00214
11	0.09547	0.02223	0.69756	0.00650	0.04003	0.02783	0.04519	0.00736	0.02396	0.00756	0.00414	0.00487	0.00301	0.00218	0.00212	0.00072	0.00321	0.00171	0.00106	0.00328
12	0.00555	0.00532	0.00909	0.09872	0.82137	0.00542	0.00698	0.00693	0.00517	0.00735	0.00430	0.00572	0.00358	0.00207	0.00227	0.00069	0.00276	0.00204	0.00113	0.00353
13	0.00428	0.00214	0.00214	0.00214	0.00267	0.00214	0.00160	0.00535	0.00481	0.00856	0.00749	0.00856	0.00588	0.00267	0.00160	0.00053	0.00107	0.00214	0.93207	0.00214
14	0.00440	0.00417	0.00710	0.86504	0.04628	0.00513	0.02398	0.00593	0.00463	0.00595	0.00410	0.00611	0.00309	0.00228	0.00230	0.00076	0.00306	0.00205	0.00103	0.00260
15	0.00281	0.00204	0.00266	0.00316	0.00335	0.00189	0.00214	0.00324	0.00448	0.00591	0.01343	0.82857	0.08176	0.00707	0.00292	0.00092	0.00134	0.02830	0.00213	0.00188
16	0.00275	0.00232	0.00239	0.00238	0.00313	0.00195	0.00178	0.00337	0.00531	0.00642	0.08910	0.03499	0.82476	0.00575	0.00272	0.00077	0.00116	0.00482	0.00216	0.00195
17	0.00435	0.00407	0.00682	0.88459	0.01544	0.00509	0.00628	0.00585	0.00458	0.00590	0.00411	0.00614	0.00310	0.00233	0.00237	0.00077	0.01851	0.00204	0.01512	0.00254
18	0.00433	0.00408	0.00688	0.91381	0.01581	0.00510	0.00637	0.00586	0.00459	0.00586	0.00408	0.00612	0.00306	0.00229	0.00229	0.00076	0.00306	0.00204	0.00102	0.00255
19	0.00462	0.00439	0.00748	0.72116	0.18945	0.00518	0.02313	0.00612	0.00473	0.00621	0.00414	0.00604	0.00318	0.00224	0.00230	0.00075	0.00301	0.00205	0.00105	0.00277
20	0.81713	0.00456	0.01675	0.06741	0.04391	0.00516	0.00304	0.00671	0.00402	0.00982	0.00332	0.00400	0.00258	0.00214	0.00153	0.00071	0.00193	0.00134	0.00137	0.00255
21	0.00438	0.00417	0.00717	0.87493	0.01565	0.00513	0.04466	0.00593	0.00463	0.00593	0.00410	0.00612	0.00308	0.00228	0.00231	0.00077	0.00309	0.00207	0.00103	0.00257
22	0.00271	0.00233	0.00233	0.00233	0.00310	0.00194	0.00174	0.00329	0.00523	0.00620	0.02325	0.02209	0.90408	0.00581	0.00271	0.00078	0.00116	0.00484	0.00213	0.00194
23	0.00315	0.00271	0.00348	0.21648	0.00615	0.00270	0.00293	0.00394	0.00496	0.00607	0.01698	0.10902	0.55443	0.02357	0.00283	0.00083	0.00168	0.03416	0.00186	0.00207
24	0.00321	0.00234	0.00301	0.00285	0.00340	0.00215	0.00213	0.00425	0.00640	0.00898	0.83669	0.01752	0.08891	0.00478	0.00271	0.00073	0.00109	0.00420	0.00250	0.00215
25	0.00275	0.00233	0.00238	0.00237	0.00313	0.00195	0.00178	0.00337	0.00533	0.00643	0.08926	0.02172	0.83793	0.00573	0.00271	0.00077	0.00116	0.00479	0.00216	0.00195
26	0.00428	0.00214	0.00214	0.00214	0.00267	0.00214	0.00160	0.00535	0.00481	0.00856	0.00749	0.00856	0.00588	0.00267	0.00160	0.00053	0.00107	0.00214	0.93207	0.00214
27	0.00777	0.00581	0.00630	0.00485	0.00660	0.00621	0.00395	0.69895	0.02653	0.01280	0.00556	0.01986	0.00425	0.04152	0.00262	0.00071	0.00236	0.00210	0.00212	0.13913
28	0.00857	0.01094	0.00651	0.00591	0.00710	0.91011	0.00444	0.00917	0.00651	0.00562	0.00355	0.00414	0.00296	0.00237	0.00207	0.00059	0.00414	0.00148	0.00118	0.00266
29	0.00475	0.00406	0.00473	0.00343	0.00541	0.00311	0.00273	0.00591	0.03057	0.00751	0.00440	0.02329	0.00374	0.00185	0.00174	0.00036	0.00170	0.00150	0.00140	0.88778
30	0.00442	0.00417	0.00705	0.85391	0.07501	0.00512	0.00642	0.00594	0.00463	0.00597	0.00410	0.00609	0.00310	0.00228	0.00229	0.00076	0.00304	0.00204	0.00103	0.00262
31	0.00502	0.00502	0.00703	0.00603	0.00603	0.00703	0.00502	0.00552	0.00352	0.00552	0.00301	0.00502	0.00301	0.00402	0.00753	0.00100	0.91513	0.00201	0.00100	0.00251
32	0.00568	0.00545	0.00932	0.01409	0.90501	0.00545	0.00704	0.00704	0.00523	0.00750	0.00432	0.00568	0.00364	0.00205	0.00227	0.00068	0.00273	0.00205	0.00114	0.00364
33	0.00542	0.00619	0.01354	0.00967	0.01200	0.00580	0.89667	0.00735	0.00542	0.00735	0.00464	0.00619	0.00348	0.00193	0.00271	0.00077	0.00387	0.00271	0.00116	0.00310
34	0.00439	0.00414	0.00699	0.87512	0.05405	0.00512	0.00640	0.00592	0.00462	0.00594	0.00409	0.00610	0.00308	0.00228	0.00229	0.00076	0.00305	0.00204	0.00102	0.00260
35	0.00542	0.00619	0.01354	0.00967	0.01200	0.00580	0.89667	0.00735	0.00542	0.00735	0.00464	0.00619	0.00348	0.00193	0.00271	0.00077	0.00387	0.00271	0.00116	0.00310
36	0.88168	0.00442	0.00358	0.05570	0.00510	0.00515	0.00271	0.00670	0.00395	0.01004	0.00325	0.00387	0.00252	0.00214	0.00147	0.00071	0.00185	0.00129	0.00140	0.00249

[dist]
# distance from previous block
# <min> <max>
0	0

# created by:
# /share/home/app/bin/augustus-3.3.1/scripts/msa2prfl.pl /dev/shm/tmp/pt-rosids/msas/rpl36.aln --setname=rpl36
