[name]
rpl32

[dist]
# distance from previous block
# <min> <max>
0	0

[block]
# block no. 0 follows, 117 sequences, length 48
# corresponding to MSA columns:
# 0-47
name=unknown_A
#
# <colnr> <probs for GDERKNQSTAVLIFYWHMCP>
#	G	D	E	R	K	N	Q	S	T	A	V	L	I	F	Y	W	H	M	C	P
0	0.00410	0.00293	0.00410	0.00469	0.00528	0.00293	0.00410	0.00528	0.00586	0.00762	0.01348	0.02873	0.01466	0.00704	0.00352	0.00117	0.00235	0.87747	0.00235	0.00235
1	0.02642	0.00437	0.00587	0.00453	0.00648	0.00385	0.00373	0.01236	0.03127	0.85766	0.00995	0.00862	0.00629	0.00315	0.00255	0.00079	0.00216	0.00255	0.00311	0.00430
2	0.00373	0.00263	0.00345	0.00323	0.00385	0.00243	0.00243	0.00493	0.00721	0.02485	0.87868	0.01885	0.02374	0.00517	0.00300	0.00080	0.00122	0.00457	0.00281	0.00243
3	0.00531	0.00463	0.00572	0.00409	0.00637	0.00353	0.04320	0.00649	0.00531	0.00829	0.00456	0.00535	0.00378	0.00190	0.00194	0.00040	0.00200	0.00158	0.00150	0.88405
4	0.00630	0.00605	0.01034	0.01563	0.89461	0.00605	0.00782	0.00782	0.00580	0.00832	0.00479	0.00630	0.00403	0.00227	0.00252	0.00076	0.00303	0.00227	0.00126	0.00403
5	0.00630	0.00605	0.01034	0.01563	0.89461	0.00605	0.00782	0.00782	0.00580	0.00832	0.00479	0.00630	0.00403	0.00227	0.00252	0.00076	0.00303	0.00227	0.00126	0.00403
6	0.00482	0.00446	0.00745	0.85653	0.01683	0.00557	0.00685	0.00648	0.00508	0.00661	0.00465	0.00687	0.00351	0.00259	0.00261	0.00084	0.01792	0.00227	0.03524	0.00281
7	0.00598	0.00513	0.00540	0.00489	0.00625	0.00583	0.00379	0.03003	0.75916	0.01027	0.01193	0.03542	0.09700	0.00387	0.00265	0.00087	0.00194	0.00324	0.00256	0.00379
8	0.00968	0.00713	0.00764	0.00586	0.00790	0.00790	0.00484	0.88612	0.01197	0.01605	0.00611	0.00611	0.00433	0.00306	0.00255	0.00076	0.00280	0.00229	0.00255	0.00433
9	0.00385	0.00321	0.00370	0.10973	0.00559	0.00312	0.00290	0.07236	0.02397	0.00763	0.02045	0.06523	0.62851	0.00576	0.00294	0.00087	0.00171	0.03378	0.00224	0.00244
10	0.00901	0.00648	0.00706	0.00555	0.00738	0.00709	0.00452	0.75508	0.01101	0.04805	0.00714	0.10668	0.00580	0.00361	0.00263	0.00080	0.00263	0.00285	0.00255	0.00408
11	0.00630	0.00605	0.01034	0.01563	0.89461	0.00605	0.00782	0.00782	0.00580	0.00832	0.00479	0.00630	0.00403	0.00227	0.00252	0.00076	0.00303	0.00227	0.00126	0.00403
12	0.00630	0.00605	0.01034	0.01563	0.89461	0.00605	0.00782	0.00782	0.00580	0.00832	0.00479	0.00630	0.00403	0.00227	0.00252	0.00076	0.00303	0.00227	0.00126	0.00403
13	0.00494	0.00470	0.00748	0.73667	0.02923	0.02627	0.01754	0.00646	0.00507	0.00657	0.00492	0.04653	0.00405	0.00293	0.00300	0.00087	0.07105	0.00248	0.01643	0.00281
14	0.00305	0.00261	0.00263	0.00263	0.00349	0.00221	0.00197	0.00378	0.01578	0.00691	0.02542	0.02418	0.87399	0.00655	0.01269	0.00089	0.00136	0.00532	0.00236	0.00217
15	0.00483	0.00448	0.00745	0.84446	0.01668	0.00560	0.00683	0.00647	0.00507	0.00661	0.00463	0.00686	0.00351	0.00262	0.00269	0.00085	0.02949	0.00227	0.03581	0.00281
16	0.00640	0.00623	0.01025	0.01536	0.86845	0.03243	0.00773	0.00789	0.00584	0.00826	0.00477	0.00625	0.00401	0.00228	0.00251	0.00075	0.00307	0.00225	0.00126	0.00400
17	0.00913	0.01142	0.00745	0.00702	0.05116	0.79687	0.02008	0.01010	0.04114	0.00654	0.00424	0.00492	0.00350	0.00265	0.00240	0.00068	0.01454	0.00175	0.00136	0.00305
18	0.00333	0.00274	0.00289	0.01025	0.00375	0.00242	0.00215	0.02762	0.01401	0.00720	0.06000	0.05596	0.71176	0.05564	0.00356	0.00096	0.00145	0.02976	0.00234	0.00221
19	0.00439	0.00221	0.00331	0.00332	0.00333	0.00221	0.00222	0.00332	0.00336	0.00448	0.00467	0.03039	0.00474	0.00883	0.00979	0.90265	0.00219	0.00234	0.00114	0.00113
20	0.00630	0.00605	0.01034	0.01563	0.89461	0.00605	0.00782	0.00782	0.00580	0.00832	0.00479	0.00630	0.00403	0.00227	0.00252	0.00076	0.00303	0.00227	0.00126	0.00403
21	0.09386	0.00568	0.01947	0.28540	0.41032	0.04437	0.00660	0.03805	0.00572	0.01502	0.00542	0.01803	0.02943	0.00264	0.00246	0.00079	0.00303	0.00894	0.00136	0.00341
22	0.05678	0.00620	0.05003	0.08302	0.73809	0.00600	0.00755	0.00771	0.00565	0.00834	0.00469	0.00618	0.00388	0.00230	0.00247	0.00077	0.00303	0.00220	0.00126	0.00386
23	0.70835	0.00478	0.00423	0.00362	0.00526	0.00527	0.00298	0.02074	0.00511	0.19183	0.02449	0.00542	0.00397	0.00260	0.00182	0.00079	0.00201	0.00170	0.00194	0.00309
24	0.00403	0.00303	0.00440	0.03566	0.00511	0.00354	0.00337	0.04279	0.00444	0.00633	0.00658	0.00969	0.00610	0.03950	0.74683	0.03431	0.03069	0.00268	0.00857	0.00234
25	0.00446	0.00269	0.02875	0.05163	0.00432	0.00255	0.00267	0.01053	0.00358	0.00478	0.00474	0.02160	0.00472	0.04424	0.00931	0.79230	0.00232	0.00234	0.00115	0.00133
26	0.00901	0.00418	0.00538	0.00438	0.00598	0.00391	0.00352	0.01108	0.15484	0.57129	0.18653	0.01088	0.01009	0.00361	0.00265	0.00080	0.00195	0.00302	0.00299	0.00390
27	0.03420	0.00438	0.00581	0.00450	0.00640	0.00390	0.00370	0.04614	0.00739	0.80065	0.04850	0.00891	0.00692	0.00322	0.00256	0.00079	0.00214	0.00261	0.00307	0.00421
28	0.00310	0.00222	0.00296	0.00355	0.00369	0.00207	0.00236	0.00355	0.00488	0.00650	0.01404	0.90883	0.01684	0.00798	0.00325	0.00103	0.00148	0.00724	0.00236	0.00207
29	0.00630	0.00605	0.01034	0.01563	0.89461	0.00605	0.00782	0.00782	0.00580	0.00832	0.00479	0.00630	0.00403	0.00227	0.00252	0.00076	0.00303	0.00227	0.00126	0.00403
30	0.01116	0.00435	0.00588	0.00452	0.00645	0.00380	0.00373	0.03253	0.00740	0.84974	0.03601	0.00891	0.00678	0.00321	0.00257	0.00079	0.00215	0.00262	0.00313	0.00428
31	0.00365	0.00245	0.00279	0.00284	0.00285	0.00244	0.00161	0.00369	0.00380	0.00507	0.00851	0.08905	0.00987	0.83727	0.01217	0.00235	0.00239	0.00399	0.00161	0.00159
32	0.00974	0.00704	0.00759	0.00582	0.00785	0.00776	0.00480	0.85709	0.01182	0.04530	0.00625	0.00620	0.00440	0.00306	0.00255	0.00077	0.00278	0.00230	0.00257	0.00433
33	0.00313	0.00223	0.00295	0.00352	0.00366	0.00208	0.00233	0.00355	0.00483	0.00644	0.01381	0.87533	0.01656	0.04187	0.00362	0.00109	0.00151	0.00711	0.00233	0.00205
34	0.12630	0.00458	0.00575	0.00447	0.00639	0.00425	0.00369	0.06653	0.00721	0.73027	0.00899	0.00794	0.00574	0.00305	0.00244	0.00079	0.00218	0.00240	0.00292	0.00414
35	0.00629	0.00608	0.01050	0.01546	0.86328	0.00607	0.03901	0.00783	0.00581	0.00831	0.00480	0.00632	0.00403	0.00226	0.00254	0.00076	0.00307	0.00230	0.00126	0.00401
36	0.00954	0.00700	0.00749	0.00576	0.00776	0.00774	0.00475	0.86131	0.01179	0.01587	0.00618	0.00621	0.00439	0.00305	0.00253	0.00076	0.00276	0.00230	0.02853	0.00428
37	0.00313	0.00228	0.00294	0.00342	0.00366	0.00210	0.00231	0.00363	0.00508	0.00672	0.06319	0.75607	0.10699	0.02133	0.00336	0.00103	0.00146	0.00685	0.00238	0.00209
38	0.00906	0.00663	0.00715	0.00556	0.00740	0.00730	0.00453	0.78684	0.01112	0.02200	0.01433	0.01859	0.00504	0.06383	0.01785	0.00094	0.00281	0.00248	0.00247	0.00407
39	0.00633	0.00530	0.00567	0.00513	0.00653	0.00607	0.00403	0.03321	0.79030	0.02569	0.01061	0.01076	0.01678	0.00369	0.00265	0.00088	0.00205	0.05781	0.00258	0.00392
40	0.76963	0.03088	0.00462	0.11987	0.01934	0.00584	0.00343	0.00737	0.00448	0.01059	0.00369	0.00451	0.00287	0.00238	0.00172	0.00079	0.00219	0.00151	0.00150	0.00280
41	0.00918	0.02391	0.01899	0.00719	0.07686	0.74086	0.00519	0.07464	0.00741	0.00714	0.00417	0.00484	0.00342	0.00262	0.00232	0.00067	0.00430	0.00174	0.00139	0.00315
42	0.00960	0.00709	0.00760	0.00584	0.00787	0.00786	0.00482	0.86405	0.03417	0.01591	0.00622	0.00620	0.00442	0.00307	0.00255	0.00077	0.00278	0.00231	0.00255	0.00432
43	0.00619	0.00624	0.03450	0.05354	0.77070	0.00606	0.06964	0.00779	0.00577	0.00822	0.00480	0.00634	0.00397	0.00228	0.00255	0.00077	0.00315	0.00231	0.00125	0.00393
44	0.03542	0.00693	0.00739	0.00584	0.02222	0.01563	0.00472	0.80718	0.01136	0.01534	0.00643	0.00659	0.02249	0.01720	0.00269	0.00079	0.00276	0.00235	0.00247	0.00418
45	0.00382	0.00256	0.00290	0.00287	0.00292	0.00258	0.00164	0.02184	0.00390	0.00520	0.00807	0.03081	0.00924	0.86621	0.02357	0.00243	0.00251	0.00372	0.00157	0.00162
46	0.00402	0.00276	0.00316	0.00310	0.00329	0.00280	0.00191	0.06173	0.00447	0.00599	0.02554	0.11489	0.01856	0.70235	0.03322	0.00219	0.00245	0.00401	0.00173	0.00183
47	0.04216	0.00298	0.00384	0.00387	0.03775	0.00300	0.00275	0.03928	0.00620	0.00904	0.47541	0.04807	0.02971	0.05849	0.15191	0.02469	0.00240	0.00386	0.05215	0.00243

[dist]
# distance from previous block
# <min> <max>
0	46

# created by:
# /share/home/app/bin/augustus-3.3.1/scripts/msa2prfl.pl /dev/shm/tmp/pt-rosids/msas/rpl32.aln --setname=rpl32
