[name]
rpl33

[dist]
# distance from previous block
# <min> <max>
0	0

[block]
# block no. 0 follows, 118 sequences, length 6
# corresponding to MSA columns:
# 0-5
name=unknown_A
#
# <colnr> <probs for GDERKNQSTAVLIFYWHMCP>
#	G	D	E	R	K	N	Q	S	T	A	V	L	I	F	Y	W	H	M	C	P
0	0.00407	0.00291	0.00407	0.00466	0.00524	0.00291	0.00407	0.00524	0.00582	0.00757	0.01339	0.02852	0.01455	0.00698	0.00349	0.00116	0.00233	0.87835	0.00233	0.00233
1	0.01094	0.00454	0.00596	0.00462	0.00654	0.00412	0.00380	0.06494	0.06060	0.79091	0.00976	0.00850	0.00623	0.00314	0.00254	0.00079	0.00218	0.00255	0.00306	0.00428
2	0.05423	0.00615	0.00951	0.09434	0.72095	0.05563	0.00727	0.00776	0.00570	0.00814	0.00462	0.00610	0.00384	0.00230	0.00244	0.00076	0.00307	0.00217	0.00126	0.00377
3	0.80205	0.00519	0.00425	0.00367	0.00530	0.00597	0.00302	0.12887	0.00535	0.01198	0.00387	0.00438	0.00295	0.00244	0.00170	0.00078	0.00207	0.00149	0.00170	0.00295
4	0.00626	0.00601	0.01026	0.01552	0.89537	0.00601	0.00776	0.00776	0.00576	0.00826	0.00476	0.00626	0.00400	0.00225	0.00250	0.00075	0.00300	0.00225	0.00125	0.00400
5	0.00679	0.72600	0.14276	0.00476	0.00714	0.00902	0.00503	0.00792	0.00529	0.05976	0.00405	0.00452	0.00342	0.00226	0.00179	0.00059	0.00282	0.00150	0.00120	0.00338

[dist]
# distance from previous block
# <min> <max>
0	2

[block]
# block no. 1 follows, 118 sequences, length 12
# corresponding to MSA columns:
# 8-19
name=unknown_B
#
# <colnr> <probs for GDERKNQSTAVLIFYWHMCP>
#	G	D	E	R	K	N	Q	S	T	A	V	L	I	F	Y	W	H	M	C	P
0	0.00644	0.00343	0.00429	0.00368	0.00480	0.02500	0.00288	0.00750	0.00706	0.32680	0.47644	0.01536	0.09687	0.00449	0.00281	0.00079	0.00163	0.00384	0.00283	0.00306
1	0.00484	0.00462	0.00799	0.85526	0.01718	0.00566	0.05598	0.00655	0.00511	0.00655	0.00453	0.00675	0.00340	0.00251	0.00255	0.00084	0.00342	0.00229	0.00113	0.00284
2	0.00378	0.00265	0.00332	0.00311	0.00382	0.00239	0.00235	0.00486	0.00689	0.04589	0.68826	0.01953	0.19304	0.00533	0.00297	0.00081	0.00125	0.00464	0.00271	0.00242
3	0.02248	0.00495	0.00618	0.25970	0.03799	0.00575	0.00482	0.03566	0.48810	0.00929	0.05753	0.00908	0.01975	0.00337	0.00273	0.02195	0.00239	0.00274	0.00208	0.00347
4	0.00349	0.00267	0.00321	0.00306	0.00376	0.00244	0.00230	0.00471	0.03663	0.00913	0.59556	0.02025	0.29252	0.00549	0.00297	0.00082	0.00125	0.00475	0.00264	0.00236
5	0.00308	0.00253	0.00264	0.00267	0.00339	0.00217	0.00194	0.00368	0.00560	0.00682	0.06811	0.07780	0.72205	0.08164	0.00382	0.00099	0.00138	0.00527	0.00230	0.00209
6	0.00310	0.00222	0.00295	0.00350	0.00367	0.00207	0.00235	0.00358	0.00495	0.00663	0.05552	0.86742	0.01706	0.00779	0.00322	0.00102	0.00145	0.00706	0.00237	0.00207
7	0.00516	0.05920	0.85268	0.00706	0.01071	0.00608	0.00908	0.00798	0.00533	0.00790	0.00448	0.00527	0.00320	0.00239	0.00236	0.00079	0.00368	0.00184	0.00107	0.00371
8	0.00471	0.00236	0.00236	0.00236	0.00295	0.00236	0.00177	0.00589	0.00530	0.00943	0.00825	0.00943	0.00648	0.00295	0.00177	0.00059	0.00118	0.00236	0.92518	0.00236
9	0.00650	0.00553	0.00566	0.00505	0.00648	0.03947	0.00393	0.04519	0.74289	0.03996	0.01080	0.00999	0.06017	0.00355	0.00258	0.00084	0.00209	0.00293	0.00253	0.00387
10	0.05284	0.00809	0.03313	0.04858	0.03444	0.28816	0.00479	0.36601	0.02923	0.02585	0.00641	0.02806	0.04662	0.00309	0.00243	0.00074	0.00321	0.00230	0.01251	0.00351
11	0.00471	0.00236	0.00236	0.00236	0.00295	0.00236	0.00177	0.00589	0.00530	0.00943	0.00825	0.00943	0.00648	0.00295	0.00177	0.00059	0.00118	0.00236	0.92518	0.00236

[dist]
# distance from previous block
# <min> <max>
0	2

[block]
# block no. 2 follows, 118 sequences, length 9
# corresponding to MSA columns:
# 22-30
name=unknown_C
#
# <colnr> <probs for GDERKNQSTAVLIFYWHMCP>
#	G	D	E	R	K	N	Q	S	T	A	V	L	I	F	Y	W	H	M	C	P
0	0.00501	0.00313	0.00397	0.00356	0.00444	0.00296	0.00273	0.03525	0.05676	0.13810	0.63155	0.04708	0.04568	0.00484	0.00289	0.00081	0.00144	0.00422	0.00279	0.00280
1	0.00489	0.00467	0.00802	0.79193	0.01652	0.00556	0.07311	0.00658	0.00513	0.00667	0.00454	0.00667	0.00342	0.00246	0.00253	0.00082	0.00336	0.00226	0.00115	0.04969
2	0.03625	0.03108	0.00743	0.02614	0.13214	0.57526	0.00512	0.01005	0.13860	0.00729	0.00497	0.00554	0.00401	0.00266	0.00232	0.00070	0.00381	0.00190	0.00148	0.00324
3	0.27626	0.14515	0.00699	0.07019	0.00722	0.14515	0.00415	0.24499	0.00711	0.01045	0.03433	0.00590	0.02688	0.00275	0.00210	0.00073	0.00276	0.00192	0.00174	0.00324
4	0.06410	0.00303	0.00365	0.00338	0.00416	0.00292	0.00256	0.03828	0.02581	0.06118	0.58227	0.08930	0.07565	0.02877	0.00312	0.00086	0.00144	0.00436	0.00261	0.00256
5	0.00897	0.04638	0.00750	0.00684	0.05798	0.73771	0.00497	0.03355	0.06029	0.00682	0.00438	0.00497	0.00360	0.00263	0.00229	0.00067	0.00420	0.00174	0.00140	0.00311
6	0.00638	0.00631	0.01034	0.01490	0.81667	0.04535	0.04716	0.00788	0.00583	0.00816	0.00473	0.00621	0.00396	0.00226	0.00251	0.00075	0.00313	0.00226	0.00126	0.00393
7	0.04258	0.00954	0.45876	0.01083	0.41268	0.00593	0.00836	0.00787	0.00549	0.00826	0.00460	0.00571	0.00355	0.00233	0.00241	0.00078	0.00333	0.00202	0.00117	0.00382
8	0.00909	0.00673	0.00726	0.00561	0.00756	0.00735	0.00460	0.80248	0.01123	0.01512	0.00635	0.04768	0.00484	0.00320	0.00253	0.00075	0.00268	0.00246	0.00247	0.05000

[dist]
# distance from previous block
# <min> <max>
0	2

[block]
# block no. 3 follows, 118 sequences, length 39
# corresponding to MSA columns:
# 33-71
name=unknown_D
#
# <colnr> <probs for GDERKNQSTAVLIFYWHMCP>
#	G	D	E	R	K	N	Q	S	T	A	V	L	I	F	Y	W	H	M	C	P
0	0.00531	0.00445	0.00569	0.19761	0.06054	0.00495	0.00452	0.00896	0.36625	0.03522	0.03148	0.03220	0.12157	0.00405	0.00273	0.00088	0.00227	0.09738	0.00214	0.01182
1	0.91274	0.00488	0.00378	0.01919	0.00511	0.00567	0.00281	0.00742	0.00432	0.01126	0.00354	0.00415	0.00275	0.00235	0.00158	0.00078	0.00198	0.00138	0.00156	0.00274
2	0.00300	0.00255	0.00258	0.00260	0.00343	0.00214	0.00194	0.00364	0.00576	0.00687	0.03817	0.04846	0.85744	0.00643	0.00299	0.00086	0.00128	0.00538	0.00235	0.00214
3	0.00937	0.00690	0.00742	0.00572	0.00767	0.00764	0.00471	0.85130	0.01156	0.01551	0.00612	0.00635	0.00444	0.02060	0.02195	0.00086	0.00286	0.00231	0.00249	0.00420
4	0.00477	0.00449	0.00758	0.90507	0.01741	0.00562	0.00702	0.00646	0.00506	0.00646	0.00449	0.00674	0.00337	0.00253	0.00253	0.00084	0.00337	0.00225	0.00112	0.00281
5	0.00358	0.00268	0.00400	0.00403	0.00447	0.00310	0.00311	0.00446	0.00411	0.00590	0.00717	0.06017	0.00690	0.01835	0.85098	0.00389	0.00648	0.00296	0.00141	0.00225
6	0.00338	0.05351	0.00329	0.00275	0.00371	0.00273	0.00213	0.02759	0.00589	0.00703	0.02385	0.02271	0.82066	0.00608	0.00290	0.00083	0.00140	0.00503	0.00228	0.00225
7	0.00610	0.00527	0.00554	0.00500	0.00640	0.00606	0.00389	0.01289	0.84137	0.01037	0.01115	0.01027	0.05724	0.00360	0.00260	0.00086	0.00196	0.00300	0.00256	0.00390
8	0.00574	0.00702	0.07841	0.01001	0.01252	0.00611	0.77312	0.00784	0.00586	0.00800	0.00557	0.05713	0.00451	0.00247	0.00296	0.00086	0.00407	0.00314	0.00132	0.00336
9	0.00626	0.00601	0.01026	0.01552	0.89537	0.00601	0.00776	0.00776	0.00576	0.00826	0.00476	0.00626	0.00400	0.00225	0.00250	0.00075	0.00300	0.00225	0.00125	0.00400
10	0.00944	0.01205	0.00716	0.00651	0.00782	0.90099	0.00489	0.01010	0.00716	0.00619	0.00391	0.00456	0.00326	0.00261	0.00228	0.00065	0.00456	0.00163	0.00130	0.00293
11	0.00477	0.00449	0.00758	0.90507	0.01741	0.00562	0.00702	0.00646	0.00506	0.00646	0.00449	0.00674	0.00337	0.00253	0.00253	0.00084	0.00337	0.00225	0.00112	0.00281
12	0.00554	0.00556	0.00788	0.00672	0.00677	0.00772	0.02265	0.00612	0.00391	0.00612	0.00335	0.00556	0.00333	0.00438	0.00819	0.00110	0.88898	0.00223	0.00111	0.00278
13	0.00944	0.01205	0.00716	0.00651	0.00782	0.90099	0.00489	0.01010	0.00716	0.00619	0.00391	0.00456	0.00326	0.00261	0.00228	0.00065	0.00456	0.00163	0.00130	0.00293
14	0.00626	0.00545	0.00601	0.02231	0.05642	0.00626	0.00427	0.01299	0.82505	0.01037	0.00987	0.00921	0.00743	0.00335	0.00257	0.00085	0.00208	0.00281	0.00247	0.00398
15	0.00535	0.00455	0.00530	0.00379	0.00604	0.00348	0.00304	0.02716	0.00540	0.00842	0.00453	0.00526	0.00376	0.00190	0.00189	0.00038	0.00189	0.00152	0.00152	0.90482
16	0.07303	0.00748	0.00727	0.00572	0.00763	0.10561	0.00467	0.73012	0.01085	0.01455	0.00566	0.00577	0.00408	0.00294	0.00244	0.00075	0.00292	0.00214	0.00233	0.00404
17	0.00495	0.00459	0.00788	0.84817	0.01702	0.00562	0.04610	0.00664	0.00514	0.02343	0.00463	0.00678	0.00345	0.00252	0.00255	0.00084	0.00339	0.00229	0.00117	0.00286
18	0.00309	0.00221	0.00294	0.00351	0.00367	0.00206	0.00235	0.00355	0.00489	0.00653	0.03291	0.89029	0.01688	0.00786	0.00322	0.00102	0.00146	0.00713	0.00236	0.00206
19	0.00509	0.01293	0.87700	0.00729	0.01100	0.00588	0.03023	0.00801	0.00535	0.00801	0.00455	0.00537	0.00322	0.00240	0.00242	0.00080	0.00375	0.00189	0.00107	0.00373
20	0.00308	0.00220	0.00293	0.00352	0.00367	0.00205	0.00235	0.00352	0.00484	0.00645	0.01394	0.90949	0.01672	0.00792	0.00323	0.00103	0.00147	0.00719	0.00235	0.00205
21	0.00495	0.00465	0.00781	0.76965	0.10566	0.00560	0.01728	0.01700	0.00523	0.00678	0.00500	0.01561	0.01901	0.00262	0.00255	0.00083	0.00328	0.00236	0.00119	0.00294
22	0.00626	0.00601	0.01026	0.01552	0.89537	0.00601	0.00776	0.00776	0.00576	0.00826	0.00476	0.00626	0.00400	0.00225	0.00250	0.00075	0.00300	0.00225	0.00125	0.00400
23	0.00368	0.00245	0.00276	0.00276	0.00276	0.00245	0.00153	0.00368	0.00368	0.00490	0.00797	0.01655	0.00919	0.91114	0.01287	0.00245	0.00245	0.00368	0.00153	0.00153
24	0.00471	0.00236	0.00236	0.00236	0.00295	0.00236	0.00177	0.00589	0.00530	0.00943	0.00825	0.00943	0.00648	0.00295	0.00177	0.00059	0.00118	0.00236	0.92518	0.00236
25	0.00559	0.00472	0.00555	0.04761	0.00670	0.00390	0.00336	0.07490	0.02816	0.00881	0.00476	0.00549	0.00387	0.00203	0.00197	0.00044	0.00202	0.00163	0.00159	0.78690
26	0.00423	0.00309	0.00425	0.02887	0.00491	0.00352	0.00318	0.08039	0.00480	0.00686	0.00684	0.01009	0.00634	0.09737	0.66859	0.00335	0.00563	0.00273	0.05259	0.00239
27	0.00471	0.00236	0.00236	0.00236	0.00295	0.00236	0.00177	0.00589	0.00530	0.00943	0.00825	0.00943	0.00648	0.00295	0.00177	0.00059	0.00118	0.00236	0.92518	0.00236
28	0.00426	0.00320	0.00443	0.00423	0.00476	0.00373	0.00329	0.07944	0.00476	0.00683	0.00679	0.02999	0.00635	0.05572	0.68266	0.00335	0.05677	0.00278	0.03423	0.00243
29	0.00619	0.00604	0.02229	0.04455	0.83376	0.00600	0.00767	0.00785	0.02608	0.00825	0.00487	0.00633	0.00406	0.00229	0.00250	0.00076	0.00300	0.00226	0.00128	0.00396
30	0.00543	0.00540	0.00768	0.00657	0.00665	0.00746	0.02362	0.00604	0.00393	0.00611	0.00355	0.00581	0.00350	0.00520	0.05892	0.00127	0.83672	0.00226	0.00112	0.00275
31	0.00619	0.00531	0.00564	0.00512	0.00651	0.00613	0.00401	0.01305	0.84962	0.01044	0.01043	0.01032	0.00804	0.00360	0.00262	0.00087	0.00202	0.04360	0.00256	0.00392
32	0.00315	0.00267	0.00273	0.00273	0.00357	0.00232	0.00204	0.00407	0.04512	0.00702	0.03455	0.06713	0.80152	0.00633	0.00298	0.00086	0.00132	0.00531	0.00236	0.00222
33	0.00553	0.00553	0.00774	0.00664	0.00664	0.00774	0.00553	0.00608	0.00387	0.00608	0.00332	0.00553	0.00332	0.00443	0.00830	0.00111	0.90652	0.00221	0.00111	0.00277
34	0.79592	0.00498	0.01478	0.04126	0.02571	0.00562	0.00317	0.01767	0.02136	0.02996	0.01112	0.00465	0.00317	0.00247	0.00177	0.00835	0.00207	0.00153	0.00160	0.00284
35	0.00507	0.01308	0.89804	0.00721	0.01094	0.00587	0.00934	0.00801	0.00534	0.00801	0.00454	0.00534	0.00320	0.00240	0.00240	0.00080	0.00374	0.00187	0.00107	0.00374
36	0.00299	0.00255	0.00257	0.00258	0.00342	0.00213	0.00193	0.00363	0.00575	0.00682	0.02540	0.04020	0.87861	0.00643	0.00299	0.00086	0.00128	0.00537	0.00235	0.00213
37	0.00625	0.00604	0.01045	0.01532	0.85952	0.00602	0.04346	0.00777	0.00577	0.00825	0.00477	0.00628	0.00400	0.00225	0.00252	0.00076	0.00305	0.00228	0.00125	0.00398
38	0.00626	0.00600	0.01018	0.01534	0.87978	0.00601	0.00769	0.00786	0.02129	0.00830	0.00485	0.00631	0.00407	0.00227	0.00250	0.00075	0.00299	0.00226	0.00127	0.00400

[dist]
# distance from previous block
# <min> <max>
0	0

# created by:
# /share/home/app/bin/augustus-3.3.1/scripts/msa2prfl.pl /dev/shm/tmp/pt-rosids/msas/rpl33.aln --setname=rpl33
