[name]
rpoA

[dist]
# distance from previous block
# <min> <max>
0	8

[block]
# block no. 0 follows, 131 sequences, length 8
# corresponding to MSA columns:
# 8-15
name=unknown_A
#
# <colnr> <probs for GDERKNQSTAVLIFYWHMCP>
#	G	D	E	R	K	N	Q	S	T	A	V	L	I	F	Y	W	H	M	C	P
0	0.00372	0.00266	0.00372	0.00426	0.00479	0.00266	0.00372	0.00479	0.00532	0.00692	0.01223	0.02606	0.01330	0.00638	0.00319	0.00106	0.00213	0.88883	0.00213	0.00213
1	0.06244	0.00255	0.00317	0.00297	0.00362	0.00241	0.00227	0.00470	0.00630	0.03604	0.76534	0.01654	0.04890	0.00459	0.00264	0.00074	0.00119	0.02889	0.00246	0.00224
2	0.00463	0.00459	0.00828	0.67445	0.01452	0.00540	0.18480	0.00618	0.00472	0.00618	0.00415	0.00610	0.00316	0.00235	0.00273	0.00079	0.06104	0.00219	0.00105	0.00267
3	0.00474	0.07582	0.84391	0.00640	0.00971	0.00563	0.00822	0.00729	0.00487	0.00719	0.00408	0.00480	0.00293	0.00218	0.00215	0.00072	0.00335	0.00167	0.00098	0.00338
4	0.00575	0.00588	0.03465	0.03897	0.78278	0.04075	0.04309	0.00716	0.00529	0.00742	0.00432	0.00567	0.00359	0.00208	0.00230	0.00069	0.00288	0.00205	0.00114	0.00356
5	0.00310	0.00234	0.00286	0.00277	0.00336	0.00210	0.00206	0.00402	0.00609	0.00827	0.61858	0.06155	0.26413	0.00515	0.00274	0.00075	0.00112	0.00448	0.00242	0.00210
6	0.00474	0.00450	0.03292	0.18426	0.18443	0.00461	0.00457	0.00759	0.28064	0.00759	0.00990	0.01014	0.19634	0.00323	0.00237	0.00073	0.00216	0.00278	0.00171	0.05480
7	0.00336	0.00240	0.00300	0.00287	0.00349	0.00217	0.00217	0.00432	0.00618	0.03386	0.64293	0.04359	0.20615	0.00503	0.00273	0.00075	0.00117	0.02921	0.00245	0.00217

[dist]
# distance from previous block
# <min> <max>
4	6

[block]
# block no. 1 follows, 131 sequences, length 54
# corresponding to MSA columns:
# 24-77
name=unknown_B
#
# <colnr> <probs for GDERKNQSTAVLIFYWHMCP>
#	G	D	E	R	K	N	Q	S	T	A	V	L	I	F	Y	W	H	M	C	P
0	0.00288	0.00210	0.00288	0.02417	0.00372	0.00199	0.01022	0.00333	0.00446	0.00595	0.02242	0.87817	0.01497	0.00705	0.00293	0.00093	0.00140	0.00640	0.00212	0.00191
1	0.01330	0.00606	0.01930	0.06363	0.04878	0.00582	0.75909	0.00723	0.00531	0.00727	0.00455	0.00613	0.00346	0.00206	0.00285	0.00078	0.03754	0.00261	0.00115	0.00308
2	0.00401	0.00201	0.00301	0.00301	0.00301	0.00201	0.00201	0.00301	0.00301	0.00401	0.00401	0.00702	0.00401	0.00803	0.00903	0.93277	0.00201	0.00201	0.00100	0.00100
3	0.00568	0.00544	0.00922	0.03895	0.86063	0.00549	0.00700	0.00717	0.02425	0.00755	0.00445	0.00579	0.00372	0.00209	0.00229	0.00069	0.00273	0.00207	0.00117	0.00363
4	0.00431	0.00215	0.00215	0.00215	0.00269	0.00215	0.00162	0.00538	0.00485	0.00861	0.00754	0.00861	0.00592	0.00269	0.00162	0.00054	0.00108	0.00215	0.93162	0.00215
5	0.00323	0.00235	0.00304	0.00288	0.00343	0.00216	0.00216	0.00427	0.00642	0.00901	0.83219	0.04145	0.06903	0.00485	0.00273	0.00074	0.00110	0.00428	0.00251	0.00216
6	0.00463	0.01195	0.90682	0.00659	0.01000	0.00537	0.00854	0.00732	0.00488	0.00732	0.00415	0.00488	0.00293	0.00220	0.00220	0.00073	0.00341	0.00171	0.00098	0.00341
7	0.00870	0.00641	0.00687	0.00527	0.00709	0.00709	0.00435	0.88276	0.01075	0.01441	0.00557	0.00570	0.00400	0.01704	0.00246	0.00072	0.00254	0.00210	0.00230	0.00389
8	0.00441	0.00414	0.00693	0.88198	0.02925	0.00515	0.00637	0.00605	0.02195	0.00600	0.00421	0.00620	0.00317	0.00232	0.00231	0.00077	0.00305	0.00206	0.00105	0.00260
9	0.02952	0.01947	0.01173	0.04190	0.03067	0.02128	0.00339	0.00903	0.15587	0.40033	0.21990	0.01015	0.02997	0.00332	0.00239	0.00073	0.00184	0.00279	0.00245	0.00328
10	0.00618	0.87568	0.03852	0.00407	0.00607	0.02645	0.00410	0.00698	0.00474	0.00550	0.00325	0.00375	0.00296	0.00199	0.00152	0.00050	0.00253	0.00125	0.00099	0.00297
11	0.02583	0.00657	0.00677	0.01248	0.00711	0.05169	0.00433	0.81372	0.01037	0.01387	0.00543	0.00550	0.00388	0.00274	0.00227	0.00069	0.00259	0.00204	0.01833	0.00380
12	0.00572	0.00555	0.00918	0.06123	0.83605	0.02727	0.00699	0.00708	0.00526	0.00742	0.00432	0.00570	0.00361	0.00208	0.00228	0.00069	0.00280	0.00204	0.00114	0.00358
13	0.00457	0.00422	0.00693	0.86296	0.01542	0.00525	0.00631	0.04591	0.00489	0.00629	0.00416	0.00612	0.00312	0.00235	0.00237	0.00077	0.01260	0.00205	0.00108	0.00263
14	0.00282	0.00201	0.00268	0.00321	0.00334	0.00188	0.00213	0.00322	0.00441	0.00588	0.01265	0.90302	0.01517	0.02165	0.00309	0.00096	0.00135	0.00652	0.00213	0.00187
15	0.00358	0.00267	0.00378	0.00369	0.00411	0.00308	0.00284	0.03764	0.00397	0.00570	0.00621	0.00940	0.00588	0.10082	0.74912	0.00333	0.02965	0.00253	0.01992	0.00209
16	0.00330	0.00248	0.00371	0.00371	0.00413	0.00289	0.00289	0.00413	0.00371	0.00536	0.00619	0.00908	0.00578	0.01733	0.90964	0.00371	0.00619	0.00248	0.00124	0.00206
17	0.93512	0.00447	0.00340	0.00304	0.00447	0.00518	0.00250	0.00679	0.00393	0.01037	0.00322	0.00375	0.00250	0.00214	0.00143	0.00071	0.00179	0.00125	0.00143	0.00250
18	0.00436	0.00411	0.00693	0.91324	0.01591	0.00513	0.00642	0.00590	0.00462	0.00590	0.00411	0.00616	0.00308	0.00231	0.00231	0.00077	0.00308	0.00205	0.00103	0.00257
19	0.00336	0.00225	0.00255	0.00255	0.00255	0.00225	0.00143	0.00338	0.00337	0.00450	0.00726	0.01499	0.00834	0.89965	0.03083	0.00227	0.00232	0.00334	0.00140	0.00141
20	0.00277	0.00233	0.00239	0.00240	0.00314	0.00196	0.00178	0.00336	0.00528	0.00636	0.06479	0.04893	0.82626	0.01446	0.00282	0.00080	0.00118	0.00488	0.00216	0.00195
21	0.00285	0.00204	0.00271	0.00324	0.00340	0.00191	0.00219	0.00327	0.00447	0.00594	0.01288	0.87259	0.02841	0.00719	0.00295	0.00094	0.00137	0.03762	0.00214	0.00189
22	0.00901	0.00585	0.00651	0.00500	0.00681	0.00627	0.00412	0.69235	0.00983	0.20150	0.00634	0.00617	0.00437	0.01245	0.00241	0.00071	0.00240	0.00215	0.01186	0.00389
23	0.00481	0.00412	0.00480	0.00345	0.00549	0.00314	0.00276	0.00595	0.02342	0.00757	0.00422	0.00487	0.00350	0.00174	0.00172	0.00035	0.00171	0.00139	0.00139	0.91359
24	0.00282	0.00201	0.00268	0.00322	0.00335	0.00188	0.00214	0.00322	0.00442	0.00590	0.01274	0.91729	0.01528	0.00724	0.00295	0.00094	0.00134	0.00657	0.00214	0.00188
25	0.00382	0.00288	0.00417	0.05606	0.05970	0.00292	0.00397	0.00490	0.00525	0.00685	0.01169	0.04852	0.04199	0.00590	0.00306	0.00101	0.00216	0.73091	0.00201	0.00223
26	0.00562	0.00539	0.00921	0.07697	0.84233	0.00547	0.00704	0.00701	0.00522	0.00743	0.00433	0.00575	0.00362	0.00208	0.00229	0.00069	0.00277	0.00206	0.00114	0.00358
27	0.93512	0.00447	0.00340	0.00304	0.00447	0.00518	0.00250	0.00679	0.00393	0.01037	0.00322	0.00375	0.00250	0.00214	0.00143	0.00071	0.00179	0.00125	0.00143	0.00250
28	0.00545	0.00623	0.01363	0.00974	0.01208	0.00584	0.89599	0.00740	0.00545	0.00740	0.00467	0.00623	0.00351	0.00195	0.00273	0.00078	0.00390	0.00273	0.00117	0.00312
29	0.02438	0.00394	0.00533	0.00409	0.00588	0.00342	0.00338	0.01119	0.00657	0.89241	0.00903	0.00780	0.00567	0.00285	0.00231	0.00071	0.00196	0.00231	0.00284	0.00391
30	0.00613	0.89496	0.03696	0.00403	0.00604	0.00904	0.00408	0.00693	0.00470	0.00549	0.00324	0.00374	0.00296	0.00198	0.00150	0.00050	0.00250	0.00125	0.00099	0.00298
31	0.00575	0.00496	0.00522	0.00470	0.00601	0.00575	0.00366	0.01228	0.90021	0.00967	0.00940	0.00862	0.00705	0.00313	0.00235	0.00078	0.00183	0.00261	0.00235	0.00366
32	0.00273	0.00234	0.00235	0.00235	0.00312	0.00195	0.00176	0.00331	0.00526	0.00624	0.02326	0.03446	0.89131	0.00587	0.00273	0.00078	0.00117	0.00490	0.00215	0.00195
33	0.93512	0.00447	0.00340	0.00304	0.00447	0.00518	0.00250	0.00679	0.00393	0.01037	0.00322	0.00375	0.00250	0.00214	0.00143	0.00071	0.00179	0.00125	0.00143	0.00250
34	0.00274	0.00234	0.00235	0.00235	0.00313	0.00195	0.00176	0.00333	0.00529	0.00629	0.03865	0.02215	0.88816	0.00583	0.00273	0.00078	0.00117	0.00486	0.00215	0.00195
35	0.01015	0.00388	0.00529	0.00407	0.00582	0.00336	0.00336	0.01105	0.00661	0.87849	0.03652	0.00815	0.00621	0.00292	0.00234	0.00072	0.00194	0.00238	0.00285	0.00388
36	0.00368	0.00265	0.00365	0.00414	0.00468	0.00264	0.00359	0.00476	0.01323	0.00696	0.03412	0.03880	0.04708	0.00631	0.00315	0.00104	0.00205	0.81318	0.00214	0.00213
37	0.00436	0.00411	0.00693	0.91324	0.01591	0.00513	0.00642	0.00590	0.00462	0.00590	0.00411	0.00616	0.00308	0.00231	0.00231	0.00077	0.00308	0.00205	0.00103	0.00257
38	0.00445	0.00419	0.00708	0.85699	0.07150	0.00516	0.00646	0.00598	0.00466	0.00601	0.00412	0.00613	0.00312	0.00229	0.00231	0.00076	0.00306	0.00205	0.00103	0.00264
39	0.03095	0.00387	0.00519	0.00403	0.00572	0.00341	0.00331	0.01782	0.01374	0.81479	0.06524	0.00835	0.00666	0.00296	0.00233	0.00072	0.00191	0.00242	0.00280	0.00379
40	0.00282	0.00201	0.00268	0.00322	0.00335	0.00188	0.00214	0.00322	0.00442	0.00590	0.01274	0.91729	0.01528	0.00724	0.00295	0.00094	0.00134	0.00657	0.00214	0.00188
41	0.00283	0.00202	0.00268	0.00320	0.00334	0.00188	0.00213	0.00322	0.00440	0.00587	0.01263	0.90028	0.01515	0.02442	0.00312	0.00096	0.00136	0.00651	0.00213	0.00187
42	0.87608	0.00448	0.00355	0.00313	0.00458	0.00514	0.00258	0.02444	0.00419	0.05003	0.00352	0.00397	0.00267	0.00219	0.00149	0.00071	0.00181	0.00131	0.00151	0.00259
43	0.00463	0.01195	0.90682	0.00659	0.01000	0.00537	0.00854	0.00732	0.00488	0.00732	0.00415	0.00488	0.00293	0.00220	0.00220	0.00073	0.00341	0.00171	0.00098	0.00341
44	0.00290	0.00245	0.00253	0.00255	0.00331	0.00214	0.00192	0.00375	0.04543	0.00640	0.02187	0.07171	0.78885	0.00582	0.00274	0.00080	0.00124	0.02942	0.00215	0.00203
45	0.00466	0.02976	0.88928	0.00653	0.00992	0.00544	0.00845	0.00731	0.00487	0.00728	0.00413	0.00486	0.00293	0.00219	0.00218	0.00073	0.00340	0.00170	0.00098	0.00341
46	0.93512	0.00447	0.00340	0.00304	0.00447	0.00518	0.00250	0.00679	0.00393	0.01037	0.00322	0.00375	0.00250	0.00214	0.00143	0.00071	0.00179	0.00125	0.00143	0.00250
47	0.00575	0.00496	0.00522	0.00470	0.00601	0.00575	0.00366	0.01228	0.90021	0.00967	0.00940	0.00862	0.00705	0.00313	0.00235	0.00078	0.00183	0.00261	0.00235	0.00366
48	0.00455	0.00242	0.00249	0.01216	0.00310	0.00248	0.00184	0.05568	0.00517	0.00888	0.00737	0.00842	0.00578	0.00287	0.01271	0.00059	0.00124	0.00215	0.85784	0.00226
49	0.00274	0.00234	0.00236	0.00235	0.00313	0.00196	0.00176	0.00334	0.00529	0.00630	0.04032	0.02214	0.88650	0.00583	0.00273	0.00078	0.00117	0.00486	0.00215	0.00196
50	0.00570	0.00492	0.00518	0.00466	0.00596	0.00568	0.00363	0.01213	0.88497	0.00961	0.00964	0.00885	0.02232	0.00318	0.00236	0.00078	0.00182	0.00265	0.00235	0.00363
51	0.01522	0.00412	0.00682	0.87574	0.01546	0.00512	0.00627	0.01980	0.00471	0.00613	0.00417	0.00616	0.00313	0.00232	0.00229	0.00076	0.00303	0.00205	0.01411	0.00258
52	0.01013	0.00388	0.00529	0.00407	0.00582	0.00336	0.00336	0.01103	0.00661	0.87588	0.03912	0.00818	0.00626	0.00292	0.00234	0.00072	0.00194	0.00239	0.00285	0.00387
53	0.00578	0.00560	0.00920	0.02190	0.85636	0.02697	0.00695	0.00724	0.02390	0.00753	0.00443	0.00575	0.00371	0.00209	0.00228	0.00069	0.00276	0.00206	0.00117	0.00363

[dist]
# distance from previous block
# <min> <max>
0	2

[block]
# block no. 2 follows, 131 sequences, length 91
# corresponding to MSA columns:
# 80-170
name=unknown_C
#
# <colnr> <probs for GDERKNQSTAVLIFYWHMCP>
#	G	D	E	R	K	N	Q	S	T	A	V	L	I	F	Y	W	H	M	C	P
0	0.00735	0.00533	0.00577	0.00459	0.00595	0.00584	0.00362	0.65807	0.00886	0.01187	0.00599	0.01862	0.00509	0.21301	0.00466	0.02519	0.00245	0.00243	0.00207	0.00325
1	0.00493	0.08102	0.76056	0.00677	0.05522	0.01770	0.01822	0.00734	0.00493	0.01685	0.00414	0.00487	0.00300	0.00218	0.00215	0.00071	0.00331	0.00170	0.00101	0.00339
2	0.00599	0.00603	0.00906	0.02551	0.80198	0.09656	0.00682	0.00729	0.00538	0.00734	0.00427	0.00557	0.00358	0.00209	0.00227	0.00068	0.00289	0.00200	0.00115	0.00355
3	0.00279	0.00237	0.00242	0.00242	0.00318	0.00201	0.00181	0.00347	0.01864	0.00636	0.04631	0.05224	0.83643	0.00583	0.00273	0.00078	0.00118	0.00488	0.00216	0.00198
4	0.00516	0.00422	0.00491	0.00356	0.00557	0.00334	0.00285	0.03917	0.03628	0.03859	0.00452	0.00506	0.00365	0.00184	0.00178	0.00038	0.00175	0.00147	0.00149	0.83442
5	0.00506	0.00506	0.00708	0.00607	0.00607	0.00708	0.00506	0.00556	0.00354	0.00556	0.00303	0.00506	0.00303	0.00404	0.00758	0.00101	0.91456	0.00202	0.00101	0.00253
6	0.00468	0.03755	0.88161	0.00651	0.00989	0.00547	0.00841	0.00731	0.00487	0.00726	0.00412	0.00485	0.00293	0.00219	0.00218	0.00073	0.00339	0.00169	0.00098	0.00340
7	0.00332	0.00243	0.00348	0.00349	0.00383	0.00276	0.00261	0.00400	0.00368	0.00527	0.00647	0.02044	0.00633	0.16853	0.73555	0.00339	0.00540	0.00267	0.01442	0.00195
8	0.00867	0.00640	0.00686	0.00527	0.00709	0.00709	0.00435	0.87260	0.02475	0.01437	0.00563	0.00571	0.00403	0.01322	0.00242	0.00071	0.00253	0.00210	0.00230	0.00390
9	0.00584	0.00516	0.00528	0.00483	0.01939	0.04818	0.00371	0.04295	0.76062	0.00944	0.00946	0.00916	0.03685	0.00324	0.00237	0.00078	0.00196	0.02500	0.00226	0.00353
10	0.00288	0.00243	0.00268	0.02224	0.02677	0.00212	0.00204	0.00350	0.00520	0.00633	0.05456	0.10601	0.73378	0.01558	0.00283	0.00081	0.00128	0.00486	0.00210	0.00200
11	0.01857	0.00283	0.00353	0.00320	0.00404	0.00264	0.00247	0.00579	0.06334	0.13514	0.53165	0.03245	0.11821	0.00448	0.00262	0.00074	0.00134	0.03696	0.00246	0.02756
12	0.93512	0.00447	0.00340	0.00304	0.00447	0.00518	0.00250	0.00679	0.00393	0.01037	0.00322	0.00375	0.00250	0.00214	0.00143	0.00071	0.00179	0.00125	0.00143	0.00250
13	0.00283	0.00239	0.00243	0.00241	0.00319	0.00202	0.00181	0.01486	0.00537	0.00644	0.05031	0.03616	0.85031	0.00580	0.00273	0.00078	0.00119	0.00485	0.00216	0.00198
14	0.00543	0.00642	0.04356	0.00963	0.01201	0.00583	0.86625	0.00740	0.00543	0.00740	0.00466	0.00619	0.00349	0.00196	0.00271	0.00078	0.00388	0.00269	0.00116	0.00313
15	0.00463	0.01195	0.90682	0.00659	0.01000	0.00537	0.00854	0.00732	0.00488	0.00732	0.00415	0.00488	0.00293	0.00220	0.00220	0.00073	0.00341	0.00171	0.00098	0.00341
16	0.00866	0.00641	0.00687	0.00528	0.00712	0.00709	0.00436	0.86365	0.03661	0.01436	0.00565	0.00563	0.00402	0.00278	0.00231	0.00069	0.00252	0.00209	0.00230	0.01161
17	0.00330	0.00238	0.00301	0.00284	0.00344	0.00216	0.00214	0.00431	0.00635	0.02222	0.75945	0.01786	0.15219	0.00486	0.00272	0.00073	0.00112	0.00425	0.00249	0.00217
18	0.00501	0.03914	0.00711	0.01295	0.00605	0.00694	0.00492	0.00555	0.00360	0.00555	0.00320	0.00520	0.00316	0.00458	0.04971	0.00112	0.83067	0.00201	0.00102	0.00252
19	0.00467	0.03490	0.88422	0.00652	0.00990	0.00546	0.00842	0.00731	0.00487	0.00727	0.00412	0.00485	0.00293	0.00219	0.00218	0.00073	0.00339	0.00170	0.00098	0.00340
20	0.00273	0.00233	0.00235	0.00237	0.00313	0.00195	0.00177	0.00331	0.00524	0.00623	0.02310	0.04820	0.87768	0.00589	0.00274	0.00078	0.00118	0.00493	0.00215	0.00195
21	0.00283	0.00202	0.00268	0.00320	0.00333	0.00189	0.00213	0.00322	0.00440	0.00586	0.01261	0.89587	0.01512	0.02888	0.00316	0.00097	0.00136	0.00649	0.00213	0.00187
22	0.00370	0.00265	0.00369	0.00421	0.00475	0.00264	0.00368	0.00475	0.00532	0.00690	0.01250	0.02597	0.03470	0.00637	0.00318	0.00106	0.00210	0.86758	0.00213	0.00212
23	0.00863	0.01101	0.00655	0.00595	0.00714	0.90952	0.00446	0.00923	0.00655	0.00566	0.00357	0.00417	0.00298	0.00238	0.00208	0.00060	0.00417	0.00149	0.00119	0.00268
24	0.00282	0.00201	0.00268	0.00322	0.00335	0.00188	0.00214	0.00322	0.00442	0.00590	0.01274	0.91729	0.01528	0.00724	0.00295	0.00094	0.00134	0.00657	0.00214	0.00188
25	0.00588	0.00567	0.00924	0.01372	0.85585	0.03101	0.00695	0.03019	0.00544	0.00768	0.00436	0.00567	0.00365	0.00209	0.00228	0.00068	0.00278	0.00204	0.00118	0.00364
26	0.00466	0.01929	0.89029	0.00664	0.01917	0.00540	0.00849	0.00731	0.00488	0.00730	0.00414	0.00488	0.00293	0.00219	0.00219	0.00073	0.00340	0.00171	0.00098	0.00341
27	0.00274	0.00234	0.00235	0.00235	0.00312	0.00195	0.00176	0.00333	0.00528	0.00628	0.03364	0.02218	0.89319	0.00584	0.00273	0.00078	0.00117	0.00487	0.00215	0.00195
28	0.01159	0.00238	0.00307	0.00290	0.00345	0.00220	0.00217	0.00435	0.00647	0.00917	0.86535	0.02509	0.04364	0.00475	0.00272	0.00073	0.00110	0.00419	0.00252	0.00217
29	0.00283	0.00202	0.00268	0.00320	0.00334	0.00188	0.00213	0.00322	0.00440	0.00587	0.01263	0.90054	0.01515	0.02416	0.00311	0.00096	0.00136	0.00651	0.00213	0.00187
30	0.00445	0.00419	0.00708	0.85741	0.07108	0.00516	0.00646	0.00598	0.00466	0.00601	0.00412	0.00613	0.00312	0.00229	0.00231	0.00076	0.00306	0.00205	0.00103	0.00263
31	0.04971	0.00638	0.00678	0.00522	0.00705	0.00708	0.00431	0.85736	0.01056	0.01438	0.00544	0.00547	0.00387	0.00275	0.00227	0.00069	0.00251	0.00204	0.00227	0.00387
32	0.00854	0.01073	0.00653	0.00592	0.00709	0.86935	0.00445	0.00922	0.01924	0.01541	0.00370	0.00429	0.00307	0.00243	0.00220	0.00061	0.02178	0.00152	0.00122	0.00270
33	0.00284	0.00202	0.00267	0.00318	0.00331	0.00189	0.00211	0.00322	0.00439	0.00584	0.01260	0.87160	0.02266	0.04559	0.00332	0.00099	0.00138	0.00642	0.00211	0.00186
34	0.00330	0.00248	0.00371	0.00371	0.00413	0.00289	0.00289	0.00413	0.00371	0.00536	0.00619	0.00908	0.00578	0.01733	0.90964	0.00371	0.00619	0.00248	0.00124	0.00206
35	0.92347	0.00446	0.00342	0.00305	0.00449	0.00516	0.00251	0.00685	0.00397	0.02165	0.00329	0.00381	0.00254	0.00215	0.00144	0.00071	0.00179	0.00126	0.00145	0.00252
36	0.00521	0.00440	0.00464	0.00421	0.00541	0.00491	0.00327	0.02444	0.67713	0.02238	0.01224	0.01852	0.18959	0.00373	0.00244	0.00078	0.00171	0.00939	0.00231	0.00329
37	0.01973	0.00409	0.00608	0.47468	0.02162	0.00492	0.03077	0.08337	0.00510	0.00734	0.00486	0.00647	0.00378	0.00263	0.00279	0.00074	0.11242	0.00208	0.20391	0.00262
38	0.11033	0.46283	0.02337	0.00487	0.03204	0.30283	0.00413	0.02481	0.00535	0.00632	0.00342	0.00397	0.00296	0.00215	0.00172	0.00056	0.00297	0.00137	0.00113	0.00287
39	0.03719	0.00395	0.00531	0.00408	0.00586	0.00345	0.00337	0.01113	0.00654	0.88001	0.00894	0.00775	0.00563	0.00284	0.00230	0.00071	0.00196	0.00229	0.00282	0.00389
40	0.00690	0.00504	0.00555	0.00455	0.00583	0.00550	0.00359	0.60108	0.00859	0.01153	0.01374	0.15618	0.00654	0.11480	0.03876	0.00104	0.00244	0.00300	0.00213	0.00320
41	0.00273	0.00234	0.00235	0.00235	0.00312	0.00195	0.00176	0.00331	0.00525	0.00624	0.02326	0.03489	0.89089	0.00587	0.00273	0.00078	0.00117	0.00490	0.00215	0.00195
42	0.00441	0.00230	0.00235	0.00230	0.00287	0.00233	0.00173	0.03516	0.00500	0.00865	0.00750	0.01800	0.00600	0.02072	0.01635	0.00063	0.00123	0.00223	0.85804	0.00219
43	0.00380	0.00247	0.00319	0.00295	0.00356	0.00227	0.00220	0.00477	0.00626	0.07835	0.72740	0.01661	0.06117	0.07085	0.00335	0.00084	0.00125	0.00401	0.00247	0.00225
44	0.00565	0.00563	0.01561	0.05225	0.71990	0.01908	0.10635	0.00714	0.01530	0.00742	0.00439	0.00579	0.00363	0.00211	0.00243	0.00071	0.01983	0.00213	0.00115	0.00351
45	0.93512	0.00447	0.00340	0.00304	0.00447	0.00518	0.00250	0.00679	0.00393	0.01037	0.00322	0.00375	0.00250	0.00214	0.00143	0.00071	0.00179	0.00125	0.00143	0.00250
46	0.00483	0.00413	0.00481	0.00344	0.00549	0.00312	0.00275	0.01498	0.00485	0.00760	0.00412	0.00480	0.00343	0.00172	0.00172	0.00035	0.00172	0.00138	0.00138	0.92337
47	0.78419	0.00439	0.00390	0.12409	0.00601	0.00511	0.00304	0.00673	0.00410	0.02639	0.01310	0.00429	0.00285	0.00221	0.00158	0.00072	0.00196	0.00141	0.00141	0.00253
48	0.00422	0.05082	0.00417	0.00357	0.00423	0.00352	0.00284	0.08762	0.00468	0.00695	0.00620	0.00827	0.00543	0.01164	0.55769	0.00250	0.01901	0.00229	0.20434	0.01000
49	0.00321	0.00235	0.00301	0.00287	0.00342	0.00215	0.00214	0.00423	0.00635	0.00887	0.79181	0.04941	0.10173	0.00492	0.00273	0.00074	0.00111	0.00433	0.00249	0.00215
50	0.00571	0.00493	0.00519	0.00467	0.00597	0.00570	0.00363	0.01217	0.88945	0.00962	0.00957	0.00878	0.01782	0.00317	0.00236	0.00078	0.00182	0.00264	0.00235	0.00364
51	0.01032	0.00401	0.00541	0.00415	0.00594	0.00351	0.00342	0.03683	0.00674	0.88024	0.00901	0.00780	0.00567	0.00286	0.00232	0.00071	0.00198	0.00232	0.00284	0.00393
52	0.00541	0.00611	0.01317	0.04581	0.02851	0.00583	0.82748	0.00730	0.00538	0.00731	0.00462	0.00620	0.00348	0.00200	0.00279	0.00078	0.02088	0.00267	0.00116	0.00309
53	0.00627	0.88774	0.01191	0.00403	0.00597	0.04127	0.00397	0.00700	0.00476	0.00544	0.00323	0.00372	0.00297	0.00199	0.00150	0.00050	0.00253	0.00124	0.00100	0.00296
54	0.00273	0.00233	0.00235	0.00238	0.00313	0.00195	0.00177	0.00331	0.00523	0.00623	0.02297	0.05911	0.86685	0.00591	0.00274	0.00079	0.00118	0.00495	0.00215	0.00195
55	0.00285	0.00235	0.00248	0.00251	0.00321	0.00202	0.00186	0.01341	0.00532	0.00650	0.08206	0.12037	0.73528	0.00589	0.00275	0.00079	0.00120	0.00498	0.00217	0.00198
56	0.00294	0.00211	0.00277	0.00326	0.00343	0.00199	0.00219	0.02248	0.00456	0.00609	0.01258	0.89763	0.01504	0.00714	0.00294	0.00093	0.00137	0.00647	0.00215	0.00192
57	0.00485	0.00414	0.00482	0.00345	0.00550	0.00314	0.00276	0.01915	0.00488	0.00763	0.00413	0.00480	0.00343	0.00173	0.00172	0.00035	0.00172	0.00138	0.00138	0.91901
58	0.00509	0.00431	0.00495	0.01530	0.00573	0.00362	0.00297	0.06140	0.09977	0.00814	0.00511	0.00558	0.02054	0.00201	0.00184	0.00042	0.00178	0.00162	0.00154	0.74826
59	0.00810	0.00594	0.00644	0.00503	0.00668	0.00657	0.00411	0.78075	0.00995	0.01342	0.00570	0.00619	0.00426	0.03409	0.06697	0.00095	0.00275	0.00215	0.02628	0.00367
60	0.00326	0.00236	0.00308	0.00290	0.00345	0.00218	0.00218	0.00435	0.00653	0.00923	0.89370	0.01731	0.03128	0.00474	0.00273	0.00073	0.00109	0.00419	0.00254	0.00218
61	0.00479	0.01152	0.84875	0.00676	0.02659	0.00534	0.03154	0.00739	0.00494	0.02539	0.00426	0.00499	0.00301	0.00220	0.00221	0.00073	0.00339	0.00175	0.00102	0.00342
62	0.00279	0.00238	0.00239	0.00239	0.00317	0.00201	0.00179	0.00929	0.01144	0.00632	0.02309	0.03079	0.88265	0.00583	0.00273	0.00078	0.00119	0.00486	0.00215	0.00197
63	0.00310	0.00235	0.00286	0.00274	0.00335	0.00211	0.00205	0.00404	0.00614	0.00833	0.63084	0.02726	0.28621	0.00509	0.00273	0.00074	0.00112	0.00441	0.00242	0.00211
64	0.00623	0.90966	0.01203	0.00396	0.00593	0.00908	0.00395	0.00697	0.00472	0.01578	0.00328	0.00375	0.00300	0.00199	0.00149	0.00050	0.00247	0.00125	0.00101	0.00298
65	0.00830	0.01044	0.00669	0.00629	0.04307	0.82025	0.00460	0.00893	0.00632	0.00573	0.00357	0.00428	0.00301	0.00247	0.00241	0.00062	0.05758	0.00154	0.00118	0.00271
66	0.00571	0.00493	0.00519	0.00467	0.00597	0.00570	0.00363	0.01216	0.88830	0.00962	0.00959	0.00880	0.01898	0.00317	0.00236	0.00078	0.00182	0.00264	0.00235	0.00363
67	0.00545	0.00623	0.01363	0.00974	0.01208	0.00584	0.89599	0.00740	0.00545	0.00740	0.00467	0.00623	0.00351	0.00195	0.00273	0.00078	0.00390	0.00273	0.00117	0.00312
68	0.00491	0.00483	0.00676	0.00582	0.00590	0.00666	0.00483	0.00545	0.00358	0.00559	0.00331	0.00537	0.00326	0.00504	0.07864	0.00121	0.82298	0.00204	0.00104	0.02277
69	0.00274	0.00234	0.00235	0.00235	0.00313	0.00195	0.00176	0.00333	0.00529	0.00629	0.03698	0.02216	0.88984	0.00583	0.00273	0.00078	0.00117	0.00487	0.00215	0.00195
70	0.01020	0.00390	0.00531	0.00408	0.00584	0.00337	0.00337	0.01110	0.00661	0.88518	0.02986	0.00808	0.00609	0.00290	0.00233	0.00072	0.00195	0.00237	0.00285	0.00389
71	0.00774	0.00756	0.00640	0.05156	0.02977	0.33179	0.00436	0.35820	0.10968	0.00971	0.00618	0.00638	0.05478	0.00281	0.00226	0.00068	0.00300	0.00208	0.00181	0.00326
72	0.00282	0.00201	0.00268	0.00322	0.00335	0.00188	0.00214	0.00322	0.00442	0.00590	0.01274	0.91729	0.01528	0.00724	0.00295	0.00094	0.00134	0.00657	0.00214	0.00188
73	0.00562	0.00478	0.00524	0.04660	0.01497	0.00550	0.00378	0.01149	0.79023	0.02198	0.00943	0.01401	0.02038	0.00325	0.00238	0.00079	0.00189	0.03187	0.00227	0.00353
74	0.00467	0.01174	0.87617	0.00677	0.02626	0.00538	0.02279	0.00731	0.00489	0.00732	0.00416	0.00492	0.00295	0.00219	0.00221	0.00073	0.00341	0.00173	0.00098	0.00341
75	0.00499	0.00413	0.00488	0.00351	0.00555	0.00314	0.00968	0.00608	0.01489	0.03699	0.00433	0.00495	0.00354	0.00177	0.00175	0.00036	0.00174	0.00142	0.00143	0.88487
76	0.00288	0.00243	0.00252	0.00253	0.00330	0.00210	0.00193	0.00367	0.03006	0.00647	0.05316	0.03334	0.79164	0.00578	0.00275	0.00079	0.00124	0.04923	0.00216	0.00201
77	0.00695	0.43992	0.02483	0.00495	0.00646	0.32361	0.00430	0.03357	0.03483	0.00596	0.00364	0.00427	0.00316	0.00250	0.01026	0.00062	0.08467	0.00148	0.00115	0.00288
78	0.00292	0.00205	0.00266	0.00310	0.00320	0.00194	0.00202	0.00324	0.00423	0.00564	0.01171	0.75280	0.01399	0.16464	0.00453	0.01008	0.00150	0.00597	0.00201	0.00179
79	0.00443	0.00250	0.00282	0.04262	0.00366	0.00265	0.00213	0.03161	0.00487	0.01969	0.00710	0.00852	0.00571	0.02769	0.07945	0.00088	0.02646	0.00220	0.72279	0.00223
80	0.00273	0.00234	0.00234	0.00234	0.00312	0.00195	0.00176	0.00332	0.00527	0.00624	0.02341	0.02224	0.90344	0.00585	0.00273	0.00078	0.00117	0.00488	0.00215	0.00195
81	0.43562	0.01490	0.40176	0.04206	0.01736	0.00532	0.03881	0.00701	0.00445	0.00866	0.00373	0.00446	0.00277	0.00216	0.00186	0.00073	0.00265	0.00155	0.00120	0.00295
82	0.00281	0.00202	0.00267	0.00320	0.00335	0.00188	0.00214	0.00322	0.00445	0.00591	0.01301	0.89467	0.03772	0.00720	0.00294	0.00093	0.00134	0.00653	0.00214	0.00188
83	0.00543	0.00647	0.06549	0.01002	0.11305	0.00579	0.73370	0.00734	0.00538	0.00739	0.00459	0.00608	0.00348	0.00200	0.00270	0.00077	0.01339	0.00258	0.00115	0.00319
84	0.00273	0.00234	0.00235	0.00236	0.00312	0.00195	0.00176	0.00331	0.00525	0.00624	0.02323	0.03736	0.88843	0.00588	0.00273	0.00078	0.00117	0.00491	0.00215	0.00195
85	0.00466	0.01177	0.88154	0.00660	0.00997	0.00538	0.02081	0.00739	0.01766	0.00735	0.00423	0.00495	0.00299	0.00221	0.00220	0.00073	0.00340	0.00173	0.00100	0.00341
86	0.00440	0.00414	0.00699	0.89053	0.03836	0.00514	0.00643	0.00593	0.00464	0.00595	0.00411	0.00615	0.00309	0.00230	0.00231	0.00077	0.00307	0.00205	0.00103	0.00259
87	0.00826	0.01979	0.00661	0.00592	0.01546	0.75589	0.00447	0.04285	0.02019	0.02021	0.00382	0.00448	0.00316	0.00270	0.01354	0.00067	0.06637	0.00159	0.00126	0.00276
88	0.00438	0.00413	0.00693	0.88904	0.01565	0.00519	0.00638	0.00589	0.00459	0.00589	0.00408	0.00613	0.00308	0.00236	0.00245	0.00078	0.02740	0.00205	0.00103	0.00257
89	0.93512	0.00447	0.00340	0.00304	0.00447	0.00518	0.00250	0.00679	0.00393	0.01037	0.00322	0.00375	0.00250	0.00214	0.00143	0.00071	0.00179	0.00125	0.00143	0.00250
90	0.00330	0.00248	0.00371	0.00371	0.00413	0.00289	0.00289	0.00413	0.00371	0.00536	0.00619	0.00908	0.00578	0.01733	0.90964	0.00371	0.00619	0.00248	0.00124	0.00206

[dist]
# distance from previous block
# <min> <max>
16	19

[block]
# block no. 3 follows, 131 sequences, length 16
# corresponding to MSA columns:
# 198-213
name=unknown_D
#
# <colnr> <probs for GDERKNQSTAVLIFYWHMCP>
#	G	D	E	R	K	N	Q	S	T	A	V	L	I	F	Y	W	H	M	C	P
0	0.05435	0.00395	0.00518	0.00403	0.00575	0.00352	0.00331	0.01075	0.03842	0.78248	0.03547	0.00790	0.00604	0.00286	0.00228	0.00071	0.00192	0.00232	0.00273	0.02605
1	0.00341	0.00238	0.00309	0.00293	0.00350	0.00219	0.00219	0.00444	0.00637	0.03296	0.79275	0.06494	0.06038	0.00486	0.00273	0.00074	0.00113	0.00429	0.00251	0.00220
2	0.00336	0.00224	0.00252	0.00252	0.00252	0.00224	0.00140	0.00336	0.00336	0.00448	0.00728	0.01512	0.00840	0.91879	0.01176	0.00224	0.00224	0.00336	0.00140	0.00140
3	0.00368	0.00264	0.00366	0.00417	0.00471	0.00263	0.00363	0.00472	0.00532	0.00688	0.01275	0.02589	0.05438	0.00636	0.00317	0.00105	0.00208	0.84803	0.00213	0.00212
4	0.00493	0.00419	0.00487	0.00349	0.00554	0.00322	0.00280	0.03705	0.00500	0.00778	0.00416	0.00482	0.00344	0.00175	0.00173	0.00035	0.00174	0.00139	0.00140	0.90035
5	0.00324	0.00236	0.00305	0.00288	0.00343	0.00217	0.00216	0.00431	0.00647	0.00911	0.85652	0.01752	0.06854	0.00478	0.00273	0.00073	0.00109	0.00422	0.00252	0.00217
6	0.00435	0.00428	0.02471	0.77918	0.01477	0.00499	0.06610	0.00587	0.00467	0.00603	0.00467	0.06170	0.00385	0.00258	0.00237	0.00078	0.00304	0.00237	0.00110	0.00258
7	0.00838	0.01049	0.00642	0.00583	0.00700	0.84359	0.00439	0.03092	0.00652	0.00586	0.00375	0.00444	0.00313	0.00311	0.04575	0.00075	0.00422	0.00155	0.00122	0.00268
8	0.00907	0.00379	0.00504	0.00399	0.00557	0.00339	0.00325	0.01038	0.06801	0.72122	0.13194	0.00921	0.00802	0.00313	0.00238	0.00072	0.00184	0.00260	0.00278	0.00367
9	0.00863	0.01101	0.00655	0.00595	0.00714	0.90952	0.00446	0.00923	0.00655	0.00566	0.00357	0.00417	0.00298	0.00238	0.00208	0.00060	0.00417	0.00149	0.00119	0.00268
10	0.00478	0.00457	0.00638	0.00556	0.00567	0.00624	0.00458	0.02267	0.00371	0.00568	0.00373	0.00598	0.00365	0.02427	0.16876	0.00151	0.71659	0.00213	0.00108	0.00245
11	0.00878	0.00647	0.00693	0.00532	0.00717	0.00717	0.00439	0.89667	0.01086	0.01456	0.00555	0.00555	0.00393	0.00277	0.00231	0.00069	0.00254	0.00208	0.00231	0.00393
12	0.00281	0.00234	0.00245	0.00243	0.00317	0.00198	0.00182	0.00347	0.00546	0.00669	0.15459	0.02150	0.77198	0.00568	0.00273	0.00077	0.00116	0.00477	0.00221	0.00198
13	0.00506	0.00512	0.00773	0.00642	0.00670	0.00683	0.10600	0.00573	0.00376	0.00576	0.00330	0.00529	0.00316	0.00415	0.03015	0.00105	0.78806	0.00211	0.00103	0.00258
14	0.00847	0.00619	0.00665	0.00514	0.00688	0.00684	0.00422	0.83917	0.01041	0.01400	0.00560	0.00585	0.00407	0.02246	0.00263	0.01895	0.00249	0.00211	0.02409	0.00378
15	0.00330	0.00248	0.00371	0.00371	0.00413	0.00289	0.00289	0.00413	0.00371	0.00536	0.00619	0.00908	0.00578	0.01733	0.90964	0.00371	0.00619	0.00248	0.00124	0.00206

[dist]
# distance from previous block
# <min> <max>
4	8

[block]
# block no. 4 follows, 131 sequences, length 34
# corresponding to MSA columns:
# 222-255
name=unknown_E
#
# <colnr> <probs for GDERKNQSTAVLIFYWHMCP>
#	G	D	E	R	K	N	Q	S	T	A	V	L	I	F	Y	W	H	M	C	P
0	0.00537	0.01472	0.06969	0.02024	0.04656	0.00582	0.74992	0.00726	0.00532	0.00729	0.00464	0.01515	0.00357	0.00209	0.00281	0.00078	0.03187	0.00263	0.00116	0.00312
1	0.00463	0.01195	0.90682	0.00659	0.01000	0.00537	0.00854	0.00732	0.00488	0.00732	0.00415	0.00488	0.00293	0.00220	0.00220	0.00073	0.00341	0.00171	0.00098	0.00341
2	0.00277	0.00235	0.00240	0.00242	0.00319	0.00198	0.00183	0.00337	0.00527	0.00627	0.02296	0.02239	0.86810	0.00587	0.00275	0.00079	0.00121	0.03997	0.00215	0.00196
3	0.00282	0.00201	0.00268	0.00322	0.00335	0.00188	0.00214	0.00322	0.00442	0.00590	0.01274	0.91729	0.01528	0.00724	0.00295	0.00094	0.00134	0.00657	0.00214	0.00188
4	0.00336	0.00224	0.00253	0.00253	0.00254	0.00224	0.00142	0.00338	0.00343	0.00458	0.02594	0.01517	0.00868	0.89976	0.01157	0.00221	0.00222	0.00338	0.00142	0.00142
5	0.00281	0.00202	0.00267	0.00318	0.00334	0.00188	0.00213	0.00322	0.00446	0.00591	0.01315	0.88287	0.04943	0.00719	0.00294	0.00093	0.00133	0.00650	0.00214	0.00188
6	0.00463	0.01195	0.90682	0.00659	0.01000	0.00537	0.00854	0.00732	0.00488	0.00732	0.00415	0.00488	0.00293	0.00220	0.00220	0.00073	0.00341	0.00171	0.00098	0.00341
7	0.00273	0.00234	0.00234	0.00234	0.00312	0.00195	0.00176	0.00332	0.00527	0.00624	0.02341	0.02224	0.90344	0.00585	0.00273	0.00078	0.00117	0.00488	0.00215	0.00195
8	0.00401	0.00201	0.00301	0.00301	0.00301	0.00201	0.00201	0.00301	0.00301	0.00401	0.00401	0.00702	0.00401	0.00803	0.00903	0.93277	0.00201	0.00201	0.00100	0.00100
9	0.00575	0.00496	0.00522	0.00470	0.00601	0.00575	0.00366	0.01228	0.90021	0.00967	0.00940	0.00862	0.00705	0.00313	0.00235	0.00078	0.00183	0.00261	0.00235	0.00366
10	0.00856	0.03787	0.00671	0.00589	0.00711	0.88292	0.00445	0.00916	0.00649	0.00565	0.00356	0.00415	0.00298	0.00237	0.00207	0.00059	0.00412	0.00148	0.00118	0.00269
11	0.93512	0.00447	0.00340	0.00304	0.00447	0.00518	0.00250	0.00679	0.00393	0.01037	0.00322	0.00375	0.00250	0.00214	0.00143	0.00071	0.00179	0.00125	0.00143	0.00250
12	0.04913	0.00639	0.00678	0.00522	0.00705	0.00708	0.00431	0.85792	0.01056	0.01438	0.00545	0.00547	0.00387	0.00275	0.00227	0.00069	0.00251	0.00204	0.00227	0.00387
13	0.00282	0.00201	0.00268	0.00322	0.00335	0.00188	0.00214	0.00322	0.00442	0.00590	0.01274	0.91729	0.01528	0.00724	0.00295	0.00094	0.00134	0.00657	0.00214	0.00188
14	0.00575	0.00496	0.00522	0.00470	0.00601	0.00575	0.00366	0.01228	0.90021	0.00967	0.00940	0.00862	0.00705	0.00313	0.00235	0.00078	0.00183	0.00261	0.00235	0.00366
15	0.00479	0.00411	0.00479	0.00342	0.00548	0.00308	0.00274	0.00582	0.00479	0.00753	0.00411	0.00479	0.00342	0.00171	0.00171	0.00034	0.00171	0.00137	0.00137	0.93292
16	0.00577	0.00565	0.00953	0.01377	0.83939	0.02609	0.05143	0.00716	0.00530	0.00750	0.00435	0.00571	0.00364	0.00206	0.00230	0.00069	0.00283	0.00208	0.00115	0.00361
17	0.00467	0.03394	0.88516	0.00652	0.00990	0.00546	0.00843	0.00731	0.00487	0.00727	0.00412	0.00485	0.00293	0.00219	0.00218	0.00073	0.00339	0.00170	0.00098	0.00340
18	0.01034	0.00398	0.00539	0.00413	0.00592	0.00347	0.00342	0.02849	0.00670	0.88863	0.00905	0.00782	0.00569	0.00286	0.00232	0.00071	0.00198	0.00232	0.00285	0.00393
19	0.00281	0.00202	0.00267	0.00319	0.00334	0.00188	0.00213	0.00322	0.00445	0.00591	0.01306	0.88967	0.04269	0.00720	0.00294	0.00093	0.00134	0.00652	0.00214	0.00188
20	0.00495	0.00493	0.00694	0.06751	0.00673	0.02337	0.02400	0.00558	0.00372	0.00561	0.00339	0.00545	0.00326	0.00487	0.07616	0.00119	0.74673	0.00206	0.00104	0.00251
21	0.01894	0.01172	0.87480	0.00660	0.00996	0.00537	0.02648	0.00731	0.00488	0.00737	0.00414	0.00489	0.00293	0.00219	0.00219	0.00073	0.00340	0.00172	0.00099	0.00339
22	0.01037	0.00393	0.00536	0.00411	0.00590	0.00340	0.00340	0.01126	0.00661	0.90598	0.00912	0.00786	0.00572	0.00286	0.00232	0.00071	0.00197	0.00232	0.00286	0.00393
23	0.00883	0.00641	0.00689	0.00528	0.00713	0.00707	0.00437	0.87332	0.01075	0.03808	0.00564	0.00561	0.00398	0.00278	0.00231	0.00069	0.00253	0.00209	0.00233	0.00393
24	0.00441	0.00419	0.00720	0.87737	0.01576	0.00516	0.04173	0.00596	0.00465	0.00596	0.00413	0.00616	0.00310	0.00230	0.00233	0.00077	0.00311	0.00208	0.00103	0.00259
25	0.00824	0.00977	0.00660	0.00614	0.04262	0.71147	0.00452	0.05674	0.05774	0.02765	0.00415	0.00468	0.00336	0.00252	0.00237	0.00064	0.04494	0.00165	0.00135	0.00286
26	0.00282	0.00201	0.00268	0.00322	0.00335	0.00188	0.00214	0.00322	0.00442	0.00590	0.01274	0.91729	0.01528	0.00724	0.00295	0.00094	0.00134	0.00657	0.00214	0.00188
27	0.00274	0.00234	0.00236	0.00237	0.00313	0.00195	0.00177	0.00334	0.00528	0.00630	0.04204	0.03587	0.87097	0.00585	0.00273	0.00078	0.00117	0.00489	0.00215	0.00195
28	0.00653	0.65265	0.07042	0.00469	0.01727	0.18634	0.00442	0.00738	0.00506	0.00563	0.00336	0.00392	0.00297	0.00211	0.00177	0.00054	0.01964	0.00134	0.00103	0.00294
29	0.00284	0.00202	0.00267	0.00319	0.00331	0.00189	0.00211	0.00322	0.00438	0.00584	0.01250	0.87753	0.01498	0.04741	0.00334	0.00100	0.00138	0.00643	0.00211	0.00186
30	0.00333	0.00223	0.00254	0.00256	0.00257	0.00222	0.00145	0.00337	0.00347	0.00464	0.02488	0.05486	0.00896	0.86097	0.01120	0.00215	0.00218	0.00352	0.00146	0.00144
31	0.00274	0.00233	0.00236	0.00238	0.00312	0.00195	0.00177	0.00331	0.00520	0.00620	0.02272	0.05842	0.85320	0.02042	0.00288	0.00081	0.00119	0.00492	0.00213	0.00194
32	0.00479	0.00411	0.00479	0.00342	0.00548	0.00308	0.00274	0.00582	0.00479	0.00753	0.00411	0.00479	0.00342	0.00171	0.00171	0.00034	0.00171	0.00137	0.00137	0.93292
33	0.00335	0.00223	0.00252	0.00254	0.00254	0.00223	0.00142	0.00336	0.00339	0.00451	0.00741	0.03699	0.00857	0.89669	0.01155	0.00221	0.00222	0.00344	0.00142	0.00141

[dist]
# distance from previous block
# <min> <max>
9	19

[block]
# block no. 5 follows, 131 sequences, length 8
# corresponding to MSA columns:
# 288-295
name=unknown_F
#
# <colnr> <probs for GDERKNQSTAVLIFYWHMCP>
#	G	D	E	R	K	N	Q	S	T	A	V	L	I	F	Y	W	H	M	C	P
0	0.02611	0.07826	0.00694	0.02385	0.04364	0.71825	0.00447	0.03818	0.00638	0.00612	0.00412	0.00470	0.02450	0.00243	0.00206	0.00060	0.00379	0.00160	0.00123	0.00276
1	0.00530	0.00631	0.08911	0.03915	0.13331	0.00552	0.58198	0.00706	0.00521	0.00723	0.00448	0.00597	0.00346	0.00221	0.00285	0.02749	0.02369	0.00243	0.00114	0.04609
2	0.01972	0.06062	0.00678	0.03831	0.02021	0.03003	0.05938	0.01796	0.00415	0.00607	0.00405	0.00591	0.00371	0.00625	0.20183	0.00145	0.41355	0.00203	0.00114	0.09685
3	0.00579	0.02617	0.02908	0.07327	0.72646	0.06267	0.02888	0.00716	0.00528	0.00726	0.00426	0.00560	0.00354	0.00209	0.00227	0.00069	0.00289	0.00201	0.00113	0.00349
4	0.18302	0.01527	0.01848	0.00312	0.00397	0.01522	0.00247	0.01685	0.02150	0.02213	0.50254	0.03302	0.10874	0.00457	0.02690	0.00082	0.00153	0.01536	0.00217	0.00232
5	0.02845	0.00577	0.00543	0.00479	0.00615	0.12567	0.00373	0.05593	0.65285	0.03167	0.00804	0.00757	0.00605	0.00292	0.00226	0.00073	0.00217	0.00234	0.00214	0.04533
6	0.00287	0.00205	0.00265	0.00310	0.00325	0.00192	0.00205	0.00324	0.00435	0.00577	0.01265	0.78255	0.05468	0.10247	0.00386	0.00107	0.00143	0.00616	0.00207	0.00183
7	0.00521	0.00431	0.00501	0.00370	0.00563	0.00360	0.00297	0.04970	0.07161	0.03161	0.00467	0.00520	0.00377	0.00196	0.00197	0.00042	0.02726	0.00154	0.00152	0.76836

[dist]
# distance from previous block
# <min> <max>
0	3

[block]
# block no. 6 follows, 131 sequences, length 9
# corresponding to MSA columns:
# 299-307
name=unknown_G
#
# <colnr> <probs for GDERKNQSTAVLIFYWHMCP>
#	G	D	E	R	K	N	Q	S	T	A	V	L	I	F	Y	W	H	M	C	P
0	0.00311	0.00224	0.00285	0.00308	0.00334	0.00213	0.00205	0.00349	0.00415	0.00562	0.01064	0.54204	0.03712	0.22710	0.08257	0.00145	0.00199	0.00508	0.00184	0.05812
1	0.00328	0.00221	0.00254	0.00262	0.00264	0.00219	0.00151	0.00334	0.00352	0.00469	0.00809	0.14837	0.00942	0.78415	0.01046	0.00205	0.00211	0.00383	0.00151	0.00147
2	0.00594	0.02231	0.00540	0.02236	0.00615	0.05213	0.00363	0.07226	0.61542	0.02109	0.00834	0.02193	0.02100	0.00299	0.00226	0.00072	0.00200	0.00244	0.01549	0.09616
3	0.00342	0.00224	0.00252	0.00251	0.00257	0.00223	0.00144	0.00353	0.00358	0.00493	0.04215	0.01479	0.00876	0.82466	0.01076	0.00207	0.00212	0.00331	0.06093	0.00148
4	0.00481	0.00473	0.00684	0.04837	0.00645	0.00643	0.03168	0.00542	0.00371	0.00564	0.00385	0.05550	0.00388	0.00483	0.05819	0.00114	0.74264	0.00232	0.00109	0.00249
5	0.08242	0.57441	0.05807	0.00478	0.03514	0.16935	0.00431	0.00730	0.00495	0.00605	0.00336	0.00396	0.00295	0.00215	0.00185	0.00057	0.03304	0.00136	0.00107	0.00291
6	0.04002	0.00446	0.03181	0.66712	0.15093	0.00503	0.00618	0.00602	0.00473	0.00638	0.00514	0.00682	0.05096	0.00245	0.00229	0.00075	0.00289	0.00216	0.00112	0.00272
7	0.00323	0.00231	0.00296	0.00325	0.00353	0.00223	0.00223	0.05247	0.00498	0.00671	0.12189	0.70486	0.01507	0.05850	0.00339	0.00097	0.00143	0.00584	0.00216	0.00200
8	0.00845	0.08181	0.00599	0.03177	0.02201	0.03510	0.00362	0.05831	0.11400	0.52036	0.04635	0.00783	0.02171	0.00287	0.00225	0.00069	0.00209	0.00231	0.00240	0.03007

[dist]
# distance from previous block
# <min> <max>
3	7

[block]
# block no. 7 follows, 131 sequences, length 14
# corresponding to MSA columns:
# 316-329
name=unknown_H
#
# <colnr> <probs for GDERKNQSTAVLIFYWHMCP>
#	G	D	E	R	K	N	Q	S	T	A	V	L	I	F	Y	W	H	M	C	P
0	0.00572	0.00563	0.01003	0.01251	0.64508	0.00556	0.19929	0.03206	0.02417	0.00776	0.00455	0.00586	0.00370	0.00207	0.00237	0.00070	0.00294	0.00220	0.00121	0.02658
1	0.00581	0.00577	0.00885	0.09312	0.69356	0.07292	0.02836	0.00740	0.04809	0.00736	0.00452	0.00579	0.00372	0.00215	0.00229	0.00069	0.00287	0.00206	0.00120	0.00348
2	0.00467	0.01104	0.79181	0.07292	0.03627	0.00537	0.03179	0.00721	0.00489	0.00722	0.00416	0.00503	0.00297	0.00219	0.00222	0.00073	0.00338	0.00177	0.00099	0.00335
3	0.00324	0.00288	0.00345	0.01777	0.09369	0.01412	0.01740	0.00404	0.02013	0.00642	0.01949	0.08491	0.68234	0.00537	0.00269	0.00078	0.00148	0.01561	0.00200	0.00219
4	0.01974	0.00411	0.03719	0.00409	0.00572	0.00355	0.00344	0.00995	0.08003	0.63152	0.03946	0.00849	0.03312	0.00401	0.06839	0.00093	0.00225	0.00243	0.00253	0.03905
5	0.03869	0.00213	0.00270	0.00312	0.00328	0.00205	0.00206	0.00337	0.00424	0.00585	0.01149	0.74848	0.01367	0.12046	0.00413	0.02312	0.00149	0.00586	0.00200	0.00182
6	0.00565	0.00554	0.00936	0.07895	0.73812	0.02511	0.07118	0.00705	0.00525	0.00738	0.00433	0.00574	0.00359	0.00207	0.00231	0.00069	0.00286	0.00208	0.00114	0.02162
7	0.00590	0.00443	0.00532	0.00452	0.00554	0.00507	0.00364	0.40296	0.00691	0.00952	0.00574	0.00742	0.00485	0.04302	0.38678	0.00205	0.07047	0.00229	0.02066	0.00291
8	0.00278	0.00234	0.00238	0.00237	0.00310	0.00197	0.00175	0.00336	0.00522	0.00627	0.05533	0.02170	0.82643	0.05092	0.00318	0.00085	0.00122	0.00478	0.00212	0.00193
9	0.00335	0.00227	0.00268	0.00268	0.00274	0.00233	0.00161	0.00347	0.00341	0.00460	0.00713	0.01429	0.00804	0.79449	0.13557	0.00244	0.00278	0.00324	0.00138	0.00149
10	0.00275	0.00233	0.00237	0.00238	0.00314	0.00195	0.00178	0.00334	0.00528	0.00631	0.04697	0.04598	0.85585	0.00586	0.00274	0.00078	0.00117	0.00490	0.00216	0.00195
11	0.00618	0.92018	0.01211	0.00395	0.00593	0.00914	0.00395	0.00692	0.00470	0.00544	0.00321	0.00371	0.00297	0.00198	0.00148	0.00049	0.00247	0.00124	0.00099	0.00297
12	0.00545	0.00623	0.01363	0.00974	0.01208	0.00584	0.89599	0.00740	0.00545	0.00740	0.00467	0.00623	0.00351	0.00195	0.00273	0.00078	0.00390	0.00273	0.00117	0.00312
