[name]
rpoB

[dist]
# distance from previous block
# <min> <max>
1	11

[block]
# block no. 0 follows, 134 sequences, length 32
# corresponding to MSA columns:
# 11-42
name=unknown_A
#
# <colnr> <probs for GDERKNQSTAVLIFYWHMCP>
#	G	D	E	R	K	N	Q	S	T	A	V	L	I	F	Y	W	H	M	C	P
0	0.00839	0.00577	0.00634	0.00491	0.00660	0.00628	0.00402	0.73350	0.00965	0.11291	0.00592	0.00621	0.00430	0.04367	0.03010	0.00084	0.00253	0.00213	0.00226	0.00369
1	0.00589	0.00481	0.00513	0.00458	0.00589	0.00551	0.00357	0.01198	0.85240	0.05937	0.00921	0.00841	0.00684	0.00306	0.00230	0.00076	0.00180	0.00255	0.00233	0.00360
2	0.00268	0.00229	0.00230	0.00232	0.00307	0.00191	0.00173	0.00325	0.00514	0.00611	0.02269	0.04418	0.88312	0.00577	0.00268	0.00077	0.00115	0.00482	0.00210	0.00191
3	0.00470	0.00403	0.00470	0.00336	0.00537	0.00302	0.00268	0.00570	0.00470	0.00738	0.00403	0.00470	0.00336	0.00168	0.00168	0.00034	0.00168	0.00134	0.00134	0.93423
4	0.91704	0.00437	0.00337	0.00300	0.00441	0.00505	0.00247	0.00675	0.00391	0.02891	0.00328	0.00376	0.00252	0.00212	0.00142	0.00070	0.00176	0.00125	0.00143	0.00248
5	0.00318	0.00217	0.00259	0.00275	0.00282	0.00214	0.00167	0.01391	0.00373	0.00499	0.00889	0.31670	0.01041	0.59357	0.01924	0.00177	0.00195	0.00432	0.00163	0.00157
6	0.00846	0.01080	0.00642	0.00584	0.00700	0.91128	0.00438	0.00905	0.00642	0.00555	0.00350	0.00409	0.00292	0.00233	0.00204	0.00058	0.00409	0.00146	0.00117	0.00263
7	0.00531	0.00635	0.05163	0.00942	0.01175	0.00571	0.85999	0.00725	0.00532	0.00725	0.00456	0.00605	0.00341	0.00192	0.00265	0.00076	0.00380	0.00263	0.00114	0.00307
8	0.00268	0.00230	0.00230	0.00230	0.00306	0.00191	0.00172	0.00325	0.00516	0.00612	0.02295	0.02180	0.90532	0.00574	0.00268	0.00077	0.00115	0.00478	0.00210	0.00191
9	0.00535	0.00611	0.01337	0.00955	0.01184	0.00573	0.89801	0.00726	0.00535	0.00726	0.00458	0.00611	0.00344	0.00191	0.00267	0.00076	0.00382	0.00267	0.00115	0.00306
10	0.00337	0.00227	0.00255	0.00253	0.00257	0.00227	0.00144	0.01935	0.00347	0.00461	0.00739	0.02952	0.01923	0.87781	0.01112	0.00213	0.00217	0.00334	0.00141	0.00143
11	0.00454	0.01137	0.86793	0.00656	0.03129	0.00520	0.00821	0.00711	0.00483	0.00722	0.02299	0.00506	0.00328	0.00220	0.00217	0.00072	0.00328	0.00173	0.00099	0.00333
12	0.93638	0.00438	0.00333	0.00298	0.00438	0.00508	0.00245	0.00666	0.00386	0.01017	0.00315	0.00368	0.00245	0.00210	0.00140	0.00070	0.00175	0.00123	0.00140	0.00245
13	0.00329	0.00220	0.00249	0.00249	0.00250	0.00221	0.00140	0.00331	0.00330	0.00441	0.00712	0.01471	0.00819	0.90215	0.02968	0.00223	0.00227	0.00328	0.00137	0.00139
14	0.01926	0.00217	0.00223	0.00222	0.00276	0.00221	0.00168	0.00522	0.00467	0.00827	0.00724	0.00840	0.00574	0.00355	0.05952	0.00073	0.00139	0.00212	0.85853	0.00211
15	0.04118	0.00410	0.00676	0.83952	0.05406	0.00505	0.00617	0.00587	0.00453	0.00603	0.00400	0.00593	0.00302	0.00225	0.00223	0.00075	0.00296	0.00198	0.00103	0.00256
16	0.00329	0.00220	0.00247	0.00247	0.00247	0.00220	0.00137	0.00329	0.00329	0.00439	0.00714	0.01483	0.00824	0.92038	0.01153	0.00220	0.00220	0.00329	0.00137	0.00137
17	0.00275	0.00229	0.00240	0.00244	0.00315	0.00195	0.00184	0.00336	0.00519	0.00628	0.06767	0.06787	0.77844	0.00577	0.00271	0.00078	0.00119	0.03986	0.00212	0.00193
18	0.02576	0.85628	0.01137	0.00392	0.00579	0.03768	0.00384	0.00680	0.00463	0.00544	0.00321	0.00375	0.00295	0.00223	0.01816	0.00055	0.00253	0.00124	0.00099	0.00287
19	0.00510	0.00590	0.04989	0.17004	0.01201	0.00567	0.63917	0.00687	0.00505	0.00687	0.00435	0.00596	0.00331	0.00213	0.00291	0.00078	0.06751	0.00247	0.00110	0.00293
20	0.88245	0.00450	0.00353	0.00311	0.00454	0.00520	0.00256	0.05852	0.00425	0.01040	0.00329	0.00378	0.00254	0.00214	0.00145	0.00070	0.00180	0.00127	0.00145	0.00254
21	0.00278	0.00198	0.00264	0.00314	0.00329	0.00185	0.00210	0.00319	0.00441	0.00589	0.04226	0.88881	0.01520	0.00702	0.00288	0.00091	0.00131	0.00636	0.00212	0.00185
22	0.00536	0.00455	0.00514	0.10491	0.01481	0.00522	0.00379	0.01057	0.69846	0.02778	0.00944	0.00921	0.06181	0.00317	0.00233	0.00077	0.00190	0.01714	0.00214	0.01150
23	0.00460	0.04257	0.87824	0.00637	0.00967	0.00539	0.00822	0.00716	0.00478	0.00711	0.00403	0.00474	0.00287	0.00215	0.00213	0.00071	0.00332	0.00166	0.00096	0.00333
24	0.00454	0.01172	0.90864	0.00646	0.00981	0.00526	0.00837	0.00718	0.00478	0.00718	0.00407	0.00478	0.00287	0.00215	0.00215	0.00072	0.00335	0.00167	0.00096	0.00335
25	0.00280	0.00199	0.00262	0.00311	0.00323	0.00186	0.00205	0.00316	0.00427	0.00569	0.01213	0.85764	0.01453	0.06898	0.00348	0.00101	0.00137	0.00623	0.00205	0.00181
26	0.00473	0.02985	0.00470	0.00408	0.00488	0.02592	0.00325	0.21755	0.00541	0.00742	0.00577	0.00781	0.00509	0.01281	0.64669	0.00277	0.00506	0.00228	0.00146	0.00250
27	0.00561	0.00538	0.00920	0.01391	0.90624	0.00538	0.00695	0.00695	0.00516	0.00740	0.00426	0.00561	0.00359	0.00202	0.00224	0.00067	0.00269	0.00202	0.00112	0.00359
28	0.00329	0.00220	0.00247	0.00247	0.00247	0.00220	0.00137	0.00329	0.00329	0.00439	0.00714	0.01483	0.00824	0.92038	0.01153	0.00220	0.00220	0.00329	0.00137	0.00137
29	0.00474	0.00410	0.00493	0.00355	0.00555	0.00316	0.02602	0.00591	0.02778	0.00743	0.00417	0.00483	0.00345	0.00172	0.00172	0.00036	0.00174	0.00141	0.00136	0.88607
30	0.00567	0.00545	0.00876	0.01286	0.80285	0.02458	0.00658	0.00747	0.08923	0.00756	0.00471	0.00584	0.00389	0.00212	0.00224	0.00068	0.00264	0.00206	0.00123	0.00357
31	0.00293	0.00242	0.00260	0.00264	0.00338	0.00213	0.00206	0.00377	0.03418	0.00644	0.05876	0.02166	0.72002	0.00567	0.00273	0.00080	0.00129	0.12239	0.00212	0.00200

[dist]
# distance from previous block
# <min> <max>
6	53

[block]
# block no. 1 follows, 134 sequences, length 45
# corresponding to MSA columns:
# 96-140
name=unknown_B
#
# <colnr> <probs for GDERKNQSTAVLIFYWHMCP>
#	G	D	E	R	K	N	Q	S	T	A	V	L	I	F	Y	W	H	M	C	P
0	0.00274	0.00230	0.00239	0.00243	0.00315	0.00195	0.00184	0.00335	0.00518	0.00624	0.05167	0.05224	0.80409	0.00577	0.00271	0.00078	0.00119	0.04594	0.00212	0.00193
1	0.00466	0.04533	0.80731	0.00662	0.02920	0.00545	0.03811	0.00712	0.00478	0.00708	0.00403	0.00481	0.00291	0.00217	0.00225	0.00071	0.02147	0.00170	0.00097	0.00331
2	0.00329	0.00220	0.00247	0.00247	0.00247	0.00220	0.00137	0.00329	0.00329	0.00439	0.00714	0.01483	0.00824	0.92038	0.01153	0.00220	0.00220	0.00329	0.00137	0.00137
3	0.00532	0.00601	0.01298	0.04008	0.04762	0.00569	0.83260	0.00720	0.00531	0.00721	0.00455	0.00609	0.00343	0.00193	0.00264	0.00076	0.00375	0.00263	0.00114	0.00306
4	0.00276	0.00198	0.00263	0.00313	0.00328	0.00185	0.00210	0.00317	0.00438	0.00583	0.02320	0.89055	0.03265	0.00704	0.00289	0.00091	0.00131	0.00638	0.00211	0.00185
5	0.00329	0.00220	0.00248	0.00248	0.00248	0.00220	0.00138	0.00331	0.00334	0.00446	0.01986	0.01486	0.00842	0.90740	0.01141	0.00218	0.00218	0.00331	0.00139	0.00138
6	0.01179	0.00271	0.00352	0.00312	0.00391	0.00249	0.00240	0.02681	0.00649	0.17401	0.70049	0.01492	0.02980	0.00425	0.00258	0.00071	0.00127	0.00370	0.00253	0.00249
7	0.00457	0.02655	0.89403	0.00642	0.00974	0.00532	0.00830	0.00717	0.00478	0.00715	0.00405	0.00476	0.00287	0.00215	0.00214	0.00071	0.00333	0.00167	0.00096	0.00334
8	0.00557	0.00483	0.00520	0.04552	0.00633	0.00561	0.00371	0.01176	0.86181	0.00931	0.00899	0.00834	0.00674	0.00304	0.00230	0.00077	0.00185	0.00254	0.00225	0.00354
9	0.00329	0.00251	0.00374	0.00371	0.00410	0.00296	0.00290	0.00409	0.00364	0.00527	0.00597	0.00878	0.00558	0.01659	0.88350	0.00356	0.03415	0.00241	0.00121	0.00204
10	0.00535	0.00602	0.01286	0.00967	0.06636	0.00576	0.80795	0.00717	0.00526	0.00719	0.00450	0.00603	0.00343	0.00200	0.00284	0.00077	0.04003	0.00261	0.00114	0.00307
11	0.00276	0.00197	0.00263	0.00315	0.00329	0.00184	0.00210	0.00315	0.00434	0.00578	0.01249	0.91890	0.01499	0.00710	0.00289	0.00092	0.00131	0.00644	0.00210	0.00184
12	0.01340	0.00239	0.00310	0.00290	0.00348	0.00220	0.00218	0.00452	0.00630	0.04546	0.81488	0.04169	0.03964	0.00462	0.00265	0.00072	0.00112	0.00407	0.00248	0.00220
13	0.00454	0.01172	0.90864	0.00646	0.00981	0.00526	0.00837	0.00718	0.00478	0.00718	0.00407	0.00478	0.00287	0.00215	0.00215	0.00072	0.00335	0.00167	0.00096	0.00335
14	0.00483	0.00411	0.00477	0.00342	0.00543	0.00316	0.00274	0.03604	0.00490	0.00762	0.00407	0.00472	0.00337	0.00171	0.00170	0.00035	0.00171	0.00137	0.00137	0.90262
15	0.00349	0.00260	0.00343	0.00400	0.05848	0.00255	0.00261	0.08775	0.00501	0.00672	0.02207	0.76652	0.01332	0.00635	0.00279	0.00088	0.00151	0.00573	0.00206	0.00214
16	0.00288	0.00248	0.00284	0.08863	0.01448	0.00225	0.00224	0.00356	0.00509	0.00617	0.04544	0.06871	0.73651	0.00541	0.00265	0.00077	0.00135	0.00456	0.00200	0.00199
17	0.00557	0.00537	0.00891	0.01335	0.85443	0.01992	0.00673	0.00695	0.01675	0.00735	0.00455	0.03156	0.00394	0.00218	0.00226	0.00068	0.00266	0.00214	0.00117	0.00352
18	0.00463	0.02166	0.84383	0.00688	0.06421	0.00531	0.00823	0.00716	0.00480	0.00717	0.00407	0.00482	0.00291	0.00214	0.00215	0.00071	0.00330	0.00169	0.00097	0.00336
19	0.01660	0.00427	0.00734	0.77598	0.08647	0.00510	0.06046	0.00598	0.00462	0.00606	0.00407	0.00598	0.00308	0.00222	0.00228	0.00075	0.00303	0.00204	0.00103	0.00263
20	0.06269	0.81621	0.01101	0.00387	0.00574	0.02933	0.00378	0.00690	0.00464	0.02638	0.00332	0.00379	0.00297	0.00210	0.00913	0.00053	0.00244	0.00125	0.00104	0.00289
21	0.01007	0.00388	0.00526	0.00404	0.00579	0.00338	0.00334	0.01106	0.02527	0.88897	0.00894	0.00773	0.00564	0.00281	0.00228	0.00070	0.00193	0.00228	0.00279	0.00385
22	0.00322	0.00242	0.00319	0.05820	0.00410	0.00229	0.00235	0.00427	0.00618	0.00861	0.76901	0.01671	0.10175	0.00459	0.00265	0.00072	0.00119	0.00403	0.00237	0.00214
23	0.00328	0.01493	0.00371	0.00360	0.00402	0.00289	0.00280	0.00406	0.00364	0.00523	0.00607	0.00903	0.00571	0.04748	0.86845	0.00355	0.00589	0.00244	0.00122	0.00201
24	0.00467	0.01069	0.75605	0.00684	0.03180	0.01599	0.10154	0.00709	0.00483	0.00709	0.00421	0.00522	0.00310	0.02820	0.00247	0.00076	0.00336	0.00183	0.00099	0.00326
25	0.00839	0.00609	0.00658	0.00509	0.00683	0.00670	0.00418	0.83686	0.01027	0.03629	0.00584	0.04588	0.00439	0.00292	0.00229	0.00069	0.00243	0.00224	0.00227	0.00376
26	0.00288	0.00215	0.00293	0.07133	0.00419	0.00210	0.00240	0.00337	0.00436	0.00577	0.01216	0.78773	0.05261	0.02168	0.01205	0.00095	0.00150	0.00595	0.00200	0.00189
27	0.00591	0.00481	0.00513	0.00458	0.00588	0.00550	0.00357	0.01198	0.84775	0.06404	0.00920	0.00841	0.00684	0.00306	0.00230	0.00076	0.00180	0.00254	0.00234	0.00360
28	0.00324	0.00243	0.00364	0.00364	0.00405	0.00283	0.00283	0.00405	0.00364	0.00526	0.00607	0.00890	0.00566	0.01699	0.91140	0.00364	0.00607	0.00243	0.00121	0.00202
29	0.00854	0.00629	0.00674	0.00517	0.00696	0.00696	0.00426	0.88589	0.01055	0.01414	0.00546	0.00557	0.00392	0.01584	0.00240	0.00070	0.00249	0.00206	0.00225	0.00382
30	0.00850	0.00624	0.00668	0.00514	0.00692	0.00690	0.00424	0.87624	0.01050	0.01413	0.00549	0.00552	0.00390	0.00272	0.00225	0.00068	0.00246	0.00204	0.02565	0.00381
31	0.00461	0.01133	0.85400	0.00691	0.06426	0.00527	0.00828	0.00716	0.00481	0.00719	0.00408	0.00483	0.00291	0.00214	0.00216	0.00071	0.00331	0.00170	0.00097	0.00336
32	0.00282	0.00200	0.00262	0.00308	0.00320	0.00188	0.00203	0.00319	0.00426	0.00569	0.02648	0.80924	0.01438	0.10298	0.00380	0.00105	0.00140	0.00607	0.00203	0.00180
33	0.00330	0.00252	0.00376	0.00373	0.00412	0.00298	0.00291	0.00410	0.00363	0.00527	0.00595	0.00876	0.00557	0.01651	0.87817	0.00354	0.03953	0.00241	0.00121	0.00204
34	0.00317	0.00231	0.00298	0.00281	0.00336	0.00212	0.00211	0.00421	0.00633	0.00888	0.84489	0.01726	0.08166	0.00471	0.00267	0.00072	0.00107	0.00414	0.00247	0.00212
35	0.00836	0.00616	0.00663	0.00512	0.00686	0.00682	0.00422	0.85617	0.01031	0.01384	0.00548	0.00568	0.00397	0.01563	0.03328	0.00080	0.00261	0.00207	0.00222	0.00376
36	0.02632	0.00393	0.00527	0.00405	0.00579	0.00346	0.00334	0.03574	0.00656	0.86717	0.00874	0.00758	0.00550	0.00279	0.00226	0.00070	0.00194	0.00225	0.00276	0.00383
37	0.84588	0.00443	0.01375	0.06483	0.00523	0.00505	0.00280	0.00669	0.00396	0.02621	0.00333	0.00393	0.00255	0.00213	0.00148	0.00070	0.00186	0.00130	0.00140	0.00249
38	0.00278	0.00198	0.00262	0.00313	0.00325	0.00186	0.00207	0.00316	0.00429	0.00572	0.01226	0.88019	0.01470	0.04620	0.00326	0.00097	0.00135	0.00631	0.00207	0.00182
39	0.00270	0.00230	0.00233	0.00232	0.00307	0.00192	0.00174	0.00330	0.00522	0.00625	0.06044	0.02160	0.86776	0.00569	0.00268	0.00076	0.00114	0.00475	0.00212	0.00192
40	0.03033	0.00204	0.00293	0.00296	0.00300	0.00205	0.00198	0.00308	0.00308	0.00424	0.00454	0.06687	0.00471	0.02679	0.00831	0.82673	0.00192	0.00227	0.00108	0.00109
41	0.00560	0.00540	0.00931	0.01379	0.88128	0.00539	0.03182	0.00696	0.00516	0.00740	0.00427	0.00562	0.00358	0.00202	0.00226	0.00068	0.00272	0.00204	0.00112	0.00357
42	0.04192	0.00593	0.00552	0.02289	0.00635	0.14389	0.00379	0.14426	0.54754	0.00948	0.00726	0.00697	0.00547	0.00281	0.00220	0.00071	0.00227	0.00221	0.00203	0.03650
43	0.06297	0.06127	0.00666	0.09381	0.05884	0.02714	0.00432	0.54806	0.00831	0.01140	0.02609	0.00585	0.01013	0.00313	0.03566	0.00078	0.00259	0.00201	0.02761	0.00337
44	0.11435	0.00416	0.00644	0.69795	0.07171	0.00502	0.00575	0.02541	0.00465	0.00663	0.00424	0.00638	0.00335	0.00238	0.00219	0.00075	0.00281	0.03212	0.00112	0.00259

[dist]
# distance from previous block
# <min> <max>
0	3

[block]
# block no. 2 follows, 134 sequences, length 113
# corresponding to MSA columns:
# 144-256
name=unknown_C
#
# <colnr> <probs for GDERKNQSTAVLIFYWHMCP>
#	G	D	E	R	K	N	Q	S	T	A	V	L	I	F	Y	W	H	M	C	P
0	0.00534	0.00610	0.01328	0.00950	0.01176	0.00575	0.88546	0.00723	0.00532	0.00723	0.00456	0.00610	0.00343	0.00194	0.00274	0.00077	0.01665	0.00266	0.00114	0.00305
1	0.00463	0.01121	0.83639	0.00706	0.08181	0.00527	0.00826	0.00716	0.00481	0.00719	0.00408	0.00485	0.00293	0.00214	0.00216	0.00071	0.00330	0.00170	0.00097	0.00337
2	0.00536	0.00609	0.01323	0.00969	0.04170	0.00572	0.86827	0.00725	0.00534	0.00726	0.00457	0.00609	0.00344	0.00191	0.00266	0.00076	0.00378	0.00265	0.00115	0.00307
3	0.00548	0.00477	0.00526	0.02231	0.03818	0.00546	0.01267	0.01132	0.80619	0.00917	0.00948	0.00884	0.04448	0.00312	0.00232	0.00076	0.00184	0.00263	0.00222	0.00349
4	0.00271	0.00227	0.00236	0.00240	0.00310	0.00192	0.00177	0.00329	0.00515	0.00622	0.06186	0.10273	0.78485	0.00581	0.00270	0.00078	0.00116	0.00490	0.00212	0.00192
5	0.00329	0.00218	0.00247	0.00250	0.00251	0.00218	0.00141	0.00333	0.00337	0.00454	0.00741	0.05904	0.00852	0.85745	0.01091	0.00210	0.00213	0.00343	0.01981	0.00141
6	0.00269	0.00229	0.00230	0.00231	0.00305	0.00192	0.00172	0.00325	0.00512	0.00608	0.02251	0.02928	0.87798	0.02590	0.00287	0.00080	0.00117	0.00476	0.00209	0.00190
7	0.93638	0.00438	0.00333	0.00298	0.00438	0.00508	0.00245	0.00666	0.00386	0.01017	0.00315	0.00368	0.00245	0.00210	0.00140	0.00070	0.00175	0.00123	0.00140	0.00245
8	0.00838	0.01056	0.00651	0.00606	0.03304	0.86876	0.00445	0.02502	0.00646	0.00576	0.00356	0.00415	0.00295	0.00233	0.00205	0.00059	0.00402	0.00149	0.00119	0.00268
9	0.00268	0.00229	0.00230	0.00232	0.00307	0.00191	0.00173	0.00325	0.00514	0.00611	0.02271	0.04267	0.88462	0.00577	0.00268	0.00077	0.00115	0.00482	0.00210	0.00191
10	0.00470	0.00403	0.00470	0.00336	0.00537	0.00302	0.00268	0.00570	0.00470	0.00738	0.00403	0.00470	0.00336	0.00168	0.00168	0.00034	0.00168	0.00134	0.00134	0.93423
11	0.00276	0.00199	0.00261	0.00312	0.00328	0.00184	0.00209	0.00316	0.00437	0.00580	0.01293	0.88128	0.05232	0.00704	0.00288	0.00091	0.00131	0.00637	0.00210	0.00184
12	0.00365	0.00261	0.00365	0.00417	0.00469	0.00261	0.00365	0.00469	0.00522	0.00678	0.01200	0.02556	0.01304	0.00626	0.00313	0.00104	0.00209	0.89099	0.00209	0.00209
13	0.00840	0.01059	0.00640	0.00580	0.00698	0.87698	0.00436	0.02177	0.02769	0.00576	0.00367	0.00421	0.00303	0.00236	0.00205	0.00059	0.00401	0.00149	0.00121	0.00267
14	0.00858	0.00632	0.00678	0.00520	0.00701	0.00699	0.00429	0.89043	0.01060	0.01422	0.00543	0.00543	0.00385	0.00271	0.00226	0.00068	0.00249	0.00203	0.00226	0.01245
15	0.00282	0.00201	0.00267	0.00317	0.00331	0.00189	0.00212	0.01139	0.00439	0.00585	0.01237	0.90157	0.01482	0.01608	0.00297	0.00093	0.00133	0.00637	0.00210	0.00185
16	0.93638	0.00438	0.00333	0.00298	0.00438	0.00508	0.00245	0.00666	0.00386	0.01017	0.00315	0.00368	0.00245	0.00210	0.00140	0.00070	0.00175	0.00123	0.00140	0.00245
17	0.00559	0.00482	0.00508	0.00457	0.00584	0.00557	0.00356	0.01189	0.88719	0.00942	0.00945	0.00868	0.02190	0.00312	0.00231	0.00077	0.00178	0.00260	0.00230	0.00356
18	0.00753	0.00550	0.00592	0.00466	0.00610	0.00604	0.00371	0.71662	0.00916	0.01227	0.00579	0.00735	0.00474	0.18932	0.00415	0.00099	0.00243	0.00230	0.00208	0.00335
19	0.00268	0.00229	0.00230	0.00231	0.00306	0.00191	0.00173	0.00325	0.00515	0.00611	0.02275	0.03876	0.88849	0.00576	0.00268	0.00077	0.00115	0.00481	0.00210	0.00191
20	0.00318	0.00232	0.00300	0.00283	0.00337	0.00213	0.00212	0.00423	0.00636	0.00896	0.86717	0.01713	0.05933	0.00468	0.00267	0.00071	0.00107	0.00413	0.00248	0.00213
21	0.00846	0.01080	0.00642	0.00584	0.00700	0.91128	0.00438	0.00905	0.00642	0.00555	0.00350	0.00409	0.00292	0.00233	0.00204	0.00058	0.00409	0.00146	0.00117	0.00263
22	0.93638	0.00438	0.00333	0.00298	0.00438	0.00508	0.00245	0.00666	0.00386	0.01017	0.00315	0.00368	0.00245	0.00210	0.00140	0.00070	0.00175	0.00123	0.00140	0.00245
23	0.00269	0.00226	0.00233	0.00238	0.00308	0.00191	0.00176	0.00324	0.00509	0.00609	0.02196	0.10680	0.82097	0.00587	0.00270	0.00078	0.00116	0.00494	0.00210	0.00191
24	0.00330	0.00247	0.00368	0.00366	0.00408	0.00288	0.00285	0.01411	0.00372	0.00536	0.00606	0.00886	0.00564	0.01683	0.90117	0.00361	0.00603	0.00242	0.00123	0.00204
25	0.00428	0.00403	0.00680	0.91493	0.01560	0.00503	0.00629	0.00579	0.00453	0.00579	0.00403	0.00604	0.00302	0.00227	0.00227	0.00076	0.00302	0.00201	0.00101	0.00252
26	0.00284	0.00241	0.00247	0.00245	0.00322	0.00209	0.00185	0.00369	0.04347	0.00640	0.05858	0.02110	0.81567	0.00559	0.00267	0.00077	0.00119	0.01944	0.00213	0.00200
27	0.00334	0.00234	0.00306	0.00289	0.00343	0.00215	0.00216	0.00438	0.00633	0.02876	0.85038	0.05202	0.02078	0.00469	0.00267	0.00072	0.00110	0.00415	0.00249	0.00216
28	0.00270	0.00230	0.00233	0.00232	0.00308	0.00192	0.00174	0.00330	0.00522	0.00626	0.06381	0.02158	0.86438	0.00569	0.00268	0.00076	0.00114	0.00475	0.00212	0.00192
29	0.00847	0.01061	0.00644	0.00581	0.00701	0.87340	0.00437	0.04632	0.00660	0.00591	0.00358	0.00414	0.00296	0.00235	0.00205	0.00059	0.00402	0.00148	0.00121	0.00268
30	0.00535	0.00611	0.01337	0.00955	0.01184	0.00573	0.89801	0.00726	0.00535	0.00726	0.00458	0.00611	0.00344	0.00191	0.00267	0.00076	0.00382	0.00267	0.00115	0.00306
31	0.00269	0.00230	0.00231	0.00231	0.00307	0.00192	0.00173	0.00327	0.00519	0.00618	0.03963	0.02171	0.88861	0.00572	0.00268	0.00076	0.00115	0.00477	0.00211	0.00192
32	0.00277	0.00198	0.00264	0.00315	0.00329	0.00185	0.00210	0.00318	0.00438	0.00586	0.03278	0.89839	0.01513	0.00704	0.00289	0.00092	0.00131	0.00639	0.00211	0.00185
33	0.00535	0.00611	0.01337	0.00955	0.01184	0.00573	0.89801	0.00726	0.00535	0.00726	0.00458	0.00611	0.00344	0.00191	0.00267	0.00076	0.00382	0.00267	0.00115	0.00306
34	0.00861	0.00635	0.00680	0.00521	0.00703	0.00703	0.00431	0.89869	0.01065	0.01428	0.00544	0.00544	0.00385	0.00272	0.00227	0.00068	0.00249	0.00204	0.00227	0.00385
35	0.00470	0.00403	0.00470	0.00336	0.00537	0.00302	0.00268	0.00570	0.00470	0.00738	0.00403	0.00470	0.00336	0.00168	0.00168	0.00034	0.00168	0.00134	0.00134	0.93423
36	0.93638	0.00438	0.00333	0.00298	0.00438	0.00508	0.00245	0.00666	0.00386	0.01017	0.00315	0.00368	0.00245	0.00210	0.00140	0.00070	0.00175	0.00123	0.00140	0.00245
37	0.00268	0.00230	0.00230	0.00230	0.00306	0.00191	0.00172	0.00325	0.00516	0.00612	0.02295	0.02180	0.90532	0.00574	0.00268	0.00077	0.00115	0.00478	0.00210	0.00191
38	0.00324	0.00243	0.00364	0.00364	0.00405	0.00283	0.00283	0.00405	0.00364	0.00526	0.00607	0.00890	0.00566	0.01699	0.91140	0.00364	0.00607	0.00243	0.00121	0.00202
39	0.00324	0.00243	0.00364	0.00364	0.00405	0.00283	0.00283	0.00405	0.00364	0.00526	0.00607	0.00890	0.00566	0.01699	0.91140	0.00364	0.00607	0.00243	0.00121	0.00202
40	0.00437	0.00421	0.00737	0.83545	0.01527	0.00509	0.08457	0.00592	0.00460	0.00592	0.00408	0.00605	0.00306	0.00223	0.00230	0.00076	0.00309	0.00207	0.00102	0.00256
41	0.00861	0.00635	0.00680	0.00521	0.00703	0.00703	0.00431	0.89869	0.01065	0.01428	0.00544	0.00544	0.00385	0.00272	0.00227	0.00068	0.00249	0.00204	0.00227	0.00385
42	0.00462	0.02263	0.84974	0.00675	0.05006	0.00532	0.00821	0.00720	0.01208	0.00718	0.00411	0.00484	0.00294	0.00215	0.00215	0.00071	0.00329	0.00169	0.00098	0.00336
43	0.00304	0.00209	0.00276	0.00318	0.00338	0.00197	0.00215	0.01765	0.00449	0.02581	0.02669	0.84535	0.01452	0.03133	0.00310	0.00094	0.00137	0.00616	0.00211	0.00191
44	0.02963	0.85152	0.01871	0.00395	0.00585	0.04194	0.00389	0.00690	0.00467	0.01158	0.00321	0.00369	0.00291	0.00196	0.00149	0.00050	0.00247	0.00123	0.00100	0.00290
45	0.00512	0.00519	0.00677	0.00579	0.00599	0.05895	0.01386	0.01252	0.00377	0.00561	0.00320	0.00506	0.00310	0.00423	0.04018	0.00104	0.77812	0.00195	0.00103	0.03854
46	0.00809	0.01002	0.00668	0.00665	0.10148	0.78217	0.00463	0.01936	0.02936	0.00594	0.00375	0.00437	0.00310	0.00233	0.00207	0.00060	0.00386	0.00155	0.00120	0.00277
47	0.90651	0.00452	0.01930	0.00320	0.01758	0.00509	0.00262	0.00667	0.00389	0.01007	0.00319	0.00373	0.00248	0.00210	0.00143	0.00070	0.00179	0.00125	0.00139	0.00249
48	0.00273	0.00229	0.00234	0.00236	0.00306	0.00194	0.00174	0.00328	0.00503	0.00602	0.02153	0.04572	0.81212	0.06038	0.00322	0.00086	0.00123	0.02021	0.00206	0.00188
49	0.00791	0.00572	0.00622	0.00487	0.00646	0.00627	0.00395	0.75737	0.00960	0.02865	0.00582	0.04854	0.00458	0.04110	0.00293	0.03754	0.00238	0.00229	0.00217	0.01561
50	0.00329	0.00234	0.00303	0.00284	0.00340	0.00215	0.00213	0.00432	0.00633	0.02196	0.84626	0.01696	0.05628	0.01541	0.00277	0.00073	0.00110	0.00409	0.00247	0.00214
51	0.00324	0.00243	0.00364	0.00364	0.00405	0.00283	0.00283	0.00405	0.00364	0.00526	0.00607	0.00890	0.00566	0.01699	0.91140	0.00364	0.00607	0.00243	0.00121	0.00202
52	0.00582	0.00465	0.00500	0.00446	0.00574	0.00527	0.00348	0.01151	0.78748	0.07570	0.03000	0.00901	0.03535	0.00317	0.00232	0.00076	0.00177	0.00265	0.00234	0.00352
53	0.89732	0.00438	0.00342	0.00303	0.00445	0.00504	0.00250	0.01369	0.00400	0.04111	0.00337	0.00383	0.00257	0.00213	0.00144	0.00070	0.00176	0.00127	0.00146	0.00251
54	0.00564	0.00485	0.00510	0.00458	0.00586	0.00559	0.00356	0.03140	0.86416	0.00951	0.00942	0.00866	0.02523	0.00312	0.00231	0.00077	0.00180	0.00260	0.00230	0.00356
55	0.00268	0.00230	0.00230	0.00230	0.00306	0.00191	0.00172	0.00325	0.00516	0.00612	0.02295	0.02180	0.90532	0.00574	0.00268	0.00077	0.00115	0.00478	0.00210	0.00191
56	0.00270	0.00230	0.00232	0.00231	0.00307	0.00192	0.00174	0.00329	0.00521	0.00622	0.05329	0.02164	0.87492	0.00570	0.00268	0.00076	0.00114	0.00476	0.00212	0.00192
57	0.00861	0.00635	0.00680	0.00521	0.00703	0.00703	0.00431	0.89869	0.01065	0.01428	0.00544	0.00544	0.00385	0.00272	0.00227	0.00068	0.00249	0.00204	0.00227	0.00385
58	0.00606	0.92174	0.01187	0.00388	0.00582	0.00896	0.00388	0.00678	0.00460	0.00533	0.00315	0.00363	0.00291	0.00194	0.00145	0.00048	0.00242	0.00121	0.00097	0.00291
59	0.00392	0.00198	0.00296	0.00296	0.00297	0.00198	0.00198	0.00297	0.00296	0.00396	0.00397	0.00692	0.00397	0.00803	0.02469	0.91776	0.00204	0.00198	0.00099	0.00100
60	0.93638	0.00438	0.00333	0.00298	0.00438	0.00508	0.00245	0.00666	0.00386	0.01017	0.00315	0.00368	0.00245	0.00210	0.00140	0.00070	0.00175	0.00123	0.00140	0.00245
61	0.93638	0.00438	0.00333	0.00298	0.00438	0.00508	0.00245	0.00666	0.00386	0.01017	0.00315	0.00368	0.00245	0.00210	0.00140	0.00070	0.00175	0.00123	0.00140	0.00245
62	0.00428	0.00403	0.00680	0.91493	0.01560	0.00503	0.00629	0.00579	0.00453	0.00579	0.00403	0.00604	0.00302	0.00227	0.00227	0.00076	0.00302	0.00201	0.00101	0.00252
63	0.00290	0.00207	0.00270	0.00302	0.00323	0.00194	0.00204	0.00341	0.00470	0.00638	0.20561	0.63426	0.02294	0.08924	0.00362	0.00099	0.00134	0.00563	0.00212	0.00186
64	0.00459	0.02081	0.87205	0.00666	0.03712	0.00530	0.00828	0.00716	0.00479	0.00716	0.00406	0.00480	0.00289	0.00215	0.00215	0.00071	0.00332	0.00168	0.00096	0.00335
65	0.00276	0.00197	0.00263	0.00315	0.00329	0.00184	0.00210	0.00315	0.00434	0.00578	0.01249	0.91890	0.01499	0.00710	0.00289	0.00092	0.00131	0.00644	0.00210	0.00184
66	0.01821	0.01133	0.85729	0.00643	0.00969	0.00523	0.02841	0.00725	0.00482	0.02501	0.00416	0.00486	0.00293	0.00216	0.00216	0.00072	0.00331	0.00170	0.00100	0.00334
67	0.00269	0.00230	0.00231	0.00230	0.00306	0.00192	0.00173	0.00327	0.00518	0.00616	0.03549	0.02174	0.89276	0.00572	0.00268	0.00076	0.00115	0.00477	0.00211	0.00192
68	0.00606	0.92174	0.01187	0.00388	0.00582	0.00896	0.00388	0.00678	0.00460	0.00533	0.00315	0.00363	0.00291	0.00194	0.00145	0.00048	0.00242	0.00121	0.00097	0.00291
69	0.00439	0.00414	0.00700	0.83679	0.09285	0.00506	0.00635	0.00589	0.00458	0.00593	0.00405	0.00600	0.00307	0.00224	0.00226	0.00075	0.00299	0.00201	0.00102	0.00261
70	0.00561	0.00538	0.00920	0.01391	0.90624	0.00538	0.00695	0.00695	0.00516	0.00740	0.00426	0.00561	0.00359	0.00202	0.00224	0.00067	0.00269	0.00202	0.00112	0.00359
71	0.04602	0.00388	0.00518	0.00399	0.00573	0.00340	0.00330	0.01087	0.00638	0.87307	0.00871	0.00756	0.00549	0.00278	0.00224	0.00070	0.00192	0.00224	0.00275	0.00380
72	0.00435	0.00407	0.00680	0.88036	0.02831	0.00505	0.00624	0.02005	0.00464	0.00595	0.00420	0.00614	0.00992	0.00230	0.00227	0.00075	0.00299	0.00204	0.00104	0.00255
73	0.00271	0.00229	0.00234	0.00236	0.00311	0.00193	0.00178	0.00329	0.00516	0.00615	0.02969	0.04271	0.85708	0.00577	0.00269	0.00077	0.00117	0.02496	0.00211	0.00192
74	0.00394	0.00197	0.00295	0.00295	0.00295	0.00197	0.00197	0.00295	0.00295	0.00394	0.00394	0.00689	0.00394	0.00787	0.00885	0.93408	0.00197	0.00197	0.00098	0.00098
75	0.00993	0.00380	0.00518	0.00399	0.00570	0.00329	0.00329	0.01082	0.00648	0.87773	0.03894	0.00802	0.00614	0.00287	0.00229	0.00070	0.00190	0.00234	0.00279	0.00380
76	0.00428	0.00403	0.00680	0.91493	0.01560	0.00503	0.00629	0.00579	0.00453	0.00579	0.00403	0.00604	0.00302	0.00227	0.00227	0.00076	0.00302	0.00201	0.00101	0.00252
77	0.00321	0.00232	0.00303	0.00285	0.00338	0.00214	0.00214	0.00428	0.00641	0.00909	0.90505	0.01692	0.02138	0.00463	0.00267	0.00071	0.00107	0.00410	0.00249	0.00214
78	0.00861	0.00635	0.00680	0.00521	0.00703	0.00703	0.00431	0.89869	0.01065	0.01428	0.00544	0.00544	0.00385	0.00272	0.00227	0.00068	0.00249	0.00204	0.00227	0.00385
79	0.00428	0.00403	0.00680	0.91493	0.01560	0.00503	0.00629	0.00579	0.00453	0.00579	0.00403	0.00604	0.00302	0.00227	0.00227	0.00076	0.00302	0.00201	0.00101	0.00252
80	0.00561	0.00538	0.00920	0.01391	0.90624	0.00538	0.00695	0.00695	0.00516	0.00740	0.00426	0.00561	0.00359	0.00202	0.00224	0.00067	0.00269	0.00202	0.00112	0.00359
81	0.00532	0.00603	0.01312	0.00956	0.03252	0.00567	0.86434	0.00719	0.00533	0.00724	0.00469	0.01930	0.00361	0.00199	0.00267	0.00076	0.00376	0.00271	0.00116	0.00305
82	0.00561	0.00538	0.00920	0.01391	0.90624	0.00538	0.00695	0.00695	0.00516	0.00740	0.00426	0.00561	0.00359	0.00202	0.00224	0.00067	0.00269	0.00202	0.00112	0.00359
83	0.00269	0.00230	0.00231	0.00231	0.00307	0.00192	0.00173	0.00328	0.00520	0.00620	0.04520	0.02168	0.88303	0.00571	0.00268	0.00076	0.00115	0.00476	0.00211	0.00192
84	0.00861	0.00635	0.00680	0.00521	0.00703	0.00703	0.00431	0.89869	0.01065	0.01428	0.00544	0.00544	0.00385	0.00272	0.00227	0.00068	0.00249	0.00204	0.00227	0.00385
85	0.00268	0.00229	0.00230	0.00231	0.00307	0.00191	0.00173	0.00325	0.00515	0.00611	0.02272	0.04157	0.88571	0.00577	0.00268	0.00077	0.00115	0.00482	0.00210	0.00191
86	0.00276	0.00197	0.00263	0.00315	0.00329	0.00184	0.00210	0.00315	0.00434	0.00578	0.01249	0.91890	0.01499	0.00710	0.00289	0.00092	0.00131	0.00644	0.00210	0.00184
87	0.00320	0.00232	0.00302	0.00284	0.00338	0.00214	0.00213	0.00427	0.00640	0.00906	0.89608	0.01697	0.03037	0.00464	0.00267	0.00071	0.00107	0.00410	0.00249	0.00214
88	0.00276	0.00197	0.00263	0.00315	0.00329	0.00184	0.00210	0.00315	0.00434	0.00578	0.01249	0.91890	0.01499	0.00710	0.00289	0.00092	0.00131	0.00644	0.00210	0.00184
89	0.00790	0.00581	0.00629	0.00496	0.00657	0.00639	0.00404	0.78918	0.00988	0.01324	0.00630	0.11714	0.00521	0.00326	0.00234	0.00071	0.00235	0.00258	0.00225	0.00361
90	0.00858	0.00612	0.00663	0.00511	0.00688	0.00672	0.00421	0.83291	0.01030	0.06252	0.00577	0.02361	0.00417	0.00281	0.00228	0.00069	0.00244	0.00214	0.00229	0.00381
91	0.01017	0.00386	0.00526	0.00403	0.00578	0.00333	0.00333	0.01104	0.00648	0.90781	0.00894	0.00771	0.00561	0.00280	0.00228	0.00070	0.00193	0.00228	0.00280	0.00386
92	0.00365	0.00261	0.00365	0.00417	0.00469	0.00261	0.00365	0.00469	0.00522	0.00678	0.01200	0.02556	0.01304	0.00626	0.00313	0.00104	0.00209	0.89099	0.00209	0.00209
93	0.93638	0.00438	0.00333	0.00298	0.00438	0.00508	0.00245	0.00666	0.00386	0.01017	0.00315	0.00368	0.00245	0.00210	0.00140	0.00070	0.00175	0.00123	0.00140	0.00245
94	0.00737	0.00542	0.00591	0.00478	0.00623	0.00592	0.00384	0.70841	0.00931	0.01247	0.00694	0.19953	0.00622	0.00365	0.00240	0.00073	0.00224	0.00297	0.00223	0.00343
95	0.00846	0.01076	0.00642	0.00583	0.00700	0.90298	0.00438	0.01721	0.00646	0.00563	0.00352	0.00410	0.00293	0.00234	0.00204	0.00058	0.00407	0.00146	0.00118	0.00264
96	0.00277	0.00198	0.00263	0.00314	0.00327	0.00185	0.00209	0.00316	0.00432	0.00576	0.01238	0.90104	0.01485	0.02514	0.00306	0.00095	0.00133	0.00638	0.00209	0.00183
97	0.00442	0.00415	0.00699	0.82815	0.07761	0.00507	0.01354	0.01597	0.00465	0.00601	0.00419	0.00611	0.00918	0.00227	0.00227	0.00075	0.00299	0.00204	0.00104	0.00261
98	0.00454	0.01172	0.90864	0.00646	0.00981	0.00526	0.00837	0.00718	0.00478	0.00718	0.00407	0.00478	0.00287	0.00215	0.00215	0.00072	0.00335	0.00167	0.00096	0.00335
99	0.00268	0.00230	0.00230	0.00230	0.00306	0.00191	0.00172	0.00325	0.00516	0.00612	0.02295	0.02180	0.90532	0.00574	0.00268	0.00077	0.00115	0.00478	0.00210	0.00191
100	0.00276	0.00199	0.00261	0.00311	0.00328	0.00184	0.00209	0.00316	0.00438	0.00580	0.01298	0.87697	0.05660	0.00703	0.00288	0.00091	0.00131	0.00636	0.00210	0.00184
101	0.01248	0.03808	0.86861	0.00641	0.01591	0.00537	0.00818	0.00716	0.00477	0.00715	0.00403	0.00475	0.00287	0.00214	0.00213	0.00071	0.00330	0.00166	0.00096	0.00333
102	0.00846	0.01080	0.00642	0.00584	0.00700	0.91128	0.00438	0.00905	0.00642	0.00555	0.00350	0.00409	0.00292	0.00233	0.00204	0.00058	0.00409	0.00146	0.00117	0.00263
103	0.00335	0.00235	0.00302	0.00283	0.00342	0.00215	0.00213	0.00436	0.00628	0.03339	0.79304	0.02430	0.10143	0.00470	0.00266	0.00072	0.00110	0.00413	0.00246	0.00216
104	0.00414	0.00219	0.00236	0.02716	0.00310	0.00225	0.00180	0.00519	0.00465	0.00810	0.00720	0.00846	0.00574	0.01088	0.06957	0.00078	0.00149	0.00214	0.83068	0.00211
105	0.00324	0.00243	0.00364	0.00364	0.00405	0.00283	0.00283	0.00405	0.00364	0.00526	0.00607	0.00890	0.00566	0.01699	0.91140	0.00364	0.00607	0.00243	0.00121	0.00202
106	0.00470	0.00403	0.00470	0.00336	0.00537	0.00302	0.00268	0.00570	0.00470	0.00738	0.00403	0.00470	0.00336	0.00168	0.00168	0.00034	0.00168	0.00134	0.00134	0.93423
107	0.00454	0.01172	0.90864	0.00646	0.00981	0.00526	0.00837	0.00718	0.00478	0.00718	0.00407	0.00478	0.00287	0.00215	0.00215	0.00072	0.00335	0.00167	0.00096	0.00335
108	0.00274	0.00233	0.00237	0.00238	0.00314	0.00198	0.00180	0.00340	0.01520	0.00618	0.02246	0.02177	0.86732	0.00572	0.00269	0.00077	0.00118	0.03253	0.00211	0.00194
109	0.00328	0.00219	0.00248	0.00249	0.00250	0.00218	0.00140	0.00329	0.00333	0.00444	0.00732	0.04609	0.00847	0.88880	0.01123	0.00215	0.00217	0.00340	0.00140	0.00139
110	0.00277	0.00198	0.00262	0.00314	0.00326	0.00185	0.00208	0.00316	0.00431	0.00575	0.01235	0.89532	0.01481	0.03091	0.00312	0.00095	0.00134	0.00636	0.00208	0.00183
111	0.00847	0.00606	0.00659	0.00508	0.00683	0.00666	0.00419	0.81754	0.01016	0.05918	0.00565	0.00574	0.00403	0.00967	0.03268	0.00079	0.00258	0.00207	0.00225	0.00377
112	0.00328	0.00219	0.00248	0.00249	0.00249	0.00219	0.00139	0.00329	0.00332	0.00443	0.00728	0.03840	0.00841	0.89656	0.01131	0.00216	0.00217	0.00338	0.00139	0.00139

[dist]
# distance from previous block
# <min> <max>
2	6

[block]
# block no. 3 follows, 134 sequences, length 28
# corresponding to MSA columns:
# 265-292
name=unknown_D
#
# <colnr> <probs for GDERKNQSTAVLIFYWHMCP>
#	G	D	E	R	K	N	Q	S	T	A	V	L	I	F	Y	W	H	M	C	P
0	0.00483	0.03862	0.83015	0.00632	0.00951	0.04642	0.00800	0.00730	0.00487	0.01795	0.00407	0.00475	0.00291	0.00216	0.00213	0.00070	0.00334	0.00166	0.00099	0.00331
1	0.00587	0.00626	0.04967	0.01268	0.76690	0.10481	0.00673	0.00719	0.00528	0.00719	0.00417	0.00540	0.00348	0.00206	0.00222	0.00067	0.00287	0.00194	0.00112	0.00347
2	0.00547	0.00569	0.05083	0.02002	0.67084	0.06364	0.03357	0.00670	0.00502	0.00692	0.00453	0.00650	0.00401	0.10285	0.00326	0.00084	0.00280	0.00213	0.00114	0.00325
3	0.00541	0.00528	0.00922	0.03620	0.73154	0.00526	0.10446	0.00686	0.01755	0.00731	0.00521	0.00645	0.04449	0.00220	0.00231	0.00069	0.00274	0.00222	0.00118	0.00343
4	0.00288	0.00231	0.00246	0.00251	0.00313	0.00203	0.00186	0.00340	0.00486	0.00590	0.01920	0.02101	0.66509	0.15898	0.00421	0.00103	0.00142	0.09390	0.00198	0.00184
5	0.58286	0.00456	0.06321	0.03118	0.08685	0.00460	0.00332	0.01661	0.00409	0.02323	0.01436	0.00491	0.01367	0.00302	0.00267	0.13354	0.00201	0.00156	0.00133	0.00244
6	0.00848	0.00628	0.00672	0.00519	0.00697	0.00696	0.00427	0.85810	0.05146	0.01406	0.00561	0.00558	0.00399	0.00274	0.00227	0.00068	0.00246	0.00206	0.00227	0.00384
7	0.00553	0.00530	0.00905	0.06791	0.85287	0.00536	0.00691	0.00688	0.00512	0.00731	0.00425	0.00563	0.00355	0.00203	0.00224	0.00068	0.00271	0.00202	0.00111	0.00352
8	0.00454	0.01172	0.90864	0.00646	0.00981	0.00526	0.00837	0.00718	0.00478	0.00718	0.00407	0.00478	0.00287	0.00215	0.00215	0.00072	0.00335	0.00167	0.00096	0.00335
9	0.00796	0.00955	0.00627	0.04726	0.00724	0.72341	0.00435	0.03086	0.11500	0.02085	0.00435	0.00480	0.00347	0.00244	0.00209	0.00062	0.00369	0.00165	0.00135	0.00279
10	0.00909	0.00379	0.00504	0.00391	0.00555	0.00332	0.00321	0.04231	0.00655	0.73548	0.10695	0.00850	0.00717	0.00295	0.00229	0.00068	0.00184	0.00243	0.00268	0.04625
11	0.00269	0.00230	0.00231	0.00231	0.00307	0.00192	0.00173	0.00328	0.00520	0.00620	0.04604	0.02168	0.88218	0.00571	0.00268	0.00076	0.00115	0.00476	0.00211	0.00192
12	0.00277	0.00198	0.00264	0.00315	0.00329	0.00185	0.00210	0.00318	0.00439	0.00586	0.03430	0.89686	0.01514	0.00704	0.00289	0.00092	0.00131	0.00638	0.00211	0.00185
13	0.04761	0.01032	0.71740	0.00650	0.00955	0.00519	0.10546	0.00738	0.00490	0.05870	0.00436	0.00505	0.00307	0.00216	0.00218	0.00072	0.00325	0.00180	0.00110	0.00330
14	0.00329	0.00220	0.00247	0.00247	0.00247	0.00220	0.00137	0.00329	0.00329	0.00439	0.00714	0.01483	0.00824	0.92038	0.01153	0.00220	0.00220	0.00329	0.00137	0.00137
15	0.00324	0.00243	0.00364	0.00364	0.00405	0.00283	0.00283	0.00405	0.00364	0.00526	0.00607	0.00890	0.00566	0.01699	0.91140	0.00364	0.00607	0.00243	0.00121	0.00202
16	0.00529	0.00589	0.01252	0.02974	0.10990	0.00559	0.75968	0.00710	0.00529	0.00721	0.00472	0.02742	0.00372	0.00205	0.00262	0.00076	0.00362	0.00268	0.00116	0.00307
17	0.00544	0.10656	0.01290	0.00925	0.07655	0.00606	0.73474	0.00718	0.00525	0.00706	0.00440	0.00580	0.00339	0.00192	0.00251	0.00073	0.00358	0.00247	0.00112	0.00308
18	0.00329	0.00220	0.00247	0.00247	0.00247	0.00220	0.00137	0.00329	0.00329	0.00439	0.00714	0.01483	0.00824	0.92038	0.01153	0.00220	0.00220	0.00329	0.00137	0.00137
19	0.00782	0.00436	0.00516	0.00420	0.00566	0.01761	0.00338	0.16464	0.19718	0.40745	0.14896	0.00887	0.00802	0.00313	0.00234	0.00071	0.00189	0.00257	0.00253	0.00351
20	0.00428	0.00221	0.00225	0.00222	0.00276	0.00224	0.00167	0.02455	0.00483	0.00845	0.00732	0.00848	0.00579	0.01515	0.02204	0.00062	0.00121	0.00213	0.87965	0.00214
21	0.00396	0.00248	0.00325	0.00297	0.00364	0.00226	0.00226	0.00499	0.00639	0.10765	0.78301	0.01604	0.04337	0.00446	0.00263	0.00071	0.00117	0.00392	0.00252	0.00232
22	0.80638	0.02389	0.00392	0.00326	0.00473	0.00540	0.00270	0.11286	0.00468	0.01055	0.00343	0.00389	0.00263	0.00217	0.00151	0.00069	0.00185	0.00132	0.00150	0.00263
23	0.80596	0.00516	0.10276	0.01984	0.00517	0.00507	0.00317	0.00667	0.00400	0.00974	0.01419	0.00400	0.00274	0.00214	0.00152	0.00070	0.00194	0.00132	0.00136	0.00255
24	0.05357	0.87489	0.01144	0.00383	0.00574	0.00877	0.00380	0.00678	0.00457	0.00558	0.00315	0.00364	0.00288	0.00195	0.00145	0.00050	0.00239	0.00121	0.00099	0.00288
25	0.00457	0.00392	0.00471	0.00345	0.00534	0.00298	0.01907	0.00555	0.00468	0.00726	0.00465	0.07132	0.00420	0.00208	0.00178	0.00039	0.00169	0.00174	0.00139	0.84922
26	0.00316	0.00231	0.00296	0.00280	0.00335	0.00212	0.00210	0.00418	0.00630	0.00881	0.82383	0.01737	0.10276	0.00473	0.00267	0.00072	0.00108	0.00416	0.00246	0.00212
27	0.00328	0.00222	0.00261	0.00262	0.00267	0.00226	0.00156	0.00339	0.00341	0.00459	0.02367	0.02703	0.00829	0.79136	0.11002	0.00231	0.00259	0.00326	0.00139	0.00146

[dist]
# distance from previous block
# <min> <max>
0	3

[block]
# block no. 4 follows, 134 sequences, length 63
# corresponding to MSA columns:
# 296-358
name=unknown_E
#
# <colnr> <probs for GDERKNQSTAVLIFYWHMCP>
#	G	D	E	R	K	N	Q	S	T	A	V	L	I	F	Y	W	H	M	C	P
0	0.00861	0.00635	0.00680	0.00521	0.00703	0.00703	0.00431	0.89869	0.01065	0.01428	0.00544	0.00544	0.00385	0.00272	0.00227	0.00068	0.00249	0.00204	0.00227	0.00385
1	0.00476	0.14423	0.77805	0.00608	0.00922	0.00580	0.00772	0.00712	0.00476	0.00691	0.00393	0.00462	0.00288	0.00212	0.00205	0.00068	0.00321	0.00161	0.00096	0.00328
2	0.00837	0.00615	0.00660	0.00509	0.00681	0.00680	0.00417	0.85715	0.01031	0.01382	0.00552	0.00588	0.00406	0.04529	0.00270	0.00075	0.00248	0.00210	0.00223	0.00374
3	0.00276	0.00199	0.00261	0.00311	0.00328	0.00184	0.00209	0.00316	0.00438	0.00580	0.01297	0.87728	0.05629	0.00704	0.00288	0.00091	0.00131	0.00636	0.00210	0.00184
4	0.00413	0.00213	0.00219	0.00219	0.00267	0.00214	0.00161	0.00509	0.00461	0.00805	0.00730	0.00886	0.00594	0.06246	0.02946	0.00946	0.00129	0.00220	0.83617	0.00205
5	0.00556	0.00565	0.04709	0.01359	0.86847	0.00538	0.00701	0.00696	0.00514	0.00739	0.00425	0.00557	0.00356	0.00202	0.00224	0.00067	0.00272	0.00200	0.00111	0.00358
6	0.00458	0.01152	0.87974	0.00670	0.03861	0.00527	0.00833	0.00717	0.00480	0.00718	0.00407	0.00481	0.00289	0.00215	0.00216	0.00072	0.00333	0.00169	0.00096	0.00336
7	0.00277	0.00198	0.00263	0.00315	0.00329	0.00184	0.00210	0.00317	0.00436	0.00582	0.02351	0.90776	0.01506	0.00707	0.00289	0.00092	0.00131	0.00641	0.00211	0.00184
8	0.00530	0.00597	0.01278	0.05161	0.04062	0.00571	0.80785	0.00714	0.00526	0.00715	0.00451	0.00607	0.00341	0.00198	0.00275	0.00077	0.02435	0.00261	0.00114	0.00303
9	0.00576	0.00584	0.01975	0.02503	0.76674	0.06832	0.04807	0.00717	0.01816	0.00727	0.00429	0.00556	0.00357	0.00206	0.00225	0.00067	0.00284	0.00201	0.00114	0.00348
10	0.00551	0.00530	0.00909	0.07689	0.83106	0.00536	0.01972	0.00688	0.00512	0.00729	0.00425	0.00565	0.00355	0.00203	0.00225	0.00068	0.00273	0.00203	0.00111	0.00351
11	0.00329	0.00220	0.00247	0.00247	0.00247	0.00220	0.00137	0.00329	0.00329	0.00439	0.00714	0.01483	0.00824	0.92038	0.01153	0.00220	0.00220	0.00329	0.00137	0.00137
12	0.00329	0.00220	0.00247	0.00247	0.00247	0.00220	0.00137	0.00329	0.00329	0.00439	0.00714	0.01483	0.00824	0.92038	0.01153	0.00220	0.00220	0.00329	0.00137	0.00137
13	0.00521	0.00572	0.01147	0.06399	0.04558	0.00593	0.62282	0.00678	0.00490	0.00680	0.00420	0.00585	0.00332	0.00236	0.00363	0.00081	0.19415	0.00246	0.00110	0.00292
14	0.00535	0.00611	0.01337	0.00955	0.01184	0.00573	0.89801	0.00726	0.00535	0.00726	0.00458	0.00611	0.00344	0.00191	0.00267	0.00076	0.00382	0.00267	0.00115	0.00306
15	0.00440	0.00415	0.00702	0.82998	0.09957	0.00507	0.00635	0.00590	0.00459	0.00594	0.00405	0.00600	0.00307	0.00224	0.00226	0.00075	0.00299	0.00201	0.00102	0.00262
16	0.00422	0.00211	0.00211	0.00211	0.00264	0.00211	0.00158	0.00528	0.00475	0.00845	0.00739	0.00845	0.00581	0.00264	0.00158	0.00053	0.00106	0.00211	0.93295	0.00211
17	0.00460	0.04763	0.87325	0.00636	0.00965	0.00541	0.00819	0.00716	0.00478	0.00710	0.00403	0.00474	0.00287	0.00214	0.00212	0.00071	0.00331	0.00166	0.00096	0.00333
18	0.00276	0.00197	0.00263	0.00315	0.00329	0.00184	0.00210	0.00315	0.00434	0.00578	0.01249	0.91890	0.01499	0.00710	0.00289	0.00092	0.00131	0.00644	0.00210	0.00184
