[name]
rpoC1

[dist]
# distance from previous block
# <min> <max>
0	9

[block]
# block no. 0 follows, 134 sequences, length 45
# corresponding to MSA columns:
# 10-54
name=unknown_A
#
# <colnr> <probs for GDERKNQSTAVLIFYWHMCP>
#	G	D	E	R	K	N	Q	S	T	A	V	L	I	F	Y	W	H	M	C	P
0	0.00365	0.00261	0.00365	0.00417	0.00469	0.00261	0.00365	0.00469	0.00522	0.00678	0.01200	0.02556	0.01304	0.00626	0.00313	0.00104	0.00209	0.89099	0.00209	0.00209
1	0.00268	0.00229	0.00230	0.00231	0.00307	0.00191	0.00173	0.00325	0.00515	0.00611	0.02273	0.04069	0.88658	0.00577	0.00268	0.00077	0.00115	0.00482	0.00210	0.00191
2	0.00610	0.90721	0.01179	0.00391	0.00583	0.02336	0.00388	0.00682	0.00463	0.00533	0.00316	0.00364	0.00291	0.00194	0.00146	0.00049	0.00245	0.00122	0.00097	0.00290
3	0.02578	0.00429	0.00734	0.70090	0.03450	0.00496	0.10732	0.00597	0.00462	0.00619	0.00407	0.00590	0.00310	0.00222	0.00230	0.00827	0.00297	0.00202	0.00106	0.06621
4	0.00324	0.00243	0.00364	0.00364	0.00405	0.00283	0.00283	0.00405	0.00364	0.00526	0.00607	0.00890	0.00566	0.01699	0.91140	0.00364	0.00607	0.00243	0.00121	0.00202
5	0.00561	0.00538	0.00920	0.01391	0.90624	0.00538	0.00695	0.00695	0.00516	0.00740	0.00426	0.00561	0.00359	0.00202	0.00224	0.00067	0.00269	0.00202	0.00112	0.00359
6	0.00491	0.00488	0.00684	0.00588	0.00589	0.00682	0.00490	0.00541	0.00347	0.00545	0.00306	0.00507	0.00305	0.00434	0.03365	0.00107	0.88983	0.00200	0.00100	0.00247
7	0.00535	0.00609	0.01327	0.00965	0.03231	0.00572	0.87762	0.00725	0.00534	0.00726	0.00458	0.00610	0.00344	0.00191	0.00266	0.00076	0.00379	0.00266	0.00115	0.00307
8	0.00535	0.00611	0.01337	0.00955	0.01184	0.00573	0.89801	0.00726	0.00535	0.00726	0.00458	0.00611	0.00344	0.00191	0.00267	0.00076	0.00382	0.00267	0.00115	0.00306
9	0.00276	0.00197	0.00263	0.00315	0.00329	0.00184	0.00210	0.00315	0.00434	0.00578	0.01249	0.91890	0.01499	0.00710	0.00289	0.00092	0.00131	0.00644	0.00210	0.00184
10	0.00438	0.00423	0.00745	0.82516	0.01523	0.00510	0.09470	0.00593	0.00461	0.00593	0.00408	0.00605	0.00306	0.00223	0.00231	0.00076	0.00310	0.00208	0.00102	0.00257
11	0.00268	0.00230	0.00230	0.00230	0.00306	0.00191	0.00172	0.00325	0.00516	0.00612	0.02295	0.02180	0.90532	0.00574	0.00268	0.00077	0.00115	0.00478	0.00210	0.00191
12	0.89160	0.00473	0.04684	0.00315	0.00464	0.00509	0.00274	0.00668	0.00390	0.01002	0.00320	0.00373	0.00247	0.00211	0.00144	0.00070	0.00183	0.00125	0.00138	0.00250
13	0.00704	0.00517	0.00568	0.00466	0.00602	0.00563	0.00371	0.65832	0.00896	0.01200	0.00733	0.25062	0.00684	0.00389	0.00243	0.00074	0.00218	0.00322	0.00222	0.00331
14	0.00321	0.00232	0.00303	0.00285	0.00338	0.00214	0.00214	0.00428	0.00641	0.00909	0.90505	0.01692	0.02138	0.00463	0.00267	0.00071	0.00107	0.00410	0.00249	0.00214
15	0.00861	0.00635	0.00680	0.00521	0.00703	0.00703	0.00431	0.89869	0.01065	0.01428	0.00544	0.00544	0.00385	0.00272	0.00227	0.00068	0.00249	0.00204	0.00227	0.00385
16	0.00470	0.00403	0.00470	0.00336	0.00537	0.00302	0.00268	0.00570	0.00470	0.00738	0.00403	0.00470	0.00336	0.00168	0.00168	0.00034	0.00168	0.00134	0.00134	0.93423
17	0.00533	0.00615	0.02397	0.00942	0.01167	0.00575	0.86567	0.00721	0.00530	0.00721	0.00454	0.00607	0.00342	0.00196	0.00278	0.00077	0.02593	0.00265	0.00114	0.00305
18	0.00535	0.00603	0.01299	0.02379	0.07164	0.00570	0.82475	0.00721	0.00532	0.00724	0.00455	0.00608	0.00344	0.00192	0.00264	0.00076	0.00373	0.00262	0.00114	0.00308
19	0.00268	0.00230	0.00230	0.00230	0.00306	0.00191	0.00172	0.00325	0.00516	0.00612	0.02295	0.02180	0.90532	0.00574	0.00268	0.00077	0.00115	0.00478	0.00210	0.00191
20	0.01575	0.00627	0.00667	0.02762	0.01432	0.02753	0.00431	0.80769	0.03128	0.01355	0.00568	0.00573	0.01740	0.00274	0.00226	0.00068	0.00250	0.00207	0.00219	0.00374
21	0.00984	0.00388	0.00521	0.00404	0.00575	0.00341	0.00332	0.01097	0.04708	0.85203	0.02397	0.00790	0.00593	0.00285	0.00229	0.00070	0.00191	0.00232	0.00278	0.00381
22	0.00394	0.00197	0.00295	0.00295	0.00295	0.00197	0.00197	0.00295	0.00295	0.00394	0.00394	0.00689	0.00394	0.00787	0.00885	0.93408	0.00197	0.00197	0.00098	0.00098
23	0.00981	0.00405	0.00533	0.00413	0.00585	0.00366	0.00340	0.05735	0.06012	0.80768	0.00877	0.00764	0.00559	0.00282	0.00228	0.00070	0.00195	0.00228	0.00275	0.00384
24	0.00736	0.00864	0.00693	0.00745	0.20092	0.56212	0.01736	0.00898	0.13730	0.00654	0.00451	0.00509	0.00366	0.00238	0.00218	0.00064	0.01187	0.00176	0.00132	0.00298
25	0.00559	0.00538	0.00924	0.02482	0.88001	0.00538	0.02225	0.00694	0.00515	0.00738	0.00426	0.00562	0.00358	0.00202	0.00225	0.00068	0.00271	0.00203	0.00112	0.00357
26	0.00326	0.00280	0.00292	0.00292	0.02193	0.00262	0.00215	0.01359	0.14584	0.00675	0.02025	0.01922	0.73717	0.00521	0.00261	0.00076	0.00129	0.00435	0.00212	0.00223
27	0.00278	0.00200	0.00264	0.00312	0.00328	0.00186	0.00209	0.00321	0.00445	0.00594	0.05150	0.85481	0.04002	0.00695	0.00288	0.00091	0.00130	0.00629	0.00212	0.00186
28	0.00470	0.00403	0.00470	0.00336	0.00537	0.00302	0.00268	0.00570	0.00470	0.00738	0.00403	0.00470	0.00336	0.00168	0.00168	0.00034	0.00168	0.00134	0.00134	0.93423
29	0.00831	0.01048	0.00635	0.00577	0.00694	0.86197	0.00433	0.00921	0.05519	0.00576	0.00381	0.00432	0.00314	0.00237	0.00206	0.00059	0.00396	0.00152	0.00123	0.00268
30	0.92023	0.00438	0.00339	0.01878	0.00458	0.00508	0.00252	0.00664	0.00387	0.01009	0.00317	0.00372	0.00246	0.00211	0.00142	0.00070	0.00177	0.00124	0.00140	0.00245
31	0.00459	0.03901	0.88174	0.00638	0.00969	0.00537	0.00824	0.00716	0.00478	0.00712	0.00404	0.00475	0.00287	0.00215	0.00213	0.00071	0.00332	0.00166	0.00096	0.00334
32	0.00275	0.00235	0.00237	0.00238	0.00314	0.00199	0.00179	0.00344	0.02205	0.00619	0.02243	0.03052	0.86617	0.00571	0.00268	0.00077	0.00118	0.01806	0.00211	0.00195
33	0.00313	0.00231	0.00292	0.00278	0.00334	0.00210	0.00208	0.00412	0.00622	0.00864	0.77293	0.02827	0.14312	0.00481	0.00268	0.00072	0.00108	0.00422	0.00244	0.00210
34	0.93638	0.00438	0.00333	0.00298	0.00438	0.00508	0.00245	0.00666	0.00386	0.01017	0.00315	0.00368	0.00245	0.00210	0.00140	0.00070	0.00175	0.00123	0.00140	0.00245
35	0.00454	0.01172	0.90864	0.00646	0.00981	0.00526	0.00837	0.00718	0.00478	0.00718	0.00407	0.00478	0.00287	0.00215	0.00215	0.00072	0.00335	0.00167	0.00096	0.00335
36	0.00321	0.00232	0.00303	0.00285	0.00338	0.00214	0.00214	0.00428	0.00641	0.00909	0.90505	0.01692	0.02138	0.00463	0.00267	0.00071	0.00107	0.00410	0.00249	0.00214
37	0.00559	0.00487	0.00542	0.01541	0.07336	0.00557	0.00385	0.01150	0.81612	0.00925	0.00893	0.00835	0.01554	0.00301	0.00230	0.00076	0.00187	0.00254	0.00220	0.00356
38	0.00554	0.00575	0.06476	0.01304	0.81162	0.00539	0.00690	0.00719	0.04405	0.00748	0.00446	0.00568	0.00369	0.00207	0.00224	0.00068	0.00269	0.00202	0.00116	0.00357
39	0.00472	0.04379	0.00491	0.00335	0.00528	0.00329	0.00271	0.02459	0.00485	0.00736	0.00519	0.00573	0.05924	0.00196	0.00174	0.00038	0.00169	0.00156	0.00139	0.81625
40	0.00356	0.00327	0.06017	0.00438	0.04371	0.00325	0.01255	0.02118	0.00392	0.00566	0.00580	0.00836	0.00531	0.01484	0.77779	0.00321	0.01725	0.00235	0.00121	0.00222
41	0.00559	0.00487	0.00524	0.00469	0.00590	0.00572	0.00367	0.01163	0.84646	0.00923	0.00883	0.00824	0.00667	0.00313	0.00262	0.00078	0.05846	0.00253	0.00222	0.00352
42	0.00329	0.00221	0.00253	0.00252	0.00256	0.00220	0.00145	0.00337	0.00349	0.00470	0.06276	0.01485	0.00900	0.84670	0.02784	0.00213	0.00220	0.00333	0.00144	0.00143
43	0.00486	0.00527	0.06268	0.00588	0.00610	0.00666	0.00508	0.00550	0.00356	0.00555	0.00318	0.00512	0.00308	0.00442	0.04633	0.00109	0.82017	0.00198	0.00100	0.00251
44	0.00328	0.00240	0.00360	0.00360	0.00398	0.00278	0.00278	0.00398	0.00360	0.00518	0.00594	0.00878	0.00556	0.01643	0.85547	0.06130	0.00581	0.00240	0.00120	0.00196

[dist]
# distance from previous block
# <min> <max>
0	4

[block]
# block no. 1 follows, 134 sequences, length 32
# corresponding to MSA columns:
# 59-90
name=unknown_B
#
# <colnr> <probs for GDERKNQSTAVLIFYWHMCP>
#	G	D	E	R	K	N	Q	S	T	A	V	L	I	F	Y	W	H	M	C	P
0	0.00546	0.00625	0.13243	0.01289	0.78342	0.00537	0.00715	0.00698	0.00511	0.00737	0.00423	0.00549	0.00349	0.00204	0.00223	0.00068	0.00278	0.00197	0.00110	0.00356
1	0.00575	0.00499	0.00518	0.00464	0.00594	0.01902	0.00362	0.03362	0.86720	0.00954	0.00905	0.00832	0.00678	0.00305	0.00230	0.00076	0.00184	0.00253	0.00229	0.00358
2	0.00801	0.05825	0.00703	0.00666	0.11052	0.75932	0.00465	0.00869	0.00618	0.00575	0.00357	0.00424	0.00300	0.00228	0.00203	0.00059	0.00384	0.00151	0.00115	0.00275
3	0.00567	0.00551	0.00902	0.01311	0.81338	0.02750	0.03004	0.00728	0.05253	0.00746	0.00451	0.00573	0.00374	0.00208	0.00225	0.00068	0.00271	0.00205	0.00119	0.00355
4	0.00523	0.00405	0.00478	0.00344	0.00543	0.00311	0.00276	0.01933	0.00494	0.08587	0.00448	0.00497	0.00356	0.00179	0.00174	0.00037	0.00171	0.00143	0.00148	0.83952
5	0.00457	0.01052	0.76322	0.00687	0.08313	0.00515	0.00784	0.00696	0.00487	0.00725	0.05160	0.00550	0.00391	0.00232	0.00233	0.00072	0.02708	0.00184	0.00105	0.00328
6	0.00532	0.00508	0.00854	0.04517	0.80008	0.00509	0.00650	0.00661	0.00514	0.00724	0.00579	0.00696	0.07777	0.00233	0.00228	0.00068	0.00258	0.00225	0.00120	0.00341
7	0.20019	0.69030	0.02218	0.00376	0.00559	0.02547	0.00365	0.00685	0.00451	0.01624	0.00323	0.00371	0.00284	0.00199	0.00147	0.00054	0.00232	0.00124	0.00108	0.00282
8	0.93638	0.00438	0.00333	0.00298	0.00438	0.00508	0.00245	0.00666	0.00386	0.01017	0.00315	0.00368	0.00245	0.00210	0.00140	0.00070	0.00175	0.00123	0.00140	0.00245
9	0.00280	0.00199	0.00262	0.00310	0.00322	0.00187	0.00204	0.00317	0.00425	0.00567	0.01205	0.84451	0.01443	0.08225	0.00360	0.00103	0.00139	0.00618	0.00204	0.00180
10	0.00329	0.00220	0.00247	0.00247	0.00247	0.00220	0.00137	0.00329	0.00329	0.00439	0.00714	0.01483	0.00824	0.92038	0.01153	0.00220	0.00220	0.00329	0.00137	0.00137
11	0.00422	0.00211	0.00211	0.00211	0.00264	0.00211	0.00158	0.00528	0.00475	0.00845	0.00739	0.00845	0.00581	0.00264	0.00158	0.00053	0.00106	0.00211	0.93295	0.00211
12	0.00454	0.01172	0.90864	0.00646	0.00981	0.00526	0.00837	0.00718	0.00478	0.00718	0.00407	0.00478	0.00287	0.00215	0.00215	0.00072	0.00335	0.00167	0.00096	0.00335
13	0.00433	0.00407	0.00688	0.88318	0.04699	0.00505	0.00632	0.00583	0.00455	0.00585	0.00404	0.00603	0.00304	0.00226	0.00226	0.00075	0.00301	0.00201	0.00101	0.00255
14	0.00269	0.00230	0.00231	0.00231	0.00307	0.00192	0.00173	0.00327	0.00519	0.00618	0.04052	0.02171	0.88772	0.00572	0.00268	0.00076	0.00115	0.00477	0.00211	0.00192
15	0.00329	0.00220	0.00247	0.00247	0.00247	0.00220	0.00137	0.00329	0.00329	0.00439	0.00714	0.01483	0.00824	0.92038	0.01153	0.00220	0.00220	0.00329	0.00137	0.00137
16	0.93638	0.00438	0.00333	0.00298	0.00438	0.00508	0.00245	0.00666	0.00386	0.01017	0.00315	0.00368	0.00245	0.00210	0.00140	0.00070	0.00175	0.00123	0.00140	0.00245
17	0.00470	0.00403	0.00470	0.00336	0.00537	0.00302	0.00268	0.00570	0.00470	0.00738	0.00403	0.00470	0.00336	0.00168	0.00168	0.00034	0.00168	0.00134	0.00134	0.93423
18	0.00282	0.00237	0.00246	0.00250	0.00321	0.00207	0.00185	0.00363	0.04316	0.00627	0.03575	0.12177	0.75275	0.00576	0.00269	0.00078	0.00119	0.00486	0.00212	0.00198
19	0.00561	0.00538	0.00920	0.01391	0.90624	0.00538	0.00695	0.00695	0.00516	0.00740	0.00426	0.00561	0.00359	0.00202	0.00224	0.00067	0.00269	0.00202	0.00112	0.00359
20	0.02229	0.00638	0.00674	0.00519	0.00699	0.02033	0.00428	0.87242	0.01049	0.01409	0.00538	0.00539	0.00382	0.00271	0.00225	0.00068	0.00251	0.00202	0.00224	0.00381
21	0.88719	0.00436	0.00351	0.05111	0.00497	0.00508	0.00266	0.00661	0.00389	0.00993	0.00320	0.00381	0.00248	0.00211	0.00145	0.00070	0.00182	0.00127	0.00138	0.00246
22	0.00271	0.00230	0.00234	0.00233	0.00308	0.00192	0.00174	0.00331	0.00523	0.00628	0.07122	0.02154	0.85695	0.00568	0.00268	0.00076	0.00114	0.00474	0.00213	0.00192
23	0.00422	0.00211	0.00211	0.00211	0.00264	0.00211	0.00158	0.00528	0.00475	0.00845	0.00739	0.00845	0.00581	0.00264	0.00158	0.00053	0.00106	0.00211	0.93295	0.00211
24	0.01006	0.00393	0.00529	0.00407	0.00581	0.00345	0.00336	0.03182	0.01979	0.87367	0.00886	0.00767	0.00559	0.00281	0.00228	0.00070	0.00194	0.00228	0.00278	0.00385
25	0.00422	0.00211	0.00211	0.00211	0.00264	0.00211	0.00158	0.00528	0.00475	0.00845	0.00739	0.00845	0.00581	0.00264	0.00158	0.00053	0.00106	0.00211	0.93295	0.00211
26	0.93638	0.00438	0.00333	0.00298	0.00438	0.00508	0.00245	0.00666	0.00386	0.01017	0.00315	0.00368	0.00245	0.00210	0.00140	0.00070	0.00175	0.00123	0.00140	0.00245
27	0.00781	0.01006	0.05590	0.00613	0.03787	0.73811	0.00472	0.00864	0.02397	0.00577	0.00363	0.00434	0.00302	0.00246	0.00250	0.00063	0.07901	0.00156	0.00116	0.00271
28	0.00353	0.00263	0.00376	0.00367	0.00413	0.00303	0.00284	0.05297	0.00401	0.00571	0.00609	0.00901	0.00569	0.06126	0.81677	0.00341	0.00568	0.00245	0.00128	0.00209
29	0.11292	0.00407	0.00639	0.80863	0.01430	0.00504	0.00584	0.00589	0.00445	0.00630	0.00393	0.00577	0.00295	0.00225	0.00216	0.00075	0.00287	0.00192	0.00105	0.00251
30	0.04815	0.00335	0.07783	0.00371	0.05334	0.00269	0.00289	0.00469	0.00598	0.00863	0.66183	0.01509	0.09467	0.00426	0.00255	0.00071	0.00138	0.00371	0.00221	0.00231
31	0.00273	0.00229	0.00231	0.00231	0.00301	0.00194	0.00169	0.00326	0.00501	0.00598	0.02165	0.02123	0.83151	0.08100	0.00341	0.00088	0.00123	0.00466	0.00204	0.00187

[dist]
# distance from previous block
# <min> <max>
4	8

[block]
# block no. 2 follows, 134 sequences, length 58
# corresponding to MSA columns:
# 99-156
name=unknown_C
#
# <colnr> <probs for GDERKNQSTAVLIFYWHMCP>
#	G	D	E	R	K	N	Q	S	T	A	V	L	I	F	Y	W	H	M	C	P
0	0.00488	0.00431	0.00585	0.06875	0.05226	0.00371	0.08252	0.04265	0.02842	0.00753	0.00464	0.04329	0.00395	0.00206	0.00193	0.00047	0.00203	0.00182	0.00138	0.63755
1	0.00574	0.00599	0.03078	0.02795	0.61356	0.07489	0.13037	0.00744	0.06011	0.00732	0.00453	0.00572	0.00369	0.00212	0.00233	0.00069	0.01008	0.00209	0.00119	0.00341
2	0.00349	0.00235	0.00263	0.00257	0.00264	0.00237	0.00148	0.03593	0.00356	0.00475	0.00708	0.01448	0.00808	0.88693	0.01119	0.00214	0.00221	0.00325	0.00141	0.00146
3	0.00422	0.00211	0.00211	0.00211	0.00264	0.00211	0.00158	0.00528	0.00475	0.00845	0.00739	0.00845	0.00581	0.00264	0.00158	0.00053	0.00106	0.00211	0.93295	0.00211
4	0.03184	0.01149	0.86853	0.00635	0.00961	0.01896	0.00814	0.00719	0.00478	0.00724	0.00403	0.00474	0.00286	0.00215	0.00213	0.00072	0.00331	0.00166	0.00097	0.00331
5	0.00531	0.03306	0.04832	0.00920	0.01150	0.00577	0.82855	0.00720	0.00529	0.00718	0.00460	0.01459	0.00351	0.00197	0.00262	0.00076	0.00374	0.00263	0.00114	0.00305
6	0.00422	0.00211	0.00211	0.00211	0.00264	0.00211	0.00158	0.00528	0.00475	0.00845	0.00739	0.00845	0.00581	0.00264	0.00158	0.00053	0.00106	0.00211	0.93295	0.00211
7	0.93638	0.00438	0.00333	0.00298	0.00438	0.00508	0.00245	0.00666	0.00386	0.01017	0.00315	0.00368	0.00245	0.00210	0.00140	0.00070	0.00175	0.00123	0.00140	0.00245
8	0.00321	0.00232	0.00303	0.00285	0.00338	0.00214	0.00214	0.00428	0.00641	0.00909	0.90505	0.01692	0.02138	0.00463	0.00267	0.00071	0.00107	0.00410	0.00249	0.00214
9	0.01472	0.01124	0.83426	0.00664	0.00989	0.00529	0.07245	0.00718	0.00481	0.00721	0.00409	0.00487	0.00291	0.00213	0.00218	0.00072	0.00337	0.00174	0.00098	0.00332
10	0.00329	0.00220	0.00247	0.00247	0.00247	0.00220	0.00137	0.00329	0.00329	0.00439	0.00714	0.01483	0.00824	0.92038	0.01153	0.00220	0.00220	0.00329	0.00137	0.00137
11	0.02060	0.00248	0.00319	0.00295	0.00359	0.00230	0.00224	0.01331	0.00633	0.06348	0.78271	0.03676	0.03540	0.00455	0.00263	0.00072	0.00116	0.01086	0.00247	0.00225
12	0.00631	0.82702	0.01131	0.00408	0.00594	0.10279	0.00393	0.00702	0.00479	0.00535	0.00319	0.00368	0.00291	0.00198	0.00152	0.00049	0.00260	0.00124	0.00099	0.00288
13	0.00861	0.00635	0.00680	0.00521	0.00703	0.00703	0.00431	0.89869	0.01065	0.01428	0.00544	0.00544	0.00385	0.00272	0.00227	0.00068	0.00249	0.00204	0.00227	0.00385
14	0.00431	0.00409	0.00699	0.88797	0.01549	0.00505	0.03285	0.00583	0.00455	0.00583	0.00404	0.00604	0.00303	0.00225	0.00228	0.00076	0.00304	0.00203	0.00101	0.00253
15	0.00270	0.00230	0.00233	0.00232	0.00308	0.00192	0.00174	0.00330	0.00522	0.00626	0.06339	0.02158	0.86480	0.00569	0.00268	0.00076	0.00114	0.00475	0.00212	0.00192
16	0.00428	0.00403	0.00680	0.91493	0.01560	0.00503	0.00629	0.00579	0.00453	0.00579	0.00403	0.00604	0.00302	0.00227	0.00227	0.00076	0.00302	0.00201	0.00101	0.00252
17	0.00428	0.00403	0.00680	0.91493	0.01560	0.00503	0.00629	0.00579	0.00453	0.00579	0.00403	0.00604	0.00302	0.00227	0.00227	0.00076	0.00302	0.00201	0.00101	0.00252
18	0.00324	0.00243	0.00364	0.00364	0.00405	0.00283	0.00283	0.00405	0.00364	0.00526	0.00607	0.00890	0.00566	0.01699	0.91140	0.00364	0.00607	0.00243	0.00121	0.00202
19	0.00533	0.00614	0.02213	0.01853	0.02064	0.00571	0.87163	0.00724	0.00533	0.00724	0.00457	0.00609	0.00343	0.00192	0.00266	0.00076	0.00380	0.00265	0.00114	0.00306
20	0.00365	0.00261	0.00365	0.00417	0.00469	0.00261	0.00365	0.00469	0.00522	0.00678	0.01200	0.02556	0.01304	0.00626	0.00313	0.00104	0.00209	0.89099	0.00209	0.00209
21	0.93638	0.00438	0.00333	0.00298	0.00438	0.00508	0.00245	0.00666	0.00386	0.01017	0.00315	0.00368	0.00245	0.00210	0.00140	0.00070	0.00175	0.00123	0.00140	0.00245
22	0.00324	0.00243	0.00364	0.00364	0.00405	0.00283	0.00283	0.00405	0.00364	0.00526	0.00607	0.00890	0.00566	0.01699	0.91140	0.00364	0.00607	0.00243	0.00121	0.00202
23	0.00269	0.00230	0.00231	0.00230	0.00306	0.00192	0.00173	0.00327	0.00518	0.00616	0.03535	0.02174	0.89290	0.00572	0.00268	0.00076	0.00115	0.00477	0.00211	0.00192
24	0.00557	0.00536	0.00922	0.03740	0.86337	0.00538	0.02643	0.00693	0.00515	0.00736	0.00426	0.00563	0.00357	0.00202	0.00225	0.00068	0.00272	0.00203	0.00112	0.00355
25	0.00276	0.00197	0.00263	0.00315	0.00329	0.00184	0.00210	0.00315	0.00434	0.00578	0.01249	0.91890	0.01499	0.00710	0.00289	0.00092	0.00131	0.00644	0.00210	0.00184
26	0.09989	0.00391	0.00503	0.00393	0.00561	0.00355	0.00323	0.01054	0.03299	0.77995	0.02218	0.00748	0.00558	0.00277	0.00220	0.00070	0.00189	0.00221	0.00265	0.00369
27	0.00421	0.00215	0.00221	0.01716	0.00287	0.00217	0.00168	0.00527	0.00473	0.00835	0.00732	0.00841	0.00576	0.00285	0.01560	0.00058	0.00117	0.00211	0.90328	0.00212
28	0.00477	0.00407	0.00474	0.00339	0.00540	0.00310	0.00272	0.02249	0.00481	0.00751	0.00405	0.00471	0.00337	0.00170	0.00169	0.00034	0.00169	0.00136	0.00136	0.91674
29	0.00334	0.00235	0.00309	0.00291	0.00347	0.00217	0.00221	0.00440	0.00638	0.02400	0.86159	0.01705	0.02085	0.00465	0.00268	0.00072	0.00112	0.03238	0.00249	0.00216
30	0.00575	0.00481	0.00509	0.00457	0.00586	0.00552	0.00356	0.01191	0.86322	0.03812	0.00937	0.00858	0.01722	0.00310	0.00231	0.00077	0.00179	0.00258	0.00232	0.00358
31	0.00496	0.00496	0.00694	0.00595	0.00595	0.00694	0.00496	0.00545	0.00347	0.00545	0.00297	0.00496	0.00297	0.00397	0.00744	0.00099	0.91623	0.00198	0.00099	0.00248
32	0.00319	0.00232	0.00301	0.00284	0.00338	0.00213	0.00213	0.00425	0.00638	0.00901	0.88394	0.01704	0.04253	0.00466	0.00267	0.00071	0.00107	0.00411	0.00248	0.00213
33	0.00394	0.00197	0.00295	0.00295	0.00295	0.00197	0.00197	0.00295	0.00295	0.00394	0.00394	0.00689	0.00394	0.00787	0.00885	0.93408	0.00197	0.00197	0.00098	0.00098
34	0.00324	0.00243	0.00364	0.00364	0.00405	0.00283	0.00283	0.00405	0.00364	0.00526	0.00607	0.00890	0.00566	0.01699	0.91140	0.00364	0.00607	0.00243	0.00121	0.00202
35	0.00276	0.00197	0.00263	0.00315	0.00329	0.00184	0.00210	0.00315	0.00434	0.00578	0.01249	0.91890	0.01499	0.00710	0.00289	0.00092	0.00131	0.00644	0.00210	0.00184
36	0.00557	0.00534	0.00913	0.04024	0.88021	0.00537	0.00693	0.00692	0.00514	0.00735	0.00425	0.00562	0.00357	0.00203	0.00224	0.00068	0.00270	0.00202	0.00112	0.00356
37	0.00428	0.00400	0.00673	0.90242	0.01543	0.00499	0.00623	0.00578	0.00453	0.00583	0.00407	0.00607	0.00306	0.00227	0.00226	0.00075	0.00299	0.00201	0.01378	0.00251
38	0.00281	0.00204	0.00277	0.03226	0.00368	0.00195	0.00224	0.00325	0.00437	0.00582	0.02191	0.87996	0.01467	0.00692	0.00287	0.00091	0.00137	0.00627	0.00207	0.00187
39	0.00470	0.00403	0.00470	0.00336	0.00537	0.00302	0.00268	0.00570	0.00470	0.00738	0.00403	0.00470	0.00336	0.00168	0.00168	0.00034	0.00168	0.00134	0.00134	0.93423
40	0.00861	0.00635	0.00680	0.00521	0.00703	0.00703	0.00431	0.89869	0.01065	0.01428	0.00544	0.00544	0.00385	0.00272	0.00227	0.00068	0.00249	0.00204	0.00227	0.00385
41	0.00324	0.00242	0.00360	0.00360	0.00399	0.00281	0.00278	0.00402	0.00363	0.00523	0.00610	0.00910	0.00575	0.04746	0.88105	0.00359	0.00594	0.00246	0.00122	0.00200
42	0.00268	0.00230	0.00230	0.00230	0.00306	0.00191	0.00172	0.00325	0.00516	0.00612	0.02295	0.02180	0.90532	0.00574	0.00268	0.00077	0.00115	0.00478	0.00210	0.00191
43	0.03224	0.00385	0.00518	0.00399	0.00572	0.00336	0.00329	0.01084	0.00642	0.87405	0.02104	0.00774	0.00575	0.00281	0.00226	0.00070	0.00191	0.00228	0.00277	0.00380
44	0.00846	0.01080	0.00642	0.00584	0.00700	0.91128	0.00438	0.00905	0.00642	0.00555	0.00350	0.00409	0.00292	0.00233	0.00204	0.00058	0.00409	0.00146	0.00117	0.00263
45	0.00277	0.00199	0.00261	0.00310	0.00326	0.00185	0.00207	0.00316	0.00436	0.00578	0.01289	0.86259	0.05629	0.02176	0.00302	0.00093	0.00132	0.00631	0.00209	0.00184
46	0.00276	0.00197	0.00263	0.00315	0.00329	0.00184	0.00210	0.00315	0.00434	0.00578	0.01249	0.91890	0.01499	0.00710	0.00289	0.00092	0.00131	0.00644	0.00210	0.00184
47	0.00606	0.92174	0.01187	0.00388	0.00582	0.00896	0.00388	0.00678	0.00460	0.00533	0.00315	0.00363	0.00291	0.00194	0.00145	0.00048	0.00242	0.00121	0.00097	0.00291
48	0.00561	0.00538	0.00920	0.01391	0.90624	0.00538	0.00695	0.00695	0.00516	0.00740	0.00426	0.00561	0.00359	0.00202	0.00224	0.00067	0.00269	0.00202	0.00112	0.00359
49	0.00483	0.00411	0.00477	0.00342	0.00543	0.00316	0.00274	0.03582	0.00490	0.00762	0.00407	0.00472	0.00337	0.00171	0.00170	0.00035	0.00171	0.00137	0.00137	0.90285
50	0.00276	0.00198	0.00262	0.00313	0.00328	0.00184	0.00209	0.00316	0.00437	0.00580	0.01284	0.88864	0.04501	0.00705	0.00288	0.00091	0.00131	0.00638	0.00210	0.00184
51	0.00561	0.00538	0.00920	0.01391	0.90624	0.00538	0.00695	0.00695	0.00516	0.00740	0.00426	0.00561	0.00359	0.00202	0.00224	0.00067	0.00269	0.00202	0.00112	0.00359
52	0.00467	0.05038	0.81082	0.00663	0.02566	0.00545	0.05125	0.00716	0.00481	0.00710	0.00406	0.00481	0.00291	0.00213	0.00215	0.00071	0.00332	0.00171	0.00097	0.00332
53	0.00276	0.00197	0.00263	0.00315	0.00329	0.00184	0.00210	0.00315	0.00434	0.00578	0.01249	0.91890	0.01499	0.00710	0.00289	0.00092	0.00131	0.00644	0.00210	0.00184
54	0.00454	0.01172	0.90864	0.00646	0.00981	0.00526	0.00837	0.00718	0.00478	0.00718	0.00407	0.00478	0.00287	0.00215	0.00215	0.00072	0.00335	0.00167	0.00096	0.00335
55	0.79413	0.04538	0.00407	0.02468	0.00493	0.03429	0.00277	0.05425	0.00435	0.00992	0.00331	0.00384	0.00258	0.00214	0.00149	0.00069	0.00193	0.00130	0.00141	0.00256
56	0.00276	0.00197	0.00263	0.00315	0.00329	0.00184	0.00210	0.00315	0.00434	0.00578	0.01249	0.91890	0.01499	0.00710	0.00289	0.00092	0.00131	0.00644	0.00210	0.00184
57	0.00321	0.00232	0.00303	0.00285	0.00338	0.00214	0.00214	0.00428	0.00641	0.00909	0.90505	0.01692	0.02138	0.00463	0.00267	0.00071	0.00107	0.00410	0.00249	0.00214

[dist]
# distance from previous block
# <min> <max>
2	10

[block]
# block no. 3 follows, 134 sequences, length 41
# corresponding to MSA columns:
# 167-207
name=unknown_D
#
# <colnr> <probs for GDERKNQSTAVLIFYWHMCP>
#	G	D	E	R	K	N	Q	S	T	A	V	L	I	F	Y	W	H	M	C	P
0	0.00329	0.00219	0.00247	0.00249	0.00250	0.00218	0.00140	0.00333	0.00336	0.00451	0.00733	0.04577	0.00842	0.87236	0.01105	0.00212	0.00215	0.00338	0.01829	0.00140
1	0.00985	0.00393	0.00525	0.00407	0.00579	0.00349	0.00335	0.01111	0.06866	0.84545	0.00896	0.00776	0.00570	0.00282	0.00228	0.00071	0.00192	0.00230	0.00277	0.00384
2	0.01932	0.00403	0.00674	0.90021	0.01542	0.00503	0.00623	0.00580	0.00452	0.00586	0.00401	0.00600	0.00301	0.00226	0.00225	0.00075	0.00300	0.00200	0.00101	0.00252
3	0.00472	0.00404	0.00471	0.00338	0.00538	0.00307	0.00270	0.00584	0.02344	0.00743	0.00414	0.00478	0.00343	0.00171	0.00169	0.00034	0.00168	0.00137	0.00136	0.91479
4	0.00288	0.00238	0.00250	0.00246	0.00321	0.00206	0.00186	0.02294	0.00539	0.00661	0.11536	0.04481	0.75715	0.00560	0.00268	0.00077	0.00119	0.01605	0.00215	0.00198
5	0.01580	0.01044	0.01908	0.00412	0.00576	0.02081	0.00341	0.04718	0.10859	0.66876	0.04424	0.00822	0.02703	0.00294	0.00229	0.00071	0.00195	0.00239	0.00261	0.00366
6	0.00566	0.00551	0.00919	0.01368	0.87647	0.02457	0.01759	0.00700	0.00519	0.00736	0.00425	0.00558	0.00357	0.00202	0.00224	0.00067	0.00273	0.00201	0.00112	0.00356
7	0.00561	0.00538	0.00920	0.01391	0.90624	0.00538	0.00695	0.00695	0.00516	0.00740	0.00426	0.00561	0.00359	0.00202	0.00224	0.00067	0.00269	0.00202	0.00112	0.00359
8	0.00470	0.00403	0.00470	0.00336	0.00537	0.00302	0.00268	0.00570	0.00470	0.00738	0.00403	0.00470	0.00336	0.00168	0.00168	0.00034	0.00168	0.00134	0.00134	0.93423
9	0.00568	0.00488	0.00514	0.00460	0.00589	0.00563	0.00358	0.03654	0.86664	0.00957	0.00928	0.00853	0.01762	0.00310	0.00231	0.00077	0.00180	0.00257	0.00230	0.00357
10	0.00324	0.00220	0.00246	0.00247	0.00252	0.00217	0.00141	0.00329	0.00344	0.00453	0.00832	0.02922	0.07062	0.84283	0.01078	0.00208	0.00211	0.00345	0.00143	0.00142
11	0.00276	0.00197	0.00263	0.00315	0.00329	0.00184	0.00210	0.00315	0.00434	0.00578	0.01249	0.91890	0.01499	0.00710	0.00289	0.00092	0.00131	0.00644	0.00210	0.00184
12	0.00428	0.00403	0.00680	0.91493	0.01560	0.00503	0.00629	0.00579	0.00453	0.00579	0.00403	0.00604	0.00302	0.00227	0.00227	0.00076	0.00302	0.00201	0.00101	0.00252
13	0.00276	0.00197	0.00263	0.00315	0.00329	0.00184	0.00210	0.00315	0.00434	0.00578	0.01249	0.91890	0.01499	0.00710	0.00289	0.00092	0.00131	0.00644	0.00210	0.00184
14	0.00428	0.00403	0.00680	0.91493	0.01560	0.00503	0.00629	0.00579	0.00453	0.00579	0.00403	0.00604	0.00302	0.00227	0.00227	0.00076	0.00302	0.00201	0.00101	0.00252
15	0.93638	0.00438	0.00333	0.00298	0.00438	0.00508	0.00245	0.00666	0.00386	0.01017	0.00315	0.00368	0.00245	0.00210	0.00140	0.00070	0.00175	0.00123	0.00140	0.00245
16	0.00726	0.00534	0.00584	0.00473	0.00617	0.00582	0.00379	0.68656	0.00916	0.01229	0.00697	0.20727	0.00630	0.00367	0.00240	0.00073	0.00222	0.00300	0.00222	0.01825
17	0.00328	0.00219	0.00247	0.00249	0.00249	0.00219	0.00139	0.00329	0.00332	0.00443	0.00726	0.03578	0.00839	0.89921	0.01133	0.00217	0.00218	0.00337	0.00139	0.00138
18	0.00481	0.16159	0.74763	0.00614	0.02233	0.00587	0.00761	0.00711	0.00476	0.00687	0.00392	0.00461	0.00289	0.00212	0.00204	0.00068	0.00319	0.00160	0.00096	0.00328
19	0.00402	0.00308	0.00410	0.00388	0.00448	0.01854	0.00305	0.12018	0.00460	0.00643	0.00594	0.00837	0.00538	0.01490	0.77830	0.00321	0.00557	0.00236	0.00135	0.00227
20	0.00490	0.12954	0.76657	0.00605	0.00917	0.00569	0.00764	0.00723	0.00481	0.03260	0.00409	0.00472	0.00295	0.00214	0.00207	0.00069	0.00319	0.00163	0.00101	0.00331
21	0.00327	0.00281	0.00286	0.00276	0.00362	0.00265	0.00209	0.00500	0.18378	0.00679	0.02022	0.01915	0.72642	0.00521	0.00260	0.00077	0.00128	0.00434	0.00214	0.00225
22	0.00538	0.00600	0.01275	0.01007	0.12778	0.00570	0.77158	0.00720	0.00530	0.00725	0.00452	0.00603	0.00345	0.00195	0.00268	0.00075	0.01476	0.00258	0.00114	0.00312
23	0.00861	0.00635	0.00680	0.00521	0.00703	0.00703	0.00431	0.89869	0.01065	0.01428	0.00544	0.00544	0.00385	0.00272	0.00227	0.00068	0.00249	0.00204	0.00227	0.00385
24	0.00394	0.00197	0.00295	0.00295	0.00295	0.00197	0.00197	0.00295	0.00295	0.00394	0.00394	0.00689	0.00394	0.00787	0.00885	0.93408	0.00197	0.00197	0.00098	0.00098
25	0.00600	0.00551	0.00889	0.01278	0.78960	0.00560	0.00661	0.12262	0.00587	0.00829	0.00441	0.00559	0.00362	0.00211	0.00225	0.00067	0.00267	0.00202	0.00127	0.00362
26	0.00343	0.06625	0.00421	0.00366	0.00417	0.00326	0.00290	0.00424	0.00371	0.00526	0.00587	0.00854	0.00547	0.01595	0.84823	0.00342	0.00582	0.00234	0.00120	0.00208
27	0.00794	0.00593	0.00640	0.00489	0.00670	0.00636	0.00402	0.75734	0.00972	0.01315	0.00576	0.00581	0.02948	0.00267	0.00220	0.00064	0.00235	0.00203	0.00214	0.12448
28	0.00269	0.00225	0.00234	0.00241	0.00309	0.00190	0.00177	0.00324	0.00506	0.00608	0.02159	0.13817	0.78983	0.00591	0.00271	0.00079	0.00117	0.00500	0.00210	0.00190
29	0.00541	0.00400	0.00477	0.00344	0.00542	0.00306	0.00277	0.00640	0.00493	0.12418	0.00466	0.00509	0.00365	0.00182	0.00176	0.00038	0.00171	0.00146	0.00153	0.81354
30	0.00327	0.00270	0.00425	0.02052	0.00477	0.00249	0.11843	0.00394	0.00456	0.00618	0.03707	0.69385	0.01265	0.00589	0.00276	0.00085	0.00169	0.00545	0.00192	0.06675
31	0.00329	0.00220	0.00247	0.00247	0.00247	0.00220	0.00137	0.00329	0.00329	0.00439	0.00714	0.01483	0.00824	0.92038	0.01153	0.00220	0.00220	0.00329	0.00137	0.00137
32	0.00323	0.00217	0.00249	0.00256	0.00258	0.00215	0.00147	0.00328	0.00343	0.00457	0.00783	0.13210	0.00911	0.80191	0.01041	0.00203	0.00208	0.00370	0.00147	0.00143
33	0.00550	0.00478	0.00536	0.12270	0.00717	0.00557	0.00395	0.02187	0.77501	0.00906	0.00850	0.00810	0.00637	0.00296	0.00230	0.00077	0.00196	0.00248	0.00214	0.00345
34	0.00533	0.00466	0.00481	0.00435	0.00557	0.02159	0.00338	0.01093	0.77789	0.00900	0.01077	0.00998	0.11505	0.00338	0.00235	0.00076	0.00176	0.00281	0.00226	0.00337
35	0.00529	0.00629	0.07444	0.00959	0.13296	0.00559	0.65508	0.00710	0.00520	0.00722	0.00443	0.00586	0.00340	0.00200	0.00269	0.00074	0.03162	0.00245	0.00113	0.03692
36	0.77876	0.00458	0.00381	0.00328	0.00473	0.00524	0.00270	0.12242	0.00483	0.02942	0.01304	0.00417	0.00293	0.00223	0.00155	0.00070	0.00184	0.00139	0.00973	0.00266
37	0.00326	0.00218	0.00248	0.00252	0.00253	0.00217	0.00142	0.00329	0.00337	0.00449	0.00751	0.07759	0.00871	0.85698	0.01093	0.00211	0.00214	0.00351	0.00142	0.00141
38	0.02030	0.64626	0.03735	0.00391	0.00553	0.03102	0.00375	0.00620	0.00463	0.00559	0.00601	0.03221	0.12030	0.00274	0.00210	0.00058	0.06572	0.00190	0.00116	0.00272
39	0.01272	0.00466	0.00561	0.04341	0.13791	0.00515	0.00405	0.01725	0.58851	0.08133	0.00901	0.01587	0.05836	0.00304	0.00231	0.00075	0.00195	0.00258	0.00210	0.00345
40	0.00323	0.00217	0.00249	0.00256	0.00258	0.00215	0.00147	0.00328	0.00343	0.00457	0.00783	0.13210	0.00911	0.80191	0.01041	0.00203	0.00208	0.00370	0.00147	0.00143

[dist]
# distance from previous block
# <min> <max>
0	2

[block]
# block no. 4 follows, 134 sequences, length 37
# corresponding to MSA columns:
# 210-246
name=unknown_E
#
# <colnr> <probs for GDERKNQSTAVLIFYWHMCP>
#	G	D	E	R	K	N	Q	S	T	A	V	L	I	F	Y	W	H	M	C	P
0	0.00428	0.00403	0.00680	0.91493	0.01560	0.00503	0.00629	0.00579	0.00453	0.00579	0.00403	0.00604	0.00302	0.00227	0.00227	0.00076	0.00302	0.00201	0.00101	0.00252
1	0.00454	0.01172	0.90864	0.00646	0.00981	0.00526	0.00837	0.00718	0.00478	0.00718	0.00407	0.00478	0.00287	0.00215	0.00215	0.00072	0.00335	0.00167	0.00096	0.00335
2	0.00270	0.00230	0.00233	0.00234	0.00310	0.00193	0.00177	0.00329	0.00517	0.00614	0.02269	0.02190	0.88369	0.00575	0.00269	0.00077	0.00117	0.02627	0.00210	0.00192
3	0.00836	0.00602	0.00649	0.00501	0.00673	0.00663	0.00412	0.81802	0.01013	0.03896	0.00564	0.00578	0.00405	0.01499	0.01346	0.00073	0.00246	0.00207	0.03662	0.00373
4	0.00595	0.00499	0.00520	0.00463	0.00594	0.02419	0.00361	0.03475	0.82566	0.04478	0.00900	0.00826	0.00670	0.00304	0.00230	0.00076	0.00186	0.00251	0.00230	0.00358
5	0.93638	0.00438	0.00333	0.00298	0.00438	0.00508	0.00245	0.00666	0.00386	0.01017	0.00315	0.00368	0.00245	0.00210	0.00140	0.00070	0.00175	0.00123	0.00140	0.00245
6	0.01017	0.00386	0.00526	0.00403	0.00578	0.00333	0.00333	0.01104	0.00648	0.90781	0.00894	0.00771	0.00561	0.00280	0.00228	0.00070	0.00193	0.00228	0.00280	0.00386
7	0.79306	0.01307	0.00352	0.00307	0.00440	0.00488	0.00251	0.03855	0.00434	0.01921	0.07782	0.01180	0.00424	0.00987	0.00164	0.00071	0.00173	0.00156	0.00154	0.00248
8	0.02967	0.00389	0.00519	0.00401	0.00572	0.00343	0.00330	0.03445	0.00654	0.83869	0.03477	0.00783	0.00595	0.00284	0.00227	0.00070	0.00191	0.00230	0.00275	0.00378
9	0.00268	0.00230	0.00230	0.00230	0.00306	0.00191	0.00172	0.00325	0.00516	0.00612	0.02295	0.02180	0.90532	0.00574	0.00268	0.00077	0.00115	0.00478	0.00210	0.00191
10	0.00431	0.00409	0.00699	0.88786	0.01549	0.00505	0.03295	0.00583	0.00455	0.00583	0.00404	0.00604	0.00303	0.00225	0.00228	0.00076	0.00304	0.00203	0.00101	0.00253
11	0.00475	0.03795	0.85708	0.00631	0.00958	0.00531	0.00810	0.00727	0.00483	0.03253	0.00418	0.00483	0.00295	0.00216	0.00214	0.00071	0.00328	0.00168	0.00101	0.00335
12	0.00520	0.00598	0.03173	0.00927	0.03991	0.00549	0.80095	0.00702	0.00527	0.00718	0.00500	0.05662	0.00407	0.00221	0.00266	0.00077	0.00363	0.00284	0.00119	0.00301
13	0.00276	0.00197	0.00263	0.00315	0.00329	0.00184	0.00210	0.00315	0.00434	0.00578	0.01249	0.91890	0.01499	0.00710	0.00289	0.00092	0.00131	0.00644	0.00210	0.00184
14	0.01960	0.01069	0.00528	0.00405	0.00575	0.01665	0.00334	0.04179	0.01371	0.81035	0.03844	0.00782	0.00599	0.00284	0.00227	0.00070	0.00195	0.00230	0.00272	0.00376
15	0.02593	0.90214	0.01169	0.00386	0.00578	0.00888	0.00385	0.00678	0.00459	0.00543	0.00315	0.00364	0.00290	0.00194	0.00145	0.00049	0.00241	0.00121	0.00098	0.00290
16	0.00276	0.00199	0.00261	0.00312	0.00328	0.00184	0.00209	0.00316	0.00437	0.00580	0.01295	0.87950	0.05408	0.00704	0.00288	0.00091	0.00131	0.00637	0.00210	0.00184
17	0.00601	0.89606	0.03717	0.00395	0.00593	0.00886	0.00400	0.00680	0.00461	0.00538	0.00318	0.00367	0.00291	0.00194	0.00147	0.00049	0.00245	0.00122	0.00097	0.00292
18	0.00278	0.00198	0.00262	0.00313	0.00326	0.00185	0.00208	0.00316	0.00430	0.00573	0.01228	0.88459	0.01473	0.04175	0.00322	0.00097	0.00135	0.00632	0.00208	0.00182
19	0.02875	0.00420	0.00719	0.81177	0.01492	0.00507	0.07503	0.00592	0.00458	0.00603	0.00405	0.00597	0.00304	0.00223	0.00227	0.00075	0.00304	0.00204	0.00103	0.01213
20	0.00323	0.00266	0.00292	0.01855	0.01579	0.00244	0.00221	0.04824	0.03318	0.00690	0.08790	0.04428	0.66076	0.00538	0.00266	0.00078	0.00134	0.05655	0.00212	0.00212
21	0.00269	0.00227	0.00234	0.00238	0.00309	0.00191	0.00176	0.00326	0.00511	0.00614	0.03689	0.10094	0.81181	0.00584	0.00270	0.00078	0.00116	0.00492	0.00211	0.00191
22	0.00270	0.00224	0.00236	0.00245	0.00310	0.00190	0.00179	0.00325	0.00505	0.00612	0.03702	0.17108	0.74124	0.00594	0.00271	0.00079	0.00117	0.00505	0.00211	0.00190
23	0.00601	0.77192	0.08926	0.00426	0.00622	0.05336	0.00432	0.00689	0.00468	0.00550	0.00324	0.00379	0.00291	0.00203	0.00171	0.00052	0.02817	0.00129	0.00098	0.00292
24	0.00467	0.00367	0.00443	0.00405	0.00479	0.04599	0.00318	0.20149	0.00530	0.00723	0.00585	0.00811	0.00522	0.04305	0.63891	0.00280	0.00506	0.00233	0.00145	0.00243
25	0.00861	0.00635	0.00680	0.00521	0.00703	0.00703	0.00431	0.89869	0.01065	0.01428	0.00544	0.00544	0.00385	0.00272	0.00227	0.00068	0.00249	0.00204	0.00227	0.00385
26	0.00363	0.00261	0.00979	0.00343	0.00381	0.00253	0.00243	0.11226	0.00510	0.01705	0.02150	0.73123	0.01304	0.01974	0.00312	0.03133	0.00152	0.01173	0.00208	0.00209
27	0.03013	0.00261	0.00327	0.00303	0.00370	0.00245	0.00229	0.03225	0.01334	0.05269	0.67891	0.09523	0.03659	0.00456	0.00259	0.00072	0.00122	0.00400	0.00240	0.02803
28	0.00459	0.02407	0.87316	0.00650	0.00980	0.00532	0.03133	0.00717	0.00480	0.00715	0.00407	0.00480	0.00289	0.00214	0.00216	0.00072	0.00335	0.00169	0.00096	0.00333
29	0.00394	0.00197	0.00295	0.00295	0.00295	0.00197	0.00197	0.00295	0.00295	0.00394	0.00394	0.00689	0.00394	0.00787	0.00885	0.93408	0.00197	0.00197	0.00098	0.00098
30	0.00569	0.00553	0.00904	0.01349	0.86278	0.03172	0.00681	0.00711	0.02246	0.00739	0.00434	0.00562	0.00363	0.00205	0.00224	0.00067	0.00271	0.00201	0.00115	0.00356
31	0.00473	0.03687	0.83247	0.00645	0.00966	0.03333	0.03136	0.00722	0.00484	0.00708	0.00404	0.00476	0.00289	0.00215	0.00214	0.00071	0.00336	0.00168	0.00097	0.00331
32	0.00277	0.00198	0.00262	0.00314	0.00326	0.00185	0.00208	0.00316	0.00431	0.00575	0.01234	0.89476	0.01480	0.03148	0.00312	0.00095	0.00134	0.00636	0.00208	0.00183
33	0.77466	0.00446	0.02383	0.05346	0.03006	0.00493	0.00294	0.00668	0.00413	0.03744	0.03779	0.00452	0.00334	0.00223	0.00156	0.00070	0.00186	0.00144	0.00145	0.00254
34	0.00464	0.07683	0.79409	0.00627	0.02174	0.00546	0.00781	0.00710	0.01421	0.00701	0.00412	0.00488	0.00301	0.00260	0.03016	0.00079	0.00334	0.00168	0.00098	0.00328
35	0.01690	0.01854	0.81472	0.01901	0.02793	0.00515	0.00792	0.00708	0.00479	0.02264	0.00439	0.03305	0.00330	0.00231	0.00217	0.00072	0.00321	0.00183	0.00103	0.00329
36	0.66862	0.00441	0.02316	0.18617	0.03162	0.00497	0.00345	0.00643	0.00411	0.00909	0.01867	0.00455	0.00300	0.00219	0.00164	0.00071	0.00204	0.00148	0.02119	0.00250

[dist]
# distance from previous block
# <min> <max>
3	11

[block]
# block no. 5 follows, 134 sequences, length 6
# corresponding to MSA columns:
# 260-265
name=unknown_F
#
# <colnr> <probs for GDERKNQSTAVLIFYWHMCP>
#	G	D	E	R	K	N	Q	S	T	A	V	L	I	F	Y	W	H	M	C	P
0	0.00803	0.17413	0.00740	0.00549	0.00679	0.74950	0.00429	0.00864	0.00609	0.00551	0.00344	0.00400	0.00292	0.00226	0.00194	0.00057	0.00379	0.00141	0.00113	0.00268
1	0.04569	0.05115	0.78510	0.00656	0.05343	0.00542	0.00784	0.00712	0.00475	0.00724	0.00400	0.00472	0.00289	0.00213	0.00209	0.00070	0.00321	0.00165	0.00098	0.00330
2	0.00383	0.00207	0.00307	0.04309	0.00350	0.00211	0.00213	0.00311	0.00313	0.00417	0.00471	0.06597	0.00490	0.07083	0.00837	0.76845	0.00199	0.00235	0.00108	0.00113
3	0.00466	0.01101	0.80726	0.00730	0.11084	0.00528	0.00821	0.00715	0.00483	0.00720	0.00409	0.00488	0.00295	0.00214	0.00216	0.00071	0.00327	0.00171	0.00098	0.00338
4	0.00616	0.79656	0.01102	0.00402	0.00585	0.05259	0.00387	0.04604	0.00492	0.00573	0.00340	0.00397	0.00307	0.00265	0.04158	0.00064	0.00267	0.00131	0.00105	0.00290
5	0.00426	0.00411	0.00739	0.62119	0.01317	0.00470	0.16684	0.00568	0.00465	0.00605	0.00534	0.13633	0.00480	0.00289	0.00243	0.00078	0.00292	0.00276	0.00119	0.00252

[dist]
# distance from previous block
# <min> <max>
0	7

[block]
# block no. 6 follows, 134 sequences, length 76
# corresponding to MSA columns:
# 273-348
name=unknown_G
#
# <colnr> <probs for GDERKNQSTAVLIFYWHMCP>
#	G	D	E	R	K	N	Q	S	T	A	V	L	I	F	Y	W	H	M	C	P
0	0.00556	0.00538	0.00929	0.03717	0.84961	0.00539	0.04028	0.00693	0.00515	0.00735	0.00427	0.00564	0.00357	0.00202	0.00226	0.00068	0.00274	0.00204	0.00112	0.00354
1	0.00300	0.00234	0.00275	0.00273	0.00337	0.00208	0.00210	0.00384	0.00570	0.00745	0.39730	0.02012	0.43665	0.00532	0.00272	0.00077	0.00121	0.09626	0.00227	0.00203
2	0.66297	0.00575	0.18003	0.06808	0.01253	0.00505	0.00390	0.00665	0.00415	0.00923	0.02227	0.00435	0.00298	0.00218	0.00164	0.00071	0.00215	0.00144	0.00131	0.00263
3	0.00430	0.00405	0.00683	0.90096	0.02941	0.00504	0.00630	0.00581	0.00454	0.00581	0.00403	0.00603	0.00303	0.00226	0.00226	0.00075	0.00302	0.00201	0.00101	0.00253
4	0.00428	0.00403	0.00680	0.91493	0.01560	0.00503	0.00629	0.00579	0.00453	0.00579	0.00403	0.00604	0.00302	0.00227	0.00227	0.00076	0.00302	0.00201	0.00101	0.00252
5	0.00523	0.00492	0.00830	0.13292	0.69424	0.00505	0.00652	0.00656	0.00508	0.00712	0.00503	0.00773	0.00449	0.00249	0.00234	0.00072	0.00267	0.09407	0.00121	0.00329
6	0.00589	0.67876	0.01898	0.17707	0.00777	0.05218	0.00439	0.00678	0.00471	0.02074	0.00344	0.00419	0.00297	0.00204	0.00166	0.00055	0.00262	0.00140	0.00102	0.00284
7	0.00337	0.00226	0.00255	0.00253	0.00256	0.00228	0.00144	0.01673	0.00341	0.00455	0.00710	0.01459	0.00813	0.89261	0.02534	0.00220	0.00226	0.00326	0.00138	0.00142
8	0.00276	0.00197	0.00263	0.00315	0.00329	0.00184	0.00210	0.00315	0.00434	0.00578	0.01249	0.91890	0.01499	0.00710	0.00289	0.00092	0.00131	0.00644	0.00210	0.00184
9	0.00326	0.00233	0.00303	0.00284	0.00340	0.00214	0.00214	0.00431	0.00637	0.01818	0.86803	0.01698	0.04913	0.00465	0.00267	0.00071	0.00108	0.00410	0.00248	0.00215
10	0.00429	0.00404	0.00682	0.90475	0.02567	0.00504	0.00630	0.00580	0.00454	0.00581	0.00403	0.00604	0.00303	0.00226	0.00226	0.00075	0.00302	0.00201	0.00101	0.00253
11	0.00428	0.00403	0.00680	0.91493	0.01560	0.00503	0.00629	0.00579	0.00453	0.00579	0.00403	0.00604	0.00302	0.00227	0.00227	0.00076	0.00302	0.00201	0.00101	0.00252
12	0.00345	0.00251	0.00337	0.00372	0.00427	0.00244	0.00315	0.00443	0.00539	0.00706	0.15816	0.03811	0.11908	0.00595	0.00300	0.00095	0.00180	0.62892	0.00215	0.00207
13	0.08508	0.01096	0.81038	0.00623	0.00938	0.00526	0.02776	0.00713	0.00472	0.00744	0.00400	0.00472	0.00285	0.00214	0.00210	0.00072	0.00322	0.00166	0.00100	0.00326
14	0.00276	0.00198	0.00262	0.00314	0.00328	0.00184	0.00210	0.00316	0.00435	0.00579	0.01268	0.90224	0.03152	0.00707	0.00289	0.00092	0.00131	0.00641	0.00210	0.00184
