[name]
rps11

[dist]
# distance from previous block
# <min> <max>
0	0

[block]
# block no. 0 follows, 130 sequences, length 9
# corresponding to MSA columns:
# 0-8
name=unknown_A
#
# <colnr> <probs for GDERKNQSTAVLIFYWHMCP>
#	G	D	E	R	K	N	Q	S	T	A	V	L	I	F	Y	W	H	M	C	P
0	0.00375	0.00268	0.00375	0.00428	0.00482	0.00268	0.00375	0.00482	0.00535	0.00696	0.01232	0.02624	0.01339	0.00643	0.00321	0.00107	0.00214	0.88809	0.00214	0.00214
1	0.04735	0.00411	0.00530	0.00417	0.00589	0.00379	0.00342	0.01128	0.11831	0.75695	0.00897	0.00784	0.00579	0.00288	0.00231	0.00073	0.00195	0.00233	0.00276	0.00387
2	0.00576	0.00553	0.00944	0.01428	0.90374	0.00553	0.00714	0.00714	0.00530	0.00760	0.00438	0.00576	0.00368	0.00207	0.00230	0.00069	0.00276	0.00207	0.00115	0.00368
3	0.00587	0.00453	0.00515	0.00403	0.00568	0.00426	0.00320	0.26731	0.04591	0.02997	0.03551	0.09782	0.00577	0.02268	0.01802	0.00065	0.00201	0.00235	0.00185	0.43744
4	0.00318	0.00254	0.00280	0.02099	0.00370	0.00227	0.00209	0.00410	0.04932	0.02624	0.06317	0.16295	0.61883	0.00570	0.00273	0.00080	0.00130	0.00485	0.00217	0.02026
5	0.00525	0.00429	0.00556	0.06037	0.06690	0.00367	0.03154	0.02214	0.05339	0.05901	0.00510	0.04005	0.00424	0.00216	0.00196	0.00048	0.00197	0.00184	0.00152	0.62854
6	0.00502	0.00466	0.00757	0.57435	0.26583	0.00538	0.00642	0.03852	0.05643	0.00694	0.00456	0.00620	0.00353	0.00232	0.00232	0.00075	0.00291	0.00210	0.00119	0.00301
7	0.00485	0.00382	0.00428	0.00414	0.05621	0.02205	0.00301	0.13292	0.13318	0.04798	0.09392	0.01468	0.36366	0.01917	0.03077	0.00087	0.00187	0.02934	0.00214	0.03113
8	0.74428	0.03337	0.00419	0.00341	0.00490	0.00553	0.00282	0.13307	0.00506	0.01085	0.03236	0.00447	0.00336	0.00233	0.00161	0.00071	0.00191	0.00147	0.00159	0.00273

[dist]
# distance from previous block
# <min> <max>
2	6

[block]
# block no. 1 follows, 130 sequences, length 9
# corresponding to MSA columns:
# 20-28
name=unknown_B
#
# <colnr> <probs for GDERKNQSTAVLIFYWHMCP>
#	G	D	E	R	K	N	Q	S	T	A	V	L	I	F	Y	W	H	M	C	P
0	0.00484	0.00460	0.00779	0.61535	0.30981	0.00529	0.00668	0.00634	0.00486	0.00649	0.00421	0.00605	0.00329	0.00224	0.00232	0.00075	0.00299	0.00207	0.00107	0.00295
1	0.02212	0.02387	0.00657	0.06610	0.02184	0.68347	0.00452	0.03423	0.07406	0.02193	0.00424	0.00479	0.00340	0.00244	0.00212	0.00063	0.00374	0.00165	0.00134	0.01694
2	0.45464	0.00422	0.01819	0.18147	0.04669	0.00463	0.00363	0.00677	0.02998	0.08701	0.06176	0.00624	0.01871	0.00290	0.00238	0.06263	0.00210	0.00189	0.00155	0.00263
3	0.00431	0.00396	0.00645	0.70749	0.01344	0.00495	0.00578	0.00566	0.00448	0.00594	0.00461	0.03864	0.00383	0.00389	0.07654	0.00104	0.07920	0.00226	0.02504	0.00250
4	0.00430	0.00356	0.00388	0.07691	0.00525	0.02605	0.00293	0.16340	0.02873	0.00795	0.03706	0.01752	0.52233	0.00492	0.00266	0.00079	0.00176	0.08549	0.00209	0.00245
5	0.60463	0.00487	0.00451	0.04634	0.00570	0.00557	0.00320	0.19778	0.02480	0.03550	0.02744	0.00488	0.00356	0.00245	0.00187	0.00073	0.01998	0.00163	0.00169	0.00289
6	0.00786	0.00547	0.00605	0.00486	0.00639	0.00591	0.00392	0.65633	0.00938	0.08751	0.00723	0.17489	0.00623	0.00363	0.00245	0.00075	0.00229	0.00295	0.00234	0.00357
7	0.04137	0.00423	0.00685	0.79667	0.01469	0.00534	0.00618	0.00595	0.00453	0.00609	0.00400	0.00601	0.00307	0.00247	0.00276	0.00079	0.08332	0.00203	0.00105	0.00258
8	0.00576	0.00553	0.00944	0.01428	0.90374	0.00553	0.00714	0.00714	0.00530	0.00760	0.00438	0.00576	0.00368	0.00207	0.00230	0.00069	0.00276	0.00207	0.00115	0.00368

[dist]
# distance from previous block
# <min> <max>
0	2

[block]
# block no. 2 follows, 130 sequences, length 118
# corresponding to MSA columns:
# 31-148
name=unknown_C
#
# <colnr> <probs for GDERKNQSTAVLIFYWHMCP>
#	G	D	E	R	K	N	Q	S	T	A	V	L	I	F	Y	W	H	M	C	P
0	0.05916	0.02055	0.00664	0.00557	0.00703	0.50659	0.00436	0.33796	0.00801	0.00927	0.00430	0.00469	0.00333	0.00254	0.00218	0.00064	0.01069	0.00171	0.00163	0.00316
1	0.02273	0.00382	0.00470	0.00390	0.00534	0.00362	0.00314	0.02509	0.16922	0.49557	0.05258	0.01744	0.15603	0.00361	0.00244	0.00075	0.00179	0.02220	0.00260	0.00342
2	0.00426	0.00399	0.00655	0.80486	0.01457	0.00492	0.00599	0.00569	0.00467	0.00596	0.00582	0.00761	0.08141	0.00280	0.00955	0.00080	0.02457	0.00232	0.00113	0.00253
3	0.00491	0.00532	0.08611	0.51095	0.33454	0.00532	0.00689	0.00650	0.00491	0.00666	0.00422	0.00593	0.00330	0.00222	0.00231	0.00074	0.00301	0.00204	0.00107	0.00305
4	0.00329	0.00312	0.00275	0.00269	0.00351	0.08089	0.00202	0.00389	0.00546	0.00634	0.05376	0.02062	0.79249	0.00555	0.00269	0.00077	0.00144	0.00459	0.00209	0.00204
5	0.00495	0.00428	0.00540	0.04464	0.08420	0.00345	0.00928	0.01129	0.00491	0.01382	0.00420	0.00500	0.00347	0.00180	0.00181	0.00040	0.00190	0.00149	0.00136	0.79235
6	0.00575	0.00555	0.00956	0.01415	0.87806	0.00554	0.03272	0.00715	0.00530	0.00760	0.00438	0.00577	0.00368	0.00207	0.00232	0.00069	0.00280	0.00209	0.00115	0.00367
7	0.92283	0.00447	0.00341	0.00306	0.00449	0.00518	0.00251	0.00681	0.00399	0.01042	0.01468	0.00395	0.00277	0.00219	0.00146	0.00072	0.00179	0.00130	0.00145	0.00251
8	0.00380	0.00251	0.00315	0.00292	0.00362	0.00225	0.00221	0.00477	0.00631	0.08666	0.63939	0.02353	0.20038	0.00484	0.00271	0.00074	0.00119	0.00420	0.00250	0.00230
9	0.00275	0.00236	0.00236	0.00236	0.00314	0.00196	0.00177	0.00334	0.00530	0.00628	0.02356	0.02239	0.90280	0.00589	0.00275	0.00079	0.00118	0.00491	0.00216	0.00196
10	0.00503	0.00500	0.00701	0.00603	0.00604	0.00698	0.00501	0.00555	0.00357	0.00559	0.00316	0.00523	0.00315	0.00453	0.03859	0.00111	0.88282	0.00205	0.00103	0.00253
11	0.00321	0.00237	0.00300	0.00284	0.00343	0.00216	0.00213	0.00424	0.00640	0.00888	0.77419	0.01811	0.15055	0.00492	0.00274	0.00074	0.00111	0.00431	0.00250	0.00216
12	0.00549	0.00627	0.01373	0.00980	0.01216	0.00588	0.89529	0.00745	0.00549	0.00745	0.00471	0.00627	0.00353	0.00196	0.00275	0.00078	0.00392	0.00275	0.00118	0.00314
13	0.01036	0.00397	0.00540	0.00415	0.00594	0.00346	0.00342	0.01135	0.02069	0.89128	0.00918	0.00793	0.00578	0.00288	0.00234	0.00072	0.00198	0.00234	0.00287	0.00395
14	0.03678	0.00645	0.00687	0.00528	0.00713	0.00715	0.00436	0.86915	0.01073	0.01453	0.00551	0.00553	0.00391	0.00277	0.00230	0.00070	0.00254	0.00207	0.00230	0.00391
15	0.00338	0.00226	0.00254	0.00254	0.00254	0.00226	0.00141	0.00338	0.00338	0.00451	0.00733	0.01522	0.00846	0.91825	0.01184	0.00226	0.00226	0.00338	0.00141	0.00141
16	0.00843	0.01027	0.00666	0.03331	0.00742	0.77226	0.00457	0.08172	0.00677	0.00643	0.00375	0.00440	0.00308	0.00249	0.00234	0.00063	0.03982	0.00159	0.00128	0.00279
17	0.00869	0.01109	0.00659	0.00599	0.00719	0.90891	0.00449	0.00929	0.00659	0.00569	0.00360	0.00419	0.00300	0.00240	0.00210	0.00060	0.00419	0.00150	0.00120	0.00270
18	0.00579	0.00500	0.00526	0.00473	0.00605	0.00579	0.00368	0.01236	0.89954	0.00973	0.00947	0.00868	0.00710	0.00316	0.00237	0.00079	0.00184	0.00263	0.00237	0.00368
19	0.00275	0.00236	0.00236	0.00236	0.00314	0.00196	0.00177	0.00334	0.00530	0.00628	0.02356	0.02239	0.90280	0.00589	0.00275	0.00079	0.00118	0.00491	0.00216	0.00196
20	0.00323	0.00238	0.00302	0.00286	0.00344	0.00217	0.00215	0.00427	0.00644	0.00899	0.80373	0.01794	0.12095	0.00488	0.00274	0.00074	0.00111	0.00429	0.00252	0.00217
21	0.00598	0.00506	0.00534	0.00476	0.00610	0.00583	0.00371	0.05384	0.84737	0.02044	0.00928	0.00852	0.00694	0.00314	0.00236	0.00078	0.00188	0.00260	0.00237	0.00370
22	0.00314	0.00234	0.00292	0.00284	0.00340	0.00212	0.00211	0.00408	0.00614	0.00843	0.64978	0.09664	0.19707	0.00520	0.00276	0.00076	0.00114	0.00456	0.00245	0.00212
23	0.00579	0.00500	0.00526	0.00473	0.00605	0.00579	0.00368	0.01236	0.89954	0.00973	0.00947	0.00868	0.00710	0.00316	0.00237	0.00079	0.00184	0.00263	0.00237	0.00368
24	0.00622	0.91965	0.01219	0.00398	0.00597	0.00920	0.00398	0.00697	0.00473	0.00547	0.00323	0.00373	0.00299	0.00199	0.00149	0.00050	0.00249	0.00124	0.00100	0.00299
25	0.03134	0.00244	0.00304	0.00287	0.00347	0.00226	0.00216	0.00435	0.00637	0.00904	0.78156	0.01750	0.11539	0.00480	0.00270	0.00074	0.00113	0.00419	0.00248	0.00218
26	0.04531	0.00404	0.00661	0.76621	0.01424	0.00493	0.03269	0.00598	0.00467	0.00642	0.00441	0.00631	0.00334	0.00234	0.00224	0.00075	0.00289	0.00206	0.08200	0.00256
27	0.93468	0.00450	0.00342	0.00306	0.00450	0.00522	0.00252	0.00684	0.00396	0.01044	0.00324	0.00378	0.00252	0.00216	0.00144	0.00072	0.00180	0.00126	0.00144	0.00252
28	0.00460	0.00442	0.00771	0.76568	0.09298	0.00525	0.07425	0.00616	0.00477	0.00620	0.00420	0.00617	0.00318	0.00228	0.00236	0.00077	0.00313	0.00212	0.00105	0.00272
29	0.00329	0.00238	0.00311	0.00293	0.00348	0.00219	0.00219	0.00439	0.00658	0.00933	0.90251	0.01738	0.02195	0.00476	0.00274	0.00073	0.00110	0.00421	0.00256	0.00219
30	0.00282	0.00236	0.00245	0.00243	0.00318	0.00199	0.00182	0.00347	0.00546	0.00666	0.13315	0.02176	0.79297	0.00575	0.00275	0.00078	0.00117	0.00482	0.00221	0.00199
31	0.00798	0.00588	0.00642	0.00505	0.00670	0.00651	0.00414	0.73428	0.04360	0.01861	0.04547	0.00657	0.00506	0.00417	0.08124	0.00097	0.00277	0.00224	0.00866	0.00369
32	0.00423	0.00219	0.00316	0.00310	0.00318	0.00222	0.00210	0.03680	0.00337	0.00454	0.00417	0.00705	0.00408	0.00777	0.00868	0.87760	0.00202	0.00203	0.02057	0.00115
33	0.00884	0.04670	0.00710	0.00521	0.00707	0.00704	0.00433	0.79460	0.01036	0.07677	0.00573	0.00567	0.00404	0.00276	0.00229	0.00069	0.00252	0.00207	0.00231	0.00391
34	0.00884	0.00652	0.00698	0.00535	0.00721	0.00721	0.00442	0.89599	0.01094	0.01466	0.00558	0.00558	0.00396	0.00279	0.00233	0.00070	0.00256	0.00209	0.00233	0.00396
35	0.01044	0.00396	0.00540	0.00414	0.00594	0.00342	0.00342	0.01134	0.00666	0.90535	0.00918	0.00792	0.00576	0.00288	0.00234	0.00072	0.00198	0.00234	0.00288	0.00396
36	0.93468	0.00450	0.00342	0.00306	0.00450	0.00522	0.00252	0.00684	0.00396	0.01044	0.00324	0.00378	0.00252	0.00216	0.00144	0.00072	0.00180	0.00126	0.00144	0.00252
37	0.00634	0.00487	0.00526	0.00466	0.00602	0.01137	0.00366	0.01210	0.77171	0.11811	0.00944	0.00883	0.00701	0.00317	0.00237	0.00078	0.00188	0.01632	0.00242	0.00368
38	0.00438	0.00221	0.00222	0.00220	0.00276	0.00222	0.00166	0.01496	0.00494	0.00874	0.00757	0.00864	0.00594	0.00271	0.00163	0.00054	0.00110	0.00217	0.92121	0.00219
39	0.93468	0.00450	0.00342	0.00306	0.00450	0.00522	0.00252	0.00684	0.00396	0.01044	0.00324	0.00378	0.00252	0.00216	0.00144	0.00072	0.00180	0.00126	0.00144	0.00252
40	0.00333	0.00224	0.00255	0.00260	0.00261	0.00222	0.00147	0.00337	0.00348	0.00463	0.00781	0.09367	0.00906	0.83898	0.01107	0.00214	0.00218	0.00366	0.00147	0.00145
41	0.01230	0.00511	0.00850	0.33407	0.56135	0.01892	0.01278	0.00674	0.00508	0.00700	0.00427	0.00588	0.00346	0.00217	0.00230	0.00072	0.00291	0.00206	0.00111	0.00327
42	0.84283	0.00470	0.00377	0.00329	0.00477	0.00542	0.00271	0.09505	0.00465	0.01086	0.00347	0.00396	0.00266	0.00222	0.00153	0.00072	0.00187	0.00134	0.00153	0.00266
43	0.00609	0.00472	0.00549	0.11654	0.01290	0.00526	0.00396	0.01100	0.62339	0.11285	0.00841	0.00802	0.00620	0.00292	0.00232	0.00075	0.00201	0.00244	0.00219	0.06253
44	0.00446	0.00420	0.00709	0.87021	0.05796	0.00518	0.00649	0.00600	0.00468	0.00602	0.00415	0.00618	0.00313	0.00231	0.00232	0.00077	0.00308	0.00207	0.00104	0.00264
45	0.00450	0.00424	0.00717	0.84375	0.08411	0.00520	0.00651	0.00603	0.00470	0.00607	0.00415	0.00617	0.00315	0.00231	0.00232	0.00077	0.00307	0.00207	0.00104	0.00267
46	0.85385	0.00459	0.00394	0.00404	0.08275	0.00525	0.00292	0.00686	0.00408	0.01019	0.00334	0.00395	0.00262	0.00215	0.00151	0.00072	0.00188	0.00133	0.00141	0.00262
47	0.00579	0.00500	0.00526	0.00473	0.00605	0.00579	0.00368	0.01236	0.89954	0.00973	0.00947	0.00868	0.00710	0.00316	0.00237	0.00079	0.00184	0.00263	0.00237	0.00368
48	0.00499	0.00413	0.00484	0.00347	0.00553	0.00311	0.00278	0.00602	0.00488	0.03467	0.00429	0.00492	0.00352	0.00176	0.00174	0.00036	0.00173	0.00141	0.00142	0.90445
49	0.00333	0.00224	0.00255	0.00260	0.00261	0.00222	0.00147	0.00337	0.00348	0.00463	0.00781	0.09367	0.00906	0.83898	0.01107	0.00214	0.00218	0.00366	0.00147	0.00145
50	0.01044	0.00396	0.00540	0.00414	0.00594	0.00342	0.00342	0.01134	0.00666	0.90535	0.00918	0.00792	0.00576	0.00288	0.00234	0.00072	0.00198	0.00234	0.00288	0.00396
51	0.01044	0.00396	0.00540	0.00414	0.00594	0.00342	0.00342	0.01134	0.00666	0.90535	0.00918	0.00792	0.00576	0.00288	0.00234	0.00072	0.00198	0.00234	0.00288	0.00396
52	0.00550	0.00630	0.02710	0.01014	0.08971	0.00584	0.80435	0.00742	0.00546	0.00746	0.00467	0.00621	0.00353	0.00197	0.00270	0.00078	0.00381	0.00267	0.00117	0.00319
53	0.00555	0.00478	0.00496	0.00448	0.00574	0.01952	0.00348	0.01129	0.77388	0.02080	0.01095	0.01013	0.10732	0.00345	0.00241	0.00078	0.00181	0.00286	0.00233	0.00348
54	0.00984	0.00409	0.00538	0.00421	0.00595	0.00372	0.00345	0.01147	0.12059	0.79107	0.00921	0.00801	0.00593	0.00291	0.00234	0.00073	0.00196	0.00238	0.00281	0.00392
55	0.00954	0.00403	0.00530	0.00419	0.00588	0.00369	0.00343	0.01119	0.12380	0.75014	0.02866	0.00859	0.00644	0.00303	0.00237	0.00074	0.00195	0.02041	0.00279	0.00385
56	0.69186	0.00566	0.13514	0.03165	0.03188	0.00524	0.04311	0.00689	0.00426	0.00963	0.01507	0.00436	0.00293	0.00219	0.00168	0.00073	0.00219	0.00148	0.00136	0.00271
57	0.00826	0.06298	0.00690	0.00604	0.03413	0.77405	0.00450	0.01902	0.02555	0.00596	0.00400	0.00496	0.00341	0.00250	0.00211	0.00061	0.00392	0.02707	0.00125	0.00276
58	0.00961	0.00379	0.00508	0.00396	0.00564	0.00327	0.00325	0.01049	0.00654	0.80787	0.02961	0.00938	0.08417	0.00318	0.00238	0.00073	0.00189	0.00260	0.00281	0.00375
59	0.00275	0.00236	0.00236	0.00236	0.00314	0.00196	0.00177	0.00334	0.00530	0.00628	0.02356	0.02239	0.90280	0.00589	0.00275	0.00079	0.00118	0.00491	0.00216	0.00196
60	0.00447	0.00429	0.00748	0.84565	0.01573	0.00522	0.07243	0.00606	0.00471	0.00606	0.00418	0.00621	0.00313	0.00230	0.00236	0.00078	0.00316	0.00212	0.00104	0.00263
61	0.00735	0.00460	0.00532	0.00452	0.01146	0.00483	0.00357	0.01730	0.53140	0.31707	0.00901	0.00816	0.00639	0.00297	0.00232	0.00074	0.00189	0.00245	0.00248	0.05616
62	0.00355	0.00242	0.00318	0.00299	0.00357	0.00223	0.00224	0.00460	0.00647	0.04455	0.81756	0.06719	0.02094	0.00482	0.00274	0.00074	0.00115	0.00427	0.00255	0.00225
63	0.00436	0.00294	0.00398	0.00412	0.08220	0.00278	0.00283	0.00570	0.04782	0.10248	0.65181	0.01524	0.04431	0.00431	0.00265	0.00074	0.00138	0.01533	0.00244	0.00257
64	0.00637	0.76563	0.01122	0.00428	0.00609	0.08728	0.00406	0.00731	0.03862	0.00566	0.00349	0.00402	0.00314	0.00216	0.00185	0.00054	0.04290	0.00135	0.00107	0.00297
65	0.00551	0.00619	0.01325	0.01014	0.08965	0.00587	0.80402	0.00739	0.00544	0.00743	0.00465	0.00621	0.00354	0.00200	0.00278	0.00078	0.01812	0.00268	0.00117	0.00318
66	0.93468	0.00450	0.00342	0.00306	0.00450	0.00522	0.00252	0.00684	0.00396	0.01044	0.00324	0.00378	0.00252	0.00216	0.00144	0.00072	0.00180	0.00126	0.00144	0.00252
67	0.00366	0.00262	0.00365	0.00419	0.00468	0.00260	0.00360	0.00467	0.00527	0.00687	0.01236	0.10961	0.01357	0.00651	0.00319	0.00106	0.00207	0.80556	0.00214	0.00212
68	0.00559	0.00637	0.01313	0.03703	0.03777	0.03995	0.80925	0.00747	0.00550	0.00734	0.00464	0.00618	0.00350	0.00199	0.00270	0.00077	0.00387	0.00266	0.00117	0.00312
69	0.00431	0.00402	0.00677	0.85162	0.01523	0.00498	0.01265	0.00579	0.00465	0.00595	0.00466	0.06076	0.00384	0.00262	0.00237	0.00079	0.00300	0.00234	0.00110	0.00255
70	0.00971	0.00381	0.00512	0.00397	0.00568	0.00328	0.00327	0.01059	0.00654	0.82040	0.01713	0.00925	0.08394	0.00316	0.00238	0.00073	0.00190	0.00258	0.00281	0.00377
71	0.00502	0.01087	0.76161	0.00675	0.05470	0.00531	0.00795	0.04663	0.00531	0.03316	0.03831	0.00554	0.00383	0.00234	0.00224	0.00073	0.00324	0.00186	0.00116	0.00344
72	0.00329	0.00238	0.00311	0.00293	0.00348	0.00219	0.00219	0.00439	0.00658	0.00933	0.90251	0.01738	0.02195	0.00476	0.00274	0.00073	0.00110	0.00421	0.00256	0.00219
73	0.00370	0.00271	0.00385	0.06029	0.00537	0.00276	0.00376	0.00474	0.00524	0.00682	0.01784	0.10481	0.01299	0.00624	0.00313	0.00104	0.00212	0.74835	0.00208	0.00215
74	0.00277	0.00236	0.00238	0.00238	0.00315	0.00197	0.00178	0.00338	0.00535	0.00640	0.05675	0.02220	0.86954	0.00585	0.00275	0.00078	0.00118	0.00488	0.00218	0.00197
75	0.00578	0.00558	0.00942	0.01421	0.89591	0.01342	0.00712	0.00716	0.00531	0.00758	0.00437	0.00574	0.00368	0.00208	0.00230	0.00069	0.00278	0.00207	0.00115	0.00368
76	0.93468	0.00450	0.00342	0.00306	0.00450	0.00522	0.00252	0.00684	0.00396	0.01044	0.00324	0.00378	0.00252	0.00216	0.00144	0.00072	0.00180	0.00126	0.00144	0.00252
77	0.00471	0.00401	0.00463	0.00349	0.00532	0.00324	0.00276	0.00623	0.08966	0.00774	0.03967	0.03271	0.04459	0.00232	0.00190	0.00044	0.00168	0.00191	0.00157	0.74142
78	0.93468	0.00450	0.00342	0.00306	0.00450	0.00522	0.00252	0.00684	0.00396	0.01044	0.00324	0.00378	0.00252	0.00216	0.00144	0.00072	0.00180	0.00126	0.00144	0.00252
79	0.00347	0.00299	0.00339	0.07801	0.00474	0.08109	0.00271	0.00399	0.00466	0.00592	0.01131	0.76270	0.01330	0.00646	0.00284	0.00090	0.00174	0.00580	0.00198	0.00202
80	0.93468	0.00450	0.00342	0.00306	0.00450	0.00522	0.00252	0.00684	0.00396	0.01044	0.00324	0.00378	0.00252	0.00216	0.00144	0.00072	0.00180	0.00126	0.00144	0.00252
81	0.00439	0.00413	0.00698	0.91266	0.01602	0.00517	0.00646	0.00594	0.00465	0.00594	0.00413	0.00620	0.00310	0.00233	0.00233	0.00078	0.00310	0.00207	0.00103	0.00258
82	0.00643	0.84059	0.01170	0.00416	0.00608	0.08750	0.00402	0.00717	0.00489	0.00549	0.00327	0.00377	0.00299	0.00203	0.00155	0.00051	0.00264	0.00127	0.00101	0.00296
83	0.01044	0.00396	0.00540	0.00414	0.00594	0.00342	0.00342	0.01134	0.00666	0.90535	0.00918	0.00792	0.00576	0.00288	0.00234	0.00072	0.00198	0.00234	0.00288	0.00396
84	0.01044	0.00396	0.00540	0.00414	0.00594	0.00342	0.00342	0.01134	0.00666	0.90535	0.00918	0.00792	0.00576	0.00288	0.00234	0.00072	0.00198	0.00234	0.00288	0.00396
85	0.00284	0.00206	0.00268	0.00315	0.00336	0.00190	0.00213	0.00328	0.00459	0.00607	0.03938	0.81300	0.09280	0.00709	0.00294	0.00092	0.00133	0.00640	0.00217	0.00190
86	0.00449	0.00432	0.00756	0.83410	0.01568	0.00523	0.08381	0.00607	0.00472	0.00607	0.00418	0.00621	0.00314	0.00229	0.00236	0.00078	0.00317	0.00213	0.00105	0.00263
87	0.00977	0.00381	0.00518	0.00402	0.00571	0.00330	0.00330	0.01068	0.00665	0.82121	0.09306	0.00881	0.00728	0.00306	0.00238	0.00072	0.00190	0.00251	0.00285	0.00379
88	0.00275	0.00236	0.00236	0.00236	0.00314	0.00196	0.00177	0.00334	0.00530	0.00628	0.02356	0.02239	0.90280	0.00589	0.00275	0.00079	0.00118	0.00491	0.00216	0.00196
89	0.03110	0.00392	0.00636	0.77938	0.01415	0.00483	0.00580	0.00575	0.00457	0.00610	0.00459	0.02516	0.00372	0.04316	0.01668	0.00088	0.00296	0.00220	0.03621	0.00249
90	0.00462	0.00443	0.00729	0.80216	0.09303	0.02357	0.02017	0.00614	0.00476	0.00611	0.00415	0.00612	0.00316	0.00230	0.00233	0.00076	0.00311	0.00207	0.00105	0.00269
91	0.00878	0.00650	0.00703	0.00553	0.02542	0.00718	0.00448	0.87793	0.01082	0.01452	0.00556	0.00559	0.00395	0.00278	0.00233	0.00070	0.00256	0.00209	0.00230	0.00395
92	0.88091	0.01065	0.00366	0.04329	0.00504	0.00526	0.00272	0.01295	0.00404	0.01023	0.00329	0.00390	0.00256	0.00217	0.00149	0.00072	0.00187	0.00130	0.00142	0.00254
93	0.00281	0.00232	0.00247	0.00252	0.00320	0.00198	0.00186	0.00342	0.00532	0.00652	0.10353	0.13261	0.71149	0.00596	0.00278	0.00080	0.00119	0.00506	0.00220	0.00198
94	0.00318	0.00245	0.00342	0.15457	0.00543	0.00250	0.00280	0.00379	0.00453	0.00600	0.04884	0.59321	0.05639	0.08549	0.00360	0.00101	0.00171	0.00532	0.00191	0.01386
95	0.00287	0.00205	0.00271	0.00320	0.00335	0.00191	0.00214	0.00329	0.00452	0.00605	0.05199	0.85101	0.01548	0.03342	0.00321	0.00097	0.00136	0.00641	0.00216	0.00189
96	0.00840	0.00696	0.00700	0.00575	0.03294	0.12536	0.00456	0.67464	0.01617	0.01250	0.00511	0.00539	0.00377	0.00283	0.00273	0.00071	0.07748	0.00201	0.00204	0.00367
97	0.00332	0.00225	0.00254	0.00256	0.00265	0.00222	0.00150	0.00342	0.00363	0.00481	0.00898	0.05550	0.08651	0.77137	0.02084	0.00205	0.00215	0.00363	0.01858	0.00150
98	0.00305	0.00236	0.00278	0.00270	0.00333	0.00209	0.00201	0.00390	0.00596	0.00792	0.49798	0.05345	0.39344	0.00533	0.00275	0.00076	0.00114	0.00459	0.00238	0.00209
99	0.00439	0.00411	0.00692	0.90213	0.01587	0.00513	0.00640	0.00594	0.00465	0.00597	0.00417	0.00623	0.00313	0.00233	0.00232	0.00077	0.00308	0.00207	0.01179	0.00258
100	0.00622	0.91965	0.01219	0.00398	0.00597	0.00920	0.00398	0.00697	0.00473	0.00547	0.00323	0.00373	0.00299	0.00199	0.00149	0.00050	0.00249	0.00124	0.00100	0.00299
101	0.00325	0.00244	0.00314	0.03718	0.00390	0.00227	0.00229	0.00428	0.00631	0.00872	0.72873	0.01775	0.16140	0.00484	0.00273	0.00074	0.00119	0.00424	0.00244	0.00217
102	0.00579	0.00500	0.00526	0.00473	0.00605	0.00579	0.00368	0.01236	0.89954	0.00973	0.00947	0.00868	0.00710	0.00316	0.00237	0.00079	0.00184	0.00263	0.00237	0.00368
103	0.00482	0.00413	0.00482	0.00345	0.00551	0.00310	0.00276	0.00586	0.00482	0.00758	0.00413	0.00482	0.00345	0.00172	0.00172	0.00034	0.00172	0.00138	0.00138	0.93247
104	0.00359	0.00260	0.00355	0.00403	0.00456	0.00256	0.00345	0.00457	0.00529	0.00683	0.01340	0.08845	0.09628	0.00644	0.00315	0.00104	0.00200	0.74398	0.00214	0.00211
105	0.00482	0.00413	0.00482	0.00345	0.00551	0.00310	0.00276	0.00586	0.00482	0.00758	0.00413	0.00482	0.00345	0.00172	0.00172	0.00034	0.00172	0.00138	0.00138	0.93247
106	0.00509	0.00509	0.00712	0.00611	0.00611	0.00712	0.00509	0.00560	0.00356	0.00560	0.00305	0.00509	0.00305	0.00407	0.00763	0.00102	0.91399	0.00204	0.00102	0.00254
107	0.00869	0.01109	0.00659	0.00599	0.00719	0.90891	0.00449	0.00929	0.00659	0.00569	0.00360	0.00419	0.00300	0.00240	0.00210	0.00060	0.00419	0.00150	0.00120	0.00270
108	0.93468	0.00450	0.00342	0.00306	0.00450	0.00522	0.00252	0.00684	0.00396	0.01044	0.00324	0.00378	0.00252	0.00216	0.00144	0.00072	0.00180	0.00126	0.00144	0.00252
109	0.00434	0.00217	0.00217	0.00217	0.00271	0.00217	0.00163	0.00542	0.00488	0.00867	0.00759	0.00867	0.00596	0.00271	0.00163	0.00054	0.00108	0.00217	0.93117	0.00217
110	0.00439	0.00413	0.00698	0.91266	0.01602	0.00517	0.00646	0.00594	0.00465	0.00594	0.00413	0.00620	0.00310	0.00233	0.00233	0.00078	0.00310	0.00207	0.00103	0.00258
111	0.00491	0.00419	0.00487	0.00349	0.00555	0.00319	0.00279	0.02597	0.00496	0.00774	0.00417	0.00484	0.00346	0.00175	0.00174	0.00035	0.00174	0.00139	0.00140	0.91149
112	0.00482	0.00413	0.00482	0.00345	0.00551	0.00310	0.00276	0.00586	0.00482	0.00758	0.00413	0.00482	0.00345	0.00172	0.00172	0.00034	0.00172	0.00138	0.00138	0.93247
113	0.00575	0.00556	0.00963	0.01408	0.86433	0.00554	0.04640	0.00715	0.00531	0.00759	0.00439	0.00578	0.00368	0.00207	0.00232	0.00069	0.00281	0.00210	0.00115	0.00366
114	0.00576	0.00553	0.00944	0.01428	0.90374	0.00553	0.00714	0.00714	0.00530	0.00760	0.00438	0.00576	0.00368	0.00207	0.00230	0.00069	0.00276	0.00207	0.00115	0.00368
115	0.00441	0.00415	0.00701	0.89966	0.02887	0.00517	0.00647	0.00596	0.00466	0.00597	0.00414	0.00620	0.00311	0.00232	0.00233	0.00077	0.00310	0.00207	0.00104	0.00260
116	0.00441	0.00415	0.00695	0.89952	0.01588	0.00518	0.00642	0.00604	0.01761	0.00600	0.00421	0.00624	0.00316	0.00234	0.00233	0.00078	0.00308	0.00208	0.00105	0.00260
117	0.01691	0.00259	0.00322	0.00310	0.00369	0.00250	0.00232	0.00492	0.07945	0.00887	0.67701	0.10890	0.05759	0.00491	0.00272	0.00076	0.00121	0.01457	0.00247	0.00228

[dist]
# distance from previous block
# <min> <max>
0	0

# created by:
# /share/home/app/bin/augustus-3.3.1/scripts/msa2prfl.pl /dev/shm/tmp/pt-rosids/msas/rps11.aln --setname=rps11
