[name]
rps15

[dist]
# distance from previous block
# <min> <max>
0	26

[block]
# block no. 0 follows, 127 sequences, length 9
# corresponding to MSA columns:
# 26-34
name=unknown_A
#
# <colnr> <probs for GDERKNQSTAVLIFYWHMCP>
#	G	D	E	R	K	N	Q	S	T	A	V	L	I	F	Y	W	H	M	C	P
0	0.00382	0.00273	0.00382	0.00437	0.00492	0.00273	0.00382	0.00492	0.00546	0.00710	0.01257	0.02677	0.01366	0.00656	0.00328	0.00109	0.00219	0.88580	0.00219	0.00219
1	0.02323	0.00295	0.00386	0.00420	0.09776	0.00279	0.00279	0.00512	0.04127	0.02964	0.57901	0.01652	0.17258	0.00460	0.00270	0.00075	0.00138	0.00402	0.00237	0.00247
2	0.00586	0.00567	0.00976	0.01388	0.80618	0.00567	0.06730	0.00752	0.04049	0.00783	0.00469	0.00603	0.00389	0.00215	0.00238	0.00072	0.00286	0.00218	0.00123	0.00372
3	0.00768	0.00906	0.00681	0.00718	0.16231	0.59064	0.00477	0.04234	0.05588	0.00677	0.00592	0.00642	0.07860	0.00275	0.00226	0.00066	0.00357	0.00201	0.00141	0.00297
4	0.00804	0.00582	0.00685	0.00599	0.08508	0.00633	0.00450	0.53535	0.04466	0.10516	0.00606	0.03457	0.00459	0.00300	0.00281	0.00073	0.07860	0.00228	0.00216	0.05742
5	0.00404	0.00279	0.00317	0.00300	0.00328	0.00285	0.00191	0.10499	0.00469	0.00631	0.08576	0.07716	0.00980	0.66951	0.00953	0.00189	0.00217	0.00360	0.00170	0.00184
6	0.00356	0.00287	0.00300	0.00283	0.00370	0.00263	0.00216	0.10248	0.00598	0.00738	0.04274	0.04371	0.70150	0.04143	0.00314	0.00086	0.00143	0.02419	0.00220	0.00222
7	0.00819	0.00630	0.00754	0.00603	0.04318	0.00677	0.07885	0.70676	0.00991	0.01337	0.00574	0.03573	0.00435	0.00284	0.00240	0.00071	0.00265	0.00230	0.00217	0.05423
8	0.03245	0.00249	0.00308	0.00298	0.00355	0.00232	0.00219	0.00446	0.00599	0.03937	0.56750	0.13296	0.12121	0.06481	0.00338	0.00088	0.00129	0.00448	0.00241	0.00219

[dist]
# distance from previous block
# <min> <max>
4	10

[block]
# block no. 1 follows, 127 sequences, length 74
# corresponding to MSA columns:
# 50-123
name=unknown_B
#
# <colnr> <probs for GDERKNQSTAVLIFYWHMCP>
#	G	D	E	R	K	N	Q	S	T	A	V	L	I	F	Y	W	H	M	C	P
0	0.01470	0.01110	0.75000	0.00775	0.12904	0.00549	0.01684	0.00756	0.00509	0.02464	0.00438	0.00519	0.00316	0.00225	0.00227	0.00075	0.00338	0.00182	0.00107	0.00354
1	0.00837	0.01027	0.00718	0.00743	0.14910	0.73864	0.00500	0.02558	0.01533	0.00633	0.00389	0.00460	0.00323	0.00241	0.00218	0.00063	0.00399	0.00164	0.00125	0.00295
2	0.02440	0.00466	0.02030	0.52429	0.20613	0.00519	0.00605	0.05844	0.01583	0.00738	0.01384	0.00639	0.00377	0.00238	0.00229	0.00074	0.00282	0.00210	0.06065	0.03235
3	0.93335	0.00459	0.00349	0.00312	0.00459	0.00532	0.00257	0.00698	0.00404	0.01065	0.00330	0.00386	0.00257	0.00220	0.00147	0.00073	0.00184	0.00129	0.00147	0.00257
4	0.00902	0.00665	0.00712	0.00546	0.00736	0.00736	0.00451	0.89386	0.01116	0.01496	0.00570	0.00570	0.00404	0.00285	0.00237	0.00071	0.00261	0.00214	0.00237	0.00404
5	0.00362	0.00250	0.00319	0.00297	0.00362	0.00227	0.00224	0.00467	0.00657	0.04890	0.75961	0.01789	0.12319	0.00490	0.00278	0.00075	0.00117	0.00429	0.00258	0.00229
6	0.00514	0.02765	0.78977	0.00640	0.00965	0.00534	0.00807	0.00772	0.01386	0.06640	0.03516	0.00566	0.00390	0.00239	0.00227	0.00075	0.00330	0.00188	0.00120	0.00349
7	0.00344	0.00230	0.00259	0.00261	0.00261	0.00229	0.00146	0.00345	0.00348	0.00464	0.00761	0.03640	0.00879	0.89550	0.01187	0.00227	0.00228	0.00353	0.00146	0.00145
8	0.00560	0.00640	0.01401	0.01000	0.01240	0.00600	0.89316	0.00760	0.00560	0.00760	0.00480	0.00640	0.00360	0.00200	0.00280	0.00080	0.00400	0.00280	0.00120	0.00320
9	0.00310	0.00242	0.00282	0.00272	0.00339	0.00213	0.00204	0.00399	0.00612	0.00809	0.49777	0.02008	0.42605	0.00538	0.00280	0.00077	0.00116	0.00462	0.00243	0.00213
10	0.00338	0.00244	0.00852	0.01247	0.01913	0.00229	0.00211	0.00390	0.00484	0.01576	0.26011	0.25631	0.05513	0.33585	0.00620	0.00137	0.00170	0.00458	0.00201	0.00191
11	0.02993	0.00651	0.00666	0.09193	0.00780	0.10330	0.00450	0.60075	0.00923	0.01220	0.00583	0.01176	0.02879	0.00290	0.00249	0.00072	0.03183	0.00216	0.03717	0.00355
12	0.00337	0.00226	0.00262	0.00271	0.00273	0.00224	0.00157	0.00342	0.00362	0.00483	0.00831	0.15906	0.00968	0.75473	0.01058	0.01909	0.00215	0.00395	0.00155	0.00151
13	0.00590	0.00510	0.00537	0.00483	0.00617	0.00590	0.00376	0.01261	0.89749	0.00993	0.00966	0.00886	0.00725	0.00322	0.00242	0.00081	0.00188	0.00268	0.00242	0.00376
14	0.00858	0.01977	0.00692	0.00656	0.06084	0.81965	0.00472	0.01648	0.01516	0.00603	0.00381	0.00447	0.00317	0.00258	0.01078	0.00065	0.00416	0.00159	0.00124	0.00283
15	0.00564	0.00540	0.00921	0.16732	0.75088	0.00558	0.00717	0.00708	0.00529	0.00747	0.00442	0.00595	0.00366	0.00216	0.00235	0.00072	0.00288	0.00211	0.00115	0.00357
16	0.00281	0.00240	0.00242	0.00241	0.00321	0.00201	0.00181	0.00342	0.00543	0.00646	0.03799	0.02276	0.88684	0.00599	0.00281	0.00080	0.00120	0.00500	0.00221	0.00201
17	0.00467	0.01910	0.01869	0.77214	0.05112	0.00542	0.08302	0.00628	0.00485	0.00627	0.00426	0.00626	0.00322	0.00232	0.00239	0.00078	0.00322	0.00215	0.00107	0.00275
18	0.02550	0.00459	0.00743	0.64816	0.18952	0.00540	0.00643	0.03635	0.02983	0.00691	0.00468	0.00643	0.01400	0.00240	0.00235	0.00077	0.00299	0.00214	0.00118	0.00293
19	0.00289	0.00209	0.00273	0.00324	0.00343	0.00193	0.00217	0.00331	0.00461	0.00609	0.01390	0.84853	0.08168	0.00733	0.00301	0.00095	0.00136	0.00662	0.00220	0.00193
20	0.00644	0.00537	0.00567	0.00494	0.00638	0.00616	0.00389	0.16516	0.74406	0.01080	0.00897	0.00831	0.00669	0.00316	0.00241	0.00079	0.00201	0.00259	0.00241	0.00381
21	0.00880	0.00648	0.00696	0.00537	0.00720	0.00716	0.00441	0.86026	0.01089	0.01460	0.00590	0.02683	0.00437	0.01635	0.00253	0.00074	0.00258	0.00226	0.00236	0.00395
22	0.00519	0.00519	0.00727	0.00623	0.00623	0.00727	0.00519	0.00571	0.00364	0.00571	0.00312	0.00519	0.00312	0.00415	0.00779	0.00104	0.91224	0.00208	0.00104	0.00260
23	0.00290	0.00207	0.00275	0.00329	0.00343	0.00193	0.00219	0.00331	0.00453	0.00603	0.01299	0.89975	0.01558	0.02288	0.00318	0.00099	0.00139	0.00669	0.00219	0.00192
24	0.00486	0.01161	0.80876	0.00734	0.05439	0.00555	0.05974	0.00751	0.00506	0.00753	0.00430	0.00513	0.00308	0.00223	0.00229	0.00075	0.00350	0.00183	0.00102	0.00350
25	0.00297	0.00210	0.00273	0.00321	0.00333	0.00198	0.00210	0.00332	0.00440	0.00586	0.01232	0.79308	0.01474	0.13070	0.00426	0.00115	0.00150	0.00630	0.00210	0.00186
26	0.00517	0.00515	0.00722	0.00619	0.00620	0.00720	0.00516	0.00569	0.00364	0.00571	0.00317	0.00526	0.00316	0.00436	0.02152	0.00108	0.89841	0.00208	0.00104	0.00259
27	0.00470	0.00444	0.00751	0.77102	0.15451	0.00533	0.00670	0.00625	0.00485	0.00633	0.00426	0.00626	0.00326	0.00233	0.00237	0.00078	0.00311	0.00211	0.00107	0.00281
28	0.00587	0.00564	0.00963	0.01457	0.90178	0.00564	0.00728	0.00728	0.00540	0.00775	0.00446	0.00587	0.00376	0.00211	0.00235	0.00070	0.00282	0.00211	0.00117	0.00376
29	0.00635	0.91801	0.01244	0.00406	0.00609	0.00939	0.00406	0.00711	0.00482	0.00558	0.00330	0.00381	0.00305	0.00203	0.00152	0.00051	0.00254	0.00127	0.00102	0.00305
30	0.00339	0.00253	0.00377	0.00377	0.00418	0.00294	0.00291	0.00421	0.00380	0.00548	0.00640	0.00955	0.00603	0.05068	0.87443	0.00376	0.00621	0.00258	0.00128	0.00209
31	0.00358	0.00258	0.00324	0.00355	0.00388	0.00254	0.00246	0.10308	0.00529	0.00706	0.01225	0.81315	0.01439	0.00692	0.00296	0.00094	0.00152	0.00623	0.00222	0.00216
32	0.00902	0.00665	0.00712	0.00546	0.00736	0.00736	0.00451	0.89386	0.01116	0.01496	0.00570	0.00570	0.00404	0.00285	0.00237	0.00071	0.00261	0.00214	0.00237	0.00404
33	0.00561	0.00637	0.01382	0.01020	0.05063	0.00599	0.85508	0.00759	0.00559	0.00761	0.00479	0.00638	0.00361	0.00201	0.00278	0.00080	0.00395	0.00277	0.00120	0.00323
34	0.00450	0.00424	0.00715	0.89912	0.02797	0.00528	0.00660	0.00608	0.00475	0.00609	0.00422	0.00632	0.00317	0.00237	0.00237	0.00079	0.00316	0.00211	0.00106	0.00265
35	0.93335	0.00459	0.00349	0.00312	0.00459	0.00532	0.00257	0.00698	0.00404	0.01065	0.00330	0.00386	0.00257	0.00220	0.00147	0.00073	0.00184	0.00129	0.00147	0.00257
36	0.00289	0.00207	0.00275	0.00330	0.00344	0.00193	0.00220	0.00330	0.00454	0.00606	0.01308	0.91503	0.01570	0.00744	0.00303	0.00096	0.00138	0.00675	0.00220	0.00193
37	0.00453	0.00428	0.00713	0.85023	0.01567	0.00541	0.00650	0.00604	0.00467	0.00604	0.00414	0.00625	0.00316	0.00249	0.00274	0.00081	0.06411	0.00211	0.00105	0.00263
38	0.00583	0.00564	0.00979	0.03532	0.83714	0.00565	0.05101	0.00727	0.00540	0.00771	0.00448	0.00591	0.00374	0.00212	0.00237	0.00071	0.00289	0.00215	0.00117	0.00371
39	0.00289	0.00244	0.00252	0.00254	0.00331	0.00208	0.00191	0.00360	0.01820	0.00655	0.04710	0.05656	0.80789	0.00601	0.00282	0.00081	0.00124	0.02726	0.00222	0.00204
40	0.00289	0.00207	0.00275	0.00328	0.00344	0.00193	0.00219	0.00331	0.00456	0.00607	0.01334	0.89434	0.03623	0.00740	0.00302	0.00096	0.00137	0.00671	0.00220	0.00193
41	0.81921	0.00528	0.08542	0.03258	0.00548	0.00534	0.00326	0.00700	0.00415	0.01022	0.00342	0.00404	0.00263	0.00221	0.00157	0.00074	0.00203	0.00135	0.00141	0.00266
42	0.00587	0.00564	0.00963	0.01457	0.90178	0.00564	0.00728	0.00728	0.00540	0.00775	0.00446	0.00587	0.00376	0.00211	0.00235	0.00070	0.00282	0.00211	0.00117	0.00376
43	0.00448	0.00422	0.00712	0.91088	0.01635	0.00527	0.00659	0.00606	0.00475	0.00606	0.00422	0.00633	0.00316	0.00237	0.00237	0.00079	0.00316	0.00211	0.00105	0.00264
44	0.00558	0.00660	0.04550	0.00995	0.02364	0.00598	0.85055	0.00760	0.00558	0.00760	0.00478	0.00635	0.00358	0.00201	0.00278	0.00080	0.00397	0.00276	0.00119	0.00322
45	0.01694	0.00425	0.00716	0.88679	0.01614	0.00528	0.01828	0.00610	0.00475	0.00615	0.00421	0.00630	0.00316	0.00237	0.00237	0.00079	0.00316	0.00211	0.00106	0.00264
46	0.00300	0.00214	0.00288	0.00343	0.00361	0.00202	0.00239	0.00349	0.00465	0.00618	0.01302	0.81466	0.01547	0.00734	0.00306	0.00098	0.00147	0.10608	0.00220	0.00196
47	0.00290	0.00207	0.00277	0.00332	0.00346	0.00194	0.00222	0.00332	0.00456	0.00607	0.01308	0.90414	0.01567	0.00743	0.00303	0.00097	0.00139	0.01753	0.00220	0.00193
48	0.00877	0.00625	0.00679	0.00526	0.00706	0.00686	0.00433	0.78714	0.01693	0.06250	0.02200	0.00621	0.00457	0.00331	0.02767	0.00080	0.00263	0.00221	0.01480	0.00392
49	0.00339	0.00254	0.00381	0.00381	0.00424	0.00297	0.00297	0.00424	0.00381	0.00551	0.00636	0.00932	0.00593	0.01780	0.90718	0.00381	0.00636	0.00254	0.00127	0.00212
50	0.00291	0.00207	0.00275	0.00328	0.00341	0.00194	0.00218	0.00331	0.00451	0.00601	0.01289	0.88362	0.01545	0.03919	0.00335	0.00101	0.00141	0.00663	0.00218	0.00191
51	0.00916	0.00608	0.00674	0.00519	0.00704	0.00656	0.00428	0.71882	0.01024	0.16939	0.00651	0.02804	0.00464	0.00298	0.00239	0.00072	0.00248	0.00229	0.00247	0.00399
52	0.00610	0.00607	0.00935	0.01379	0.82105	0.07480	0.00703	0.00752	0.01756	0.00763	0.00447	0.00579	0.00375	0.00216	0.00233	0.00070	0.00292	0.00208	0.00120	0.00368
53	0.00589	0.00571	0.00946	0.02237	0.86100	0.02321	0.00715	0.00733	0.01295	0.00771	0.00466	0.00602	0.01146	0.00217	0.00235	0.00071	0.00283	0.00213	0.00119	0.00371
54	0.00861	0.03472	0.00708	0.00659	0.06548	0.79928	0.00475	0.03432	0.00672	0.00619	0.00377	0.00441	0.00313	0.00242	0.00214	0.00062	0.00409	0.00158	0.00125	0.00286
55	0.05354	0.00483	0.04575	0.62778	0.15084	0.00527	0.02050	0.00642	0.01282	0.00674	0.00440	0.00616	0.00947	0.00233	0.00231	0.00076	0.00300	0.00206	0.00113	0.03389
56	0.00320	0.00243	0.00295	0.00285	0.00349	0.00218	0.00216	0.00415	0.00625	0.00842	0.58351	0.01973	0.30432	0.00529	0.00282	0.00078	0.00119	0.03963	0.00246	0.00216
57	0.03856	0.00432	0.00674	0.73143	0.01418	0.00532	0.00599	0.06409	0.00510	0.00690	0.00453	0.02288	0.00353	0.00258	0.00255	0.00079	0.04108	0.00217	0.03456	0.00270
58	0.00339	0.00254	0.00381	0.00381	0.00424	0.00297	0.00297	0.00424	0.00381	0.00551	0.00636	0.00932	0.00593	0.01780	0.90718	0.00381	0.00636	0.00254	0.00127	0.00212
59	0.00588	0.00563	0.00957	0.01441	0.88734	0.00564	0.00723	0.00737	0.01978	0.00779	0.00455	0.00592	0.00382	0.00213	0.00235	0.00071	0.00280	0.00212	0.00119	0.00376
60	0.00497	0.01092	0.71824	0.00751	0.09508	0.02105	0.04510	0.01508	0.00510	0.00749	0.00437	0.00530	0.00322	0.00281	0.03427	0.00086	0.01227	0.00186	0.00105	0.00345
61	0.00291	0.00208	0.00276	0.00329	0.00344	0.00194	0.00220	0.00334	0.00458	0.00613	0.03461	0.88269	0.01578	0.01799	0.00313	0.00097	0.00138	0.00665	0.00220	0.00193
62	0.00284	0.00241	0.00245	0.00247	0.00326	0.00203	0.00187	0.00345	0.00541	0.00643	0.02368	0.02297	0.87242	0.00603	0.00282	0.00081	0.00123	0.03320	0.00220	0.00201
63	0.04756	0.00860	0.00662	0.01639	0.01917	0.44234	0.00443	0.33411	0.06461	0.00971	0.01436	0.00540	0.01086	0.00268	0.00223	0.00067	0.00332	0.00189	0.00175	0.00328
64	0.00543	0.00642	0.08284	0.16093	0.05520	0.00580	0.60510	0.02142	0.00549	0.01344	0.00475	0.01332	0.00360	0.00215	0.00266	0.00079	0.00371	0.00259	0.00120	0.00317
65	0.00291	0.00207	0.00275	0.00329	0.00343	0.00194	0.00219	0.00332	0.00454	0.00606	0.02189	0.88684	0.01562	0.02678	0.00322	0.00099	0.00139	0.00665	0.00219	0.00192
66	0.15887	0.50939	0.00929	0.00442	0.00615	0.22108	0.00392	0.01461	0.01192	0.03660	0.00366	0.00412	0.00310	0.00220	0.00170	0.00058	0.00281	0.00139	0.00122	0.00294
67	0.00285	0.00244	0.00246	0.00246	0.00326	0.00205	0.00185	0.00352	0.01399	0.00646	0.02372	0.02277	0.87785	0.00599	0.00281	0.00081	0.00122	0.01926	0.00221	0.00202
68	0.00448	0.00422	0.00712	0.91088	0.01635	0.00527	0.00659	0.00606	0.00475	0.00606	0.00422	0.00633	0.00316	0.00237	0.00237	0.00079	0.00316	0.00211	0.00105	0.00264
69	0.00485	0.06388	0.85347	0.00661	0.01003	0.00573	0.00850	0.00749	0.00500	0.00741	0.00420	0.00494	0.00301	0.00224	0.00221	0.00074	0.00345	0.00173	0.00100	0.00348
70	0.00777	0.00577	0.00631	0.01632	0.00676	0.00628	0.00409	0.68962	0.02673	0.01306	0.00694	0.14236	0.01231	0.00352	0.00245	0.00074	0.00237	0.00283	0.00229	0.04148
71	0.00582	0.00571	0.02076	0.03252	0.79616	0.00566	0.04684	0.00749	0.04148	0.00780	0.00468	0.00602	0.00387	0.00216	0.00237	0.00072	0.00285	0.00216	0.00122	0.00371
72	0.00608	0.00598	0.00546	0.00523	0.05187	0.18288	0.00383	0.02134	0.52867	0.00855	0.01008	0.00965	0.13012	0.00337	0.00240	0.00075	0.00231	0.00272	0.00207	0.01662
73	0.02589	0.00438	0.00698	0.73160	0.04256	0.01668	0.02456	0.02691	0.00496	0.00662	0.01871	0.00654	0.00866	0.00247	0.00245	0.00078	0.02266	0.00214	0.03201	0.01243

[dist]
# distance from previous block
# <min> <max>
0	8

# created by:
# /share/home/app/bin/augustus-3.3.1/scripts/msa2prfl.pl /dev/shm/tmp/pt-rosids/msas/rps15.aln --setname=rps15
