[name]
rps14

[dist]
# distance from previous block
# <min> <max>
0	0

[block]
# block no. 0 follows, 136 sequences, length 35
# corresponding to MSA columns:
# 0-34
name=unknown_A
#
# <colnr> <probs for GDERKNQSTAVLIFYWHMCP>
#	G	D	E	R	K	N	Q	S	T	A	V	L	I	F	Y	W	H	M	C	P
0	0.00360	0.00257	0.00360	0.00412	0.00463	0.00257	0.00360	0.00463	0.00515	0.00669	0.01184	0.02523	0.01287	0.00618	0.00309	0.00103	0.00206	0.89239	0.00206	0.00206
1	0.00993	0.00383	0.00519	0.00399	0.00571	0.00334	0.00329	0.01092	0.02727	0.88806	0.00883	0.00763	0.00557	0.00277	0.00225	0.00069	0.00190	0.00226	0.00276	0.00380
2	0.00480	0.00450	0.00741	0.55767	0.30890	0.00515	0.00626	0.02189	0.04923	0.00656	0.00433	0.00593	0.00337	0.00220	0.00223	0.00072	0.00281	0.00202	0.00112	0.00291
3	0.00553	0.00533	0.00919	0.01361	0.88307	0.00532	0.03115	0.00687	0.00510	0.00730	0.00422	0.00555	0.00354	0.00199	0.00223	0.00067	0.00269	0.00201	0.00111	0.00353
4	0.15582	0.00575	0.00596	0.00465	0.00633	0.00638	0.00384	0.71000	0.00916	0.02388	0.00513	0.00525	0.00369	0.00259	0.00207	0.00067	0.00228	0.00189	0.04116	0.00351
5	0.00278	0.00196	0.00261	0.00309	0.00322	0.00184	0.00206	0.00314	0.00429	0.00573	0.03790	0.85267	0.01457	0.02502	0.00317	0.02468	0.00132	0.00612	0.00205	0.00179
6	0.00264	0.00227	0.00227	0.00227	0.00302	0.00189	0.00170	0.00321	0.00510	0.00604	0.02266	0.02152	0.90654	0.00566	0.00264	0.00076	0.00113	0.00472	0.00208	0.00189
7	0.00532	0.00610	0.02534	0.00842	0.01023	0.06072	0.66667	0.00689	0.00500	0.00673	0.00427	0.00583	0.00337	0.00277	0.03746	0.00088	0.13759	0.00244	0.00111	0.00287
8	0.00428	0.00403	0.00681	0.87884	0.05217	0.00498	0.00624	0.00576	0.00450	0.00578	0.00398	0.00595	0.00300	0.00223	0.00224	0.00074	0.00297	0.00199	0.00100	0.00253
9	0.00458	0.06789	0.85429	0.00622	0.00944	0.00542	0.00799	0.00706	0.00471	0.00697	0.00396	0.00465	0.00284	0.00211	0.00208	0.00069	0.00325	0.00162	0.00095	0.00328
10	0.00532	0.00509	0.00860	0.03725	0.82864	0.00510	0.00653	0.00661	0.00508	0.00719	0.00532	0.00652	0.05830	0.00222	0.00224	0.00067	0.00257	0.00216	0.00116	0.00341
11	0.00569	0.00561	0.00880	0.02496	0.82255	0.06034	0.00663	0.00708	0.02360	0.00722	0.00426	0.00551	0.00356	0.00204	0.00220	0.00066	0.00273	0.00197	0.00113	0.00347
12	0.00432	0.00407	0.00688	0.84997	0.08071	0.00499	0.00626	0.00580	0.00452	0.00583	0.00399	0.00593	0.00302	0.00222	0.00223	0.00074	0.00296	0.00199	0.00100	0.00256
13	0.00524	0.00622	0.05668	0.00938	0.06198	0.00566	0.76955	0.00707	0.00517	0.00710	0.00442	0.00590	0.00336	0.00198	0.00278	0.00076	0.04009	0.00253	0.00111	0.00304
14	0.00552	0.00541	0.02055	0.01356	0.87998	0.00532	0.02293	0.00687	0.00509	0.00730	0.00421	0.00553	0.00353	0.00199	0.00222	0.00067	0.00269	0.00200	0.00111	0.00353
15	0.00274	0.00196	0.00261	0.00312	0.00327	0.00183	0.00210	0.00314	0.00431	0.00573	0.01246	0.89008	0.02726	0.00697	0.00286	0.00091	0.00131	0.02343	0.00208	0.00182
16	0.00449	0.01157	0.90981	0.00637	0.00968	0.00519	0.00826	0.00708	0.00472	0.00708	0.00401	0.00472	0.00283	0.00212	0.00212	0.00071	0.00331	0.00165	0.00094	0.00331
17	0.00527	0.00588	0.01251	0.04334	0.10963	0.00559	0.76893	0.00708	0.00523	0.00713	0.00447	0.00598	0.00339	0.00191	0.00258	0.00074	0.00362	0.00254	0.00112	0.00305
18	0.00554	0.00531	0.00908	0.01373	0.90744	0.00531	0.00686	0.00686	0.00509	0.00731	0.00421	0.00554	0.00354	0.00199	0.00221	0.00066	0.00266	0.00199	0.00111	0.00354
19	0.00320	0.00239	0.00357	0.00357	0.00396	0.00278	0.00277	0.00398	0.00359	0.00517	0.00601	0.00891	0.00564	0.03557	0.89381	0.00356	0.00591	0.00241	0.00120	0.00198
20	0.00503	0.01517	0.00677	0.05279	0.00637	0.06159	0.00485	0.00559	0.00367	0.00540	0.00311	0.00500	0.00301	0.00408	0.03297	0.00101	0.77821	0.00193	0.00100	0.00245
21	0.00318	0.00228	0.00289	0.00322	0.00347	0.00222	0.00219	0.06955	0.00468	0.00625	0.01149	0.79729	0.01357	0.06215	0.00333	0.00097	0.00144	0.00585	0.00204	0.00194
22	0.00279	0.00238	0.00242	0.00241	0.00318	0.00207	0.00182	0.00363	0.04627	0.00620	0.02170	0.03461	0.83674	0.00557	0.00264	0.00076	0.00118	0.01957	0.00209	0.00197
23	0.00422	0.00398	0.00671	0.91602	0.01540	0.00497	0.00621	0.00571	0.00447	0.00571	0.00398	0.00596	0.00298	0.00224	0.00224	0.00075	0.00298	0.00199	0.00099	0.00248
24	0.04162	0.00400	0.00659	0.77411	0.06848	0.00485	0.01453	0.00571	0.00448	0.00600	0.00434	0.04775	0.00354	0.00243	0.00223	0.00075	0.00284	0.00216	0.00107	0.00252
25	0.00792	0.00576	0.00622	0.00483	0.00645	0.00633	0.00395	0.78315	0.00981	0.02570	0.06016	0.00654	0.00509	0.04492	0.00267	0.00074	0.00234	0.00220	0.01164	0.00357
26	0.00699	0.00519	0.00570	0.00457	0.00605	0.00555	0.00367	0.63774	0.00872	0.01179	0.00662	0.18721	0.00594	0.00345	0.00231	0.00069	0.00215	0.00281	0.00212	0.09073
27	0.00551	0.00530	0.00908	0.03219	0.87722	0.00531	0.01872	0.00684	0.00508	0.00727	0.00421	0.00555	0.00353	0.00200	0.00222	0.00067	0.00268	0.00200	0.00111	0.00351
28	0.00570	0.00565	0.00901	0.01316	0.83347	0.05880	0.02752	0.00699	0.00517	0.00720	0.00417	0.00546	0.00350	0.00201	0.00221	0.00066	0.00276	0.00198	0.00111	0.00347
29	0.00452	0.01136	0.87673	0.00649	0.00975	0.00521	0.04113	0.00709	0.00474	0.00709	0.00403	0.00477	0.00285	0.00212	0.00214	0.00071	0.00332	0.00169	0.00095	0.00329
30	0.00284	0.00243	0.00267	0.04447	0.01851	0.00217	0.00206	0.00358	0.02591	0.00610	0.02038	0.08992	0.76021	0.00549	0.00263	0.00077	0.00127	0.00463	0.00202	0.00198
31	0.01994	0.00667	0.00653	0.07248	0.04478	0.16887	0.00439	0.59271	0.00879	0.01139	0.00492	0.00527	0.00362	0.00254	0.00216	0.00065	0.00273	0.00190	0.03626	0.00340
32	0.00532	0.00586	0.10284	0.06730	0.71599	0.00527	0.02051	0.00692	0.02771	0.00723	0.00445	0.00568	0.01067	0.00208	0.00222	0.00068	0.00273	0.00200	0.00112	0.00343
33	0.00351	0.00237	0.00306	0.00284	0.00345	0.00216	0.00215	0.00452	0.00626	0.05833	0.79978	0.01652	0.07744	0.00454	0.00262	0.00071	0.00111	0.00399	0.00245	0.00219
34	0.00502	0.00422	0.00530	0.01798	0.00587	0.00371	0.06348	0.12805	0.04155	0.00806	0.00531	0.09751	0.00476	0.01835	0.00213	0.00052	0.00191	0.00211	0.00155	0.58261

[dist]
# distance from previous block
# <min> <max>
0	1

[block]
# block no. 1 follows, 136 sequences, length 65
# corresponding to MSA columns:
# 36-100
name=unknown_B
#
# <colnr> <probs for GDERKNQSTAVLIFYWHMCP>
#	G	D	E	R	K	N	Q	S	T	A	V	L	I	F	Y	W	H	M	C	P
0	0.00761	0.00558	0.00606	0.00481	0.00636	0.00610	0.00390	0.74975	0.00949	0.02035	0.00643	0.14262	0.00546	0.00332	0.00232	0.00070	0.00227	0.00266	0.00221	0.01197
1	0.00281	0.02471	0.00282	0.00313	0.00331	0.00199	0.00212	0.00320	0.00429	0.00570	0.01210	0.89729	0.01450	0.00688	0.00282	0.00090	0.00132	0.00623	0.00205	0.00184
2	0.00826	0.00635	0.00665	0.00534	0.02912	0.04742	0.00427	0.79749	0.04307	0.01330	0.00554	0.00556	0.01162	0.00269	0.00223	0.00067	0.00250	0.00203	0.00216	0.00372
3	0.00514	0.40809	0.51898	0.00527	0.00797	0.00679	0.00633	0.00692	0.00464	0.00629	0.00362	0.00423	0.00285	0.00203	0.00182	0.00061	0.00291	0.00145	0.00095	0.00312
4	0.00551	0.00532	0.00919	0.02238	0.86914	0.00532	0.03636	0.00686	0.00509	0.00729	0.00422	0.00556	0.00353	0.00199	0.00223	0.00067	0.00270	0.00201	0.00111	0.00352
5	0.00389	0.00197	0.00297	0.01749	0.00311	0.00199	0.00201	0.00296	0.00294	0.00391	0.00389	0.00679	0.00387	0.00768	0.00864	0.92001	0.00196	0.00194	0.00097	0.00100
6	0.00495	0.00875	0.49955	0.00935	0.35543	0.00527	0.05792	0.00707	0.01766	0.00721	0.00419	0.00516	0.00319	0.00207	0.00219	0.00069	0.00306	0.00185	0.00104	0.00338
7	0.00266	0.00226	0.00229	0.00229	0.00303	0.00189	0.00171	0.00323	0.00511	0.00610	0.04157	0.03715	0.87179	0.00566	0.00265	0.00076	0.00113	0.00473	0.00209	0.00189
8	0.00487	0.00490	0.00719	0.02672	0.00642	0.00666	0.06152	0.00548	0.00357	0.00550	0.00312	0.00506	0.00301	0.00398	0.02333	0.00101	0.82219	0.00201	0.00099	0.00248
9	0.83317	0.00439	0.01644	0.05854	0.00513	0.00495	0.00277	0.00669	0.00396	0.04276	0.00339	0.00394	0.00258	0.00211	0.00148	0.00070	0.00183	0.00130	0.00141	0.00249
10	0.00553	0.00532	0.00910	0.01342	0.86523	0.00533	0.03015	0.00698	0.02381	0.00735	0.00432	0.00561	0.00361	0.00201	0.00223	0.00067	0.00267	0.00202	0.00113	0.00353
11	0.00274	0.00195	0.00259	0.00310	0.00323	0.00182	0.00206	0.00312	0.00426	0.00568	0.01222	0.90203	0.01466	0.02509	0.00302	0.00093	0.00131	0.00630	0.00206	0.00181
12	0.00526	0.00619	0.03939	0.00934	0.01163	0.00564	0.87329	0.00716	0.00526	0.00716	0.00451	0.00599	0.00338	0.00189	0.00262	0.00075	0.00376	0.00261	0.00113	0.00303
13	0.00842	0.00617	0.00663	0.00510	0.00686	0.00682	0.00421	0.87682	0.01038	0.02280	0.00552	0.02006	0.00400	0.00276	0.00225	0.00068	0.00244	0.00209	0.00224	0.00377
14	0.00533	0.00415	0.00474	0.00384	0.00526	0.00392	0.00300	0.28213	0.01432	0.00899	0.00669	0.24991	0.00657	0.00342	0.00216	0.00059	0.00181	0.00290	0.00182	0.38846
15	0.00464	0.00398	0.00464	0.00331	0.00530	0.00298	0.00265	0.00563	0.00464	0.00729	0.00398	0.00464	0.00331	0.00166	0.00166	0.00033	0.00166	0.00133	0.00133	0.93507
16	0.00422	0.00398	0.00671	0.91602	0.01540	0.00497	0.00621	0.00571	0.00447	0.00571	0.00398	0.00596	0.00298	0.00224	0.00224	0.00075	0.00298	0.00199	0.00099	0.00248
17	0.00835	0.01066	0.00634	0.00576	0.00691	0.91242	0.00432	0.00893	0.00634	0.00547	0.00346	0.00403	0.00288	0.00230	0.00202	0.00058	0.00403	0.00144	0.00115	0.00259
18	0.02476	0.00623	0.00665	0.00511	0.00689	0.00690	0.00422	0.88435	0.01040	0.01402	0.00533	0.00534	0.00378	0.00267	0.00222	0.00067	0.00245	0.00200	0.00222	0.00378
19	0.00958	0.00393	0.00519	0.00403	0.00572	0.00354	0.00331	0.04350	0.06129	0.80563	0.01527	0.00778	0.01479	0.00282	0.00226	0.00070	0.00190	0.00230	0.00271	0.00376
20	0.00464	0.00390	0.00457	0.00331	0.00523	0.00294	0.00264	0.00561	0.00465	0.01867	0.00434	0.03830	0.00376	0.00187	0.00171	0.00036	0.00165	0.00152	0.00137	0.88896
21	0.00538	0.00465	0.00488	0.00441	0.00564	0.00533	0.00343	0.01134	0.84731	0.00915	0.00995	0.00917	0.06301	0.00320	0.00230	0.00076	0.00173	0.00267	0.00226	0.00344
22	0.00422	0.00398	0.00671	0.91602	0.01540	0.00497	0.00621	0.00571	0.00447	0.00571	0.00398	0.00596	0.00298	0.00224	0.00224	0.00075	0.00298	0.00199	0.00099	0.00248
23	0.00284	0.00211	0.00286	0.03672	0.00376	0.00207	0.00230	0.00327	0.00428	0.00571	0.01193	0.84708	0.02814	0.00673	0.00295	0.00090	0.02645	0.00605	0.00201	0.00186
24	0.00491	0.00495	0.00682	0.10340	0.00692	0.03078	0.00502	0.00551	0.00362	0.00542	0.00306	0.00499	0.00294	0.00369	0.00665	0.00094	0.79499	0.00195	0.00098	0.00245
25	0.00424	0.00402	0.00684	0.89809	0.01533	0.00498	0.02387	0.00574	0.00449	0.00574	0.00399	0.00596	0.00299	0.00223	0.00224	0.00075	0.00300	0.00200	0.00100	0.00250
26	0.00422	0.00398	0.00671	0.91602	0.01540	0.00497	0.00621	0.00571	0.00447	0.00571	0.00398	0.00596	0.00298	0.00224	0.00224	0.00075	0.00298	0.00199	0.00099	0.00248
27	0.00417	0.00208	0.00208	0.00208	0.00261	0.00208	0.00156	0.00521	0.00469	0.00834	0.00730	0.00834	0.00573	0.00261	0.00156	0.00052	0.00104	0.00208	0.93381	0.00208
28	0.00323	0.00216	0.00244	0.00245	0.00246	0.00216	0.00137	0.00325	0.00330	0.00439	0.00734	0.03437	0.01842	0.89120	0.01110	0.00213	0.00214	0.00334	0.00138	0.00137
29	0.00664	0.00479	0.00532	0.00445	0.00569	0.00517	0.00351	0.58486	0.00836	0.03006	0.00766	0.29907	0.00737	0.00412	0.00250	0.00964	0.00207	0.00341	0.00218	0.00314
30	0.00556	0.00480	0.00506	0.00455	0.00582	0.00556	0.00354	0.01188	0.90340	0.00936	0.00910	0.00834	0.00683	0.00303	0.00228	0.00076	0.00177	0.00253	0.00228	0.00354
31	0.93720	0.00433	0.00329	0.00294	0.00433	0.00502	0.00242	0.00657	0.00381	0.01003	0.00311	0.00363	0.00242	0.00208	0.00138	0.00069	0.00173	0.00121	0.00138	0.00242
32	0.00429	0.00405	0.00683	0.86841	0.06247	0.00499	0.00625	0.00578	0.00451	0.00580	0.00399	0.00594	0.00301	0.00222	0.00223	0.00074	0.00296	0.00199	0.00100	0.00254
33	0.00485	0.00406	0.00479	0.00344	0.00542	0.00314	0.01126	0.03369	0.00486	0.02149	0.00410	0.00472	0.00336	0.00171	0.00169	0.00035	0.00171	0.00137	0.00137	0.88262
34	0.01400	0.00400	0.00671	0.89203	0.02957	0.00498	0.00618	0.00574	0.00448	0.00579	0.00397	0.00593	0.00298	0.00223	0.00223	0.00074	0.00296	0.00198	0.00100	0.00250
35	0.07372	0.00384	0.00504	0.00390	0.00559	0.00341	0.00322	0.01055	0.01325	0.83194	0.01658	0.00743	0.00547	0.00274	0.00219	0.00069	0.00188	0.00220	0.00267	0.00369
36	0.00799	0.01001	0.00619	0.00563	0.00674	0.82502	0.00424	0.00882	0.04524	0.00563	0.00379	0.00441	0.00315	0.00289	0.03556	0.00070	0.01863	0.00153	0.00120	0.00261
37	0.00333	0.00975	0.00368	0.00359	0.00401	0.00291	0.00278	0.02317	0.00374	0.00535	0.00599	0.00889	0.00563	0.04959	0.85274	0.00345	0.00575	0.00241	0.00122	0.00202
38	0.00425	0.00402	0.00685	0.89662	0.01532	0.00498	0.02533	0.00575	0.00449	0.00575	0.00399	0.00596	0.00299	0.00223	0.00224	0.00075	0.00300	0.00200	0.00100	0.00250
39	0.00595	0.87227	0.01134	0.00387	0.00571	0.03006	0.00381	0.00667	0.00456	0.00526	0.00321	0.00376	0.00296	0.00239	0.03003	0.00058	0.00254	0.00124	0.00097	0.00284
40	0.00325	0.00217	0.00244	0.00244	0.00244	0.00217	0.00136	0.00325	0.00325	0.00434	0.00705	0.01464	0.00813	0.92140	0.01138	0.00217	0.00217	0.00325	0.00136	0.00136
41	0.86376	0.03812	0.01176	0.03328	0.00479	0.00516	0.00265	0.00656	0.00386	0.00969	0.00315	0.00372	0.00246	0.00208	0.00142	0.00069	0.00181	0.00124	0.00135	0.00245
42	0.00273	0.00195	0.00260	0.00311	0.00324	0.00182	0.00208	0.00311	0.00428	0.00571	0.01233	0.91994	0.01479	0.00701	0.00285	0.00091	0.00130	0.00636	0.00208	0.00182
43	0.00850	0.00626	0.00671	0.00515	0.00694	0.00694	0.00425	0.89999	0.01052	0.01410	0.00537	0.00537	0.00380	0.00268	0.00224	0.00067	0.00246	0.00201	0.00224	0.00380
44	0.85661	0.00430	0.00358	0.08181	0.00528	0.00501	0.00275	0.00650	0.00386	0.00966	0.00319	0.00383	0.00247	0.00209	0.00146	0.00070	0.00184	0.00128	0.00135	0.00243
45	0.00487	0.00485	0.00680	0.00584	0.00584	0.00679	0.00486	0.00536	0.00343	0.00538	0.00298	0.00495	0.00298	0.00411	0.02132	0.00102	0.90322	0.00196	0.00098	0.00244
46	0.00283	0.00244	0.00264	0.01572	0.03648	0.00212	0.00199	0.00355	0.01953	0.00622	0.04542	0.02037	0.82212	0.00541	0.00262	0.00075	0.00122	0.00453	0.00204	0.00199
47	0.00274	0.00196	0.00261	0.00310	0.00325	0.00183	0.00208	0.00315	0.00435	0.00582	0.04261	0.88934	0.01501	0.00692	0.00285	0.00090	0.00129	0.00628	0.00209	0.00183
48	0.01484	0.00383	0.00632	0.83493	0.01430	0.00474	0.00582	0.00564	0.00447	0.00591	0.00434	0.02675	0.00339	0.00236	0.00220	0.00074	0.00282	0.00208	0.05206	0.00245
49	0.00461	0.01129	0.87285	0.00650	0.02992	0.00516	0.00814	0.00715	0.00476	0.02361	0.00411	0.00479	0.00290	0.00213	0.00213	0.00071	0.00327	0.00167	0.00098	0.00332
50	0.00366	0.00265	0.00372	0.00430	0.02118	0.00266	0.00366	0.00475	0.01471	0.00673	0.01167	0.02469	0.01264	0.00607	0.00306	0.00102	0.00207	0.86661	0.00204	0.00210
51	0.00317	0.00227	0.00290	0.00275	0.00321	0.00211	0.00200	0.00406	0.00588	0.00826	0.76169	0.01653	0.03982	0.13113	0.00385	0.00091	0.00121	0.00395	0.00230	0.00200
52	0.00490	0.00496	0.00726	0.02669	0.00651	0.01578	0.07478	0.00553	0.00363	0.00553	0.00317	0.00510	0.00304	0.00403	0.02993	0.00102	0.79267	0.00202	0.00100	0.00248
53	0.00963	0.00405	0.02663	0.00407	0.00581	0.00347	0.00342	0.01087	0.06092	0.83289	0.00873	0.00759	0.00555	0.00277	0.00225	0.00070	0.00193	0.00225	0.00270	0.00378
54	0.05702	0.00221	0.00215	0.00213	0.00270	0.00225	0.00161	0.00529	0.00464	0.00843	0.00706	0.00807	0.00555	0.00258	0.00155	0.00053	0.00108	0.00204	0.88100	0.00210
55	0.00273	0.00195	0.00259	0.00310	0.00323	0.00182	0.00207	0.00312	0.00427	0.00569	0.01225	0.90744	0.01470	0.01962	0.00297	0.00093	0.00131	0.00632	0.00207	0.00181
56	0.00273	0.00195	0.00260	0.00311	0.00325	0.00182	0.00208	0.00313	0.00431	0.00575	0.02451	0.90763	0.01488	0.00697	0.00285	0.00091	0.00129	0.00633	0.00208	0.00182
57	0.00464	0.00398	0.00464	0.00331	0.00530	0.00298	0.00265	0.00563	0.00464	0.00729	0.00398	0.00464	0.00331	0.00166	0.00166	0.00033	0.00166	0.00133	0.00133	0.93507
58	0.92482	0.00432	0.00333	0.01505	0.00447	0.00502	0.00247	0.00656	0.00382	0.00998	0.00313	0.00366	0.00243	0.00208	0.00140	0.00069	0.00175	0.00122	0.00138	0.00242
59	0.00988	0.00377	0.00514	0.00395	0.00565	0.00326	0.00326	0.01075	0.00640	0.88824	0.02952	0.00782	0.00590	0.00281	0.00226	0.00069	0.00188	0.00229	0.00276	0.00377
60	0.00554	0.00479	0.00509	0.02098	0.00599	0.00555	0.00359	0.01177	0.88720	0.00929	0.00901	0.00830	0.00676	0.00302	0.00228	0.00076	0.00179	0.00252	0.00225	0.00352
61	0.00422	0.00398	0.00671	0.91602	0.01540	0.00497	0.00621	0.00571	0.00447	0.00571	0.00398	0.00596	0.00298	0.00224	0.00224	0.00075	0.00298	0.00199	0.00099	0.00248
62	0.00850	0.00626	0.00671	0.00515	0.00694	0.00694	0.00425	0.89999	0.01052	0.01410	0.00537	0.00537	0.00380	0.00268	0.00224	0.00067	0.00246	0.00201	0.00224	0.00380
63	0.00850	0.00626	0.00671	0.00515	0.00694	0.00694	0.00425	0.89999	0.01052	0.01410	0.00537	0.00537	0.00380	0.00268	0.00224	0.00067	0.00246	0.00201	0.00224	0.00380
64	0.00389	0.00194	0.00291	0.00291	0.00291	0.00194	0.00194	0.00291	0.00291	0.00389	0.00389	0.00680	0.00389	0.00777	0.00874	0.93493	0.00194	0.00194	0.00097	0.00097

[dist]
# distance from previous block
# <min> <max>
0	0

# created by:
# /share/home/app/bin/augustus-3.3.1/scripts/msa2prfl.pl /dev/shm/tmp/pt-rosids/msas/rps14.aln --setname=rps14
