[name]
rps19

[dist]
# distance from previous block
# <min> <max>
2	37

[block]
# block no. 0 follows, 128 sequences, length 23
# corresponding to MSA columns:
# 41-63
name=unknown_A
#
# <colnr> <probs for GDERKNQSTAVLIFYWHMCP>
#	G	D	E	R	K	N	Q	S	T	A	V	L	I	F	Y	W	H	M	C	P
0	0.00583	0.00563	0.00972	0.01432	0.87201	0.00561	0.03755	0.00725	0.00537	0.00770	0.00445	0.00585	0.00373	0.00210	0.00235	0.00070	0.00284	0.00212	0.00117	0.00372
1	0.00587	0.00572	0.00940	0.04574	0.84494	0.03215	0.00713	0.00726	0.00538	0.00759	0.00440	0.00580	0.00369	0.00212	0.00233	0.00070	0.00286	0.00208	0.00116	0.00367
2	0.00853	0.01076	0.00676	0.00647	0.05661	0.84143	0.00465	0.00918	0.00658	0.00589	0.00406	0.00467	0.01942	0.00248	0.00215	0.00062	0.00412	0.00161	0.00123	0.00277
3	0.00481	0.00411	0.00480	0.00348	0.00550	0.00309	0.00277	0.00583	0.00487	0.00762	0.00454	0.04070	0.00397	0.00197	0.00180	0.00037	0.00173	0.00161	0.00143	0.89500
4	0.00343	0.00229	0.00257	0.00257	0.00257	0.00229	0.00143	0.00343	0.00343	0.00457	0.00743	0.01543	0.00857	0.91715	0.01200	0.00229	0.00229	0.00343	0.00143	0.00143
5	0.00330	0.00240	0.00310	0.00294	0.00350	0.00221	0.00220	0.00437	0.00657	0.00923	0.84020	0.03421	0.06706	0.00493	0.00279	0.00075	0.00112	0.00434	0.00257	0.00221
6	0.02955	0.00415	0.01813	0.00422	0.00605	0.00357	0.00352	0.01135	0.01928	0.86025	0.00911	0.00791	0.00575	0.00290	0.00235	0.00073	0.00202	0.00234	0.00285	0.00397
7	0.00861	0.01072	0.00689	0.00662	0.06786	0.82059	0.00473	0.03488	0.00672	0.00616	0.00376	0.00440	0.00311	0.00242	0.00215	0.00062	0.00411	0.00158	0.00124	0.00284
8	0.00509	0.01560	0.00692	0.06129	0.00663	0.00666	0.00492	0.01996	0.00389	0.00592	0.00346	0.00562	0.00336	0.03719	0.01617	0.00104	0.73420	0.00207	0.00109	0.05893
9	0.00287	0.00205	0.00274	0.00328	0.00342	0.00191	0.00219	0.00328	0.00451	0.00602	0.01299	0.91561	0.01559	0.00739	0.00301	0.00096	0.00137	0.00670	0.00219	0.00191
10	0.00289	0.00206	0.00273	0.00325	0.00339	0.00193	0.00216	0.00329	0.00447	0.00596	0.01277	0.87992	0.01531	0.04345	0.00337	0.00101	0.00140	0.00657	0.00216	0.00190
11	0.01719	0.00455	0.00713	0.56019	0.22248	0.03668	0.00611	0.00615	0.00492	0.00648	0.00537	0.08507	0.02226	0.00280	0.00240	0.00077	0.00289	0.00252	0.00121	0.00281
12	0.00581	0.00557	0.00945	0.03041	0.86991	0.00560	0.00716	0.00731	0.02189	0.00771	0.00453	0.00590	0.00379	0.00213	0.00234	0.00070	0.00279	0.00211	0.00119	0.00371
13	0.00288	0.00243	0.00256	0.01521	0.00349	0.00208	0.00201	0.00352	0.00534	0.00640	0.02249	0.05000	0.80081	0.00600	0.00282	0.00082	0.00129	0.06567	0.00217	0.00201
14	0.00681	0.09555	0.32039	0.00662	0.07616	0.34208	0.00610	0.00825	0.00565	0.05707	0.00421	0.00489	0.00327	0.00259	0.01395	0.00072	0.03963	0.00170	0.00120	0.00316
15	0.00569	0.00544	0.01997	0.06614	0.68831	0.02056	0.00667	0.03201	0.03197	0.00777	0.00534	0.00783	0.00470	0.00259	0.00242	0.00074	0.00276	0.08425	0.00132	0.00351
16	0.00288	0.00208	0.00272	0.00322	0.00341	0.00193	0.00216	0.00331	0.00461	0.00610	0.02980	0.84375	0.07083	0.00725	0.00299	0.00094	0.00135	0.00655	0.00220	0.00193
17	0.00881	0.01124	0.00668	0.00607	0.00729	0.90768	0.00456	0.00941	0.00668	0.00577	0.00364	0.00425	0.00304	0.00243	0.00213	0.00061	0.00425	0.00152	0.00121	0.00273
18	0.00600	0.00499	0.00565	0.07659	0.05434	0.01802	0.00409	0.01142	0.69518	0.06215	0.00912	0.00865	0.02700	0.00311	0.00240	0.00079	0.00204	0.00261	0.00224	0.00361
19	0.00576	0.00556	0.00905	0.07826	0.76820	0.02971	0.00693	0.00728	0.02809	0.00757	0.00474	0.00645	0.00402	0.00227	0.00236	0.00072	0.00282	0.02540	0.00122	0.00359
20	0.05327	0.00476	0.08341	0.00465	0.03130	0.00386	0.00396	0.03946	0.02122	0.64468	0.00837	0.03118	0.00574	0.00315	0.00253	0.02444	0.00215	0.02565	0.00252	0.00371
21	0.00494	0.05165	0.74442	0.00710	0.06356	0.00569	0.03932	0.00764	0.04042	0.00749	0.00443	0.00518	0.00322	0.00225	0.00224	0.00074	0.00335	0.00182	0.00107	0.00348
22	0.00574	0.00550	0.00939	0.07714	0.84052	0.00558	0.00719	0.00715	0.00532	0.00758	0.00442	0.00587	0.00369	0.00212	0.00234	0.00071	0.00282	0.00210	0.00116	0.00366

[dist]
# distance from previous block
# <min> <max>
0	2

[block]
# block no. 1 follows, 128 sequences, length 55
# corresponding to MSA columns:
# 66-120
name=unknown_B
#
# <colnr> <probs for GDERKNQSTAVLIFYWHMCP>
#	G	D	E	R	K	N	Q	S	T	A	V	L	I	F	Y	W	H	M	C	P
0	0.00506	0.10801	0.69179	0.00684	0.04959	0.02050	0.04857	0.00740	0.00503	0.01379	0.00434	0.02093	0.00329	0.00230	0.00220	0.00072	0.00334	0.00184	0.00105	0.00340
1	0.00308	0.00253	0.00261	0.00257	0.00333	0.00221	0.00190	0.03747	0.00549	0.00667	0.04691	0.05679	0.75779	0.05614	0.00329	0.00088	0.00131	0.00483	0.00217	0.00204
2	0.00280	0.00234	0.00244	0.00251	0.00322	0.00198	0.00185	0.00337	0.00525	0.00632	0.02237	0.14683	0.77832	0.00617	0.00282	0.00082	0.00122	0.00522	0.00219	0.00198
3	0.00362	0.00305	0.00417	0.11135	0.11763	0.00297	0.00323	0.00471	0.01832	0.00771	0.35137	0.02480	0.32896	0.00460	0.00267	0.00076	0.00161	0.00399	0.00208	0.00240
4	0.00586	0.00506	0.00533	0.00480	0.00613	0.00586	0.00373	0.01253	0.89818	0.00986	0.00960	0.00880	0.00720	0.00320	0.00240	0.00080	0.00187	0.00267	0.00240	0.00373
5	0.00410	0.00205	0.00307	0.00307	0.00307	0.00205	0.00205	0.00307	0.00307	0.00410	0.00410	0.00717	0.00410	0.00819	0.00921	0.93141	0.00205	0.00205	0.00102	0.00102
6	0.00899	0.00657	0.00705	0.00541	0.00729	0.00726	0.00447	0.88190	0.01102	0.02763	0.00571	0.00569	0.00404	0.00283	0.00236	0.00071	0.00259	0.00213	0.00237	0.00401
7	0.00445	0.00419	0.00707	0.91148	0.01624	0.00524	0.00655	0.00602	0.00471	0.00602	0.00419	0.00629	0.00314	0.00236	0.00236	0.00079	0.00314	0.00210	0.00105	0.00262
8	0.01000	0.00423	0.01342	0.00430	0.00608	0.00379	0.00355	0.02287	0.10289	0.78837	0.00924	0.00805	0.00593	0.00294	0.00237	0.00074	0.00201	0.00239	0.00284	0.00398
9	0.00890	0.00655	0.00701	0.00538	0.00725	0.00724	0.00444	0.88286	0.01100	0.01478	0.00569	0.00570	0.00404	0.00283	0.00235	0.00071	0.00257	0.00212	0.01459	0.00399
10	0.00591	0.00515	0.00535	0.00482	0.00615	0.01861	0.00374	0.01248	0.88558	0.00980	0.00951	0.00873	0.00714	0.00319	0.00239	0.00080	0.00190	0.00265	0.00238	0.00372
11	0.00280	0.00239	0.00240	0.00240	0.00319	0.00199	0.00180	0.00340	0.00540	0.00642	0.03874	0.02260	0.88660	0.00595	0.00279	0.00080	0.00119	0.00496	0.00220	0.00199
12	0.00279	0.00238	0.00239	0.00240	0.00319	0.00199	0.00180	0.00338	0.00536	0.00636	0.02369	0.03874	0.88556	0.00600	0.00279	0.00080	0.00120	0.00501	0.00219	0.00199
13	0.00485	0.00415	0.00485	0.00349	0.00555	0.00312	0.00278	0.00589	0.00488	0.00765	0.00434	0.02085	0.00370	0.00184	0.00177	0.00036	0.00174	0.00149	0.00141	0.91526
14	0.00610	0.00469	0.00506	0.00450	0.00583	0.00522	0.00351	0.01153	0.71157	0.11043	0.01094	0.01005	0.09320	0.00343	0.00243	0.00079	0.00182	0.00285	0.00244	0.00360
15	0.00380	0.00271	0.00380	0.00434	0.00488	0.00271	0.00380	0.00488	0.00543	0.00706	0.01248	0.02659	0.01357	0.00651	0.00326	0.00109	0.00217	0.88657	0.00217	0.00217
16	0.00288	0.00239	0.00251	0.00248	0.00324	0.00203	0.00186	0.00356	0.00559	0.00688	0.16852	0.02185	0.75653	0.00578	0.00279	0.00079	0.00118	0.00486	0.00226	0.00203
17	0.93380	0.00456	0.00347	0.00310	0.00456	0.00529	0.00255	0.00693	0.00401	0.01058	0.00328	0.00383	0.00255	0.00219	0.00146	0.00073	0.00182	0.00128	0.00146	0.00255
18	0.00497	0.00488	0.00686	0.00594	0.00598	0.00678	0.00493	0.00552	0.00363	0.00565	0.00343	0.00559	0.00339	0.00554	0.10162	0.00132	0.81828	0.00211	0.00106	0.00253
19	0.00593	0.00510	0.00537	0.00481	0.00616	0.00590	0.00375	0.03198	0.87862	0.00997	0.00951	0.00873	0.00713	0.00319	0.00240	0.00080	0.00188	0.00265	0.00240	0.00374
20	0.00279	0.00238	0.00239	0.00240	0.00319	0.00199	0.00180	0.00338	0.00536	0.00636	0.02374	0.03454	0.88973	0.00599	0.00279	0.00080	0.00120	0.00500	0.00219	0.00199
21	0.00985	0.00395	0.00536	0.00419	0.00589	0.00353	0.00345	0.03773	0.00660	0.79305	0.00891	0.00807	0.00579	0.00429	0.08693	0.00101	0.00243	0.00238	0.00275	0.00383
22	0.00289	0.00245	0.00251	0.00248	0.00328	0.00210	0.00186	0.00367	0.02668	0.00665	0.07937	0.02204	0.82429	0.00583	0.00278	0.00079	0.00120	0.00488	0.00222	0.00205
23	0.00501	0.00494	0.00694	0.00599	0.00603	0.00687	0.00498	0.00555	0.00363	0.00566	0.00336	0.00550	0.00333	0.00524	0.08192	0.00126	0.83812	0.00210	0.00105	0.00254
24	0.00863	0.01087	0.00660	0.00600	0.00722	0.85454	0.00451	0.00960	0.05921	0.00601	0.00399	0.00452	0.00328	0.00247	0.00214	0.00062	0.00411	0.00159	0.00128	0.00279
25	0.93380	0.00456	0.00347	0.00310	0.00456	0.00529	0.00255	0.00693	0.00401	0.01058	0.00328	0.00383	0.00255	0.00219	0.00146	0.00073	0.00182	0.00128	0.00146	0.00255
26	0.00529	0.00504	0.00854	0.36692	0.54503	0.00546	0.00693	0.00681	0.01419	0.00706	0.00439	0.00604	0.00354	0.00221	0.00234	0.00073	0.00293	0.00210	0.00113	0.00330
27	0.00473	0.03073	0.83232	0.00669	0.02918	0.00543	0.00833	0.00734	0.00505	0.00751	0.03850	0.00545	0.00374	0.00233	0.00225	0.00074	0.00336	0.00184	0.00106	0.00343
28	0.00517	0.00517	0.00728	0.00639	0.02830	0.00718	0.00521	0.00571	0.00365	0.00572	0.00313	0.00517	0.00311	0.00408	0.00760	0.00102	0.89038	0.00206	0.00103	0.00261
29	0.00303	0.00213	0.00276	0.00313	0.00331	0.00199	0.00209	0.00341	0.00459	0.00614	0.10265	0.64619	0.05556	0.10040	0.00421	0.04720	0.00146	0.00581	0.00209	0.00186
30	0.00498	0.00435	0.00493	0.00356	0.00563	0.02229	0.00284	0.00608	0.01384	0.00766	0.00423	0.00491	0.00352	0.00177	0.00176	0.00036	0.00180	0.00141	0.00140	0.90267
31	0.00284	0.00238	0.00246	0.00246	0.00322	0.00201	0.00184	0.00348	0.00548	0.00664	0.10391	0.03862	0.80481	0.00589	0.00279	0.00079	0.00119	0.00494	0.00223	0.00201
32	0.00363	0.00285	0.00386	0.00372	0.00428	0.02204	0.00286	0.00442	0.00393	0.00562	0.00614	0.00920	0.00581	0.08180	0.73838	0.00329	0.00555	0.00247	0.00129	0.08887
33	0.00279	0.00238	0.00240	0.00240	0.00319	0.00199	0.00180	0.00339	0.00538	0.00640	0.03244	0.03219	0.88332	0.00597	0.00279	0.00080	0.00120	0.00499	0.00219	0.00199
34	0.00571	0.00512	0.02170	0.01327	0.06956	0.00568	0.00402	0.01164	0.77536	0.00949	0.00966	0.00905	0.04278	0.00321	0.00241	0.00079	0.00195	0.00270	0.00227	0.00365
35	0.00629	0.82705	0.03325	0.00472	0.05563	0.02848	0.00433	0.00713	0.00487	0.00572	0.00337	0.00393	0.00306	0.00204	0.00159	0.00052	0.00260	0.00132	0.00102	0.00307
36	0.03241	0.00392	0.00618	0.59970	0.01226	0.00486	0.00544	0.01805	0.00455	0.00617	0.00519	0.03932	0.02348	0.00527	0.15133	0.00130	0.07452	0.00237	0.00118	0.00251
37	0.00374	0.00269	0.00373	0.00425	0.00479	0.00267	0.00369	0.00480	0.00541	0.00701	0.01291	0.04375	0.04631	0.00651	0.00323	0.00107	0.00212	0.83699	0.00217	0.00216
38	0.00332	0.00241	0.00313	0.00295	0.00351	0.00222	0.00221	0.00441	0.00663	0.00935	0.87107	0.01778	0.05244	0.00486	0.00278	0.00074	0.00112	0.00429	0.00258	0.00222
39	0.87324	0.00495	0.00368	0.00329	0.00474	0.05509	0.00268	0.01621	0.00423	0.01036	0.00333	0.00387	0.00259	0.00221	0.00150	0.00072	0.00197	0.00130	0.00145	0.00258
40	0.00506	0.00501	0.00703	0.00606	0.00608	0.00699	0.00504	0.00559	0.00362	0.00566	0.00327	0.00538	0.00325	0.00487	0.05739	0.00118	0.86282	0.00209	0.00104	0.00255
41	0.00582	0.00558	0.00954	0.02634	0.89071	0.00560	0.00723	0.00722	0.00536	0.00768	0.00443	0.00584	0.00373	0.00210	0.00233	0.00070	0.00281	0.00210	0.00117	0.00372
42	0.00287	0.00205	0.00274	0.00328	0.00342	0.00191	0.00219	0.00328	0.00451	0.00602	0.01299	0.91561	0.01559	0.00739	0.00301	0.00096	0.00137	0.00670	0.00219	0.00191
43	0.93380	0.00456	0.00347	0.00310	0.00456	0.00529	0.00255	0.00693	0.00401	0.01058	0.00328	0.00383	0.00255	0.00219	0.00146	0.00073	0.00182	0.00128	0.00146	0.00255
44	0.00482	0.06219	0.85569	0.00657	0.00997	0.00569	0.00845	0.00744	0.00497	0.00736	0.00418	0.00491	0.00299	0.00223	0.00220	0.00073	0.00343	0.00172	0.00100	0.00346
45	0.00343	0.00229	0.00257	0.00257	0.00257	0.00229	0.00143	0.00343	0.00343	0.00457	0.00743	0.01543	0.00857	0.91715	0.01200	0.00229	0.00229	0.00343	0.00143	0.00143
46	0.02633	0.00417	0.00508	0.00409	0.00553	0.00408	0.00330	0.22021	0.02491	0.38288	0.25793	0.01045	0.03351	0.00350	0.00248	0.00073	0.00187	0.00289	0.00264	0.00342
47	0.00522	0.00439	0.00506	0.00366	0.00573	0.00351	0.00294	0.07381	0.02027	0.00827	0.00439	0.00501	0.00359	0.00185	0.00180	0.00038	0.00181	0.00147	0.00149	0.84534
48	0.00598	0.00512	0.00540	0.00482	0.00617	0.00592	0.00376	0.04501	0.86551	0.01005	0.00945	0.00868	0.00708	0.00318	0.00240	0.00080	0.00189	0.00265	0.00240	0.00374
49	0.00320	0.00260	0.00343	0.15669	0.00561	0.00258	0.00288	0.01058	0.00495	0.00626	0.01533	0.39010	0.33151	0.00595	0.00283	0.00087	0.00165	0.04889	0.00200	0.00209
50	0.00798	0.00988	0.00648	0.00632	0.07065	0.74176	0.00449	0.01531	0.00644	0.00601	0.00531	0.00590	0.07023	0.00313	0.02953	0.00072	0.00397	0.00185	0.00129	0.00274
51	0.00370	0.00250	0.00279	0.00271	0.00281	0.00253	0.00158	0.04761	0.00381	0.00508	0.00734	0.01494	0.00834	0.87182	0.01152	0.00221	0.00230	0.00336	0.00147	0.00156
52	0.03881	0.00481	0.00675	0.67815	0.01368	0.08932	0.02273	0.00655	0.00497	0.05071	0.00487	0.01475	0.02091	0.00284	0.02198	0.00083	0.01131	0.00215	0.00121	0.00268
53	0.68726	0.00548	0.09941	0.02001	0.08928	0.00537	0.00377	0.00728	0.04859	0.00987	0.00382	0.00443	0.00295	0.00224	0.00168	0.00073	0.00211	0.00149	0.00142	0.00282
54	0.00514	0.00543	0.04153	0.00621	0.00634	0.00715	0.00529	0.00574	0.00366	0.00574	0.00314	0.00515	0.00309	0.00405	0.00753	0.00102	0.87808	0.00205	0.00103	0.00261

[dist]
# distance from previous block
# <min> <max>
1	13

[block]
# block no. 2 follows, 128 sequences, length 8
# corresponding to MSA columns:
# 136-143
name=unknown_C
#
# <colnr> <probs for GDERKNQSTAVLIFYWHMCP>
#	G	D	E	R	K	N	Q	S	T	A	V	L	I	F	Y	W	H	M	C	P
0	0.00583	0.00560	0.00957	0.01447	0.90244	0.00560	0.00724	0.00724	0.00537	0.00770	0.00443	0.00583	0.00373	0.00210	0.00233	0.00070	0.00280	0.00210	0.00117	0.00373
1	0.03438	0.00954	0.00701	0.08069	0.12452	0.65209	0.00501	0.04718	0.00647	0.00657	0.00387	0.00467	0.00316	0.00239	0.00216	0.00064	0.00383	0.00166	0.00125	0.00290
2	0.00630	0.91857	0.01235	0.00403	0.00605	0.00933	0.00403	0.00706	0.00479	0.00555	0.00328	0.00378	0.00303	0.00202	0.00151	0.00050	0.00252	0.00126	0.00101	0.00303
3	0.00818	0.00946	0.00682	0.00681	0.11113	0.63768	0.00473	0.03478	0.11201	0.03952	0.00470	0.00515	0.00374	0.00251	0.00220	0.00065	0.00367	0.00177	0.00144	0.00305
4	0.00501	0.00483	0.00838	0.53663	0.33196	0.00541	0.06096	0.00655	0.00500	0.00672	0.00431	0.00613	0.00338	0.00224	0.00237	0.00076	0.00307	0.00214	0.00110	0.00305
5	0.00841	0.00626	0.00671	0.00519	0.00701	0.00686	0.00427	0.78972	0.04133	0.01402	0.00663	0.00657	0.04790	0.00296	0.00236	0.00070	0.00247	0.00226	0.00232	0.03605
6	0.00448	0.00425	0.00720	0.80712	0.01522	0.00527	0.03710	0.00600	0.00466	0.00604	0.00423	0.00634	0.00325	0.00296	0.03435	0.00090	0.04480	0.00213	0.00106	0.00262
7	0.00458	0.00437	0.00744	0.80473	0.05935	0.00535	0.03728	0.00612	0.00474	0.00615	0.00418	0.00623	0.00319	0.00239	0.00256	0.00079	0.03468	0.00212	0.00106	0.00269

[dist]
# distance from previous block
# <min> <max>
0	3

# created by:
# /share/home/app/bin/augustus-3.3.1/scripts/msa2prfl.pl /dev/shm/tmp/pt-rosids/msas/rps19.aln --setname=rps19
