[name]
rps16

[dist]
# distance from previous block
# <min> <max>
0	0

[block]
# block no. 0 follows, 100 sequences, length 13
# corresponding to MSA columns:
# 0-12
name=unknown_A
#
# <colnr> <probs for GDERKNQSTAVLIFYWHMCP>
#	G	D	E	R	K	N	Q	S	T	A	V	L	I	F	Y	W	H	M	C	P
0	0.00469	0.00335	0.00469	0.00535	0.00602	0.00335	0.00469	0.00602	0.00669	0.00870	0.01539	0.03280	0.01673	0.00803	0.00402	0.00134	0.00268	0.86011	0.00268	0.00268
1	0.00406	0.00293	0.00384	0.00370	0.00433	0.00271	0.00274	0.00534	0.00797	0.01124	0.79247	0.10859	0.02662	0.00626	0.00346	0.00094	0.00140	0.00556	0.00315	0.00271
2	0.00720	0.00691	0.01180	0.01785	0.87968	0.00691	0.00892	0.00892	0.00662	0.00950	0.00547	0.00720	0.00461	0.00259	0.00288	0.00086	0.00345	0.00259	0.00144	0.00461
3	0.00367	0.00271	0.00363	0.00421	0.00438	0.00266	0.00287	0.00418	0.00552	0.00740	0.01546	0.85481	0.01852	0.00892	0.00398	0.00119	0.04286	0.00800	0.00263	0.00240
4	0.00549	0.00517	0.00872	0.89083	0.02003	0.00646	0.00807	0.00743	0.00581	0.00743	0.00517	0.00775	0.00388	0.00291	0.00291	0.00097	0.00388	0.00258	0.00129	0.00323
5	0.00354	0.00253	0.00337	0.00405	0.00422	0.00236	0.00270	0.00405	0.00557	0.00742	0.01603	0.89592	0.01923	0.00911	0.00371	0.00118	0.00169	0.00827	0.00270	0.00236
6	0.00706	0.00677	0.01156	0.08665	0.81193	0.00687	0.00886	0.00881	0.00656	0.00934	0.00545	0.00724	0.00455	0.00262	0.00288	0.00087	0.00349	0.00259	0.00143	0.00450
7	0.00549	0.00517	0.00872	0.89083	0.02003	0.00646	0.00807	0.00743	0.00581	0.00743	0.00517	0.00775	0.00388	0.00291	0.00291	0.00097	0.00388	0.00258	0.00129	0.00323
8	0.00542	0.00271	0.00271	0.00271	0.00339	0.00271	0.00203	0.00678	0.00610	0.01084	0.00949	0.01084	0.00745	0.00339	0.00203	0.00068	0.00136	0.00271	0.91396	0.00271
9	0.91835	0.00562	0.00427	0.00382	0.00562	0.00652	0.00315	0.00855	0.00495	0.01305	0.00405	0.00472	0.00315	0.00270	0.00180	0.00090	0.00225	0.00157	0.00180	0.00315
10	0.00568	0.00536	0.00905	0.79660	0.11282	0.00651	0.00817	0.00759	0.00590	0.00765	0.00520	0.00769	0.00395	0.00287	0.00290	0.00096	0.00383	0.00258	0.00131	0.00338
11	0.00712	0.00683	0.01166	0.05819	0.83995	0.00689	0.00888	0.00885	0.00658	0.00940	0.00546	0.00722	0.00457	0.00261	0.00288	0.00087	0.00347	0.00259	0.00143	0.00454
12	0.00686	0.00784	0.01716	0.01225	0.01520	0.00735	0.86912	0.00931	0.00686	0.00931	0.00588	0.00784	0.00441	0.00245	0.00343	0.00098	0.00490	0.00343	0.00147	0.00392

[dist]
# distance from previous block
# <min> <max>
0	3

[block]
# block no. 1 follows, 100 sequences, length 63
# corresponding to MSA columns:
# 16-78
name=unknown_B
#
# <colnr> <probs for GDERKNQSTAVLIFYWHMCP>
#	G	D	E	R	K	N	Q	S	T	A	V	L	I	F	Y	W	H	M	C	P
0	0.01189	0.00492	0.00654	0.00509	0.00723	0.00433	0.00417	0.01343	0.05612	0.74334	0.05994	0.01043	0.00829	0.00368	0.00292	0.00088	0.00239	0.00302	0.00345	0.04794
1	0.00399	0.00298	0.00368	0.00354	0.00426	0.00272	0.00263	0.00523	0.01663	0.01056	0.63819	0.06311	0.19869	0.02642	0.00369	0.00098	0.00145	0.00553	0.00304	0.00266
2	0.00415	0.00312	0.00467	0.00467	0.00519	0.00363	0.00363	0.00519	0.00467	0.00675	0.00779	0.01142	0.00727	0.02181	0.88629	0.00467	0.00779	0.00312	0.00156	0.00260
3	0.00565	0.00548	0.00971	0.78802	0.01946	0.00656	0.10883	0.00765	0.00594	0.00765	0.00525	0.00776	0.00394	0.00285	0.00297	0.00097	0.00400	0.00268	0.00131	0.00331
4	0.00344	0.00295	0.00295	0.00295	0.00393	0.00245	0.00221	0.00417	0.00663	0.00785	0.02946	0.02798	0.87850	0.00736	0.00344	0.00098	0.00147	0.00614	0.00270	0.00245
5	0.00409	0.00297	0.00385	0.00363	0.00433	0.00273	0.00272	0.00544	0.00817	0.01153	0.84849	0.02194	0.05717	0.00599	0.00343	0.00092	0.00138	0.00529	0.00318	0.00273
6	0.01305	0.00495	0.00675	0.00517	0.00742	0.00427	0.00427	0.01417	0.00832	0.88169	0.01147	0.00990	0.00720	0.00360	0.00292	0.00090	0.00247	0.00292	0.00360	0.00495
7	0.00350	0.00296	0.00303	0.00304	0.00400	0.00249	0.00230	0.00427	0.00669	0.00803	0.06361	0.02785	0.82149	0.00732	0.00345	0.00099	0.00150	0.02829	0.00272	0.00247
8	0.00783	0.88389	0.01511	0.00502	0.00749	0.02699	0.00499	0.00876	0.00595	0.00685	0.00405	0.00467	0.00373	0.00250	0.00188	0.00062	0.00315	0.00156	0.00125	0.00372
9	0.08686	0.00334	0.00410	0.00377	0.00466	0.00318	0.00288	0.00632	0.00793	0.06931	0.73447	0.01947	0.03172	0.00551	0.00325	0.00091	0.00152	0.00478	0.00310	0.00292
10	0.00552	0.00536	0.02121	0.86240	0.01983	0.00648	0.02377	0.00749	0.00584	0.00749	0.00518	0.00773	0.00388	0.00290	0.00291	0.00097	0.00390	0.00259	0.00129	0.00326
11	0.01078	0.00778	0.00837	0.00645	0.00867	0.00857	0.00530	0.80326	0.01310	0.03859	0.00722	0.00740	0.00519	0.01915	0.00309	0.00090	0.00311	0.00266	0.03561	0.00481
12	0.00549	0.00517	0.00872	0.89083	0.02003	0.00646	0.00807	0.00743	0.00581	0.00743	0.00517	0.00775	0.00388	0.00291	0.00291	0.00097	0.00388	0.00258	0.00129	0.00323
13	0.00549	0.00517	0.00872	0.89083	0.02003	0.00646	0.00807	0.00743	0.00581	0.00743	0.00517	0.00775	0.00388	0.00291	0.00291	0.00097	0.00388	0.00258	0.00129	0.00323
14	0.00598	0.08238	0.81671	0.00804	0.01219	0.00711	0.01030	0.00917	0.00612	0.00903	0.00513	0.00603	0.00369	0.00274	0.00269	0.00090	0.00421	0.00210	0.00123	0.00425
15	0.91835	0.00562	0.00427	0.00382	0.00562	0.00652	0.00315	0.00855	0.00495	0.01305	0.00405	0.00472	0.00315	0.00270	0.00180	0.00090	0.00225	0.00157	0.00180	0.00315
16	0.00578	0.00540	0.00899	0.76303	0.11452	0.00652	0.00804	0.02758	0.00610	0.00792	0.00554	0.00792	0.01467	0.00294	0.00291	0.00096	0.00378	0.00263	0.00136	0.00341
17	0.00799	0.75717	0.04197	0.00505	0.00757	0.01040	0.00502	0.00903	0.00612	0.07113	0.01218	0.00530	0.00421	0.00259	0.00200	0.00065	0.00304	0.00171	0.00145	0.04540
18	0.00355	0.00256	0.00335	0.00398	0.00418	0.00238	0.00266	0.00406	0.00559	0.00740	0.01648	0.83832	0.05738	0.02816	0.00394	0.00121	0.00170	0.00808	0.00268	0.00235
19	0.02174	0.00514	0.00855	0.75062	0.01805	0.00623	0.04747	0.01898	0.00598	0.00804	0.00556	0.00794	0.00419	0.00293	0.00284	0.00094	0.00368	0.00262	0.07527	0.00324
20	0.00715	0.00681	0.01137	0.04395	0.79668	0.00692	0.00862	0.00930	0.06285	0.00961	0.00587	0.00745	0.00486	0.00269	0.00288	0.00087	0.00339	0.00264	0.00153	0.00456
21	0.00416	0.00300	0.00395	0.00378	0.00447	0.00279	0.00289	0.00553	0.00812	0.01144	0.81490	0.02253	0.02665	0.00610	0.00347	0.00095	0.00147	0.06793	0.00316	0.00274
22	0.91835	0.00562	0.00427	0.00382	0.00562	0.00652	0.00315	0.00855	0.00495	0.01305	0.00405	0.00472	0.00315	0.00270	0.00180	0.00090	0.00225	0.00157	0.00180	0.00315
23	0.00421	0.00282	0.00320	0.00320	0.00323	0.00281	0.00181	0.00427	0.00438	0.00586	0.03719	0.03392	0.01126	0.85416	0.01425	0.00273	0.00275	0.00433	0.00182	0.00180
24	0.00415	0.00312	0.00467	0.00467	0.00519	0.00363	0.00363	0.00519	0.00467	0.00675	0.00779	0.01142	0.00727	0.02181	0.88629	0.00467	0.00779	0.00312	0.00156	0.00260
25	0.00782	0.88667	0.01513	0.00501	0.00748	0.02423	0.00498	0.00875	0.00594	0.00684	0.00405	0.00467	0.00373	0.00249	0.00188	0.00062	0.00314	0.00156	0.00125	0.00373
26	0.00610	0.00521	0.00607	0.00434	0.00692	0.00395	0.00347	0.01907	0.00613	0.00960	0.00519	0.00604	0.00432	0.00217	0.00216	0.00044	0.00217	0.00173	0.00174	0.90319
27	0.00351	0.00300	0.00315	0.03151	0.00446	0.00258	0.00242	0.00427	0.00656	0.00782	0.02812	0.06313	0.81496	0.00729	0.00343	0.00099	0.00156	0.00611	0.00265	0.00248
28	0.00869	0.00970	0.00975	0.01204	0.40267	0.37525	0.00706	0.02578	0.04090	0.00858	0.00531	0.00657	0.00444	0.00338	0.02298	0.00093	0.04812	0.00233	0.00154	0.00398
29	0.01037	0.07402	0.00900	0.00795	0.06633	0.70130	0.00579	0.06686	0.00828	0.00798	0.00468	0.00546	0.00388	0.00299	0.00268	0.00076	0.01457	0.00195	0.00157	0.00358
30	0.00680	0.00758	0.01604	0.06343	0.09111	0.00729	0.72702	0.00913	0.00673	0.00918	0.00576	0.00775	0.00439	0.00254	0.00347	0.00098	0.02212	0.00329	0.00145	0.00393
31	0.00706	0.00605	0.00640	0.00575	0.00735	0.00694	0.00447	0.02980	0.79754	0.01215	0.05488	0.01169	0.02871	0.00411	0.00299	0.00098	0.00225	0.00343	0.00296	0.00447
32	0.00484	0.01899	0.00641	0.01955	0.00645	0.00511	0.04699	0.00586	0.00477	0.00693	0.00682	0.01682	0.00641	0.02822	0.60716	0.00358	0.19778	0.00303	0.00149	0.00280
33	0.00376	0.00269	0.00352	0.00411	0.00433	0.00255	0.00276	0.02790	0.00577	0.00769	0.01565	0.85569	0.01868	0.02491	0.00389	0.00120	0.00175	0.00804	0.00269	0.00242
34	0.01071	0.05756	0.00858	0.00737	0.00891	0.84298	0.00559	0.01147	0.00812	0.00710	0.00447	0.00521	0.00374	0.00297	0.00258	0.00074	0.00514	0.00186	0.00149	0.00339
35	0.00391	0.00294	0.00357	0.00346	0.00417	0.00265	0.00255	0.00500	0.00747	0.01013	0.56654	0.06347	0.25319	0.05322	0.00404	0.00104	0.00149	0.00558	0.00297	0.00260
36	0.00612	0.00522	0.00608	0.00435	0.00693	0.00397	0.00348	0.02260	0.00616	0.00963	0.00520	0.00605	0.00432	0.00218	0.00217	0.00044	0.00217	0.00174	0.00174	0.89946
37	0.05322	0.04548	0.00658	0.00489	0.00691	0.00448	0.00405	0.01235	0.00794	0.67480	0.08860	0.02109	0.03497	0.00396	0.00291	0.00090	0.00236	0.01672	0.00332	0.00447
38	0.00346	0.00295	0.00298	0.00297	0.00394	0.00246	0.00223	0.00422	0.00668	0.00798	0.05803	0.02777	0.84984	0.00732	0.00344	0.00098	0.00147	0.00611	0.00272	0.00246
39	0.00366	0.00269	0.00373	0.02809	0.00479	0.00256	0.01612	0.00422	0.00557	0.00742	0.01546	0.84297	0.01844	0.02440	0.00388	0.00120	0.00182	0.00797	0.00263	0.00240
40	0.00514	0.14934	0.00661	0.00487	0.00578	0.04008	0.00397	0.02246	0.00519	0.00700	0.00703	0.00999	0.00651	0.01757	0.69063	0.00379	0.00684	0.00280	0.00153	0.00286
41	0.00421	0.00281	0.00318	0.00320	0.00320	0.00281	0.00179	0.00422	0.00427	0.00569	0.00937	0.04542	0.01083	0.87107	0.01447	0.00277	0.00278	0.00435	0.00179	0.00178
42	0.00354	0.00254	0.00336	0.00402	0.00421	0.00236	0.00269	0.00405	0.00560	0.00743	0.01639	0.87237	0.04255	0.00906	0.00370	0.00118	0.00168	0.00821	0.00270	0.00236
43	0.00624	0.11518	0.67622	0.00872	0.08958	0.00727	0.01626	0.00912	0.00619	0.01740	0.01276	0.00625	0.00402	0.00277	0.00273	0.00088	0.01070	0.00217	0.00129	0.00424
44	0.00695	0.00667	0.01145	0.14228	0.74367	0.00685	0.02212	0.00872	0.00651	0.00920	0.00543	0.00729	0.00450	0.00263	0.00289	0.00088	0.00354	0.00260	0.00142	0.00440
45	0.91835	0.00562	0.00427	0.00382	0.00562	0.00652	0.00315	0.00855	0.00495	0.01305	0.00405	0.00472	0.00315	0.00270	0.00180	0.00090	0.00225	0.00157	0.00180	0.00315
46	0.01305	0.00495	0.00675	0.00517	0.00742	0.00427	0.00427	0.01417	0.00832	0.88169	0.01147	0.00990	0.00720	0.00360	0.00292	0.00090	0.00247	0.00292	0.00360	0.00495
47	0.00686	0.00784	0.01716	0.01225	0.01520	0.00735	0.86912	0.00931	0.00686	0.00931	0.00588	0.00784	0.00441	0.00245	0.00343	0.00098	0.00490	0.00343	0.00147	0.00392
48	0.00603	0.00517	0.00603	0.00431	0.00689	0.00388	0.00345	0.00732	0.00603	0.00947	0.00517	0.00603	0.00431	0.00215	0.00215	0.00043	0.00215	0.00172	0.00172	0.91559
49	0.00723	0.00625	0.00657	0.00592	0.00756	0.00723	0.00460	0.01545	0.87442	0.01216	0.01183	0.01085	0.00888	0.00394	0.00296	0.00099	0.00230	0.00329	0.00296	0.00460
50	0.75844	0.00646	0.08796	0.06071	0.00720	0.00649	0.00419	0.00856	0.00517	0.01960	0.01156	0.00524	0.00348	0.00275	0.00198	0.00091	0.00254	0.00174	0.00174	0.00327
51	0.00723	0.00625	0.00657	0.00592	0.00756	0.00723	0.00460	0.01545	0.87442	0.01216	0.01183	0.01085	0.00888	0.00394	0.00296	0.00099	0.00230	0.00329	0.00296	0.00460
52	0.00407	0.00294	0.00385	0.00369	0.00433	0.00271	0.00274	0.00538	0.00802	0.01133	0.81133	0.08947	0.02680	0.00619	0.00345	0.00094	0.00140	0.00549	0.00316	0.00271
53	0.00601	0.00574	0.00855	0.01582	0.00778	0.00743	0.08537	0.03087	0.00497	0.00740	0.00515	0.00824	0.00495	0.06560	0.16235	0.00193	0.56450	0.00284	0.00142	0.00310
54	0.00777	0.89956	0.01524	0.00498	0.00746	0.01150	0.00498	0.00871	0.00591	0.00684	0.00404	0.00466	0.00373	0.00249	0.00187	0.00062	0.00311	0.00155	0.00124	0.00373
55	0.00344	0.00295	0.00295	0.00295	0.00393	0.00245	0.00221	0.00417	0.00663	0.00785	0.02946	0.02798	0.87850	0.00736	0.00344	0.00098	0.00147	0.00614	0.00270	0.00245
56	0.00793	0.00580	0.00644	0.00548	0.00689	0.00624	0.00424	0.50387	0.01014	0.01357	0.01041	0.29454	0.02302	0.08225	0.00420	0.00114	0.00265	0.00463	0.00274	0.00380
57	0.00709	0.00687	0.01157	0.08326	0.76893	0.02105	0.03067	0.00883	0.00659	0.00929	0.00555	0.00751	0.00467	0.00268	0.00290	0.00088	0.00354	0.01222	0.00144	0.00444
58	0.00693	0.00663	0.01132	0.15522	0.74440	0.00684	0.00879	0.00869	0.00649	0.00917	0.00542	0.00728	0.00449	0.00264	0.00288	0.00088	0.00352	0.00259	0.00142	0.00439
59	0.01250	0.00516	0.00682	0.00528	0.00748	0.00466	0.00436	0.08324	0.02095	0.76873	0.02618	0.01029	0.00756	0.00372	0.00295	0.00091	0.00252	0.01833	0.00351	0.00486
60	0.84430	0.00595	0.02857	0.01289	0.00599	0.02196	0.00344	0.00853	0.00513	0.01274	0.02681	0.00524	0.00381	0.00279	0.00189	0.00090	0.00235	0.00170	0.00181	0.00317
61	0.01503	0.00299	0.00373	0.00355	0.00420	0.00277	0.00260	0.00528	0.00764	0.01072	0.70198	0.02183	0.10489	0.09479	0.00454	0.00111	0.00154	0.00519	0.00299	0.00262
62	0.00421	0.00281	0.00326	0.00330	0.00336	0.00283	0.00193	0.00433	0.00438	0.00593	0.00953	0.07393	0.01086	0.77203	0.06304	0.00277	0.00300	0.00439	0.02225	0.00187

[dist]
# distance from previous block
# <min> <max>
1	42

# created by:
# /share/home/app/bin/augustus-3.3.1/scripts/msa2prfl.pl /dev/shm/tmp/pt-rosids/msas/rps16.aln --setname=rps16
