[name]
rps18

[dist]
# distance from previous block
# <min> <max>
2	39

[block]
# block no. 0 follows, 125 sequences, length 69
# corresponding to MSA columns:
# 42-110
name=unknown_A
#
# <colnr> <probs for GDERKNQSTAVLIFYWHMCP>
#	G	D	E	R	K	N	Q	S	T	A	V	L	I	F	Y	W	H	M	C	P
0	0.00596	0.00572	0.00977	0.01477	0.90042	0.00572	0.00738	0.00738	0.00548	0.00786	0.00453	0.00596	0.00381	0.00214	0.00238	0.00071	0.00286	0.00214	0.00119	0.00381
1	0.00846	0.00641	0.00723	0.00620	0.08774	0.00693	0.00468	0.73059	0.01838	0.01382	0.00560	0.00582	0.00408	0.00294	0.01414	0.00074	0.00265	0.00212	0.00221	0.06924
2	0.00592	0.00565	0.00951	0.01416	0.85064	0.00562	0.00715	0.00740	0.01755	0.00789	0.00459	0.00596	0.00385	0.00214	0.00236	0.00070	0.00280	0.00212	0.00122	0.04279
3	0.00462	0.00436	0.00739	0.86297	0.05372	0.00537	0.01560	0.00622	0.00485	0.00624	0.00429	0.00640	0.00324	0.00239	0.00241	0.00080	0.00320	0.00215	0.00108	0.00273
4	0.00870	0.00643	0.00716	0.08694	0.00823	0.00714	0.00472	0.78365	0.01055	0.02941	0.00568	0.00586	0.00404	0.00283	0.00240	0.00072	0.00267	0.00216	0.00228	0.01842
5	0.00353	0.00241	0.00273	0.00269	0.00280	0.00235	0.00156	0.00360	0.00364	0.00489	0.00792	0.05566	0.02047	0.82443	0.01127	0.00217	0.00225	0.00358	0.00150	0.04056
6	0.00454	0.00428	0.00722	0.90965	0.01657	0.00535	0.00668	0.00615	0.00481	0.00615	0.00428	0.00642	0.00321	0.00241	0.00241	0.00080	0.00321	0.00214	0.00107	0.00267
7	0.00464	0.00438	0.00739	0.84752	0.07794	0.00537	0.00673	0.00623	0.00486	0.00627	0.00429	0.00638	0.00325	0.00239	0.00240	0.00080	0.00318	0.00214	0.00108	0.00275
8	0.00457	0.00428	0.00709	0.85675	0.01594	0.00522	0.00646	0.00614	0.00482	0.00625	0.00428	0.00633	0.00323	0.00237	0.00237	0.00078	0.00312	0.00210	0.00109	0.05682
9	0.00321	0.00230	0.00299	0.00343	0.00366	0.00220	0.00233	0.04080	0.00496	0.00664	0.04181	0.84647	0.01564	0.00726	0.00304	0.00096	0.00144	0.00656	0.00225	0.00205
10	0.00517	0.00441	0.00531	0.08530	0.00677	0.00362	0.00329	0.05262	0.00531	0.00807	0.00436	0.00516	0.00356	0.00190	0.00187	0.00042	0.00196	0.00153	0.00145	0.79794
11	0.00499	0.00430	0.00520	0.08230	0.00666	0.00343	0.00320	0.01418	0.00503	0.00776	0.00429	0.00512	0.00354	0.00185	0.00184	0.00040	0.00191	0.00149	0.00140	0.84109
12	0.00285	0.00240	0.00247	0.00253	0.00327	0.00202	0.00187	0.00344	0.00540	0.00647	0.02329	0.11044	0.81286	0.00624	0.00287	0.00083	0.00124	0.00525	0.00223	0.00202
13	0.09852	0.00608	0.01878	0.03470	0.14427	0.00588	0.60499	0.00746	0.00544	0.00799	0.01829	0.00628	0.00384	0.00216	0.00270	0.00079	0.01911	0.00256	0.00126	0.00891
14	0.00803	0.00614	0.00699	0.00600	0.08754	0.00649	0.00449	0.63982	0.01989	0.01308	0.00558	0.02039	0.00421	0.00272	0.00231	0.00067	0.00249	0.00212	0.00213	0.15893
15	0.89084	0.00454	0.00352	0.00316	0.00459	0.00525	0.00258	0.00690	0.00405	0.01050	0.00339	0.00406	0.00268	0.00251	0.00184	0.04237	0.00187	0.00134	0.00147	0.00254
16	0.01657	0.82600	0.07034	0.00434	0.00647	0.03097	0.00442	0.00729	0.00494	0.00585	0.00342	0.00395	0.00308	0.00209	0.00161	0.00054	0.00267	0.00133	0.00104	0.00311
17	0.00435	0.00405	0.00680	0.70489	0.01406	0.00481	0.04946	0.00584	0.00506	0.00656	0.08621	0.04639	0.04567	0.00299	0.00251	0.00081	0.00290	0.00270	0.00132	0.00261
18	0.00285	0.00244	0.00245	0.00245	0.00326	0.00204	0.00184	0.00347	0.00551	0.00655	0.03853	0.02307	0.88526	0.00608	0.00284	0.00081	0.00122	0.00507	0.00224	0.00204
19	0.00643	0.80571	0.01194	0.00436	0.00621	0.02671	0.00422	0.00718	0.00484	0.01688	0.00341	0.00405	0.00313	0.00227	0.00214	0.00057	0.08445	0.00138	0.00106	0.00305
20	0.00344	0.00258	0.00387	0.00387	0.00430	0.00301	0.00301	0.00430	0.00387	0.00559	0.00645	0.00945	0.00602	0.01805	0.90590	0.00387	0.00645	0.00258	0.00129	0.00215
21	0.00482	0.00455	0.00721	0.76109	0.06925	0.01803	0.00644	0.00687	0.08518	0.00660	0.00478	0.00659	0.00362	0.00247	0.00240	0.00080	0.00308	0.00218	0.00120	0.00285
22	0.00899	0.01147	0.00682	0.00620	0.00744	0.90577	0.00465	0.00961	0.00682	0.00589	0.00372	0.00434	0.00310	0.00248	0.00217	0.00062	0.00434	0.00155	0.00124	0.00279
23	0.00370	0.00276	0.00361	0.00394	0.00462	0.00262	0.00337	0.00470	0.00553	0.00712	0.03054	0.02514	0.20175	0.00628	0.00314	0.00101	0.00197	0.64225	0.00219	0.04375
24	0.03689	0.00657	0.00699	0.00542	0.00730	0.00730	0.00446	0.80808	0.06895	0.01470	0.00597	0.00593	0.00426	0.00289	0.00238	0.00073	0.00258	0.00218	0.00238	0.00403
25	0.00298	0.00212	0.00278	0.00329	0.00341	0.00199	0.00216	0.00336	0.00451	0.00601	0.01275	0.83295	0.01527	0.08934	0.00390	0.00110	0.00148	0.00654	0.00216	0.00191
26	0.00286	0.00243	0.00247	0.00250	0.00328	0.00204	0.00187	0.00347	0.00545	0.00649	0.02373	0.06311	0.84820	0.00617	0.00286	0.00082	0.00124	0.01674	0.00223	0.00203
27	0.05391	0.00601	0.00615	0.00488	0.00653	0.03682	0.00398	0.64723	0.03282	0.01338	0.00658	0.00672	0.03352	0.00295	0.00227	0.00070	0.00239	0.00222	0.12728	0.00365
28	0.00469	0.00456	0.00812	0.79293	0.01605	0.00544	0.12152	0.00635	0.00492	0.00635	0.00435	0.00643	0.00327	0.00236	0.00246	0.00080	0.00332	0.00223	0.00109	0.00275
29	0.00350	0.00233	0.00262	0.00262	0.00262	0.00233	0.00146	0.00350	0.00350	0.00467	0.00758	0.01575	0.00875	0.91543	0.01225	0.00233	0.00233	0.00350	0.00146	0.00146
30	0.00290	0.00242	0.00253	0.00260	0.00335	0.00206	0.00195	0.00351	0.00542	0.00650	0.02296	0.09521	0.78848	0.00624	0.00288	0.00084	0.00128	0.04461	0.00223	0.00203
31	0.00915	0.00674	0.00722	0.00554	0.00746	0.00746	0.00457	0.89240	0.01131	0.01517	0.00578	0.00578	0.00409	0.00289	0.00241	0.00072	0.00265	0.00217	0.00241	0.00409
32	0.00506	0.05197	0.72423	0.00766	0.09055	0.00581	0.06652	0.00759	0.00515	0.00756	0.00433	0.00520	0.00316	0.00225	0.00230	0.00075	0.00348	0.00186	0.00105	0.00354
33	0.00568	0.00649	0.01420	0.01014	0.01258	0.00609	0.89168	0.00771	0.00568	0.00771	0.00487	0.00649	0.00365	0.00203	0.00284	0.00081	0.00406	0.00284	0.00122	0.00325
34	0.93243	0.00465	0.00354	0.00316	0.00465	0.00540	0.00261	0.00707	0.00410	0.01080	0.00335	0.00391	0.00261	0.00223	0.00149	0.00074	0.00186	0.00130	0.00149	0.00261
35	0.00595	0.00574	0.00991	0.01462	0.87150	0.00573	0.03619	0.00740	0.00549	0.00786	0.00454	0.00597	0.00381	0.00214	0.00240	0.00072	0.00290	0.00217	0.00119	0.00379
36	0.00286	0.00244	0.00246	0.00247	0.00327	0.00204	0.00186	0.00347	0.00549	0.00651	0.02422	0.02321	0.88716	0.00610	0.00285	0.00082	0.00123	0.01728	0.00223	0.00203
37	0.00293	0.00210	0.00279	0.00333	0.00349	0.00196	0.00223	0.00335	0.00462	0.00615	0.01347	0.89740	0.03224	0.00751	0.00307	0.00097	0.00139	0.00681	0.00223	0.00196
38	0.00842	0.00622	0.00673	0.00526	0.00703	0.00680	0.00429	0.77696	0.01046	0.01406	0.00639	0.08756	0.00514	0.00326	0.00244	0.00073	0.00250	0.00256	0.00235	0.04083
39	0.00457	0.00431	0.00727	0.89137	0.03463	0.00535	0.00670	0.00617	0.00483	0.00618	0.00428	0.00641	0.00322	0.00240	0.00241	0.00080	0.00320	0.00214	0.00107	0.00270
40	0.00454	0.00428	0.00722	0.90965	0.01657	0.00535	0.00668	0.00615	0.00481	0.00615	0.00428	0.00642	0.00321	0.00241	0.00241	0.00080	0.00321	0.00214	0.00107	0.00267
41	0.00339	0.00246	0.00320	0.00302	0.00360	0.00227	0.00227	0.00452	0.00676	0.00954	0.86651	0.01821	0.04680	0.00497	0.00284	0.00076	0.00115	0.01283	0.00263	0.00226
42	0.00885	0.01119	0.00690	0.00646	0.03651	0.86386	0.00473	0.00958	0.01922	0.00601	0.00383	0.00446	0.00318	0.00248	0.00218	0.00063	0.00426	0.00159	0.00126	0.00284
43	0.00460	0.00434	0.00733	0.87166	0.05410	0.00536	0.00671	0.00620	0.00484	0.00622	0.00429	0.00640	0.00323	0.00239	0.00240	0.00080	0.00319	0.00214	0.00107	0.00272
44	0.00294	0.00210	0.00280	0.00334	0.00349	0.00196	0.00223	0.00338	0.00466	0.00623	0.03588	0.89099	0.01609	0.00747	0.00307	0.00097	0.00139	0.00678	0.00224	0.00196
45	0.00623	0.00562	0.00556	0.00499	0.00635	0.06665	0.00388	0.02519	0.82345	0.00986	0.00933	0.00862	0.00701	0.00321	0.00243	0.00080	0.00208	0.00263	0.00237	0.00374
46	0.00293	0.00209	0.00279	0.00335	0.00349	0.00195	0.00223	0.00335	0.00461	0.00614	0.01326	0.91386	0.01592	0.00754	0.00307	0.00098	0.00140	0.00684	0.00223	0.00195
47	0.00597	0.00587	0.01012	0.01423	0.80770	0.01859	0.08702	0.00745	0.00552	0.00782	0.00455	0.00598	0.00379	0.00214	0.00242	0.00072	0.00299	0.00220	0.00119	0.00375
48	0.00561	0.00696	0.08447	0.00988	0.01241	0.00605	0.82188	0.00770	0.00563	0.00770	0.00482	0.00638	0.00360	0.00205	0.00280	0.00081	0.00402	0.00276	0.00120	0.00327
49	0.00568	0.00649	0.01420	0.01014	0.01258	0.00609	0.89168	0.00771	0.00568	0.00771	0.00487	0.00649	0.00365	0.00203	0.00284	0.00081	0.00406	0.00284	0.00122	0.00325
50	0.08814	0.00431	0.00689	0.82798	0.01550	0.00535	0.00632	0.00623	0.00475	0.00657	0.00419	0.00619	0.00315	0.00239	0.00232	0.00080	0.00309	0.00206	0.00111	0.00267
51	0.00301	0.00219	0.00298	0.04148	0.00403	0.00210	0.00241	0.00347	0.00460	0.00613	0.01283	0.86643	0.01531	0.01668	0.00314	0.00098	0.00148	0.00661	0.00218	0.00198
52	0.00289	0.00238	0.00254	0.00263	0.00331	0.00203	0.00192	0.00349	0.00540	0.00660	0.06763	0.17782	0.70048	0.00628	0.00288	0.00084	0.00125	0.00535	0.00226	0.00203
53	0.00613	0.08729	0.00609	0.00481	0.00625	0.00625	0.00383	0.01226	0.79717	0.02834	0.00921	0.00850	0.00693	0.00315	0.00237	0.00079	0.00197	0.00259	0.00233	0.00375
54	0.00324	0.00276	0.00308	0.08434	0.00463	0.00255	0.00240	0.02723	0.02186	0.00685	0.04886	0.04541	0.72704	0.00563	0.00279	0.00081	0.00145	0.00472	0.00215	0.00218
55	0.01071	0.00408	0.00556	0.00427	0.00611	0.00352	0.00352	0.01164	0.00689	0.89181	0.01974	0.00830	0.00615	0.00300	0.00242	0.00074	0.00204	0.00244	0.00297	0.00407
56	0.00284	0.00244	0.00244	0.00244	0.00325	0.00203	0.00183	0.00345	0.00548	0.00650	0.02438	0.02316	0.89945	0.00609	0.00284	0.00081	0.00122	0.00508	0.00223	0.00203
57	0.00596	0.00572	0.00977	0.01477	0.90042	0.00572	0.00738	0.00738	0.00548	0.00786	0.00453	0.00596	0.00381	0.00214	0.00238	0.00071	0.00286	0.00214	0.00119	0.00381
58	0.00567	0.00647	0.01412	0.02051	0.01262	0.00608	0.88149	0.00769	0.00567	0.00769	0.00486	0.00649	0.00365	0.00203	0.00283	0.00081	0.00405	0.00283	0.00122	0.00324
59	0.01080	0.00410	0.00558	0.00428	0.00614	0.00354	0.00354	0.01173	0.00689	0.90209	0.00949	0.00819	0.00596	0.00298	0.00242	0.00074	0.00205	0.00242	0.00298	0.00410
60	0.00454	0.00428	0.00722	0.90965	0.01657	0.00535	0.00668	0.00615	0.00481	0.00615	0.00428	0.00642	0.00321	0.00241	0.00241	0.00080	0.00321	0.00214	0.00107	0.00267
61	0.00284	0.00244	0.00244	0.00244	0.00325	0.00203	0.00183	0.00345	0.00548	0.00650	0.02438	0.02316	0.89945	0.00609	0.00284	0.00081	0.00122	0.00508	0.00223	0.00203
62	0.00293	0.00209	0.00279	0.00335	0.00349	0.00195	0.00223	0.00335	0.00461	0.00614	0.01326	0.91386	0.01592	0.00754	0.00307	0.00098	0.00140	0.00684	0.00223	0.00195
63	0.00869	0.00630	0.00673	0.00521	0.00701	0.00695	0.00429	0.80550	0.01070	0.01456	0.00598	0.00609	0.00430	0.00288	0.00234	0.00071	0.00250	0.00217	0.09319	0.00391
64	0.00547	0.00400	0.00461	0.00423	0.00511	0.00420	0.00318	0.36127	0.00730	0.00978	0.01003	0.52240	0.01087	0.01664	0.00289	0.00088	0.00192	0.00483	0.00228	0.01810
65	0.00297	0.00213	0.00283	0.00332	0.00350	0.00198	0.00224	0.00346	0.00481	0.00646	0.09308	0.83315	0.01653	0.00730	0.00305	0.00096	0.00137	0.00662	0.00227	0.00198
66	0.00536	0.00450	0.00519	0.00374	0.00586	0.00359	0.00301	0.08591	0.00556	0.00850	0.00441	0.00506	0.00361	0.00188	0.00184	0.00039	0.00186	0.00149	0.00151	0.84671
67	0.00350	0.00233	0.00262	0.00262	0.00262	0.00233	0.00146	0.00350	0.00350	0.00467	0.00758	0.01575	0.00875	0.91543	0.01225	0.00233	0.00233	0.00350	0.00146	0.00146
68	0.00332	0.00260	0.00368	0.13733	0.00558	0.00273	0.00305	0.00398	0.00478	0.00637	0.06187	0.63409	0.04613	0.00642	0.00316	0.00094	0.03994	0.02989	0.00203	0.00212

[dist]
# distance from previous block
# <min> <max>
6	43

[block]
# block no. 1 follows, 125 sequences, length 8
# corresponding to MSA columns:
# 163-170
name=unknown_B
#
# <colnr> <probs for GDERKNQSTAVLIFYWHMCP>
#	G	D	E	R	K	N	Q	S	T	A	V	L	I	F	Y	W	H	M	C	P
0	0.00501	0.04229	0.76013	0.00748	0.06783	0.00576	0.06329	0.00760	0.00514	0.00758	0.00433	0.00518	0.00314	0.00225	0.00230	0.00075	0.00351	0.00185	0.00104	0.00354
1	0.04581	0.00471	0.00779	0.61274	0.26987	0.00546	0.00670	0.00654	0.00497	0.00684	0.00431	0.00617	0.00335	0.00232	0.00236	0.00077	0.00305	0.00210	0.00112	0.00300
2	0.19444	0.02208	0.00661	0.19957	0.08340	0.06926	0.00478	0.33432	0.02618	0.01068	0.00480	0.00555	0.00360	0.00255	0.00217	0.00073	0.00270	0.00194	0.02130	0.00331
3	0.08120	0.01029	0.63238	0.00761	0.12338	0.00552	0.05005	0.00774	0.00516	0.04843	0.00453	0.00530	0.00327	0.00228	0.00227	0.00076	0.00328	0.00187	0.00118	0.00352
4	0.00778	0.00562	0.00640	0.00558	0.05933	0.00607	0.00422	0.60144	0.03393	0.05944	0.00743	0.17776	0.00650	0.00374	0.00253	0.00077	0.00237	0.00308	0.00233	0.00366
5	0.00565	0.00427	0.00474	0.00423	0.00544	0.00463	0.00328	0.01003	0.53435	0.09668	0.12162	0.01151	0.09461	0.03211	0.03241	0.00094	0.00192	0.00311	0.00241	0.02606
6	0.04356	0.00484	0.05827	0.00441	0.00617	0.00430	0.00375	0.05228	0.19061	0.39417	0.05138	0.00802	0.00637	0.00354	0.04049	0.00084	0.00224	0.00236	0.00239	0.12001
7	0.05948	0.00442	0.00715	0.71057	0.12716	0.00528	0.00636	0.00626	0.00488	0.00665	0.00497	0.00681	0.03522	0.00249	0.00236	0.00079	0.00301	0.00219	0.00115	0.00279

[dist]
# distance from previous block
# <min> <max>
0	10

[block]
# block no. 2 follows, 125 sequences, length 9
# corresponding to MSA columns:
# 181-189
name=unknown_C
#
# <colnr> <probs for GDERKNQSTAVLIFYWHMCP>
#	G	D	E	R	K	N	Q	S	T	A	V	L	I	F	Y	W	H	M	C	P
0	0.00639	0.00535	0.00592	0.00583	0.09719	0.04200	0.00413	0.01165	0.65516	0.07291	0.00867	0.00820	0.00650	0.00301	0.00239	0.00077	0.00210	0.00252	0.00225	0.05705
1	0.00626	0.00530	0.00562	0.09156	0.03363	0.08938	0.00405	0.02975	0.46398	0.08677	0.02413	0.00936	0.07091	0.00326	0.00243	0.00077	0.00225	0.01804	0.00214	0.05042
2	0.74913	0.10448	0.00471	0.00338	0.00494	0.00580	0.00286	0.03953	0.00459	0.03508	0.02546	0.00443	0.00330	0.00232	0.00159	0.00072	0.00196	0.00144	0.00154	0.00275
3	0.00311	0.00226	0.00304	0.05053	0.00409	0.00219	0.00239	0.00360	0.00467	0.00625	0.07599	0.71327	0.01503	0.09683	0.00393	0.00109	0.00156	0.00609	0.00213	0.00197
4	0.00478	0.00451	0.00756	0.66935	0.21136	0.00527	0.00661	0.00630	0.00499	0.00654	0.00527	0.00710	0.04528	0.00252	0.00242	0.00078	0.00304	0.00228	0.00115	0.00289
5	0.00564	0.03923	0.00609	0.07637	0.11462	0.04270	0.00423	0.02468	0.47070	0.00868	0.00941	0.00929	0.10617	0.00319	0.00239	0.00075	0.00217	0.00267	0.00199	0.06902
6	0.00501	0.00480	0.00809	0.52488	0.21302	0.00542	0.08488	0.00698	0.07463	0.00699	0.00557	0.00714	0.03714	0.00252	0.00246	0.00078	0.00303	0.00236	0.00126	0.00304
7	0.00732	0.00824	0.00781	0.02757	0.35692	0.42147	0.00560	0.02633	0.03116	0.00712	0.00430	0.00522	0.00356	0.00232	0.00224	0.00065	0.00343	0.00183	0.00129	0.07563
8	0.03028	0.00556	0.00890	0.06165	0.70847	0.03673	0.02580	0.00709	0.00530	0.00752	0.00470	0.00665	0.00410	0.07346	0.00313	0.00085	0.00289	0.00222	0.00122	0.00349

[dist]
# distance from previous block
# <min> <max>
0	37

# created by:
# /share/home/app/bin/augustus-3.3.1/scripts/msa2prfl.pl /dev/shm/tmp/pt-rosids/msas/rps18.aln --setname=rps18
