[name]
rps2

[dist]
# distance from previous block
# <min> <max>
0	52

[block]
# block no. 0 follows, 132 sequences, length 34
# corresponding to MSA columns:
# 52-85
name=unknown_A
#
# <colnr> <probs for GDERKNQSTAVLIFYWHMCP>
#	G	D	E	R	K	N	Q	S	T	A	V	L	I	F	Y	W	H	M	C	P
0	0.00370	0.00264	0.00370	0.00423	0.00476	0.00264	0.00370	0.00476	0.00528	0.00687	0.01215	0.02589	0.01321	0.00634	0.00317	0.00106	0.00211	0.88956	0.00211	0.00211
1	0.00589	0.00429	0.00498	0.03376	0.05286	0.00462	0.00353	0.00998	0.51717	0.15735	0.01890	0.01836	0.15133	0.00347	0.00240	0.00076	0.00181	0.00291	0.00228	0.00334
2	0.00459	0.00434	0.00735	0.74079	0.18680	0.00517	0.00650	0.00609	0.00471	0.00618	0.00413	0.00604	0.00317	0.00225	0.00229	0.00075	0.00300	0.00204	0.00104	0.00276
3	0.00440	0.00414	0.00699	0.87348	0.05567	0.00512	0.00640	0.00592	0.00462	0.00594	0.00409	0.00610	0.00309	0.00228	0.00229	0.00076	0.00305	0.00204	0.00103	0.00260
4	0.00328	0.00246	0.00369	0.00369	0.00410	0.00287	0.00287	0.00410	0.00369	0.00533	0.00615	0.00902	0.00574	0.01722	0.91023	0.00369	0.00615	0.00246	0.00123	0.00205
5	0.00399	0.00199	0.00299	0.00299	0.00299	0.00199	0.00199	0.00299	0.00299	0.00399	0.00399	0.00698	0.00399	0.00797	0.00897	0.93321	0.00199	0.00199	0.00100	0.00100
6	0.00854	0.02364	0.00659	0.00588	0.00708	0.88407	0.00443	0.02231	0.00654	0.00575	0.00357	0.00415	0.00297	0.00237	0.00206	0.00059	0.00409	0.00148	0.00120	0.00268
7	0.00271	0.00233	0.00233	0.00233	0.00310	0.00194	0.00174	0.00329	0.00523	0.00620	0.02325	0.02209	0.90408	0.00581	0.00271	0.00078	0.00116	0.00484	0.00213	0.00194
8	0.00754	0.04782	0.00676	0.04644	0.02682	0.63748	0.00456	0.00850	0.05324	0.00585	0.00387	0.00468	0.00325	0.00286	0.02028	0.00072	0.11377	0.00165	0.00121	0.00271
9	0.00282	0.00201	0.00266	0.00316	0.00329	0.00188	0.00210	0.00320	0.00434	0.00579	0.01239	0.87473	0.01486	0.05074	0.00335	0.00099	0.00137	0.00637	0.00210	0.00184
10	0.02460	0.02474	0.80408	0.00685	0.06622	0.00534	0.00810	0.00719	0.00487	0.00735	0.01790	0.00505	0.00323	0.00221	0.00217	0.00072	0.00327	0.00174	0.00101	0.00336
11	0.01547	0.04067	0.85447	0.00647	0.00977	0.00546	0.02211	0.00725	0.00484	0.00725	0.00409	0.00482	0.00291	0.00217	0.00216	0.00072	0.00335	0.00169	0.00098	0.00336
12	0.00360	0.00258	0.00358	0.00409	0.00460	0.00256	0.00352	0.00459	0.00522	0.00677	0.01253	0.09255	0.04066	0.00639	0.00314	0.00104	0.00203	0.79634	0.00212	0.00209
13	0.00346	0.00247	0.00342	0.00392	0.00435	0.00243	0.00325	0.00436	0.00512	0.00673	0.05228	0.24189	0.01407	0.00647	0.00309	0.00101	0.00188	0.63560	0.00214	0.00206
14	0.03721	0.02420	0.74672	0.02960	0.04419	0.00527	0.01533	0.00742	0.00492	0.05813	0.00436	0.00503	0.00309	0.00221	0.00216	0.00072	0.00321	0.00174	0.00110	0.00337
15	0.01011	0.00399	0.00535	0.00413	0.00589	0.00352	0.00340	0.02834	0.03673	0.85920	0.00900	0.00779	0.00569	0.00285	0.00231	0.00071	0.00196	0.00231	0.00281	0.00390
16	0.86361	0.00451	0.00365	0.03700	0.00497	0.00523	0.00271	0.04254	0.00421	0.01030	0.00332	0.00389	0.00256	0.00216	0.00149	0.00071	0.00185	0.00131	0.00144	0.00255
17	0.00320	0.00234	0.00300	0.00284	0.00340	0.00215	0.00213	0.00424	0.00638	0.00893	0.82448	0.01759	0.10114	0.00479	0.00271	0.00073	0.00109	0.00421	0.00249	0.00215
18	0.00493	0.00489	0.00686	0.00591	0.00593	0.00682	0.00491	0.00545	0.00352	0.00551	0.00318	0.00523	0.00315	0.00470	0.05427	0.00114	0.86806	0.00203	0.00102	0.00249
19	0.00329	0.00220	0.00252	0.00257	0.00258	0.00219	0.00146	0.00332	0.00344	0.00459	0.00776	0.10234	0.00901	0.83110	0.01084	0.00210	0.00214	0.00365	0.00146	0.00144
20	0.93554	0.00444	0.00337	0.00302	0.00444	0.00515	0.00249	0.00675	0.00391	0.01030	0.00320	0.00373	0.00249	0.00213	0.00142	0.00071	0.00178	0.00124	0.00142	0.00249
21	0.00502	0.00502	0.00703	0.00603	0.00603	0.00703	0.00502	0.00552	0.00352	0.00552	0.00301	0.00502	0.00301	0.00402	0.00753	0.00100	0.91513	0.00201	0.00100	0.00251
22	0.77624	0.00460	0.03991	0.00327	0.00476	0.00487	0.00280	0.00708	0.00422	0.09677	0.00413	0.03583	0.00325	0.00238	0.00159	0.00072	0.00184	0.00155	0.00156	0.00264
23	0.00535	0.00462	0.00485	0.00439	0.00562	0.00526	0.00341	0.01113	0.79339	0.00919	0.01101	0.01019	0.11465	0.00344	0.00238	0.00078	0.00174	0.00287	0.00231	0.00343
24	0.00481	0.00441	0.00718	0.73926	0.12421	0.00529	0.00631	0.06905	0.00511	0.00667	0.00421	0.00602	0.00319	0.00230	0.00229	0.00075	0.00298	0.00204	0.00112	0.00278
25	0.00568	0.00545	0.00932	0.01409	0.90501	0.00545	0.00704	0.00704	0.00523	0.00750	0.00432	0.00568	0.00364	0.00205	0.00227	0.00068	0.00273	0.00205	0.00114	0.00364
26	0.00399	0.00199	0.00299	0.00299	0.00299	0.00199	0.00199	0.00299	0.00299	0.00399	0.00399	0.00698	0.00399	0.00797	0.00897	0.93321	0.00199	0.00199	0.00100	0.00100
27	0.00850	0.04006	0.00668	0.00585	0.00706	0.88127	0.00442	0.00909	0.00645	0.00561	0.00354	0.00412	0.00296	0.00235	0.00205	0.00059	0.00409	0.00147	0.00118	0.00267
28	0.00476	0.00408	0.00476	0.00340	0.00544	0.00306	0.00272	0.00578	0.00476	0.00748	0.00408	0.00476	0.00340	0.00170	0.00170	0.00034	0.00170	0.00136	0.00136	0.93336
29	0.00450	0.00425	0.00718	0.80494	0.12341	0.00514	0.00646	0.00601	0.00467	0.00606	0.00411	0.00607	0.00313	0.00226	0.00229	0.00075	0.00302	0.00204	0.00103	0.00268
30	0.00367	0.00263	0.00366	0.00417	0.00470	0.00262	0.00364	0.00471	0.00528	0.00685	0.01251	0.02577	0.04161	0.00632	0.00316	0.00105	0.00208	0.86135	0.00211	0.00211
31	0.05319	0.00410	0.01810	0.03310	0.00616	0.00365	0.00352	0.03325	0.01976	0.76591	0.02044	0.00778	0.00567	0.00284	0.00228	0.00072	0.00200	0.01115	0.00266	0.00374
32	0.00491	0.00412	0.00480	0.00344	0.00547	0.00313	0.00276	0.02106	0.00489	0.02092	0.00418	0.00482	0.00344	0.00173	0.00172	0.00035	0.00172	0.00139	0.00140	0.90374
33	0.00328	0.00246	0.00369	0.00369	0.00410	0.00287	0.00287	0.00410	0.00369	0.00533	0.00615	0.00902	0.00574	0.01722	0.91023	0.00369	0.00615	0.00246	0.00123	0.00205

[dist]
# distance from previous block
# <min> <max>
0	2

[block]
# block no. 1 follows, 132 sequences, length 100
# corresponding to MSA columns:
# 88-187
name=unknown_B
#
# <colnr> <probs for GDERKNQSTAVLIFYWHMCP>
#	G	D	E	R	K	N	Q	S	T	A	V	L	I	F	Y	W	H	M	C	P
0	0.00271	0.00232	0.00233	0.00234	0.00310	0.00194	0.00175	0.00329	0.00522	0.00620	0.02311	0.03460	0.89166	0.00583	0.00272	0.00078	0.00117	0.00487	0.00213	0.00194
1	0.00844	0.00615	0.00667	0.00516	0.00692	0.00679	0.00426	0.82658	0.01029	0.03303	0.00562	0.00576	0.00405	0.00360	0.05496	0.00086	0.00272	0.00209	0.00225	0.00380
2	0.00943	0.00431	0.02638	0.03894	0.00640	0.00383	0.00366	0.07560	0.04020	0.71931	0.01703	0.00755	0.00553	0.00280	0.00229	0.00070	0.00205	0.00227	0.00263	0.02909
3	0.00570	0.02259	0.03700	0.01980	0.83680	0.02349	0.00698	0.00708	0.00523	0.00740	0.00427	0.00559	0.00358	0.00206	0.00225	0.00068	0.00277	0.00201	0.00113	0.00359
4	0.00438	0.00416	0.00673	0.73980	0.01382	0.00528	0.00599	0.00571	0.00445	0.00583	0.00465	0.00656	0.03744	0.00269	0.00311	0.00080	0.14287	0.00214	0.00106	0.00252
5	0.00567	0.00544	0.00929	0.02266	0.89654	0.00545	0.00704	0.00703	0.00522	0.00748	0.00432	0.00569	0.00363	0.00205	0.00227	0.00068	0.00273	0.00205	0.00114	0.00363
6	0.89374	0.03105	0.00368	0.00308	0.00452	0.00530	0.00256	0.02101	0.00404	0.01022	0.00323	0.00376	0.00252	0.00214	0.00144	0.00070	0.00181	0.00126	0.00142	0.00252
7	0.00283	0.00246	0.00267	0.07050	0.00405	0.00217	0.00209	0.00349	0.00518	0.00618	0.02182	0.02090	0.83668	0.00555	0.00268	0.00077	0.00130	0.00463	0.00205	0.00198
8	0.00500	0.00499	0.00699	0.00600	0.00600	0.00698	0.00500	0.00551	0.00352	0.00552	0.00305	0.00507	0.00304	0.00417	0.01797	0.00104	0.90462	0.00201	0.00101	0.00251
9	0.00271	0.00233	0.00233	0.00233	0.00310	0.00194	0.00174	0.00329	0.00523	0.00620	0.02325	0.02209	0.90408	0.00581	0.00271	0.00078	0.00116	0.00484	0.00213	0.00194
10	0.00463	0.00397	0.00417	0.00387	0.00494	0.00434	0.00297	0.00896	0.57616	0.00835	0.01381	0.06186	0.28416	0.00417	0.00248	0.00079	0.00159	0.00350	0.00226	0.00301
11	0.00848	0.04566	0.00672	0.00584	0.00705	0.87573	0.00442	0.00908	0.00643	0.00561	0.00353	0.00412	0.00296	0.00235	0.00205	0.00059	0.00408	0.00147	0.00118	0.00267
12	0.00279	0.00201	0.00265	0.00317	0.00332	0.00187	0.00212	0.00320	0.00442	0.00587	0.01294	0.89323	0.03959	0.00715	0.00292	0.00093	0.00133	0.00648	0.00213	0.00187
13	0.00537	0.00463	0.00487	0.00442	0.00565	0.00528	0.00343	0.01119	0.79977	0.00921	0.01072	0.02657	0.09189	0.00344	0.00238	0.00078	0.00175	0.00288	0.00231	0.00344
14	0.00456	0.00432	0.00730	0.72098	0.17639	0.00510	0.01676	0.00604	0.00473	0.00619	0.00454	0.00638	0.02246	0.00232	0.00230	0.00075	0.00297	0.00211	0.00107	0.00274
15	0.00571	0.00493	0.00519	0.00467	0.00597	0.00571	0.00363	0.01220	0.90086	0.00960	0.00934	0.00856	0.00701	0.00311	0.00234	0.00078	0.00182	0.00260	0.00234	0.00363
16	0.01030	0.00391	0.00533	0.00408	0.00586	0.00337	0.00337	0.01119	0.00657	0.90660	0.00906	0.00781	0.00568	0.00284	0.00231	0.00071	0.00195	0.00231	0.00284	0.00391
17	0.00435	0.00404	0.00673	0.85637	0.01508	0.00505	0.00617	0.00584	0.00457	0.00595	0.00417	0.00617	0.00315	0.00236	0.00242	0.00076	0.02945	0.00204	0.03278	0.00253
18	0.00334	0.00223	0.00250	0.00250	0.00250	0.00223	0.00139	0.00334	0.00334	0.00445	0.00723	0.01502	0.00835	0.91933	0.01168	0.00223	0.00223	0.00334	0.00139	0.00139
19	0.00280	0.00200	0.00266	0.00320	0.00333	0.00186	0.00213	0.00320	0.00439	0.00586	0.01265	0.91783	0.01518	0.00719	0.00293	0.00093	0.00133	0.00653	0.00213	0.00186
20	0.00878	0.00634	0.00683	0.00524	0.00707	0.00698	0.00433	0.86452	0.01064	0.04752	0.00564	0.00560	0.00397	0.00276	0.00230	0.00069	0.00250	0.00208	0.00232	0.00390
21	0.00465	0.01155	0.86051	0.00683	0.03595	0.00535	0.02918	0.00726	0.00487	0.00728	0.00414	0.00490	0.00294	0.00217	0.00220	0.00073	0.00338	0.00173	0.00098	0.00339
22	0.01025	0.00392	0.00533	0.00409	0.00586	0.00340	0.00338	0.01120	0.01689	0.89624	0.00906	0.00782	0.00570	0.00284	0.00231	0.00071	0.00195	0.00231	0.00284	0.00390
23	0.00428	0.00214	0.00214	0.00214	0.00267	0.00214	0.00160	0.00535	0.00481	0.00856	0.00749	0.00856	0.00588	0.00267	0.00160	0.00053	0.00107	0.00214	0.93207	0.00214
24	0.00632	0.81716	0.01142	0.00416	0.00600	0.08692	0.00400	0.00704	0.00479	0.00542	0.00322	0.00376	0.00295	0.00205	0.00169	0.00051	0.02742	0.00127	0.00100	0.00291
25	0.00280	0.00200	0.00266	0.00320	0.00333	0.00186	0.00213	0.00320	0.00439	0.00586	0.01265	0.91783	0.01518	0.00719	0.00293	0.00093	0.00133	0.00653	0.00213	0.00186
26	0.00342	0.00237	0.00311	0.00294	0.00349	0.00218	0.00220	0.00446	0.00638	0.03460	0.82895	0.06675	0.02084	0.00478	0.00271	0.00073	0.00112	0.00423	0.00251	0.00220
27	0.00334	0.00223	0.00250	0.00250	0.00250	0.00223	0.00139	0.00334	0.00334	0.00445	0.00723	0.01502	0.00835	0.91933	0.01168	0.00223	0.00223	0.00334	0.00139	0.00139
28	0.01942	0.82632	0.03239	0.00405	0.00592	0.00869	0.00403	0.00675	0.00459	0.00552	0.00329	0.00391	0.00302	0.00246	0.02643	0.00061	0.03740	0.00130	0.00100	0.00291
29	0.01021	0.00393	0.00532	0.00410	0.00586	0.00342	0.00338	0.01121	0.02382	0.88930	0.00906	0.00783	0.00571	0.00285	0.00231	0.00071	0.00195	0.00231	0.00283	0.00390
30	0.01026	0.00396	0.00536	0.00411	0.00589	0.00346	0.00340	0.03111	0.00667	0.88654	0.00898	0.00776	0.00564	0.00284	0.00231	0.00071	0.00197	0.00230	0.00283	0.00391
31	0.00844	0.00628	0.00685	0.04054	0.01365	0.00697	0.00443	0.83454	0.02728	0.01394	0.00563	0.00569	0.00933	0.00276	0.00230	0.00069	0.00253	0.00209	0.00224	0.00383
32	0.00498	0.00457	0.00728	0.59406	0.19649	0.01529	0.01438	0.07201	0.01392	0.00693	0.00465	0.00688	0.00374	0.00247	0.00233	0.00075	0.00292	0.04227	0.00120	0.00287
33	0.72123	0.00439	0.00416	0.18590	0.01296	0.00515	0.00332	0.00670	0.02436	0.00937	0.00352	0.00433	0.00271	0.00219	0.00162	0.00072	0.00204	0.00144	0.00136	0.00253
34	0.00578	0.00567	0.00914	0.03160	0.84729	0.04580	0.00692	0.00712	0.00527	0.00738	0.00428	0.00562	0.00359	0.00206	0.00226	0.00068	0.00280	0.00202	0.00114	0.00357
35	0.00526	0.00655	0.09681	0.06252	0.03681	0.00568	0.72907	0.00722	0.00530	0.00725	0.00462	0.01343	0.00350	0.00202	0.00262	0.00077	0.00373	0.00259	0.00114	0.00310
36	0.00332	0.00222	0.00251	0.00253	0.00253	0.00221	0.00142	0.00333	0.00338	0.00450	0.00743	0.04802	0.00860	0.88599	0.01136	0.00218	0.00219	0.00345	0.00142	0.00141
37	0.00280	0.00200	0.00266	0.00320	0.00333	0.00186	0.00213	0.00320	0.00439	0.00586	0.01265	0.91783	0.01518	0.00719	0.00293	0.00093	0.00133	0.00653	0.00213	0.00186
38	0.00271	0.00233	0.00233	0.00233	0.00310	0.00194	0.00174	0.00329	0.00523	0.00620	0.02325	0.02209	0.90408	0.00581	0.00271	0.00078	0.00116	0.00484	0.00213	0.00194
39	0.00325	0.00235	0.00307	0.00289	0.00343	0.00217	0.00217	0.00433	0.00650	0.00921	0.90380	0.01715	0.02166	0.00469	0.00271	0.00072	0.00108	0.00415	0.00253	0.00217
40	0.90000	0.00435	0.00333	0.00299	0.00437	0.00503	0.00245	0.00669	0.00394	0.01023	0.00336	0.00391	0.00262	0.00215	0.00143	0.00070	0.00175	0.00128	0.03694	0.00247
41	0.00571	0.00493	0.00519	0.00467	0.00597	0.00571	0.00363	0.01220	0.90086	0.00960	0.00934	0.00856	0.00701	0.00311	0.00234	0.00078	0.00182	0.00260	0.00234	0.00363
42	0.00568	0.00546	0.00938	0.01403	0.89215	0.00546	0.01985	0.00705	0.00523	0.00750	0.00432	0.00569	0.00363	0.00204	0.00228	0.00068	0.00274	0.00205	0.00114	0.00363
43	0.00759	0.00900	0.00699	0.00761	0.20939	0.60031	0.00493	0.00904	0.11090	0.00651	0.00440	0.00501	0.00358	0.00238	0.00215	0.00063	0.00355	0.00174	0.00131	0.00299
44	0.04966	0.00551	0.03335	0.04755	0.78684	0.00540	0.01643	0.00696	0.00513	0.00755	0.00441	0.00573	0.01105	0.00209	0.00224	0.00069	0.00271	0.00203	0.00115	0.00351
45	0.00986	0.00394	0.00527	0.00410	0.00582	0.00350	0.00337	0.01112	0.06502	0.83007	0.02693	0.00805	0.00609	0.00290	0.00232	0.00071	0.00193	0.00236	0.00280	0.00385
46	0.01030	0.00391	0.00533	0.00408	0.00586	0.00337	0.00337	0.01119	0.00657	0.90660	0.00906	0.00781	0.00568	0.00284	0.00231	0.00071	0.00195	0.00231	0.00284	0.00391
47	0.00639	0.80388	0.01120	0.00406	0.00591	0.07839	0.00390	0.00710	0.00483	0.03181	0.00348	0.00408	0.00314	0.02166	0.00176	0.00054	0.00257	0.00132	0.00106	0.00292
48	0.00703	0.00518	0.00571	0.00467	0.00605	0.00562	0.00372	0.63112	0.00886	0.01191	0.00717	0.21649	0.00661	0.01711	0.02725	0.00084	0.00232	0.00311	0.00219	0.02704
49	0.00325	0.00235	0.00307	0.00289	0.00343	0.00217	0.00217	0.00433	0.00650	0.00921	0.90380	0.01715	0.02166	0.00469	0.00271	0.00072	0.00108	0.00415	0.00253	0.00217
50	0.01446	0.00404	0.03123	0.00406	0.00572	0.00344	0.00342	0.02429	0.03794	0.70089	0.09095	0.01548	0.00726	0.00308	0.00235	0.00072	0.00191	0.02255	0.00267	0.02356
51	0.01126	0.00423	0.00734	0.84191	0.01545	0.00515	0.07055	0.00598	0.00464	0.00600	0.00411	0.00611	0.00309	0.00227	0.00232	0.00077	0.00311	0.00208	0.00103	0.00259
52	0.01001	0.00386	0.00525	0.00405	0.00577	0.00335	0.00333	0.01095	0.01344	0.86758	0.04110	0.00815	0.00626	0.00291	0.00232	0.00071	0.00192	0.00238	0.00283	0.00384
53	0.01028	0.00394	0.00535	0.00410	0.00588	0.00343	0.00339	0.02359	0.00663	0.89411	0.00901	0.00778	0.00566	0.00284	0.00231	0.00071	0.00196	0.00231	0.00283	0.00391
54	0.00280	0.00240	0.00245	0.01390	0.00332	0.00206	0.00185	0.00352	0.02437	0.00627	0.02261	0.03028	0.86491	0.00572	0.00270	0.00078	0.00120	0.00478	0.00212	0.00198
55	0.00484	0.00456	0.00768	0.58274	0.32084	0.00521	0.00655	0.01675	0.00489	0.00654	0.00428	0.00621	0.00340	0.00227	0.00230	0.00074	0.00293	0.01325	0.00109	0.00293
56	0.01014	0.00409	0.00543	0.00417	0.00595	0.00366	0.00344	0.07190	0.01727	0.83505	0.00882	0.00766	0.00558	0.00284	0.00231	0.00071	0.00199	0.00230	0.00280	0.00390
57	0.00436	0.00413	0.00704	0.89284	0.01572	0.00512	0.02702	0.00590	0.00461	0.00590	0.00409	0.00612	0.00307	0.00229	0.00230	0.00077	0.00308	0.00206	0.00102	0.00256
58	0.00443	0.00229	0.00231	0.00225	0.00283	0.00231	0.00170	0.03646	0.00501	0.00873	0.00742	0.00851	0.00584	0.01041	0.00171	0.00055	0.00113	0.00215	0.89177	0.00219
59	0.00502	0.00502	0.00703	0.00603	0.00603	0.00703	0.00502	0.00552	0.00352	0.00552	0.00301	0.00502	0.00301	0.00402	0.00753	0.00100	0.91513	0.00201	0.00100	0.00251
60	0.00328	0.00246	0.00369	0.00369	0.00410	0.00287	0.00287	0.00410	0.00369	0.00533	0.00615	0.00902	0.00574	0.01722	0.91023	0.00369	0.00615	0.00246	0.00123	0.00205
61	0.00323	0.00235	0.00305	0.00287	0.00342	0.00216	0.00215	0.00430	0.00646	0.00912	0.87825	0.01729	0.04726	0.00473	0.00271	0.00072	0.00109	0.00417	0.00252	0.00216
62	0.00857	0.01094	0.00651	0.00591	0.00710	0.91011	0.00444	0.00917	0.00651	0.00562	0.00355	0.00414	0.00296	0.00237	0.00207	0.00059	0.00414	0.00148	0.00118	0.00266
63	0.00576	0.00561	0.00925	0.01376	0.86615	0.03072	0.01479	0.00714	0.01116	0.00746	0.00433	0.00566	0.00364	0.00206	0.00227	0.00068	0.00277	0.00204	0.00115	0.00360
64	0.00566	0.00543	0.00928	0.02710	0.89215	0.00545	0.00704	0.00703	0.00522	0.00748	0.00431	0.00569	0.00363	0.00205	0.00227	0.00068	0.00273	0.00205	0.00113	0.00362
65	0.00399	0.00199	0.00299	0.00299	0.00299	0.00199	0.00199	0.00299	0.00299	0.00399	0.00399	0.00698	0.00399	0.00797	0.00897	0.93321	0.00199	0.00199	0.00100	0.00100
66	0.00299	0.00220	0.00294	0.03797	0.00392	0.00208	0.00233	0.01086	0.00448	0.00600	0.01198	0.83163	0.02018	0.00673	0.00285	0.00090	0.00142	0.00609	0.00206	0.04037
67	0.92091	0.00440	0.00335	0.00300	0.00441	0.00510	0.00247	0.00673	0.00392	0.01027	0.00326	0.00380	0.00254	0.00214	0.00142	0.00071	0.00176	0.00126	0.01604	0.00248
68	0.93554	0.00444	0.00337	0.00302	0.00444	0.00515	0.00249	0.00675	0.00391	0.01030	0.00320	0.00373	0.00249	0.00213	0.00142	0.00071	0.00178	0.00124	0.00142	0.00249
69	0.00344	0.00255	0.00334	0.00375	0.00432	0.00245	0.00319	0.00436	0.00524	0.00668	0.01475	0.05588	0.21992	0.00625	0.00306	0.00099	0.00187	0.65378	0.00212	0.00206
70	0.00290	0.00207	0.00273	0.00323	0.00339	0.00195	0.00217	0.01825	0.00450	0.00600	0.01253	0.90247	0.01499	0.00712	0.00292	0.00093	0.00135	0.00645	0.00213	0.00190
71	0.00571	0.00493	0.00519	0.00467	0.00597	0.00571	0.00363	0.01220	0.90086	0.00960	0.00934	0.00856	0.00701	0.00311	0.00234	0.00078	0.00182	0.00260	0.00234	0.00363
72	0.00857	0.01094	0.00651	0.00591	0.00710	0.91011	0.00444	0.00917	0.00651	0.00562	0.00355	0.00414	0.00296	0.00237	0.00207	0.00059	0.00414	0.00148	0.00118	0.00266
73	0.00399	0.00199	0.00299	0.00299	0.00299	0.00199	0.00199	0.00299	0.00299	0.00399	0.00399	0.00698	0.00399	0.00797	0.00897	0.93321	0.00199	0.00199	0.00100	0.00100
74	0.00750	0.00545	0.00610	0.00484	0.00640	0.00597	0.00396	0.65215	0.00897	0.03874	0.00569	0.00626	0.00431	0.00565	0.18658	0.00128	0.00321	0.00212	0.00206	0.04275
75	0.00575	0.00501	0.00521	0.00469	0.00598	0.01753	0.00364	0.01216	0.88918	0.00955	0.00927	0.00851	0.00695	0.00310	0.00233	0.00078	0.00185	0.00258	0.00232	0.00362
76	0.00565	0.00488	0.00514	0.00463	0.00591	0.00564	0.00360	0.01203	0.88395	0.00954	0.00961	0.00882	0.02395	0.00317	0.00234	0.00078	0.00180	0.00264	0.00233	0.00360
77	0.00475	0.01141	0.84235	0.00676	0.02642	0.00532	0.04227	0.00733	0.00490	0.02167	0.00422	0.00496	0.00299	0.00218	0.00220	0.00073	0.00338	0.00175	0.00101	0.00339
78	0.00561	0.00483	0.00529	0.00506	0.04496	0.00553	0.00379	0.01817	0.80249	0.00939	0.00926	0.00944	0.00720	0.00326	0.00238	0.00079	0.00188	0.05484	0.00227	0.00355
79	0.00425	0.00397	0.00650	0.82050	0.01459	0.00488	0.00595	0.00584	0.02901	0.00599	0.00567	0.00739	0.07097	0.00258	0.00233	0.00077	0.00288	0.00227	0.00114	0.00253
80	0.00280	0.00200	0.00266	0.00320	0.00333	0.00186	0.00213	0.00320	0.00439	0.00586	0.01265	0.91783	0.01518	0.00719	0.00293	0.00093	0.00133	0.00653	0.00213	0.00186
81	0.00501	0.00517	0.00865	0.07738	0.00832	0.00638	0.24610	0.00598	0.00413	0.00604	0.00373	0.01594	0.00335	0.00369	0.02876	0.00099	0.56440	0.00226	0.00107	0.00265
82	0.00566	0.00560	0.02858	0.01389	0.87860	0.00545	0.01430	0.00705	0.00522	0.00749	0.00432	0.00567	0.00362	0.00205	0.00227	0.00068	0.00275	0.00204	0.00113	0.00363
83	0.00329	0.00221	0.00252	0.00257	0.00258	0.00219	0.00146	0.00333	0.00343	0.00458	0.00772	0.09538	0.00895	0.83814	0.01090	0.00211	0.00215	0.00362	0.00146	0.00143
84	0.00438	0.00413	0.00697	0.88246	0.04679	0.00511	0.00640	0.00591	0.00461	0.00592	0.00409	0.00610	0.00308	0.00229	0.00229	0.00076	0.00305	0.00204	0.00102	0.00259
85	0.00618	0.87850	0.02826	0.00403	0.00600	0.03434	0.00403	0.00695	0.00472	0.00544	0.00322	0.00372	0.00295	0.00198	0.00150	0.00050	0.00252	0.00124	0.00099	0.00295
86	0.00281	0.00200	0.00266	0.00318	0.00331	0.00187	0.00211	0.00320	0.00437	0.00582	0.01250	0.89258	0.01499	0.03270	0.00317	0.00097	0.00136	0.00644	0.00211	0.00185
87	0.00451	0.00415	0.00680	0.83304	0.02801	0.00512	0.00618	0.00634	0.06003	0.01750	0.00447	0.00629	0.00335	0.00235	0.00230	0.00076	0.00296	0.00208	0.00113	0.00265
88	0.00484	0.00399	0.00450	0.00436	0.00537	0.00443	0.00353	0.00911	0.54186	0.00846	0.01123	0.01525	0.07044	0.00437	0.00264	0.00087	0.00187	0.29761	0.00225	0.00301
89	0.00489	0.02495	0.76194	0.00672	0.05725	0.00522	0.01778	0.00730	0.00490	0.04622	0.00441	0.00518	0.00318	0.00277	0.03684	0.00083	0.00339	0.00177	0.00107	0.00337
90	0.00540	0.00633	0.03581	0.00965	0.02243	0.00579	0.86406	0.00735	0.00540	0.00735	0.00463	0.00615	0.00347	0.00194	0.00269	0.00077	0.00384	0.00268	0.00116	0.00311
91	0.00566	0.00545	0.00914	0.04847	0.84922	0.01467	0.00695	0.00709	0.01761	0.00745	0.00437	0.00572	0.00365	0.00207	0.00227	0.00069	0.00274	0.00205	0.00115	0.00358
92	0.01375	0.00459	0.00507	0.00482	0.03447	0.00519	0.00367	0.01091	0.71595	0.03764	0.01522	0.01057	0.03257	0.00347	0.00242	0.00080	0.00186	0.09131	0.00228	0.00342
93	0.85155	0.00490	0.05810	0.01629	0.01908	0.00516	0.00297	0.00677	0.00399	0.01001	0.00328	0.00386	0.00254	0.00213	0.00149	0.00071	0.00191	0.00129	0.00138	0.00256
94	0.16891	0.00429	0.00651	0.62459	0.12748	0.00511	0.00571	0.00613	0.00456	0.00686	0.00423	0.00587	0.01606	0.00228	0.00214	0.00074	0.00276	0.00194	0.00112	0.00267
95	0.00284	0.00203	0.00264	0.00311	0.00325	0.00190	0.00205	0.00321	0.00433	0.00575	0.01252	0.80784	0.04398	0.08834	0.00370	0.00104	0.00141	0.00619	0.00206	0.00182
96	0.00774	0.04241	0.00676	0.05243	0.05298	0.65930	0.00458	0.03990	0.04862	0.00621	0.00400	0.00472	0.00330	0.00283	0.02645	0.00071	0.03138	0.00164	0.00125	0.00278
97	0.00449	0.00406	0.00654	0.75788	0.01391	0.00506	0.00586	0.03101	0.00469	0.00624	0.00430	0.00629	0.00332	0.01322	0.00271	0.00078	0.06416	0.00206	0.06085	0.00255
98	0.00280	0.00200	0.00266	0.00320	0.00333	0.00186	0.00213	0.00320	0.00439	0.00586	0.01265	0.91783	0.01518	0.00719	0.00293	0.00093	0.00133	0.00653	0.00213	0.00186
99	0.00478	0.00411	0.00484	0.02986	0.00576	0.00321	0.00286	0.00600	0.03556	0.00751	0.00426	0.00493	0.00351	0.00177	0.00174	0.00037	0.00174	0.00142	0.00138	0.87439

[dist]
# distance from previous block
# <min> <max>
0	1

[block]
# block no. 2 follows, 132 sequences, length 96
# corresponding to MSA columns:
# 189-284
name=unknown_C
#
# <colnr> <probs for GDERKNQSTAVLIFYWHMCP>
#	G	D	E	R	K	N	Q	S	T	A	V	L	I	F	Y	W	H	M	C	P
0	0.00568	0.00545	0.00932	0.01409	0.90501	0.00545	0.00704	0.00704	0.00523	0.00750	0.00432	0.00568	0.00364	0.00205	0.00227	0.00068	0.00273	0.00205	0.00114	0.00364
1	0.17723	0.00415	0.00623	0.74470	0.01370	0.00511	0.00565	0.00603	0.00446	0.00669	0.00392	0.00568	0.00295	0.00226	0.00213	0.00075	0.00282	0.00189	0.00109	0.00254
2	0.00621	0.86951	0.02709	0.00405	0.00601	0.04437	0.00403	0.00697	0.00474	0.00544	0.00322	0.00372	0.00295	0.00198	0.00151	0.00050	0.00254	0.00125	0.00099	0.00294
3	0.01694	0.00395	0.00522	0.00406	0.00573	0.00355	0.00333	0.06238	0.02268	0.76137	0.07867	0.00839	0.00682	0.00298	0.00233	0.00071	0.00191	0.00243	0.00276	0.00375
4	0.01011	0.00397	0.00534	0.00411	0.00586	0.00349	0.00339	0.03404	0.01811	0.86064	0.02034	0.00788	0.00586	0.00287	0.00231	0.00071	0.00196	0.00233	0.00282	0.00388
5	0.00371	0.00298	0.00440	0.21620	0.02511	0.00314	0.01521	0.00484	0.00537	0.00706	0.19440	0.01840	0.11139	0.00486	0.00280	0.00088	0.00205	0.37304	0.00191	0.00225
6	0.00286	0.00204	0.00269	0.00318	0.00333	0.00192	0.00212	0.00935	0.00444	0.00593	0.02655	0.86984	0.01500	0.03488	0.00319	0.00097	0.00136	0.00636	0.00212	0.00187
7	0.00568	0.00545	0.00932	0.01409	0.90501	0.00545	0.00704	0.00704	0.00523	0.00750	0.00432	0.00568	0.00364	0.00205	0.00227	0.00068	0.00273	0.00205	0.00114	0.00364
8	0.00441	0.00416	0.00703	0.86198	0.06703	0.00512	0.00641	0.00593	0.00463	0.00596	0.00409	0.00609	0.00309	0.00228	0.00229	0.00076	0.00304	0.00204	0.00103	0.00261
9	0.00541	0.00631	0.03823	0.00985	0.06525	0.00577	0.81879	0.00733	0.00539	0.00736	0.00461	0.00612	0.00348	0.00195	0.00267	0.00077	0.00379	0.00264	0.00115	0.00314
10	0.00280	0.00200	0.00266	0.00318	0.00333	0.00187	0.00213	0.00320	0.00441	0.00586	0.01279	0.90599	0.02693	0.00717	0.00293	0.00093	0.00133	0.00650	0.00213	0.00187
11	0.00830	0.00606	0.00654	0.00507	0.00677	0.00668	0.00415	0.80908	0.01738	0.02534	0.02378	0.00627	0.00453	0.04415	0.01442	0.00080	0.00252	0.00218	0.00225	0.00373
12	0.00487	0.02865	0.00707	0.20523	0.00814	0.00659	0.00525	0.00561	0.00378	0.00559	0.00331	0.00530	0.00307	0.00382	0.02226	0.00099	0.67494	0.00200	0.00101	0.00252
13	0.00280	0.00200	0.00266	0.00320	0.00333	0.00186	0.00213	0.00320	0.00439	0.00586	0.01265	0.91783	0.01518	0.00719	0.00293	0.00093	0.00133	0.00653	0.00213	0.00186
14	0.00535	0.00669	0.09685	0.00947	0.03505	0.00576	0.78359	0.00732	0.00534	0.00733	0.00457	0.00604	0.00343	0.00198	0.00269	0.00077	0.01089	0.00259	0.00114	0.00313
15	0.00562	0.00491	0.00564	0.05463	0.08710	0.00563	0.00409	0.01133	0.76507	0.00919	0.00863	0.00831	0.00654	0.00300	0.00233	0.00077	0.00197	0.00951	0.00216	0.00356
16	0.00331	0.00248	0.00369	0.00368	0.00409	0.00289	0.00287	0.00413	0.00371	0.00538	0.00614	0.00897	0.00572	0.01686	0.88732	0.00361	0.01423	0.00245	0.01639	0.00206
17	0.00282	0.00201	0.00266	0.00316	0.00329	0.00188	0.00210	0.00320	0.00434	0.00579	0.01239	0.87502	0.01486	0.05045	0.00334	0.00099	0.00137	0.00637	0.00210	0.00184
18	0.86630	0.00448	0.00362	0.03464	0.00493	0.00518	0.00268	0.03219	0.00416	0.02047	0.00336	0.00391	0.00258	0.00216	0.00149	0.00071	0.00184	0.00131	0.00145	0.00254
19	0.93554	0.00444	0.00337	0.00302	0.00444	0.00515	0.00249	0.00675	0.00391	0.01030	0.00320	0.00373	0.00249	0.00213	0.00142	0.00071	0.00178	0.00124	0.00142	0.00249
20	0.00276	0.00234	0.00239	0.00240	0.00316	0.00197	0.00182	0.00337	0.00526	0.00628	0.04062	0.02212	0.85544	0.00581	0.00273	0.00078	0.00119	0.03547	0.00214	0.00195
21	0.00570	0.00568	0.00982	0.01977	0.75432	0.02700	0.12946	0.00713	0.00528	0.00742	0.00434	0.00572	0.00359	0.00204	0.00233	0.00069	0.00292	0.00212	0.00114	0.00353
22	0.00328	0.00246	0.00369	0.00369	0.00410	0.00287	0.00287	0.00410	0.00369	0.00533	0.00615	0.00902	0.00574	0.01722	0.91023	0.00369	0.00615	0.00246	0.00123	0.00205
23	0.00367	0.00263	0.00366	0.00419	0.00471	0.00262	0.00365	0.00471	0.00527	0.00684	0.01230	0.04147	0.02464	0.00635	0.00316	0.00105	0.00209	0.86277	0.00211	0.00211
24	0.00565	0.00488	0.00526	0.01412	0.02572	0.00563	0.00374	0.01185	0.85137	0.00945	0.00924	0.00888	0.00704	0.00316	0.00235	0.00078	0.00186	0.02314	0.00229	0.00359
25	0.77715	0.00461	0.03093	0.13078	0.00620	0.00515	0.00321	0.00664	0.00403	0.00959	0.00335	0.00410	0.00258	0.00216	0.00157	0.00072	0.00200	0.00137	0.00135	0.00252
26	0.00293	0.00205	0.00273	0.00318	0.00337	0.00191	0.00215	0.00338	0.00458	0.01763	0.07796	0.84014	0.01554	0.00695	0.00291	0.00091	0.00132	0.00630	0.00217	0.00191
27	0.00476	0.00408	0.00476	0.00340	0.00544	0.00306	0.00272	0.00578	0.00476	0.00748	0.00408	0.00476	0.00340	0.00170	0.00170	0.00034	0.00170	0.00136	0.00136	0.93336
28	0.00618	0.90589	0.01194	0.00396	0.00591	0.02376	0.00394	0.00691	0.00469	0.00540	0.00320	0.00369	0.00295	0.00197	0.00148	0.00049	0.00248	0.00123	0.00099	0.00294
29	0.00272	0.00232	0.00234	0.00234	0.00311	0.00194	0.00175	0.00331	0.00524	0.00623	0.03344	0.02929	0.88658	0.00581	0.00271	0.00078	0.00116	0.00485	0.00214	0.00194
30	0.00324	0.00234	0.00305	0.00288	0.00342	0.00216	0.00216	0.00431	0.00646	0.00913	0.88351	0.02595	0.03326	0.00473	0.00271	0.00072	0.00109	0.00418	0.00252	0.00216
31	0.00271	0.00233	0.00233	0.00233	0.00310	0.00194	0.00174	0.00329	0.00523	0.00620	0.02325	0.02209	0.90408	0.00581	0.00271	0.00078	0.00116	0.00484	0.00213	0.00194
32	0.00280	0.00236	0.00241	0.00240	0.00316	0.00200	0.00180	0.01366	0.00531	0.00637	0.04592	0.04640	0.84601	0.00579	0.00271	0.00078	0.00118	0.00484	0.00214	0.00196
33	0.01026	0.00233	0.00291	0.00282	0.00337	0.00213	0.00210	0.00409	0.00610	0.00845	0.67897	0.09006	0.16781	0.00506	0.00272	0.00075	0.00112	0.00443	0.00242	0.00211
34	0.00611	0.83150	0.04704	0.00415	0.00609	0.03294	0.00416	0.00691	0.00468	0.00548	0.00323	0.00378	0.00295	0.00205	0.00171	0.00052	0.03150	0.00128	0.00099	0.00294
35	0.00542	0.00619	0.01354	0.00967	0.01200	0.00580	0.89667	0.00735	0.00542	0.00735	0.00464	0.00619	0.00348	0.00193	0.00271	0.00077	0.00387	0.00271	0.00116	0.00310
36	0.00535	0.00602	0.01275	0.03804	0.01158	0.00589	0.78874	0.00714	0.00522	0.00714	0.00448	0.00609	0.00343	0.00213	0.00313	0.00079	0.08527	0.00263	0.00114	0.00303
37	0.00480	0.07463	0.77049	0.00699	0.08399	0.00560	0.00804	0.00722	0.00487	0.00716	0.00407	0.00483	0.00297	0.00215	0.00214	0.00071	0.00327	0.00169	0.00098	0.00338
38	0.03691	0.04107	0.83161	0.00639	0.00965	0.00545	0.02343	0.00724	0.00482	0.00732	0.00407	0.00479	0.00290	0.00217	0.00214	0.00072	0.00331	0.00168	0.00099	0.00334
39	0.00337	0.00252	0.00368	0.00365	0.00407	0.00292	0.00283	0.01484	0.00380	0.00546	0.00650	0.00940	0.02388	0.04776	0.83060	0.00348	0.01640	0.00252	0.01027	0.00205
40	0.00554	0.00480	0.00538	0.04063	0.05124	0.00550	0.00391	0.01128	0.77144	0.00920	0.00904	0.00928	0.00703	0.00321	0.00238	0.00079	0.00193	0.05170	0.00221	0.00351
41	0.01030	0.00391	0.00533	0.00408	0.00586	0.00337	0.00337	0.01119	0.00657	0.90660	0.00906	0.00781	0.00568	0.00284	0.00231	0.00071	0.00195	0.00231	0.00284	0.00391
42	0.00281	0.00200	0.00266	0.00318	0.00331	0.00187	0.00212	0.00320	0.00438	0.00583	0.01256	0.90179	0.01506	0.02340	0.00309	0.00096	0.00135	0.00647	0.00212	0.00186
43	0.00439	0.00426	0.01463	0.83617	0.01536	0.00511	0.06430	0.00594	0.00464	0.00597	0.00422	0.01748	0.00324	0.00233	0.00233	0.00077	0.00309	0.00214	0.00104	0.00258
44	0.00460	0.01187	0.90743	0.00654	0.00994	0.00533	0.00848	0.00727	0.00485	0.00727	0.00412	0.00485	0.00291	0.00218	0.00218	0.00073	0.00339	0.00170	0.00097	0.00339
45	0.00428	0.00214	0.00214	0.00214	0.00267	0.00214	0.00160	0.00535	0.00481	0.00856	0.00749	0.00856	0.00588	0.00267	0.00160	0.00053	0.00107	0.00214	0.93207	0.00214
46	0.00281	0.00235	0.00244	0.00248	0.00322	0.00200	0.00187	0.01004	0.00523	0.00628	0.02209	0.06800	0.81226	0.00588	0.00274	0.00080	0.00122	0.04421	0.00213	0.00196
47	0.00559	0.00467	0.00495	0.00445	0.00572	0.00531	0.00346	0.01140	0.79669	0.03608	0.01054	0.00971	0.08457	0.00334	0.00237	0.00078	0.00176	0.00278	0.00233	0.00349
48	0.00287	0.00205	0.00271	0.00321	0.00336	0.00193	0.00215	0.01289	0.00445	0.00593	0.01250	0.89631	0.01497	0.01889	0.00304	0.00095	0.00136	0.00644	0.00212	0.00188
49	0.91124	0.00453	0.01507	0.01510	0.00466	0.00515	0.00261	0.00674	0.00393	0.01020	0.00322	0.00377	0.00250	0.00213	0.00144	0.00071	0.00181	0.00126	0.00141	0.00250
50	0.00271	0.00232	0.00233	0.00234	0.00310	0.00194	0.00175	0.00329	0.00522	0.00620	0.02307	0.03737	0.88892	0.00584	0.00272	0.00078	0.00117	0.00487	0.00213	0.00194
51	0.00476	0.00408	0.00476	0.00340	0.00544	0.00306	0.00272	0.00578	0.00476	0.00748	0.00408	0.00476	0.00340	0.00170	0.00170	0.00034	0.00170	0.00136	0.00136	0.93336
52	0.00571	0.00493	0.00519	0.00467	0.00597	0.00571	0.00363	0.01220	0.90086	0.00960	0.00934	0.00856	0.00701	0.00311	0.00234	0.00078	0.00182	0.00260	0.00234	0.00363
53	0.00272	0.00233	0.00234	0.00234	0.00311	0.00194	0.00175	0.00332	0.00526	0.00627	0.04296	0.02198	0.88433	0.00579	0.00271	0.00077	0.00116	0.00483	0.00214	0.00194
54	0.03685	0.00253	0.00252	0.00240	0.00305	0.00260	0.00183	0.06952	0.00521	0.00904	0.00720	0.00817	0.00562	0.00266	0.00165	0.00055	0.00120	0.00210	0.83301	0.00228
55	0.00280	0.00200	0.00266	0.00320	0.00333	0.00186	0.00213	0.00320	0.00439	0.00586	0.01265	0.91783	0.01518	0.00719	0.00293	0.00093	0.00133	0.00653	0.00213	0.00186
56	0.00275	0.00233	0.00238	0.00237	0.00313	0.00195	0.00178	0.00337	0.00533	0.00643	0.08900	0.02172	0.83819	0.00573	0.00271	0.00077	0.00116	0.00479	0.00216	0.00195
57	0.00614	0.92071	0.01203	0.00393	0.00589	0.00908	0.00393	0.00687	0.00466	0.00540	0.00319	0.00368	0.00295	0.00196	0.00147	0.00049	0.00245	0.00123	0.00098	0.00295
58	0.00571	0.00493	0.00519	0.00467	0.00597	0.00571	0.00363	0.01220	0.90086	0.00960	0.00934	0.00856	0.00701	0.00311	0.00234	0.00078	0.00182	0.00260	0.00234	0.00363
59	0.00839	0.07808	0.00691	0.00577	0.00701	0.84362	0.00440	0.00900	0.00637	0.00560	0.00352	0.00411	0.00296	0.00234	0.00203	0.00058	0.00402	0.00146	0.00117	0.00268
60	0.00463	0.00248	0.00251	0.00239	0.00302	0.00253	0.00182	0.07550	0.00528	0.00902	0.00733	0.00832	0.00573	0.00268	0.00166	0.00055	0.00118	0.00213	0.85895	0.00228
61	0.00616	0.87002	0.03274	0.00405	0.00602	0.03182	0.00405	0.00693	0.00471	0.00545	0.00322	0.00373	0.00295	0.00199	0.00155	0.00050	0.00893	0.00125	0.00099	0.00295
62	0.00476	0.00408	0.00476	0.00340	0.00544	0.00306	0.00272	0.00578	0.00476	0.00748	0.00408	0.00476	0.00340	0.00170	0.00170	0.00034	0.00170	0.00136	0.00136	0.93336
63	0.00616	0.91189	0.01198	0.00395	0.00590	0.01782	0.00393	0.00690	0.00468	0.00540	0.00319	0.00369	0.00295	0.00197	0.00148	0.00049	0.00247	0.00123	0.00098	0.00294
64	0.00280	0.00200	0.00266	0.00318	0.00332	0.00187	0.00212	0.00320	0.00439	0.00585	0.01271	0.90143	0.02372	0.01499	0.00300	0.00094	0.00134	0.00648	0.00212	0.00186
65	0.00979	0.00389	0.00523	0.00405	0.00575	0.00342	0.00333	0.02572	0.02598	0.82304	0.05802	0.00830	0.00656	0.00295	0.00233	0.00071	0.00191	0.00241	0.00280	0.00381
66	0.00614	0.92071	0.01203	0.00393	0.00589	0.00908	0.00393	0.00687	0.00466	0.00540	0.00319	0.00368	0.00295	0.00196	0.00147	0.00049	0.00245	0.00123	0.00098	0.00295
67	0.00272	0.00229	0.00236	0.00243	0.00313	0.00193	0.00179	0.00328	0.00514	0.00616	0.02203	0.12522	0.80174	0.00597	0.00274	0.00079	0.00118	0.00504	0.00213	0.00193
68	0.00831	0.00612	0.00661	0.00508	0.00689	0.00665	0.00418	0.80039	0.01015	0.02415	0.00564	0.02909	0.00418	0.00280	0.00227	0.00067	0.00243	0.00213	0.00223	0.07005
69	0.00271	0.00233	0.00233	0.00233	0.00310	0.00194	0.00174	0.00329	0.00523	0.00620	0.02325	0.02209	0.90408	0.00581	0.00271	0.00078	0.00116	0.00484	0.00213	0.00194
70	0.00476	0.00408	0.00476	0.00340	0.00544	0.00306	0.00272	0.00578	0.00476	0.00748	0.00408	0.00476	0.00340	0.00170	0.00170	0.00034	0.00170	0.00136	0.00136	0.93336
71	0.01003	0.00395	0.00531	0.00410	0.00585	0.00348	0.00338	0.01751	0.04057	0.85590	0.01923	0.00793	0.00590	0.00287	0.00231	0.00071	0.00194	0.00234	0.00281	0.00388
72	0.00857	0.01094	0.00651	0.00591	0.00710	0.91011	0.00444	0.00917	0.00651	0.00562	0.00355	0.00414	0.00296	0.00237	0.00207	0.00059	0.00414	0.00148	0.00118	0.00266
73	0.00614	0.92071	0.01203	0.00393	0.00589	0.00908	0.00393	0.00687	0.00466	0.00540	0.00319	0.00368	0.00295	0.00196	0.00147	0.00049	0.00245	0.00123	0.00098	0.00295
74	0.00614	0.92071	0.01203	0.00393	0.00589	0.00908	0.00393	0.00687	0.00466	0.00540	0.00319	0.00368	0.00295	0.00196	0.00147	0.00049	0.00245	0.00123	0.00098	0.00295
75	0.01011	0.00421	0.00552	0.00423	0.00601	0.00383	0.00349	0.11877	0.00708	0.79830	0.00863	0.00753	0.00547	0.00283	0.00231	0.00071	0.00202	0.00228	0.00277	0.00391
76	0.00294	0.00246	0.00252	0.00248	0.00326	0.00212	0.00186	0.03429	0.00543	0.00657	0.05017	0.05669	0.80984	0.00573	0.00271	0.00078	0.00121	0.00479	0.00215	0.00201
77	0.00995	0.00392	0.00537	0.03557	0.00619	0.00343	0.00346	0.01086	0.00645	0.85214	0.00875	0.00768	0.00553	0.00279	0.00229	0.00070	0.00199	0.00227	0.00274	0.02790
78	0.00873	0.00643	0.00689	0.00528	0.00712	0.00712	0.00436	0.89735	0.01079	0.01447	0.00551	0.00551	0.00390	0.00276	0.00230	0.00069	0.00253	0.00207	0.00230	0.00390
79	0.00275	0.00232	0.00236	0.00235	0.00310	0.00196	0.00175	0.00334	0.00524	0.00629	0.06081	0.02170	0.84285	0.02940	0.00294	0.00081	0.00119	0.00478	0.00213	0.00193
80	0.00437	0.00415	0.00710	0.88512	0.01569	0.00512	0.03463	0.00591	0.00462	0.00591	0.00410	0.00612	0.00307	0.00228	0.00231	0.00077	0.00309	0.00206	0.00102	0.00257
81	0.00288	0.00204	0.00265	0.00310	0.00322	0.00193	0.00203	0.00323	0.00423	0.00565	0.01179	0.77637	0.01408	0.13878	0.01551	0.00115	0.00152	0.00602	0.00201	0.00180
82	0.00271	0.00233	0.00233	0.00233	0.00310	0.00194	0.00174	0.00329	0.00523	0.00620	0.02325	0.02209	0.90408	0.00581	0.00271	0.00078	0.00116	0.00484	0.00213	0.00194
83	0.00281	0.00200	0.00266	0.00318	0.00331	0.00187	0.00211	0.00320	0.00437	0.00583	0.01253	0.89836	0.01503	0.02687	0.00312	0.00096	0.00135	0.00646	0.00211	0.00185
84	0.00852	0.01081	0.00648	0.00589	0.00707	0.89125	0.00442	0.00923	0.02516	0.00570	0.00367	0.00423	0.00304	0.00238	0.00208	0.00060	0.00409	0.00150	0.00121	0.00268
85	0.00568	0.00545	0.00932	0.01409	0.90501	0.00545	0.00704	0.00704	0.00523	0.00750	0.00432	0.00568	0.00364	0.00205	0.00227	0.00068	0.00273	0.00205	0.00114	0.00364
86	0.00280	0.00200	0.00266	0.00320	0.00333	0.00186	0.00213	0.00320	0.00439	0.00586	0.01265	0.91783	0.01518	0.00719	0.00293	0.00093	0.00133	0.00653	0.00213	0.00186
87	0.00323	0.00235	0.00304	0.00287	0.00342	0.00216	0.00215	0.00430	0.00646	0.00910	0.87417	0.01731	0.05135	0.00473	0.00271	0.00072	0.00109	0.00417	0.00251	0.00216
88	0.00333	0.00223	0.00253	0.00253	0.00255	0.00222	0.00143	0.00338	0.00349	0.00468	0.04864	0.02317	0.00902	0.86900	0.01119	0.00214	0.00216	0.00340	0.00145	0.00143
89	0.01022	0.00398	0.00537	0.00412	0.00589	0.00349	0.00340	0.03429	0.01434	0.87567	0.00897	0.00776	0.00565	0.00284	0.00231	0.00071	0.00197	0.00230	0.00282	0.00390
90	0.00271	0.00233	0.00233	0.00233	0.00310	0.00194	0.00174	0.00329	0.00523	0.00620	0.02325	0.02209	0.90408	0.00581	0.00271	0.00078	0.00116	0.00484	0.00213	0.00194
91	0.01014	0.00226	0.00230	0.00226	0.00282	0.00229	0.00170	0.02601	0.00489	0.00856	0.00735	0.00850	0.00581	0.00989	0.01859	0.01140	0.00122	0.00215	0.86972	0.00216
92	0.00460	0.01187	0.90743	0.00654	0.00994	0.00533	0.00848	0.00727	0.00485	0.00727	0.00412	0.00485	0.00291	0.00218	0.00218	0.00073	0.00339	0.00170	0.00097	0.00339
93	0.93554	0.00444	0.00337	0.00302	0.00444	0.00515	0.00249	0.00675	0.00391	0.01030	0.00320	0.00373	0.00249	0.00213	0.00142	0.00071	0.00178	0.00124	0.00142	0.00249
94	0.00437	0.00413	0.00689	0.86771	0.01531	0.00520	0.00631	0.00585	0.00454	0.00585	0.00403	0.00606	0.00306	0.00238	0.00256	0.00078	0.04938	0.00204	0.00102	0.00255
95	0.00859	0.00632	0.00678	0.00522	0.00701	0.00700	0.00430	0.87419	0.01060	0.01421	0.00555	0.00571	0.00400	0.01916	0.00987	0.00074	0.00255	0.00209	0.00227	0.00384

[dist]
# distance from previous block
# <min> <max>
3	23

# created by:
# /share/home/app/bin/augustus-3.3.1/scripts/msa2prfl.pl /dev/shm/tmp/pt-rosids/msas/rps2.aln --setname=rps2
