[name]
rps3

[dist]
# distance from previous block
# <min> <max>
0	0

[block]
# block no. 0 follows, 134 sequences, length 48
# corresponding to MSA columns:
# 0-47
name=unknown_A
#
# <colnr> <probs for GDERKNQSTAVLIFYWHMCP>
#	G	D	E	R	K	N	Q	S	T	A	V	L	I	F	Y	W	H	M	C	P
0	0.00365	0.00261	0.00365	0.00417	0.00469	0.00261	0.00365	0.00469	0.00522	0.00678	0.01200	0.02556	0.01304	0.00626	0.00313	0.00104	0.00209	0.89099	0.00209	0.00209
1	0.90805	0.00437	0.00339	0.00301	0.00442	0.00503	0.00248	0.00679	0.00394	0.03762	0.00333	0.00380	0.00255	0.00212	0.00143	0.00070	0.00176	0.00126	0.00144	0.00250
2	0.00535	0.00611	0.01337	0.00955	0.01184	0.00573	0.89801	0.00726	0.00535	0.00726	0.00458	0.00611	0.00344	0.00191	0.00267	0.00076	0.00382	0.00267	0.00115	0.00306
3	0.00559	0.00536	0.00916	0.02913	0.89120	0.00538	0.00694	0.00693	0.00515	0.00737	0.00426	0.00561	0.00358	0.00202	0.00224	0.00067	0.00270	0.00202	0.00112	0.00357
4	0.00276	0.00235	0.00238	0.00239	0.00316	0.00200	0.00181	0.00345	0.02085	0.00620	0.02239	0.02168	0.86370	0.00571	0.00268	0.00077	0.00119	0.03048	0.00211	0.00195
5	0.00846	0.01080	0.00642	0.00584	0.00700	0.91128	0.00438	0.00905	0.00642	0.00555	0.00350	0.00409	0.00292	0.00233	0.00204	0.00058	0.00409	0.00146	0.00117	0.00263
6	0.00470	0.00403	0.00470	0.00336	0.00537	0.00302	0.00268	0.00570	0.00470	0.00738	0.00403	0.00470	0.00336	0.00168	0.00168	0.00034	0.00168	0.00134	0.00134	0.93423
7	0.00276	0.00197	0.00263	0.00315	0.00329	0.00184	0.00210	0.00315	0.00434	0.00578	0.01249	0.91890	0.01499	0.00710	0.00289	0.00092	0.00131	0.00644	0.00210	0.00184
8	0.93638	0.00438	0.00333	0.00298	0.00438	0.00508	0.00245	0.00666	0.00386	0.01017	0.00315	0.00368	0.00245	0.00210	0.00140	0.00070	0.00175	0.00123	0.00140	0.00245
9	0.00328	0.00219	0.00248	0.00249	0.00250	0.00218	0.00140	0.00329	0.00333	0.00444	0.00732	0.04474	0.00846	0.89016	0.01125	0.00215	0.00217	0.00340	0.00140	0.00139
10	0.00428	0.00403	0.00680	0.91493	0.01560	0.00503	0.00629	0.00579	0.00453	0.00579	0.00403	0.00604	0.00302	0.00227	0.00227	0.00076	0.00302	0.00201	0.00101	0.00252
11	0.00277	0.00199	0.00263	0.00313	0.00328	0.00185	0.00209	0.00318	0.00440	0.00586	0.03131	0.87585	0.03925	0.00701	0.00288	0.00091	0.00130	0.00635	0.00211	0.00185
12	0.93638	0.00438	0.00333	0.00298	0.00438	0.00508	0.00245	0.00666	0.00386	0.01017	0.00315	0.00368	0.00245	0.00210	0.00140	0.00070	0.00175	0.00123	0.00140	0.00245
13	0.00608	0.00459	0.00499	0.00441	0.00572	0.00513	0.00345	0.01143	0.73382	0.12848	0.01987	0.00904	0.04642	0.00317	0.00232	0.00076	0.00177	0.00264	0.00236	0.00353
14	0.00576	0.00517	0.00515	0.00463	0.00590	0.05922	0.00359	0.02152	0.81625	0.00921	0.00919	0.00850	0.02957	0.00309	0.00230	0.00076	0.00192	0.00255	0.00223	0.00349
15	0.00535	0.00610	0.01330	0.00963	0.02769	0.00572	0.88223	0.00725	0.00534	0.00726	0.00458	0.00610	0.00344	0.00191	0.00267	0.00076	0.00380	0.00266	0.00115	0.00307
16	0.27129	0.11467	0.03189	0.03964	0.03783	0.06649	0.00400	0.38295	0.00709	0.01064	0.00440	0.00478	0.01043	0.00239	0.00191	0.00066	0.00242	0.00168	0.00167	0.00317
17	0.00487	0.00482	0.00675	0.00580	0.00585	0.00668	0.00482	0.00539	0.00350	0.00548	0.00314	0.00514	0.00311	0.00453	0.04944	0.00110	0.85858	0.00199	0.00101	0.01800
18	0.00496	0.01485	0.00678	0.01357	0.00595	0.03355	0.00481	0.00549	0.00359	0.00545	0.00319	0.00516	0.00313	0.00466	0.06146	0.00113	0.81681	0.00199	0.00101	0.00246
19	0.00865	0.00628	0.00676	0.00518	0.00700	0.00694	0.00428	0.87686	0.01055	0.03625	0.00553	0.00550	0.00390	0.00272	0.00227	0.00068	0.00248	0.00205	0.00228	0.00385
20	0.00295	0.00228	0.00284	0.03949	0.00379	0.00217	0.00221	0.00365	0.02905	0.00622	0.09371	0.49476	0.25837	0.03684	0.00310	0.00089	0.00832	0.00536	0.00207	0.00195
21	0.00394	0.00197	0.00295	0.00295	0.00295	0.00197	0.00197	0.00295	0.00295	0.00394	0.00394	0.00689	0.00394	0.00787	0.00885	0.93408	0.00197	0.00197	0.00098	0.00098
22	0.00329	0.00220	0.00247	0.00247	0.00247	0.00220	0.00137	0.00329	0.00329	0.00439	0.00714	0.01483	0.00824	0.92038	0.01153	0.00220	0.00220	0.00329	0.00137	0.00137
23	0.00932	0.00454	0.07418	0.00425	0.00607	0.00366	0.00373	0.04550	0.03563	0.74737	0.03571	0.00770	0.00585	0.00282	0.00228	0.00070	0.00203	0.00229	0.00262	0.00376
24	0.00531	0.00596	0.01269	0.01845	0.05175	0.00574	0.79513	0.00710	0.00522	0.00714	0.00455	0.01377	0.00351	0.00207	0.00290	0.00077	0.05112	0.00263	0.00114	0.00303
25	0.00502	0.00423	0.00490	0.02998	0.00578	0.01469	0.00291	0.04972	0.01538	0.02179	0.00423	0.00486	0.00344	0.00179	0.00175	0.00038	0.00179	0.00143	0.00141	0.82453
26	0.00544	0.00527	0.00909	0.03779	0.75195	0.00528	0.07756	0.00694	0.02951	0.00735	0.00512	0.00635	0.03764	0.00219	0.00230	0.00069	0.00271	0.00219	0.00119	0.00345
27	0.00764	0.05049	0.01356	0.00643	0.10771	0.67049	0.00452	0.02326	0.02235	0.00608	0.00422	0.00507	0.01403	0.00254	0.01013	0.00063	0.00364	0.01617	0.02828	0.00275
28	0.00324	0.00241	0.00358	0.00358	0.00396	0.00280	0.00275	0.00400	0.00362	0.00521	0.00613	0.00923	0.00581	0.06711	0.86148	0.00356	0.00585	0.00248	0.00122	0.00199
29	0.00790	0.00576	0.00619	0.00482	0.00643	0.00633	0.00393	0.76701	0.00967	0.01309	0.00564	0.00626	0.00426	0.06366	0.01585	0.00081	0.00244	0.00212	0.05071	0.01711
30	0.02031	0.09697	0.64836	0.00683	0.07318	0.00555	0.07617	0.00700	0.00481	0.00703	0.00427	0.03181	0.00332	0.00225	0.00214	0.00070	0.00316	0.00187	0.00103	0.00324
31	0.67794	0.12280	0.00494	0.00344	0.00496	0.01491	0.00291	0.13113	0.00493	0.01007	0.00348	0.00392	0.00271	0.00217	0.00154	0.00067	0.00197	0.00134	0.00146	0.00271
32	0.00276	0.00197	0.00263	0.00315	0.00329	0.00184	0.00210	0.00315	0.00434	0.00578	0.01249	0.91890	0.01499	0.00710	0.00289	0.00092	0.00131	0.00644	0.00210	0.00184
33	0.00532	0.00624	0.04428	0.00958	0.06043	0.00573	0.79355	0.00719	0.00527	0.00721	0.00450	0.00601	0.00341	0.00198	0.00276	0.00076	0.02898	0.00258	0.00113	0.00308
34	0.00456	0.01162	0.89395	0.00658	0.02445	0.00526	0.00835	0.00717	0.00479	0.00718	0.00407	0.00480	0.00288	0.00215	0.00215	0.00072	0.00334	0.00168	0.00096	0.00335
35	0.00606	0.92174	0.01187	0.00388	0.00582	0.00896	0.00388	0.00678	0.00460	0.00533	0.00315	0.00363	0.00291	0.00194	0.00145	0.00048	0.00242	0.00121	0.00097	0.00291
36	0.00540	0.00600	0.02236	0.01058	0.23113	0.00564	0.66958	0.00718	0.00530	0.00729	0.00450	0.00597	0.00347	0.00194	0.00256	0.00074	0.00354	0.00250	0.00114	0.00319
37	0.00543	0.00521	0.00889	0.05755	0.81420	0.00524	0.02114	0.00676	0.00513	0.00727	0.00496	0.00625	0.03744	0.00217	0.00227	0.00068	0.00267	0.00213	0.00115	0.00346
38	0.00268	0.00228	0.00231	0.00233	0.00307	0.00191	0.00174	0.00325	0.00513	0.00611	0.02253	0.05766	0.86974	0.00579	0.00269	0.00077	0.00115	0.00485	0.00210	0.00191
39	0.00428	0.00403	0.00680	0.91493	0.01560	0.00503	0.00629	0.00579	0.00453	0.00579	0.00403	0.00604	0.00302	0.00227	0.00227	0.00076	0.00302	0.00201	0.00101	0.00252
40	0.00702	0.45031	0.03215	0.00502	0.02212	0.40992	0.00427	0.00774	0.00539	0.00551	0.00339	0.00399	0.00296	0.00237	0.01486	0.00059	0.01715	0.00138	0.00106	0.00279
41	0.00440	0.00250	0.00272	0.01344	0.00329	0.00260	0.00198	0.07367	0.00504	0.00832	0.02239	0.01446	0.00601	0.04075	0.09276	0.01227	0.00175	0.00224	0.68722	0.00220
42	0.00268	0.00228	0.00231	0.00233	0.00307	0.00191	0.00174	0.00325	0.00513	0.00611	0.02248	0.06220	0.86523	0.00580	0.00269	0.00077	0.00116	0.00486	0.00210	0.00191
43	0.00572	0.00565	0.00887	0.04710	0.74179	0.05861	0.03658	0.00731	0.05266	0.00734	0.00448	0.00570	0.00370	0.00210	0.00225	0.00068	0.00278	0.00204	0.00118	0.00347
44	0.00835	0.01058	0.00648	0.00605	0.03237	0.87584	0.00444	0.00902	0.01615	0.00564	0.00359	0.00418	0.00298	0.00233	0.00205	0.00059	0.00402	0.00149	0.00118	0.00266
45	0.00339	0.01398	0.00368	0.00355	0.00397	0.00292	0.00274	0.01871	0.00378	0.00544	0.00613	0.00915	0.00577	0.07456	0.80051	0.00337	0.00557	0.00245	0.02830	0.00202
46	0.00302	0.00230	0.00278	0.00268	0.00328	0.00206	0.00200	0.00392	0.00595	0.00804	0.59714	0.04467	0.30378	0.00506	0.00268	0.00074	0.00110	0.00438	0.00236	0.00206
47	0.00533	0.03014	0.01237	0.00966	0.12000	0.00572	0.71583	0.00707	0.00520	0.00712	0.00451	0.00603	0.00349	0.00242	0.02911	0.00084	0.02844	0.00253	0.00114	0.00307

[dist]
# distance from previous block
# <min> <max>
0	10

[block]
# block no. 1 follows, 134 sequences, length 6
# corresponding to MSA columns:
# 58-63
name=unknown_B
#
# <colnr> <probs for GDERKNQSTAVLIFYWHMCP>
#	G	D	E	R	K	N	Q	S	T	A	V	L	I	F	Y	W	H	M	C	P
0	0.00540	0.00532	0.00868	0.11190	0.67748	0.04078	0.05389	0.00673	0.00515	0.00708	0.00521	0.00648	0.05125	0.00225	0.00228	0.00069	0.00276	0.00218	0.00116	0.00332
1	0.00728	0.04858	0.00593	0.00512	0.00627	0.67339	0.00389	0.00823	0.06209	0.00587	0.00689	0.00711	0.14430	0.00290	0.00213	0.00062	0.00341	0.00204	0.00138	0.00259
2	0.00361	0.00271	0.00356	0.09038	0.00513	0.00273	0.00311	0.00474	0.05298	0.02773	0.04450	0.13882	0.20767	0.04793	0.00323	0.00096	0.00182	0.35426	0.00200	0.00215
3	0.00536	0.10601	0.00865	0.26128	0.43578	0.03197	0.04379	0.00703	0.06560	0.00681	0.00440	0.00568	0.00356	0.00215	0.00218	0.00068	0.00278	0.00198	0.00116	0.00317
4	0.00336	0.02018	0.00340	0.06467	0.02951	0.02767	0.00248	0.00425	0.03178	0.00645	0.07802	0.03680	0.57950	0.02300	0.00273	0.00077	0.00152	0.03049	0.00193	0.05148
5	0.00717	0.00608	0.10544	0.00492	0.00671	0.00568	0.02712	0.55074	0.00846	0.05813	0.06629	0.00692	0.00530	0.06994	0.00294	0.00078	0.00242	0.00222	0.00201	0.06073

[dist]
# distance from previous block
# <min> <max>
2	8

[block]
# block no. 2 follows, 134 sequences, length 25
# corresponding to MSA columns:
# 78-102
name=unknown_C
#
# <colnr> <probs for GDERKNQSTAVLIFYWHMCP>
#	G	D	E	R	K	N	Q	S	T	A	V	L	I	F	Y	W	H	M	C	P
0	0.00333	0.00256	0.00308	0.00296	0.00360	0.00245	0.00223	0.00482	0.09963	0.00826	0.55358	0.06884	0.20659	0.00488	0.00266	0.00075	0.00120	0.02399	0.00236	0.00222
1	0.00506	0.10635	0.75374	0.00604	0.00914	0.00558	0.00758	0.02265	0.00495	0.05263	0.00424	0.00482	0.00303	0.00217	0.00209	0.00069	0.00317	0.00166	0.00107	0.00334
2	0.77125	0.00414	0.00358	0.06915	0.00514	0.00481	0.00275	0.00630	0.00390	0.00935	0.00373	0.03356	0.00313	0.00335	0.06746	0.00093	0.00214	0.00154	0.00138	0.00241
3	0.00271	0.00230	0.00234	0.00233	0.00308	0.00193	0.00174	0.00331	0.00523	0.00629	0.07208	0.02153	0.85609	0.00568	0.00268	0.00076	0.00114	0.00474	0.00213	0.00193
4	0.05282	0.00432	0.00536	0.00419	0.00587	0.00415	0.00344	0.15483	0.07197	0.63507	0.02859	0.00742	0.00563	0.00282	0.00225	0.00070	0.00198	0.00225	0.00261	0.00373
5	0.02744	0.00386	0.00608	0.61442	0.02337	0.00476	0.01789	0.00567	0.00442	0.00625	0.00442	0.00627	0.00347	0.00281	0.01844	0.01180	0.10003	0.00202	0.13415	0.00245
6	0.00269	0.00230	0.00231	0.00231	0.00307	0.00192	0.00173	0.00328	0.00519	0.00619	0.04396	0.02169	0.88427	0.00571	0.00268	0.00076	0.00115	0.00477	0.00211	0.00192
7	0.00481	0.01039	0.71162	0.00749	0.09647	0.00530	0.10634	0.00721	0.00490	0.01862	0.00420	0.00505	0.00304	0.00212	0.00222	0.00072	0.00332	0.00183	0.00102	0.00335
8	0.00268	0.00228	0.00231	0.00233	0.00307	0.00191	0.00174	0.00325	0.00513	0.00611	0.02255	0.05608	0.87131	0.00579	0.00269	0.00077	0.00115	0.00485	0.00210	0.00191
9	0.00523	0.00640	0.09985	0.06031	0.12711	0.00565	0.60968	0.00705	0.00515	0.00711	0.00439	0.00587	0.00336	0.00205	0.00274	0.00076	0.04065	0.00243	0.00111	0.00310
10	0.00561	0.00538	0.00920	0.01391	0.90624	0.00538	0.00695	0.00695	0.00516	0.00740	0.00426	0.00561	0.00359	0.00202	0.00224	0.00067	0.00269	0.00202	0.00112	0.00359
11	0.07459	0.04144	0.00671	0.58465	0.07837	0.00508	0.03118	0.00637	0.06977	0.00677	0.06963	0.00670	0.00464	0.00244	0.00221	0.00073	0.00267	0.00213	0.00125	0.00267
12	0.00291	0.00249	0.00272	0.06851	0.00405	0.00223	0.00211	0.01873	0.00523	0.00630	0.04298	0.03281	0.79021	0.00543	0.00264	0.00076	0.00131	0.00454	0.00204	0.00199
13	0.00623	0.85569	0.01148	0.00402	0.00590	0.07438	0.00391	0.00695	0.00474	0.00535	0.00318	0.00367	0.00291	0.00197	0.00150	0.00049	0.00254	0.00123	0.00098	0.00289
14	0.00294	0.00210	0.00269	0.00295	0.00318	0.00197	0.00199	0.00344	0.00468	0.00634	0.21630	0.54425	0.04393	0.14736	0.00417	0.00106	0.00139	0.00537	0.00208	0.00184
15	0.00277	0.00233	0.00241	0.00241	0.00314	0.00199	0.00180	0.00348	0.02167	0.00638	0.08625	0.05392	0.79232	0.00566	0.00268	0.00077	0.00116	0.00475	0.00214	0.00196
16	0.00523	0.00592	0.02458	0.08076	0.04035	0.00574	0.72216	0.00700	0.00513	0.00701	0.00441	0.00599	0.00337	0.00209	0.00297	0.00078	0.06986	0.00254	0.00112	0.00299
17	0.00307	0.00231	0.00284	0.00271	0.00330	0.00208	0.00203	0.00401	0.00609	0.00832	0.67867	0.01818	0.24823	0.00492	0.00267	0.00073	0.00109	0.00427	0.00239	0.00208
18	0.00299	0.00255	0.00277	0.02408	0.02110	0.00230	0.00209	0.00400	0.06425	0.00646	0.05653	0.06760	0.72443	0.00544	0.00265	0.00077	0.00127	0.00458	0.00209	0.00207
19	0.00268	0.00230	0.00230	0.00230	0.00306	0.00191	0.00172	0.00325	0.00516	0.00612	0.02295	0.02180	0.90532	0.00574	0.00268	0.00077	0.00115	0.00478	0.00210	0.00191
20	0.00332	0.00253	0.00374	0.00369	0.00407	0.00298	0.00287	0.00409	0.00372	0.00538	0.03871	0.00908	0.00614	0.03037	0.81214	0.01369	0.04772	0.00248	0.00125	0.00203
21	0.00358	0.00263	0.00351	0.00392	0.00448	0.00261	0.00334	0.00475	0.03947	0.00683	0.03518	0.06348	0.10617	0.00608	0.00303	0.00099	0.00192	0.70385	0.00211	0.00212
22	0.83077	0.00415	0.00324	0.00292	0.00425	0.00473	0.00239	0.00632	0.00405	0.00983	0.04123	0.00553	0.06868	0.00247	0.00155	0.00071	0.00168	0.00160	0.00150	0.00240
23	0.00326	0.00218	0.00248	0.00252	0.00253	0.00217	0.00143	0.00328	0.00337	0.00449	0.00753	0.08035	0.00873	0.85419	0.01091	0.00210	0.00213	0.00352	0.00143	0.00141
24	0.00472	0.00415	0.00538	0.00419	0.04193	0.00328	0.06138	0.00583	0.01477	0.00734	0.00444	0.03821	0.00383	0.00192	0.00182	0.00040	0.00185	0.00166	0.00136	0.79154

[dist]
# distance from previous block
# <min> <max>
8	42

[block]
# block no. 3 follows, 134 sequences, length 14
# corresponding to MSA columns:
# 163-176
name=unknown_D
#
# <colnr> <probs for GDERKNQSTAVLIFYWHMCP>
#	G	D	E	R	K	N	Q	S	T	A	V	L	I	F	Y	W	H	M	C	P
0	0.00280	0.00230	0.00248	0.00252	0.00321	0.00198	0.00191	0.00345	0.00526	0.00647	0.11746	0.07085	0.70442	0.00573	0.00272	0.00079	0.00121	0.06038	0.00215	0.00194
1	0.00485	0.03516	0.72672	0.00739	0.12590	0.03191	0.02269	0.00719	0.00488	0.00711	0.00406	0.00486	0.00298	0.00213	0.00215	0.00070	0.00327	0.00172	0.00099	0.00334
2	0.00467	0.03573	0.80842	0.00702	0.08547	0.00537	0.00813	0.00715	0.00481	0.00714	0.00406	0.00482	0.00293	0.00214	0.00214	0.00071	0.00327	0.00169	0.00097	0.00336
3	0.00276	0.00197	0.00263	0.00315	0.00329	0.00184	0.00210	0.00315	0.00434	0.00578	0.01249	0.91890	0.01499	0.00710	0.00289	0.00092	0.00131	0.00644	0.00210	0.00184
4	0.00526	0.00602	0.04587	0.02780	0.10212	0.00548	0.70477	0.00702	0.00520	0.00714	0.00449	0.00599	0.00344	0.00211	0.00276	0.02868	0.00356	0.00250	0.00113	0.02866
5	0.03657	0.00327	0.03852	0.04249	0.05104	0.00307	0.00364	0.00521	0.06129	0.01761	0.01188	0.09718	0.12994	0.01823	0.00293	0.00094	0.00198	0.46999	0.00194	0.00230
6	0.00732	0.09271	0.00644	0.00541	0.03349	0.62401	0.00405	0.00821	0.04557	0.02216	0.00564	0.00610	0.08097	0.00331	0.04445	0.00075	0.00359	0.00185	0.00131	0.00266
7	0.00305	0.00229	0.00282	0.00272	0.00330	0.00207	0.00203	0.00396	0.00599	0.00816	0.63388	0.06062	0.25074	0.00504	0.00268	0.00074	0.00110	0.00439	0.00237	0.00207
8	0.00527	0.00682	0.14344	0.00974	0.14278	0.00561	0.63740	0.00720	0.00524	0.00727	0.00446	0.00584	0.00338	0.00196	0.00253	0.00074	0.00359	0.00243	0.00111	0.00318
9	0.00570	0.00562	0.00929	0.01340	0.83063	0.03958	0.04839	0.00705	0.00522	0.00733	0.00425	0.00557	0.00356	0.00203	0.00226	0.00067	0.00280	0.00203	0.00112	0.00353
10	0.02002	0.01073	0.78203	0.00677	0.05465	0.00517	0.04232	0.00706	0.00487	0.00731	0.03574	0.00528	0.00357	0.00222	0.00218	0.00072	0.00323	0.00181	0.00103	0.00329
11	0.00280	0.00204	0.00263	0.00308	0.00330	0.00189	0.00210	0.00323	0.00445	0.00584	0.01365	0.74992	0.12525	0.02751	0.00307	0.00093	0.00135	0.04303	0.00209	0.00185
12	0.00803	0.01007	0.00679	0.00619	0.03001	0.79034	0.03869	0.00867	0.00614	0.00565	0.00353	0.00426	0.00296	0.00242	0.00245	0.00062	0.06780	0.00156	0.00115	0.00266
13	0.00454	0.00261	0.00280	0.00260	0.00328	0.00266	0.00198	0.09003	0.00516	0.00851	0.00702	0.02644	0.00573	0.02906	0.06245	0.01465	0.00160	0.00221	0.68612	0.04054

[dist]
# distance from previous block
# <min> <max>
1	6

[block]
# block no. 4 follows, 134 sequences, length 47
# corresponding to MSA columns:
# 188-234
name=unknown_E
#
# <colnr> <probs for GDERKNQSTAVLIFYWHMCP>
#	G	D	E	R	K	N	Q	S	T	A	V	L	I	F	Y	W	H	M	C	P
0	0.00561	0.00538	0.00920	0.01391	0.90624	0.00538	0.00695	0.00695	0.00516	0.00740	0.00426	0.00561	0.00359	0.00202	0.00224	0.00067	0.00269	0.00202	0.00112	0.00359
1	0.00281	0.00208	0.00263	0.00303	0.00329	0.00191	0.00206	0.00331	0.01338	0.00595	0.03512	0.73830	0.14623	0.01516	0.00292	0.00090	0.00130	0.00602	0.00210	0.01149
2	0.00799	0.00986	0.00661	0.00656	0.09702	0.75942	0.00458	0.00904	0.06672	0.00600	0.00396	0.00453	0.00326	0.00235	0.00208	0.00061	0.00379	0.00159	0.00124	0.00279
3	0.00269	0.00228	0.00232	0.00235	0.00309	0.00192	0.00176	0.00326	0.00513	0.00611	0.02239	0.06020	0.85792	0.00580	0.00269	0.00077	0.00116	0.01413	0.00210	0.00191
4	0.00843	0.04029	0.00565	0.00997	0.03513	0.01845	0.00358	0.11637	0.13911	0.52131	0.00888	0.00830	0.05443	0.00298	0.00228	0.00071	0.00202	0.01606	0.00245	0.00361
5	0.00287	0.00240	0.00249	0.00246	0.00321	0.00209	0.00184	0.01088	0.03244	0.00656	0.10398	0.03774	0.77208	0.00556	0.00267	0.00076	0.00117	0.00466	0.00215	0.00200
6	0.00575	0.00491	0.00578	0.07172	0.10610	0.00550	0.00414	0.11169	0.57157	0.00937	0.01722	0.00786	0.02609	0.00288	0.00228	0.00073	0.00203	0.00242	0.00204	0.03991
7	0.01902	0.00427	0.00706	0.72822	0.15450	0.00511	0.00624	0.00620	0.03568	0.00624	0.00423	0.00602	0.00324	0.00225	0.00225	0.00074	0.00291	0.00202	0.00108	0.00272
8	0.00268	0.00229	0.00230	0.00231	0.00306	0.00191	0.00173	0.00325	0.00515	0.00611	0.02276	0.03869	0.88857	0.00576	0.00268	0.00077	0.00115	0.00481	0.00210	0.00191
9	0.09534	0.00525	0.11030	0.03417	0.00668	0.00453	0.04881	0.09410	0.15528	0.28212	0.05548	0.00726	0.01941	0.00270	0.00219	0.00069	0.00216	0.00221	0.00205	0.06928
10	0.00819	0.01017	0.00666	0.00647	0.07856	0.80408	0.00459	0.03042	0.00638	0.00590	0.00360	0.00425	0.00300	0.00234	0.00214	0.00060	0.01721	0.00153	0.00119	0.00273
11	0.00478	0.00402	0.00471	0.00337	0.00538	0.00302	0.00269	0.00578	0.00472	0.02016	0.00410	0.00474	0.00339	0.00169	0.00169	0.00034	0.00168	0.00136	0.00136	0.92103
12	0.00324	0.00241	0.00356	0.00356	0.00394	0.00279	0.00273	0.00400	0.00362	0.00520	0.00614	0.00930	0.00584	0.07793	0.85069	0.00354	0.00581	0.00249	0.00122	0.00198
13	0.62375	0.00424	0.01133	0.16072	0.03565	0.00483	0.00334	0.01260	0.01826	0.01455	0.06457	0.01428	0.00427	0.00244	0.00174	0.00072	0.00198	0.01678	0.00144	0.00251
14	0.00564	0.16003	0.00805	0.00573	0.00638	0.07775	0.05261	0.05470	0.01082	0.00605	0.00331	0.00478	0.00306	0.00331	0.00543	0.00084	0.58586	0.00186	0.00109	0.00268
15	0.00470	0.00403	0.00470	0.00336	0.00537	0.00302	0.00268	0.00570	0.00470	0.00738	0.00403	0.00470	0.00336	0.00168	0.00168	0.00034	0.00168	0.00134	0.00134	0.93423
16	0.00759	0.00925	0.00652	0.00650	0.10194	0.68189	0.00454	0.00855	0.05207	0.00595	0.00450	0.00514	0.03255	0.00267	0.01060	0.00066	0.05337	0.00172	0.00124	0.00274
17	0.00273	0.00229	0.00232	0.00232	0.00304	0.00193	0.00171	0.00328	0.00510	0.00611	0.04550	0.02130	0.83306	0.05547	0.00316	0.00084	0.00120	0.00468	0.00207	0.00189
18	0.00276	0.00199	0.00262	0.00310	0.00328	0.00185	0.00208	0.00318	0.00442	0.00585	0.02708	0.85592	0.06353	0.00699	0.00288	0.00091	0.00130	0.00631	0.00211	0.00185
19	0.08750	0.00390	0.00510	0.00394	0.00567	0.00348	0.00326	0.01068	0.00627	0.83286	0.00846	0.00738	0.00535	0.00275	0.00221	0.00070	0.00191	0.00219	0.00269	0.00374
20	0.00494	0.01110	0.83440	0.00640	0.02279	0.00513	0.00801	0.00743	0.00490	0.06793	0.00440	0.00499	0.00307	0.00219	0.00216	0.00072	0.00324	0.00172	0.00108	0.00339
21	0.00325	0.00220	0.00246	0.00246	0.00251	0.00218	0.00140	0.00329	0.00342	0.00451	0.00821	0.01530	0.06875	0.85868	0.01093	0.00210	0.00213	0.00340	0.00142	0.00141
22	0.00269	0.00227	0.00233	0.00237	0.00308	0.00191	0.00176	0.00324	0.00509	0.00609	0.02200	0.10349	0.82426	0.00586	0.00270	0.00078	0.00116	0.00493	0.00210	0.00191
23	0.01017	0.00386	0.00526	0.00403	0.00578	0.00333	0.00333	0.01104	0.00648	0.90781	0.00894	0.00771	0.00561	0.00280	0.00228	0.00070	0.00193	0.00228	0.00280	0.00386
24	0.71357	0.00497	0.06726	0.05916	0.00600	0.00506	0.06355	0.00687	0.00417	0.04682	0.00361	0.00423	0.00271	0.00213	0.00163	0.00071	0.00209	0.00145	0.00139	0.00262
25	0.00535	0.00611	0.01337	0.00955	0.01184	0.00573	0.89801	0.00726	0.00535	0.00726	0.00458	0.00611	0.00344	0.00191	0.00267	0.00076	0.00382	0.00267	0.00115	0.00306
26	0.00276	0.00197	0.00263	0.00315	0.00329	0.00184	0.00210	0.00315	0.00434	0.00578	0.01249	0.91890	0.01499	0.00710	0.00289	0.00092	0.00131	0.00644	0.00210	0.00184
27	0.00562	0.00544	0.00910	0.03632	0.83990	0.02031	0.02193	0.00704	0.01899	0.00736	0.00433	0.00565	0.00361	0.00204	0.00225	0.00068	0.00273	0.00203	0.00114	0.00354
28	0.00837	0.01052	0.00638	0.00578	0.00697	0.86484	0.00435	0.02400	0.03749	0.00583	0.00373	0.00426	0.00307	0.00237	0.00206	0.00059	0.00398	0.00151	0.00123	0.00268
29	0.00428	0.00403	0.00680	0.91493	0.01560	0.00503	0.00629	0.00579	0.00453	0.00579	0.00403	0.00604	0.00302	0.00227	0.00227	0.00076	0.00302	0.00201	0.00101	0.00252
30	0.00321	0.00232	0.00303	0.00285	0.00338	0.00214	0.00214	0.00428	0.00641	0.00909	0.90505	0.01692	0.02138	0.00463	0.00267	0.00071	0.00107	0.00410	0.00249	0.00214
31	0.00853	0.00615	0.00666	0.00509	0.00691	0.00672	0.00420	0.82798	0.01025	0.05137	0.00553	0.00551	0.00391	0.00268	0.00224	0.00067	0.00244	0.00202	0.00225	0.03886
32	0.00333	0.00220	0.00247	0.00246	0.00249	0.00219	0.00139	0.00339	0.00341	0.00464	0.02280	0.01460	0.00836	0.86611	0.01096	0.00210	0.00213	0.00326	0.04028	0.00142
33	0.00429	0.00403	0.00673	0.88530	0.01527	0.00497	0.00617	0.00579	0.00454	0.00584	0.00403	0.00600	0.00303	0.00225	0.00225	0.00074	0.00298	0.00199	0.00102	0.03280
34	0.00582	0.00531	0.00901	0.01344	0.86332	0.00529	0.00678	0.00715	0.00522	0.05032	0.00448	0.00571	0.00369	0.00206	0.00224	0.00067	0.00266	0.00203	0.00120	0.00360
35	0.00995	0.00381	0.00519	0.00400	0.00571	0.00329	0.00329	0.01084	0.00648	0.88060	0.03607	0.00799	0.00609	0.00286	0.00229	0.00070	0.00190	0.00233	0.00279	0.00380
36	0.00348	0.00253	0.00342	0.00388	0.00441	0.00248	0.00332	0.00443	0.00516	0.00664	0.01341	0.07369	0.12619	0.00624	0.00306	0.00100	0.00193	0.73059	0.00209	0.00205
37	0.00560	0.00540	0.00931	0.01379	0.88145	0.00539	0.03165	0.00696	0.00516	0.00740	0.00427	0.00562	0.00358	0.00202	0.00225	0.00068	0.00272	0.00204	0.00112	0.00357
38	0.00557	0.00535	0.00914	0.03622	0.88419	0.00537	0.00694	0.00692	0.00514	0.00736	0.00426	0.00562	0.00357	0.00202	0.00224	0.00067	0.00270	0.00202	0.00112	0.00356
39	0.00970	0.00389	0.00520	0.00404	0.00574	0.00346	0.00332	0.01096	0.06690	0.82711	0.02901	0.00797	0.00605	0.00286	0.00229	0.00071	0.00190	0.00234	0.00276	0.00380
40	0.00268	0.00230	0.00230	0.00230	0.00306	0.00191	0.00172	0.00325	0.00516	0.00612	0.02295	0.02180	0.90532	0.00574	0.00268	0.00077	0.00115	0.00478	0.00210	0.00191
41	0.05524	0.01132	0.85938	0.00627	0.00951	0.00525	0.00805	0.00715	0.00473	0.00734	0.00402	0.00472	0.00285	0.00215	0.00211	0.00072	0.00326	0.00165	0.00098	0.00330
42	0.00281	0.00201	0.00267	0.00312	0.00330	0.00187	0.00211	0.00327	0.00455	0.00612	0.10358	0.82684	0.01564	0.00685	0.00287	0.00090	0.00129	0.00620	0.00214	0.00187
43	0.00670	0.00481	0.00526	0.00455	0.00595	0.01395	0.00359	0.06280	0.67007	0.18247	0.00889	0.00810	0.00645	0.00299	0.00230	0.00075	0.00188	0.00247	0.00239	0.00364
44	0.00494	0.01091	0.73714	0.00718	0.09072	0.06866	0.03487	0.00729	0.00495	0.00708	0.00406	0.00485	0.00296	0.00215	0.00217	0.00071	0.00335	0.00172	0.00099	0.00331
45	0.00534	0.00604	0.03461	0.00988	0.15138	0.00564	0.68615	0.00728	0.03239	0.00730	0.00472	0.01551	0.00366	0.00205	0.00266	0.00075	0.01774	0.00257	0.00118	0.00314
46	0.00901	0.00424	0.00568	0.00512	0.09382	0.00400	0.00376	0.04341	0.13484	0.65829	0.00839	0.00753	0.00553	0.00276	0.00228	0.00071	0.00200	0.00228	0.00255	0.00379

[dist]
# distance from previous block
# <min> <max>
1	2

[block]
# block no. 5 follows, 134 sequences, length 58
# corresponding to MSA columns:
# 238-295
name=unknown_F
#
# <colnr> <probs for GDERKNQSTAVLIFYWHMCP>
#	G	D	E	R	K	N	Q	S	T	A	V	L	I	F	Y	W	H	M	C	P
0	0.00554	0.00449	0.00490	0.03926	0.00596	0.00502	0.00346	0.01067	0.69598	0.06366	0.01020	0.00952	0.09558	0.00325	0.00232	0.00075	0.00178	0.00270	0.00224	0.03272
1	0.04142	0.00550	0.00882	0.03563	0.81838	0.03666	0.00668	0.00699	0.00514	0.00740	0.00419	0.00549	0.00351	0.00204	0.00220	0.00067	0.00271	0.00197	0.00113	0.00349
2	0.93638	0.00438	0.00333	0.00298	0.00438	0.00508	0.00245	0.00666	0.00386	0.01017	0.00315	0.00368	0.00245	0.00210	0.00140	0.00070	0.00175	0.00123	0.00140	0.00245
3	0.00270	0.00230	0.00232	0.00232	0.00307	0.00192	0.00174	0.00329	0.00521	0.00624	0.05858	0.02161	0.86962	0.00569	0.00268	0.00076	0.00114	0.00475	0.00212	0.00192
4	0.00529	0.00581	0.01213	0.09121	0.15190	0.00561	0.67906	0.00708	0.00525	0.00715	0.00448	0.00603	0.00342	0.00196	0.00257	0.00075	0.00357	0.00251	0.00113	0.00309
5	0.00311	0.00231	0.00289	0.00275	0.00333	0.00210	0.00206	0.00409	0.00618	0.00854	0.74332	0.01782	0.18344	0.00483	0.00267	0.00072	0.00108	0.00422	0.00242	0.00210
6	0.00534	0.00616	0.02380	0.00962	0.03407	0.00572	0.86538	0.00725	0.00534	0.00726	0.00457	0.00608	0.00343	0.00192	0.00266	0.00076	0.00379	0.00265	0.00114	0.00307
7	0.00268	0.00228	0.00232	0.00235	0.00307	0.00191	0.00174	0.00325	0.00511	0.00610	0.02231	0.07645	0.85109	0.00582	0.00269	0.00077	0.00116	0.00488	0.00210	0.00191
8	0.00987	0.00410	0.00544	0.02681	0.00615	0.00373	0.00350	0.09636	0.00684	0.79935	0.00848	0.00745	0.00538	0.00278	0.00228	0.00070	0.00201	0.00225	0.00271	0.00382
9	0.93638	0.00438	0.00333	0.00298	0.00438	0.00508	0.00245	0.00666	0.00386	0.01017	0.00315	0.00368	0.00245	0.00210	0.00140	0.00070	0.00175	0.00123	0.00140	0.00245
10	0.00428	0.00403	0.00680	0.91493	0.01560	0.00503	0.00629	0.00579	0.00453	0.00579	0.00403	0.00604	0.00302	0.00227	0.00227	0.00076	0.00302	0.00201	0.00101	0.00252
11	0.00277	0.00221	0.00249	0.00270	0.00321	0.00195	0.00192	0.00337	0.02149	0.00604	0.01824	0.40402	0.50903	0.00627	0.00276	0.00083	0.00123	0.00545	0.00211	0.00191
12	0.12070	0.64508	0.06480	0.00416	0.00602	0.11561	0.00403	0.00706	0.00474	0.00606	0.00325	0.00376	0.00285	0.00202	0.00156	0.00054	0.00259	0.00127	0.00105	0.00285
13	0.92169	0.00438	0.00338	0.01735	0.00456	0.00508	0.00251	0.00665	0.00387	0.01010	0.00317	0.00372	0.00246	0.00211	0.00142	0.00070	0.00177	0.00124	0.00140	0.00245
14	0.03568	0.00522	0.00878	0.09956	0.79196	0.00534	0.00674	0.00683	0.00506	0.00734	0.00420	0.00559	0.00350	0.00204	0.00222	0.00068	0.00269	0.00199	0.00112	0.00345
15	0.00489	0.10185	0.78834	0.00612	0.00927	0.00556	0.00775	0.00727	0.00482	0.03811	0.00414	0.00477	0.00297	0.00215	0.00209	0.00069	0.00321	0.00165	0.00102	0.00332
16	0.00294	0.00252	0.00292	0.01915	0.03103	0.00221	0.01882	0.00362	0.00516	0.00624	0.02064	0.02111	0.75849	0.00554	0.00270	0.00079	0.00137	0.09070	0.00204	0.00201
17	0.01017	0.00386	0.00526	0.00403	0.00578	0.00333	0.00333	0.01104	0.00648	0.90781	0.00894	0.00771	0.00561	0.00280	0.00228	0.00070	0.00193	0.00228	0.00280	0.00386
18	0.06107	0.00409	0.00676	0.81195	0.01459	0.00502	0.03680	0.00586	0.00450	0.00610	0.00403	0.00595	0.00305	0.00250	0.01835	0.00080	0.00302	0.00200	0.00104	0.00252
19	0.00385	0.00245	0.00323	0.00297	0.00361	0.00224	0.00225	0.00488	0.00635	0.09436	0.78908	0.04721	0.01966	0.00454	0.00264	0.00072	0.00116	0.00401	0.00251	0.00229
20	0.00465	0.02784	0.79190	0.00624	0.02509	0.00506	0.00771	0.00703	0.00484	0.03441	0.00504	0.03504	0.03039	0.00243	0.00218	0.00072	0.00314	0.00194	0.00109	0.00327
21	0.00400	0.00210	0.00319	0.00337	0.03764	0.00210	0.00216	0.00311	0.00304	0.00407	0.00395	0.00684	0.00392	0.00765	0.00860	0.89824	0.00200	0.00197	0.00099	0.00108
22	0.00274	0.00228	0.00239	0.00244	0.00314	0.00194	0.00183	0.00333	0.00515	0.00623	0.05751	0.09350	0.77119	0.00582	0.00271	0.00078	0.00119	0.03179	0.00212	0.00192
23	0.00432	0.00407	0.00687	0.88569	0.04450	0.00505	0.00631	0.00583	0.00455	0.00584	0.00403	0.00603	0.00304	0.00226	0.00226	0.00075	0.00301	0.00201	0.00101	0.00255
24	0.00482	0.01085	0.79188	0.00712	0.09871	0.00522	0.00808	0.00727	0.00487	0.03454	0.00423	0.00495	0.00302	0.00216	0.00217	0.00071	0.00324	0.00173	0.00103	0.00339
25	0.93638	0.00438	0.00333	0.00298	0.00438	0.00508	0.00245	0.00666	0.00386	0.01017	0.00315	0.00368	0.00245	0.00210	0.00140	0.00070	0.00175	0.00123	0.00140	0.00245
26	0.00428	0.00403	0.00680	0.91493	0.01560	0.00503	0.00629	0.00579	0.00453	0.00579	0.00403	0.00604	0.00302	0.00227	0.00227	0.00076	0.00302	0.00201	0.00101	0.00252
27	0.00319	0.00232	0.00300	0.00283	0.00337	0.00213	0.00212	0.00424	0.00637	0.00897	0.87117	0.01711	0.05532	0.00467	0.00267	0.00071	0.00107	0.00412	0.00248	0.00213
28	0.00494	0.00417	0.00483	0.00347	0.00547	0.00326	0.00278	0.06010	0.00506	0.00780	0.00411	0.00474	0.00339	0.00174	0.00171	0.00036	0.00173	0.00138	0.00140	0.87756
29	0.00281	0.00204	0.00276	0.03244	0.00368	0.00194	0.00224	0.00324	0.00434	0.00578	0.01222	0.88957	0.01460	0.00694	0.00287	0.00091	0.00137	0.00630	0.00207	0.00186
30	0.00535	0.00611	0.01337	0.00955	0.01184	0.00573	0.89801	0.00726	0.00535	0.00726	0.00458	0.00611	0.00344	0.00191	0.00267	0.00076	0.00382	0.00267	0.00115	0.00306
31	0.00564	0.00487	0.00512	0.00461	0.00589	0.00564	0.00359	0.01204	0.90215	0.00948	0.00922	0.00845	0.00692	0.00307	0.00231	0.00077	0.00179	0.00256	0.00231	0.00359
32	0.00270	0.00228	0.00234	0.00236	0.00308	0.00192	0.00175	0.00328	0.00516	0.00619	0.04917	0.06974	0.83076	0.00578	0.00269	0.00077	0.00115	0.00485	0.00212	0.00192
33	0.13408	0.00468	0.06971	0.69110	0.02979	0.00508	0.02245	0.00606	0.00448	0.00655	0.00392	0.00562	0.00295	0.00222	0.00214	0.00074	0.00288	0.00189	0.00106	0.00260
34	0.00985	0.00393	0.00525	0.00407	0.00579	0.00349	0.00335	0.01111	0.06848	0.84563	0.00896	0.00776	0.00570	0.00282	0.00228	0.00071	0.00192	0.00230	0.00277	0.00384
35	0.00559	0.00537	0.00916	0.01352	0.86139	0.00535	0.02531	0.00700	0.01647	0.00742	0.00433	0.00564	0.00362	0.00202	0.00224	0.00067	0.00269	0.00203	0.00114	0.01902
36	0.00269	0.00230	0.00232	0.00233	0.00309	0.00192	0.00176	0.00328	0.00517	0.00613	0.02276	0.02187	0.88970	0.00575	0.00269	0.00077	0.00116	0.02030	0.00210	0.00192
37	0.01804	0.77177	0.03873	0.00417	0.00606	0.10077	0.00406	0.02406	0.00490	0.00564	0.00326	0.00375	0.00292	0.00200	0.00155	0.00051	0.00261	0.00127	0.00102	0.00290
38	0.00324	0.00240	0.00351	0.00351	0.00387	0.00276	0.00267	0.00396	0.00360	0.00516	0.00619	0.00957	0.00595	0.11858	0.81020	0.00348	0.00563	0.00253	0.00123	0.00195
39	0.00448	0.00236	0.00238	0.00229	0.00289	0.00239	0.00174	0.05677	0.00509	0.00878	0.00728	0.00827	0.00569	0.00264	0.00162	0.00054	0.00114	0.00211	0.87932	0.00221
40	0.00800	0.00580	0.00624	0.00484	0.00649	0.00636	0.00396	0.77274	0.00985	0.02195	0.03481	0.00626	0.00467	0.02701	0.00248	0.00071	0.00234	0.00214	0.05917	0.01419
41	0.00342	0.00262	0.00379	0.00374	0.00419	0.00308	0.00292	0.00456	0.05837	0.00552	0.00620	0.00880	0.00569	0.01590	0.83876	0.00342	0.02319	0.00243	0.00128	0.00213
42	0.03093	0.00460	0.00512	0.03515	0.03711	0.00504	0.00357	0.01038	0.63535	0.05115	0.00862	0.00818	0.04057	0.00291	0.00222	0.00071	0.00183	0.00242	0.00210	0.11203
43	0.00334	0.00235	0.00307	0.00287	0.00343	0.00216	0.00216	0.00441	0.00641	0.02642	0.88776	0.01675	0.02107	0.00460	0.00266	0.00071	0.00109	0.00406	0.00250	0.00217
44	0.07026	0.00432	0.03226	0.72035	0.02785	0.00494	0.05087	0.00591	0.00458	0.01281	0.00482	0.00650	0.04048	0.00238	0.00224	0.00075	0.00289	0.00210	0.00110	0.00256
45	0.00564	0.00487	0.00512	0.00461	0.00589	0.00564	0.00359	0.01204	0.90215	0.00948	0.00922	0.00845	0.00692	0.00307	0.00231	0.00077	0.00179	0.00256	0.00231	0.00359
46	0.00271	0.00228	0.00236	0.00238	0.00309	0.00192	0.00177	0.00330	0.00518	0.00626	0.07129	0.07641	0.80177	0.00576	0.00269	0.00077	0.00115	0.00485	0.00213	0.00192
47	0.00349	0.01253	0.00416	0.00394	0.00431	0.00343	0.00312	0.00426	0.00363	0.00529	0.00564	0.00833	0.00529	0.01514	0.78458	0.00326	0.12398	0.00236	0.00118	0.00209
48	0.93638	0.00438	0.00333	0.00298	0.00438	0.00508	0.00245	0.00666	0.00386	0.01017	0.00315	0.00368	0.00245	0.00210	0.00140	0.00070	0.00175	0.00123	0.00140	0.00245
49	0.00348	0.00240	0.00307	0.00289	0.00349	0.00220	0.00217	0.00453	0.01573	0.04902	0.74246	0.05389	0.09663	0.00473	0.00266	0.00073	0.00113	0.00415	0.00246	0.00220
50	0.00277	0.00198	0.00263	0.00314	0.00327	0.00185	0.00209	0.00316	0.00432	0.00576	0.01241	0.90544	0.01488	0.02069	0.00302	0.00094	0.00133	0.00639	0.00209	0.00183
51	0.93638	0.00438	0.00333	0.00298	0.00438	0.00508	0.00245	0.00666	0.00386	0.01017	0.00315	0.00368	0.00245	0.00210	0.00140	0.00070	0.00175	0.00123	0.00140	0.00245
52	0.00269	0.00229	0.00231	0.00232	0.00307	0.00191	0.00173	0.00326	0.00516	0.00615	0.03317	0.03949	0.87726	0.00575	0.00268	0.00077	0.00115	0.00481	0.00211	0.00191
53	0.00561	0.00538	0.00920	0.01391	0.90624	0.00538	0.00695	0.00695	0.00516	0.00740	0.00426	0.00561	0.00359	0.00202	0.00224	0.00067	0.00269	0.00202	0.00112	0.00359
54	0.00269	0.00230	0.00231	0.00230	0.00307	0.00192	0.00173	0.00327	0.00518	0.00617	0.03683	0.02173	0.89141	0.00572	0.00268	0.00076	0.00115	0.00477	0.00211	0.00192
55	0.00394	0.00197	0.00295	0.00295	0.00295	0.00197	0.00197	0.00295	0.00295	0.00394	0.00394	0.00689	0.00394	0.00787	0.00885	0.93408	0.00197	0.00197	0.00098	0.00098
56	0.00279	0.00235	0.00242	0.00241	0.00316	0.00202	0.00180	0.00354	0.02810	0.00638	0.07609	0.04177	0.80812	0.00563	0.00267	0.00077	0.00116	0.00472	0.00213	0.00197
57	0.00329	0.00220	0.00247	0.00247	0.00247	0.00220	0.00137	0.00329	0.00329	0.00439	0.00714	0.01483	0.00824	0.92038	0.01153	0.00220	0.00220	0.00329	0.00137	0.00137

[dist]
# distance from previous block
# <min> <max>
0	11

# created by:
# /share/home/app/bin/augustus-3.3.1/scripts/msa2prfl.pl /dev/shm/tmp/pt-rosids/msas/rps3.aln --setname=rps3
