[name]
rps4

[dist]
# distance from previous block
# <min> <max>
0	0

[block]
# block no. 0 follows, 132 sequences, length 31
# corresponding to MSA columns:
# 0-30
name=unknown_A
#
# <colnr> <probs for GDERKNQSTAVLIFYWHMCP>
#	G	D	E	R	K	N	Q	S	T	A	V	L	I	F	Y	W	H	M	C	P
0	0.00370	0.00264	0.00370	0.00423	0.00476	0.00264	0.00370	0.00476	0.00528	0.00687	0.01215	0.02589	0.01321	0.00634	0.00317	0.00106	0.00211	0.88956	0.00211	0.00211
1	0.00831	0.00627	0.00690	0.00536	0.00700	0.00711	0.00444	0.79821	0.00998	0.01347	0.00523	0.00546	0.00380	0.00290	0.00288	0.00072	0.10398	0.00206	0.00215	0.00375
2	0.00421	0.00389	0.00646	0.81254	0.01443	0.00477	0.00591	0.00569	0.00480	0.00624	0.10410	0.00735	0.00513	0.00256	0.00234	0.00076	0.00284	0.00227	0.00119	0.00251
3	0.00355	0.00273	0.00386	0.00380	0.00431	0.00319	0.00295	0.00500	0.10343	0.00580	0.00650	0.00897	0.00588	0.01565	0.80930	0.00337	0.00567	0.00247	0.00135	0.00223
4	0.00436	0.00495	0.10700	0.81295	0.01516	0.00513	0.00661	0.00602	0.00462	0.00602	0.00408	0.00598	0.00304	0.00228	0.00228	0.00076	0.00310	0.00200	0.00101	0.00264
5	0.93554	0.00444	0.00337	0.00302	0.00444	0.00515	0.00249	0.00675	0.00391	0.01030	0.00320	0.00373	0.00249	0.00213	0.00142	0.00071	0.00178	0.00124	0.00142	0.00249
6	0.00454	0.00385	0.00453	0.00338	0.00521	0.00293	0.00265	0.00549	0.00472	0.00730	0.00503	0.10627	0.00471	0.00231	0.00184	0.00041	0.00166	0.00193	0.00145	0.82980
7	0.00421	0.00384	0.00636	0.79227	0.01414	0.00471	0.00580	0.00568	0.00481	0.00630	0.10418	0.00740	0.00519	0.00257	0.00233	0.00076	0.00280	0.00228	0.02189	0.00250
8	0.00394	0.00269	0.00299	0.00281	0.00302	0.00277	0.00172	0.10273	0.00417	0.00556	0.00704	0.01396	0.00785	0.81743	0.01064	0.00205	0.00226	0.00320	0.00149	0.00167
9	0.00568	0.00545	0.00932	0.01409	0.90501	0.00545	0.00704	0.00704	0.00523	0.00750	0.00432	0.00568	0.00364	0.00205	0.00227	0.00068	0.00273	0.00205	0.00114	0.00364
10	0.00568	0.00545	0.00932	0.01409	0.90501	0.00545	0.00704	0.00704	0.00523	0.00750	0.00432	0.00568	0.00364	0.00205	0.00227	0.00068	0.00273	0.00205	0.00114	0.00364
11	0.00279	0.00238	0.00240	0.00239	0.00317	0.00202	0.00179	0.00350	0.02301	0.00634	0.04447	0.02170	0.86476	0.00573	0.00271	0.00077	0.00117	0.00478	0.00215	0.00198
12	0.00438	0.00407	0.00683	0.85169	0.04853	0.00502	0.00625	0.00589	0.00462	0.00601	0.00420	0.00618	0.00317	0.00230	0.00227	0.00075	0.00299	0.00204	0.03023	0.00258
13	0.00433	0.00408	0.00688	0.91381	0.01581	0.00510	0.00637	0.00586	0.00459	0.00586	0.00408	0.00612	0.00306	0.00229	0.00229	0.00076	0.00306	0.00204	0.00102	0.00255
14	0.00280	0.00200	0.00266	0.00320	0.00333	0.00186	0.00213	0.00320	0.00439	0.00586	0.01265	0.91783	0.01518	0.00719	0.00293	0.00093	0.00133	0.00653	0.00213	0.00186
15	0.93554	0.00444	0.00337	0.00302	0.00444	0.00515	0.00249	0.00675	0.00391	0.01030	0.00320	0.00373	0.00249	0.00213	0.00142	0.00071	0.00178	0.00124	0.00142	0.00249
16	0.00988	0.00398	0.00531	0.00411	0.00583	0.00354	0.00338	0.04402	0.03273	0.81890	0.03723	0.00804	0.00616	0.00290	0.00232	0.00071	0.00194	0.00237	0.00280	0.00384
17	0.00280	0.00200	0.00266	0.00320	0.00333	0.00186	0.00213	0.00320	0.00439	0.00586	0.01265	0.91783	0.01518	0.00719	0.00293	0.00093	0.00133	0.00653	0.00213	0.00186
18	0.00476	0.00408	0.00476	0.00340	0.00544	0.00306	0.00272	0.00578	0.00476	0.00748	0.00408	0.00476	0.00340	0.00170	0.00170	0.00034	0.00170	0.00136	0.00136	0.93336
19	0.93554	0.00444	0.00337	0.00302	0.00444	0.00515	0.00249	0.00675	0.00391	0.01030	0.00320	0.00373	0.00249	0.00213	0.00142	0.00071	0.00178	0.00124	0.00142	0.00249
20	0.00280	0.00200	0.00266	0.00320	0.00333	0.00186	0.00213	0.00320	0.00439	0.00586	0.01265	0.91783	0.01518	0.00719	0.00293	0.00093	0.00133	0.00653	0.00213	0.00186
21	0.00565	0.00487	0.00514	0.00463	0.00591	0.00563	0.00360	0.01202	0.88103	0.00959	0.02918	0.00875	0.00733	0.00315	0.00234	0.00078	0.00180	0.00263	0.00234	0.00360
22	0.02147	0.00637	0.00672	0.05234	0.00746	0.04350	0.00440	0.74777	0.06522	0.01330	0.00556	0.00565	0.00399	0.00273	0.00228	0.00069	0.00256	0.00206	0.00218	0.00375
23	0.00566	0.00545	0.00936	0.02777	0.87383	0.00546	0.02453	0.00703	0.00522	0.00747	0.00432	0.00570	0.00362	0.00205	0.00228	0.00068	0.00275	0.00206	0.00113	0.00361
24	0.03058	0.00465	0.00744	0.64140	0.16686	0.02404	0.03942	0.04635	0.00503	0.00670	0.00417	0.00591	0.00319	0.00226	0.00228	0.00074	0.00300	0.00203	0.00112	0.00282
25	0.00472	0.00403	0.00471	0.00340	0.00539	0.00303	0.00271	0.00572	0.00475	0.00744	0.00427	0.02526	0.00366	0.00182	0.00173	0.00035	0.00169	0.00148	0.00138	0.91244
26	0.03706	0.00439	0.00700	0.66898	0.16882	0.01930	0.00613	0.00614	0.01595	0.00636	0.00481	0.00651	0.03431	0.00238	0.00227	0.00075	0.00289	0.00211	0.00111	0.00273
27	0.00890	0.02375	0.00520	0.00401	0.00559	0.01916	0.00327	0.01861	0.07614	0.67873	0.11404	0.00894	0.01681	0.00308	0.00234	0.00071	0.00189	0.00253	0.00268	0.00362
28	0.76631	0.00416	0.00355	0.05855	0.00501	0.00479	0.00268	0.00640	0.00426	0.00990	0.11187	0.00549	0.00483	0.00245	0.00163	0.00072	0.00177	0.00164	0.00153	0.00245
29	0.02698	0.00695	0.00674	0.03933	0.02430	0.15220	0.00444	0.65437	0.04198	0.01233	0.00521	0.00539	0.00380	0.00266	0.00224	0.00068	0.00277	0.00197	0.00203	0.00361
30	0.02241	0.75262	0.02994	0.00441	0.02552	0.09836	0.00412	0.02117	0.00496	0.01418	0.00336	0.00386	0.00299	0.00203	0.00158	0.00052	0.00263	0.00130	0.00105	0.00296

[dist]
# distance from previous block
# <min> <max>
0	3

[block]
# block no. 1 follows, 132 sequences, length 110
# corresponding to MSA columns:
# 34-143
name=unknown_B
#
# <colnr> <probs for GDERKNQSTAVLIFYWHMCP>
#	G	D	E	R	K	N	Q	S	T	A	V	L	I	F	Y	W	H	M	C	P
0	0.00452	0.00427	0.00725	0.79655	0.07505	0.00516	0.03922	0.02100	0.00477	0.00618	0.00431	0.00623	0.01125	0.00230	0.00231	0.00076	0.00304	0.00209	0.00106	0.00266
1	0.00831	0.01045	0.00645	0.00597	0.02307	0.84157	0.00442	0.00916	0.04182	0.00580	0.00384	0.00443	0.00318	0.00266	0.01866	0.00066	0.00406	0.00155	0.00123	0.00271
2	0.00547	0.00617	0.01332	0.00952	0.01183	0.00579	0.86956	0.02327	0.00551	0.00748	0.00465	0.00616	0.00349	0.00195	0.00269	0.00077	0.00382	0.00268	0.00118	0.01469
3	0.00799	0.00581	0.00632	0.00496	0.00660	0.00634	0.00404	0.75438	0.00978	0.02946	0.00616	0.08954	0.00496	0.00326	0.00250	0.02331	0.00237	0.00246	0.00224	0.02751
4	0.00441	0.00415	0.00689	0.85945	0.01523	0.00522	0.00629	0.01315	0.00459	0.00592	0.00404	0.00606	0.00306	0.00239	0.00257	0.00078	0.05019	0.00204	0.00103	0.00256
5	0.00743	0.00556	0.00610	0.00464	0.00647	0.00572	0.00379	0.59718	0.00877	0.02957	0.00539	0.02840	0.00414	0.01537	0.00228	0.00062	0.00225	0.00200	0.00203	0.26230
6	0.70767	0.00457	0.00408	0.06884	0.02160	0.01283	0.00302	0.09120	0.00479	0.01023	0.05033	0.00481	0.00368	0.00234	0.00165	0.00071	0.00194	0.00155	0.00153	0.00263
7	0.00563	0.00541	0.00923	0.04536	0.87410	0.00544	0.00702	0.00700	0.00520	0.00744	0.00431	0.00570	0.00362	0.00205	0.00227	0.00068	0.00274	0.00205	0.00113	0.00360
8	0.00571	0.00555	0.00918	0.03966	0.85778	0.02737	0.00696	0.00706	0.00524	0.00741	0.00429	0.00566	0.00360	0.00206	0.00227	0.00068	0.00277	0.00203	0.00113	0.00358
9	0.00873	0.00643	0.00689	0.00528	0.00712	0.00712	0.00436	0.89735	0.01079	0.01447	0.00551	0.00551	0.00390	0.00276	0.00230	0.00069	0.00253	0.00207	0.00230	0.00390
10	0.00542	0.00619	0.01354	0.00967	0.01200	0.00580	0.89667	0.00735	0.00542	0.00735	0.00464	0.00619	0.00348	0.00193	0.00271	0.00077	0.00387	0.00271	0.00116	0.00310
11	0.00328	0.00246	0.00368	0.00368	0.00408	0.00286	0.00285	0.00409	0.00369	0.00532	0.00616	0.00908	0.00576	0.02599	0.90149	0.00367	0.00611	0.00247	0.00123	0.00204
12	0.00452	0.00413	0.00676	0.85142	0.01510	0.00511	0.00617	0.04411	0.00486	0.00630	0.00423	0.00616	0.00317	0.00232	0.00228	0.00076	0.00299	0.00204	0.02498	0.00260
13	0.00271	0.00233	0.00233	0.00233	0.00310	0.00194	0.00174	0.00329	0.00523	0.00620	0.02325	0.02209	0.90408	0.00581	0.00271	0.00078	0.00116	0.00484	0.00213	0.00194
14	0.00433	0.00408	0.00688	0.91381	0.01581	0.00510	0.00637	0.00586	0.00459	0.00586	0.00408	0.00612	0.00306	0.00229	0.00229	0.00076	0.00306	0.00204	0.00102	0.00255
15	0.00280	0.00200	0.00266	0.00320	0.00333	0.00186	0.00213	0.00320	0.00439	0.00586	0.01265	0.91783	0.01518	0.00719	0.00293	0.00093	0.00133	0.00653	0.00213	0.00186
16	0.00465	0.01161	0.86897	0.00678	0.03167	0.00534	0.02503	0.00727	0.00487	0.00728	0.00413	0.00489	0.00294	0.00217	0.00219	0.00073	0.00339	0.00172	0.00098	0.00339
17	0.00460	0.01187	0.90743	0.00654	0.00994	0.00533	0.00848	0.00727	0.00485	0.00727	0.00412	0.00485	0.00291	0.00218	0.00218	0.00073	0.00339	0.00170	0.00097	0.00339
18	0.00568	0.00545	0.00932	0.01409	0.90501	0.00545	0.00704	0.00704	0.00523	0.00750	0.00432	0.00568	0.00364	0.00205	0.00227	0.00068	0.00273	0.00205	0.00114	0.00364
19	0.00542	0.00619	0.01354	0.00967	0.01200	0.00580	0.89667	0.00735	0.00542	0.00735	0.00464	0.00619	0.00348	0.00193	0.00271	0.00077	0.00387	0.00271	0.00116	0.00310
20	0.00568	0.00545	0.00932	0.01409	0.90501	0.00545	0.00704	0.00704	0.00523	0.00750	0.00432	0.00568	0.00364	0.00205	0.00227	0.00068	0.00273	0.00205	0.00114	0.00364
21	0.00280	0.00200	0.00266	0.00320	0.00333	0.00186	0.00213	0.00320	0.00439	0.00586	0.01265	0.91783	0.01518	0.00719	0.00293	0.00093	0.00133	0.00653	0.00213	0.00186
22	0.00433	0.00408	0.00688	0.91381	0.01581	0.00510	0.00637	0.00586	0.00459	0.00586	0.00408	0.00612	0.00306	0.00229	0.00229	0.00076	0.00306	0.00204	0.00102	0.00255
23	0.00334	0.00223	0.00250	0.00250	0.00250	0.00223	0.00139	0.00334	0.00334	0.00445	0.00723	0.01502	0.00835	0.91933	0.01168	0.00223	0.00223	0.00334	0.00139	0.00139
24	0.00502	0.00502	0.00703	0.00603	0.00603	0.00703	0.00502	0.00552	0.00352	0.00552	0.00301	0.00502	0.00301	0.00402	0.00753	0.00100	0.91513	0.00201	0.00100	0.00251
25	0.00328	0.00246	0.00369	0.00369	0.00410	0.00287	0.00287	0.00410	0.00369	0.00533	0.00615	0.00902	0.00574	0.01722	0.91023	0.00369	0.00615	0.00246	0.00123	0.00205
26	0.93554	0.00444	0.00337	0.00302	0.00444	0.00515	0.00249	0.00675	0.00391	0.01030	0.00320	0.00373	0.00249	0.00213	0.00142	0.00071	0.00178	0.00124	0.00142	0.00249
27	0.00280	0.00201	0.00266	0.00318	0.00333	0.00187	0.00212	0.00321	0.00443	0.00589	0.02016	0.89264	0.03292	0.00714	0.00292	0.00093	0.00133	0.00647	0.00213	0.00187
28	0.00581	0.00495	0.00522	0.00468	0.00599	0.00571	0.00364	0.02711	0.87711	0.01847	0.00928	0.00851	0.00694	0.00311	0.00233	0.00078	0.00183	0.00258	0.00234	0.00364
29	0.00460	0.01187	0.90743	0.00654	0.00994	0.00533	0.00848	0.00727	0.00485	0.00727	0.00412	0.00485	0.00291	0.00218	0.00218	0.00073	0.00339	0.00170	0.00097	0.00339
30	0.00446	0.00454	0.03454	0.79081	0.01523	0.00518	0.10082	0.00606	0.00469	0.00606	0.00414	0.00609	0.00310	0.00225	0.00234	0.00076	0.00316	0.00210	0.00103	0.00263
31	0.00542	0.00619	0.01354	0.00967	0.01200	0.00580	0.89667	0.00735	0.00542	0.00735	0.00464	0.00619	0.00348	0.00193	0.00271	0.00077	0.00387	0.00271	0.00116	0.00310
32	0.00280	0.00200	0.00266	0.00320	0.00333	0.00186	0.00213	0.00320	0.00439	0.00586	0.01265	0.91783	0.01518	0.00719	0.00293	0.00093	0.00133	0.00653	0.00213	0.00186
33	0.00281	0.00200	0.00267	0.00319	0.00332	0.00187	0.00212	0.00321	0.00440	0.00588	0.02082	0.90035	0.01517	0.01643	0.00302	0.00094	0.00134	0.00647	0.00213	0.00186
34	0.00581	0.00570	0.00915	0.01362	0.85521	0.04661	0.00689	0.00719	0.01420	0.00743	0.00433	0.00564	0.00364	0.00207	0.00226	0.00068	0.00278	0.00202	0.00115	0.00359
35	0.00329	0.00246	0.00367	0.00367	0.00408	0.00286	0.00286	0.00411	0.00370	0.00536	0.00616	0.00901	0.00574	0.01706	0.90024	0.00365	0.00609	0.00246	0.01146	0.00205
36	0.00323	0.00235	0.00304	0.00287	0.00342	0.00216	0.00215	0.00430	0.00645	0.00910	0.87389	0.01731	0.05163	0.00473	0.00271	0.00072	0.00109	0.00417	0.00251	0.00216
37	0.01553	0.00404	0.00661	0.80218	0.01442	0.00506	0.00600	0.00583	0.00453	0.00604	0.00418	0.00615	0.00320	0.00241	0.00256	0.00077	0.05704	0.00203	0.04889	0.00253
38	0.00271	0.00233	0.00233	0.00233	0.00310	0.00194	0.00174	0.00329	0.00523	0.00620	0.02325	0.02209	0.90408	0.00581	0.00271	0.00078	0.00116	0.00484	0.00213	0.00194
39	0.01030	0.00391	0.00533	0.00408	0.00586	0.00337	0.00337	0.01119	0.00657	0.90660	0.00906	0.00781	0.00568	0.00284	0.00231	0.00071	0.00195	0.00231	0.00284	0.00391
40	0.64604	0.00437	0.00421	0.11022	0.00608	0.00491	0.00314	0.03027	0.01168	0.15422	0.00435	0.00475	0.00314	0.00229	0.00170	0.00072	0.00197	0.00154	0.00163	0.00277
41	0.00567	0.00543	0.00923	0.02139	0.88250	0.00546	0.00698	0.00712	0.02030	0.00752	0.00440	0.00573	0.00369	0.00207	0.00227	0.00068	0.00271	0.00205	0.00116	0.00363
42	0.03393	0.00389	0.00524	0.00404	0.00578	0.00340	0.00333	0.01096	0.00650	0.86839	0.02406	0.00787	0.00587	0.00285	0.00229	0.00071	0.00193	0.00231	0.00280	0.00384
43	0.00568	0.00545	0.00932	0.01409	0.90501	0.00545	0.00704	0.00704	0.00523	0.00750	0.00432	0.00568	0.00364	0.00205	0.00227	0.00068	0.00273	0.00205	0.00114	0.00364
44	0.93554	0.00444	0.00337	0.00302	0.00444	0.00515	0.00249	0.00675	0.00391	0.01030	0.00320	0.00373	0.00249	0.00213	0.00142	0.00071	0.00178	0.00124	0.00142	0.00249
45	0.00813	0.00598	0.00650	0.00494	0.00681	0.00635	0.00407	0.72706	0.00969	0.03888	0.00538	0.00545	0.00387	0.00259	0.00220	0.00063	0.00238	0.00196	0.00216	0.15498
46	0.00571	0.00494	0.00530	0.00491	0.02905	0.00570	0.00372	0.01207	0.87787	0.00955	0.00921	0.00849	0.00692	0.00309	0.00233	0.00078	0.00184	0.00258	0.00230	0.00363
47	0.93554	0.00444	0.00337	0.00302	0.00444	0.00515	0.00249	0.00675	0.00391	0.01030	0.00320	0.00373	0.00249	0.00213	0.00142	0.00071	0.00178	0.00124	0.00142	0.00249
48	0.00500	0.00575	0.04956	0.11317	0.01138	0.00527	0.65107	0.00675	0.00519	0.00704	0.00529	0.09106	0.00450	0.00247	0.00263	0.00078	0.00347	0.00291	0.00123	0.02548
49	0.00324	0.00235	0.00305	0.00287	0.00342	0.00216	0.00216	0.00431	0.00647	0.00913	0.88164	0.01727	0.04387	0.00472	0.00271	0.00072	0.00108	0.00417	0.00252	0.00216
50	0.00280	0.00200	0.00266	0.00320	0.00333	0.00186	0.00213	0.00320	0.00439	0.00586	0.01265	0.91783	0.01518	0.00719	0.00293	0.00093	0.00133	0.00653	0.00213	0.00186
51	0.00280	0.00200	0.00266	0.00320	0.00333	0.00186	0.00213	0.00320	0.00439	0.00586	0.01265	0.91783	0.01518	0.00719	0.00293	0.00093	0.00133	0.00653	0.00213	0.00186
52	0.00542	0.00619	0.01354	0.00967	0.01200	0.00580	0.89667	0.00735	0.00542	0.00735	0.00464	0.00619	0.00348	0.00193	0.00271	0.00077	0.00387	0.00271	0.00116	0.00310
53	0.00280	0.00200	0.00266	0.00320	0.00333	0.00186	0.00213	0.00320	0.00439	0.00586	0.01265	0.91783	0.01518	0.00719	0.00293	0.00093	0.00133	0.00653	0.00213	0.00186
54	0.00279	0.00201	0.00265	0.00316	0.00332	0.00187	0.00212	0.00320	0.00442	0.00587	0.01303	0.88562	0.04715	0.00714	0.00292	0.00093	0.00133	0.00647	0.00213	0.00187
55	0.00460	0.01187	0.90743	0.00654	0.00994	0.00533	0.00848	0.00727	0.00485	0.00727	0.00412	0.00485	0.00291	0.00218	0.00218	0.00073	0.00339	0.00170	0.00097	0.00339
56	0.00370	0.00264	0.00370	0.00423	0.00476	0.00264	0.00370	0.00476	0.00528	0.00687	0.01215	0.02589	0.01321	0.00634	0.00317	0.00106	0.00211	0.88956	0.00211	0.00211
57	0.00433	0.00408	0.00688	0.91381	0.01581	0.00510	0.00637	0.00586	0.00459	0.00586	0.00408	0.00612	0.00306	0.00229	0.00229	0.00076	0.00306	0.00204	0.00102	0.00255
58	0.00280	0.00200	0.00266	0.00320	0.00333	0.00186	0.00213	0.00320	0.00439	0.00586	0.01265	0.91783	0.01518	0.00719	0.00293	0.00093	0.00133	0.00653	0.00213	0.00186
59	0.00614	0.92071	0.01203	0.00393	0.00589	0.00908	0.00393	0.00687	0.00466	0.00540	0.00319	0.00368	0.00295	0.00196	0.00147	0.00049	0.00245	0.00123	0.00098	0.00295
60	0.00857	0.01094	0.00651	0.00591	0.00710	0.91011	0.00444	0.00917	0.00651	0.00562	0.00355	0.00414	0.00296	0.00237	0.00207	0.00059	0.00414	0.00148	0.00118	0.00266
61	0.00287	0.00245	0.00249	0.00247	0.00327	0.00213	0.00187	0.00374	0.04662	0.00639	0.02892	0.02150	0.83947	0.00569	0.00270	0.00078	0.00121	0.02125	0.00214	0.00202
62	0.00279	0.00200	0.00266	0.00318	0.00332	0.00187	0.00212	0.00320	0.00441	0.00587	0.01288	0.89866	0.03421	0.00716	0.00293	0.00093	0.00133	0.00649	0.00213	0.00187
63	0.00334	0.00223	0.00250	0.00250	0.00250	0.00223	0.00139	0.00334	0.00334	0.00445	0.00723	0.01502	0.00835	0.91933	0.01168	0.00223	0.00223	0.00334	0.00139	0.00139
64	0.00433	0.00408	0.00688	0.91381	0.01581	0.00510	0.00637	0.00586	0.00459	0.00586	0.00408	0.00612	0.00306	0.00229	0.00229	0.00076	0.00306	0.00204	0.00102	0.00255
65	0.00281	0.00201	0.00268	0.00321	0.00335	0.00187	0.00215	0.00321	0.00441	0.00587	0.01265	0.90712	0.01516	0.00718	0.00293	0.00093	0.00134	0.01713	0.00213	0.00187
66	0.93554	0.00444	0.00337	0.00302	0.00444	0.00515	0.00249	0.00675	0.00391	0.01030	0.00320	0.00373	0.00249	0.00213	0.00142	0.00071	0.00178	0.00124	0.00142	0.00249
67	0.00369	0.00264	0.00368	0.00420	0.00473	0.00263	0.00367	0.00474	0.00528	0.00686	0.01231	0.02584	0.02570	0.00633	0.00316	0.00105	0.00210	0.87715	0.00211	0.00211
68	0.01014	0.00398	0.00535	0.00412	0.00588	0.00351	0.00340	0.03720	0.01875	0.86137	0.01585	0.00783	0.00577	0.00286	0.00231	0.00071	0.00196	0.00232	0.00282	0.00389
69	0.00817	0.00592	0.00642	0.00504	0.00670	0.00649	0.00411	0.78407	0.01004	0.03650	0.00633	0.09794	0.00509	0.00321	0.00236	0.00071	0.00239	0.00252	0.00229	0.00370
70	0.00571	0.00493	0.00519	0.00467	0.00597	0.00571	0.00363	0.01220	0.90086	0.00960	0.00934	0.00856	0.00701	0.00311	0.00234	0.00078	0.00182	0.00260	0.00234	0.00363
71	0.00274	0.00233	0.00236	0.00236	0.00313	0.00195	0.00178	0.00333	0.00525	0.00626	0.03734	0.02207	0.87664	0.00580	0.00272	0.00078	0.00118	0.01790	0.00214	0.00194
72	0.00480	0.00410	0.00478	0.00342	0.00546	0.00310	0.00274	0.01464	0.00482	0.00755	0.00409	0.00477	0.00340	0.00171	0.00171	0.00034	0.00171	0.00137	0.00137	0.92412
73	0.03185	0.00574	0.01200	0.17982	0.01250	0.00565	0.70333	0.00706	0.00522	0.00716	0.00450	0.00611	0.00337	0.00201	0.00259	0.00077	0.00366	0.00254	0.00114	0.00298
74	0.01030	0.00391	0.00533	0.00408	0.00586	0.00337	0.00337	0.01119	0.00657	0.90660	0.00906	0.00781	0.00568	0.00284	0.00231	0.00071	0.00195	0.00231	0.00284	0.00391
75	0.00433	0.00408	0.00688	0.91381	0.01581	0.00510	0.00637	0.00586	0.00459	0.00586	0.00408	0.00612	0.00306	0.00229	0.00229	0.00076	0.00306	0.00204	0.00102	0.00255
76	0.00542	0.00619	0.01354	0.00967	0.01200	0.00580	0.89667	0.00735	0.00542	0.00735	0.00464	0.00619	0.00348	0.00193	0.00271	0.00077	0.00387	0.00271	0.00116	0.00310
77	0.00282	0.00201	0.00266	0.00317	0.00330	0.00188	0.00210	0.00320	0.00436	0.00581	0.01246	0.88571	0.01494	0.03964	0.00324	0.00098	0.00136	0.00641	0.00210	0.00185
78	0.00324	0.00235	0.00306	0.00288	0.00343	0.00216	0.00216	0.00432	0.00648	0.00917	0.89331	0.01721	0.03217	0.00471	0.00271	0.00072	0.00108	0.00416	0.00252	0.00216
79	0.00857	0.01094	0.00651	0.00591	0.00710	0.91011	0.00444	0.00917	0.00651	0.00562	0.00355	0.00414	0.00296	0.00237	0.00207	0.00059	0.00414	0.00148	0.00118	0.00266
80	0.00502	0.00502	0.00703	0.00603	0.00603	0.00703	0.00502	0.00552	0.00352	0.00552	0.00301	0.00502	0.00301	0.00402	0.00753	0.00100	0.91513	0.00201	0.00100	0.00251
81	0.05365	0.00412	0.00674	0.85180	0.02884	0.00511	0.00618	0.00593	0.00456	0.00612	0.00404	0.00599	0.00304	0.00228	0.00225	0.00076	0.00299	0.00200	0.00104	0.00256
82	0.00502	0.00502	0.00703	0.00603	0.00603	0.00703	0.00502	0.00552	0.00352	0.00552	0.00301	0.00502	0.00301	0.00402	0.00753	0.00100	0.91513	0.00201	0.00100	0.00251
83	0.00273	0.00233	0.00235	0.00235	0.00311	0.00195	0.00176	0.00333	0.00528	0.00632	0.05720	0.02190	0.87005	0.00577	0.00271	0.00077	0.00116	0.00482	0.00215	0.00195
84	0.00283	0.00201	0.00265	0.00315	0.00328	0.00189	0.00208	0.00321	0.00433	0.00577	0.01231	0.86165	0.01476	0.06395	0.00347	0.00101	0.00139	0.00633	0.00208	0.00184
85	0.00324	0.00235	0.00306	0.00288	0.00343	0.00216	0.00216	0.00432	0.00648	0.00917	0.89330	0.01721	0.03218	0.00471	0.00271	0.00072	0.00108	0.00416	0.00252	0.00216
86	0.00857	0.01094	0.00651	0.00591	0.00710	0.91011	0.00444	0.00917	0.00651	0.00562	0.00355	0.00414	0.00296	0.00237	0.00207	0.00059	0.00414	0.00148	0.00118	0.00266
87	0.83543	0.09486	0.00426	0.00313	0.00461	0.01379	0.00265	0.00678	0.00400	0.00977	0.00320	0.00373	0.00254	0.00212	0.00143	0.00069	0.00186	0.00124	0.00138	0.00253
88	0.05207	0.00410	0.00640	0.71138	0.01336	0.00510	0.00570	0.02692	0.00462	0.00643	0.00421	0.00607	0.00324	0.00258	0.01036	0.00079	0.07482	0.00201	0.05729	0.00255
89	0.00285	0.00241	0.00250	0.00857	0.00334	0.00209	0.00192	0.00361	0.02726	0.00635	0.03370	0.03346	0.81156	0.00575	0.00272	0.00079	0.00124	0.04573	0.00213	0.00199
90	0.00324	0.00235	0.00305	0.00287	0.00342	0.00216	0.00216	0.00431	0.00647	0.00913	0.88245	0.01727	0.04305	0.00472	0.00271	0.00072	0.00108	0.00417	0.00252	0.00216
91	0.00628	0.86622	0.01170	0.00405	0.00596	0.06305	0.00396	0.00701	0.00477	0.00541	0.00321	0.00371	0.00295	0.00199	0.00151	0.00050	0.00256	0.00124	0.00099	0.00293
92	0.00271	0.00233	0.00233	0.00233	0.00310	0.00194	0.00174	0.00329	0.00523	0.00620	0.02325	0.02209	0.90408	0.00581	0.00271	0.00078	0.00116	0.00484	0.00213	0.00194
93	0.00482	0.00408	0.00477	0.00341	0.00544	0.00306	0.00273	0.00584	0.00478	0.01694	0.00413	0.00479	0.00342	0.00171	0.00171	0.00034	0.00170	0.00137	0.00138	0.92358
94	0.00872	0.00662	0.00687	0.00531	0.00712	0.04587	0.00437	0.85924	0.01061	0.01409	0.00543	0.00545	0.00386	0.00274	0.00229	0.00068	0.00260	0.00204	0.00225	0.00385
95	0.00328	0.00246	0.00369	0.00369	0.00410	0.00287	0.00287	0.00410	0.00369	0.00533	0.00615	0.00902	0.00574	0.01722	0.91023	0.00369	0.00615	0.00246	0.00123	0.00205
96	0.00433	0.00408	0.00688	0.91381	0.01581	0.00510	0.00637	0.00586	0.00459	0.00586	0.00408	0.00612	0.00306	0.00229	0.00229	0.00076	0.00306	0.00204	0.00102	0.00255
97	0.00428	0.00214	0.00214	0.00214	0.00267	0.00214	0.00160	0.00535	0.00481	0.00856	0.00749	0.00856	0.00588	0.00267	0.00160	0.00053	0.00107	0.00214	0.93207	0.00214
98	0.00568	0.00545	0.00932	0.01409	0.90501	0.00545	0.00704	0.00704	0.00523	0.00750	0.00432	0.00568	0.00364	0.00205	0.00227	0.00068	0.00273	0.00205	0.00114	0.00364
99	0.00489	0.00416	0.00483	0.00346	0.00549	0.00319	0.00277	0.03438	0.00495	0.00770	0.00413	0.00478	0.00342	0.00173	0.00172	0.00035	0.00173	0.00138	0.00139	0.90355
100	0.02639	0.00436	0.00753	0.74248	0.01458	0.00525	0.10686	0.00602	0.00462	0.00612	0.00421	0.00613	0.00939	0.00235	0.00256	0.00078	0.04460	0.00212	0.00105	0.00260
101	0.00614	0.92071	0.01203	0.00393	0.00589	0.00908	0.00393	0.00687	0.00466	0.00540	0.00319	0.00368	0.00295	0.00196	0.00147	0.00049	0.00245	0.00123	0.00098	0.00295
102	0.00276	0.00235	0.00237	0.00237	0.00313	0.00199	0.00177	0.00340	0.01595	0.00621	0.02268	0.03856	0.86494	0.01781	0.00283	0.00080	0.00119	0.00483	0.00212	0.00195
103	0.00271	0.00232	0.00233	0.00234	0.00310	0.00194	0.00175	0.00329	0.00522	0.00620	0.02313	0.03249	0.89376	0.00583	0.00272	0.00078	0.00116	0.00486	0.00213	0.00194
104	0.00591	0.00499	0.00529	0.01093	0.00607	0.00574	0.00368	0.08735	0.79682	0.00993	0.00901	0.01481	0.00681	0.00313	0.00234	0.00077	0.00188	0.00952	0.01142	0.00361
105	0.03233	0.00345	0.00452	0.00366	0.00502	0.00309	0.00295	0.00872	0.03481	0.53785	0.30265	0.01072	0.01083	0.00341	0.00240	0.00071	0.00165	0.00287	0.00265	0.02572
106	0.01515	0.00457	0.00757	0.59728	0.28745	0.00526	0.00646	0.02784	0.01403	0.00666	0.00423	0.00597	0.00329	0.00224	0.00228	0.00074	0.00292	0.00204	0.00110	0.00293
107	0.00623	0.81193	0.03872	0.00417	0.00609	0.06103	0.00412	0.00702	0.00476	0.01177	0.00328	0.00381	0.00297	0.00205	0.00168	0.00052	0.02463	0.00128	0.00101	0.00294
108	0.00522	0.18862	0.64160	0.00635	0.05948	0.00598	0.00728	0.00735	0.00491	0.04709	0.00417	0.00480	0.00308	0.00216	0.00205	0.00068	0.00311	0.00165	0.00106	0.00334
109	0.00539	0.00625	0.04264	0.00966	0.07731	0.00570	0.76312	0.00726	0.00534	0.00734	0.00456	0.00605	0.00347	0.00197	0.00270	0.00076	0.01616	0.00258	0.00116	0.03060

[dist]
# distance from previous block
# <min> <max>
0	1

[block]
# block no. 2 follows, 132 sequences, length 6
# corresponding to MSA columns:
# 145-150
name=unknown_C
#
# <colnr> <probs for GDERKNQSTAVLIFYWHMCP>
#	G	D	E	R	K	N	Q	S	T	A	V	L	I	F	Y	W	H	M	C	P
0	0.00579	0.00577	0.00925	0.05343	0.76495	0.06169	0.05133	0.00714	0.00529	0.00730	0.00428	0.00563	0.00356	0.00207	0.00228	0.00068	0.00289	0.00204	0.00114	0.00350
1	0.00826	0.00609	0.00661	0.00514	0.00686	0.00675	0.00423	0.82063	0.01018	0.01368	0.00557	0.00581	0.00406	0.00400	0.08028	0.00095	0.00284	0.00210	0.00220	0.00374
2	0.00447	0.00419	0.00697	0.63174	0.20507	0.00486	0.00608	0.00586	0.00475	0.00623	0.00551	0.04994	0.04950	0.00265	0.00234	0.00076	0.00281	0.00240	0.00115	0.00272
3	0.00842	0.05136	0.00560	0.00420	0.00579	0.00439	0.00344	0.10425	0.17277	0.51738	0.09036	0.00835	0.00706	0.00301	0.00231	0.00071	0.00193	0.00245	0.00257	0.00365
4	0.00307	0.00220	0.00298	0.00351	0.00377	0.00210	0.00261	0.00368	0.00467	0.00617	0.01250	0.64323	0.01458	0.00693	0.00300	0.00097	0.00157	0.27838	0.00213	0.00194
5	0.00285	0.00231	0.00253	0.00251	0.00319	0.00199	0.00187	0.00354	0.00549	0.00692	0.23861	0.07304	0.63588	0.00562	0.00272	0.00077	0.00115	0.00477	0.00223	0.00199

[dist]
# distance from previous block
# <min> <max>
0	3

[block]
# block no. 3 follows, 132 sequences, length 6
# corresponding to MSA columns:
# 154-159
name=unknown_D
#
# <colnr> <probs for GDERKNQSTAVLIFYWHMCP>
#	G	D	E	R	K	N	Q	S	T	A	V	L	I	F	Y	W	H	M	C	P
0	0.00534	0.00590	0.01223	0.04195	0.06425	0.00573	0.71141	0.00709	0.00521	0.00718	0.00447	0.00602	0.00344	0.00209	0.00297	0.00077	0.06813	0.00254	0.00115	0.04213
1	0.07229	0.04735	0.00645	0.00550	0.00678	0.69044	0.00422	0.06421	0.06977	0.00676	0.00404	0.00449	0.00327	0.00241	0.00203	0.00061	0.00364	0.00157	0.00134	0.00281
2	0.00395	0.03437	0.00402	0.00357	0.00409	0.00335	0.00272	0.08614	0.00469	0.00659	0.10180	0.05613	0.00797	0.15476	0.45204	0.00243	0.03289	0.00288	0.03346	0.00217
3	0.00285	0.00202	0.00265	0.00312	0.00324	0.00190	0.00205	0.00321	0.00428	0.00571	0.01208	0.82192	0.01446	0.10409	0.00386	0.00107	0.00143	0.00619	0.00205	0.00181
4	0.04980	0.73661	0.05411	0.00415	0.00610	0.07072	0.00409	0.00721	0.00484	0.03985	0.00348	0.00393	0.00303	0.00204	0.00158	0.00053	0.00257	0.00131	0.00109	0.00296
5	0.00873	0.00643	0.00689	0.00528	0.00712	0.00712	0.00436	0.89735	0.01079	0.01447	0.00551	0.00551	0.00390	0.00276	0.00230	0.00069	0.00253	0.00207	0.00230	0.00390

[dist]
# distance from previous block
# <min> <max>
2	5

[block]
# block no. 4 follows, 132 sequences, length 11
# corresponding to MSA columns:
# 165-175
name=unknown_E
#
# <colnr> <probs for GDERKNQSTAVLIFYWHMCP>
#	G	D	E	R	K	N	Q	S	T	A	V	L	I	F	Y	W	H	M	C	P
0	0.02200	0.02874	0.64179	0.00775	0.13192	0.02592	0.09552	0.00727	0.00497	0.00729	0.00415	0.00503	0.00306	0.00214	0.00221	0.00072	0.00332	0.00182	0.00102	0.00335
1	0.04766	0.01028	0.70530	0.00664	0.06594	0.00513	0.02725	0.00709	0.00483	0.00745	0.00410	0.00487	0.00299	0.00212	0.00212	0.00069	0.00313	0.00169	0.00104	0.08968
2	0.00289	0.00207	0.00276	0.00321	0.00341	0.00194	0.00221	0.00340	0.00468	0.00629	0.11493	0.77221	0.01583	0.00686	0.00292	0.00091	0.00134	0.04806	0.00218	0.00191
3	0.00517	0.00407	0.00480	0.00345	0.00547	0.00308	0.00277	0.00618	0.00489	0.07368	0.00445	0.00498	0.00357	0.00178	0.00174	0.00037	0.00172	0.00143	0.00147	0.86493
4	0.00582	0.00586	0.00945	0.03840	0.73533	0.06774	0.08943	0.00719	0.00531	0.00731	0.00429	0.00563	0.00356	0.00206	0.00230	0.00069	0.00294	0.00207	0.00114	0.00349
5	0.00500	0.03495	0.00709	0.00588	0.00596	0.00696	0.00492	0.00552	0.00356	0.00551	0.00312	0.00511	0.00310	0.00438	0.03692	0.00108	0.85542	0.00200	0.00101	0.00251
6	0.00280	0.00200	0.00266	0.00320	0.00333	0.00186	0.00213	0.00320	0.00439	0.00586	0.01265	0.91783	0.01518	0.00719	0.00293	0.00093	0.00133	0.00653	0.00213	0.00186
7	0.00545	0.00463	0.00493	0.00449	0.00568	0.00529	0.00347	0.03573	0.76987	0.00930	0.00990	0.09323	0.03076	0.00355	0.00240	0.00079	0.00177	0.00300	0.00231	0.00343
8	0.00284	0.00204	0.00263	0.00308	0.00324	0.00190	0.00204	0.00322	0.00434	0.00574	0.01270	0.78129	0.06287	0.09583	0.00377	0.00105	0.00141	0.00612	0.00206	0.00182
9	0.00500	0.02800	0.00737	0.03263	0.00666	0.04032	0.10886	0.00567	0.00390	0.00564	0.00375	0.00618	0.00365	0.08899	0.03520	0.00114	0.61131	0.00219	0.00107	0.00248
10	0.00548	0.00425	0.00510	0.01660	0.00572	0.00387	0.00318	0.02381	0.11836	0.09761	0.01784	0.01851	0.00447	0.00235	0.00243	0.00052	0.08655	0.00181	0.00164	0.57990

[dist]
# distance from previous block
# <min> <max>
2	7

[block]
# block no. 5 follows, 132 sequences, length 7
# corresponding to MSA columns:
# 185-191
name=unknown_F
#
# <colnr> <probs for GDERKNQSTAVLIFYWHMCP>
#	G	D	E	R	K	N	Q	S	T	A	V	L	I	F	Y	W	H	M	C	P
0	0.00367	0.00275	0.00385	0.00376	0.00421	0.00317	0.00290	0.05811	0.00418	0.00599	0.00655	0.07781	0.00633	0.04396	0.69856	0.00306	0.04003	0.00275	0.02620	0.00215
1	0.00559	0.00596	0.07404	0.01331	0.79166	0.00546	0.05604	0.00708	0.00521	0.00747	0.00432	0.00565	0.00358	0.00205	0.00229	0.00069	0.00284	0.00206	0.00113	0.00359
2	0.93554	0.00444	0.00337	0.00302	0.00444	0.00515	0.00249	0.00675	0.00391	0.01030	0.00320	0.00373	0.00249	0.00213	0.00142	0.00071	0.00178	0.00124	0.00142	0.00249
3	0.00389	0.00283	0.00347	0.00359	0.00406	0.00286	0.00260	0.14260	0.02944	0.00749	0.05555	0.62773	0.01323	0.03056	0.00305	0.00092	0.00159	0.06014	0.00216	0.00225
4	0.00320	0.00234	0.00299	0.00283	0.00340	0.00214	0.00212	0.00423	0.00637	0.00890	0.81566	0.01764	0.10999	0.00480	0.00271	0.00073	0.00109	0.00422	0.00249	0.00214
5	0.00821	0.01022	0.00665	0.00647	0.07519	0.79593	0.00459	0.00916	0.05142	0.00596	0.00390	0.00448	0.00321	0.00238	0.00210	0.00061	0.00392	0.00158	0.00124	0.00278
6	0.00537	0.00603	0.01284	0.04451	0.04627	0.00582	0.78878	0.00720	0.00529	0.00722	0.00454	0.00612	0.00345	0.00204	0.00289	0.00078	0.04400	0.00263	0.00115	0.00307

[dist]
# distance from previous block
# <min> <max>
0	3

[block]
# block no. 6 follows, 132 sequences, length 9
# corresponding to MSA columns:
# 195-203
name=unknown_G
#
# <colnr> <probs for GDERKNQSTAVLIFYWHMCP>
#	G	D	E	R	K	N	Q	S	T	A	V	L	I	F	Y	W	H	M	C	P
0	0.00275	0.00233	0.00237	0.00236	0.00312	0.00195	0.00177	0.00336	0.00531	0.00638	0.07682	0.02179	0.85039	0.00575	0.00271	0.00077	0.00116	0.00480	0.00216	0.00195
1	0.00294	0.00245	0.00252	0.00249	0.00326	0.00212	0.00186	0.03350	0.00542	0.00655	0.04891	0.06603	0.80254	0.00574	0.00271	0.00078	0.00121	0.00481	0.00215	0.00201
2	0.00620	0.80681	0.08331	0.00414	0.00621	0.00853	0.00427	0.00710	0.00476	0.04609	0.00353	0.00396	0.00307	0.00202	0.00157	0.00052	0.00251	0.00131	0.00106	0.00302
3	0.00814	0.00652	0.00680	0.10375	0.00802	0.08502	0.00456	0.69572	0.03807	0.01261	0.00531	0.00556	0.00383	0.00268	0.00228	0.00069	0.00270	0.00203	0.00206	0.00364
4	0.00574	0.00603	0.03947	0.01281	0.70153	0.04722	0.13899	0.00720	0.00530	0.00738	0.00432	0.00566	0.00356	0.00205	0.00232	0.00069	0.00298	0.00211	0.00114	0.00350
5	0.03506	0.00260	0.00344	0.03250	0.00384	0.00274	0.00235	0.09129	0.00400	0.00567	0.00452	0.00711	0.00421	0.03566	0.02413	0.66313	0.00209	0.00204	0.07209	0.00150
6	0.00358	0.00250	0.00311	0.00290	0.00357	0.00229	0.00220	0.00473	0.03346	0.05342	0.67656	0.01729	0.17620	0.00475	0.00268	0.00073	0.00116	0.00413	0.00247	0.00226
7	0.79814	0.03079	0.00396	0.00327	0.00474	0.00537	0.00271	0.06908	0.02682	0.03276	0.00366	0.00407	0.00279	0.00221	0.00153	0.00070	0.00185	0.00136	0.00153	0.00266
8	0.00280	0.00200	0.00266	0.00320	0.00333	0.00186	0.00213	0.00320	0.00439	0.00586	0.01265	0.91783	0.01518	0.00719	0.00293	0.00093	0.00133	0.00653	0.00213	0.00186

[dist]
# distance from previous block
# <min> <max>
0	1

[block]
# block no. 7 follows, 132 sequences, length 15
# corresponding to MSA columns:
# 205-219
name=unknown_H
#
# <colnr> <probs for GDERKNQSTAVLIFYWHMCP>
#	G	D	E	R	K	N	Q	S	T	A	V	L	I	F	Y	W	H	M	C	P
0	0.00563	0.00543	0.00935	0.04415	0.85028	0.00545	0.03183	0.00701	0.00521	0.00744	0.00432	0.00571	0.00361	0.00205	0.00229	0.00069	0.00277	0.00206	0.00113	0.00358
1	0.00271	0.00233	0.00233	0.00233	0.00310	0.00194	0.00174	0.00329	0.00523	0.00620	0.02325	0.02209	0.90408	0.00581	0.00271	0.00078	0.00116	0.00484	0.00213	0.00194
2	0.00843	0.01066	0.00665	0.00634	0.05354	0.86332	0.00457	0.00906	0.00644	0.00572	0.00359	0.00422	0.00299	0.00235	0.00208	0.00060	0.00407	0.00151	0.00118	0.00271
3	0.00460	0.01187	0.90743	0.00654	0.00994	0.00533	0.00848	0.00727	0.00485	0.00727	0.00412	0.00485	0.00291	0.00218	0.00218	0.00073	0.00339	0.00170	0.00097	0.00339
4	0.00282	0.00201	0.00266	0.00317	0.00330	0.00188	0.00210	0.00320	0.00435	0.00580	0.01244	0.88270	0.01492	0.04269	0.00327	0.00098	0.00137	0.00640	0.00210	0.00185
5	0.00280	0.00200	0.00266	0.00320	0.00333	0.00186	0.00213	0.00320	0.00439	0.00586	0.01265	0.91783	0.01518	0.00719	0.00293	0.00093	0.00133	0.00653	0.00213	0.00186
6	0.00322	0.00235	0.00303	0.00286	0.00341	0.00215	0.00214	0.00428	0.00643	0.00905	0.85826	0.01740	0.06730	0.00475	0.00271	0.00072	0.00109	0.00419	0.00251	0.00215
7	0.00325	0.00235	0.00307	0.00289	0.00343	0.00217	0.00217	0.00433	0.00650	0.00921	0.90380	0.01715	0.02166	0.00469	0.00271	0.00072	0.00108	0.00415	0.00253	0.00217
8	0.00460	0.01187	0.90743	0.00654	0.00994	0.00533	0.00848	0.00727	0.00485	0.00727	0.00412	0.00485	0.00291	0.00218	0.00218	0.00073	0.00339	0.00170	0.00097	0.00339
9	0.00328	0.00246	0.00369	0.00369	0.00410	0.00287	0.00287	0.00410	0.00369	0.00533	0.00615	0.00902	0.00574	0.01722	0.91023	0.00369	0.00615	0.00246	0.00123	0.00205
10	0.00328	0.00246	0.00369	0.00369	0.00410	0.00287	0.00287	0.00410	0.00369	0.00533	0.00615	0.00902	0.00574	0.01722	0.91023	0.00369	0.00615	0.00246	0.00123	0.00205
11	0.00873	0.00643	0.00689	0.00528	0.00712	0.00712	0.00436	0.89735	0.01079	0.01447	0.00551	0.00551	0.00390	0.00276	0.00230	0.00069	0.00253	0.00207	0.00230	0.00390
12	0.00433	0.00408	0.00688	0.91381	0.01581	0.00510	0.00637	0.00586	0.00459	0.00586	0.00408	0.00612	0.00306	0.00229	0.00229	0.00076	0.00306	0.00204	0.00102	0.00255
13	0.00541	0.00613	0.01321	0.00968	0.03670	0.00584	0.84196	0.00728	0.00535	0.00730	0.00458	0.00614	0.00347	0.00201	0.00286	0.00078	0.03441	0.00267	0.00116	0.00309
14	0.00580	0.00473	0.00504	0.00451	0.00580	0.00537	0.00351	0.01165	0.80133	0.05929	0.01010	0.00927	0.05681	0.00325	0.00236	0.00077	0.00179	0.00270	0.00235	0.00355

[dist]
# distance from previous block
# <min> <max>
0	2

# created by:
# /share/home/app/bin/augustus-3.3.1/scripts/msa2prfl.pl /dev/shm/tmp/pt-rosids/msas/rps4.aln --setname=rps4
