[name]
rps8

[dist]
# distance from previous block
# <min> <max>
0	0

[block]
# block no. 0 follows, 129 sequences, length 53
# corresponding to MSA columns:
# 0-52
name=unknown_A
#
# <colnr> <probs for GDERKNQSTAVLIFYWHMCP>
#	G	D	E	R	K	N	Q	S	T	A	V	L	I	F	Y	W	H	M	C	P
0	0.00377	0.00270	0.00377	0.00431	0.00485	0.00270	0.00377	0.00485	0.00539	0.00701	0.01240	0.02641	0.01348	0.00647	0.00323	0.00108	0.00216	0.88733	0.00216	0.00216
1	0.69557	0.00534	0.00434	0.00371	0.00523	0.06180	0.00303	0.18093	0.00553	0.01104	0.00375	0.00419	0.00285	0.00231	0.00167	0.00071	0.00211	0.00145	0.00161	0.00283
2	0.00531	0.00507	0.00862	0.33342	0.58786	0.00544	0.00694	0.00676	0.00510	0.00706	0.00432	0.00595	0.00350	0.00218	0.00233	0.00073	0.00290	0.00208	0.00112	0.00332
3	0.00631	0.90003	0.01215	0.00405	0.00604	0.02816	0.00402	0.00706	0.00480	0.00551	0.00326	0.00377	0.00301	0.00201	0.00152	0.00050	0.00254	0.00126	0.00101	0.00300
4	0.00572	0.00485	0.00514	0.00459	0.00593	0.00549	0.00357	0.01174	0.80600	0.02475	0.00998	0.00922	0.04934	0.00325	0.00237	0.00078	0.00182	0.00270	0.00234	0.04041
5	0.00278	0.00236	0.00240	0.00242	0.00318	0.00198	0.00180	0.00337	0.00532	0.00636	0.03618	0.06170	0.85025	0.00598	0.00278	0.00080	0.00119	0.00501	0.00218	0.00198
6	0.01858	0.00405	0.00542	0.00417	0.00596	0.00357	0.00344	0.04318	0.00681	0.84777	0.00932	0.00812	0.02242	0.00295	0.00235	0.00073	0.00200	0.00238	0.00285	0.00393
7	0.00669	0.68509	0.05887	0.00456	0.00648	0.19278	0.00436	0.00751	0.00515	0.00566	0.00338	0.00392	0.00301	0.00210	0.00167	0.00053	0.00291	0.00133	0.00104	0.00297
8	0.00288	0.00241	0.00252	0.00253	0.00327	0.00207	0.00188	0.00363	0.02561	0.00659	0.08312	0.08874	0.75486	0.00589	0.00278	0.00080	0.00121	0.00497	0.00221	0.00203
9	0.00279	0.00233	0.00243	0.00249	0.00320	0.00197	0.00184	0.00338	0.00527	0.00637	0.04586	0.12771	0.77420	0.00607	0.00279	0.00081	0.00120	0.00513	0.00219	0.00197
10	0.00582	0.00503	0.00529	0.00477	0.00609	0.00582	0.00371	0.01244	0.89887	0.00980	0.00953	0.00874	0.00715	0.00318	0.00238	0.00079	0.00185	0.00265	0.00238	0.00371
11	0.00856	0.00620	0.00675	0.00524	0.00701	0.00685	0.00432	0.80790	0.01038	0.03948	0.00577	0.00594	0.00416	0.00384	0.06558	0.00092	0.00282	0.00214	0.00228	0.00385
12	0.00277	0.00237	0.00237	0.00237	0.00316	0.00198	0.00178	0.00336	0.00534	0.00633	0.02372	0.02254	0.90215	0.00593	0.00277	0.00079	0.00119	0.00494	0.00217	0.00198
13	0.00444	0.00420	0.00715	0.89525	0.01606	0.00522	0.02307	0.00601	0.00470	0.00601	0.00417	0.00624	0.00313	0.00233	0.00235	0.00078	0.00314	0.00209	0.00104	0.00261
14	0.00875	0.01116	0.00664	0.00603	0.00724	0.90830	0.00452	0.00935	0.00664	0.00573	0.00362	0.00422	0.00302	0.00241	0.00211	0.00060	0.00422	0.00151	0.00121	0.00271
15	0.02327	0.00399	0.00533	0.00414	0.00589	0.00354	0.00340	0.01118	0.04570	0.82619	0.03570	0.00823	0.00629	0.00296	0.00236	0.00073	0.00196	0.00241	0.00285	0.00390
16	0.00628	0.89557	0.02153	0.00407	0.00607	0.02315	0.00406	0.00705	0.00479	0.00553	0.00327	0.00378	0.00300	0.00201	0.00152	0.00050	0.00254	0.00126	0.00100	0.00301
17	0.00382	0.00277	0.00378	0.00427	0.00484	0.00279	0.00371	0.00508	0.03745	0.00709	0.01265	0.02566	0.04117	0.00633	0.00319	0.00106	0.00211	0.82786	0.00216	0.00221
18	0.00793	0.21640	0.00790	0.00567	0.03536	0.55533	0.00441	0.01813	0.02388	0.05420	0.01486	0.00467	0.00351	0.00245	0.00221	0.00061	0.03669	0.00160	0.00129	0.00290
19	0.02804	0.00455	0.02432	0.72428	0.16178	0.00527	0.00656	0.00623	0.00478	0.00640	0.00418	0.00608	0.00320	0.00229	0.00231	0.00076	0.00304	0.00205	0.00107	0.00280
20	0.00577	0.00554	0.00946	0.03059	0.88708	0.00556	0.00717	0.00716	0.00532	0.00762	0.00440	0.00580	0.00370	0.00209	0.00232	0.00070	0.00279	0.00209	0.00116	0.00369
21	0.62197	0.00531	0.10784	0.17929	0.01824	0.00522	0.00406	0.00674	0.00429	0.00923	0.01764	0.00464	0.00302	0.00225	0.00174	0.00074	0.00225	0.00153	0.00133	0.00266
22	0.00550	0.00475	0.00508	0.03498	0.00616	0.01929	0.00370	0.02365	0.71080	0.00921	0.01023	0.02598	0.05431	0.00360	0.00247	0.00081	0.00192	0.07184	0.00229	0.00342
23	0.00321	0.00237	0.00300	0.00289	0.00344	0.00216	0.00215	0.00419	0.00630	0.00873	0.71932	0.07743	0.14589	0.00512	0.00278	0.00076	0.00113	0.00449	0.00249	0.00216
24	0.00457	0.00445	0.00794	0.79070	0.01560	0.00530	0.12598	0.00619	0.00480	0.00619	0.00424	0.00625	0.00318	0.00229	0.00240	0.00078	0.00323	0.00217	0.00106	0.00268
25	0.00279	0.00236	0.00241	0.00243	0.00318	0.00198	0.00181	0.00339	0.00535	0.00642	0.05332	0.06057	0.83412	0.00595	0.00278	0.00080	0.00119	0.00499	0.00219	0.00198
26	0.03034	0.00477	0.06834	0.01051	0.03628	0.00398	0.00375	0.04400	0.11678	0.35627	0.04589	0.03350	0.00595	0.00276	0.00221	0.00065	0.00201	0.00227	0.00217	0.22757
27	0.00795	0.00576	0.00630	0.00496	0.00655	0.00634	0.00403	0.71374	0.00959	0.03258	0.00590	0.00673	0.00454	0.07009	0.08652	0.00109	0.00286	0.00224	0.01175	0.01048
28	0.00593	0.00526	0.00535	0.00481	0.00613	0.03988	0.00374	0.01233	0.86520	0.00964	0.00931	0.00857	0.00699	0.00315	0.00237	0.00079	0.00194	0.00260	0.00234	0.00367
29	0.00820	0.01013	0.00660	0.00630	0.05461	0.76297	0.00455	0.01509	0.05631	0.00613	0.00448	0.00504	0.02412	0.00267	0.00941	0.00065	0.01692	0.00170	0.00130	0.00281
30	0.00290	0.00242	0.00253	0.00257	0.00333	0.00207	0.00196	0.01108	0.00536	0.00644	0.02238	0.05276	0.79990	0.00599	0.00281	0.00082	0.00127	0.06925	0.00217	0.00200
31	0.00640	0.00527	0.00537	0.00477	0.00613	0.05684	0.00372	0.01936	0.75413	0.08809	0.00927	0.00852	0.01527	0.00313	0.00237	0.00078	0.00200	0.00257	0.00236	0.00366
32	0.00486	0.03033	0.81917	0.00691	0.03260	0.00552	0.04291	0.00745	0.00499	0.01806	0.00427	0.00503	0.00304	0.00221	0.00223	0.00074	0.00343	0.00178	0.00102	0.00345
33	0.00834	0.01001	0.00678	0.00653	0.07586	0.72314	0.00466	0.07341	0.03197	0.00669	0.00405	0.00466	0.00331	0.00246	0.00221	0.00063	0.01441	0.00165	0.01635	0.00290
34	0.00283	0.00234	0.00245	0.00248	0.00318	0.00199	0.00182	0.00341	0.00528	0.00641	0.07087	0.09003	0.75437	0.03825	0.00311	0.00085	0.00123	0.00498	0.00217	0.00196
35	0.00350	0.00252	0.00309	0.00291	0.00357	0.00229	0.00219	0.02515	0.00634	0.03404	0.60955	0.05286	0.23313	0.00506	0.00275	0.00076	0.00119	0.00440	0.00247	0.00223
36	0.00583	0.00564	0.00939	0.02203	0.84289	0.02084	0.02012	0.00736	0.02917	0.00766	0.00453	0.00586	0.00378	0.00212	0.00232	0.00070	0.00280	0.00210	0.00119	0.00367
37	0.00280	0.00238	0.00242	0.00243	0.00321	0.00200	0.00184	0.00341	0.00534	0.00635	0.02337	0.02266	0.87488	0.00595	0.00278	0.00080	0.00122	0.03202	0.00217	0.00198
38	0.00286	0.00204	0.00272	0.00326	0.00340	0.00191	0.00217	0.00328	0.00452	0.00603	0.02666	0.90227	0.01559	0.00730	0.00299	0.00095	0.00135	0.00662	0.00218	0.00191
39	0.00290	0.00207	0.00276	0.00324	0.00339	0.00196	0.00217	0.00333	0.00447	0.00599	0.03494	0.82608	0.01505	0.04484	0.03383	0.00109	0.00155	0.00632	0.00212	0.00190
40	0.01402	0.00441	0.00758	0.79100	0.04544	0.00530	0.07315	0.01979	0.00486	0.00633	0.00423	0.00620	0.00318	0.00231	0.00236	0.00078	0.00315	0.00212	0.00108	0.00270
41	0.00470	0.01211	0.90557	0.00667	0.01014	0.00544	0.00865	0.00742	0.00494	0.00742	0.00420	0.00494	0.00297	0.00222	0.00222	0.00074	0.00346	0.00173	0.00099	0.00346
42	0.90926	0.00458	0.00354	0.00314	0.00460	0.00531	0.00259	0.03087	0.00417	0.01062	0.00332	0.00385	0.00258	0.00219	0.00147	0.00072	0.00183	0.00129	0.00147	0.00258
43	0.00341	0.00227	0.00255	0.00255	0.00255	0.00227	0.00142	0.00341	0.00341	0.00454	0.00738	0.01532	0.00851	0.91770	0.01192	0.00227	0.00227	0.00341	0.00142	0.00142
44	0.00279	0.00232	0.00244	0.00253	0.00321	0.00197	0.00185	0.00336	0.00521	0.00631	0.03330	0.17318	0.74119	0.00615	0.00280	0.00082	0.00121	0.00522	0.00218	0.00197
45	0.00490	0.03779	0.74821	0.00740	0.11034	0.00558	0.00818	0.00755	0.03507	0.00747	0.00438	0.00513	0.00319	0.00223	0.00222	0.00073	0.00330	0.00179	0.00106	0.00348
46	0.00875	0.01104	0.00665	0.00602	0.00724	0.88397	0.00452	0.03327	0.00675	0.00597	0.00367	0.00426	0.00304	0.00242	0.00212	0.00061	0.00418	0.00152	0.00124	0.00275
47	0.00380	0.00258	0.00334	0.00317	0.00382	0.00241	0.00245	0.00501	0.03040	0.05956	0.68667	0.02655	0.06550	0.00489	0.00278	0.00078	0.00128	0.09016	0.00252	0.00233
48	0.00442	0.00416	0.00702	0.91208	0.01613	0.00520	0.00650	0.00598	0.00468	0.00598	0.00416	0.00624	0.00312	0.00234	0.00234	0.00078	0.00312	0.00208	0.00104	0.00260
49	0.00574	0.00588	0.05225	0.01401	0.86050	0.00556	0.00726	0.00720	0.00531	0.00764	0.00440	0.00576	0.00367	0.00209	0.00231	0.00070	0.00281	0.00207	0.00115	0.00370
50	0.00496	0.00492	0.00682	0.00591	0.00598	0.01992	0.01753	0.00548	0.00375	0.00570	0.00408	0.09512	0.00431	0.00436	0.00707	0.00101	0.79693	0.00251	0.00114	0.00251
51	0.03566	0.00524	0.01020	0.23247	0.02696	0.00531	0.49311	0.03659	0.00553	0.00761	0.08937	0.03030	0.00548	0.00250	0.00260	0.00078	0.00327	0.00275	0.00135	0.00292
52	0.00476	0.01173	0.85361	0.00712	0.06192	0.00545	0.00857	0.00740	0.00497	0.00743	0.00421	0.00499	0.00301	0.00222	0.00223	0.00074	0.00342	0.00175	0.00100	0.00348

[dist]
# distance from previous block
# <min> <max>
2	4

[block]
# block no. 1 follows, 129 sequences, length 11
# corresponding to MSA columns:
# 59-69
name=unknown_B
#
# <colnr> <probs for GDERKNQSTAVLIFYWHMCP>
#	G	D	E	R	K	N	Q	S	T	A	V	L	I	F	Y	W	H	M	C	P
0	0.00584	0.00578	0.00906	0.01266	0.71953	0.06466	0.05144	0.00722	0.02211	0.00736	0.00459	0.00625	0.00395	0.04882	0.00292	0.00078	0.02018	0.00216	0.00120	0.00348
1	0.00498	0.09269	0.02172	0.00474	0.06089	0.11855	0.00351	0.07917	0.01611	0.00645	0.00608	0.03041	0.02036	0.11459	0.39324	0.00217	0.00428	0.00243	0.01516	0.00248
2	0.00349	0.00241	0.00288	0.00313	0.04424	0.00241	0.00171	0.00357	0.00354	0.00474	0.00745	0.04922	0.00856	0.84065	0.01113	0.00215	0.00226	0.00347	0.00144	0.00154
3	0.00303	0.00211	0.00273	0.00310	0.00323	0.00200	0.00203	0.00336	0.00439	0.00589	0.07560	0.65029	0.01426	0.17952	0.00487	0.03252	0.00154	0.00571	0.00202	0.00180
4	0.00374	0.00305	0.04749	0.00318	0.00399	0.00254	0.00259	0.03185	0.00654	0.04070	0.69925	0.01675	0.12003	0.00466	0.00271	0.00074	0.00131	0.00406	0.00246	0.00236
5	0.00288	0.00206	0.00274	0.00324	0.00340	0.00192	0.00218	0.00332	0.00460	0.00617	0.06227	0.86627	0.01585	0.00719	0.00298	0.00094	0.00134	0.00652	0.00220	0.00192
6	0.00597	0.00533	0.00536	0.00483	0.00615	0.04961	0.00375	0.01229	0.85558	0.00960	0.00924	0.00852	0.00695	0.00314	0.00237	0.00078	0.00197	0.00259	0.00233	0.00366
7	0.00285	0.00204	0.00272	0.00326	0.00340	0.00190	0.00217	0.00326	0.00448	0.00598	0.01291	0.91618	0.01549	0.00734	0.00299	0.00095	0.00136	0.00666	0.00217	0.00190
8	0.00455	0.00441	0.00781	0.80760	0.01568	0.00529	0.10934	0.00616	0.00478	0.00616	0.00423	0.00625	0.00317	0.00230	0.00239	0.00078	0.00322	0.00216	0.00106	0.00267
9	0.00500	0.00495	0.00694	0.00599	0.00602	0.00689	0.00498	0.00554	0.00360	0.00562	0.00329	0.00540	0.00326	0.00500	0.06791	0.00121	0.85276	0.00208	0.00104	0.00253
10	0.00457	0.00432	0.00730	0.81287	0.11414	0.00524	0.00658	0.00612	0.00475	0.00617	0.00419	0.00619	0.00319	0.00231	0.00234	0.00077	0.00308	0.00208	0.00105	0.00272

[dist]
# distance from previous block
# <min> <max>
0	2

[block]
# block no. 2 follows, 129 sequences, length 7
# corresponding to MSA columns:
# 72-78
name=unknown_C
#
# <colnr> <probs for GDERKNQSTAVLIFYWHMCP>
#	G	D	E	R	K	N	Q	S	T	A	V	L	I	F	Y	W	H	M	C	P
0	0.00456	0.00429	0.00716	0.70385	0.16646	0.00507	0.00633	0.00603	0.00483	0.00629	0.00539	0.00716	0.05786	0.00252	0.00236	0.00077	0.00295	0.00226	0.00113	0.00275
1	0.00860	0.01040	0.00683	0.00642	0.05559	0.76906	0.00466	0.09824	0.00701	0.00674	0.00386	0.00445	0.00315	0.00244	0.00215	0.00062	0.00398	0.00160	0.00132	0.00290
2	0.00479	0.00449	0.00737	0.67454	0.18348	0.00532	0.00643	0.00669	0.07123	0.00658	0.00461	0.00634	0.00353	0.00235	0.00234	0.00077	0.00296	0.00212	0.00116	0.00289
3	0.05446	0.00561	0.00881	0.01301	0.78746	0.04052	0.00664	0.00711	0.00531	0.00768	0.00504	0.00626	0.03726	0.00225	0.00228	0.00070	0.00273	0.00213	0.00121	0.00354
4	0.51768	0.00502	0.11035	0.04322	0.03378	0.00461	0.02642	0.00651	0.00461	0.04264	0.08775	0.09726	0.00591	0.00297	0.00195	0.00075	0.00204	0.00228	0.00159	0.00266
5	0.00531	0.00416	0.00487	0.00385	0.00547	0.00373	0.00306	0.14922	0.03313	0.03392	0.00622	0.08310	0.02288	0.00423	0.09312	0.00085	0.00230	0.02124	0.00170	0.51764
6	0.00427	0.09267	0.00539	0.00424	0.00499	0.00423	0.04228	0.05690	0.03783	0.00633	0.00589	0.00821	0.00532	0.03052	0.60054	0.00275	0.05302	0.00236	0.02985	0.00241

[dist]
# distance from previous block
# <min> <max>
3	5

[block]
# block no. 3 follows, 129 sequences, length 58
# corresponding to MSA columns:
# 86-143
name=unknown_D
#
# <colnr> <probs for GDERKNQSTAVLIFYWHMCP>
#	G	D	E	R	K	N	Q	S	T	A	V	L	I	F	Y	W	H	M	C	P
0	0.00292	0.00206	0.00270	0.00318	0.00330	0.00194	0.00209	0.00328	0.00436	0.00581	0.01227	0.81314	0.01469	0.11146	0.00401	0.00110	0.00146	0.00629	0.00209	0.00185
1	0.00868	0.01103	0.00670	0.00623	0.02863	0.88675	0.00459	0.00930	0.00660	0.00578	0.00364	0.00426	0.00303	0.00241	0.00212	0.00061	0.00419	0.00152	0.00121	0.00274
2	0.00290	0.00206	0.00270	0.00321	0.00333	0.00193	0.00212	0.00327	0.00440	0.00587	0.01248	0.84630	0.01495	0.07795	0.00368	0.00105	0.00143	0.00640	0.00212	0.00186
3	0.00575	0.00552	0.00943	0.04307	0.87474	0.00555	0.00716	0.00715	0.00531	0.00760	0.00440	0.00581	0.00369	0.00209	0.00232	0.00070	0.00279	0.00209	0.00116	0.00367
4	0.00459	0.00448	0.00801	0.77522	0.02562	0.00531	0.13122	0.00621	0.00481	0.00622	0.00425	0.00625	0.00319	0.00229	0.00240	0.00078	0.00323	0.00218	0.00106	0.00269
5	0.00280	0.00237	0.00242	0.00242	0.00319	0.00199	0.00181	0.00342	0.00540	0.00649	0.07329	0.03591	0.83875	0.00589	0.00277	0.00079	0.00118	0.00493	0.00220	0.00199
6	0.00890	0.00656	0.00703	0.00539	0.00726	0.00726	0.00445	0.89529	0.01101	0.01476	0.00562	0.00562	0.00398	0.00281	0.00234	0.00070	0.00258	0.00211	0.00234	0.00398
7	0.01847	0.00424	0.00703	0.85601	0.04306	0.00524	0.00643	0.01328	0.01212	0.00620	0.00421	0.00621	0.00317	0.00234	0.00233	0.00078	0.00308	0.00207	0.00107	0.00265
8	0.00493	0.00420	0.00489	0.00350	0.00558	0.00319	0.00280	0.02121	0.00496	0.00775	0.00419	0.00487	0.00348	0.00175	0.00174	0.00035	0.00175	0.00140	0.00140	0.91604
9	0.93424	0.00453	0.00344	0.00308	0.00453	0.00525	0.00254	0.00688	0.00399	0.01051	0.00326	0.00380	0.00254	0.00217	0.00145	0.00072	0.00181	0.00127	0.00145	0.00254
10	0.00294	0.00218	0.00309	0.00348	0.00369	0.00204	0.03195	0.00340	0.00452	0.00603	0.01263	0.88582	0.01509	0.00716	0.00298	0.00095	0.00144	0.00653	0.00214	0.00194
11	0.00442	0.00416	0.00702	0.91208	0.01613	0.00520	0.00650	0.00598	0.00468	0.00598	0.00416	0.00624	0.00312	0.00234	0.00234	0.00078	0.00312	0.00208	0.00104	0.00260
12	0.00278	0.00237	0.00239	0.00238	0.00317	0.00198	0.00179	0.00338	0.00536	0.00638	0.03890	0.02245	0.88693	0.00591	0.00277	0.00079	0.00118	0.00493	0.00218	0.00198
13	0.00335	0.00251	0.00376	0.00376	0.00418	0.00293	0.00293	0.00418	0.00376	0.00544	0.00627	0.00920	0.00585	0.01756	0.90842	0.00376	0.00627	0.00251	0.00125	0.00209
14	0.00838	0.00613	0.00665	0.00517	0.00689	0.00678	0.00424	0.80104	0.01027	0.02092	0.00576	0.00616	0.00426	0.02974	0.05739	0.00093	0.00277	0.00217	0.01057	0.00378
15	0.00873	0.01074	0.00670	0.00608	0.01762	0.82795	0.00455	0.07805	0.00696	0.00645	0.00378	0.00435	0.00310	0.00244	0.00213	0.00061	0.00408	0.00156	0.00129	0.00282
16	0.00376	0.00281	0.00400	0.00387	0.00437	0.00328	0.00304	0.05677	0.00422	0.00610	0.00619	0.00886	0.00567	0.01582	0.79924	0.00340	0.03160	0.00246	0.03232	0.00222
17	0.00544	0.00614	0.02286	0.02380	0.09149	0.00574	0.76221	0.00731	0.00546	0.00744	0.00497	0.03661	0.00395	0.00217	0.00272	0.00079	0.00374	0.00281	0.00121	0.00316
18	0.04283	0.00483	0.00820	0.54561	0.23928	0.01491	0.09805	0.00652	0.00493	0.00674	0.00424	0.00602	0.00329	0.00223	0.00234	0.00076	0.00308	0.00211	0.00110	0.00294
19	0.00278	0.00237	0.00238	0.00238	0.00317	0.00198	0.00179	0.00338	0.00536	0.00637	0.03762	0.02246	0.88821	0.00591	0.00277	0.00079	0.00118	0.00493	0.00218	0.00198
20	0.00486	0.00416	0.00486	0.00347	0.00555	0.00312	0.00277	0.00590	0.00486	0.00763	0.00416	0.00486	0.00347	0.00173	0.00173	0.00035	0.00173	0.00139	0.00139	0.93202
21	0.00456	0.00476	0.06156	0.78119	0.09101	0.00525	0.00669	0.00617	0.00475	0.00621	0.00419	0.00613	0.00316	0.00231	0.00233	0.00077	0.00311	0.00206	0.00105	0.00275
22	0.00278	0.00236	0.00239	0.00241	0.00318	0.00198	0.00180	0.00337	0.00533	0.00636	0.03507	0.05228	0.86083	0.00596	0.00277	0.00080	0.00119	0.00499	0.00218	0.00198
23	0.00285	0.00204	0.00272	0.00326	0.00340	0.00190	0.00217	0.00326	0.00448	0.00598	0.01291	0.91618	0.01549	0.00734	0.00299	0.00095	0.00136	0.00666	0.00217	0.00190
24	0.81989	0.11723	0.00453	0.00319	0.00471	0.00575	0.00272	0.00690	0.00408	0.00989	0.00326	0.00380	0.00259	0.00215	0.00146	0.00070	0.00190	0.00127	0.00139	0.00259
25	0.87829	0.00493	0.00363	0.00326	0.00469	0.05985	0.00266	0.00703	0.00415	0.01022	0.00328	0.00383	0.00257	0.00219	0.00149	0.00072	0.00196	0.00128	0.00143	0.00255
26	0.00368	0.00269	0.00370	0.02290	0.00491	0.00267	0.00362	0.00472	0.00537	0.00692	0.01339	0.02560	0.10472	0.00633	0.00317	0.00104	0.00208	0.77820	0.00214	0.00215
27	0.87793	0.00440	0.00338	0.00304	0.00445	0.00506	0.00249	0.00667	0.00407	0.01025	0.00450	0.00494	0.05692	0.00240	0.00153	0.00073	0.00177	0.00149	0.00149	0.00250
28	0.00281	0.00237	0.00243	0.00241	0.00319	0.00199	0.00181	0.00344	0.00543	0.00655	0.08739	0.02217	0.83834	0.00585	0.00277	0.00079	0.00118	0.00489	0.00220	0.00199
29	0.05979	0.00256	0.00320	0.00300	0.00363	0.00242	0.00226	0.00473	0.00639	0.03622	0.78608	0.05139	0.02017	0.00467	0.00268	0.00074	0.00118	0.00409	0.00250	0.00227
30	0.00277	0.00237	0.00237	0.00237	0.00316	0.00198	0.00178	0.00336	0.00534	0.00633	0.02372	0.02254	0.90215	0.00593	0.00277	0.00079	0.00119	0.00494	0.00217	0.00198
31	0.00285	0.00207	0.00269	0.00318	0.00337	0.00191	0.00214	0.00327	0.00456	0.00601	0.01390	0.83388	0.09714	0.00721	0.00297	0.00094	0.00134	0.00650	0.00217	0.00191
32	0.00890	0.00656	0.00703	0.00539	0.00726	0.00726	0.00445	0.89529	0.01101	0.01476	0.00562	0.00562	0.00398	0.00281	0.00234	0.00070	0.00258	0.00211	0.00234	0.00398
33	0.00587	0.00512	0.00531	0.00478	0.00611	0.01854	0.00372	0.01240	0.88629	0.00974	0.00945	0.00867	0.00709	0.00317	0.00238	0.00079	0.00189	0.00263	0.00237	0.00369
34	0.00890	0.00656	0.00703	0.00539	0.00726	0.00726	0.00445	0.89529	0.01101	0.01476	0.00562	0.00562	0.00398	0.00281	0.00234	0.00070	0.00258	0.00211	0.00234	0.00398
35	0.00465	0.00456	0.00822	0.73478	0.04505	0.00533	0.15160	0.00627	0.00484	0.00629	0.00426	0.00624	0.00321	0.00227	0.00241	0.00078	0.00325	0.00219	0.00107	0.00273
36	0.93424	0.00453	0.00344	0.00308	0.00453	0.00525	0.00254	0.00688	0.00399	0.01051	0.00326	0.00380	0.00254	0.00217	0.00145	0.00072	0.00181	0.00127	0.00145	0.00254
37	0.00278	0.00236	0.00239	0.00240	0.00317	0.00198	0.00179	0.00337	0.00533	0.00635	0.03306	0.04294	0.87224	0.00595	0.00277	0.00079	0.00119	0.00497	0.00218	0.00198
38	0.00363	0.00264	0.00357	0.00404	0.00461	0.00259	0.00349	0.00463	0.00537	0.00690	0.01387	0.04161	0.12807	0.00641	0.00317	0.00104	0.00202	0.75806	0.00216	0.00213
39	0.00592	0.00501	0.00530	0.00475	0.00609	0.00578	0.00370	0.01242	0.88040	0.02832	0.00952	0.00872	0.00712	0.00317	0.00238	0.00079	0.00186	0.00264	0.00239	0.00371
40	0.03583	0.88997	0.01199	0.00398	0.00596	0.00914	0.00396	0.00701	0.00473	0.00567	0.00326	0.00376	0.00299	0.00201	0.00150	0.00051	0.00248	0.00125	0.00102	0.00299
41	0.00448	0.00423	0.00718	0.87425	0.04184	0.00522	0.01809	0.00604	0.00471	0.00605	0.00418	0.00623	0.00314	0.00233	0.00235	0.00078	0.00312	0.00209	0.00105	0.00264
42	0.00542	0.02691	0.77516	0.00636	0.00959	0.00527	0.01613	0.00788	0.00515	0.11366	0.00479	0.00529	0.00331	0.00230	0.00223	0.00074	0.00327	0.00181	0.00122	0.00351
43	0.01051	0.00399	0.00543	0.00417	0.00598	0.00344	0.00344	0.01141	0.00670	0.90472	0.00924	0.00797	0.00580	0.00290	0.00235	0.00072	0.00199	0.00235	0.00290	0.00399
44	0.00449	0.00429	0.00743	0.85753	0.01589	0.00525	0.06019	0.00607	0.00473	0.00607	0.00420	0.00625	0.00315	0.00232	0.00237	0.00078	0.00317	0.00212	0.00105	0.00263
45	0.00324	0.00235	0.00305	0.01911	0.00385	0.00228	0.00238	0.05724	0.00490	0.00652	0.01252	0.82854	0.03128	0.00695	0.00293	0.00093	0.00146	0.00627	0.00216	0.00204
46	0.00493	0.01095	0.74488	0.00777	0.12638	0.00545	0.04285	0.00743	0.00504	0.01683	0.00430	0.00514	0.00312	0.00220	0.00226	0.00074	0.00338	0.00182	0.00104	0.00349
47	0.43481	0.00459	0.01513	0.37318	0.11130	0.00528	0.01161	0.00656	0.00444	0.00829	0.00378	0.00505	0.00292	0.00223	0.00193	0.00074	0.00249	0.00171	0.00124	0.00271
48	0.00283	0.00238	0.00245	0.00246	0.00323	0.00201	0.00186	0.00346	0.00541	0.00651	0.07068	0.02238	0.82931	0.00588	0.00278	0.00080	0.00121	0.03018	0.00220	0.00199
49	0.91841	0.00456	0.00350	0.00312	0.00458	0.00529	0.00257	0.02208	0.00411	0.01058	0.00330	0.00384	0.00256	0.00218	0.00146	0.00072	0.00182	0.00128	0.00146	0.00256
50	0.93424	0.00453	0.00344	0.00308	0.00453	0.00525	0.00254	0.00688	0.00399	0.01051	0.00326	0.00380	0.00254	0.00217	0.00145	0.00072	0.00181	0.00127	0.00145	0.00254
51	0.00470	0.01211	0.90557	0.00667	0.01014	0.00544	0.00865	0.00742	0.00494	0.00742	0.00420	0.00494	0.00297	0.00222	0.00222	0.00074	0.00346	0.00173	0.00099	0.00346
52	0.00282	0.00235	0.00246	0.00250	0.00322	0.00199	0.00186	0.00343	0.00534	0.00649	0.07479	0.09561	0.76691	0.00598	0.00279	0.00080	0.00121	0.01525	0.00220	0.00199
53	0.00286	0.00204	0.00272	0.00325	0.00339	0.00191	0.00216	0.00326	0.00447	0.00596	0.01284	0.90458	0.01540	0.01905	0.00310	0.00097	0.00137	0.00662	0.00216	0.00190
54	0.00439	0.00224	0.00226	0.00226	0.00281	0.00224	0.00169	0.01743	0.00498	0.00874	0.00775	0.03324	0.00623	0.00285	0.00168	0.00056	0.00112	0.00230	0.89303	0.00220
55	0.00351	0.00252	0.00362	0.00360	0.00404	0.00289	0.00279	0.01463	0.00396	0.00586	0.00642	0.00922	0.00589	0.03150	0.79224	0.00338	0.00565	0.00249	0.09367	0.00211
56	0.00277	0.00237	0.00237	0.00237	0.00316	0.00198	0.00178	0.00336	0.00534	0.00633	0.02372	0.02254	0.90215	0.00593	0.00277	0.00079	0.00119	0.00494	0.00217	0.00198
57	0.00407	0.00203	0.00305	0.00305	0.00305	0.00203	0.00203	0.00305	0.00305	0.00407	0.00407	0.00712	0.00407	0.00814	0.00915	0.93187	0.00203	0.00203	0.00102	0.00102

[dist]
# distance from previous block
# <min> <max>
0	0

# created by:
# /share/home/app/bin/augustus-3.3.1/scripts/msa2prfl.pl /dev/shm/tmp/pt-rosids/msas/rps8.aln --setname=rps8
