[name]
ycf15

[dist]
# distance from previous block
# <min> <max>
0	24

[block]
# block no. 0 follows, 20 sequences, length 12
# corresponding to MSA columns:
# 24-35
name=unknown_A
#
# <colnr> <probs for GDERKNQSTAVLIFYWHMCP>
#	G	D	E	R	K	N	Q	S	T	A	V	L	I	F	Y	W	H	M	C	P
0	0.01092	0.00780	0.01045	0.01248	0.01311	0.00733	0.00860	0.01264	0.01698	0.02259	0.04792	0.63817	0.05706	0.02706	0.01121	0.00358	0.00531	0.07154	0.00809	0.00716
1	0.01112	0.00826	0.01147	0.06770	0.01664	0.00812	0.00945	0.01300	0.01676	0.02227	0.04534	0.63184	0.05382	0.02576	0.01093	0.00349	0.00561	0.02336	0.00774	0.00730
2	0.02159	0.02073	0.03541	0.05354	0.63903	0.02073	0.02677	0.02677	0.01986	0.02850	0.01641	0.02159	0.01382	0.00777	0.00864	0.00259	0.01036	0.00777	0.00432	0.01382
3	0.01908	0.01908	0.02672	0.02290	0.02290	0.02672	0.01908	0.02099	0.01336	0.02099	0.01145	0.01908	0.01145	0.01527	0.02863	0.00382	0.67748	0.00763	0.00382	0.00954
4	0.56960	0.01653	0.01617	0.17745	0.02772	0.01952	0.01316	0.02480	0.01550	0.03491	0.01299	0.01645	0.00999	0.00825	0.00623	0.00275	0.00797	0.00548	0.00502	0.00951
5	0.01647	0.01550	0.02616	0.67248	0.06008	0.01938	0.02422	0.02229	0.01744	0.02229	0.01550	0.02326	0.01163	0.00872	0.00872	0.00291	0.01163	0.00775	0.00388	0.00969
6	0.01031	0.00884	0.00884	0.00884	0.01178	0.00736	0.00663	0.01252	0.01988	0.02356	0.08837	0.08395	0.63549	0.02209	0.01031	0.00295	0.00442	0.01841	0.00810	0.00736
7	0.01750	0.04512	0.64825	0.02486	0.03775	0.02026	0.03223	0.02762	0.01842	0.02762	0.01565	0.01842	0.01105	0.00829	0.00829	0.00276	0.01289	0.00645	0.00368	0.01289
8	0.01031	0.00884	0.00884	0.00884	0.01178	0.00736	0.00663	0.01252	0.01988	0.02356	0.08837	0.08395	0.63549	0.02209	0.01031	0.00295	0.00442	0.01841	0.00810	0.00736
9	0.01063	0.00759	0.01012	0.01215	0.01265	0.00709	0.00810	0.01215	0.01670	0.02227	0.04808	0.68775	0.05769	0.02733	0.01113	0.00354	0.00506	0.02480	0.00810	0.00709
10	0.02332	0.69869	0.04571	0.01493	0.02239	0.03451	0.01493	0.02612	0.01772	0.02052	0.01213	0.01399	0.01119	0.00746	0.00560	0.00187	0.00933	0.00466	0.00373	0.01119
11	0.02059	0.02353	0.05147	0.03676	0.04559	0.02206	0.60735	0.02794	0.02059	0.02794	0.01765	0.02353	0.01324	0.00735	0.01029	0.00294	0.01471	0.01029	0.00441	0.01176

[dist]
# distance from previous block
# <min> <max>
0	2

[block]
# block no. 1 follows, 20 sequences, length 31
# corresponding to MSA columns:
# 38-68
name=unknown_B
#
# <colnr> <probs for GDERKNQSTAVLIFYWHMCP>
#	G	D	E	R	K	N	Q	S	T	A	V	L	I	F	Y	W	H	M	C	P
0	0.03258	0.04157	0.02472	0.02247	0.02697	0.65843	0.01685	0.03483	0.02472	0.02135	0.01348	0.01573	0.01124	0.00899	0.00787	0.00225	0.01573	0.00562	0.00449	0.01011
1	0.01913	0.01651	0.01727	0.01575	0.02023	0.01847	0.01219	0.03874	0.48751	0.03358	0.04740	0.04411	0.16363	0.01414	0.00920	0.00296	0.00634	0.01179	0.00870	0.01236
2	0.01423	0.01043	0.01492	0.06314	0.02108	0.01071	0.01479	0.01837	0.01989	0.02583	0.04398	0.09301	0.04743	0.02299	0.01181	0.00394	0.00829	0.53926	0.00773	0.00815
3	0.01324	0.05878	0.01629	0.01408	0.01606	0.01260	0.01119	0.01633	0.01428	0.02027	0.02256	0.03281	0.02105	0.06126	0.61203	0.01315	0.02236	0.00901	0.00461	0.00803
4	0.71580	0.01837	0.04665	0.01218	0.01798	0.01960	0.01066	0.02575	0.01503	0.03852	0.01233	0.01440	0.00953	0.00811	0.00555	0.00270	0.00707	0.00482	0.00531	0.00963
5	0.01515	0.00758	0.01136	0.01136	0.01136	0.00758	0.00758	0.01136	0.01136	0.01515	0.01515	0.02652	0.01515	0.03030	0.03409	0.74621	0.00758	0.00758	0.00379	0.00379
6	0.01246	0.00935	0.01402	0.01402	0.01558	0.01090	0.01090	0.01558	0.01402	0.02025	0.02336	0.03427	0.02181	0.06542	0.65888	0.01402	0.02336	0.00935	0.00467	0.00779
7	0.01819	0.04100	0.54474	0.02971	0.13931	0.02034	0.03131	0.02748	0.01866	0.02777	0.01578	0.01895	0.01152	0.00820	0.00835	0.00273	0.01246	0.00667	0.00379	0.01305
8	0.01063	0.00759	0.01012	0.01215	0.01265	0.00709	0.00810	0.01215	0.01670	0.02227	0.04808	0.68775	0.05769	0.02733	0.01113	0.00354	0.00506	0.02480	0.00810	0.00709
9	0.01644	0.01375	0.01632	0.01275	0.01890	0.01062	0.00984	0.01979	0.01778	0.02706	0.02271	0.16629	0.02283	0.01108	0.00749	0.00179	0.00615	0.00951	0.00582	0.58307
10	0.02159	0.02073	0.03541	0.05354	0.63903	0.02073	0.02677	0.02677	0.01986	0.02850	0.01641	0.02159	0.01382	0.00777	0.00864	0.00259	0.01036	0.00777	0.00432	0.01382
11	0.02059	0.02353	0.05147	0.03676	0.04559	0.02206	0.60735	0.02794	0.02059	0.02794	0.01765	0.02353	0.01324	0.00735	0.01029	0.00294	0.01471	0.01029	0.00441	0.01176
12	0.01750	0.04512	0.64825	0.02486	0.03775	0.02026	0.03223	0.02762	0.01842	0.02762	0.01565	0.01842	0.01105	0.00829	0.00829	0.00276	0.01289	0.00645	0.00368	0.01289
13	0.01268	0.00846	0.00951	0.00951	0.00951	0.00846	0.00529	0.01268	0.01268	0.01691	0.02748	0.05708	0.03171	0.69345	0.04440	0.00846	0.00846	0.01268	0.00529	0.00529
14	0.01063	0.00759	0.01012	0.01215	0.01265	0.00709	0.00810	0.01215	0.01670	0.02227	0.04808	0.68775	0.05769	0.02733	0.01113	0.00354	0.00506	0.02480	0.00810	0.00709
15	0.03258	0.04157	0.02472	0.02247	0.02697	0.65843	0.01685	0.03483	0.02472	0.02135	0.01348	0.01573	0.01124	0.00899	0.00787	0.00225	0.01573	0.00562	0.00449	0.01011
16	0.03316	0.02443	0.02618	0.02007	0.02705	0.02705	0.01658	0.60995	0.04101	0.05497	0.02094	0.02094	0.01483	0.01047	0.00873	0.00262	0.00960	0.00785	0.00873	0.01483
17	0.01750	0.04512	0.64825	0.02486	0.03775	0.02026	0.03223	0.02762	0.01842	0.02762	0.01565	0.01842	0.01105	0.00829	0.00829	0.00276	0.01289	0.00645	0.00368	0.01289
18	0.02003	0.02175	0.04408	0.03149	0.04007	0.01975	0.47523	0.02662	0.02003	0.02805	0.01717	0.02233	0.01317	0.00716	0.00945	0.00258	0.01288	0.00916	0.00458	0.17443
19	0.01871	0.01592	0.01891	0.04953	0.02314	0.01278	0.01139	0.04955	0.01913	0.02933	0.01576	0.01851	0.01294	0.00677	0.00669	0.00144	0.00689	0.00544	0.00526	0.67192
20	0.01750	0.04512	0.64825	0.02486	0.03775	0.02026	0.03223	0.02762	0.01842	0.02762	0.01565	0.01842	0.01105	0.00829	0.00829	0.00276	0.01289	0.00645	0.00368	0.01289
21	0.01247	0.00972	0.01307	0.07820	0.01874	0.00908	0.01009	0.01482	0.01701	0.02331	0.03932	0.50831	0.04553	0.02195	0.01010	0.00310	0.00595	0.01978	0.00718	0.13227
22	0.01088	0.00797	0.00993	0.01126	0.01221	0.00734	0.00758	0.01252	0.01731	0.02270	0.08731	0.48620	0.15413	0.09239	0.01427	0.00389	0.00524	0.02198	0.00791	0.00702
23	0.01312	0.01025	0.01219	0.01311	0.01485	0.01044	0.00926	0.01997	0.15512	0.02563	0.04902	0.48151	0.10521	0.02331	0.01054	0.00335	0.00542	0.02079	0.00827	0.00864
24	0.02025	0.01785	0.02035	0.01815	0.02149	0.02159	0.01420	0.03740	0.42670	0.03111	0.02927	0.03180	0.02365	0.07702	0.01673	0.00367	0.15974	0.00962	0.00738	0.01203
25	0.01959	0.01660	0.01842	0.01690	0.02106	0.01924	0.01315	0.03934	0.48454	0.03279	0.03274	0.03294	0.02553	0.02404	0.15688	0.00548	0.01065	0.00974	0.00792	0.01244
26	0.02687	0.02034	0.02162	0.01729	0.02316	0.02206	0.01405	0.42066	0.09122	0.04608	0.03767	0.03639	0.15727	0.01325	0.00910	0.00272	0.00816	0.01045	0.00860	0.01304
27	0.02159	0.02073	0.03541	0.05354	0.63903	0.02073	0.02677	0.02677	0.01986	0.02850	0.01641	0.02159	0.01382	0.00777	0.00864	0.00259	0.01036	0.00777	0.00432	0.01382
28	0.02720	0.09265	0.03104	0.03463	0.27957	0.33813	0.02078	0.03071	0.02208	0.02423	0.01457	0.01799	0.01230	0.00835	0.00798	0.00235	0.01293	0.00642	0.00435	0.01174
29	0.01266	0.00854	0.00994	0.00994	0.01009	0.00869	0.00582	0.01296	0.01281	0.01723	0.02709	0.05493	0.03078	0.63410	0.10246	0.00898	0.00987	0.01237	0.00523	0.00552
30	0.01797	0.01636	0.02165	0.01795	0.02056	0.01916	0.01460	0.01998	0.01499	0.02293	0.01682	0.02261	0.04248	0.01421	0.02119	0.07312	0.36761	0.00736	0.00445	0.24399

[dist]
# distance from previous block
# <min> <max>
0	42

# created by:
# /share/home/app/bin/augustus-3.3.1/scripts/msa2prfl.pl /dev/shm/tmp/pt-rosids/msas/ycf15.aln --setname=ycf15
