[name]
ycf1

[dist]
# distance from previous block
# <min> <max>
0	11

[block]
# block no. 0 follows, 107 sequences, length 8
# corresponding to MSA columns:
# 11-18
name=unknown_A
#
# <colnr> <probs for GDERKNQSTAVLIFYWHMCP>
#	G	D	E	R	K	N	Q	S	T	A	V	L	I	F	Y	W	H	M	C	P
0	0.00443	0.00316	0.00443	0.00506	0.00569	0.00316	0.00443	0.00569	0.00632	0.00822	0.01455	0.03099	0.01581	0.00759	0.00379	0.00126	0.00253	0.86782	0.00253	0.00253
1	0.00330	0.00279	0.00286	0.00284	0.00374	0.00234	0.00213	0.00405	0.00639	0.00773	0.10049	0.02594	0.81235	0.00684	0.00325	0.00092	0.00138	0.00573	0.00259	0.00234
2	0.00375	0.00256	0.00307	0.00331	0.00337	0.00250	0.00200	0.00393	0.00448	0.00597	0.01113	0.35542	0.01311	0.56174	0.00998	0.00207	0.00226	0.00545	0.00200	0.00188
3	0.00675	0.00666	0.01196	0.04443	0.60796	0.00658	0.20501	0.03390	0.00646	0.00911	0.00528	0.00692	0.00429	0.00244	0.00282	0.00083	0.00354	0.00260	0.00141	0.03103
4	0.00901	0.00664	0.00725	0.00572	0.00754	0.00727	0.00461	0.67551	0.01095	0.01477	0.00682	0.00816	0.00542	0.10181	0.08178	0.00132	0.00333	0.00265	0.00248	0.03697
5	0.00411	0.00268	0.00306	0.00306	0.00317	0.00271	0.00184	0.00433	0.00422	0.00594	0.00858	0.01656	0.00942	0.73503	0.08370	0.00259	0.00289	0.00376	0.10051	0.00183
6	0.00337	0.00284	0.00296	0.00295	0.00387	0.00237	0.00219	0.00407	0.00613	0.00745	0.02544	0.11713	0.75376	0.00690	0.00322	0.00092	0.00144	0.00582	0.00251	0.04465
7	0.00357	0.00258	0.00335	0.00373	0.00404	0.00238	0.00252	0.00414	0.00545	0.00740	0.10787	0.69074	0.01764	0.08029	0.00425	0.00118	0.00167	0.00689	0.00248	0.04781

[dist]
# distance from previous block
# <min> <max>
0	4

[block]
# block no. 1 follows, 107 sequences, length 42
# corresponding to MSA columns:
# 23-64
name=unknown_B
#
# <colnr> <probs for GDERKNQSTAVLIFYWHMCP>
#	G	D	E	R	K	N	Q	S	T	A	V	L	I	F	Y	W	H	M	C	P
0	0.81211	0.03384	0.00474	0.00389	0.00566	0.00652	0.00323	0.08613	0.00544	0.01259	0.00407	0.00465	0.00315	0.00261	0.00180	0.00084	0.00223	0.00158	0.00178	0.00315
1	0.01002	0.08848	0.00834	0.00688	0.00837	0.81792	0.00526	0.01074	0.00760	0.00670	0.00421	0.00491	0.00354	0.00279	0.00242	0.00070	0.00478	0.00174	0.00140	0.00321
2	0.00349	0.00254	0.00334	0.00384	0.00414	0.00232	0.00259	0.00401	0.00529	0.00713	0.01453	0.84796	0.01733	0.00821	0.00342	0.00107	0.00162	0.00744	0.00249	0.05725
3	0.01332	0.00340	0.00411	0.08372	0.00555	0.03608	0.00308	0.00541	0.00732	0.00998	0.63771	0.01947	0.14969	0.00542	0.00315	0.00087	0.00167	0.00471	0.00272	0.00262
4	0.00947	0.00704	0.00769	0.00596	0.00803	0.00765	0.00489	0.72529	0.01155	0.01564	0.00651	0.00687	0.00480	0.00465	0.07788	0.00109	0.00330	0.00244	0.00254	0.08670
5	0.00337	0.00240	0.00318	0.00379	0.00395	0.00225	0.00252	0.00383	0.00521	0.00695	0.01490	0.86880	0.01787	0.04187	0.00390	0.00117	0.00163	0.00767	0.00252	0.00221
6	0.00530	0.00291	0.00312	0.00300	0.00372	0.00302	0.00229	0.05795	0.00603	0.01021	0.00863	0.01009	0.00688	0.00526	0.10686	0.00110	0.00210	0.00260	0.75627	0.00267
7	0.00441	0.00316	0.00439	0.00500	0.00563	0.00316	0.00434	0.00571	0.01477	0.00825	0.02307	0.05000	0.02429	0.00755	0.00377	0.00125	0.00248	0.82368	0.00254	0.00254
8	0.00666	0.00637	0.01077	0.09091	0.78842	0.00650	0.00825	0.00848	0.03066	0.00888	0.00531	0.00694	0.00441	0.00251	0.00272	0.00083	0.00327	0.00247	0.00139	0.00424
9	0.00325	0.00277	0.00279	0.00281	0.00372	0.00232	0.00210	0.00394	0.00624	0.00741	0.02752	0.04787	0.86397	0.00700	0.00325	0.00093	0.00140	0.00585	0.00255	0.00232
10	0.00389	0.00321	0.00330	0.00315	0.00418	0.00287	0.00243	0.07779	0.00683	0.00828	0.02561	0.02491	0.78315	0.00667	0.00322	0.00093	0.00157	0.03291	0.00257	0.00252
11	0.01026	0.01309	0.00779	0.00708	0.00849	0.89242	0.00531	0.01097	0.00779	0.00672	0.00425	0.00495	0.00354	0.00283	0.00248	0.00071	0.00495	0.00177	0.00142	0.00318
12	0.01032	0.00760	0.00816	0.00628	0.00844	0.00841	0.00518	0.86225	0.01279	0.01714	0.00674	0.02186	0.00490	0.00339	0.00276	0.00083	0.00300	0.00256	0.00274	0.00463
13	0.00463	0.00297	0.00389	0.00357	0.00436	0.00271	0.00271	0.00588	0.00772	0.08967	0.77779	0.02985	0.04267	0.00548	0.00320	0.00087	0.00140	0.00482	0.00304	0.00277
14	0.00387	0.00280	0.00365	0.00345	0.00410	0.00258	0.00259	0.00515	0.00773	0.01092	0.86274	0.03188	0.03683	0.00567	0.00324	0.00087	0.00130	0.00502	0.00301	0.00258
15	0.08165	0.00309	0.00385	0.00378	0.00452	0.00301	0.00298	0.00553	0.00723	0.01058	0.64084	0.02120	0.02201	0.00574	0.00322	0.00094	0.00161	0.17278	0.00282	0.00261
16	0.00400	0.00279	0.00357	0.00338	0.00402	0.00259	0.00253	0.00529	0.00760	0.01095	0.80620	0.01960	0.02423	0.00540	0.00312	0.00084	0.00129	0.00475	0.08525	0.00259
17	0.92285	0.00531	0.00404	0.00361	0.00531	0.00616	0.00298	0.00808	0.00468	0.01233	0.00383	0.00446	0.00298	0.00255	0.00170	0.00085	0.00213	0.00149	0.00170	0.00298
18	0.00335	0.00239	0.00319	0.00383	0.00398	0.00223	0.00255	0.00383	0.00526	0.00701	0.01514	0.90165	0.01817	0.00861	0.00351	0.00112	0.00159	0.00781	0.00255	0.00223
19	0.00404	0.00303	0.00448	0.00445	0.00497	0.00352	0.00347	0.02016	0.00456	0.00657	0.00735	0.01072	0.00683	0.02030	0.87700	0.00435	0.00728	0.00294	0.00149	0.00249
20	0.00394	0.00294	0.00438	0.00438	0.00488	0.00342	0.00341	0.00493	0.00444	0.00644	0.00739	0.01078	0.00687	0.02031	0.87765	0.00435	0.00726	0.00294	0.01683	0.00245
21	0.92285	0.00531	0.00404	0.00361	0.00531	0.00616	0.00298	0.00808	0.00468	0.01233	0.00383	0.00446	0.00298	0.00255	0.00170	0.00085	0.00213	0.00149	0.00170	0.00298
22	0.00400	0.00266	0.00300	0.00300	0.00300	0.00266	0.00166	0.00400	0.00400	0.00533	0.00866	0.01798	0.00999	0.90345	0.01398	0.00266	0.00266	0.00400	0.00166	0.00166
23	0.00338	0.00241	0.00323	0.00386	0.00404	0.00226	0.00261	0.00388	0.00529	0.00705	0.01512	0.87446	0.01810	0.00858	0.00352	0.00112	0.00162	0.03467	0.00255	0.00224
24	0.00677	0.00585	0.00615	0.00554	0.00709	0.00676	0.00431	0.01442	0.86670	0.01142	0.01146	0.01052	0.02306	0.00378	0.00280	0.00093	0.00216	0.00315	0.00279	0.00431
25	0.00683	0.00590	0.00621	0.00559	0.00714	0.00683	0.00435	0.01460	0.88135	0.01149	0.01118	0.01025	0.00839	0.00373	0.00280	0.00093	0.00217	0.00311	0.00280	0.00435
26	0.00394	0.00264	0.00301	0.00306	0.00308	0.00263	0.00174	0.00398	0.00410	0.00546	0.00918	0.08969	0.01065	0.83083	0.01313	0.00254	0.00258	0.00430	0.00174	0.00171
27	0.00997	0.00723	0.00773	0.00598	0.00804	0.00798	0.00493	0.79895	0.01227	0.01668	0.00681	0.00692	0.00488	0.00329	0.00267	0.00081	0.00287	0.00248	0.08500	0.00448
28	0.00359	0.00291	0.00324	0.00338	0.00424	0.00258	0.00270	0.00451	0.01625	0.00770	0.03365	0.02731	0.65161	0.00706	0.00338	0.00101	0.00168	0.21826	0.00255	0.00240
29	0.88859	0.00522	0.00402	0.00361	0.00527	0.00603	0.00296	0.00797	0.00479	0.01228	0.03667	0.00506	0.00383	0.00266	0.00176	0.00085	0.00209	0.00162	0.00175	0.00296
30	0.08806	0.00492	0.00555	0.00403	0.00640	0.00389	0.00323	0.00702	0.00561	0.00926	0.00479	0.00559	0.00397	0.00208	0.00200	0.00045	0.00204	0.00162	0.00163	0.83787
31	0.01044	0.00770	0.00825	0.00632	0.00852	0.00852	0.00522	0.87715	0.01292	0.01731	0.00660	0.00660	0.00467	0.00330	0.00275	0.00082	0.00302	0.00247	0.00275	0.00467
32	0.00392	0.00294	0.00442	0.00442	0.00491	0.00343	0.00343	0.00491	0.00442	0.00638	0.00736	0.01079	0.00687	0.02060	0.89256	0.00442	0.00736	0.00294	0.00147	0.00245
33	0.00334	0.00242	0.00316	0.00374	0.00396	0.00224	0.00251	0.00383	0.00534	0.00705	0.01614	0.83313	0.08605	0.00848	0.00349	0.00110	0.00158	0.00765	0.00255	0.00224
34	0.00396	0.00267	0.00306	0.00307	0.00314	0.00264	0.00178	0.00410	0.00439	0.00590	0.08760	0.05324	0.01174	0.78734	0.01260	0.00244	0.00250	0.00423	0.00182	0.00177
35	0.00395	0.00284	0.00362	0.00404	0.00437	0.00276	0.00278	0.07763	0.00591	0.00788	0.01442	0.82601	0.01703	0.00816	0.00344	0.00109	0.00171	0.00736	0.00257	0.00244
36	0.00336	0.00240	0.00318	0.00381	0.00397	0.00224	0.00253	0.00383	0.00524	0.00698	0.01502	0.88466	0.01801	0.02581	0.00371	0.00115	0.00161	0.00774	0.00253	0.00222
37	0.00525	0.00495	0.00835	0.83048	0.01822	0.00602	0.03209	0.00707	0.00553	0.00716	0.00490	0.00725	0.00370	0.00270	0.00273	0.00089	0.00361	0.00243	0.00124	0.04543
38	0.01177	0.00480	0.00636	0.00496	0.00703	0.00432	0.00407	0.01351	0.09600	0.79975	0.01087	0.00944	0.00696	0.00343	0.00277	0.00086	0.00232	0.00280	0.00334	0.00464
39	0.00506	0.00455	0.00776	0.68733	0.01590	0.00545	0.05101	0.00650	0.00533	0.00689	0.00577	0.08301	0.00502	0.00390	0.00363	0.09238	0.00341	0.00293	0.00134	0.00283
40	0.00456	0.00294	0.00375	0.00347	0.00419	0.00270	0.00256	0.00563	0.00719	0.08415	0.63128	0.02826	0.09066	0.11130	0.00447	0.00108	0.00156	0.00476	0.00285	0.00263
41	0.00405	0.00305	0.00395	0.01852	0.00525	0.00292	0.00371	0.00512	0.00625	0.00792	0.01838	0.06172	0.27497	0.00736	0.00360	0.00115	0.00217	0.56492	0.00252	0.00246

[dist]
# distance from previous block
# <min> <max>
0	4

[block]
# block no. 2 follows, 107 sequences, length 51
# corresponding to MSA columns:
# 69-119
name=unknown_C
#
# <colnr> <probs for GDERKNQSTAVLIFYWHMCP>
#	G	D	E	R	K	N	Q	S	T	A	V	L	I	F	Y	W	H	M	C	P
0	0.00551	0.01421	0.88921	0.00783	0.01189	0.00638	0.01015	0.00870	0.00580	0.00870	0.00493	0.00580	0.00348	0.00261	0.00261	0.00087	0.00406	0.00203	0.00116	0.00406
1	0.00553	0.01393	0.85928	0.02050	0.02948	0.00638	0.01008	0.00867	0.00581	0.00868	0.00493	0.00584	0.00350	0.00261	0.00261	0.00087	0.00404	0.00204	0.00116	0.00405
2	0.90489	0.00530	0.00412	0.02110	0.00558	0.00616	0.00307	0.00806	0.00469	0.01222	0.00385	0.00452	0.00299	0.00255	0.00172	0.00085	0.00216	0.00151	0.00169	0.00298
3	0.00678	0.00602	0.00606	0.00544	0.00697	0.04733	0.00423	0.03041	0.74603	0.01105	0.01192	0.01107	0.07330	0.00389	0.00280	0.00091	0.00226	0.00321	0.00270	0.01762
4	0.00552	0.01399	0.86584	0.00781	0.01177	0.00643	0.01004	0.00865	0.00576	0.00865	0.00490	0.00581	0.00348	0.00267	0.00278	0.00088	0.02779	0.00204	0.00116	0.00403
5	0.00692	0.00688	0.02234	0.01637	0.84087	0.04101	0.00833	0.00853	0.00631	0.00888	0.00513	0.00671	0.00431	0.00246	0.00271	0.00081	0.00334	0.00242	0.00136	0.00430
6	0.00675	0.00647	0.01100	0.04180	0.84854	0.00652	0.00835	0.00848	0.01920	0.00896	0.00525	0.00687	0.00439	0.00248	0.00272	0.00082	0.00326	0.00246	0.00138	0.00431
7	0.00388	0.00281	0.00365	0.00344	0.00410	0.00259	0.00258	0.00516	0.00775	0.01094	0.86725	0.02064	0.04358	0.00564	0.00324	0.00087	0.00130	0.00499	0.00301	0.00259
8	0.01053	0.00756	0.00816	0.00626	0.00845	0.00831	0.00517	0.83730	0.01268	0.05749	0.00679	0.00672	0.00477	0.00330	0.00275	0.00083	0.00299	0.00249	0.00278	0.00467
9	0.01233	0.00468	0.00638	0.00489	0.00701	0.00404	0.00404	0.01339	0.00786	0.88821	0.01084	0.00935	0.00680	0.00340	0.00276	0.00085	0.00234	0.00276	0.00340	0.00468
10	0.00673	0.00582	0.00612	0.00551	0.00705	0.00671	0.00429	0.01431	0.85727	0.01138	0.01164	0.01070	0.03251	0.00382	0.00281	0.00093	0.00215	0.00318	0.00279	0.00429
11	0.00693	0.00588	0.00622	0.00558	0.00714	0.00678	0.00434	0.01458	0.86558	0.02732	0.01118	0.01023	0.00836	0.00372	0.00279	0.00093	0.00218	0.00310	0.00281	0.00435
12	0.92285	0.00531	0.00404	0.00361	0.00531	0.00616	0.00298	0.00808	0.00468	0.01233	0.00383	0.00446	0.00298	0.00255	0.00170	0.00085	0.00213	0.00149	0.00170	0.00298
13	0.00400	0.00266	0.00300	0.00300	0.00300	0.00266	0.00166	0.00400	0.00400	0.00533	0.00866	0.01798	0.00999	0.90345	0.01398	0.00266	0.00266	0.00400	0.00166	0.00166
14	0.00325	0.00277	0.00280	0.00283	0.00372	0.00232	0.00211	0.00394	0.00622	0.00740	0.02725	0.06681	0.84520	0.00703	0.00326	0.00094	0.00140	0.00589	0.00255	0.00232
15	0.00833	0.00517	0.00603	0.00523	0.00686	0.00548	0.00417	0.01317	0.49646	0.29785	0.05160	0.01183	0.00918	0.00397	0.00287	0.00092	0.00221	0.06144	0.00299	0.00425
16	0.92285	0.00531	0.00404	0.00361	0.00531	0.00616	0.00298	0.00808	0.00468	0.01233	0.00383	0.00446	0.00298	0.00255	0.00170	0.00085	0.00213	0.00149	0.00170	0.00298
17	0.00648	0.00741	0.01621	0.01158	0.01436	0.00695	0.87633	0.00880	0.00648	0.00880	0.00556	0.00741	0.00417	0.00232	0.00324	0.00093	0.00463	0.00324	0.00139	0.00371
18	0.00337	0.00240	0.00318	0.00379	0.00394	0.00225	0.00251	0.00383	0.00521	0.00694	0.01487	0.86521	0.01783	0.04551	0.00394	0.00118	0.00164	0.00765	0.00251	0.00221
19	0.00427	0.00309	0.00421	0.00474	0.00540	0.00304	0.00408	0.00546	0.00635	0.00823	0.05037	0.04801	0.10340	0.00747	0.00371	0.00121	0.00235	0.72956	0.00255	0.00251
20	0.00445	0.00322	0.00441	0.00500	0.00563	0.00325	0.00430	0.00592	0.04119	0.00827	0.01445	0.08971	0.01568	0.00750	0.00374	0.00124	0.00245	0.77447	0.00254	0.00258
21	0.00397	0.00265	0.00300	0.00303	0.00304	0.00265	0.00170	0.00399	0.00405	0.00539	0.00892	0.05327	0.01031	0.86771	0.01357	0.00260	0.00262	0.00415	0.00170	0.00169
22	0.00327	0.00277	0.00282	0.00283	0.00373	0.00232	0.00211	0.00397	0.00627	0.00750	0.04832	0.04991	0.84092	0.00697	0.00325	0.00093	0.00139	0.00583	0.00256	0.00232
23	0.01044	0.00770	0.00825	0.00632	0.00852	0.00852	0.00522	0.87715	0.01292	0.01731	0.00660	0.00660	0.00467	0.00330	0.00275	0.00082	0.00302	0.00247	0.00275	0.00467
24	0.00344	0.00295	0.00296	0.00293	0.00389	0.00256	0.00221	0.00450	0.05237	0.00764	0.02695	0.02559	0.83899	0.00679	0.00322	0.00093	0.00143	0.00566	0.00256	0.00243
25	0.00392	0.00294	0.00442	0.00442	0.00491	0.00343	0.00343	0.00491	0.00442	0.00638	0.00736	0.01079	0.00687	0.02060	0.89256	0.00442	0.00736	0.00294	0.00147	0.00245
26	0.00392	0.00294	0.00442	0.00442	0.00491	0.00343	0.00343	0.00491	0.00442	0.00638	0.00736	0.01079	0.00687	0.02060	0.89256	0.00442	0.00736	0.00294	0.00147	0.00245
27	0.04767	0.00448	0.00596	0.00467	0.00660	0.00395	0.00382	0.01219	0.00773	0.74793	0.11549	0.01050	0.00894	0.00363	0.00278	0.00085	0.00220	0.00298	0.00329	0.00436
28	0.00570	0.00488	0.00570	0.00407	0.00651	0.00366	0.00326	0.00692	0.00570	0.00895	0.00488	0.00570	0.00407	0.00203	0.00203	0.00041	0.00203	0.00163	0.00163	0.92024
29	0.00337	0.00241	0.00322	0.00386	0.00403	0.00225	0.00260	0.00387	0.00529	0.00704	0.01513	0.88078	0.01811	0.00858	0.00351	0.00112	0.00162	0.02843	0.00255	0.00224
30	0.00595	0.00591	0.00829	0.00713	0.00714	0.00826	0.00593	0.00656	0.00421	0.00660	0.00372	0.00616	0.00371	0.00530	0.03667	0.00130	0.87053	0.00242	0.00121	0.00299
31	0.00334	0.00241	0.00317	0.00377	0.00397	0.00224	0.00252	0.00383	0.00532	0.00704	0.01584	0.85324	0.06614	0.00852	0.00349	0.00111	0.00158	0.00770	0.00255	0.00224
32	0.01233	0.00468	0.00638	0.00489	0.00701	0.00404	0.00404	0.01339	0.00786	0.88821	0.01084	0.00935	0.00680	0.00340	0.00276	0.00085	0.00234	0.00276	0.00340	0.00468
33	0.00336	0.00240	0.00318	0.00381	0.00396	0.00224	0.00253	0.00383	0.00523	0.00698	0.01501	0.88353	0.01800	0.02696	0.00372	0.00115	0.00162	0.00773	0.00253	0.00222
34	0.86915	0.05809	0.00465	0.00368	0.00542	0.00644	0.00308	0.00808	0.00473	0.01198	0.00383	0.00446	0.00301	0.00254	0.00170	0.00083	0.00217	0.00149	0.00167	0.00301
35	0.00530	0.00495	0.00829	0.86867	0.03275	0.00615	0.00760	0.02070	0.00562	0.00721	0.00491	0.00730	0.00369	0.00275	0.00275	0.00091	0.00365	0.00244	0.00125	0.00310
36	0.00595	0.00503	0.00583	0.00419	0.00662	0.00392	0.00336	0.05277	0.00608	0.00939	0.00497	0.00574	0.00410	0.00210	0.00207	0.00043	0.00209	0.00167	0.00169	0.87200
37	0.00595	0.00593	0.00831	0.00714	0.00715	0.00828	0.00594	0.00657	0.00421	0.00661	0.00371	0.00614	0.00369	0.00523	0.03285	0.00129	0.87438	0.00242	0.00121	0.00299
38	0.00683	0.00590	0.00621	0.00559	0.00714	0.00683	0.00435	0.01460	0.88135	0.01149	0.01118	0.01025	0.00839	0.00373	0.00280	0.00093	0.00217	0.00311	0.00280	0.00435
39	0.00325	0.00278	0.00278	0.00278	0.00371	0.00232	0.00209	0.00394	0.00626	0.00742	0.02783	0.02644	0.88519	0.00696	0.00325	0.00093	0.00139	0.00580	0.00255	0.00232
40	0.00683	0.00590	0.00621	0.00559	0.00714	0.00683	0.00435	0.01460	0.88135	0.01149	0.01118	0.01025	0.00839	0.00373	0.00280	0.00093	0.00217	0.00311	0.00280	0.00435
41	0.00389	0.00281	0.00367	0.00346	0.00410	0.00259	0.00259	0.00518	0.00778	0.01102	0.88486	0.02052	0.02592	0.00562	0.00324	0.00086	0.00130	0.00497	0.00302	0.00259
42	0.00334	0.00241	0.00317	0.00379	0.00397	0.00223	0.00253	0.00383	0.00530	0.00703	0.01562	0.86859	0.05092	0.00854	0.00350	0.00111	0.00159	0.00773	0.00255	0.00223
43	0.01199	0.00460	0.00627	0.00483	0.00690	0.00398	0.00398	0.01306	0.00786	0.85318	0.04574	0.00980	0.00756	0.00349	0.00278	0.00085	0.00230	0.00285	0.00339	0.00459
44	0.00335	0.00239	0.00319	0.00383	0.00398	0.00223	0.00255	0.00383	0.00526	0.00701	0.01514	0.90165	0.01817	0.00861	0.00351	0.00112	0.00159	0.00781	0.00255	0.00223
45	0.00602	0.00484	0.00570	0.00411	0.00651	0.00366	0.00329	0.00722	0.00581	0.05526	0.00532	0.01705	0.00439	0.00219	0.00209	0.00044	0.00205	0.00176	0.00173	0.86056
46	0.00392	0.00294	0.00442	0.00442	0.00491	0.00343	0.00343	0.00491	0.00442	0.00638	0.00736	0.01079	0.00687	0.02060	0.89256	0.00442	0.00736	0.00294	0.00147	0.00245
47	0.00341	0.00242	0.00317	0.00375	0.00389	0.00227	0.00247	0.00384	0.00514	0.00686	0.01454	0.82014	0.01742	0.09115	0.00447	0.00126	0.00169	0.00746	0.00247	0.00218
48	0.00382	0.00251	0.00336	0.00388	0.00414	0.00233	0.00263	0.00433	0.00540	0.05345	0.01492	0.85463	0.01757	0.00833	0.00347	0.00110	0.00163	0.00754	0.00260	0.00236
49	0.00400	0.00266	0.00300	0.00300	0.00300	0.00266	0.00166	0.00400	0.00400	0.00533	0.00866	0.01798	0.00999	0.90345	0.01398	0.00266	0.00266	0.00400	0.00166	0.00166
50	0.00608	0.00618	0.00889	0.00748	0.00769	0.02134	0.06507	0.00681	0.00442	0.00676	0.00379	0.00614	0.00368	0.00478	0.01810	0.00121	0.81485	0.00246	0.00122	0.00305

[dist]
# distance from previous block
# <min> <max>
0	2

[block]
# block no. 3 follows, 107 sequences, length 9
# corresponding to MSA columns:
# 122-130
name=unknown_D
#
# <colnr> <probs for GDERKNQSTAVLIFYWHMCP>
#	G	D	E	R	K	N	Q	S	T	A	V	L	I	F	Y	W	H	M	C	P
0	0.00400	0.00266	0.00300	0.00300	0.00300	0.00266	0.00166	0.00400	0.00400	0.00533	0.00866	0.01798	0.00999	0.90345	0.01398	0.00266	0.00266	0.00400	0.00166	0.00166
1	0.00396	0.00269	0.00321	0.00324	0.00331	0.00275	0.00196	0.00412	0.00411	0.00555	0.00876	0.05629	0.00990	0.73694	0.13958	0.00285	0.00329	0.00401	0.00168	0.00180
2	0.06635	0.00260	0.00351	0.00348	0.00366	0.00266	0.00238	0.00416	0.00387	0.00582	0.00512	0.00828	0.00488	0.00845	0.00926	0.76787	0.00226	0.00234	0.09161	0.00145
3	0.00950	0.01155	0.00782	0.00762	0.07653	0.69650	0.00541	0.01129	0.13301	0.00758	0.00531	0.00586	0.00430	0.00293	0.00254	0.00075	0.00442	0.00201	0.00161	0.00344
4	0.01026	0.01309	0.00779	0.00708	0.00849	0.89242	0.00531	0.01097	0.00779	0.00672	0.00425	0.00495	0.00354	0.00283	0.00248	0.00071	0.00495	0.00177	0.00142	0.00318
5	0.00674	0.00728	0.00917	0.00761	0.00828	0.15077	0.11341	0.00760	0.00513	0.00699	0.00400	0.00600	0.00368	0.00407	0.00697	0.00106	0.60776	0.00237	0.00128	0.03983
6	0.00660	0.00649	0.01159	0.10279	0.67575	0.00655	0.13288	0.00835	0.00621	0.00876	0.00520	0.00694	0.00426	0.00246	0.00280	0.00084	0.00350	0.00256	0.00135	0.00413
7	0.00681	0.20403	0.00942	0.00643	0.00726	0.12812	0.00544	0.00752	0.00506	0.00669	0.00390	0.00563	0.00369	0.00429	0.02951	0.00105	0.51784	0.00209	0.00125	0.04396
8	0.00512	0.00356	0.00397	0.00362	0.00406	0.00369	0.00236	0.15792	0.00586	0.00788	0.07639	0.01617	0.01029	0.67508	0.01117	0.00220	0.00262	0.00380	0.00196	0.00227

[dist]
# distance from previous block
# <min> <max>
0	3

[block]
# block no. 4 follows, 107 sequences, length 32
# corresponding to MSA columns:
# 134-165
name=unknown_E
#
# <colnr> <probs for GDERKNQSTAVLIFYWHMCP>
#	G	D	E	R	K	N	Q	S	T	A	V	L	I	F	Y	W	H	M	C	P
0	0.84483	0.00568	0.04235	0.04127	0.00617	0.00617	0.00348	0.00806	0.00476	0.01195	0.00392	0.00464	0.00303	0.00256	0.00178	0.00085	0.00227	0.00155	0.00166	0.00303
1	0.00948	0.00696	0.00776	0.05098	0.00859	0.00774	0.00510	0.72128	0.01152	0.02847	0.00668	0.00714	0.00490	0.00504	0.09353	0.00119	0.00347	0.00253	0.01329	0.00434
2	0.00680	0.00592	0.00657	0.00640	0.07355	0.00672	0.00463	0.01391	0.78973	0.01123	0.01054	0.00986	0.00796	0.00358	0.00277	0.00091	0.00225	0.00301	0.00265	0.03103
3	0.00776	0.00758	0.00660	0.00590	0.00746	0.21349	0.00456	0.04131	0.61925	0.01985	0.00951	0.00900	0.01643	0.00351	0.00271	0.00087	0.00284	0.00278	0.00246	0.01614
4	0.02908	0.00564	0.06315	0.67178	0.05094	0.00600	0.03533	0.00739	0.02131	0.00762	0.00500	0.00707	0.00379	0.00267	0.00267	0.00087	0.00351	0.00237	0.00130	0.07250
5	0.01026	0.01309	0.00779	0.00708	0.00849	0.89242	0.00531	0.01097	0.00779	0.00672	0.00425	0.00495	0.00354	0.00283	0.00248	0.00071	0.00495	0.00177	0.00142	0.00318
6	0.01030	0.00788	0.03937	0.00635	0.00862	0.00837	0.00538	0.83275	0.01259	0.03081	0.00660	0.00661	0.00466	0.00328	0.00274	0.00083	0.00305	0.00246	0.00270	0.00465
7	0.00425	0.00309	0.00419	0.00475	0.00540	0.00303	0.00409	0.00542	0.00628	0.00809	0.01615	0.05870	0.11973	0.00755	0.00372	0.00122	0.00236	0.73695	0.00253	0.00249
8	0.00519	0.00488	0.00824	0.89684	0.01892	0.00610	0.00763	0.00702	0.00549	0.00702	0.00488	0.00732	0.00366	0.00275	0.00275	0.00092	0.00366	0.00244	0.00122	0.00305
9	0.01026	0.01309	0.00779	0.00708	0.00849	0.89242	0.00531	0.01097	0.00779	0.00672	0.00425	0.00495	0.00354	0.00283	0.00248	0.00071	0.00495	0.00177	0.00142	0.00318
10	0.00344	0.00243	0.00316	0.00370	0.00384	0.00230	0.00242	0.00385	0.00507	0.00676	0.01417	0.76951	0.01695	0.14242	0.00507	0.00135	0.00175	0.00724	0.00242	0.00215
11	0.01006	0.00761	0.00823	0.07151	0.00928	0.02755	0.00540	0.79466	0.01226	0.01633	0.00642	0.00661	0.00457	0.00325	0.00274	0.00083	0.00311	0.00246	0.00261	0.00452
12	0.00344	0.00291	0.00293	0.00288	0.00384	0.00248	0.00217	0.02707	0.00644	0.00768	0.02727	0.02591	0.86187	0.00686	0.00323	0.00092	0.00143	0.00571	0.00256	0.00238
13	0.00648	0.00741	0.01621	0.01158	0.01436	0.00695	0.87633	0.00880	0.00648	0.00880	0.00556	0.00741	0.00417	0.00232	0.00324	0.00093	0.00463	0.00324	0.00139	0.00371
14	0.06225	0.00298	0.00330	0.09907	0.00503	0.00317	0.00261	0.00645	0.00557	0.00977	0.00809	0.00970	0.00644	0.02432	0.00250	0.02387	0.00165	0.00251	0.71814	0.00258
15	0.00379	0.00279	0.00354	0.00338	0.00405	0.00254	0.00252	0.00498	0.00750	0.01042	0.74441	0.04981	0.13827	0.00589	0.00325	0.00088	0.00132	0.00517	0.00295	0.00254
16	0.00400	0.00266	0.00300	0.00300	0.00300	0.00266	0.00166	0.00400	0.00400	0.00533	0.00866	0.01798	0.00999	0.90345	0.01398	0.00266	0.00266	0.00400	0.00166	0.00166
17	0.00340	0.00241	0.00317	0.00376	0.00391	0.00226	0.00248	0.00384	0.00516	0.00689	0.01465	0.83489	0.01755	0.07621	0.00430	0.00123	0.00167	0.00752	0.00248	0.00219
18	0.01026	0.01309	0.00779	0.00708	0.00849	0.89242	0.00531	0.01097	0.00779	0.00672	0.00425	0.00495	0.00354	0.00283	0.00248	0.00071	0.00495	0.00177	0.00142	0.00318
19	0.01017	0.01295	0.00780	0.00708	0.00847	0.87384	0.00532	0.01088	0.00771	0.00672	0.00423	0.00498	0.00354	0.00287	0.00261	0.00072	0.02373	0.00178	0.00141	0.00318
20	0.00341	0.00242	0.00317	0.00374	0.00389	0.00227	0.00246	0.00384	0.00514	0.00685	0.01450	0.81439	0.01736	0.09697	0.00454	0.00127	0.00170	0.00743	0.00246	0.00218
21	0.00330	0.00277	0.00280	0.00280	0.00366	0.00235	0.00206	0.00395	0.00609	0.00726	0.02638	0.02580	0.81907	0.07469	0.00406	0.00106	0.00149	0.00566	0.00248	0.00227
22	0.00436	0.00298	0.00331	0.00319	0.00338	0.00301	0.00191	0.05838	0.00467	0.00618	0.00950	0.01770	0.05380	0.80217	0.01274	0.00246	0.00262	0.00399	0.00178	0.00189
23	0.00644	0.00725	0.01556	0.01111	0.01387	0.00674	0.82195	0.00868	0.00644	0.00881	0.00552	0.00730	0.00416	0.00230	0.00317	0.00089	0.00447	0.00314	0.00140	0.06079
24	0.00335	0.00239	0.00319	0.00383	0.00398	0.00223	0.00255	0.00383	0.00526	0.00701	0.01514	0.90165	0.01817	0.00861	0.00351	0.00112	0.00159	0.00781	0.00255	0.00223
25	0.00387	0.00261	0.00303	0.00316	0.00319	0.00258	0.00184	0.00396	0.00424	0.00565	0.00991	0.18945	0.01158	0.72981	0.01195	0.00236	0.00246	0.00474	0.00184	0.00177
26	0.01026	0.01309	0.00779	0.00708	0.00849	0.89242	0.00531	0.01097	0.00779	0.00672	0.00425	0.00495	0.00354	0.00283	0.00248	0.00071	0.00495	0.00177	0.00142	0.00318
27	0.00588	0.00574	0.00787	0.00667	0.00701	0.00756	0.00552	0.00656	0.00445	0.00695	0.00415	0.03486	0.00414	0.00455	0.00788	0.00109	0.74593	0.00247	0.00130	0.12941
28	0.00400	0.00266	0.00300	0.00300	0.00300	0.00266	0.00166	0.00400	0.00400	0.00533	0.00866	0.01798	0.00999	0.90345	0.01398	0.00266	0.00266	0.00400	0.00166	0.00166
29	0.00332	0.00274	0.00288	0.00293	0.00374	0.00234	0.00215	0.00401	0.00619	0.00754	0.07940	0.10794	0.72190	0.03612	0.00362	0.00100	0.00145	0.00588	0.00255	0.00231
30	0.00335	0.00239	0.00319	0.00383	0.00398	0.00223	0.00255	0.00383	0.00526	0.00701	0.01514	0.90165	0.01817	0.00861	0.00351	0.00112	0.00159	0.00781	0.00255	0.00223
31	0.00570	0.00488	0.00570	0.00407	0.00651	0.00366	0.00326	0.00692	0.00570	0.00895	0.00488	0.00570	0.00407	0.00203	0.00203	0.00041	0.00203	0.00163	0.00163	0.92024

[dist]
# distance from previous block
# <min> <max>
0	1

[block]
# block no. 5 follows, 107 sequences, length 41
# corresponding to MSA columns:
# 167-207
name=unknown_F
#
# <colnr> <probs for GDERKNQSTAVLIFYWHMCP>
#	G	D	E	R	K	N	Q	S	T	A	V	L	I	F	Y	W	H	M	C	P
0	0.01044	0.00770	0.00825	0.00632	0.00852	0.00852	0.00522	0.87715	0.01292	0.01731	0.00660	0.00660	0.00467	0.00330	0.00275	0.00082	0.00302	0.00247	0.00275	0.00467
1	0.01052	0.00757	0.00817	0.00626	0.00846	0.00834	0.00517	0.84174	0.01271	0.05302	0.00677	0.00671	0.00476	0.00330	0.00275	0.00083	0.00300	0.00249	0.00278	0.00467
2	0.00426	0.00311	0.00420	0.00474	0.00541	0.00304	0.00410	0.00545	0.00632	0.00811	0.01642	0.03035	0.13836	0.00750	0.00372	0.00122	0.00237	0.74631	0.00253	0.00250
3	0.00340	0.00244	0.00329	0.00388	0.00406	0.00234	0.00263	0.00392	0.00519	0.00696	0.01447	0.82419	0.01719	0.00965	0.08082	0.00140	0.00210	0.00739	0.00246	0.00225
4	0.00713	0.00358	0.00464	0.00396	0.00518	0.00321	0.00309	0.00834	0.02551	0.34612	0.40778	0.01640	0.09205	0.05607	0.00366	0.00097	0.00180	0.00410	0.00304	0.00335
5	0.00519	0.00488	0.00824	0.89684	0.01892	0.00610	0.00763	0.00702	0.00549	0.00702	0.00488	0.00732	0.00366	0.00275	0.00275	0.00092	0.00366	0.00244	0.00122	0.00305
6	0.00335	0.00239	0.00319	0.00383	0.00398	0.00223	0.00255	0.00383	0.00526	0.00701	0.01514	0.90165	0.01817	0.00861	0.00351	0.00112	0.00159	0.00781	0.00255	0.00223
7	0.00388	0.00281	0.00365	0.00344	0.00410	0.00259	0.00258	0.00516	0.00775	0.01095	0.86778	0.02064	0.04305	0.00564	0.00324	0.00087	0.00130	0.00499	0.00301	0.00259
8	0.01018	0.03761	0.00797	0.00701	0.00845	0.86819	0.00529	0.01090	0.00772	0.00672	0.00423	0.00494	0.00354	0.00282	0.00246	0.00070	0.00490	0.00176	0.00141	0.00319
9	0.00359	0.00306	0.00312	0.00306	0.00403	0.00272	0.00231	0.00493	0.08243	0.00794	0.06601	0.02476	0.76922	0.00661	0.00321	0.00093	0.00146	0.00553	0.00259	0.00251
10	0.00439	0.00329	0.00469	0.00455	0.00517	0.00380	0.00356	0.06770	0.00503	0.00717	0.00730	0.01049	0.00671	0.01936	0.82851	0.00416	0.00705	0.00291	0.00156	0.00261
11	0.00431	0.00308	0.00429	0.00493	0.00551	0.00306	0.00423	0.00549	0.00621	0.00809	0.01461	0.12469	0.01607	0.00770	0.00376	0.00125	0.00243	0.77526	0.00253	0.00250
12	0.00400	0.00266	0.00300	0.00300	0.00300	0.00266	0.00166	0.00400	0.00400	0.00533	0.00866	0.01798	0.00999	0.90345	0.01398	0.00266	0.00266	0.00400	0.00166	0.00166
13	0.00519	0.00488	0.00824	0.89684	0.01892	0.00610	0.00763	0.00702	0.00549	0.00702	0.00488	0.00732	0.00366	0.00275	0.00275	0.00092	0.00366	0.00244	0.00122	0.00305
14	0.00528	0.00275	0.00289	0.00282	0.00346	0.00279	0.00211	0.03980	0.00583	0.00999	0.00849	0.00994	0.00675	0.00397	0.01378	0.08065	0.00152	0.00255	0.79212	0.00252
15	0.01026	0.01309	0.00779	0.00708	0.00849	0.89242	0.00531	0.01097	0.00779	0.00672	0.00425	0.00495	0.00354	0.00283	0.00248	0.00071	0.00495	0.00177	0.00142	0.00318
16	0.00996	0.01252	0.00808	0.00793	0.08483	0.81538	0.00558	0.01075	0.00765	0.00692	0.00433	0.00511	0.00361	0.00280	0.00250	0.00072	0.00481	0.00183	0.00141	0.00329
17	0.00691	0.00677	0.01115	0.01641	0.83674	0.03636	0.02824	0.00853	0.00631	0.00890	0.00515	0.00675	0.00432	0.00246	0.00272	0.00081	0.00335	0.00244	0.00136	0.00430
18	0.00406	0.00300	0.00393	0.00440	0.00505	0.00288	0.00369	0.00511	0.00616	0.00787	0.01738	0.10540	0.20705	0.02810	0.00388	0.00121	0.00220	0.58366	0.00252	0.00244
19	0.00336	0.00240	0.00318	0.00381	0.00396	0.00224	0.00253	0.00383	0.00523	0.00698	0.01500	0.88292	0.01800	0.02758	0.00373	0.00115	0.00162	0.00773	0.00253	0.00222
20	0.00400	0.00266	0.00300	0.00300	0.00300	0.00266	0.00166	0.00400	0.00400	0.00533	0.00866	0.01798	0.00999	0.90345	0.01398	0.00266	0.00266	0.00400	0.00166	0.00166
21	0.00381	0.00275	0.00360	0.00351	0.00409	0.00254	0.00259	0.00499	0.00742	0.01045	0.76140	0.14560	0.02482	0.00604	0.00328	0.00090	0.00134	0.00537	0.00296	0.00254
22	0.00683	0.00590	0.00621	0.00559	0.00714	0.00683	0.00435	0.01460	0.88135	0.01149	0.01118	0.01025	0.00839	0.00373	0.00280	0.00093	0.00217	0.00311	0.00280	0.00435
23	0.01044	0.00770	0.00825	0.00632	0.00852	0.00852	0.00522	0.87715	0.01292	0.01731	0.00660	0.00660	0.00467	0.00330	0.00275	0.00082	0.00302	0.00247	0.00275	0.00467
24	0.02711	0.00765	0.00817	0.00627	0.00846	0.00848	0.00518	0.86127	0.01277	0.01722	0.00655	0.00656	0.00464	0.00328	0.00273	0.00082	0.00301	0.00246	0.00273	0.00464
25	0.00397	0.00265	0.00301	0.00303	0.00304	0.00264	0.00171	0.00399	0.00405	0.00540	0.00896	0.05883	0.01037	0.86208	0.01350	0.00259	0.00261	0.00417	0.00171	0.00169
26	0.00389	0.00281	0.00367	0.00346	0.00410	0.00259	0.00259	0.00518	0.00778	0.01102	0.88486	0.02052	0.02592	0.00562	0.00324	0.00086	0.00130	0.00497	0.00302	0.00259
27	0.90465	0.00530	0.00408	0.00364	0.00535	0.00612	0.00300	0.00818	0.00474	0.02984	0.00397	0.00456	0.00305	0.00257	0.00172	0.00085	0.00213	0.00151	0.00173	0.00301
28	0.00480	0.00240	0.00349	0.00349	0.00355	0.00240	0.00235	0.00382	0.00377	0.00525	0.00514	0.00852	0.00497	0.00899	0.00997	0.84011	0.00229	0.00240	0.08098	0.00131
29	0.00335	0.00239	0.00319	0.00383	0.00398	0.00223	0.00255	0.00383	0.00526	0.00701	0.01514	0.90165	0.01817	0.00861	0.00351	0.00112	0.00159	0.00781	0.00255	0.00223
30	0.00325	0.00278	0.00278	0.00278	0.00371	0.00232	0.00209	0.00394	0.00626	0.00742	0.02783	0.02644	0.88519	0.00696	0.00325	0.00093	0.00139	0.00580	0.00255	0.00232
31	0.88545	0.00541	0.00421	0.00372	0.00544	0.00626	0.00307	0.04370	0.00501	0.01253	0.00394	0.00455	0.00304	0.00258	0.00174	0.00085	0.00216	0.00153	0.00174	0.00304
32	0.00615	0.00611	0.00874	0.00735	0.00757	0.00829	0.04619	0.03064	0.00457	0.00704	0.00379	0.00609	0.00367	0.00462	0.00849	0.00117	0.82136	0.00244	0.00126	0.01447
33	0.00333	0.00282	0.00285	0.00285	0.00375	0.00240	0.00213	0.00409	0.01665	0.00739	0.02669	0.02595	0.82840	0.04368	0.00369	0.00100	0.00147	0.01602	0.00252	0.00232
34	0.00347	0.00244	0.00315	0.00366	0.00379	0.00232	0.00238	0.00386	0.00502	0.00669	0.01389	0.73059	0.01659	0.18183	0.00553	0.00142	0.00180	0.00707	0.00238	0.00212
35	0.00393	0.00264	0.00302	0.00308	0.00310	0.00262	0.00175	0.00398	0.00412	0.00550	0.00931	0.10770	0.01082	0.81259	0.01292	0.00251	0.00255	0.00438	0.00175	0.00172
36	0.00435	0.00314	0.00432	0.00491	0.00556	0.00311	0.00427	0.00558	0.00632	0.00817	0.01544	0.03069	0.07397	0.00755	0.00376	0.00124	0.00245	0.81015	0.00253	0.00252
37	0.00680	0.00653	0.01115	0.01686	0.88631	0.00653	0.00843	0.00843	0.00626	0.00898	0.00517	0.00680	0.00435	0.00245	0.00272	0.00082	0.00326	0.00245	0.00136	0.00435
38	0.00477	0.00239	0.00358	0.00358	0.00358	0.00239	0.00239	0.00358	0.00358	0.00477	0.00477	0.00835	0.00477	0.00954	0.01074	0.92007	0.00239	0.00239	0.00119	0.00119
39	0.01579	0.00282	0.00353	0.00337	0.00406	0.00259	0.00252	0.00500	0.00744	0.01038	0.72052	0.04756	0.15252	0.00586	0.00323	0.00088	0.00133	0.00513	0.00292	0.00255
40	0.77871	0.00658	0.13080	0.01671	0.00644	0.00619	0.00407	0.00815	0.00485	0.01173	0.00400	0.00469	0.00306	0.00256	0.00185	0.00085	0.00242	0.00158	0.00162	0.00313

[dist]
# distance from previous block
# <min> <max>
0	8

[block]
# block no. 6 follows, 107 sequences, length 11
# corresponding to MSA columns:
# 216-226
name=unknown_G
#
# <colnr> <probs for GDERKNQSTAVLIFYWHMCP>
#	G	D	E	R	K	N	Q	S	T	A	V	L	I	F	Y	W	H	M	C	P
0	0.00343	0.00242	0.00316	0.00372	0.00386	0.00229	0.00244	0.00385	0.00510	0.00680	0.01434	0.79189	0.01715	0.11975	0.00481	0.00131	0.00173	0.00734	0.00244	0.00216
1	0.00392	0.00279	0.00351	0.00342	0.00409	0.00253	0.00253	0.00498	0.00715	0.03300	0.58211	0.14429	0.18300	0.00622	0.00327	0.00091	0.00138	0.00546	0.00288	0.00255
2	0.00337	0.00241	0.00321	0.00381	0.00399	0.00225	0.00255	0.00389	0.00538	0.00721	0.05779	0.85844	0.01855	0.00846	0.00349	0.00110	0.00158	0.00767	0.00257	0.00225
3	0.05210	0.00300	0.00379	0.00354	0.00428	0.00282	0.00267	0.00562	0.00753	0.04711	0.77174	0.05081	0.02366	0.00547	0.00315	0.00087	0.00139	0.00480	0.00295	0.00269
4	0.00477	0.00239	0.00358	0.00358	0.00358	0.00239	0.00239	0.00358	0.00358	0.00477	0.00477	0.00835	0.00477	0.00954	0.01074	0.92007	0.00239	0.00239	0.00119	0.00119
5	0.00331	0.00280	0.00287	0.00290	0.00381	0.00236	0.00221	0.00403	0.00627	0.00746	0.02716	0.02667	0.84114	0.00699	0.00327	0.00094	0.00145	0.04948	0.00255	0.00233
6	0.00622	0.00689	0.01457	0.04940	0.01351	0.00663	0.73185	0.00834	0.00621	0.00849	0.00558	0.00756	0.00432	0.00368	0.06570	0.00117	0.03097	0.00313	0.00139	0.02440
7	0.00645	0.00724	0.01527	0.01133	0.04333	0.00708	0.76123	0.00857	0.00625	0.00859	0.00535	0.00725	0.00412	0.00257	0.00379	0.00095	0.09247	0.00313	0.00137	0.00366
8	0.00959	0.01182	0.00844	0.00898	0.17920	0.72014	0.00592	0.01048	0.00749	0.00716	0.00443	0.00531	0.00370	0.00276	0.00252	0.00073	0.00463	0.00190	0.00140	0.00341
9	0.00942	0.03813	0.00829	0.00796	0.10495	0.69374	0.00557	0.01025	0.00731	0.00706	0.00434	0.00522	0.00365	0.00282	0.00273	0.00072	0.04124	0.00186	0.00140	0.04332
10	0.00943	0.00689	0.00751	0.00584	0.00783	0.00746	0.00475	0.70226	0.01137	0.03409	0.00687	0.02437	0.00529	0.05138	0.03682	0.00103	0.00306	0.00262	0.00257	0.06856

[dist]
# distance from previous block
# <min> <max>
10	60

[block]
# block no. 7 follows, 107 sequences, length 20
# corresponding to MSA columns:
# 289-308
name=unknown_H
#
# <colnr> <probs for GDERKNQSTAVLIFYWHMCP>
#	G	D	E	R	K	N	Q	S	T	A	V	L	I	F	Y	W	H	M	C	P
0	0.00437	0.00318	0.00441	0.02329	0.00585	0.00317	0.00436	0.00562	0.00630	0.00815	0.01513	0.03023	0.06680	0.00745	0.00374	0.00124	0.00249	0.79919	0.00250	0.00253
1	0.01022	0.03719	0.15652	0.00551	0.00790	0.00523	0.00518	0.10679	0.04705	0.53974	0.04370	0.00876	0.00672	0.00332	0.00272	0.00085	0.00268	0.00267	0.00283	0.00443
2	0.00528	0.00506	0.00881	0.83378	0.01860	0.00616	0.06951	0.00715	0.00556	0.00715	0.00493	0.00733	0.00370	0.00272	0.00278	0.00092	0.00373	0.00250	0.00123	0.00310
3	0.00326	0.00272	0.00285	0.00296	0.00376	0.00230	0.00217	0.00392	0.00609	0.00735	0.02568	0.17492	0.73810	0.00724	0.00329	0.00096	0.00143	0.00614	0.00255	0.00230
4	0.00396	0.00265	0.00304	0.00308	0.00310	0.00266	0.00176	0.00401	0.00408	0.00545	0.00899	0.06767	0.01037	0.83131	0.03493	0.00262	0.00272	0.00418	0.00171	0.00172
5	0.00967	0.00649	0.00721	0.02147	0.00784	0.00694	0.00467	0.56864	0.06238	0.16346	0.00988	0.00947	0.10171	0.00373	0.00281	0.00085	0.00269	0.00292	0.00281	0.00437
6	0.00339	0.00288	0.00294	0.00291	0.00384	0.00247	0.00219	0.00434	0.03335	0.00775	0.07483	0.02561	0.81050	0.00678	0.00323	0.00092	0.00141	0.00567	0.00258	0.00240
7	0.00347	0.00245	0.00314	0.00364	0.00378	0.00232	0.00236	0.00386	0.00503	0.00669	0.01415	0.70499	0.03684	0.18696	0.00559	0.00142	0.00180	0.00700	0.00237	0.00212
8	0.00346	0.00244	0.00316	0.00368	0.00382	0.00230	0.00240	0.00385	0.00505	0.00673	0.01404	0.75173	0.01678	0.16042	0.00528	0.00138	0.00178	0.00716	0.00240	0.00214
9	0.00399	0.00268	0.00306	0.00306	0.00308	0.00270	0.00174	0.00404	0.00401	0.00537	0.00860	0.01766	0.00985	0.86397	0.05327	0.00274	0.00287	0.00395	0.00166	0.00170
10	0.00367	0.00307	0.00311	0.00299	0.00399	0.00268	0.00227	0.05541	0.00665	0.00800	0.02658	0.02527	0.83330	0.00674	0.00322	0.00092	0.00149	0.00560	0.00256	0.00246
11	0.00633	0.00539	0.00566	0.00509	0.00655	0.00605	0.00396	0.05922	0.66482	0.01102	0.01416	0.01319	0.17804	0.00433	0.00288	0.00093	0.00207	0.00359	0.00275	0.00397
12	0.00522	0.00286	0.00294	0.00284	0.00345	0.00290	0.00206	0.05312	0.00585	0.00979	0.00878	0.01136	0.00741	0.15594	0.00401	0.00099	0.00161	0.00280	0.71354	0.00252
13	0.01822	0.00275	0.00336	0.00338	0.00400	0.00250	0.00247	0.00463	0.00680	0.00928	0.47184	0.22001	0.22760	0.00656	0.00328	0.00094	0.00140	0.00575	0.00278	0.00245
14	0.00443	0.00358	0.00518	0.00493	0.00538	0.00440	0.00391	0.02563	0.00458	0.00667	0.00670	0.00988	0.00626	0.01752	0.72182	0.00379	0.15843	0.00284	0.00146	0.00260
15	0.02696	0.00365	0.00490	0.00463	0.00538	0.00418	0.00364	0.12496	0.00561	0.00809	0.00720	0.01005	0.00648	0.01749	0.73319	0.00377	0.00653	0.00284	0.01768	0.00277
16	0.00346	0.00244	0.00316	0.00368	0.00382	0.00230	0.00240	0.00385	0.00505	0.00673	0.01404	0.75173	0.01678	0.16042	0.00528	0.00138	0.00178	0.00716	0.00240	0.00214
17	0.89613	0.03157	0.00434	0.00364	0.00536	0.00630	0.00303	0.00808	0.00470	0.01216	0.00383	0.00446	0.00299	0.00254	0.00170	0.00084	0.00215	0.00149	0.00168	0.00299
18	0.00531	0.00492	0.00788	0.72389	0.03800	0.00570	0.00691	0.00704	0.00555	0.00740	0.00489	0.00704	0.00375	0.00262	0.00263	0.00083	0.00338	0.00230	0.00129	0.15869
19	0.00529	0.00347	0.00392	0.00362	0.00478	0.00317	0.00282	0.00689	0.10253	0.15761	0.08576	0.02156	0.53176	0.00593	0.00314	0.00093	0.00169	0.04941	0.00276	0.00297

[dist]
# distance from previous block
# <min> <max>
3	5

[block]
# block no. 8 follows, 107 sequences, length 6
# corresponding to MSA columns:
# 315-320
name=unknown_I
#
# <colnr> <probs for GDERKNQSTAVLIFYWHMCP>
#	G	D	E	R	K	N	Q	S	T	A	V	L	I	F	Y	W	H	M	C	P
0	0.00348	0.00279	0.00310	0.00328	0.00402	0.00245	0.00249	0.00420	0.00604	0.00740	0.02326	0.13834	0.59931	0.04928	0.00387	0.00109	0.00165	0.13915	0.00251	0.00231
1	0.00391	0.00276	0.00336	0.00352	0.00382	0.00267	0.00233	0.03525	0.00556	0.00748	0.15682	0.38251	0.05512	0.31406	0.00701	0.00158	0.00195	0.00575	0.00233	0.00219
2	0.00677	0.00614	0.00685	0.00724	0.14284	0.04574	0.00489	0.01287	0.65713	0.01066	0.01090	0.01041	0.05799	0.00368	0.00280	0.00090	0.00242	0.00310	0.00250	0.00418
3	0.00744	0.00770	0.01019	0.01428	0.66388	0.17066	0.00758	0.00932	0.06608	0.00873	0.00541	0.00669	0.00448	0.00261	0.00268	0.00080	0.00350	0.00237	0.00147	0.00414
4	0.00657	0.00636	0.01097	0.01571	0.78102	0.00631	0.06144	0.00819	0.00627	0.00887	0.00652	0.00799	0.05590	0.00270	0.00278	0.00083	0.00324	0.00269	0.00143	0.00419
5	0.00367	0.00245	0.00331	0.00382	0.00397	0.00233	0.00259	0.00391	0.00500	0.00665	0.01317	0.66566	0.01554	0.05463	0.00518	0.14318	0.00183	0.05875	0.00229	0.00206

[dist]
# distance from previous block
# <min> <max>
44	139

[block]
# block no. 9 follows, 107 sequences, length 7
# corresponding to MSA columns:
# 547-553
name=unknown_J
#
# <colnr> <probs for GDERKNQSTAVLIFYWHMCP>
#	G	D	E	R	K	N	Q	S	T	A	V	L	I	F	Y	W	H	M	C	P
0	0.00370	0.00274	0.00346	0.03193	0.00443	0.00267	0.00261	0.00455	0.04529	0.00726	0.07784	0.55443	0.08409	0.15558	0.00514	0.00132	0.00183	0.00643	0.00241	0.00229
1	0.02791	0.00299	0.00379	0.00367	0.00437	0.00283	0.00276	0.00564	0.03508	0.04016	0.62650	0.14074	0.04636	0.00593	0.00323	0.00092	0.00147	0.04007	0.00290	0.00267
2	0.00734	0.00648	0.00652	0.06720	0.00806	0.09119	0.00464	0.06573	0.62647	0.04143	0.01033	0.00981	0.03527	0.00364	0.00277	0.00090	0.00257	0.00297	0.00257	0.00411
3	0.00405	0.00316	0.00363	0.02406	0.00461	0.00306	0.00269	0.05561	0.06214	0.00801	0.03839	0.34697	0.34658	0.07905	0.00414	0.00113	0.00176	0.00594	0.00249	0.00252
4	0.00343	0.00247	0.00317	0.00366	0.00389	0.00230	0.00244	0.00393	0.00538	0.00714	0.07016	0.70798	0.07780	0.08710	0.00439	0.00122	0.00166	0.00716	0.00250	0.00221
5	0.00395	0.00264	0.00301	0.00306	0.00307	0.00263	0.00173	0.00398	0.00409	0.00545	0.00913	0.08311	0.01059	0.83750	0.01321	0.00255	0.00258	0.00428	0.00173	0.00171
6	0.00770	0.79718	0.01360	0.00499	0.00723	0.11753	0.00477	0.00856	0.00585	0.00650	0.00387	0.00447	0.00353	0.00241	0.00185	0.00060	0.00318	0.00151	0.00120	0.00348

[dist]
# distance from previous block
# <min> <max>
0	5

[block]
# block no. 10 follows, 107 sequences, length 10
# corresponding to MSA columns:
# 559-568
name=unknown_K
#
# <colnr> <probs for GDERKNQSTAVLIFYWHMCP>
#	G	D	E	R	K	N	Q	S	T	A	V	L	I	F	Y	W	H	M	C	P
0	0.00524	0.00399	0.00537	0.00544	0.07112	0.00437	0.00384	0.14280	0.00588	0.00825	0.00716	0.01064	0.00667	0.13863	0.53080	0.00319	0.00552	0.00293	0.00170	0.03646
