[name]
ycf2

[dist]
# distance from previous block
# <min> <max>
0	0

[block]
# block no. 0 follows, 108 sequences, length 12
# corresponding to MSA columns:
# 0-11
name=unknown_A
#
# <colnr> <probs for GDERKNQSTAVLIFYWHMCP>
#	G	D	E	R	K	N	Q	S	T	A	V	L	I	F	Y	W	H	M	C	P
0	0.00439	0.00314	0.00439	0.00502	0.00565	0.00314	0.00439	0.00565	0.00628	0.00816	0.01443	0.03075	0.01569	0.00753	0.00377	0.00126	0.00251	0.86885	0.00251	0.00251
1	0.00661	0.00704	0.07176	0.07126	0.70917	0.02269	0.03847	0.00847	0.02219	0.00876	0.00520	0.00676	0.00427	0.00248	0.00271	0.00082	0.00338	0.00243	0.00135	0.00417
2	0.86128	0.00587	0.06402	0.00387	0.00571	0.00613	0.00343	0.00805	0.00471	0.01199	0.00387	0.00452	0.00299	0.00253	0.00175	0.00084	0.00224	0.00151	0.00165	0.00303
3	0.00589	0.00589	0.00854	0.00724	0.00740	0.00804	0.04926	0.00659	0.00430	0.00666	0.00385	0.00626	0.00376	0.00541	0.05143	0.00133	0.81151	0.00245	0.00121	0.00299
4	0.00633	0.00710	0.01515	0.05409	0.01405	0.00668	0.78888	0.00855	0.00634	0.00865	0.00545	0.00726	0.00411	0.00230	0.00313	0.00089	0.00441	0.00309	0.00138	0.05215
5	0.00433	0.00297	0.00340	0.00333	0.00354	0.00299	0.00206	0.06455	0.00499	0.00670	0.07128	0.11917	0.01160	0.67501	0.01115	0.00221	0.00245	0.00436	0.00192	0.00199
6	0.00658	0.00655	0.01187	0.07141	0.66084	0.00653	0.17896	0.00835	0.00620	0.00875	0.00519	0.00690	0.00424	0.00242	0.00280	0.00084	0.00353	0.00258	0.00135	0.00411
7	0.00953	0.00699	0.00751	0.00584	0.00774	0.00770	0.00472	0.76479	0.01167	0.01564	0.00681	0.00801	0.00532	0.12006	0.00417	0.00105	0.00295	0.00265	0.00259	0.00425
8	0.00475	0.00238	0.00349	0.00349	0.00353	0.00238	0.00234	0.00371	0.00367	0.00504	0.00497	0.00839	0.00486	0.00912	0.01016	0.86914	0.00231	0.00238	0.05263	0.00126
9	0.00331	0.00277	0.00289	0.00296	0.00383	0.00236	0.00225	0.00403	0.00618	0.00740	0.02619	0.06213	0.79058	0.00701	0.00327	0.00095	0.00147	0.06559	0.00253	0.00231
10	0.00393	0.00263	0.00298	0.00301	0.00302	0.00262	0.00169	0.00396	0.00402	0.00536	0.00888	0.05837	0.01028	0.86316	0.01340	0.00257	0.00259	0.00414	0.00169	0.00168
11	0.00547	0.01410	0.89008	0.00777	0.01180	0.00633	0.01007	0.00863	0.00576	0.00863	0.00489	0.00576	0.00345	0.00259	0.00259	0.00086	0.00403	0.00201	0.00115	0.00403

[dist]
# distance from previous block
# <min> <max>
0	4

[block]
# block no. 1 follows, 108 sequences, length 26
# corresponding to MSA columns:
# 16-41
name=unknown_B
#
# <colnr> <probs for GDERKNQSTAVLIFYWHMCP>
#	G	D	E	R	K	N	Q	S	T	A	V	L	I	F	Y	W	H	M	C	P
0	0.00334	0.00239	0.00318	0.00378	0.00396	0.00223	0.00253	0.00385	0.00532	0.00712	0.04951	0.86749	0.01833	0.00842	0.00347	0.00110	0.00157	0.00764	0.00255	0.00223
1	0.00519	0.00488	0.00825	0.87610	0.04001	0.00607	0.00759	0.00700	0.00547	0.00701	0.00485	0.00725	0.00365	0.00272	0.00272	0.00091	0.00362	0.00242	0.00121	0.00306
2	0.00564	0.01386	0.86728	0.00769	0.01167	0.00627	0.00991	0.00875	0.00581	0.03135	0.00504	0.00585	0.00354	0.00261	0.00259	0.00086	0.00398	0.00203	0.00121	0.00404
3	0.00326	0.00276	0.00282	0.00281	0.00371	0.00232	0.00210	0.00399	0.00631	0.00760	0.08481	0.02584	0.82875	0.00681	0.00322	0.00092	0.00137	0.00570	0.00256	0.00232
4	0.00673	0.00674	0.02604	0.01577	0.79129	0.03387	0.03976	0.00835	0.00623	0.00878	0.00535	0.02889	0.00461	0.00259	0.00273	0.00082	0.00331	0.00256	0.00138	0.00420
5	0.01018	0.01299	0.00772	0.00702	0.00843	0.89326	0.00527	0.01088	0.00772	0.00667	0.00421	0.00492	0.00351	0.00281	0.00246	0.00070	0.00492	0.00176	0.00140	0.00316
6	0.01036	0.00764	0.00818	0.00627	0.00845	0.00845	0.00518	0.87811	0.01282	0.01718	0.00654	0.00654	0.00464	0.00327	0.00273	0.00082	0.00300	0.00245	0.00273	0.00464
7	0.00590	0.00589	0.00836	0.02414	0.00743	0.00816	0.01894	0.00656	0.00424	0.00659	0.00372	0.00613	0.00367	0.00508	0.03065	0.00126	0.84667	0.00241	0.00120	0.00298
8	0.00390	0.00291	0.00435	0.00435	0.00482	0.00339	0.00336	0.00485	0.00437	0.00630	0.00733	0.01088	0.00689	0.04206	0.87189	0.00434	0.00719	0.00295	0.00146	0.00241
9	0.00396	0.00264	0.00297	0.00297	0.00297	0.00264	0.00165	0.00396	0.00396	0.00529	0.00859	0.01784	0.00991	0.90420	0.01387	0.00264	0.00264	0.00396	0.00165	0.00165
10	0.00332	0.00237	0.00316	0.00380	0.00395	0.00221	0.00253	0.00380	0.00522	0.00696	0.01502	0.90242	0.01803	0.00854	0.00348	0.00111	0.00158	0.00775	0.00253	0.00221
11	0.00729	0.90584	0.01428	0.00466	0.00700	0.01079	0.00466	0.00816	0.00554	0.00641	0.00379	0.00437	0.00350	0.00233	0.00175	0.00058	0.00292	0.00146	0.00117	0.00350
12	0.01036	0.00764	0.00818	0.00627	0.00845	0.00845	0.00518	0.87811	0.01282	0.01718	0.00654	0.00654	0.00464	0.00327	0.00273	0.00082	0.00300	0.00245	0.00273	0.00464
13	0.00473	0.00237	0.00355	0.00355	0.00355	0.00237	0.00237	0.00355	0.00355	0.00473	0.00473	0.00829	0.00473	0.00947	0.01065	0.92069	0.00237	0.00237	0.00118	0.00118
14	0.00703	0.00604	0.00622	0.00557	0.00713	0.03401	0.00434	0.01434	0.83254	0.03414	0.01087	0.00999	0.00813	0.00366	0.00276	0.00092	0.00225	0.00303	0.00275	0.00429
15	0.00641	0.00739	0.02889	0.02480	0.03659	0.00686	0.82916	0.00869	0.00640	0.00871	0.00549	0.00731	0.00412	0.00231	0.00319	0.00092	0.00454	0.00317	0.00137	0.00369
16	0.00385	0.00261	0.00300	0.00309	0.00315	0.00257	0.00180	0.00396	0.00427	0.00567	0.02319	0.13916	0.04045	0.73838	0.01194	0.00235	0.00244	0.00456	0.00182	0.00176
17	0.00991	0.01245	0.00781	0.00739	0.04650	0.82262	0.00537	0.01091	0.03939	0.00694	0.00450	0.00519	0.00372	0.00282	0.00248	0.00071	0.00474	0.00183	0.00145	0.00325
18	0.01019	0.00751	0.00806	0.00621	0.00834	0.00830	0.00512	0.85672	0.01263	0.01693	0.00675	0.02846	0.00496	0.00340	0.00275	0.00083	0.00296	0.00258	0.00272	0.00458
19	0.00423	0.00286	0.00375	0.00351	0.00420	0.00263	0.00264	0.00548	0.00764	0.05109	0.81880	0.04702	0.02461	0.00556	0.00320	0.00086	0.00134	0.00492	0.00300	0.00266
20	0.72952	0.00496	0.01909	0.01782	0.00536	0.00547	0.00305	0.00741	0.00510	0.01161	0.10418	0.02346	0.04791	0.00319	0.00200	0.00085	0.00203	0.00220	0.00187	0.00288
21	0.01014	0.00750	0.00806	0.00617	0.00836	0.00823	0.00509	0.83696	0.01248	0.01679	0.00646	0.00650	0.00461	0.00321	0.00269	0.00080	0.00295	0.00241	0.00267	0.04791
22	0.00396	0.00264	0.00297	0.00297	0.00297	0.00264	0.00165	0.00396	0.00396	0.00529	0.00859	0.01784	0.00991	0.90420	0.01387	0.00264	0.00264	0.00396	0.00165	0.00165
23	0.00325	0.00276	0.00280	0.00279	0.00370	0.00231	0.00209	0.00397	0.00628	0.00752	0.06484	0.02598	0.84877	0.00685	0.00322	0.00092	0.00138	0.00572	0.00255	0.00231
24	0.00593	0.00589	0.00822	0.02535	0.00736	0.00808	0.00587	0.00658	0.00427	0.00668	0.00366	0.00598	0.00360	0.00460	0.00849	0.00115	0.83889	0.00235	0.00121	0.04584
25	0.00324	0.00276	0.00278	0.00278	0.00369	0.00231	0.00208	0.00394	0.00625	0.00745	0.04860	0.02609	0.86505	0.00687	0.00322	0.00092	0.00138	0.00573	0.00254	0.00231

[dist]
# distance from previous block
# <min> <max>
0	1

[block]
# block no. 2 follows, 108 sequences, length 21
# corresponding to MSA columns:
# 43-63
name=unknown_C
#
# <colnr> <probs for GDERKNQSTAVLIFYWHMCP>
#	G	D	E	R	K	N	Q	S	T	A	V	L	I	F	Y	W	H	M	C	P
0	0.00396	0.00264	0.00297	0.00297	0.00297	0.00264	0.00165	0.00396	0.00396	0.00529	0.00859	0.01784	0.00991	0.90420	0.01387	0.00264	0.00264	0.00396	0.00165	0.00165
1	0.00397	0.00263	0.00297	0.00298	0.00300	0.00263	0.00168	0.00401	0.00403	0.00543	0.00873	0.03655	0.01002	0.86587	0.01340	0.00257	0.00259	0.00401	0.02125	0.00168
2	0.00596	0.00596	0.00835	0.00716	0.00716	0.00835	0.00596	0.00656	0.00417	0.00656	0.00358	0.00596	0.00358	0.00477	0.00895	0.00119	0.89921	0.00239	0.00119	0.00298
3	0.00643	0.00735	0.01608	0.01149	0.01425	0.00689	0.87730	0.00873	0.00643	0.00873	0.00551	0.00735	0.00414	0.00230	0.00322	0.00092	0.00460	0.00322	0.00138	0.00368
4	0.00547	0.01410	0.89008	0.00777	0.01180	0.00633	0.01007	0.00863	0.00576	0.00863	0.00489	0.00576	0.00345	0.00259	0.00259	0.00086	0.00403	0.00201	0.00115	0.00403
5	0.00528	0.00491	0.00808	0.81922	0.01770	0.00615	0.00734	0.02209	0.00552	0.00718	0.00488	0.00724	0.00371	0.00285	0.00304	0.00092	0.05043	0.00242	0.01800	0.00304
6	0.00396	0.00264	0.00297	0.00297	0.00297	0.00264	0.00165	0.00396	0.00396	0.00529	0.00859	0.01784	0.00991	0.90420	0.01387	0.00264	0.00264	0.00396	0.00165	0.00165
7	0.00339	0.00289	0.00326	0.07678	0.00496	0.00260	0.00258	0.00415	0.00603	0.00728	0.02423	0.12963	0.70923	0.00675	0.00321	0.00094	0.00159	0.00572	0.00242	0.00235
8	0.00675	0.00648	0.01106	0.01673	0.88720	0.00648	0.00837	0.00837	0.00621	0.00891	0.00513	0.00675	0.00432	0.00243	0.00270	0.00081	0.00324	0.00243	0.00135	0.00432
9	0.00334	0.00238	0.00316	0.00377	0.00393	0.00223	0.00250	0.00380	0.00518	0.00691	0.01484	0.87660	0.01779	0.03469	0.00378	0.00115	0.00161	0.00764	0.00250	0.00220
10	0.00361	0.00256	0.00333	0.00384	0.00406	0.00244	0.00259	0.03347	0.00540	0.00721	0.01432	0.82382	0.01704	0.04143	0.00396	0.01715	0.00168	0.00734	0.00248	0.00226
11	0.03874	0.87492	0.01393	0.00463	0.00694	0.01063	0.00461	0.00816	0.00551	0.00661	0.00379	0.00437	0.00348	0.00234	0.00175	0.00059	0.00289	0.00146	0.00118	0.00348
12	0.00806	0.00623	0.00688	0.00517	0.00737	0.00612	0.00419	0.46335	0.00934	0.01310	0.00588	0.00657	0.00457	0.03635	0.00283	0.00070	0.00256	0.00214	0.00220	0.40639
13	0.00524	0.00498	0.00850	0.80800	0.01797	0.00599	0.05593	0.00706	0.00551	0.00715	0.00488	0.00720	0.00368	0.00267	0.00272	0.00089	0.00361	0.00243	0.00124	0.04433
14	0.00326	0.00277	0.00281	0.00283	0.00374	0.00233	0.00214	0.00396	0.00621	0.00739	0.02723	0.02637	0.86064	0.00692	0.00324	0.00093	0.00141	0.03099	0.00253	0.00231
15	0.00445	0.00239	0.00345	0.00355	0.00358	0.00236	0.00235	0.00362	0.00386	0.00514	0.00670	0.15791	0.00728	0.06698	0.00967	0.70828	0.00225	0.00337	0.00144	0.00139
16	0.01019	0.00747	0.00804	0.00619	0.00830	0.00826	0.00509	0.85074	0.01253	0.01679	0.00649	0.00660	0.00464	0.00347	0.00297	0.02961	0.00298	0.00245	0.00268	0.00453
17	0.00327	0.00278	0.00283	0.00286	0.00377	0.00234	0.00218	0.00399	0.00622	0.00740	0.02702	0.02644	0.84696	0.00693	0.00325	0.00094	0.00143	0.04456	0.00253	0.00231
18	0.00341	0.00247	0.00326	0.00380	0.00405	0.00227	0.00256	0.00391	0.00524	0.00703	0.01464	0.86839	0.01750	0.00829	0.00342	0.00108	0.00160	0.00752	0.00250	0.03708
19	0.00337	0.00239	0.00315	0.00373	0.00388	0.00225	0.00246	0.00381	0.00512	0.00683	0.01453	0.83438	0.01740	0.07743	0.00428	0.00123	0.00166	0.00746	0.00246	0.00217
20	0.00991	0.00730	0.00786	0.00611	0.00816	0.00805	0.00501	0.82176	0.01233	0.01652	0.00709	0.06428	0.00550	0.00361	0.00278	0.00084	0.00291	0.00280	0.00271	0.00448

[dist]
# distance from previous block
# <min> <max>
14	25

[block]
# block no. 3 follows, 108 sequences, length 6
# corresponding to MSA columns:
# 95-100
name=unknown_D
#
# <colnr> <probs for GDERKNQSTAVLIFYWHMCP>
#	G	D	E	R	K	N	Q	S	T	A	V	L	I	F	Y	W	H	M	C	P
0	0.05782	0.00290	0.00363	0.00346	0.00413	0.00276	0.00259	0.00522	0.00737	0.01074	0.77596	0.07819	0.02387	0.00559	0.00314	0.00087	0.00135	0.00491	0.00289	0.00257
1	0.00381	0.00275	0.00360	0.00346	0.00406	0.00254	0.00257	0.00503	0.00750	0.01059	0.81065	0.09644	0.02506	0.00583	0.00324	0.00088	0.00131	0.00517	0.00296	0.00254
2	0.05890	0.00436	0.00563	0.00450	0.00623	0.00397	0.00365	0.04977	0.00784	0.58947	0.22302	0.01159	0.01106	0.00386	0.00280	0.00085	0.00209	0.00319	0.00316	0.00405
3	0.00437	0.00290	0.00371	0.00344	0.00418	0.00265	0.00258	0.00553	0.00740	0.07017	0.70326	0.02004	0.10454	0.04878	0.00370	0.00095	0.00143	0.00481	0.00292	0.00264
4	0.00338	0.00240	0.00315	0.00372	0.00387	0.00225	0.00245	0.00381	0.00511	0.00681	0.01447	0.82612	0.01733	0.08580	0.00438	0.00124	0.00167	0.00742	0.00245	0.00217
5	0.00345	0.00289	0.00302	0.00308	0.00392	0.00255	0.00227	0.00452	0.05817	0.00754	0.02480	0.15305	0.70731	0.00695	0.00323	0.00095	0.00146	0.00589	0.00255	0.00241

[dist]
# distance from previous block
# <min> <max>
0	3

[block]
# block no. 4 follows, 108 sequences, length 38
# corresponding to MSA columns:
# 104-141
name=unknown_E
#
# <colnr> <probs for GDERKNQSTAVLIFYWHMCP>
#	G	D	E	R	K	N	Q	S	T	A	V	L	I	F	Y	W	H	M	C	P
0	0.00389	0.00292	0.00438	0.00438	0.00487	0.00341	0.00341	0.00487	0.00438	0.00633	0.00730	0.01071	0.00681	0.02044	0.89340	0.00438	0.00730	0.00292	0.00146	0.00243
1	0.00515	0.00480	0.00806	0.87897	0.01845	0.00598	0.00745	0.00695	0.00546	0.00703	0.00493	0.00733	0.00370	0.00273	0.00271	0.00090	0.00358	0.00242	0.02037	0.00302
2	0.00329	0.00278	0.00286	0.00288	0.00378	0.00235	0.00219	0.00402	0.00625	0.00747	0.04454	0.02633	0.82692	0.00691	0.00325	0.00094	0.00143	0.04696	0.00254	0.00232
3	0.00997	0.01243	0.00788	0.00737	0.04185	0.81294	0.00540	0.03826	0.00775	0.00709	0.00431	0.00506	0.00358	0.00285	0.00261	0.00072	0.02342	0.00182	0.00144	0.00325
4	0.01018	0.01299	0.00772	0.00702	0.00843	0.89326	0.00527	0.01088	0.00772	0.00667	0.00421	0.00492	0.00351	0.00281	0.00246	0.00070	0.00492	0.00176	0.00140	0.00316
5	0.00517	0.00489	0.00832	0.88103	0.01869	0.00607	0.02389	0.00700	0.00547	0.00700	0.00486	0.00727	0.00364	0.00272	0.00273	0.00091	0.00365	0.00244	0.00121	0.00304
6	0.00829	0.00940	0.00957	0.01237	0.49287	0.40439	0.00698	0.00950	0.00689	0.00790	0.00472	0.00593	0.00396	0.00260	0.00259	0.00076	0.00399	0.00213	0.00137	0.00380
7	0.00438	0.00322	0.00455	0.06040	0.00637	0.00327	0.00448	0.00564	0.00620	0.00803	0.01427	0.04752	0.04265	0.00723	0.00368	0.00122	0.00252	0.76941	0.00243	0.00253
8	0.00386	0.00278	0.00362	0.00341	0.00404	0.00257	0.00254	0.00510	0.00759	0.01074	0.85669	0.02028	0.02520	0.03535	0.00357	0.00092	0.00133	0.00490	0.00296	0.00254
9	0.00567	0.04849	0.83840	0.00759	0.01151	0.00646	0.00974	0.00871	0.00579	0.02620	0.00497	0.00577	0.00352	0.00260	0.00256	0.00085	0.00395	0.00201	0.00120	0.00402
10	0.00545	0.00498	0.00802	0.79444	0.02815	0.00609	0.00722	0.06625	0.00599	0.00770	0.00577	0.00788	0.03496	0.00291	0.00274	0.00090	0.00351	0.00254	0.00136	0.00313
11	0.00674	0.00650	0.01117	0.01662	0.86856	0.00649	0.02692	0.00837	0.00621	0.00890	0.00514	0.00676	0.00431	0.00243	0.00271	0.00081	0.00327	0.00245	0.00135	0.00430
12	0.01013	0.02982	0.00785	0.00698	0.00840	0.87662	0.00526	0.01083	0.00768	0.00667	0.00421	0.00491	0.00351	0.00280	0.00244	0.00070	0.00488	0.00175	0.00140	0.00317
13	0.00332	0.00239	0.00315	0.00376	0.00394	0.00222	0.00252	0.00380	0.00525	0.00697	0.01544	0.87346	0.04673	0.00849	0.00347	0.00110	0.00157	0.00768	0.00253	0.00222
14	0.00389	0.00292	0.00438	0.00438	0.00487	0.00341	0.00341	0.00487	0.00438	0.00633	0.00730	0.01071	0.00681	0.02044	0.89340	0.00438	0.00730	0.00292	0.00146	0.00243
15	0.00332	0.00237	0.00316	0.00380	0.00395	0.00221	0.00253	0.00380	0.00522	0.00696	0.01502	0.90242	0.01803	0.00854	0.00348	0.00111	0.00158	0.00775	0.00253	0.00221
16	0.00690	0.00586	0.00642	0.00612	0.05322	0.00670	0.00452	0.01414	0.81603	0.03166	0.01077	0.00997	0.00807	0.00362	0.00277	0.00092	0.00222	0.00304	0.00271	0.00432
17	0.89427	0.00526	0.00414	0.03200	0.00570	0.00611	0.00310	0.00798	0.00466	0.01206	0.00383	0.00452	0.00297	0.00254	0.00172	0.00085	0.00216	0.00151	0.00167	0.00295
18	0.00339	0.00243	0.00318	0.00373	0.00393	0.00226	0.00248	0.00385	0.00518	0.00691	0.01486	0.82091	0.03944	0.05538	0.00400	0.00117	0.00164	0.00741	0.00247	0.01538
19	0.00336	0.00239	0.00315	0.00375	0.00390	0.00224	0.00248	0.00380	0.00515	0.00687	0.01468	0.85485	0.01759	0.05671	0.00404	0.00119	0.00164	0.00755	0.00248	0.00218
20	0.00565	0.00484	0.00565	0.00404	0.00646	0.00363	0.00323	0.00686	0.00565	0.00888	0.00484	0.00565	0.00404	0.00202	0.00202	0.00040	0.00202	0.00161	0.00161	0.92087
21	0.00322	0.00276	0.00276	0.00276	0.00368	0.00230	0.00207	0.00391	0.00621	0.00736	0.02761	0.02623	0.88609	0.00690	0.00322	0.00092	0.00138	0.00575	0.00253	0.00230
22	0.00565	0.00484	0.00565	0.00404	0.00646	0.00363	0.00323	0.00686	0.00565	0.00888	0.00484	0.00565	0.00404	0.00202	0.00202	0.00040	0.00202	0.00161	0.00161	0.92087
23	0.00438	0.00315	0.00443	0.01786	0.00581	0.00316	0.00441	0.00563	0.00624	0.00812	0.01430	0.04573	0.01556	0.00748	0.00375	0.00125	0.00251	0.84123	0.00249	0.00251
24	0.01018	0.01299	0.00772	0.00702	0.00843	0.89326	0.00527	0.01088	0.00772	0.00667	0.00421	0.00492	0.00351	0.00281	0.00246	0.00070	0.00492	0.00176	0.00140	0.00316
25	0.00822	0.00599	0.00648	0.00520	0.00669	0.00650	0.00404	0.58300	0.00989	0.01327	0.00728	0.02751	0.00645	0.27106	0.00604	0.00136	0.00285	0.00299	0.00238	0.02279
26	0.00322	0.00276	0.00276	0.00276	0.00368	0.00230	0.00207	0.00391	0.00621	0.00736	0.02761	0.02623	0.88609	0.00690	0.00322	0.00092	0.00138	0.00575	0.00253	0.00230
27	0.92346	0.00527	0.00401	0.00358	0.00527	0.00612	0.00295	0.00801	0.00464	0.01223	0.00380	0.00443	0.00295	0.00253	0.00169	0.00084	0.00211	0.00148	0.00169	0.00295
28	0.00554	0.00472	0.00553	0.00403	0.00634	0.00356	0.00320	0.00671	0.00563	0.00879	0.00534	0.04936	0.00472	0.00234	0.00209	0.00044	0.00200	0.00191	0.00166	0.87609
29	0.00519	0.00489	0.00825	0.87402	0.04207	0.00607	0.00759	0.00700	0.00547	0.00702	0.00485	0.00725	0.00365	0.00272	0.00272	0.00091	0.00362	0.00242	0.00121	0.00306
30	0.01008	0.01278	0.00768	0.00698	0.00839	0.86671	0.00524	0.01099	0.03392	0.00681	0.00442	0.00507	0.00366	0.00284	0.00247	0.00071	0.00483	0.00180	0.00145	0.00319
31	0.00710	0.83890	0.05031	0.00478	0.00713	0.01036	0.00485	0.00807	0.00551	0.00650	0.00395	0.00464	0.00361	0.00294	0.03133	0.00072	0.00311	0.00153	0.00118	0.00348
32	0.00658	0.00572	0.00629	0.04581	0.03555	0.00657	0.00451	0.01357	0.78297	0.01098	0.01123	0.01052	0.04009	0.00373	0.00279	0.00092	0.00223	0.00313	0.00265	0.00418
33	0.00366	0.00263	0.00341	0.00390	0.00417	0.00251	0.00265	0.04437	0.00564	0.00754	0.03723	0.83799	0.01761	0.00822	0.00344	0.00109	0.00164	0.00743	0.00255	0.00234
34	0.00547	0.01410	0.89008	0.00777	0.01180	0.00633	0.01007	0.00863	0.00576	0.00863	0.00489	0.00576	0.00345	0.00259	0.00259	0.00086	0.00403	0.00201	0.00115	0.00403
35	0.00556	0.06113	0.84389	0.00761	0.01154	0.00657	0.00979	0.00861	0.00574	0.00852	0.00483	0.00568	0.00346	0.00258	0.00255	0.00085	0.00397	0.00198	0.00115	0.00400
36	0.01025	0.00757	0.00812	0.00622	0.00841	0.00834	0.00514	0.85803	0.01265	0.01699	0.00651	0.00652	0.00462	0.00324	0.00271	0.00081	0.00298	0.00243	0.00270	0.02575
37	0.00396	0.00264	0.00297	0.00297	0.00297	0.00264	0.00165	0.00396	0.00396	0.00529	0.00859	0.01784	0.00991	0.90420	0.01387	0.00264	0.00264	0.00396	0.00165	0.00165

[dist]
# distance from previous block
# <min> <max>
0	3

[block]
# block no. 5 follows, 108 sequences, length 11
# corresponding to MSA columns:
# 145-155
name=unknown_F
#
# <colnr> <probs for GDERKNQSTAVLIFYWHMCP>
#	G	D	E	R	K	N	Q	S	T	A	V	L	I	F	Y	W	H	M	C	P
0	0.01003	0.05887	0.00806	0.00690	0.00835	0.84791	0.00524	0.01074	0.00761	0.00666	0.00419	0.00489	0.00351	0.00278	0.00242	0.00070	0.00481	0.00174	0.00139	0.00318
1	0.00322	0.00276	0.00276	0.00276	0.00368	0.00230	0.00207	0.00391	0.00621	0.00736	0.02761	0.02623	0.88609	0.00690	0.00322	0.00092	0.00138	0.00575	0.00253	0.00230
2	0.01018	0.01299	0.00772	0.00702	0.00843	0.89326	0.00527	0.01088	0.00772	0.00667	0.00421	0.00492	0.00351	0.00281	0.00246	0.00070	0.00492	0.00176	0.00140	0.00316
3	0.03877	0.00498	0.00802	0.82731	0.01785	0.00616	0.00730	0.04397	0.00573	0.00759	0.00488	0.00713	0.00365	0.00274	0.00269	0.00090	0.00355	0.00239	0.00129	0.00309
4	0.00332	0.00237	0.00316	0.00380	0.00395	0.00221	0.00253	0.00380	0.00522	0.00696	0.01502	0.90242	0.01803	0.00854	0.00348	0.00111	0.00158	0.00775	0.00253	0.00221
5	0.00322	0.00276	0.00276	0.00276	0.00368	0.00230	0.00207	0.00391	0.00621	0.00736	0.02761	0.02623	0.88609	0.00690	0.00322	0.00092	0.00138	0.00575	0.00253	0.00230
6	0.00383	0.00276	0.00362	0.00345	0.00407	0.00255	0.00257	0.00507	0.00757	0.01070	0.83586	0.07091	0.02528	0.00574	0.00323	0.00087	0.00130	0.00509	0.00297	0.00255
7	0.00993	0.00734	0.00791	0.00610	0.00822	0.00805	0.00501	0.81462	0.01228	0.01651	0.00679	0.03910	0.00510	0.00342	0.00273	0.00081	0.00291	0.00262	0.00268	0.03787
8	0.00336	0.00239	0.00315	0.00375	0.00390	0.00224	0.00248	0.00381	0.00515	0.00686	0.01466	0.85173	0.01756	0.05987	0.00407	0.00120	0.00164	0.00753	0.00248	0.00218
9	0.00332	0.00237	0.00316	0.00380	0.00395	0.00221	0.00253	0.00380	0.00522	0.00696	0.01502	0.90242	0.01803	0.00854	0.00348	0.00111	0.00158	0.00775	0.00253	0.00221
10	0.00427	0.04141	0.00494	0.00446	0.00509	0.00390	0.00353	0.03677	0.00474	0.00673	0.00712	0.01029	0.00659	0.01905	0.82317	0.00409	0.00696	0.00284	0.00149	0.00256

[dist]
# distance from previous block
# <min> <max>
0	3

[block]
# block no. 6 follows, 108 sequences, length 22
# corresponding to MSA columns:
# 159-180
name=unknown_G
#
# <colnr> <probs for GDERKNQSTAVLIFYWHMCP>
#	G	D	E	R	K	N	Q	S	T	A	V	L	I	F	Y	W	H	M	C	P
0	0.89409	0.00526	0.00414	0.03218	0.00570	0.00611	0.00310	0.00798	0.00466	0.01206	0.00383	0.00452	0.00297	0.00254	0.00172	0.00085	0.00216	0.00151	0.00167	0.00295
1	0.00675	0.00648	0.01106	0.01673	0.88720	0.00648	0.00837	0.00837	0.00621	0.00891	0.00513	0.00675	0.00432	0.00243	0.00270	0.00081	0.00324	0.00243	0.00135	0.00432
2	0.00675	0.00646	0.01092	0.01641	0.86201	0.00649	0.00825	0.00854	0.03127	0.00898	0.00530	0.00684	0.00443	0.00247	0.00270	0.00081	0.00321	0.00245	0.00139	0.00432
3	0.00326	0.00276	0.00281	0.00280	0.00370	0.00232	0.00210	0.00398	0.00629	0.00756	0.07425	0.02591	0.83933	0.00683	0.00322	0.00092	0.00138	0.00571	0.00256	0.00232
4	0.01009	0.00743	0.00799	0.00616	0.00826	0.00823	0.00507	0.84148	0.01245	0.01670	0.00660	0.00687	0.00479	0.02265	0.02151	0.00093	0.00308	0.00250	0.00268	0.00453
5	0.00547	0.01410	0.89008	0.00777	0.01180	0.00633	0.01007	0.00863	0.00576	0.00863	0.00489	0.00576	0.00345	0.00259	0.00259	0.00086	0.00403	0.00201	0.00115	0.00403
6	0.01036	0.00764	0.00818	0.00627	0.00845	0.00845	0.00518	0.87811	0.01282	0.01718	0.00654	0.00654	0.00464	0.00327	0.00273	0.00082	0.00300	0.00245	0.00273	0.00464
7	0.04388	0.00381	0.00433	0.11826	0.00614	0.00413	0.00321	0.15193	0.00663	0.01042	0.00787	0.02909	0.00655	0.10032	0.00346	0.00094	0.00205	0.00273	0.49138	0.00287
8	0.00396	0.00264	0.00297	0.00297	0.00297	0.00264	0.00165	0.00396	0.00396	0.00529	0.00859	0.01784	0.00991	0.90420	0.01387	0.00264	0.00264	0.00396	0.00165	0.00165
9	0.01951	0.00269	0.00358	0.05131	0.00490	0.00257	0.00284	0.00421	0.00525	0.00716	0.01372	0.78932	0.01622	0.00776	0.00333	0.00105	0.00172	0.00702	0.00239	0.05345
10	0.03324	0.88033	0.01399	0.00463	0.00695	0.01065	0.00462	0.00816	0.00551	0.00658	0.00379	0.00437	0.00348	0.00234	0.00175	0.00059	0.00289	0.00146	0.00118	0.00348
11	0.00565	0.00484	0.00565	0.00404	0.00646	0.00363	0.00323	0.00686	0.00565	0.00888	0.00484	0.00565	0.00404	0.00202	0.00202	0.00040	0.00202	0.00161	0.00161	0.92087
12	0.00674	0.00650	0.01122	0.01657	0.86059	0.00649	0.03486	0.00838	0.00621	0.00890	0.00514	0.00677	0.00431	0.00242	0.00271	0.00081	0.00328	0.00245	0.00135	0.00430
13	0.00552	0.01381	0.85681	0.00811	0.04493	0.00634	0.01001	0.00862	0.00577	0.00864	0.00490	0.00579	0.00349	0.00258	0.00259	0.00086	0.00400	0.00203	0.00116	0.00404
14	0.01036	0.00764	0.00818	0.00627	0.00845	0.00845	0.00518	0.87811	0.01282	0.01718	0.00654	0.00654	0.00464	0.00327	0.00273	0.00082	0.00300	0.00245	0.00273	0.00464
15	0.00660	0.00570	0.00600	0.00539	0.00692	0.00651	0.00419	0.01385	0.82384	0.01117	0.01167	0.01077	0.04659	0.00380	0.00278	0.00091	0.00212	0.00316	0.00274	0.02528
16	0.03321	0.00262	0.00386	0.06308	0.00463	0.00273	0.00274	0.00392	0.00375	0.00517	0.00497	0.03000	0.00493	0.00878	0.00967	0.80841	0.00242	0.00248	0.00123	0.00139
17	0.00485	0.00300	0.00393	0.00358	0.00437	0.00274	0.00270	0.00605	0.00757	0.11404	0.74667	0.01895	0.02284	0.04232	0.00360	0.00093	0.00146	0.00463	0.00299	0.00278
18	0.00332	0.00237	0.00316	0.00380	0.00395	0.00221	0.00253	0.00380	0.00522	0.00696	0.01502	0.90242	0.01803	0.00854	0.00348	0.00111	0.00158	0.00775	0.00253	0.00221
19	0.00568	0.00492	0.00596	0.00426	0.00669	0.00373	0.02918	0.00692	0.00568	0.00888	0.00486	0.00570	0.00404	0.00203	0.00205	0.00042	0.00210	0.00166	0.00161	0.89364
20	0.00322	0.00276	0.00276	0.00276	0.00368	0.00230	0.00207	0.00391	0.00621	0.00736	0.02761	0.02623	0.88609	0.00690	0.00322	0.00092	0.00138	0.00575	0.00253	0.00230
21	0.00683	0.00599	0.00619	0.00555	0.00710	0.02550	0.00431	0.01425	0.84549	0.01125	0.01082	0.00996	0.00813	0.00364	0.00275	0.00091	0.00221	0.00302	0.00272	0.02337

[dist]
# distance from previous block
# <min> <max>
0	2

[block]
# block no. 7 follows, 108 sequences, length 31
# corresponding to MSA columns:
# 183-213
name=unknown_H
#
# <colnr> <probs for GDERKNQSTAVLIFYWHMCP>
#	G	D	E	R	K	N	Q	S	T	A	V	L	I	F	Y	W	H	M	C	P
0	0.00670	0.00660	0.01175	0.01602	0.76812	0.00653	0.12690	0.00842	0.00624	0.00888	0.00518	0.00683	0.00429	0.00241	0.00277	0.00082	0.00342	0.00254	0.00135	0.00423
1	0.00668	0.00641	0.01095	0.05311	0.85134	0.00646	0.00833	0.00831	0.00618	0.00883	0.00512	0.00677	0.00429	0.00244	0.00270	0.00081	0.00325	0.00243	0.00134	0.00426
2	0.00516	0.00264	0.00266	0.00263	0.00328	0.00266	0.00196	0.02354	0.00581	0.01018	0.00884	0.01028	0.00701	0.02547	0.00222	0.00069	0.00134	0.00257	0.87849	0.00256
3	0.00322	0.00275	0.00277	0.00278	0.00369	0.00230	0.00208	0.00391	0.00619	0.00736	0.02735	0.04466	0.86783	0.00694	0.00323	0.00092	0.00138	0.00579	0.00253	0.00230
4	0.00442	0.00320	0.00453	0.03694	0.00612	0.00324	0.00451	0.00569	0.00625	0.00811	0.01409	0.02991	0.01526	0.00736	0.00373	0.00124	0.00255	0.83787	0.00246	0.00253
5	0.00648	0.00533	0.00610	0.00443	0.00681	0.00448	0.00357	0.15942	0.00691	0.01034	0.00514	0.00581	0.00414	0.00224	0.00214	0.00048	0.00219	0.00176	0.00181	0.76043
6	0.00547	0.01410	0.89008	0.00777	0.01180	0.00633	0.01007	0.00863	0.00576	0.00863	0.00489	0.00576	0.00345	0.00259	0.00259	0.00086	0.00403	0.00201	0.00115	0.00403
7	0.00985	0.00725	0.00783	0.00607	0.00810	0.00803	0.00498	0.80925	0.01214	0.01629	0.00665	0.00713	0.00492	0.03671	0.04100	0.00104	0.00317	0.00253	0.00263	0.00443
8	0.00983	0.02408	0.00796	0.00735	0.03978	0.80975	0.00540	0.01056	0.00748	0.00674	0.00421	0.00502	0.00354	0.00288	0.00275	0.00073	0.04554	0.00180	0.00139	0.00320
9	0.00484	0.00257	0.00384	0.04476	0.00433	0.00263	0.00265	0.01762	0.00379	0.00504	0.00477	0.00821	0.00468	0.00906	0.01016	0.86371	0.00244	0.00237	0.00121	0.00132
10	0.79315	0.00561	0.00460	0.00397	0.00573	0.00645	0.00327	0.13218	0.00581	0.01294	0.00419	0.00473	0.00319	0.00264	0.00184	0.00084	0.00224	0.00162	0.00184	0.00319
11	0.01015	0.00747	0.00803	0.00620	0.00831	0.00826	0.00510	0.85115	0.01258	0.01686	0.00681	0.03416	0.00505	0.00343	0.00275	0.00083	0.00296	0.00262	0.00272	0.00456
12	0.00512	0.00468	0.00787	0.83835	0.01776	0.00581	0.00723	0.00674	0.00532	0.00682	0.00484	0.00733	0.00371	0.00317	0.00325	0.06191	0.00355	0.00242	0.00121	0.00291
13	0.00468	0.00237	0.00354	0.00356	0.00357	0.00236	0.00237	0.00356	0.00361	0.00482	0.00511	0.04075	0.00522	0.00944	0.01039	0.88731	0.00234	0.00256	0.00123	0.00122
14	0.00473	0.00237	0.00355	0.00355	0.00355	0.00237	0.00237	0.00355	0.00355	0.00473	0.00473	0.00829	0.00473	0.00947	0.01065	0.92069	0.00237	0.00237	0.00118	0.00118
15	0.00537	0.00497	0.00818	0.85885	0.01833	0.00616	0.00747	0.04488	0.00577	0.00741	0.00492	0.00724	0.00368	0.00275	0.00273	0.00090	0.00361	0.00242	0.00128	0.00310
16	0.01019	0.01288	0.00773	0.00701	0.00843	0.87465	0.00527	0.02912	0.00783	0.00689	0.00426	0.00495	0.00353	0.00282	0.00246	0.00070	0.00488	0.00177	0.00143	0.00319
17	0.00475	0.00241	0.00359	0.01774	0.00378	0.00243	0.00243	0.00370	0.00365	0.00495	0.00488	0.00833	0.00479	0.00915	0.01023	0.87501	0.00235	0.00237	0.03216	0.00126
18	0.00356	0.00290	0.00308	0.00312	0.00394	0.00255	0.00230	0.04108	0.00633	0.00777	0.03999	0.19127	0.66848	0.00703	0.00325	0.00095	0.00149	0.00598	0.00255	0.00239
19	0.92346	0.00527	0.00401	0.00358	0.00527	0.00612	0.00295	0.00801	0.00464	0.01223	0.00380	0.00443	0.00295	0.00253	0.00169	0.00084	0.00211	0.00148	0.00169	0.00295
20	0.00675	0.00648	0.01106	0.01673	0.88720	0.00648	0.00837	0.00837	0.00621	0.00891	0.00513	0.00675	0.00432	0.00243	0.00270	0.00081	0.00324	0.00243	0.00135	0.00432
21	0.02599	0.00655	0.01086	0.01630	0.85494	0.02040	0.00820	0.00840	0.00620	0.00894	0.00509	0.00667	0.00428	0.00244	0.00267	0.00081	0.00324	0.00240	0.00136	0.00427
22	0.05395	0.00482	0.00786	0.83166	0.01774	0.00598	0.00722	0.00695	0.00537	0.00720	0.00479	0.00714	0.00362	0.00285	0.00283	0.01990	0.00353	0.00237	0.00124	0.00299
23	0.00729	0.90584	0.01428	0.00466	0.00700	0.01079	0.00466	0.00816	0.00554	0.00641	0.00379	0.00437	0.00350	0.00233	0.00175	0.00058	0.00292	0.00146	0.00117	0.00350
24	0.00936	0.00687	0.00743	0.00582	0.00768	0.00758	0.00470	0.74150	0.01145	0.01536	0.00681	0.00801	0.00533	0.10653	0.04186	0.00118	0.00314	0.00265	0.00255	0.00420
25	0.03489	0.00744	0.00778	0.02329	0.00831	0.03574	0.00501	0.76784	0.01194	0.01618	0.00648	0.00663	0.00465	0.00322	0.00265	0.00081	0.00296	0.00241	0.04738	0.00441
26	0.00507	0.00267	0.00288	0.05103	0.00405	0.00274	0.00224	0.00636	0.00568	0.00993	0.00865	0.01001	0.00680	0.00343	0.01614	0.00071	0.00149	0.00254	0.85502	0.00257
27	0.00675	0.00648	0.01106	0.01673	0.88720	0.00648	0.00837	0.00837	0.00621	0.00891	0.00513	0.00675	0.00432	0.00243	0.00270	0.00081	0.00324	0.00243	0.00135	0.00432
28	0.00322	0.00275	0.00277	0.00279	0.00369	0.00230	0.00209	0.00391	0.00618	0.00735	0.02721	0.05455	0.85804	0.00696	0.00323	0.00093	0.00139	0.00582	0.00253	0.00230
29	0.01024	0.00756	0.00812	0.00621	0.00840	0.00833	0.00513	0.85552	0.01263	0.01696	0.00650	0.00652	0.00462	0.00324	0.00271	0.00081	0.00297	0.00243	0.00270	0.02840
30	0.01011	0.01285	0.00780	0.00723	0.02750	0.87402	0.00533	0.01083	0.00769	0.00672	0.00423	0.00496	0.00353	0.00280	0.00246	0.00070	0.00488	0.00177	0.00140	0.00319

[dist]
# distance from previous block
# <min> <max>
0	1

[block]
# block no. 8 follows, 108 sequences, length 19
# corresponding to MSA columns:
# 215-233
name=unknown_I
#
# <colnr> <probs for GDERKNQSTAVLIFYWHMCP>
#	G	D	E	R	K	N	Q	S	T	A	V	L	I	F	Y	W	H	M	C	P
0	0.00564	0.01372	0.84789	0.00780	0.01175	0.00629	0.03221	0.00874	0.00582	0.02831	0.00504	0.00587	0.00354	0.00260	0.00261	0.00086	0.00400	0.00206	0.00121	0.00403
1	0.00656	0.00566	0.00595	0.00538	0.00688	0.00650	0.00418	0.01383	0.82811	0.01115	0.01212	0.01116	0.06259	0.00390	0.00280	0.00092	0.00211	0.00325	0.00276	0.00419
2	0.00381	0.00277	0.00355	0.00338	0.00401	0.00255	0.00251	0.00500	0.00746	0.01045	0.78594	0.03657	0.08518	0.03058	0.00352	0.00092	0.00134	0.00501	0.00292	0.00252
3	0.01174	0.02086	0.00640	0.00484	0.00690	0.00420	0.00400	0.01304	0.04042	0.81951	0.03148	0.00949	0.00720	0.00342	0.00274	0.00084	0.00230	0.00278	0.00330	0.00456
4	0.89062	0.00526	0.00416	0.03555	0.00575	0.00611	0.00312	0.00798	0.00467	0.01204	0.00383	0.00453	0.00298	0.00254	0.00172	0.00085	0.00216	0.00151	0.00167	0.00295
5	0.00322	0.00276	0.00276	0.00276	0.00368	0.00230	0.00207	0.00391	0.00621	0.00736	0.02761	0.02623	0.88609	0.00690	0.00322	0.00092	0.00138	0.00575	0.00253	0.00230
6	0.00563	0.09272	0.81287	0.00750	0.01137	0.00672	0.00959	0.00859	0.00574	0.00844	0.00479	0.00563	0.00346	0.00257	0.00252	0.00084	0.00393	0.00197	0.00115	0.00398
7	0.00322	0.00276	0.00276	0.00276	0.00368	0.00230	0.00207	0.00391	0.00621	0.00736	0.02761	0.02623	0.88609	0.00690	0.00322	0.00092	0.00138	0.00575	0.00253	0.00230
8	0.01036	0.00764	0.00818	0.00627	0.00845	0.00845	0.00518	0.87811	0.01282	0.01718	0.00654	0.00654	0.00464	0.00327	0.00273	0.00082	0.00300	0.00245	0.00273	0.00464
9	0.00394	0.00263	0.00298	0.00300	0.00300	0.00263	0.00168	0.00396	0.00400	0.00534	0.00879	0.04529	0.01016	0.87640	0.01355	0.00260	0.00261	0.00408	0.00168	0.00167
10	0.00673	0.00651	0.01127	0.01652	0.85187	0.00649	0.04353	0.00838	0.00622	0.00890	0.00514	0.00677	0.00431	0.00242	0.00272	0.00081	0.00329	0.00246	0.00135	0.00429
11	0.00551	0.01383	0.85865	0.00809	0.04310	0.00634	0.01001	0.00862	0.00577	0.00864	0.00490	0.00579	0.00348	0.00258	0.00259	0.00086	0.00400	0.00203	0.00116	0.00404
12	0.00685	0.00668	0.01096	0.01643	0.85992	0.03400	0.00827	0.00844	0.00625	0.00884	0.00510	0.00669	0.00429	0.00244	0.00269	0.00081	0.00329	0.00241	0.00135	0.00428
13	0.03572	0.87789	0.01397	0.00463	0.00694	0.01064	0.00461	0.00816	0.00551	0.00659	0.00379	0.00437	0.00348	0.00234	0.00175	0.00059	0.00289	0.00146	0.00118	0.00348
14	0.00367	0.00304	0.00312	0.00304	0.00399	0.00267	0.00229	0.05770	0.00656	0.00794	0.02560	0.07518	0.78215	0.00677	0.00321	0.00092	0.00149	0.00566	0.00254	0.00244
15	0.00670	0.00672	0.03730	0.01635	0.84168	0.00648	0.02783	0.00838	0.00620	0.00889	0.00513	0.00673	0.00429	0.00243	0.00271	0.00081	0.00329	0.00243	0.00134	0.00429
16	0.00393	0.00291	0.00432	0.00432	0.00482	0.00338	0.00336	0.00491	0.00442	0.00645	0.00735	0.01069	0.00682	0.01991	0.86573	0.00426	0.00711	0.00291	0.02995	0.00244
17	0.00342	0.00248	0.00327	0.00381	0.00406	0.00228	0.00256	0.00393	0.00524	0.00704	0.01458	0.86301	0.01741	0.00825	0.00342	0.00108	0.00160	0.00748	0.00249	0.04259
18	0.00550	0.01389	0.86295	0.00788	0.01187	0.00635	0.03699	0.00864	0.00578	0.00864	0.00491	0.00580	0.00347	0.00258	0.00261	0.00086	0.00405	0.00205	0.00116	0.00402

[dist]
# distance from previous block
# <min> <max>
4	20

[block]
# block no. 9 follows, 108 sequences, length 54
# corresponding to MSA columns:
# 254-307
name=unknown_J
#
# <colnr> <probs for GDERKNQSTAVLIFYWHMCP>
#	G	D	E	R	K	N	Q	S	T	A	V	L	I	F	Y	W	H	M	C	P
0	0.00432	0.00320	0.00445	0.05635	0.00622	0.00323	0.00435	0.00556	0.00622	0.00801	0.01515	0.02896	0.09863	0.00719	0.00365	0.00120	0.00247	0.73589	0.00244	0.00252
1	0.02210	0.89128	0.01412	0.00465	0.00697	0.01071	0.00464	0.00816	0.00552	0.00651	0.00379	0.00437	0.00349	0.00234	0.00175	0.00059	0.00290	0.00146	0.00117	0.00349
2	0.02247	0.89092	0.01411	0.00465	0.00697	0.01071	0.00464	0.00816	0.00552	0.00651	0.00379	0.00437	0.00349	0.00234	0.00175	0.00059	0.00290	0.00146	0.00117	0.00349
3	0.00595	0.00518	0.00659	0.00473	0.00716	0.00413	0.07093	0.05092	0.00607	0.00929	0.00498	0.00583	0.00408	0.00210	0.00215	0.00046	0.00227	0.00178	0.00165	0.80375
4	0.00342	0.00289	0.00291	0.00286	0.00381	0.00247	0.00216	0.02777	0.00639	0.00763	0.02704	0.02570	0.86204	0.00680	0.00321	0.00092	0.00142	0.00566	0.00254	0.00236
5	0.01779	0.00459	0.00735	0.72231	0.01592	0.00568	0.00666	0.00688	0.00542	0.00746	0.00533	0.00757	0.00408	0.00288	0.00288	0.00088	0.04392	0.00242	0.12702	0.00296
6	0.00675	0.00648	0.01106	0.01673	0.88720	0.00648	0.00837	0.00837	0.00621	0.00891	0.00513	0.00675	0.00432	0.00243	0.00270	0.00081	0.00324	0.00243	0.00135	0.00432
7	0.10270	0.77663	0.01290	0.00456	0.00682	0.01003	0.00446	0.00835	0.00553	0.04190	0.00407	0.00457	0.00357	0.00239	0.00178	0.00062	0.00281	0.00151	0.00131	0.00349
8	0.00600	0.00594	0.00840	0.00711	0.00731	0.00807	0.02915	0.01893	0.00441	0.00685	0.00377	0.00607	0.00367	0.00481	0.02121	0.00120	0.81738	0.00239	0.00124	0.03610
9	0.03538	0.87823	0.01397	0.00463	0.00694	0.01064	0.00461	0.00816	0.00551	0.00659	0.00379	0.00437	0.00348	0.00234	0.00175	0.00059	0.00289	0.00146	0.00118	0.00348
10	0.00469	0.00237	0.00354	0.00356	0.00356	0.00236	0.00237	0.00356	0.00360	0.00480	0.00505	0.03543	0.00514	0.00944	0.01044	0.89278	0.00234	0.00253	0.00122	0.00121
11	0.00547	0.01410	0.89008	0.00777	0.01180	0.00633	0.01007	0.00863	0.00576	0.00863	0.00489	0.00576	0.00345	0.00259	0.00259	0.00086	0.00403	0.00201	0.00115	0.00403
12	0.00343	0.00242	0.00313	0.00366	0.00379	0.00228	0.00239	0.00382	0.00501	0.00668	0.01397	0.75695	0.01669	0.15584	0.00519	0.00136	0.00176	0.00713	0.00239	0.00212
13	0.00394	0.00263	0.00298	0.00301	0.00302	0.00262	0.00169	0.00396	0.00402	0.00536	0.00887	0.05652	0.01027	0.86504	0.01342	0.00258	0.00260	0.00413	0.00169	0.00168
14	0.00729	0.90584	0.01428	0.00466	0.00700	0.01079	0.00466	0.00816	0.00554	0.00641	0.00379	0.00437	0.00350	0.00233	0.00175	0.00058	0.00292	0.00146	0.00117	0.00350
15	0.01529	0.00484	0.00807	0.86555	0.01829	0.00605	0.00743	0.00696	0.00543	0.00705	0.00486	0.00725	0.00366	0.00276	0.00279	0.00091	0.01596	0.00241	0.01140	0.00302
16	0.00342	0.00248	0.00327	0.00381	0.00406	0.00228	0.00256	0.00393	0.00524	0.00704	0.01458	0.86321	0.01742	0.00825	0.00342	0.00108	0.00160	0.00748	0.00249	0.04239
17	0.01008	0.00742	0.00795	0.00613	0.00821	0.00820	0.00503	0.83988	0.01243	0.01666	0.00663	0.00704	0.00487	0.04267	0.00321	0.00090	0.00298	0.00252	0.00268	0.00451
18	0.00565	0.00484	0.00562	0.00410	0.00643	0.00374	0.00326	0.00713	0.04398	0.00895	0.00534	0.02540	0.00453	0.00223	0.00208	0.00044	0.00202	0.00181	0.00169	0.86076
19	0.00718	0.00600	0.00821	0.54189	0.02733	0.01675	0.00666	0.33269	0.00824	0.01081	0.00548	0.00696	0.00402	0.00293	0.00272	0.00087	0.00341	0.00243	0.00178	0.00365
20	0.00675	0.00648	0.01106	0.01673	0.88720	0.00648	0.00837	0.00837	0.00621	0.00891	0.00513	0.00675	0.00432	0.00243	0.00270	0.00081	0.00324	0.00243	0.00135	0.00432
21	0.15710	0.00498	0.00759	0.71755	0.04830	0.00608	0.00684	0.00719	0.00534	0.00791	0.00468	0.00678	0.00355	0.00268	0.00255	0.00089	0.00337	0.00227	0.00129	0.00306
22	0.00523	0.00500	0.00867	0.84204	0.01849	0.00611	0.06215	0.00708	0.00551	0.00708	0.00489	0.00727	0.00367	0.00270	0.00276	0.00091	0.00369	0.00247	0.00122	0.00307
23	0.01018	0.01299	0.00772	0.00702	0.00843	0.89326	0.00527	0.01088	0.00772	0.00667	0.00421	0.00492	0.00351	0.00281	0.00246	0.00070	0.00492	0.00176	0.00140	0.00316
24	0.00333	0.00288	0.00306	0.05167	0.00451	0.00251	0.00237	0.00408	0.00617	0.00734	0.02637	0.02520	0.83787	0.00668	0.00319	0.00092	0.00150	0.00557	0.00246	0.00234
25	0.00326	0.00276	0.00282	0.00286	0.00375	0.00232	0.00215	0.00396	0.00619	0.00738	0.02690	0.04915	0.83774	0.00696	0.00324	0.00094	0.00142	0.03138	0.00253	0.00231
26	0.01018	0.01299	0.00772	0.00702	0.00843	0.89326	0.00527	0.01088	0.00772	0.00667	0.00421	0.00492	0.00351	0.00281	0.00246	0.00070	0.00492	0.00176	0.00140	0.00316
27	0.00350	0.00251	0.00328	0.00385	0.00405	0.00237	0.00258	0.02530	0.00539	0.00719	0.01473	0.86922	0.01760	0.01972	0.00359	0.00112	0.00163	0.00757	0.00252	0.00227
28	0.01018	0.01299	0.00772	0.00702	0.00843	0.89326	0.00527	0.01088	0.00772	0.00667	0.00421	0.00492	0.00351	0.00281	0.00246	0.00070	0.00492	0.00176	0.00140	0.00316
29	0.01036	0.00764	0.00818	0.00627	0.00845	0.00845	0.00518	0.87811	0.01282	0.01718	0.00654	0.00654	0.00464	0.00327	0.00273	0.00082	0.00300	0.00245	0.00273	0.00464
30	0.76130	0.00519	0.00467	0.12711	0.00720	0.00603	0.00363	0.00807	0.00487	0.04550	0.00421	0.00501	0.00319	0.00259	0.00187	0.00085	0.00233	0.00166	0.00169	0.00303
31	0.00637	0.00721	0.01546	0.03499	0.01399	0.00695	0.80753	0.00857	0.00629	0.00857	0.00539	0.00728	0.00409	0.00244	0.00351	0.00093	0.05228	0.00315	0.00136	0.00362
32	0.00332	0.00237	0.00316	0.00380	0.00395	0.00221	0.00253	0.00380	0.00522	0.00696	0.01502	0.90242	0.01803	0.00854	0.00348	0.00111	0.00158	0.00775	0.00253	0.00221
33	0.00395	0.00264	0.00298	0.00299	0.00299	0.00263	0.00167	0.00396	0.00399	0.00532	0.00873	0.03712	0.01009	0.88468	0.01365	0.00261	0.00262	0.00405	0.00167	0.00166
34	0.00547	0.01410	0.89008	0.00777	0.01180	0.00633	0.01007	0.00863	0.00576	0.00863	0.00489	0.00576	0.00345	0.00259	0.00259	0.00086	0.00403	0.00201	0.00115	0.00403
35	0.00322	0.00276	0.00276	0.00276	0.00368	0.00230	0.00207	0.00391	0.00621	0.00736	0.02761	0.02623	0.88609	0.00690	0.00322	0.00092	0.00138	0.00575	0.00253	0.00230
36	0.00332	0.00237	0.00316	0.00380	0.00395	0.00221	0.00253	0.00380	0.00522	0.00696	0.01502	0.90242	0.01803	0.00854	0.00348	0.00111	0.00158	0.00775	0.00253	0.00221
37	0.00386	0.00279	0.00364	0.00343	0.00407	0.00257	0.00257	0.00514	0.00772	0.01093	0.88576	0.02036	0.02572	0.00557	0.00322	0.00086	0.00129	0.00493	0.00300	0.00257
38	0.00675	0.00648	0.01106	0.01673	0.88720	0.00648	0.00837	0.00837	0.00621	0.00891	0.00513	0.00675	0.00432	0.00243	0.00270	0.00081	0.00324	0.00243	0.00135	0.00432
39	0.02214	0.85872	0.01390	0.00474	0.00697	0.01062	0.00468	0.00810	0.00547	0.00651	0.00378	0.00443	0.00349	0.00242	0.00201	0.00061	0.03525	0.00149	0.00118	0.00347
40	0.01505	0.00255	0.00368	0.00363	0.00372	0.00258	0.00246	0.02841	0.00387	0.00522	0.00502	0.02948	0.00503	0.00919	0.01016	0.86250	0.00236	0.00249	0.00127	0.00133
41	0.00322	0.00276	0.00276	0.00276	0.00368	0.00230	0.00207	0.00391	0.00621	0.00736	0.02761	0.02623	0.88609	0.00690	0.00322	0.00092	0.00138	0.00575	0.00253	0.00230
42	0.03200	0.00262	0.00263	0.00262	0.00327	0.00266	0.00197	0.00633	0.00563	0.01007	0.00865	0.00997	0.00683	0.00354	0.01666	0.01579	0.00141	0.00251	0.86231	0.00253
43	0.00389	0.00292	0.00438	0.00438	0.00487	0.00341	0.00341	0.00487	0.00438	0.00633	0.00730	0.01071	0.00681	0.02044	0.89340	0.00438	0.00730	0.00292	0.00146	0.00243
