[name]
ycf4

[dist]
# distance from previous block
# <min> <max>
0	15

[block]
# block no. 0 follows, 135 sequences, length 6
# corresponding to MSA columns:
# 18-23
name=unknown_A
#
# <colnr> <probs for GDERKNQSTAVLIFYWHMCP>
#	G	D	E	R	K	N	Q	S	T	A	V	L	I	F	Y	W	H	M	C	P
0	0.00363	0.00259	0.00363	0.00415	0.00466	0.00259	0.00363	0.00466	0.00518	0.00674	0.01192	0.02539	0.01296	0.00622	0.00311	0.00104	0.00207	0.89170	0.00207	0.00207
1	0.05991	0.00654	0.00632	0.00500	0.00665	0.11317	0.00407	0.70440	0.00947	0.01257	0.00584	0.00588	0.04438	0.00276	0.00220	0.00067	0.00256	0.00204	0.00207	0.00352
2	0.00404	0.00219	0.00311	0.03163	0.00345	0.00224	0.00214	0.03460	0.00341	0.00466	0.00453	0.03577	0.00446	0.03583	0.00785	0.76066	0.00194	0.00215	0.05412	0.00123
3	0.00435	0.00414	0.00704	0.79573	0.01459	0.00492	0.06479	0.00584	0.00457	0.00595	0.00404	0.00592	0.00305	0.00219	0.00224	0.00072	0.00297	0.00200	0.00103	0.06393
4	0.00856	0.00631	0.00676	0.00518	0.00698	0.00698	0.00428	0.89934	0.01058	0.01419	0.00540	0.00540	0.00383	0.00270	0.00225	0.00068	0.00248	0.00203	0.00225	0.00383
5	0.00490	0.10186	0.72904	0.00654	0.05916	0.04655	0.00762	0.00716	0.00483	0.00689	0.00393	0.00465	0.00290	0.00212	0.00207	0.00068	0.00323	0.00163	0.00097	0.00326

[dist]
# distance from previous block
# <min> <max>
0	1

[block]
# block no. 1 follows, 135 sequences, length 128
# corresponding to MSA columns:
# 25-152
name=unknown_B
#
# <colnr> <probs for GDERKNQSTAVLIFYWHMCP>
#	G	D	E	R	K	N	Q	S	T	A	V	L	I	F	Y	W	H	M	C	P
0	0.02793	0.00459	0.00616	0.26816	0.00848	0.02955	0.00476	0.13499	0.00494	0.00698	0.00417	0.00586	0.00351	0.00473	0.11622	0.00116	0.32856	0.00201	0.03464	0.00261
1	0.00274	0.00234	0.00242	0.02030	0.00333	0.00201	0.00184	0.00341	0.01834	0.00611	0.02187	0.05282	0.84349	0.00564	0.00265	0.00077	0.00119	0.00472	0.00207	0.00193
2	0.00391	0.00196	0.00292	0.00292	0.00293	0.00196	0.00195	0.00295	0.00295	0.00395	0.00394	0.00686	0.00393	0.00777	0.00873	0.92556	0.00195	0.00196	0.00991	0.00099
3	0.00269	0.00229	0.00232	0.00233	0.00308	0.00193	0.00174	0.00331	0.01291	0.00613	0.03193	0.04993	0.86031	0.00571	0.00266	0.00076	0.00115	0.00478	0.00210	0.00191
4	0.00456	0.01876	0.87734	0.00660	0.03433	0.00526	0.00824	0.00712	0.00476	0.00712	0.00404	0.00477	0.00287	0.00213	0.00214	0.00071	0.00330	0.00167	0.00096	0.00333
5	0.00297	0.00210	0.00269	0.03265	0.00339	0.00205	0.00198	0.00327	0.00397	0.00528	0.01034	0.58494	0.01224	0.31468	0.00574	0.00134	0.00166	0.00520	0.00181	0.00169
6	0.00268	0.00228	0.00234	0.01080	0.00317	0.00193	0.00177	0.00326	0.00510	0.00608	0.02813	0.05883	0.85454	0.00572	0.00267	0.00077	0.00116	0.00479	0.00208	0.00190
7	0.02510	0.00355	0.00463	0.03191	0.00540	0.00334	0.00310	0.00904	0.10831	0.52091	0.24826	0.01006	0.00977	0.00327	0.00235	0.00071	0.00170	0.00275	0.00257	0.00328
8	0.93679	0.00435	0.00331	0.00296	0.00435	0.00505	0.00244	0.00662	0.00383	0.01010	0.00313	0.00366	0.00244	0.00209	0.00139	0.00070	0.00174	0.00122	0.00139	0.00244
9	0.00856	0.00631	0.00676	0.00518	0.00698	0.00698	0.00428	0.89934	0.01058	0.01419	0.00540	0.00540	0.00383	0.00270	0.00225	0.00068	0.00248	0.00203	0.00225	0.00383
10	0.00426	0.00402	0.00681	0.90704	0.01547	0.00501	0.01457	0.00577	0.00451	0.00577	0.00401	0.00600	0.00300	0.00225	0.00225	0.00075	0.00301	0.00201	0.00100	0.00251
11	0.00557	0.00535	0.00914	0.01382	0.90685	0.00535	0.00691	0.00691	0.00513	0.00735	0.00423	0.00557	0.00357	0.00201	0.00223	0.00067	0.00267	0.00201	0.00111	0.00357
12	0.00478	0.00408	0.00438	0.01404	0.01140	0.00441	0.00308	0.00909	0.57833	0.01415	0.01189	0.04004	0.21208	0.00366	0.00234	0.00073	0.00163	0.00307	0.00215	0.07466
13	0.02724	0.00627	0.00669	0.00513	0.00693	0.00694	0.00424	0.88137	0.01045	0.01410	0.00536	0.00537	0.00380	0.00269	0.00223	0.00068	0.00246	0.00201	0.00223	0.00380
14	0.00841	0.01073	0.00638	0.00580	0.00696	0.91185	0.00435	0.00899	0.00638	0.00551	0.00348	0.00406	0.00290	0.00232	0.00203	0.00058	0.00406	0.00145	0.00116	0.00261
15	0.00325	0.00218	0.00247	0.00248	0.00250	0.00217	0.00141	0.00329	0.00339	0.00453	0.02774	0.03951	0.01922	0.86451	0.01092	0.00210	0.00212	0.00339	0.00142	0.00140
16	0.02202	0.00215	0.00219	0.00219	0.00266	0.00216	0.00158	0.00496	0.00452	0.00785	0.01384	0.03153	0.00635	0.11911	0.00286	0.00075	0.00121	0.00235	0.76771	0.00201
17	0.00391	0.00196	0.00293	0.00293	0.00293	0.00196	0.00196	0.00293	0.00293	0.00391	0.00391	0.00684	0.00391	0.00782	0.00880	0.93451	0.00196	0.00196	0.00098	0.00098
18	0.01006	0.00389	0.00526	0.00403	0.00578	0.00340	0.00333	0.03340	0.00655	0.88583	0.00879	0.00760	0.00553	0.00278	0.00226	0.00070	0.00193	0.00226	0.00277	0.00383
19	0.00324	0.00219	0.00250	0.00254	0.00259	0.00217	0.00147	0.00887	0.00353	0.00469	0.02626	0.09869	0.03223	0.78824	0.01020	0.00199	0.00205	0.00361	0.00148	0.00145
20	0.00272	0.00232	0.00234	0.00233	0.00309	0.00196	0.00175	0.00339	0.02019	0.00618	0.03468	0.02808	0.87201	0.00565	0.00266	0.00076	0.00115	0.00472	0.00210	0.00193
21	0.00274	0.00196	0.00261	0.00312	0.00326	0.00183	0.00208	0.00314	0.00432	0.00575	0.01255	0.90688	0.02733	0.00703	0.00287	0.00091	0.00130	0.00638	0.00209	0.00183
22	0.00326	0.00218	0.00246	0.00247	0.00247	0.00217	0.00138	0.00327	0.00330	0.00440	0.00722	0.03687	0.00835	0.89852	0.01125	0.00215	0.00216	0.00335	0.00138	0.00138
23	0.01382	0.00201	0.00261	0.00308	0.00322	0.00190	0.00204	0.00320	0.00426	0.00574	0.02271	0.83365	0.01434	0.07166	0.00346	0.00100	0.00137	0.00609	0.00203	0.00181
24	0.92788	0.00433	0.00330	0.00295	0.00434	0.00502	0.00243	0.00660	0.00384	0.01008	0.00317	0.00370	0.00247	0.00209	0.00139	0.00069	0.00173	0.00123	0.01029	0.00243
25	0.00856	0.00631	0.00676	0.00518	0.00698	0.00698	0.00428	0.89934	0.01058	0.01419	0.00540	0.00540	0.00383	0.00270	0.00225	0.00068	0.00248	0.00203	0.00225	0.00383
26	0.00279	0.00197	0.00262	0.00310	0.00323	0.00185	0.00206	0.00315	0.00427	0.00570	0.02255	0.85700	0.01450	0.04257	0.00331	0.01798	0.00135	0.00617	0.00205	0.00180
27	0.92345	0.00435	0.00334	0.00298	0.00437	0.00502	0.00245	0.00668	0.00387	0.02303	0.00322	0.00371	0.00248	0.00210	0.00141	0.00070	0.00174	0.00123	0.00141	0.00246
28	0.00327	0.00218	0.00246	0.00246	0.00246	0.00218	0.00136	0.00327	0.00327	0.00436	0.00709	0.01473	0.00818	0.92089	0.01146	0.00218	0.00218	0.00327	0.00136	0.00136
29	0.00288	0.00202	0.00267	0.00305	0.00324	0.00189	0.00206	0.00333	0.00456	0.00619	0.15048	0.71453	0.01526	0.03881	0.00327	0.02378	0.00131	0.00577	0.01305	0.00184
30	0.00295	0.00202	0.00268	0.00313	0.00331	0.00188	0.00210	0.00336	0.00439	0.02789	0.03340	0.85513	0.01466	0.02765	0.00305	0.00093	0.00134	0.00617	0.00210	0.00187
31	0.00317	0.00230	0.00299	0.00282	0.00335	0.00212	0.00211	0.00422	0.00634	0.00895	0.88286	0.01694	0.04409	0.00463	0.00266	0.00071	0.00106	0.00409	0.00247	0.00212
32	0.93679	0.00435	0.00331	0.00296	0.00435	0.00505	0.00244	0.00662	0.00383	0.01010	0.00313	0.00366	0.00244	0.00209	0.00139	0.00070	0.00174	0.00122	0.00139	0.00244
33	0.00468	0.00383	0.00405	0.00370	0.00477	0.00412	0.00285	0.02397	0.51109	0.03733	0.01386	0.02384	0.32192	0.02648	0.00265	0.00080	0.00158	0.00336	0.00221	0.00292
34	0.00847	0.00619	0.00667	0.00513	0.00690	0.00685	0.00424	0.86922	0.01039	0.02650	0.00547	0.00550	0.00389	0.00298	0.02025	0.00073	0.00254	0.00204	0.00224	0.00379
35	0.00856	0.00631	0.00676	0.00518	0.00698	0.00698	0.00428	0.89934	0.01058	0.01419	0.00540	0.00540	0.00383	0.00270	0.00225	0.00068	0.00248	0.00203	0.00225	0.00383
36	0.00322	0.00241	0.00362	0.00362	0.00402	0.00281	0.00281	0.00402	0.00362	0.00523	0.00603	0.00884	0.00563	0.01688	0.91197	0.00362	0.00603	0.00241	0.00121	0.00201
37	0.00277	0.00197	0.00260	0.00310	0.00322	0.00185	0.00205	0.00314	0.00425	0.00567	0.01210	0.86785	0.01451	0.05914	0.00336	0.00099	0.00136	0.00622	0.00205	0.00180
38	0.74571	0.18093	0.00498	0.00316	0.00466	0.01188	0.00273	0.01229	0.00403	0.00917	0.00315	0.00366	0.00254	0.00206	0.00141	0.00065	0.00189	0.00122	0.00131	0.00253
39	0.00459	0.00432	0.00702	0.71656	0.14208	0.01313	0.00618	0.02175	0.03012	0.00623	0.00425	0.00613	0.00329	0.00230	0.00232	0.00074	0.01552	0.00966	0.00109	0.00270
40	0.00832	0.04491	0.00659	0.00572	0.00691	0.86595	0.00433	0.02070	0.00637	0.00562	0.00349	0.00406	0.00291	0.00231	0.00201	0.00058	0.00398	0.00145	0.00117	0.00264
41	0.00293	0.00201	0.00260	0.00297	0.00307	0.00192	0.00192	0.00318	0.00405	0.00541	0.02858	0.65576	0.01298	0.20744	0.00506	0.04958	0.00153	0.00544	0.00188	0.00169
42	0.00271	0.00230	0.00235	0.00237	0.00310	0.00195	0.00177	0.00336	0.01834	0.00614	0.03092	0.07696	0.82855	0.00573	0.00267	0.00077	0.00116	0.00481	0.00210	0.00192
43	0.00826	0.00605	0.00660	0.00503	0.00685	0.00656	0.01063	0.79795	0.00996	0.03699	0.00538	0.00541	0.00383	0.00262	0.00221	0.00065	0.00241	0.00198	0.00218	0.07846
44	0.00293	0.00209	0.00272	0.00316	0.00333	0.00199	0.00212	0.02781	0.00445	0.00594	0.01869	0.84910	0.01435	0.04569	0.00322	0.00096	0.00137	0.00613	0.00207	0.00187
45	0.00327	0.00220	0.00253	0.00251	0.00259	0.00217	0.00148	0.00344	0.00374	0.00509	0.13707	0.01496	0.01004	0.77731	0.01007	0.00195	0.00201	0.00337	0.01273	0.00148
46	0.00505	0.00414	0.00481	0.00348	0.00544	0.00329	0.00279	0.07262	0.00514	0.02703	0.00433	0.01829	0.00359	0.00185	0.00174	0.00038	0.00173	0.00148	0.00144	0.83138
47	0.00832	0.00602	0.00654	0.00504	0.00679	0.00661	0.00416	0.81633	0.01005	0.04433	0.00552	0.00560	0.00395	0.00324	0.03759	0.00078	0.00258	0.00204	0.00221	0.02229
48	0.00525	0.01296	0.03721	0.00883	0.01102	0.00561	0.77294	0.00715	0.02158	0.00717	0.00453	0.00595	0.00344	0.00199	0.00275	0.00074	0.03701	0.00252	0.00116	0.05020
49	0.00527	0.00639	0.06512	0.00931	0.01165	0.00567	0.84716	0.00721	0.00528	0.00721	0.00452	0.00600	0.00338	0.00191	0.00263	0.00076	0.00377	0.00260	0.00113	0.00305
50	0.00266	0.00228	0.00228	0.00228	0.00304	0.00190	0.00171	0.00323	0.00513	0.00608	0.02280	0.02166	0.90593	0.00570	0.00266	0.00076	0.00114	0.00475	0.00209	0.00190
51	0.00369	0.00357	0.00326	0.00968	0.00393	0.13091	0.00879	0.00919	0.01058	0.00635	0.11602	0.15354	0.49503	0.00514	0.00267	0.00075	0.01874	0.00431	0.00196	0.01187
52	0.00332	0.00222	0.00249	0.00248	0.00249	0.00222	0.00139	0.01104	0.00334	0.00445	0.00708	0.01465	0.00815	0.91293	0.01138	0.00217	0.00218	0.00326	0.00137	0.00139
53	0.00327	0.00218	0.00246	0.00246	0.00246	0.00218	0.00136	0.00327	0.00327	0.00436	0.00709	0.01473	0.00818	0.92089	0.01146	0.00218	0.00218	0.00327	0.00136	0.00136
54	0.00471	0.00402	0.00469	0.00335	0.00535	0.00304	0.00268	0.01445	0.00473	0.00740	0.00401	0.00468	0.00334	0.00168	0.00167	0.00034	0.00168	0.00134	0.00134	0.92551
55	0.00531	0.00607	0.01328	0.00949	0.01176	0.00569	0.89867	0.00721	0.00531	0.00721	0.00455	0.00607	0.00342	0.00190	0.00266	0.00076	0.00380	0.00266	0.00114	0.00304
56	0.93679	0.00435	0.00331	0.00296	0.00435	0.00505	0.00244	0.00662	0.00383	0.01010	0.00313	0.00366	0.00244	0.00209	0.00139	0.00070	0.00174	0.00122	0.00139	0.00244
57	0.00271	0.00227	0.00235	0.00237	0.00309	0.00192	0.00177	0.00330	0.00517	0.00624	0.07280	0.05799	0.80859	0.00570	0.00267	0.00077	0.00115	0.01512	0.00211	0.00191
58	0.00319	0.00230	0.00301	0.00283	0.00336	0.00212	0.00212	0.00425	0.00637	0.00903	0.90566	0.01681	0.02124	0.00460	0.00265	0.00071	0.00106	0.00407	0.00248	0.00212
59	0.00363	0.00259	0.00363	0.00415	0.00466	0.00259	0.00363	0.00466	0.00518	0.00674	0.01192	0.02539	0.01296	0.00622	0.00311	0.00104	0.00207	0.89170	0.00207	0.00207
60	0.00843	0.00612	0.00659	0.00508	0.00683	0.00675	0.00418	0.85201	0.01028	0.03487	0.00561	0.01772	0.00409	0.01776	0.00241	0.00070	0.00244	0.00211	0.00225	0.00376
61	0.00327	0.00218	0.00246	0.00246	0.00246	0.00218	0.00136	0.00327	0.00327	0.00436	0.00709	0.01473	0.00818	0.92089	0.01146	0.00218	0.00218	0.00327	0.00136	0.00136
62	0.00322	0.00241	0.00362	0.00362	0.00402	0.00281	0.00281	0.00402	0.00362	0.00523	0.00603	0.00884	0.00563	0.01688	0.91197	0.00362	0.00603	0.00241	0.00121	0.00201
63	0.93679	0.00435	0.00331	0.00296	0.00435	0.00505	0.00244	0.00662	0.00383	0.01010	0.00313	0.00366	0.00244	0.00209	0.00139	0.00070	0.00174	0.00122	0.00139	0.00244
64	0.00266	0.00227	0.00229	0.00230	0.00305	0.00190	0.00172	0.00323	0.00511	0.00607	0.02254	0.04485	0.88292	0.00574	0.00267	0.00076	0.00114	0.00479	0.00209	0.00190
65	0.01010	0.00383	0.00522	0.00401	0.00575	0.00331	0.00331	0.01097	0.00644	0.90841	0.00888	0.00766	0.00557	0.00279	0.00226	0.00070	0.00192	0.00226	0.00279	0.00383
66	0.93679	0.00435	0.00331	0.00296	0.00435	0.00505	0.00244	0.00662	0.00383	0.01010	0.00313	0.00366	0.00244	0.00209	0.00139	0.00070	0.00174	0.00122	0.00139	0.00244
67	0.00274	0.00196	0.00261	0.00313	0.00326	0.00183	0.00209	0.00313	0.00431	0.00575	0.01241	0.91942	0.01489	0.00705	0.00287	0.00091	0.00131	0.00640	0.00209	0.00183
68	0.00327	0.00218	0.00246	0.00246	0.00246	0.00218	0.00136	0.00327	0.00327	0.00436	0.00709	0.01473	0.00818	0.92089	0.01146	0.00218	0.00218	0.00327	0.00136	0.00136
69	0.00270	0.00227	0.00230	0.00231	0.00301	0.00192	0.00170	0.00324	0.00503	0.00600	0.02814	0.03363	0.83811	0.05585	0.00315	0.00084	0.00120	0.00469	0.00205	0.00187
70	0.02136	0.00628	0.00671	0.00515	0.00694	0.00695	0.00425	0.88702	0.01049	0.01413	0.00537	0.00538	0.00381	0.00269	0.00224	0.00068	0.00247	0.00202	0.00224	0.00381
71	0.00822	0.00602	0.00645	0.00498	0.00669	0.00665	0.00409	0.83849	0.01016	0.01367	0.00571	0.00592	0.01475	0.02447	0.00245	0.00071	0.00241	0.00209	0.03239	0.00369
72	0.00322	0.00241	0.00362	0.00362	0.00402	0.00281	0.00281	0.00402	0.00362	0.00523	0.00603	0.00884	0.00563	0.01688	0.91197	0.00362	0.00603	0.00241	0.00121	0.00201
73	0.00274	0.00196	0.00261	0.00313	0.00326	0.00183	0.00209	0.00313	0.00431	0.00575	0.01241	0.91942	0.01489	0.00705	0.00287	0.00091	0.00131	0.00640	0.00209	0.00183
74	0.02245	0.00200	0.00294	0.00293	0.00296	0.00202	0.00196	0.00301	0.00295	0.00403	0.00389	0.00678	0.00388	0.00771	0.00865	0.91595	0.00195	0.00194	0.00099	0.00101
75	0.00431	0.00223	0.00225	0.00220	0.00276	0.00225	0.00165	0.03307	0.00488	0.00850	0.00728	0.00842	0.00575	0.02000	0.00178	0.00056	0.00111	0.00212	0.88673	0.00214
76	0.00554	0.00478	0.00503	0.00453	0.00579	0.00552	0.00352	0.01177	0.88350	0.00934	0.00946	0.00868	0.02618	0.00311	0.00230	0.00076	0.00177	0.00259	0.00229	0.00353
77	0.00266	0.00228	0.00228	0.00228	0.00304	0.00190	0.00171	0.00323	0.00513	0.00608	0.02280	0.02166	0.90593	0.00570	0.00266	0.00076	0.00114	0.00475	0.00209	0.00190
78	0.00653	0.00474	0.00523	0.00437	0.00558	0.00515	0.00342	0.51125	0.08841	0.03092	0.01346	0.18432	0.01655	0.07978	0.00333	0.02655	0.00211	0.00307	0.00213	0.00310
79	0.00389	0.00196	0.00293	0.00294	0.00294	0.00195	0.00196	0.00294	0.00295	0.00394	0.00404	0.02031	0.00407	0.00781	0.00871	0.92073	0.00195	0.00202	0.00099	0.00099
80	0.00841	0.01073	0.00638	0.00580	0.00696	0.91185	0.00435	0.00899	0.00638	0.00551	0.00348	0.00406	0.00290	0.00232	0.00203	0.00058	0.00406	0.00145	0.00116	0.00261
81	0.00316	0.00230	0.00297	0.00280	0.00335	0.00211	0.00210	0.00419	0.00630	0.00886	0.85691	0.01708	0.07009	0.00466	0.00266	0.00071	0.00107	0.00411	0.00246	0.00211
82	0.93679	0.00435	0.00331	0.00296	0.00435	0.00505	0.00244	0.00662	0.00383	0.01010	0.00313	0.00366	0.00244	0.00209	0.00139	0.00070	0.00174	0.00122	0.00139	0.00244
83	0.00856	0.00636	0.00675	0.00519	0.00698	0.01777	0.00428	0.88873	0.01053	0.01408	0.00538	0.00539	0.00382	0.00270	0.00225	0.00067	0.00250	0.00202	0.00224	0.00381
84	0.93679	0.00435	0.00331	0.00296	0.00435	0.00505	0.00244	0.00662	0.00383	0.01010	0.00313	0.00366	0.00244	0.00209	0.00139	0.00070	0.00174	0.00122	0.00139	0.00244
85	0.00322	0.00241	0.00362	0.00362	0.00402	0.00281	0.00281	0.00402	0.00362	0.00523	0.00603	0.00884	0.00563	0.01688	0.91197	0.00362	0.00603	0.00241	0.00121	0.00201
86	0.00602	0.92224	0.01180	0.00385	0.00578	0.00891	0.00385	0.00674	0.00457	0.00530	0.00313	0.00361	0.00289	0.00193	0.00144	0.00048	0.00241	0.00120	0.00096	0.00289
87	0.00422	0.00399	0.00684	0.82503	0.01469	0.00487	0.04790	0.00568	0.00453	0.00582	0.00447	0.05400	0.00364	0.00249	0.00230	0.00076	0.00295	0.00226	0.00106	0.00249
88	0.00327	0.00218	0.00246	0.00246	0.00246	0.00218	0.00136	0.00327	0.00327	0.00436	0.00709	0.01473	0.00818	0.92089	0.01146	0.00218	0.00218	0.00327	0.00136	0.00136
89	0.00608	0.89985	0.01167	0.00389	0.00581	0.01886	0.00386	0.01877	0.00467	0.00542	0.00316	0.00364	0.00290	0.00194	0.00146	0.00049	0.00243	0.00122	0.00098	0.00290
90	0.00410	0.00380	0.00613	0.70582	0.05586	0.00454	0.00551	0.00555	0.02592	0.00595	0.00673	0.04244	0.11286	0.00286	0.00232	0.00075	0.00267	0.00251	0.00121	0.00248
91	0.00560	0.00544	0.00904	0.03638	0.85844	0.02549	0.01272	0.00693	0.00514	0.00727	0.00421	0.00555	0.00354	0.00202	0.00223	0.00067	0.00272	0.00200	0.00111	0.00351
92	0.00457	0.02937	0.86257	0.00647	0.00973	0.00532	0.03706	0.00712	0.00477	0.00710	0.00404	0.00477	0.00287	0.00213	0.00214	0.00071	0.00332	0.00169	0.00096	0.00331
93	0.89038	0.00472	0.04841	0.00313	0.00462	0.00506	0.00273	0.00664	0.00388	0.00995	0.00318	0.00371	0.00246	0.00209	0.00143	0.00070	0.00182	0.00124	0.00137	0.00248
94	0.00271	0.00229	0.00238	0.00244	0.00947	0.00194	0.00181	0.00329	0.00511	0.00612	0.03127	0.06246	0.83212	0.00574	0.00268	0.00077	0.00118	0.02224	0.00209	0.00191
95	0.01115	0.00236	0.00307	0.00287	0.00344	0.00218	0.00216	0.00446	0.00635	0.03434	0.87292	0.01645	0.02064	0.00453	0.00263	0.00071	0.00109	0.00400	0.00248	0.00217
96	0.00443	0.00262	0.02472	0.03197	0.00346	0.00253	0.00204	0.05285	0.00502	0.00856	0.00704	0.00807	0.00550	0.00273	0.00945	0.00057	0.00129	0.00208	0.82284	0.00223
97	0.00267	0.00228	0.00229	0.00230	0.00306	0.00191	0.00173	0.00324	0.00513	0.00609	0.02270	0.02170	0.89753	0.00571	0.00266	0.00076	0.00115	0.01310	0.00209	0.00190
98	0.00327	0.00218	0.00246	0.00246	0.00246	0.00218	0.00136	0.00327	0.00327	0.00436	0.00709	0.01473	0.00818	0.92089	0.01146	0.00218	0.00218	0.00327	0.00136	0.00136
99	0.00425	0.00400	0.00675	0.91548	0.01550	0.00500	0.00625	0.00575	0.00450	0.00575	0.00400	0.00600	0.00300	0.00225	0.00225	0.00075	0.00300	0.00200	0.00100	0.00250
100	0.00391	0.00196	0.00293	0.00293	0.00293	0.00196	0.00196	0.00293	0.00293	0.00391	0.00391	0.00684	0.00391	0.00782	0.00880	0.93451	0.00196	0.00196	0.00098	0.00098
101	0.93679	0.00435	0.00331	0.00296	0.00435	0.00505	0.00244	0.00662	0.00383	0.01010	0.00313	0.00366	0.00244	0.00209	0.00139	0.00070	0.00174	0.00122	0.00139	0.00244
102	0.00327	0.00218	0.00246	0.00246	0.00246	0.00218	0.00136	0.00327	0.00327	0.00436	0.00709	0.01473	0.00818	0.92089	0.01146	0.00218	0.00218	0.00327	0.00136	0.00136
103	0.00467	0.00400	0.00467	0.00333	0.00533	0.00300	0.00267	0.00567	0.00467	0.00734	0.00400	0.00467	0.00333	0.00167	0.00167	0.00033	0.00167	0.00133	0.00133	0.93465
104	0.93679	0.00435	0.00331	0.00296	0.00435	0.00505	0.00244	0.00662	0.00383	0.01010	0.00313	0.00366	0.00244	0.00209	0.00139	0.00070	0.00174	0.00122	0.00139	0.00244
105	0.00551	0.00531	0.00915	0.04842	0.85062	0.00534	0.02872	0.00687	0.00511	0.00729	0.00423	0.00560	0.00354	0.00201	0.00224	0.00067	0.00271	0.00202	0.00111	0.00351
106	0.00828	0.01660	0.00651	0.01610	0.02961	0.82305	0.00443	0.05778	0.00655	0.00603	0.00361	0.00419	0.00297	0.00233	0.00205	0.00059	0.00391	0.00150	0.00122	0.00270
107	0.00425	0.00400	0.00675	0.91548	0.01550	0.00500	0.00625	0.00575	0.00450	0.00575	0.00400	0.00600	0.00300	0.00225	0.00225	0.00075	0.00300	0.00200	0.00100	0.00250
108	0.00425	0.00400	0.00675	0.91548	0.01550	0.00500	0.00625	0.00575	0.00450	0.00575	0.00400	0.00600	0.00300	0.00225	0.00225	0.00075	0.00300	0.00200	0.00100	0.00250
109	0.00268	0.00228	0.00230	0.00230	0.00305	0.00191	0.00172	0.00326	0.00517	0.00616	0.04780	0.02153	0.88089	0.00567	0.00266	0.00076	0.00114	0.00473	0.00210	0.00191
110	0.00314	0.00213	0.00249	0.00262	0.00266	0.00209	0.00155	0.00324	0.00355	0.00472	0.00857	0.23767	0.01928	0.68614	0.00925	0.00185	0.00196	0.00406	0.00155	0.00148
111	0.00274	0.00197	0.00260	0.00311	0.00326	0.00183	0.00208	0.00314	0.00434	0.00576	0.01274	0.89079	0.04330	0.00701	0.00287	0.00091	0.00130	0.00635	0.00209	0.00183
112	0.00436	0.00422	0.00744	0.81940	0.01511	0.00507	0.10089	0.00591	0.00459	0.00591	0.00406	0.00601	0.00304	0.00221	0.00229	0.00075	0.00308	0.00207	0.00101	0.00256
113	0.00325	0.00217	0.00246	0.00249	0.00250	0.00216	0.00140	0.00327	0.00333	0.00444	0.00736	0.06082	0.00853	0.87433	0.01102	0.00212	0.00214	0.00343	0.00140	0.00139
114	0.00300	0.00226	0.00318	0.13060	0.00491	0.00230	0.00261	0.00351	0.00425	0.00563	0.01080	0.71825	0.01268	0.08062	0.00348	0.00099	0.00161	0.00553	0.00188	0.00188
115	0.00350	0.00254	0.00346	0.00393	0.00446	0.00250	0.00339	0.00447	0.00515	0.00664	0.01302	0.05449	0.10169	0.00619	0.00306	0.00100	0.00195	0.77444	0.00208	0.00205
116	0.00565	0.00549	0.00906	0.01360	0.88252	0.02986	0.00684	0.00696	0.00516	0.00730	0.00421	0.00553	0.00355	0.00201	0.00222	0.00067	0.00271	0.00199	0.00112	0.00354
117	0.00604	0.91208	0.01174	0.00387	0.00579	0.01898	0.00386	0.00677	0.00459	0.00530	0.00313	0.00362	0.00289	0.00193	0.00145	0.00048	0.00243	0.00121	0.00097	0.00289
118	0.00269	0.00228	0.00232	0.00231	0.00306	0.00191	0.00173	0.00328	0.00519	0.00623	0.06836	0.02141	0.86028	0.00564	0.00266	0.00076	0.00114	0.00472	0.00211	0.00191
119	0.00532	0.00606	0.01320	0.00957	0.02936	0.00569	0.88114	0.00720	0.00531	0.00721	0.00455	0.00606	0.00342	0.00190	0.00265	0.00076	0.00377	0.00264	0.00114	0.00305
120	0.00859	0.00624	0.00672	0.00515	0.00695	0.00689	0.00425	0.87759	0.01048	0.03608	0.00549	0.00546	0.00387	0.00270	0.00225	0.00068	0.00246	0.00203	0.00226	0.00383
121	0.00267	0.00227	0.00230	0.00232	0.00305	0.00190	0.00173	0.00324	0.00512	0.00610	0.03219	0.05172	0.86629	0.00573	0.00267	0.00076	0.00114	0.00480	0.00209	0.00190
122	0.00425	0.00400	0.00675	0.91548	0.01550	0.00500	0.00625	0.00575	0.00450	0.00575	0.00400	0.00600	0.00300	0.00225	0.00225	0.00075	0.00300	0.00200	0.00100	0.00250
123	0.00266	0.00228	0.00228	0.00229	0.00304	0.00190	0.00172	0.00323	0.00512	0.00608	0.02267	0.03355	0.89413	0.00572	0.00266	0.00076	0.00114	0.00477	0.00209	0.00190
124	0.00463	0.02250	0.88217	0.00634	0.00962	0.00524	0.00817	0.00719	0.00478	0.02328	0.00412	0.00479	0.00290	0.00215	0.00213	0.00071	0.00329	0.00167	0.00098	0.00333
125	0.00354	0.00252	0.00314	0.00292	0.00352	0.01971	0.00220	0.00457	0.00634	0.04323	0.83270	0.01634	0.04166	0.00452	0.00263	0.00071	0.00115	0.00397	0.00245	0.00219
126	0.00554	0.00537	0.00916	0.04737	0.83639	0.01368	0.03556	0.00689	0.00512	0.00727	0.00423	0.00559	0.00353	0.00201	0.00224	0.00067	0.00274	0.00202	0.00111	0.00350
127	0.02288	0.01944	0.84372	0.00655	0.02729	0.00527	0.02993	0.00711	0.00475	0.00718	0.00403	0.00477	0.00287	0.00213	0.00213	0.00071	0.00329	0.00168	0.00097	0.00330

[dist]
# distance from previous block
# <min> <max>
0	1

[block]
# block no. 2 follows, 135 sequences, length 6
# corresponding to MSA columns:
# 154-159
name=unknown_C
#
# <colnr> <probs for GDERKNQSTAVLIFYWHMCP>
#	G	D	E	R	K	N	Q	S	T	A	V	L	I	F	Y	W	H	M	C	P
0	0.76881	0.03909	0.00407	0.03494	0.00504	0.00527	0.00279	0.07232	0.00447	0.04132	0.00353	0.00400	0.00269	0.00216	0.00152	0.00069	0.00187	0.00134	0.00147	0.00261
1	0.00282	0.00223	0.00242	0.00245	0.00300	0.00196	0.00173	0.00333	0.00486	0.00606	0.10867	0.11283	0.57429	0.15841	0.00415	0.00101	0.00132	0.00461	0.00201	0.00183
2	0.00415	0.00331	0.00403	0.00381	0.00438	0.05375	0.00293	0.11079	0.00457	0.00622	0.00592	0.00874	0.00551	0.10229	0.66557	0.00296	0.00512	0.00240	0.00134	0.00220
3	0.00844	0.03098	0.00514	0.00388	0.00547	0.00356	0.00318	0.03358	0.06745	0.63051	0.09020	0.00851	0.02960	0.00294	0.00225	0.00067	0.00182	0.00241	0.00254	0.06687
4	0.03705	0.00416	0.00646	0.73318	0.01348	0.00513	0.00572	0.07138	0.00488	0.00661	0.00415	0.00591	0.00315	0.00238	0.00247	0.00075	0.05108	0.00198	0.03752	0.00258
5	0.00425	0.00388	0.00630	0.74615	0.01345	0.00476	0.00565	0.00563	0.00443	0.00591	0.00420	0.00613	0.00326	0.00296	0.04191	0.00086	0.04634	0.00199	0.04680	0.04513

[dist]
# distance from previous block
# <min> <max>
0	2

[block]
# block no. 3 follows, 135 sequences, length 19
# corresponding to MSA columns:
# 162-180
name=unknown_D
#
# <colnr> <probs for GDERKNQSTAVLIFYWHMCP>
#	G	D	E	R	K	N	Q	S	T	A	V	L	I	F	Y	W	H	M	C	P
0	0.00378	0.00263	0.00327	0.00302	0.00371	0.00250	0.00229	0.00528	0.08958	0.06267	0.69389	0.01590	0.09387	0.00444	0.00260	0.00072	0.00119	0.00388	0.00245	0.00234
1	0.00273	0.00199	0.00258	0.00306	0.00324	0.00184	0.00205	0.00314	0.00439	0.00578	0.01337	0.83599	0.09770	0.00693	0.00285	0.00090	0.00129	0.00625	0.00209	0.00184
2	0.00353	0.00254	0.00361	0.00354	0.00401	0.00292	0.00276	0.04098	0.00401	0.00589	0.00613	0.00866	0.00557	0.01497	0.78992	0.00321	0.00542	0.00237	0.08788	0.00209
3	0.00341	0.00249	0.00333	0.00371	0.00425	0.00241	0.00314	0.00435	0.00525	0.00681	0.09657	0.06374	0.14267	0.00603	0.00299	0.00096	0.00181	0.64192	0.00211	0.00204
4	0.03420	0.03944	0.81394	0.00646	0.03073	0.00535	0.02518	0.00710	0.00474	0.00717	0.00400	0.00473	0.00287	0.00212	0.00211	0.00071	0.00324	0.00166	0.00097	0.00329
5	0.00320	0.00261	0.00274	0.00259	0.00341	0.00236	0.00198	0.06727	0.02170	0.00707	0.12840	0.01968	0.71838	0.00531	0.00262	0.00075	0.00124	0.00444	0.00215	0.00209
6	0.03106	0.00437	0.00719	0.60663	0.25852	0.00506	0.00619	0.00620	0.02594	0.00641	0.00447	0.00613	0.01789	0.00225	0.00223	0.00073	0.00282	0.00204	0.00109	0.00281
7	0.90469	0.03601	0.00360	0.00299	0.00440	0.00518	0.00249	0.00662	0.00386	0.00993	0.00313	0.00366	0.00245	0.00208	0.00139	0.00069	0.00176	0.00122	0.00138	0.00245
8	0.00478	0.00513	0.01048	0.15570	0.01094	0.00514	0.58778	0.00634	0.00495	0.00668	0.00541	0.12573	0.00483	0.00274	0.00287	0.00079	0.05271	0.00300	0.00123	0.00276
9	0.87496	0.00459	0.03486	0.00311	0.00458	0.00500	0.00267	0.00677	0.00395	0.03852	0.00335	0.00382	0.00255	0.00211	0.00145	0.00070	0.00180	0.00127	0.00142	0.00251
10	0.00920	0.03937	0.00568	0.00428	0.00593	0.08842	0.00350	0.12372	0.02283	0.61696	0.04072	0.00720	0.00558	0.00276	0.00222	0.00067	0.00217	0.00218	0.00246	0.01417
11	0.00271	0.00224	0.00238	0.00243	0.00309	0.00191	0.00179	0.00330	0.00513	0.00628	0.09451	0.12964	0.72526	0.00577	0.00269	0.00077	0.00115	0.00489	0.00212	0.00191
12	0.00467	0.00400	0.00467	0.00333	0.00533	0.00300	0.00267	0.00567	0.00467	0.00734	0.00400	0.00467	0.00333	0.00167	0.00167	0.00033	0.00167	0.00133	0.00133	0.93465
13	0.00274	0.00196	0.00261	0.00313	0.00326	0.00183	0.00209	0.00313	0.00431	0.00575	0.01241	0.91942	0.01489	0.00705	0.00287	0.00091	0.00131	0.00640	0.00209	0.00183
14	0.00563	0.00517	0.00501	0.00450	0.00576	0.08565	0.00349	0.01094	0.73621	0.00879	0.00933	0.00871	0.06234	0.00311	0.00227	0.00073	0.00194	0.00254	0.00214	0.03574
15	0.02070	0.00401	0.00661	0.84782	0.01470	0.00502	0.00605	0.00574	0.00445	0.00586	0.00401	0.00596	0.00304	0.00232	0.00242	0.00075	0.03772	0.00199	0.01833	0.00249
16	0.00604	0.00517	0.00528	0.00460	0.00595	0.03972	0.00361	0.15831	0.66205	0.00987	0.00882	0.00824	0.04582	0.00305	0.00228	0.00073	0.00195	0.00249	0.00221	0.02381
17	0.00616	0.83619	0.04523	0.00399	0.00595	0.02469	0.00401	0.00696	0.00469	0.04026	0.00339	0.00382	0.00299	0.00197	0.00151	0.00050	0.00245	0.00127	0.00104	0.00294
18	0.00476	0.09665	0.76249	0.00650	0.04314	0.01760	0.02445	0.00711	0.00478	0.00695	0.00396	0.00469	0.00289	0.00211	0.00209	0.00069	0.00323	0.00165	0.00096	0.00328

[dist]
# distance from previous block
# <min> <max>
1	4

[block]
# block no. 4 follows, 135 sequences, length 21
# corresponding to MSA columns:
# 185-205
name=unknown_E
#
# <colnr> <probs for GDERKNQSTAVLIFYWHMCP>
#	G	D	E	R	K	N	Q	S	T	A	V	L	I	F	Y	W	H	M	C	P
0	0.05298	0.00412	0.00688	0.82517	0.01475	0.00504	0.04810	0.00587	0.00450	0.00605	0.00398	0.00588	0.00299	0.00223	0.00222	0.00075	0.00297	0.00199	0.00103	0.00252
1	0.00466	0.01132	0.86681	0.00656	0.03293	0.00519	0.00817	0.00720	0.00480	0.02615	0.00415	0.00484	0.00293	0.00215	0.00214	0.00071	0.00328	0.00168	0.00099	0.00334
2	0.00272	0.00228	0.00237	0.00241	0.00313	0.00193	0.00182	0.00332	0.00514	0.00618	0.04465	0.04988	0.81512	0.00574	0.00269	0.00078	0.00119	0.04466	0.00210	0.00191
3	0.00458	0.05111	0.87033	0.00630	0.00957	0.00539	0.00812	0.00711	0.00474	0.00705	0.00400	0.00470	0.00285	0.00213	0.00211	0.00070	0.00329	0.00164	0.00095	0.00331
4	0.00529	0.00598	0.01293	0.03952	0.04149	0.00566	0.83974	0.00715	0.00528	0.00717	0.00453	0.00605	0.00341	0.00191	0.00263	0.00076	0.00373	0.00261	0.00113	0.00304
5	0.00553	0.00531	0.00906	0.04266	0.87833	0.00534	0.00689	0.00687	0.00511	0.00730	0.00423	0.00559	0.00355	0.00201	0.00223	0.00067	0.00268	0.00201	0.00111	0.00353
6	0.00987	0.00378	0.00515	0.00397	0.00567	0.00327	0.00327	0.01074	0.00644	0.87815	0.03905	0.00797	0.00610	0.00285	0.00228	0.00070	0.00189	0.00232	0.00278	0.00377
7	0.02702	0.00402	0.00526	0.00408	0.00579	0.00366	0.00336	0.05572	0.05927	0.79378	0.00862	0.00752	0.00550	0.00278	0.00225	0.00070	0.00193	0.00225	0.00270	0.00379
8	0.00461	0.02871	0.83165	0.00686	0.06981	0.00531	0.00814	0.00711	0.00477	0.00711	0.00404	0.00479	0.00290	0.00213	0.00213	0.00071	0.00327	0.00168	0.00096	0.00333
9	0.00292	0.00209	0.00274	0.00320	0.00338	0.00198	0.00216	0.03035	0.00450	0.00600	0.01219	0.89167	0.01455	0.00692	0.00285	0.00091	0.00134	0.00627	0.00209	0.00189
10	0.01006	0.00390	0.00527	0.00404	0.00578	0.00341	0.00333	0.03503	0.00656	0.88418	0.00879	0.00760	0.00552	0.00278	0.00226	0.00070	0.00193	0.00226	0.00277	0.00383
11	0.00342	0.00255	0.00369	0.00363	0.00407	0.00294	0.00281	0.03706	0.00386	0.00552	0.00605	0.00895	0.00566	0.05224	0.84262	0.00345	0.00575	0.00243	0.00125	0.00205
12	0.00327	0.00218	0.00246	0.00246	0.00246	0.00218	0.00136	0.00327	0.00327	0.00436	0.00709	0.01473	0.00818	0.92089	0.01146	0.00218	0.00218	0.00327	0.00136	0.00136
13	0.00274	0.00196	0.00261	0.00313	0.00326	0.00183	0.00209	0.00313	0.00431	0.00575	0.01241	0.91942	0.01489	0.00705	0.00287	0.00091	0.00131	0.00640	0.00209	0.00183
14	0.02493	0.00399	0.00661	0.86741	0.01491	0.00499	0.00608	0.00576	0.00447	0.00588	0.00402	0.00597	0.00303	0.00228	0.00230	0.00075	0.01690	0.00198	0.01525	0.00249
15	0.00317	0.00230	0.00299	0.00282	0.00335	0.00212	0.00211	0.00422	0.00634	0.00895	0.88174	0.01695	0.04520	0.00463	0.00266	0.00071	0.00106	0.00409	0.00247	0.00212
16	0.00467	0.00400	0.00467	0.00333	0.00533	0.00300	0.00267	0.00567	0.00467	0.00734	0.00400	0.00467	0.00333	0.00167	0.00167	0.00033	0.00167	0.00133	0.00133	0.93465
17	0.00271	0.00228	0.00236	0.00242	0.00313	0.00193	0.00182	0.00329	0.00509	0.00609	0.02169	0.07318	0.81226	0.00580	0.00269	0.00078	0.00119	0.04728	0.00209	0.00190
18	0.00455	0.01137	0.86530	0.00657	0.00984	0.00525	0.05197	0.00713	0.00478	0.00713	0.00406	0.00482	0.00288	0.00213	0.00216	0.00072	0.00335	0.00171	0.00096	0.00331
19	0.06745	0.00263	0.02268	0.00294	0.00358	0.00238	0.00228	0.00443	0.00596	0.01890	0.71708	0.08866	0.04345	0.00458	0.00257	0.00073	0.00119	0.00401	0.00233	0.00216
20	0.00348	0.00254	0.00302	0.04773	0.03656	0.01764	0.00193	0.00370	0.00371	0.00494	0.07430	0.03033	0.00877	0.74134	0.00969	0.00190	0.00217	0.00325	0.00143	0.00159

[dist]
# distance from previous block
# <min> <max>
0	3

# created by:
# /share/home/app/bin/augustus-3.3.1/scripts/msa2prfl.pl /dev/shm/tmp/pt-rosids/msas/ycf4.aln --setname=ycf4
