[name]
atp6

[dist]
# distance from previous block
# <min> <max>
17	90

[block]
# block no. 0 follows, 16 sequences, length 7
# corresponding to MSA columns:
# 102-108
name=unknown_A
#
# <colnr> <probs for GDERKNQSTAVLIFYWHMCP>
#	G	D	E	R	K	N	Q	S	T	A	V	L	I	F	Y	W	H	M	C	P
0	0.02392	0.01482	0.01714	0.01447	0.01934	0.01418	0.01148	0.13580	0.02928	0.15813	0.17751	0.06163	0.24643	0.01822	0.01073	0.00309	0.00673	0.01515	0.01014	0.01185
1	0.01501	0.01188	0.01381	0.01367	0.01641	0.01186	0.01008	0.02336	0.14410	0.03301	0.23355	0.21713	0.17485	0.02204	0.01134	0.00337	0.00558	0.01927	0.00972	0.00996
2	0.01554	0.01721	0.13772	0.01610	0.01932	0.01118	0.01440	0.01675	0.01645	0.02265	0.03037	0.25622	0.03321	0.02731	0.02249	0.30566	0.00864	0.01517	0.00594	0.00768
3	0.01806	0.01623	0.02720	0.14816	0.18481	0.01676	0.07910	0.02212	0.01917	0.02602	0.02827	0.16558	0.02938	0.15436	0.01901	0.00462	0.01062	0.01411	0.00583	0.01059
4	0.01303	0.00907	0.01024	0.01118	0.01310	0.00824	0.00792	0.01562	0.02024	0.02774	0.06511	0.31414	0.25026	0.02410	0.01082	0.00333	0.00512	0.02094	0.16157	0.00824
5	0.02384	0.15768	0.21594	0.02168	0.02957	0.15258	0.02179	0.06222	0.02302	0.02834	0.02391	0.14944	0.02330	0.01371	0.00921	0.00292	0.01222	0.01088	0.00566	0.01210
6	0.02431	0.03001	0.10156	0.19203	0.16497	0.14606	0.14312	0.03071	0.02249	0.02802	0.01751	0.02319	0.01366	0.00915	0.00980	0.00300	0.01446	0.00858	0.00466	0.01272

[dist]
# distance from previous block
# <min> <max>
4	13

[block]
# block no. 1 follows, 16 sequences, length 20
# corresponding to MSA columns:
# 122-141
name=unknown_B
#
# <colnr> <probs for GDERKNQSTAVLIFYWHMCP>
#	G	D	E	R	K	N	Q	S	T	A	V	L	I	F	Y	W	H	M	C	P
0	0.14780	0.01768	0.01945	0.01537	0.02190	0.01695	0.01237	0.12640	0.02653	0.09924	0.14349	0.03246	0.03159	0.01152	0.00861	0.00249	0.00743	0.00914	0.00821	0.24135
1	0.02856	0.01376	0.01873	0.01658	0.02055	0.01328	0.01286	0.03132	0.02276	0.31423	0.04170	0.27943	0.03886	0.01984	0.01305	0.00350	0.07181	0.01673	0.01001	0.01245
2	0.01906	0.02067	0.09056	0.22056	0.14395	0.01792	0.02203	0.02514	0.02156	0.03061	0.11811	0.03181	0.02732	0.01067	0.00939	0.00273	0.01013	0.00940	0.00579	0.16258
3	0.03126	0.22830	0.03426	0.13338	0.03405	0.13083	0.01857	0.09341	0.02558	0.15178	0.02079	0.02236	0.01545	0.01001	0.00844	0.00265	0.01166	0.00737	0.00661	0.01323
4	0.01893	0.01841	0.01778	0.13014	0.02609	0.14143	0.01340	0.02114	0.01920	0.02265	0.03129	0.21502	0.03450	0.22127	0.02280	0.00523	0.01069	0.01525	0.00629	0.00849
5	0.17391	0.01742	0.02476	0.39519	0.04919	0.02031	0.02120	0.02948	0.02022	0.13019	0.02010	0.02494	0.01434	0.00994	0.00891	0.00314	0.01095	0.00809	0.00601	0.01171
6	0.02850	0.03010	0.03911	0.13724	0.04412	0.21602	0.23736	0.03408	0.02425	0.08619	0.01959	0.02398	0.01462	0.00941	0.01009	0.00298	0.01529	0.00909	0.00555	0.01242
7	0.02635	0.15957	0.08962	0.15159	0.03567	0.02460	0.01997	0.03806	0.18156	0.13687	0.02667	0.02737	0.01956	0.01076	0.00896	0.00294	0.01016	0.00861	0.00726	0.01385
8	0.02075	0.01838	0.12461	0.01622	0.02122	0.01246	0.01477	0.02526	0.02283	0.15288	0.19048	0.17793	0.05034	0.08936	0.01506	0.00394	0.00792	0.01572	0.00885	0.01103
9	0.16434	0.01089	0.01162	0.01266	0.01488	0.01089	0.00901	0.01677	0.01877	0.02900	0.05319	0.41373	0.15085	0.02473	0.01084	0.00361	0.00589	0.02149	0.00836	0.00849
10	0.21989	0.20975	0.02743	0.01545	0.02122	0.02578	0.01299	0.14024	0.02312	0.03582	0.01923	0.02752	0.01765	0.14884	0.01614	0.00408	0.00943	0.00787	0.00621	0.01135
11	0.02759	0.01599	0.01998	0.01530	0.02262	0.01284	0.01220	0.03140	0.02267	0.23722	0.02879	0.09491	0.02334	0.01148	0.00868	0.00227	0.00739	0.00960	0.00835	0.38738
12	0.17004	0.01846	0.02859	0.19222	0.03810	0.02088	0.13402	0.02477	0.01803	0.02884	0.01890	0.03019	0.01689	0.13016	0.01906	0.00444	0.08155	0.00950	0.00508	0.01028
13	0.01728	0.01471	0.01998	0.14843	0.02822	0.01614	0.01458	0.02013	0.01709	0.02420	0.02407	0.09891	0.02501	0.20471	0.02502	0.00492	0.11970	0.01153	0.00554	0.15985
14	0.02553	0.09696	0.26270	0.13407	0.10262	0.02225	0.02703	0.03291	0.02192	0.15149	0.02150	0.02396	0.01524	0.00973	0.00914	0.00296	0.01207	0.00793	0.00590	0.01409
15	0.25887	0.02557	0.02075	0.01739	0.02391	0.18413	0.01376	0.03458	0.02261	0.15638	0.01990	0.02073	0.01465	0.00958	0.00778	0.00257	0.01036	0.00658	0.00696	0.14293
16	0.36993	0.01864	0.01837	0.08349	0.02497	0.02121	0.01315	0.14009	0.02257	0.04059	0.01914	0.02728	0.01662	0.12990	0.01521	0.00419	0.00912	0.00800	0.00658	0.01095
17	0.01890	0.04257	0.48312	0.02592	0.03739	0.02185	0.03154	0.02836	0.01935	0.02901	0.01805	0.02274	0.01382	0.01786	0.08791	0.00474	0.07169	0.00768	0.00424	0.01328
18	0.02724	0.02209	0.02783	0.26615	0.04381	0.02562	0.02126	0.26099	0.12872	0.04304	0.02369	0.02654	0.01735	0.01113	0.00972	0.00310	0.01104	0.00907	0.00758	0.01401
19	0.01952	0.01033	0.01328	0.01279	0.01429	0.00980	0.00853	0.01984	0.01731	0.12824	0.03444	0.17752	0.03610	0.29636	0.03213	0.13079	0.00821	0.01517	0.00738	0.00797

[dist]
# distance from previous block
# <min> <max>
26	51

[block]
# block no. 2 follows, 16 sequences, length 47
# corresponding to MSA columns:
# 199-245
name=unknown_C
#
# <colnr> <probs for GDERKNQSTAVLIFYWHMCP>
#	G	D	E	R	K	N	Q	S	T	A	V	L	I	F	Y	W	H	M	C	P
0	0.03414	0.02580	0.02756	0.02175	0.02903	0.02879	0.01777	0.45727	0.15931	0.05672	0.02670	0.02601	0.01926	0.01196	0.00973	0.00299	0.01003	0.00920	0.00973	0.01624
1	0.02010	0.01723	0.02010	0.01436	0.02297	0.01292	0.01148	0.02440	0.02010	0.03158	0.01723	0.02010	0.01436	0.00718	0.00718	0.00144	0.00718	0.00574	0.00574	0.71863
2	0.01181	0.00843	0.01125	0.01350	0.01406	0.00787	0.00900	0.01350	0.01856	0.02474	0.05342	0.65306	0.06410	0.03036	0.01237	0.00394	0.00562	0.02755	0.00900	0.00787
3	0.02591	0.66522	0.05079	0.01658	0.02488	0.03835	0.01658	0.02902	0.01969	0.02280	0.01347	0.01555	0.01244	0.00829	0.00622	0.00207	0.01036	0.00518	0.00415	0.01244
4	0.02209	0.02361	0.04665	0.03332	0.04279	0.02122	0.40682	0.02916	0.02209	0.03120	0.01893	0.02443	0.01461	0.00789	0.01023	0.00275	0.01374	0.00982	0.00514	0.21354
5	0.01409	0.00940	0.01057	0.01057	0.01057	0.00940	0.00587	0.01409	0.01409	0.01879	0.03054	0.06342	0.03524	0.65938	0.04933	0.00940	0.00940	0.01409	0.00587	0.00587
6	0.17459	0.01966	0.02100	0.01696	0.02276	0.02091	0.01343	0.23728	0.02963	0.16471	0.02589	0.03175	0.02057	0.13943	0.01680	0.00423	0.00925	0.00930	0.00867	0.01316
7	0.01145	0.00982	0.00982	0.00982	0.01309	0.00818	0.00736	0.01391	0.02209	0.02618	0.09818	0.09327	0.59499	0.02455	0.01145	0.00327	0.00491	0.02045	0.00900	0.00818
8	0.02007	0.14631	0.02965	0.02037	0.02271	0.02684	0.01735	0.02245	0.01734	0.02383	0.03101	0.03538	0.13626	0.01686	0.02242	0.00361	0.38149	0.01037	0.00523	0.01045
9	0.02010	0.01723	0.02010	0.01436	0.02297	0.01292	0.01148	0.02440	0.02010	0.03158	0.01723	0.02010	0.01436	0.00718	0.00718	0.00144	0.00718	0.00574	0.00574	0.71863
10	0.01152	0.00954	0.01010	0.01055	0.01328	0.00812	0.00769	0.01383	0.02139	0.02590	0.08932	0.20412	0.48987	0.02570	0.01164	0.00340	0.00505	0.02186	0.00900	0.00812
11	0.01327	0.00969	0.01205	0.01337	0.01487	0.00917	0.00991	0.01557	0.01949	0.02508	0.05779	0.26300	0.16871	0.15266	0.01978	0.00503	0.00716	0.16719	0.00836	0.00784
12	0.16490	0.53721	0.04355	0.01582	0.02366	0.03506	0.01538	0.02892	0.01906	0.02690	0.01348	0.01559	0.01205	0.00843	0.00618	0.00226	0.00980	0.00520	0.00451	0.01205
13	0.01181	0.00843	0.01125	0.01350	0.01406	0.00787	0.00900	0.01350	0.01856	0.02474	0.05342	0.65306	0.06410	0.03036	0.01237	0.00394	0.00562	0.02755	0.00900	0.00787
14	0.02405	0.15273	0.02795	0.02015	0.02348	0.20575	0.01606	0.02636	0.02072	0.02374	0.02512	0.19847	0.02719	0.01692	0.01417	0.00319	0.14519	0.01256	0.00580	0.01038
15	0.01394	0.01048	0.01328	0.01419	0.01676	0.00982	0.01172	0.01781	0.02333	0.03024	0.18079	0.09658	0.22814	0.02462	0.01238	0.00380	0.00677	0.26728	0.00932	0.00874
16	0.72785	0.01874	0.01425	0.01275	0.01874	0.02174	0.01050	0.02849	0.01649	0.04348	0.01350	0.01574	0.01050	0.00900	0.00600	0.00300	0.00750	0.00525	0.00600	0.01050
17	0.03308	0.04027	0.03050	0.03380	0.17550	0.46765	0.02155	0.03641	0.02609	0.02575	0.01581	0.01914	0.01322	0.00964	0.00896	0.00259	0.01595	0.00685	0.00494	0.01229
18	0.01396	0.00993	0.01327	0.01327	0.01421	0.01086	0.00924	0.01583	0.01489	0.02079	0.02807	0.04974	0.02929	0.34261	0.35798	0.01273	0.01834	0.01209	0.00551	0.00737
19	0.01385	0.01038	0.01558	0.01558	0.01731	0.01211	0.01211	0.01731	0.01558	0.02250	0.02596	0.03808	0.02423	0.07269	0.62098	0.01558	0.02596	0.01038	0.00519	0.00865
20	0.01249	0.00889	0.01163	0.01292	0.01387	0.00833	0.00877	0.01477	0.02045	0.02786	0.18974	0.45526	0.06869	0.08022	0.01522	0.00417	0.00567	0.02386	0.00916	0.00803
21	0.03717	0.02438	0.02710	0.02102	0.02853	0.02624	0.01729	0.41448	0.08659	0.17375	0.02776	0.02639	0.01915	0.01184	0.00972	0.00296	0.00991	0.00913	0.01019	0.01639
22	0.01409	0.00940	0.01057	0.01057	0.01057	0.00940	0.00587	0.01409	0.01409	0.01879	0.03054	0.06342	0.03524	0.65938	0.04933	0.00940	0.00940	0.01409	0.00587	0.00587
23	0.02411	0.02082	0.02192	0.01972	0.02520	0.02411	0.01534	0.05150	0.58142	0.04054	0.03945	0.03616	0.02959	0.01315	0.00986	0.00329	0.00767	0.01096	0.00986	0.01534
24	0.03620	0.04619	0.02747	0.02497	0.02996	0.62047	0.01873	0.03870	0.02747	0.02372	0.01498	0.01748	0.01248	0.00999	0.00874	0.00250	0.01748	0.00624	0.00499	0.01124
25	0.01912	0.03458	0.37742	0.02244	0.03199	0.01735	0.02581	0.02682	0.02049	0.07691	0.03014	0.21483	0.02909	0.01591	0.01022	0.00333	0.01116	0.01361	0.00625	0.01253
26	0.03193	0.02349	0.02566	0.02015	0.02675	0.02562	0.01645	0.45022	0.04172	0.05637	0.14437	0.03370	0.03240	0.01337	0.01006	0.00294	0.00937	0.01059	0.00990	0.01492
27	0.01181	0.00843	0.01125	0.01350	0.01406	0.00787	0.00900	0.01350	0.01856	0.02474	0.05342	0.65306	0.06410	0.03036	0.01237	0.00394	0.00562	0.02755	0.00900	0.00787
28	0.03041	0.02238	0.02495	0.02007	0.02602	0.02483	0.01622	0.41222	0.03705	0.05000	0.02434	0.02916	0.01941	0.06890	0.14216	0.00604	0.01382	0.00945	0.00848	0.01409
29	0.01562	0.01116	0.01562	0.01785	0.02008	0.01116	0.01562	0.02008	0.02231	0.02900	0.05132	0.10933	0.05578	0.02677	0.01339	0.00446	0.00892	0.53369	0.00892	0.00892
30	0.02565	0.01264	0.01663	0.01549	0.01924	0.01167	0.01161	0.03008	0.06393	0.26302	0.04619	0.35434	0.04518	0.02159	0.01111	0.00351	0.00685	0.01906	0.01028	0.01194
31	0.01273	0.00914	0.01207	0.01287	0.01426	0.00849	0.00907	0.01581	0.02284	0.03155	0.31396	0.37310	0.07729	0.02528	0.01192	0.00351	0.00512	0.02272	0.00980	0.00849
32	0.02411	0.02082	0.02192	0.01972	0.02520	0.02411	0.01534	0.05150	0.58142	0.04054	0.03945	0.03616	0.02959	0.01315	0.00986	0.00329	0.00767	0.01096	0.00986	0.01534
33	0.01313	0.00946	0.01243	0.01259	0.01435	0.00876	0.00910	0.01682	0.02472	0.03455	0.42866	0.24985	0.08309	0.02304	0.01172	0.00332	0.00489	0.02059	0.01016	0.00876
34	0.23196	0.01261	0.01335	0.01236	0.01578	0.01299	0.00956	0.02141	0.02409	0.04028	0.41646	0.05508	0.06671	0.01651	0.00977	0.00303	0.00547	0.01378	0.00924	0.00956
35	0.01246	0.00871	0.01105	0.01266	0.01307	0.00831	0.00811	0.01367	0.01729	0.02305	0.04692	0.48553	0.05590	0.20908	0.02287	0.00549	0.00670	0.02373	0.00811	0.00730
36	0.01318	0.00949	0.01247	0.01256	0.01436	0.00878	0.00910	0.01693	0.02491	0.03485	0.44027	0.23738	0.08368	0.02281	0.01170	0.00330	0.00487	0.02038	0.01019	0.00878
37	0.01329	0.00989	0.01276	0.01333	0.01530	0.00880	0.00935	0.01593	0.02064	0.02863	0.16343	0.44777	0.06346	0.02512	0.01150	0.00342	0.00560	0.02260	0.00893	0.10026
38	0.01725	0.01234	0.01464	0.01462	0.01649	0.01259	0.01020	0.12314	0.02296	0.03067	0.04259	0.40320	0.04855	0.16017	0.01969	0.00489	0.00742	0.02097	0.00847	0.00915
39	0.01365	0.01093	0.01631	0.19039	0.02903	0.01175	0.01409	0.01670	0.01879	0.02475	0.04314	0.47485	0.04956	0.02449	0.01161	0.00374	0.00770	0.02217	0.00766	0.00869
40	0.01387	0.00970	0.01198	0.01153	0.01288	0.00925	0.00780	0.01657	0.02196	0.03063	0.36272	0.06872	0.06839	0.28221	0.02698	0.00565	0.00655	0.01612	0.00870	0.00780
41	0.15537	0.01145	0.01235	0.01205	0.01360	0.01241	0.00810	0.01762	0.01488	0.02446	0.02620	0.04866	0.02803	0.40737	0.16082	0.00943	0.01250	0.01156	0.00575	0.00737
42	0.01382	0.00976	0.01228	0.01173	0.01337	0.00922	0.00822	0.01710	0.02364	0.03316	0.43377	0.06985	0.07548	0.20153	0.02220	0.00485	0.00594	0.01655	0.00931	0.00822
43	0.01318	0.00949	0.01247	0.01256	0.01436	0.00878	0.00910	0.01693	0.02491	0.03485	0.44027	0.23738	0.08368	0.02281	0.01170	0.00330	0.00487	0.02038	0.01019	0.00878
44	0.02119	0.01785	0.02011	0.01855	0.02296	0.02070	0.01442	0.04179	0.42065	0.03542	0.03562	0.03670	0.02806	0.03007	0.18349	0.00678	0.01287	0.01079	0.00854	0.01344
45	0.02074	0.01937	0.03138	0.04597	0.43299	0.01903	0.02400	0.02570	0.02209	0.03032	0.03748	0.04486	0.14010	0.01332	0.01027	0.00308	0.00993	0.05001	0.00599	0.01337
46	0.07462	0.01964	0.03187	0.04618	0.43280	0.01986	0.02384	0.02606	0.01967	0.02942	0.01759	0.02453	0.01530	0.01392	0.01527	0.15310	0.01057	0.00834	0.00476	0.01265

[dist]
# distance from previous block
# <min> <max>
0	17

[block]
# block no. 3 follows, 16 sequences, length 13
# corresponding to MSA columns:
# 263-275
name=unknown_D
#
# <colnr> <probs for GDERKNQSTAVLIFYWHMCP>
#	G	D	E	R	K	N	Q	S	T	A	V	L	I	F	Y	W	H	M	C	P
0	0.01725	0.01473	0.02124	0.20823	0.03452	0.01531	0.01652	0.02192	0.01822	0.02614	0.02042	0.02845	0.01752	0.03190	0.23225	0.00716	0.01583	0.00833	0.00509	0.23897
1	0.02884	0.25114	0.02848	0.01435	0.02044	0.02137	0.01268	0.03260	0.02240	0.20844	0.02705	0.02763	0.02004	0.01041	0.00750	0.00242	0.00781	0.00785	0.23594	0.01260
2	0.03060	0.01735	0.02027	0.01644	0.02128	0.01759	0.01254	0.20313	0.02852	0.21505	0.03058	0.04097	0.02567	0.24845	0.02419	0.00531	0.00945	0.01101	0.00901	0.01261
3	0.01310	0.00972	0.01120	0.01092	0.01281	0.00891	0.00755	0.01557	0.02156	0.02852	0.25825	0.07636	0.23684	0.22032	0.02323	0.00510	0.00618	0.01741	0.00864	0.00782
4	0.02396	0.01879	0.02135	0.01676	0.02360	0.01752	0.01326	0.19775	0.02805	0.03985	0.02595	0.13948	0.02435	0.01295	0.00896	0.00238	0.00802	0.01079	0.00763	0.35861
5	0.02672	0.02897	0.02617	0.21340	0.03987	0.24123	0.02018	0.03851	0.20414	0.02949	0.02359	0.02612	0.01815	0.01092	0.00940	0.00298	0.01289	0.00851	0.00635	0.01242
6	0.01233	0.00949	0.01213	0.01295	0.01476	0.00929	0.00944	0.01482	0.01877	0.02451	0.05936	0.28066	0.22343	0.04165	0.20142	0.00734	0.01172	0.01992	0.00781	0.00822
7	0.02262	0.01776	0.02319	0.20956	0.03578	0.01976	0.01767	0.19767	0.03079	0.04166	0.22988	0.04202	0.04277	0.01402	0.01033	0.00306	0.00914	0.01191	0.00837	0.01202
8	0.02136	0.02284	0.01852	0.01834	0.02088	0.23305	0.01352	0.02389	0.02088	0.02367	0.03083	0.22948	0.03284	0.03609	0.20039	0.00703	0.01628	0.01442	0.00635	0.00934
9	0.02708	0.23406	0.24781	0.02247	0.03279	0.02988	0.02420	0.20353	0.02834	0.03807	0.01807	0.01984	0.01369	0.00971	0.00844	0.00271	0.01191	0.00705	0.00592	0.01444
10	0.02739	0.02647	0.04810	0.03485	0.04399	0.02630	0.38734	0.20428	0.03022	0.04076	0.02079	0.02521	0.01528	0.00929	0.01087	0.00315	0.01450	0.01056	0.00645	0.01418
11	0.01156	0.00939	0.01026	0.01096	0.01339	0.00809	0.00787	0.01378	0.02099	0.02573	0.08426	0.26743	0.42983	0.02636	0.01174	0.00348	0.00513	0.02266	0.00900	0.00809
12	0.28254	0.02526	0.01895	0.01829	0.02279	0.21212	0.01475	0.02918	0.02185	0.03259	0.02574	0.04542	0.02523	0.01485	0.00918	0.00329	0.01117	0.16997	0.00658	0.01025

[dist]
# distance from previous block
# <min> <max>
0	3

[block]
# block no. 4 follows, 16 sequences, length 7
# corresponding to MSA columns:
# 279-285
name=unknown_E
#
# <colnr> <probs for GDERKNQSTAVLIFYWHMCP>
#	G	D	E	R	K	N	Q	S	T	A	V	L	I	F	Y	W	H	M	C	P
0	0.35831	0.19923	0.02809	0.16594	0.03218	0.02634	0.01621	0.02773	0.01809	0.03313	0.01440	0.01815	0.01163	0.00897	0.00696	0.00280	0.00962	0.00605	0.00507	0.01111
1	0.02890	0.21030	0.02949	0.01873	0.02398	0.30840	0.01521	0.03206	0.02355	0.02649	0.01862	0.02149	0.01549	0.00983	0.00755	0.00232	0.01232	0.00663	0.17759	0.01103
2	0.02115	0.01616	0.01889	0.01526	0.02066	0.01530	0.01206	0.15382	0.02981	0.04225	0.29327	0.04578	0.05159	0.01428	0.00982	0.00256	0.00679	0.01208	0.00905	0.20942
3	0.02399	0.02303	0.03934	0.05949	0.59893	0.02303	0.02974	0.02974	0.02207	0.03166	0.01823	0.02399	0.01535	0.00864	0.00960	0.00288	0.01151	0.00864	0.00480	0.01535
4	0.02447	0.01783	0.03025	0.02429	0.02894	0.01841	0.16356	0.02851	0.02121	0.16793	0.03221	0.20219	0.03039	0.01711	0.01545	0.00359	0.13916	0.01493	0.00764	0.01195
5	0.02399	0.02303	0.03934	0.05949	0.59893	0.02303	0.02974	0.02974	0.02207	0.03166	0.01823	0.02399	0.01535	0.00864	0.00960	0.00288	0.01151	0.00864	0.00480	0.01535
6	0.01843	0.19478	0.02634	0.16491	0.02828	0.02046	0.01400	0.02087	0.01695	0.02137	0.02252	0.04086	0.02341	0.31868	0.02760	0.00584	0.01053	0.01026	0.00501	0.00890

[dist]
# distance from previous block
# <min> <max>
0	180

# created by:
# /share/home/app/bin/augustus-3.3.1/scripts/msa2prfl.pl /dev/shm/tmp/ogap_db/mt-commelinids/msas/atp6.aln --setname=atp6
