[name]
orf288

[dist]
# distance from previous block
# <min> <max>
2	95

[block]
# block no. 0 follows, 4 sequences, length 16
# corresponding to MSA columns:
# 95-110
name=unknown_A
#
# <colnr> <probs for GDERKNQSTAVLIFYWHMCP>
#	G	D	E	R	K	N	Q	S	T	A	V	L	I	F	Y	W	H	M	C	P
0	0.59177	0.02812	0.02137	0.01912	0.02812	0.03261	0.01574	0.04274	0.02474	0.06523	0.02024	0.02362	0.01574	0.01350	0.00900	0.00450	0.01125	0.00787	0.00900	0.01574
1	0.06523	0.02474	0.03374	0.02587	0.03711	0.02137	0.02137	0.07085	0.04161	0.40846	0.05735	0.04948	0.03599	0.01799	0.01462	0.00450	0.01237	0.01462	0.01799	0.02474
2	0.03987	0.06022	0.30093	0.03681	0.05526	0.03008	0.04411	0.05341	0.03393	0.15363	0.03537	0.03627	0.02363	0.01505	0.01405	0.00457	0.01878	0.01189	0.00966	0.02245
3	0.42474	0.04209	0.13786	0.02574	0.03845	0.03295	0.02702	0.04372	0.02651	0.05953	0.02198	0.02572	0.01654	0.01359	0.01043	0.00453	0.01429	0.00872	0.00815	0.01745
4	0.03760	0.03026	0.03415	0.02507	0.03761	0.02701	0.02032	0.12962	0.04149	0.06051	0.02853	0.03156	0.02248	0.01275	0.01189	0.00281	0.01232	0.00994	0.01037	0.41371
5	0.05526	0.04072	0.04363	0.03345	0.04508	0.04508	0.02763	0.34991	0.06835	0.09162	0.03490	0.03490	0.02472	0.01745	0.01454	0.00436	0.01600	0.01309	0.01454	0.02472
6	0.05431	0.06929	0.04120	0.03745	0.04494	0.43071	0.02809	0.05805	0.04120	0.03558	0.02247	0.02622	0.01873	0.01498	0.01311	0.00375	0.02622	0.00936	0.00749	0.01685
7	0.05526	0.04072	0.04363	0.03345	0.04508	0.04508	0.02763	0.34991	0.06835	0.09162	0.03490	0.03490	0.02472	0.01745	0.01454	0.00436	0.01600	0.01309	0.01454	0.02472
8	0.06523	0.02474	0.03374	0.02587	0.03711	0.02137	0.02137	0.07085	0.04161	0.40846	0.05735	0.04948	0.03599	0.01799	0.01462	0.00450	0.01237	0.01462	0.01799	0.02474
9	0.01771	0.01265	0.01687	0.02024	0.02109	0.01181	0.01350	0.02024	0.02783	0.03711	0.08013	0.47959	0.09615	0.04555	0.01856	0.00590	0.00843	0.04133	0.01350	0.01181
10	0.02114	0.01409	0.01586	0.01586	0.01586	0.01409	0.00881	0.02114	0.02114	0.02819	0.04581	0.09514	0.05285	0.48908	0.07400	0.01409	0.01409	0.02114	0.00881	0.00881
11	0.03616	0.03123	0.03287	0.02959	0.03780	0.03616	0.02301	0.07725	0.37212	0.06082	0.05917	0.05424	0.04438	0.01972	0.01479	0.00493	0.01151	0.01644	0.01479	0.02301
12	0.02077	0.01558	0.02336	0.02336	0.02596	0.01817	0.01817	0.02596	0.02336	0.03375	0.03894	0.05711	0.03634	0.10903	0.43146	0.02336	0.03894	0.01558	0.00779	0.01298
13	0.03616	0.03123	0.03287	0.02959	0.03780	0.03616	0.02301	0.07725	0.37212	0.06082	0.05917	0.05424	0.04438	0.01972	0.01479	0.00493	0.01151	0.01644	0.01479	0.02301
14	0.05526	0.04072	0.04363	0.03345	0.04508	0.04508	0.02763	0.34991	0.06835	0.09162	0.03490	0.03490	0.02472	0.01745	0.01454	0.00436	0.01600	0.01309	0.01454	0.02472
15	0.03887	0.49782	0.07618	0.02488	0.03731	0.05752	0.02488	0.04353	0.02954	0.03420	0.02021	0.02332	0.01866	0.01244	0.00933	0.00311	0.01555	0.00777	0.00622	0.01866

[dist]
# distance from previous block
# <min> <max>
0	2

[block]
# block no. 1 follows, 4 sequences, length 16
# corresponding to MSA columns:
# 113-128
name=unknown_B
#
# <colnr> <probs for GDERKNQSTAVLIFYWHMCP>
#	G	D	E	R	K	N	Q	S	T	A	V	L	I	F	Y	W	H	M	C	P
0	0.01771	0.01265	0.01687	0.02024	0.02109	0.01181	0.01350	0.02024	0.02783	0.03711	0.08013	0.47959	0.09615	0.04555	0.01856	0.00590	0.00843	0.04133	0.01350	0.01181
1	0.05197	0.02181	0.02949	0.02362	0.03254	0.01910	0.01910	0.05796	0.04147	0.30450	0.15632	0.06703	0.06603	0.02148	0.01537	0.00452	0.01073	0.01808	0.01740	0.02147
2	0.02916	0.07520	0.41375	0.04144	0.06292	0.03376	0.05371	0.04604	0.03069	0.04604	0.02609	0.03069	0.01842	0.01381	0.01381	0.00460	0.02149	0.01074	0.00614	0.02149
3	0.03887	0.49782	0.07618	0.02488	0.03731	0.05752	0.02488	0.04353	0.02954	0.03420	0.02021	0.02332	0.01866	0.01244	0.00933	0.00311	0.01555	0.00777	0.00622	0.01866
4	0.05526	0.04072	0.04363	0.03345	0.04508	0.04508	0.02763	0.34991	0.06835	0.09162	0.03490	0.03490	0.02472	0.01745	0.01454	0.00436	0.01600	0.01309	0.01454	0.02472
5	0.03383	0.01779	0.02368	0.02054	0.02629	0.01599	0.01599	0.04032	0.04129	0.16225	0.29175	0.09105	0.10713	0.02624	0.01640	0.00455	0.00850	0.02283	0.01659	0.01699
6	0.05526	0.04072	0.04363	0.03345	0.04508	0.04508	0.02763	0.34991	0.06835	0.09162	0.03490	0.03490	0.02472	0.01745	0.01454	0.00436	0.01600	0.01309	0.01454	0.02472
7	0.05526	0.04072	0.04363	0.03345	0.04508	0.04508	0.02763	0.34991	0.06835	0.09162	0.03490	0.03490	0.02472	0.01745	0.01454	0.00436	0.01600	0.01309	0.01454	0.02472
8	0.59177	0.02812	0.02137	0.01912	0.02812	0.03261	0.01574	0.04274	0.02474	0.06523	0.02024	0.02362	0.01574	0.01350	0.00900	0.00450	0.01125	0.00787	0.00900	0.01574
9	0.02745	0.02584	0.04360	0.45413	0.10013	0.03230	0.04037	0.03714	0.02907	0.03714	0.02584	0.03876	0.01938	0.01453	0.01453	0.00484	0.01938	0.01292	0.00646	0.01615
10	0.05526	0.04072	0.04363	0.03345	0.04508	0.04508	0.02763	0.34991	0.06835	0.09162	0.03490	0.03490	0.02472	0.01745	0.01454	0.00436	0.01600	0.01309	0.01454	0.02472
11	0.02745	0.02584	0.04360	0.45413	0.10013	0.03230	0.04037	0.03714	0.02907	0.03714	0.02584	0.03876	0.01938	0.01453	0.01453	0.00484	0.01938	0.01292	0.00646	0.01615
12	0.05526	0.04072	0.04363	0.03345	0.04508	0.04508	0.02763	0.34991	0.06835	0.09162	0.03490	0.03490	0.02472	0.01745	0.01454	0.00436	0.01600	0.01309	0.01454	0.02472
13	0.03616	0.03123	0.03287	0.02959	0.03780	0.03616	0.02301	0.07725	0.37212	0.06082	0.05917	0.05424	0.04438	0.01972	0.01479	0.00493	0.01151	0.01644	0.01479	0.02301
14	0.05660	0.02667	0.03348	0.02697	0.03732	0.02576	0.02186	0.07275	0.13973	0.30525	0.05789	0.05090	0.03848	0.01851	0.01467	0.00463	0.01211	0.01516	0.01704	0.02423
15	0.05526	0.04072	0.04363	0.03345	0.04508	0.04508	0.02763	0.34991	0.06835	0.09162	0.03490	0.03490	0.02472	0.01745	0.01454	0.00436	0.01600	0.01309	0.01454	0.02472

[dist]
# distance from previous block
# <min> <max>
5	35

[block]
# block no. 2 follows, 4 sequences, length 17
# corresponding to MSA columns:
# 168-184
name=unknown_C
#
# <colnr> <probs for GDERKNQSTAVLIFYWHMCP>
#	G	D	E	R	K	N	Q	S	T	A	V	L	I	F	Y	W	H	M	C	P
0	0.01771	0.01265	0.01687	0.02024	0.02109	0.01181	0.01350	0.02024	0.02783	0.03711	0.08013	0.47959	0.09615	0.04555	0.01856	0.00590	0.00843	0.04133	0.01350	0.01181
1	0.03105	0.02872	0.04215	0.03010	0.04341	0.02313	0.08805	0.03876	0.03105	0.04720	0.02661	0.03210	0.02165	0.01109	0.01214	0.00275	0.01373	0.01046	0.00834	0.45752
2	0.36011	0.04750	0.18294	0.02831	0.04245	0.03309	0.03138	0.04410	0.02719	0.05733	0.02265	0.02653	0.01684	0.01363	0.01098	0.00454	0.01546	0.00905	0.00782	0.01811
3	0.02916	0.07520	0.41375	0.04144	0.06292	0.03376	0.05371	0.04604	0.03069	0.04604	0.02609	0.03069	0.01842	0.01381	0.01381	0.00460	0.02149	0.01074	0.00614	0.02149
4	0.03619	0.22805	0.08183	0.04629	0.06006	0.04531	0.21353	0.04532	0.03235	0.04148	0.02562	0.03267	0.02066	0.01233	0.01393	0.00416	0.02082	0.01329	0.00689	0.01922
5	0.05326	0.02741	0.03338	0.02740	0.03740	0.02746	0.02204	0.07349	0.17770	0.26531	0.05810	0.05144	0.03944	0.01871	0.01469	0.00468	0.01201	0.01537	0.01668	0.02403
6	0.02500	0.01909	0.02382	0.02389	0.02832	0.01968	0.01934	0.03918	0.10968	0.05333	0.20232	0.11751	0.09723	0.03145	0.01773	0.00544	0.01029	0.12634	0.01477	0.01560
7	0.02974	0.04616	0.18810	0.02973	0.04618	0.02530	0.03225	0.04049	0.03037	0.04682	0.02594	0.03037	0.02025	0.01202	0.01202	0.00316	0.01518	0.00949	0.00759	0.34882
8	0.03083	0.02830	0.03607	0.02838	0.03598	0.02974	0.02323	0.03594	0.02690	0.04227	0.02306	0.03083	0.02052	0.01681	0.02598	0.00389	0.19676	0.01031	0.00769	0.34652
9	0.04566	0.01976	0.02679	0.02355	0.03051	0.01743	0.01813	0.05001	0.03594	0.25555	0.06673	0.22659	0.06076	0.02934	0.01624	0.00508	0.01075	0.02562	0.01614	0.01942
10	0.01771	0.01265	0.01687	0.02024	0.02109	0.01181	0.01350	0.02024	0.02783	0.03711	0.08013	0.47959	0.09615	0.04555	0.01856	0.00590	0.00843	0.04133	0.01350	0.01181
11	0.26140	0.02678	0.02653	0.02054	0.03184	0.02483	0.01662	0.03913	0.02792	0.05472	0.02354	0.02746	0.01915	0.01189	0.01004	0.00312	0.01096	0.00831	0.00877	0.34645
12	0.03896	0.01893	0.02532	0.02141	0.02806	0.01687	0.01687	0.04531	0.04134	0.20248	0.25345	0.08426	0.09551	0.02489	0.01611	0.00454	0.00913	0.02149	0.01682	0.01826
13	0.25745	0.02142	0.02258	0.02362	0.02929	0.02327	0.02026	0.03531	0.02987	0.05245	0.05361	0.10619	0.05570	0.02918	0.01552	0.00579	0.01251	0.18003	0.01158	0.01436
14	0.03149	0.03371	0.06842	0.22304	0.08592	0.03493	0.21991	0.04269	0.03215	0.04269	0.02794	0.03903	0.02096	0.01319	0.01608	0.00488	0.02240	0.01541	0.00699	0.01818
15	0.04401	0.05442	0.25728	0.03503	0.05229	0.02866	0.04039	0.05626	0.03519	0.19527	0.03896	0.03843	0.02565	0.01553	0.01414	0.00456	0.01773	0.01234	0.01102	0.02283
16	0.06523	0.02474	0.03374	0.02587	0.03711	0.02137	0.02137	0.07085	0.04161	0.40846	0.05735	0.04948	0.03599	0.01799	0.01462	0.00450	0.01237	0.01462	0.01799	0.02474

[dist]
# distance from previous block
# <min> <max>
0	2

[block]
# block no. 3 follows, 4 sequences, length 22
# corresponding to MSA columns:
# 187-208
name=unknown_D
#
# <colnr> <probs for GDERKNQSTAVLIFYWHMCP>
#	G	D	E	R	K	N	Q	S	T	A	V	L	I	F	Y	W	H	M	C	P
0	0.06523	0.02474	0.03374	0.02587	0.03711	0.02137	0.02137	0.07085	0.04161	0.40846	0.05735	0.04948	0.03599	0.01799	0.01462	0.00450	0.01237	0.01462	0.01799	0.02474
1	0.25993	0.05354	0.03361	0.03044	0.03851	0.27841	0.02337	0.05219	0.03490	0.04692	0.02162	0.02522	0.01759	0.01441	0.01154	0.00403	0.02049	0.00879	0.00807	0.01643
2	0.24335	0.02671	0.03510	0.28771	0.07258	0.03242	0.03095	0.03928	0.02741	0.04789	0.02370	0.03297	0.01799	0.01414	0.01242	0.00471	0.01627	0.01099	0.00743	0.01599
3	0.06523	0.02474	0.03374	0.02587	0.03711	0.02137	0.02137	0.07085	0.04161	0.40846	0.05735	0.04948	0.03599	0.01799	0.01462	0.00450	0.01237	0.01462	0.01799	0.02474
4	0.24039	0.02181	0.02186	0.02013	0.02707	0.02163	0.01527	0.03288	0.02722	0.05039	0.04385	0.19449	0.04702	0.02472	0.01298	0.00444	0.01008	0.02047	0.01057	0.15271
5	0.24501	0.02671	0.02679	0.02061	0.03203	0.02444	0.01666	0.03895	0.02808	0.05420	0.02370	0.02765	0.01932	0.01181	0.01009	0.00305	0.01095	0.00833	0.00876	0.36286
6	0.03778	0.01908	0.02733	0.02432	0.03023	0.01939	0.01939	0.04313	0.03034	0.17710	0.04599	0.05419	0.03621	0.07420	0.27199	0.01615	0.02878	0.01521	0.01169	0.01748
7	0.05423	0.02231	0.03022	0.02400	0.03332	0.01948	0.01948	0.06016	0.04150	0.32224	0.13943	0.06404	0.06090	0.02088	0.01524	0.00452	0.01101	0.01749	0.01750	0.02203
8	0.24501	0.02671	0.02679	0.02061	0.03203	0.02444	0.01666	0.03895	0.02808	0.05420	0.02370	0.02765	0.01932	0.01181	0.01009	0.00305	0.01095	0.00833	0.00876	0.36286
9	0.02666	0.02156	0.02700	0.02574	0.03049	0.02505	0.02002	0.04558	0.15679	0.04410	0.04668	0.05601	0.03942	0.07487	0.27206	0.01631	0.02844	0.01591	0.01047	0.01682
10	0.04357	0.02542	0.03152	0.02319	0.03547	0.02014	0.01881	0.04971	0.03453	0.18551	0.03790	0.03754	0.02706	0.01353	0.01224	0.00305	0.01138	0.01091	0.01220	0.36631
11	0.02707	0.02350	0.03117	0.02631	0.03222	0.02512	0.02117	0.03226	0.02569	0.03927	0.02904	0.04057	0.02643	0.05086	0.17603	0.01106	0.13244	0.01221	0.00775	0.22984
12	0.04459	0.02871	0.04522	0.03298	0.04569	0.02442	0.09966	0.05216	0.03556	0.18532	0.03878	0.03978	0.02719	0.01390	0.01381	0.00373	0.01476	0.01301	0.01189	0.22884
13	0.03695	0.01810	0.02427	0.02167	0.02745	0.01617	0.01659	0.04227	0.03805	0.18704	0.18671	0.17732	0.08836	0.02913	0.01653	0.00487	0.00936	0.02553	0.01615	0.01746
14	0.03895	0.23063	0.19671	0.03431	0.04899	0.14032	0.03670	0.04807	0.03285	0.03907	0.02302	0.02685	0.01858	0.01359	0.01197	0.00384	0.02045	0.00930	0.00650	0.01930
15	0.03113	0.06143	0.28828	0.04903	0.06792	0.03491	0.16538	0.04624	0.03208	0.04624	0.02736	0.03395	0.01981	0.01322	0.01509	0.00472	0.02264	0.01320	0.00660	0.02077
16	0.01718	0.01473	0.01473	0.01473	0.01964	0.01227	0.01105	0.02086	0.03314	0.03927	0.14728	0.13991	0.39249	0.03682	0.01718	0.00491	0.00736	0.03068	0.01350	0.01227
17	0.02374	0.02410	0.04191	0.03254	0.04119	0.02164	0.13903	0.03070	0.03359	0.04206	0.10218	0.10139	0.25077	0.02742	0.01717	0.00491	0.01392	0.02551	0.01115	0.01508
18	0.59177	0.02812	0.02137	0.01912	0.02812	0.03261	0.01574	0.04274	0.02474	0.06523	0.02024	0.02362	0.01574	0.01350	0.00900	0.00450	0.01125	0.00787	0.00900	0.01574
19	0.37653	0.04613	0.17148	0.02766	0.04143	0.03305	0.03027	0.04400	0.02702	0.05789	0.02248	0.02632	0.01677	0.01362	0.01084	0.00454	0.01516	0.00897	0.00790	0.01794
20	0.03887	0.49782	0.07618	0.02488	0.03731	0.05752	0.02488	0.04353	0.02954	0.03420	0.02021	0.02332	0.01866	0.01244	0.00933	0.00311	0.01555	0.00777	0.00622	0.01866
21	0.03584	0.02722	0.03281	0.02787	0.03199	0.03317	0.02274	0.11211	0.03666	0.05606	0.03350	0.04088	0.02722	0.02032	0.02561	0.00477	0.18338	0.01312	0.21752	0.01720

[dist]
# distance from previous block
# <min> <max>
0	6

[block]
# block no. 4 follows, 4 sequences, length 51
# corresponding to MSA columns:
# 215-265
name=unknown_E
#
# <colnr> <probs for GDERKNQSTAVLIFYWHMCP>
#	G	D	E	R	K	N	Q	S	T	A	V	L	I	F	Y	W	H	M	C	P
0	0.01943	0.01397	0.01840	0.01907	0.02146	0.01295	0.01363	0.02454	0.03580	0.04978	0.26587	0.25772	0.12069	0.03608	0.01771	0.00511	0.00749	0.03234	0.01500	0.01295
1	0.03214	0.04435	0.14315	0.04751	0.05784	0.03921	0.15365	0.04179	0.02865	0.04179	0.02451	0.03432	0.02004	0.01791	0.02868	0.00542	0.19987	0.01393	0.00668	0.01854
2	0.04684	0.04012	0.06057	0.04463	0.05750	0.04174	0.15544	0.22798	0.05467	0.07351	0.03270	0.03664	0.02365	0.01536	0.01559	0.00458	0.01942	0.01472	0.01165	0.02267
3	0.01718	0.01473	0.01473	0.01473	0.01964	0.01227	0.01105	0.02086	0.03314	0.03927	0.14728	0.13991	0.39249	0.03682	0.01718	0.00491	0.00736	0.03068	0.01350	0.01227
4	0.03431	0.03922	0.08578	0.06127	0.07598	0.03676	0.34559	0.04657	0.03431	0.04657	0.02941	0.03922	0.02206	0.01225	0.01716	0.00490	0.02451	0.01716	0.00735	0.01961
5	0.02920	0.02824	0.04398	0.28693	0.07522	0.03722	0.03693	0.03628	0.02633	0.03628	0.02312	0.03596	0.01926	0.01892	0.02787	0.00545	0.19748	0.01284	0.00642	0.01605
6	0.03204	0.21556	0.05670	0.28159	0.07488	0.04244	0.03414	0.03971	0.02926	0.03596	0.02358	0.03255	0.01909	0.01369	0.01244	0.00415	0.01784	0.01085	0.00636	0.01716
7	0.01867	0.01431	0.01710	0.01740	0.02080	0.01275	0.01267	0.02337	0.03516	0.04643	0.22999	0.20392	0.22304	0.03593	0.01748	0.00500	0.00740	0.03132	0.01451	0.01275
8	0.01750	0.01349	0.01601	0.01803	0.02050	0.01200	0.01251	0.02049	0.02997	0.03798	0.10712	0.34305	0.21527	0.04204	0.01800	0.00550	0.00800	0.03705	0.01350	0.01200
9	0.36494	0.02720	0.03031	0.19398	0.05706	0.03249	0.02564	0.04049	0.02648	0.05394	0.02249	0.02970	0.01721	0.01391	0.01122	0.00464	0.01452	0.00990	0.00798	0.01591
10	0.05428	0.04411	0.03654	0.03136	0.04042	0.18924	0.02444	0.06715	0.11597	0.18019	0.04374	0.04120	0.03094	0.01717	0.01405	0.00429	0.01774	0.01292	0.01305	0.02118
11	0.04351	0.05182	0.04217	0.20494	0.06713	0.27057	0.03303	0.04965	0.03632	0.03621	0.02383	0.03126	0.01899	0.01480	0.01368	0.00419	0.02347	0.01079	0.00708	0.01657
12	0.01941	0.01265	0.01734	0.01995	0.02060	0.01199	0.01330	0.01995	0.02583	0.03444	0.06775	0.38141	0.08017	0.04666	0.02718	0.13469	0.00938	0.03486	0.01188	0.01057
13	0.05870	0.05138	0.03820	0.03280	0.04180	0.26617	0.02539	0.06320	0.04136	0.18546	0.03649	0.03557	0.02566	0.01619	0.01372	0.00405	0.02065	0.01148	0.01171	0.02002
14	0.03256	0.02801	0.03124	0.02477	0.03580	0.02612	0.01955	0.05294	0.16761	0.05278	0.03924	0.03983	0.03072	0.01437	0.01239	0.00327	0.01106	0.01176	0.01110	0.35489
15	0.05526	0.04072	0.04363	0.03345	0.04508	0.04508	0.02763	0.34991	0.06835	0.09162	0.03490	0.03490	0.02472	0.01745	0.01454	0.00436	0.01600	0.01309	0.01454	0.02472
16	0.05354	0.02735	0.03339	0.02736	0.03739	0.02731	0.02203	0.07342	0.17446	0.26872	0.05809	0.05140	0.03936	0.01869	0.01469	0.00467	0.01202	0.01535	0.01671	0.02405
17	0.03114	0.02941	0.03875	0.03148	0.03667	0.03442	0.02595	0.03564	0.02543	0.03997	0.02180	0.03114	0.02007	0.01955	0.03286	0.00467	0.28090	0.01107	0.00727	0.24182
18	0.03778	0.31027	0.05877	0.02677	0.03751	0.04894	0.02413	0.05709	0.16725	0.04490	0.03587	0.03575	0.02900	0.01537	0.01152	0.00384	0.01392	0.01126	0.00967	0.02041
19	0.03482	0.02592	0.02959	0.02674	0.03377	0.02712	0.02233	0.15658	0.04742	0.06189	0.07592	0.10667	0.12961	0.03028	0.01720	0.00535	0.01308	0.12414	0.01388	0.01769
20	0.03070	0.05066	0.20810	0.14189	0.07618	0.03455	0.15944	0.04423	0.03168	0.04423	0.02727	0.03569	0.01999	0.01339	0.01522	0.00477	0.02214	0.01362	0.00666	0.01958
21	0.02228	0.01598	0.02182	0.02336	0.02674	0.01552	0.01952	0.02904	0.03656	0.04945	0.20309	0.14172	0.10518	0.03596	0.01890	0.00584	0.01076	0.19030	0.01444	0.01352
22	0.05751	0.03712	0.04140	0.03174	0.04329	0.03974	0.02622	0.28699	0.06232	0.16307	0.03997	0.03819	0.02726	0.01757	0.01456	0.00439	0.01518	0.01343	0.01532	0.02473
23	0.03204	0.21556	0.05670	0.28159	0.07488	0.04244	0.03414	0.03971	0.02926	0.03596	0.02358	0.03255	0.01909	0.01369	0.01244	0.00415	0.01784	0.01085	0.00636	0.01716
24	0.02590	0.20891	0.03943	0.01881	0.02674	0.03046	0.01660	0.02998	0.03169	0.03724	0.09620	0.09305	0.24222	0.02702	0.01403	0.00419	0.01065	0.02147	0.01057	0.01484
25	0.03224	0.05368	0.21761	0.05330	0.07073	0.03556	0.22827	0.04636	0.03286	0.04636	0.02808	0.03579	0.02059	0.01288	0.01581	0.00478	0.02329	0.01458	0.00686	0.02036
26	0.04591	0.02072	0.02610	0.02139	0.03009	0.01771	0.01722	0.05076	0.03820	0.26006	0.09350	0.08583	0.17929	0.02556	0.01565	0.00466	0.01036	0.02108	0.01619	0.01973
27	0.03306	0.24508	0.27806	0.03478	0.05263	0.04331	0.04212	0.04503	0.03023	0.04128	0.02373	0.02773	0.01851	0.01326	0.01201	0.00400	0.01910	0.00955	0.00617	0.02035
28	0.04946	0.30766	0.05912	0.02527	0.03723	0.04299	0.02347	0.05451	0.03439	0.18464	0.03514	0.03384	0.02562	0.01467	0.01146	0.00367	0.01427	0.01053	0.01095	0.02110
29	0.02163	0.01795	0.02762	0.19465	0.05286	0.02005	0.02430	0.02704	0.02833	0.03713	0.05831	0.30239	0.06529	0.03308	0.01694	0.00548	0.01283	0.02991	0.01067	0.01355
30	0.01955	0.01435	0.01540	0.01540	0.01738	0.01336	0.00971	0.02103	0.02596	0.03264	0.08659	0.11313	0.18937	0.30729	0.05116	0.01040	0.01139	0.02498	0.01069	0.01020
31	0.02594	0.05064	0.25381	0.03115	0.04400	0.02586	0.03566	0.03603	0.02685	0.03886	0.03402	0.05660	0.03226	0.20485	0.03800	0.00842	0.01851	0.01492	0.00721	0.01639
32	0.01836	0.01315	0.01745	0.01980	0.02123	0.01224	0.01355	0.02186	0.03084	0.04189	0.15016	0.39593	0.10540	0.04198	0.01824	0.00560	0.00808	0.03794	0.01406	0.01224
33	0.03598	0.03454	0.05901	0.08923	0.39839	0.03454	0.04462	0.04462	0.03310	0.04750	0.02735	0.03598	0.02303	0.01295	0.01439	0.00432	0.01727	0.01295	0.00720	0.02303
34	0.02677	0.02277	0.03534	0.04681	0.17313	0.02209	0.02614	0.03434	0.03792	0.05396	0.24466	0.07941	0.09129	0.02298	0.01604	0.00447	0.01104	0.02093	0.01246	0.01746
35	0.03717	0.32697	0.07976	0.03844	0.05172	0.04979	0.14436	0.04466	0.03132	0.03881	0.02364	0.02924	0.01992	0.01237	0.01224	0.00378	0.01889	0.01127	0.00664	0.01901
36	0.01718	0.01473	0.01473	0.01473	0.01964	0.01227	0.01105	0.02086	0.03314	0.03927	0.14728	0.13991	0.39249	0.03682	0.01718	0.00491	0.00736	0.03068	0.01350	0.01227
37	0.01718	0.01473	0.01473	0.01473	0.01964	0.01227	0.01105	0.02086	0.03314	0.03927	0.14728	0.13991	0.39249	0.03682	0.01718	0.00491	0.00736	0.03068	0.01350	0.01227
38	0.03204	0.21556	0.05670	0.28159	0.07488	0.04244	0.03414	0.03971	0.02926	0.03596	0.02358	0.03255	0.01909	0.01369	0.01244	0.00415	0.01784	0.01085	0.00636	0.01716
39	0.03255	0.03104	0.05282	0.23591	0.27850	0.03364	0.04291	0.04161	0.03148	0.04333	0.02674	0.03710	0.02156	0.01359	0.01445	0.00453	0.01812	0.01294	0.00690	0.02026
40	0.02343	0.01673	0.02343	0.02677	0.03012	0.01673	0.02343	0.03012	0.03347	0.04351	0.07697	0.16399	0.08367	0.04016	0.02008	0.00669	0.01339	0.30054	0.01339	0.01339
41	0.06523	0.02474	0.03374	0.02587	0.03711	0.02137	0.02137	0.07085	0.04161	0.40846	0.05735	0.04948	0.03599	0.01799	0.01462	0.00450	0.01237	0.01462	0.01799	0.02474
42	0.16070	0.03374	0.05155	0.03996	0.05096	0.03560	0.15104	0.05714	0.15801	0.05608	0.03843	0.04130	0.02895	0.01532	0.01444	0.00482	0.01667	0.01479	0.01050	0.02000
43	0.01771	0.01265	0.01687	0.02024	0.02109	0.01181	0.01350	0.02024	0.02783	0.03711	0.08013	0.47959	0.09615	0.04555	0.01856	0.00590	0.00843	0.04133	0.01350	0.01181
44	0.03465	0.21913	0.05725	0.03282	0.03782	0.04975	0.02902	0.03842	0.02519	0.03467	0.01954	0.02840	0.01891	0.02022	0.03228	0.00505	0.28282	0.01073	0.00630	0.01701
45	0.03015	0.02584	0.03015	0.02153	0.03445	0.01938	0.01723	0.03661	0.03015	0.04737	0.02584	0.03015	0.02153	0.01077	0.01077	0.00215	0.01077	0.00861	0.00861	0.57795
46	0.04867	0.22446	0.05671	0.03000	0.04196	0.05008	0.02652	0.22676	0.05275	0.06854	0.02900	0.03025	0.02228	0.01544	0.01245	0.00386	0.01582	0.01095	0.01120	0.02228
47	0.36494	0.02720	0.03031	0.19398	0.05706	0.03249	0.02564	0.04049	0.02648	0.05394	0.02249	0.02970	0.01721	0.01391	0.01122	0.00464	0.01452	0.00990	0.00798	0.01591
48	0.03887	0.49782	0.07618	0.02488	0.03731	0.05752	0.02488	0.04353	0.02954	0.03420	0.02021	0.02332	0.01866	0.01244	0.00933	0.00311	0.01555	0.00777	0.00622	0.01866
49	0.25297	0.01885	0.01992	0.01901	0.02263	0.02066	0.01388	0.02850	0.02127	0.04132	0.02324	0.03592	0.02143	0.03563	0.03760	0.34689	0.01207	0.01072	0.00739	0.01010
50	0.02251	0.01567	0.02038	0.02239	0.02439	0.01567	0.01755	0.02651	0.02851	0.03735	0.06445	0.13631	0.07128	0.22061	0.04175	0.00967	0.01367	0.18823	0.01155	0.01155

[dist]
# distance from previous block
# <min> <max>
3	15

[block]
# block no. 5 follows, 4 sequences, length 12
# corresponding to MSA columns:
# 281-292
name=unknown_F
#
# <colnr> <probs for GDERKNQSTAVLIFYWHMCP>
#	G	D	E	R	K	N	Q	S	T	A	V	L	I	F	Y	W	H	M	C	P
0	0.03124	0.06071	0.28165	0.04943	0.06818	0.03497	0.17127	0.04625	0.03215	0.04625	0.02743	0.03413	0.01988	0.01318	0.01516	0.00472	0.02270	0.01333	0.00663	0.02073
1	0.03191	0.05882	0.27087	0.06069	0.19804	0.03408	0.05005	0.04547	0.03166	0.04663	0.02660	0.03282	0.02027	0.01347	0.01405	0.00449	0.01979	0.01163	0.00656	0.02211
2	0.03720	0.38779	0.06871	0.02801	0.03752	0.05446	0.02651	0.04151	0.02782	0.03439	0.01995	0.02532	0.01876	0.01551	0.01839	0.00388	0.12107	0.00894	0.00625	0.01801
3	0.02339	0.02037	0.02801	0.02746	0.02797	0.02499	0.02087	0.02618	0.02559	0.03626	0.05554	0.29923	0.06511	0.03745	0.03030	0.00609	0.19131	0.02981	0.01062	0.01346
4	0.04609	0.01987	0.02694	0.02360	0.03066	0.01752	0.01820	0.05047	0.03606	0.25889	0.06653	0.22272	0.06022	0.02909	0.01621	0.00506	0.01079	0.02538	0.01618	0.01953
5	0.02776	0.02456	0.03943	0.14682	0.17625	0.02563	0.03117	0.03593	0.03539	0.04940	0.17335	0.06589	0.06814	0.02008	0.01554	0.00454	0.01358	0.01832	0.01057	0.01765
6	0.03685	0.01752	0.02366	0.02251	0.02754	0.01566	0.01667	0.04063	0.03338	0.18668	0.07096	0.30635	0.07192	0.03445	0.01697	0.00534	0.01002	0.03057	0.01531	0.01702
7	0.03181	0.03181	0.04453	0.03817	0.03817	0.04453	0.03181	0.03499	0.02226	0.03499	0.01908	0.03181	0.01908	0.02545	0.04771	0.00636	0.46247	0.01272	0.00636	0.01590
8	0.25945	0.03306	0.05017	0.05439	0.17313	0.03429	0.10405	0.04432	0.03002	0.05442	0.02497	0.03176	0.01987	0.01301	0.01287	0.00453	0.01655	0.01190	0.00796	0.01929
9	0.02091	0.01593	0.01992	0.02192	0.02590	0.01494	0.01844	0.02639	0.03333	0.04180	0.10529	0.15429	0.20805	0.03881	0.01891	0.00597	0.01096	0.19184	0.01343	0.01294
10	0.01771	0.01265	0.01687	0.02024	0.02109	0.01181	0.01350	0.02024	0.02783	0.03711	0.08013	0.47959	0.09615	0.04555	0.01856	0.00590	0.00843	0.04133	0.01350	0.01181
11	0.04509	0.32522	0.06209	0.02994	0.04039	0.20784	0.02617	0.04938	0.03424	0.03476	0.02112	0.02449	0.01868	0.01346	0.01085	0.00337	0.01984	0.00841	0.00673	0.01793

[dist]
# distance from previous block
# <min> <max>
0	5

[block]
# block no. 6 follows, 4 sequences, length 9
# corresponding to MSA columns:
# 298-306
name=unknown_G
#
# <colnr> <probs for GDERKNQSTAVLIFYWHMCP>
#	G	D	E	R	K	N	Q	S	T	A	V	L	I	F	Y	W	H	M	C	P
0	0.04718	0.05578	0.04813	0.05759	0.18239	0.27665	0.03452	0.05283	0.03805	0.04021	0.02437	0.03001	0.02040	0.01419	0.01361	0.00397	0.02274	0.01076	0.00738	0.01926
1	0.24602	0.04218	0.16537	0.02660	0.03806	0.02858	0.02814	0.03876	0.02608	0.04920	0.02856	0.04346	0.02567	0.12810	0.02643	0.00685	0.01572	0.01213	0.00789	0.01620
2	0.03396	0.03418	0.06198	0.06258	0.19136	0.03172	0.14949	0.04341	0.03284	0.04712	0.02775	0.03577	0.02231	0.01217	0.01454	0.00401	0.01839	0.01347	0.00760	0.15535
3	0.04511	0.05413	0.18757	0.03656	0.05202	0.04068	0.03778	0.23174	0.05371	0.07390	0.03148	0.03327	0.02227	0.01604	0.01426	0.00446	0.01813	0.01218	0.01127	0.02346
4	0.04794	0.02118	0.02970	0.02489	0.03278	0.02012	0.02012	0.05339	0.03451	0.26274	0.05019	0.05245	0.03613	0.05340	0.17673	0.01184	0.02270	0.01499	0.01402	0.02017
5	0.03616	0.03123	0.03287	0.02959	0.03780	0.03616	0.02301	0.07725	0.37212	0.06082	0.05917	0.05424	0.04438	0.01972	0.01479	0.00493	0.01151	0.01644	0.01479	0.02301
6	0.02114	0.01409	0.01586	0.01586	0.01586	0.01409	0.00881	0.02114	0.02114	0.02819	0.04581	0.09514	0.05285	0.48908	0.07400	0.01409	0.01409	0.02114	0.00881	0.00881
7	0.02922	0.02319	0.04364	0.03411	0.04064	0.02224	0.14152	0.03328	0.02770	0.04051	0.03221	0.04467	0.02690	0.02755	0.03016	0.21643	0.01584	0.01461	0.14237	0.01323
8	0.24691	0.02672	0.03496	0.28496	0.07212	0.03242	0.03080	0.03932	0.02739	0.04807	0.02366	0.03287	0.01797	0.01413	0.01238	0.00471	0.01622	0.01096	0.00745	0.01599

[dist]
# distance from previous block
# <min> <max>
7	27

# created by:
# /share/home/app/bin/augustus-3.3.1/scripts/msa2prfl.pl /dev/shm/tmp/ogap_db/mt-commelinids/msas/orf288.aln --setname=orf288
