[name]
rps3

[dist]
# distance from previous block
# <min> <max>
0	0

[block]
# block no. 0 follows, 31 sequences, length 23
# corresponding to MSA columns:
# 0-22
name=unknown_A
#
# <colnr> <probs for GDERKNQSTAVLIFYWHMCP>
#	G	D	E	R	K	N	Q	S	T	A	V	L	I	F	Y	W	H	M	C	P
0	0.01102	0.00787	0.01102	0.01260	0.01417	0.00787	0.01102	0.01417	0.01575	0.02047	0.03622	0.07717	0.03937	0.01890	0.00945	0.00315	0.00630	0.67084	0.00630	0.00630
1	0.03070	0.01164	0.01588	0.01217	0.01746	0.01006	0.01006	0.03334	0.01958	0.72163	0.02699	0.02329	0.01694	0.00847	0.00688	0.00212	0.00582	0.00688	0.00847	0.01164
2	0.01292	0.01216	0.02052	0.74312	0.04712	0.01520	0.01900	0.01748	0.01368	0.01748	0.01216	0.01824	0.00912	0.00684	0.00684	0.00228	0.00912	0.00608	0.00304	0.00760
3	0.01693	0.01626	0.02777	0.04199	0.71689	0.01626	0.02100	0.02100	0.01558	0.02235	0.01287	0.01693	0.01084	0.00610	0.00677	0.00203	0.00813	0.00610	0.00339	0.01084
4	0.80789	0.01323	0.01006	0.00900	0.01323	0.01535	0.00741	0.02011	0.01164	0.03070	0.00953	0.01111	0.00741	0.00635	0.00423	0.00212	0.00529	0.00370	0.00423	0.00741
5	0.02556	0.03261	0.01939	0.01763	0.02115	0.73210	0.01322	0.02732	0.01939	0.01674	0.01058	0.01234	0.00881	0.00705	0.00617	0.00176	0.01234	0.00441	0.00353	0.00793
6	0.01438	0.01245	0.01516	0.01242	0.06659	0.00963	0.00903	0.01750	0.01429	0.02230	0.01221	0.01438	0.01018	0.00514	0.00519	0.00109	0.00529	0.00420	0.00401	0.74455
7	0.00809	0.00693	0.00693	0.00693	0.00924	0.00578	0.00520	0.00982	0.01559	0.01848	0.06931	0.06584	0.71411	0.01733	0.00809	0.00231	0.00347	0.01444	0.00635	0.00578
8	0.02601	0.01916	0.02053	0.01574	0.02122	0.02122	0.01300	0.69408	0.03217	0.04312	0.01643	0.01643	0.01163	0.00821	0.00684	0.00205	0.00753	0.00616	0.00684	0.01163
9	0.00968	0.00699	0.00914	0.00861	0.01022	0.00646	0.00646	0.01291	0.01937	0.02743	0.71328	0.05110	0.06455	0.01399	0.00807	0.00215	0.00323	0.01237	0.00753	0.00646
10	0.01292	0.01216	0.02052	0.74312	0.04712	0.01520	0.01900	0.01748	0.01368	0.01748	0.01216	0.01824	0.00912	0.00684	0.00684	0.00228	0.00912	0.00608	0.00304	0.00760
11	0.00834	0.00595	0.00794	0.00953	0.00992	0.00556	0.00635	0.00953	0.01310	0.01746	0.03771	0.75510	0.04525	0.02143	0.00873	0.00278	0.00397	0.01945	0.00635	0.00556
12	0.01662	0.61562	0.03098	0.01157	0.01651	0.02345	0.01109	0.01887	0.01333	0.01605	0.01124	0.01409	0.01041	0.01475	0.14691	0.00333	0.00947	0.00438	0.00307	0.00826
13	0.00890	0.00685	0.01027	0.01091	0.01178	0.00640	0.05565	0.01042	0.01332	0.01778	0.03599	0.70213	0.04274	0.02031	0.00868	0.00274	0.00451	0.01863	0.00614	0.00582
14	0.02556	0.03261	0.01939	0.01763	0.02115	0.73210	0.01322	0.02732	0.01939	0.01674	0.01058	0.01234	0.00881	0.00705	0.00617	0.00176	0.01234	0.00441	0.00353	0.00793
15	0.01292	0.01216	0.02052	0.74312	0.04712	0.01520	0.01900	0.01748	0.01368	0.01748	0.01216	0.01824	0.00912	0.00684	0.00684	0.00228	0.00912	0.00608	0.00304	0.00760
16	0.02601	0.01916	0.02053	0.01574	0.02122	0.02122	0.01300	0.69408	0.03217	0.04312	0.01643	0.01643	0.01163	0.00821	0.00684	0.00205	0.00753	0.00616	0.00684	0.01163
17	0.02601	0.01916	0.02053	0.01574	0.02122	0.02122	0.01300	0.69408	0.03217	0.04312	0.01643	0.01643	0.01163	0.00821	0.00684	0.00205	0.00753	0.00616	0.00684	0.01163
18	0.01829	0.76368	0.03585	0.01171	0.01756	0.02707	0.01171	0.02049	0.01390	0.01610	0.00951	0.01097	0.00878	0.00585	0.00439	0.00146	0.00732	0.00366	0.00293	0.00878
19	0.02601	0.01916	0.02053	0.01574	0.02122	0.02122	0.01300	0.69408	0.03217	0.04312	0.01643	0.01643	0.01163	0.00821	0.00684	0.00205	0.00753	0.00616	0.00684	0.01163
20	0.02601	0.01916	0.02053	0.01574	0.02122	0.02122	0.01300	0.69408	0.03217	0.04312	0.01643	0.01643	0.01163	0.00821	0.00684	0.00205	0.00753	0.00616	0.00684	0.01163
21	0.01269	0.01076	0.01791	0.57829	0.03854	0.01312	0.01607	0.01556	0.01261	0.01622	0.01210	0.01881	0.00974	0.01064	0.01131	0.18159	0.00841	0.00605	0.00302	0.00656
22	0.00995	0.00663	0.00746	0.00746	0.00746	0.00663	0.00415	0.00995	0.00995	0.01327	0.02156	0.04477	0.02487	0.75957	0.03482	0.00663	0.00663	0.00995	0.00415	0.00415

[dist]
# distance from previous block
# <min> <max>
0	4

[block]
# block no. 1 follows, 31 sequences, length 21
# corresponding to MSA columns:
# 27-47
name=unknown_B
#
# <colnr> <probs for GDERKNQSTAVLIFYWHMCP>
#	G	D	E	R	K	N	Q	S	T	A	V	L	I	F	Y	W	H	M	C	P
0	0.02601	0.01916	0.02053	0.01574	0.02122	0.02122	0.01300	0.69408	0.03217	0.04312	0.01643	0.01643	0.01163	0.00821	0.00684	0.00205	0.00753	0.00616	0.00684	0.01163
1	0.01577	0.57710	0.02872	0.01053	0.01551	0.02182	0.01010	0.01786	0.01432	0.01668	0.02425	0.02450	0.18268	0.00868	0.00530	0.00167	0.00637	0.00632	0.00377	0.00804
2	0.00977	0.00733	0.01100	0.01100	0.01222	0.00855	0.00855	0.01222	0.01100	0.01588	0.01833	0.02688	0.01710	0.05131	0.73245	0.01100	0.01833	0.00733	0.00367	0.00611
3	0.00977	0.00733	0.01100	0.01100	0.01222	0.00855	0.00855	0.01222	0.01100	0.01588	0.01833	0.02688	0.01710	0.05131	0.73245	0.01100	0.01833	0.00733	0.00367	0.00611
4	0.00979	0.00728	0.01073	0.01073	0.01185	0.00841	0.00822	0.01204	0.01092	0.01568	0.01857	0.02824	0.01770	0.10534	0.67923	0.01066	0.01743	0.00753	0.00370	0.00596
5	0.65495	0.01290	0.01128	0.01054	0.04061	0.01441	0.00814	0.02155	0.01284	0.11187	0.01221	0.01333	0.00906	0.00665	0.00467	0.00209	0.00538	0.00427	0.03524	0.00800
6	0.01693	0.01626	0.02777	0.04199	0.71689	0.01626	0.02100	0.02100	0.01558	0.02235	0.01287	0.01693	0.01084	0.00610	0.00677	0.00203	0.00813	0.00610	0.00339	0.01084
7	0.01067	0.00770	0.00960	0.01035	0.01141	0.00762	0.00723	0.09981	0.01561	0.02085	0.03490	0.65768	0.04082	0.01969	0.00848	0.00268	0.00444	0.01770	0.00642	0.00636
8	0.00957	0.00690	0.00907	0.00889	0.01035	0.00640	0.00664	0.01254	0.01842	0.02588	0.59900	0.14143	0.06104	0.01514	0.00821	0.00227	0.00345	0.04114	0.00733	0.00633
9	0.00977	0.00733	0.01100	0.01100	0.01222	0.00855	0.00855	0.01222	0.01100	0.01588	0.01833	0.02688	0.01710	0.05131	0.73245	0.01100	0.01833	0.00733	0.00367	0.00611
10	0.01615	0.01845	0.04037	0.02884	0.03576	0.01730	0.69204	0.02191	0.01615	0.02191	0.01384	0.01845	0.01038	0.00577	0.00807	0.00231	0.01153	0.00807	0.00346	0.00923
11	0.01987	0.60498	0.03228	0.01299	0.01834	0.18012	0.01203	0.02197	0.01509	0.01624	0.00974	0.01127	0.00879	0.00611	0.00478	0.00153	0.00841	0.00382	0.00306	0.00860
12	0.00968	0.00699	0.00914	0.00861	0.01022	0.00646	0.00646	0.01291	0.01937	0.02743	0.71328	0.05110	0.06455	0.01399	0.00807	0.00215	0.00323	0.01237	0.00753	0.00646
13	0.02556	0.03261	0.01939	0.01763	0.02115	0.73210	0.01322	0.02732	0.01939	0.01674	0.01058	0.01234	0.00881	0.00705	0.00617	0.00176	0.01234	0.00441	0.00353	0.00793
14	0.00834	0.00595	0.00794	0.00953	0.00992	0.00556	0.00635	0.00953	0.01310	0.01746	0.03771	0.75510	0.04525	0.02143	0.00873	0.00278	0.00397	0.01945	0.00635	0.00556
15	0.01292	0.01216	0.02052	0.74312	0.04712	0.01520	0.01900	0.01748	0.01368	0.01748	0.01216	0.01824	0.00912	0.00684	0.00684	0.00228	0.00912	0.00608	0.00304	0.00760
16	0.02601	0.01916	0.02053	0.01574	0.02122	0.02122	0.01300	0.69408	0.03217	0.04312	0.01643	0.01643	0.01163	0.00821	0.00684	0.00205	0.00753	0.00616	0.00684	0.01163
17	0.00977	0.00733	0.01100	0.01100	0.01222	0.00855	0.00855	0.01222	0.01100	0.01588	0.01833	0.02688	0.01710	0.05131	0.73245	0.01100	0.01833	0.00733	0.00367	0.00611
18	0.00981	0.00657	0.00750	0.00764	0.00768	0.00654	0.00434	0.00991	0.01022	0.01363	0.02296	0.10667	0.02665	0.69525	0.03255	0.00630	0.00640	0.01078	0.00434	0.00427
19	0.80789	0.01323	0.01006	0.00900	0.01323	0.01535	0.00741	0.02011	0.01164	0.03070	0.00953	0.01111	0.00741	0.00635	0.00423	0.00212	0.00529	0.00370	0.00423	0.00741
20	0.02601	0.01916	0.02053	0.01574	0.02122	0.02122	0.01300	0.69408	0.03217	0.04312	0.01643	0.01643	0.01163	0.00821	0.00684	0.00205	0.00753	0.00616	0.00684	0.01163

[dist]
# distance from previous block
# <min> <max>
2	7

[block]
# block no. 2 follows, 31 sequences, length 41
# corresponding to MSA columns:
# 55-95
name=unknown_C
#
# <colnr> <probs for GDERKNQSTAVLIFYWHMCP>
#	G	D	E	R	K	N	Q	S	T	A	V	L	I	F	Y	W	H	M	C	P
0	0.01702	0.01470	0.01547	0.01392	0.01779	0.01702	0.01083	0.03635	0.70453	0.02862	0.02785	0.02553	0.02088	0.00928	0.00696	0.00232	0.00541	0.00773	0.00696	0.01083
1	0.01165	0.00857	0.00939	0.00902	0.00995	0.00913	0.00575	0.01630	0.17709	0.01696	0.02307	0.04014	0.02391	0.57902	0.02812	0.00559	0.00634	0.00942	0.00482	0.00575
2	0.61756	0.01396	0.01432	0.01694	0.18256	0.01557	0.01068	0.02032	0.01259	0.02869	0.01033	0.01251	0.00823	0.00629	0.00484	0.00210	0.00597	0.00428	0.00403	0.00823
3	0.00988	0.00672	0.00787	0.00774	0.00813	0.00659	0.00470	0.01066	0.01222	0.01668	0.18801	0.04629	0.03442	0.58015	0.02838	0.00555	0.00581	0.01053	0.00496	0.00470
4	0.01607	0.01385	0.02052	0.56809	0.04089	0.01665	0.01756	0.18030	0.01813	0.02365	0.01319	0.01780	0.00973	0.00717	0.00684	0.00223	0.00874	0.00610	0.00396	0.00857
5	0.00834	0.00595	0.00794	0.00953	0.00992	0.00556	0.00635	0.00953	0.01310	0.01746	0.03771	0.75510	0.04525	0.02143	0.00873	0.00278	0.00397	0.01945	0.00635	0.00556
6	0.80789	0.01323	0.01006	0.00900	0.01323	0.01535	0.00741	0.02011	0.01164	0.03070	0.00953	0.01111	0.00741	0.00635	0.00423	0.00212	0.00529	0.00370	0.00423	0.00741
7	0.03888	0.01234	0.01990	0.67810	0.04436	0.01531	0.01816	0.01863	0.05271	0.01854	0.01296	0.01842	0.00973	0.00696	0.00676	0.00228	0.00879	0.00610	0.00330	0.00778
8	0.01275	0.00638	0.00638	0.00638	0.00797	0.00638	0.00478	0.01594	0.01435	0.02551	0.02232	0.02551	0.01754	0.00797	0.00478	0.00159	0.00319	0.00638	0.79755	0.00638
9	0.00809	0.00693	0.00693	0.00693	0.00924	0.00578	0.00520	0.00982	0.01559	0.01848	0.06931	0.06584	0.71411	0.01733	0.00809	0.00231	0.00347	0.01444	0.00635	0.00578
10	0.00816	0.00666	0.00721	0.00766	0.00943	0.00571	0.00552	0.00974	0.01489	0.01820	0.06042	0.25957	0.52612	0.01848	0.00827	0.00244	0.00361	0.01585	0.00635	0.00571
11	0.00823	0.00636	0.00752	0.00845	0.00964	0.00565	0.00587	0.00965	0.01414	0.01789	0.05084	0.46857	0.32330	0.01973	0.00846	0.00258	0.00376	0.01737	0.00635	0.00565
12	0.01562	0.01606	0.02086	0.01794	0.01816	0.06496	0.01486	0.01714	0.01103	0.01648	0.00908	0.01481	0.00897	0.01167	0.02144	0.00292	0.70158	0.00589	0.00303	0.00751
13	0.00995	0.00663	0.00746	0.00746	0.00746	0.00663	0.00415	0.00995	0.00995	0.01327	0.02156	0.04477	0.02487	0.75957	0.03482	0.00663	0.00663	0.00995	0.00415	0.00415
14	0.01703	0.01385	0.01571	0.01148	0.01742	0.01203	0.00928	0.18010	0.01851	0.02730	0.01319	0.01473	0.01049	0.00582	0.00549	0.00126	0.00566	0.00456	0.00472	0.61134
15	0.01693	0.01626	0.02777	0.04199	0.71689	0.01626	0.02100	0.02100	0.01558	0.02235	0.01287	0.01693	0.01084	0.00610	0.00677	0.00203	0.00813	0.00610	0.00339	0.01084
16	0.01268	0.01190	0.01984	0.70617	0.04522	0.01473	0.01831	0.01710	0.01378	0.01753	0.01503	0.02063	0.04450	0.00737	0.00690	0.00228	0.00884	0.00650	0.00321	0.00751
17	0.01623	0.01401	0.01472	0.01331	0.01704	0.01603	0.01033	0.03402	0.64405	0.02773	0.03148	0.02906	0.08174	0.00999	0.00706	0.00232	0.00524	0.00832	0.00691	0.01039
18	0.00995	0.00663	0.00746	0.00746	0.00746	0.00663	0.00415	0.00995	0.00995	0.01327	0.02156	0.04477	0.02487	0.75957	0.03482	0.00663	0.00663	0.00995	0.00415	0.00415
19	0.00809	0.00693	0.00693	0.00693	0.00924	0.00578	0.00520	0.00982	0.01559	0.01848	0.06931	0.06584	0.71411	0.01733	0.00809	0.00231	0.00347	0.01444	0.00635	0.00578
20	0.01528	0.01552	0.02055	0.01772	0.01792	0.05282	0.01468	0.01682	0.01090	0.01646	0.00936	0.01524	0.00924	0.01306	0.04526	0.00320	0.68953	0.00596	0.00304	0.00746
21	0.00995	0.00663	0.00746	0.00746	0.00746	0.00663	0.00415	0.00995	0.00995	0.01327	0.02156	0.04477	0.02487	0.75957	0.03482	0.00663	0.00663	0.00995	0.00415	0.00415
22	0.00995	0.00663	0.00746	0.00746	0.00746	0.00663	0.00415	0.00995	0.00995	0.01327	0.02156	0.04477	0.02487	0.75957	0.03482	0.00663	0.00663	0.00995	0.00415	0.00415
23	0.00834	0.00595	0.00794	0.00953	0.00992	0.00556	0.00635	0.00953	0.01310	0.01746	0.03771	0.75510	0.04525	0.02143	0.00873	0.00278	0.00397	0.01945	0.00635	0.00556
24	0.01472	0.01248	0.01447	0.01039	0.01644	0.00967	0.00833	0.04795	0.01500	0.02324	0.01235	0.01429	0.01020	0.00521	0.00515	0.00106	0.00518	0.00415	0.00418	0.76554
25	0.01341	0.01284	0.02062	0.56862	0.04010	0.01658	0.01803	0.01724	0.01291	0.01724	0.01139	0.01745	0.00909	0.00808	0.01060	0.00245	0.18669	0.00606	0.00303	0.00757
26	0.20422	0.01242	0.01800	0.56646	0.03896	0.01524	0.01621	0.01811	0.01319	0.02066	0.01153	0.01653	0.00871	0.00672	0.00621	0.00224	0.00820	0.00551	0.00333	0.00755
27	0.01388	0.01216	0.01571	0.18652	0.02365	0.01058	0.01073	0.01729	0.01406	0.02113	0.01216	0.01516	0.00989	0.00549	0.00549	0.00132	0.00604	0.00454	0.00381	0.61037
28	0.01292	0.01216	0.02052	0.74312	0.04712	0.01520	0.01900	0.01748	0.01368	0.01748	0.01216	0.01824	0.00912	0.00684	0.00684	0.00228	0.00912	0.00608	0.00304	0.00760
29	0.09845	0.01228	0.01939	0.66413	0.04347	0.01522	0.01775	0.01776	0.01346	0.01890	0.01188	0.01747	0.00894	0.00679	0.00656	0.00226	0.00871	0.00582	0.00317	0.00758
30	0.00834	0.00595	0.00794	0.00953	0.00992	0.00556	0.00635	0.00953	0.01310	0.01746	0.03771	0.75510	0.04525	0.02143	0.00873	0.00278	0.00397	0.01945	0.00635	0.00556
31	0.01693	0.01626	0.02777	0.04199	0.71689	0.01626	0.02100	0.02100	0.01558	0.02235	0.01287	0.01693	0.01084	0.00610	0.00677	0.00203	0.00813	0.00610	0.00339	0.01084
32	0.05855	0.01222	0.01992	0.70098	0.04517	0.01521	0.01833	0.01763	0.01356	0.01824	0.01201	0.01783	0.00902	0.00681	0.00669	0.00227	0.00890	0.00594	0.00311	0.00759
33	0.05855	0.01222	0.01992	0.70098	0.04517	0.01521	0.01833	0.01763	0.01356	0.01824	0.01201	0.01783	0.00902	0.00681	0.00669	0.00227	0.00890	0.00594	0.00311	0.00759
34	0.01609	0.04761	0.36496	0.02831	0.30789	0.01612	0.04223	0.02195	0.01520	0.05692	0.01322	0.01591	0.01002	0.00639	0.00661	0.00209	0.00905	0.00562	0.00339	0.01042
35	0.01693	0.01626	0.02777	0.04199	0.71689	0.01626	0.02100	0.02100	0.01558	0.02235	0.01287	0.01693	0.01084	0.00610	0.00677	0.00203	0.00813	0.00610	0.00339	0.01084
36	0.02344	0.01789	0.01908	0.01522	0.02024	0.02001	0.01238	0.50595	0.22448	0.03897	0.01969	0.01903	0.01428	0.00852	0.00688	0.00213	0.00692	0.00661	0.00688	0.01140
37	0.01346	0.01272	0.02150	0.64795	0.13804	0.01534	0.01927	0.01796	0.01394	0.01814	0.01226	0.01806	0.00935	0.00674	0.00683	0.00225	0.00899	0.00608	0.00309	0.00804
38	0.01419	0.01216	0.01419	0.01013	0.01621	0.00912	0.00811	0.01723	0.01419	0.02229	0.01216	0.01419	0.01013	0.00507	0.00507	0.00101	0.00507	0.00405	0.00405	0.80139
39	0.77899	0.01319	0.01044	0.03569	0.01446	0.01534	0.00783	0.02001	0.01172	0.03021	0.00962	0.01137	0.00747	0.00637	0.00433	0.00212	0.00543	0.00379	0.00419	0.00742
40	0.01693	0.01626	0.02777	0.04199	0.71689	0.01626	0.02100	0.02100	0.01558	0.02235	0.01287	0.01693	0.01084	0.00610	0.00677	0.00203	0.00813	0.00610	0.00339	0.01084

[dist]
# distance from previous block
# <min> <max>
5	65

[block]
# block no. 3 follows, 31 sequences, length 7
# corresponding to MSA columns:
# 161-167
name=unknown_D
#
# <colnr> <probs for GDERKNQSTAVLIFYWHMCP>
#	G	D	E	R	K	N	Q	S	T	A	V	L	I	F	Y	W	H	M	C	P
0	0.02899	0.01412	0.06819	0.01306	0.01872	0.01159	0.01146	0.09777	0.02045	0.60334	0.02487	0.02196	0.01581	0.00830	0.00685	0.00211	0.00630	0.00668	0.00790	0.01153
1	0.69222	0.01646	0.11406	0.01053	0.01562	0.01543	0.01001	0.02034	0.01205	0.02938	0.00993	0.01160	0.00759	0.00637	0.00456	0.00212	0.00599	0.00390	0.00404	0.00780
2	0.01693	0.01626	0.02777	0.04199	0.71689	0.01626	0.02100	0.02100	0.01558	0.02235	0.01287	0.01693	0.01084	0.00610	0.00677	0.00203	0.00813	0.00610	0.00339	0.01084
3	0.01292	0.01216	0.02052	0.74312	0.04712	0.01520	0.01900	0.01748	0.01368	0.01748	0.01216	0.01824	0.00912	0.00684	0.00684	0.00228	0.00912	0.00608	0.00304	0.00760
4	0.00968	0.00699	0.00914	0.00861	0.01022	0.00646	0.00646	0.01291	0.01937	0.02743	0.71328	0.05110	0.06455	0.01399	0.00807	0.00215	0.00323	0.01237	0.00753	0.00646
5	0.01372	0.03539	0.72412	0.01950	0.02961	0.01589	0.02528	0.02167	0.01444	0.02167	0.01228	0.01444	0.00867	0.00650	0.00650	0.00217	0.01011	0.00506	0.00289	0.01011
6	0.02601	0.01916	0.02053	0.01574	0.02122	0.02122	0.01300	0.69408	0.03217	0.04312	0.01643	0.01643	0.01163	0.00821	0.00684	0.00205	0.00753	0.00616	0.00684	0.01163

[dist]
# distance from previous block
# <min> <max>
4	8

[block]
# block no. 4 follows, 31 sequences, length 38
# corresponding to MSA columns:
# 177-214
name=unknown_E
#
# <colnr> <probs for GDERKNQSTAVLIFYWHMCP>
#	G	D	E	R	K	N	Q	S	T	A	V	L	I	F	Y	W	H	M	C	P
0	0.01792	0.68297	0.08202	0.01351	0.04784	0.02586	0.01301	0.02059	0.01401	0.01674	0.00984	0.01146	0.00886	0.00591	0.00463	0.00153	0.00754	0.00386	0.00294	0.00896
1	0.01302	0.04354	0.02052	0.66293	0.04365	0.01521	0.01815	0.01738	0.01383	0.01762	0.01367	0.02192	0.01115	0.00761	0.00691	0.00230	0.00885	0.05090	0.00326	0.00756
2	0.01372	0.03539	0.72412	0.01950	0.02961	0.01589	0.02528	0.02167	0.01444	0.02167	0.01228	0.01444	0.00867	0.00650	0.00650	0.00217	0.01011	0.00506	0.00289	0.01011
3	0.01693	0.01626	0.02777	0.04199	0.71689	0.01626	0.02100	0.02100	0.01558	0.02235	0.01287	0.01693	0.01084	0.00610	0.00677	0.00203	0.00813	0.00610	0.00339	0.01084
4	0.01562	0.02216	0.18985	0.02679	0.03441	0.01699	0.54627	0.02186	0.01578	0.02186	0.01350	0.01758	0.01001	0.00593	0.00773	0.00228	0.01122	0.00741	0.00334	0.00942
5	0.02487	0.03130	0.02006	0.01957	0.07674	0.67491	0.01384	0.02681	0.01908	0.01719	0.01076	0.01270	0.00897	0.00697	0.00622	0.00178	0.01200	0.00454	0.00351	0.00816
6	0.01508	0.03349	0.66753	0.01891	0.02864	0.01542	0.02406	0.02260	0.01485	0.07759	0.01345	0.01515	0.00933	0.00666	0.00653	0.00216	0.00977	0.00520	0.00333	0.01023
7	0.00841	0.00728	0.00785	0.05668	0.01180	0.00641	0.00613	0.01034	0.01546	0.01841	0.06544	0.06262	0.66647	0.01662	0.00800	0.00231	0.00385	0.01387	0.00613	0.00590
8	0.01288	0.01192	0.02008	0.71528	0.04567	0.01485	0.01850	0.01715	0.01350	0.01727	0.01215	0.01834	0.00922	0.00748	0.00759	0.03257	0.00900	0.00607	0.00304	0.00742
9	0.00809	0.00693	0.00693	0.00693	0.00924	0.00578	0.00520	0.00982	0.01559	0.01848	0.06931	0.06584	0.71411	0.01733	0.00809	0.00231	0.00347	0.01444	0.00635	0.00578
10	0.01164	0.00594	0.00885	0.00895	0.00898	0.00592	0.00597	0.00895	0.00920	0.01226	0.01363	0.07042	0.01414	0.02361	0.02552	0.74701	0.00581	0.00685	0.00320	0.00315
11	0.01419	0.01216	0.01419	0.01013	0.01621	0.00912	0.00811	0.01723	0.01419	0.02229	0.01216	0.01419	0.01013	0.00507	0.00507	0.00101	0.00507	0.00405	0.00405	0.80139
12	0.01693	0.01626	0.02777	0.04199	0.71689	0.01626	0.02100	0.02100	0.01558	0.02235	0.01287	0.01693	0.01084	0.00610	0.00677	0.00203	0.00813	0.00610	0.00339	0.01084
13	0.01693	0.01626	0.02777	0.04199	0.71689	0.01626	0.02100	0.02100	0.01558	0.02235	0.01287	0.01693	0.01084	0.00610	0.00677	0.00203	0.00813	0.00610	0.00339	0.01084
14	0.01693	0.01626	0.02777	0.04199	0.71689	0.01626	0.02100	0.02100	0.01558	0.02235	0.01287	0.01693	0.01084	0.00610	0.00677	0.00203	0.00813	0.00610	0.00339	0.01084
15	0.01549	0.02306	0.22634	0.02630	0.03408	0.01692	0.51069	0.02185	0.01568	0.02185	0.01342	0.01736	0.00991	0.00597	0.00765	0.00227	0.01115	0.00725	0.00330	0.00947
16	0.22933	0.03891	0.01821	0.51770	0.03686	0.01566	0.01559	0.01830	0.01313	0.02103	0.01135	0.01605	0.00864	0.00667	0.00604	0.00221	0.00802	0.00535	0.00336	0.00759
17	0.00977	0.00733	0.01100	0.01100	0.01222	0.00855	0.00855	0.01222	0.01100	0.01588	0.01833	0.02688	0.01710	0.05131	0.73245	0.01100	0.01833	0.00733	0.00367	0.00611
18	0.80789	0.01323	0.01006	0.00900	0.01323	0.01535	0.00741	0.02011	0.01164	0.03070	0.00953	0.01111	0.00741	0.00635	0.00423	0.00212	0.00529	0.00370	0.00423	0.00741
19	0.00977	0.00733	0.01100	0.01100	0.01222	0.00855	0.00855	0.01222	0.01100	0.01588	0.01833	0.02688	0.01710	0.05131	0.73245	0.01100	0.01833	0.00733	0.00367	0.00611
20	0.01497	0.01497	0.02095	0.01796	0.01796	0.02095	0.01497	0.01646	0.01048	0.01646	0.00898	0.01497	0.00898	0.01197	0.02245	0.00299	0.74704	0.00599	0.00299	0.00748
21	0.01812	0.73606	0.06195	0.01200	0.01802	0.02665	0.01222	0.02053	0.01392	0.01631	0.00962	0.01111	0.00878	0.00588	0.00447	0.00149	0.00742	0.00371	0.00293	0.00883
22	0.01292	0.01216	0.02052	0.74312	0.04712	0.01520	0.01900	0.01748	0.01368	0.01748	0.01216	0.01824	0.00912	0.00684	0.00684	0.00228	0.00912	0.00608	0.00304	0.00760
23	0.02601	0.01916	0.02053	0.01574	0.02122	0.02122	0.01300	0.69408	0.03217	0.04312	0.01643	0.01643	0.01163	0.00821	0.00684	0.00205	0.00753	0.00616	0.00684	0.01163
24	0.01419	0.01216	0.01419	0.01013	0.01621	0.00912	0.00811	0.01723	0.01419	0.02229	0.01216	0.01419	0.01013	0.00507	0.00507	0.00101	0.00507	0.00405	0.00405	0.80139
25	0.02601	0.01916	0.02053	0.01574	0.02122	0.02122	0.01300	0.69408	0.03217	0.04312	0.01643	0.01643	0.01163	0.00821	0.00684	0.00205	0.00753	0.00616	0.00684	0.01163
26	0.00957	0.00854	0.01111	0.23308	0.02088	0.00867	0.00944	0.01217	0.01501	0.01817	0.05175	0.05122	0.49755	0.01411	0.00770	0.00230	0.00520	0.01187	0.00534	0.00634
27	0.01693	0.01626	0.02777	0.04199	0.71689	0.01626	0.02100	0.02100	0.01558	0.02235	0.01287	0.01693	0.01084	0.00610	0.00677	0.00203	0.00813	0.00610	0.00339	0.01084
28	0.01623	0.01551	0.02610	0.03919	0.66035	0.01542	0.01973	0.02010	0.01558	0.02204	0.01738	0.02084	0.06702	0.00699	0.00688	0.00205	0.00776	0.00676	0.00362	0.01043
29	0.02418	0.03048	0.01847	0.01698	0.02025	0.67405	0.01267	0.02590	0.01889	0.01680	0.01274	0.07168	0.01172	0.00820	0.00637	0.00184	0.01167	0.00561	0.00375	0.00774
30	0.00834	0.00595	0.00794	0.00953	0.00992	0.00556	0.00635	0.00953	0.01310	0.01746	0.03771	0.75510	0.04525	0.02143	0.00873	0.00278	0.00397	0.01945	0.00635	0.00556
31	0.02601	0.01916	0.02053	0.01574	0.02122	0.02122	0.01300	0.69408	0.03217	0.04312	0.01643	0.01643	0.01163	0.00821	0.00684	0.00205	0.00753	0.00616	0.00684	0.01163
32	0.01693	0.01626	0.02777	0.04199	0.71689	0.01626	0.02100	0.02100	0.01558	0.02235	0.01287	0.01693	0.01084	0.00610	0.00677	0.00203	0.00813	0.00610	0.00339	0.01084
33	0.01899	0.01392	0.01553	0.01327	0.01673	0.01500	0.01036	0.42222	0.02459	0.03293	0.02488	0.30978	0.02498	0.01346	0.00759	0.00234	0.00611	0.01144	0.00665	0.00922
34	0.00834	0.00595	0.00794	0.00953	0.00992	0.00556	0.00635	0.00953	0.01310	0.01746	0.03771	0.75510	0.04525	0.02143	0.00873	0.00278	0.00397	0.01945	0.00635	0.00556
35	0.01204	0.01097	0.01810	0.60220	0.03997	0.01335	0.01657	0.01595	0.01357	0.01748	0.01707	0.15978	0.01606	0.00964	0.00720	0.00238	0.00813	0.00865	0.00368	0.00721
36	0.00963	0.00695	0.00910	0.00864	0.01021	0.00642	0.00645	0.01278	0.01913	0.02706	0.68766	0.07780	0.06382	0.01427	0.00809	0.00218	0.00326	0.01264	0.00749	0.00642
37	0.05608	0.01893	0.02013	0.01548	0.02091	0.02099	0.01279	0.66816	0.03138	0.04264	0.01616	0.01622	0.01147	0.00814	0.00674	0.00206	0.00744	0.00607	0.00674	0.01147

[dist]
# distance from previous block
# <min> <max>
2	5

[block]
# block no. 5 follows, 31 sequences, length 14
# corresponding to MSA columns:
# 220-233
name=unknown_F
#
# <colnr> <probs for GDERKNQSTAVLIFYWHMCP>
#	G	D	E	R	K	N	Q	S	T	A	V	L	I	F	Y	W	H	M	C	P
0	0.01497	0.01497	0.02095	0.01796	0.01796	0.02095	0.01497	0.01646	0.01048	0.01646	0.00898	0.01497	0.00898	0.01197	0.02245	0.00299	0.74704	0.00599	0.00299	0.00748
1	0.01419	0.01216	0.01419	0.01013	0.01621	0.00912	0.00811	0.01723	0.01419	0.02229	0.01216	0.01419	0.01013	0.00507	0.00507	0.00101	0.00507	0.00405	0.00405	0.80139
2	0.01693	0.01626	0.02777	0.04199	0.71689	0.01626	0.02100	0.02100	0.01558	0.02235	0.01287	0.01693	0.01084	0.00610	0.00677	0.00203	0.00813	0.00610	0.00339	0.01084
3	0.01191	0.19747	0.01724	0.01117	0.01356	0.01321	0.00934	0.01430	0.01173	0.01594	0.01611	0.02288	0.01501	0.03988	0.54943	0.00860	0.01556	0.00641	0.00348	0.00678
4	0.03070	0.01164	0.01588	0.01217	0.01746	0.01006	0.01006	0.03334	0.01958	0.72163	0.02699	0.02329	0.01694	0.00847	0.00688	0.00212	0.00582	0.00688	0.00847	0.01164
5	0.80789	0.01323	0.01006	0.00900	0.01323	0.01535	0.00741	0.02011	0.01164	0.03070	0.00953	0.01111	0.00741	0.00635	0.00423	0.00212	0.00529	0.00370	0.00423	0.00741
6	0.01158	0.00741	0.00975	0.00893	0.01087	0.00678	0.00678	0.01475	0.01939	0.08998	0.65145	0.04860	0.06026	0.01349	0.00796	0.00215	0.00346	0.01188	0.00762	0.00692
7	0.00968	0.00699	0.00914	0.00861	0.01022	0.00646	0.00646	0.01291	0.01937	0.02743	0.71328	0.05110	0.06455	0.01399	0.00807	0.00215	0.00323	0.01237	0.00753	0.00646
8	0.02556	0.03261	0.01939	0.01763	0.02115	0.73210	0.01322	0.02732	0.01939	0.01674	0.01058	0.01234	0.00881	0.00705	0.00617	0.00176	0.01234	0.00441	0.00353	0.00793
9	0.08943	0.69607	0.03353	0.01146	0.01717	0.02601	0.01132	0.02045	0.01370	0.01741	0.00951	0.01099	0.00866	0.00590	0.00438	0.00152	0.00713	0.00366	0.00304	0.00866
10	0.00809	0.00693	0.00693	0.00693	0.00924	0.00578	0.00520	0.00982	0.01559	0.01848	0.06931	0.06584	0.71411	0.01733	0.00809	0.00231	0.00347	0.01444	0.00635	0.00578
11	0.02967	0.01329	0.01690	0.01296	0.01829	0.01250	0.01070	0.17828	0.02234	0.57279	0.02467	0.02178	0.01577	0.00841	0.00687	0.00210	0.00620	0.00672	0.00811	0.01164
12	0.00995	0.00663	0.00746	0.00746	0.00746	0.00663	0.00415	0.00995	0.00995	0.01327	0.02156	0.04477	0.02487	0.75957	0.03482	0.00663	0.00663	0.00995	0.00415	0.00415
13	0.00834	0.00595	0.00794	0.00953	0.00992	0.00556	0.00635	0.00953	0.01310	0.01746	0.03771	0.75510	0.04525	0.02143	0.00873	0.00278	0.00397	0.01945	0.00635	0.00556

[dist]
# distance from previous block
# <min> <max>
0	5

[block]
# block no. 6 follows, 31 sequences, length 13
# corresponding to MSA columns:
# 239-251
name=unknown_G
#
# <colnr> <probs for GDERKNQSTAVLIFYWHMCP>
#	G	D	E	R	K	N	Q	S	T	A	V	L	I	F	Y	W	H	M	C	P
0	0.02427	0.01798	0.01937	0.01488	0.02012	0.01953	0.01217	0.60661	0.02963	0.03997	0.01636	0.01771	0.01220	0.04662	0.00815	0.00221	0.00729	0.00619	0.00649	0.07225
1	0.00995	0.00663	0.00746	0.00746	0.00746	0.00663	0.00415	0.00995	0.00995	0.01327	0.02156	0.04477	0.02487	0.75957	0.03482	0.00663	0.00663	0.00995	0.00415	0.00415
2	0.01328	0.01252	0.02116	0.68083	0.10662	0.01529	0.01918	0.01779	0.01385	0.01791	0.01222	0.01812	0.00927	0.00677	0.00683	0.00226	0.00903	0.00608	0.00307	0.00789
3	0.01693	0.01626	0.02777	0.04199	0.71689	0.01626	0.02100	0.02100	0.01558	0.02235	0.01287	0.01693	0.01084	0.00610	0.00677	0.00203	0.00813	0.00610	0.00339	0.01084
4	0.01579	0.01384	0.01661	0.15410	0.05455	0.01606	0.01262	0.03070	0.50658	0.02565	0.02468	0.06071	0.01942	0.00929	0.00702	0.00232	0.00617	0.00794	0.00602	0.00995
5	0.01759	0.01658	0.02780	0.03936	0.63167	0.01669	0.05163	0.07280	0.01688	0.02393	0.01319	0.01696	0.01088	0.00624	0.00684	0.00205	0.00824	0.00619	0.00366	0.01082
6	0.00873	0.00612	0.00782	0.00902	0.00932	0.00582	0.00581	0.00963	0.01232	0.01643	0.03372	0.57973	0.04022	0.20367	0.01517	0.00373	0.00463	0.01710	0.00581	0.00521
7	0.00995	0.00663	0.00746	0.00746	0.00746	0.00663	0.00415	0.00995	0.00995	0.01327	0.02156	0.04477	0.02487	0.75957	0.03482	0.00663	0.00663	0.00995	0.00415	0.00415
8	0.01658	0.01623	0.02772	0.03737	0.55954	0.01704	0.07182	0.02039	0.01486	0.02143	0.01236	0.01676	0.01052	0.00695	0.00923	0.00220	0.11923	0.00623	0.00333	0.01021
9	0.00961	0.00642	0.00755	0.00803	0.00823	0.00630	0.00484	0.01013	0.01112	0.01515	0.02644	0.25690	0.03061	0.49968	0.02546	0.00522	0.00566	0.01262	0.04538	0.00468
10	0.00995	0.00663	0.00746	0.00746	0.00746	0.00663	0.00415	0.00995	0.00995	0.01327	0.02156	0.04477	0.02487	0.75957	0.03482	0.00663	0.00663	0.00995	0.00415	0.00415
11	0.00950	0.00645	0.00759	0.00803	0.00814	0.00634	0.00475	0.00983	0.01082	0.01442	0.02601	0.24055	0.03049	0.55612	0.02763	0.00557	0.00590	0.01257	0.00475	0.00453
12	0.01419	0.01216	0.01419	0.01013	0.01621	0.00912	0.00811	0.01723	0.01419	0.02229	0.01216	0.01419	0.01013	0.00507	0.00507	0.00101	0.00507	0.00405	0.00405	0.80139

[dist]
# distance from previous block
# <min> <max>
2	9

[block]
# block no. 7 follows, 31 sequences, length 8
# corresponding to MSA columns:
# 261-268
name=unknown_H
#
# <colnr> <probs for GDERKNQSTAVLIFYWHMCP>
#	G	D	E	R	K	N	Q	S	T	A	V	L	I	F	Y	W	H	M	C	P
0	0.01931	0.66350	0.03369	0.01238	0.01805	0.07454	0.01190	0.06668	0.01551	0.01797	0.01005	0.01144	0.00898	0.00609	0.00468	0.00152	0.00767	0.00388	0.00323	0.00892
1	0.80789	0.01323	0.01006	0.00900	0.01323	0.01535	0.00741	0.02011	0.01164	0.03070	0.00953	0.01111	0.00741	0.00635	0.00423	0.00212	0.00529	0.00370	0.00423	0.00741
2	0.01553	0.01296	0.01491	0.01077	0.01678	0.01050	0.00866	0.09441	0.01624	0.02467	0.01265	0.01444	0.01030	0.00543	0.00527	0.00113	0.00535	0.00429	0.00437	0.71133
3	0.01702	0.01470	0.01547	0.01392	0.01779	0.01702	0.01083	0.03635	0.70453	0.02862	0.02785	0.02553	0.02088	0.00928	0.00696	0.00232	0.00541	0.00773	0.00696	0.01083
4	0.02601	0.01916	0.02053	0.01574	0.02122	0.02122	0.01300	0.69408	0.03217	0.04312	0.01643	0.01643	0.01163	0.00821	0.00684	0.00205	0.00753	0.00616	0.00684	0.01163
5	0.01497	0.01497	0.02095	0.01796	0.01796	0.02095	0.01497	0.01646	0.01048	0.01646	0.00898	0.01497	0.00898	0.01197	0.02245	0.00299	0.74704	0.00599	0.00299	0.00748
6	0.00834	0.00595	0.00794	0.00953	0.00992	0.00556	0.00635	0.00953	0.01310	0.01746	0.03771	0.75510	0.04525	0.02143	0.00873	0.00278	0.00397	0.01945	0.00635	0.00556
7	0.00918	0.00631	0.00769	0.00845	0.00864	0.00612	0.00520	0.00975	0.01145	0.01527	0.02926	0.38359	0.03459	0.40749	0.02238	0.00479	0.00536	0.01448	0.00520	0.00482

[dist]
# distance from previous block
# <min> <max>
0	2

[block]
# block no. 8 follows, 31 sequences, length 52
# corresponding to MSA columns:
# 271-322
name=unknown_I
#
# <colnr> <probs for GDERKNQSTAVLIFYWHMCP>
#	G	D	E	R	K	N	Q	S	T	A	V	L	I	F	Y	W	H	M	C	P
0	0.01693	0.01626	0.02777	0.04199	0.71689	0.01626	0.02100	0.02100	0.01558	0.02235	0.01287	0.01693	0.01084	0.00610	0.00677	0.00203	0.00813	0.00610	0.00339	0.01084
1	0.01259	0.01180	0.01958	0.69236	0.04451	0.01455	0.01805	0.01695	0.01381	0.01755	0.01610	0.02152	0.05773	0.00756	0.00693	0.00228	0.00873	0.00666	0.00327	0.00747
2	0.01702	0.01470	0.01547	0.01392	0.01779	0.01702	0.01083	0.03635	0.70453	0.02862	0.02785	0.02553	0.02088	0.00928	0.00696	0.00232	0.00541	0.00773	0.00696	0.01083
3	0.00834	0.00595	0.00794	0.00953	0.00992	0.00556	0.00635	0.00953	0.01310	0.01746	0.03771	0.75510	0.04525	0.02143	0.00873	0.00278	0.00397	0.01945	0.00635	0.00556
4	0.01419	0.01216	0.01419	0.01013	0.01621	0.00912	0.00811	0.01723	0.01419	0.02229	0.01216	0.01419	0.01013	0.00507	0.00507	0.00101	0.00507	0.00405	0.00405	0.80139
5	0.03070	0.01164	0.01588	0.01217	0.01746	0.01006	0.01006	0.03334	0.01958	0.72163	0.02699	0.02329	0.01694	0.00847	0.00688	0.00212	0.00582	0.00688	0.00847	0.01164
6	0.00968	0.00699	0.00914	0.00861	0.01022	0.00646	0.00646	0.01291	0.01937	0.02743	0.71328	0.05110	0.06455	0.01399	0.00807	0.00215	0.00323	0.01237	0.00753	0.00646
7	0.01291	0.01195	0.02001	0.71674	0.04572	0.01488	0.01849	0.01742	0.01370	0.01777	0.01252	0.01850	0.00942	0.00688	0.00677	0.00226	0.00891	0.00609	0.03150	0.00756
8	0.01373	0.01130	0.01327	0.01039	0.01520	0.00918	0.00806	0.06223	0.01519	0.02268	0.01799	0.17484	0.01784	0.00883	0.00598	0.00147	0.00500	0.00753	0.00474	0.57454
9	0.02601	0.01916	0.02053	0.01574	0.02122	0.02122	0.01300	0.69408	0.03217	0.04312	0.01643	0.01643	0.01163	0.00821	0.00684	0.00205	0.00753	0.00616	0.00684	0.01163
10	0.00860	0.00607	0.00786	0.00919	0.00952	0.00573	0.00599	0.00960	0.01258	0.01677	0.03505	0.63828	0.04190	0.14283	0.01302	0.00341	0.00441	0.01789	0.00599	0.00532
11	0.02483	0.03139	0.01950	0.01765	0.02093	0.68307	0.01334	0.02657	0.01877	0.01672	0.01047	0.01252	0.00882	0.00739	0.00729	0.00185	0.06300	0.00452	0.00349	0.00790
12	0.00977	0.00733	0.01100	0.01100	0.01222	0.00855	0.00855	0.01222	0.01100	0.01588	0.01833	0.02688	0.01710	0.05131	0.73245	0.01100	0.01833	0.00733	0.00367	0.00611
13	0.01808	0.01324	0.01489	0.01295	0.01615	0.01420	0.01002	0.38715	0.02362	0.03162	0.02597	0.34762	0.02671	0.01414	0.00769	0.00238	0.00593	0.01212	0.00662	0.00891
14	0.00968	0.00699	0.00914	0.00861	0.01022	0.00646	0.00646	0.01291	0.01937	0.02743	0.71328	0.05110	0.06455	0.01399	0.00807	0.00215	0.00323	0.01237	0.00753	0.00646
15	0.01102	0.00787	0.01102	0.01260	0.01417	0.00787	0.01102	0.01417	0.01575	0.02047	0.03622	0.07717	0.03937	0.01890	0.00945	0.00315	0.00630	0.67084	0.00630	0.00630
16	0.01615	0.01845	0.04037	0.02884	0.03576	0.01730	0.69204	0.02191	0.01615	0.02191	0.01384	0.01845	0.01038	0.00577	0.00807	0.00231	0.01153	0.00807	0.00346	0.00923
17	0.00977	0.00733	0.01100	0.01100	0.01222	0.00855	0.00855	0.01222	0.01100	0.01588	0.01833	0.02688	0.01710	0.05131	0.73245	0.01100	0.01833	0.00733	0.00367	0.00611
18	0.00870	0.00611	0.00783	0.00906	0.00936	0.00580	0.00585	0.00962	0.01238	0.01651	0.03404	0.59394	0.04063	0.18890	0.01465	0.00365	0.00457	0.01729	0.00585	0.00524
19	0.00841	0.00599	0.00792	0.00943	0.00981	0.00561	0.00625	0.00955	0.01295	0.01727	0.03696	0.72237	0.04431	0.05544	0.00993	0.00296	0.00409	0.01901	0.00625	0.00549
20	0.02497	0.03140	0.01879	0.01711	0.02054	0.69866	0.01283	0.02679	0.01916	0.01715	0.01112	0.01294	0.00921	0.00709	0.00610	0.00175	0.01192	0.00450	0.04011	0.00786
21	0.01573	0.01390	0.01706	0.24342	0.02702	0.01644	0.01340	0.03041	0.48710	0.02511	0.02291	0.02323	0.01718	0.00851	0.00692	0.00231	0.00658	0.00721	0.00573	0.00981
22	0.01693	0.01626	0.02777	0.04199	0.71689	0.01626	0.02100	0.02100	0.01558	0.02235	0.01287	0.01693	0.01084	0.00610	0.00677	0.00203	0.00813	0.00610	0.00339	0.01084
23	0.02511	0.03177	0.01982	0.01887	0.05683	0.69539	0.01362	0.02699	0.01919	0.01703	0.01069	0.01257	0.00892	0.00700	0.00620	0.00178	0.01212	0.00449	0.00352	0.00808
24	0.01641	0.01772	0.03614	0.03325	0.26451	0.01695	0.46668	0.02161	0.01596	0.02206	0.01351	0.01794	0.01053	0.00588	0.00764	0.00221	0.01039	0.00741	0.00344	0.00977
25	0.00951	0.00739	0.00891	0.00967	0.01163	0.00679	0.00802	0.01192	0.01567	0.01945	0.05331	0.07132	0.38780	0.01809	0.00875	0.00272	0.00484	0.33188	0.00633	0.00603
26	0.01599	0.05478	0.02159	0.01761	0.01820	0.07829	0.01466	0.01754	0.01137	0.01647	0.00914	0.01455	0.00896	0.01127	0.02022	0.00282	0.65021	0.00574	0.00303	0.00759
27	0.00995	0.00663	0.00746	0.00746	0.00746	0.00663	0.00415	0.00995	0.00995	0.01327	0.02156	0.04477	0.02487	0.75957	0.03482	0.00663	0.00663	0.00995	0.00415	0.00415
28	0.01829	0.76368	0.03585	0.01171	0.01756	0.02707	0.01171	0.02049	0.01390	0.01610	0.00951	0.01097	0.00878	0.00585	0.00439	0.00146	0.00732	0.00366	0.00293	0.00878
29	0.01419	0.01216	0.01419	0.01013	0.01621	0.00912	0.00811	0.01723	0.01419	0.02229	0.01216	0.01419	0.01013	0.00507	0.00507	0.00101	0.00507	0.00405	0.00405	0.80139
30	0.00955	0.00699	0.00897	0.00847	0.01014	0.00640	0.00635	0.01266	0.01906	0.02672	0.66165	0.05229	0.11663	0.01425	0.00807	0.00216	0.00325	0.01254	0.00744	0.00640
31	0.09653	0.00769	0.00937	0.00881	0.01069	0.00757	0.00670	0.01365	0.01795	0.02699	0.58880	0.04508	0.05506	0.01573	0.05760	0.00276	0.00449	0.01108	0.00691	0.00654
32	0.00968	0.00699	0.00914	0.00861	0.01022	0.00646	0.00646	0.01291	0.01937	0.02743	0.71328	0.05110	0.06455	0.01399	0.00807	0.00215	0.00323	0.01237	0.00753	0.00646
33	0.00834	0.00595	0.00794	0.00953	0.00992	0.00556	0.00635	0.00953	0.01310	0.01746	0.03771	0.75510	0.04525	0.02143	0.00873	0.00278	0.00397	0.01945	0.00635	0.00556
34	0.02514	0.03191	0.01945	0.01764	0.02102	0.70408	0.01329	0.02689	0.01904	0.01673	0.01051	0.01244	0.00882	0.00724	0.00681	0.00181	0.04129	0.00447	0.00350	0.00791
35	0.01497	0.01497	0.02095	0.01796	0.01796	0.02095	0.01497	0.01646	0.01048	0.01646	0.00898	0.01497	0.00898	0.01197	0.02245	0.00299	0.74704	0.00599	0.00299	0.00748
36	0.00995	0.00663	0.00746	0.00746	0.00746	0.00663	0.00415	0.00995	0.00995	0.01327	0.02156	0.04477	0.02487	0.75957	0.03482	0.00663	0.00663	0.00995	0.00415	0.00415
37	0.01062	0.00720	0.00945	0.00877	0.01054	0.00662	0.00662	0.01382	0.01938	0.05849	0.68258	0.04986	0.06242	0.01374	0.00802	0.00215	0.00334	0.01213	0.00757	0.00669
38	0.02985	0.01300	0.01672	0.01282	0.01814	0.01207	0.01059	0.15281	0.02186	0.59895	0.02508	0.02205	0.01598	0.00842	0.00687	0.00211	0.00613	0.00675	0.00817	0.01164
39	0.01419	0.01216	0.01419	0.01013	0.01621	0.00912	0.00811	0.01723	0.01419	0.02229	0.01216	0.01419	0.01013	0.00507	0.00507	0.00101	0.00507	0.00405	0.00405	0.80139
40	0.80789	0.01323	0.01006	0.00900	0.01323	0.01535	0.00741	0.02011	0.01164	0.03070	0.00953	0.01111	0.00741	0.00635	0.00423	0.00212	0.00529	0.00370	0.00423	0.00741
41	0.00968	0.00699	0.00914	0.00861	0.01022	0.00646	0.00646	0.01291	0.01937	0.02743	0.71328	0.05110	0.06455	0.01399	0.00807	0.00215	0.00323	0.01237	0.00753	0.00646
42	0.03045	0.01203	0.01612	0.01236	0.01766	0.01063	0.01021	0.06722	0.02023	0.68683	0.02645	0.02293	0.01666	0.00845	0.00688	0.00211	0.00591	0.00684	0.00838	0.01164
43	0.01372	0.03539	0.72412	0.01950	0.02961	0.01589	0.02528	0.02167	0.01444	0.02167	0.01228	0.01444	0.00867	0.00650	0.00650	0.00217	0.01011	0.00506	0.00289	0.01011
44	0.01419	0.01216	0.01419	0.01013	0.01621	0.00912	0.00811	0.01723	0.01419	0.02229	0.01216	0.01419	0.01013	0.00507	0.00507	0.00101	0.00507	0.00405	0.00405	0.80139
45	0.02310	0.01690	0.01817	0.01424	0.01873	0.01858	0.01140	0.57038	0.02815	0.03772	0.01735	0.02155	0.01403	0.14406	0.01190	0.00288	0.00737	0.00684	0.00636	0.01028
46	0.01702	0.01470	0.01547	0.01392	0.01779	0.01702	0.01083	0.03635	0.70453	0.02862	0.02785	0.02553	0.02088	0.00928	0.00696	0.00232	0.00541	0.00773	0.00696	0.01083
47	0.01138	0.00860	0.01305	0.01372	0.01566	0.00852	0.05798	0.01471	0.01578	0.02057	0.03468	0.07312	0.03737	0.01799	0.00935	0.00309	0.00666	0.62514	0.00610	0.00650
48	0.77936	0.01319	0.01043	0.03534	0.01445	0.01534	0.00783	0.02002	0.01172	0.03022	0.00962	0.01137	0.00747	0.00637	0.00433	0.00212	0.00543	0.00379	0.00419	0.00742
49	0.80789	0.01323	0.01006	0.00900	0.01323	0.01535	0.00741	0.02011	0.01164	0.03070	0.00953	0.01111	0.00741	0.00635	0.00423	0.00212	0.00529	0.00370	0.00423	0.00741
50	0.03070	0.01164	0.01588	0.01217	0.01746	0.01006	0.01006	0.03334	0.01958	0.72163	0.02699	0.02329	0.01694	0.00847	0.00688	0.00212	0.00582	0.00688	0.00847	0.01164
51	0.02425	0.03013	0.02066	0.02132	0.12666	0.62354	0.01440	0.02636	0.01881	0.01759	0.01092	0.01303	0.00912	0.00691	0.00626	0.00180	0.01170	0.00466	0.00350	0.00837

[dist]
# distance from previous block
# <min> <max>
0	1

[block]
# block no. 9 follows, 31 sequences, length 19
# corresponding to MSA columns:
# 324-342
name=unknown_J
#
# <colnr> <probs for GDERKNQSTAVLIFYWHMCP>
#	G	D	E	R	K	N	Q	S	T	A	V	L	I	F	Y	W	H	M	C	P
0	0.01615	0.01845	0.04037	0.02884	0.03576	0.01730	0.69204	0.02191	0.01615	0.02191	0.01384	0.01845	0.01038	0.00577	0.00807	0.00231	0.01153	0.00807	0.00346	0.00923
1	0.80789	0.01323	0.01006	0.00900	0.01323	0.01535	0.00741	0.02011	0.01164	0.03070	0.00953	0.01111	0.00741	0.00635	0.00423	0.00212	0.00529	0.00370	0.00423	0.00741
2	0.01292	0.01216	0.02052	0.74312	0.04712	0.01520	0.01900	0.01748	0.01368	0.01748	0.01216	0.01824	0.00912	0.00684	0.00684	0.00228	0.00912	0.00608	0.00304	0.00760
3	0.15655	0.01817	0.01878	0.01462	0.01988	0.02024	0.01207	0.58155	0.02874	0.04104	0.01527	0.01554	0.01093	0.00790	0.00641	0.00206	0.00715	0.00575	0.00641	0.01093
4	0.00834	0.00595	0.00794	0.00953	0.00992	0.00556	0.00635	0.00953	0.01310	0.01746	0.03771	0.75510	0.04525	0.02143	0.00873	0.00278	0.00397	0.01945	0.00635	0.00556
5	0.01829	0.76368	0.03585	0.01171	0.01756	0.02707	0.01171	0.02049	0.01390	0.01610	0.00951	0.01097	0.00878	0.00585	0.00439	0.00146	0.00732	0.00366	0.00293	0.00878
6	0.01740	0.01715	0.02731	0.04066	0.67892	0.05533	0.02057	0.02134	0.01579	0.02204	0.01274	0.01668	0.01073	0.00615	0.00674	0.00202	0.00836	0.00600	0.00339	0.01068
7	0.01292	0.01216	0.02052	0.74312	0.04712	0.01520	0.01900	0.01748	0.01368	0.01748	0.01216	0.01824	0.00912	0.00684	0.00684	0.00228	0.00912	0.00608	0.00304	0.00760
8	0.00809	0.00693	0.00693	0.00693	0.00924	0.00578	0.00520	0.00982	0.01559	0.01848	0.06931	0.06584	0.71411	0.01733	0.00809	0.00231	0.00347	0.01444	0.00635	0.00578
9	0.01292	0.01216	0.02052	0.74312	0.04712	0.01520	0.01900	0.01748	0.01368	0.01748	0.01216	0.01824	0.00912	0.00684	0.00684	0.00228	0.00912	0.00608	0.00304	0.00760
10	0.02601	0.01916	0.02053	0.01574	0.02122	0.02122	0.01300	0.69408	0.03217	0.04312	0.01643	0.01643	0.01163	0.00821	0.00684	0.00205	0.00753	0.00616	0.00684	0.01163
11	0.01292	0.01216	0.02052	0.74312	0.04712	0.01520	0.01900	0.01748	0.01368	0.01748	0.01216	0.01824	0.00912	0.00684	0.00684	0.00228	0.00912	0.00608	0.00304	0.00760
12	0.00809	0.00693	0.00693	0.00693	0.00924	0.00578	0.00520	0.00982	0.01559	0.01848	0.06931	0.06584	0.71411	0.01733	0.00809	0.00231	0.00347	0.01444	0.00635	0.00578
