[name]
rps1

[dist]
# distance from previous block
# <min> <max>
0	38

[block]
# block no. 0 follows, 9 sequences, length 23
# corresponding to MSA columns:
# 38-60
name=unknown_A
#
# <colnr> <probs for GDERKNQSTAVLIFYWHMCP>
#	G	D	E	R	K	N	Q	S	T	A	V	L	I	F	Y	W	H	M	C	P
0	0.01967	0.01520	0.02162	0.02616	0.08149	0.01481	0.01897	0.02516	0.02877	0.03822	0.14260	0.11224	0.11840	0.02861	0.01534	0.00482	0.00995	0.25512	0.01085	0.01201
1	0.01804	0.01161	0.01291	0.01291	0.01322	0.01161	0.00741	0.01866	0.01835	0.02571	0.03806	0.07498	0.04231	0.51481	0.05539	0.01068	0.01099	0.01680	0.07779	0.00772
2	0.01508	0.01080	0.01434	0.01646	0.01754	0.01006	0.01120	0.01782	0.02501	0.03386	0.14335	0.48331	0.08567	0.03534	0.01515	0.00469	0.00675	0.03197	0.01154	0.01006
3	0.01696	0.01221	0.01617	0.01625	0.01875	0.01142	0.01231	0.02207	0.03160	0.04407	0.37722	0.16846	0.10291	0.02765	0.01467	0.00417	0.00654	0.07284	0.01266	0.01108
4	0.03217	0.58441	0.06305	0.02059	0.03088	0.04761	0.02059	0.03603	0.02445	0.02831	0.01673	0.01930	0.01544	0.01029	0.00772	0.00257	0.01287	0.00643	0.00515	0.01544
5	0.04943	0.01947	0.02646	0.02063	0.02914	0.01690	0.01690	0.05421	0.03439	0.45353	0.10268	0.04698	0.04010	0.01609	0.01236	0.00373	0.00968	0.01329	0.01469	0.01935
6	0.66215	0.02327	0.01768	0.01582	0.02327	0.02699	0.01303	0.03537	0.02048	0.05398	0.01675	0.01954	0.01303	0.01117	0.00745	0.00372	0.00931	0.00651	0.00745	0.01303
7	0.01654	0.01247	0.01597	0.01695	0.01947	0.01092	0.01173	0.01923	0.02338	0.03227	0.05810	0.46982	0.06829	0.03243	0.01418	0.00432	0.00733	0.02926	0.01043	0.12691
8	0.56408	0.02150	0.01699	0.01541	0.02172	0.02466	0.01216	0.03265	0.02002	0.04932	0.01997	0.02855	0.01770	0.09728	0.01563	0.00493	0.00967	0.00819	0.00742	0.01216
9	0.03233	0.02704	0.02856	0.02497	0.03220	0.03105	0.01963	0.12449	0.41590	0.05421	0.04591	0.04245	0.03425	0.01604	0.01221	0.00401	0.01009	0.01318	0.01221	0.01926
10	0.02495	0.02138	0.02495	0.01782	0.02851	0.01604	0.01426	0.03029	0.02495	0.03921	0.02138	0.02495	0.01782	0.00891	0.00891	0.00178	0.00891	0.00713	0.00713	0.65072
11	0.02143	0.01999	0.03245	0.46669	0.07273	0.02421	0.02972	0.02869	0.02457	0.03101	0.03667	0.04481	0.08925	0.01483	0.01236	0.00402	0.01453	0.01293	0.00623	0.01288
12	0.01422	0.01219	0.01219	0.01219	0.01625	0.01016	0.00914	0.01727	0.02742	0.03250	0.12188	0.11579	0.49723	0.03047	0.01422	0.00406	0.00609	0.02539	0.01117	0.01016
13	0.02243	0.01121	0.01121	0.01121	0.01402	0.01121	0.00841	0.02803	0.02523	0.04486	0.03925	0.04486	0.03084	0.01402	0.00841	0.00280	0.00561	0.01121	0.64396	0.01121
14	0.01896	0.01357	0.01879	0.02090	0.02368	0.01340	0.01795	0.02453	0.02884	0.03820	0.14121	0.12749	0.07719	0.03169	0.01618	0.00522	0.01011	0.34949	0.01147	0.01113
15	0.02840	0.03245	0.07099	0.05071	0.06288	0.03043	0.45842	0.03854	0.02840	0.03854	0.02434	0.03245	0.01826	0.01014	0.01420	0.00406	0.02028	0.01420	0.00609	0.01623
16	0.03217	0.58441	0.06305	0.02059	0.03088	0.04761	0.02059	0.03603	0.02445	0.02831	0.01673	0.01930	0.01544	0.01029	0.00772	0.00257	0.01287	0.00643	0.00515	0.01544
17	0.02413	0.06223	0.51483	0.03429	0.05207	0.02794	0.04445	0.03810	0.02540	0.03810	0.02159	0.02540	0.01524	0.01143	0.01143	0.00381	0.01778	0.00889	0.00508	0.01778
18	0.02033	0.01688	0.01979	0.01653	0.02342	0.01334	0.01253	0.02442	0.02489	0.03578	0.05116	0.18361	0.11997	0.02031	0.01155	0.00300	0.00790	0.01749	0.00891	0.36819
19	0.02719	0.02309	0.02483	0.02310	0.02880	0.02631	0.01763	0.05547	0.39833	0.04681	0.05208	0.13897	0.04441	0.02016	0.01280	0.00423	0.00907	0.01730	0.01205	0.01738
20	0.54744	0.02293	0.02098	0.11133	0.03396	0.02694	0.01669	0.03454	0.02112	0.04981	0.01758	0.02179	0.01357	0.01132	0.00827	0.00377	0.01051	0.00726	0.00707	0.01309
21	0.01703	0.01230	0.01608	0.01514	0.01797	0.01135	0.01135	0.02270	0.03406	0.04825	0.49577	0.08987	0.11352	0.02460	0.01419	0.00378	0.00568	0.02176	0.01324	0.01135
22	0.02495	0.02138	0.02495	0.01782	0.02851	0.01604	0.01426	0.03029	0.02495	0.03921	0.02138	0.02495	0.01782	0.00891	0.00891	0.00178	0.00891	0.00713	0.00713	0.65072

[dist]
# distance from previous block
# <min> <max>
0	4

[block]
# block no. 1 follows, 9 sequences, length 22
# corresponding to MSA columns:
# 65-86
name=unknown_B
#
# <colnr> <probs for GDERKNQSTAVLIFYWHMCP>
#	G	D	E	R	K	N	Q	S	T	A	V	L	I	F	Y	W	H	M	C	P
0	0.01804	0.01622	0.02119	0.02734	0.13562	0.01468	0.01597	0.02210	0.02742	0.03417	0.09750	0.09466	0.37975	0.02562	0.01365	0.00394	0.00811	0.02179	0.00989	0.01234
1	0.04494	0.05734	0.03410	0.03100	0.03719	0.52886	0.02325	0.04804	0.03410	0.02945	0.01860	0.02170	0.01550	0.01240	0.01085	0.00310	0.02170	0.00775	0.00620	0.01395
2	0.14094	0.02173	0.03268	0.44981	0.07185	0.02678	0.02964	0.03160	0.02340	0.03504	0.02053	0.02976	0.01548	0.01187	0.01118	0.00396	0.01479	0.00992	0.00573	0.01330
3	0.05398	0.02048	0.02792	0.02141	0.03071	0.01768	0.01768	0.05863	0.03444	0.51045	0.04747	0.04095	0.02978	0.01489	0.01210	0.00372	0.01024	0.01210	0.01489	0.02048
4	0.03206	0.02691	0.02841	0.02492	0.03210	0.03092	0.01956	0.11768	0.42316	0.05377	0.04626	0.04273	0.03453	0.01607	0.01221	0.00402	0.01002	0.01323	0.01221	0.01924
5	0.02272	0.02138	0.03609	0.54825	0.08287	0.02673	0.03341	0.03074	0.02406	0.03074	0.02138	0.03208	0.01604	0.01203	0.01203	0.00401	0.01604	0.01069	0.00535	0.01337
6	0.01711	0.01150	0.01324	0.01361	0.01371	0.01141	0.00781	0.01740	0.01824	0.02433	0.04174	0.14497	0.04858	0.50433	0.05504	0.01075	0.01103	0.01975	0.00781	0.00763
7	0.02413	0.06223	0.51483	0.03429	0.05207	0.02794	0.04445	0.03810	0.02540	0.03810	0.02159	0.02540	0.01524	0.01143	0.01143	0.00381	0.01778	0.00889	0.00508	0.01778
8	0.04494	0.05734	0.03410	0.03100	0.03719	0.52886	0.02325	0.04804	0.03410	0.02945	0.01860	0.02170	0.01550	0.01240	0.01085	0.00310	0.02170	0.00775	0.00620	0.01395
9	0.02873	0.03481	0.13499	0.06654	0.41891	0.02847	0.03832	0.03714	0.02703	0.03908	0.02244	0.02897	0.01835	0.01085	0.01182	0.00362	0.01494	0.01038	0.00579	0.01882
10	0.01703	0.01230	0.01608	0.01514	0.01797	0.01135	0.01135	0.02270	0.03406	0.04825	0.49577	0.08987	0.11352	0.02460	0.01419	0.00378	0.00568	0.02176	0.01324	0.01135
11	0.57523	0.02858	0.08541	0.01834	0.02719	0.02712	0.01731	0.03574	0.02115	0.05182	0.01741	0.02034	0.01333	0.01120	0.00799	0.00373	0.01046	0.00684	0.00712	0.01368
12	0.03666	0.02682	0.02959	0.02386	0.03070	0.02956	0.01893	0.32034	0.04432	0.05965	0.03101	0.04058	0.02606	0.12871	0.09099	0.00722	0.01551	0.01234	0.01040	0.01671
13	0.01721	0.01310	0.01640	0.01759	0.01995	0.01234	0.01224	0.02263	0.06588	0.03347	0.05978	0.46085	0.06882	0.03255	0.01436	0.00447	0.00743	0.02932	0.01083	0.08079
14	0.02946	0.48111	0.05515	0.02036	0.02918	0.04172	0.01958	0.03340	0.02352	0.02824	0.01953	0.02435	0.01809	0.02474	0.10202	0.00560	0.01637	0.00760	0.00538	0.01459
15	0.01733	0.01340	0.01911	0.11421	0.02981	0.01370	0.01537	0.02231	0.02873	0.03947	0.27246	0.23057	0.08478	0.02641	0.01416	0.00417	0.00800	0.02364	0.01113	0.01123
16	0.01703	0.01230	0.01608	0.01514	0.01797	0.01135	0.01135	0.02270	0.03406	0.04825	0.49577	0.08987	0.11352	0.02460	0.01419	0.00378	0.00568	0.02176	0.01324	0.01135
17	0.05398	0.02048	0.02792	0.02141	0.03071	0.01768	0.01768	0.05863	0.03444	0.51045	0.04747	0.04095	0.02978	0.01489	0.01210	0.00372	0.01024	0.01210	0.01489	0.02048
18	0.57504	0.02301	0.02019	0.08836	0.03139	0.02696	0.01581	0.03474	0.02096	0.05081	0.01738	0.02125	0.01344	0.01129	0.00807	0.00376	0.01022	0.00708	0.00716	0.01308
19	0.02518	0.05601	0.42867	0.04161	0.13528	0.02806	0.04306	0.03788	0.02577	0.03833	0.02178	0.02621	0.01595	0.01130	0.01152	0.00377	0.01714	0.00923	0.00524	0.01802
20	0.04182	0.03244	0.03923	0.03903	0.15151	0.03517	0.02632	0.35756	0.04940	0.06685	0.02735	0.02911	0.02012	0.01353	0.01201	0.00360	0.01350	0.01080	0.01054	0.02012
21	0.01615	0.01249	0.01805	0.11502	0.02954	0.01291	0.01528	0.01934	0.02322	0.03072	0.05801	0.46999	0.06783	0.03295	0.01474	0.00472	0.00866	0.02986	0.01009	0.01044

[dist]
# distance from previous block
# <min> <max>
0	2

[block]
# block no. 2 follows, 9 sequences, length 20
# corresponding to MSA columns:
# 89-108
name=unknown_C
#
# <colnr> <probs for GDERKNQSTAVLIFYWHMCP>
#	G	D	E	R	K	N	Q	S	T	A	V	L	I	F	Y	W	H	M	C	P
0	0.01422	0.01219	0.01219	0.01219	0.01625	0.01016	0.00914	0.01727	0.02742	0.03250	0.12188	0.11579	0.49723	0.03047	0.01422	0.00406	0.00609	0.02539	0.01117	0.01016
1	0.02811	0.02688	0.04582	0.18624	0.40279	0.02815	0.03609	0.03546	0.02660	0.03728	0.02234	0.03032	0.01834	0.01103	0.01194	0.00368	0.01471	0.01071	0.00581	0.01771
2	0.02750	0.03050	0.09600	0.18198	0.35433	0.02808	0.03690	0.03559	0.02639	0.03715	0.02222	0.02985	0.01793	0.01111	0.01189	0.00370	0.01508	0.01052	0.00572	0.01757
3	0.11045	0.02358	0.03516	0.30306	0.10784	0.02936	0.02937	0.03161	0.02260	0.03437	0.01957	0.02878	0.01590	0.01391	0.01790	0.00422	0.14266	0.01009	0.00568	0.01388
4	0.01422	0.01219	0.01219	0.01219	0.01625	0.01016	0.00914	0.01727	0.02742	0.03250	0.12188	0.11579	0.49723	0.03047	0.01422	0.00406	0.00609	0.02539	0.01117	0.01016
5	0.01466	0.01047	0.01396	0.01675	0.01745	0.00977	0.01117	0.01675	0.02304	0.03071	0.06631	0.56931	0.07958	0.03769	0.01536	0.00489	0.00698	0.03420	0.01117	0.00977
6	0.02413	0.06223	0.51483	0.03429	0.05207	0.02794	0.04445	0.03810	0.02540	0.03810	0.02159	0.02540	0.01524	0.01143	0.01143	0.00381	0.01778	0.00889	0.00508	0.01778
7	0.02272	0.02138	0.03609	0.54825	0.08287	0.02673	0.03341	0.03074	0.02406	0.03074	0.02138	0.03208	0.01604	0.01203	0.01203	0.00401	0.01604	0.01069	0.00535	0.01337
8	0.01662	0.01130	0.01338	0.01424	0.01446	0.01108	0.00849	0.01727	0.01921	0.02561	0.04669	0.23031	0.05481	0.41048	0.04706	0.00957	0.01022	0.02266	0.00849	0.00806
9	0.01750	0.01166	0.01312	0.01312	0.01312	0.01166	0.00729	0.01750	0.01750	0.02333	0.03791	0.07873	0.04374	0.57717	0.06124	0.01166	0.01166	0.01750	0.00729	0.00729
10	0.01422	0.01219	0.01219	0.01219	0.01625	0.01016	0.00914	0.01727	0.02742	0.03250	0.12188	0.11579	0.49723	0.03047	0.01422	0.00406	0.00609	0.02539	0.01117	0.01016
11	0.03160	0.45273	0.05968	0.03320	0.14252	0.04310	0.02446	0.03624	0.02515	0.03091	0.01813	0.02178	0.01630	0.01039	0.00871	0.00281	0.01320	0.00745	0.00534	0.01630
12	0.01521	0.01089	0.01445	0.01638	0.01757	0.01014	0.01121	0.01813	0.02559	0.03478	0.16601	0.45802	0.08746	0.03465	0.01509	0.00463	0.00668	0.03131	0.01165	0.01014
13	0.01703	0.01230	0.01608	0.01514	0.01797	0.01135	0.01135	0.02270	0.03406	0.04825	0.49577	0.08987	0.11352	0.02460	0.01419	0.00378	0.00568	0.02176	0.01324	0.01135
14	0.04412	0.02032	0.02622	0.02077	0.02858	0.01883	0.01688	0.10444	0.03733	0.34242	0.15117	0.05092	0.04837	0.01713	0.01259	0.00372	0.00956	0.01422	0.01412	0.01831
15	0.51807	0.02261	0.02011	0.01714	0.02503	0.02479	0.01413	0.04088	0.02378	0.16212	0.02403	0.02462	0.01700	0.01205	0.00855	0.00372	0.00953	0.00784	0.00921	0.01479
16	0.02882	0.05032	0.29427	0.04708	0.20055	0.09562	0.03908	0.03905	0.02724	0.03734	0.02154	0.02637	0.01655	0.01132	0.01151	0.00364	0.01714	0.00935	0.00552	0.01769
17	0.03837	0.02820	0.03086	0.02509	0.03261	0.03079	0.02010	0.35652	0.04862	0.06514	0.03775	0.15692	0.03447	0.01995	0.01282	0.00391	0.01176	0.01637	0.01183	0.01793
18	0.01710	0.01306	0.01656	0.01701	0.02007	0.01126	0.01190	0.01996	0.02349	0.03273	0.05567	0.44035	0.06495	0.03087	0.01383	0.00415	0.00744	0.02779	0.01021	0.16162
19	0.01422	0.01219	0.01219	0.01219	0.01625	0.01016	0.00914	0.01727	0.02742	0.03250	0.12188	0.11579	0.49723	0.03047	0.01422	0.00406	0.00609	0.02539	0.01117	0.01016

[dist]
# distance from previous block
# <min> <max>
0	2

[block]
# block no. 3 follows, 9 sequences, length 8
# corresponding to MSA columns:
# 111-118
name=unknown_D
#
# <colnr> <probs for GDERKNQSTAVLIFYWHMCP>
#	G	D	E	R	K	N	Q	S	T	A	V	L	I	F	Y	W	H	M	C	P
0	0.02978	0.02859	0.04884	0.07385	0.50211	0.02859	0.03692	0.03692	0.02740	0.03931	0.02263	0.02978	0.01906	0.01072	0.01191	0.00357	0.01429	0.01072	0.00596	0.01906
1	0.02488	0.05777	0.45294	0.03955	0.11184	0.02803	0.04345	0.03795	0.02567	0.03826	0.02173	0.02598	0.01575	0.01134	0.01149	0.00378	0.01732	0.00913	0.00520	0.01795
2	0.02272	0.02138	0.03609	0.54825	0.08287	0.02673	0.03341	0.03074	0.02406	0.03074	0.02138	0.03208	0.01604	0.01203	0.01203	0.00401	0.01604	0.01069	0.00535	0.01337
3	0.04828	0.02175	0.02775	0.02214	0.03085	0.02058	0.01801	0.05989	0.14012	0.40141	0.04782	0.04188	0.03143	0.01523	0.01213	0.00381	0.01007	0.01246	0.01426	0.02014
4	0.04045	0.02002	0.02524	0.02081	0.02815	0.01924	0.01666	0.05228	0.14003	0.30351	0.14277	0.05225	0.04917	0.01729	0.01258	0.00382	0.00910	0.01450	0.01391	0.01820
5	0.03934	0.01659	0.02284	0.01889	0.02481	0.01480	0.01480	0.04184	0.02992	0.30938	0.12367	0.04892	0.04309	0.02305	0.02076	0.15688	0.00945	0.01349	0.01230	0.01518
6	0.02272	0.02138	0.03609	0.54825	0.08287	0.02673	0.03341	0.03074	0.02406	0.03074	0.02138	0.03208	0.01604	0.01203	0.01203	0.00401	0.01604	0.01069	0.00535	0.01337
7	0.01672	0.01152	0.01395	0.01441	0.01518	0.01115	0.00907	0.01842	0.02232	0.03036	0.14162	0.19735	0.06701	0.33229	0.04040	0.00839	0.00929	0.02236	0.00947	0.00874

[dist]
# distance from previous block
# <min> <max>
0	4

[block]
# block no. 4 follows, 9 sequences, length 14
# corresponding to MSA columns:
# 123-136
name=unknown_E
#
# <colnr> <probs for GDERKNQSTAVLIFYWHMCP>
#	G	D	E	R	K	N	Q	S	T	A	V	L	I	F	Y	W	H	M	C	P
0	0.03995	0.04926	0.03454	0.14722	0.04746	0.41603	0.02553	0.04416	0.03184	0.02974	0.01922	0.02403	0.01562	0.01232	0.01111	0.00330	0.02043	0.00841	0.00601	0.01382
1	0.03693	0.30533	0.09613	0.02559	0.03567	0.13788	0.02399	0.13431	0.03365	0.04018	0.02031	0.02253	0.01656	0.01175	0.00967	0.00303	0.01517	0.00792	0.00689	0.01651
2	0.01939	0.01614	0.02487	0.03461	0.16905	0.01566	0.01922	0.02306	0.02440	0.03340	0.05265	0.40055	0.06065	0.02926	0.01428	0.00448	0.00927	0.02686	0.00954	0.01268
3	0.01696	0.01219	0.01625	0.01688	0.01922	0.01149	0.01289	0.02180	0.03033	0.04190	0.31440	0.20661	0.09720	0.02924	0.01493	0.00438	0.00703	0.10300	0.01235	0.01094
4	0.58501	0.02304	0.01990	0.08005	0.03046	0.02696	0.01549	0.03481	0.02091	0.05118	0.01731	0.02106	0.01339	0.01127	0.00800	0.00376	0.01012	0.00702	0.00719	0.01307
5	0.04574	0.03370	0.03611	0.02768	0.03731	0.03731	0.02287	0.46200	0.05657	0.07583	0.02889	0.02889	0.02046	0.01444	0.01204	0.00361	0.01324	0.01083	0.01204	0.02046
6	0.01998	0.01575	0.01930	0.01945	0.02250	0.01708	0.01439	0.03238	0.15854	0.03769	0.09766	0.24769	0.05928	0.04184	0.12984	0.00778	0.01327	0.02205	0.01064	0.01289
7	0.17373	0.45832	0.05285	0.01952	0.02917	0.04297	0.01889	0.03588	0.02355	0.03408	0.01673	0.01936	0.01490	0.01049	0.00766	0.00283	0.01207	0.00645	0.00566	0.01490
8	0.01703	0.01230	0.01608	0.01514	0.01797	0.01135	0.01135	0.02270	0.03406	0.04825	0.49577	0.08987	0.11352	0.02460	0.01419	0.00378	0.00568	0.02176	0.01324	0.01135
9	0.01756	0.01265	0.01683	0.01671	0.01954	0.01191	0.01316	0.02320	0.03263	0.04550	0.39868	0.10017	0.10357	0.02654	0.01474	0.00418	0.00689	0.11150	0.01276	0.01129
10	0.05398	0.02048	0.02792	0.02141	0.03071	0.01768	0.01768	0.05863	0.03444	0.51045	0.04747	0.04095	0.02978	0.01489	0.01210	0.00372	0.01024	0.01210	0.01489	0.02048
11	0.66215	0.02327	0.01768	0.01582	0.02327	0.02699	0.01303	0.03537	0.02048	0.05398	0.01675	0.01954	0.01303	0.01117	0.00745	0.00372	0.00931	0.00651	0.00745	0.01303
12	0.02413	0.06223	0.51483	0.03429	0.05207	0.02794	0.04445	0.03810	0.02540	0.03810	0.02159	0.02540	0.01524	0.01143	0.01143	0.00381	0.01778	0.00889	0.00508	0.01778
13	0.02495	0.02138	0.02495	0.01782	0.02851	0.01604	0.01426	0.03029	0.02495	0.03921	0.02138	0.02495	0.01782	0.00891	0.00891	0.00178	0.00891	0.00713	0.00713	0.65072

[dist]
# distance from previous block
# <min> <max>
0	1

[block]
# block no. 5 follows, 9 sequences, length 24
# corresponding to MSA columns:
# 138-161
name=unknown_F
#
# <colnr> <probs for GDERKNQSTAVLIFYWHMCP>
#	G	D	E	R	K	N	Q	S	T	A	V	L	I	F	Y	W	H	M	C	P
0	0.01546	0.01081	0.01372	0.01572	0.01622	0.01031	0.01007	0.01696	0.02146	0.02862	0.05825	0.43004	0.06940	0.19085	0.02838	0.00681	0.00831	0.02946	0.01007	0.00907
1	0.01466	0.01047	0.01396	0.01675	0.01745	0.00977	0.01117	0.01675	0.02304	0.03071	0.06631	0.56931	0.07958	0.03769	0.01536	0.00489	0.00698	0.03420	0.01117	0.00977
2	0.02222	0.02126	0.01821	0.01890	0.02063	0.12609	0.01276	0.02394	0.02393	0.02833	0.04761	0.30790	0.05511	0.18521	0.02738	0.00641	0.01159	0.02356	0.00896	0.01000
3	0.02495	0.02138	0.02495	0.01782	0.02851	0.01604	0.01426	0.03029	0.02495	0.03921	0.02138	0.02495	0.01782	0.00891	0.00891	0.00178	0.00891	0.00713	0.00713	0.65072
4	0.02272	0.02138	0.03609	0.54825	0.08287	0.02673	0.03341	0.03074	0.02406	0.03074	0.02138	0.03208	0.01604	0.01203	0.01203	0.00401	0.01604	0.01069	0.00535	0.01337
5	0.11751	0.02366	0.03323	0.28838	0.12134	0.02774	0.02776	0.03967	0.12579	0.03966	0.02704	0.03281	0.02064	0.01268	0.01140	0.00392	0.01337	0.01074	0.00727	0.01538
6	0.01750	0.01166	0.01312	0.01312	0.01312	0.01166	0.00729	0.01750	0.01750	0.02333	0.03791	0.07873	0.04374	0.57717	0.06124	0.01166	0.01166	0.01750	0.00729	0.00729
7	0.02272	0.02138	0.03609	0.54825	0.08287	0.02673	0.03341	0.03074	0.02406	0.03074	0.02138	0.03208	0.01604	0.01203	0.01203	0.00401	0.01604	0.01069	0.00535	0.01337
8	0.02793	0.03109	0.06338	0.04644	0.05590	0.03186	0.36204	0.03640	0.02617	0.03640	0.02243	0.03109	0.01771	0.01258	0.01984	0.00433	0.13958	0.01338	0.00590	0.01554
9	0.03379	0.03911	0.03339	0.03897	0.16451	0.27114	0.02398	0.03802	0.03071	0.03293	0.04278	0.04498	0.12396	0.01595	0.01190	0.00345	0.01611	0.01253	0.00724	0.01455
10	0.02253	0.02209	0.04106	0.28845	0.06260	0.02400	0.14911	0.02983	0.02506	0.03295	0.03225	0.15201	0.03084	0.01722	0.01339	0.00422	0.01522	0.01693	0.00685	0.01338
11	0.04058	0.01751	0.02363	0.01913	0.02609	0.01539	0.01539	0.04560	0.03430	0.34278	0.21009	0.05870	0.06016	0.01841	0.01286	0.00375	0.00858	0.01560	0.01429	0.01717
12	0.02014	0.01072	0.01510	0.01510	0.01510	0.01072	0.00974	0.01608	0.01608	0.02144	0.02469	0.04598	0.02599	0.16121	0.05019	0.50758	0.01072	0.01202	0.00569	0.00569
13	0.02234	0.01803	0.02775	0.03683	0.16040	0.01803	0.02437	0.02833	0.02761	0.03694	0.05204	0.10564	0.05500	0.02684	0.01528	0.00498	0.01199	0.30462	0.00962	0.01334
14	0.02699	0.04518	0.27860	0.05435	0.28022	0.02827	0.04064	0.03751	0.02641	0.03871	0.02212	0.02762	0.01718	0.01107	0.01167	0.00369	0.01601	0.00982	0.00552	0.01843
15	0.01466	0.01047	0.01396	0.01675	0.01745	0.00977	0.01117	0.01675	0.02304	0.03071	0.06631	0.56931	0.07958	0.03769	0.01536	0.00489	0.00698	0.03420	0.01117	0.00977
16	0.03730	0.04485	0.03494	0.14645	0.04657	0.34593	0.02596	0.04143	0.02960	0.02966	0.01881	0.02468	0.01566	0.01356	0.01524	0.00361	0.09735	0.00881	0.00587	0.01370
17	0.02852	0.03609	0.15277	0.06503	0.40173	0.02844	0.03860	0.03719	0.02695	0.03904	0.02240	0.02880	0.01821	0.01088	0.01180	0.00363	0.01507	0.01031	0.00576	0.01877
18	0.01537	0.01256	0.01379	0.01441	0.01819	0.01098	0.01143	0.01898	0.02748	0.03328	0.10891	0.12023	0.40177	0.03109	0.01475	0.00439	0.00721	0.11366	0.01115	0.01036
19	0.02161	0.01472	0.02365	0.22384	0.04194	0.01681	0.01943	0.02156	0.01895	0.02475	0.02109	0.03482	0.01900	0.03016	0.03334	0.39747	0.01263	0.01054	0.00527	0.00841
20	0.02272	0.02138	0.03609	0.54825	0.08287	0.02673	0.03341	0.03074	0.02406	0.03074	0.02138	0.03208	0.01604	0.01203	0.01203	0.00401	0.01604	0.01069	0.00535	0.01337
21	0.02728	0.02420	0.03047	0.21713	0.05026	0.02875	0.02433	0.05172	0.31254	0.04312	0.03882	0.04018	0.02912	0.01474	0.01216	0.00405	0.01192	0.01253	0.00971	0.01696
22	0.04494	0.05734	0.03410	0.03100	0.03719	0.52886	0.02325	0.04804	0.03410	0.02945	0.01860	0.02170	0.01550	0.01240	0.01085	0.00310	0.02170	0.00775	0.00620	0.01395
23	0.02788	0.02458	0.02973	0.17318	0.04593	0.02902	0.02312	0.05451	0.35083	0.04477	0.04114	0.04125	0.03085	0.01510	0.01218	0.00406	0.01137	0.01278	0.01028	0.01743

[dist]
# distance from previous block
# <min> <max>
0	2

[block]
# block no. 6 follows, 9 sequences, length 10
# corresponding to MSA columns:
# 164-173
name=unknown_G
#
# <colnr> <probs for GDERKNQSTAVLIFYWHMCP>
#	G	D	E	R	K	N	Q	S	T	A	V	L	I	F	Y	W	H	M	C	P
0	0.02819	0.02696	0.04596	0.18072	0.40767	0.02817	0.03613	0.03553	0.02664	0.03738	0.02235	0.03030	0.01838	0.01101	0.01194	0.00367	0.01469	0.01071	0.00582	0.01778
1	0.01703	0.01230	0.01608	0.01514	0.01797	0.01135	0.01135	0.02270	0.03406	0.04825	0.49577	0.08987	0.11352	0.02460	0.01419	0.00378	0.00568	0.02176	0.01324	0.01135
2	0.02978	0.02859	0.04884	0.07385	0.50211	0.02859	0.03692	0.03692	0.02740	0.03931	0.02263	0.02978	0.01906	0.01072	0.01191	0.00357	0.01429	0.01072	0.00596	0.01906
3	0.66215	0.02327	0.01768	0.01582	0.02327	0.02699	0.01303	0.03537	0.02048	0.05398	0.01675	0.01954	0.01303	0.01117	0.00745	0.00372	0.00931	0.00651	0.00745	0.01303
4	0.01750	0.01166	0.01312	0.01312	0.01312	0.01166	0.00729	0.01750	0.01750	0.02333	0.03791	0.07873	0.04374	0.57717	0.06124	0.01166	0.01166	0.01750	0.00729	0.00729
5	0.01495	0.01149	0.01298	0.01397	0.01613	0.01029	0.00953	0.01713	0.02412	0.03025	0.08742	0.26992	0.26946	0.12927	0.02290	0.00569	0.00739	0.02712	0.01049	0.00952
6	0.01481	0.01147	0.01298	0.01403	0.01630	0.01021	0.00967	0.01710	0.02449	0.03064	0.09009	0.28211	0.28119	0.10369	0.02071	0.00535	0.00715	0.02770	0.01067	0.00964
7	0.03016	0.09413	0.21161	0.09643	0.16861	0.03158	0.03509	0.11387	0.03136	0.04356	0.02270	0.02730	0.01729	0.01175	0.01137	0.00361	0.01538	0.00968	0.00661	0.01791
8	0.02854	0.02732	0.04659	0.15736	0.42831	0.02826	0.03631	0.03584	0.02681	0.03780	0.02241	0.03018	0.01853	0.01095	0.01193	0.00365	0.01460	0.01072	0.00585	0.01806
9	0.09632	0.01656	0.02199	0.02694	0.11572	0.01627	0.01638	0.02534	0.02829	0.04202	0.21920	0.15707	0.12594	0.02325	0.01313	0.00396	0.00813	0.02037	0.01045	0.01267

[dist]
# distance from previous block
# <min> <max>
0	6

[block]
# block no. 7 follows, 9 sequences, length 18
# corresponding to MSA columns:
# 180-197
name=unknown_H
#
# <colnr> <probs for GDERKNQSTAVLIFYWHMCP>
#	G	D	E	R	K	N	Q	S	T	A	V	L	I	F	Y	W	H	M	C	P
0	0.02806	0.02683	0.04573	0.18951	0.39990	0.02813	0.03607	0.03542	0.02658	0.03722	0.02233	0.03034	0.01832	0.01104	0.01194	0.00368	0.01472	0.01071	0.00581	0.01767
1	0.45645	0.02266	0.02360	0.18710	0.04244	0.02691	0.01959	0.03388	0.02163	0.04650	0.01824	0.02358	0.01400	0.01145	0.00892	0.00382	0.01147	0.00786	0.00677	0.01314
2	0.51893	0.02569	0.02196	0.01858	0.02653	0.02939	0.01532	0.13450	0.02886	0.05906	0.01957	0.02172	0.01476	0.01193	0.00851	0.00370	0.01022	0.00752	0.00851	0.01476
3	0.01726	0.01259	0.01782	0.01782	0.01945	0.01422	0.01315	0.02051	0.01889	0.02681	0.03361	0.05494	0.03341	0.20895	0.41533	0.01747	0.02721	0.01401	0.00665	0.00990
4	0.02609	0.01901	0.02211	0.02077	0.02476	0.01990	0.01547	0.18050	0.03537	0.04730	0.05255	0.37056	0.05783	0.02914	0.01414	0.00442	0.00928	0.02561	0.01149	0.01370
5	0.01703	0.01230	0.01608	0.01514	0.01797	0.01135	0.01135	0.02270	0.03406	0.04825	0.49577	0.08987	0.11352	0.02460	0.01419	0.00378	0.00568	0.02176	0.01324	0.01135
6	0.19529	0.02112	0.02554	0.02011	0.02898	0.01985	0.01660	0.05323	0.03119	0.40439	0.04033	0.03598	0.02589	0.01403	0.01102	0.00372	0.01002	0.01080	0.01316	0.01875
7	0.01422	0.01219	0.01219	0.01219	0.01625	0.01016	0.00914	0.01727	0.02742	0.03250	0.12188	0.11579	0.49723	0.03047	0.01422	0.00406	0.00609	0.02539	0.01117	0.01016
8	0.05398	0.02048	0.02792	0.02141	0.03071	0.01768	0.01768	0.05863	0.03444	0.51045	0.04747	0.04095	0.02978	0.01489	0.01210	0.00372	0.01024	0.01210	0.01489	0.02048
9	0.66215	0.02327	0.01768	0.01582	0.02327	0.02699	0.01303	0.03537	0.02048	0.05398	0.01675	0.01954	0.01303	0.01117	0.00745	0.00372	0.00931	0.00651	0.00745	0.01303
10	0.01742	0.01196	0.01464	0.01464	0.01516	0.01249	0.00918	0.01847	0.01795	0.02445	0.03652	0.07106	0.04041	0.45845	0.17540	0.01353	0.01668	0.01637	0.00708	0.00813
11	0.01624	0.01416	0.01791	0.13718	0.03184	0.01397	0.01497	0.02035	0.02622	0.03192	0.09324	0.13956	0.34563	0.02687	0.01382	0.00413	0.00849	0.02282	0.00982	0.01087
12	0.03224	0.02096	0.02430	0.02194	0.02793	0.02226	0.01688	0.05168	0.26539	0.15795	0.05263	0.16578	0.04499	0.02094	0.01293	0.00418	0.00911	0.01802	0.01264	0.01724
13	0.01750	0.01166	0.01312	0.01312	0.01312	0.01166	0.00729	0.01750	0.01750	0.02333	0.03791	0.07873	0.04374	0.57717	0.06124	0.01166	0.01166	0.01750	0.00729	0.00729
14	0.01737	0.01415	0.01928	0.02020	0.02074	0.01606	0.01469	0.01959	0.02196	0.03030	0.05457	0.44315	0.06476	0.03383	0.02096	0.00497	0.13435	0.02870	0.00980	0.01056
15	0.02607	0.02306	0.03050	0.03084	0.13856	0.01895	0.01952	0.03184	0.02552	0.03923	0.02167	0.02607	0.01811	0.00933	0.00961	0.00220	0.01016	0.00796	0.00686	0.50395
16	0.01670	0.01195	0.01371	0.01371	0.01494	0.01175	0.00873	0.01796	0.02004	0.02606	0.05668	0.08326	0.14734	0.38692	0.11111	0.01089	0.01304	0.01873	0.00808	0.00840
17	0.02309	0.02190	0.03617	0.49466	0.07755	0.02778	0.03268	0.03056	0.02347	0.03056	0.02080	0.03148	0.01601	0.01297	0.01488	0.00414	0.07196	0.01068	0.00534	0.01334

[dist]
# distance from previous block
# <min> <max>
19	53

# created by:
# /share/home/app/bin/augustus-3.3.1/scripts/msa2prfl.pl /dev/shm/tmp/ogap_db/mt-malvids/msas/rps1.aln --setname=rps1
