[name]
ATP6

[dist]
# distance from previous block
# <min> <max>
0	4

[block]
# block no. 0 follows, 312 sequences, length 19
# corresponding to MSA columns:
# 4-22
name=unknown_A
#
# <colnr> <probs for GDERKNQSTAVLIFYWHMCP>
#	G	D	E	R	K	N	Q	S	T	A	V	L	I	F	Y	W	H	M	C	P
0	0.00174	0.00126	0.00173	0.00195	0.00221	0.00128	0.00169	0.00235	0.05161	0.00321	0.00550	0.01144	0.00590	0.00283	0.00143	0.00048	0.00096	0.90045	0.00097	0.00100
1	0.00310	0.01641	0.00257	0.00233	0.00283	0.54017	0.00180	0.01279	0.13783	0.00298	0.00338	0.00429	0.09337	0.00153	0.00112	0.00032	0.02673	0.12542	0.00072	0.02031
2	0.00156	0.00117	0.00149	0.00162	0.00183	0.00114	0.00120	0.01052	0.09284	0.00303	0.01358	0.60134	0.02760	0.00286	0.00130	0.00041	0.00071	0.18053	0.00097	0.05431
3	0.00362	0.04677	0.04750	0.00248	0.00319	0.37332	0.00204	0.32041	0.13916	0.02886	0.00237	0.00245	0.00179	0.00120	0.00104	0.00030	0.02033	0.00085	0.00080	0.00151
4	0.00147	0.00102	0.00127	0.00140	0.00147	0.00100	0.00095	0.00164	0.00188	0.00250	0.00468	0.32542	0.02467	0.42854	0.01570	0.00071	0.00088	0.17080	0.01322	0.00078
5	0.00161	0.00108	0.00121	0.00121	0.00121	0.00107	0.00068	0.00159	0.00159	0.00212	0.00339	0.00699	0.00390	0.96198	0.00538	0.00103	0.00105	0.00156	0.00067	0.00068
6	0.00282	0.67075	0.16903	0.00211	0.00308	0.08962	0.00218	0.02889	0.01813	0.00277	0.00162	0.00186	0.00139	0.00095	0.00077	0.00025	0.00126	0.00063	0.00048	0.00139
7	0.00244	0.00277	0.00602	0.00431	0.00535	0.00259	0.91822	0.00330	0.00248	0.00335	0.00243	0.00310	0.03616	0.00095	0.00124	0.00035	0.00173	0.00128	0.00055	0.00140
8	0.00153	0.00102	0.00115	0.00115	0.00115	0.00102	0.00064	0.00153	0.00153	0.00204	0.00331	0.00688	0.00382	0.96307	0.00535	0.00102	0.00102	0.00153	0.00064	0.00064
9	0.00301	0.01666	0.01162	0.00213	0.03210	0.00857	0.00170	0.26208	0.07441	0.20089	0.02579	0.11074	0.02920	0.00191	0.00118	0.00037	0.00096	0.21419	0.00104	0.00143
10	0.00308	0.00235	0.00250	0.00203	0.00270	0.01285	0.00164	0.54128	0.11818	0.00525	0.00426	0.00438	0.16910	0.00161	0.00841	0.00033	0.00098	0.03208	0.04441	0.04258
11	0.00224	0.00190	0.00221	0.00159	0.00252	0.00146	0.00127	0.03417	0.00227	0.00353	0.00189	0.00219	0.00156	0.00079	0.00079	0.00016	0.00079	0.00063	0.00064	0.93739
12	0.00249	0.01196	0.22065	0.02469	0.07496	0.02137	0.22735	0.14047	0.04413	0.00377	0.01155	0.01662	0.00195	0.00171	0.08414	0.00045	0.03587	0.00103	0.07341	0.00142
13	0.00146	0.00108	0.00133	0.00148	0.01441	0.00102	0.00103	0.00182	0.04357	0.01648	0.05072	0.47118	0.22302	0.08787	0.00166	0.00046	0.00067	0.07887	0.00096	0.00092
14	0.00140	0.00096	0.00126	0.00147	0.00156	0.00090	0.00101	0.00160	0.00205	0.02210	0.00570	0.81303	0.02561	0.04245	0.00149	0.00045	0.00065	0.05815	0.01729	0.00087
15	0.72078	0.00191	0.00169	0.00164	0.03657	0.00218	0.00124	0.01592	0.02472	0.01791	0.00205	0.04752	0.00184	0.06304	0.01631	0.00040	0.01624	0.02622	0.00069	0.00113
16	0.00148	0.00116	0.00131	0.00133	0.00164	0.00107	0.00100	0.00199	0.07180	0.01672	0.15435	0.12832	0.50332	0.01948	0.00133	0.00038	0.00061	0.09074	0.00101	0.00097
17	0.00240	0.00207	0.00250	0.00205	0.06865	0.01583	0.02049	0.08619	0.00245	0.00369	0.00193	0.00225	0.00158	0.00084	0.00083	0.00019	0.00088	0.00069	0.00065	0.78384
18	0.00154	0.00116	0.00144	0.00158	0.00175	0.00116	0.00112	0.01441	0.14137	0.00306	0.04003	0.71264	0.02396	0.00292	0.00130	0.00041	0.00066	0.04747	0.00100	0.00100

[dist]
# distance from previous block
# <min> <max>
0	1

[block]
# block no. 1 follows, 312 sequences, length 14
# corresponding to MSA columns:
# 24-37
name=unknown_B
#
# <colnr> <probs for GDERKNQSTAVLIFYWHMCP>
#	G	D	E	R	K	N	Q	S	T	A	V	L	I	F	Y	W	H	M	C	P
0	0.00178	0.00135	0.00150	0.00147	0.00182	0.01202	0.00112	0.03726	0.11864	0.04760	0.06880	0.15698	0.40778	0.03901	0.00139	0.00040	0.00070	0.09832	0.00100	0.00106
1	0.00161	0.00124	0.00148	0.00147	0.00180	0.00113	0.00108	0.00210	0.08008	0.01653	0.02306	0.41445	0.21151	0.01612	0.00131	0.01491	0.00067	0.05777	0.00092	0.15077
2	0.01710	0.00115	0.00137	0.00139	0.00170	0.00100	0.00102	0.00176	0.00222	0.00298	0.05614	0.42066	0.27095	0.00260	0.00122	0.00036	0.00063	0.06275	0.00092	0.15207
3	0.00413	0.00216	0.00259	0.00202	0.00279	0.00214	0.00165	0.34202	0.03424	0.51586	0.00379	0.02517	0.03125	0.02372	0.00117	0.00034	0.00097	0.00111	0.00117	0.00171
4	0.00155	0.00115	0.00149	0.00166	0.00188	0.00112	0.00132	0.00204	0.05457	0.00308	0.05143	0.32393	0.11785	0.00289	0.00136	0.00044	0.00077	0.42955	0.00099	0.00096
5	0.00160	0.00116	0.00144	0.00155	0.00175	0.00113	0.00112	0.02729	0.08359	0.02668	0.04947	0.57095	0.10343	0.02819	0.00141	0.00042	0.00068	0.09616	0.00099	0.00099
6	0.00168	0.00114	0.00142	0.00149	0.00168	0.00111	0.00110	0.00202	0.03514	0.04473	0.05074	0.14123	0.12402	0.28522	0.02790	0.01993	0.00090	0.25677	0.00088	0.00089
7	0.00223	0.00186	0.00215	0.00159	0.00245	0.00149	0.00127	0.03201	0.05216	0.01642	0.02079	0.02152	0.03666	0.00098	0.00084	0.00019	0.00078	0.00080	0.00070	0.80311
8	0.00276	0.00172	0.00203	0.00174	0.00231	0.00167	0.00136	0.09077	0.18434	0.24390	0.03484	0.13800	0.13950	0.01375	0.01136	0.00035	0.00081	0.01570	0.00104	0.11204
9	0.00159	0.00111	0.00140	0.00151	0.00172	0.00105	0.00110	0.00200	0.05312	0.04681	0.03401	0.51238	0.14796	0.03921	0.00145	0.00043	0.00069	0.13500	0.00098	0.01646
10	0.02455	0.00100	0.00125	0.00141	0.00156	0.00094	0.00099	0.00160	0.00212	0.00284	0.05741	0.60329	0.15236	0.06066	0.00155	0.00045	0.00065	0.08352	0.00096	0.00087
11	0.00182	0.00130	0.00151	0.00156	0.00177	0.00122	0.00108	0.02288	0.04577	0.02268	0.01422	0.34279	0.23459	0.19431	0.01895	0.04611	0.00086	0.04458	0.00097	0.00102
12	0.00241	0.00203	0.00246	0.06213	0.00290	0.03164	0.02966	0.01566	0.03736	0.02619	0.00288	0.05714	0.02123	0.08517	0.07907	0.00048	0.07697	0.01471	0.00075	0.44916
13	0.01055	0.00287	0.00288	0.00803	0.01656	0.15012	0.01472	0.23983	0.23626	0.07628	0.00338	0.00391	0.01632	0.02001	0.02077	0.02170	0.05188	0.04725	0.00098	0.05572

[dist]
# distance from previous block
# <min> <max>
0	1

[block]
# block no. 2 follows, 312 sequences, length 25
# corresponding to MSA columns:
# 39-63
name=unknown_C
#
# <colnr> <probs for GDERKNQSTAVLIFYWHMCP>
#	G	D	E	R	K	N	Q	S	T	A	V	L	I	F	Y	W	H	M	C	P
0	0.05826	0.09394	0.03078	0.04430	0.23656	0.20702	0.03051	0.07535	0.16463	0.00387	0.00252	0.00289	0.00204	0.00126	0.00110	0.00035	0.00811	0.00095	0.00075	0.03480
1	0.00829	0.05401	0.00330	0.00736	0.04950	0.42591	0.02638	0.04940	0.06055	0.02385	0.00247	0.02591	0.00211	0.00138	0.00121	0.00034	0.03881	0.00095	0.00078	0.21748
2	0.01753	0.00224	0.00342	0.57099	0.14605	0.03077	0.05168	0.02792	0.06442	0.00324	0.01179	0.01960	0.00197	0.00125	0.00119	0.00037	0.02635	0.01724	0.00061	0.00137
3	0.00167	0.00107	0.00142	0.00153	0.00162	0.00102	0.00104	0.00166	0.02060	0.00262	0.03783	0.49421	0.04060	0.01422	0.00244	0.35148	0.00078	0.01451	0.00084	0.00885
4	0.00174	0.00134	0.00172	0.02407	0.05478	0.00126	0.01673	0.02244	0.03728	0.02284	0.08943	0.39924	0.27850	0.00271	0.00132	0.00041	0.00074	0.04133	0.00101	0.00109
5	0.20109	0.00257	0.01351	0.00624	0.05089	0.06179	0.07031	0.09992	0.33514	0.00977	0.00296	0.01270	0.00836	0.00136	0.01308	0.00036	0.00846	0.00100	0.00086	0.09962
6	0.02806	0.02567	0.00298	0.00261	0.00318	0.83095	0.00199	0.03917	0.01377	0.00281	0.00168	0.00195	0.00139	0.00109	0.00098	0.00027	0.01820	0.00069	0.00057	0.02199
7	0.00202	0.00190	0.00320	0.85244	0.00682	0.00228	0.03895	0.00271	0.00212	0.00277	0.00188	0.00276	0.00142	0.00102	0.00104	0.00034	0.00137	0.00092	0.00048	0.07357
8	0.00174	0.00124	0.00156	0.00164	0.00187	0.00124	0.00124	0.02546	0.09255	0.04068	0.02807	0.41417	0.07511	0.04946	0.04594	0.00050	0.01049	0.19331	0.00096	0.01277
9	0.00303	0.00241	0.01162	0.00214	0.00277	0.02843	0.00172	0.36971	0.35516	0.03643	0.01761	0.07702	0.05029	0.00863	0.00116	0.00035	0.01351	0.01541	0.00103	0.00157
10	0.00286	0.00216	0.00235	0.00207	0.00267	0.01594	0.00164	0.09143	0.62970	0.11159	0.02700	0.01965	0.02942	0.00156	0.00110	0.00036	0.00087	0.05498	0.00108	0.00159
11	0.00186	0.00117	0.00146	0.00150	0.00177	0.00108	0.00111	0.01722	0.03150	0.13223	0.02026	0.48243	0.20925	0.01286	0.00132	0.00040	0.00068	0.07985	0.00102	0.00104
12	0.00215	0.00221	0.00415	0.02466	0.05634	0.01193	0.49488	0.00298	0.07364	0.00325	0.00392	0.08413	0.12024	0.01399	0.02181	0.00040	0.00137	0.07598	0.00070	0.00127
13	0.01195	0.01080	0.01518	0.00224	0.06617	0.06205	0.01725	0.20790	0.13069	0.02568	0.00751	0.30474	0.05834	0.01006	0.01396	0.00038	0.00097	0.03659	0.01625	0.00130
14	0.00181	0.00106	0.00159	0.00161	0.02505	0.00107	0.02455	0.01023	0.00156	0.00210	0.01161	0.08479	0.01100	0.05501	0.02765	0.71226	0.01862	0.00730	0.00054	0.00060
15	0.01132	0.00120	0.00146	0.00149	0.00170	0.00118	0.00105	0.02778	0.05862	0.08966	0.01996	0.37998	0.07543	0.23969	0.01396	0.00057	0.00081	0.06581	0.00735	0.00098
16	0.00169	0.00130	0.00151	0.00155	0.01337	0.00129	0.00114	0.03829	0.14104	0.00894	0.07910	0.24746	0.28344	0.06510	0.00151	0.00042	0.00070	0.09738	0.01373	0.00104
17	0.00585	0.01227	0.00348	0.01514	0.44056	0.14275	0.03458	0.03350	0.04605	0.03633	0.00251	0.05568	0.01952	0.02148	0.01519	0.00037	0.10108	0.01160	0.00063	0.00144
18	0.00216	0.00188	0.00239	0.00255	0.12440	0.05585	0.05710	0.04060	0.18572	0.02108	0.01708	0.30816	0.03944	0.00615	0.01464	0.00040	0.00097	0.09654	0.00088	0.02199
19	0.00179	0.00127	0.00143	0.00137	0.00167	0.00123	0.00099	0.01778	0.11629	0.06509	0.08869	0.06671	0.35505	0.23435	0.01347	0.00053	0.00076	0.02961	0.00094	0.00100
20	0.00239	0.00196	0.00213	0.00197	0.00248	0.00219	0.00154	0.04840	0.64328	0.02162	0.00495	0.11223	0.07728	0.00183	0.00114	0.00037	0.00081	0.07091	0.00105	0.00147
21	0.00243	0.00225	0.00369	0.00539	0.74570	0.00226	0.00278	0.03365	0.01662	0.00342	0.00273	0.09082	0.02864	0.01660	0.01819	0.00036	0.00118	0.02115	0.00061	0.00153
22	0.00285	0.00330	0.00502	0.00378	0.00461	0.23414	0.60214	0.02115	0.02191	0.00318	0.00199	0.00258	0.00155	0.00104	0.00136	0.00034	0.08609	0.00107	0.00055	0.00136
23	0.00138	0.00100	0.00132	0.00153	0.00166	0.00095	0.00112	0.00164	0.00213	0.00279	0.00610	0.61640	0.09326	0.03486	0.00149	0.00045	0.00070	0.22938	0.00096	0.00088
24	0.00186	0.00139	0.00173	0.00185	0.00214	0.02263	0.00153	0.00259	0.11804	0.02934	0.02238	0.12595	0.04568	0.02184	0.00143	0.00045	0.00090	0.59623	0.00098	0.00106

[dist]
# distance from previous block
# <min> <max>
0	1

[block]
# block no. 3 follows, 312 sequences, length 120
# corresponding to MSA columns:
# 65-184
name=unknown_D
#
# <colnr> <probs for GDERKNQSTAVLIFYWHMCP>
#	G	D	E	R	K	N	Q	S	T	A	V	L	I	F	Y	W	H	M	C	P
0	0.00229	0.00208	0.00293	0.00211	0.00305	0.00171	0.17185	0.02082	0.04071	0.00351	0.00202	0.00237	0.00163	0.00083	0.00088	0.00020	0.00097	0.00076	0.00063	0.73864
1	0.00144	0.00106	0.00131	0.00146	0.00162	0.00731	0.00103	0.01438	0.02556	0.01719	0.04172	0.67288	0.15486	0.00301	0.00131	0.00041	0.00064	0.05089	0.00099	0.00092
2	0.02266	0.06447	0.00307	0.01265	0.04098	0.49473	0.00196	0.16419	0.10799	0.00566	0.00867	0.00237	0.00174	0.00114	0.00097	0.00029	0.00812	0.00707	0.00069	0.05056
3	0.00250	0.00231	0.00890	0.00450	0.49911	0.00732	0.10357	0.02455	0.09979	0.02860	0.00278	0.04365	0.02876	0.00129	0.01714	0.00034	0.00118	0.02318	0.00066	0.09987
4	0.02233	0.01959	0.03347	0.00359	0.30761	0.09067	0.06248	0.03912	0.11126	0.08328	0.01712	0.00815	0.01586	0.00119	0.00775	0.00031	0.00528	0.02709	0.00072	0.14315
5	0.84062	0.00207	0.00168	0.00147	0.00214	0.01521	0.00121	0.01825	0.02005	0.08684	0.00177	0.00193	0.00132	0.00102	0.00070	0.00032	0.00084	0.00063	0.00072	0.00122
6	0.00233	0.00241	0.00395	0.02581	0.00354	0.00303	0.24189	0.00274	0.00184	0.00274	0.00160	0.00247	0.00145	0.00166	0.01523	0.00045	0.68416	0.00100	0.00048	0.00121
7	0.00260	0.00257	0.02096	0.01579	0.76781	0.02404	0.04952	0.01949	0.02296	0.00347	0.01257	0.00274	0.00180	0.00099	0.00108	0.00031	0.01573	0.00877	0.00055	0.02625
8	0.00186	0.00094	0.00141	0.00140	0.00140	0.00096	0.00094	0.00142	0.00139	0.01092	0.00184	0.00318	0.00183	0.00360	0.00407	0.94403	0.01694	0.00091	0.00046	0.00048
9	0.00411	0.00203	0.00248	0.00196	0.00271	0.00199	0.00160	0.20877	0.11104	0.57292	0.00379	0.01611	0.00256	0.00133	0.00104	0.00032	0.00091	0.00107	0.06156	0.00171
10	0.00718	0.00154	0.00186	0.09751	0.00934	0.05901	0.01346	0.03216	0.02604	0.04947	0.04854	0.47792	0.07444	0.00241	0.00128	0.00038	0.02730	0.02717	0.00089	0.04209
11	0.00150	0.00122	0.00136	0.00133	0.00168	0.00110	0.00099	0.00200	0.07931	0.00300	0.03037	0.14868	0.50481	0.06095	0.00146	0.00039	0.00065	0.06380	0.00093	0.09447
12	0.00129	0.00092	0.00122	0.00145	0.00152	0.00087	0.00097	0.00147	0.00199	0.00266	0.00566	0.90822	0.00677	0.04295	0.01157	0.00046	0.00065	0.00754	0.00096	0.00085
13	0.00232	0.00188	0.00206	0.00193	0.00241	0.00207	0.00150	0.04207	0.57976	0.02629	0.02932	0.11983	0.08558	0.00600	0.00117	0.00038	0.00080	0.09217	0.00105	0.00142
14	0.04296	0.00264	0.00287	0.00225	0.00304	0.00288	0.00185	0.67185	0.10091	0.12219	0.02513	0.00297	0.00223	0.00131	0.00105	0.00032	0.00106	0.00972	0.00107	0.00172
15	0.00136	0.00098	0.00128	0.00148	0.00158	0.00093	0.00100	0.00167	0.04091	0.00906	0.02420	0.88280	0.02246	0.00317	0.00132	0.00042	0.00062	0.00287	0.00099	0.00090
16	0.00161	0.00117	0.00154	0.00172	0.00194	0.00116	0.00140	0.00209	0.04295	0.00548	0.01577	0.21121	0.07763	0.06445	0.00164	0.00049	0.00085	0.56499	0.00096	0.00095
17	0.00170	0.00123	0.00148	0.00153	0.00181	0.00121	0.00116	0.00234	0.12473	0.04007	0.07103	0.26316	0.21388	0.06136	0.01947	0.00046	0.00076	0.17754	0.01404	0.00102
18	0.00151	0.00107	0.00135	0.00147	0.00157	0.00107	0.00102	0.00996	0.03511	0.00264	0.01936	0.38328	0.01206	0.32748	0.05477	0.00070	0.00093	0.14296	0.00084	0.00084
19	0.00127	0.00095	0.00118	0.00137	0.00150	0.00086	0.00093	0.00148	0.00211	0.00274	0.01685	0.72442	0.23424	0.00313	0.00132	0.00041	0.00059	0.00279	0.00098	0.00086
20	0.00150	0.00111	0.00139	0.00154	0.00169	0.00109	0.00108	0.03600	0.07201	0.00748	0.02179	0.75847	0.05924	0.00301	0.00131	0.00041	0.00065	0.02829	0.00099	0.00096
21	0.00214	0.00158	0.00186	0.00182	0.00217	0.00166	0.00140	0.13424	0.21358	0.03556	0.00496	0.39088	0.02285	0.01957	0.00132	0.00041	0.00081	0.16097	0.00101	0.00121
22	0.00216	0.00174	0.00182	0.00167	0.00211	0.03969	0.00130	0.20124	0.10499	0.01428	0.02480	0.12966	0.37343	0.01261	0.00125	0.00037	0.00081	0.08392	0.00099	0.00118
23	0.00393	0.00501	0.00298	0.00271	0.00325	0.95885	0.00203	0.00420	0.00298	0.00257	0.00162	0.00190	0.00135	0.00108	0.00095	0.00027	0.00190	0.00068	0.00054	0.00122
24	0.00138	0.00102	0.00131	0.00150	0.00163	0.00098	0.00104	0.00176	0.06191	0.00283	0.01348	0.79548	0.06000	0.00311	0.00132	0.00042	0.00064	0.04827	0.00098	0.00091
25	0.00138	0.00101	0.00134	0.00152	0.00163	0.00097	0.01094	0.01053	0.03163	0.00280	0.01331	0.81993	0.03789	0.02130	0.00141	0.00043	0.00065	0.03946	0.00097	0.00090
26	0.93389	0.00207	0.00161	0.00142	0.00208	0.00239	0.00117	0.03907	0.00191	0.00479	0.00150	0.00174	0.00116	0.00099	0.00067	0.00032	0.00083	0.00058	0.00067	0.00116
27	0.00129	0.00092	0.00122	0.00147	0.00153	0.00086	0.00098	0.00147	0.00202	0.00269	0.00584	0.93921	0.01740	0.00328	0.00134	0.00043	0.00061	0.01559	0.00098	0.00086
28	0.00129	0.00092	0.00122	0.00146	0.00152	0.00086	0.00097	0.00146	0.00200	0.00267	0.00573	0.94011	0.00688	0.02566	0.00143	0.00044	0.00062	0.00295	0.00097	0.00085
29	0.00218	0.00187	0.00218	0.00156	0.00249	0.00140	0.00125	0.00265	0.00218	0.00342	0.00187	0.00218	0.00156	0.00078	0.00078	0.00016	0.00078	0.00062	0.00062	0.96949
30	0.00152	0.00115	0.00172	0.00171	0.00190	0.00136	0.00134	0.00189	0.00169	0.00244	0.00278	0.00409	0.00260	0.00775	0.93805	0.00166	0.02373	0.00112	0.00056	0.00094
31	0.00261	0.00226	0.00238	0.00214	0.00273	0.00261	0.00166	0.00558	0.95461	0.00440	0.00428	0.00392	0.00321	0.00143	0.00107	0.00036	0.00083	0.00119	0.00107	0.00166
32	0.00153	0.00102	0.00116	0.00116	0.00117	0.00102	0.00066	0.00154	0.00154	0.00206	0.00334	0.00693	0.00385	0.94200	0.01215	0.00102	0.00103	0.01553	0.00064	0.00064
33	0.00264	0.00226	0.00238	0.00213	0.00273	0.00260	0.00166	0.03378	0.90103	0.00442	0.00418	0.00389	0.00315	0.01267	0.00111	0.00036	0.00084	0.00118	0.00106	0.01596
34	0.00224	0.00192	0.00221	0.00163	0.00252	0.00156	0.00130	0.00982	0.11341	0.00356	0.00215	0.00239	0.00175	0.00086	0.00081	0.00018	0.00079	0.00069	0.00068	0.84953
35	0.00261	0.00225	0.00237	0.00213	0.00273	0.00259	0.00165	0.00552	0.93490	0.00438	0.00423	0.00388	0.00317	0.00141	0.00106	0.00035	0.00083	0.00118	0.00106	0.02170
36	0.00300	0.00236	0.00253	0.00218	0.00283	0.00267	0.00172	0.18637	0.71621	0.06205	0.00393	0.00363	0.00290	0.00139	0.00107	0.00035	0.00090	0.00113	0.00108	0.00169
37	0.00246	0.00280	0.00607	0.00435	0.00538	0.00264	0.91982	0.00332	0.00246	0.00334	0.00217	0.01700	0.00167	0.00094	0.00129	0.00036	0.02074	0.00126	0.00054	0.00140
38	0.00128	0.00091	0.00122	0.00146	0.00152	0.00085	0.00098	0.00146	0.00201	0.00268	0.00579	0.96238	0.00695	0.00329	0.00134	0.00043	0.00061	0.00299	0.00098	0.00085
39	0.00401	0.00284	0.00308	0.00237	0.00320	0.00311	0.00196	0.87267	0.00476	0.07450	0.00264	0.00262	0.00186	0.00135	0.01374	0.00033	0.00116	0.00096	0.00106	0.00178
40	0.00167	0.00121	0.00163	0.00183	0.00207	0.00120	0.00155	0.00219	0.03631	0.00582	0.01246	0.09567	0.06256	0.02274	0.00149	0.00048	0.00090	0.74629	0.00097	0.00097
41	0.00389	0.00484	0.00297	0.00268	0.00323	0.89226	0.00202	0.04088	0.03260	0.00279	0.00174	0.00198	0.00143	0.00110	0.00096	0.00028	0.00183	0.00070	0.00058	0.00125
42	0.00158	0.00113	0.00156	0.00180	0.00199	0.00111	0.00149	0.00197	0.00230	0.00301	0.00563	0.28208	0.00630	0.00301	0.00142	0.00047	0.00087	0.68037	0.00097	0.00094
43	0.18572	0.00192	0.00231	0.00182	0.00259	0.00183	0.00150	0.05616	0.04025	0.68963	0.00356	0.00318	0.00231	0.00124	0.00098	0.00033	0.00089	0.00096	0.00116	0.00166
44	0.00133	0.00095	0.00126	0.00149	0.00157	0.00090	0.00103	0.00154	0.00204	0.00271	0.00578	0.80897	0.02765	0.04035	0.00151	0.00045	0.00066	0.09798	0.00096	0.00086
45	0.00472	0.00179	0.00244	0.00187	0.00268	0.00154	0.00154	0.00512	0.00301	0.95724	0.00415	0.00358	0.00260	0.00130	0.00106	0.00033	0.00089	0.00106	0.00130	0.00179
46	0.00872	0.00105	0.00121	0.00125	0.00140	0.00099	0.00083	0.00167	0.01603	0.01127	0.09432	0.20201	0.24077	0.39081	0.00292	0.00064	0.00076	0.02168	0.00086	0.00081
47	0.00218	0.00187	0.00218	0.00156	0.00249	0.00140	0.00125	0.00265	0.00218	0.00342	0.00187	0.00218	0.00156	0.00078	0.00078	0.00016	0.00078	0.00062	0.00062	0.96949
48	0.00140	0.00100	0.00133	0.00157	0.00167	0.00095	0.00113	0.00168	0.01586	0.00748	0.00570	0.75157	0.00668	0.00915	0.00138	0.00044	0.00069	0.18844	0.00097	0.00089
49	0.00183	0.00091	0.00137	0.00137	0.00137	0.00091	0.00091	0.00137	0.00137	0.00183	0.00183	0.00319	0.00183	0.00365	0.00411	0.96942	0.00091	0.00091	0.00046	0.00046
50	0.00934	0.00097	0.00129	0.00152	0.00161	0.00092	0.00106	0.00158	0.00206	0.00670	0.00568	0.81472	0.00672	0.01872	0.00141	0.00044	0.00066	0.12277	0.00097	0.00087
51	0.08297	0.00179	0.00231	0.00186	0.00259	0.00166	0.00155	0.03933	0.02380	0.71407	0.00403	0.00435	0.00286	0.00146	0.00107	0.00034	0.00090	0.11020	0.00120	0.00164
52	0.00263	0.00225	0.00237	0.00214	0.00273	0.00259	0.00166	0.00907	0.93302	0.01451	0.00428	0.00398	0.00322	0.00144	0.00107	0.00036	0.00083	0.00911	0.00107	0.00166
53	0.00139	0.00101	0.00130	0.00136	0.00154	0.00093	0.00097	0.00174	0.00254	0.00349	0.49584	0.37037	0.09638	0.00702	0.00130	0.00037	0.00055	0.00989	0.00107	0.00093
54	0.00133	0.00100	0.00123	0.00141	0.00155	0.00724	0.00098	0.00157	0.01240	0.00278	0.03150	0.69334	0.19676	0.00854	0.00134	0.00041	0.00062	0.03415	0.00098	0.00088
55	0.00220	0.00186	0.00199	0.00185	0.00234	0.00206	0.00143	0.01219	0.62914	0.00397	0.05647	0.05804	0.18802	0.00185	0.00114	0.00036	0.00075	0.03189	0.00105	0.00141
56	0.97049	0.00203	0.00154	0.00138	0.00203	0.00236	0.00114	0.00309	0.00179	0.00472	0.00146	0.00171	0.00114	0.00098	0.00065	0.00033	0.00081	0.00057	0.00065	0.00114
57	0.00144	0.00099	0.00130	0.00149	0.00161	0.00092	0.00104	0.00167	0.00212	0.03191	0.04303	0.73319	0.05035	0.03073	0.00145	0.00044	0.00066	0.09378	0.00098	0.00089
58	0.00204	0.00182	0.00287	0.69496	0.04006	0.00219	0.00256	0.00981	0.08610	0.01200	0.00258	0.03326	0.01615	0.02496	0.00124	0.01748	0.00126	0.04688	0.00059	0.00119
59	0.00350	0.02446	0.00304	0.00295	0.10137	0.64982	0.00208	0.03791	0.09664	0.00300	0.00212	0.02484	0.00179	0.00121	0.00339	0.00030	0.01879	0.01431	0.00715	0.00132
60	0.00249	0.00271	0.00558	0.01490	0.23746	0.00260	0.68378	0.00329	0.00243	0.00335	0.00209	0.00279	0.00163	0.00103	0.01811	0.00037	0.01224	0.00116	0.00053	0.00146
61	0.00219	0.00187	0.00216	0.00159	0.00247	0.00148	0.00126	0.00283	0.07365	0.00346	0.00212	0.01456	0.00179	0.01717	0.00088	0.00019	0.00078	0.00071	0.00066	0.86816
62	0.00334	0.00269	0.00276	0.00229	0.00300	0.04558	0.00183	0.44472	0.45900	0.01825	0.00334	0.00318	0.00246	0.00133	0.00106	0.00033	0.00103	0.00105	0.00104	0.00170
63	0.00267	0.01795	0.00227	0.04647	0.04005	0.02418	0.00714	0.06450	0.21553	0.18808	0.02581	0.03123	0.21251	0.00177	0.00122	0.00035	0.04364	0.05221	0.02102	0.00137
64	0.00385	0.00267	0.00293	0.00230	0.00309	0.00292	0.00189	0.67794	0.14958	0.12684	0.00303	0.00297	0.00215	0.00131	0.00106	0.00032	0.00107	0.01123	0.00108	0.00176
65	0.00135	0.00097	0.00126	0.00148	0.00157	0.00091	0.00101	0.00161	0.02230	0.01183	0.01638	0.86778	0.03891	0.00319	0.00133	0.00042	0.00062	0.02520	0.00098	0.00089
66	0.52498	0.00199	0.00200	0.00164	0.00237	0.00208	0.00135	0.05917	0.00246	0.38876	0.00261	0.00251	0.00177	0.00112	0.00084	0.00032	0.00087	0.00079	0.00094	0.00144
67	0.00230	0.00230	0.00322	0.00276	0.00276	0.00322	0.00230	0.00253	0.00161	0.00253	0.00138	0.00230	0.00138	0.00184	0.00345	0.00046	0.96114	0.00092	0.00046	0.00115
68	0.00136	0.00097	0.00130	0.00152	0.00162	0.00092	0.00108	0.00159	0.00206	0.00273	0.00570	0.74202	0.01840	0.04822	0.00155	0.00046	0.00069	0.16598	0.00096	0.00086
69	0.00128	0.00091	0.00122	0.00146	0.00152	0.00085	0.00098	0.00146	0.00201	0.00268	0.00579	0.96238	0.00695	0.00329	0.00134	0.00043	0.00061	0.00299	0.00098	0.00085
70	0.00219	0.00187	0.00218	0.00156	0.00249	0.00140	0.00125	0.00266	0.00218	0.00880	0.00188	0.00219	0.00156	0.00078	0.00078	0.00016	0.00078	0.00063	0.00063	0.96404
71	0.00209	0.00507	0.86836	0.00289	0.00433	0.00235	0.00366	0.00328	0.01980	0.00333	0.00215	0.01682	0.00166	0.00112	0.00102	0.00034	0.00149	0.04215	0.00049	0.01762
72	0.94725	0.00207	0.00157	0.00141	0.00205	0.01268	0.00115	0.00313	0.01442	0.00469	0.00150	0.00174	0.00117	0.00098	0.00066	0.00033	0.00082	0.00058	0.00065	0.00115
73	0.00298	0.00239	0.00254	0.00219	0.00284	0.00272	0.00173	0.20715	0.72060	0.03686	0.00390	0.00361	0.00289	0.00139	0.00107	0.00035	0.00090	0.00113	0.00107	0.00169
74	0.00218	0.00187	0.00218	0.00156	0.00249	0.00140	0.00125	0.00265	0.00218	0.00342	0.00187	0.00218	0.00156	0.00078	0.00078	0.00016	0.00078	0.00062	0.00062	0.96949
75	0.01280	0.00226	0.00236	0.00216	0.01951	0.03175	0.00166	0.03166	0.76205	0.01835	0.00428	0.01267	0.03750	0.00147	0.00107	0.00035	0.00087	0.02531	0.00102	0.03091
76	0.00204	0.00165	0.00196	0.00155	0.00227	0.00131	0.00121	0.00250	0.02004	0.02635	0.03113	0.14267	0.04130	0.00680	0.00096	0.00023	0.00075	0.03829	0.00074	0.67626
77	0.00128	0.00091	0.00122	0.00146	0.00152	0.00085	0.00098	0.00146	0.00201	0.00268	0.00579	0.96238	0.00695	0.00329	0.00134	0.00043	0.00061	0.00299	0.00098	0.00085
78	0.00153	0.00120	0.00126	0.00120	0.00159	0.00107	0.00091	0.03610	0.03961	0.03516	0.06883	0.00924	0.79360	0.00249	0.00122	0.00035	0.00058	0.00207	0.00100	0.00099
79	0.00216	0.00184	0.00215	0.00154	0.00245	0.00139	0.00123	0.00261	0.00217	0.00339	0.00197	0.00234	0.00982	0.02071	0.00088	0.00018	0.00078	0.00066	0.00063	0.94110
80	0.00317	0.00155	0.00195	0.00164	0.00221	0.00140	0.00130	0.02037	0.04571	0.46713	0.03373	0.01182	0.14683	0.13210	0.00169	0.00043	0.00085	0.07813	0.00108	0.04692
81	0.00134	0.00096	0.00129	0.00153	0.00162	0.00091	0.00108	0.00157	0.00207	0.00275	0.00576	0.82026	0.00682	0.00323	0.00136	0.00044	0.00066	0.14450	0.00097	0.00087
82	0.00127	0.00107	0.00110	0.00110	0.00144	0.00091	0.00082	0.00158	0.00750	0.00298	0.10331	0.00986	0.85825	0.00260	0.00124	0.00035	0.00053	0.00218	0.00099	0.00090
83	0.00139	0.00104	0.00132	0.00148	0.00167	0.00097	0.00111	0.00171	0.00934	0.00294	0.06493	0.43541	0.23838	0.00296	0.00134	0.00042	0.00067	0.23104	0.00099	0.00090
84	0.00125	0.00106	0.00108	0.00107	0.00142	0.00089	0.00080	0.00152	0.00241	0.00288	0.03999	0.01004	0.92671	0.00265	0.00124	0.00035	0.00053	0.00221	0.00098	0.00089
85	0.00211	0.01484	0.94828	0.00298	0.00453	0.00246	0.00386	0.00333	0.00222	0.00332	0.00188	0.00221	0.00133	0.00100	0.00100	0.00033	0.00155	0.00077	0.00044	0.00155
86	0.00266	0.00227	0.00240	0.00214	0.00274	0.00262	0.00167	0.04791	0.90239	0.00448	0.00421	0.01368	0.00318	0.00144	0.00107	0.00036	0.00084	0.00120	0.00107	0.00166
87	0.00197	0.00154	0.00167	0.00154	0.00199	0.00157	0.00118	0.00620	0.34846	0.05707	0.12127	0.02401	0.42322	0.00208	0.00117	0.00035	0.00066	0.00175	0.00105	0.00123
88	0.00400	0.00294	0.00315	0.00242	0.00326	0.00326	0.00200	0.95301	0.00494	0.00662	0.00252	0.00252	0.00179	0.00126	0.00105	0.00032	0.00116	0.00095	0.00105	0.00179
89	0.00132	0.00096	0.00131	0.00152	0.00160	0.00090	0.01450	0.00154	0.01079	0.00272	0.00575	0.91668	0.01296	0.00323	0.00134	0.00043	0.00063	0.01998	0.00097	0.00087
90	0.00134	0.00095	0.00121	0.00140	0.00146	0.00090	0.00092	0.00150	0.00195	0.00259	0.01543	0.70198	0.03968	0.19530	0.00214	0.00054	0.00070	0.02827	0.00091	0.00082
91	0.00211	0.00166	0.00176	0.00178	0.00217	0.00142	0.00132	0.00223	0.00291	0.00366	0.01031	0.02819	0.75725	0.00320	0.00162	0.00052	0.00089	0.17447	0.00123	0.00131
92	0.00201	0.00188	0.00315	0.95048	0.00720	0.00234	0.00291	0.01266	0.00213	0.00273	0.00187	0.00280	0.00141	0.00105	0.00105	0.00035	0.00140	0.00093	0.00047	0.00117
93	0.00218	0.00187	0.00218	0.00156	0.00249	0.00140	0.00125	0.00265	0.00218	0.00342	0.00187	0.00218	0.00156	0.00078	0.00078	0.00016	0.00078	0.00062	0.00062	0.96949
94	0.00130	0.00097	0.00121	0.00138	0.00152	0.00088	0.00096	0.00153	0.00217	0.00283	0.07303	0.66785	0.20221	0.00652	0.00133	0.00041	0.00060	0.03143	0.00099	0.00087
95	0.00469	0.00179	0.00245	0.00188	0.00268	0.00156	0.00155	0.00509	0.00299	0.94721	0.00412	0.00356	0.00259	0.00131	0.00108	0.00033	0.01098	0.00106	0.00129	0.00178
96	0.00128	0.00091	0.00122	0.00146	0.00152	0.00085	0.00098	0.00146	0.00201	0.00268	0.00579	0.96238	0.00695	0.00329	0.00134	0.00043	0.00061	0.00299	0.00098	0.00085
97	0.91427	0.00201	0.00159	0.00141	0.00206	0.00231	0.00116	0.00320	0.00186	0.05587	0.00162	0.00182	0.00122	0.00099	0.00067	0.00032	0.00082	0.00060	0.00503	0.00117
98	0.00227	0.00164	0.00197	0.00186	0.00218	0.00146	0.00134	0.00257	0.00348	0.00494	0.92834	0.00888	0.02865	0.00265	0.00157	0.00047	0.00077	0.00216	0.00141	0.00140
99	0.00198	0.00187	0.00315	0.96054	0.00724	0.00233	0.00292	0.00269	0.00210	0.00269	0.00187	0.00280	0.00140	0.00105	0.00105	0.00035	0.00140	0.00093	0.00047	0.00117
100	0.00128	0.00092	0.00122	0.00145	0.00152	0.00085	0.00097	0.00146	0.00202	0.00269	0.00593	0.93512	0.03412	0.00327	0.00134	0.00042	0.00061	0.00297	0.00098	0.00085
101	0.00272	0.00225	0.00239	0.00213	0.00274	0.00258	0.00166	0.02107	0.90252	0.04103	0.00424	0.00388	0.00316	0.00142	0.00107	0.00035	0.00084	0.00118	0.00108	0.00167
102	0.00469	0.00179	0.00244	0.00187	0.00268	0.00154	0.00154	0.00510	0.00300	0.94867	0.00413	0.00356	0.00259	0.00130	0.00105	0.00032	0.00089	0.00105	0.00129	0.01048
103	0.00393	0.00501	0.00298	0.00271	0.00325	0.95885	0.00203	0.00420	0.00298	0.00257	0.00162	0.00190	0.00135	0.00108	0.00095	0.00027	0.00190	0.00068	0.00054	0.00122
104	0.00127	0.00095	0.00119	0.00138	0.00150	0.00086	0.00094	0.00147	0.00210	0.00272	0.00686	0.75341	0.21523	0.00315	0.00132	0.00041	0.00059	0.00282	0.00098	0.00086
105	0.00260	0.00225	0.00237	0.00213	0.00272	0.00260	0.00166	0.00555	0.94602	0.00439	0.01287	0.00396	0.00327	0.00143	0.00107	0.00036	0.00083	0.00119	0.00107	0.00166
106	0.00470	0.00181	0.00783	0.00188	0.00269	0.00155	0.00156	0.00511	0.00300	0.95185	0.00413	0.00357	0.00259	0.00130	0.00106	0.00033	0.00090	0.00106	0.00130	0.00179
107	0.97049	0.00203	0.00154	0.00138	0.00203	0.00236	0.00114	0.00309	0.00179	0.00472	0.00146	0.00171	0.00114	0.00098	0.00065	0.00033	0.00081	0.00057	0.00065	0.00114
108	0.00230	0.01173	0.00324	0.00275	0.00276	0.00323	0.00229	0.00254	0.00161	0.00253	0.00138	0.00229	0.00138	0.00183	0.00342	0.00046	0.95172	0.00092	0.00046	0.00115
109	0.00128	0.00091	0.00122	0.00146	0.00152	0.00085	0.00098	0.00146	0.00201	0.00268	0.00579	0.96238	0.00695	0.00329	0.00134	0.00043	0.00061	0.00299	0.00098	0.00085
110	0.00128	0.00091	0.00122	0.00146	0.00152	0.00085	0.00098	0.00146	0.00201	0.00268	0.00579	0.96238	0.00695	0.00329	0.00134	0.00043	0.00061	0.00299	0.00098	0.00085
111	0.00134	0.00108	0.00121	0.00128	0.00159	0.00095	0.00100	0.00165	0.00238	0.00292	0.02877	0.09171	0.66256	0.00275	0.00129	0.00039	0.00063	0.19462	0.00098	0.00090
112	0.00253	0.00269	0.00524	0.00386	0.00476	0.00269	0.69587	0.03024	0.15953	0.00357	0.00247	0.00306	0.00189	0.00107	0.00136	0.00036	0.06648	0.01025	0.00063	0.00145
113	0.00137	0.00098	0.00132	0.00156	0.00166	0.00093	0.00112	0.00161	0.00210	0.00278	0.00575	0.76693	0.00677	0.00321	0.00136	0.00044	0.00068	0.19760	0.00097	0.00088
114	0.00143	0.00120	0.00126	0.00123	0.00160	0.00109	0.00093	0.00202	0.10680	0.00316	0.10890	0.01708	0.72374	0.00248	0.00123	0.00036	0.00057	0.02292	0.00100	0.00098
115	0.01078	0.00289	0.00311	0.00239	0.00323	0.00318	0.00197	0.90649	0.00484	0.04660	0.00258	0.00256	0.00182	0.00126	0.00105	0.00032	0.00114	0.00095	0.00106	0.00178
116	0.00985	0.00221	0.00240	0.00212	0.00270	0.00249	0.00168	0.18521	0.59465	0.02771	0.00416	0.05336	0.01679	0.00162	0.00114	0.00036	0.01214	0.07680	0.00105	0.00157
117	0.00443	0.00187	0.00244	0.00191	0.00270	0.00171	0.00157	0.01739	0.12833	0.81954	0.00414	0.00361	0.00267	0.00132	0.00106	0.00033	0.00089	0.00107	0.00127	0.00177
118	0.00798	0.00204	0.00223	0.00197	0.00255	0.00225	0.00154	0.04806	0.64024	0.11253	0.07826	0.00468	0.07752	0.00157	0.00110	0.00035	0.00081	0.01168	0.00109	0.00156
119	0.00169	0.00128	0.00151	0.00156	0.00182	0.00129	0.00115	0.00489	0.19164	0.01984	0.06869	0.33228	0.17493	0.08107	0.00160	0.00045	0.00071	0.11158	0.00098	0.00104

[dist]
# distance from previous block
# <min> <max>
4	7

[block]
# block no. 4 follows, 312 sequences, length 40
# corresponding to MSA columns:
# 192-231
name=unknown_E
#
# <colnr> <probs for GDERKNQSTAVLIFYWHMCP>
#	G	D	E	R	K	N	Q	S	T	A	V	L	I	F	Y	W	H	M	C	P
0	0.00950	0.00188	0.00220	0.00191	0.00249	0.00194	0.00151	0.09439	0.33373	0.23673	0.05085	0.09766	0.02813	0.00784	0.00114	0.00035	0.00084	0.07319	0.00108	0.05263
1	0.00153	0.00114	0.00139	0.00140	0.00166	0.00107	0.00103	0.00862	0.07007	0.01794	0.32986	0.31846	0.20458	0.00255	0.00125	0.00037	0.00059	0.01983	0.00104	0.01560
2	0.01337	0.00259	0.00286	0.00222	0.00300	0.00278	0.00182	0.67843	0.03762	0.16141	0.00289	0.01024	0.00207	0.02358	0.00115	0.00033	0.00743	0.00099	0.02686	0.01835
3	0.02156	0.00130	0.00152	0.00147	0.00183	0.00122	0.00110	0.04020	0.05875	0.07751	0.06569	0.30347	0.25699	0.03375	0.00134	0.00039	0.00069	0.05655	0.01118	0.06350
4	0.00158	0.00108	0.00139	0.00153	0.00170	0.00103	0.00109	0.02230	0.02897	0.04544	0.02008	0.69029	0.06993	0.01614	0.00137	0.00042	0.00067	0.08534	0.00099	0.00867
5	0.00265	0.00212	0.00230	0.00206	0.00264	0.00237	0.00161	0.03111	0.73529	0.06130	0.01238	0.03067	0.02012	0.00154	0.00110	0.00035	0.00517	0.04730	0.00106	0.03686
6	0.01818	0.00148	0.00180	0.00173	0.00209	0.00150	0.00132	0.03712	0.18862	0.16673	0.02744	0.27355	0.02246	0.09517	0.00164	0.00988	0.00082	0.14626	0.00101	0.00121
7	0.00995	0.00143	0.00164	0.00158	0.00195	0.00142	0.00120	0.06661	0.16756	0.06819	0.05460	0.27481	0.26256	0.00830	0.00124	0.00038	0.00070	0.06167	0.00845	0.00577
8	0.00142	0.00112	0.00129	0.00131	0.00158	0.00104	0.00096	0.00193	0.07414	0.00327	0.25253	0.23495	0.41547	0.00259	0.00125	0.00037	0.00056	0.00224	0.00103	0.00096
9	0.00129	0.00092	0.00123	0.00147	0.00154	0.00086	0.00099	0.00148	0.00202	0.00269	0.00579	0.94192	0.00693	0.00328	0.00134	0.00043	0.00062	0.02336	0.00098	0.00086
10	0.00152	0.00107	0.00131	0.00141	0.00153	0.00105	0.00095	0.00944	0.05042	0.01784	0.02282	0.46471	0.08385	0.28545	0.00250	0.00059	0.00076	0.05103	0.00089	0.00086
11	0.00141	0.00098	0.00130	0.00150	0.00160	0.00092	0.00102	0.01205	0.01165	0.02234	0.00567	0.89194	0.00670	0.00318	0.00133	0.00042	0.00063	0.02574	0.00098	0.00862
12	0.00129	0.00092	0.00122	0.00146	0.00152	0.00086	0.00097	0.00146	0.00200	0.00267	0.00574	0.94362	0.00689	0.02214	0.00142	0.00044	0.00062	0.00296	0.00097	0.00085
13	0.00257	0.00218	0.00232	0.00211	0.00267	0.00249	0.00165	0.04440	0.82475	0.00436	0.01220	0.02810	0.01128	0.00156	0.00110	0.00036	0.00084	0.05238	0.00106	0.00160
14	0.04480	0.00114	0.00127	0.00129	0.00160	0.00105	0.00095	0.00194	0.02804	0.05673	0.04663	0.24797	0.48658	0.02235	0.00130	0.00038	0.00061	0.02869	0.02571	0.00097
15	0.00128	0.00091	0.00122	0.00146	0.00152	0.00085	0.00098	0.00146	0.00201	0.00268	0.00579	0.96238	0.00695	0.00329	0.00134	0.00043	0.00061	0.00299	0.00098	0.00085
16	0.00211	0.00544	0.95762	0.00300	0.00455	0.00244	0.00388	0.00333	0.00222	0.00333	0.00189	0.00222	0.00133	0.00100	0.00100	0.00033	0.00155	0.00078	0.00044	0.00155
17	0.00145	0.00107	0.00135	0.00139	0.00162	0.00099	0.00104	0.00185	0.01097	0.00942	0.43324	0.22438	0.17597	0.01708	0.00135	0.00039	0.00060	0.11387	0.00105	0.00094
18	0.00472	0.00179	0.00244	0.00187	0.00268	0.00154	0.00154	0.00512	0.00301	0.95724	0.00415	0.00358	0.00260	0.00130	0.00106	0.00033	0.00089	0.00106	0.00130	0.00179
19	0.00149	0.00107	0.00140	0.00132	0.00157	0.00099	0.00099	0.00198	0.00297	0.00421	0.95596	0.00785	0.00992	0.00215	0.00124	0.00033	0.00050	0.00190	0.00116	0.00099
20	0.00472	0.00179	0.00244	0.00187	0.00268	0.00154	0.00154	0.00512	0.00301	0.95724	0.00415	0.00358	0.00260	0.00130	0.00106	0.00033	0.00089	0.00106	0.00130	0.00179
21	0.02580	0.00118	0.00153	0.00170	0.00195	0.00117	0.00143	0.00221	0.00235	0.02183	0.02767	0.08766	0.02998	0.01142	0.00134	0.00044	0.00084	0.63709	0.14144	0.00098
22	0.00124	0.00106	0.00106	0.00106	0.00142	0.00089	0.00080	0.00151	0.00240	0.00284	0.01065	0.01011	0.95608	0.00266	0.00124	0.00035	0.00053	0.00222	0.00098	0.00089
23	0.00248	0.00283	0.00620	0.00443	0.00549	0.00266	0.95269	0.00337	0.00248	0.00337	0.00213	0.00283	0.00159	0.00089	0.00124	0.00035	0.00177	0.00124	0.00053	0.00142
24	0.00470	0.00181	0.00245	0.00188	0.00269	0.00157	0.00155	0.01878	0.00304	0.94354	0.00412	0.00356	0.00259	0.00130	0.00106	0.00033	0.00090	0.00106	0.00130	0.00179
25	0.00149	0.00112	0.00166	0.00167	0.00185	0.00130	0.00129	0.00186	0.00170	0.00244	0.00300	0.01822	0.01883	0.01955	0.91696	0.00164	0.00272	0.00118	0.00058	0.00093
26	0.00149	0.00107	0.00140	0.00132	0.00157	0.00099	0.00099	0.00198	0.00297	0.00421	0.95596	0.00785	0.00992	0.00215	0.00124	0.00033	0.00050	0.00190	0.00116	0.00099
27	0.00153	0.00102	0.00115	0.00115	0.00115	0.00102	0.00064	0.00153	0.00153	0.00204	0.00331	0.00688	0.00382	0.96307	0.00535	0.00102	0.00102	0.00153	0.00064	0.00064
28	0.00181	0.00135	0.00164	0.00151	0.00185	0.00136	0.00116	0.04089	0.15741	0.01566	0.71211	0.00708	0.02761	0.00201	0.00121	0.00034	0.00059	0.02213	0.00113	0.00114
29	0.00128	0.00092	0.00122	0.00146	0.00152	0.00085	0.00097	0.00146	0.00202	0.00269	0.00589	0.94385	0.02542	0.00328	0.00134	0.00043	0.00061	0.00297	0.00098	0.00085
30	0.00128	0.00091	0.00122	0.00146	0.00152	0.00085	0.00098	0.00146	0.00201	0.00268	0.00579	0.96238	0.00695	0.00329	0.00134	0.00043	0.00061	0.00299	0.00098	0.00085
31	0.00133	0.00097	0.00125	0.00145	0.00156	0.00091	0.00099	0.00161	0.02370	0.00284	0.07027	0.79476	0.07486	0.00312	0.00132	0.00041	0.00061	0.01617	0.00099	0.00089
32	0.01379	0.00270	0.00285	0.00226	0.00302	0.01168	0.00184	0.71658	0.14603	0.00594	0.00334	0.00326	0.06794	0.00138	0.00106	0.00032	0.00106	0.00106	0.01222	0.00169
33	0.00128	0.00091	0.00122	0.00146	0.00152	0.00085	0.00098	0.00146	0.00201	0.00268	0.00579	0.96238	0.00695	0.00329	0.00134	0.00043	0.00061	0.00299	0.00098	0.00085
34	0.00150	0.00113	0.00169	0.00169	0.00188	0.00131	0.00131	0.00188	0.00169	0.00244	0.00281	0.00413	0.00263	0.00788	0.95890	0.00169	0.00281	0.00113	0.00056	0.00094
35	0.00128	0.00091	0.00122	0.00146	0.00152	0.00085	0.00098	0.00146	0.00201	0.00268	0.00579	0.96238	0.00695	0.00329	0.00134	0.00043	0.00061	0.00299	0.00098	0.00085
36	0.00246	0.00296	0.05504	0.00439	0.02142	0.00264	0.88801	0.00336	0.00247	0.00337	0.00211	0.00280	0.00158	0.00089	0.00122	0.00035	0.00175	0.00121	0.00053	0.00143
37	0.01597	0.00539	0.94394	0.00297	0.00451	0.00244	0.00384	0.00332	0.00221	0.00335	0.00188	0.00221	0.00133	0.00100	0.00099	0.00033	0.00154	0.00077	0.00045	0.00155
38	0.00393	0.00501	0.00298	0.00271	0.00325	0.95885	0.00203	0.00420	0.00298	0.00257	0.00162	0.00190	0.00135	0.00108	0.00095	0.00027	0.00190	0.00068	0.00054	0.00122
39	0.00184	0.00152	0.00162	0.00150	0.00194	0.00155	0.00115	0.04599	0.30004	0.00368	0.12732	0.01428	0.47255	0.00214	0.00118	0.00035	0.00065	0.00826	0.01126	0.00118

[dist]
# distance from previous block
# <min> <max>
0	2

# created by:
# /share/home/app/bin/augustus-3.3.1/scripts/msa2prfl.pl /dev/shm/tmp/ogap_db/mt-Sauria/msas/ATP6.aln --setname=ATP6
