[name]
ATP8

[dist]
# distance from previous block
# <min> <max>
0	0

[block]
# block no. 0 follows, 231 sequences, length 35
# corresponding to MSA columns:
# 0-34
name=unknown_A
#
# <colnr> <probs for GDERKNQSTAVLIFYWHMCP>
#	G	D	E	R	K	N	Q	S	T	A	V	L	I	F	Y	W	H	M	C	P
0	0.00224	0.00160	0.00224	0.00256	0.00288	0.00160	0.00224	0.00288	0.00320	0.00416	0.00736	0.01568	0.00800	0.00384	0.00192	0.00064	0.00128	0.93312	0.00128	0.00128
1	0.00288	0.00247	0.00288	0.00206	0.00329	0.00185	0.00165	0.00350	0.00288	0.00453	0.00247	0.00288	0.00206	0.00103	0.00103	0.00021	0.00103	0.00082	0.00082	0.95964
2	0.00328	0.00375	0.00820	0.00586	0.00727	0.00352	0.93743	0.00445	0.00328	0.00445	0.00281	0.00375	0.00211	0.00117	0.00164	0.00047	0.00234	0.00164	0.00070	0.00187
3	0.00169	0.00121	0.00161	0.00194	0.00202	0.00113	0.00129	0.00194	0.00266	0.00355	0.00766	0.95024	0.00919	0.00436	0.00177	0.00056	0.00081	0.00395	0.00129	0.00113
4	0.00517	0.02233	0.00400	0.00355	0.00429	0.91220	0.00268	0.02306	0.00397	0.00350	0.00217	0.00252	0.00180	0.00143	0.00125	0.00036	0.00247	0.00090	0.00073	0.00163
5	0.00289	0.00247	0.00287	0.00208	0.00328	0.00188	0.00166	0.01384	0.01397	0.00457	0.00263	0.02359	0.00224	0.00112	0.00105	0.00022	0.00103	0.00091	0.00085	0.91685
6	0.04494	0.08985	0.07617	0.00334	0.02899	0.39544	0.00275	0.12552	0.03297	0.12217	0.00283	0.00305	0.00216	0.00160	0.00853	0.00041	0.05543	0.00105	0.00093	0.00187
7	0.00288	0.00247	0.00288	0.00206	0.00329	0.00185	0.00165	0.00350	0.00288	0.00453	0.00247	0.00288	0.00206	0.00103	0.00103	0.00021	0.00103	0.00082	0.00082	0.95964
8	0.00241	0.00121	0.00181	0.00181	0.00181	0.00121	0.00121	0.00181	0.00181	0.00241	0.00241	0.00423	0.00241	0.00483	0.00543	0.95956	0.00121	0.00121	0.00060	0.00060
9	0.00192	0.00130	0.00155	0.00165	0.00167	0.00128	0.00098	0.00199	0.00222	0.00297	0.00542	0.30720	0.00637	0.65126	0.00540	0.00110	0.00118	0.00263	0.00098	0.00093
10	0.00243	0.00175	0.00208	0.00205	0.00232	0.00178	0.00145	0.11932	0.04017	0.00412	0.02744	0.29892	0.00632	0.33773	0.02757	0.00086	0.00122	0.09385	0.00113	0.02748
11	0.00185	0.00156	0.00162	0.00159	0.00207	0.00140	0.00121	0.00255	0.08706	0.00409	0.08582	0.01247	0.76289	0.00333	0.00163	0.00047	0.00075	0.02506	0.00132	0.00128
12	0.00209	0.00149	0.00201	0.00228	0.00251	0.00147	0.00183	0.01307	0.00297	0.00389	0.00715	0.27334	0.01676	0.10226	0.00241	0.00069	0.00115	0.56021	0.00124	0.00120
13	0.00222	0.00156	0.00192	0.00202	0.00230	0.00151	0.00144	0.07656	0.02665	0.03946	0.03740	0.61156	0.12959	0.02102	0.01008	0.00056	0.00092	0.03061	0.00131	0.00131
14	0.00274	0.00211	0.00236	0.00232	0.00280	0.02905	0.00180	0.07120	0.20935	0.04352	0.02806	0.25878	0.13381	0.02532	0.00641	0.00055	0.00109	0.17589	0.00132	0.00155
15	0.00432	0.00327	0.00352	0.00288	0.00379	0.00361	0.00232	0.51172	0.29504	0.03154	0.06282	0.02050	0.04444	0.00193	0.00143	0.00044	0.00129	0.00155	0.00141	0.00218
16	0.00241	0.00122	0.00182	0.00183	0.00184	0.00122	0.00124	0.00184	0.00185	0.00246	0.00256	0.00455	0.00257	0.00480	0.00533	0.93211	0.00121	0.02788	0.00062	0.00062
17	0.00233	0.00158	0.00194	0.00202	0.00231	0.00153	0.00143	0.01059	0.10279	0.07724	0.03311	0.54014	0.08598	0.08782	0.00215	0.00060	0.00092	0.02881	0.00130	0.01541
18	0.00317	0.00254	0.00270	0.00245	0.00310	0.02963	0.00190	0.03087	0.51328	0.05629	0.12233	0.00736	0.11702	0.05624	0.00181	0.00052	0.00108	0.04452	0.00137	0.00185
19	0.00193	0.00135	0.00170	0.00180	0.00189	0.00137	0.00117	0.00215	0.01213	0.00318	0.03338	0.29885	0.00634	0.45061	0.15349	0.00818	0.00153	0.01693	0.00100	0.00103
20	0.00368	0.00273	0.00300	0.00258	0.00332	0.00291	0.00205	0.41809	0.12804	0.03361	0.00646	0.15364	0.16222	0.00872	0.00157	0.00048	0.00119	0.06248	0.00136	0.00187
21	0.00205	0.00148	0.00185	0.00202	0.00225	0.00144	0.00144	0.01869	0.07512	0.02397	0.03161	0.59632	0.10410	0.04619	0.00196	0.00058	0.00090	0.08546	0.00130	0.00127
22	0.00193	0.00145	0.00163	0.00164	0.00206	0.00128	0.00122	0.00239	0.02267	0.04133	0.12184	0.16463	0.59498	0.00348	0.00166	0.00048	0.00076	0.03197	0.00134	0.00125
23	0.00183	0.00142	0.00161	0.00169	0.00199	0.00131	0.00121	0.00224	0.03117	0.00365	0.02161	0.20266	0.47264	0.15396	0.02014	0.00067	0.00094	0.07689	0.00122	0.00115
24	0.00302	0.00329	0.00690	0.00528	0.04875	0.00313	0.71663	0.00400	0.00314	0.00428	0.00357	0.15912	0.00327	0.00173	0.00173	0.00049	0.02713	0.00199	0.00080	0.00176
25	0.00305	0.00274	0.00295	0.00223	0.00336	0.06109	0.00177	0.00393	0.08367	0.00454	0.00284	0.00333	0.00236	0.00138	0.02126	0.00029	0.00119	0.01696	0.00087	0.78019
26	0.00359	0.00342	0.00581	0.00856	0.91874	0.00340	0.02614	0.00438	0.00327	0.00469	0.00277	0.00365	0.00234	0.00133	0.00145	0.00044	0.00172	0.00130	0.00074	0.00227
27	0.00210	0.00165	0.00191	0.00199	0.00232	0.00165	0.00143	0.01852	0.17850	0.00420	0.05438	0.46264	0.23014	0.02069	0.00176	0.00053	0.00086	0.01206	0.00132	0.00137
28	0.00271	0.00188	0.00251	0.00245	0.01232	0.00186	0.04865	0.10633	0.05878	0.08588	0.00659	0.60439	0.01496	0.01489	0.00173	0.00054	0.00104	0.02971	0.00130	0.00149
29	0.00457	0.00365	0.00378	0.01239	0.00802	0.09041	0.01442	0.48955	0.18850	0.05364	0.00395	0.02751	0.00306	0.00194	0.01606	0.00046	0.02008	0.02855	0.00128	0.02820
30	0.00243	0.00169	0.00198	0.00191	0.00208	0.00851	0.00128	0.07142	0.01813	0.03451	0.00497	0.15756	0.02149	0.56434	0.04125	0.00108	0.03988	0.02335	0.00100	0.00114
31	0.00284	0.00234	0.00286	0.01398	0.09072	0.00968	0.01647	0.03911	0.33242	0.01944	0.09483	0.13324	0.10920	0.02416	0.03354	0.00055	0.00452	0.03004	0.02169	0.01837
32	0.00369	0.00291	0.00331	0.00269	0.00349	0.02055	0.02544	0.31281	0.13339	0.02338	0.00949	0.05193	0.00335	0.11842	0.02137	0.00055	0.05631	0.00863	0.00916	0.18911
33	0.00318	0.00266	0.01116	0.00265	0.00337	0.01238	0.00211	0.01450	0.55880	0.03164	0.01581	0.05398	0.01320	0.00247	0.03361	0.00053	0.01918	0.11443	0.00129	0.10304
34	0.00509	0.00628	0.00390	0.00351	0.00424	0.85089	0.00265	0.05451	0.03151	0.00375	0.00234	0.00268	0.00192	0.00163	0.01887	0.00040	0.00244	0.00094	0.00077	0.00166

[dist]
# distance from previous block
# <min> <max>
3	6

[block]
# block no. 1 follows, 231 sequences, length 8
# corresponding to MSA columns:
# 42-49
name=unknown_B
#
# <colnr> <probs for GDERKNQSTAVLIFYWHMCP>
#	G	D	E	R	K	N	Q	S	T	A	V	L	I	F	Y	W	H	M	C	P
0	0.00333	0.00304	0.00470	0.00648	0.61926	0.01554	0.00350	0.02988	0.06853	0.02009	0.00348	0.01906	0.02499	0.02823	0.01584	0.00048	0.04502	0.04529	0.00083	0.04243
1	0.01381	0.06372	0.05282	0.00350	0.08304	0.04121	0.07537	0.06623	0.28556	0.05413	0.01786	0.04043	0.03297	0.00184	0.00148	0.00044	0.02224	0.02582	0.00112	0.11639
2	0.00332	0.00294	0.00346	0.00299	0.04147	0.07800	0.07519	0.10039	0.15936	0.02773	0.01950	0.07198	0.05691	0.01819	0.04123	0.00048	0.02351	0.01697	0.00105	0.25536
3	0.00337	0.03772	0.08864	0.00368	0.12829	0.03888	0.02944	0.06082	0.31888	0.03652	0.03563	0.03159	0.02012	0.00201	0.00153	0.00046	0.02606	0.10859	0.00112	0.02663
4	0.00368	0.00304	0.01647	0.00320	0.06035	0.05443	0.04059	0.03500	0.40381	0.10359	0.03368	0.02236	0.05932	0.00205	0.00152	0.00046	0.01261	0.05921	0.00128	0.08336
5	0.00335	0.04168	0.02836	0.01513	0.09217	0.02791	0.07487	0.05915	0.27314	0.03688	0.01642	0.03045	0.05050	0.01060	0.01175	0.00044	0.03963	0.01523	0.00106	0.17130
6	0.00352	0.03188	0.02695	0.01674	0.42977	0.06178	0.01691	0.07857	0.08680	0.01541	0.00345	0.00398	0.04938	0.00175	0.02273	0.00046	0.07996	0.00130	0.00085	0.06783
7	0.00339	0.00285	0.00309	0.00284	0.03750	0.03248	0.00214	0.02070	0.57901	0.04276	0.00534	0.03633	0.03663	0.00193	0.00139	0.00043	0.00115	0.04077	0.00127	0.14799

[dist]
# distance from previous block
# <min> <max>
0	2

[block]
# block no. 2 follows, 231 sequences, length 6
# corresponding to MSA columns:
# 52-57
name=unknown_C
#
# <colnr> <probs for GDERKNQSTAVLIFYWHMCP>
#	G	D	E	R	K	N	Q	S	T	A	V	L	I	F	Y	W	H	M	C	P
0	0.00241	0.00121	0.00181	0.00181	0.00181	0.00121	0.00121	0.00181	0.00181	0.00241	0.00241	0.00423	0.00241	0.00483	0.00543	0.95956	0.00121	0.00121	0.00060	0.00060
1	0.00350	0.02126	0.00312	0.00262	0.00343	0.06340	0.00205	0.05551	0.47407	0.05553	0.02962	0.05360	0.04914	0.00193	0.00143	0.00042	0.01945	0.00157	0.00125	0.15712
2	0.00241	0.00121	0.00181	0.00181	0.00181	0.00121	0.00121	0.00181	0.00181	0.00241	0.00241	0.00423	0.00241	0.00483	0.00543	0.95956	0.00121	0.00121	0.00060	0.00060
3	0.00288	0.00247	0.00288	0.00206	0.00329	0.00185	0.00165	0.00350	0.00288	0.00453	0.00247	0.00288	0.00206	0.00103	0.00103	0.00021	0.00103	0.00082	0.00082	0.95964
4	0.00251	0.00148	0.00249	0.00224	0.00239	0.00145	0.10070	0.00209	0.00197	0.00263	0.00246	0.00417	0.00238	0.00444	0.00503	0.85764	0.00133	0.00125	0.00061	0.00074
5	0.00329	0.00272	0.00295	0.00262	0.00334	0.00304	0.00204	0.06126	0.62854	0.02909	0.00612	0.03217	0.10076	0.02241	0.02794	0.00053	0.02994	0.00172	0.00133	0.03818

[dist]
# distance from previous block
# <min> <max>
0	7

# created by:
# /share/home/app/bin/augustus-3.3.1/scripts/msa2prfl.pl /dev/shm/tmp/ogap_db/mt-Sauria/msas/ATP8.aln --setname=ATP8
