[name]
COX2

[dist]
# distance from previous block
# <min> <max>
0	0

[block]
# block no. 0 follows, 315 sequences, length 51
# corresponding to MSA columns:
# 0-50
name=unknown_A
#
# <colnr> <probs for GDERKNQSTAVLIFYWHMCP>
#	G	D	E	R	K	N	Q	S	T	A	V	L	I	F	Y	W	H	M	C	P
0	0.00168	0.00120	0.00168	0.00192	0.00216	0.00120	0.00168	0.00216	0.00240	0.00312	0.00551	0.01175	0.00599	0.00288	0.00144	0.00048	0.00096	0.94989	0.00096	0.00096
1	0.00381	0.00180	0.00232	0.00177	0.00257	0.00155	0.00145	0.04628	0.01112	0.61367	0.06067	0.00341	0.00273	0.00121	0.00099	0.00028	0.00085	0.00099	0.00110	0.24144
2	0.00270	0.00353	0.15038	0.00256	0.00310	0.36479	0.03852	0.00323	0.03117	0.00271	0.00197	0.00259	0.00169	0.00271	0.21639	0.00063	0.16873	0.00086	0.00053	0.00121
3	0.00277	0.00197	0.00257	0.00613	0.00265	0.00573	0.01612	0.00316	0.00219	0.21890	0.00224	0.00253	0.00173	0.00123	0.00773	0.00029	0.26703	0.00081	0.00072	0.45350
4	0.02345	0.00217	0.00244	0.00203	0.00267	0.01331	0.00577	0.38677	0.12499	0.17342	0.01237	0.06695	0.06028	0.01382	0.00116	0.00035	0.00096	0.09969	0.00105	0.00635
5	0.00243	0.00279	0.01429	0.00427	0.00527	0.00264	0.89044	0.00328	0.00241	0.00329	0.00212	0.01439	0.00163	0.00095	0.00133	0.00036	0.04499	0.00123	0.00053	0.00139
6	0.00158	0.00102	0.00131	0.00144	0.00156	0.00096	0.00098	0.00180	0.01913	0.06806	0.01002	0.68717	0.01656	0.16086	0.00196	0.00051	0.00070	0.02256	0.00094	0.00089
7	0.51186	0.00245	0.02909	0.00181	0.00250	0.05760	0.00151	0.21788	0.08105	0.03368	0.00223	0.02571	0.00177	0.00119	0.00084	0.00033	0.00097	0.02539	0.00079	0.00134
8	0.00143	0.00098	0.00118	0.00127	0.00130	0.00095	0.00078	0.00151	0.00171	0.00228	0.00425	0.36161	0.00499	0.58301	0.00373	0.00078	0.00086	0.02590	0.00076	0.00072
9	0.00248	0.00281	0.00559	0.00406	0.00498	0.05060	0.80611	0.00325	0.00239	0.00319	0.00209	0.00291	0.00165	0.04356	0.00153	0.00038	0.05937	0.00119	0.00053	0.00134
10	0.00281	0.62872	0.19428	0.00215	0.00312	0.14807	0.00223	0.00331	0.00226	0.00263	0.00156	0.00181	0.00133	0.00094	0.00077	0.00025	0.00131	0.00062	0.00046	0.00136
11	0.00467	0.00177	0.00242	0.00185	0.00266	0.00153	0.00153	0.00508	0.00298	0.95762	0.00411	0.00355	0.00258	0.00129	0.00105	0.00032	0.00089	0.00105	0.00129	0.00177
12	0.02158	0.00211	0.00246	0.00206	0.00271	0.00221	0.00169	0.35756	0.11954	0.25252	0.00384	0.05645	0.00884	0.00166	0.00112	0.00035	0.00097	0.15967	0.00108	0.00155
13	0.15869	0.00277	0.00287	0.00223	0.00304	0.00309	0.00184	0.80132	0.00440	0.00626	0.00233	0.00237	0.00167	0.00120	0.00098	0.00031	0.00109	0.00088	0.00098	0.00167
14	0.00216	0.00185	0.00216	0.00154	0.00247	0.00139	0.00123	0.00262	0.00216	0.00339	0.00185	0.00216	0.00154	0.00077	0.00077	0.00015	0.00077	0.00062	0.00062	0.96976
15	0.00169	0.00132	0.00145	0.00141	0.00179	0.00128	0.00108	0.00254	0.19967	0.03776	0.08285	0.08671	0.51254	0.00236	0.00121	0.00036	0.00063	0.06127	0.00101	0.00108
16	0.00168	0.00120	0.00168	0.00192	0.00216	0.00120	0.00168	0.00216	0.00240	0.00312	0.00551	0.01175	0.00599	0.00288	0.00144	0.00048	0.00096	0.94989	0.00096	0.00096
17	0.00209	0.00539	0.95800	0.00297	0.00451	0.00242	0.00385	0.00330	0.00220	0.00330	0.00187	0.00220	0.00132	0.00099	0.00099	0.00033	0.00154	0.00077	0.00044	0.00154
18	0.00209	0.00539	0.95800	0.00297	0.00451	0.00242	0.00385	0.00330	0.00220	0.00330	0.00187	0.00220	0.00132	0.00099	0.00099	0.00033	0.00154	0.00077	0.00044	0.00154
19	0.00132	0.00094	0.00124	0.00141	0.00150	0.00088	0.00096	0.00156	0.00216	0.00293	0.19445	0.73071	0.00734	0.04555	0.00149	0.00043	0.00060	0.00268	0.00099	0.00086
20	0.00150	0.00112	0.00140	0.00146	0.00167	0.00108	0.00107	0.03424	0.03324	0.00336	0.29003	0.39947	0.13492	0.00267	0.00130	0.00038	0.00931	0.07981	0.00102	0.00096
21	0.03644	0.00241	0.19878	0.01088	0.00943	0.00204	0.07335	0.00239	0.00182	0.00552	0.00240	0.03649	0.00238	0.27854	0.07254	0.00066	0.23604	0.00115	0.02565	0.00107
22	0.00145	0.00098	0.00116	0.00122	0.00123	0.00097	0.00072	0.00150	0.00164	0.00219	0.00393	0.25934	0.00461	0.70975	0.00425	0.00085	0.00090	0.00190	0.00072	0.00069
23	0.00235	0.00240	0.00318	0.00273	0.00276	0.04552	0.00227	0.00258	0.00166	0.00251	0.00138	0.00226	0.00137	0.00179	0.00331	0.00045	0.91900	0.00090	0.00046	0.00114
24	0.00278	0.96402	0.00546	0.00178	0.00267	0.00412	0.00178	0.00312	0.00212	0.00245	0.00145	0.00167	0.00134	0.00089	0.00067	0.00022	0.00111	0.00056	0.00045	0.00134
25	0.00216	0.00210	0.00294	0.00256	0.00258	0.00289	0.00211	0.00240	0.00160	0.00248	0.00160	0.00262	0.00159	0.02593	0.12797	0.00063	0.81331	0.00095	0.00047	0.00110
26	0.00357	0.00181	0.00226	0.00183	0.00249	0.00176	0.00148	0.10342	0.15502	0.49907	0.21098	0.00441	0.00417	0.00149	0.00109	0.00033	0.00082	0.00124	0.00120	0.00158
27	0.00135	0.00097	0.00130	0.00154	0.00164	0.00092	0.00111	0.00159	0.00208	0.00275	0.00575	0.76095	0.01817	0.00318	0.00135	0.00043	0.00067	0.19241	0.00097	0.00087
28	0.00169	0.00123	0.00162	0.00178	0.00201	0.00123	0.00147	0.04417	0.02709	0.00316	0.01016	0.21775	0.03948	0.03556	0.00151	0.00047	0.00087	0.60683	0.00096	0.00097
29	0.00144	0.00110	0.00134	0.00138	0.00163	0.00102	0.00105	0.00191	0.04255	0.00338	0.35251	0.19841	0.26143	0.00256	0.00127	0.00037	0.00060	0.12406	0.00104	0.00095
30	0.00283	0.00157	0.00194	0.00171	0.00222	0.00153	0.00135	0.00379	0.21448	0.34163	0.17793	0.07869	0.09975	0.00186	0.00115	0.00035	0.00075	0.06396	0.00113	0.00139
31	0.01114	0.00100	0.00119	0.00128	0.00141	0.00095	0.00086	0.00172	0.00197	0.02065	0.02415	0.41214	0.08981	0.26459	0.00952	0.00056	0.00072	0.02511	0.13042	0.00083
32	0.00638	0.00129	0.00170	0.00166	0.00201	0.00120	0.00126	0.00678	0.05145	0.29285	0.00516	0.48790	0.01547	0.00250	0.00124	0.00039	0.00075	0.11774	0.00107	0.00119
33	0.00132	0.00108	0.00119	0.00123	0.00156	0.00094	0.00097	0.00164	0.00239	0.00290	0.02730	0.01032	0.74991	0.00268	0.00127	0.00038	0.00061	0.19043	0.00097	0.00090
34	0.15292	0.00234	0.00234	0.00199	0.00259	0.01263	0.00156	0.37914	0.07087	0.00549	0.00318	0.00353	0.00248	0.00147	0.00105	0.00037	0.00098	0.00104	0.35245	0.00158
35	0.00319	0.00228	0.00253	0.00223	0.00279	0.00237	0.00171	0.32655	0.21531	0.08029	0.02302	0.21853	0.04642	0.02708	0.00142	0.00045	0.00102	0.03492	0.00625	0.00163
36	0.00179	0.00117	0.00148	0.00151	0.00174	0.00113	0.00109	0.03173	0.05957	0.08799	0.15638	0.51137	0.05591	0.05238	0.00147	0.00042	0.00067	0.03018	0.00101	0.00102
37	0.00144	0.00106	0.00134	0.00127	0.00153	0.00097	0.00095	0.00189	0.00286	0.00396	0.80925	0.00813	0.15706	0.00221	0.00123	0.00033	0.00050	0.00193	0.00112	0.00097
38	0.00149	0.00106	0.00134	0.00150	0.00164	0.00102	0.00106	0.02936	0.02204	0.01697	0.02086	0.65240	0.06992	0.07214	0.00160	0.00046	0.00069	0.10261	0.00095	0.00090
39	0.00156	0.00116	0.00158	0.00160	0.00182	0.00127	0.00124	0.02654	0.01164	0.00273	0.00410	0.09803	0.09346	0.03051	0.57687	0.00118	0.01030	0.08989	0.04358	0.00094
40	0.00199	0.00134	0.00157	0.00154	0.00183	0.00133	0.00111	0.04045	0.15357	0.10267	0.01348	0.33849	0.14553	0.16058	0.00189	0.00048	0.00075	0.02936	0.00096	0.00108
41	0.00189	0.00122	0.00149	0.00150	0.00179	0.00115	0.00110	0.04788	0.05200	0.12040	0.00647	0.48853	0.23751	0.00266	0.00125	0.00039	0.00067	0.03003	0.00101	0.00106
42	0.00263	0.00184	0.00208	0.00184	0.00237	0.00194	0.00145	0.13985	0.34110	0.13539	0.02975	0.11354	0.14100	0.01238	0.00118	0.00036	0.00081	0.05954	0.00105	0.00989
43	0.00204	0.00156	0.00184	0.00177	0.00210	0.00167	0.00839	0.07855	0.26625	0.03617	0.04873	0.37691	0.06966	0.02430	0.00509	0.00040	0.03526	0.03713	0.00099	0.00120
44	0.00235	0.00139	0.00180	0.00177	0.00218	0.00135	0.00148	0.01079	0.08598	0.20982	0.05981	0.05165	0.11014	0.00234	0.00128	0.00041	0.00084	0.45239	0.00105	0.00119
45	0.00178	0.00138	0.00163	0.00168	0.00196	0.00144	0.00126	0.04238	0.24578	0.00338	0.04254	0.44821	0.07709	0.00728	0.00127	0.00040	0.00072	0.11770	0.00100	0.00111
46	0.00243	0.00196	0.00218	0.00205	0.00727	0.00220	0.00161	0.06715	0.60856	0.02077	0.01343	0.07664	0.00728	0.01232	0.00119	0.00038	0.00085	0.16923	0.00103	0.00146
47	0.05305	0.00340	0.26295	0.00262	0.00352	0.02579	0.02127	0.04492	0.45093	0.04274	0.02762	0.00409	0.00303	0.00157	0.00121	0.00042	0.00122	0.03630	0.00098	0.01234
48	0.00914	0.00258	0.00372	0.02302	0.66231	0.06632	0.00277	0.04372	0.12708	0.01554	0.00231	0.00279	0.00188	0.00104	0.00104	0.00031	0.00515	0.01058	0.00063	0.01807
49	0.00143	0.00106	0.00134	0.00151	0.00163	0.00103	0.00104	0.02013	0.07342	0.00292	0.04355	0.80686	0.01706	0.01426	0.00135	0.00042	0.00063	0.00846	0.00098	0.00093
50	0.00278	0.00221	0.00244	0.00210	0.00268	0.00252	0.00166	0.28851	0.48036	0.00462	0.00344	0.00358	0.00267	0.02741	0.16757	0.00059	0.00127	0.00110	0.00096	0.00153

[dist]
# distance from previous block
# <min> <max>
2	4

[block]
# block no. 1 follows, 315 sequences, length 9
# corresponding to MSA columns:
# 55-63
name=unknown_B
#
# <colnr> <probs for GDERKNQSTAVLIFYWHMCP>
#	G	D	E	R	K	N	Q	S	T	A	V	L	I	F	Y	W	H	M	C	P
0	0.00266	0.00197	0.00218	0.00196	0.00250	0.00217	0.00153	0.06790	0.58700	0.11256	0.00472	0.11046	0.06392	0.00172	0.00111	0.00036	0.00081	0.03190	0.00107	0.00151
1	0.00195	0.00187	0.11247	0.00180	0.00228	0.00156	0.00157	0.03166	0.19200	0.03805	0.31721	0.13627	0.03652	0.00206	0.00119	0.00036	0.00079	0.11817	0.00100	0.00121
2	0.05756	0.57859	0.11498	0.00209	0.00296	0.18414	0.00203	0.02185	0.02245	0.00281	0.00161	0.00184	0.00137	0.00096	0.00077	0.00025	0.00128	0.00062	0.00050	0.00134
3	0.00385	0.00181	0.00222	0.00179	0.00244	0.05549	0.00144	0.00434	0.03145	0.66135	0.21756	0.00441	0.00415	0.00147	0.00108	0.00032	0.00085	0.00122	0.00121	0.00156
4	0.00246	0.03170	0.16946	0.02002	0.00477	0.06319	0.57843	0.00328	0.00236	0.00319	0.00195	0.00255	0.00149	0.00097	0.00127	0.00034	0.06246	0.00104	0.00051	0.04857
5	0.01811	0.00357	0.44809	0.03110	0.00397	0.00218	0.15619	0.00334	0.02462	0.12915	0.03183	0.02623	0.04019	0.00128	0.00118	0.00035	0.04249	0.03405	0.00066	0.00144
6	0.00150	0.00110	0.00135	0.00139	0.00164	0.00102	0.00104	0.00194	0.04041	0.02721	0.27521	0.26837	0.26420	0.00261	0.00127	0.00038	0.00061	0.10677	0.00103	0.00096
7	0.00209	0.00539	0.95800	0.00297	0.00451	0.00242	0.00385	0.00330	0.00220	0.00330	0.00187	0.00220	0.00132	0.00099	0.00099	0.00033	0.00154	0.00077	0.00044	0.00154
8	0.00213	0.00141	0.00171	0.00168	0.00201	0.00141	0.00128	0.06293	0.13766	0.11575	0.03472	0.28541	0.07461	0.09167	0.00162	0.00045	0.00080	0.18061	0.00100	0.00114

[dist]
# distance from previous block
# <min> <max>
0	1

[block]
# block no. 2 follows, 315 sequences, length 50
# corresponding to MSA columns:
# 65-114
name=unknown_C
#
# <colnr> <probs for GDERKNQSTAVLIFYWHMCP>
#	G	D	E	R	K	N	Q	S	T	A	V	L	I	F	Y	W	H	M	C	P
0	0.00172	0.00113	0.00136	0.00130	0.00163	0.00099	0.00099	0.00207	0.00260	0.11009	0.32798	0.10027	0.40695	0.00238	0.00123	0.00035	0.00058	0.03431	0.00106	0.00101
1	0.00181	0.00090	0.00136	0.00136	0.00136	0.00090	0.00090	0.00136	0.00136	0.00181	0.00181	0.00317	0.00181	0.00362	0.00407	0.96970	0.00090	0.00090	0.00045	0.00045
2	0.00259	0.00224	0.00236	0.00212	0.00271	0.00259	0.00165	0.00553	0.95502	0.00436	0.00424	0.00389	0.00318	0.00141	0.00106	0.00035	0.00082	0.00118	0.00106	0.00165
3	0.00167	0.00115	0.00128	0.00123	0.00160	0.00100	0.00093	0.00203	0.03215	0.10850	0.04479	0.12551	0.66936	0.00251	0.00122	0.00036	0.00058	0.00212	0.00101	0.00100
4	0.00177	0.00104	0.00140	0.00152	0.00170	0.00096	0.00107	0.00200	0.00216	0.13949	0.01186	0.77765	0.01214	0.00295	0.00129	0.00041	0.00066	0.03792	0.00101	0.00098
5	0.00218	0.00186	0.00217	0.00155	0.00248	0.00141	0.00124	0.01370	0.00219	0.00343	0.00186	0.00216	0.00155	0.00078	0.00077	0.00016	0.00078	0.00062	0.00062	0.95849
6	0.00387	0.00164	0.00216	0.00172	0.00240	0.00144	0.00139	0.01098	0.03247	0.71027	0.10898	0.00474	0.11011	0.00154	0.00109	0.00033	0.00080	0.00127	0.00123	0.00158
7	0.00818	0.00116	0.00136	0.00139	0.00171	0.00106	0.00110	0.00204	0.03043	0.05362	0.08545	0.07205	0.45302	0.01511	0.00131	0.00039	0.00067	0.23759	0.03137	0.00098
8	0.00141	0.00109	0.00129	0.00124	0.00153	0.00099	0.00093	0.00189	0.02874	0.00367	0.57469	0.00852	0.36561	0.00230	0.00122	0.00034	0.00051	0.00198	0.00108	0.00096
9	0.00127	0.00091	0.00121	0.00145	0.00151	0.00085	0.00097	0.00145	0.00199	0.00266	0.00574	0.96272	0.00689	0.00326	0.00133	0.00042	0.00060	0.00296	0.00097	0.00085
10	0.00140	0.00108	0.00118	0.00117	0.00150	0.00093	0.00088	0.00171	0.00957	0.03296	0.13670	0.07129	0.70681	0.00256	0.00124	0.00036	0.00055	0.02617	0.00100	0.00093
11	0.00174	0.00126	0.00155	0.00163	0.00185	0.00129	0.00121	0.01895	0.16541	0.02821	0.05166	0.45215	0.00573	0.09769	0.00168	0.00047	0.00075	0.16477	0.00097	0.00103
12	0.00149	0.00118	0.00137	0.00145	0.00169	0.00116	0.00103	0.00218	0.16823	0.00302	0.02133	0.50105	0.28542	0.00274	0.00125	0.00039	0.00062	0.00241	0.00099	0.00100
13	0.01601	0.00178	0.00241	0.00185	0.00265	0.00154	0.00153	0.00505	0.00297	0.94644	0.00408	0.00352	0.00256	0.00129	0.00104	0.00032	0.00089	0.00104	0.00128	0.00176
14	0.00145	0.00105	0.00133	0.00151	0.00164	0.00102	0.00103	0.00189	0.08858	0.02053	0.00572	0.82827	0.03595	0.00304	0.00130	0.00041	0.00063	0.00274	0.00098	0.00094
15	0.00215	0.00184	0.00215	0.00154	0.00245	0.00138	0.00123	0.00261	0.00216	0.00338	0.00191	0.01572	0.00162	0.00081	0.00078	0.00016	0.00077	0.00065	0.00062	0.95608
16	0.00396	0.00292	0.00313	0.00240	0.00323	0.00323	0.00198	0.95343	0.00490	0.00656	0.00250	0.00250	0.00177	0.00125	0.00104	0.00031	0.00115	0.00094	0.00104	0.00177
17	0.00134	0.00096	0.00128	0.00149	0.00159	0.00090	0.00105	0.00159	0.00214	0.00288	0.11207	0.75186	0.00712	0.00309	0.00133	0.00042	0.00063	0.10641	0.00099	0.00087
18	0.00216	0.00220	0.00420	0.60086	0.03638	0.00243	0.33082	0.00291	0.00222	0.00292	0.00194	0.00278	0.00146	0.00098	0.00111	0.00035	0.00151	0.00103	0.00049	0.00126
19	0.00175	0.00143	0.00151	0.00140	0.00182	0.00140	0.00107	0.10861	0.14117	0.00354	0.07399	0.07164	0.58214	0.00231	0.00119	0.00035	0.00064	0.00194	0.00100	0.00110
20	0.00127	0.00091	0.00121	0.00145	0.00151	0.00085	0.00097	0.00145	0.00199	0.00266	0.00574	0.96272	0.00689	0.00326	0.00133	0.00042	0.00060	0.00296	0.00097	0.00085
21	0.00149	0.00111	0.00162	0.00162	0.00179	0.00127	0.00124	0.00183	0.00166	0.00238	0.00284	0.00435	0.00272	0.09976	0.86748	0.00161	0.00262	0.00115	0.00056	0.00090
22	0.00156	0.00107	0.00146	0.00167	0.00184	0.00103	0.00130	0.00189	0.00222	0.03283	0.00569	0.48167	0.02663	0.00301	0.00137	0.00044	0.00077	0.43166	0.00097	0.00093
23	0.00163	0.00117	0.00162	0.00185	0.00714	0.00116	0.00156	0.00209	0.01160	0.00311	0.03734	0.12768	0.02061	0.00287	0.00141	0.00046	0.00089	0.77387	0.00097	0.00096
24	0.00261	0.72216	0.24578	0.00208	0.00314	0.00369	0.00230	0.00316	0.00214	0.00266	0.00155	0.00180	0.00133	0.00092	0.00075	0.00025	0.00122	0.00061	0.00044	0.00139
25	0.00221	0.07514	0.85086	0.00287	0.00432	0.04042	0.00363	0.00332	0.00222	0.00321	0.00183	0.00215	0.00132	0.00099	0.00096	0.00032	0.00152	0.00075	0.00044	0.00151
26	0.00149	0.00126	0.00163	0.00146	0.00183	0.00114	0.07264	0.01668	0.03689	0.00338	0.29758	0.03852	0.51703	0.00230	0.00122	0.00035	0.00063	0.00200	0.00099	0.00099
27	0.02098	0.26250	0.13605	0.00224	0.00295	0.32644	0.00202	0.03412	0.05270	0.00283	0.00195	0.00257	0.00173	0.10877	0.00765	0.00037	0.03154	0.00079	0.00055	0.00126
28	0.01703	0.18615	0.42251	0.00262	0.00783	0.23467	0.01506	0.04583	0.02807	0.01063	0.00182	0.00209	0.00141	0.00103	0.00096	0.00030	0.01930	0.00073	0.00052	0.00142
29	0.00223	0.00185	0.00217	0.00155	0.00247	0.00139	0.00124	0.00269	0.00218	0.03037	0.00192	0.00220	0.00157	0.00079	0.00078	0.00016	0.00077	0.00063	0.00064	0.94239
30	0.00241	0.41492	0.00391	0.00212	0.00260	0.02321	0.03827	0.00794	0.00563	0.00882	0.00182	0.00998	0.00169	0.01632	0.14054	0.00052	0.27708	0.00083	0.04018	0.00120
31	0.00135	0.00099	0.00128	0.00147	0.00159	0.00094	0.00102	0.00167	0.03571	0.00285	0.06659	0.76546	0.05658	0.00307	0.00131	0.00041	0.00062	0.05522	0.00098	0.00089
32	0.00263	0.00225	0.00237	0.00213	0.00272	0.00261	0.00166	0.02947	0.93103	0.00441	0.00420	0.00385	0.00314	0.00141	0.00106	0.00035	0.00083	0.00117	0.00106	0.00165
33	0.00127	0.00099	0.00115	0.00126	0.00148	0.00088	0.00090	0.00151	0.00223	0.00282	0.05226	0.43164	0.46962	0.00290	0.00128	0.00039	0.00057	0.02500	0.00098	0.00087
34	0.00258	0.00247	0.00423	0.00639	0.95690	0.00247	0.00320	0.00320	0.00237	0.00340	0.00196	0.00258	0.00165	0.00093	0.00103	0.00031	0.00124	0.00093	0.00052	0.00165
35	0.00424	0.00182	0.00237	0.00187	0.00263	0.00167	0.00153	0.00504	0.14892	0.77886	0.02832	0.00376	0.01132	0.00134	0.00106	0.00033	0.00086	0.00110	0.00125	0.00173
36	0.00152	0.00126	0.00137	0.00138	0.00172	0.00121	0.00105	0.00228	0.17413	0.00311	0.02243	0.15872	0.54318	0.00253	0.00123	0.00037	0.00063	0.07986	0.00099	0.00102
37	0.97075	0.00201	0.00153	0.00137	0.00201	0.00234	0.00113	0.00306	0.00177	0.00467	0.00145	0.00169	0.00113	0.00097	0.00064	0.00032	0.00081	0.00056	0.00064	0.00113
38	0.00227	0.00226	0.00319	0.04475	0.00293	0.00315	0.00231	0.00251	0.00162	0.00251	0.00139	0.00230	0.00137	0.00179	0.00331	0.00045	0.91939	0.00091	0.00046	0.00114
39	0.00246	0.00281	0.00615	0.00439	0.00544	0.00263	0.95312	0.00334	0.00246	0.00334	0.00211	0.00281	0.00158	0.00088	0.00123	0.00035	0.00176	0.00123	0.00053	0.00140
40	0.00181	0.00090	0.00136	0.00136	0.00136	0.00090	0.00090	0.00136	0.00136	0.00181	0.00181	0.00317	0.00181	0.00362	0.00407	0.96970	0.00090	0.00090	0.00045	0.00045
41	0.00149	0.00111	0.00165	0.00165	0.00183	0.00129	0.00128	0.00185	0.00167	0.00240	0.00281	0.00420	0.00265	0.04489	0.92225	0.00165	0.00272	0.00113	0.00056	0.00092
42	0.00181	0.00090	0.00136	0.00136	0.00136	0.00090	0.00090	0.00136	0.00136	0.00181	0.00181	0.00317	0.00181	0.00362	0.00407	0.96970	0.00090	0.00090	0.00045	0.00045
43	0.00344	0.00300	0.00279	0.00233	0.00302	0.17235	0.00185	0.40977	0.36349	0.02239	0.00303	0.00293	0.00224	0.00128	0.00103	0.00032	0.00115	0.00098	0.00096	0.00163
44	0.00149	0.00112	0.00167	0.00167	0.00186	0.00130	0.00130	0.00186	0.00167	0.00242	0.00279	0.00409	0.00260	0.00781	0.95927	0.00167	0.00279	0.00112	0.00056	0.00093
45	0.00209	0.00539	0.95800	0.00297	0.00451	0.00242	0.00385	0.00330	0.00220	0.00330	0.00187	0.00220	0.00132	0.00099	0.00099	0.00033	0.00154	0.00077	0.00044	0.00154
46	0.00149	0.00112	0.00167	0.00167	0.00186	0.00130	0.00130	0.00186	0.00167	0.00242	0.00279	0.00409	0.00260	0.00781	0.95927	0.00167	0.00279	0.00112	0.00056	0.00093
47	0.00288	0.00236	0.00250	0.00217	0.00281	0.00270	0.00171	0.18495	0.76117	0.01879	0.00391	0.00362	0.00290	0.00138	0.00106	0.00035	0.00089	0.00113	0.00106	0.00167
48	0.00278	0.96402	0.00546	0.00178	0.00267	0.00412	0.00178	0.00312	0.00212	0.00245	0.00145	0.00167	0.00134	0.00089	0.00067	0.00022	0.00111	0.00056	0.00045	0.00134
49	0.03350	0.00705	0.05779	0.00723	0.01122	0.05915	0.00123	0.01140	0.00179	0.00247	0.00615	0.06745	0.00629	0.39507	0.32086	0.00105	0.00165	0.00133	0.00644	0.00088

[dist]
# distance from previous block
# <min> <max>
0	1

[block]
# block no. 3 follows, 315 sequences, length 109
# corresponding to MSA columns:
# 116-224
name=unknown_D
#
# <colnr> <probs for GDERKNQSTAVLIFYWHMCP>
#	G	D	E	R	K	N	Q	S	T	A	V	L	I	F	Y	W	H	M	C	P
0	0.00258	0.01276	0.18432	0.00462	0.50860	0.02752	0.04046	0.05043	0.06121	0.02612	0.01018	0.00944	0.00944	0.00109	0.00105	0.00032	0.00514	0.02559	0.00060	0.01854
1	0.00302	0.51425	0.05027	0.00227	0.00838	0.23919	0.05392	0.01449	0.03545	0.02257	0.00174	0.00616	0.00148	0.00100	0.00088	0.00026	0.02522	0.00069	0.00052	0.01825
2	0.00133	0.00098	0.00126	0.00145	0.00802	0.00092	0.00099	0.00160	0.02063	0.00280	0.05979	0.71800	0.12401	0.02245	0.00139	0.00042	0.00062	0.03151	0.00097	0.00088
3	0.00285	0.00278	0.15125	0.00227	0.00304	0.00254	0.00204	0.25561	0.43023	0.04037	0.00353	0.05346	0.00279	0.00147	0.00405	0.00035	0.00102	0.03779	0.00096	0.00160
4	0.00151	0.00101	0.00115	0.00115	0.00115	0.00102	0.00064	0.00152	0.00152	0.00203	0.00327	0.00677	0.00377	0.94609	0.02258	0.00102	0.00104	0.00151	0.00063	0.00064
5	0.00280	0.94675	0.00541	0.00180	0.00268	0.02132	0.00179	0.00314	0.00213	0.00245	0.00145	0.00167	0.00134	0.00089	0.00067	0.00022	0.00113	0.00056	0.00045	0.00133
6	0.00397	0.00289	0.00311	0.00238	0.00322	0.00319	0.00197	0.93299	0.00486	0.02705	0.00254	0.00252	0.00179	0.00125	0.00104	0.00031	0.00114	0.00094	0.00105	0.00177
7	0.00149	0.00112	0.00167	0.00167	0.00186	0.00130	0.00130	0.00186	0.00167	0.00242	0.00279	0.00409	0.00260	0.00781	0.95927	0.00167	0.00279	0.00112	0.00056	0.00093
8	0.00168	0.00121	0.00169	0.00195	0.00811	0.00121	0.00169	0.00216	0.00240	0.00312	0.00549	0.01169	0.00597	0.00287	0.00144	0.00048	0.00096	0.94398	0.00096	0.00096
9	0.00166	0.00136	0.00147	0.00142	0.00180	0.00134	0.00108	0.00264	0.24469	0.01280	0.14595	0.07221	0.47873	0.00229	0.00120	0.00036	0.00062	0.02627	0.00102	0.00110
10	0.00227	0.00208	0.00304	0.00229	0.03580	0.00172	0.18879	0.02312	0.00228	0.00344	0.00194	0.00808	0.00159	0.00083	0.00089	0.00020	0.00573	0.00077	0.00061	0.71453
11	0.00263	0.02124	0.03718	0.00213	0.00278	0.00255	0.00716	0.02867	0.81233	0.02489	0.00399	0.01124	0.00301	0.00138	0.00104	0.00034	0.00087	0.00501	0.00101	0.03053
12	0.00285	0.02557	0.03251	0.00296	0.03868	0.04245	0.28974	0.08514	0.29606	0.09757	0.00712	0.01893	0.00236	0.00123	0.00539	0.00034	0.00123	0.01566	0.00436	0.02985
13	0.00270	0.58859	0.24890	0.00225	0.01968	0.05322	0.01355	0.02397	0.00562	0.02086	0.00168	0.00196	0.00140	0.01069	0.00084	0.00027	0.00127	0.00066	0.00048	0.00140
14	0.00127	0.00091	0.00121	0.00144	0.00151	0.00085	0.00096	0.00145	0.00200	0.00266	0.00582	0.94779	0.02177	0.00325	0.00133	0.00042	0.00060	0.00295	0.00097	0.00085
15	0.00232	0.00598	0.04532	0.00215	0.02948	0.01341	0.10695	0.04595	0.07182	0.01936	0.00244	0.05329	0.01082	0.00105	0.00092	0.00023	0.00096	0.00986	0.00068	0.57703
16	0.00241	0.00921	0.00704	0.01051	0.09177	0.16529	0.08899	0.06693	0.00642	0.01433	0.00312	0.27860	0.00547	0.00171	0.00855	0.00032	0.01065	0.01742	0.00073	0.21052
17	0.97075	0.00201	0.00153	0.00137	0.00201	0.00234	0.00113	0.00306	0.00177	0.00467	0.00145	0.00169	0.00113	0.00097	0.00064	0.00032	0.00081	0.00056	0.00064	0.00113
18	0.02650	0.00230	0.01416	0.00247	0.00272	0.01638	0.01270	0.17144	0.02053	0.02905	0.00203	0.01571	0.00185	0.03588	0.05511	0.00050	0.56306	0.02574	0.00063	0.00125
19	0.00167	0.00124	0.00143	0.00132	0.00152	0.01392	0.00617	0.00641	0.00886	0.00240	0.00322	0.08070	0.00356	0.62837	0.04947	0.00082	0.00104	0.01852	0.00066	0.16874
20	0.00198	0.00187	0.00318	0.94437	0.00714	0.00232	0.01931	0.00267	0.00209	0.00267	0.00186	0.00278	0.00139	0.00104	0.00104	0.00035	0.00139	0.00093	0.00046	0.00116
21	0.00127	0.00091	0.00121	0.00145	0.00151	0.00085	0.00097	0.00145	0.00199	0.00266	0.00574	0.96272	0.00689	0.00326	0.00133	0.00042	0.00060	0.00296	0.00097	0.00085
22	0.00127	0.00091	0.00121	0.00145	0.00151	0.00085	0.00097	0.00145	0.00199	0.00266	0.00574	0.96272	0.00689	0.00326	0.00133	0.00042	0.00060	0.00296	0.00097	0.00085
23	0.00214	0.06361	0.89131	0.00289	0.00438	0.00252	0.00370	0.00331	0.01097	0.00326	0.00187	0.00218	0.00134	0.00099	0.00097	0.00032	0.00151	0.00076	0.00045	0.00153
24	0.00152	0.00112	0.00143	0.00135	0.00161	0.00105	0.00101	0.00212	0.04473	0.00418	0.91457	0.00761	0.00954	0.00210	0.00122	0.00033	0.00051	0.00185	0.00114	0.00101
25	0.01576	0.93745	0.00537	0.00179	0.00267	0.01773	0.00178	0.00313	0.00212	0.00248	0.00145	0.00167	0.00133	0.00089	0.00067	0.00022	0.00112	0.00056	0.00045	0.00133
26	0.00252	0.00269	0.00313	0.00271	0.00281	0.16093	0.00811	0.00277	0.00183	0.00252	0.00145	0.00226	0.00140	0.00185	0.02840	0.00046	0.77167	0.00088	0.00047	0.00115
27	0.00199	0.00189	0.00311	0.91493	0.00696	0.01115	0.00285	0.00266	0.00207	0.00265	0.00184	0.00276	0.00140	0.00112	0.00864	0.00036	0.03107	0.00092	0.00046	0.00116
28	0.00162	0.00116	0.00155	0.00162	0.00188	0.00112	0.00134	0.00214	0.02173	0.01469	0.38445	0.01980	0.06326	0.00252	0.00133	0.00041	0.00074	0.47662	0.00104	0.00099
29	0.00155	0.00111	0.00137	0.00130	0.00159	0.00102	0.00098	0.00204	0.02485	0.03393	0.66209	0.00816	0.23447	0.00222	0.00122	0.00034	0.00053	0.01913	0.00110	0.00100
30	0.00154	0.00114	0.00139	0.00137	0.00165	0.00107	0.00104	0.00206	0.05155	0.02169	0.42393	0.06570	0.25372	0.04968	0.00145	0.00039	0.00061	0.11799	0.00104	0.00098
31	0.00216	0.00185	0.00216	0.00154	0.00247	0.00139	0.00123	0.00262	0.00216	0.00339	0.00185	0.00216	0.00154	0.00077	0.00077	0.00015	0.00077	0.00062	0.00062	0.96976
32	0.00221	0.00150	0.00190	0.00194	0.00232	0.00155	0.00163	0.01327	0.21313	0.10596	0.01256	0.03038	0.01331	0.00237	0.00130	0.00043	0.00091	0.59110	0.00102	0.00120
33	0.10286	0.03453	0.55848	0.00284	0.03465	0.10374	0.04520	0.06965	0.00244	0.01295	0.00187	0.00219	0.00138	0.00105	0.00612	0.00033	0.01246	0.00078	0.00503	0.00146
34	0.00356	0.00261	0.00283	0.00225	0.00298	0.00287	0.00183	0.74519	0.08488	0.02690	0.00305	0.11074	0.00248	0.00149	0.00108	0.00033	0.00105	0.00119	0.00104	0.00166
35	0.00233	0.00202	0.00270	0.00209	0.01864	0.00467	0.11596	0.03881	0.12455	0.02436	0.00243	0.03792	0.00203	0.01248	0.01826	0.00027	0.01390	0.00090	0.00070	0.57497
36	0.00161	0.00128	0.00136	0.00129	0.00168	0.00645	0.00098	0.00232	0.14728	0.03697	0.15202	0.00848	0.62981	0.00232	0.00120	0.00035	0.00059	0.00195	0.00102	0.00105
37	0.00197	0.00185	0.00312	0.96089	0.00717	0.00231	0.00289	0.00266	0.00208	0.00266	0.00185	0.00278	0.00139	0.00104	0.00104	0.00035	0.00139	0.00093	0.00046	0.00116
38	0.00153	0.00115	0.00141	0.00145	0.00174	0.00109	0.00115	0.00205	0.04956	0.01324	0.28611	0.06308	0.30764	0.00251	0.00128	0.00038	0.00066	0.26195	0.00103	0.00098
39	0.00127	0.00099	0.00115	0.00126	0.00147	0.00087	0.00089	0.00151	0.00225	0.00286	0.08809	0.44149	0.44643	0.00288	0.00128	0.00038	0.00056	0.00252	0.00098	0.00087
40	0.00138	0.00106	0.00124	0.00120	0.00149	0.00094	0.00090	0.00176	0.00268	0.00756	0.51597	0.02035	0.43500	0.00237	0.00123	0.00034	0.00051	0.00203	0.00106	0.00094
41	0.00310	0.00249	0.00264	0.00222	0.00290	0.00283	0.00177	0.35994	0.59978	0.00518	0.00359	0.00337	0.00265	0.00135	0.00105	0.00034	0.00094	0.00109	0.00105	0.00169
42	0.00461	0.00182	0.00244	0.00188	0.00268	0.00161	0.00155	0.05256	0.00308	0.90113	0.01286	0.00353	0.00261	0.00129	0.00105	0.00032	0.00090	0.00105	0.00128	0.00177
43	0.09197	0.33000	0.46626	0.00237	0.00355	0.02441	0.00274	0.05881	0.00231	0.00649	0.00173	0.00199	0.00134	0.00097	0.00085	0.00029	0.00131	0.00069	0.00050	0.00144
44	0.00278	0.96402	0.00546	0.00178	0.00267	0.00412	0.00178	0.00312	0.00212	0.00245	0.00145	0.00167	0.00134	0.00089	0.00067	0.00022	0.00111	0.00056	0.00045	0.00134
45	0.00147	0.00106	0.00139	0.00131	0.00156	0.00098	0.00098	0.00197	0.00295	0.00418	0.95635	0.00778	0.00983	0.00213	0.00123	0.00033	0.00049	0.00188	0.00115	0.00098
46	0.00127	0.00091	0.00121	0.00145	0.00151	0.00085	0.00097	0.00145	0.00200	0.00266	0.00577	0.95675	0.01284	0.00326	0.00133	0.00042	0.00060	0.00296	0.00097	0.00085
47	0.00228	0.00228	0.00319	0.00273	0.00273	0.00319	0.00228	0.00251	0.00160	0.00251	0.00137	0.00228	0.00137	0.00182	0.00342	0.00046	0.96149	0.00091	0.00046	0.00114
48	0.00397	0.00291	0.00312	0.00239	0.00322	0.00321	0.00197	0.94356	0.00488	0.01646	0.00252	0.00251	0.00178	0.00125	0.00104	0.00031	0.00114	0.00094	0.00104	0.00177
49	0.00181	0.00090	0.00136	0.00136	0.00136	0.00090	0.00090	0.00136	0.00136	0.00181	0.00181	0.00317	0.00181	0.00362	0.00407	0.96970	0.00090	0.00090	0.00045	0.00045
50	0.00442	0.00183	0.00241	0.00189	0.00266	0.00166	0.00155	0.00513	0.11963	0.84082	0.00412	0.00359	0.00265	0.00130	0.00105	0.00033	0.00088	0.00106	0.00126	0.00176
51	0.00140	0.00476	0.00130	0.00125	0.00152	0.00096	0.00093	0.00181	0.00273	0.00369	0.62250	0.04156	0.29660	0.00233	0.00123	0.00034	0.00051	0.01253	0.00108	0.00095
52	0.00219	0.00187	0.00217	0.00156	0.00248	0.00142	0.00125	0.01715	0.00220	0.00344	0.00186	0.00216	0.00155	0.00078	0.00078	0.00016	0.00078	0.00062	0.00062	0.95498
53	0.00375	0.00252	0.00279	0.00222	0.00299	0.00273	0.00181	0.53932	0.22799	0.18448	0.00321	0.00302	0.00225	0.00129	0.00104	0.00032	0.00102	0.00101	0.00448	0.01176
54	0.00129	0.00092	0.00123	0.00146	0.00154	0.00086	0.00100	0.00149	0.00202	0.00269	0.00588	0.88836	0.03572	0.00323	0.00133	0.00042	0.00062	0.04813	0.00097	0.00085
55	0.96346	0.00201	0.00154	0.00137	0.00202	0.00233	0.00113	0.00308	0.00178	0.01187	0.00147	0.00171	0.00114	0.00097	0.00065	0.00032	0.00081	0.00057	0.00065	0.00113
56	0.00188	0.00138	0.00164	0.00157	0.00187	0.00124	0.00115	0.00227	0.02138	0.01380	0.71712	0.04225	0.18300	0.00249	0.00140	0.00041	0.00065	0.00208	0.00124	0.00119
57	0.00258	0.00247	0.00423	0.00639	0.95690	0.00247	0.00320	0.00320	0.00237	0.00340	0.00196	0.00258	0.00165	0.00093	0.00103	0.00031	0.00124	0.00093	0.00052	0.00165
58	0.00249	0.00200	0.00218	0.00198	0.00252	0.00225	0.00155	0.00880	0.72465	0.05122	0.09564	0.00490	0.04037	0.00160	0.00110	0.00036	0.00079	0.05302	0.00107	0.00152
59	0.00278	0.96402	0.00546	0.00178	0.00267	0.00412	0.00178	0.00312	0.00212	0.00245	0.00145	0.00167	0.00134	0.00089	0.00067	0.00022	0.00111	0.00056	0.00045	0.00134
60	0.00467	0.00177	0.00242	0.00185	0.00266	0.00153	0.00153	0.00508	0.00298	0.95762	0.00411	0.00355	0.00258	0.00129	0.00105	0.00032	0.00089	0.00105	0.00129	0.00177
61	0.00133	0.00106	0.00117	0.00114	0.00145	0.00092	0.00086	0.00167	0.00257	0.00330	0.33483	0.00913	0.61322	0.00244	0.00122	0.00034	0.00051	0.00207	0.01985	0.00092
62	0.00216	0.00185	0.00216	0.00154	0.00247	0.00139	0.00123	0.00262	0.00216	0.00339	0.00185	0.00216	0.00154	0.00077	0.00077	0.00015	0.00077	0.00062	0.00062	0.96976
63	0.97075	0.00201	0.00153	0.00137	0.00201	0.00234	0.00113	0.00306	0.00177	0.00467	0.00145	0.00169	0.00113	0.00097	0.00064	0.00032	0.00081	0.00056	0.00064	0.00113
64	0.00198	0.00187	0.00318	0.94437	0.00714	0.00232	0.01931	0.00267	0.00209	0.00267	0.00186	0.00278	0.00139	0.00104	0.00104	0.00035	0.00139	0.00093	0.00046	0.00116
65	0.00127	0.00091	0.00120	0.00144	0.00150	0.00085	0.00096	0.00145	0.00199	0.00265	0.00579	0.93096	0.02394	0.01792	0.00139	0.00043	0.00061	0.00293	0.00096	0.00084
66	0.00389	0.00496	0.00295	0.00268	0.00322	0.95922	0.00201	0.00416	0.00295	0.00255	0.00161	0.00188	0.00134	0.00107	0.00094	0.00027	0.00188	0.00067	0.00054	0.00121
67	0.00246	0.00281	0.00615	0.00439	0.00544	0.00263	0.95312	0.00334	0.00246	0.00334	0.00211	0.00281	0.00158	0.00088	0.00123	0.00035	0.00176	0.00123	0.00053	0.00140
68	0.00250	0.00201	0.00218	0.00197	0.00250	0.00225	0.00152	0.04893	0.68942	0.04451	0.03836	0.11594	0.03997	0.00169	0.00110	0.00036	0.00079	0.00143	0.00106	0.00151
69	0.00317	0.00243	0.00262	0.00213	0.00284	0.01213	0.00172	0.48508	0.24308	0.02493	0.02054	0.02453	0.03525	0.00141	0.00105	0.00032	0.00098	0.03777	0.00100	0.09703
70	0.00147	0.00100	0.00116	0.00120	0.00124	0.00098	0.00072	0.00153	0.00167	0.00220	0.01132	0.15468	0.05013	0.73464	0.00435	0.00087	0.00092	0.02852	0.00071	0.00069
71	0.00193	0.00147	0.00161	0.00151	0.00192	0.00148	0.00115	0.06689	0.22492	0.05039	0.03674	0.14251	0.42494	0.02366	0.00128	0.00037	0.00068	0.01440	0.00101	0.00116
72	0.00297	0.00194	0.00222	0.00191	0.00252	0.00204	0.00151	0.04698	0.48290	0.24738	0.03868	0.04710	0.06570	0.00156	0.00108	0.00034	0.00081	0.01476	0.00109	0.03651
73	0.00301	0.00236	0.00252	0.00215	0.00278	0.02481	0.00172	0.31731	0.42824	0.04032	0.00363	0.01862	0.00552	0.02019	0.00117	0.00036	0.00674	0.08324	0.00101	0.03430
74	0.00206	0.00199	0.00313	0.73059	0.00618	0.03674	0.04886	0.00915	0.02075	0.00273	0.00205	0.03801	0.00168	0.00141	0.03445	0.00040	0.05713	0.00102	0.00051	0.00116
75	0.00232	0.00199	0.00221	0.00164	0.00251	0.03374	0.00131	0.02448	0.07316	0.02071	0.01937	0.00771	0.00186	0.00089	0.00082	0.00018	0.00082	0.00071	0.00068	0.80290
76	0.95560	0.00203	0.00156	0.00139	0.00203	0.00235	0.00114	0.01795	0.00182	0.00470	0.00147	0.00170	0.00114	0.00097	0.00065	0.00032	0.00081	0.00057	0.00065	0.00114
77	0.00135	0.00103	0.00123	0.00125	0.00150	0.00092	0.00092	0.00169	0.00254	0.00336	0.40824	0.20846	0.35068	0.00256	0.00125	0.00036	0.00053	0.01019	0.00104	0.00092
78	0.00155	0.00105	0.00122	0.00121	0.00124	0.00107	0.00072	0.01646	0.00159	0.00213	0.00325	0.01591	0.00367	0.84929	0.09462	0.00106	0.00117	0.00148	0.00063	0.00068
79	0.00149	0.00110	0.00160	0.00160	0.00176	0.00126	0.00121	0.00181	0.00165	0.00236	0.00286	0.00448	0.00277	0.14546	0.82186	0.00158	0.00253	0.00117	0.00057	0.00089
80	0.97075	0.00201	0.00153	0.00137	0.00201	0.00234	0.00113	0.00306	0.00177	0.00467	0.00145	0.00169	0.00113	0.00097	0.00064	0.00032	0.00081	0.00056	0.00064	0.00113
81	0.00246	0.00281	0.00615	0.00439	0.00544	0.00263	0.95312	0.00334	0.00246	0.00334	0.00211	0.00281	0.00158	0.00088	0.00123	0.00035	0.00176	0.00123	0.00053	0.00140
82	0.00194	0.00097	0.00097	0.00097	0.00121	0.00097	0.00073	0.00243	0.00218	0.00388	0.00340	0.00388	0.00267	0.00121	0.00073	0.00024	0.00049	0.00097	0.96918	0.00097
83	0.00392	0.00289	0.00310	0.00239	0.00321	0.00320	0.00197	0.93889	0.00485	0.00650	0.00251	0.00252	0.00178	0.00135	0.01568	0.00033	0.00117	0.00094	0.00103	0.00176
84	0.00209	0.00539	0.95800	0.00297	0.00451	0.00242	0.00385	0.00330	0.00220	0.00330	0.00187	0.00220	0.00132	0.00099	0.00099	0.00033	0.00154	0.00077	0.00044	0.00154
85	0.00123	0.00105	0.00106	0.00106	0.00141	0.00088	0.00079	0.00149	0.00237	0.00281	0.01049	0.02125	0.94528	0.00265	0.00123	0.00035	0.00053	0.00221	0.00097	0.00088
86	0.00194	0.00097	0.00097	0.00097	0.00121	0.00097	0.00073	0.00243	0.00218	0.00388	0.00340	0.00388	0.00267	0.00121	0.00073	0.00024	0.00049	0.00097	0.96918	0.00097
87	0.95403	0.00202	0.00155	0.00138	0.00203	0.00234	0.00114	0.00310	0.01824	0.00467	0.00150	0.00173	0.00116	0.00097	0.00065	0.00032	0.00081	0.00057	0.00065	0.00114
88	0.00441	0.00195	0.00250	0.00558	0.00274	0.00182	0.00159	0.16478	0.01740	0.75222	0.00402	0.00356	0.02977	0.00132	0.00105	0.00032	0.00092	0.00106	0.00123	0.00174
89	0.00396	0.00497	0.00301	0.00275	0.00329	0.93905	0.00205	0.00420	0.00301	0.00267	0.00175	0.00208	0.00148	0.00128	0.01962	0.00032	0.00194	0.00072	0.00058	0.00127
90	0.00228	0.00228	0.00319	0.00273	0.00273	0.00319	0.00228	0.00251	0.00160	0.00251	0.00137	0.00228	0.00137	0.00182	0.00342	0.00046	0.96149	0.00091	0.00046	0.00114
91	0.00396	0.00292	0.00313	0.00240	0.00323	0.00323	0.00198	0.95343	0.00490	0.00656	0.00250	0.00250	0.00177	0.00125	0.00104	0.00031	0.00115	0.00094	0.00104	0.00177
92	0.00151	0.00103	0.00125	0.00125	0.00129	0.00107	0.00078	0.00159	0.00155	0.00211	0.00317	0.00622	0.00353	0.75413	0.21422	0.00116	0.00140	0.00143	0.00062	0.00070
93	0.00168	0.00120	0.00168	0.00192	0.00216	0.00120	0.00168	0.00216	0.00240	0.00312	0.00551	0.01175	0.00599	0.00288	0.00144	0.00048	0.00096	0.94989	0.00096	0.00096
94	0.00216	0.00185	0.00216	0.00154	0.00247	0.00139	0.00123	0.00262	0.00216	0.00339	0.00185	0.00216	0.00154	0.00077	0.00077	0.00015	0.00077	0.00062	0.00062	0.96976
95	0.00124	0.00106	0.00107	0.00107	0.00141	0.00088	0.00080	0.00151	0.00240	0.00287	0.04909	0.00993	0.91791	0.00262	0.00123	0.00035	0.00053	0.00219	0.00097	0.00088
96	0.00198	0.00124	0.00160	0.00144	0.00178	0.00117	0.00110	0.02519	0.04154	0.12244	0.77343	0.00699	0.00845	0.00198	0.00120	0.00033	0.00057	0.00528	0.00116	0.00113
97	0.00159	0.00114	0.00144	0.00136	0.00165	0.00107	0.00104	0.00216	0.04653	0.03075	0.71779	0.02320	0.11746	0.00218	0.00123	0.00034	0.00055	0.04637	0.00111	0.00102
98	0.00209	0.00539	0.95800	0.00297	0.00451	0.00242	0.00385	0.00330	0.00220	0.00330	0.00187	0.00220	0.00132	0.00099	0.00099	0.00033	0.00154	0.00077	0.00044	0.00154
99	0.00405	0.00254	0.00287	0.00221	0.00302	0.00270	0.00182	0.64552	0.03412	0.26383	0.01789	0.00296	0.00889	0.00129	0.00105	0.00032	0.00105	0.00100	0.00111	0.00175
100	0.00228	0.00170	0.00191	0.00174	0.00221	0.00181	0.00135	0.02344	0.44609	0.08094	0.22381	0.03962	0.11721	0.00181	0.00113	0.00035	0.00071	0.02955	0.02096	0.00135
101	0.00224	0.00189	0.00220	0.00162	0.00251	0.00152	0.00534	0.00968	0.08284	0.01543	0.00210	0.00624	0.00172	0.00085	0.00082	0.00018	0.00490	0.00069	0.00067	0.85657
102	0.00136	0.00100	0.00129	0.00149	0.00161	0.00095	0.00103	0.00170	0.04334	0.00282	0.03671	0.79635	0.03961	0.00307	0.00131	0.00041	0.00063	0.05170	0.00097	0.01264
103	0.01204	0.00947	0.04651	0.00856	0.19309	0.12346	0.06695	0.06425	0.12234	0.19600	0.00289	0.00597	0.02031	0.00138	0.02923	0.00601	0.01426	0.01058	0.00080	0.06590
104	0.00662	0.02111	0.01728	0.00253	0.00551	0.17483	0.02891	0.02246	0.01716	0.05305	0.00613	0.01061	0.00411	0.01909	0.10801	0.00054	0.49936	0.00094	0.00056	0.00119
105	0.00151	0.00101	0.00114	0.00114	0.00114	0.00101	0.00063	0.00151	0.00151	0.00202	0.00328	0.00682	0.00379	0.96340	0.00530	0.00101	0.00101	0.00151	0.00063	0.00063
106	0.00213	0.02660	0.87858	0.00304	0.01604	0.00247	0.04436	0.00331	0.00813	0.00329	0.00189	0.00223	0.00135	0.00098	0.00099	0.00033	0.00153	0.00079	0.00045	0.00153
107	0.00338	0.01743	0.01005	0.03003	0.04813	0.38879	0.06686	0.17248	0.09771	0.06477	0.00245	0.05068	0.00200	0.00130	0.00683	0.00032	0.03368	0.00097	0.00074	0.00140
108	0.00181	0.00090	0.00136	0.00136	0.00136	0.00090	0.00090	0.00136	0.00136	0.00181	0.00181	0.00317	0.00181	0.00362	0.00407	0.96970	0.00090	0.00090	0.00045	0.00045

[dist]
# distance from previous block
# <min> <max>
4	10

# created by:
# /share/home/app/bin/augustus-3.3.1/scripts/msa2prfl.pl /dev/shm/tmp/ogap_db/mt-Sauria/msas/COX2.aln --setname=COX2
