[name]
COX3

[dist]
# distance from previous block
# <min> <max>
0	0

[block]
# block no. 0 follows, 310 sequences, length 221
# corresponding to MSA columns:
# 0-220
name=unknown_A
#
# <colnr> <probs for GDERKNQSTAVLIFYWHMCP>
#	G	D	E	R	K	N	Q	S	T	A	V	L	I	F	Y	W	H	M	C	P
0	0.00170	0.00122	0.00170	0.00195	0.00219	0.00122	0.00170	0.00219	0.00243	0.00316	0.00560	0.01193	0.00608	0.00292	0.00146	0.00049	0.00097	0.94913	0.00097	0.00097
1	0.00372	0.01018	0.00250	0.00209	0.01338	0.04301	0.00165	0.02005	0.40759	0.46472	0.00406	0.00365	0.00727	0.00135	0.00106	0.00034	0.00092	0.00110	0.00115	0.01024
2	0.00242	0.00247	0.00324	0.00791	0.02522	0.05941	0.00231	0.00269	0.01012	0.00259	0.00145	0.00232	0.00141	0.00180	0.00631	0.00045	0.86533	0.00091	0.00047	0.00118
3	0.00250	0.00285	0.00624	0.00446	0.00553	0.00267	0.95241	0.00339	0.00250	0.00339	0.00214	0.00285	0.00160	0.00089	0.00125	0.00036	0.00178	0.00125	0.00053	0.00143
4	0.00367	0.00181	0.00226	0.00191	0.00255	0.01929	0.00154	0.02196	0.17638	0.55536	0.00443	0.11540	0.00350	0.00170	0.00113	0.00036	0.00088	0.08310	0.00118	0.00159
5	0.00231	0.00231	0.00324	0.00278	0.00278	0.00324	0.00231	0.00254	0.00162	0.00254	0.00139	0.00231	0.00139	0.00185	0.00347	0.00046	0.96091	0.00093	0.00046	0.00116
6	0.00347	0.00251	0.00314	0.00237	0.00323	0.00253	0.10337	0.47000	0.04696	0.13147	0.00270	0.01588	0.00197	0.00117	0.00103	0.00029	0.00109	0.00097	0.00094	0.20492
7	0.00152	0.00112	0.00161	0.00160	0.00175	0.00128	0.00119	0.00182	0.00167	0.00237	0.00292	0.00469	0.00287	0.20080	0.75558	0.00155	0.01297	0.00121	0.00058	0.00089
8	0.00231	0.00231	0.00324	0.00278	0.00278	0.00324	0.00231	0.00254	0.00162	0.00254	0.00139	0.00231	0.00139	0.00185	0.00347	0.00046	0.96091	0.00093	0.00046	0.00116
9	0.00165	0.00118	0.00163	0.00187	0.00210	0.00117	0.00160	0.00209	0.00239	0.00310	0.00574	0.12247	0.02669	0.00296	0.00144	0.00048	0.00092	0.81859	0.00097	0.00096
10	0.00151	0.00110	0.00143	0.00134	0.00160	0.00102	0.00101	0.00205	0.01639	0.00424	0.94229	0.00784	0.00988	0.00215	0.00124	0.00033	0.00050	0.00190	0.00116	0.00101
11	0.01003	0.76009	0.01340	0.00200	0.00283	0.18018	0.00187	0.00335	0.00230	0.00253	0.00150	0.00175	0.00136	0.00095	0.00076	0.00024	0.01246	0.00059	0.00047	0.00133
12	0.00221	0.00202	0.03457	0.00169	0.00265	0.00148	0.02514	0.00272	0.00221	0.00833	0.00190	0.00222	0.00156	0.00080	0.00080	0.00017	0.00083	0.00065	0.00062	0.90743
13	0.00848	0.00296	0.00317	0.00243	0.00327	0.00327	0.00201	0.94834	0.00496	0.00665	0.00253	0.00253	0.00180	0.00127	0.00106	0.00032	0.00116	0.00095	0.00106	0.00180
14	0.00219	0.00188	0.00219	0.00157	0.00251	0.00141	0.00125	0.00266	0.00219	0.00345	0.00188	0.00219	0.00157	0.00078	0.00078	0.00016	0.00078	0.00063	0.00063	0.96931
15	0.00184	0.00092	0.00138	0.00138	0.00138	0.00092	0.00092	0.00138	0.00138	0.00184	0.00184	0.00321	0.00184	0.00367	0.00413	0.96924	0.00092	0.00092	0.00046	0.00046
16	0.00219	0.00188	0.00219	0.00157	0.00251	0.00141	0.00125	0.00266	0.00219	0.00345	0.00188	0.00219	0.00157	0.00078	0.00078	0.00016	0.00078	0.00063	0.00063	0.96931
17	0.00127	0.00101	0.00115	0.00126	0.00148	0.00088	0.00089	0.00151	0.00224	0.00279	0.00851	0.42744	0.52896	0.00296	0.00130	0.00039	0.00057	0.01353	0.00098	0.00088
18	0.00202	0.00156	0.00175	0.00169	0.00199	0.00170	0.00121	0.01358	0.40497	0.01734	0.00441	0.22574	0.00972	0.28424	0.00241	0.00057	0.00085	0.02216	0.00093	0.00117
19	0.92579	0.00204	0.00160	0.00142	0.00208	0.00234	0.00117	0.00794	0.00187	0.04389	0.00159	0.00180	0.00121	0.00100	0.00067	0.00033	0.00082	0.00059	0.00068	0.00118
20	0.02474	0.00184	0.00246	0.00189	0.00271	0.00163	0.00156	0.03713	0.00307	0.90512	0.00406	0.00352	0.00256	0.00130	0.00105	0.00033	0.00091	0.00105	0.00129	0.00179
21	0.01545	0.00155	0.00192	0.00173	0.00225	0.00148	0.00140	0.00591	0.14327	0.34671	0.02741	0.06776	0.18699	0.00205	0.00120	0.00038	0.00081	0.18926	0.00111	0.00136
22	0.11187	0.00189	0.00239	0.00186	0.00265	0.00174	0.00153	0.04817	0.01690	0.79397	0.00380	0.00335	0.00243	0.00127	0.00102	0.00033	0.00090	0.00101	0.00122	0.00172
23	0.00695	0.00193	0.00250	0.00194	0.00273	0.00178	0.00159	0.12503	0.02278	0.78244	0.01716	0.02265	0.00271	0.00136	0.00107	0.00033	0.00092	0.00110	0.00126	0.00177
24	0.00134	0.00095	0.00125	0.00147	0.00154	0.00090	0.00099	0.00152	0.00200	0.00267	0.00558	0.81590	0.00664	0.09303	0.00173	0.00049	0.00067	0.05954	0.00095	0.00085
25	0.00144	0.00102	0.00133	0.00153	0.00164	0.00099	0.00105	0.00179	0.05177	0.01812	0.01665	0.80954	0.01306	0.02540	0.00143	0.00044	0.00066	0.05024	0.00099	0.00092
26	0.00204	0.00165	0.00191	0.00191	0.00229	0.00180	0.00150	0.00365	0.45592	0.00367	0.01848	0.21495	0.02671	0.00228	0.00125	0.00041	0.00081	0.25646	0.00103	0.00128
27	0.00300	0.00219	0.00240	0.00210	0.00274	0.00244	0.00165	0.00554	0.78644	0.17254	0.00428	0.00388	0.00312	0.00141	0.00107	0.00035	0.00085	0.00117	0.00112	0.00170
28	0.00379	0.00277	0.00298	0.00233	0.00311	0.00306	0.00191	0.82593	0.05612	0.01651	0.00275	0.02551	0.00204	0.00135	0.00109	0.01113	0.00110	0.00102	0.03375	0.00173
29	0.97031	0.00204	0.00155	0.00139	0.00204	0.00237	0.00115	0.00311	0.00180	0.00474	0.00147	0.00172	0.00115	0.00098	0.00065	0.00033	0.00082	0.00057	0.00065	0.00115
30	0.00131	0.00094	0.00124	0.00147	0.00154	0.00088	0.00099	0.00152	0.01305	0.00272	0.00584	0.93473	0.01606	0.01048	0.00138	0.00043	0.00062	0.00297	0.00098	0.00087
31	0.01397	0.00171	0.00204	0.00172	0.00234	0.00164	0.00137	0.00420	0.24054	0.42684	0.04674	0.00552	0.23728	0.00172	0.00112	0.00034	0.00078	0.00747	0.00115	0.00150
32	0.00176	0.00129	0.00167	0.00181	0.00209	0.00130	0.00151	0.01967	0.08404	0.01326	0.05426	0.13543	0.06698	0.01289	0.00142	0.00045	0.00087	0.59728	0.00100	0.00103
33	0.00184	0.00092	0.00138	0.00138	0.00138	0.00092	0.00092	0.00138	0.00138	0.00184	0.00184	0.00321	0.00184	0.00367	0.00413	0.96924	0.00092	0.00092	0.00046	0.00046
34	0.00155	0.00104	0.00120	0.00122	0.00124	0.00104	0.00072	0.00159	0.00161	0.00214	0.00353	0.01785	0.00405	0.88035	0.00504	0.00098	0.00102	0.07252	0.00067	0.00067
35	0.00231	0.00231	0.00324	0.00278	0.00278	0.00324	0.00231	0.00254	0.00162	0.00254	0.00139	0.00231	0.00139	0.00185	0.00347	0.00046	0.96091	0.00093	0.00046	0.00116
36	0.00188	0.00381	0.00208	0.00195	0.00905	0.00184	0.01885	0.00913	0.16640	0.00285	0.00301	0.03122	0.00280	0.11854	0.44048	0.00878	0.14901	0.00744	0.01979	0.00108
37	0.04627	0.00879	0.00310	0.00781	0.10874	0.69310	0.00511	0.04404	0.02156	0.00775	0.00176	0.00208	0.00145	0.00112	0.00107	0.00029	0.04335	0.00074	0.00058	0.00131
38	0.00361	0.00780	0.00298	0.00876	0.02373	0.10927	0.00195	0.59676	0.18847	0.01045	0.00583	0.02817	0.00219	0.00133	0.00106	0.00032	0.00365	0.00102	0.00098	0.00167
39	0.00259	0.00206	0.00235	0.00205	0.01496	0.01618	0.01048	0.18180	0.26762	0.02643	0.01052	0.07731	0.01200	0.01168	0.01728	0.00266	0.01136	0.12239	0.00092	0.20735
40	0.00218	0.00428	0.02057	0.02527	0.02253	0.03078	0.20961	0.02217	0.23884	0.00581	0.02017	0.16184	0.05065	0.00495	0.10653	0.00052	0.04042	0.01951	0.00080	0.01257
41	0.00143	0.00103	0.00132	0.00148	0.00162	0.00098	0.00102	0.01919	0.03259	0.00943	0.08906	0.76762	0.05766	0.00305	0.00132	0.00041	0.00062	0.00275	0.00100	0.00642
42	0.00140	0.00099	0.00132	0.00155	0.00166	0.00093	0.00111	0.00165	0.00212	0.01380	0.00895	0.76096	0.02356	0.00320	0.00136	0.00044	0.00068	0.17243	0.00098	0.00089
43	0.01019	0.00224	0.01302	0.00247	0.12460	0.11195	0.00170	0.09012	0.17815	0.10396	0.02530	0.05373	0.18328	0.02343	0.03712	0.00041	0.00106	0.03100	0.00492	0.00136
44	0.00149	0.00106	0.00133	0.00148	0.00166	0.00100	0.00106	0.00184	0.04271	0.03282	0.01208	0.62382	0.17944	0.00301	0.00132	0.00041	0.00065	0.09088	0.00100	0.00094
45	0.94777	0.00216	0.00169	0.00152	0.00219	0.00245	0.00123	0.00328	0.00194	0.02509	0.00169	0.00198	0.00133	0.00110	0.00074	0.00036	0.00088	0.00064	0.00072	0.00125
46	0.00134	0.00096	0.00126	0.00148	0.00156	0.00091	0.00100	0.00157	0.01792	0.00272	0.00573	0.87225	0.01609	0.03605	0.00148	0.00045	0.00064	0.02753	0.00097	0.00808
47	0.00523	0.00119	0.00143	0.00152	0.00174	0.00116	0.00108	0.01893	0.10815	0.04009	0.05622	0.55913	0.15479	0.02032	0.00136	0.00041	0.00066	0.02458	0.00101	0.00101
48	0.00305	0.00224	0.00242	0.00201	0.00264	0.01770	0.00160	0.41527	0.20165	0.06838	0.08506	0.06158	0.11141	0.00166	0.00111	0.00034	0.00092	0.00136	0.01809	0.00152
49	0.00192	0.00151	0.00182	0.00189	0.00222	0.00161	0.00152	0.00318	0.32457	0.00349	0.00537	0.20065	0.03543	0.00249	0.00130	0.00043	0.00084	0.40757	0.00101	0.00118
50	0.02231	0.00124	0.00153	0.00154	0.00184	0.00118	0.00114	0.01243	0.06672	0.13901	0.05968	0.43746	0.16340	0.01457	0.00131	0.00040	0.00069	0.07144	0.00103	0.00108
51	0.00135	0.00096	0.00127	0.00149	0.00158	0.00091	0.00101	0.00160	0.02237	0.00824	0.00577	0.88961	0.01317	0.01755	0.00140	0.00044	0.00064	0.02876	0.00098	0.00088
52	0.00207	0.00169	0.00190	0.00174	0.00217	0.00183	0.00134	0.00383	0.49014	0.00428	0.43383	0.00596	0.04122	0.00181	0.00116	0.00035	0.00067	0.00156	0.00111	0.00134
53	0.00200	0.00139	0.00183	0.00195	0.00227	0.00142	0.00166	0.06267	0.05460	0.04298	0.02053	0.06238	0.00563	0.00268	0.00139	0.00046	0.00095	0.73114	0.00100	0.00109
54	0.00148	0.00110	0.00143	0.00146	0.00163	0.00108	0.02295	0.00721	0.01540	0.01230	0.02565	0.34190	0.16748	0.21278	0.17132	0.00077	0.00112	0.01124	0.00083	0.00088
55	0.00250	0.00285	0.00624	0.00446	0.00553	0.00267	0.95241	0.00339	0.00250	0.00339	0.00214	0.00285	0.00160	0.00089	0.00125	0.00036	0.00178	0.00125	0.00053	0.00143
56	0.00184	0.00092	0.00138	0.00138	0.00138	0.00092	0.00092	0.00138	0.00138	0.00184	0.00184	0.00321	0.00184	0.00367	0.00413	0.96924	0.00092	0.00092	0.00046	0.00046
57	0.00184	0.00092	0.00138	0.00138	0.00138	0.00092	0.00092	0.00138	0.00138	0.00184	0.00184	0.00321	0.00184	0.00367	0.00413	0.96924	0.00092	0.00092	0.00046	0.00046
58	0.00200	0.00188	0.00317	0.96030	0.00728	0.00235	0.00294	0.00270	0.00211	0.00270	0.00188	0.00282	0.00141	0.00106	0.00106	0.00035	0.00141	0.00094	0.00047	0.00117
59	0.00283	0.96348	0.00554	0.00181	0.00271	0.00418	0.00181	0.00317	0.00215	0.00249	0.00147	0.00170	0.00136	0.00090	0.00068	0.00023	0.00113	0.00057	0.00045	0.00136
60	0.00132	0.00108	0.00117	0.00115	0.00148	0.00092	0.00087	0.00165	0.00257	0.00323	0.26598	0.00958	0.68996	0.00254	0.00125	0.00035	0.00053	0.01242	0.00103	0.00092
61	0.00150	0.00115	0.00139	0.00132	0.00162	0.00107	0.00100	0.00209	0.05693	0.00391	0.66699	0.00825	0.23601	0.00225	0.00124	0.00034	0.00053	0.01030	0.00111	0.00101
62	0.00200	0.00188	0.00317	0.96030	0.00728	0.00235	0.00294	0.00270	0.00211	0.00270	0.00188	0.00282	0.00141	0.00106	0.00106	0.00035	0.00141	0.00094	0.00047	0.00117
63	0.00212	0.00547	0.95736	0.00301	0.00458	0.00246	0.00391	0.00335	0.00223	0.00335	0.00190	0.00223	0.00134	0.00100	0.00100	0.00033	0.00156	0.00078	0.00045	0.00156
64	0.30066	0.00264	0.00265	0.00209	0.00288	0.00294	0.00173	0.62821	0.00393	0.03918	0.00227	0.00232	0.00163	0.00118	0.00093	0.00032	0.00105	0.00084	0.00094	0.00160
65	0.00265	0.00227	0.00239	0.00215	0.00275	0.00262	0.00167	0.00561	0.94579	0.01298	0.00430	0.00394	0.00322	0.00143	0.00108	0.00036	0.00084	0.00119	0.00108	0.00167
66	0.00154	0.00106	0.00130	0.00130	0.00135	0.00111	0.00082	0.00163	0.00159	0.00216	0.00323	0.00630	0.00357	0.72068	0.23175	0.00118	0.00572	0.01237	0.00063	0.00072
67	0.00245	0.00278	0.00604	0.00434	0.00537	0.00260	0.91525	0.00331	0.00248	0.00336	0.00228	0.04031	0.00181	0.00099	0.00125	0.00036	0.00174	0.00132	0.00055	0.00140
68	0.97031	0.00204	0.00155	0.00139	0.00204	0.00237	0.00115	0.00311	0.00180	0.00474	0.00147	0.00172	0.00115	0.00098	0.00065	0.00033	0.00082	0.00057	0.00065	0.00115
69	0.00231	0.00228	0.00319	0.00274	0.00276	0.00317	0.00804	0.01284	0.00168	0.00262	0.00150	0.01745	0.00150	0.00185	0.00336	0.00046	0.91626	0.00096	0.01388	0.00116
70	0.00231	0.00231	0.00324	0.00278	0.00278	0.00324	0.00231	0.00254	0.00162	0.00254	0.00139	0.00231	0.00139	0.00185	0.00347	0.00046	0.96091	0.00093	0.00046	0.00116
71	0.00265	0.00228	0.00240	0.00216	0.00276	0.00264	0.00168	0.01703	0.94290	0.00445	0.00428	0.00393	0.00321	0.00143	0.00108	0.00036	0.00084	0.00119	0.00108	0.00168
72	0.00241	0.00696	0.00788	0.00261	0.18047	0.03753	0.00173	0.02463	0.07499	0.02188	0.00241	0.04484	0.00209	0.00107	0.00092	0.00024	0.00093	0.02744	0.00068	0.55830
73	0.10023	0.00205	0.00235	0.00222	0.06919	0.00982	0.02007	0.03441	0.38212	0.03089	0.01019	0.05739	0.02039	0.02445	0.00111	0.00033	0.00088	0.03970	0.00088	0.19132
74	0.00151	0.00109	0.00142	0.00134	0.00159	0.00101	0.00100	0.00203	0.01154	0.00424	0.94714	0.00786	0.00992	0.00215	0.00125	0.00033	0.00050	0.00191	0.00116	0.00100
75	0.00249	0.00288	0.01656	0.00444	0.00552	0.00267	0.94212	0.00339	0.00249	0.00339	0.00214	0.00285	0.00160	0.00089	0.00125	0.00036	0.00178	0.00124	0.00053	0.00143
76	0.00267	0.00258	0.00412	0.02095	0.80317	0.03746	0.02522	0.01470	0.06691	0.00351	0.00216	0.00274	0.00179	0.00100	0.00105	0.00032	0.00126	0.00618	0.00057	0.00164
77	0.81116	0.00249	0.00180	0.00160	0.00225	0.13837	0.00129	0.02462	0.00204	0.00448	0.00152	0.00176	0.00119	0.00100	0.00071	0.00032	0.00098	0.00060	0.00065	0.00117
78	0.00135	0.00096	0.00130	0.00154	0.00163	0.00091	0.00109	0.00158	0.00208	0.00277	0.00579	0.82385	0.00686	0.00326	0.00137	0.00044	0.00067	0.14071	0.00098	0.00088
79	0.00200	0.00188	0.00317	0.96030	0.00728	0.00235	0.00294	0.00270	0.00211	0.00270	0.00188	0.00282	0.00141	0.00106	0.00106	0.00035	0.00141	0.00094	0.00047	0.00117
80	0.00151	0.00113	0.00168	0.00169	0.00187	0.00131	0.00131	0.00187	0.00170	0.00245	0.00290	0.02782	0.00274	0.00777	0.92581	0.01098	0.00276	0.00118	0.00058	0.00094
81	0.97031	0.00204	0.00155	0.00139	0.00204	0.00237	0.00115	0.00311	0.00180	0.00474	0.00147	0.00172	0.00115	0.00098	0.00065	0.00033	0.00082	0.00057	0.00065	0.00115
82	0.00170	0.00122	0.00170	0.00195	0.00219	0.00122	0.00170	0.00219	0.00243	0.00316	0.00560	0.01193	0.00608	0.00292	0.00146	0.00049	0.00097	0.94913	0.00097	0.00097
83	0.00169	0.00118	0.00131	0.00125	0.00164	0.00103	0.00096	0.00207	0.02459	0.10206	0.11552	0.02624	0.67121	0.00814	0.00126	0.00036	0.00060	0.03686	0.00104	0.00102
84	0.00129	0.00092	0.00123	0.00147	0.00153	0.00086	0.00098	0.00147	0.00202	0.00270	0.00583	0.96215	0.00699	0.00331	0.00135	0.00043	0.00061	0.00301	0.00098	0.00086
85	0.00154	0.00103	0.00115	0.00115	0.00115	0.00103	0.00064	0.00154	0.00154	0.00205	0.00333	0.00692	0.00384	0.96284	0.00538	0.00103	0.00103	0.00154	0.00064	0.00064
86	0.00125	0.00107	0.00107	0.00107	0.00143	0.00089	0.00080	0.00152	0.00241	0.00287	0.01780	0.01016	0.94872	0.00267	0.00125	0.00036	0.00054	0.00223	0.00098	0.00089
87	0.00259	0.00218	0.00232	0.00208	0.00266	0.00249	0.00162	0.03581	0.82636	0.01600	0.05950	0.00433	0.03118	0.00151	0.00109	0.00036	0.00082	0.00441	0.00108	0.00162
88	0.00401	0.00295	0.00316	0.00243	0.00327	0.00327	0.00200	0.94856	0.00496	0.00664	0.00254	0.00256	0.00181	0.00548	0.00108	0.00032	0.00116	0.00095	0.00106	0.00179
89	0.00212	0.00547	0.95736	0.00301	0.00458	0.00246	0.00391	0.00335	0.00223	0.00335	0.00190	0.00223	0.00134	0.00100	0.00100	0.00033	0.00156	0.00078	0.00045	0.00156
90	0.00281	0.00138	0.00181	0.00154	0.00203	0.00122	0.00121	0.00326	0.00552	0.39593	0.46817	0.02676	0.08018	0.00187	0.00117	0.00033	0.00067	0.00161	0.00121	0.00132
91	0.00150	0.00101	0.00116	0.00120	0.00121	0.00100	0.00069	0.00153	0.00161	0.00215	0.00371	0.15040	0.00432	0.81872	0.00478	0.00094	0.00096	0.00176	0.00069	0.00067
92	0.00154	0.00103	0.00115	0.00115	0.00115	0.00103	0.00064	0.00154	0.00154	0.00205	0.00333	0.00692	0.00384	0.96284	0.00538	0.00103	0.00103	0.00154	0.00064	0.00064
93	0.00154	0.00103	0.00115	0.00115	0.00115	0.00103	0.00064	0.00154	0.00154	0.00205	0.00333	0.00692	0.00384	0.96284	0.00538	0.00103	0.00103	0.00154	0.00064	0.00064
94	0.00144	0.00103	0.00129	0.00144	0.00158	0.00097	0.00099	0.01210	0.02513	0.01891	0.01592	0.66215	0.13259	0.08519	0.00167	0.00047	0.00067	0.03461	0.00096	0.00090
95	0.97031	0.00204	0.00155	0.00139	0.00204	0.00237	0.00115	0.00311	0.00180	0.00474	0.00147	0.00172	0.00115	0.00098	0.00065	0.00033	0.00082	0.00057	0.00065	0.00115
96	0.00153	0.00102	0.00115	0.00116	0.00116	0.00102	0.00065	0.00154	0.00155	0.00206	0.00338	0.02450	0.00390	0.94518	0.00531	0.00101	0.00102	0.00156	0.00065	0.00064
97	0.00154	0.00103	0.00115	0.00115	0.00115	0.00103	0.00064	0.00154	0.00154	0.00205	0.00333	0.00692	0.00384	0.96284	0.00538	0.00103	0.00103	0.00154	0.00064	0.00064
98	0.00184	0.00092	0.00139	0.00555	0.00140	0.00092	0.00093	0.00138	0.00138	0.00184	0.00184	0.00321	0.00183	0.00366	0.00412	0.96503	0.00092	0.00092	0.00046	0.00046
99	0.00450	0.00185	0.00245	0.00191	0.00270	0.00168	0.00157	0.00521	0.11229	0.84757	0.00419	0.00364	0.00269	0.00132	0.00106	0.00033	0.00089	0.00108	0.00128	0.00178
100	0.00151	0.00101	0.00116	0.00119	0.00119	0.00101	0.00068	0.00153	0.00159	0.00212	0.00360	0.10905	0.00418	0.86026	0.00495	0.00096	0.00098	0.00169	0.00068	0.00066
101	0.00152	0.00108	0.00143	0.00143	0.00152	0.00117	0.00098	0.00171	0.00162	0.00225	0.00308	0.00553	0.00324	0.48400	0.48340	0.00136	0.00193	0.00133	0.00060	0.00079
102	0.00226	0.00222	0.00308	0.00265	0.00265	0.00307	0.00219	0.00247	0.00161	0.00251	0.00153	0.00266	0.00157	0.07382	0.00361	0.00050	0.88902	0.00097	0.00048	0.00112
103	0.00355	0.00258	0.00282	0.00222	0.00295	0.00281	0.00181	0.74676	0.01766	0.02607	0.12500	0.05198	0.00315	0.00149	0.00110	0.00033	0.00104	0.00118	0.00107	0.00443
104	0.00402	0.00296	0.00317	0.00243	0.00328	0.00328	0.00201	0.95272	0.00497	0.00666	0.00254	0.00254	0.00180	0.00127	0.00106	0.00032	0.00116	0.00095	0.00106	0.00180
105	0.00134	0.00097	0.00126	0.00149	0.00156	0.00092	0.00099	0.00161	0.03419	0.00274	0.00570	0.90117	0.00677	0.03198	0.00146	0.00044	0.00063	0.00290	0.00097	0.00088
106	0.00387	0.00198	0.00232	0.00187	0.00253	0.07325	0.00150	0.08175	0.01114	0.58274	0.22075	0.00437	0.00414	0.00148	0.00110	0.00032	0.00090	0.00122	0.00120	0.00157
107	0.00219	0.00188	0.00219	0.00157	0.00251	0.00141	0.00125	0.00266	0.00219	0.00345	0.00188	0.00219	0.00157	0.00078	0.00078	0.00016	0.00078	0.00063	0.00063	0.96931
108	0.01396	0.03478	0.00254	0.00214	0.00277	0.00270	0.00169	0.06296	0.83807	0.01998	0.00407	0.00375	0.00304	0.00140	0.00106	0.00035	0.00087	0.00115	0.00105	0.00167
109	0.00221	0.00189	0.00224	0.00163	0.00251	0.00151	0.00131	0.00268	0.00926	0.00972	0.00194	0.01551	0.00165	0.00088	0.00094	0.00018	0.05111	0.00068	0.00063	0.89152
110	0.00227	0.03495	0.86657	0.00292	0.00441	0.01350	0.00642	0.00342	0.00227	0.04017	0.00197	0.00227	0.00139	0.00101	0.00099	0.00033	0.00152	0.00078	0.00048	0.01236
111	0.00129	0.00093	0.00122	0.00146	0.00153	0.00086	0.00097	0.00147	0.00204	0.00271	0.00602	0.92527	0.04376	0.00329	0.00135	0.00043	0.00061	0.00298	0.00098	0.00086
112	0.97031	0.00204	0.00155	0.00139	0.00204	0.00237	0.00115	0.00311	0.00180	0.00474	0.00147	0.00172	0.00115	0.00098	0.00065	0.00033	0.00082	0.00057	0.00065	0.00115
113	0.68298	0.00209	0.00476	0.00157	0.00221	0.03867	0.00128	0.03863	0.00216	0.13858	0.00223	0.05647	0.00181	0.00121	0.00079	0.00033	0.00088	0.01826	0.00385	0.00125
114	0.01041	0.00271	0.09591	0.00352	0.00441	0.00237	0.59483	0.01384	0.03916	0.00907	0.00260	0.04165	0.01543	0.00128	0.02314	0.00038	0.03599	0.00123	0.10070	0.00136
115	0.00184	0.00092	0.00138	0.00138	0.00138	0.00092	0.00092	0.00138	0.00138	0.00184	0.00184	0.00321	0.00184	0.00367	0.00413	0.96924	0.00092	0.00092	0.00046	0.00046
116	0.00219	0.00188	0.00219	0.00157	0.00251	0.00141	0.00125	0.00266	0.00219	0.00345	0.00188	0.00219	0.00157	0.00078	0.00078	0.00016	0.00078	0.00063	0.00063	0.96931
117	0.00219	0.00188	0.00219	0.00157	0.00251	0.00141	0.00125	0.00266	0.00219	0.00345	0.00188	0.00219	0.00157	0.00078	0.00078	0.00016	0.00078	0.00063	0.00063	0.96931
118	0.00322	0.00260	0.00286	0.00280	0.08477	0.04890	0.00574	0.06080	0.49567	0.05844	0.17259	0.00534	0.00694	0.00198	0.01359	0.00047	0.00112	0.02916	0.00121	0.00181
119	0.97031	0.00204	0.00155	0.00139	0.00204	0.00237	0.00115	0.00311	0.00180	0.00474	0.00147	0.00172	0.00115	0.00098	0.00065	0.00033	0.00082	0.00057	0.00065	0.00115
120	0.00127	0.00107	0.00110	0.00109	0.00144	0.00090	0.00082	0.00156	0.00246	0.00298	0.09452	0.00997	0.87193	0.00263	0.00125	0.00035	0.00053	0.00220	0.00100	0.00090
121	0.00266	0.00265	0.03641	0.00379	0.32288	0.09075	0.06265	0.04986	0.25676	0.00887	0.00315	0.00746	0.03871	0.01853	0.00636	0.00036	0.03346	0.04373	0.00946	0.00151
122	0.00225	0.00190	0.00221	0.00160	0.00252	0.00147	0.00128	0.00284	0.04872	0.01521	0.00203	0.00230	0.00166	0.00082	0.00080	0.00017	0.00079	0.00066	0.00066	0.91014
123	0.00130	0.00093	0.00124	0.00148	0.00155	0.00087	0.00100	0.00150	0.00205	0.00273	0.01381	0.91233	0.02101	0.00328	0.00135	0.00043	0.00062	0.03067	0.00098	0.00086
124	0.00373	0.19312	0.00350	0.00254	0.00316	0.74757	0.00200	0.02753	0.00288	0.00267	0.00162	0.00188	0.00137	0.00106	0.00090	0.00026	0.00174	0.00066	0.00054	0.00127
125	0.00224	0.00188	0.00220	0.00157	0.00251	0.00141	0.00126	0.00271	0.00221	0.02007	0.00192	0.00222	0.00158	0.00079	0.00079	0.00016	0.00079	0.00063	0.00064	0.95244
126	0.00154	0.00108	0.00137	0.00150	0.00161	0.00107	0.00109	0.00180	0.01740	0.00264	0.01450	0.25322	0.02235	0.37293	0.00293	0.00067	0.00089	0.29974	0.00085	0.00083
127	0.00222	0.13106	0.80454	0.00288	0.00433	0.00269	0.02107	0.00332	0.00222	0.00323	0.00184	0.00217	0.00135	0.00100	0.00099	0.00032	0.01203	0.00076	0.00045	0.00153
128	0.00149	0.00108	0.00141	0.00133	0.00158	0.00100	0.00100	0.00199	0.00298	0.00421	0.93356	0.00796	0.02673	0.00217	0.00125	0.00033	0.00050	0.00727	0.00116	0.00100
129	0.00219	0.00188	0.00219	0.00157	0.00251	0.00141	0.00125	0.00266	0.00219	0.00345	0.00188	0.00219	0.00157	0.00078	0.00078	0.00016	0.00078	0.00063	0.00063	0.96931
130	0.00129	0.00092	0.00123	0.00147	0.00153	0.00086	0.00098	0.00147	0.00202	0.00270	0.00583	0.96215	0.00699	0.00331	0.00135	0.00043	0.00061	0.00301	0.00098	0.00086
131	0.00129	0.00092	0.00123	0.00147	0.00153	0.00086	0.00098	0.00147	0.00202	0.00270	0.00583	0.96215	0.00699	0.00331	0.00135	0.00043	0.00061	0.00301	0.00098	0.00086
132	0.00395	0.00503	0.00300	0.00272	0.00327	0.95396	0.00204	0.00883	0.00301	0.00261	0.00164	0.00191	0.00136	0.00109	0.00095	0.00027	0.00190	0.00068	0.00055	0.00123
133	0.00263	0.00227	0.00239	0.00215	0.00275	0.00263	0.00167	0.00562	0.95434	0.00442	0.00430	0.00394	0.00323	0.00143	0.00108	0.00036	0.00084	0.00120	0.00108	0.00167
134	0.00430	0.00177	0.00237	0.00190	0.00264	0.00158	0.00157	0.00487	0.06107	0.80023	0.00436	0.00447	0.00989	0.00148	0.00110	0.00034	0.00090	0.09218	0.00126	0.00171
135	0.00139	0.00109	0.00126	0.00121	0.00152	0.00096	0.00091	0.00180	0.01314	0.00356	0.48000	0.00898	0.47559	0.00241	0.00125	0.00034	0.00052	0.00206	0.00107	0.00095
136	0.00129	0.00092	0.00123	0.00147	0.00153	0.00086	0.00098	0.00147	0.00202	0.00270	0.00583	0.96215	0.00699	0.00331	0.00135	0.00043	0.00061	0.00301	0.00098	0.00086
137	0.00129	0.00092	0.00123	0.00147	0.00153	0.00086	0.00098	0.00147	0.00202	0.00270	0.00583	0.96215	0.00699	0.00331	0.00135	0.00043	0.00061	0.00301	0.00098	0.00086
138	0.00458	0.00196	0.00254	0.00196	0.00277	0.00180	0.00161	0.11911	0.03647	0.80945	0.00398	0.00348	0.00254	0.00131	0.00106	0.00033	0.00093	0.00105	0.00127	0.00179
139	0.00402	0.00296	0.00317	0.00243	0.00328	0.00328	0.00201	0.95272	0.00497	0.00666	0.00254	0.00254	0.00180	0.00127	0.00106	0.00032	0.00116	0.00095	0.00106	0.00180
140	0.97031	0.00204	0.00155	0.00139	0.00204	0.00237	0.00115	0.00311	0.00180	0.00474	0.00147	0.00172	0.00115	0.00098	0.00065	0.00033	0.00082	0.00057	0.00065	0.00115
141	0.00184	0.00116	0.00151	0.00139	0.00170	0.00106	0.00106	0.00230	0.00289	0.10900	0.72094	0.01869	0.06758	0.03054	0.00136	0.00036	0.00058	0.03385	0.00114	0.00107
142	0.00264	0.00228	0.00240	0.00215	0.00275	0.00264	0.00168	0.01456	0.94537	0.00444	0.00429	0.00393	0.00321	0.00143	0.00108	0.00036	0.00084	0.00119	0.00108	0.00167
143	0.00144	0.00108	0.00134	0.00127	0.00155	0.00097	0.00095	0.00189	0.00286	0.00393	0.74233	0.00841	0.22353	0.00228	0.00125	0.00034	0.00051	0.00198	0.00112	0.00097
144	0.00263	0.00227	0.00239	0.00215	0.00275	0.00263	0.00167	0.00562	0.95434	0.00442	0.00430	0.00394	0.00323	0.00143	0.00108	0.00036	0.00084	0.00120	0.00108	0.00167
145	0.00184	0.00092	0.00138	0.00138	0.00138	0.00092	0.00092	0.00138	0.00138	0.00184	0.00184	0.00321	0.00184	0.00367	0.00413	0.96924	0.00092	0.00092	0.00046	0.00046
146	0.00450	0.00200	0.00255	0.00197	0.00278	0.00187	0.00162	0.15169	0.05111	0.75454	0.00392	0.00345	0.00252	0.00131	0.00106	0.00033	0.00093	0.00105	0.00901	0.00179
147	0.00231	0.00231	0.00324	0.00278	0.00278	0.00324	0.00231	0.00254	0.00162	0.00254	0.00139	0.00231	0.00139	0.00185	0.00347	0.00046	0.96091	0.00093	0.00046	0.00116
148	0.00231	0.00231	0.00323	0.00277	0.00277	0.00323	0.00231	0.00254	0.00162	0.00254	0.00140	0.00232	0.00140	0.00189	0.00951	0.00047	0.95485	0.00093	0.00046	0.00116
149	0.01129	0.00276	0.00299	0.00233	0.00314	0.01370	0.00191	0.72015	0.08630	0.14010	0.00290	0.00280	0.00203	0.00128	0.00106	0.00032	0.00110	0.00098	0.00109	0.00178
150	0.00130	0.00106	0.00116	0.00123	0.00152	0.00092	0.00092	0.00159	0.00747	0.00286	0.00929	0.19910	0.68470	0.00282	0.00129	0.00038	0.00059	0.07994	0.00098	0.00090
151	0.00211	0.00167	0.00200	0.00203	0.00243	0.00182	0.00169	0.01538	0.38928	0.00372	0.00504	0.00853	0.00792	0.00229	0.00130	0.00043	0.00092	0.54656	0.00102	0.00387
152	0.01893	0.01567	0.69228	0.00312	0.08167	0.02992	0.01299	0.00841	0.02304	0.07380	0.01213	0.00253	0.01183	0.00107	0.00103	0.00033	0.00832	0.00085	0.00055	0.00156
153	0.55316	0.00213	0.00201	0.00635	0.00240	0.02905	0.00138	0.08759	0.01753	0.27115	0.00955	0.00246	0.00175	0.00113	0.00083	0.00033	0.00090	0.00521	0.00370	0.00139
154	0.00346	0.02928	0.00905	0.04014	0.09760	0.57847	0.02188	0.07473	0.00542	0.02764	0.00205	0.04236	0.00177	0.01459	0.00882	0.00746	0.02865	0.00471	0.00061	0.00130
155	0.00214	0.00207	0.00358	0.69869	0.16799	0.00242	0.07256	0.00284	0.00218	0.00287	0.00191	0.00278	0.00147	0.00108	0.00603	0.00036	0.02631	0.00096	0.00048	0.00128
156	0.00273	0.00267	0.00400	0.00570	0.77041	0.08132	0.01151	0.01855	0.04075	0.01025	0.00859	0.00655	0.00186	0.00104	0.00107	0.00032	0.00848	0.01559	0.00057	0.00803
157	0.01329	0.01935	0.28164	0.00377	0.02238	0.05633	0.52386	0.01903	0.00245	0.00337	0.00200	0.00255	0.00150	0.00096	0.00118	0.00034	0.02296	0.00103	0.00052	0.02149
158	0.01055	0.00191	0.00246	0.00194	0.00272	0.00179	0.00159	0.03867	0.15293	0.76147	0.00413	0.00365	0.00270	0.00133	0.00106	0.00033	0.00090	0.00683	0.00126	0.00177
159	0.00176	0.00145	0.00153	0.00147	0.00949	0.00867	0.00111	0.03738	0.21246	0.01546	0.02788	0.05153	0.58020	0.01156	0.00124	0.00037	0.00066	0.02318	0.01150	0.00112
160	0.00233	0.00234	0.00436	0.01462	0.00398	0.00646	0.47237	0.00783	0.01276	0.03091	0.00236	0.04606	0.01057	0.02719	0.09102	0.01234	0.24944	0.00123	0.00058	0.00126
161	0.05417	0.00187	0.00244	0.00188	0.00269	0.00169	0.00155	0.05247	0.00827	0.85190	0.00745	0.00347	0.00253	0.00129	0.00104	0.00033	0.00091	0.00104	0.00126	0.00176
162	0.00129	0.00092	0.00123	0.00147	0.00153	0.00086	0.00098	0.00147	0.00202	0.00270	0.00583	0.96215	0.00699	0.00331	0.00135	0.00043	0.00061	0.00301	0.00098	0.00086
163	0.00768	0.00198	0.00223	0.00201	0.00254	0.00217	0.00918	0.11169	0.50078	0.07002	0.00457	0.10873	0.03896	0.03067	0.00128	0.00039	0.00087	0.10174	0.00105	0.00147
164	0.00148	0.00104	0.00133	0.00150	0.00167	0.00098	0.00108	0.00179	0.02792	0.03167	0.00639	0.64195	0.14261	0.01107	0.00137	0.00043	0.00067	0.12313	0.00099	0.00093
165	0.00262	0.00226	0.00238	0.00214	0.00274	0.00262	0.00167	0.00559	0.94768	0.00441	0.00435	0.00399	0.00989	0.00144	0.00108	0.00036	0.00083	0.00120	0.00108	0.00167
166	0.00145	0.00111	0.00124	0.00120	0.00153	0.00097	0.00090	0.00184	0.01595	0.02979	0.32848	0.01292	0.59395	0.00245	0.00124	0.00035	0.00054	0.00208	0.00105	0.00096
167	0.00970	0.00109	0.00138	0.00150	0.00169	0.00103	0.00106	0.01669	0.02433	0.06872	0.01875	0.66462	0.11327	0.02100	0.00138	0.00042	0.00066	0.05074	0.00100	0.00097
168	0.00129	0.00092	0.00123	0.00147	0.00153	0.00086	0.00098	0.00147	0.00202	0.00270	0.00583	0.96215	0.00699	0.00331	0.00135	0.00043	0.00061	0.00301	0.00098	0.00086
169	0.97031	0.00204	0.00155	0.00139	0.00204	0.00237	0.00115	0.00311	0.00180	0.00474	0.00147	0.00172	0.00115	0.00098	0.00065	0.00033	0.00082	0.00057	0.00065	0.00115
170	0.00650	0.00108	0.00132	0.00137	0.00150	0.00105	0.00091	0.01223	0.02169	0.04900	0.06220	0.37398	0.06600	0.36923	0.00285	0.00064	0.00079	0.02334	0.00345	0.00086
171	0.00157	0.00114	0.00171	0.00170	0.00190	0.00132	0.00132	0.00195	0.00172	0.02002	0.00286	0.00415	0.00265	0.01107	0.93777	0.00167	0.00279	0.00113	0.00058	0.00096
172	0.00154	0.00103	0.00115	0.00115	0.00115	0.00103	0.00064	0.00154	0.00154	0.00205	0.00333	0.00692	0.00384	0.96284	0.00538	0.00103	0.00103	0.00154	0.00064	0.00064
173	0.00264	0.00227	0.00240	0.00215	0.00275	0.00263	0.00168	0.01412	0.94263	0.00444	0.00429	0.00396	0.00322	0.00144	0.00108	0.00036	0.00084	0.00436	0.00108	0.00167
174	0.05303	0.00684	0.00216	0.00176	0.00242	0.00152	0.00142	0.01327	0.03305	0.65048	0.03550	0.13211	0.04388	0.00167	0.00110	0.00034	0.00083	0.01270	0.00439	0.00156
175	0.00129	0.00092	0.00123	0.00147	0.00153	0.00086	0.00098	0.00147	0.00202	0.00270	0.00583	0.96215	0.00699	0.00331	0.00135	0.00043	0.00061	0.00301	0.00098	0.00086
176	0.00250	0.00285	0.00624	0.00446	0.00553	0.00267	0.95241	0.00339	0.00250	0.00339	0.00214	0.00285	0.00160	0.00089	0.00125	0.00036	0.00178	0.00125	0.00053	0.00143
177	0.02010	0.00171	0.00228	0.00185	0.00255	0.00153	0.00151	0.01488	0.02341	0.75860	0.00907	0.07585	0.00321	0.01270	0.00116	0.00035	0.00088	0.06548	0.00123	0.00164
178	0.00224	0.00162	0.00202	0.00203	0.00242	0.00171	0.00172	0.16231	0.10177	0.02292	0.00495	0.02552	0.01208	0.00877	0.00137	0.00044	0.00098	0.64293	0.00100	0.00120
179	0.00212	0.00547	0.95736	0.00301	0.00458	0.00246	0.00391	0.00335	0.00223	0.00335	0.00190	0.00223	0.00134	0.00100	0.00100	0.00033	0.00156	0.00078	0.00045	0.00156
180	0.00151	0.00113	0.00170	0.00170	0.00189	0.00132	0.00132	0.00189	0.00170	0.00245	0.00283	0.00415	0.00264	0.00793	0.95865	0.00170	0.00283	0.00113	0.00057	0.00094
181	0.00169	0.00135	0.00202	0.00199	0.02601	0.00159	0.02047	0.00205	0.00179	0.00959	0.00785	0.04702	0.00881	0.04697	0.63289	0.00129	0.12974	0.05526	0.00061	0.00099
182	0.00219	0.03461	0.90307	0.00298	0.00725	0.02511	0.00380	0.00336	0.00225	0.00330	0.00188	0.00221	0.00134	0.00100	0.00099	0.00033	0.00156	0.00077	0.00045	0.00155
183	0.00417	0.00193	0.00244	0.00196	0.00272	0.00186	0.00159	0.01207	0.25921	0.69367	0.00420	0.00368	0.00278	0.00134	0.00107	0.00034	0.00088	0.00110	0.00124	0.00177
184	0.00241	0.00200	0.00230	0.00170	0.00259	0.00166	0.00137	0.11791	0.02464	0.00385	0.00214	0.00260	0.00179	0.00093	0.00085	0.00019	0.00084	0.03273	0.00070	0.79682
185	0.00154	0.00102	0.00115	0.00115	0.00115	0.00102	0.00064	0.00154	0.00154	0.00205	0.00334	0.01098	0.00386	0.95877	0.00536	0.00102	0.00102	0.00154	0.00064	0.00064
186	0.00335	0.00261	0.00278	0.00229	0.00301	0.00294	0.00184	0.47895	0.46791	0.01752	0.00342	0.00324	0.00251	0.00135	0.00107	0.00034	0.00100	0.00107	0.00107	0.00174
187	0.00127	0.00107	0.00110	0.00111	0.00145	0.00090	0.00084	0.00154	0.00241	0.00289	0.02824	0.03104	0.89087	0.00269	0.00126	0.00036	0.00055	0.02852	0.00099	0.00090
188	0.00447	0.00221	0.00271	0.00208	0.00290	0.00217	0.00172	0.33845	0.01397	0.61246	0.00360	0.00323	0.00234	0.00130	0.00106	0.00032	0.00099	0.00103	0.00122	0.00180
189	0.00283	0.96348	0.00554	0.00181	0.00271	0.00418	0.00181	0.00317	0.00215	0.00249	0.00147	0.00170	0.00136	0.00090	0.00068	0.00023	0.00113	0.00057	0.00045	0.00136
190	0.50873	0.00249	0.00230	0.00187	0.00261	0.02223	0.00154	0.41069	0.00322	0.02834	0.00201	0.00213	0.00147	0.00112	0.00084	0.00032	0.00099	0.00075	0.00491	0.00144
191	0.00194	0.00130	0.00162	0.00147	0.00182	0.00125	0.00112	0.02013	0.10002	0.08915	0.70724	0.00713	0.05758	0.00202	0.00121	0.00034	0.00058	0.00176	0.00116	0.00115
192	0.00151	0.00113	0.00169	0.00169	0.00188	0.00132	0.00132	0.00189	0.00170	0.00245	0.00284	0.00418	0.00265	0.01558	0.95101	0.00169	0.00282	0.00114	0.00057	0.00094
193	0.97031	0.00204	0.00155	0.00139	0.00204	0.00237	0.00115	0.00311	0.00180	0.00474	0.00147	0.00172	0.00115	0.00098	0.00065	0.00033	0.00082	0.00057	0.00065	0.00115
194	0.00401	0.00283	0.00308	0.00237	0.00321	0.00311	0.00196	0.82805	0.05181	0.08456	0.00276	0.00270	0.00194	0.00128	0.00106	0.00032	0.00113	0.00097	0.00108	0.00179
195	0.00302	0.00250	0.00264	0.00244	0.00302	0.00272	0.00183	0.00546	0.81492	0.00476	0.01034	0.10221	0.03455	0.00204	0.00136	0.00047	0.00101	0.00161	0.00125	0.00186
196	0.00154	0.00103	0.00115	0.00115	0.00115	0.00103	0.00064	0.00154	0.00154	0.00205	0.00333	0.00692	0.00384	0.96284	0.00538	0.00103	0.00103	0.00154	0.00064	0.00064
197	0.00154	0.00103	0.00115	0.00115	0.00115	0.00103	0.00064	0.00154	0.00154	0.00205	0.00333	0.00692	0.00384	0.96284	0.00538	0.00103	0.00103	0.00154	0.00064	0.00064
198	0.00148	0.00108	0.00139	0.00133	0.00158	0.00099	0.00099	0.00196	0.00294	0.00413	0.88053	0.03605	0.05081	0.00222	0.00125	0.00034	0.00051	0.00830	0.00115	0.00099
199	0.00470	0.00182	0.00246	0.00189	0.00271	0.00160	0.00157	0.02521	0.00914	0.92537	0.00415	0.00363	0.00262	0.00132	0.00107	0.00033	0.00091	0.00642	0.00130	0.00179
200	0.00263	0.00227	0.00239	0.00215	0.00275	0.00263	0.00167	0.00562	0.95434	0.00442	0.00430	0.00394	0.00323	0.00143	0.00108	0.00036	0.00084	0.00120	0.00108	0.00167
201	0.97031	0.00204	0.00155	0.00139	0.00204	0.00237	0.00115	0.00311	0.00180	0.00474	0.00147	0.00172	0.00115	0.00098	0.00065	0.00033	0.00082	0.00057	0.00065	0.00115
202	0.00154	0.00103	0.00115	0.00115	0.00115	0.00103	0.00064	0.00154	0.00154	0.00205	0.00333	0.00692	0.00384	0.96284	0.00538	0.00103	0.00103	0.00154	0.00064	0.00064
203	0.00231	0.00231	0.00324	0.00278	0.00278	0.00324	0.00231	0.00254	0.00162	0.00254	0.00139	0.00231	0.00139	0.00185	0.00347	0.00046	0.96091	0.00093	0.00046	0.00116
204	0.97031	0.00204	0.00155	0.00139	0.00204	0.00237	0.00115	0.00311	0.00180	0.00474	0.00147	0.00172	0.00115	0.00098	0.00065	0.00033	0.00082	0.00057	0.00065	0.00115
205	0.00130	0.00093	0.00123	0.00146	0.00152	0.00087	0.00097	0.00148	0.00201	0.00268	0.00573	0.91600	0.00686	0.04172	0.00151	0.00045	0.00063	0.01083	0.00097	0.00085
206	0.00231	0.00231	0.00324	0.00278	0.00278	0.00324	0.00231	0.00254	0.00162	0.00254	0.00139	0.00231	0.00139	0.00185	0.00347	0.00046	0.96091	0.00093	0.00046	0.00116
207	0.00153	0.00109	0.00142	0.00134	0.00159	0.00100	0.00100	0.00202	0.00299	0.01280	0.94714	0.00786	0.00991	0.00215	0.00125	0.00033	0.00050	0.00190	0.00117	0.00100
208	0.00133	0.00109	0.00118	0.00122	0.00155	0.00095	0.00095	0.00163	0.00241	0.00291	0.01303	0.02396	0.78361	0.00272	0.00129	0.00038	0.00061	0.15729	0.00098	0.00091
209	0.00126	0.00108	0.00108	0.00108	0.00144	0.00090	0.00081	0.00154	0.00534	0.00288	0.02025	0.01014	0.94059	0.00267	0.00125	0.00036	0.00054	0.00494	0.00098	0.00090
210	0.97031	0.00204	0.00155	0.00139	0.00204	0.00237	0.00115	0.00311	0.00180	0.00474	0.00147	0.00172	0.00115	0.00098	0.00065	0.00033	0.00082	0.00057	0.00065	0.00115
211	0.00358	0.00274	0.00293	0.00234	0.00311	0.00307	0.00190	0.65955	0.29494	0.00596	0.00308	0.00299	0.00224	0.00524	0.00108	0.00033	0.00106	0.00103	0.00106	0.00176
212	0.00310	0.00244	0.00261	0.00219	0.00286	0.00274	0.00175	0.39557	0.47553	0.00838	0.00383	0.03918	0.03188	0.00148	0.00108	0.00034	0.00095	0.00798	0.01446	0.00166
213	0.00154	0.00103	0.00115	0.00115	0.00115	0.00103	0.00064	0.00154	0.00154	0.00205	0.00333	0.00692	0.00384	0.96284	0.00538	0.00103	0.00103	0.00154	0.00064	0.00064
214	0.00129	0.00092	0.00123	0.00147	0.00153	0.00086	0.00098	0.00147	0.00203	0.00270	0.00586	0.95513	0.01399	0.00331	0.00135	0.00043	0.00061	0.00300	0.00098	0.00086
215	0.00196	0.00145	0.00168	0.00165	0.00198	0.00147	0.00125	0.13826	0.11222	0.02778	0.01031	0.37530	0.20552	0.02364	0.00135	0.00041	0.00075	0.09090	0.00100	0.00112
216	0.00160	0.00120	0.00144	0.00135	0.00167	0.00113	0.00102	0.00226	0.08603	0.02296	0.61622	0.00805	0.24284	0.00221	0.00123	0.00034	0.00055	0.00575	0.00111	0.00105
217	0.00546	0.00104	0.00105	0.00103	0.00129	0.00105	0.00077	0.02764	0.00229	0.00402	0.00342	0.00390	0.00268	0.00123	0.00075	0.00025	0.00051	0.00098	0.93964	0.00101
218	0.00130	0.00093	0.00123	0.00147	0.00154	0.00087	0.00099	0.00149	0.00204	0.00271	0.01149	0.92508	0.01986	0.00822	0.00137	0.00043	0.00062	0.01653	0.00098	0.00086
219	0.00680	0.00105	0.00136	0.00151	0.00167	0.00100	0.00108	0.00183	0.01804	0.04667	0.03406	0.59804	0.10643	0.02778	0.03884	0.00926	0.00076	0.10193	0.00097	0.00093
220	0.00200	0.00188	0.00317	0.96030	0.00728	0.00235	0.00294	0.00270	0.00211	0.00270	0.00188	0.00282	0.00141	0.00106	0.00106	0.00035	0.00141	0.00094	0.00047	0.00117

[dist]
# distance from previous block
# <min> <max>
0	1

[block]
# block no. 1 follows, 310 sequences, length 39
# corresponding to MSA columns:
# 222-260
name=unknown_B
#
# <colnr> <probs for GDERKNQSTAVLIFYWHMCP>
#	G	D	E	R	K	N	Q	S	T	A	V	L	I	F	Y	W	H	M	C	P
0	0.00171	0.00159	0.00295	0.00250	0.00291	0.00150	0.32361	0.00214	0.00219	0.00294	0.00453	0.61615	0.00510	0.00247	0.00134	0.00041	0.01012	0.01396	0.00082	0.00106
1	0.00166	0.00129	0.00143	0.00144	0.01644	0.00698	0.00109	0.00673	0.09409	0.04766	0.03584	0.07307	0.60526	0.00253	0.00751	0.00038	0.00842	0.08615	0.00099	0.00104
2	0.00252	0.00245	0.00368	0.02260	0.60787	0.07990	0.04197	0.00306	0.00673	0.01091	0.00674	0.06713	0.00236	0.03083	0.01528	0.00590	0.03427	0.05376	0.00059	0.00146
3	0.00181	0.00136	0.00173	0.00656	0.00178	0.00779	0.00600	0.06187	0.00742	0.01193	0.00303	0.04553	0.00318	0.44230	0.29622	0.00108	0.09751	0.00136	0.00065	0.00090
4	0.00232	0.00232	0.00329	0.00280	0.00282	0.00323	0.01726	0.00256	0.00163	0.00256	0.00140	0.00232	0.00139	0.00184	0.00343	0.00046	0.94581	0.00093	0.00046	0.00116
5	0.00154	0.00103	0.00115	0.00115	0.00115	0.00103	0.00064	0.00154	0.00154	0.00205	0.00333	0.00692	0.00384	0.96284	0.00538	0.00103	0.00103	0.00154	0.00064	0.00064
6	0.00263	0.00227	0.00239	0.00215	0.00275	0.00263	0.00167	0.00562	0.95434	0.00442	0.00430	0.00394	0.00323	0.00143	0.00108	0.00036	0.00084	0.00120	0.00108	0.00167
7	0.00319	0.00251	0.00274	0.00221	0.00296	0.00272	0.01042	0.46280	0.31954	0.00531	0.00326	0.00336	0.01890	0.00133	0.00104	0.00032	0.00099	0.02811	0.00100	0.12731
8	0.02085	0.03947	0.00311	0.01071	0.09056	0.46917	0.00993	0.08405	0.16921	0.04842	0.00232	0.00248	0.00181	0.00118	0.00109	0.00031	0.04236	0.00085	0.00071	0.00142
9	0.00231	0.00231	0.00324	0.00278	0.00278	0.00324	0.00231	0.00254	0.00162	0.00254	0.00139	0.00231	0.00139	0.00185	0.00347	0.00046	0.96091	0.00093	0.00046	0.00116
10	0.00228	0.00226	0.00316	0.00271	0.00272	0.00314	0.00225	0.00251	0.00162	0.00253	0.00147	0.00246	0.00147	0.02194	0.02848	0.00051	0.91596	0.00094	0.00047	0.00114
11	0.00153	0.00102	0.00115	0.00116	0.00116	0.00102	0.00065	0.00154	0.00155	0.00207	0.00345	0.01918	0.01455	0.93980	0.00528	0.00101	0.00101	0.00156	0.00065	0.00065
12	0.97031	0.00204	0.00155	0.00139	0.00204	0.00237	0.00115	0.00311	0.00180	0.00474	0.00147	0.00172	0.00115	0.00098	0.00065	0.00033	0.00082	0.00057	0.00065	0.00115
13	0.00170	0.00115	0.00133	0.00133	0.00137	0.00115	0.00080	0.00170	0.00167	0.00227	0.00347	0.02167	0.00391	0.84275	0.10830	0.00112	0.00127	0.00157	0.00069	0.00076
14	0.00212	0.00547	0.95736	0.00301	0.00458	0.00246	0.00391	0.00335	0.00223	0.00335	0.00190	0.00223	0.00134	0.00100	0.00100	0.00033	0.00156	0.00078	0.00045	0.00156
15	0.00474	0.00180	0.00245	0.00188	0.00270	0.00155	0.00155	0.00515	0.00303	0.95698	0.00417	0.00360	0.00262	0.00131	0.00106	0.00033	0.00090	0.00106	0.00131	0.00180
16	0.00473	0.00182	0.00246	0.00189	0.00271	0.00158	0.00156	0.02002	0.00306	0.94207	0.00415	0.00358	0.00260	0.00131	0.00106	0.00033	0.00090	0.00106	0.00130	0.00180
17	0.00434	0.00173	0.00230	0.00180	0.00256	0.00150	0.00147	0.00477	0.01417	0.84274	0.00488	0.00431	0.10554	0.00146	0.00108	0.00033	0.00086	0.00119	0.00127	0.00170
18	0.00184	0.00092	0.00138	0.00138	0.00138	0.00092	0.00092	0.00138	0.00138	0.00184	0.00184	0.00321	0.00184	0.00367	0.00413	0.96924	0.00092	0.00092	0.00046	0.00046
19	0.00151	0.00113	0.00170	0.00170	0.00189	0.00132	0.00132	0.00189	0.00170	0.00245	0.00283	0.00415	0.00264	0.00793	0.95865	0.00170	0.00283	0.00113	0.00057	0.00094
