[name]
CYTB

[dist]
# distance from previous block
# <min> <max>
2	12

[block]
# block no. 0 follows, 313 sequences, length 6
# corresponding to MSA columns:
# 12-17
name=unknown_A
#
# <colnr> <probs for GDERKNQSTAVLIFYWHMCP>
#	G	D	E	R	K	N	Q	S	T	A	V	L	I	F	Y	W	H	M	C	P
0	0.00162	0.00127	0.00143	0.00157	0.00173	0.05545	0.00110	0.00200	0.05727	0.02759	0.02584	0.68020	0.05544	0.03175	0.00141	0.00042	0.00073	0.05125	0.00096	0.00095
1	0.00258	0.00235	0.00372	0.00509	0.64743	0.02272	0.03936	0.04370	0.05788	0.02595	0.00269	0.05337	0.00243	0.00128	0.00110	0.00034	0.00118	0.08464	0.00066	0.00155
2	0.00188	0.03860	0.00185	0.00168	0.00200	0.03214	0.00132	0.03210	0.10981	0.02688	0.03996	0.21628	0.27925	0.00240	0.00141	0.00039	0.08290	0.12715	0.00092	0.00108
3	0.00186	0.00145	0.00149	0.00141	0.00174	0.05559	0.00104	0.03312	0.06016	0.05931	0.14204	0.06869	0.39202	0.14423	0.00181	0.00045	0.00075	0.03085	0.00095	0.00101
4	0.10598	0.00429	0.00291	0.00275	0.05600	0.69641	0.00200	0.07942	0.00292	0.00316	0.00169	0.00197	0.00138	0.00110	0.00101	0.00029	0.03417	0.00071	0.00059	0.00127
5	0.00291	0.07499	0.00277	0.02062	0.02870	0.33852	0.00180	0.10959	0.04920	0.02407	0.00286	0.22232	0.00283	0.00181	0.01983	0.00036	0.09354	0.00130	0.00072	0.00124

[dist]
# distance from previous block
# <min> <max>
0	4

[block]
# block no. 1 follows, 313 sequences, length 41
# corresponding to MSA columns:
# 22-62
name=unknown_B
#
# <colnr> <probs for GDERKNQSTAVLIFYWHMCP>
#	G	D	E	R	K	N	Q	S	T	A	V	L	I	F	Y	W	H	M	C	P
0	0.00130	0.00093	0.00126	0.01397	0.00161	0.00088	0.00102	0.00150	0.00202	0.00269	0.00572	0.92064	0.00683	0.00324	0.00134	0.00043	0.00063	0.03217	0.00097	0.00086
1	0.00217	0.00186	0.00217	0.00155	0.00248	0.00140	0.00124	0.00264	0.00217	0.00341	0.00186	0.00217	0.00155	0.00078	0.00078	0.00016	0.00078	0.00062	0.00062	0.96958
2	0.00285	0.00207	0.00230	0.00199	0.00258	0.00227	0.00157	0.10662	0.57152	0.13444	0.12642	0.00441	0.03324	0.00152	0.00109	0.00034	0.00082	0.00126	0.00110	0.00158
3	0.07036	0.00187	0.00214	0.00156	0.00246	0.00148	0.00125	0.00282	0.01159	0.04949	0.00197	0.00222	0.00159	0.00082	0.00078	0.00018	0.00078	0.00064	0.00066	0.84532
4	0.00348	0.00261	0.00283	0.00221	0.00301	0.00280	0.00180	0.64893	0.13221	0.02242	0.00278	0.02783	0.00210	0.00127	0.00102	0.00030	0.00103	0.00099	0.00760	0.13277
5	0.00384	0.00483	0.00292	0.00265	0.00319	0.90997	0.00199	0.01190	0.02426	0.00267	0.00172	0.00198	0.00142	0.00109	0.00094	0.00027	0.00183	0.00069	0.02061	0.00122
6	0.00131	0.00109	0.00113	0.00113	0.00147	0.00094	0.00084	0.02279	0.00242	0.00291	0.01003	0.07910	0.85631	0.00267	0.00124	0.00036	0.00055	0.01182	0.00097	0.00090
7	0.00385	0.00286	0.00308	0.00238	0.00318	0.00318	0.00196	0.87763	0.04169	0.00634	0.00257	0.00264	0.00186	0.01891	0.00118	0.00033	0.02261	0.00096	0.00103	0.00174
8	0.00913	0.00192	0.00233	0.00194	0.00260	0.00194	0.00157	0.12635	0.22790	0.43908	0.02560	0.03270	0.03467	0.00180	0.04239	0.00040	0.00097	0.04398	0.00114	0.00160
9	0.00188	0.00102	0.00158	0.02512	0.00169	0.00102	0.03038	0.00155	0.00149	0.01954	0.00207	0.02426	0.00205	0.00342	0.00374	0.84851	0.00094	0.02869	0.00050	0.00055
10	0.00182	0.00091	0.00137	0.00137	0.00137	0.00091	0.00091	0.00137	0.00137	0.00182	0.00182	0.00319	0.00182	0.00364	0.00410	0.96951	0.00091	0.00091	0.00046	0.00046
11	0.00391	0.00499	0.00297	0.00270	0.00324	0.95897	0.00202	0.00418	0.00297	0.00256	0.00162	0.00189	0.00135	0.00108	0.00094	0.00027	0.00189	0.00067	0.00054	0.00121
12	0.00156	0.00104	0.00117	0.00117	0.00119	0.00105	0.00067	0.01660	0.00160	0.00216	0.00336	0.03162	0.00384	0.90533	0.00508	0.00098	0.00100	0.00154	0.01840	0.00066
13	0.97058	0.00203	0.00154	0.00138	0.00203	0.00235	0.00113	0.00308	0.00178	0.00470	0.00146	0.00170	0.00113	0.00097	0.00065	0.00032	0.00081	0.00057	0.00065	0.00113
14	0.00395	0.00289	0.00310	0.00238	0.00321	0.00319	0.00196	0.92457	0.00485	0.02008	0.00255	0.00260	0.00183	0.01649	0.00112	0.00033	0.00115	0.00095	0.00105	0.00176
15	0.00133	0.00095	0.00127	0.00151	0.00160	0.00090	0.00106	0.00155	0.00207	0.00274	0.00589	0.81239	0.03480	0.00321	0.00135	0.00043	0.00065	0.12446	0.00097	0.00087
16	0.00129	0.00092	0.00123	0.00146	0.00153	0.00086	0.00098	0.00147	0.00201	0.00268	0.00572	0.94947	0.00686	0.00325	0.00133	0.00042	0.00061	0.00295	0.00097	0.01399
17	0.75582	0.00185	0.00156	0.00144	0.00201	0.00209	0.00116	0.01189	0.00193	0.04571	0.00237	0.11080	0.01423	0.00135	0.00079	0.00034	0.00080	0.04201	0.00073	0.00113
18	0.00174	0.02276	0.00153	0.00146	0.00177	0.00125	0.00109	0.01394	0.11649	0.05738	0.04671	0.29556	0.31596	0.04909	0.00143	0.00041	0.00068	0.06871	0.00098	0.00104
19	0.00201	0.00110	0.00115	0.00113	0.00140	0.00112	0.00085	0.00268	0.07999	0.01687	0.00912	0.01813	0.00298	0.03103	0.00094	0.00029	0.00056	0.03382	0.79380	0.00103
20	0.00140	0.00101	0.00131	0.00151	0.00161	0.00097	0.00102	0.03989	0.01532	0.00286	0.00562	0.91051	0.00667	0.00318	0.00132	0.00042	0.00063	0.00287	0.00098	0.00090
21	0.04449	0.00129	0.00152	0.00148	0.00186	0.00122	0.00116	0.00252	0.07021	0.13462	0.09639	0.13796	0.32784	0.00237	0.00122	0.00038	0.00069	0.15986	0.01183	0.00109
22	0.00195	0.00158	0.00176	0.00170	0.00210	0.00167	0.00131	0.02122	0.39364	0.01352	0.06289	0.17290	0.22358	0.00221	0.00120	0.00038	0.00072	0.09339	0.00103	0.00124
23	0.00247	0.00283	0.00618	0.00442	0.00548	0.00265	0.95284	0.00336	0.00247	0.00336	0.00212	0.00283	0.00159	0.00088	0.00124	0.00035	0.00177	0.00124	0.00053	0.00141
24	0.00133	0.00111	0.00116	0.00117	0.00151	0.00098	0.00088	0.00173	0.04604	0.00299	0.06936	0.05536	0.78528	0.00260	0.00124	0.00036	0.00056	0.02444	0.00099	0.00093
25	0.00174	0.00120	0.00145	0.00148	0.00176	0.00115	0.00109	0.01771	0.09030	0.07450	0.11477	0.39719	0.23316	0.00886	0.00128	0.00039	0.00065	0.04928	0.00102	0.00104
26	0.00275	0.00232	0.00245	0.00216	0.00278	0.00267	0.00169	0.10558	0.85450	0.00462	0.00408	0.00376	0.00305	0.00140	0.00106	0.00035	0.00086	0.00116	0.00106	0.00167
27	0.97058	0.00203	0.00154	0.00138	0.00203	0.00235	0.00113	0.00308	0.00178	0.00470	0.00146	0.00170	0.00113	0.00097	0.00065	0.00032	0.00081	0.00057	0.00065	0.00113
28	0.00142	0.00110	0.00127	0.00140	0.00153	0.02454	0.00095	0.00169	0.03147	0.00271	0.03725	0.60040	0.15472	0.13225	0.00184	0.00048	0.00069	0.00252	0.00093	0.00087
29	0.00141	0.00097	0.00118	0.00130	0.00133	0.00094	0.00081	0.00150	0.00176	0.00235	0.00451	0.46665	0.00533	0.49193	0.00337	0.00073	0.00082	0.01156	0.00080	0.00074
30	0.00130	0.00094	0.00125	0.00147	0.00155	0.00087	0.00099	0.00150	0.00202	0.00270	0.00568	0.92661	0.00679	0.00322	0.00132	0.00042	0.00062	0.01509	0.00096	0.02472
31	0.00482	0.00204	0.00266	0.00214	0.00294	0.00178	0.00173	0.01565	0.01795	0.86089	0.00458	0.00464	0.00318	0.00165	0.00125	0.00040	0.00103	0.06734	0.00139	0.00192
32	0.00197	0.00139	0.00181	0.00195	0.02569	0.00139	0.00159	0.00274	0.12195	0.06739	0.03914	0.00972	0.10749	0.00250	0.00133	0.00043	0.00089	0.60850	0.00100	0.00112
33	0.00229	0.00229	0.00321	0.00275	0.00275	0.00321	0.00229	0.00252	0.00160	0.00252	0.00138	0.00229	0.00138	0.00183	0.00344	0.00046	0.96126	0.00092	0.00046	0.00115
34	0.00150	0.00111	0.00163	0.00163	0.00180	0.00128	0.00124	0.00184	0.00167	0.00239	0.00286	0.00439	0.00274	0.10398	0.86307	0.00162	0.00263	0.00116	0.00057	0.00091
35	0.00273	0.00230	0.00251	0.00234	0.04682	0.00261	0.00175	0.13155	0.74310	0.00456	0.00399	0.04499	0.00310	0.00146	0.00107	0.00035	0.00088	0.00122	0.00103	0.00164
36	0.00434	0.00185	0.00243	0.00186	0.00268	0.00162	0.00153	0.04546	0.02531	0.78835	0.00382	0.00337	0.00246	0.00124	0.00102	0.00031	0.00089	0.00100	0.00121	0.10925
37	0.01800	0.67368	0.01538	0.00203	0.00283	0.16736	0.00188	0.06233	0.00242	0.00279	0.00155	0.00180	0.00137	0.00099	0.00086	0.00025	0.04201	0.00062	0.00050	0.00134
38	0.00209	0.06880	0.00205	0.00166	0.00217	0.00196	0.00131	0.01256	0.44837	0.02179	0.04153	0.00634	0.37298	0.00190	0.00111	0.00034	0.00073	0.01000	0.00099	0.00131
39	0.00342	0.04152	0.00290	0.00233	0.01010	0.15112	0.00186	0.39407	0.32677	0.03116	0.00306	0.01071	0.00789	0.00130	0.00103	0.00032	0.00114	0.00673	0.00095	0.00162
40	0.00168	0.00123	0.00153	0.00164	0.00183	0.00124	0.00118	0.06941	0.09247	0.01619	0.00540	0.69375	0.01916	0.00289	0.00131	0.00041	0.00571	0.08097	0.00099	0.00102

[dist]
# distance from previous block
# <min> <max>
0	1

[block]
# block no. 2 follows, 313 sequences, length 298
# corresponding to MSA columns:
# 64-361
name=unknown_C
#
# <colnr> <probs for GDERKNQSTAVLIFYWHMCP>
#	G	D	E	R	K	N	Q	S	T	A	V	L	I	F	Y	W	H	M	C	P
0	0.00467	0.00178	0.00242	0.00186	0.00266	0.00153	0.00153	0.00508	0.00300	0.94786	0.01363	0.00361	0.00267	0.00131	0.00106	0.00032	0.00089	0.00106	0.00130	0.00178
1	0.00152	0.00102	0.00114	0.00114	0.00114	0.00102	0.00063	0.00152	0.00152	0.00203	0.00330	0.00686	0.00381	0.96318	0.00533	0.00102	0.00102	0.00152	0.00063	0.00063
2	0.00380	0.03057	0.00810	0.00233	0.00311	0.09003	0.00192	0.67510	0.04657	0.07253	0.00268	0.00455	0.00829	0.00137	0.01337	0.00416	0.00374	0.01417	0.00098	0.01262
3	0.00398	0.00293	0.00314	0.00241	0.00325	0.00325	0.00199	0.95315	0.00493	0.00660	0.00252	0.00252	0.00178	0.00126	0.00105	0.00031	0.00115	0.00094	0.00105	0.00178
4	0.00141	0.00107	0.00130	0.00125	0.00153	0.00096	0.00093	0.00183	0.00841	0.00372	0.62320	0.05522	0.29065	0.00235	0.00124	0.00034	0.00051	0.00204	0.00109	0.00095
5	0.00372	0.00176	0.00222	0.00179	0.00247	0.00163	0.00146	0.11163	0.03543	0.58081	0.08314	0.00495	0.13068	0.00160	0.00111	0.00033	0.00084	0.03171	0.00120	0.00157
6	0.00227	0.00227	0.00308	0.00266	0.00270	0.03356	0.00923	0.00252	0.00166	0.00252	0.00153	0.00246	0.00150	0.00239	0.09596	0.00057	0.83060	0.00093	0.00047	0.00113
7	0.00172	0.00145	0.00155	0.00151	0.00192	0.00146	0.00117	0.00286	0.30235	0.00336	0.01155	0.02768	0.52621	0.00230	0.00121	0.00037	0.00068	0.10852	0.00100	0.00114
8	0.00243	0.00160	0.00176	0.01028	0.00202	0.00801	0.01249	0.15320	0.16263	0.02453	0.01304	0.03764	0.00796	0.00143	0.00350	0.00030	0.01853	0.03217	0.50525	0.00124
9	0.00200	0.00188	0.00318	0.93493	0.00713	0.00235	0.01333	0.00827	0.00211	0.00271	0.00186	0.00279	0.00140	0.00105	0.00107	0.00035	0.01102	0.00093	0.00047	0.00117
10	0.00312	0.53072	0.10040	0.00223	0.00307	0.33925	0.00208	0.00352	0.00243	0.00259	0.00156	0.00181	0.00134	0.00097	0.00080	0.00025	0.00143	0.00062	0.00048	0.00132
11	0.00148	0.00107	0.00139	0.00131	0.00156	0.00099	0.00098	0.00196	0.00295	0.00416	0.92781	0.00789	0.03819	0.00216	0.00124	0.00033	0.00050	0.00190	0.00115	0.00099
12	0.00256	0.00282	0.01014	0.00348	0.00436	0.12984	0.59466	0.00321	0.00903	0.00314	0.00205	0.00275	0.00164	0.02873	0.00141	0.05697	0.00156	0.00106	0.00055	0.14005
13	0.00172	0.00128	0.00173	0.00166	0.00183	0.01717	0.00980	0.01723	0.00176	0.02705	0.00286	0.00458	0.00279	0.23456	0.60414	0.00135	0.05271	0.00119	0.01364	0.00092
14	0.97058	0.00203	0.00154	0.00138	0.00203	0.00235	0.00113	0.00308	0.00178	0.00470	0.00146	0.00170	0.00113	0.00097	0.00065	0.00032	0.00081	0.00057	0.00065	0.00113
15	0.00182	0.00091	0.00137	0.00137	0.00137	0.00091	0.00091	0.00137	0.00137	0.00182	0.00182	0.00319	0.00182	0.00364	0.00410	0.96951	0.00091	0.00091	0.00046	0.00046
16	0.00130	0.00094	0.00122	0.00143	0.00152	0.00088	0.00097	0.00151	0.00632	0.00268	0.00602	0.80966	0.08177	0.04195	0.01012	0.00046	0.00065	0.02879	0.00096	0.00085
17	0.00130	0.00106	0.00116	0.00122	0.00152	0.00092	0.00093	0.00158	0.00234	0.00286	0.01757	0.14245	0.70620	0.00276	0.00128	0.00038	0.00059	0.11203	0.00097	0.00089
18	0.00211	0.00211	0.00391	0.71378	0.00675	0.00241	0.24356	0.00285	0.00219	0.00285	0.00193	0.00280	0.00145	0.00101	0.00111	0.00035	0.00612	0.00101	0.00048	0.00123
19	0.01738	0.00468	0.00295	0.00264	0.00321	0.83052	0.00200	0.09532	0.02143	0.00302	0.00176	0.00200	0.00143	0.00114	0.00587	0.00028	0.00179	0.00071	0.00060	0.00128
20	0.00144	0.00107	0.00135	0.00153	0.00167	0.00104	0.00108	0.00189	0.08507	0.00580	0.00590	0.71352	0.06922	0.01952	0.00138	0.00043	0.00066	0.08552	0.00098	0.00093
21	0.00229	0.00229	0.00321	0.00275	0.00275	0.00321	0.00229	0.00252	0.00160	0.00252	0.00138	0.00229	0.00138	0.00183	0.00344	0.00046	0.96126	0.00092	0.00046	0.00115
22	0.00462	0.00181	0.00244	0.00188	0.00268	0.00160	0.00155	0.01752	0.03479	0.91312	0.00412	0.00356	0.00260	0.00130	0.00105	0.00033	0.00089	0.00106	0.00129	0.00178
23	0.00356	0.00444	0.00273	0.00249	0.00301	0.81618	0.00187	0.00391	0.03016	0.00267	0.01353	0.00292	0.09967	0.00127	0.00098	0.00028	0.00170	0.00682	0.00061	0.00119
24	0.95737	0.00204	0.00156	0.00139	0.00204	0.00236	0.00115	0.01606	0.00183	0.00473	0.00147	0.00171	0.00114	0.00098	0.00065	0.00032	0.00082	0.00057	0.00065	0.00114
25	0.00470	0.00178	0.00243	0.00186	0.00267	0.00154	0.00154	0.00511	0.00300	0.95737	0.00413	0.00357	0.00259	0.00130	0.00105	0.00032	0.00089	0.00105	0.00130	0.00178
26	0.00398	0.00293	0.00314	0.00241	0.00325	0.00325	0.00199	0.95315	0.00493	0.00660	0.00252	0.00252	0.00178	0.00126	0.00105	0.00031	0.00115	0.00094	0.00105	0.00178
27	0.00154	0.00106	0.00134	0.00146	0.00158	0.00103	0.00105	0.00176	0.00199	0.01960	0.01362	0.26413	0.05931	0.35429	0.00282	0.00065	0.00086	0.27023	0.00085	0.00082
28	0.00152	0.00102	0.00114	0.00114	0.00114	0.00102	0.00063	0.00152	0.00152	0.00203	0.00330	0.00686	0.00381	0.96318	0.00533	0.00102	0.00102	0.00152	0.00063	0.00063
29	0.00152	0.00102	0.00114	0.00114	0.00114	0.00102	0.00063	0.00152	0.00152	0.00203	0.00330	0.00686	0.00381	0.96318	0.00533	0.00102	0.00102	0.00152	0.00063	0.00063
30	0.00134	0.00108	0.00115	0.00118	0.00150	0.00093	0.00089	0.00162	0.00235	0.01635	0.00954	0.05287	0.77337	0.04022	0.00142	0.00039	0.00060	0.09134	0.00096	0.00089
31	0.00197	0.00102	0.00104	0.00303	0.00128	0.00103	0.00077	0.02326	0.00223	0.00388	0.00343	0.02103	0.00277	0.02716	0.00517	0.00028	0.00053	0.00103	0.89810	0.00098
32	0.00130	0.00105	0.00113	0.00118	0.00148	0.00090	0.00088	0.00157	0.00235	0.00921	0.02295	0.14435	0.74691	0.00274	0.00126	0.00037	0.00057	0.05791	0.00098	0.00089
33	0.00150	0.00111	0.00163	0.00163	0.00180	0.00128	0.00124	0.00184	0.00167	0.00239	0.00286	0.00439	0.00274	0.10278	0.86427	0.00162	0.00263	0.00116	0.00057	0.00091
34	0.00144	0.00104	0.00127	0.00140	0.00157	0.00097	0.00097	0.01642	0.02587	0.02284	0.01121	0.61407	0.21095	0.06282	0.00155	0.00044	0.00064	0.02265	0.00096	0.00090
35	0.00229	0.00229	0.00321	0.00838	0.00278	0.00320	0.00230	0.00252	0.00161	0.00252	0.00138	0.00230	0.00138	0.00183	0.00342	0.00046	0.95562	0.00092	0.00046	0.00115
36	0.00132	0.00108	0.00111	0.00110	0.00146	0.00091	0.00083	0.00161	0.00809	0.01907	0.05015	0.01911	0.87847	0.00261	0.00124	0.00035	0.00054	0.00903	0.00099	0.00091
37	0.73512	0.00198	0.00176	0.00150	0.00219	0.00217	0.00124	0.00933	0.00956	0.22367	0.00210	0.00215	0.00149	0.00105	0.00075	0.00032	0.00083	0.00069	0.00080	0.00129
38	0.00198	0.00186	0.00314	0.96066	0.00722	0.00233	0.00291	0.00268	0.00210	0.00268	0.00186	0.00279	0.00140	0.00105	0.00105	0.00035	0.00140	0.00093	0.00047	0.00116
39	0.97058	0.00203	0.00154	0.00138	0.00203	0.00235	0.00113	0.00308	0.00178	0.00470	0.00146	0.00170	0.00113	0.00097	0.00065	0.00032	0.00081	0.00057	0.00065	0.00113
40	0.00132	0.00096	0.00119	0.00134	0.00145	0.00089	0.00090	0.00149	0.00200	0.00261	0.01252	0.61303	0.16992	0.16607	0.00484	0.00052	0.00067	0.01654	0.00092	0.00082
41	0.00150	0.00113	0.00168	0.00168	0.00186	0.00132	0.00130	0.00187	0.00168	0.00243	0.00281	0.00415	0.00263	0.02484	0.93532	0.00166	0.00950	0.00113	0.00056	0.00093
42	0.00151	0.00113	0.00169	0.00169	0.00187	0.00133	0.00131	0.00187	0.00168	0.00243	0.00280	0.00414	0.00262	0.02197	0.93483	0.00166	0.01285	0.00113	0.00056	0.00093
43	0.90409	0.00670	0.00163	0.00143	0.00209	0.01612	0.00118	0.01791	0.00889	0.03015	0.00157	0.00178	0.00120	0.00099	0.00067	0.00032	0.00084	0.00059	0.00067	0.00117
44	0.00395	0.00291	0.00312	0.00240	0.00323	0.00322	0.00198	0.94098	0.00489	0.00655	0.00256	0.01479	0.00185	0.00128	0.00105	0.00032	0.00115	0.00097	0.00105	0.00177
45	0.00150	0.00112	0.00168	0.00168	0.00186	0.00131	0.00130	0.00187	0.00168	0.00243	0.00281	0.00415	0.00263	0.02003	0.94404	0.00167	0.00561	0.00113	0.00056	0.00093
46	0.00136	0.00097	0.00128	0.00151	0.00161	0.00091	0.00105	0.00161	0.01352	0.01186	0.00578	0.83926	0.01835	0.00320	0.00134	0.00043	0.00065	0.09345	0.00098	0.00088
47	0.00238	0.00247	0.00216	0.00204	0.00232	0.31201	0.00154	0.01759	0.00215	0.00660	0.00251	0.04863	0.00242	0.08810	0.43885	0.00100	0.06453	0.00108	0.00058	0.00103
48	0.00257	0.00266	0.05988	0.00599	0.84592	0.00551	0.00520	0.00803	0.03870	0.00346	0.00208	0.00264	0.00505	0.00097	0.00105	0.00032	0.00684	0.00094	0.00054	0.00165
49	0.00731	0.00464	0.62952	0.00339	0.14630	0.09572	0.01268	0.03769	0.01101	0.01231	0.00759	0.00236	0.00704	0.00102	0.00100	0.00032	0.00148	0.00082	0.00051	0.01728
50	0.00251	0.00213	0.00227	0.00205	0.00261	0.00244	0.00159	0.00521	0.85672	0.00911	0.09756	0.00429	0.00385	0.00149	0.00108	0.00035	0.00080	0.00125	0.00108	0.00159
51	0.00182	0.00091	0.00137	0.00137	0.00137	0.00091	0.00091	0.00137	0.00137	0.00182	0.00182	0.00319	0.00182	0.00364	0.00410	0.96951	0.00091	0.00091	0.00046	0.00046
52	0.00697	0.00400	0.00260	0.00242	0.00288	0.69725	0.00182	0.02131	0.03856	0.00274	0.00253	0.07824	0.01949	0.03553	0.02795	0.00037	0.00165	0.05190	0.00064	0.00117
53	0.00226	0.00182	0.00195	0.00175	0.00225	0.00194	0.00136	0.14735	0.37846	0.01419	0.10727	0.05341	0.27589	0.00192	0.00114	0.00035	0.00075	0.00357	0.00104	0.00134
54	0.97058	0.00203	0.00154	0.00138	0.00203	0.00235	0.00113	0.00308	0.00178	0.00470	0.00146	0.00170	0.00113	0.00097	0.00065	0.00032	0.00081	0.00057	0.00065	0.00113
55	0.00155	0.00122	0.00142	0.00135	0.00167	0.00117	0.00102	0.00229	0.12619	0.00378	0.52747	0.00806	0.30739	0.00222	0.00122	0.00034	0.00055	0.00895	0.00108	0.00104
56	0.00688	0.00157	0.00171	0.00167	0.00206	0.00148	0.00124	0.02684	0.15001	0.02719	0.08548	0.14431	0.48272	0.00267	0.00138	0.00043	0.00077	0.05923	0.00113	0.00125
57	0.00130	0.00094	0.00123	0.00146	0.00155	0.00087	0.00100	0.00150	0.00205	0.00271	0.00602	0.86109	0.05770	0.00323	0.00134	0.00042	0.00062	0.05314	0.00097	0.00086
58	0.00128	0.00091	0.00122	0.00146	0.00152	0.00085	0.00098	0.00146	0.00201	0.00268	0.00577	0.95545	0.00692	0.00328	0.00134	0.00043	0.00061	0.00999	0.00097	0.00085
59	0.00136	0.00098	0.00124	0.00141	0.00151	0.00092	0.00095	0.00160	0.02048	0.00848	0.02755	0.70519	0.09125	0.11282	0.00178	0.00048	0.00066	0.01956	0.00094	0.00086
60	0.00211	0.00159	0.00183	0.00178	0.00216	0.00170	0.00134	0.00773	0.42646	0.06453	0.00770	0.37503	0.06040	0.00226	0.00120	0.00039	0.00074	0.03873	0.00104	0.00128
61	0.00176	0.00130	0.00158	0.00163	0.00187	0.00134	0.00117	0.03535	0.20415	0.02828	0.09896	0.60701	0.00614	0.00265	0.00125	0.00039	0.00067	0.00237	0.00102	0.00109
62	0.00169	0.00121	0.00169	0.00193	0.00217	0.00121	0.00169	0.00217	0.00241	0.00314	0.00555	0.01182	0.00603	0.00289	0.00145	0.00048	0.00096	0.94959	0.00096	0.00096
63	0.00437	0.00173	0.00235	0.00186	0.00261	0.00152	0.00153	0.00482	0.01991	0.84972	0.02912	0.01165	0.00304	0.00143	0.00108	0.00034	0.00088	0.05907	0.00127	0.00170
64	0.00261	0.00225	0.00237	0.00213	0.00272	0.00261	0.00166	0.00557	0.95475	0.00438	0.00426	0.00391	0.00320	0.00142	0.00107	0.00036	0.00083	0.00118	0.00107	0.00166
65	0.00469	0.00179	0.00244	0.00187	0.00268	0.00156	0.00154	0.01365	0.00302	0.94880	0.00412	0.00356	0.00259	0.00130	0.00105	0.00032	0.00089	0.00105	0.00129	0.00178
66	0.00152	0.00102	0.00114	0.00114	0.00114	0.00102	0.00063	0.00152	0.00152	0.00203	0.00330	0.00686	0.00381	0.96318	0.00533	0.00102	0.00102	0.00152	0.00063	0.00063
67	0.00152	0.00108	0.00141	0.00144	0.00163	0.00103	0.00109	0.00192	0.00257	0.00356	0.54776	0.07163	0.00797	0.14010	0.00188	0.00047	0.00068	0.21030	0.00103	0.00092
68	0.97058	0.00203	0.00154	0.00138	0.00203	0.00235	0.00113	0.00308	0.00178	0.00470	0.00146	0.00170	0.00113	0.00097	0.00065	0.00032	0.00081	0.00057	0.00065	0.00113
69	0.00150	0.00112	0.00168	0.00168	0.00187	0.00131	0.00131	0.00187	0.00169	0.00244	0.00281	0.00411	0.00262	0.00782	0.95316	0.00168	0.00279	0.00112	0.00649	0.00094
70	0.00146	0.00107	0.00137	0.00129	0.00155	0.00098	0.00097	0.00193	0.00291	0.00407	0.86726	0.00804	0.09880	0.00219	0.00124	0.00033	0.00050	0.00192	0.00114	0.00098
71	0.00128	0.00091	0.00122	0.00146	0.00152	0.00085	0.00097	0.00146	0.00201	0.00267	0.00578	0.96249	0.00693	0.00328	0.00134	0.00043	0.00061	0.00298	0.00097	0.00085
72	0.00217	0.00186	0.00217	0.00155	0.00248	0.00140	0.00124	0.00264	0.00217	0.00341	0.00186	0.00217	0.00155	0.00078	0.00078	0.00016	0.00078	0.00062	0.00062	0.96958
73	0.00182	0.00091	0.00137	0.00137	0.00137	0.00091	0.00091	0.00137	0.00137	0.00182	0.00182	0.00319	0.00182	0.00364	0.00410	0.96951	0.00091	0.00091	0.00046	0.00046
74	0.97058	0.00203	0.00154	0.00138	0.00203	0.00235	0.00113	0.00308	0.00178	0.00470	0.00146	0.00170	0.00113	0.00097	0.00065	0.00032	0.00081	0.00057	0.00065	0.00113
75	0.00247	0.00283	0.00618	0.00442	0.00548	0.00265	0.95284	0.00336	0.00247	0.00336	0.00212	0.00283	0.00159	0.00088	0.00124	0.00035	0.00177	0.00124	0.00053	0.00141
76	0.00169	0.00121	0.00169	0.00193	0.00217	0.00121	0.00169	0.00217	0.00241	0.00314	0.00555	0.01182	0.00603	0.00289	0.00145	0.00048	0.00096	0.94959	0.00096	0.00096
77	0.00398	0.00293	0.00314	0.00241	0.00325	0.00325	0.00199	0.95315	0.00493	0.00660	0.00252	0.00252	0.00178	0.00126	0.00105	0.00031	0.00115	0.00094	0.00105	0.00178
78	0.00152	0.00101	0.00115	0.00115	0.00116	0.00101	0.00065	0.00152	0.00154	0.00205	0.00338	0.03894	0.00391	0.93095	0.00520	0.00100	0.00100	0.00157	0.00065	0.00064
79	0.00182	0.00091	0.00137	0.00137	0.00137	0.00091	0.00091	0.00137	0.00137	0.00182	0.00182	0.00319	0.00182	0.00364	0.00410	0.96951	0.00091	0.00091	0.00046	0.00046
80	0.76194	0.00197	0.00173	0.00148	0.00217	0.00218	0.00122	0.00352	0.00205	0.21049	0.00204	0.00210	0.00145	0.00104	0.00074	0.00032	0.00083	0.00067	0.00079	0.00127
81	0.00470	0.00178	0.00243	0.00186	0.00267	0.00154	0.00154	0.00511	0.00300	0.95737	0.00413	0.00357	0.00259	0.00130	0.00105	0.00032	0.00089	0.00105	0.00130	0.00178
82	0.00263	0.00225	0.00237	0.00213	0.00272	0.00260	0.00166	0.00556	0.94524	0.01390	0.00426	0.00391	0.00319	0.00142	0.00107	0.00036	0.00083	0.00118	0.00107	0.00166
83	0.00148	0.00107	0.00140	0.00132	0.00157	0.00099	0.00099	0.00198	0.00297	0.00420	0.95609	0.00783	0.00989	0.00214	0.00124	0.00033	0.00049	0.00189	0.00115	0.00099
84	0.00124	0.00106	0.00106	0.00106	0.00142	0.00088	0.00080	0.00150	0.00239	0.00283	0.01061	0.01008	0.95622	0.00265	0.00124	0.00035	0.00053	0.00221	0.00097	0.00088
85	0.00261	0.00225	0.00237	0.00213	0.00272	0.00261	0.00166	0.00557	0.95475	0.00438	0.00426	0.00391	0.00320	0.00142	0.00107	0.00036	0.00083	0.00118	0.00107	0.00166
86	0.00392	0.00488	0.00298	0.00268	0.00324	0.90651	0.00202	0.05628	0.00308	0.00279	0.00167	0.00192	0.00137	0.00109	0.00095	0.00027	0.00185	0.00069	0.00057	0.00125
87	0.00130	0.00093	0.00125	0.00149	0.00156	0.00087	0.00102	0.00150	0.00203	0.00270	0.00576	0.90151	0.00687	0.00326	0.00134	0.00043	0.00063	0.06370	0.00097	0.00086
88	0.00144	0.00101	0.00124	0.00135	0.00143	0.00097	0.00089	0.01630	0.00191	0.00252	0.00501	0.46697	0.05769	0.37943	0.00290	0.00065	0.00079	0.05587	0.00084	0.00079
89	0.00379	0.00284	0.00303	0.00237	0.00317	0.00316	0.00194	0.81736	0.14103	0.00629	0.00277	0.00272	0.00198	0.00128	0.00105	0.00032	0.00111	0.00098	0.00105	0.00176
90	0.00449	0.00183	0.00243	0.00189	0.00268	0.00165	0.00155	0.00515	0.09805	0.86219	0.00415	0.00360	0.00265	0.00131	0.00105	0.00033	0.00089	0.00107	0.00127	0.00177
91	0.00138	0.00111	0.00121	0.00119	0.00152	0.00099	0.00089	0.00180	0.04244	0.01157	0.17432	0.05796	0.66149	0.02290	0.00132	0.00037	0.00056	0.01504	0.00100	0.00094
92	0.00217	0.00186	0.00217	0.00155	0.00248	0.00140	0.00124	0.00264	0.00217	0.00341	0.00186	0.00217	0.00155	0.00078	0.00078	0.00016	0.00078	0.00062	0.00062	0.96958
93	0.00151	0.00114	0.00170	0.00169	0.00188	0.00133	0.00132	0.00188	0.00168	0.00243	0.00279	0.00410	0.00261	0.01078	0.94514	0.00167	0.01373	0.00112	0.00056	0.00094
94	0.00129	0.00105	0.00113	0.00117	0.00147	0.00090	0.00086	0.00157	0.00236	0.00810	0.07090	0.15292	0.71231	0.01138	0.00129	0.00037	0.00056	0.02849	0.00098	0.00089
95	0.96753	0.00203	0.00155	0.00138	0.00203	0.00235	0.00114	0.00607	0.00179	0.00471	0.00146	0.00170	0.00114	0.00097	0.00065	0.00032	0.00081	0.00057	0.00065	0.00114
96	0.01511	0.04779	0.00415	0.00316	0.03127	0.08868	0.38298	0.02895	0.26214	0.00841	0.00866	0.00297	0.00824	0.00109	0.00113	0.00032	0.02184	0.00107	0.00070	0.08133
97	0.00290	0.00241	0.01157	0.00216	0.00281	0.03439	0.00172	0.12732	0.70419	0.05003	0.00386	0.00368	0.00289	0.00138	0.00105	0.00034	0.00092	0.01354	0.00104	0.03180
98	0.00130	0.00096	0.00122	0.00142	0.00154	0.00088	0.00098	0.00153	0.00631	0.00276	0.02486	0.75483	0.14870	0.00314	0.00132	0.00042	0.00061	0.04537	0.00098	0.00087
99	0.00164	0.00124	0.00154	0.00145	0.00174	0.00122	0.00110	0.00248	0.13932	0.00416	0.76765	0.00744	0.03355	0.00207	0.00122	0.00034	0.00056	0.02905	0.00113	0.00108
100	0.00231	0.00416	0.53819	0.00298	0.00738	0.02926	0.16128	0.00373	0.18173	0.00957	0.00255	0.00279	0.02106	0.00109	0.00105	0.00033	0.00141	0.00095	0.00060	0.02756
101	0.00182	0.00091	0.00137	0.00137	0.00137	0.00091	0.00091	0.00137	0.00137	0.00182	0.00182	0.00319	0.00182	0.00364	0.00410	0.96951	0.00091	0.00091	0.00046	0.00046
102	0.00258	0.00133	0.00165	0.00147	0.00194	0.00116	0.00114	0.00294	0.01907	0.35844	0.05509	0.16492	0.35825	0.00926	0.00122	0.00036	0.00069	0.01615	0.00110	0.00123
103	0.00182	0.00091	0.00137	0.00137	0.00137	0.00091	0.00091	0.00137	0.00137	0.00182	0.00182	0.00319	0.00182	0.00364	0.00410	0.96951	0.00091	0.00091	0.00046	0.00046
104	0.97058	0.00203	0.00154	0.00138	0.00203	0.00235	0.00113	0.00308	0.00178	0.00470	0.00146	0.00170	0.00113	0.00097	0.00065	0.00032	0.00081	0.00057	0.00065	0.00113
105	0.97058	0.00203	0.00154	0.00138	0.00203	0.00235	0.00113	0.00308	0.00178	0.00470	0.00146	0.00170	0.00113	0.00097	0.00065	0.00032	0.00081	0.00057	0.00065	0.00113
106	0.00156	0.00107	0.00121	0.00118	0.00123	0.00104	0.00068	0.00160	0.00156	0.00212	0.00321	0.00653	0.00366	0.88991	0.02206	0.00098	0.00103	0.00146	0.00063	0.05727
107	0.00408	0.00278	0.00305	0.00234	0.00317	0.00302	0.00193	0.82386	0.00466	0.13627	0.00274	0.00266	0.00189	0.00126	0.00105	0.00032	0.00112	0.00096	0.00108	0.00178
108	0.00143	0.00107	0.00132	0.00126	0.00153	0.00096	0.00095	0.00187	0.00283	0.00388	0.73418	0.01692	0.22341	0.00227	0.00124	0.00034	0.00050	0.00198	0.00111	0.00096
109	0.00306	0.72931	0.00487	0.00200	0.00282	0.19549	0.00184	0.03436	0.01325	0.00264	0.00156	0.00178	0.00138	0.00095	0.00074	0.00024	0.00127	0.00060	0.00049	0.00134
110	0.00367	0.16983	0.02838	0.00255	0.00852	0.70616	0.00204	0.06173	0.00292	0.00282	0.00165	0.00190	0.00138	0.00106	0.00091	0.00027	0.00170	0.00068	0.00055	0.00128
111	0.00301	0.00186	0.00228	0.00167	0.00256	0.00149	0.00135	0.02371	0.00958	0.30335	0.00261	0.00263	0.00190	0.00095	0.00087	0.00021	0.00082	0.00077	0.00085	0.63753
112	0.00261	0.00225	0.00237	0.00213	0.00272	0.00261	0.00166	0.00557	0.95475	0.00438	0.00426	0.00391	0.00320	0.00142	0.00107	0.00036	0.00083	0.00118	0.00107	0.00166
113	0.00128	0.00091	0.00122	0.00146	0.00152	0.00085	0.00097	0.00146	0.00201	0.00267	0.00578	0.96249	0.00693	0.00328	0.00134	0.00043	0.00061	0.00298	0.00097	0.00085
114	0.00258	0.00222	0.00235	0.00211	0.00270	0.00257	0.00164	0.01034	0.92623	0.00438	0.02110	0.00402	0.01016	0.00144	0.00107	0.00035	0.00082	0.00120	0.00107	0.00164
115	0.00198	0.00185	0.00312	0.95011	0.00715	0.00231	0.00289	0.00266	0.00209	0.00267	0.00186	0.00280	0.00140	0.00108	0.00108	0.01101	0.00139	0.00093	0.00047	0.00116
116	0.00151	0.00101	0.00115	0.00116	0.00116	0.00101	0.00065	0.00152	0.00155	0.00206	0.00342	0.05137	0.00395	0.91847	0.00515	0.00099	0.00100	0.00159	0.00065	0.00064
117	0.00159	0.00109	0.00121	0.00120	0.00124	0.00111	0.00070	0.00176	0.05724	0.00217	0.00337	0.01316	0.00379	0.90047	0.00506	0.00097	0.00100	0.00151	0.00066	0.00070
118	0.00372	0.00199	0.00240	0.00198	0.00269	0.00202	0.00159	0.01303	0.42564	0.51296	0.00422	0.00382	0.00705	0.00137	0.00106	0.00034	0.00087	0.01034	0.00119	0.00172
119	0.00134	0.00095	0.00119	0.00136	0.00142	0.00090	0.00088	0.00148	0.00190	0.00252	0.00536	0.67603	0.04713	0.24567	0.00234	0.00057	0.00071	0.00656	0.00089	0.00080
120	0.00229	0.00229	0.00321	0.00275	0.00275	0.00321	0.00229	0.00252	0.00160	0.00252	0.00138	0.00229	0.00138	0.00183	0.00344	0.00046	0.96126	0.00092	0.00046	0.00115
121	0.00152	0.00102	0.00114	0.00114	0.00115	0.00101	0.00064	0.00152	0.00155	0.00205	0.00350	0.00989	0.02871	0.93511	0.00521	0.00100	0.00100	0.00155	0.00064	0.00064
122	0.00135	0.00099	0.00123	0.00139	0.00154	0.00091	0.00096	0.00161	0.01910	0.01758	0.01596	0.69194	0.22664	0.00306	0.00131	0.00041	0.00060	0.01157	0.00098	0.00089
123	0.00133	0.00096	0.00126	0.00147	0.00157	0.00091	0.00101	0.00158	0.02276	0.00273	0.00587	0.84445	0.04281	0.02000	0.00140	0.00043	0.00063	0.04697	0.00097	0.00087
124	0.00217	0.00186	0.00217	0.00155	0.00248	0.00140	0.00124	0.00264	0.00217	0.00341	0.00186	0.00217	0.00155	0.00078	0.00078	0.00016	0.00078	0.00062	0.00062	0.96958
125	0.00152	0.00102	0.00114	0.00114	0.00114	0.00102	0.00063	0.00152	0.00152	0.00203	0.00330	0.00686	0.00381	0.96318	0.00533	0.00102	0.00102	0.00152	0.00063	0.00063
126	0.03404	0.00126	0.00151	0.00148	0.00182	0.00120	0.00114	0.00499	0.07378	0.11003	0.20152	0.17787	0.25182	0.01090	0.00126	0.00038	0.00067	0.12220	0.00104	0.00108
127	0.00126	0.00106	0.00110	0.00112	0.00144	0.00090	0.00083	0.00155	0.01084	0.00287	0.03614	0.10650	0.82542	0.00269	0.00125	0.00036	0.00054	0.00227	0.00098	0.00089
128	0.00292	0.00154	0.00192	0.00169	0.00221	0.00145	0.00135	0.05800	0.07756	0.37577	0.04754	0.13640	0.17500	0.00202	0.00117	0.00036	0.00078	0.10043	0.01053	0.00136
129	0.58019	0.00209	0.00198	0.00165	0.00235	0.00228	0.00135	0.15307	0.00806	0.20159	0.00236	0.01943	0.01027	0.00114	0.00082	0.00032	0.00087	0.00079	0.00086	0.00854
130	0.00175	0.00120	0.00151	0.00160	0.00183	0.00117	0.00118	0.02615	0.09144	0.06658	0.01877	0.57318	0.06886	0.01371	0.00134	0.00042	0.00071	0.12659	0.00100	0.00103
131	0.00296	0.00215	0.00239	0.00206	0.00266	0.00235	0.00164	0.22506	0.45410	0.11184	0.07309	0.03023	0.02313	0.00159	0.00111	0.00035	0.00088	0.05977	0.00108	0.00157
132	0.04685	0.00143	0.00166	0.00161	0.00197	0.00142	0.00124	0.14226	0.02548	0.07597	0.02228	0.34953	0.19845	0.00766	0.00125	0.00039	0.00075	0.11769	0.00100	0.00111
133	0.00143	0.00111	0.00130	0.00131	0.00158	0.00103	0.00097	0.00193	0.06441	0.00337	0.33352	0.20298	0.36129	0.00253	0.00125	0.00036	0.00056	0.01704	0.00104	0.00096
134	0.00229	0.00229	0.00321	0.00275	0.00275	0.00321	0.00229	0.00252	0.00160	0.00252	0.00138	0.00229	0.00138	0.00183	0.00344	0.00046	0.96126	0.00092	0.00046	0.00115
135	0.00128	0.00095	0.00120	0.00139	0.00151	0.00087	0.00095	0.00149	0.00210	0.00274	0.02620	0.75740	0.17101	0.00704	0.00134	0.00041	0.00060	0.01969	0.00097	0.00086
136	0.00195	0.00152	0.00173	0.00171	0.00207	0.00160	0.00130	0.00327	0.37101	0.03511	0.04336	0.28921	0.13740	0.01106	0.00125	0.00039	0.00073	0.09311	0.00102	0.00121
137	0.00150	0.00103	0.00121	0.00127	0.00130	0.00103	0.00077	0.00164	0.02907	0.00228	0.00397	0.23249	0.00459	0.68382	0.00417	0.00084	0.00091	0.02664	0.00074	0.00072
138	0.00129	0.00093	0.00124	0.00147	0.00153	0.00088	0.00099	0.00147	0.00200	0.00267	0.00573	0.95193	0.00687	0.00327	0.00136	0.00043	0.01117	0.00296	0.00097	0.00085
139	0.00229	0.00229	0.00320	0.00274	0.00275	0.00319	0.00228	0.00252	0.00161	0.00253	0.00138	0.00229	0.00138	0.00182	0.00341	0.00046	0.95070	0.00091	0.00046	0.01180
140	0.00816	0.01364	0.84207	0.00297	0.00442	0.05912	0.03098	0.00341	0.01976	0.00330	0.00191	0.00223	0.00137	0.00100	0.00100	0.00033	0.00155	0.00079	0.00046	0.00152
141	0.00285	0.00276	0.10670	0.04073	0.01414	0.00273	0.02744	0.23708	0.53147	0.00468	0.00336	0.00327	0.00249	0.00130	0.00107	0.00034	0.00799	0.00106	0.00094	0.00757
142	0.96465	0.00202	0.00154	0.00138	0.00202	0.00234	0.00113	0.00308	0.00179	0.00470	0.00147	0.00172	0.00114	0.00097	0.00065	0.00032	0.00081	0.00057	0.00657	0.00113
143	0.00398	0.00293	0.00314	0.00241	0.00325	0.00325	0.00199	0.95315	0.00493	0.00660	0.00252	0.00252	0.00178	0.00126	0.00105	0.00031	0.00115	0.00094	0.00105	0.00178
144	0.00377	0.00451	0.00288	0.00257	0.00311	0.79035	0.00194	0.10884	0.01016	0.00299	0.00184	0.00226	0.00155	0.05733	0.00121	0.00032	0.00175	0.00076	0.00061	0.00125
145	0.00391	0.00499	0.00297	0.00270	0.00324	0.95897	0.00202	0.00418	0.00297	0.00256	0.00162	0.00189	0.00135	0.00108	0.00094	0.00027	0.00189	0.00067	0.00054	0.00121
146	0.00217	0.00186	0.00217	0.00155	0.00248	0.00140	0.00124	0.00264	0.00217	0.00341	0.00186	0.00217	0.00155	0.00078	0.00078	0.00016	0.00078	0.00062	0.00062	0.96958
147	0.00176	0.00137	0.00162	0.00170	0.00195	0.00145	0.00123	0.00287	0.31543	0.01279	0.00531	0.59529	0.01660	0.00263	0.00125	0.00040	0.00069	0.03352	0.00101	0.00113
148	0.97058	0.00203	0.00154	0.00138	0.00203	0.00235	0.00113	0.00308	0.00178	0.00470	0.00146	0.00170	0.00113	0.00097	0.00065	0.00032	0.00081	0.00057	0.00065	0.00113
149	0.00146	0.00116	0.00132	0.00139	0.00164	0.00112	0.00100	0.00206	0.13234	0.00299	0.02794	0.39613	0.37979	0.03035	0.00138	0.00040	0.00062	0.01496	0.00098	0.00097
150	0.00313	0.01236	0.00263	0.00221	0.00284	0.35645	0.01053	0.18010	0.12014	0.00808	0.10389	0.00943	0.01503	0.00126	0.00099	0.00028	0.00124	0.00722	0.00656	0.15564
151	0.00377	0.00278	0.00302	0.00235	0.01266	0.00302	0.00191	0.81244	0.02959	0.02559	0.00257	0.01172	0.00186	0.00124	0.00103	0.00030	0.00110	0.00094	0.00101	0.08107
152	0.00346	0.32964	0.00384	0.00246	0.02793	0.53067	0.00197	0.01121	0.01104	0.03412	0.00168	0.00193	0.00142	0.00105	0.00094	0.00026	0.03387	0.00067	0.00054	0.00130
153	0.00230	0.00155	0.00170	0.00152	0.00197	0.00161	0.00744	0.08903	0.22546	0.05413	0.00467	0.04096	0.14396	0.00173	0.02601	0.00034	0.00074	0.00866	0.35218	0.03404
154	0.00280	0.96381	0.00549	0.00179	0.00269	0.00415	0.00179	0.00314	0.00213	0.00247	0.00146	0.00168	0.00134	0.00090	0.00067	0.00022	0.00112	0.00056	0.00045	0.00134
155	0.00254	0.00242	0.00411	0.00618	0.90425	0.00242	0.00313	0.00316	0.00239	0.00341	0.00217	0.00310	0.00190	0.00104	0.00106	0.00032	0.00123	0.05301	0.00054	0.00162
156	0.00128	0.00107	0.00112	0.00111	0.00145	0.00092	0.00083	0.00161	0.01196	0.00303	0.13738	0.00972	0.81977	0.00257	0.00124	0.00035	0.00053	0.00216	0.00100	0.00091
157	0.00221	0.00190	0.00228	0.01651	0.00262	0.00148	0.01722	0.02144	0.00223	0.00346	0.00188	0.00220	0.00155	0.00080	0.00080	0.00017	0.00491	0.00064	0.00062	0.91507
158	0.00151	0.00101	0.00115	0.00116	0.00116	0.00101	0.00065	0.00152	0.00154	0.00206	0.00340	0.04523	0.00393	0.92463	0.00517	0.00099	0.00100	0.00158	0.00065	0.00064
159	0.00227	0.00226	0.00317	0.00272	0.00273	0.00316	0.00227	0.00250	0.00161	0.00252	0.00141	0.00234	0.00141	0.00199	0.02842	0.00049	0.93621	0.00092	0.00046	0.00114
160	0.00217	0.00187	0.00218	0.00156	0.00249	0.00141	0.00125	0.00264	0.00217	0.00341	0.00186	0.00217	0.00155	0.00078	0.00080	0.00016	0.00792	0.00062	0.00062	0.96238
161	0.00150	0.00112	0.00168	0.00168	0.00186	0.00131	0.00130	0.00187	0.00168	0.00243	0.00281	0.00414	0.00263	0.01769	0.94921	0.00168	0.00279	0.00113	0.00056	0.00093
162	0.00164	0.00124	0.00162	0.00155	0.00160	0.00144	0.00109	0.00178	0.00158	0.00222	0.00286	0.00536	0.00309	0.53854	0.27986	0.00112	0.15070	0.00131	0.00059	0.00080
163	0.00352	0.00270	0.00289	0.00231	0.00307	0.00301	0.00187	0.64308	0.29643	0.00586	0.00304	0.00294	0.00221	0.00130	0.00105	0.00032	0.00105	0.00101	0.00105	0.02129
164	0.00166	0.00131	0.00165	0.00167	0.00190	0.01229	0.00127	0.00758	0.12572	0.00934	0.03854	0.21988	0.11079	0.02312	0.33613	0.00086	0.02941	0.07502	0.00082	0.00102
165	0.00260	0.00250	0.00425	0.00642	0.95271	0.00643	0.00321	0.00322	0.00239	0.00342	0.00197	0.00259	0.00166	0.00093	0.00104	0.00031	0.00125	0.00093	0.00052	0.00166
166	0.00280	0.96381	0.00549	0.00179	0.00269	0.00415	0.00179	0.00314	0.00213	0.00247	0.00146	0.00168	0.00134	0.00090	0.00067	0.00022	0.00112	0.00056	0.00045	0.00134
167	0.00160	0.00112	0.00132	0.00137	0.00164	0.00102	0.00100	0.00198	0.04853	0.07417	0.02799	0.40606	0.37856	0.01555	0.00132	0.00039	0.00062	0.03378	0.00100	0.00098
168	0.00134	0.00096	0.00126	0.00148	0.00155	0.00091	0.00100	0.00157	0.01625	0.00270	0.01248	0.83370	0.00667	0.05688	0.00156	0.00046	0.00065	0.05678	0.00096	0.00086
169	0.77016	0.00187	0.00156	0.00145	0.00201	0.00213	0.00118	0.00685	0.02026	0.01121	0.00217	0.03694	0.00199	0.04188	0.00096	0.00037	0.00083	0.09438	0.00070	0.00110
170	0.04019	0.00124	0.00151	0.00143	0.00169	0.00119	0.00100	0.01808	0.01772	0.18891	0.07244	0.22754	0.04229	0.35695	0.00271	0.00061	0.00083	0.02175	0.00091	0.00101
171	0.01272	0.00167	0.00194	0.00174	0.00223	0.00966	0.00561	0.06691	0.23650	0.18944	0.09968	0.11125	0.16479	0.01089	0.00120	0.00037	0.00078	0.08023	0.00107	0.00133
172	0.00151	0.00109	0.00133	0.00143	0.00162	0.00103	0.00102	0.02972	0.03206	0.02180	0.02824	0.53336	0.20502	0.06024	0.00158	0.01771	0.00067	0.05620	0.00345	0.00092
173	0.00197	0.00129	0.00169	0.00179	0.00208	0.00128	0.00146	0.00258	0.08770	0.09727	0.01316	0.19262	0.02532	0.04854	0.00153	0.00047	0.00087	0.51634	0.00099	0.00107
174	0.00160	0.00110	0.00134	0.00143	0.00163	0.00104	0.00102	0.00917	0.04115	0.05553	0.03302	0.45584	0.20958	0.10769	0.00718	0.00047	0.00070	0.06861	0.00096	0.00094
175	0.00215	0.00161	0.00181	0.00170	0.00209	0.00168	0.00127	0.10492	0.27902	0.05220	0.02352	0.27352	0.16477	0.06105	0.00144	0.00041	0.00076	0.02001	0.00101	0.00505
176	0.01652	0.00151	0.00177	0.00161	0.00207	0.00142	0.00122	0.04186	0.13875	0.05700	0.01357	0.32859	0.05982	0.03104	0.00123	0.00035	0.00074	0.04237	0.02359	0.23495
177	0.00130	0.00093	0.00123	0.00147	0.00154	0.00087	0.00099	0.00150	0.00753	0.00269	0.00573	0.92111	0.00685	0.01517	0.00139	0.00043	0.00062	0.02682	0.00097	0.00086
178	0.00561	0.00129	0.00159	0.00162	0.00188	0.00130	0.00120	0.01700	0.15451	0.07971	0.08886	0.40270	0.05315	0.06875	0.00154	0.00044	0.00073	0.11602	0.00101	0.00108
179	0.01367	0.00188	0.00210	0.00188	0.00239	0.00608	0.00147	0.12820	0.37657	0.12087	0.01082	0.12860	0.10610	0.01517	0.02647	0.00040	0.00088	0.04365	0.01139	0.00142
180	0.00135	0.00101	0.00126	0.00143	0.00158	0.00095	0.00099	0.00169	0.04514	0.00284	0.03597	0.71229	0.15932	0.00305	0.00131	0.00041	0.00061	0.02693	0.00098	0.00090
181	0.00367	0.00174	0.00222	0.00183	0.00249	0.00165	0.00148	0.02693	0.16503	0.58074	0.07113	0.06083	0.04032	0.00160	0.00111	0.00034	0.00083	0.03330	0.00120	0.00159
182	0.00169	0.00122	0.00150	0.00159	0.00177	0.00123	0.00112	0.12102	0.02783	0.00318	0.00512	0.69830	0.00589	0.08078	0.00162	0.00046	0.00073	0.04301	0.00096	0.00098
183	0.00150	0.00102	0.00120	0.00123	0.00126	0.00102	0.00074	0.00155	0.00162	0.00216	0.00366	0.11548	0.01098	0.76625	0.06048	0.00097	0.00107	0.02645	0.00068	0.00069
184	0.00304	0.00747	0.00246	0.00203	0.00260	0.01094	0.00160	0.48516	0.12215	0.04438	0.00672	0.09871	0.01903	0.11627	0.06159	0.00050	0.00565	0.00728	0.00096	0.00145
185	0.00216	0.00185	0.00216	0.00155	0.00247	0.00139	0.00124	0.00263	0.00217	0.00341	0.00191	0.01273	0.00161	0.00080	0.00078	0.00016	0.00077	0.00065	0.00062	0.95893
186	0.00360	0.09214	0.00308	0.00251	0.00501	0.73492	0.00193	0.00850	0.05589	0.01923	0.00188	0.00216	0.00156	0.00151	0.06138	0.00036	0.00180	0.00073	0.00058	0.00125
187	0.00136	0.00100	0.00127	0.00146	0.00158	0.00094	0.00101	0.00695	0.03020	0.00279	0.00620	0.75378	0.11276	0.01525	0.00137	0.00042	0.00063	0.05367	0.00648	0.00089
188	0.00133	0.00094	0.00121	0.00142	0.00147	0.00089	0.00093	0.00149	0.00193	0.00257	0.00534	0.77423	0.00637	0.16970	0.00203	0.00053	0.00069	0.02521	0.00091	0.00082
189	0.65583	0.00251	0.00192	0.00169	0.00233	0.13947	0.00136	0.09350	0.04869	0.00449	0.00202	0.01150	0.02885	0.00111	0.00077	0.00032	0.00099	0.00072	0.00070	0.00122
190	0.00273	0.86667	0.10201	0.00191	0.00288	0.00397	0.00200	0.00316	0.00214	0.00255	0.00150	0.00173	0.00134	0.00091	0.00071	0.00024	0.00116	0.00058	0.00045	0.00137
191	0.00219	0.00187	0.00218	0.00156	0.00249	0.00141	0.00125	0.00962	0.00219	0.00344	0.00187	0.00218	0.00155	0.00078	0.00078	0.00016	0.00078	0.00062	0.00062	0.96247
192	0.00219	0.11172	0.82678	0.00289	0.00436	0.00263	0.02885	0.00330	0.00221	0.00322	0.00184	0.00217	0.00134	0.00098	0.00097	0.00032	0.00151	0.00076	0.00045	0.00152
