[name]
ND1

[dist]
# distance from previous block
# <min> <max>
0	12

[block]
# block no. 0 follows, 306 sequences, length 244
# corresponding to MSA columns:
# 17-260
name=unknown_A
#
# <colnr> <probs for GDERKNQSTAVLIFYWHMCP>
#	G	D	E	R	K	N	Q	S	T	A	V	L	I	F	Y	W	H	M	C	P
0	0.00157	0.00116	0.00141	0.00151	0.00173	0.00111	0.00109	0.01748	0.07754	0.02192	0.03992	0.52539	0.19242	0.03204	0.00143	0.00043	0.00067	0.06650	0.00100	0.01367
1	0.00174	0.00133	0.00150	0.00147	0.00183	0.00128	0.00112	0.01710	0.14771	0.04027	0.08974	0.14362	0.42640	0.02427	0.00135	0.00039	0.00067	0.08814	0.00103	0.00905
2	0.00957	0.00281	0.00249	0.00231	0.00280	0.31348	0.02392	0.11573	0.00293	0.00758	0.01714	0.01464	0.00662	0.00190	0.00123	0.00037	0.01770	0.38187	0.00081	0.07409
3	0.00300	0.00204	0.00239	0.00188	0.00264	0.00191	0.01076	0.20209	0.09438	0.17453	0.00715	0.06665	0.03845	0.02200	0.00110	0.00029	0.00089	0.00804	0.00390	0.35591
4	0.00145	0.00101	0.00131	0.00149	0.00162	0.00094	0.00103	0.00171	0.01718	0.03008	0.02642	0.76506	0.08007	0.02460	0.00144	0.00044	0.00065	0.04159	0.00100	0.00092
5	0.00283	0.00202	0.00231	0.00204	0.00256	0.00216	0.00162	0.38377	0.12021	0.05591	0.00429	0.25886	0.01571	0.01003	0.00125	0.00039	0.00094	0.13064	0.00105	0.00142
6	0.00158	0.00118	0.00168	0.00168	0.00188	0.00133	0.00129	0.02017	0.01817	0.00268	0.03710	0.07028	0.02213	0.04445	0.75755	0.00147	0.00242	0.01133	0.00066	0.00097
7	0.00244	0.00136	0.00166	0.00151	0.00198	0.00121	0.00121	0.02099	0.00764	0.27921	0.04626	0.02275	0.43149	0.02657	0.00135	0.00039	0.00074	0.14895	0.00109	0.00120
8	0.00149	0.00109	0.00126	0.00130	0.00159	0.00096	0.00096	0.00180	0.01033	0.04754	0.11349	0.28958	0.49397	0.00277	0.00129	0.00038	0.00059	0.02760	0.00103	0.00096
9	0.00245	0.00203	0.00233	0.00171	0.00262	0.00168	0.00137	0.12630	0.01621	0.00391	0.00210	0.02128	0.00175	0.00092	0.00084	0.00019	0.00084	0.00073	0.00070	0.81003
10	0.00135	0.00110	0.00114	0.00112	0.00148	0.00093	0.00084	0.00164	0.00249	0.01745	0.10230	0.00993	0.83572	0.01615	0.00132	0.00037	0.00055	0.00220	0.00101	0.00092
11	0.00130	0.00093	0.00124	0.00149	0.00155	0.00087	0.00099	0.00149	0.00205	0.00273	0.00590	0.96169	0.00708	0.00335	0.00137	0.00043	0.00062	0.00304	0.00099	0.00087
12	0.00148	0.00111	0.00123	0.00122	0.00156	0.00096	0.00092	0.00179	0.00252	0.04522	0.13972	0.08954	0.66973	0.00264	0.00127	0.00037	0.00058	0.03616	0.00103	0.00096
13	0.00476	0.00189	0.00253	0.00194	0.00277	0.00168	0.00160	0.06214	0.00318	0.89936	0.00412	0.00358	0.00260	0.00132	0.00108	0.00033	0.00093	0.00107	0.00131	0.00182
14	0.00151	0.00109	0.00143	0.00134	0.00160	0.00101	0.00101	0.00201	0.00302	0.00427	0.94085	0.00803	0.02441	0.00220	0.00126	0.00034	0.00051	0.00194	0.00118	0.00101
15	0.00479	0.00184	0.00249	0.00191	0.00274	0.00159	0.00158	0.01632	0.00309	0.94531	0.00420	0.00363	0.00264	0.00132	0.00108	0.00033	0.00091	0.00107	0.00132	0.00182
16	0.00156	0.00104	0.00117	0.00117	0.00118	0.00104	0.00066	0.00156	0.00156	0.00208	0.00337	0.00697	0.00388	0.95185	0.01596	0.00105	0.00106	0.00155	0.00065	0.00065
17	0.00134	0.00095	0.00124	0.00146	0.00151	0.00090	0.00096	0.00151	0.00199	0.00266	0.00558	0.82997	0.00667	0.12250	0.00187	0.00051	0.00068	0.01590	0.00095	0.00084
18	0.00266	0.00230	0.00242	0.00218	0.00278	0.00266	0.00169	0.00569	0.95378	0.00448	0.00436	0.00399	0.00327	0.00145	0.00109	0.00036	0.00085	0.00121	0.00109	0.00169
19	0.01936	0.00098	0.00129	0.00150	0.00159	0.00093	0.00101	0.00163	0.00207	0.02638	0.01359	0.87666	0.00677	0.02170	0.01246	0.00046	0.00067	0.00908	0.00099	0.00090
20	0.00145	0.00107	0.00136	0.00143	0.00162	0.00100	0.00103	0.00188	0.03336	0.00574	0.39347	0.42380	0.09614	0.00274	0.00131	0.00039	0.00058	0.02960	0.00107	0.00096
21	0.00215	0.00554	0.95684	0.00305	0.00463	0.00249	0.00395	0.00339	0.00226	0.00339	0.00192	0.00226	0.00136	0.00102	0.00102	0.00034	0.00158	0.00079	0.00045	0.00158
22	0.00202	0.00190	0.00321	0.95981	0.00737	0.00238	0.00297	0.00273	0.00214	0.00273	0.00190	0.00285	0.00143	0.00107	0.00107	0.00036	0.00143	0.00095	0.00048	0.00119
23	0.00265	0.00254	0.00434	0.00657	0.95571	0.00254	0.00328	0.00328	0.00244	0.00350	0.00201	0.00265	0.00170	0.00095	0.00106	0.00032	0.00127	0.00095	0.00053	0.00170
24	0.00145	0.00114	0.00132	0.00135	0.00163	0.00105	0.00101	0.00193	0.05780	0.00329	0.22522	0.18037	0.42882	0.01448	0.00134	0.00039	0.00061	0.07480	0.00104	0.00097
25	0.00134	0.00098	0.00127	0.00150	0.00161	0.00091	0.00105	0.00156	0.00213	0.00279	0.00637	0.77684	0.10064	0.00325	0.00137	0.00043	0.00065	0.09344	0.00099	0.00088
26	0.49538	0.00251	0.00237	0.00192	0.00268	0.00283	0.00158	0.45610	0.00337	0.01912	0.00204	0.00216	0.00150	0.00114	0.00086	0.00033	0.00100	0.00077	0.00087	0.00148
27	0.00169	0.00126	0.00187	0.00180	0.00201	0.00146	0.01566	0.01642	0.00182	0.02090	0.00286	0.01257	0.00265	0.02652	0.81703	0.00153	0.04669	0.00116	0.02311	0.00100
28	0.00180	0.00130	0.00175	0.00195	0.00223	0.00130	0.00169	0.02054	0.03031	0.00995	0.00575	0.01153	0.04155	0.00286	0.00145	0.00048	0.00097	0.86056	0.00099	0.00103
29	0.00253	0.00289	0.00632	0.00451	0.00559	0.00271	0.95182	0.00343	0.00253	0.00343	0.00217	0.00289	0.00162	0.00090	0.00126	0.00036	0.00180	0.00126	0.00054	0.00144
30	0.11415	0.00163	0.00199	0.00181	0.00221	0.01837	0.02485	0.07627	0.00455	0.21701	0.00425	0.43588	0.00432	0.02468	0.00139	0.00040	0.05081	0.00190	0.00098	0.01258
31	0.00203	0.00759	0.00322	0.95415	0.00734	0.00239	0.00297	0.00274	0.00214	0.00273	0.00190	0.00285	0.00143	0.00107	0.00107	0.00036	0.00143	0.00095	0.00048	0.00119
32	0.00265	0.00254	0.00434	0.00657	0.95571	0.00254	0.00328	0.00328	0.00244	0.00350	0.00201	0.00265	0.00170	0.00095	0.00106	0.00032	0.00127	0.00095	0.00053	0.00170
33	0.96995	0.00207	0.00157	0.00141	0.00207	0.00240	0.00116	0.00315	0.00182	0.00480	0.00149	0.00174	0.00116	0.00099	0.00066	0.00033	0.00083	0.00058	0.00066	0.00116
34	0.00244	0.00206	0.00238	0.00174	0.00271	0.00156	0.00137	0.00286	0.00237	0.00370	0.00212	0.00251	0.00179	0.00093	0.00089	0.00020	0.00087	0.00071	0.00071	0.96609
35	0.00399	0.00505	0.00303	0.00275	0.00330	0.93974	0.00207	0.01958	0.00306	0.00269	0.00167	0.00195	0.00139	0.00113	0.00389	0.00028	0.00192	0.00070	0.00056	0.00125
36	0.00147	0.00120	0.00139	0.00142	0.01996	0.00110	0.01217	0.00197	0.06829	0.00652	0.13925	0.13842	0.57230	0.00259	0.00127	0.00037	0.00061	0.02768	0.00101	0.00100
37	0.00163	0.00117	0.00148	0.00138	0.00167	0.00110	0.00104	0.00224	0.04858	0.02524	0.83054	0.00785	0.06768	0.00217	0.00125	0.00034	0.00053	0.00190	0.00117	0.00105
38	0.96995	0.00207	0.00157	0.00141	0.00207	0.00240	0.00116	0.00315	0.00182	0.00480	0.00149	0.00174	0.00116	0.00099	0.00066	0.00033	0.00083	0.00058	0.00066	0.00116
39	0.00222	0.00191	0.00222	0.00159	0.00254	0.00144	0.00127	0.00273	0.01395	0.00350	0.00193	0.00224	0.00161	0.00080	0.00080	0.00016	0.00079	0.00064	0.00064	0.95701
40	0.00170	0.00132	0.00820	0.00175	0.01013	0.00132	0.08630	0.00197	0.01602	0.01367	0.00739	0.11336	0.02106	0.46734	0.17536	0.00095	0.01830	0.04851	0.00448	0.00088
41	0.96995	0.00207	0.00157	0.00141	0.00207	0.00240	0.00116	0.00315	0.00182	0.00480	0.00149	0.00174	0.00116	0.00099	0.00066	0.00033	0.00083	0.00058	0.00066	0.00116
42	0.00131	0.00096	0.00123	0.00145	0.00155	0.00089	0.00098	0.00153	0.00812	0.00277	0.00649	0.83515	0.12187	0.00326	0.00135	0.00043	0.00061	0.00818	0.00099	0.00088
43	0.00131	0.00094	0.00124	0.00149	0.00155	0.00087	0.00099	0.00150	0.00205	0.00273	0.00589	0.93396	0.01364	0.01820	0.00143	0.00044	0.00063	0.00928	0.00099	0.00087
44	0.00253	0.00289	0.00632	0.00451	0.00559	0.00271	0.95182	0.00343	0.00253	0.00343	0.00217	0.00289	0.00162	0.00090	0.00126	0.00036	0.00180	0.00126	0.00054	0.00144
45	0.00224	0.00191	0.00223	0.00159	0.00254	0.00145	0.00128	0.01196	0.00225	0.00352	0.00191	0.00222	0.00159	0.00080	0.00080	0.00016	0.00080	0.00064	0.00064	0.95949
46	0.00143	0.00107	0.00128	0.00132	0.00157	0.00097	0.00098	0.00175	0.00249	0.00996	0.28693	0.19243	0.35508	0.05895	0.00154	0.00042	0.00061	0.07925	0.00103	0.00093
47	0.00465	0.00184	0.00247	0.00192	0.00273	0.00163	0.00158	0.02094	0.03639	0.88828	0.00683	0.01201	0.00275	0.00136	0.00108	0.00033	0.00091	0.00918	0.00131	0.00180
48	0.00286	0.96303	0.00561	0.00183	0.00275	0.00423	0.00183	0.00320	0.00217	0.00252	0.00149	0.00172	0.00137	0.00092	0.00069	0.00023	0.00114	0.00057	0.00046	0.00137
49	0.96995	0.00207	0.00157	0.00141	0.00207	0.00240	0.00116	0.00315	0.00182	0.00480	0.00149	0.00174	0.00116	0.00099	0.00066	0.00033	0.00083	0.00058	0.00066	0.00116
50	0.00146	0.00107	0.00135	0.00137	0.00160	0.00098	0.00101	0.00185	0.00266	0.00993	0.51068	0.21862	0.16384	0.01993	0.00137	0.00038	0.00058	0.05926	0.00109	0.00096
51	0.00265	0.00254	0.00434	0.00657	0.95571	0.00254	0.00328	0.00328	0.00244	0.00350	0.00201	0.00265	0.00170	0.00095	0.00106	0.00032	0.00127	0.00095	0.00053	0.00170
52	0.00130	0.00093	0.00124	0.00149	0.00155	0.00087	0.00099	0.00149	0.00205	0.00273	0.00590	0.96169	0.00708	0.00335	0.00137	0.00043	0.00062	0.00304	0.00099	0.00087
53	0.00149	0.00103	0.00117	0.00120	0.00126	0.00100	0.00072	0.00155	0.00174	0.00228	0.00944	0.11460	0.13364	0.70840	0.01539	0.00088	0.00094	0.00182	0.00074	0.00071
54	0.00163	0.00136	0.00144	0.00140	0.00179	0.00131	0.00107	0.02779	0.17345	0.00331	0.02837	0.04278	0.63200	0.01373	0.00129	0.00038	0.00065	0.06416	0.00101	0.00107
55	0.00265	0.00254	0.00434	0.00657	0.95571	0.00254	0.00328	0.00328	0.00244	0.00350	0.00201	0.00265	0.00170	0.00095	0.00106	0.00032	0.00127	0.00095	0.00053	0.00170
56	0.00215	0.00554	0.95684	0.00305	0.00463	0.00249	0.00395	0.00339	0.00226	0.00339	0.00192	0.00226	0.00136	0.00102	0.00102	0.00034	0.00158	0.00079	0.00045	0.00158
57	0.00227	0.00187	0.00221	0.00163	0.00252	0.00145	0.00791	0.00697	0.02706	0.03070	0.00224	0.05184	0.00194	0.00096	0.00084	0.00019	0.00080	0.00079	0.00069	0.85512
58	0.00161	0.00138	0.00142	0.00138	0.00175	0.02783	0.00103	0.00233	0.15296	0.00329	0.11972	0.09618	0.56895	0.00244	0.00123	0.00036	0.00063	0.00206	0.00101	0.01242
59	0.00210	0.00192	0.00321	0.57763	0.12972	0.00227	0.03993	0.00270	0.00212	0.01624	0.00224	0.05010	0.00192	0.02167	0.08260	0.00049	0.06028	0.00110	0.00053	0.00123
60	0.00222	0.00190	0.00222	0.00159	0.00254	0.00143	0.00127	0.00269	0.00222	0.00349	0.00190	0.00222	0.00159	0.00079	0.00079	0.00016	0.00079	0.00063	0.00063	0.96893
61	0.00326	0.00247	0.00273	0.00233	0.02672	0.00273	0.00182	0.51200	0.25653	0.02505	0.00367	0.09382	0.02697	0.00165	0.00937	0.00036	0.00103	0.02479	0.00105	0.00164
62	0.00273	0.00245	0.00269	0.00247	0.04297	0.10803	0.05654	0.08299	0.41188	0.03446	0.01049	0.10082	0.01606	0.00765	0.00581	0.00037	0.03096	0.06020	0.00093	0.01948
63	0.00416	0.00282	0.00310	0.00238	0.00323	0.00306	0.00196	0.80464	0.01563	0.14377	0.00283	0.00274	0.00196	0.00129	0.00107	0.00032	0.00114	0.00098	0.00111	0.00182
64	0.00395	0.00293	0.00312	0.00242	0.00325	0.01497	0.00199	0.84999	0.06051	0.02490	0.00273	0.01102	0.00197	0.00137	0.00952	0.00034	0.00117	0.00100	0.00107	0.00179
65	0.00224	0.00195	0.00242	0.00498	0.03048	0.00162	0.03453	0.01136	0.06358	0.00352	0.00240	0.02348	0.02261	0.00102	0.00425	0.00021	0.02363	0.01248	0.00068	0.75258
66	0.00401	0.00142	0.00161	0.00158	0.00193	0.00144	0.00119	0.00530	0.24990	0.03754	0.03914	0.17842	0.28548	0.08202	0.00952	0.00045	0.00075	0.08973	0.00100	0.00755
67	0.00135	0.00096	0.00129	0.00153	0.00162	0.00091	0.00106	0.00156	0.00209	0.00278	0.00585	0.87061	0.00696	0.00330	0.00137	0.00044	0.00065	0.08782	0.00099	0.00684
68	0.00155	0.00104	0.00118	0.00118	0.00119	0.00104	0.00067	0.00156	0.00157	0.00210	0.00345	0.03745	0.00398	0.91937	0.01768	0.00103	0.00105	0.00160	0.00066	0.00066
69	0.00171	0.00142	0.00154	0.00152	0.00189	0.00142	0.00115	0.00277	0.27161	0.00340	0.05321	0.13402	0.44658	0.01156	0.00128	0.00039	0.00067	0.06172	0.00103	0.00113
70	0.00207	0.00135	0.00168	0.00169	0.00201	0.00132	0.00130	0.02040	0.12100	0.12446	0.03948	0.31892	0.11540	0.03263	0.00143	0.00043	0.00078	0.21147	0.00104	0.00114
71	0.00334	0.00231	0.00258	0.00218	0.00287	0.00252	0.00175	0.23147	0.48534	0.18571	0.00399	0.00411	0.00299	0.00148	0.00111	0.00036	0.00095	0.06212	0.00112	0.00170
72	0.00222	0.00190	0.00222	0.00159	0.00254	0.00143	0.00127	0.00269	0.00222	0.00349	0.00190	0.00222	0.00159	0.00079	0.00079	0.00016	0.00079	0.00063	0.00063	0.96893
73	0.00206	0.00146	0.00173	0.00171	0.00211	0.00146	0.00138	0.00303	0.21049	0.09499	0.05565	0.05435	0.27236	0.00238	0.00128	0.00040	0.00078	0.29014	0.00105	0.00119
74	0.00155	0.00105	0.00141	0.00161	0.00175	0.00100	0.00118	0.00185	0.01151	0.03758	0.05001	0.66635	0.00682	0.00312	0.00137	0.00044	0.00071	0.20873	0.00101	0.00094
75	0.01091	0.00182	0.00248	0.00190	0.00273	0.00158	0.00157	0.00520	0.00306	0.95043	0.00421	0.00363	0.00264	0.00132	0.00107	0.00033	0.00091	0.00107	0.00132	0.00182
76	0.00131	0.00093	0.00124	0.00148	0.00154	0.00087	0.00098	0.00149	0.00204	0.00272	0.00588	0.93287	0.01423	0.02501	0.00146	0.00045	0.00063	0.00300	0.00099	0.00086
77	0.00640	0.00141	0.00166	0.00169	0.00196	0.00146	0.00123	0.07175	0.20308	0.01166	0.00769	0.53718	0.05867	0.04657	0.00147	0.00044	0.00074	0.04282	0.00100	0.00112
78	0.00132	0.00095	0.00125	0.00148	0.00156	0.00089	0.00099	0.00154	0.01298	0.00276	0.00609	0.91073	0.04687	0.00330	0.00136	0.00043	0.00062	0.00299	0.00099	0.00088
79	0.00472	0.00192	0.00254	0.00195	0.00278	0.00171	0.00161	0.08206	0.00322	0.87271	0.00407	0.00355	0.00257	0.00132	0.00107	0.00033	0.00093	0.00106	0.00130	0.00857
80	0.00137	0.00102	0.00127	0.00145	0.00162	0.00094	0.00105	0.00163	0.00486	0.00284	0.00714	0.53720	0.26288	0.02310	0.00144	0.00044	0.00066	0.14720	0.00099	0.00089
81	0.00270	0.00208	0.00229	0.00202	0.00257	0.00227	0.00160	0.28790	0.32791	0.02116	0.03238	0.12692	0.08084	0.01763	0.00124	0.00038	0.00090	0.08468	0.00105	0.00147
82	0.00159	0.00127	0.00140	0.00140	0.00176	0.00118	0.00110	0.05155	0.05373	0.00858	0.03900	0.05566	0.61453	0.00262	0.00128	0.00038	0.00067	0.16028	0.00101	0.00101
83	0.00186	0.00093	0.00139	0.00139	0.00139	0.00093	0.00093	0.00139	0.00139	0.00186	0.00186	0.00325	0.00186	0.00372	0.00418	0.96886	0.00093	0.00093	0.00046	0.00046
84	0.00267	0.00175	0.00200	0.00178	0.00232	0.00179	0.00140	0.06835	0.31197	0.20242	0.02476	0.10468	0.23102	0.00198	0.00117	0.00036	0.00078	0.03627	0.00110	0.00142
85	0.00221	0.00190	0.00221	0.00158	0.00253	0.00142	0.00126	0.00269	0.00222	0.00348	0.00197	0.00228	0.00910	0.00081	0.00080	0.00016	0.00079	0.00065	0.00064	0.96130
86	0.00137	0.00099	0.00130	0.00152	0.00164	0.00093	0.00108	0.00161	0.00215	0.00283	0.01513	0.71300	0.09796	0.01025	0.00140	0.00044	0.00067	0.14385	0.00099	0.00089
87	0.00224	0.00192	0.00223	0.00160	0.00255	0.00146	0.00128	0.01092	0.01512	0.00353	0.00194	0.00225	0.00161	0.00081	0.00080	0.00016	0.00080	0.00064	0.00064	0.94750
88	0.00150	0.00108	0.00146	0.00168	0.00185	0.00104	0.00132	0.00183	0.00228	0.00299	0.02367	0.45675	0.06001	0.00311	0.00141	0.00046	0.00078	0.43486	0.00099	0.00093
89	0.00222	0.00190	0.00222	0.00159	0.00254	0.00143	0.00127	0.00269	0.00222	0.00349	0.00190	0.00222	0.00159	0.00079	0.00079	0.00016	0.00079	0.00063	0.00063	0.96893
90	0.00196	0.01506	0.00183	0.00171	0.02040	0.03285	0.01961	0.04304	0.07895	0.00892	0.00329	0.03144	0.00783	0.57416	0.07222	0.00087	0.05969	0.02455	0.00070	0.00093
91	0.00304	0.00228	0.00267	0.00200	0.00289	0.00214	0.02509	0.30664	0.05160	0.08114	0.00247	0.00264	0.00187	0.00105	0.00094	0.00024	0.00095	0.00929	0.00085	0.50021
92	0.00134	0.00097	0.00127	0.00150	0.00160	0.00090	0.00104	0.00156	0.00211	0.00279	0.01727	0.83119	0.05416	0.00327	0.00137	0.00043	0.00064	0.07189	0.00099	0.00371
93	0.00348	0.00187	0.00228	0.00193	0.00258	0.00186	0.00155	0.03774	0.29180	0.44782	0.04509	0.05027	0.04341	0.00166	0.00114	0.00036	0.00086	0.06154	0.00119	0.00161
94	0.00315	0.64315	0.04137	0.00214	0.00298	0.26967	0.00198	0.00355	0.01871	0.00261	0.00160	0.00184	0.00141	0.00098	0.00078	0.00025	0.00137	0.00062	0.00049	0.00135
95	0.00148	0.00104	0.00141	0.00164	0.00177	0.00100	0.00122	0.00178	0.00843	0.01409	0.00590	0.63700	0.02692	0.00318	0.00139	0.00045	0.00073	0.28863	0.00100	0.00092
96	0.00400	0.00507	0.00304	0.00275	0.00331	0.94196	0.00207	0.02029	0.00307	0.00269	0.00167	0.00194	0.00139	0.00111	0.00097	0.00028	0.00192	0.00069	0.00056	0.00125
97	0.00133	0.00096	0.00127	0.00150	0.00158	0.00090	0.00102	0.00156	0.01212	0.00278	0.01264	0.88741	0.03383	0.00329	0.00136	0.00043	0.00063	0.03350	0.00100	0.00088
98	0.92965	0.00207	0.00162	0.00144	0.00210	0.00239	0.00118	0.00936	0.01335	0.02688	0.00160	0.00182	0.00122	0.00101	0.00068	0.00033	0.00083	0.00060	0.00069	0.00119
99	0.00135	0.00098	0.00128	0.00151	0.00160	0.00092	0.00104	0.00160	0.01215	0.00282	0.02899	0.80952	0.04634	0.01779	0.00143	0.00044	0.00065	0.06772	0.00099	0.00089
100	0.00131	0.00094	0.00125	0.00150	0.00157	0.00088	0.00101	0.00151	0.00207	0.00275	0.00599	0.91697	0.02525	0.00333	0.00137	0.00043	0.00063	0.02938	0.00099	0.00087
101	0.00157	0.00105	0.00120	0.00120	0.00122	0.00105	0.00069	0.01246	0.00165	0.00220	0.00993	0.06630	0.01612	0.87103	0.00734	0.00098	0.00101	0.00165	0.00068	0.00068
102	0.00137	0.00102	0.00129	0.00147	0.00164	0.00094	0.00107	0.00163	0.00222	0.00287	0.01997	0.57007	0.22682	0.00312	0.00136	0.00043	0.00066	0.16016	0.00099	0.00090
103	0.00140	0.00101	0.00134	0.00156	0.00169	0.00095	0.00114	0.00166	0.00218	0.00287	0.01985	0.67012	0.07915	0.00320	0.00138	0.00044	0.00069	0.20749	0.00099	0.00090
104	0.00458	0.00200	0.00257	0.00199	0.00281	0.00185	0.00164	0.12115	0.06245	0.78098	0.00403	0.00353	0.00259	0.00133	0.00108	0.00033	0.00094	0.00107	0.00128	0.00181
105	0.00169	0.00120	0.00158	0.00175	0.00200	0.00116	0.00145	0.00216	0.02686	0.02958	0.04420	0.19132	0.11794	0.00289	0.00140	0.00045	0.00084	0.56953	0.00101	0.00100
106	0.00407	0.00300	0.00321	0.00246	0.00332	0.00332	0.00203	0.95214	0.00503	0.00675	0.00257	0.00257	0.00182	0.00128	0.00107	0.00032	0.00118	0.00096	0.00107	0.00182
107	0.08392	0.00292	0.00308	0.00238	0.00322	0.00324	0.00196	0.87368	0.00477	0.00658	0.00248	0.00250	0.00177	0.00126	0.00104	0.00032	0.00115	0.00093	0.00104	0.00177
108	0.00152	0.00107	0.00141	0.00162	0.00176	0.00103	0.00120	0.00183	0.01923	0.01629	0.00575	0.56917	0.03091	0.06470	0.00165	0.00049	0.00076	0.27774	0.00098	0.00092
109	0.02208	0.00167	0.00217	0.00187	0.00246	0.00158	0.00153	0.01614	0.09354	0.52059	0.00442	0.00593	0.00361	0.09249	0.00158	0.00044	0.00094	0.22432	0.00114	0.00149
110	0.00172	0.00127	0.00158	0.00146	0.00177	0.00123	0.00111	0.02223	0.10098	0.01379	0.82795	0.00743	0.00915	0.00208	0.00124	0.00034	0.00056	0.00183	0.00117	0.00111
111	0.00157	0.00120	0.00173	0.00172	0.00191	0.01232	0.00133	0.00193	0.00173	0.00247	0.00286	0.00427	0.00270	0.04838	0.89425	0.00166	0.01529	0.00116	0.00057	0.00095
112	0.00384	0.00284	0.00305	0.00240	0.00321	0.00315	0.00196	0.75567	0.17451	0.03376	0.00294	0.00285	0.00210	0.00132	0.00107	0.00033	0.00111	0.00101	0.00108	0.00180
113	0.00136	0.00114	0.00118	0.00118	0.00153	0.00100	0.00088	0.00178	0.05568	0.00301	0.04043	0.08101	0.79485	0.00854	0.00129	0.00037	0.00057	0.00224	0.00100	0.00095
114	0.00131	0.00093	0.00124	0.00149	0.00156	0.00087	0.00100	0.00149	0.00205	0.00274	0.00592	0.95089	0.01203	0.00335	0.00137	0.00043	0.00062	0.00884	0.00099	0.00087
115	0.00185	0.00093	0.00139	0.00140	0.00140	0.00093	0.00093	0.00140	0.00141	0.00188	0.00194	0.02294	0.00197	0.00371	0.00413	0.94897	0.00092	0.00097	0.00048	0.00047
116	0.00410	0.00295	0.00318	0.00244	0.00329	0.00324	0.00201	0.91108	0.00495	0.04793	0.00264	0.00262	0.00186	0.00129	0.00107	0.00032	0.00117	0.00097	0.00108	0.00182
117	0.96630	0.00208	0.00517	0.00141	0.00208	0.00240	0.00117	0.00315	0.00182	0.00480	0.00149	0.00174	0.00116	0.00099	0.00066	0.00033	0.00083	0.00058	0.00066	0.00116
118	0.00186	0.00093	0.00139	0.00139	0.00139	0.00093	0.00093	0.00139	0.00139	0.00186	0.00186	0.00325	0.00186	0.00372	0.00418	0.96886	0.00093	0.00093	0.00046	0.00046
119	0.00468	0.00202	0.00261	0.00200	0.00283	0.00187	0.00165	0.16629	0.00340	0.79491	0.00394	0.00346	0.00251	0.00132	0.00108	0.00033	0.00096	0.00106	0.00128	0.00182
120	0.00405	0.00299	0.00320	0.00246	0.00331	0.00331	0.00203	0.94102	0.01618	0.00672	0.00259	0.00259	0.00184	0.00129	0.00107	0.00032	0.00117	0.00097	0.00107	0.00182
121	0.00400	0.00507	0.00304	0.00275	0.00331	0.94485	0.00207	0.01741	0.00306	0.00268	0.00167	0.00194	0.00138	0.00111	0.00097	0.00028	0.00192	0.00069	0.00056	0.00125
122	0.00407	0.00300	0.00321	0.00246	0.00332	0.00332	0.00203	0.95214	0.00503	0.00675	0.00257	0.00257	0.00182	0.00128	0.00107	0.00032	0.00118	0.00096	0.00107	0.00182
123	0.00265	0.00254	0.00434	0.00657	0.95571	0.00254	0.00328	0.00328	0.00244	0.00350	0.00201	0.00265	0.00170	0.00095	0.00106	0.00032	0.00127	0.00095	0.00053	0.00170
124	0.00153	0.00115	0.00172	0.00172	0.00191	0.00134	0.00134	0.00191	0.00172	0.00248	0.00287	0.00420	0.00268	0.00803	0.95814	0.00172	0.00287	0.00115	0.00057	0.00096
125	0.00443	0.00191	0.00250	0.00190	0.00274	0.00166	0.00156	0.06421	0.00308	0.77829	0.00383	0.00340	0.00246	0.00126	0.00104	0.00031	0.00091	0.00101	0.00122	0.12226
126	0.00132	0.00094	0.00125	0.00150	0.00157	0.00088	0.00101	0.00151	0.00208	0.00277	0.02411	0.92601	0.00712	0.00332	0.00137	0.00043	0.00063	0.02033	0.00100	0.00087
127	0.00144	0.00113	0.00134	0.00145	0.00174	0.00102	0.00117	0.00179	0.00242	0.00300	0.01219	0.08217	0.52110	0.00906	0.00138	0.00042	0.00072	0.35457	0.00099	0.00093
128	0.96995	0.00207	0.00157	0.00141	0.00207	0.00240	0.00116	0.00315	0.00182	0.00480	0.00149	0.00174	0.00116	0.00099	0.00066	0.00033	0.00083	0.00058	0.00066	0.00116
129	0.01857	0.00188	0.00250	0.00193	0.00275	0.00168	0.00159	0.04811	0.01316	0.88974	0.00411	0.00357	0.00260	0.00132	0.00107	0.00033	0.00092	0.00107	0.00130	0.00181
130	0.00134	0.00096	0.00129	0.00153	0.00162	0.00091	0.00106	0.00156	0.00210	0.00278	0.00599	0.84501	0.02903	0.00330	0.00137	0.00044	0.00066	0.09717	0.00099	0.00088
131	0.00202	0.00190	0.00321	0.95981	0.00737	0.00238	0.00297	0.00273	0.00214	0.00273	0.00190	0.00285	0.00143	0.00107	0.00107	0.00036	0.00143	0.00095	0.00048	0.00119
132	0.00480	0.00182	0.00248	0.00190	0.00273	0.00157	0.00157	0.00522	0.00306	0.95645	0.00422	0.00364	0.00265	0.00132	0.00108	0.00033	0.00091	0.00108	0.00132	0.00182
133	0.00151	0.00110	0.00142	0.00133	0.00159	0.00101	0.00100	0.00200	0.00300	0.00722	0.90310	0.00810	0.05917	0.00221	0.00126	0.00034	0.00051	0.00195	0.00117	0.00101
134	0.00479	0.00184	0.00249	0.00191	0.00274	0.00160	0.00158	0.01809	0.00309	0.94354	0.00420	0.00363	0.00264	0.00132	0.00108	0.00033	0.00091	0.00107	0.00132	0.00182
135	0.00253	0.00289	0.00632	0.00451	0.00559	0.00271	0.95182	0.00343	0.00253	0.00343	0.00217	0.00289	0.00162	0.00090	0.00126	0.00036	0.00180	0.00126	0.00054	0.00144
136	0.00256	0.00219	0.00231	0.00209	0.00267	0.00250	0.00163	0.02563	0.83215	0.00437	0.00488	0.00468	0.08079	0.00159	0.00111	0.00037	0.00083	0.02497	0.00108	0.00161
137	0.00127	0.00108	0.00109	0.00109	0.00145	0.00090	0.00082	0.00154	0.00243	0.00289	0.01077	0.02470	0.94092	0.00272	0.00127	0.00036	0.00054	0.00227	0.00099	0.00090
138	0.00407	0.00300	0.00321	0.00246	0.00332	0.00332	0.00203	0.95214	0.00503	0.00675	0.00257	0.00257	0.00182	0.00128	0.00107	0.00032	0.00118	0.00096	0.00107	0.00182
139	0.00153	0.00115	0.00172	0.00172	0.00191	0.00134	0.00134	0.00191	0.00172	0.00248	0.00287	0.00420	0.00268	0.00803	0.95814	0.00172	0.00287	0.00115	0.00057	0.00096
140	0.00215	0.00554	0.95684	0.00305	0.00463	0.00249	0.00395	0.00339	0.00226	0.00339	0.00192	0.00226	0.00136	0.00102	0.00102	0.00034	0.00158	0.00079	0.00045	0.00158
141	0.00150	0.00109	0.00141	0.00133	0.00159	0.00100	0.00100	0.00199	0.00299	0.00420	0.89348	0.00815	0.07182	0.00222	0.00126	0.00034	0.00051	0.00196	0.00117	0.00100
142	0.00270	0.00230	0.00243	0.00218	0.00279	0.00266	0.00170	0.01735	0.93369	0.01291	0.00433	0.00397	0.00324	0.00145	0.00109	0.00036	0.00085	0.00121	0.00109	0.00170
143	0.00131	0.00093	0.00125	0.00149	0.00155	0.00087	0.00099	0.00150	0.00207	0.00276	0.02411	0.94339	0.00714	0.00333	0.00136	0.00043	0.00062	0.00302	0.00100	0.00087
144	0.47602	0.00196	0.00205	0.00167	0.00242	0.00200	0.00138	0.01531	0.00777	0.47536	0.00287	0.00270	0.00192	0.00116	0.00087	0.00033	0.00087	0.00083	0.00100	0.00150
145	0.00129	0.00105	0.00114	0.00121	0.00149	0.00090	0.00088	0.00154	0.00235	0.00287	0.01527	0.24956	0.69107	0.00287	0.00129	0.00038	0.00057	0.02238	0.00099	0.00090
146	0.00129	0.00110	0.00111	0.00111	0.00147	0.00093	0.00083	0.00404	0.01268	0.00292	0.01068	0.02462	0.92820	0.00270	0.00126	0.00036	0.00055	0.00226	0.00100	0.00091
147	0.00131	0.00097	0.00123	0.00141	0.00154	0.00088	0.00097	0.00153	0.00217	0.00284	0.05670	0.74114	0.17186	0.00318	0.00134	0.00042	0.00060	0.00801	0.00100	0.00088
148	0.00135	0.00098	0.00128	0.00150	0.00161	0.00091	0.00106	0.00158	0.00214	0.00281	0.01013	0.76206	0.09884	0.00324	0.00137	0.00043	0.00065	0.10618	0.00099	0.00089
149	0.00394	0.00275	0.00298	0.00231	0.00311	0.00300	0.00190	0.78823	0.02840	0.07724	0.00281	0.00279	0.00199	0.00129	0.00105	0.00032	0.00110	0.00098	0.07209	0.00176
150	0.00163	0.00126	0.00153	0.00157	0.00186	0.00124	0.00121	0.00239	0.13888	0.00350	0.24117	0.18582	0.20976	0.00257	0.00130	0.00040	0.00068	0.20112	0.00105	0.00105
151	0.00197	0.00129	0.00149	0.00137	0.00179	0.00117	0.00106	0.00713	0.07071	0.14452	0.24601	0.01918	0.48235	0.00229	0.00123	0.00035	0.00062	0.01325	0.00110	0.00113
152	0.00162	0.00121	0.00149	0.00160	0.00183	0.00118	0.00120	0.00836	0.10897	0.01762	0.07861	0.42275	0.15221	0.00919	0.00135	0.00042	0.00071	0.18762	0.00102	0.00102
153	0.00152	0.00117	0.00167	0.00169	0.00187	0.00465	0.07079	0.01347	0.01193	0.00914	0.01564	0.64736	0.05881	0.11808	0.00183	0.00049	0.00078	0.03415	0.00092	0.00403
154	0.00626	0.00267	0.00290	0.00230	0.00308	0.00694	0.00188	0.60486	0.22255	0.10362	0.01965	0.00311	0.00239	0.00134	0.00107	0.00033	0.00106	0.00105	0.01118	0.00176
155	0.96995	0.00207	0.00157	0.00141	0.00207	0.00240	0.00116	0.00315	0.00182	0.00480	0.00149	0.00174	0.00116	0.00099	0.00066	0.00033	0.00083	0.00058	0.00066	0.00116
156	0.45309	0.02596	0.00242	0.00208	0.00271	0.41440	0.00163	0.06786	0.00702	0.01185	0.00167	0.00190	0.00133	0.00106	0.00083	0.00030	0.00133	0.00066	0.00064	0.00125
157	0.00154	0.00110	0.00151	0.00152	0.00164	0.00122	0.00108	0.00178	0.00166	0.00234	0.00308	0.01532	0.00316	0.35467	0.60196	0.00146	0.00218	0.00132	0.00061	0.00084
158	0.00328	0.00291	0.00273	0.00235	0.00536	0.14707	0.00184	0.27002	0.52750	0.01518	0.00344	0.00328	0.00256	0.00135	0.00106	0.00034	0.00110	0.00106	0.00591	0.00166
159	0.00142	0.00103	0.00136	0.00159	0.00171	0.00099	0.00115	0.00174	0.02640	0.00287	0.00587	0.73933	0.01958	0.00616	0.00139	0.00044	0.00070	0.18436	0.00099	0.00091
160	0.02689	0.00660	0.03595	0.03408	0.08040	0.14825	0.27108	0.18908	0.07614	0.00396	0.00241	0.02520	0.00674	0.00717	0.00649	0.00036	0.06486	0.00877	0.00070	0.00488
161	0.00270	0.00209	0.00230	0.00208	0.00264	0.00441	0.00162	0.02943	0.69685	0.08634	0.00830	0.08921	0.00368	0.00587	0.00115	0.00037	0.00085	0.05142	0.00109	0.00760
162	0.00139	0.00098	0.00122	0.00137	0.00143	0.00093	0.00088	0.00152	0.00192	0.00254	0.00533	0.59072	0.05450	0.31265	0.00268	0.00063	0.00076	0.01686	0.00088	0.00080
163	0.00337	0.00196	0.00230	0.00197	0.00259	0.01606	0.00159	0.14461	0.20225	0.35302	0.00925	0.07739	0.06893	0.00177	0.00115	0.00036	0.00091	0.10256	0.00642	0.00155
164	0.00216	0.00208	0.08291	0.00189	0.00246	0.00194	0.00160	0.01390	0.45328	0.02099	0.17723	0.01780	0.16448	0.00735	0.00119	0.00037	0.00081	0.04516	0.00103	0.00138
165	0.00287	0.00222	0.00241	0.00213	0.00275	0.00251	0.00167	0.02723	0.80163	0.10152	0.02179	0.00712	0.01058	0.00147	0.00110	0.00036	0.00085	0.00699	0.00111	0.00168
166	0.00252	0.00288	0.00628	0.00448	0.00556	0.00269	0.94260	0.00342	0.00252	0.00343	0.00216	0.00288	0.00162	0.00090	0.00126	0.00036	0.00179	0.00126	0.00054	0.01083
167	0.00220	0.01644	0.88709	0.00312	0.03080	0.01250	0.00798	0.00344	0.02060	0.00340	0.00196	0.00230	0.00140	0.00102	0.00102	0.00034	0.00156	0.00080	0.00047	0.00158
168	0.00239	0.00979	0.00273	0.00917	0.03759	0.02815	0.06170	0.03284	0.02937	0.01009	0.00201	0.00241	0.00166	0.00110	0.01820	0.00025	0.09556	0.00076	0.01200	0.64224
169	0.01380	0.00141	0.00167	0.00173	0.00201	0.01240	0.00130	0.01551	0.20004	0.03860	0.01222	0.44598	0.06835	0.00685	0.00132	0.00042	0.00706	0.15866	0.00955	0.00112
170	0.00170	0.00111	0.00161	0.00158	0.00174	0.00120	0.00117	0.00587	0.00165	0.00234	0.00249	0.00385	0.00237	0.03723	0.53355	0.33635	0.00200	0.00106	0.00988	0.05128
171	0.00134	0.00096	0.00127	0.00151	0.00159	0.00091	0.00102	0.00158	0.01545	0.00276	0.00583	0.90267	0.00695	0.01655	0.00142	0.00044	0.00064	0.03522	0.00099	0.00088
172	0.00180	0.00116	0.00139	0.00139	0.00172	0.00102	0.00105	0.00211	0.00248	0.12876	0.08238	0.22841	0.44478	0.00723	0.00130	0.00039	0.00065	0.08987	0.00105	0.00103
173	0.00166	0.00118	0.00137	0.00139	0.00151	0.00119	0.00092	0.00204	0.09208	0.01155	0.00435	0.16483	0.04292	0.57274	0.00714	0.00079	0.00093	0.07507	0.00079	0.01557
174	0.00344	0.00240	0.00266	0.00207	0.00286	0.00247	0.00169	0.48291	0.08819	0.10746	0.00290	0.00305	0.00215	0.01551	0.00107	0.00030	0.00099	0.01529	0.06954	0.19306
175	0.00341	0.00246	0.00264	0.00213	0.00282	0.00271	0.00173	0.57647	0.17292	0.02893	0.02142	0.01969	0.00251	0.00137	0.00104	0.00032	0.00099	0.00549	0.14933	0.00164
176	0.00187	0.00096	0.00147	0.00144	0.00146	0.00096	0.01506	0.00143	0.00142	0.00189	0.00189	0.00920	0.00189	0.00367	0.00412	0.94845	0.00094	0.00095	0.00047	0.00048
177	0.00222	0.00190	0.00222	0.00159	0.00254	0.00143	0.00127	0.00269	0.00222	0.00349	0.00190	0.00222	0.00159	0.00079	0.00079	0.00016	0.00079	0.00063	0.00063	0.96893
178	0.00218	0.00157	0.00189	0.00209	0.00224	0.00141	0.00142	0.00799	0.00265	0.00360	0.00671	0.88152	0.02104	0.00381	0.00172	0.00058	0.00094	0.05406	0.00126	0.00132
179	0.00366	0.00167	0.00225	0.00198	0.01670	0.00155	0.00160	0.00428	0.07425	0.58515	0.00462	0.05665	0.00376	0.01190	0.00123	0.00038	0.00091	0.22471	0.00119	0.00155
180	0.00174	0.00123	0.00171	0.00194	0.00220	0.00123	0.00169	0.00224	0.00889	0.01144	0.00574	0.03643	0.02244	0.00294	0.00147	0.00049	0.00097	0.89324	0.00099	0.00099
181	0.00173	0.00124	0.00173	0.00197	0.00222	0.00124	0.00172	0.00225	0.01038	0.00321	0.00566	0.01201	0.00614	0.00294	0.00148	0.00049	0.00098	0.94063	0.00099	0.00099
182	0.00186	0.00093	0.00139	0.00139	0.00139	0.00093	0.00093	0.00139	0.00139	0.00186	0.00186	0.00325	0.00186	0.00372	0.00418	0.96886	0.00093	0.00093	0.00046	0.00046
183	0.00153	0.00111	0.00156	0.00156	0.00170	0.00125	0.00114	0.00181	0.00168	0.00237	0.00303	0.01325	0.00305	0.27594	0.68241	0.00152	0.00233	0.00128	0.00060	0.00087
184	0.00165	0.00134	0.00146	0.00138	0.00177	0.00130	0.00105	0.00255	0.19667	0.01476	0.24378	0.00836	0.51532	0.00231	0.00123	0.00036	0.00060	0.00195	0.00106	0.00110
185	0.00406	0.00300	0.00323	0.00247	0.00333	0.00332	0.00763	0.94655	0.00502	0.00673	0.00257	0.00257	0.00182	0.00128	0.00107	0.00032	0.00118	0.00097	0.00107	0.00182
186	0.00264	0.00228	0.00240	0.00216	0.00276	0.00263	0.00168	0.00561	0.93403	0.00445	0.00444	0.00408	0.01740	0.00147	0.00109	0.00036	0.00084	0.00122	0.00108	0.00738
187	0.00131	0.00094	0.00125	0.00148	0.00156	0.00088	0.00100	0.00151	0.00207	0.00275	0.01327	0.90099	0.03655	0.00897	0.00139	0.00044	0.00063	0.02114	0.00099	0.00087
188	0.00480	0.00182	0.00248	0.00190	0.00273	0.00157	0.00157	0.00522	0.00306	0.95645	0.00422	0.00364	0.00265	0.00132	0.00108	0.00033	0.00091	0.00108	0.00132	0.00182
189	0.00215	0.00554	0.95684	0.00305	0.00463	0.00249	0.00395	0.00339	0.00226	0.00339	0.00192	0.00226	0.00136	0.00102	0.00102	0.00034	0.00158	0.00079	0.00045	0.00158
190	0.00266	0.00230	0.00242	0.00218	0.00278	0.00266	0.00169	0.00569	0.95378	0.00448	0.00436	0.00399	0.00327	0.00145	0.00109	0.00036	0.00085	0.00121	0.00109	0.00169
191	0.00400	0.00510	0.00303	0.00276	0.00331	0.95809	0.00207	0.00427	0.00303	0.00262	0.00165	0.00193	0.00138	0.00110	0.00097	0.00028	0.00193	0.00069	0.00055	0.00124
192	0.00203	0.00191	0.00321	0.94559	0.00730	0.00239	0.00296	0.00273	0.00213	0.00273	0.00189	0.00285	0.00143	0.00108	0.00111	0.00036	0.01568	0.00095	0.00048	0.00119
193	0.00454	0.00199	0.00256	0.00198	0.00280	0.00184	0.00163	0.13508	0.03745	0.76725	0.00400	0.01721	0.00261	0.00135	0.00108	0.00033	0.00094	0.00109	0.00127	0.01301
194	0.00222	0.00190	0.00222	0.00159	0.00254	0.00143	0.00127	0.00269	0.00222	0.00349	0.00190	0.00222	0.00159	0.00079	0.00079	0.00016	0.00079	0.00063	0.00063	0.96893
195	0.00155	0.00104	0.00117	0.00117	0.00117	0.00104	0.00065	0.00156	0.00156	0.00208	0.00339	0.01259	0.00391	0.95678	0.00542	0.00103	0.00104	0.00157	0.00065	0.00065
196	0.00286	0.96303	0.00561	0.00183	0.00275	0.00423	0.00183	0.00320	0.00217	0.00252	0.00149	0.00172	0.00137	0.00092	0.00069	0.00023	0.00114	0.00057	0.00046	0.00137
197	0.00131	0.00093	0.00124	0.00149	0.00155	0.00087	0.00099	0.00149	0.00205	0.00273	0.00588	0.95610	0.00706	0.00896	0.00139	0.00044	0.00062	0.00303	0.00099	0.00087
198	0.00271	0.00229	0.00243	0.00216	0.00278	0.00262	0.00168	0.01767	0.89929	0.02151	0.00427	0.00392	0.00319	0.00143	0.00108	0.00036	0.00085	0.00119	0.00108	0.02750
199	0.00215	0.00554	0.95684	0.00305	0.00463	0.00249	0.00395	0.00339	0.00226	0.00339	0.00192	0.00226	0.00136	0.00102	0.00102	0.00034	0.00158	0.00079	0.00045	0.00158
200	0.95611	0.00208	0.00160	0.00142	0.00209	0.00241	0.00117	0.01674	0.00187	0.00483	0.00151	0.00175	0.00117	0.00100	0.00067	0.00033	0.00083	0.00059	0.00067	0.00117
201	0.00215	0.00554	0.95684	0.00305	0.00463	0.00249	0.00395	0.00339	0.00226	0.00339	0.00192	0.00226	0.00136	0.00102	0.00102	0.00034	0.00158	0.00079	0.00045	0.00158
202	0.00407	0.00300	0.00321	0.00246	0.00332	0.00332	0.00203	0.95214	0.00503	0.00675	0.00257	0.00257	0.00182	0.00128	0.00107	0.00032	0.00118	0.00096	0.00107	0.00182
203	0.00215	0.00554	0.95684	0.00305	0.00463	0.00249	0.00395	0.00339	0.00226	0.00339	0.00192	0.00226	0.00136	0.00102	0.00102	0.00034	0.00158	0.00079	0.00045	0.00158
204	0.00130	0.00093	0.00124	0.00149	0.00155	0.00087	0.00099	0.00149	0.00205	0.00273	0.00590	0.96169	0.00708	0.00335	0.00137	0.00043	0.00062	0.00304	0.00099	0.00087
205	0.00151	0.00109	0.00143	0.00135	0.00160	0.00101	0.00101	0.00202	0.00303	0.00429	0.95514	0.00799	0.01010	0.00219	0.00126	0.00034	0.00050	0.00194	0.00118	0.00101
206	0.00407	0.00300	0.00321	0.00246	0.00332	0.00332	0.00203	0.95214	0.00503	0.00675	0.00257	0.00257	0.00182	0.00128	0.00107	0.00032	0.00118	0.00096	0.00107	0.00182
207	0.95557	0.00212	0.01577	0.00143	0.00211	0.00240	0.00120	0.00315	0.00183	0.00478	0.00150	0.00175	0.00116	0.00099	0.00067	0.00033	0.00084	0.00058	0.00066	0.00117
208	0.00156	0.00104	0.00118	0.00118	0.00118	0.00104	0.00066	0.00156	0.00156	0.00208	0.00336	0.00694	0.00386	0.94097	0.02683	0.00105	0.00108	0.00155	0.00065	0.00066
209	0.00400	0.00510	0.00303	0.00276	0.00331	0.95809	0.00207	0.00427	0.00303	0.00262	0.00165	0.00193	0.00138	0.00110	0.00097	0.00028	0.00193	0.00069	0.00055	0.00124
210	0.00152	0.00111	0.00143	0.00135	0.00161	0.00103	0.00101	0.00204	0.01472	0.00423	0.90102	0.01835	0.04215	0.00221	0.00126	0.00034	0.00051	0.00195	0.00117	0.00101
211	0.00219	0.00548	0.94266	0.00303	0.00460	0.00247	0.00392	0.00342	0.00227	0.01755	0.00195	0.00228	0.00138	0.00102	0.00102	0.00034	0.00157	0.00080	0.00046	0.00159
212	0.00154	0.00115	0.00167	0.00167	0.00185	0.00132	0.00127	0.00656	0.00172	0.00247	0.00291	0.00447	0.00279	0.10009	0.86149	0.00165	0.00268	0.00119	0.00058	0.00093
213	0.02198	0.00216	0.00266	0.00206	0.00288	0.00210	0.00170	0.26447	0.03324	0.64951	0.00372	0.00333	0.00241	0.00131	0.00107	0.00033	0.00098	0.00104	0.00124	0.00181
214	0.10639	0.00190	0.00242	0.00188	0.00269	0.00174	0.00155	0.04836	0.00302	0.81276	0.00386	0.00339	0.00245	0.00129	0.00103	0.00033	0.00091	0.00102	0.00124	0.00175
215	0.92631	0.00210	0.00164	0.00145	0.00212	0.00243	0.00119	0.03244	0.01555	0.00486	0.00156	0.00180	0.00121	0.00101	0.00068	0.00033	0.00084	0.00060	0.00068	0.00119
216	0.00215	0.00181	0.00214	0.00161	0.00247	0.00139	0.00129	0.00261	0.00223	0.00344	0.00234	0.04107	0.00214	0.00105	0.00087	0.00019	0.00080	0.07030	0.00067	0.85941
217	0.00156	0.00104	0.00117	0.00117	0.00117	0.00104	0.00065	0.00156	0.00156	0.00208	0.00338	0.01165	0.00391	0.95772	0.00543	0.00103	0.00104	0.00156	0.00065	0.00065
218	0.00461	0.00186	0.00247	0.00192	0.00273	0.00166	0.00158	0.00524	0.08161	0.87456	0.00746	0.00369	0.00273	0.00134	0.00108	0.00033	0.00090	0.00109	0.00130	0.00181
219	0.00140	0.00098	0.00130	0.00153	0.00162	0.00092	0.00105	0.01253	0.00212	0.01399	0.00583	0.89098	0.00692	0.00329	0.00137	0.00044	0.00065	0.05120	0.00100	0.00090
220	0.00151	0.00102	0.00118	0.00122	0.00124	0.00101	0.00071	0.00155	0.00165	0.00220	0.00390	0.16701	0.01805	0.78795	0.00470	0.00093	0.00096	0.00182	0.00071	0.00069
221	0.00156	0.00104	0.00118	0.00118	0.00118	0.00104	0.00066	0.00156	0.00156	0.00208	0.00337	0.00696	0.00387	0.94872	0.01909	0.00105	0.00106	0.00155	0.00065	0.00065
222	0.00131	0.00094	0.00125	0.00150	0.00156	0.00087	0.00100	0.00150	0.00206	0.00275	0.01189	0.94453	0.00709	0.00334	0.00137	0.00043	0.00062	0.01412	0.00099	0.00087
223	0.00473	0.00184	0.00248	0.00191	0.00273	0.00159	0.00157	0.01319	0.01133	0.92185	0.00417	0.00361	0.00263	0.00132	0.00107	0.00033	0.00091	0.00107	0.00131	0.02038
224	0.00215	0.00549	0.94269	0.00310	0.01876	0.00249	0.00394	0.00339	0.00226	0.00339	0.00192	0.00227	0.00136	0.00102	0.00102	0.00034	0.00158	0.00079	0.00045	0.00158
225	0.00154	0.00117	0.00175	0.00174	0.00193	0.00137	0.00136	0.00192	0.00172	0.00249	0.00284	0.00417	0.00265	0.00792	0.94176	0.00170	0.01930	0.00114	0.00057	0.00096
226	0.00421	0.00203	0.00253	0.00201	0.00278	0.00197	0.00164	0.10982	0.18914	0.63687	0.01506	0.00380	0.00283	0.00139	0.00109	0.00034	0.00092	0.01856	0.00124	0.00177
227	0.00400	0.00503	0.00304	0.00275	0.00331	0.92780	0.00207	0.03434	0.00310	0.00275	0.00168	0.00195	0.00139	0.00111	0.00097	0.00028	0.00191	0.00070	0.00057	0.00126
228	0.00126	0.00108	0.00108	0.00108	0.00145	0.00090	0.00081	0.00154	0.00244	0.00289	0.01084	0.01030	0.95528	0.00271	0.00126	0.00036	0.00054	0.00226	0.00099	0.00090
229	0.00150	0.00109	0.00146	0.00168	0.00186	0.00105	0.00132	0.00184	0.00228	0.00297	0.00623	0.41660	0.09417	0.00947	0.00144	0.00046	0.00079	0.45190	0.00099	0.00093
230	0.00158	0.00115	0.00150	0.00169	0.00186	0.00113	0.00127	0.03260	0.04157	0.00307	0.00563	0.59209	0.00644	0.01433	0.00143	0.00045	0.00076	0.28950	0.00099	0.00097
231	0.00172	0.00123	0.00172	0.00197	0.00221	0.00123	0.00172	0.00221	0.00246	0.00320	0.00567	0.02017	0.00617	0.00296	0.00148	0.00049	0.00098	0.94044	0.00099	0.00098
232	0.00400	0.00510	0.00303	0.00276	0.00331	0.95809	0.00207	0.00427	0.00303	0.00262	0.00165	0.00193	0.00138	0.00110	0.00097	0.00028	0.00193	0.00069	0.00055	0.00124
233	0.00272	0.00214	0.00232	0.00209	0.00267	0.00240	0.00163	0.01316	0.76490	0.08355	0.01786	0.02179	0.03851	0.00159	0.00112	0.00037	0.00084	0.03761	0.00110	0.00163
234	0.00132	0.00095	0.00125	0.00148	0.00156	0.00088	0.00100	0.00152	0.00210	0.00279	0.02769	0.86884	0.05557	0.00328	0.00136	0.00043	0.00062	0.02547	0.00100	0.00088
235	0.00317	0.00255	0.00271	0.00228	0.00298	0.00290	0.00182	0.34890	0.60974	0.00530	0.00371	0.00348	0.00274	0.00139	0.00108	0.00035	0.00097	0.00112	0.00108	0.00174
236	0.00294	0.00189	0.00211	0.00183	0.00239	0.00201	0.00144	0.07790	0.41335	0.19186	0.07802	0.00424	0.02152	0.00145	0.00103	0.00033	0.00078	0.00120	0.19217	0.00152
237	0.00143	0.00119	0.00127	0.00128	0.00163	0.00108	0.00097	0.00194	0.07845	0.00310	0.05591	0.05350	0.70668	0.00787	0.00130	0.00038	0.00061	0.07943	0.00101	0.00098
238	0.00138	0.00099	0.00132	0.00157	0.00167	0.00093	0.00112	0.00162	0.00213	0.00282	0.01169	0.78418	0.01645	0.00327	0.00138	0.00044	0.00068	0.16447	0.00099	0.00089
239	0.00156	0.00104	0.00117	0.00117	0.00117	0.00104	0.00065	0.00156	0.00156	0.00208	0.00337	0.00700	0.00389	0.96239	0.00545	0.00104	0.00104	0.00156	0.00065	0.00065
240	0.00139	0.00099	0.00124	0.00141	0.00149	0.00094	0.00094	0.00156	0.00198	0.00261	0.00564	0.57267	0.08427	0.24931	0.00241	0.00059	0.00075	0.06806	0.00090	0.00082
241	0.02511	0.00446	0.00300	0.00262	0.00324	0.69504	0.00201	0.22105	0.00344	0.00362	0.00189	0.00214	0.00151	0.00963	0.00102	0.00029	0.00171	0.00076	0.00968	0.00778
