[name]
ND2

[dist]
# distance from previous block
# <min> <max>
1	2

[block]
# block no. 0 follows, 297 sequences, length 185
# corresponding to MSA columns:
# 2-186
name=unknown_A
#
# <colnr> <probs for GDERKNQSTAVLIFYWHMCP>
#	G	D	E	R	K	N	Q	S	T	A	V	L	I	F	Y	W	H	M	C	P
0	0.00225	0.00190	0.00222	0.00165	0.00255	0.00147	0.00131	0.02448	0.00893	0.00361	0.00235	0.07728	0.00214	0.00106	0.00088	0.00019	0.00081	0.01032	0.00070	0.85391
1	0.00407	0.00180	0.00268	0.00401	0.00270	0.00957	0.12987	0.01821	0.07560	0.02225	0.01477	0.17702	0.09076	0.01525	0.14491	0.00063	0.18943	0.09226	0.00079	0.00342
2	0.00892	0.00201	0.00239	0.00195	0.00264	0.00200	0.00156	0.17900	0.16010	0.41121	0.02742	0.00488	0.12822	0.04833	0.00136	0.00039	0.00092	0.01387	0.00118	0.00163
3	0.00260	0.00237	0.00332	0.01838	0.32881	0.08881	0.08744	0.04628	0.08144	0.01383	0.00285	0.07847	0.01013	0.00195	0.01922	0.15388	0.01246	0.04572	0.00068	0.00135
4	0.01119	0.00152	0.00181	0.00176	0.00212	0.00151	0.00131	0.09995	0.11523	0.03681	0.01511	0.46958	0.02913	0.02527	0.00136	0.00041	0.00079	0.07170	0.00979	0.10364
5	0.00155	0.00123	0.00137	0.00140	0.00173	0.00113	0.00106	0.00210	0.08395	0.01427	0.08423	0.14250	0.53737	0.01934	0.00140	0.00041	0.00065	0.10225	0.00104	0.00102
6	0.00183	0.00138	0.00155	0.00152	0.00182	0.00137	0.00112	0.10353	0.06441	0.00543	0.02951	0.18723	0.30659	0.18935	0.00214	0.00053	0.00080	0.08599	0.01285	0.00104
7	0.00223	0.00171	0.00191	0.00177	0.00222	0.00178	0.00136	0.12572	0.25205	0.03437	0.05271	0.18711	0.24412	0.00993	0.02000	0.00041	0.00082	0.03969	0.00447	0.01561
8	0.00284	0.00204	0.00229	0.00202	0.00256	0.00218	0.00158	0.24011	0.28637	0.08877	0.01571	0.15339	0.06605	0.04576	0.00140	0.00041	0.00092	0.06487	0.00863	0.01211
9	0.09740	0.00299	0.00301	0.00239	0.00320	0.05817	0.00195	0.69067	0.08494	0.01774	0.00275	0.01551	0.00414	0.00134	0.00106	0.00034	0.00118	0.00845	0.00103	0.00174
10	0.00137	0.00102	0.00129	0.00148	0.00162	0.00094	0.00103	0.00163	0.00870	0.00292	0.03008	0.70164	0.18322	0.00326	0.00139	0.00043	0.00064	0.05540	0.00103	0.00092
11	0.00228	0.00148	0.00173	0.00162	0.00204	0.00144	0.00123	0.04624	0.14727	0.15662	0.02448	0.22441	0.29246	0.05535	0.00150	0.00043	0.00076	0.03635	0.00108	0.00123
12	0.00183	0.00131	0.00161	0.00169	0.00197	0.00130	0.00126	0.00256	0.15336	0.04886	0.01098	0.49041	0.09725	0.00282	0.00133	0.00042	0.00074	0.14305	0.01391	0.02333
13	0.75078	0.00228	0.00194	0.00166	0.00237	0.00260	0.00136	0.14227	0.05627	0.02705	0.00193	0.00209	0.00145	0.00110	0.00078	0.00034	0.00091	0.00070	0.00078	0.00134
14	0.00275	0.00233	0.00249	0.00217	0.00285	0.00260	0.00170	0.03990	0.79569	0.01199	0.00929	0.00386	0.00314	0.00141	0.00108	0.00035	0.00088	0.00117	0.00107	0.11327
15	0.00204	0.00162	0.00179	0.00172	0.00213	0.00168	0.00130	0.03385	0.33623	0.02560	0.05497	0.17127	0.26674	0.03622	0.00141	0.00041	0.00075	0.05794	0.00106	0.00126
16	0.00139	0.00114	0.00123	0.00128	0.00159	0.00101	0.00094	0.00176	0.03884	0.00302	0.02111	0.20140	0.67207	0.01510	0.00138	0.00040	0.00061	0.03378	0.00102	0.00095
17	0.00258	0.00204	0.00221	0.00199	0.00253	0.00228	0.00153	0.00488	0.67840	0.05931	0.08211	0.00512	0.07010	0.07811	0.00150	0.00042	0.00084	0.00140	0.00110	0.00155
18	0.00212	0.00137	0.00164	0.00160	0.00201	0.00128	0.00127	0.00894	0.08211	0.14946	0.02097	0.11069	0.39610	0.00255	0.00131	0.00040	0.00075	0.20262	0.00108	0.01175
19	0.00376	0.00275	0.00299	0.00239	0.00317	0.00302	0.00196	0.69239	0.13183	0.04372	0.01178	0.03319	0.01063	0.00152	0.00114	0.00035	0.00112	0.04942	0.00111	0.00176
20	0.00411	0.00294	0.00318	0.00247	0.00332	0.00323	0.00203	0.81594	0.06764	0.06892	0.00291	0.00292	0.00207	0.00135	0.00111	0.00034	0.00117	0.01137	0.00112	0.00185
21	0.00339	0.00682	0.00302	0.00268	0.01054	0.48573	0.02712	0.05769	0.19048	0.00964	0.00242	0.00277	0.00198	0.01656	0.06436	0.00044	0.11137	0.00092	0.00070	0.00138
22	0.00241	0.00240	0.00335	0.00287	0.00288	0.00334	0.00239	0.00846	0.00171	0.00267	0.00147	0.00244	0.00146	0.00201	0.01632	0.00050	0.94066	0.00097	0.00049	0.00121
23	0.00187	0.00096	0.00142	0.00144	0.00145	0.00095	0.00096	0.00144	0.00149	0.00198	0.00224	0.07961	0.00234	0.00379	0.00407	0.89089	0.00093	0.00113	0.00052	0.00051
24	0.00164	0.00115	0.00143	0.00150	0.00175	0.00106	0.00113	0.00202	0.01777	0.04994	0.18363	0.31871	0.23957	0.02623	0.00146	0.00043	0.00068	0.14784	0.00107	0.00100
25	0.00174	0.00128	0.00165	0.00181	0.00204	0.00129	0.00143	0.01398	0.10224	0.00851	0.02695	0.34471	0.04478	0.02839	0.00152	0.00047	0.00084	0.41427	0.00103	0.00105
26	0.00440	0.00180	0.00241	0.00192	0.00269	0.00159	0.00159	0.00492	0.03498	0.79152	0.03283	0.00477	0.03857	0.00157	0.00115	0.00035	0.00091	0.06897	0.00131	0.00175
27	0.00191	0.00096	0.00143	0.00143	0.00143	0.00096	0.00096	0.00143	0.00143	0.00191	0.00191	0.00335	0.00191	0.00382	0.00430	0.96798	0.00096	0.00096	0.00048	0.00048
28	0.00270	0.00167	0.00200	0.00180	0.00231	0.00167	0.00142	0.03141	0.24483	0.22481	0.16278	0.08122	0.12308	0.00204	0.00122	0.00038	0.00079	0.09127	0.02120	0.00141
29	0.76763	0.00199	0.00164	0.00145	0.00210	0.00224	0.00119	0.01253	0.00206	0.08463	0.00202	0.00223	0.00151	0.00108	0.00073	0.00033	0.00082	0.00069	0.11188	0.00124
30	0.00134	0.00096	0.00128	0.00153	0.00160	0.00089	0.00102	0.00153	0.00211	0.00281	0.00607	0.96060	0.00728	0.00345	0.00140	0.00045	0.00064	0.00313	0.00102	0.00089
31	0.00221	0.00568	0.95170	0.00314	0.00477	0.00256	0.00797	0.00349	0.00232	0.00349	0.00198	0.00233	0.00140	0.00105	0.00105	0.00035	0.00163	0.00082	0.00047	0.00163
32	0.00141	0.00111	0.00126	0.00135	0.00163	0.00099	0.00100	0.00175	0.02187	0.00766	0.02564	0.27826	0.55717	0.00295	0.00135	0.00041	0.00063	0.09157	0.00103	0.00095
33	0.00410	0.00491	0.00314	0.00279	0.00340	0.81182	0.00212	0.13633	0.01551	0.00331	0.00187	0.00210	0.00151	0.00116	0.00101	0.00029	0.00186	0.00076	0.00065	0.00137
34	0.00266	0.00226	0.00243	0.00222	0.00281	0.00260	0.00175	0.01444	0.84921	0.00450	0.00460	0.00492	0.00364	0.00165	0.00116	0.00039	0.00089	0.09511	0.00111	0.00167
35	0.00136	0.00097	0.00130	0.00155	0.00162	0.00091	0.00105	0.00156	0.00212	0.00283	0.00607	0.91502	0.01067	0.00669	0.00142	0.00045	0.00066	0.04182	0.00102	0.00090
36	0.00456	0.00216	0.00270	0.00209	0.00292	0.00208	0.00172	0.23626	0.03987	0.65637	0.03477	0.00364	0.00279	0.00139	0.00111	0.00034	0.00099	0.00111	0.00128	0.00184
37	0.00143	0.00116	0.00129	0.00133	0.00167	0.00352	0.00105	0.00179	0.00590	0.00318	0.09984	0.01775	0.66729	0.00278	0.00134	0.00040	0.00065	0.18567	0.00104	0.00096
38	0.00141	0.00113	0.00127	0.00136	0.00162	0.00103	0.00097	0.00183	0.05756	0.00306	0.04236	0.38265	0.48865	0.00295	0.00133	0.00040	0.00061	0.00779	0.00103	0.00097
39	0.00228	0.00192	0.00225	0.00165	0.00258	0.00147	0.00132	0.00279	0.01179	0.01365	0.01438	0.00265	0.00189	0.00106	0.02282	0.00021	0.00087	0.02007	0.00068	0.89366
40	0.00143	0.00106	0.00134	0.00152	0.00168	0.00098	0.00110	0.00172	0.01247	0.00297	0.03912	0.56634	0.19534	0.02578	0.00149	0.00045	0.00069	0.14258	0.00102	0.00093
41	0.00135	0.00114	0.00118	0.00121	0.00156	0.00098	0.00091	0.00169	0.02194	0.00301	0.01388	0.08038	0.82326	0.00282	0.00131	0.00038	0.00059	0.04044	0.00102	0.00095
42	0.03719	0.00254	0.00287	0.00226	0.00307	0.01468	0.00187	0.50110	0.04169	0.31214	0.00339	0.00671	0.00243	0.00151	0.01330	0.00036	0.00112	0.04883	0.00115	0.00178
43	0.00281	0.00284	0.00430	0.01875	0.71269	0.08974	0.06528	0.00353	0.03556	0.00352	0.00212	0.00270	0.00175	0.00102	0.00112	0.00032	0.01570	0.00097	0.00057	0.03471
44	0.00319	0.00273	0.03210	0.01178	0.11143	0.00849	0.13278	0.35361	0.04363	0.03736	0.00248	0.00657	0.00189	0.00116	0.00334	0.00031	0.01849	0.00741	0.00083	0.22041
45	0.01322	0.00257	0.00337	0.00302	0.05430	0.04141	0.01434	0.07844	0.04501	0.00317	0.00176	0.00254	0.00160	0.00187	0.02009	0.00047	0.70996	0.00097	0.00057	0.00131
46	0.00243	0.00241	0.00329	0.00281	0.00290	0.01277	0.01129	0.00286	0.05656	0.00280	0.00166	0.00252	0.00158	0.00192	0.01436	0.00048	0.84156	0.00097	0.00053	0.03429
47	0.00232	0.00198	0.00230	0.00165	0.00262	0.00151	0.00132	0.02219	0.00234	0.00366	0.00197	0.00229	0.00164	0.00083	0.00082	0.00017	0.00082	0.00066	0.00066	0.94826
48	0.00210	0.00197	0.00327	0.92597	0.00742	0.00246	0.00301	0.00292	0.03469	0.00287	0.00204	0.00297	0.00153	0.00111	0.00110	0.00037	0.00145	0.00099	0.00051	0.00124
49	0.00476	0.00203	0.00263	0.00203	0.00288	0.00187	0.00168	0.11029	0.04631	0.80700	0.00416	0.00364	0.00266	0.00136	0.00111	0.00034	0.00096	0.00110	0.00132	0.00187
50	0.00211	0.00180	0.00182	0.00169	0.00216	0.04303	0.00130	0.02281	0.34171	0.02610	0.08428	0.01955	0.42184	0.00216	0.00122	0.00037	0.00076	0.02295	0.00106	0.00129
51	0.00220	0.00557	0.92306	0.03581	0.00486	0.00255	0.00403	0.00346	0.00232	0.00346	0.00197	0.00234	0.00140	0.00105	0.00105	0.00035	0.00162	0.00082	0.00047	0.00161
52	0.00490	0.00193	0.00259	0.00199	0.00284	0.00171	0.00164	0.05171	0.00325	0.90873	0.00426	0.00369	0.00268	0.00136	0.00111	0.00034	0.00095	0.00110	0.00135	0.00187
53	0.00417	0.00220	0.00264	0.00210	0.00289	0.00221	0.00171	0.19410	0.21899	0.51226	0.00400	0.00361	0.00270	0.00138	0.00110	0.00034	0.00096	0.00111	0.03428	0.00727
54	0.00226	0.00194	0.00207	0.00190	0.00242	0.00214	0.00148	0.00429	0.58632	0.01031	0.01892	0.00631	0.28955	0.00195	0.00127	0.00038	0.03354	0.03042	0.00107	0.00145
55	0.00272	0.00262	0.00447	0.00676	0.95445	0.00262	0.00338	0.00338	0.00251	0.00360	0.00207	0.00272	0.00174	0.00098	0.00109	0.00033	0.00131	0.00098	0.00054	0.00174
56	0.00158	0.00118	0.00177	0.00178	0.00198	0.00137	0.00139	0.00198	0.00180	0.00258	0.00305	0.00460	0.00287	0.00808	0.92429	0.00173	0.00288	0.03352	0.00060	0.00098
57	0.00160	0.00107	0.00122	0.00122	0.00123	0.00108	0.00070	0.00162	0.00161	0.00215	0.00345	0.00709	0.00395	0.92277	0.04408	0.00110	0.00114	0.00158	0.00066	0.00068
58	0.00138	0.00100	0.00131	0.00153	0.00164	0.00092	0.00104	0.00159	0.00213	0.00285	0.00608	0.87456	0.03846	0.00906	0.00141	0.00044	0.00065	0.01900	0.00101	0.03396
59	0.00229	0.00194	0.00204	0.00186	0.00235	0.03463	0.00143	0.00663	0.51134	0.01527	0.26921	0.00607	0.13663	0.00187	0.00119	0.00036	0.00077	0.00158	0.00112	0.00142
60	0.00260	0.00295	0.00636	0.00456	0.00565	0.00278	0.91802	0.00361	0.03507	0.00356	0.00230	0.00301	0.00173	0.00095	0.00129	0.00037	0.00182	0.00130	0.00058	0.00149
61	0.00446	0.00201	0.00256	0.00202	0.00283	0.00190	0.00165	0.06258	0.15846	0.72211	0.01656	0.00385	0.01092	0.00140	0.00111	0.00035	0.00093	0.00114	0.00130	0.00183
62	0.00730	0.00195	0.00224	0.00196	0.00256	0.03448	0.00156	0.04158	0.25417	0.35372	0.03217	0.08638	0.07872	0.00184	0.00118	0.00037	0.00090	0.08187	0.01349	0.00155
63	0.00482	0.00189	0.00258	0.03467	0.00298	0.00167	0.00167	0.01202	0.01176	0.90725	0.00425	0.00371	0.00268	0.00135	0.00111	0.00034	0.00096	0.00110	0.00133	0.00185
64	0.00412	0.00295	0.00320	0.00247	0.00332	0.00324	0.00203	0.87063	0.00497	0.05464	0.00285	0.03545	0.00210	0.00140	0.00111	0.00033	0.00118	0.00107	0.00111	0.00184
65	0.00379	0.00214	0.00248	0.00207	0.00278	0.03469	0.00167	0.08340	0.27661	0.45425	0.00453	0.02455	0.04548	0.00167	0.01564	0.00038	0.00099	0.03999	0.00120	0.00170
66	0.00171	0.00123	0.00155	0.00170	0.00190	0.00123	0.00124	0.00579	0.13015	0.03102	0.01386	0.63184	0.03304	0.00303	0.00137	0.00044	0.00073	0.13606	0.00105	0.00106
67	0.00147	0.00114	0.00136	0.00142	0.00169	0.00105	0.00107	0.00191	0.03503	0.00334	0.20628	0.21941	0.39285	0.00281	0.00135	0.00040	0.00064	0.12473	0.00106	0.00098
68	0.00136	0.00100	0.00128	0.00150	0.00161	0.00092	0.00103	0.00158	0.00219	0.00287	0.01242	0.77896	0.13692	0.00333	0.00140	0.00044	0.00064	0.04863	0.00102	0.00091
69	0.00165	0.00111	0.00128	0.00129	0.00135	0.00110	0.00078	0.01951	0.00179	0.01175	0.00404	0.10136	0.03680	0.76833	0.01747	0.00096	0.00103	0.02692	0.00074	0.00075
70	0.01062	0.00266	0.00300	0.00233	0.00317	0.00282	0.00191	0.63429	0.02856	0.26128	0.00326	0.03572	0.00232	0.00141	0.00111	0.00034	0.00111	0.00110	0.00117	0.00183
71	0.13868	0.00266	0.00286	0.00226	0.00304	0.00292	0.00186	0.57816	0.05357	0.13411	0.00822	0.00286	0.01114	0.00137	0.00117	0.01326	0.03385	0.00098	0.00533	0.00171
72	0.00237	0.00183	0.00210	0.00200	0.00250	0.00195	0.00162	0.01752	0.43856	0.05349	0.01106	0.03415	0.10416	0.00212	0.00126	0.00041	0.00088	0.28652	0.00107	0.03445
73	0.00219	0.00182	0.00191	0.00186	0.00227	0.05851	0.00145	0.02713	0.28963	0.03273	0.03515	0.13634	0.21391	0.00997	0.00131	0.00041	0.00087	0.18027	0.00104	0.00126
74	0.00399	0.01550	0.00307	0.00276	0.00332	0.88952	0.00208	0.00428	0.00306	0.01486	0.01381	0.00216	0.00159	0.00139	0.03368	0.00034	0.00198	0.00074	0.00059	0.00127
75	0.00451	0.00183	0.00248	0.00196	0.00273	0.00165	0.00161	0.01552	0.01977	0.81487	0.02367	0.00401	0.00293	0.00188	0.06454	0.00044	0.01386	0.01869	0.00128	0.00177
76	0.00192	0.00131	0.03124	0.00168	0.00185	0.00816	0.02957	0.01325	0.02982	0.00240	0.00313	0.07679	0.05321	0.00345	0.02045	0.63722	0.00783	0.07536	0.00062	0.00072
77	0.00282	0.02651	0.02545	0.00267	0.01240	0.14423	0.12670	0.09154	0.10603	0.04875	0.01251	0.03125	0.02060	0.04428	0.05526	0.00049	0.15874	0.07980	0.00863	0.00136
78	0.00280	0.00236	0.00252	0.00225	0.00283	0.02221	0.00176	0.05635	0.75147	0.02726	0.00722	0.03909	0.00332	0.00168	0.01575	0.00040	0.04521	0.00897	0.00490	0.00166
79	0.84645	0.00222	0.00181	0.00157	0.00228	0.00255	0.00130	0.10184	0.00225	0.02710	0.00171	0.00192	0.00130	0.00106	0.00073	0.00034	0.00089	0.00065	0.00074	0.00128
80	0.00284	0.00312	0.00532	0.00396	0.00487	0.11665	0.63953	0.05821	0.06768	0.00364	0.00810	0.01756	0.00193	0.00113	0.00137	0.00037	0.05287	0.00876	0.00064	0.00147
81	0.01482	0.00098	0.00142	0.00141	0.00143	0.00098	0.00095	0.00151	0.00148	0.00205	0.00200	0.00342	0.00197	0.01826	0.00412	0.89839	0.00094	0.00096	0.04239	0.00051
82	0.01244	0.56808	0.15097	0.00241	0.01472	0.08484	0.05602	0.05295	0.02652	0.00878	0.00182	0.00209	0.00152	0.00109	0.01134	0.00029	0.00136	0.00073	0.00054	0.00147
83	0.00140	0.00117	0.00123	0.00125	0.00161	0.00103	0.00095	0.00183	0.04844	0.00307	0.01653	0.07605	0.78247	0.00278	0.00131	0.00038	0.00060	0.05589	0.00103	0.00097
84	0.00461	0.00242	0.00263	0.00240	0.02565	0.04279	0.01621	0.08676	0.61834	0.03818	0.01177	0.03942	0.01375	0.00162	0.00125	0.00038	0.04229	0.04685	0.00104	0.00163
85	0.00240	0.01030	0.09481	0.00368	0.00459	0.02561	0.58999	0.01799	0.00251	0.00343	0.00292	0.12341	0.02215	0.00660	0.00136	0.00038	0.03589	0.00941	0.04120	0.00138
86	0.00176	0.00132	0.00169	0.00179	0.00203	0.00132	0.01343	0.04798	0.09905	0.00336	0.01833	0.53381	0.02641	0.00294	0.00137	0.00044	0.00079	0.22039	0.00852	0.01329
87	0.00290	0.00257	0.01718	0.00227	0.00292	0.05439	0.00181	0.12484	0.63725	0.00875	0.00572	0.00391	0.00299	0.01318	0.02078	0.00039	0.01917	0.02516	0.00102	0.05280
88	0.00300	0.15677	0.03229	0.00256	0.00305	0.29368	0.02129	0.01746	0.10068	0.00301	0.00972	0.03763	0.00197	0.00160	0.02251	0.00038	0.26486	0.00095	0.01351	0.01308
89	0.00256	0.00931	0.02872	0.00234	0.02988	0.06810	0.09933	0.04163	0.08999	0.00864	0.00233	0.02236	0.00192	0.00112	0.01160	0.00026	0.03117	0.00088	0.00832	0.53953
90	0.00245	0.00197	0.00795	0.00201	0.00256	0.01746	0.01793	0.01827	0.40051	0.06014	0.04070	0.07208	0.06672	0.01323	0.06592	0.00046	0.02064	0.06618	0.00098	0.12182
91	0.00394	0.00243	0.00279	0.00221	0.00300	0.00251	0.00179	0.43874	0.11134	0.28873	0.00354	0.06031	0.00263	0.00146	0.00111	0.00034	0.00103	0.00665	0.00115	0.06432
92	0.00427	0.00188	0.00211	0.00192	0.01953	0.02748	0.03041	0.17594	0.15436	0.00446	0.00953	0.03344	0.01978	0.00160	0.00105	0.00033	0.00368	0.11749	0.36296	0.02778
93	0.00201	0.00157	0.00181	0.00182	0.01214	0.00453	0.00136	0.01523	0.31664	0.02962	0.04562	0.31053	0.15029	0.00485	0.00129	0.00041	0.00076	0.09361	0.00467	0.00125
94	0.00154	0.00117	0.00141	0.00153	0.00178	0.00110	0.00115	0.00202	0.06104	0.01356	0.04033	0.37287	0.30969	0.00579	0.00138	0.00043	0.00070	0.18046	0.00104	0.00100
95	0.00143	0.00103	0.00134	0.00156	0.00169	0.00096	0.00112	0.00168	0.00222	0.00792	0.00861	0.67404	0.11940	0.01890	0.00148	0.00046	0.00070	0.15351	0.00102	0.00092
96	0.00265	0.00225	0.00238	0.00217	0.00276	0.00937	0.00169	0.01273	0.82729	0.01713	0.00476	0.04639	0.03274	0.00166	0.00115	0.00038	0.00087	0.02886	0.00111	0.00166
97	0.00251	0.00164	0.00197	0.00186	0.00229	0.00167	0.00144	0.08793	0.20189	0.15309	0.02943	0.32113	0.06509	0.00953	0.00131	0.00041	0.00082	0.11357	0.00110	0.00133
98	0.02845	0.00190	0.00254	0.00196	0.00280	0.00168	0.00162	0.01567	0.02563	0.89908	0.00426	0.00369	0.00269	0.00136	0.00110	0.00034	0.00094	0.00110	0.00134	0.00185
99	0.00137	0.00105	0.00126	0.00141	0.00161	0.00094	0.00101	0.00163	0.00233	0.00297	0.04543	0.49091	0.36363	0.00312	0.00137	0.00042	0.00063	0.07696	0.00103	0.00092
100	0.00965	0.00189	0.00238	0.00199	0.00264	0.00182	0.00162	0.13640	0.06850	0.49789	0.01479	0.05721	0.00741	0.05614	0.00144	0.00041	0.00097	0.13406	0.00120	0.00160
101	0.00170	0.00127	0.00164	0.00182	0.00211	0.00125	0.00154	0.00227	0.04714	0.00327	0.00697	0.04106	0.21990	0.00292	0.00145	0.00047	0.00089	0.66030	0.00102	0.00103
102	0.00272	0.00262	0.00447	0.00676	0.95445	0.00262	0.00338	0.00338	0.00251	0.00360	0.00207	0.00272	0.00174	0.00098	0.00109	0.00033	0.00131	0.00098	0.00054	0.00174
103	0.00142	0.00103	0.00135	0.00158	0.00170	0.00097	0.00112	0.00169	0.00774	0.00295	0.03208	0.72763	0.07093	0.00330	0.00141	0.00045	0.00069	0.13783	0.00103	0.00314
104	0.84191	0.00209	0.00174	0.00151	0.00222	0.00236	0.00125	0.00352	0.00204	0.13029	0.00190	0.00205	0.00139	0.00107	0.00074	0.00034	0.00086	0.00066	0.00077	0.00128
105	0.00207	0.00120	0.00156	0.00160	0.00186	0.00110	0.00115	0.02498	0.00245	0.17643	0.05040	0.64857	0.07059	0.00291	0.00133	0.00042	0.00070	0.00848	0.00109	0.00111
106	0.00345	0.00157	0.00209	0.00172	0.00232	0.00140	0.00138	0.00398	0.02484	0.53041	0.40688	0.00565	0.00599	0.00174	0.00119	0.00034	0.00076	0.00148	0.00129	0.00152
107	0.00228	0.00196	0.00228	0.00163	0.00261	0.00147	0.00130	0.00277	0.00228	0.00359	0.00196	0.00228	0.00163	0.00082	0.00082	0.00016	0.00082	0.00065	0.00065	0.96805
108	0.00172	0.00115	0.00133	0.00133	0.00143	0.00114	0.00084	0.00192	0.03859	0.03303	0.02485	0.07817	0.05569	0.70113	0.00444	0.00089	0.00098	0.04978	0.00078	0.00080
109	0.00239	0.00238	0.00333	0.00286	0.00287	0.00332	0.00238	0.00263	0.00169	0.00265	0.00148	0.00245	0.00148	0.00208	0.02599	0.00051	0.93685	0.00097	0.00048	0.00120
110	0.00183	0.00113	0.00132	0.00128	0.00135	0.00112	0.00077	0.00187	0.00173	0.06785	0.00360	0.04169	0.00400	0.83970	0.01962	0.00100	0.00704	0.00161	0.00073	0.00077
111	0.00191	0.00096	0.00143	0.00143	0.00143	0.00096	0.00096	0.00143	0.00143	0.00191	0.00191	0.00335	0.00191	0.00382	0.00430	0.96798	0.00096	0.00096	0.00048	0.00048
112	0.00148	0.00103	0.00128	0.00139	0.00145	0.00100	0.00089	0.00163	0.00198	0.00268	0.09574	0.42614	0.01530	0.39979	0.04258	0.00075	0.00090	0.00230	0.00088	0.00082
113	0.00230	0.00196	0.00228	0.00164	0.00261	0.00149	0.00131	0.01538	0.00232	0.00362	0.00201	0.01338	0.00170	0.00085	0.00083	0.00017	0.00082	0.00069	0.00066	0.94399
114	0.00222	0.02680	0.93465	0.00311	0.00472	0.00260	0.00402	0.00348	0.00232	0.00347	0.00197	0.00231	0.00139	0.00104	0.00104	0.00035	0.00162	0.00081	0.00046	0.00162
115	0.00165	0.00121	0.00153	0.00144	0.00173	0.00115	0.00108	0.00232	0.06199	0.01209	0.86160	0.00799	0.03560	0.00221	0.00129	0.00035	0.00055	0.00195	0.00120	0.00109
116	0.00176	0.00122	0.00155	0.00168	0.00189	0.00119	0.00123	0.04986	0.04239	0.04372	0.00599	0.64285	0.05659	0.00308	0.00138	0.00044	0.00074	0.14039	0.00104	0.00104
117	0.00260	0.00295	0.00640	0.00458	0.00568	0.00277	0.93045	0.01195	0.00261	0.00355	0.00228	0.01461	0.00174	0.00096	0.00130	0.00037	0.00184	0.00132	0.00057	0.00148
118	0.96909	0.00213	0.00162	0.00145	0.00213	0.00247	0.00119	0.00324	0.00187	0.00494	0.00153	0.00179	0.00119	0.00102	0.00068	0.00034	0.00085	0.00060	0.00068	0.00119
119	0.00351	0.00252	0.00278	0.00230	0.00302	0.00277	0.00187	0.46018	0.29328	0.09365	0.02588	0.00419	0.01280	0.00155	0.00114	0.00036	0.00104	0.07649	0.00893	0.00173
120	0.00309	0.01765	0.00286	0.00231	0.02162	0.00723	0.01652	0.29303	0.36666	0.01276	0.00314	0.00311	0.00237	0.00126	0.00107	0.00031	0.01262	0.00101	0.00096	0.23043
121	0.00191	0.00153	0.00179	0.00183	0.00216	0.01315	0.00139	0.00301	0.27000	0.00346	0.01442	0.37128	0.04406	0.01930	0.00138	0.00043	0.00081	0.19190	0.00102	0.05517
122	0.00241	0.00197	0.00239	0.00253	0.10815	0.00919	0.00868	0.03820	0.39954	0.03205	0.00678	0.13889	0.07267	0.00542	0.00123	0.00039	0.00091	0.13491	0.00100	0.03269
123	0.00279	0.00222	0.00241	0.00216	0.00277	0.00249	0.00170	0.03098	0.74675	0.06456	0.02993	0.01335	0.01625	0.00160	0.00114	0.00037	0.00088	0.05262	0.00112	0.02389
124	0.17651	0.00206	0.00244	0.00194	0.00274	0.00202	0.00160	0.09796	0.07035	0.60716	0.00371	0.00348	0.00248	0.00134	0.00104	0.00035	0.00095	0.01896	0.00119	0.00173
125	0.00137	0.00099	0.00130	0.00153	0.00163	0.00092	0.00106	0.00159	0.00217	0.00285	0.00645	0.80756	0.08561	0.01036	0.00144	0.00045	0.00066	0.07014	0.00102	0.00090
126	0.00160	0.00121	0.00139	0.00146	0.00171	0.00115	0.00104	0.00215	0.11118	0.02380	0.02803	0.40212	0.32398	0.07924	0.00166	0.00046	0.00068	0.01511	0.00102	0.00101
127	0.00134	0.00102	0.00124	0.00142	0.00159	0.00092	0.00099	0.00157	0.00225	0.00288	0.00770	0.61998	0.31295	0.00322	0.00138	0.00042	0.00063	0.03657	0.00102	0.00091
128	0.00331	0.00227	0.00255	0.00215	0.00278	0.00243	0.00170	0.41915	0.17778	0.12937	0.01065	0.21264	0.02456	0.00186	0.00118	0.00037	0.00097	0.00156	0.00112	0.00161
129	0.00277	0.00238	0.00251	0.00225	0.00287	0.00275	0.00175	0.02529	0.93297	0.00465	0.00444	0.00408	0.00333	0.00149	0.00112	0.00037	0.00088	0.00124	0.00112	0.00174
130	0.00203	0.00110	0.00153	0.00150	0.00165	0.00106	0.00107	0.00195	0.01897	0.07354	0.12306	0.06760	0.05483	0.00328	0.00312	0.58788	0.00086	0.05347	0.00074	0.00076
131	0.00228	0.00233	0.00473	0.00366	0.00445	0.00221	0.59796	0.00305	0.00257	0.00344	0.00606	0.01171	0.01117	0.00171	0.00138	0.00042	0.00154	0.33729	0.00073	0.00131
132	0.00272	0.00262	0.00447	0.00676	0.95445	0.00262	0.00338	0.00338	0.00251	0.00360	0.00207	0.00272	0.00174	0.00098	0.00109	0.00033	0.00131	0.00098	0.00054	0.00174
133	0.00140	0.00101	0.00124	0.00139	0.00149	0.00094	0.00091	0.00156	0.00207	0.00270	0.01674	0.58532	0.15587	0.21930	0.00233	0.00057	0.00072	0.00264	0.00094	0.00085
134	0.08569	0.00193	0.00236	0.00178	0.00267	0.00163	0.00145	0.00413	0.00269	0.48812	0.00313	0.00299	0.00215	0.00111	0.00095	0.00027	0.00088	0.00088	0.00102	0.39416
135	0.00228	0.00196	0.00228	0.00163	0.00261	0.00147	0.00130	0.00277	0.00228	0.00359	0.00196	0.00228	0.00163	0.00082	0.00082	0.00016	0.00082	0.00065	0.00065	0.96805
136	0.00155	0.00119	0.00142	0.00154	0.00178	0.00114	0.00115	0.01458	0.06354	0.00310	0.01207	0.36179	0.30563	0.04272	0.00155	0.00045	0.00072	0.18207	0.00101	0.00099
137	0.00321	0.00222	0.00246	0.00208	0.00275	0.00239	0.00165	0.17975	0.45846	0.17977	0.04373	0.00455	0.08715	0.01209	0.00118	0.00036	0.00090	0.00130	0.01234	0.00167
138	0.00137	0.00104	0.00126	0.00142	0.00160	0.00094	0.00101	0.00162	0.00228	0.00292	0.03373	0.54162	0.31097	0.02674	0.00148	0.00044	0.00065	0.06699	0.00102	0.00091
139	0.00139	0.00100	0.00131	0.00154	0.00164	0.00094	0.00107	0.00161	0.00216	0.00284	0.00627	0.76855	0.06758	0.04011	0.00157	0.00047	0.00069	0.09733	0.00101	0.00090
140	0.00153	0.00110	0.00143	0.00151	0.00164	0.00112	0.00106	0.00355	0.01404	0.00271	0.04335	0.30240	0.05190	0.25028	0.25982	0.00095	0.00138	0.04619	0.01315	0.00089
141	0.00190	0.00148	0.00712	0.00204	0.00238	0.00146	0.07410	0.01792	0.11512	0.02801	0.02740	0.34775	0.03652	0.00273	0.00138	0.00044	0.00091	0.32922	0.00101	0.00113
142	0.00260	0.00213	0.00226	0.00209	0.00263	0.02641	0.00164	0.02934	0.62992	0.03952	0.02564	0.04657	0.06384	0.00181	0.00118	0.00038	0.00088	0.09971	0.01991	0.00155
143	0.01108	0.00254	0.01088	0.00234	0.01034	0.01727	0.00489	0.49774	0.02005	0.13607	0.00537	0.02254	0.01562	0.07420	0.02627	0.02216	0.11481	0.00111	0.00312	0.00159
144	0.00307	0.01653	0.01153	0.00296	0.04060	0.33038	0.12430	0.02379	0.00255	0.01256	0.00183	0.00412	0.00155	0.00123	0.00160	0.00032	0.22206	0.00086	0.00058	0.19759
145	0.00348	0.00301	0.01177	0.00293	0.08207	0.12670	0.04715	0.46222	0.03517	0.02529	0.00467	0.09250	0.01034	0.00152	0.00135	0.00035	0.08579	0.00119	0.00090	0.00160
146	0.00150	0.00111	0.00139	0.00156	0.00173	0.00107	0.00110	0.00830	0.06302	0.00860	0.03083	0.66764	0.13100	0.01063	0.00141	0.00044	0.00067	0.06598	0.00103	0.00098
147	0.00373	0.02613	0.00314	0.00266	0.00327	0.64022	0.01525	0.10165	0.02256	0.00327	0.00190	0.00220	0.00156	0.00125	0.01089	0.00031	0.06071	0.00077	0.00975	0.08877
148	0.00242	0.00216	0.00283	0.00223	0.00294	0.00970	0.10750	0.02506	0.21354	0.00885	0.00295	0.01506	0.02067	0.05572	0.00585	0.00035	0.09567	0.02689	0.00076	0.39886
149	0.00600	0.00280	0.06658	0.00258	0.06665	0.10618	0.01355	0.05888	0.43233	0.03681	0.00685	0.01484	0.03602	0.00732	0.00324	0.00035	0.01275	0.02912	0.00091	0.09623
150	0.00174	0.00125	0.00153	0.00161	0.00185	0.00123	0.00116	0.00241	0.13870	0.04721	0.06800	0.53107	0.14046	0.00855	0.00136	0.00042	0.00069	0.04455	0.00106	0.00517
151	0.00146	0.00108	0.00138	0.00159	0.00173	0.00104	0.00113	0.00185	0.05414	0.00297	0.00633	0.73374	0.07715	0.00542	0.00140	0.00045	0.00069	0.10447	0.00103	0.00096
152	0.00228	0.00179	0.00200	0.00191	0.00232	0.00835	0.00144	0.11101	0.35555	0.01886	0.03699	0.33470	0.06800	0.01412	0.00130	0.00041	0.00081	0.03575	0.00107	0.00135
153	0.00769	0.00189	0.00211	0.00194	0.00242	0.00203	0.00150	0.10955	0.39618	0.04844	0.04834	0.16896	0.06699	0.03186	0.00572	0.00041	0.00085	0.06559	0.02246	0.01507
154	0.00185	0.00134	0.00171	0.00182	0.00208	0.00134	0.00144	0.09918	0.01108	0.00738	0.04417	0.35979	0.04916	0.01404	0.00146	0.00046	0.00085	0.39876	0.00103	0.00106
155	0.27773	0.00204	0.00235	0.00186	0.00267	0.00201	0.00154	0.08187	0.00295	0.60895	0.00341	0.00310	0.00222	0.00126	0.00099	0.00034	0.00093	0.00095	0.00115	0.00168
156	0.00151	0.00116	0.00132	0.00138	0.00167	0.00105	0.00102	0.01194	0.03658	0.02139	0.06310	0.30412	0.47919	0.01524	0.00139	0.00041	0.00064	0.05487	0.00104	0.00098
157	0.00221	0.00140	0.00175	0.00175	0.00206	0.00139	0.00130	0.03883	0.13166	0.13887	0.01747	0.49269	0.03057	0.03720	0.00147	0.00044	0.00078	0.09589	0.00108	0.00119
158	0.00418	0.00308	0.00330	0.00253	0.00341	0.00341	0.00209	0.94698	0.00516	0.00692	0.00264	0.00264	0.00187	0.00132	0.00110	0.00033	0.00121	0.00099	0.00110	0.00574
159	0.01538	0.00181	0.00211	0.00182	0.00243	0.00180	0.00144	0.04283	0.27310	0.31138	0.09098	0.00779	0.21633	0.00184	0.00118	0.00036	0.00081	0.02392	0.00118	0.00152
160	0.00997	0.00149	0.00188	0.00175	0.00220	0.00141	0.00136	0.00341	0.11693	0.31299	0.04946	0.27182	0.10336	0.00981	0.00133	0.01263	0.00080	0.09493	0.00114	0.00133
161	0.00150	0.00111	0.00136	0.00145	0.00167	0.00102	0.00105	0.00187	0.03258	0.01361	0.16750	0.40181	0.26364	0.00561	0.00146	0.03146	0.00064	0.06866	0.00104	0.00096
162	0.87226	0.00210	0.00171	0.00150	0.00220	0.00238	0.00123	0.00345	0.00200	0.10038	0.00181	0.00198	0.00135	0.00106	0.00072	0.00034	0.00086	0.00065	0.00075	0.00126
163	0.95221	0.00215	0.00165	0.00147	0.00215	0.00249	0.00121	0.01982	0.00193	0.00497	0.00155	0.00180	0.00120	0.00103	0.00069	0.00034	0.00086	0.00060	0.00069	0.00120
164	0.00179	0.00097	0.00141	0.00145	0.00148	0.00095	0.00098	0.00148	0.00162	0.00215	0.01519	0.17125	0.02358	0.00370	0.00364	0.74720	0.00089	0.01909	0.00060	0.00058
165	0.33511	0.00177	0.00188	0.02141	0.00239	0.01428	0.00154	0.05445	0.03121	0.05774	0.01774	0.07492	0.00393	0.00211	0.00828	0.00701	0.00096	0.36117	0.00091	0.00119
166	0.89393	0.00216	0.00172	0.00151	0.00220	0.00247	0.00124	0.03973	0.00205	0.04255	0.00169	0.00190	0.00128	0.00105	0.00071	0.00034	0.00087	0.00063	0.00072	0.00125
167	0.00135	0.00098	0.00128	0.00152	0.00161	0.00091	0.00103	0.00156	0.00215	0.00283	0.00641	0.87109	0.07179	0.00339	0.00140	0.00044	0.00064	0.02771	0.00102	0.00090
168	0.00408	0.00520	0.00310	0.00282	0.00338	0.94641	0.00211	0.00436	0.00311	0.00270	0.00180	0.00208	0.01187	0.00115	0.00100	0.00028	0.00197	0.00073	0.00057	0.00127
169	0.00260	0.00297	0.00649	0.00464	0.00575	0.00278	0.95045	0.00353	0.00260	0.00353	0.00223	0.00297	0.00167	0.00093	0.00130	0.00037	0.00186	0.00130	0.00056	0.00148
170	0.00275	0.00234	0.00247	0.00223	0.00285	0.00270	0.00173	0.00578	0.92611	0.01594	0.00449	0.01573	0.00339	0.00151	0.00112	0.00037	0.00087	0.00126	0.00112	0.00525
171	0.00262	0.00299	0.00642	0.00460	0.00569	0.01549	0.92745	0.00353	0.00259	0.00351	0.00221	0.00295	0.00166	0.00094	0.00132	0.00037	0.01234	0.00129	0.00056	0.00148
172	0.00172	0.00137	0.00158	0.00163	0.00192	0.00138	0.00120	0.00269	0.23318	0.00346	0.09877	0.38048	0.20791	0.00269	0.00131	0.00041	0.00069	0.05542	0.00106	0.00113
173	0.00206	0.00194	0.00326	0.93907	0.00746	0.00241	0.00302	0.00279	0.00220	0.00281	0.00204	0.02255	0.00159	0.00115	0.00111	0.00037	0.00145	0.00102	0.00050	0.00122
174	0.00272	0.00262	0.00447	0.00676	0.95445	0.00262	0.00338	0.00338	0.00251	0.00360	0.00207	0.00272	0.00174	0.00098	0.00109	0.00033	0.00131	0.00098	0.00054	0.00174
175	0.00142	0.00118	0.00126	0.00133	0.00162	0.01234	0.00097	0.00180	0.03935	0.00302	0.02361	0.26148	0.60610	0.00289	0.00133	0.00040	0.00062	0.03729	0.00102	0.00096
176	0.00162	0.00117	0.00158	0.00179	0.00199	0.00115	0.00142	0.00209	0.03488	0.00322	0.06343	0.37636	0.02135	0.00309	0.00145	0.00047	0.00083	0.48008	0.00103	0.00099
177	0.00494	0.00187	0.00255	0.00196	0.00281	0.00162	0.00162	0.00536	0.00315	0.95521	0.00434	0.00375	0.00272	0.00136	0.00111	0.00034	0.00094	0.00111	0.00136	0.00187
178	0.00164	0.00112	0.00132	0.00132	0.00137	0.00114	0.00081	0.01998	0.00174	0.00235	0.00356	0.05192	0.00400	0.75962	0.11351	0.00108	0.00126	0.01961	0.01188	0.00075
179	0.00416	0.00308	0.00330	0.00254	0.00341	0.00341	0.00210	0.93954	0.00513	0.00689	0.00263	0.00264	0.00187	0.00133	0.00113	0.00033	0.01257	0.00099	0.00109	0.00186
180	0.00416	0.00308	0.00330	0.00254	0.00341	0.00341	0.00210	0.93954	0.00513	0.00689	0.00263	0.00264	0.00187	0.00133	0.00113	0.00033	0.01257	0.00099	0.00109	0.00186
181	0.00130	0.00111	0.00112	0.00113	0.00149	0.00093	0.00084	0.00158	0.00250	0.00297	0.01102	0.03410	0.93058	0.00280	0.00130	0.00037	0.00056	0.00234	0.00102	0.00093
182	0.01199	0.00242	0.00285	0.00221	0.00306	0.00245	0.00182	0.40406	0.06653	0.48276	0.00361	0.00330	0.00240	0.00388	0.00111	0.00034	0.00105	0.00106	0.00123	0.00186
183	0.00260	0.00274	0.00358	0.00301	0.00317	0.10067	0.07790	0.00290	0.00191	0.00273	0.00154	0.00241	0.00146	0.00175	0.00313	0.00045	0.77391	0.00096	0.00050	0.01269
184	0.00162	0.00123	0.00156	0.01305	0.00197	0.00124	0.00128	0.00228	0.13093	0.00318	0.02126	0.59574	0.03621	0.00304	0.00138	0.00044	0.00075	0.18079	0.00103	0.00104

[dist]
# distance from previous block
# <min> <max>
0	1

[block]
# block no. 1 follows, 297 sequences, length 45
# corresponding to MSA columns:
# 188-232
name=unknown_B
#
# <colnr> <probs for GDERKNQSTAVLIFYWHMCP>
#	G	D	E	R	K	N	Q	S	T	A	V	L	I	F	Y	W	H	M	C	P
0	0.00190	0.00096	0.00143	0.00144	0.00144	0.00096	0.00096	0.00144	0.00144	0.00192	0.00196	0.01533	0.00198	0.00382	0.00427	0.95587	0.00095	0.00098	0.00048	0.00048
1	0.00181	0.00132	0.00172	0.00187	0.00216	0.00132	0.00157	0.00248	0.08030	0.01962	0.04431	0.07467	0.12740	0.00285	0.00144	0.00047	0.00090	0.63170	0.00104	0.00107
2	0.00275	0.00169	0.00199	0.00179	0.00231	0.00169	0.00140	0.03882	0.24314	0.24278	0.05802	0.10234	0.18067	0.03098	0.01123	0.00041	0.00083	0.06666	0.00907	0.00141
3	0.00256	0.00162	0.00189	0.00169	0.00219	0.00157	0.00133	0.07887	0.14599	0.19997	0.13842	0.07154	0.29192	0.00217	0.00124	0.00037	0.00076	0.05344	0.00114	0.00134
4	0.00184	0.00136	0.00148	0.00140	0.00184	0.00127	0.00108	0.01188	0.12659	0.07757	0.06994	0.00907	0.64135	0.00247	0.00127	0.00037	0.00065	0.04635	0.00107	0.00113
5	0.00954	0.00118	0.00139	0.00145	0.00173	0.00109	0.00107	0.01688	0.03051	0.03826	0.04790	0.31537	0.39668	0.03253	0.00147	0.00043	0.00068	0.09981	0.00103	0.00100
6	0.01181	0.00193	0.00222	0.00210	0.05085	0.00201	0.00154	0.06809	0.37525	0.08938	0.05961	0.07312	0.17329	0.00183	0.00116	0.00036	0.00082	0.01263	0.01036	0.06163
7	0.00165	0.00124	0.00172	0.00188	0.04299	0.00130	0.00134	0.00207	0.03103	0.01767	0.00493	0.21982	0.11604	0.04917	0.40636	0.00102	0.00669	0.09125	0.00081	0.00102
8	0.00411	0.03268	0.00307	0.00246	0.00319	0.32911	0.00197	0.34149	0.01442	0.19588	0.00279	0.01457	0.00210	0.00461	0.00970	0.00034	0.00597	0.02902	0.00094	0.00160
9	0.00237	0.00210	0.00248	0.00192	0.02703	0.02611	0.02403	0.00726	0.05863	0.00360	0.00223	0.01319	0.01030	0.00094	0.00093	0.00020	0.02067	0.00076	0.00068	0.79457
10	0.00308	0.04469	0.02272	0.00480	0.49829	0.21544	0.02252	0.06014	0.03334	0.00354	0.00211	0.00270	0.00177	0.00112	0.00116	0.00032	0.04049	0.01706	0.00060	0.02410
11	0.00138	0.00104	0.00128	0.00146	0.00162	0.00097	0.00101	0.00169	0.03432	0.00292	0.01653	0.71017	0.21512	0.00323	0.00137	0.00043	0.00063	0.00288	0.00103	0.00093
12	0.00317	0.00216	0.00245	0.00213	0.00277	0.00231	0.00169	0.14048	0.45104	0.18977	0.00440	0.07967	0.01070	0.00170	0.00116	0.00037	0.00092	0.07299	0.00113	0.02898
13	0.00171	0.00122	0.00151	0.00163	0.00185	0.00119	0.00118	0.00982	0.10445	0.04354	0.02229	0.58636	0.11842	0.00744	0.00138	0.00043	0.00071	0.09279	0.00105	0.00105
14	0.00138	0.00099	0.00129	0.00151	0.00160	0.00093	0.00103	0.00158	0.00213	0.00281	0.01559	0.78643	0.05782	0.06847	0.00169	0.00049	0.00068	0.05169	0.00100	0.00089
15	0.00329	0.00304	0.00263	0.00235	0.00296	0.26275	0.00182	0.02033	0.52715	0.09892	0.01433	0.00856	0.00291	0.00156	0.01789	0.00037	0.00122	0.02534	0.00098	0.00159
16	0.00155	0.00108	0.00127	0.00135	0.00142	0.00106	0.00085	0.00782	0.02131	0.00250	0.00473	0.31581	0.04910	0.55882	0.00383	0.00080	0.00090	0.02419	0.00082	0.00079
17	0.00191	0.00133	0.00176	0.00173	0.00203	0.00142	0.00135	0.02162	0.08233	0.05827	0.04744	0.08235	0.09608	0.02663	0.44178	0.01237	0.00179	0.09998	0.01673	0.00110
18	0.00152	0.00118	0.00140	0.00152	0.00174	0.00113	0.00109	0.00208	0.10412	0.00317	0.06862	0.50094	0.24509	0.01085	0.00138	0.00042	0.00066	0.05106	0.00104	0.00101
19	0.00157	0.00118	0.00177	0.00177	0.00197	0.00138	0.00138	0.00197	0.00177	0.00256	0.00295	0.00432	0.00275	0.00825	0.95696	0.00177	0.00295	0.00118	0.00059	0.00098
20	0.00229	0.00168	0.00186	0.00168	0.00217	0.00171	0.00132	0.14093	0.18594	0.06373	0.07482	0.08259	0.36025	0.00222	0.00123	0.00037	0.00076	0.04722	0.02594	0.00129
21	0.00178	0.00136	0.00157	0.00166	0.00192	0.02780	0.00124	0.01194	0.10264	0.03520	0.05146	0.43149	0.17536	0.00816	0.00137	0.00042	0.00075	0.14177	0.00104	0.00107
22	0.00193	0.00144	0.00179	0.00191	0.00222	0.01348	0.00157	0.01912	0.11751	0.02749	0.01067	0.15372	0.09218	0.00279	0.00141	0.00046	0.00091	0.54725	0.00103	0.00112
23	0.00275	0.00233	0.00243	0.00217	0.00279	0.01937	0.00169	0.03604	0.81441	0.02399	0.01842	0.00447	0.06109	0.00157	0.00113	0.00037	0.00088	0.00130	0.00111	0.00168
24	0.00783	0.00216	0.00243	0.00207	0.00272	0.00232	0.00164	0.17620	0.41034	0.20764	0.01670	0.04566	0.05865	0.00771	0.00122	0.01688	0.00091	0.01435	0.02091	0.00164
25	0.00346	0.00228	0.00259	0.00208	0.00288	0.00983	0.00167	0.16113	0.33083	0.25374	0.01194	0.00340	0.00263	0.00129	0.00105	0.00031	0.00094	0.00104	0.00108	0.20583
26	0.00199	0.00139	0.00170	0.00165	0.00203	0.00136	0.00131	0.01109	0.12952	0.08004	0.28169	0.05600	0.20378	0.00242	0.00131	0.00040	0.00073	0.21930	0.00112	0.00117
27	0.00159	0.00107	0.00123	0.00126	0.00127	0.00106	0.00074	0.00162	0.00168	0.00223	0.00377	0.08501	0.00435	0.84824	0.00511	0.00100	0.00103	0.03635	0.00071	0.00070
28	0.00169	0.00125	0.00157	0.00170	0.00189	0.00125	0.00124	0.07262	0.05283	0.00326	0.00576	0.63752	0.04557	0.01520	0.02921	0.00048	0.00505	0.11985	0.00101	0.00103
29	0.00271	0.00205	0.00231	0.00207	0.00263	0.00223	0.00986	0.16404	0.40942	0.06373	0.02636	0.07295	0.10833	0.00195	0.00121	0.00039	0.00090	0.12424	0.00110	0.00151
30	0.00143	0.00104	0.00135	0.00156	0.00171	0.00098	0.00113	0.00169	0.00223	0.00291	0.00665	0.61181	0.13889	0.03153	0.00154	0.00047	0.00071	0.19045	0.00101	0.00092
31	0.00312	0.03076	0.02555	0.00282	0.09406	0.45161	0.01820	0.02077	0.01460	0.03464	0.01545	0.05924	0.13353	0.00162	0.00123	0.00033	0.04845	0.04202	0.00071	0.00129
32	0.00268	0.00219	0.00264	0.00263	0.10271	0.01087	0.02366	0.15804	0.36469	0.02331	0.01044	0.10184	0.03315	0.04640	0.01218	0.00042	0.01570	0.06632	0.00421	0.01591
33	0.00246	0.00196	0.00215	0.00199	0.00246	0.01572	0.00154	0.11594	0.40543	0.02793	0.00832	0.19604	0.10470	0.01154	0.00131	0.00040	0.02047	0.06883	0.00939	0.00142
34	0.00316	0.00313	0.07054	0.00412	0.34658	0.11101	0.03188	0.22914	0.07790	0.02102	0.00253	0.02152	0.00204	0.00131	0.01234	0.00035	0.02285	0.01640	0.00075	0.02143
35	0.00292	0.00216	0.00241	0.00211	0.00271	0.00236	0.00168	0.17683	0.46688	0.09167	0.10351	0.04786	0.01871	0.00175	0.00118	0.00037	0.00090	0.07126	0.00113	0.00160
36	0.00241	0.00221	0.00289	0.00372	0.35340	0.07164	0.00216	0.03343	0.17042	0.00357	0.00892	0.28502	0.00949	0.00652	0.00122	0.00038	0.00106	0.03611	0.00083	0.00460
37	0.00300	0.00283	0.00337	0.00405	0.36593	0.10749	0.00244	0.08518	0.39448	0.00419	0.00311	0.00332	0.00244	0.00126	0.00110	0.00034	0.00119	0.01175	0.00084	0.00169
38	0.00145	0.00110	0.00134	0.00149	0.00169	0.00104	0.00107	0.00185	0.05006	0.00303	0.03515	0.53222	0.26513	0.01198	0.00141	0.00043	0.00066	0.08692	0.00103	0.00096
39	0.00325	0.00273	0.00365	0.01868	0.27183	0.02437	0.07949	0.38039	0.08402	0.01828	0.00280	0.04125	0.01318	0.00128	0.00111	0.00033	0.00123	0.00111	0.00086	0.05015
40	0.00918	0.42207	0.00393	0.00208	0.00284	0.02510	0.00181	0.05618	0.39759	0.01466	0.02290	0.00322	0.00257	0.00133	0.00785	0.00032	0.00106	0.02293	0.00082	0.00156
41	0.01244	0.00129	0.00163	0.00176	0.00201	0.00129	0.00136	0.02532	0.09372	0.03077	0.02815	0.44510	0.05730	0.00293	0.00138	0.00044	0.00079	0.29020	0.00104	0.00107
42	0.21265	0.00177	0.01297	0.00192	0.00237	0.00186	0.00161	0.08452	0.10584	0.02801	0.00444	0.07438	0.01795	0.01908	0.00130	0.00044	0.00095	0.42576	0.00096	0.00122
43	0.00254	0.00204	0.00222	0.00204	0.00258	0.00227	0.00158	0.03085	0.64462	0.04256	0.02243	0.09081	0.09242	0.00187	0.00118	0.00038	0.00083	0.04853	0.00110	0.00715
44	0.00342	0.00236	0.00266	0.00223	0.00291	0.00254	0.00183	0.44017	0.17720	0.12248	0.02102	0.02932	0.03957	0.00175	0.00119	0.00037	0.00103	0.14520	0.00112	0.00164

[dist]
# distance from previous block
# <min> <max>
0	1

[block]
# block no. 2 follows, 297 sequences, length 72
# corresponding to MSA columns:
# 234-305
name=unknown_C
#
# <colnr> <probs for GDERKNQSTAVLIFYWHMCP>
#	G	D	E	R	K	N	Q	S	T	A	V	L	I	F	Y	W	H	M	C	P
0	0.00311	0.00258	0.00265	0.00230	0.00296	0.06545	0.00917	0.12088	0.66513	0.06637	0.00411	0.00387	0.01998	0.00146	0.00114	0.00036	0.01208	0.00473	0.00108	0.01059
1	0.00266	0.00238	0.00345	0.00451	0.49504	0.02254	0.01116	0.05129	0.16716	0.02540	0.03773	0.04291	0.04888	0.00143	0.00123	0.00035	0.03763	0.02754	0.00837	0.00833
2	0.00343	0.00252	0.00267	0.00223	0.00292	0.04414	0.00178	0.36471	0.30183	0.12194	0.02122	0.08306	0.03086	0.00162	0.00114	0.00036	0.00102	0.00978	0.00111	0.00167
3	0.00229	0.00196	0.00227	0.00165	0.00259	0.00151	0.00131	0.00287	0.03913	0.00360	0.00208	0.00244	0.00174	0.01738	0.00091	0.00019	0.00082	0.00069	0.00067	0.91391
4	0.01257	0.00192	0.00240	0.00210	0.00260	0.00205	0.03288	0.07294	0.21727	0.09674	0.05167	0.04022	0.09171	0.01791	0.00957	0.00041	0.11044	0.15585	0.00097	0.07778
5	0.00177	0.00122	0.00154	0.00167	0.00188	0.00119	0.00121	0.01942	0.08570	0.05745	0.02004	0.63884	0.05095	0.00302	0.00136	0.00043	0.00072	0.10946	0.00105	0.00106
6	0.01161	0.00333	0.00281	0.00248	0.00308	0.35571	0.02351	0.16320	0.16130	0.06137	0.01301	0.02444	0.00278	0.00155	0.00115	0.00035	0.01257	0.12562	0.00629	0.02386
7	0.00628	0.00200	0.00235	0.00200	0.00264	0.00204	0.00159	0.13661	0.27099	0.31138	0.01270	0.10738	0.06031	0.01585	0.00123	0.00038	0.00090	0.04019	0.00116	0.02204
8	0.00221	0.00157	0.00188	0.00185	0.00224	0.00162	0.00146	0.02660	0.25952	0.08446	0.04319	0.19844	0.10498	0.02346	0.00140	0.00043	0.00083	0.24150	0.00108	0.00127
9	0.00178	0.00132	0.00163	0.00175	0.00198	0.00134	0.00130	0.03233	0.14535	0.01759	0.01276	0.52983	0.03496	0.02718	0.00147	0.00045	0.00078	0.18406	0.00103	0.00109
