[name]
ND3

[dist]
# distance from previous block
# <min> <max>
2	6

[block]
# block no. 0 follows, 309 sequences, length 20
# corresponding to MSA columns:
# 6-25
name=unknown_A
#
# <colnr> <probs for GDERKNQSTAVLIFYWHMCP>
#	G	D	E	R	K	N	Q	S	T	A	V	L	I	F	Y	W	H	M	C	P
0	0.00182	0.00138	0.00171	0.00183	0.00211	0.01881	0.00149	0.02946	0.10484	0.01139	0.01987	0.20433	0.06604	0.00288	0.03086	0.00048	0.00093	0.49773	0.00098	0.00106
1	0.00157	0.00116	0.00138	0.00145	0.00166	0.00111	0.00103	0.03746	0.04989	0.01631	0.03341	0.42136	0.21704	0.13597	0.00187	0.00049	0.00072	0.07423	0.00095	0.00094
2	0.02106	0.00164	0.00184	0.00174	0.00215	0.00173	0.00133	0.05815	0.32083	0.05914	0.03185	0.16167	0.14469	0.08019	0.01558	0.00045	0.00083	0.08619	0.00100	0.00795
3	0.00166	0.00125	0.00149	0.00156	0.00183	0.00123	0.00117	0.03860	0.10758	0.01764	0.00670	0.40339	0.24799	0.01578	0.00135	0.00042	0.00071	0.14764	0.00100	0.00103
4	0.00372	0.00241	0.00274	0.00220	0.00294	0.00258	0.00180	0.50087	0.14321	0.21473	0.02787	0.00367	0.00266	0.00163	0.03146	0.00038	0.00109	0.05124	0.00110	0.00169
5	0.00189	0.00131	0.00162	0.00168	0.00193	0.00132	0.00125	0.04441	0.12517	0.06057	0.01890	0.46292	0.03013	0.07659	0.00161	0.00046	0.00078	0.16541	0.00099	0.00107
6	0.00943	0.00167	0.00195	0.00177	0.00226	0.00169	0.00137	0.04627	0.28105	0.23197	0.02097	0.19829	0.15844	0.00205	0.00117	0.00037	0.00077	0.03602	0.00109	0.00138
7	0.01909	0.00121	0.00142	0.00150	0.00174	0.00119	0.00107	0.00226	0.14854	0.01912	0.05772	0.50804	0.21510	0.00275	0.00127	0.00040	0.00064	0.01491	0.00101	0.00102
8	0.00350	0.00237	0.00264	0.00212	0.00285	0.01272	0.00172	0.44057	0.17226	0.16964	0.07064	0.00370	0.01568	0.00141	0.00107	0.00032	0.00098	0.02549	0.01689	0.05342
9	0.03879	0.00159	0.00176	0.00166	0.00210	0.00165	0.00129	0.03981	0.29194	0.06223	0.05371	0.11340	0.27806	0.01572	0.00125	0.00038	0.00074	0.09166	0.00103	0.00124
10	0.00211	0.00122	0.00149	0.00144	0.00179	0.00109	0.00107	0.00245	0.02139	0.21834	0.04949	0.29751	0.33977	0.03241	0.00137	0.00040	0.00067	0.02380	0.00106	0.00110
11	0.00132	0.00096	0.00125	0.00146	0.00156	0.00089	0.00101	0.00154	0.00212	0.00281	0.04878	0.79891	0.08164	0.00320	0.00135	0.00042	0.00062	0.04829	0.00099	0.00088
12	0.00192	0.00149	0.00174	0.00169	0.00206	0.00156	0.00132	0.01136	0.28078	0.03164	0.06901	0.06297	0.21266	0.03694	0.13781	0.00059	0.00105	0.14126	0.00096	0.00117
13	0.01015	0.00161	0.00189	0.00181	0.01169	0.00165	0.00139	0.03133	0.28289	0.12001	0.02214	0.16408	0.15061	0.02220	0.00132	0.00782	0.00080	0.14679	0.00103	0.01879
14	0.00142	0.00104	0.00126	0.00136	0.00156	0.00095	0.00096	0.01285	0.00941	0.01749	0.06321	0.48549	0.30622	0.05650	0.00154	0.00043	0.00063	0.03578	0.00098	0.00090
15	0.00394	0.00444	0.00298	0.00261	0.00322	0.71436	0.00200	0.19492	0.00339	0.03252	0.00212	0.00229	0.02425	0.00117	0.00099	0.00029	0.00170	0.00079	0.00068	0.00135
16	0.00182	0.00131	0.00149	0.00146	0.00160	0.02188	0.00098	0.03787	0.05655	0.03046	0.00398	0.13314	0.04515	0.53857	0.07218	0.00084	0.02489	0.02418	0.00076	0.00087
17	0.00179	0.00111	0.00155	0.00153	0.00160	0.01711	0.01901	0.00164	0.01570	0.00217	0.00284	0.13759	0.02545	0.04014	0.05924	0.61892	0.02441	0.01770	0.00986	0.00064
18	0.00159	0.00113	0.00143	0.00156	0.00176	0.00110	0.00115	0.02453	0.04963	0.02810	0.02160	0.55969	0.11191	0.03340	0.00146	0.00044	0.00071	0.15684	0.00099	0.00097
19	0.00326	0.00204	0.00244	0.00197	0.02018	0.01408	0.01242	0.10670	0.15325	0.31230	0.04872	0.00352	0.03439	0.00125	0.00100	0.00028	0.00089	0.00102	0.00100	0.27928

[dist]
# distance from previous block
# <min> <max>
0	1

[block]
# block no. 1 follows, 309 sequences, length 31
# corresponding to MSA columns:
# 27-57
name=unknown_B
#
# <colnr> <probs for GDERKNQSTAVLIFYWHMCP>
#	G	D	E	R	K	N	Q	S	T	A	V	L	I	F	Y	W	H	M	C	P
0	0.00218	0.00172	0.00207	0.00205	0.02563	0.02175	0.02368	0.03007	0.27195	0.04333	0.01616	0.08631	0.11082	0.00747	0.00126	0.00040	0.00089	0.31590	0.00098	0.03536
1	0.00313	0.00328	0.00325	0.01335	0.23326	0.34167	0.04541	0.07622	0.15548	0.01978	0.00703	0.02440	0.00684	0.00152	0.04388	0.00038	0.00653	0.01246	0.00070	0.00145
2	0.00222	0.00190	0.00226	0.00163	0.00256	0.00146	0.01589	0.01424	0.01053	0.00349	0.00197	0.01522	0.00166	0.00083	0.00081	0.00017	0.00080	0.00068	0.00064	0.92103
3	0.00299	0.74595	0.02858	0.00202	0.00286	0.14692	0.00191	0.02290	0.00233	0.00262	0.00154	0.00180	0.00138	0.00102	0.00807	0.00026	0.02442	0.00061	0.00048	0.00135
4	0.01071	0.00247	0.02245	0.00216	0.01083	0.06776	0.03027	0.32933	0.11886	0.08283	0.00414	0.00909	0.14913	0.01233	0.00118	0.00033	0.01905	0.04193	0.00094	0.08419
5	0.00249	0.10145	0.69664	0.00289	0.00422	0.14826	0.02315	0.00347	0.00235	0.00316	0.00183	0.00215	0.00135	0.00101	0.00097	0.00032	0.00158	0.00076	0.00047	0.00149
6	0.00266	0.00258	0.00427	0.00642	0.93394	0.02477	0.00323	0.00328	0.00243	0.00344	0.00199	0.00261	0.00167	0.00095	0.00105	0.00031	0.00128	0.00094	0.00053	0.00167
7	0.00134	0.00097	0.00128	0.00149	0.00159	0.00092	0.00102	0.00161	0.01819	0.00285	0.05842	0.82872	0.03116	0.00319	0.00135	0.00042	0.00063	0.04298	0.00100	0.00089
8	0.00403	0.00297	0.00318	0.00244	0.00329	0.00329	0.00202	0.95258	0.00499	0.00668	0.00255	0.00255	0.00180	0.00127	0.00106	0.00032	0.00117	0.00095	0.00106	0.00180
9	0.00220	0.00188	0.00220	0.00157	0.00251	0.00141	0.00126	0.00267	0.00220	0.00346	0.00188	0.00220	0.00157	0.00079	0.00079	0.00016	0.00079	0.00063	0.00063	0.96921
10	0.00158	0.00118	0.00173	0.00172	0.00192	0.00137	0.00133	0.02602	0.00179	0.00256	0.00284	0.00416	0.00265	0.02137	0.92066	0.00166	0.00277	0.00114	0.00058	0.00096
11	0.00215	0.03929	0.92365	0.00298	0.00452	0.00252	0.00384	0.00335	0.00224	0.00333	0.00189	0.00222	0.00134	0.00100	0.00100	0.00033	0.00155	0.00078	0.00045	0.00156
12	0.03614	0.00103	0.00101	0.00100	0.00126	0.00104	0.00076	0.00249	0.00221	0.00398	0.00339	0.00388	0.00266	0.00123	0.00074	0.00025	0.00051	0.00097	0.93446	0.00099
13	0.95212	0.00212	0.01943	0.00143	0.00210	0.00238	0.00120	0.00312	0.00181	0.00473	0.00148	0.00173	0.00115	0.00098	0.00066	0.00033	0.00083	0.00058	0.00065	0.00116
14	0.00154	0.00103	0.00116	0.00116	0.00116	0.00103	0.00064	0.00154	0.00154	0.00206	0.00334	0.00694	0.00386	0.96273	0.00540	0.00103	0.00103	0.00154	0.00064	0.00064
15	0.00286	0.90385	0.02792	0.00188	0.00279	0.04091	0.00187	0.00322	0.00219	0.00252	0.00149	0.00172	0.00136	0.00092	0.00070	0.00023	0.00117	0.00058	0.00046	0.00136
16	0.00220	0.00188	0.00220	0.00157	0.00251	0.00141	0.00126	0.00267	0.00220	0.00346	0.00188	0.00220	0.00157	0.00079	0.00079	0.00016	0.00079	0.00063	0.00063	0.96921
17	0.00149	0.00107	0.00148	0.00161	0.00175	0.00102	0.02798	0.00742	0.01566	0.02531	0.01099	0.77049	0.02955	0.02862	0.00619	0.00045	0.01059	0.05645	0.00097	0.00092
18	0.79150	0.00261	0.05292	0.00213	0.06562	0.03481	0.00734	0.00345	0.00217	0.01452	0.00202	0.00241	0.01203	0.00123	0.00088	0.00039	0.00105	0.00076	0.00076	0.00140
19	0.03624	0.09826	0.02001	0.00231	0.00312	0.07551	0.00193	0.58538	0.12028	0.01793	0.00720	0.00259	0.00192	0.00122	0.00100	0.00031	0.00116	0.00091	0.00093	0.02180
20	0.00451	0.00183	0.00244	0.00188	0.00269	0.00162	0.00155	0.01570	0.05055	0.85313	0.00419	0.00366	0.01591	0.00132	0.00106	0.00032	0.00089	0.00107	0.00127	0.03440
21	0.00208	0.00198	0.00311	0.84542	0.00673	0.03459	0.00281	0.00271	0.00210	0.00267	0.00185	0.00278	0.00143	0.00119	0.00129	0.03455	0.05015	0.00093	0.00047	0.00115
22	0.00177	0.00133	0.00160	0.00167	0.00190	0.00135	0.00119	0.10279	0.11525	0.00336	0.00521	0.71553	0.00587	0.00282	0.00128	0.00040	0.00071	0.00986	0.00099	0.02513
23	0.00216	0.00189	0.00242	0.00176	0.00266	0.00147	0.06610	0.00264	0.00221	0.00340	0.00215	0.06254	0.00192	0.00095	0.00085	0.00019	0.00084	0.00082	0.00064	0.84238
24	0.00164	0.00115	0.00131	0.00129	0.00140	0.00114	0.00084	0.04889	0.00194	0.00256	0.04265	0.02550	0.10010	0.68129	0.00419	0.00084	0.00095	0.08077	0.00075	0.00077
25	0.00393	0.00295	0.00332	0.00253	0.00339	0.00324	0.04924	0.89395	0.00483	0.00648	0.00252	0.00256	0.00179	0.00125	0.00107	0.00032	0.00119	0.00097	0.00103	0.01344
26	0.00150	0.00121	0.00128	0.00126	0.00160	0.00109	0.00094	0.07574	0.00257	0.00317	0.03875	0.13133	0.68837	0.02530	0.00135	0.00038	0.00062	0.02158	0.00099	0.00096
27	0.00218	0.04993	0.00407	0.65915	0.01547	0.00254	0.23819	0.00291	0.00222	0.00288	0.00193	0.00277	0.00146	0.00102	0.00111	0.00035	0.00910	0.00100	0.00049	0.00125
28	0.00167	0.00112	0.00126	0.00122	0.00126	0.00114	0.00071	0.04882	0.00171	0.00229	0.00330	0.00672	0.00375	0.91493	0.00518	0.00099	0.00104	0.00151	0.00066	0.00070
29	0.00154	0.00103	0.00116	0.00116	0.00116	0.00103	0.00064	0.00154	0.00154	0.00206	0.00334	0.00694	0.00386	0.96273	0.00540	0.00103	0.00103	0.00154	0.00064	0.00064
30	0.00147	0.00106	0.00137	0.00155	0.00167	0.00102	0.00108	0.05306	0.00222	0.00295	0.00568	0.84648	0.01648	0.00317	0.00134	0.00042	0.00066	0.04899	0.00099	0.00837

[dist]
# distance from previous block
# <min> <max>
0	8

[block]
# block no. 2 follows, 309 sequences, length 58
# corresponding to MSA columns:
# 66-123
name=unknown_C
#
# <colnr> <probs for GDERKNQSTAVLIFYWHMCP>
#	G	D	E	R	K	N	Q	S	T	A	V	L	I	F	Y	W	H	M	C	P
0	0.00171	0.00127	0.00154	0.00141	0.00173	0.00121	0.00108	0.09068	0.01017	0.00428	0.72202	0.00773	0.14184	0.00216	0.00123	0.00034	0.00057	0.00683	0.00113	0.00107
1	0.01682	0.00191	0.00252	0.00193	0.00275	0.00173	0.00160	0.09164	0.00320	0.85814	0.00400	0.00349	0.00253	0.00130	0.00106	0.00033	0.00093	0.00105	0.00128	0.00180
2	0.00143	0.00131	0.00124	0.00121	0.00157	0.05126	0.00092	0.00170	0.00243	0.00286	0.02536	0.00946	0.85313	0.00266	0.01733	0.00038	0.02179	0.00210	0.00095	0.00092
3	0.00135	0.00098	0.00128	0.00147	0.00158	0.00090	0.00099	0.00155	0.00203	0.00273	0.00554	0.87647	0.00660	0.03283	0.00145	0.00043	0.00064	0.00283	0.00095	0.05739
4	0.00152	0.00103	0.00115	0.00115	0.00118	0.00102	0.00066	0.00154	0.00162	0.00213	0.00402	0.00724	0.09076	0.87507	0.00502	0.00097	0.00098	0.00161	0.00067	0.00067
5	0.00137	0.00103	0.00130	0.00143	0.00161	0.00092	0.00098	0.00159	0.00210	0.00280	0.00618	0.73817	0.14230	0.00300	0.00129	0.00040	0.00062	0.00269	0.00095	0.08928
6	0.00139	0.00103	0.00132	0.00149	0.00163	0.00096	0.00102	0.00171	0.03868	0.00284	0.01695	0.82253	0.04720	0.00308	0.00131	0.00041	0.00063	0.00277	0.00097	0.05208
7	0.00152	0.00103	0.00116	0.00117	0.00119	0.00101	0.00066	0.00154	0.00161	0.00212	0.00381	0.04717	0.05096	0.87510	0.00502	0.00097	0.00099	0.00164	0.00067	0.00066
8	0.00277	0.87008	0.00529	0.07020	0.00302	0.00398	0.00188	0.00312	0.00214	0.00794	0.00153	0.00182	0.00138	0.00098	0.00078	0.01956	0.00115	0.00060	0.00046	0.00133
9	0.00136	0.00100	0.00130	0.00148	0.00161	0.00090	0.00100	0.00157	0.00205	0.00278	0.01328	0.88272	0.00663	0.00312	0.00131	0.00041	0.00063	0.00283	0.00096	0.07305
10	0.00215	0.00532	0.90489	0.00321	0.05686	0.00247	0.00388	0.00335	0.00225	0.00336	0.00191	0.00226	0.00136	0.00100	0.00101	0.00033	0.00155	0.00079	0.00045	0.00157
11	0.00128	0.00109	0.00110	0.00110	0.00145	0.00092	0.00082	0.00159	0.01393	0.00292	0.03850	0.01006	0.91632	0.00266	0.00125	0.00036	0.00054	0.00222	0.00099	0.00091
12	0.00432	0.00171	0.00230	0.00180	0.00255	0.00148	0.00147	0.00472	0.00299	0.83243	0.06686	0.00432	0.06514	0.00146	0.00109	0.00033	0.00085	0.00120	0.00128	0.00169
13	0.00129	0.00093	0.00122	0.00145	0.00153	0.00086	0.00097	0.00148	0.00206	0.00272	0.00621	0.89186	0.07696	0.00328	0.00135	0.00043	0.00061	0.00296	0.00098	0.00086
14	0.00129	0.00092	0.00123	0.00148	0.00154	0.00086	0.00098	0.00148	0.00203	0.00271	0.00585	0.96204	0.00701	0.00332	0.00135	0.00043	0.00062	0.00301	0.00098	0.00086
15	0.00130	0.00093	0.00124	0.00148	0.00155	0.00087	0.00099	0.00149	0.00204	0.00271	0.00584	0.95040	0.00700	0.00332	0.00135	0.00043	0.00062	0.01460	0.00098	0.00086
16	0.00220	0.00188	0.00220	0.00157	0.00251	0.00141	0.00126	0.00267	0.00220	0.00346	0.00188	0.00220	0.00157	0.00079	0.00079	0.00016	0.00079	0.00063	0.00063	0.96921
17	0.00141	0.00105	0.00130	0.00147	0.00162	0.00100	0.00102	0.00181	0.06866	0.00878	0.02043	0.73349	0.14210	0.00307	0.00132	0.00041	0.00062	0.00851	0.00100	0.00093
18	0.00232	0.00189	0.00221	0.00160	0.00252	0.00145	0.00128	0.00286	0.03008	0.04589	0.00208	0.00767	0.00170	0.00084	0.00081	0.00017	0.00079	0.00068	0.00067	0.89248
19	0.00184	0.00092	0.00138	0.00138	0.00138	0.00092	0.00092	0.00138	0.00138	0.00184	0.00184	0.00322	0.00184	0.00368	0.00414	0.96914	0.00092	0.00092	0.00046	0.00046
20	0.00462	0.00199	0.00257	0.00197	0.00280	0.00183	0.00163	0.14936	0.01387	0.80170	0.00394	0.00345	0.00251	0.00131	0.00107	0.00033	0.00094	0.00105	0.00127	0.00180
21	0.00183	0.00147	0.00163	0.00160	0.00199	0.00150	0.00124	0.01088	0.29040	0.01752	0.03720	0.10128	0.38557	0.00235	0.00123	0.00038	0.00071	0.13569	0.00437	0.00117
22	0.01260	0.00849	0.00483	0.00645	0.00451	0.29122	0.54944	0.02379	0.02185	0.00322	0.00208	0.01276	0.00166	0.00105	0.00122	0.00034	0.03601	0.00879	0.00833	0.00136
23	0.00188	0.00150	0.00173	0.00176	0.00202	0.02755	0.01027	0.09194	0.16348	0.00338	0.00506	0.63349	0.00558	0.01324	0.00133	0.00041	0.00793	0.02536	0.00098	0.00111
24	0.00521	0.02099	0.02420	0.01076	0.01580	0.17728	0.32446	0.05067	0.08358	0.00911	0.00261	0.04281	0.02555	0.00123	0.01062	0.00032	0.01280	0.00851	0.01209	0.16138
25	0.00330	0.01807	0.00538	0.00531	0.02593	0.11675	0.02017	0.37930	0.13162	0.03839	0.00255	0.01177	0.00197	0.00600	0.01888	0.00034	0.08299	0.00094	0.00086	0.12948
26	0.00219	0.00189	0.00747	0.00160	0.00250	0.00145	0.00128	0.00864	0.03437	0.00348	0.00212	0.03874	0.00183	0.00091	0.00082	0.00018	0.00079	0.00074	0.00066	0.88834
27	0.00226	0.00818	0.02369	0.00207	0.02835	0.03866	0.01372	0.04783	0.39096	0.01754	0.02249	0.12315	0.15320	0.00198	0.00120	0.00037	0.01136	0.10308	0.00097	0.00894
28	0.00246	0.00555	0.01949	0.00242	0.07479	0.04323	0.01303	0.05654	0.40088	0.02751	0.00856	0.07062	0.06162	0.00719	0.06090	0.00045	0.05482	0.07292	0.00705	0.00996
29	0.00270	0.00224	0.00244	0.00216	0.00277	0.00255	0.01382	0.04941	0.81766	0.03031	0.02153	0.01179	0.00334	0.00148	0.00109	0.00036	0.00086	0.02288	0.00107	0.00954
30	0.00170	0.00121	0.00149	0.00159	0.00180	0.00120	0.00116	0.01226	0.11361	0.04105	0.02444	0.49071	0.09614	0.07631	0.00163	0.00046	0.00693	0.12432	0.00098	0.00101
31	0.00241	0.00185	0.00202	0.00187	0.00236	0.01977	0.00146	0.04317	0.45103	0.08167	0.02968	0.10871	0.14293	0.01587	0.00123	0.00038	0.00082	0.09032	0.00105	0.00139
32	0.00182	0.00102	0.00143	0.00146	0.00153	0.00102	0.00101	0.01604	0.02444	0.01446	0.00294	0.17010	0.00750	0.01663	0.00654	0.65490	0.00087	0.05263	0.02304	0.00064
33	0.00343	0.00200	0.00235	0.00199	0.00266	0.00207	0.00159	0.02710	0.46199	0.39207	0.01926	0.00434	0.04785	0.00149	0.00109	0.00035	0.00086	0.02469	0.00117	0.00167
34	0.00766	0.00210	0.00230	0.00197	0.00251	0.00227	0.00155	0.38880	0.19186	0.02469	0.01642	0.07447	0.09626	0.10911	0.01674	0.00045	0.00098	0.05744	0.00100	0.00142
35	0.00226	0.00167	0.00184	0.00170	0.00219	0.00172	0.00133	0.02195	0.37654	0.10179	0.03669	0.03922	0.32327	0.00853	0.00121	0.00037	0.00074	0.07459	0.00106	0.00132
36	0.00129	0.00103	0.00116	0.00124	0.00149	0.00090	0.00090	0.00155	0.00229	0.00284	0.02797	0.30221	0.58697	0.02359	0.00138	0.00040	0.00059	0.04032	0.00098	0.00088
37	0.00132	0.00102	0.00118	0.00128	0.00148	0.00091	0.00090	0.00156	0.00623	0.00280	0.03927	0.38645	0.45084	0.07371	0.00160	0.00044	0.00062	0.02656	0.00097	0.00087
38	0.02436	0.00142	0.00164	0.00161	0.00193	0.00144	0.00119	0.08413	0.14847	0.05611	0.04145	0.42398	0.15584	0.03384	0.00429	0.00041	0.00073	0.01503	0.00101	0.00113
39	0.00136	0.00101	0.00128	0.00147	0.00158	0.00096	0.00101	0.00163	0.02553	0.00277	0.01866	0.75340	0.10258	0.04413	0.00154	0.00045	0.01529	0.02353	0.00097	0.00088
40	0.00131	0.00094	0.00125	0.00150	0.00157	0.00088	0.00101	0.00151	0.00205	0.00273	0.00584	0.92283	0.00698	0.00331	0.00136	0.00043	0.00063	0.04205	0.00098	0.00087
41	0.00264	0.00213	0.00229	0.00205	0.00261	0.00242	0.00158	0.01646	0.79679	0.05390	0.01554	0.02023	0.01853	0.05632	0.00133	0.00040	0.00084	0.00126	0.00106	0.00159
42	0.00146	0.00101	0.00130	0.00467	0.00163	0.00094	0.00102	0.00477	0.01200	0.03764	0.02069	0.74434	0.10777	0.01918	0.00140	0.00043	0.00064	0.03720	0.00099	0.00091
43	0.97022	0.00205	0.00156	0.00139	0.00205	0.00238	0.00115	0.00312	0.00180	0.00476	0.00148	0.00172	0.00115	0.00098	0.00066	0.00033	0.00082	0.00057	0.00066	0.00115
44	0.00131	0.00093	0.00123	0.00146	0.00152	0.00087	0.00097	0.00148	0.00200	0.00267	0.00571	0.91019	0.00684	0.05540	0.00157	0.00046	0.00064	0.00293	0.00097	0.00085
45	0.00176	0.00120	0.00139	0.00134	0.00169	0.00107	0.00102	0.01796	0.02289	0.09908	0.19521	0.11746	0.48148	0.00986	0.00128	0.00037	0.00061	0.04225	0.00105	0.00104
46	0.00153	0.00116	0.00174	0.00173	0.00191	0.00137	0.00135	0.00191	0.00170	0.00246	0.00281	0.00412	0.00262	0.00781	0.93589	0.00167	0.02555	0.00113	0.00057	0.00095
47	0.00213	0.00549	0.95723	0.00302	0.00459	0.00246	0.00392	0.00336	0.00224	0.00336	0.00190	0.00224	0.00134	0.00101	0.00101	0.00034	0.00157	0.00078	0.00045	0.00157
48	0.00184	0.00092	0.00138	0.00138	0.00138	0.00092	0.00092	0.00138	0.00138	0.00184	0.00184	0.00322	0.00184	0.00368	0.00414	0.96914	0.00092	0.00092	0.00046	0.00046
49	0.00220	0.00160	0.00199	0.00647	0.02270	0.00628	0.02279	0.05102	0.21504	0.08871	0.03812	0.25437	0.11147	0.00236	0.01809	0.00041	0.02080	0.12311	0.01121	0.00124
50	0.00252	0.00285	0.01511	0.03207	0.01095	0.00266	0.89399	0.01048	0.00251	0.01276	0.00216	0.00286	0.00161	0.00091	0.00124	0.00036	0.00176	0.00123	0.00055	0.00143
51	0.97022	0.00205	0.00156	0.00139	0.00205	0.00238	0.00115	0.00312	0.00180	0.00476	0.00148	0.00172	0.00115	0.00098	0.00066	0.00033	0.00082	0.00057	0.00066	0.00115
52	0.94038	0.00204	0.00159	0.00141	0.00207	0.00235	0.00116	0.00318	0.00184	0.03419	0.00156	0.00178	0.00119	0.00099	0.00067	0.00033	0.00082	0.00059	0.00068	0.00117
53	0.00129	0.00092	0.00123	0.00148	0.00154	0.00086	0.00098	0.00148	0.00203	0.00271	0.00585	0.96204	0.00701	0.00332	0.00135	0.00043	0.00062	0.00301	0.00098	0.00086
54	0.00218	0.07041	0.89273	0.00294	0.00446	0.00258	0.00378	0.00335	0.00223	0.00330	0.00187	0.00220	0.00134	0.00100	0.00099	0.00033	0.00154	0.00077	0.00045	0.00155
55	0.00184	0.00092	0.00138	0.00138	0.00138	0.00092	0.00092	0.00138	0.00138	0.00184	0.00184	0.00322	0.00184	0.00368	0.00414	0.96914	0.00092	0.00092	0.00046	0.00046
56	0.00446	0.00188	0.00246	0.00192	0.00272	0.00171	0.00157	0.01818	0.11498	0.81612	0.00414	0.00361	0.00267	0.00132	0.00106	0.00033	0.00090	0.00107	0.00127	0.01764
57	0.00221	0.02700	0.83898	0.00317	0.05637	0.00980	0.00375	0.01387	0.00848	0.00337	0.00191	0.00226	0.00138	0.00103	0.00106	0.00033	0.02222	0.00079	0.00046	0.00156

[dist]
# distance from previous block
# <min> <max>
0	1

# created by:
# /share/home/app/bin/augustus-3.3.1/scripts/msa2prfl.pl /dev/shm/tmp/ogap_db/mt-Sauria/msas/ND3.aln --setname=ND3
