[name]
ND4

[dist]
# distance from previous block
# <min> <max>
0	0

[block]
# block no. 0 follows, 296 sequences, length 43
# corresponding to MSA columns:
# 0-42
name=unknown_A
#
# <colnr> <probs for GDERKNQSTAVLIFYWHMCP>
#	G	D	E	R	K	N	Q	S	T	A	V	L	I	F	Y	W	H	M	C	P
0	0.00178	0.00127	0.00178	0.00203	0.00229	0.00127	0.00178	0.00229	0.00254	0.00330	0.00585	0.01245	0.00635	0.00305	0.00153	0.00051	0.00102	0.94688	0.00102	0.00102
1	0.00136	0.00097	0.00130	0.00156	0.00163	0.00091	0.00106	0.00157	0.00213	0.00284	0.00608	0.92255	0.00726	0.00344	0.00141	0.00045	0.00066	0.04089	0.00102	0.00090
2	0.00273	0.00262	0.00445	0.00670	0.93766	0.00263	0.00336	0.00343	0.01914	0.00362	0.00212	0.00276	0.00178	0.00099	0.00109	0.00033	0.00130	0.00099	0.00056	0.00175
3	0.00136	0.00112	0.00119	0.00122	0.00156	0.00096	0.00092	0.00167	0.01047	0.00307	0.06175	0.09846	0.76607	0.00283	0.00132	0.00038	0.00059	0.04307	0.00104	0.00095
4	0.00139	0.00108	0.00124	0.00134	0.00159	0.00095	0.00097	0.00166	0.00239	0.01156	0.04564	0.36056	0.49642	0.01577	0.00141	0.00042	0.00062	0.05304	0.00103	0.00093
5	0.01924	0.00112	0.00133	0.00144	0.00165	0.00105	0.00103	0.00185	0.03293	0.01244	0.06758	0.42655	0.29478	0.06017	0.02461	0.00049	0.00072	0.04906	0.00101	0.00095
6	0.02030	0.00196	0.00230	0.00171	0.00262	0.00157	0.00138	0.02120	0.03872	0.08902	0.01015	0.01040	0.00209	0.00102	0.00089	0.00021	0.00084	0.03556	0.00077	0.75729
7	0.00270	0.00231	0.00246	0.00223	0.00284	0.00266	0.00175	0.02323	0.87028	0.00457	0.00455	0.01179	0.00355	0.00160	0.00115	0.00038	0.00089	0.05823	0.00112	0.00170
8	0.01520	0.00139	0.00164	0.00156	0.00198	0.00129	0.00121	0.00282	0.09295	0.18458	0.04177	0.15051	0.37180	0.02522	0.00138	0.00041	0.00074	0.10125	0.00109	0.00120
9	0.00183	0.00131	0.00176	0.00196	0.00223	0.00132	0.00166	0.00246	0.06429	0.01756	0.00579	0.11498	0.01909	0.02038	0.00155	0.00050	0.00096	0.73827	0.00102	0.00106
10	0.00143	0.00103	0.00136	0.01274	0.00172	0.00098	0.00108	0.02470	0.00221	0.00295	0.01908	0.87539	0.02640	0.01083	0.00143	0.00045	0.00067	0.01360	0.00102	0.00093
11	0.00168	0.00121	0.00140	0.00144	0.00173	0.00112	0.00104	0.01503	0.06579	0.05317	0.03361	0.38834	0.38925	0.01165	0.00135	0.00041	0.00065	0.01132	0.01879	0.00104
12	0.00224	0.00191	0.00224	0.00163	0.00256	0.00144	0.00129	0.00272	0.00228	0.00356	0.00218	0.05185	0.00193	0.00095	0.00085	0.00018	0.00081	0.00078	0.00067	0.91792
13	0.00253	0.00203	0.00225	0.00208	0.00260	0.00225	0.00163	0.08465	0.55837	0.02286	0.03248	0.14028	0.03280	0.00199	0.00122	0.00039	0.00087	0.10610	0.00110	0.00152
14	0.00347	0.00206	0.00240	0.00203	0.00271	0.00212	0.00162	0.06202	0.40890	0.35717	0.03472	0.00478	0.09023	0.00161	0.00115	0.00036	0.00088	0.01888	0.00120	0.00169
15	0.00177	0.00124	0.00154	0.00164	0.00184	0.00123	0.00119	0.04156	0.06909	0.02140	0.01363	0.51241	0.02416	0.09855	0.00180	0.01256	0.00078	0.13600	0.04736	0.01025
16	0.00161	0.00113	0.00142	0.00158	0.00173	0.00109	0.00110	0.01022	0.06082	0.03124	0.01107	0.66430	0.06209	0.08334	0.00173	0.00049	0.00072	0.05698	0.00636	0.00098
17	0.00284	0.00214	0.00231	0.00201	0.00255	0.01508	0.00158	0.39284	0.14017	0.00493	0.00447	0.22335	0.07496	0.00198	0.00119	0.00036	0.01152	0.01818	0.09609	0.00145
18	0.00265	0.00242	0.00328	0.01641	0.33442	0.04223	0.02366	0.04374	0.02360	0.01527	0.00567	0.00256	0.00175	0.00098	0.00105	0.00026	0.03228	0.00084	0.00064	0.44628
19	0.00658	0.02190	0.00329	0.03598	0.06133	0.03929	0.15699	0.04056	0.09824	0.02474	0.00260	0.02082	0.01436	0.00118	0.00719	0.00029	0.04258	0.01326	0.02307	0.38576
20	0.00295	0.00293	0.00420	0.01216	0.72152	0.11519	0.02568	0.04387	0.02700	0.01085	0.00216	0.00919	0.00180	0.00105	0.00111	0.00033	0.00780	0.00098	0.00060	0.00863
21	0.00222	0.00193	0.00250	0.00222	0.00782	0.04922	0.07669	0.05000	0.06649	0.02628	0.00395	0.13435	0.08451	0.15527	0.09831	0.00066	0.20071	0.03496	0.00077	0.00114
22	0.00152	0.00113	0.00143	0.00161	0.00176	0.00111	0.00113	0.00203	0.09451	0.00308	0.03412	0.70824	0.06268	0.01392	0.00143	0.00044	0.00069	0.06715	0.00104	0.00099
23	0.00182	0.00109	0.00148	0.00531	0.00153	0.00113	0.00099	0.01345	0.01096	0.00220	0.00272	0.05537	0.00290	0.25846	0.08037	0.52332	0.02055	0.01511	0.00059	0.00065
24	0.00275	0.00233	0.00261	0.00224	0.00286	0.07256	0.06178	0.09617	0.35608	0.05266	0.01820	0.12910	0.03028	0.00177	0.01156	0.00037	0.01102	0.03150	0.00745	0.10671
25	0.00343	0.00341	0.00277	0.00245	0.00918	0.35278	0.00189	0.15849	0.31436	0.03586	0.02884	0.02310	0.03982	0.00150	0.00912	0.00035	0.00911	0.00110	0.00091	0.00152
26	0.00235	0.00185	0.00207	0.00188	0.00235	0.00197	0.00144	0.06596	0.38422	0.02774	0.03665	0.04841	0.08221	0.13354	0.05933	0.00055	0.00801	0.06184	0.00098	0.07666
27	0.00265	0.00218	0.00234	0.00211	0.00268	0.00246	0.00163	0.05272	0.72490	0.02519	0.02437	0.06622	0.04594	0.02715	0.00127	0.00039	0.00086	0.00677	0.00110	0.00707
28	0.02756	0.00204	0.00231	0.00200	0.00261	0.00213	0.00160	0.19915	0.25044	0.17575	0.02149	0.09781	0.08519	0.00638	0.00119	0.00037	0.00091	0.07899	0.01180	0.03028
29	0.00197	0.00173	0.00241	0.00758	0.00242	0.03148	0.04248	0.01032	0.01811	0.00275	0.00275	0.05195	0.00874	0.04010	0.49204	0.00114	0.25555	0.00123	0.02416	0.00108
30	0.01502	0.00283	0.00307	0.00241	0.00325	0.01433	0.00198	0.67694	0.11965	0.12854	0.00312	0.00312	0.00223	0.00137	0.00111	0.00034	0.00114	0.01658	0.00113	0.00183
31	0.01151	0.00127	0.00153	0.00162	0.00180	0.00129	0.00115	0.01163	0.12732	0.01462	0.00533	0.38686	0.04939	0.24008	0.00241	0.00059	0.00084	0.13881	0.00095	0.00100
32	0.03493	0.00121	0.00147	0.00158	0.00181	0.00118	0.00114	0.01184	0.06987	0.03906	0.02026	0.55277	0.14328	0.02231	0.00146	0.01274	0.00071	0.08034	0.00102	0.00102
33	0.00141	0.00115	0.00126	0.00130	0.00162	0.00101	0.00096	0.00179	0.03788	0.00305	0.02753	0.23049	0.63384	0.00286	0.00132	0.00039	0.00061	0.03135	0.00103	0.01916
34	0.01292	0.00194	0.00249	0.00198	0.00277	0.00181	0.00162	0.04455	0.12169	0.72345	0.00464	0.00425	0.04847	0.00148	0.00113	0.00035	0.00093	0.02045	0.00130	0.00179
35	0.00222	0.00160	0.00186	0.00180	0.00217	0.00168	0.00134	0.02992	0.32306	0.07980	0.03754	0.35992	0.07704	0.04121	0.00144	0.00043	0.00078	0.02987	0.00504	0.00129
36	0.00162	0.00120	0.00150	0.00155	0.00179	0.00113	0.01952	0.02074	0.03791	0.02556	0.04695	0.41360	0.25617	0.08339	0.00171	0.00047	0.00073	0.08243	0.00101	0.00099
37	0.01819	0.00292	0.00315	0.00246	0.00330	0.00321	0.00202	0.81388	0.05291	0.02836	0.00287	0.01203	0.00213	0.00139	0.00111	0.00034	0.00117	0.02596	0.00109	0.02152
38	0.00141	0.00102	0.00134	0.00157	0.00166	0.00097	0.00108	0.00170	0.02370	0.00293	0.02914	0.83954	0.01565	0.00983	0.00143	0.00045	0.00067	0.05586	0.00913	0.00093
39	0.00263	0.00256	0.00424	0.00343	0.04996	0.02862	0.40443	0.08468	0.16345	0.01349	0.01019	0.10337	0.02088	0.00153	0.01181	0.00039	0.04688	0.01301	0.00078	0.03367
40	0.00182	0.00105	0.00146	0.00147	0.00154	0.00106	0.00100	0.01273	0.03006	0.00234	0.03088	0.12076	0.06453	0.04374	0.04031	0.64159	0.00096	0.00139	0.00064	0.00066
41	0.00145	0.00104	0.00133	0.00152	0.00161	0.00101	0.00102	0.00664	0.03244	0.00282	0.00573	0.74455	0.02417	0.13916	0.00200	0.00053	0.00072	0.03036	0.00098	0.00090
42	0.00288	0.00292	0.04917	0.00351	0.25608	0.18779	0.00720	0.03742	0.16689	0.04727	0.04782	0.06689	0.01288	0.00192	0.06874	0.00045	0.03100	0.00119	0.00077	0.00721

[dist]
# distance from previous block
# <min> <max>
0	7

[block]
# block no. 1 follows, 296 sequences, length 39
# corresponding to MSA columns:
# 50-88
name=unknown_B
#
# <colnr> <probs for GDERKNQSTAVLIFYWHMCP>
#	G	D	E	R	K	N	Q	S	T	A	V	L	I	F	Y	W	H	M	C	P
0	0.00276	0.02116	0.00337	0.00407	0.40699	0.06928	0.00954	0.08393	0.10868	0.01607	0.01029	0.04006	0.03853	0.02118	0.00729	0.00035	0.02660	0.01013	0.02418	0.09554
1	0.05164	0.00875	0.00249	0.00993	0.02853	0.22599	0.02248	0.08558	0.08241	0.06012	0.01801	0.02320	0.02889	0.19948	0.05152	0.00056	0.05525	0.00116	0.01147	0.03255
2	0.00273	0.00203	0.00230	0.00205	0.00254	0.02287	0.01398	0.33643	0.10095	0.04056	0.01355	0.39638	0.02015	0.00231	0.00603	0.00039	0.00094	0.01943	0.00105	0.01332
3	0.04020	0.00372	0.00287	0.00252	0.00316	0.41689	0.00195	0.16145	0.33390	0.00976	0.00285	0.00286	0.00219	0.00135	0.00920	0.00034	0.00143	0.00095	0.00086	0.00154
4	0.00647	0.01091	0.01216	0.00263	0.00871	0.03885	0.22123	0.04575	0.17428	0.01337	0.00701	0.09142	0.03107	0.00743	0.04265	0.00041	0.05909	0.02364	0.02268	0.18025
5	0.00196	0.00125	0.00171	0.00167	0.00179	0.01311	0.00121	0.03007	0.01829	0.02315	0.01036	0.09807	0.01687	0.02922	0.23697	0.45901	0.04891	0.00128	0.00430	0.00080
6	0.00212	0.00161	0.00189	0.00190	0.00224	0.00172	0.00144	0.01615	0.35890	0.03562	0.01053	0.33505	0.00527	0.05855	0.00155	0.00046	0.00083	0.16184	0.00105	0.00127
7	0.44027	0.01797	0.00224	0.00191	0.00973	0.06813	0.00153	0.19964	0.04499	0.06120	0.00250	0.01081	0.00205	0.03431	0.02755	0.00041	0.00109	0.05253	0.01975	0.00138
8	0.00181	0.00146	0.00159	0.00153	0.00190	0.01706	0.00115	0.09076	0.08707	0.00369	0.15225	0.19339	0.40784	0.00257	0.00129	0.00038	0.00070	0.03139	0.00106	0.00111
9	0.00297	0.92915	0.00574	0.00195	0.00289	0.02414	0.01459	0.00333	0.00227	0.00261	0.00155	0.00179	0.00142	0.00095	0.00072	0.00024	0.00121	0.00060	0.00048	0.00142
10	0.01883	0.00281	0.01981	0.01855	0.01535	0.04577	0.52237	0.04773	0.05687	0.00780	0.00238	0.00715	0.00191	0.00807	0.00996	0.00036	0.05705	0.02432	0.00064	0.13226
11	0.00158	0.00132	0.00140	0.00137	0.00175	0.00124	0.00104	0.02122	0.12906	0.00332	0.05225	0.08172	0.65171	0.00280	0.03222	0.00042	0.00070	0.01277	0.00103	0.00106
12	0.00413	0.00306	0.00328	0.00253	0.00340	0.00339	0.00208	0.90678	0.04914	0.00685	0.00274	0.00272	0.00195	0.00133	0.00111	0.00033	0.00120	0.00101	0.00111	0.00187
13	0.00416	0.00247	0.00284	0.00224	0.00306	0.00258	0.00183	0.40669	0.17680	0.36040	0.00379	0.00349	0.02160	0.00140	0.00111	0.00034	0.00104	0.00111	0.00120	0.00184
14	0.00231	0.00197	0.00229	0.00165	0.00262	0.00150	0.00132	0.01676	0.00233	0.00364	0.00201	0.01172	0.00169	0.00085	0.00083	0.00017	0.00082	0.00068	0.00066	0.94417
15	0.00135	0.00096	0.00128	0.00153	0.00159	0.00090	0.00101	0.00154	0.00210	0.00280	0.00600	0.92841	0.00719	0.03567	0.00155	0.00047	0.00066	0.00309	0.00101	0.00089
16	0.00150	0.00105	0.00136	0.00156	0.00169	0.00098	0.00110	0.00177	0.01146	0.02832	0.01607	0.71027	0.09707	0.02578	0.00150	0.00046	0.00069	0.09540	0.00103	0.00094
17	0.00194	0.00137	0.00162	0.00152	0.00190	0.00131	0.00117	0.02282	0.11353	0.07342	0.40719	0.03474	0.27584	0.00231	0.00128	0.00037	0.00065	0.05471	0.00114	0.00117
18	0.00137	0.00098	0.00131	0.00156	0.00164	0.00092	0.00106	0.00158	0.00214	0.00284	0.00607	0.91222	0.00725	0.00344	0.00142	0.00045	0.00066	0.05117	0.00102	0.00090
19	0.00404	0.00299	0.00320	0.00249	0.00334	0.00331	0.00204	0.84843	0.08207	0.01530	0.00285	0.00901	0.00205	0.00135	0.00110	0.00033	0.00117	0.00103	0.01203	0.00185
20	0.00231	0.00128	0.00142	0.00133	0.00166	0.00132	0.00102	0.05550	0.04292	0.06474	0.00358	0.00427	0.00288	0.04624	0.11290	0.00049	0.00091	0.01121	0.64288	0.00114
21	0.00192	0.00096	0.00144	0.00144	0.00144	0.00096	0.00096	0.00144	0.00144	0.00192	0.00192	0.00336	0.00192	0.00384	0.00432	0.96787	0.00096	0.00096	0.00048	0.00048
22	0.00138	0.00100	0.00131	0.00154	0.00163	0.00094	0.00104	0.00163	0.01712	0.00285	0.00617	0.86888	0.03876	0.02263	0.00149	0.00046	0.00066	0.02858	0.00102	0.00091
23	0.00154	0.00115	0.00144	0.00163	0.00176	0.00114	0.00112	0.00891	0.11361	0.00305	0.00583	0.82035	0.00674	0.01819	0.00144	0.00045	0.00068	0.00894	0.00103	0.00100
24	0.00229	0.00196	0.00229	0.00164	0.00262	0.00147	0.00131	0.00278	0.00229	0.00360	0.00196	0.00229	0.00164	0.00082	0.00082	0.00016	0.00082	0.00065	0.00065	0.96795
25	0.00140	0.00100	0.00133	0.00158	0.00168	0.00094	0.00111	0.00163	0.00218	0.00288	0.00625	0.80956	0.04387	0.00338	0.00142	0.00045	0.00068	0.11670	0.00102	0.00091
26	0.00195	0.00140	0.00187	0.00206	0.00236	0.00144	0.00177	0.00273	0.10490	0.02237	0.00567	0.01138	0.00596	0.00285	0.00147	0.00049	0.00100	0.82618	0.00104	0.00111
27	0.00176	0.00126	0.00141	0.00138	0.00174	0.00114	0.00105	0.01755	0.04130	0.07702	0.07017	0.09500	0.56316	0.05143	0.00152	0.00042	0.00068	0.06993	0.00105	0.00105
28	0.00152	0.00112	0.00147	0.00168	0.00187	0.00107	0.00130	0.00188	0.01237	0.00305	0.00672	0.43845	0.14581	0.00318	0.00144	0.00046	0.00078	0.37384	0.00102	0.00096
29	0.00489	0.00188	0.00255	0.00196	0.00280	0.00163	0.00162	0.01463	0.00318	0.92919	0.02087	0.00383	0.00286	0.00138	0.00111	0.00034	0.00093	0.00112	0.00136	0.00186
30	0.03638	0.00314	0.00324	0.00251	0.00338	0.04161	0.00207	0.87351	0.01259	0.00670	0.00259	0.00261	0.00185	0.00131	0.00109	0.00033	0.00123	0.00097	0.00107	0.00183
31	0.00260	0.00294	0.00633	0.00464	0.03132	0.00279	0.88950	0.00350	0.00258	0.00351	0.00224	0.00304	0.00171	0.00098	0.00136	0.00038	0.02879	0.00976	0.00056	0.00148
32	0.02455	0.00426	0.00927	0.00283	0.01421	0.62226	0.02892	0.06453	0.00290	0.00304	0.00183	0.00231	0.00156	0.01192	0.05185	0.00041	0.15064	0.00082	0.00059	0.00130
33	0.00270	0.00244	0.00317	0.01500	0.00295	0.02435	0.00224	0.11365	0.03858	0.03966	0.00224	0.03809	0.02156	0.00188	0.00290	0.00045	0.67759	0.00860	0.00065	0.00132
34	0.00153	0.00107	0.00142	0.00164	0.00178	0.00102	0.00119	0.00184	0.02138	0.02263	0.00607	0.72727	0.02469	0.00329	0.00142	0.00045	0.00072	0.17860	0.00103	0.00096
35	0.00286	0.00675	0.10485	0.02989	0.09488	0.03523	0.29496	0.10071	0.08834	0.07850	0.00308	0.02095	0.03789	0.00135	0.00484	0.00037	0.04357	0.03553	0.00076	0.01470
36	0.00276	0.00269	0.00395	0.01459	0.10083	0.06683	0.23170	0.07853	0.11232	0.02095	0.00252	0.03387	0.00214	0.00161	0.02281	0.00042	0.25594	0.02233	0.00069	0.02253
37	0.00238	0.02755	0.80659	0.00304	0.00452	0.03672	0.01630	0.01313	0.04190	0.01853	0.00218	0.01845	0.00161	0.00111	0.00105	0.00035	0.00157	0.00088	0.00053	0.00161
38	0.00234	0.00202	0.00237	0.00173	0.00269	0.00160	0.01426	0.01035	0.07478	0.00370	0.00216	0.00244	0.00177	0.00088	0.00085	0.00018	0.00084	0.00071	0.00069	0.87362

[dist]
# distance from previous block
# <min> <max>
0	1

[block]
# block no. 2 follows, 296 sequences, length 79
# corresponding to MSA columns:
# 90-168
name=unknown_C
#
# <colnr> <probs for GDERKNQSTAVLIFYWHMCP>
#	G	D	E	R	K	N	Q	S	T	A	V	L	I	F	Y	W	H	M	C	P
0	0.01660	0.00239	0.01478	0.02364	0.00315	0.07112	0.12521	0.10882	0.19161	0.04382	0.03873	0.01703	0.13204	0.00162	0.00121	0.00035	0.02386	0.06866	0.00090	0.11446
1	0.00221	0.00218	0.00361	0.78945	0.00707	0.03316	0.10098	0.00296	0.01076	0.00290	0.00204	0.01354	0.00157	0.00113	0.00118	0.00037	0.02208	0.00103	0.00051	0.00126
2	0.00268	0.00265	0.00462	0.01667	0.72796	0.01537	0.15140	0.00343	0.02732	0.00359	0.00808	0.00298	0.01742	0.00109	0.00968	0.00035	0.00139	0.00107	0.00058	0.00167
3	0.00217	0.00211	0.00370	0.78212	0.03771	0.00252	0.11032	0.00291	0.00224	0.00292	0.00199	0.00293	0.00151	0.00115	0.00732	0.00038	0.03319	0.00102	0.00050	0.00127
4	0.00205	0.00161	0.00180	0.00174	0.00216	0.00167	0.00135	0.00892	0.34423	0.03820	0.04526	0.12817	0.28060	0.01706	0.00134	0.00041	0.00076	0.12032	0.00107	0.00127
5	0.00160	0.00107	0.00121	0.00122	0.00123	0.00107	0.00069	0.00161	0.00162	0.00217	0.00356	0.03838	0.00411	0.91779	0.01753	0.00106	0.00108	0.00165	0.00068	0.00068
6	0.00162	0.00118	0.00136	0.00141	0.00171	0.00108	0.00103	0.00205	0.05739	0.05474	0.01917	0.34258	0.46521	0.01067	0.00136	0.00041	0.00065	0.03431	0.00105	0.00102
7	0.01496	0.00187	0.00214	0.00193	0.00245	0.00196	0.00152	0.10512	0.31481	0.14715	0.07119	0.10128	0.08852	0.04229	0.00140	0.00041	0.00087	0.09756	0.00111	0.00145
8	0.00274	0.00217	0.00233	0.00208	0.00268	0.00244	0.00163	0.03508	0.72322	0.05941	0.01567	0.01213	0.07963	0.00162	0.00113	0.00037	0.00084	0.01339	0.03980	0.00164
9	0.00160	0.00116	0.00143	0.00156	0.00177	0.00111	0.00113	0.00525	0.07487	0.02215	0.04793	0.56445	0.15083	0.00300	0.00135	0.00042	0.00068	0.08664	0.03167	0.00101
10	0.00242	0.00155	0.00178	0.00160	0.00210	0.00148	0.00125	0.03556	0.16179	0.19403	0.08554	0.05507	0.40021	0.01234	0.00129	0.00038	0.00073	0.03846	0.00112	0.00130
11	0.00211	0.00151	0.00181	0.00180	0.00214	0.00155	0.00137	0.02767	0.23950	0.07117	0.07459	0.32136	0.07016	0.03103	0.00144	0.00043	0.00079	0.14726	0.00108	0.00123
12	0.00190	0.00117	0.00149	0.00154	0.00180	0.00108	0.00110	0.00227	0.03176	0.13376	0.12251	0.54197	0.14765	0.00287	0.00133	0.00041	0.00066	0.00254	0.00110	0.00108
13	0.00260	0.00296	0.00643	0.00460	0.00569	0.00281	0.92318	0.00351	0.00258	0.00351	0.00221	0.00296	0.00167	0.00096	0.00137	0.00038	0.02925	0.00129	0.00056	0.00148
14	0.00234	0.00179	0.00206	0.00174	0.00238	0.00164	0.00134	0.03033	0.20242	0.06499	0.02192	0.17166	0.08314	0.01454	0.00113	0.00031	0.00079	0.00708	0.01179	0.37663
15	0.01194	0.00157	0.00180	0.00162	0.00193	0.00161	0.00114	0.12753	0.09380	0.12512	0.01795	0.10150	0.00391	0.48884	0.00343	0.00072	0.00100	0.00829	0.00091	0.00538
16	0.00137	0.00108	0.00124	0.00135	0.00158	0.00097	0.00095	0.00169	0.02910	0.00297	0.01852	0.45957	0.46953	0.00307	0.00135	0.00041	0.00061	0.00268	0.00103	0.00094
17	0.00170	0.00128	0.00148	0.00151	0.00181	0.00121	0.00111	0.06654	0.04977	0.02292	0.03774	0.38120	0.36519	0.01065	0.00137	0.00041	0.00069	0.05133	0.00105	0.00105
18	0.01139	0.00107	0.00140	0.00163	0.00176	0.00102	0.00118	0.00574	0.01278	0.00299	0.01403	0.70154	0.04812	0.00328	0.00141	0.00045	0.00072	0.18753	0.00102	0.00094
19	0.00410	0.00205	0.00253	0.00205	0.00281	0.00202	0.00166	0.03342	0.31148	0.58576	0.03686	0.00400	0.00318	0.00144	0.00112	0.00035	0.00091	0.00118	0.00127	0.00181
20	0.00160	0.00107	0.00121	0.00122	0.00122	0.00106	0.00068	0.00160	0.00163	0.00217	0.00358	0.04538	0.00415	0.92286	0.00545	0.00105	0.00105	0.00167	0.00068	0.00068
21	0.00373	0.00271	0.00297	0.00240	0.00317	0.00298	0.00198	0.67884	0.11504	0.04059	0.00334	0.01609	0.00266	0.00157	0.00115	0.00036	0.00113	0.10653	0.01102	0.00175
22	0.00425	0.00213	0.00261	0.00209	0.00288	0.00210	0.00170	0.11952	0.23226	0.58897	0.02665	0.00382	0.00297	0.00141	0.00112	0.00035	0.00095	0.00115	0.00127	0.00183
23	0.00300	0.00241	0.00262	0.00226	0.00290	0.01343	0.00748	0.28923	0.47952	0.00802	0.00399	0.06971	0.00650	0.00194	0.04254	0.00043	0.00107	0.04800	0.00107	0.01388
24	0.00281	0.18020	0.53988	0.00282	0.00407	0.19458	0.00318	0.03375	0.02304	0.00331	0.00192	0.00221	0.00146	0.00107	0.00098	0.00032	0.00159	0.00077	0.00052	0.00153
25	0.00137	0.00098	0.00130	0.00154	0.00161	0.00092	0.00104	0.00157	0.00213	0.00283	0.01640	0.86980	0.02276	0.03449	0.00155	0.00047	0.00067	0.03667	0.00102	0.00090
26	0.00203	0.00156	0.00186	0.00189	0.00229	0.00162	0.00155	0.00925	0.26420	0.02621	0.02091	0.02452	0.19779	0.00251	0.00135	0.00044	0.00087	0.43686	0.00106	0.00123
27	0.00151	0.00109	0.00144	0.00167	0.00180	0.00106	0.00121	0.01255	0.03175	0.00302	0.00595	0.73435	0.00693	0.00329	0.00142	0.00046	0.00073	0.18780	0.00103	0.00096
28	0.00162	0.00109	0.00128	0.00131	0.00134	0.00109	0.00081	0.00169	0.00173	0.00229	0.00380	0.01906	0.00434	0.83084	0.00506	0.00099	0.00106	0.11914	0.00072	0.00071
29	0.00158	0.00117	0.00170	0.00170	0.00187	0.00134	0.00129	0.00192	0.00175	0.00251	0.00303	0.00472	0.00293	0.13500	0.83033	0.00168	0.00271	0.00124	0.00060	0.00094
30	0.00140	0.00117	0.00121	0.00119	0.00157	0.00101	0.00090	0.00180	0.03741	0.00948	0.06588	0.02767	0.83597	0.00272	0.00130	0.00037	0.00057	0.00637	0.00104	0.00097
31	0.00338	0.00193	0.00240	0.00211	0.00272	0.00194	0.00176	0.21990	0.05497	0.30910	0.00457	0.04784	0.00404	0.00575	0.00129	0.00041	0.00101	0.33221	0.00115	0.00152
32	0.00200	0.00135	0.00149	0.00148	0.00151	0.00131	0.00085	0.00191	0.00187	0.00253	0.00385	0.00772	0.00436	0.95626	0.00576	0.00114	0.00121	0.00173	0.00080	0.00087
33	0.01164	0.00568	0.94617	0.00313	0.00475	0.00256	0.00405	0.00349	0.00233	0.00351	0.00198	0.00233	0.00140	0.00105	0.00105	0.00035	0.00162	0.00081	0.00047	0.00163
34	0.00459	0.00198	0.00257	0.00202	0.00284	0.00184	0.00166	0.03626	0.13785	0.78000	0.00433	0.00386	0.00283	0.00140	0.00112	0.00035	0.00094	0.01039	0.00132	0.00185
35	0.00273	0.00236	0.00249	0.00224	0.00286	0.00273	0.00174	0.00583	0.94197	0.00462	0.01483	0.00416	0.00345	0.00151	0.00113	0.00037	0.00087	0.00126	0.00112	0.00174
36	0.00135	0.00097	0.00129	0.00154	0.00161	0.00091	0.00104	0.00155	0.00213	0.00283	0.00614	0.92943	0.01793	0.00344	0.00141	0.00045	0.00065	0.02340	0.00102	0.00090
37	0.00134	0.00113	0.00117	0.00117	0.00153	0.00096	0.00087	0.00167	0.01664	0.00307	0.05556	0.06815	0.83737	0.00279	0.00131	0.00038	0.00057	0.00235	0.00104	0.00095
38	0.00229	0.00196	0.00229	0.00164	0.00262	0.00147	0.00131	0.00278	0.00229	0.00360	0.00196	0.00229	0.00164	0.00082	0.00082	0.00016	0.00082	0.00065	0.00065	0.96795
39	0.00275	0.00237	0.00250	0.00225	0.00287	0.00275	0.00175	0.00587	0.95231	0.00462	0.00449	0.00412	0.00337	0.00150	0.00112	0.00037	0.00087	0.00125	0.00112	0.00175
40	0.00141	0.00102	0.00135	0.00159	0.00168	0.00097	0.00110	0.00169	0.02255	0.00290	0.01203	0.85583	0.00713	0.00338	0.00143	0.00741	0.00068	0.07391	0.00102	0.00092
41	0.00143	0.00114	0.00125	0.00125	0.00160	0.00099	0.00096	0.00178	0.00775	0.01391	0.16961	0.03234	0.68940	0.00272	0.00132	0.00038	0.00059	0.06954	0.00106	0.00097
42	0.00137	0.00105	0.00127	0.00142	0.00160	0.00095	0.00100	0.00166	0.01682	0.00298	0.05180	0.59034	0.29775	0.00316	0.00137	0.00042	0.00062	0.02245	0.00104	0.00093
43	0.00131	0.00112	0.00112	0.00112	0.00149	0.00093	0.00084	0.00159	0.00253	0.00301	0.02569	0.01059	0.93934	0.00279	0.00130	0.00037	0.00056	0.00233	0.00103	0.00093
44	0.00289	0.00239	0.00254	0.00225	0.00289	0.00274	0.00176	0.04840	0.87716	0.03727	0.00441	0.00404	0.00328	0.00149	0.00112	0.00037	0.00089	0.00123	0.00113	0.00176
45	0.00209	0.00196	0.00331	0.95854	0.00760	0.00245	0.00307	0.00282	0.00221	0.00282	0.00196	0.00294	0.00147	0.00110	0.00110	0.00037	0.00147	0.00098	0.00049	0.00123
46	0.00192	0.00096	0.00144	0.00144	0.00144	0.00096	0.00096	0.00144	0.00144	0.00192	0.00192	0.00336	0.00192	0.00384	0.00432	0.96787	0.00096	0.00096	0.00048	0.00048
47	0.96900	0.00214	0.00162	0.00145	0.00214	0.00248	0.00120	0.00325	0.00188	0.00495	0.00154	0.00179	0.00120	0.00102	0.00068	0.00034	0.00085	0.00060	0.00068	0.00120
48	0.01396	0.00405	0.00340	0.00283	0.00352	0.49530	0.08217	0.22578	0.02687	0.07567	0.00222	0.00244	0.00170	0.00123	0.00120	0.00032	0.05421	0.00088	0.00076	0.00149
49	0.00260	0.00302	0.02062	0.00463	0.00576	0.00279	0.93624	0.00354	0.00260	0.00354	0.00223	0.00297	0.00167	0.00093	0.00130	0.00037	0.00186	0.00130	0.00056	0.00149
50	0.00285	0.00193	0.00245	0.00202	0.02563	0.00168	0.02488	0.01888	0.08626	0.20282	0.01740	0.03009	0.00282	0.00135	0.00105	0.00028	0.00947	0.10261	0.00090	0.46462
51	0.00229	0.03302	0.88452	0.00317	0.01922	0.00260	0.01748	0.00352	0.00235	0.01905	0.00201	0.00235	0.00143	0.00105	0.00104	0.00035	0.00161	0.00082	0.00048	0.00163
52	0.00209	0.00196	0.00331	0.95854	0.00760	0.00245	0.00307	0.00282	0.00221	0.00282	0.00196	0.00294	0.00147	0.00110	0.00110	0.00037	0.00147	0.00098	0.00049	0.00123
53	0.00135	0.00096	0.00129	0.00154	0.00161	0.00090	0.00103	0.00155	0.00212	0.00282	0.00608	0.94816	0.00729	0.00345	0.00141	0.00045	0.00065	0.01539	0.00102	0.00090
54	0.03850	0.00349	0.01755	0.00254	0.01398	0.28902	0.00200	0.34030	0.22478	0.02400	0.00294	0.00298	0.01874	0.00138	0.00846	0.00034	0.00136	0.00511	0.00092	0.00161
55	0.00495	0.00188	0.00256	0.00196	0.00282	0.00162	0.00162	0.00538	0.00316	0.95507	0.00436	0.00376	0.00273	0.00137	0.00111	0.00034	0.00094	0.00111	0.00137	0.00188
56	0.96900	0.00214	0.00162	0.00145	0.00214	0.00248	0.00120	0.00325	0.00188	0.00495	0.00154	0.00179	0.00120	0.00102	0.00068	0.00034	0.00085	0.00060	0.00068	0.00120
57	0.00206	0.00173	0.00182	0.00171	0.00218	0.00787	0.00133	0.06061	0.35002	0.00386	0.02264	0.03911	0.43437	0.00225	0.00124	0.00038	0.00076	0.06371	0.00107	0.00130
58	0.00158	0.00118	0.00177	0.00177	0.00197	0.00138	0.00138	0.00197	0.00177	0.00256	0.00296	0.00434	0.00276	0.00828	0.95682	0.00177	0.00296	0.00118	0.00059	0.00099
59	0.00149	0.00102	0.00124	0.00135	0.00138	0.00099	0.00082	0.00158	0.00183	0.00244	0.00462	0.42414	0.00545	0.54232	0.00378	0.00080	0.00088	0.00228	0.00082	0.00077
60	0.00141	0.00102	0.00135	0.00159	0.00171	0.00096	0.00114	0.00166	0.00221	0.00291	0.00638	0.74220	0.06849	0.00335	0.00142	0.00045	0.00070	0.15909	0.00102	0.00092
61	0.00157	0.00107	0.00123	0.00128	0.00130	0.00105	0.00076	0.00162	0.00173	0.00229	0.00411	0.12583	0.03077	0.77891	0.00482	0.00095	0.00100	0.03825	0.00074	0.00072
62	0.00158	0.00118	0.00177	0.00177	0.00197	0.00138	0.00138	0.00197	0.00177	0.00256	0.00296	0.00434	0.00276	0.00828	0.95682	0.00177	0.00296	0.00118	0.00059	0.00099
63	0.00275	0.00237	0.00250	0.00225	0.00287	0.00275	0.00175	0.00587	0.95231	0.00462	0.00449	0.00412	0.00337	0.00150	0.00112	0.00037	0.00087	0.00125	0.00112	0.00175
64	0.00135	0.00098	0.00128	0.00151	0.00161	0.00091	0.00102	0.00156	0.00216	0.00285	0.00659	0.84607	0.10100	0.00338	0.00140	0.00044	0.00064	0.02333	0.00102	0.00090
65	0.00267	0.00162	0.00188	0.00167	0.00221	0.00156	0.00131	0.01559	0.21130	0.26199	0.03618	0.05765	0.37175	0.00213	0.00122	0.00037	0.00075	0.02562	0.00115	0.00138
66	0.17587	0.00282	0.00290	0.00230	0.00312	0.00315	0.00189	0.65079	0.12627	0.01603	0.00271	0.00270	0.00196	0.00129	0.00103	0.00034	0.00110	0.00096	0.00103	0.00174
67	0.00417	0.00307	0.00329	0.00252	0.00340	0.00340	0.00208	0.93939	0.00515	0.00690	0.00266	0.00271	0.00190	0.01269	0.00116	0.00034	0.00121	0.00100	0.00110	0.00186
68	0.00144	0.00104	0.00138	0.00163	0.00175	0.00098	0.00118	0.00171	0.00223	0.00293	0.00626	0.70814	0.04972	0.00334	0.00143	0.00046	0.00072	0.21172	0.00102	0.00092
69	0.00229	0.00196	0.00229	0.00164	0.00262	0.00147	0.00131	0.00278	0.00229	0.00360	0.00196	0.00229	0.00164	0.00082	0.00082	0.00016	0.00082	0.00065	0.00065	0.96795
70	0.00135	0.00097	0.00129	0.00155	0.00161	0.00090	0.00104	0.00155	0.00212	0.00283	0.00608	0.94594	0.00729	0.00345	0.00141	0.00045	0.00065	0.01761	0.00102	0.00090
71	0.00137	0.00098	0.00131	0.00156	0.00164	0.00092	0.00106	0.00157	0.00214	0.00284	0.00607	0.91387	0.00726	0.00344	0.00142	0.00045	0.00066	0.04954	0.00102	0.00090
72	0.00148	0.00117	0.00132	0.00132	0.00166	0.00104	0.00102	0.00191	0.02725	0.00796	0.26236	0.03182	0.55811	0.00265	0.00132	0.00038	0.00061	0.09453	0.00108	0.00099
73	0.03196	0.00202	0.00251	0.00201	0.00279	0.00195	0.00164	0.06456	0.18638	0.64071	0.02655	0.00395	0.01675	0.00143	0.00111	0.00035	0.00093	0.00580	0.00481	0.00179
74	0.00136	0.00110	0.00122	0.00129	0.00157	0.00097	0.00094	0.00168	0.02168	0.00301	0.03199	0.29853	0.60517	0.00296	0.00134	0.00040	0.00060	0.02221	0.00103	0.00094
75	0.00139	0.00100	0.00131	0.00154	0.00163	0.00094	0.00105	0.00574	0.01145	0.00289	0.02136	0.87204	0.03376	0.01272	0.00144	0.00045	0.00065	0.02668	0.00103	0.00091
76	0.00220	0.00180	0.00230	0.00208	0.00229	0.01479	0.00730	0.07840	0.06429	0.01866	0.01724	0.02707	0.02971	0.16844	0.21973	0.03397	0.26366	0.04170	0.00327	0.00112
77	0.00149	0.00112	0.00137	0.00154	0.00169	0.01119	0.00108	0.00183	0.03633	0.00920	0.04709	0.64677	0.11730	0.04702	0.01218	0.00048	0.00072	0.05965	0.00101	0.00095
78	0.00279	0.02710	0.00971	0.00287	0.00323	0.24324	0.11125	0.00798	0.00696	0.01245	0.00190	0.00268	0.00170	0.00256	0.15054	0.00061	0.40969	0.00097	0.00055	0.00124

[dist]
# distance from previous block
# <min> <max>
2	4

[block]
# block no. 3 follows, 296 sequences, length 7
# corresponding to MSA columns:
# 173-179
name=unknown_D
#
# <colnr> <probs for GDERKNQSTAVLIFYWHMCP>
#	G	D	E	R	K	N	Q	S	T	A	V	L	I	F	Y	W	H	M	C	P
0	0.00299	0.00262	0.00271	0.00238	0.00291	0.08986	0.00187	0.12482	0.50354	0.03898	0.00365	0.06863	0.00296	0.00164	0.00150	0.00038	0.14474	0.00125	0.00098	0.00159
1	0.00213	0.00165	0.00198	0.00186	0.00227	0.00167	0.00142	0.07750	0.15912	0.02496	0.03375	0.37006	0.02939	0.00234	0.00136	0.00038	0.04991	0.08322	0.00097	0.15407
2	0.00289	0.00248	0.00269	0.00233	0.00283	0.07865	0.01983	0.25853	0.23317	0.00434	0.00332	0.09207	0.00291	0.02991	0.10125	0.00054	0.12317	0.02217	0.01547	0.00146
3	0.00162	0.00123	0.00152	0.00161	0.00184	0.00119	0.00118	0.00212	0.08046	0.00303	0.00587	0.41443	0.12336	0.09708	0.05073	0.00055	0.00088	0.14764	0.00095	0.06270
4	0.00207	0.01270	0.04036	0.00184	0.00235	0.01287	0.03662	0.01421	0.07019	0.03172	0.01672	0.16852	0.06013	0.13852	0.02463	0.00048	0.02653	0.08547	0.01812	0.23593
5	0.00186	0.00135	0.00170	0.00175	0.00203	0.00137	0.00136	0.02765	0.09177	0.02909	0.02741	0.18526	0.09382	0.10618	0.11098	0.00066	0.00111	0.29326	0.00095	0.02046
6	0.00174	0.00135	0.00178	0.00191	0.02736	0.01992	0.02623	0.01826	0.01664	0.01688	0.02349	0.41979	0.08378	0.04514	0.05057	0.00053	0.01782	0.21235	0.00095	0.01349

[dist]
# distance from previous block
# <min> <max>
6	16

[block]
# block no. 4 follows, 296 sequences, length 59
# corresponding to MSA columns:
# 198-256
name=unknown_E
#
# <colnr> <probs for GDERKNQSTAVLIFYWHMCP>
#	G	D	E	R	K	N	Q	S	T	A	V	L	I	F	Y	W	H	M	C	P
0	0.20728	0.06413	0.03600	0.00234	0.00298	0.27858	0.01028	0.11999	0.08544	0.01560	0.00218	0.00252	0.00842	0.00856	0.02609	0.00038	0.10004	0.00644	0.00071	0.02205
1	0.00199	0.00169	0.03334	0.00186	0.00806	0.01799	0.00141	0.04911	0.19960	0.01571	0.02231	0.43855	0.04928	0.05109	0.01021	0.00045	0.01017	0.05747	0.00099	0.02871
2	0.00181	0.00121	0.00156	0.00167	0.00190	0.00117	0.00126	0.00637	0.05224	0.06889	0.06079	0.42925	0.07647	0.03126	0.03494	0.00050	0.00084	0.21095	0.01587	0.00105
3	0.00267	0.00178	0.00210	0.00191	0.00232	0.00186	0.00145	0.31861	0.02148	0.07065	0.00815	0.37983	0.01644	0.01542	0.00156	0.07943	0.00090	0.04537	0.02681	0.00128
4	0.15153	0.00635	0.00653	0.00192	0.00238	0.06458	0.00148	0.30027	0.03384	0.00774	0.00221	0.01267	0.00186	0.00232	0.00235	0.39391	0.00524	0.00093	0.00074	0.00114
5	0.00693	0.00113	0.00142	0.00158	0.00173	0.00110	0.00110	0.02021	0.05294	0.00961	0.02447	0.67794	0.04352	0.08142	0.01347	0.00051	0.00075	0.05821	0.00100	0.00096
6	0.07578	0.00196	0.00252	0.00196	0.00279	0.00178	0.00161	0.04377	0.02020	0.82947	0.00408	0.00358	0.00260	0.00134	0.00108	0.00034	0.00094	0.00107	0.00130	0.00183
7	0.00773	0.00105	0.00126	0.00141	0.00156	0.00102	0.00098	0.01273	0.01856	0.00899	0.00525	0.60849	0.01402	0.00931	0.00123	0.00039	0.00062	0.00873	0.29571	0.00097
8	0.00145	0.00104	0.00137	0.00160	0.00170	0.00099	0.00112	0.00937	0.01762	0.00292	0.00598	0.79858	0.01478	0.02868	0.00153	0.00047	0.00070	0.10816	0.00102	0.00093
9	0.01656	0.00154	0.00186	0.00189	0.00224	0.00161	0.00148	0.00328	0.27733	0.06089	0.02907	0.29006	0.03500	0.00256	0.00132	0.00043	0.00083	0.26974	0.00107	0.00125
10	0.00489	0.00191	0.00257	0.00198	0.00283	0.00168	0.00163	0.01990	0.02492	0.91876	0.00433	0.00375	0.00273	0.00137	0.00111	0.00034	0.00094	0.00111	0.00136	0.00188
11	0.00161	0.00107	0.00120	0.00120	0.00120	0.00107	0.00067	0.00161	0.00161	0.00214	0.00348	0.00723	0.00401	0.96120	0.00562	0.00107	0.00107	0.00161	0.00067	0.00067
12	0.00166	0.00119	0.00164	0.00189	0.00209	0.00117	0.00156	0.00208	0.00241	0.00315	0.00585	0.25627	0.00654	0.02524	0.00159	0.00051	0.00092	0.68225	0.00101	0.00098
13	0.00193	0.00123	0.00158	0.00144	0.00179	0.00113	0.00110	0.00247	0.02163	0.10699	0.74672	0.00790	0.09543	0.00220	0.00128	0.00035	0.00058	0.00192	0.00121	0.00114
14	0.00273	0.00262	0.00448	0.00678	0.95431	0.00262	0.00339	0.00339	0.00251	0.00361	0.00208	0.00273	0.00175	0.00098	0.00109	0.00033	0.00131	0.00098	0.00055	0.00175
15	0.00346	0.00160	0.00216	0.00194	0.00251	0.00146	0.00162	0.01685	0.00980	0.50694	0.00521	0.06081	0.04132	0.00214	0.00130	0.00508	0.00094	0.33217	0.00120	0.00148
16	0.00229	0.00196	0.00229	0.00164	0.00262	0.00147	0.00131	0.00278	0.00229	0.00360	0.00196	0.00229	0.00164	0.00082	0.00082	0.00016	0.00082	0.00065	0.00065	0.96795
17	0.00137	0.00100	0.00129	0.00151	0.00163	0.00092	0.00104	0.00159	0.00220	0.00290	0.02633	0.78049	0.11783	0.00334	0.00140	0.00044	0.00065	0.05213	0.00103	0.00091
18	0.00158	0.00118	0.00177	0.00177	0.00197	0.00138	0.00138	0.00197	0.00177	0.00256	0.00296	0.00434	0.00276	0.00828	0.95682	0.00177	0.00296	0.00118	0.00059	0.00099
19	0.94536	0.00216	0.00166	0.00148	0.00217	0.00250	0.00122	0.02645	0.00196	0.00500	0.00156	0.00181	0.00121	0.00103	0.00069	0.00034	0.00086	0.00061	0.00069	0.00121
20	0.00137	0.00098	0.00129	0.00152	0.00159	0.00092	0.00102	0.00158	0.00215	0.00288	0.05864	0.85215	0.00731	0.04727	0.00160	0.00047	0.00066	0.01467	0.00102	0.00090
21	0.00242	0.00242	0.00338	0.00290	0.00290	0.00338	0.00242	0.00266	0.00169	0.00266	0.00145	0.00242	0.00145	0.00193	0.00362	0.00048	0.95917	0.00097	0.00048	0.00121
22	0.00135	0.00096	0.00128	0.00154	0.00160	0.00090	0.00102	0.00154	0.00211	0.00282	0.00609	0.96048	0.00730	0.00346	0.00141	0.00045	0.00064	0.00314	0.00102	0.00090
23	0.00192	0.00097	0.00146	0.01471	0.00152	0.00098	0.00099	0.00146	0.00145	0.00193	0.00192	0.00335	0.00191	0.00380	0.00427	0.95446	0.00097	0.00096	0.00048	0.00049
24	0.00135	0.00096	0.00128	0.00154	0.00160	0.00090	0.00102	0.00154	0.00211	0.00282	0.00609	0.96048	0.00730	0.00346	0.00141	0.00045	0.00064	0.00314	0.00102	0.00090
25	0.00229	0.00196	0.00229	0.00164	0.00262	0.00147	0.00131	0.00278	0.00229	0.00360	0.00196	0.00229	0.00164	0.00082	0.00082	0.00016	0.00082	0.00065	0.00065	0.96795
26	0.00273	0.00262	0.00448	0.00678	0.95431	0.00262	0.00339	0.00339	0.00251	0.00361	0.00208	0.00273	0.00175	0.00098	0.00109	0.00033	0.00131	0.00098	0.00055	0.00175
27	0.03869	0.00189	0.00253	0.00195	0.00279	0.00165	0.00161	0.00531	0.00312	0.92182	0.00426	0.00369	0.00268	0.00135	0.00110	0.00034	0.00094	0.00109	0.00134	0.00186
28	0.00242	0.00244	0.00349	0.00296	0.00300	0.00336	0.03559	0.00269	0.00172	0.00269	0.00148	0.00244	0.00146	0.00190	0.00354	0.00048	0.92567	0.00098	0.00049	0.00122
29	0.00156	0.00113	0.00148	0.00139	0.00165	0.00104	0.00104	0.00208	0.00313	0.00443	0.95373	0.00825	0.01042	0.00226	0.00130	0.00035	0.00052	0.00200	0.00122	0.00104
30	0.00221	0.00571	0.95547	0.00315	0.00478	0.00256	0.00408	0.00350	0.00233	0.00350	0.00198	0.00233	0.00140	0.00105	0.00105	0.00035	0.00163	0.00082	0.00047	0.00163
31	0.00495	0.00188	0.00256	0.00196	0.00282	0.00162	0.00162	0.00538	0.00316	0.95507	0.00436	0.00376	0.00273	0.00137	0.00111	0.00034	0.00094	0.00111	0.00137	0.00188
32	0.00229	0.00196	0.00229	0.00164	0.00262	0.00147	0.00131	0.00278	0.00229	0.00360	0.00196	0.00229	0.00164	0.00082	0.00082	0.00016	0.00082	0.00065	0.00065	0.96795
33	0.00131	0.00112	0.00113	0.00112	0.00149	0.00093	0.00084	0.00159	0.00253	0.00301	0.02967	0.01058	0.93536	0.00279	0.00130	0.00037	0.00056	0.00232	0.00103	0.00093
34	0.00495	0.00188	0.00256	0.00196	0.00282	0.00162	0.00162	0.00538	0.00316	0.95507	0.00436	0.00376	0.00273	0.00137	0.00111	0.00034	0.00094	0.00111	0.00137	0.00188
35	0.96900	0.00214	0.00162	0.00145	0.00214	0.00248	0.00120	0.00325	0.00188	0.00495	0.00154	0.00179	0.00120	0.00102	0.00068	0.00034	0.00085	0.00060	0.00068	0.00120
36	0.00420	0.00309	0.00331	0.00254	0.00342	0.00342	0.00210	0.95063	0.00519	0.00696	0.00265	0.00265	0.00188	0.00133	0.00110	0.00033	0.00122	0.00099	0.00110	0.00188
37	0.00178	0.00127	0.00178	0.00203	0.00229	0.00127	0.00178	0.00229	0.00254	0.00330	0.00585	0.01245	0.00635	0.00305	0.00153	0.00051	0.00102	0.94688	0.00102	0.00102
38	0.00141	0.00104	0.00132	0.00143	0.00160	0.00095	0.00100	0.00172	0.00249	0.00336	0.31075	0.52547	0.13742	0.00298	0.00136	0.00041	0.00059	0.00266	0.00109	0.00095
39	0.00135	0.00096	0.00128	0.00154	0.00160	0.00090	0.00102	0.00154	0.00211	0.00282	0.00609	0.96048	0.00730	0.00346	0.00141	0.00045	0.00064	0.00314	0.00102	0.00090
40	0.00495	0.00188	0.00256	0.00196	0.00282	0.00162	0.00162	0.00538	0.00316	0.95507	0.00436	0.00376	0.00273	0.00137	0.00111	0.00034	0.00094	0.00111	0.00137	0.00188
41	0.02820	0.00189	0.00254	0.00195	0.00280	0.00164	0.00161	0.00533	0.00313	0.93216	0.00429	0.00371	0.00270	0.00136	0.00110	0.00034	0.00094	0.00110	0.00135	0.00186
42	0.00136	0.00104	0.00125	0.00138	0.00157	0.00093	0.00096	0.00163	0.00238	0.00308	0.13642	0.50794	0.31798	0.01497	0.00141	0.00042	0.00060	0.00270	0.00105	0.00093
43	0.00135	0.00096	0.00128	0.00154	0.00160	0.00090	0.00103	0.00154	0.00211	0.00281	0.00605	0.94091	0.00725	0.01535	0.00146	0.00046	0.00065	0.01081	0.00102	0.00089
44	0.00135	0.00096	0.00128	0.00154	0.00160	0.00090	0.00102	0.00154	0.00211	0.00282	0.00609	0.96048	0.00730	0.00346	0.00141	0.00045	0.00064	0.00314	0.00102	0.00090
45	0.00273	0.00262	0.00448	0.00678	0.95431	0.00262	0.00339	0.00339	0.00251	0.00361	0.00208	0.00273	0.00175	0.00098	0.00109	0.00033	0.00131	0.00098	0.00055	0.00175
46	0.00136	0.00097	0.00130	0.00156	0.00163	0.00091	0.00106	0.00157	0.00213	0.00284	0.00608	0.92236	0.00726	0.00344	0.00141	0.00045	0.00066	0.04109	0.00102	0.00090
47	0.96900	0.00214	0.00162	0.00145	0.00214	0.00248	0.00120	0.00325	0.00188	0.00495	0.00154	0.00179	0.00120	0.00102	0.00068	0.00034	0.00085	0.00060	0.00068	0.00120
48	0.95191	0.00215	0.00165	0.00147	0.00216	0.00249	0.00121	0.02003	0.00194	0.00499	0.00156	0.00181	0.00121	0.00103	0.00069	0.00034	0.00086	0.00060	0.00069	0.00121
49	0.00158	0.00118	0.00177	0.00177	0.00197	0.00138	0.00138	0.00197	0.00177	0.00256	0.00296	0.00434	0.00276	0.00828	0.95682	0.00177	0.00296	0.00118	0.00059	0.00099
50	0.96900	0.00214	0.00162	0.00145	0.00214	0.00248	0.00120	0.00325	0.00188	0.00495	0.00154	0.00179	0.00120	0.00102	0.00068	0.00034	0.00085	0.00060	0.00068	0.00120
51	0.00137	0.00113	0.00119	0.00121	0.00157	0.00096	0.00092	0.00167	0.00251	0.01099	0.01792	0.05321	0.82816	0.00283	0.00132	0.00039	0.00060	0.07007	0.00103	0.00095
52	0.00163	0.00120	0.00152	0.00167	0.00196	0.00113	0.00139	0.00203	0.00251	0.01777	0.00776	0.07575	0.34648	0.00296	0.00143	0.00045	0.00083	0.52951	0.00103	0.00099
53	0.00206	0.00193	0.00324	0.92505	0.00739	0.00240	0.00299	0.00278	0.00220	0.00282	0.00211	0.03646	0.00168	0.00119	0.00111	0.00037	0.00144	0.00106	0.00051	0.00122
54	0.00156	0.00122	0.00141	0.00142	0.00174	0.00113	0.00109	0.00211	0.06629	0.01043	0.21051	0.07729	0.45470	0.02523	0.00143	0.00041	0.00066	0.13928	0.00107	0.00102
55	0.00261	0.00217	0.00235	0.00214	0.00271	0.00245	0.00169	0.08599	0.66571	0.00450	0.01329	0.04653	0.06312	0.00181	0.00119	0.00039	0.00088	0.09778	0.00110	0.00159
56	0.00199	0.00182	0.03561	0.00203	0.00255	0.03204	0.10570	0.01786	0.05805	0.02616	0.01556	0.27367	0.16643	0.00554	0.01142	0.00039	0.00096	0.10284	0.01218	0.12719
57	0.00171	0.00123	0.00149	0.00160	0.00182	0.00825	0.00115	0.00225	0.09639	0.04436	0.03952	0.52136	0.15744	0.03418	0.00149	0.00045	0.00072	0.08251	0.00104	0.00104
58	0.03558	0.00133	0.00161	0.00169	0.00195	0.00135	0.00127	0.00254	0.15325	0.00835	0.14375	0.34675	0.06653	0.04082	0.00150	0.00045	0.00076	0.18840	0.00104	0.00109

[dist]
# distance from previous block
# <min> <max>
7	10

[block]
# block no. 5 follows, 296 sequences, length 157
# corresponding to MSA columns:
# 267-423
name=unknown_F
#
# <colnr> <probs for GDERKNQSTAVLIFYWHMCP>
#	G	D	E	R	K	N	Q	S	T	A	V	L	I	F	Y	W	H	M	C	P
0	0.00225	0.00192	0.00224	0.00163	0.00256	0.00145	0.00130	0.00771	0.00231	0.00358	0.00232	0.02899	0.02294	0.00096	0.00085	0.00018	0.00081	0.01055	0.00068	0.90478
1	0.00158	0.00109	0.00126	0.00127	0.00133	0.00106	0.00076	0.00164	0.00175	0.00233	0.00412	0.14378	0.04326	0.74408	0.00464	0.00092	0.00098	0.00605	0.00074	0.03738
2	0.00145	0.00112	0.00135	0.00148	0.00172	0.00103	0.00111	0.00525	0.02506	0.00303	0.00803	0.37735	0.38476	0.00306	0.00138	0.00043	0.00069	0.17971	0.00103	0.00096
3	0.01172	0.00186	0.01229	0.00185	0.00240	0.00192	0.00146	0.00643	0.42916	0.14157	0.16694	0.00605	0.16006	0.00186	0.00118	0.00037	0.00078	0.03091	0.01973	0.00147
4	0.00138	0.00099	0.00130	0.00153	0.00163	0.00092	0.00105	0.00160	0.00219	0.00290	0.04385	0.82513	0.04780	0.01526	0.00146	0.00045	0.00066	0.04797	0.00103	0.00091
5	0.00480	0.00213	0.00272	0.00209	0.00295	0.00200	0.00172	0.20368	0.00359	0.75618	0.00400	0.00353	0.00255	0.00136	0.00111	0.00034	0.00100	0.00109	0.00131	0.00188
6	0.00137	0.00099	0.00131	0.00156	0.00163	0.00093	0.00105	0.00162	0.01888	0.00286	0.00606	0.93326	0.00722	0.00342	0.00141	0.00045	0.00065	0.01340	0.00103	0.00091
7	0.00192	0.00096	0.00144	0.00144	0.00144	0.00096	0.00096	0.00144	0.00144	0.00192	0.00192	0.00336	0.00192	0.00384	0.00432	0.96787	0.00096	0.00096	0.00048	0.00048
8	0.96900	0.00214	0.00162	0.00145	0.00214	0.00248	0.00120	0.00325	0.00188	0.00495	0.00154	0.00179	0.00120	0.00102	0.00068	0.00034	0.00085	0.00060	0.00068	0.00120
