[name]
ND4L

[dist]
# distance from previous block
# <min> <max>
0	1

[block]
# block no. 0 follows, 307 sequences, length 56
# corresponding to MSA columns:
# 1-56
name=unknown_A
#
# <colnr> <probs for GDERKNQSTAVLIFYWHMCP>
#	G	D	E	R	K	N	Q	S	T	A	V	L	I	F	Y	W	H	M	C	P
0	0.00175	0.00126	0.00173	0.00196	0.00222	0.00126	0.00171	0.00964	0.01898	0.00324	0.00565	0.02145	0.01475	0.00291	0.00146	0.00049	0.00097	0.90661	0.00099	0.00100
1	0.00300	0.00300	0.17613	0.00234	0.00321	0.00262	0.00214	0.27691	0.36801	0.04870	0.00322	0.02370	0.00242	0.00130	0.00105	0.00033	0.00107	0.00105	0.00094	0.07888
2	0.00201	0.00160	0.00193	0.00171	0.00220	0.01017	0.01172	0.03065	0.10388	0.02768	0.01069	0.31265	0.03598	0.03406	0.03536	0.00039	0.03124	0.02723	0.00084	0.31800
3	0.00187	0.00145	0.00176	0.00175	0.00207	0.00151	0.01181	0.01968	0.22834	0.02827	0.03238	0.32264	0.14172	0.00552	0.04737	0.00047	0.02239	0.12001	0.00099	0.00804
4	0.00969	0.01743	0.00365	0.00790	0.14670	0.03475	0.14930	0.02522	0.01136	0.00992	0.00220	0.06458	0.01560	0.02087	0.02845	0.00045	0.44893	0.00115	0.00057	0.00128
5	0.01209	0.00124	0.02057	0.00148	0.00166	0.00118	0.00104	0.00205	0.10615	0.00280	0.00526	0.43463	0.09214	0.27151	0.00874	0.00059	0.00080	0.02428	0.00088	0.01091
6	0.00296	0.00208	0.00230	0.00198	0.00256	0.01340	0.00157	0.29775	0.22901	0.11203	0.01814	0.09184	0.09071	0.03613	0.00129	0.00038	0.00092	0.06621	0.02400	0.00473
7	0.00165	0.00114	0.00140	0.00145	0.00158	0.00114	0.00097	0.02837	0.04026	0.02361	0.00447	0.38808	0.01465	0.37163	0.06764	0.00074	0.00097	0.02563	0.00444	0.02017
8	0.00818	0.00177	0.00199	0.00187	0.00874	0.06447	0.00143	0.11913	0.09688	0.03981	0.01001	0.08548	0.04340	0.08568	0.36800	0.00093	0.01587	0.02772	0.01746	0.00116
9	0.01378	0.00203	0.00225	0.00196	0.00250	0.00219	0.00156	0.35558	0.17088	0.03591	0.02127	0.11058	0.08479	0.04497	0.00135	0.00039	0.00092	0.10617	0.03951	0.00141
10	0.01441	0.00196	0.00242	0.00198	0.00269	0.00193	0.00162	0.11568	0.18318	0.53401	0.01323	0.01977	0.02593	0.00154	0.00111	0.00035	0.00091	0.07439	0.00120	0.00168
11	0.00154	0.00103	0.00117	0.00118	0.00118	0.00103	0.00067	0.00155	0.00157	0.00210	0.00345	0.04095	0.00398	0.91921	0.01441	0.00102	0.00104	0.00160	0.00066	0.00066
12	0.00209	0.00154	0.00177	0.00173	0.00211	0.00159	0.00133	0.03874	0.27790	0.06708	0.02080	0.20904	0.19745	0.03044	0.00137	0.00041	0.00077	0.14158	0.00103	0.00122
13	0.00142	0.00105	0.00127	0.00140	0.00159	0.00097	0.00099	0.00541	0.02937	0.01863	0.01621	0.56315	0.28879	0.02691	0.00142	0.00042	0.00063	0.03845	0.00099	0.00092
14	0.09355	0.00249	0.00261	0.00211	0.00281	0.02273	0.00171	0.53345	0.09017	0.08564	0.00944	0.00342	0.02367	0.03901	0.00120	0.00035	0.00104	0.02745	0.05556	0.00159
15	0.04247	0.00163	0.00184	0.00171	0.00215	0.00167	0.00135	0.17447	0.09961	0.06874	0.01287	0.17561	0.24364	0.00228	0.00490	0.00038	0.00081	0.13434	0.02833	0.00123
16	0.00175	0.00129	0.00157	0.00164	0.00190	0.00131	0.00121	0.01117	0.18760	0.03394	0.06071	0.49742	0.09680	0.00272	0.00129	0.00041	0.00070	0.09445	0.00103	0.00109
17	0.80734	0.00224	0.00182	0.00158	0.00226	0.02537	0.00129	0.11638	0.01202	0.01923	0.00169	0.00189	0.00128	0.00104	0.00073	0.00033	0.00089	0.00064	0.00072	0.00125
18	0.00140	0.00099	0.00130	0.00150	0.00158	0.00095	0.00103	0.00164	0.01543	0.00275	0.02764	0.71677	0.00660	0.12049	0.00186	0.00051	0.00071	0.09505	0.00095	0.00087
19	0.00397	0.00221	0.00262	0.00209	0.00284	0.00224	0.00171	0.34392	0.09752	0.42171	0.01208	0.02665	0.02902	0.00149	0.00110	0.00034	0.00098	0.04463	0.00117	0.00171
20	0.00164	0.00119	0.00141	0.00147	0.00162	0.00120	0.00102	0.01251	0.09801	0.00276	0.00481	0.25480	0.05594	0.39893	0.01501	0.00069	0.00089	0.13185	0.01335	0.00089
21	0.00244	0.00255	0.00391	0.02661	0.00357	0.05481	0.23480	0.01308	0.00199	0.00284	0.00171	0.00255	0.00152	0.00179	0.03932	0.00047	0.59175	0.00101	0.01203	0.00123
22	0.00220	0.00220	0.00362	0.60868	0.00606	0.02999	0.13130	0.00283	0.00211	0.00278	0.00184	0.00273	0.00145	0.00126	0.00955	0.00039	0.18833	0.00098	0.00048	0.00122
23	0.00272	0.00233	0.00290	0.00332	0.26160	0.02537	0.00210	0.02411	0.51894	0.05040	0.02682	0.01444	0.02576	0.00139	0.00113	0.00035	0.01813	0.01564	0.00092	0.00162
24	0.00232	0.00228	0.00318	0.00274	0.00276	0.00317	0.00228	0.01866	0.00170	0.00263	0.00150	0.00244	0.00148	0.00218	0.05433	0.00053	0.89323	0.00095	0.00048	0.00117
25	0.00133	0.00094	0.00124	0.00146	0.00151	0.00089	0.00096	0.00150	0.00199	0.00266	0.00560	0.84389	0.00669	0.11090	0.00182	0.00050	0.00067	0.01365	0.00095	0.00084
26	0.00144	0.00111	0.00133	0.00140	0.00169	0.00101	0.00111	0.00181	0.00252	0.00322	0.18853	0.07385	0.45271	0.00271	0.00133	0.00040	0.00066	0.26122	0.00102	0.00094
27	0.00337	0.00248	0.00273	0.00221	0.00288	0.00269	0.00177	0.69970	0.00424	0.00998	0.01304	0.19084	0.00295	0.00189	0.03077	0.00038	0.00110	0.00138	0.00103	0.02457
28	0.00408	0.00185	0.00236	0.00189	0.00263	0.00173	0.00153	0.01518	0.17476	0.68621	0.04270	0.00417	0.04892	0.00144	0.00109	0.00034	0.00086	0.00119	0.00125	0.00582
29	0.00130	0.00093	0.00124	0.00149	0.00155	0.00087	0.00099	0.00149	0.00204	0.00272	0.00588	0.96180	0.00706	0.00334	0.00136	0.00043	0.00062	0.00303	0.00099	0.00087
30	0.00137	0.00099	0.00131	0.00155	0.00166	0.00093	0.00111	0.00161	0.00213	0.00281	0.00604	0.76286	0.04546	0.00325	0.00138	0.00044	0.00068	0.16256	0.00099	0.00089
31	0.00212	0.00112	0.00113	0.00109	0.00137	0.01513	0.00083	0.02335	0.00232	0.02631	0.00344	0.00391	0.00269	0.00141	0.02495	0.00029	0.00060	0.00099	0.88592	0.00103
32	0.00131	0.00100	0.00121	0.00135	0.00153	0.00090	0.00095	0.00155	0.00225	0.00288	0.05985	0.53792	0.34800	0.00304	0.00132	0.00040	0.00060	0.03205	0.00100	0.00089
33	0.00214	0.00552	0.95697	0.00304	0.00462	0.00248	0.00394	0.00338	0.00225	0.00338	0.00191	0.00225	0.00135	0.00101	0.00101	0.00034	0.00158	0.00079	0.00045	0.00158
34	0.27712	0.00243	0.00250	0.00202	0.00278	0.00267	0.00165	0.39602	0.13696	0.15565	0.00277	0.00270	0.00197	0.00123	0.00095	0.00033	0.00098	0.00090	0.00675	0.00161
35	0.00174	0.00123	0.00170	0.00192	0.00217	0.00123	0.00166	0.00225	0.01335	0.01293	0.03627	0.02866	0.02750	0.00289	0.00145	0.00048	0.00095	0.85964	0.00099	0.00100
36	0.00185	0.00134	0.00178	0.00196	0.00224	0.00136	0.00168	0.01946	0.07843	0.01320	0.02347	0.04934	0.00591	0.00278	0.00142	0.00047	0.00095	0.79030	0.00100	0.00106
37	0.00130	0.00093	0.00124	0.00148	0.00155	0.00087	0.00099	0.00149	0.00205	0.00273	0.00596	0.94564	0.02317	0.00333	0.00136	0.00043	0.00062	0.00302	0.00099	0.00087
38	0.00352	0.00235	0.00262	0.00211	0.00283	0.00249	0.00171	0.48537	0.13681	0.17660	0.01772	0.05151	0.09242	0.00158	0.00111	0.00034	0.00098	0.01518	0.00110	0.00164
39	0.00152	0.00107	0.00143	0.00162	0.00180	0.00101	0.00124	0.00183	0.00227	0.02101	0.04745	0.52419	0.05982	0.00306	0.00138	0.00044	0.00074	0.31598	0.00100	0.01115
40	0.00153	0.00107	0.00136	0.00137	0.00145	0.00113	0.00091	0.00167	0.00164	0.00225	0.00339	0.04662	0.01600	0.56818	0.34563	0.00124	0.00166	0.00148	0.00064	0.00077
41	0.00171	0.00134	0.00154	0.00155	0.00189	0.00133	0.00121	0.01562	0.17541	0.00867	0.11192	0.10932	0.34176	0.02156	0.00136	0.00040	0.00071	0.18990	0.01171	0.00108
42	0.02331	0.00164	0.00205	0.00183	0.00236	0.01239	0.00148	0.06121	0.03788	0.39500	0.01408	0.13135	0.07740	0.01078	0.00125	0.00039	0.00608	0.20363	0.00111	0.01479
43	0.00142	0.00103	0.00134	0.00154	0.00166	0.00099	0.00109	0.00909	0.03397	0.00288	0.01783	0.74838	0.04589	0.02243	0.00144	0.00044	0.00067	0.10600	0.00099	0.00091
44	0.02043	0.00219	0.00244	0.00203	0.00267	0.00235	0.00163	0.32445	0.27387	0.13311	0.13139	0.01626	0.05154	0.00159	0.00111	0.00034	0.00090	0.02492	0.00519	0.00158
45	0.00197	0.00156	0.00184	0.00184	0.00219	0.02863	0.01879	0.01525	0.20643	0.02858	0.04012	0.16376	0.14746	0.01407	0.00136	0.00042	0.01080	0.30124	0.01252	0.00115
46	0.00193	0.00138	0.02394	0.00155	0.00171	0.03822	0.00113	0.02836	0.01522	0.02329	0.00332	0.12086	0.05465	0.16235	0.05115	0.40817	0.02830	0.02115	0.01257	0.00077
47	0.00296	0.00217	0.00243	0.00194	0.00269	0.01541	0.00155	0.20255	0.22280	0.11432	0.01236	0.01922	0.00254	0.04174	0.00118	0.00031	0.00092	0.02920	0.00093	0.32278
48	0.00281	0.00225	0.00272	0.00239	0.00292	0.01895	0.09323	0.15682	0.11853	0.01650	0.08737	0.14317	0.26686	0.02727	0.00163	0.00050	0.01207	0.04129	0.00118	0.00155
49	0.00273	0.01304	0.16535	0.00298	0.01805	0.14741	0.22017	0.04734	0.25432	0.01458	0.00292	0.02958	0.01746	0.00137	0.01354	0.00248	0.03101	0.01347	0.00073	0.00148
50	0.00269	0.00240	0.00242	0.00218	0.00267	0.13757	0.03146	0.15501	0.29928	0.01773	0.01959	0.21377	0.01838	0.00851	0.00123	0.00037	0.01992	0.05331	0.00095	0.01057
51	0.00248	0.00273	0.04077	0.00338	0.00846	0.09141	0.47560	0.03519	0.02972	0.01234	0.00290	0.13688	0.01620	0.00153	0.00714	0.00038	0.09164	0.03521	0.00473	0.00132
52	0.00976	0.00215	0.00239	0.00210	0.00266	0.02870	0.01295	0.11046	0.45961	0.11310	0.02797	0.08212	0.02696	0.00175	0.01161	0.00038	0.02830	0.05506	0.00104	0.02094
53	0.00279	0.00210	0.00239	0.00196	0.00267	0.00209	0.00676	0.23888	0.20221	0.06615	0.01256	0.05399	0.04169	0.00154	0.00756	0.00032	0.00092	0.07914	0.00095	0.27335
54	0.00338	0.00262	0.00278	0.00226	0.00299	0.01652	0.00182	0.54413	0.29792	0.01335	0.00854	0.03385	0.03213	0.00143	0.00108	0.00033	0.00103	0.00114	0.00549	0.02725
55	0.02180	0.00197	0.00262	0.00217	0.00264	0.04182	0.15276	0.12632	0.07442	0.02813	0.01354	0.07484	0.04061	0.25191	0.02174	0.01042	0.02920	0.05118	0.00487	0.04702

[dist]
# distance from previous block
# <min> <max>
0	1

[block]
# block no. 1 follows, 307 sequences, length 39
# corresponding to MSA columns:
# 58-96
name=unknown_B
#
# <colnr> <probs for GDERKNQSTAVLIFYWHMCP>
#	G	D	E	R	K	N	Q	S	T	A	V	L	I	F	Y	W	H	M	C	P
0	0.00172	0.00136	0.00158	0.00150	0.00190	0.00123	0.00112	0.02750	0.07908	0.00326	0.02499	0.35645	0.20495	0.00233	0.00117	0.00034	0.00068	0.04122	0.03460	0.21302
1	0.00213	0.00163	0.00197	0.00192	0.00229	0.03614	0.02819	0.05905	0.14189	0.05425	0.03718	0.23507	0.06063	0.01107	0.00133	0.00042	0.00090	0.30831	0.00099	0.01466
2	0.00230	0.00188	0.00221	0.00160	0.00252	0.00143	0.00128	0.00899	0.00225	0.03947	0.00204	0.01224	0.00169	0.00093	0.01264	0.00019	0.00082	0.00068	0.00066	0.90415
3	0.00146	0.00115	0.00134	0.00140	0.00169	0.00107	0.00108	0.00193	0.05260	0.00314	0.10359	0.14267	0.47824	0.01332	0.00135	0.00040	0.00066	0.19095	0.00101	0.00096
4	0.00151	0.00115	0.00137	0.00148	0.00171	0.00111	0.00108	0.00203	0.09549	0.01156	0.01814	0.43557	0.27506	0.04070	0.00148	0.00043	0.00068	0.10749	0.00099	0.00097
5	0.00151	0.00110	0.00146	0.00167	0.00185	0.00106	0.00131	0.00188	0.00997	0.00305	0.06124	0.39340	0.08333	0.00303	0.00140	0.00045	0.00077	0.42959	0.00100	0.00094
6	0.00130	0.00093	0.00124	0.00149	0.00155	0.00087	0.00099	0.00149	0.00204	0.00272	0.00588	0.96180	0.00706	0.00334	0.00136	0.00043	0.00062	0.00303	0.00099	0.00087
7	0.00335	0.00221	0.00249	0.00211	0.00280	0.00240	0.00168	0.09281	0.59655	0.26499	0.01402	0.00380	0.00303	0.00141	0.00108	0.00035	0.00089	0.00115	0.00115	0.00173
8	0.00145	0.00102	0.00118	0.00123	0.00132	0.00098	0.00077	0.00155	0.00185	0.00240	0.01589	0.21887	0.17291	0.55551	0.00369	0.00077	0.00085	0.01624	0.00079	0.00075
9	0.00411	0.00290	0.00315	0.00241	0.00326	0.00317	0.00199	0.87870	0.00486	0.08053	0.00269	0.00264	0.00188	0.00128	0.00107	0.00032	0.00115	0.00097	0.00109	0.00181
10	0.00424	0.00170	0.00231	0.00181	0.00254	0.00149	0.00148	0.00470	0.01235	0.79525	0.15603	0.00433	0.00383	0.00146	0.00110	0.00033	0.00084	0.00121	0.00130	0.00169
11	0.00199	0.00101	0.00103	0.01855	0.00135	0.00102	0.00079	0.00249	0.00224	0.00396	0.00345	0.00396	0.00271	0.00124	0.00075	0.00025	0.00051	0.00099	0.95070	0.00100
12	0.13485	0.03579	0.76814	0.00276	0.00417	0.00255	0.00344	0.03050	0.00227	0.00364	0.00186	0.00217	0.00134	0.00101	0.00096	0.00033	0.00145	0.00076	0.00050	0.00152
13	0.00463	0.00185	0.00247	0.00192	0.00273	0.00165	0.00158	0.00524	0.07435	0.88520	0.00422	0.00366	0.00269	0.00133	0.00107	0.00033	0.00090	0.00108	0.00130	0.00181
14	0.51715	0.00224	0.00217	0.00177	0.00251	0.00245	0.00146	0.24684	0.00289	0.19794	0.00233	0.00235	0.00164	0.00113	0.00085	0.00033	0.00093	0.00078	0.01078	0.00146
15	0.00228	0.00175	0.00196	0.00181	0.00229	0.00188	0.00141	0.00402	0.48996	0.06370	0.20469	0.02814	0.13122	0.00189	0.00117	0.00036	0.00074	0.05824	0.00110	0.00139
16	0.97004	0.00206	0.00157	0.00140	0.00206	0.00239	0.00116	0.00314	0.00182	0.00479	0.00149	0.00173	0.00116	0.00099	0.00066	0.00033	0.00083	0.00058	0.00066	0.00116
17	0.00130	0.00093	0.00124	0.00149	0.00155	0.00087	0.00099	0.00149	0.00204	0.00272	0.00588	0.96180	0.00706	0.00334	0.00136	0.00043	0.00062	0.00303	0.00099	0.00087
18	0.01464	0.00221	0.00270	0.00208	0.00291	0.00217	0.00172	0.31161	0.02617	0.61675	0.00365	0.00327	0.00237	0.00131	0.00107	0.00033	0.00099	0.00103	0.00123	0.00181
19	0.00142	0.00102	0.00134	0.00155	0.00169	0.00097	0.00112	0.00171	0.01478	0.01055	0.01153	0.68770	0.08006	0.00317	0.00137	0.00044	0.00068	0.17699	0.00099	0.00091
20	0.00136	0.00098	0.00130	0.00149	0.00160	0.00091	0.00104	0.00162	0.00223	0.00300	0.15820	0.73829	0.01741	0.00312	0.00135	0.00042	0.00062	0.06315	0.00102	0.00090
21	0.00148	0.00109	0.00139	0.00132	0.00159	0.00100	0.00100	0.00196	0.00294	0.00408	0.81964	0.00834	0.12670	0.00226	0.00126	0.00034	0.00052	0.02095	0.00115	0.00099
22	0.00455	0.00186	0.00247	0.00192	0.00272	0.00167	0.00158	0.02362	0.07346	0.84972	0.02207	0.00372	0.00281	0.00135	0.00108	0.00033	0.00090	0.00110	0.00130	0.00179
23	0.00337	0.00257	0.00275	0.00223	0.00296	0.00285	0.00180	0.54972	0.30476	0.02299	0.00390	0.00373	0.08854	0.00146	0.00109	0.00034	0.00101	0.00116	0.00107	0.00169
24	0.00307	0.00235	0.00253	0.00216	0.00282	0.00262	0.00172	0.24692	0.57069	0.07300	0.02235	0.00406	0.04284	0.00149	0.00110	0.00035	0.00092	0.01626	0.00109	0.00167
25	0.00202	0.00190	0.00320	0.94299	0.00727	0.00239	0.00295	0.00272	0.00212	0.00272	0.00189	0.00284	0.00142	0.00108	0.00111	0.00036	0.01840	0.00095	0.00047	0.00118
26	0.00264	0.00227	0.00240	0.00217	0.00276	0.00263	0.00169	0.00560	0.93487	0.00444	0.00437	0.00414	0.00331	0.00148	0.00109	0.00036	0.00085	0.02017	0.00108	0.00167
27	0.00233	0.00231	0.00323	0.01931	0.01357	0.00320	0.00232	0.00264	0.02334	0.00262	0.00151	0.00241	0.00147	0.00193	0.01879	0.00048	0.89593	0.00094	0.00048	0.00118
28	0.76207	0.01298	0.00189	0.00161	0.00229	0.05366	0.00132	0.09077	0.01176	0.05096	0.00175	0.00193	0.00132	0.00104	0.00074	0.00033	0.00092	0.00065	0.00073	0.00126
29	0.01017	0.00313	0.00292	0.00240	0.00312	0.17611	0.00192	0.57551	0.12363	0.00537	0.00281	0.04329	0.00223	0.00138	0.00106	0.00032	0.00123	0.02292	0.00096	0.01951
30	0.00299	0.81215	0.00516	0.01480	0.00285	0.05154	0.00185	0.03179	0.03085	0.03526	0.00171	0.00190	0.00148	0.00097	0.00074	0.00024	0.00117	0.00063	0.00053	0.00140
31	0.00237	0.00240	0.00274	0.00990	0.01267	0.14545	0.02055	0.00894	0.00193	0.00258	0.00224	0.06073	0.00234	0.16817	0.01165	0.00054	0.50790	0.03164	0.00419	0.00108
32	0.00136	0.00098	0.00130	0.00153	0.00163	0.00092	0.00107	0.00161	0.01128	0.00280	0.01417	0.84931	0.00691	0.00325	0.00136	0.00043	0.00065	0.08730	0.00099	0.01114
33	0.00273	0.00269	0.00385	0.00431	0.36809	0.08905	0.08631	0.04177	0.01060	0.02561	0.00200	0.01284	0.01102	0.00135	0.00192	0.00037	0.33250	0.00099	0.00056	0.00144
34	0.00382	0.00460	0.00291	0.00264	0.00319	0.80886	0.00200	0.02052	0.07296	0.02849	0.00209	0.01763	0.00175	0.00121	0.00099	0.00029	0.00176	0.02237	0.00064	0.00128
35	0.00137	0.00097	0.00127	0.00148	0.00155	0.00092	0.00100	0.00156	0.00201	0.00267	0.00555	0.72475	0.01823	0.14497	0.00197	0.00053	0.00071	0.08670	0.00094	0.00084
36	0.00396	0.01656	0.00306	0.00271	0.00329	0.86620	0.00205	0.07212	0.01515	0.00293	0.00175	0.00199	0.00143	0.00111	0.00097	0.00028	0.00185	0.00071	0.00059	0.00129
37	0.00139	0.00101	0.00131	0.00151	0.00162	0.00096	0.00104	0.02322	0.01149	0.00286	0.00604	0.84234	0.05612	0.00323	0.00135	0.00043	0.00064	0.04155	0.00099	0.00090
38	0.00130	0.00093	0.00124	0.00149	0.00155	0.00087	0.00099	0.00149	0.00204	0.00272	0.00588	0.96180	0.00706	0.00334	0.00136	0.00043	0.00062	0.00303	0.00099	0.00087

[dist]
# distance from previous block
# <min> <max>
0	2

# created by:
# /share/home/app/bin/augustus-3.3.1/scripts/msa2prfl.pl /dev/shm/tmp/ogap_db/mt-Sauria/msas/ND4L.aln --setname=ND4L
