[name]
ND5

[dist]
# distance from previous block
# <min> <max>
3	10

[block]
# block no. 0 follows, 267 sequences, length 13
# corresponding to MSA columns:
# 10-22
name=unknown_A
#
# <colnr> <probs for GDERKNQSTAVLIFYWHMCP>
#	G	D	E	R	K	N	Q	S	T	A	V	L	I	F	Y	W	H	M	C	P
0	0.00291	0.00216	0.00241	0.00216	0.00268	0.00231	0.00167	0.30387	0.17553	0.02273	0.00521	0.23575	0.06862	0.08288	0.00176	0.00049	0.00102	0.06689	0.01744	0.00152
1	0.00226	0.00177	0.00206	0.00208	0.00245	0.01845	0.00165	0.03025	0.22551	0.01656	0.05428	0.11674	0.09579	0.07726	0.00189	0.00053	0.01704	0.33103	0.00112	0.00131
2	0.00184	0.00133	0.00166	0.00179	0.00201	0.00130	0.00128	0.02670	0.08168	0.02192	0.03055	0.62374	0.06876	0.04201	0.00169	0.00050	0.00079	0.07298	0.00113	0.01635
3	0.00232	0.00156	0.00189	0.00190	0.00223	0.00157	0.00139	0.06362	0.14268	0.09743	0.01934	0.53931	0.07079	0.02313	0.00154	0.00047	0.00083	0.02551	0.00118	0.00131
4	0.00290	0.00222	0.00244	0.00215	0.00281	0.00237	0.00169	0.04375	0.52841	0.08767	0.07465	0.01644	0.14470	0.00193	0.00128	0.00040	0.00090	0.02785	0.00122	0.05422
5	0.00170	0.00119	0.00153	0.00170	0.00186	0.00113	0.00119	0.00201	0.02045	0.02349	0.02412	0.61148	0.05530	0.12160	0.02137	0.00060	0.00086	0.09202	0.00108	0.01531
6	0.00248	0.00166	0.00198	0.00192	0.00233	0.00167	0.00143	0.02352	0.21865	0.12564	0.03669	0.34871	0.09966	0.05573	0.00167	0.00048	0.00086	0.05597	0.00118	0.01779
7	0.00239	0.00188	0.00205	0.00188	0.00239	0.00195	0.00145	0.12911	0.25480	0.01434	0.06217	0.10335	0.34591	0.00251	0.00143	0.01995	0.00084	0.03337	0.01680	0.00141
8	0.00164	0.00123	0.00151	0.00166	0.00187	0.00115	0.00116	0.03760	0.01621	0.00339	0.02153	0.66975	0.19551	0.00346	0.00150	0.00046	0.00072	0.01991	0.00113	0.01858
9	0.00235	0.00170	0.00199	0.00196	0.00234	0.00175	0.00147	0.09604	0.18924	0.05072	0.02624	0.38628	0.10964	0.02582	0.00154	0.00047	0.00087	0.08674	0.01147	0.00135
10	0.00244	0.00191	0.00222	0.00211	0.00256	0.00205	0.01256	0.05498	0.36370	0.02549	0.03568	0.24112	0.09604	0.02583	0.01305	0.02213	0.01450	0.06898	0.00114	0.01151
11	0.00271	0.00218	0.00254	0.00189	0.00288	0.00177	0.00151	0.07454	0.01780	0.03651	0.00292	0.02244	0.03805	0.00117	0.00099	0.00023	0.00093	0.02203	0.00083	0.76607
12	0.00187	0.00146	0.00161	0.00161	0.00199	0.00141	0.00121	0.01202	0.15215	0.01952	0.05482	0.19305	0.44410	0.01924	0.00149	0.00044	0.00073	0.05242	0.03765	0.00120

[dist]
# distance from previous block
# <min> <max>
9	22

[block]
# block no. 1 follows, 267 sequences, length 16
# corresponding to MSA columns:
# 51-66
name=unknown_B
#
# <colnr> <probs for GDERKNQSTAVLIFYWHMCP>
#	G	D	E	R	K	N	Q	S	T	A	V	L	I	F	Y	W	H	M	C	P
0	0.00186	0.00135	0.00168	0.00164	0.00196	0.00129	0.00123	0.00257	0.08025	0.02787	0.53375	0.14621	0.13996	0.00271	0.00144	0.00041	0.00067	0.05067	0.00126	0.00119
1	0.00289	0.00266	0.00455	0.01799	0.69767	0.00263	0.06959	0.00360	0.00280	0.02725	0.02217	0.00449	0.00276	0.00140	0.00128	0.00039	0.00141	0.11680	0.00070	0.01697
2	0.00257	0.00184	0.00216	0.00211	0.01115	0.00192	0.00160	0.02657	0.33321	0.10109	0.02193	0.27721	0.09328	0.00272	0.02316	0.00048	0.00094	0.09340	0.00119	0.00148
3	0.00487	0.00219	0.00282	0.00223	0.00311	0.00203	0.00183	0.11363	0.05340	0.69659	0.00466	0.03711	0.00325	0.00165	0.00125	0.00038	0.00105	0.04084	0.00141	0.02570
4	0.00190	0.00125	0.00141	0.00140	0.00148	0.00126	0.00085	0.02281	0.02713	0.00281	0.00404	0.08080	0.00446	0.72376	0.00503	0.02019	0.00108	0.00180	0.09569	0.00085
5	0.00173	0.00123	0.00159	0.00179	0.01286	0.00119	0.00125	0.00202	0.01701	0.00981	0.00596	0.44344	0.05101	0.20267	0.04154	0.01942	0.00100	0.17449	0.00101	0.00898
6	0.00230	0.00174	0.00192	0.00182	0.00231	0.00176	0.00141	0.02962	0.27006	0.06426	0.04595	0.05859	0.40007	0.02517	0.00150	0.00044	0.00082	0.08770	0.00118	0.00138
7	0.00454	0.00337	0.00357	0.00277	0.00372	0.02150	0.00227	0.84595	0.06497	0.03031	0.00307	0.00304	0.00218	0.00147	0.00122	0.00037	0.00132	0.00111	0.00121	0.00205
8	0.00164	0.00117	0.00152	0.00175	0.00188	0.00112	0.00121	0.00202	0.04572	0.01585	0.01909	0.80927	0.02103	0.01590	0.00160	0.00050	0.00075	0.05580	0.00114	0.00105
9	0.00189	0.00137	0.00158	0.00153	0.00194	0.00122	0.00116	0.00239	0.04219	0.06248	0.16412	0.13431	0.46080	0.02263	0.00152	0.00043	0.00071	0.05007	0.00116	0.04650
10	0.00263	0.00227	0.00278	0.00200	0.00308	0.00180	0.04369	0.03976	0.02591	0.00413	0.00227	0.00262	0.00186	0.00095	0.00094	0.00020	0.00097	0.00078	0.00075	0.86060
11	0.00210	0.00147	0.00187	0.00199	0.00228	0.00148	0.00154	0.01643	0.12704	0.05460	0.00629	0.41586	0.02913	0.02731	0.00164	0.00051	0.00091	0.30517	0.00115	0.00122
12	0.01277	0.00221	0.00233	0.00217	0.00269	0.06606	0.00168	0.06031	0.31694	0.10544	0.02780	0.17779	0.08218	0.03322	0.00150	0.00045	0.00101	0.10076	0.00116	0.00152
13	0.00221	0.00166	0.00192	0.00188	0.00223	0.01641	0.00142	0.09555	0.06547	0.04637	0.01928	0.33086	0.26036	0.01490	0.02056	0.00049	0.04038	0.07570	0.00112	0.00125
14	0.00194	0.00137	0.00166	0.00164	0.00173	0.00144	0.00109	0.03053	0.01195	0.01780	0.01489	0.15283	0.02732	0.58064	0.05133	0.00098	0.06308	0.03602	0.00084	0.00093
15	0.00183	0.00140	0.00176	0.00185	0.02012	0.00132	0.01724	0.01138	0.05109	0.02622	0.05062	0.25248	0.35535	0.00319	0.01652	0.00048	0.00085	0.18403	0.00113	0.00115

[dist]
# distance from previous block
# <min> <max>
3	4

[block]
# block no. 2 follows, 267 sequences, length 11
# corresponding to MSA columns:
# 71-81
name=unknown_C
#
# <colnr> <probs for GDERKNQSTAVLIFYWHMCP>
#	G	D	E	R	K	N	Q	S	T	A	V	L	I	F	Y	W	H	M	C	P
0	0.00265	0.07372	0.66213	0.00316	0.00466	0.02529	0.03565	0.02359	0.03805	0.02523	0.04273	0.00323	0.01643	0.00129	0.00116	0.00037	0.00162	0.01512	0.00064	0.02329
1	0.00334	0.00267	0.00292	0.00248	0.00311	0.06432	0.02939	0.29374	0.19351	0.04830	0.04264	0.06689	0.02575	0.05023	0.00169	0.00044	0.05948	0.06346	0.02809	0.01756
2	0.00223	0.00179	0.00209	0.00197	0.00241	0.00187	0.01916	0.06915	0.23721	0.01697	0.03471	0.19331	0.28994	0.01472	0.01457	0.00047	0.02726	0.06768	0.00113	0.00136
3	0.00242	0.00191	0.00214	0.00200	0.00249	0.00203	0.00154	0.09066	0.33236	0.01836	0.12077	0.15913	0.18295	0.00258	0.01945	0.00045	0.00090	0.05520	0.00120	0.00147
4	0.00320	0.00253	0.00279	0.00251	0.03064	0.01797	0.00192	0.29377	0.30509	0.01401	0.00442	0.06360	0.05028	0.04877	0.02731	0.00048	0.04610	0.03688	0.04605	0.00168
5	0.00304	0.05235	0.06209	0.01221	0.00315	0.18779	0.01166	0.12942	0.07238	0.01157	0.01025	0.09234	0.05051	0.04328	0.08190	0.00056	0.13785	0.01077	0.02542	0.00144
6	0.00218	0.00140	0.00185	0.00185	0.01605	0.00142	0.00131	0.03842	0.05593	0.02761	0.03159	0.15893	0.03699	0.10439	0.03564	0.36801	0.01645	0.07184	0.00084	0.02728
7	0.00281	0.00383	0.28974	0.00302	0.01983	0.06714	0.08105	0.04444	0.15613	0.01500	0.01869	0.00348	0.02990	0.00173	0.04173	0.00044	0.09176	0.00112	0.02244	0.10572
8	0.00192	0.00112	0.00157	0.00162	0.00171	0.00108	0.00111	0.00173	0.00193	0.00260	0.01987	0.24229	0.04504	0.00402	0.02971	0.57479	0.00099	0.02338	0.01463	0.02890
9	0.00238	0.00968	0.01613	0.00349	0.26452	0.03847	0.01649	0.04861	0.05814	0.00375	0.03292	0.21214	0.12967	0.06994	0.01422	0.00049	0.00850	0.06813	0.00092	0.00140
10	0.03519	0.00237	0.00249	0.00219	0.00263	0.10887	0.04177	0.10580	0.10732	0.02830	0.00374	0.07043	0.02137	0.28944	0.05038	0.00070	0.04491	0.02229	0.01396	0.04585

[dist]
# distance from previous block
# <min> <max>
0	1

[block]
# block no. 3 follows, 267 sequences, length 121
# corresponding to MSA columns:
# 83-203
name=unknown_D
#
# <colnr> <probs for GDERKNQSTAVLIFYWHMCP>
#	G	D	E	R	K	N	Q	S	T	A	V	L	I	F	Y	W	H	M	C	P
0	0.05975	0.02288	0.04354	0.00257	0.00329	0.04719	0.07912	0.12119	0.17751	0.03821	0.00429	0.01637	0.01870	0.01723	0.00139	0.00043	0.00124	0.27012	0.00101	0.07398
1	0.01668	0.00667	0.01253	0.00279	0.00343	0.54430	0.00214	0.04194	0.25137	0.00383	0.02313	0.04706	0.00274	0.00154	0.00118	0.00036	0.00614	0.01625	0.00086	0.01507
2	0.00187	0.00149	0.04493	0.00158	0.00173	0.00136	0.00110	0.00219	0.04876	0.00281	0.01046	0.09167	0.00466	0.66332	0.02725	0.00099	0.00468	0.05116	0.03709	0.00091
3	0.00770	0.03318	0.00418	0.00501	0.44838	0.27189	0.02365	0.04706	0.07054	0.00387	0.00243	0.00294	0.00444	0.01363	0.01338	0.00037	0.00162	0.00101	0.00069	0.04405
4	0.00149	0.00123	0.00131	0.00134	0.00170	0.00107	0.00099	0.00185	0.01661	0.00337	0.06233	0.11967	0.74565	0.01451	0.00598	0.00044	0.00066	0.01761	0.00113	0.00104
5	0.00302	0.01455	0.01556	0.02487	0.07931	0.18171	0.06553	0.03233	0.01181	0.00381	0.00220	0.00266	0.00182	0.00128	0.02793	0.00031	0.02164	0.00086	0.00069	0.50811
6	0.00158	0.00121	0.00141	0.00149	0.00178	0.00108	0.00109	0.00192	0.00796	0.01314	0.12177	0.28898	0.46273	0.02168	0.00158	0.00046	0.00069	0.06727	0.00115	0.00105
7	0.01409	0.01672	0.00356	0.00278	0.00369	0.12091	0.00226	0.71922	0.06413	0.03606	0.00295	0.00295	0.00212	0.00144	0.00119	0.00036	0.00141	0.00107	0.00114	0.00196
8	0.00164	0.00115	0.00141	0.00156	0.00162	0.00111	0.00100	0.00183	0.01803	0.00285	0.00560	0.50535	0.02679	0.39790	0.00346	0.00078	0.00091	0.02516	0.00097	0.00090
9	0.00263	0.00241	0.00370	0.00517	0.56152	0.00244	0.00280	0.00365	0.13866	0.00400	0.03385	0.05228	0.12577	0.00178	0.01035	0.00041	0.00121	0.04485	0.00083	0.00169
10	0.00175	0.00132	0.00174	0.00188	0.00209	0.00131	0.01019	0.00210	0.00250	0.00325	0.00921	0.28162	0.15541	0.10291	0.01430	0.00665	0.03850	0.36118	0.00105	0.00104
11	0.00325	0.95801	0.00637	0.00208	0.00312	0.00481	0.00208	0.00364	0.00247	0.00286	0.00169	0.00195	0.00156	0.00104	0.00078	0.00026	0.00130	0.00065	0.00052	0.00156
12	0.01260	0.00243	0.00683	0.01209	0.01027	0.00769	0.37251	0.04714	0.15843	0.00393	0.01026	0.06575	0.02852	0.15342	0.01588	0.00057	0.00368	0.07582	0.01073	0.00144
13	0.00175	0.00133	0.00201	0.00198	0.00221	0.00151	0.01737	0.00218	0.00199	0.00285	0.00340	0.04837	0.00327	0.03081	0.86087	0.00182	0.00305	0.00141	0.00068	0.01113
14	0.00451	0.00331	0.00356	0.00275	0.00370	0.00365	0.00226	0.84923	0.06855	0.02995	0.00309	0.00305	0.00220	0.00147	0.00121	0.00037	0.00130	0.00111	0.00122	0.01353
15	0.00214	0.00147	0.00186	0.00195	0.00227	0.00146	0.00152	0.00928	0.12693	0.07293	0.04152	0.36699	0.08397	0.00310	0.00151	0.00048	0.00088	0.27733	0.00118	0.00124
16	0.00217	0.00169	0.00198	0.00201	0.00236	0.00179	0.00154	0.01542	0.29330	0.00391	0.05237	0.17097	0.06448	0.12939	0.00209	0.00056	0.00095	0.25058	0.00112	0.00130
17	0.00177	0.00118	0.00133	0.00133	0.00133	0.00118	0.00074	0.00177	0.00177	0.00236	0.00383	0.00796	0.00442	0.95727	0.00619	0.00118	0.00118	0.00177	0.00074	0.00074
18	0.00181	0.00135	0.00156	0.00160	0.00181	0.00133	0.00111	0.00844	0.09621	0.00327	0.07214	0.19353	0.17922	0.34216	0.00875	0.00072	0.00093	0.08203	0.00101	0.00103
19	0.00263	0.00223	0.00258	0.00186	0.00293	0.00175	0.00149	0.05046	0.01859	0.00417	0.00225	0.00257	0.00185	0.00094	0.00092	0.00019	0.00092	0.00075	0.00075	0.90014
20	0.00163	0.00138	0.00143	0.00140	0.00183	0.00125	0.00106	0.00230	0.10134	0.00362	0.09626	0.01074	0.75442	0.00288	0.00142	0.00041	0.00065	0.01369	0.00116	0.00113
21	0.00522	0.00210	0.00280	0.00218	0.00308	0.00187	0.00179	0.05596	0.01177	0.85160	0.00478	0.04461	0.00318	0.00160	0.00124	0.00038	0.00104	0.00131	0.00147	0.00202
22	0.00148	0.00106	0.00141	0.00168	0.00176	0.00099	0.00112	0.00169	0.00233	0.00310	0.00678	0.92797	0.02669	0.01360	0.00160	0.00050	0.00071	0.00342	0.00112	0.00099
23	0.00177	0.00119	0.00141	0.00142	0.00145	0.00121	0.00085	0.00183	0.00182	0.00657	0.00390	0.05086	0.00442	0.79895	0.11639	0.00123	0.00140	0.00179	0.00075	0.00079
24	0.00165	0.00124	0.00153	0.00146	0.00177	0.00112	0.00109	0.00216	0.00328	0.00450	0.72625	0.00970	0.23451	0.00263	0.00143	0.00039	0.00058	0.00229	0.00129	0.00112
25	0.00328	0.00267	0.00285	0.00248	0.00320	0.00304	0.00195	0.15957	0.73355	0.02557	0.04480	0.00446	0.00376	0.00165	0.00124	0.00040	0.00101	0.00136	0.00124	0.00192
26	0.00211	0.00106	0.00158	0.00158	0.00158	0.00106	0.00106	0.00158	0.00158	0.00211	0.00211	0.00370	0.00211	0.00422	0.00475	0.96463	0.00106	0.00106	0.00053	0.00053
27	0.00461	0.00326	0.00350	0.00271	0.00365	0.01774	0.00223	0.80072	0.03558	0.09297	0.00316	0.00310	0.00222	0.00147	0.00121	0.00037	0.00130	0.00111	0.01709	0.00204
28	0.00144	0.00123	0.00123	0.00123	0.00164	0.00103	0.00092	0.00174	0.00277	0.00328	0.01232	0.01170	0.94920	0.00308	0.00144	0.00041	0.00062	0.00257	0.00113	0.00103
29	0.00167	0.00121	0.00159	0.00181	0.00197	0.00117	0.00131	0.01804	0.02916	0.00341	0.04988	0.69719	0.02000	0.00356	0.00155	0.00049	0.00079	0.16298	0.00114	0.00106
30	0.00269	0.04891	0.43575	0.00422	0.00570	0.00304	0.47062	0.00386	0.00271	0.00382	0.00229	0.00289	0.00169	0.00109	0.00129	0.00039	0.00560	0.00115	0.00056	0.00171
31	0.00177	0.00118	0.00135	0.00135	0.00136	0.00119	0.00077	0.00178	0.00178	0.00238	0.00381	0.00783	0.00437	0.91996	0.04343	0.00121	0.00126	0.00175	0.00073	0.00075
32	0.00475	0.00256	0.00305	0.00241	0.00331	0.00260	0.00197	0.28333	0.18095	0.49522	0.00427	0.00385	0.00286	0.00152	0.00122	0.00038	0.00111	0.00121	0.00137	0.00204
33	0.00310	0.00284	0.03469	0.04014	0.01680	0.06982	0.04443	0.11306	0.43522	0.02929	0.04786	0.02220	0.03629	0.00185	0.01253	0.00043	0.03617	0.05052	0.00107	0.00171
34	0.00229	0.00132	0.00201	0.00193	0.02204	0.00133	0.04137	0.05376	0.00191	0.00255	0.00225	0.01929	0.00219	0.00388	0.00793	0.83044	0.00112	0.00112	0.00058	0.00070
35	0.00174	0.00130	0.00195	0.00195	0.00217	0.00152	0.00152	0.00217	0.00195	0.00282	0.00326	0.00478	0.00304	0.00912	0.95246	0.00195	0.00326	0.00130	0.00065	0.00109
36	0.00196	0.00140	0.00196	0.00224	0.00252	0.00140	0.00196	0.00252	0.00280	0.00364	0.00644	0.01371	0.00700	0.00336	0.00168	0.00056	0.00112	0.94151	0.00112	0.00112
37	0.00453	0.04564	0.02456	0.00283	0.09076	0.03199	0.00216	0.16046	0.02442	0.50801	0.00407	0.00421	0.01401	0.00162	0.01009	0.00039	0.01791	0.04920	0.00122	0.00192
38	0.00410	0.01754	0.02668	0.00297	0.04736	0.01256	0.01867	0.61007	0.15465	0.03753	0.00323	0.00334	0.00238	0.00148	0.00127	0.00037	0.02007	0.01465	0.00113	0.01995
39	0.00306	0.66439	0.27272	0.00250	0.00374	0.02931	0.00277	0.00373	0.00252	0.00314	0.00183	0.00213	0.00155	0.00108	0.00089	0.00030	0.00146	0.00072	0.00052	0.00162
40	0.00246	0.00209	0.00245	0.00180	0.00281	0.00158	0.00142	0.00298	0.00251	0.00390	0.00244	0.04879	0.00218	0.00995	0.00099	0.00021	0.00090	0.00990	0.00074	0.89992
41	0.00261	0.01847	0.02912	0.00322	0.12395	0.12145	0.00740	0.01369	0.00230	0.00312	0.00249	0.02360	0.00233	0.02076	0.32685	0.00096	0.28452	0.00117	0.01065	0.00134
42	0.00168	0.00138	0.00157	0.01632	0.00201	0.00124	0.02018	0.00681	0.04614	0.01909	0.03852	0.07700	0.70862	0.00292	0.00143	0.00042	0.00071	0.03743	0.00112	0.01541
43	0.01010	0.06357	0.00321	0.00277	0.03863	0.21525	0.00210	0.04325	0.50520	0.00687	0.00395	0.00763	0.02726	0.00167	0.01261	0.00040	0.03260	0.02023	0.00099	0.00172
44	0.00297	0.00278	0.00452	0.08678	0.72375	0.00286	0.01249	0.04846	0.06132	0.00412	0.00279	0.00972	0.02954	0.00122	0.00122	0.00037	0.00140	0.00116	0.00068	0.00185
45	0.00177	0.00118	0.00133	0.00133	0.00133	0.00118	0.00074	0.00177	0.00177	0.00236	0.00383	0.00796	0.00442	0.95727	0.00619	0.00118	0.00118	0.00177	0.00074	0.00074
46	0.00188	0.00127	0.00144	0.00142	0.00152	0.00126	0.00088	0.01839	0.01807	0.01968	0.00482	0.02219	0.09654	0.75322	0.01393	0.00103	0.00113	0.03965	0.00083	0.00085
47	0.00338	0.00308	0.00376	0.02463	0.36040	0.10049	0.00270	0.21425	0.17035	0.00478	0.00721	0.03720	0.01154	0.01694	0.02043	0.00042	0.00851	0.00723	0.00088	0.00180
48	0.00184	0.00146	0.00221	0.00211	0.00234	0.00172	0.02954	0.00226	0.00197	0.00284	0.00314	0.00807	0.00297	0.04722	0.81069	0.00176	0.07478	0.00132	0.00065	0.00111
49	0.00148	0.00106	0.00141	0.00169	0.00176	0.00099	0.00113	0.00169	0.00233	0.00310	0.00670	0.95648	0.00804	0.00381	0.00155	0.00049	0.00071	0.00346	0.00113	0.00099
50	0.00166	0.00124	0.00154	0.00174	0.00190	0.00121	0.00120	0.00891	0.09244	0.00332	0.00677	0.77598	0.06347	0.02485	0.00162	0.00050	0.00074	0.00870	0.00113	0.00108
51	0.00195	0.00153	0.00177	0.00181	0.00215	0.00154	0.00138	0.00707	0.19841	0.00799	0.06726	0.18361	0.24546	0.08747	0.00188	0.00052	0.00085	0.18499	0.00113	0.00121
52	0.00177	0.00118	0.00133	0.00133	0.00133	0.00118	0.00074	0.00177	0.00177	0.00236	0.00383	0.00796	0.00442	0.95727	0.00619	0.00118	0.00118	0.00177	0.00074	0.00074
53	0.00158	0.00117	0.00149	0.00171	0.00185	0.00112	0.00117	0.00200	0.06265	0.00324	0.00693	0.83886	0.06444	0.00363	0.00152	0.00048	0.00072	0.00327	0.00114	0.00105
54	0.00167	0.00130	0.00147	0.00152	0.00186	0.00118	0.00114	0.00218	0.05638	0.01973	0.09742	0.21808	0.51747	0.00310	0.00146	0.00044	0.00069	0.07065	0.00116	0.00110
55	0.00490	0.00204	0.00273	0.00220	0.00305	0.00184	0.00182	0.02660	0.04423	0.77254	0.00946	0.00528	0.00353	0.00173	0.00128	0.00040	0.00105	0.11196	0.00144	0.00195
56	0.00196	0.00140	0.00196	0.00224	0.00252	0.00140	0.00196	0.00252	0.00280	0.00364	0.00644	0.01371	0.00700	0.00336	0.00168	0.00056	0.00112	0.94151	0.00112	0.00112
57	0.00160	0.00116	0.00152	0.00176	0.00191	0.00110	0.00128	0.00190	0.00711	0.00322	0.00705	0.63109	0.09303	0.03453	0.00172	0.00052	0.00080	0.20657	0.00111	0.00102
58	0.00211	0.00180	0.00189	0.00179	0.00230	0.00186	0.00137	0.00371	0.39220	0.00406	0.02840	0.05505	0.47337	0.00252	0.00137	0.00042	0.00077	0.02243	0.00118	0.00140
59	0.00148	0.00108	0.00139	0.00164	0.00175	0.00099	0.00111	0.00170	0.00238	0.00312	0.00731	0.85330	0.11082	0.00373	0.00154	0.00048	0.00070	0.00336	0.00113	0.00099
60	0.01513	0.00173	0.00187	0.00176	0.00223	0.00178	0.00134	0.00357	0.33604	0.00434	0.24243	0.02360	0.35463	0.00241	0.00136	0.00041	0.00073	0.00204	0.00121	0.00138
61	0.00255	0.00211	0.00223	0.00202	0.00260	0.00227	0.00156	0.10375	0.44861	0.00892	0.04621	0.03369	0.33076	0.00222	0.00132	0.00041	0.00086	0.00512	0.00120	0.00157
62	0.00532	0.00217	0.00287	0.00221	0.00315	0.00195	0.00182	0.06302	0.03794	0.85889	0.00469	0.00408	0.00298	0.00151	0.00122	0.00038	0.00105	0.00122	0.00148	0.00206
63	0.01587	0.00574	0.06387	0.00313	0.00384	0.86138	0.00247	0.02374	0.00342	0.00316	0.00192	0.00223	0.00157	0.00125	0.00110	0.00032	0.00213	0.00080	0.00063	0.00145
64	0.00450	0.00565	0.00343	0.00310	0.00373	0.90736	0.00233	0.03348	0.00349	0.00312	0.00193	0.00226	0.00161	0.00139	0.01723	0.00034	0.00218	0.00080	0.00064	0.00142
65	0.00174	0.00125	0.00169	0.00195	0.00215	0.00121	0.00155	0.00214	0.00260	0.00341	0.02673	0.39170	0.04330	0.02005	0.00169	0.00053	0.00092	0.49319	0.00112	0.00106
66	0.00174	0.00118	0.00139	0.00142	0.00145	0.00119	0.00085	0.00180	0.00186	0.00250	0.01378	0.09131	0.01124	0.77286	0.08951	0.00117	0.00131	0.00189	0.00077	0.00080
67	0.00224	0.00224	0.00422	0.00333	0.00400	0.01817	0.44612	0.00288	0.00273	0.00366	0.09068	0.31964	0.05085	0.00226	0.00151	0.00044	0.01476	0.02806	0.00089	0.00133
68	0.00160	0.00118	0.00166	0.00179	0.00190	0.00112	0.04485	0.00181	0.00225	0.00301	0.00599	0.73932	0.00710	0.17386	0.00237	0.00061	0.00085	0.00669	0.00103	0.00097
69	0.00181	0.00120	0.00134	0.00134	0.00137	0.00121	0.00077	0.00190	0.01773	0.00251	0.00388	0.01678	0.00438	0.88776	0.00581	0.00112	0.00114	0.00175	0.04542	0.00078
70	0.00151	0.00123	0.00128	0.00127	0.00166	0.00105	0.00095	0.00187	0.00284	0.00354	0.12511	0.01106	0.78740	0.00293	0.00141	0.00040	0.00061	0.00704	0.04581	0.00105
71	0.96586	0.00235	0.00179	0.00160	0.00235	0.00273	0.00132	0.00357	0.00207	0.00545	0.00169	0.00197	0.00132	0.00113	0.00075	0.00038	0.00094	0.00066	0.00075	0.00132
72	0.00210	0.00107	0.00160	0.00161	0.00163	0.00107	0.00110	0.00163	0.00164	0.00218	0.00231	0.00416	0.00234	0.00418	0.00461	0.91992	0.00106	0.04467	0.00056	0.00056
73	0.00248	0.05043	0.90717	0.00340	0.00516	0.00292	0.00438	0.00384	0.00256	0.00380	0.00216	0.00254	0.00154	0.00115	0.00114	0.00038	0.00177	0.00089	0.00051	0.00179
74	0.86438	0.00229	0.00185	0.00164	0.00237	0.00262	0.00134	0.01774	0.00216	0.04700	0.00187	0.00216	0.00144	0.00129	0.00097	0.04510	0.00096	0.00071	0.00078	0.00132
75	0.00173	0.00130	0.01287	0.00155	0.00186	0.00117	0.00119	0.00231	0.00343	0.00486	0.93783	0.00900	0.01135	0.00247	0.00143	0.00038	0.00059	0.00218	0.00133	0.00115
76	0.92115	0.00230	0.00177	0.00159	0.00230	0.00266	0.00129	0.00349	0.00206	0.00531	0.00179	0.00225	0.00146	0.04547	0.00100	0.00041	0.00095	0.00071	0.00075	0.00129
77	0.04623	0.00130	0.00130	0.00129	0.00172	0.00113	0.00099	0.00191	0.00276	0.01318	0.03597	0.01116	0.84437	0.00296	0.00141	0.00041	0.00065	0.02908	0.00112	0.00106
78	0.00194	0.00139	0.00194	0.00222	0.00249	0.00138	0.00193	0.00249	0.00278	0.00362	0.00645	0.04719	0.00703	0.00337	0.00167	0.00056	0.00110	0.90820	0.00112	0.00111
79	0.00455	0.00337	0.00361	0.00278	0.00374	0.00374	0.00229	0.90208	0.04939	0.00754	0.00301	0.00299	0.00214	0.00147	0.00122	0.00037	0.00132	0.00111	0.00122	0.00206
80	0.00194	0.00123	0.00143	0.00140	0.00145	0.00123	0.00083	0.00198	0.00186	0.04636	0.00384	0.00761	0.00428	0.86129	0.05751	0.00118	0.00129	0.00172	0.00077	0.00082
81	0.00159	0.00117	0.00163	0.04603	0.01773	0.00114	0.00136	0.00188	0.00239	0.00317	0.00639	0.79849	0.00753	0.00360	0.00154	0.00049	0.00080	0.10092	0.00109	0.00103
82	0.00148	0.00106	0.00141	0.00169	0.00176	0.00099	0.00113	0.00169	0.00233	0.00310	0.00670	0.95648	0.00804	0.00381	0.00155	0.00049	0.00071	0.00346	0.00113	0.00099
83	0.00145	0.00123	0.00125	0.00125	0.00165	0.00103	0.00093	0.00177	0.00280	0.00336	0.05576	0.01158	0.90571	0.00305	0.00144	0.00041	0.00061	0.00255	0.00114	0.00103
84	0.64477	0.00298	0.00237	0.00203	0.00282	0.11996	0.00165	0.19031	0.00298	0.01767	0.00200	0.00222	0.00152	0.00121	0.00089	0.00037	0.00117	0.00077	0.00084	0.00149
85	0.00211	0.00106	0.00158	0.00158	0.00158	0.00106	0.00106	0.00158	0.00158	0.00211	0.00211	0.00370	0.00211	0.00422	0.00475	0.96463	0.00106	0.00106	0.00053	0.00053
86	0.00213	0.00109	0.00161	0.00160	0.00161	0.00111	0.00108	0.00167	0.00163	0.00224	0.00219	0.00371	0.00215	0.00405	0.00455	0.89993	0.02080	0.00106	0.04521	0.00057
87	0.01630	0.00254	0.00375	0.15107	0.00428	0.01123	0.13825	0.16946	0.00282	0.01955	0.00249	0.01488	0.00217	0.07431	0.09527	0.00864	0.27959	0.00122	0.00072	0.00144
88	0.50716	0.00233	0.00221	0.00189	0.00261	0.01465	0.00151	0.10649	0.05376	0.17355	0.00284	0.00334	0.00222	0.08751	0.02162	0.00048	0.00109	0.01226	0.00096	0.00151
89	0.04698	0.00217	0.00356	0.91017	0.00809	0.00270	0.00328	0.00313	0.00241	0.00322	0.00214	0.00318	0.00161	0.00121	0.00119	0.00040	0.00159	0.00106	0.00055	0.00135
90	0.00445	0.00248	0.04020	0.00234	0.00324	0.00228	0.00824	0.15217	0.12690	0.51576	0.01951	0.01910	0.01296	0.00158	0.00125	0.00038	0.01090	0.02082	0.00131	0.05415
91	0.03281	0.22342	0.51063	0.00297	0.00434	0.11735	0.00338	0.05530	0.00282	0.02386	0.00212	0.00244	0.00162	0.00124	0.01053	0.00036	0.00168	0.00084	0.00060	0.00169
92	0.00525	0.00223	0.00290	0.00224	0.00317	0.00204	0.00184	0.09728	0.05292	0.80961	0.00462	0.00404	0.00295	0.00151	0.00122	0.00038	0.00106	0.00122	0.00146	0.00206
93	0.00438	0.00550	0.00334	0.00305	0.00365	0.88370	0.00228	0.01085	0.02264	0.00306	0.00215	0.03981	0.00188	0.00136	0.00112	0.00032	0.00209	0.00090	0.00649	0.00141
94	0.00315	0.00263	0.00301	0.00300	0.10843	0.00295	0.00212	0.09926	0.67853	0.02598	0.00884	0.03387	0.01942	0.00166	0.00124	0.00040	0.00104	0.00140	0.00117	0.00189
95	0.00527	0.00236	0.00300	0.00230	0.00325	0.00222	0.00190	0.21197	0.00397	0.74379	0.00438	0.00387	0.00280	0.00149	0.00122	0.00037	0.00110	0.00119	0.00144	0.00207
96	0.00544	0.00208	0.00283	0.00217	0.00311	0.00181	0.00179	0.01699	0.00351	0.93943	0.00477	0.00412	0.00300	0.00150	0.00122	0.00038	0.00104	0.00122	0.00150	0.00207
97	0.00150	0.00107	0.00144	0.00172	0.00180	0.00101	0.00117	0.00173	0.00235	0.00313	0.00669	0.91121	0.00799	0.00379	0.00156	0.00050	0.00073	0.04850	0.00113	0.00099
98	0.00282	0.00317	0.00683	0.00494	0.01296	0.00297	0.87754	0.00381	0.00286	0.00388	0.00263	0.00793	0.00207	0.00113	0.00143	0.00041	0.00198	0.03842	0.00064	0.02157
99	0.02535	0.00207	0.00280	0.00215	0.00309	0.00181	0.00178	0.00588	0.00345	0.93096	0.00473	0.00409	0.00297	0.00150	0.00121	0.00038	0.00103	0.00121	0.00149	0.00205
100	0.02159	0.00127	0.00149	0.00145	0.00179	0.00114	0.00110	0.00211	0.00311	0.00418	0.50015	0.01024	0.39268	0.00274	0.00143	0.00040	0.00063	0.05018	0.00123	0.00110
101	0.00150	0.00118	0.00135	0.00146	0.00173	0.00105	0.00104	0.00183	0.01815	0.00332	0.05612	0.39836	0.49661	0.00333	0.00148	0.00044	0.00066	0.00819	0.00114	0.00103
102	0.00174	0.00130	0.00194	0.00194	0.00216	0.00151	0.00151	0.00216	0.00195	0.00282	0.00327	0.00482	0.00306	0.02336	0.93824	0.00194	0.00323	0.00131	0.00065	0.00108
103	0.00454	0.00579	0.00345	0.00313	0.00376	0.95239	0.00235	0.00485	0.00345	0.00298	0.00188	0.00219	0.00157	0.00125	0.00110	0.00031	0.00219	0.00078	0.00063	0.00141
104	0.00230	0.00216	0.00365	0.95435	0.00837	0.00270	0.00338	0.00311	0.00243	0.00311	0.00216	0.00324	0.00162	0.00122	0.00122	0.00041	0.00162	0.00108	0.00054	0.00135
105	0.00163	0.00130	0.00144	0.00145	0.00181	0.00117	0.00109	0.02154	0.02788	0.00363	0.14491	0.13044	0.58401	0.01921	0.00153	0.00044	0.00068	0.05359	0.00116	0.00108
106	0.85901	0.00236	0.00193	0.00168	0.00246	0.00268	0.00139	0.03297	0.00230	0.08134	0.00198	0.00218	0.00148	0.00117	0.00080	0.00038	0.00096	0.00072	0.00083	0.00140
107	0.00324	0.92690	0.00624	0.00208	0.00310	0.01596	0.00206	0.00361	0.00246	0.00285	0.00170	0.00199	0.00157	0.00111	0.00087	0.02024	0.00131	0.00066	0.00052	0.00154
108	0.00155	0.00129	0.00135	0.00134	0.00173	0.00114	0.00100	0.00203	0.04662	0.00351	0.10896	0.02518	0.76205	0.02622	0.00155	0.00043	0.00065	0.01117	0.00115	0.00107
109	0.96586	0.00235	0.00179	0.00160	0.00235	0.00273	0.00132	0.00357	0.00207	0.00545	0.00169	0.00197	0.00132	0.00113	0.00075	0.00038	0.00094	0.00066	0.00075	0.00132
110	0.00150	0.00108	0.00142	0.00168	0.00178	0.00101	0.00114	0.00173	0.00236	0.00312	0.00694	0.85577	0.05741	0.01986	0.00163	0.00050	0.00072	0.03823	0.00112	0.00099
111	0.00152	0.00125	0.00136	0.00141	0.00176	0.00110	0.00105	0.00190	0.02273	0.00330	0.01443	0.14958	0.69408	0.01565	0.02668	0.00048	0.00074	0.05885	0.00111	0.00104
112	0.00171	0.00120	0.00153	0.00172	0.00190	0.00112	0.00123	0.00208	0.02638	0.03220	0.05421	0.62217	0.12098	0.01492	0.00158	0.00049	0.00076	0.10664	0.00613	0.00107
113	0.03350	0.00261	0.00283	0.00230	0.00308	0.00969	0.00186	0.40975	0.18819	0.14730	0.01199	0.00378	0.00279	0.00150	0.00115	0.00036	0.00107	0.00659	0.16780	0.00184
114	0.00202	0.00152	0.00192	0.00212	0.00241	0.02113	0.00175	0.01922	0.05443	0.01150	0.00648	0.21395	0.04490	0.00326	0.00159	0.00052	0.00103	0.60797	0.00112	0.00116
115	0.00502	0.00225	0.02246	0.00222	0.00313	0.00200	0.00186	0.09454	0.03623	0.75586	0.02859	0.00428	0.00947	0.01280	0.00129	0.00039	0.00106	0.00636	0.00818	0.00200
116	0.00209	0.00107	0.00160	0.00160	0.00162	0.00108	0.00108	0.00162	0.00161	0.00216	0.00218	0.00376	0.00217	0.00449	0.05782	0.90664	0.00118	0.00107	0.00460	0.00056
117	0.00165	0.00116	0.00152	0.00175	0.00188	0.00111	0.00123	0.00977	0.01360	0.01305	0.00652	0.70984	0.03031	0.07279	0.00189	0.00055	0.00080	0.12844	0.00110	0.00102
118	0.00441	0.00195	0.00256	0.00210	0.00287	0.00177	0.00171	0.04336	0.04503	0.64404	0.06556	0.05505	0.05152	0.00191	0.00130	0.00040	0.00098	0.07027	0.00140	0.00183
119	0.00337	0.00244	0.00275	0.00237	0.00304	0.00266	0.00191	0.33878	0.25298	0.07016	0.05205	0.04791	0.03641	0.00868	0.03533	0.00047	0.00343	0.11735	0.01619	0.00172
120	0.00354	0.01341	0.00310	0.01672	0.02417	0.27062	0.00211	0.09331	0.37482	0.03200	0.00616	0.01358	0.00485	0.04147	0.01455	0.00043	0.06144	0.00117	0.00095	0.02162

[dist]
# distance from previous block
# <min> <max>
0	1

[block]
# block no. 4 follows, 267 sequences, length 7
# corresponding to MSA columns:
# 205-211
name=unknown_E
#
# <colnr> <probs for GDERKNQSTAVLIFYWHMCP>
#	G	D	E	R	K	N	Q	S	T	A	V	L	I	F	Y	W	H	M	C	P
0	0.00386	0.01855	0.00318	0.00274	0.00338	0.41931	0.00214	0.21521	0.08845	0.01965	0.00330	0.07163	0.03200	0.00171	0.00134	0.00037	0.04974	0.04349	0.00090	0.01906
1	0.00391	0.00319	0.00325	0.00268	0.00352	0.05632	0.00214	0.44970	0.40154	0.00620	0.00375	0.00363	0.00278	0.00155	0.00123	0.00039	0.00123	0.00120	0.00119	0.05061
2	0.00188	0.00109	0.00154	0.00165	0.00170	0.00106	0.00113	0.00169	0.00194	0.00257	0.00424	0.29539	0.04486	0.00399	0.00343	0.56534	0.00093	0.06408	0.00078	0.00073
3	0.04768	0.13677	0.37812	0.00317	0.00441	0.21923	0.08743	0.06867	0.00301	0.03757	0.00219	0.00251	0.00165	0.00118	0.00110	0.00035	0.00174	0.00090	0.00064	0.00167
4	0.00163	0.00125	0.00144	0.00152	0.00180	0.00114	0.00113	0.00197	0.02453	0.00325	0.03557	0.17280	0.46367	0.09808	0.00211	0.04492	0.00079	0.14034	0.00107	0.00101
5	0.00297	0.00333	0.02518	0.00462	0.05146	0.06144	0.64706	0.02452	0.04441	0.00389	0.00253	0.02096	0.00201	0.00122	0.00158	0.00041	0.07723	0.00135	0.00066	0.02318
6	0.06739	0.03344	0.26681	0.00372	0.03839	0.04450	0.34264	0.00364	0.01593	0.00390	0.04528	0.06696	0.01491	0.00139	0.00131	0.00039	0.02012	0.00133	0.00068	0.02728

[dist]
# distance from previous block
# <min> <max>
4	8

[block]
# block no. 5 follows, 267 sequences, length 61
# corresponding to MSA columns:
# 220-280
name=unknown_F
#
# <colnr> <probs for GDERKNQSTAVLIFYWHMCP>
#	G	D	E	R	K	N	Q	S	T	A	V	L	I	F	Y	W	H	M	C	P
0	0.00291	0.00743	0.00974	0.00235	0.00297	0.03988	0.00182	0.01904	0.48818	0.02801	0.01249	0.06740	0.12337	0.00857	0.06427	0.00055	0.01142	0.03840	0.00117	0.07002
1	0.00327	0.00855	0.00304	0.00233	0.00332	0.11771	0.02651	0.06940	0.04672	0.03998	0.00266	0.00306	0.00217	0.00655	0.01835	0.00032	0.00848	0.00092	0.00087	0.63582
2	0.00254	0.00204	0.00232	0.00221	0.00269	0.00216	0.01505	0.00903	0.44094	0.02733	0.01335	0.24317	0.13781	0.01994	0.00155	0.00048	0.00813	0.05643	0.00122	0.01163
3	0.00174	0.00128	0.00156	0.00173	0.00192	0.00117	0.00119	0.00204	0.02939	0.01391	0.02901	0.67049	0.21300	0.01432	0.00163	0.00051	0.00076	0.01203	0.00119	0.00112
4	0.00249	0.00212	0.00248	0.00181	0.00284	0.00162	0.00144	0.00960	0.00947	0.00396	0.00242	0.04364	0.00213	0.00105	0.00094	0.00020	0.00090	0.00837	0.00075	0.90179
5	0.01133	0.00127	0.00164	0.00179	0.00200	0.00121	0.00127	0.01929	0.03592	0.06493	0.00642	0.75132	0.02641	0.00343	0.00150	0.00048	0.00077	0.05046	0.00115	0.01741
6	0.00170	0.00117	0.00152	0.00172	0.00188	0.00109	0.00122	0.00200	0.01366	0.03828	0.00702	0.70014	0.09363	0.02997	0.00167	0.00051	0.00077	0.09988	0.00113	0.00105
7	0.89766	0.00234	0.00187	0.00164	0.00241	0.00268	0.00135	0.01232	0.00219	0.06396	0.00190	0.00212	0.00143	0.00115	0.00079	0.00038	0.00095	0.00070	0.00080	0.00137
8	0.00149	0.00107	0.00140	0.00166	0.00174	0.00100	0.00110	0.00170	0.00232	0.00308	0.00679	0.88233	0.04225	0.04364	0.00174	0.00052	0.00072	0.00335	0.00111	0.00098
9	0.00160	0.00132	0.00140	0.00138	0.00178	0.00116	0.00104	0.03332	0.01541	0.00358	0.08784	0.06695	0.74564	0.00301	0.00144	0.00042	0.00066	0.02982	0.00115	0.00108
10	0.00808	0.00118	0.00156	0.00174	0.00191	0.00109	0.00120	0.00214	0.00245	0.09660	0.00650	0.80587	0.02001	0.01966	0.00159	0.00049	0.00076	0.02492	0.00116	0.00110
11	0.00545	0.00207	0.00282	0.00216	0.00310	0.00179	0.00179	0.00592	0.00348	0.95053	0.00480	0.00414	0.00301	0.00150	0.00122	0.00038	0.00103	0.00122	0.00150	0.00207
12	0.00543	0.00210	0.00284	0.00218	0.00312	0.00184	0.00180	0.03044	0.00354	0.92593	0.00475	0.00411	0.00298	0.00150	0.00122	0.00038	0.00104	0.00122	0.00150	0.00207
13	0.00337	0.00241	0.00269	0.00239	0.00309	0.00267	0.00189	0.01567	0.68825	0.17059	0.02179	0.00519	0.00394	0.00176	0.00127	0.00042	0.00098	0.06847	0.00128	0.00188
14	0.93307	0.00234	0.00182	0.00162	0.00238	0.00270	0.00133	0.00365	0.00212	0.03772	0.00180	0.00205	0.00137	0.00114	0.00077	0.00038	0.00094	0.00068	0.00078	0.00134
15	0.00301	0.00289	0.00493	0.00746	0.94969	0.00289	0.00373	0.00373	0.00277	0.00397	0.00229	0.00301	0.00193	0.00108	0.00120	0.00036	0.00144	0.00108	0.00060	0.00193
16	0.00462	0.00341	0.00365	0.00280	0.00377	0.00377	0.00231	0.94564	0.00572	0.00766	0.00292	0.00292	0.00207	0.00146	0.00122	0.00036	0.00134	0.00109	0.00122	0.00207
17	0.00545	0.00207	0.00282	0.00216	0.00310	0.00179	0.00179	0.00592	0.00348	0.95053	0.00480	0.00414	0.00301	0.00150	0.00122	0.00038	0.00103	0.00122	0.00150	0.00207
18	0.00287	0.00328	0.00717	0.00512	0.00635	0.00307	0.94528	0.00389	0.00287	0.00389	0.00246	0.00328	0.00184	0.00102	0.00143	0.00041	0.00205	0.00143	0.00061	0.00164
19	0.00180	0.00122	0.00137	0.00135	0.00139	0.00122	0.00078	0.01884	0.00188	0.00250	0.00415	0.02112	0.03750	0.89339	0.00587	0.00113	0.00116	0.00181	0.00076	0.00077
20	0.93198	0.00237	0.00183	0.00163	0.00239	0.00275	0.00134	0.01297	0.02603	0.00547	0.00179	0.00205	0.00138	0.00114	0.00077	0.00038	0.00094	0.00068	0.00077	0.00134
21	0.00150	0.00107	0.00142	0.00168	0.00176	0.00100	0.00112	0.00171	0.00231	0.00308	0.00657	0.89931	0.00786	0.04641	0.00176	0.00053	0.00073	0.01809	0.00111	0.00098
22	0.00266	0.00266	0.00372	0.00319	0.00319	0.00372	0.00266	0.00293	0.00186	0.00293	0.00160	0.00266	0.00160	0.00213	0.00399	0.00053	0.95505	0.00106	0.00053	0.00133
23	0.00252	0.00216	0.00252	0.00180	0.00288	0.00162	0.00144	0.00306	0.00252	0.00396	0.00216	0.00252	0.00180	0.00090	0.00090	0.00018	0.00090	0.00072	0.00072	0.96471
24	0.00211	0.00106	0.00158	0.00158	0.00158	0.00106	0.00106	0.00158	0.00158	0.00211	0.00211	0.00370	0.00211	0.00422	0.00475	0.96463	0.00106	0.00106	0.00053	0.00053
25	0.00148	0.00106	0.00141	0.00169	0.00176	0.00099	0.00113	0.00169	0.00233	0.00310	0.00670	0.95648	0.00804	0.00381	0.00155	0.00049	0.00071	0.00346	0.00113	0.00099
26	0.00252	0.00216	0.00252	0.00180	0.00288	0.00162	0.00144	0.00306	0.00252	0.00396	0.00216	0.00252	0.00180	0.00090	0.00090	0.00018	0.00090	0.00072	0.00072	0.96471
27	0.00528	0.00216	0.00285	0.00220	0.00313	0.00924	0.00182	0.05228	0.00830	0.85870	0.00467	0.00421	0.00301	0.00152	0.00122	0.00038	0.00106	0.01821	0.00146	0.01832
28	0.00545	0.00207	0.00282	0.00216	0.00310	0.00179	0.00179	0.00592	0.00348	0.95053	0.00480	0.00414	0.00301	0.00150	0.00122	0.00038	0.00103	0.00122	0.00150	0.00207
29	0.00196	0.00140	0.00196	0.00224	0.00252	0.00140	0.00196	0.00252	0.00280	0.00364	0.00644	0.01371	0.00700	0.00336	0.00168	0.00056	0.00112	0.94151	0.00112	0.00112
30	0.00244	0.00629	0.95098	0.00347	0.00526	0.00282	0.00449	0.00385	0.00257	0.00385	0.00218	0.00257	0.00154	0.00116	0.00116	0.00039	0.00180	0.00090	0.00051	0.00180
31	0.96586	0.00235	0.00179	0.00160	0.00235	0.00273	0.00132	0.00357	0.00207	0.00545	0.00169	0.00197	0.00132	0.00113	0.00075	0.00038	0.00094	0.00066	0.00075	0.00132
32	0.00252	0.00216	0.00252	0.00180	0.00288	0.00162	0.00144	0.00306	0.00252	0.00396	0.00216	0.00252	0.00180	0.00090	0.00090	0.00018	0.00090	0.00072	0.00072	0.96471
33	0.00302	0.00261	0.00275	0.00247	0.00316	0.00302	0.00192	0.00646	0.94749	0.00509	0.00495	0.00454	0.00371	0.00165	0.00124	0.00041	0.00096	0.00137	0.00124	0.00192
34	0.00252	0.00216	0.00252	0.00180	0.00288	0.00162	0.00144	0.00306	0.00252	0.00396	0.00216	0.00252	0.00180	0.00090	0.00090	0.00018	0.00090	0.00072	0.00072	0.96471
35	0.00172	0.00124	0.00163	0.00153	0.00182	0.00115	0.00115	0.00229	0.00344	0.00488	0.94905	0.00908	0.01147	0.00249	0.00143	0.00038	0.00057	0.00220	0.00134	0.00115
36	0.00462	0.00341	0.00365	0.00280	0.00377	0.00377	0.00231	0.94564	0.00572	0.00766	0.00292	0.00292	0.00207	0.00146	0.00122	0.00036	0.00134	0.00109	0.00122	0.00207
37	0.00545	0.00207	0.00282	0.00216	0.00310	0.00179	0.00179	0.00592	0.00348	0.95053	0.00480	0.00414	0.00301	0.00150	0.00122	0.00038	0.00103	0.00122	0.00150	0.00207
38	0.00148	0.00106	0.00141	0.00169	0.00176	0.00099	0.00113	0.00169	0.00233	0.00310	0.00670	0.95648	0.00804	0.00381	0.00155	0.00049	0.00071	0.00346	0.00113	0.00099
39	0.00148	0.00106	0.00141	0.00169	0.00176	0.00099	0.00113	0.00169	0.00233	0.00310	0.00670	0.95648	0.00804	0.00381	0.00155	0.00049	0.00071	0.00346	0.00113	0.00099
40	0.00272	0.00276	0.00371	0.00319	0.00321	0.03533	0.00265	0.00299	0.00191	0.00293	0.00161	0.00264	0.00159	0.00210	0.00389	0.00052	0.92331	0.00105	0.00054	0.00133
41	0.00462	0.00341	0.00365	0.00280	0.00377	0.00377	0.00231	0.94564	0.00572	0.00766	0.00292	0.00292	0.00207	0.00146	0.00122	0.00036	0.00134	0.00109	0.00122	0.00207
42	0.03664	0.00337	0.00359	0.00276	0.00372	0.00374	0.00228	0.91425	0.00559	0.00759	0.00288	0.00289	0.00204	0.00145	0.00120	0.00037	0.00132	0.00108	0.00120	0.00204
43	0.00302	0.00261	0.00275	0.00247	0.00316	0.00302	0.00192	0.00646	0.94749	0.00509	0.00495	0.00454	0.00371	0.00165	0.00124	0.00041	0.00096	0.00137	0.00124	0.00192
44	0.00196	0.00140	0.00196	0.00224	0.00252	0.00140	0.00196	0.00252	0.00280	0.00364	0.00644	0.01371	0.00700	0.00336	0.00168	0.00056	0.00112	0.94151	0.00112	0.00112
45	0.03384	0.00128	0.00163	0.00153	0.00183	0.00120	0.00115	0.00234	0.00340	0.00489	0.91749	0.00884	0.01113	0.00244	0.00141	0.00038	0.00059	0.00215	0.00132	0.00115
46	0.00171	0.00124	0.00162	0.00152	0.00181	0.00114	0.00114	0.00228	0.00343	0.00484	0.92691	0.00914	0.03363	0.00250	0.00143	0.00038	0.00057	0.00221	0.00133	0.00114
47	0.00545	0.00207	0.00282	0.00216	0.00310	0.00179	0.00179	0.00592	0.00348	0.95053	0.00480	0.00414	0.00301	0.00150	0.00122	0.00038	0.00103	0.00122	0.00150	0.00207
48	0.94912	0.00238	0.00916	0.01078	0.00243	0.00273	0.00136	0.00357	0.00208	0.00542	0.00170	0.00199	0.00132	0.00113	0.00076	0.00038	0.00095	0.00066	0.00075	0.00132
49	0.00150	0.00124	0.00132	0.00131	0.00170	0.00106	0.00099	0.00187	0.00289	0.00358	0.18207	0.01128	0.75361	0.00298	0.00144	0.00041	0.00062	0.02791	0.00117	0.00105
50	0.00177	0.00118	0.00134	0.00134	0.00135	0.00119	0.00076	0.00178	0.00177	0.00237	0.00381	0.00787	0.00438	0.93114	0.03227	0.00120	0.00124	0.00176	0.00073	0.00075
51	0.00149	0.00106	0.00142	0.00170	0.00177	0.00099	0.00114	0.00170	0.00233	0.00311	0.00670	0.94307	0.00803	0.00380	0.00155	0.00049	0.00071	0.01680	0.00113	0.00099
52	0.00148	0.00106	0.00141	0.00169	0.00177	0.00099	0.00113	0.00170	0.00234	0.00311	0.00676	0.93807	0.01893	0.00380	0.00155	0.00049	0.00071	0.01088	0.00113	0.00099
53	0.00149	0.00126	0.00129	0.00129	0.00169	0.00108	0.00096	0.00188	0.02669	0.00337	0.04094	0.03830	0.86951	0.00305	0.00143	0.00041	0.00063	0.00255	0.00114	0.00105
54	0.00230	0.00216	0.00365	0.95435	0.00837	0.00270	0.00338	0.00311	0.00243	0.00311	0.00216	0.00324	0.00162	0.00122	0.00122	0.00041	0.00162	0.00108	0.00054	0.00135
55	0.00247	0.00201	0.00224	0.00216	0.00264	0.00222	0.00165	0.01106	0.53994	0.01488	0.02755	0.23366	0.05304	0.02073	0.00146	0.00046	0.00089	0.07821	0.00119	0.00155
56	0.00290	0.00284	0.00365	0.00311	0.00325	0.05368	0.00969	0.08787	0.00230	0.00335	0.00181	0.00279	0.00171	0.01150	0.03550	0.00056	0.77043	0.00107	0.00061	0.00139
57	0.00257	0.01767	0.00262	0.00185	0.00291	0.00175	0.00149	0.01801	0.01258	0.00400	0.00219	0.00254	0.00182	0.00094	0.00095	0.00019	0.01509	0.00074	0.00073	0.90937
58	0.00174	0.00126	0.00160	0.00178	0.00201	0.00120	0.00135	0.00218	0.03407	0.02023	0.03042	0.41860	0.19342	0.02304	0.00164	0.00050	0.00082	0.26194	0.00113	0.00108
59	0.00161	0.00115	0.00145	0.00163	0.00174	0.00110	0.00111	0.00185	0.00951	0.00303	0.01657	0.52695	0.09035	0.23115	0.00266	0.00066	0.00086	0.10465	0.00104	0.00095
60	0.00350	0.01281	0.08454	0.00317	0.03046	0.13101	0.15061	0.13930	0.19079	0.10416	0.00338	0.01009	0.01956	0.00194	0.06415	0.00049	0.04053	0.00121	0.00658	0.00172

[dist]
# distance from previous block
# <min> <max>
2	3

[block]
# block no. 6 follows, 267 sequences, length 79
# corresponding to MSA columns:
# 284-362
name=unknown_G
#
# <colnr> <probs for GDERKNQSTAVLIFYWHMCP>
#	G	D	E	R	K	N	Q	S	T	A	V	L	I	F	Y	W	H	M	C	P
0	0.00277	0.00235	0.00899	0.00232	0.00292	0.01180	0.01046	0.02884	0.61963	0.01641	0.01879	0.09405	0.02623	0.02814	0.03117	0.00048	0.01129	0.03074	0.00114	0.05148
1	0.00479	0.00199	0.00264	0.00210	0.00294	0.00177	0.00172	0.01225	0.04693	0.76533	0.02076	0.01227	0.07554	0.00174	0.00126	0.00039	0.00100	0.04122	0.00144	0.00192
2	0.00182	0.00139	0.00180	0.00201	0.02213	0.00142	0.00140	0.02244	0.08992	0.00344	0.00608	0.71351	0.00697	0.00336	0.00160	0.00048	0.03809	0.06594	0.00110	0.01509
3	0.00340	0.00279	0.00295	0.00253	0.00329	0.00742	0.00201	0.24725	0.66172	0.00568	0.00447	0.00432	0.01167	0.00163	0.00124	0.00040	0.00106	0.01908	0.00122	0.01587
4	0.00236	0.00158	0.00189	0.00186	0.00226	0.00156	0.00140	0.02522	0.17212	0.12218	0.02074	0.37989	0.18847	0.00618	0.00145	0.00045	0.00082	0.06706	0.00120	0.00133
