[name]
ND6

[dist]
# distance from previous block
# <min> <max>
0	3

[block]
# block no. 0 follows, 250 sequences, length 94
# corresponding to MSA columns:
# 3-96
name=unknown_A
#
# <colnr> <probs for GDERKNQSTAVLIFYWHMCP>
#	G	D	E	R	K	N	Q	S	T	A	V	L	I	F	Y	W	H	M	C	P
0	0.00307	0.00220	0.00258	0.00239	0.00298	0.00234	0.00196	0.15095	0.26130	0.07986	0.06236	0.01610	0.05673	0.03351	0.00167	0.00051	0.00111	0.31547	0.00127	0.00164
1	0.00488	0.00450	0.05714	0.00254	0.05485	0.03856	0.01032	0.00971	0.00661	0.00318	0.00577	0.00488	0.00309	0.05878	0.72712	0.00173	0.00304	0.00135	0.00069	0.00126
2	0.00190	0.00126	0.00148	0.00150	0.00156	0.00124	0.00090	0.00199	0.00214	0.01911	0.08112	0.14259	0.00582	0.71828	0.01294	0.00107	0.00114	0.00216	0.00091	0.00088
3	0.00209	0.00149	0.00190	0.00186	0.00220	0.00143	0.00145	0.05701	0.00791	0.02180	0.53922	0.09530	0.06185	0.01303	0.01114	0.00048	0.00083	0.17640	0.00133	0.00126
4	0.00182	0.00127	0.00155	0.00166	0.00177	0.00124	0.00110	0.01813	0.00239	0.00321	0.05061	0.35892	0.05838	0.38092	0.04821	0.00087	0.00109	0.04579	0.02008	0.00099
5	0.00178	0.00123	0.00150	0.00161	0.00168	0.00119	0.00103	0.00676	0.00228	0.00304	0.04808	0.36471	0.03398	0.48215	0.00412	0.00089	0.00102	0.04101	0.00100	0.00094
6	0.00719	0.00122	0.00158	0.00179	0.00190	0.00117	0.00123	0.00485	0.00244	0.01370	0.00930	0.63000	0.01074	0.19506	0.00265	0.00068	0.00091	0.11144	0.00112	0.00103
7	0.63177	0.00257	0.02975	0.00192	0.00268	0.00276	0.00159	0.12963	0.00281	0.03412	0.02578	0.04451	0.00241	0.06962	0.00136	0.00046	0.00108	0.00105	0.01263	0.00148
8	0.03817	0.00135	0.00162	0.00167	0.00188	0.00129	0.00116	0.01427	0.00929	0.02588	0.25173	0.33065	0.08244	0.21442	0.00266	0.00064	0.00085	0.01777	0.00116	0.00110
9	0.11595	0.00152	0.00150	0.00142	0.00180	0.00158	0.00107	0.06099	0.00280	0.01230	0.00670	0.03543	0.00869	0.06203	0.00134	0.00632	0.00075	0.00388	0.67268	0.00126
10	0.01535	0.00125	0.00145	0.00151	0.00155	0.00124	0.00090	0.00191	0.00206	0.00279	0.02471	0.18454	0.02550	0.69952	0.02947	0.00109	0.00119	0.00221	0.00088	0.00087
11	0.00205	0.00137	0.00177	0.00167	0.00202	0.00125	0.00127	0.00260	0.00350	0.06490	0.70790	0.06948	0.09943	0.00275	0.00153	0.00042	0.00067	0.03278	0.00139	0.00126
12	0.05422	0.00127	0.00155	0.00170	0.00185	0.00123	0.00115	0.00206	0.00248	0.01392	0.10051	0.55431	0.02358	0.20961	0.00266	0.00066	0.00087	0.02421	0.00111	0.00104
13	0.73315	0.00220	0.00188	0.00170	0.00235	0.00250	0.00135	0.00347	0.00216	0.03431	0.00205	0.00258	0.00166	0.00182	0.00159	0.17625	0.00101	0.00081	0.02589	0.00127
14	0.35080	0.00201	0.00215	0.00200	0.00255	0.00213	0.02150	0.06279	0.00778	0.09078	0.07658	0.17483	0.01516	0.06183	0.00160	0.00050	0.00102	0.12154	0.00108	0.00139
15	0.00184	0.00125	0.00161	0.00173	0.00195	0.00114	0.00122	0.00218	0.00288	0.04651	0.25241	0.55787	0.09794	0.01089	0.00163	0.00049	0.00073	0.01331	0.00127	0.00115
16	0.29520	0.00227	0.00256	0.00212	0.00296	0.00228	0.00173	0.06433	0.02327	0.46340	0.01931	0.07065	0.00330	0.00175	0.00120	0.00042	0.00106	0.03909	0.00128	0.00182
17	0.00182	0.00132	0.00171	0.00161	0.00192	0.00121	0.00121	0.00241	0.00363	0.00510	0.90285	0.00978	0.05524	0.00267	0.00152	0.00041	0.00061	0.00236	0.00141	0.00121
18	0.03677	0.00244	0.00309	0.00239	0.00337	0.00229	0.00197	0.17090	0.00407	0.73309	0.02291	0.00420	0.00314	0.00160	0.00129	0.00040	0.00114	0.00128	0.00152	0.00215
19	0.00474	0.00317	0.00347	0.00269	0.00364	0.00342	0.00221	0.71284	0.00538	0.13061	0.00348	0.00346	0.00245	0.00155	0.00125	0.00038	0.00129	0.00118	0.10522	0.00759
20	0.03971	0.00575	0.00371	0.00331	0.00398	0.82471	0.02361	0.03908	0.00362	0.00346	0.00203	0.00239	0.00168	0.00136	0.00128	0.00035	0.03688	0.00087	0.00069	0.00152
21	0.00270	0.00229	0.00266	0.00192	0.00303	0.00176	0.00154	0.03249	0.00281	0.00432	0.01413	0.00314	0.03681	0.00108	0.00100	0.00021	0.00096	0.00087	0.00081	0.88550
22	0.00491	0.00344	0.00374	0.00288	0.00388	0.00376	0.00237	0.83994	0.00577	0.08597	0.00329	0.00335	0.00235	0.02646	0.00143	0.00041	0.00139	0.00119	0.00130	0.00216
23	0.00266	0.00227	0.00266	0.00191	0.00303	0.00171	0.00152	0.00323	0.00270	0.00424	0.02642	0.00286	0.00218	0.00100	0.00097	0.00020	0.00095	0.00081	0.00078	0.93790
24	0.00188	0.00143	0.00210	0.00207	0.00229	0.00163	0.01285	0.00230	0.00215	0.00306	0.02677	0.04375	0.01984	0.08687	0.74539	0.00180	0.03000	0.01196	0.00075	0.00113
25	0.00185	0.00136	0.00193	0.00193	0.00211	0.00154	0.00143	0.00221	0.00203	0.00289	0.00359	0.00581	0.00355	0.21562	0.74397	0.00190	0.00298	0.00149	0.00071	0.00107
26	0.96371	0.00250	0.00190	0.00170	0.00250	0.00290	0.00140	0.00380	0.00220	0.00580	0.00180	0.00210	0.00140	0.00120	0.00080	0.00040	0.00100	0.00070	0.00080	0.00140
27	0.00257	0.00150	0.00197	0.00176	0.00220	0.00137	0.00135	0.00320	0.01966	0.17744	0.72295	0.01516	0.03880	0.00246	0.00148	0.00041	0.00071	0.00215	0.00144	0.00141
28	0.00906	0.00136	0.00174	0.00170	0.00202	0.00125	0.00126	0.00253	0.00328	0.07036	0.54019	0.19056	0.10384	0.02614	0.00166	0.00046	0.00072	0.03929	0.00134	0.00123
29	0.75265	0.00270	0.00229	0.00195	0.00279	0.00309	0.00161	0.19207	0.00301	0.00626	0.02039	0.00245	0.00177	0.00130	0.00091	0.00040	0.00108	0.00082	0.00091	0.00156
30	0.00157	0.00112	0.00150	0.00180	0.00187	0.00105	0.00120	0.00180	0.00247	0.00330	0.00712	0.95374	0.00855	0.00405	0.00165	0.00052	0.00075	0.00367	0.00120	0.00105
31	0.00182	0.00132	0.00170	0.00163	0.00193	0.00121	0.00122	0.00240	0.00356	0.00883	0.83499	0.04816	0.06950	0.00274	0.00153	0.00042	0.00063	0.01382	0.00140	0.00121
32	0.00179	0.00125	0.00161	0.00172	0.00189	0.00118	0.00122	0.00214	0.00282	0.00709	0.29982	0.37123	0.03351	0.13945	0.00234	0.00936	0.00082	0.09390	0.02577	0.00108
33	0.31900	0.00245	0.00268	0.00217	0.00306	0.00250	0.00178	0.12561	0.03794	0.43479	0.02210	0.03453	0.00286	0.00157	0.00115	0.00040	0.00108	0.00119	0.00127	0.00188
34	0.01417	0.00291	0.00342	0.00263	0.00364	0.00297	0.00217	0.46244	0.02942	0.45629	0.00410	0.00376	0.00271	0.00158	0.00129	0.00039	0.00125	0.00123	0.00144	0.00219
35	0.07110	0.00155	0.00190	0.00173	0.00217	0.00145	0.00131	0.00313	0.00325	0.18843	0.45275	0.08838	0.09764	0.07726	0.00184	0.00048	0.00080	0.00213	0.00132	0.00136
36	0.03107	0.00185	0.00225	0.00195	0.00249	0.00180	0.00151	0.09464	0.04165	0.23693	0.34032	0.00730	0.03131	0.13072	0.00209	0.00052	0.00095	0.04179	0.02734	0.00153
37	0.90934	0.00248	0.00195	0.00173	0.00253	0.00285	0.00142	0.01329	0.00231	0.03649	0.01520	0.00229	0.00162	0.00124	0.00083	0.00040	0.00100	0.00075	0.00084	0.00143
38	0.04821	0.00139	0.00138	0.00132	0.00168	0.00143	0.00101	0.05198	0.00286	0.00504	0.00404	0.00460	0.00316	0.00149	0.00092	0.00031	0.00066	0.00118	0.86606	0.00127
39	0.81039	0.00240	0.00198	0.00176	0.00253	0.00273	0.00144	0.02666	0.00244	0.05149	0.03414	0.03046	0.00218	0.00139	0.00090	0.00040	0.00099	0.01231	0.01197	0.00144
40	0.00203	0.00121	0.00166	0.00166	0.00180	0.00116	0.00117	0.00198	0.00242	0.01004	0.23939	0.09344	0.08578	0.03074	0.00345	0.48205	0.00092	0.03243	0.00580	0.00086
41	0.00159	0.00114	0.00152	0.00182	0.00190	0.00106	0.00123	0.00183	0.00249	0.00332	0.00711	0.92334	0.00851	0.00403	0.00165	0.00053	0.00076	0.03391	0.00120	0.00105
42	0.00198	0.00133	0.00175	0.00174	0.00203	0.00123	0.00130	0.00248	0.00331	0.05329	0.57905	0.22767	0.04633	0.00300	0.00156	0.00045	0.00071	0.06820	0.00136	0.00122
43	0.14506	0.00302	0.03737	0.00250	0.00331	0.01958	0.00208	0.52270	0.00450	0.00645	0.07032	0.06706	0.02449	0.00200	0.00153	0.06850	0.00125	0.01127	0.00526	0.00176
44	0.00198	0.00149	0.00204	0.00229	0.05498	0.00145	0.02439	0.05175	0.00279	0.00373	0.06465	0.53960	0.04363	0.09607	0.00209	0.00058	0.00095	0.10323	0.00113	0.00118
45	0.95128	0.00255	0.01413	0.00173	0.00254	0.00290	0.00144	0.00380	0.00221	0.00578	0.00181	0.00211	0.00140	0.00120	0.00081	0.00040	0.00101	0.00070	0.00080	0.00141
46	0.26238	0.00211	0.01544	0.00194	0.00252	0.02708	0.00155	0.07948	0.00814	0.08673	0.35371	0.05757	0.01660	0.00238	0.03221	0.01112	0.00102	0.03542	0.00117	0.00143
47	0.00485	0.00359	0.00385	0.00295	0.00398	0.00396	0.00244	0.91348	0.02202	0.00804	0.00313	0.00313	0.00222	0.00155	0.00129	0.00039	0.00141	0.00116	0.00129	0.01528
48	0.00187	0.00125	0.00141	0.00142	0.00143	0.00124	0.00080	0.00188	0.00190	0.00254	0.00419	0.04593	0.00485	0.91690	0.00638	0.00122	0.00123	0.00195	0.00080	0.00079
49	0.00175	0.00131	0.00163	0.00162	0.00193	0.00119	0.00121	0.00226	0.00334	0.00455	0.59541	0.11462	0.20741	0.00298	0.00155	0.00044	0.00067	0.05362	0.00134	0.00117
50	0.06113	0.00339	0.00366	0.00282	0.00384	0.00371	0.00233	0.78236	0.00558	0.11331	0.00325	0.00319	0.00226	0.00154	0.00126	0.00039	0.00136	0.00115	0.00130	0.00215
51	0.00160	0.00114	0.00153	0.00181	0.00190	0.00107	0.00122	0.00186	0.00255	0.00341	0.05652	0.87952	0.00871	0.00396	0.00165	0.00052	0.00075	0.02801	0.00121	0.00106
52	0.00202	0.00137	0.00177	0.00165	0.00200	0.00125	0.00125	0.00261	0.00361	0.05595	0.82631	0.00959	0.07492	0.00263	0.00151	0.00041	0.00064	0.00784	0.00142	0.00126
53	0.00157	0.00112	0.00150	0.00180	0.00187	0.00105	0.00120	0.00180	0.00247	0.00330	0.00712	0.95374	0.00855	0.00405	0.00165	0.00052	0.00075	0.00367	0.00120	0.00105
54	0.00184	0.00126	0.00147	0.00147	0.00154	0.00123	0.00089	0.00197	0.00223	0.00303	0.16344	0.07959	0.01501	0.71367	0.00531	0.00105	0.00110	0.00210	0.00093	0.00088
55	0.00180	0.00129	0.00176	0.00206	0.00224	0.00125	0.00160	0.00219	0.00270	0.00355	0.00700	0.53069	0.00805	0.00383	0.00171	0.00056	0.00095	0.42447	0.00120	0.00111
56	0.00169	0.00132	0.00154	0.00148	0.00185	0.00116	0.00111	0.00218	0.00334	0.00443	0.52876	0.01090	0.42975	0.00292	0.00153	0.00042	0.00063	0.00251	0.00132	0.00116
57	0.00185	0.00138	0.00208	0.00208	0.00231	0.00162	0.00162	0.00231	0.00208	0.00300	0.00346	0.00508	0.00323	0.00969	0.94946	0.00208	0.00346	0.00138	0.00069	0.00115
58	0.00163	0.00117	0.00154	0.00182	0.00191	0.00110	0.00122	0.01799	0.00254	0.00338	0.00705	0.93737	0.00844	0.00401	0.00164	0.00052	0.00076	0.00363	0.00120	0.00107
59	0.96371	0.00250	0.00190	0.00170	0.00250	0.00290	0.00140	0.00380	0.00220	0.00580	0.00180	0.00210	0.00140	0.00120	0.00080	0.00040	0.00100	0.00070	0.00080	0.00140
60	0.96371	0.00250	0.00190	0.00170	0.00250	0.00290	0.00140	0.00380	0.00220	0.00580	0.00180	0.00210	0.00140	0.00120	0.00080	0.00040	0.00100	0.00070	0.00080	0.00140
61	0.00208	0.00150	0.00208	0.00237	0.00267	0.00150	0.00206	0.00271	0.01513	0.00387	0.00683	0.03734	0.00742	0.00356	0.00178	0.00059	0.00118	0.90295	0.00119	0.00120
62	0.00163	0.00118	0.00155	0.00183	0.00192	0.00112	0.00123	0.00196	0.03315	0.00337	0.00706	0.92283	0.00840	0.00397	0.00164	0.00052	0.00076	0.00360	0.00120	0.00108
63	0.00183	0.00132	0.00173	0.00163	0.00193	0.00122	0.00122	0.00244	0.00366	0.00518	0.94584	0.00965	0.01219	0.00264	0.00152	0.00041	0.00061	0.00234	0.00142	0.00122
64	0.00179	0.00132	0.00167	0.00159	0.00191	0.00120	0.00119	0.00235	0.00355	0.00494	0.81397	0.03123	0.12298	0.00275	0.00153	0.00041	0.00062	0.00241	0.00139	0.00120
65	0.00188	0.00125	0.00141	0.00141	0.00141	0.00125	0.00078	0.00188	0.00188	0.00251	0.00407	0.00846	0.00470	0.95458	0.00658	0.00125	0.00125	0.00188	0.00078	0.00078
66	0.00374	0.00174	0.00234	0.00195	0.00259	0.00155	0.00155	0.00429	0.00366	0.46049	0.47589	0.02254	0.00779	0.00216	0.00142	0.00041	0.00085	0.00186	0.00150	0.00169
67	0.00185	0.00138	0.00206	0.00206	0.00229	0.00161	0.00160	0.00230	0.00207	0.00299	0.00348	0.00516	0.00327	0.03272	0.92648	0.00206	0.00341	0.00140	0.00069	0.00114
68	0.00488	0.00359	0.00385	0.00295	0.00398	0.00397	0.00244	0.93093	0.00604	0.00810	0.00312	0.00312	0.00221	0.00155	0.00129	0.00039	0.00141	0.00116	0.01283	0.00219
69	0.00220	0.00156	0.00193	0.00176	0.00216	0.00149	0.00135	0.07426	0.02495	0.03285	0.73813	0.00920	0.07812	0.00257	0.00150	0.00041	0.00071	0.02211	0.00139	0.00133
70	0.00525	0.00285	0.00337	0.00260	0.00360	0.00289	0.00214	0.41788	0.05329	0.47805	0.00422	0.00385	0.00280	0.00159	0.00129	0.00040	0.00123	0.00125	0.00926	0.00218
71	0.00160	0.00114	0.00152	0.00182	0.00191	0.00107	0.00124	0.00184	0.00250	0.00332	0.00711	0.91277	0.00850	0.00403	0.00166	0.00053	0.00077	0.04442	0.00120	0.00106
72	0.00510	0.00226	0.00293	0.00231	0.00321	0.00208	0.00189	0.10886	0.03140	0.69205	0.11404	0.00504	0.00422	0.00175	0.00133	0.00040	0.00108	0.01644	0.00153	0.00206
73	0.04105	0.00245	0.02004	0.00238	0.00332	0.00226	0.00198	0.15904	0.01613	0.64270	0.04495	0.02672	0.00357	0.00172	0.00131	0.00041	0.00114	0.02530	0.00147	0.00207
74	0.00311	0.57757	0.38155	0.00280	0.00422	0.00427	0.00323	0.00396	0.00267	0.00346	0.00200	0.00233	0.00165	0.00115	0.00099	0.00033	0.00159	0.00080	0.00055	0.00176
75	0.00293	0.00227	0.00267	0.00199	0.00302	0.00183	0.00158	0.06426	0.00293	0.06750	0.00291	0.06832	0.00254	0.01778	0.01271	0.00028	0.00102	0.00105	0.00088	0.74152
76	0.02355	0.00143	0.00200	0.00192	0.00211	0.00157	0.03192	0.00224	0.00203	0.00291	0.00363	0.00627	0.00372	0.38092	0.52056	0.00165	0.00823	0.00157	0.00073	0.00103
77	0.00271	0.00232	0.00272	0.00196	0.00307	0.00181	0.00157	0.02003	0.00274	0.00427	0.01364	0.00277	0.00204	0.00102	0.00104	0.00021	0.02237	0.00080	0.00078	0.91214
78	0.03592	0.01829	0.67602	0.02655	0.02838	0.00282	0.02220	0.01479	0.01575	0.06127	0.04776	0.00360	0.02920	0.00140	0.00125	0.00041	0.00169	0.01015	0.00071	0.00184
79	0.16623	0.00243	0.00280	0.00228	0.00317	0.00245	0.00185	0.06793	0.19631	0.49507	0.03977	0.00422	0.00333	0.00480	0.00124	0.00041	0.00107	0.00126	0.00138	0.00199
80	0.00220	0.00114	0.00168	0.00170	0.00172	0.00113	0.00115	0.00172	0.00178	0.00236	0.00281	0.04678	0.02272	0.00442	0.00474	0.87442	0.00110	0.02522	0.00062	0.00061
81	0.63237	0.00785	0.00949	0.02029	0.00272	0.02824	0.00156	0.03652	0.01035	0.07757	0.06515	0.04764	0.00280	0.00549	0.00110	0.02119	0.00105	0.01476	0.01242	0.00145
82	0.07571	0.58964	0.01599	0.00242	0.00343	0.09784	0.00223	0.15025	0.00325	0.02414	0.00213	0.00239	0.00179	0.00141	0.02230	0.00035	0.00150	0.00081	0.00072	0.00171
83	0.00212	0.00123	0.00181	0.04082	0.00209	0.00126	0.00740	0.00457	0.00192	0.00256	0.00328	0.12799	0.02155	0.04389	0.08403	0.64471	0.00130	0.00154	0.00068	0.00525
84	0.23039	0.01663	0.06950	0.27862	0.01269	0.00307	0.01334	0.23921	0.01337	0.00528	0.04269	0.01379	0.00235	0.01307	0.00130	0.00810	0.01085	0.00111	0.00086	0.02378
85	0.10750	0.02010	0.00196	0.00172	0.00215	0.01086	0.00133	0.02396	0.00353	0.04655	0.74515	0.00825	0.01735	0.00238	0.00141	0.00040	0.00072	0.00204	0.00133	0.00131
86	0.09536	0.00153	0.00182	0.00179	0.00214	0.00149	0.00134	0.03527	0.00312	0.05830	0.36705	0.23092	0.06104	0.05071	0.00177	0.01009	0.00082	0.07294	0.00124	0.00125
87	0.45952	0.00202	0.00475	0.00177	0.00235	0.00215	0.00465	0.03491	0.00265	0.02609	0.12204	0.09525	0.06968	0.07104	0.00159	0.01510	0.00096	0.04991	0.00099	0.03261
88	0.00208	0.00168	0.00223	0.00996	0.00247	0.04019	0.00170	0.01572	0.00222	0.00315	0.00334	0.00484	0.00308	0.01552	0.80325	0.00183	0.04674	0.00134	0.03746	0.00120
89	0.41322	0.00198	0.00518	0.00180	0.00234	0.00210	0.00140	0.03941	0.01229	0.07263	0.15768	0.13595	0.01581	0.08516	0.00170	0.01432	0.00095	0.03125	0.00347	0.00134
90	0.04872	0.00144	0.00180	0.00178	0.00209	0.00139	0.00131	0.00710	0.02130	0.08144	0.36610	0.24632	0.02474	0.11232	0.00210	0.00055	0.00084	0.07619	0.00125	0.00123
91	0.69029	0.00245	0.00212	0.00197	0.02669	0.02475	0.00154	0.04004	0.00260	0.04914	0.05675	0.00333	0.02363	0.00162	0.02397	0.00044	0.00109	0.01913	0.02699	0.00145
92	0.04197	0.00137	0.00179	0.00189	0.00208	0.00145	0.00141	0.00227	0.00230	0.00329	0.00489	0.18885	0.00827	0.20225	0.32687	0.00121	0.00187	0.17079	0.03411	0.00108
93	0.18956	0.00162	0.00179	0.00171	0.00211	0.00164	0.00129	0.02367	0.01127	0.04855	0.36578	0.11393	0.06620	0.06748	0.00179	0.02393	0.00083	0.03474	0.04085	0.00125

[dist]
# distance from previous block
# <min> <max>
0	14

[block]
# block no. 1 follows, 250 sequences, length 6
# corresponding to MSA columns:
# 111-116
name=unknown_B
#
# <colnr> <probs for GDERKNQSTAVLIFYWHMCP>
#	G	D	E	R	K	N	Q	S	T	A	V	L	I	F	Y	W	H	M	C	P
0	0.03244	0.00141	0.00173	0.00182	0.00205	0.00137	0.00128	0.04709	0.02271	0.03310	0.10777	0.56434	0.04958	0.09812	0.00206	0.00057	0.00085	0.02935	0.00119	0.00117
1	0.00216	0.00144	0.00181	0.00172	0.00207	0.00135	0.00129	0.02709	0.02257	0.06528	0.58317	0.11335	0.09178	0.02490	0.00162	0.00044	0.00072	0.02660	0.02933	0.00128
2	0.03489	0.00135	0.00167	0.00168	0.00195	0.00126	0.00121	0.00243	0.00300	0.05472	0.37597	0.28062	0.08742	0.09418	0.00200	0.00053	0.00077	0.02942	0.02377	0.00118
3	0.05807	0.00149	0.00183	0.00178	0.00214	0.00145	0.00136	0.02086	0.01727	0.06330	0.38995	0.13688	0.08726	0.04930	0.02616	0.01738	0.00088	0.10130	0.02007	0.00125
4	0.11462	0.00151	0.00181	0.00174	0.00210	0.00147	0.00132	0.00272	0.00299	0.07548	0.38410	0.07882	0.07675	0.06791	0.00210	0.08194	0.00085	0.09937	0.00119	0.00120
5	0.57114	0.00213	0.00195	0.00179	0.00239	0.00236	0.00140	0.04215	0.00248	0.05447	0.03730	0.10283	0.00312	0.06700	0.02466	0.05750	0.00107	0.02200	0.00092	0.00133

[dist]
# distance from previous block
# <min> <max>
8	28

[block]
# block no. 2 follows, 250 sequences, length 40
# corresponding to MSA columns:
# 157-196
name=unknown_C
#
# <colnr> <probs for GDERKNQSTAVLIFYWHMCP>
#	G	D	E	R	K	N	Q	S	T	A	V	L	I	F	Y	W	H	M	C	P
0	0.10133	0.00196	0.01687	0.00209	0.00253	0.01803	0.01293	0.12153	0.04394	0.04629	0.17271	0.37734	0.00680	0.01927	0.00154	0.00047	0.00096	0.05084	0.00120	0.00139
1	0.00345	0.95536	0.00677	0.00221	0.00332	0.00511	0.00221	0.00387	0.00263	0.00304	0.00180	0.00207	0.00166	0.00111	0.00083	0.00028	0.00138	0.00069	0.00055	0.00166
2	0.00206	0.00142	0.00163	0.00158	0.00170	0.00144	0.00100	0.06428	0.00235	0.00316	0.05848	0.04402	0.03844	0.70401	0.04304	0.00110	0.00127	0.01761	0.01046	0.00095
3	0.19724	0.02011	0.00316	0.00248	0.00335	0.01107	0.00203	0.57689	0.01118	0.01217	0.06098	0.02306	0.05002	0.00167	0.00121	0.00039	0.00122	0.00126	0.01863	0.00186
4	0.96371	0.00250	0.00190	0.00170	0.00250	0.00290	0.00140	0.00380	0.00220	0.00580	0.00180	0.00210	0.00140	0.00120	0.00080	0.00040	0.00100	0.00070	0.00080	0.00140
5	0.02629	0.00144	0.00181	0.00169	0.00205	0.00135	0.00128	0.02824	0.00357	0.04118	0.74390	0.05065	0.06119	0.01232	0.00155	0.00042	0.00069	0.01772	0.00138	0.00127
6	0.02849	0.00255	0.00308	0.00242	0.00335	0.00251	0.00199	0.28340	0.02800	0.48475	0.05750	0.00469	0.02712	0.00171	0.00131	0.00040	0.00115	0.02741	0.00142	0.03677
7	0.01192	0.00132	0.00599	0.00196	0.00215	0.00126	0.00149	0.00224	0.00909	0.01278	0.10785	0.40531	0.03038	0.00369	0.00202	0.10292	0.00092	0.29446	0.00115	0.00109
8	0.00174	0.00120	0.00146	0.00159	0.00164	0.00117	0.00099	0.00186	0.00217	0.00289	0.00559	0.41810	0.02246	0.51181	0.00428	0.00091	0.00102	0.01723	0.00098	0.00091
9	0.00185	0.00138	0.00204	0.00204	0.00225	0.00159	0.00156	0.00228	0.00206	0.00297	0.00350	0.00529	0.00332	0.06877	0.89051	0.00203	0.00332	0.00142	0.00070	0.00113
10	0.03350	0.03074	0.00352	0.00900	0.00362	0.00347	0.00223	0.65572	0.02111	0.05978	0.00328	0.00818	0.00249	0.01513	0.08022	0.02004	0.01119	0.01688	0.01794	0.00196
11	0.00526	0.04232	0.04299	0.04290	0.00270	0.01101	0.02106	0.10306	0.01832	0.00385	0.09175	0.07223	0.07142	0.07542	0.06603	0.24540	0.00984	0.00160	0.07167	0.00118
12	0.95007	0.00250	0.00193	0.01518	0.00259	0.00290	0.00143	0.00379	0.00220	0.00576	0.00181	0.00212	0.00140	0.00120	0.00081	0.00040	0.00101	0.00071	0.00080	0.00140
13	0.33445	0.00207	0.00216	0.00190	0.00938	0.00710	0.00150	0.06531	0.00726	0.17505	0.28196	0.02433	0.00528	0.00189	0.01129	0.00041	0.00094	0.00143	0.06477	0.00153
14	0.62110	0.00219	0.00196	0.00177	0.00244	0.00241	0.00142	0.02602	0.00248	0.01054	0.09126	0.03707	0.00314	0.01659	0.00134	0.06249	0.00098	0.04840	0.00089	0.06550
15	0.07711	0.01776	0.00199	0.00201	0.00234	0.00153	0.01559	0.00270	0.00661	0.05899	0.08000	0.31113	0.02329	0.04367	0.00175	0.00053	0.00097	0.30655	0.04427	0.00122
16	0.00172	0.00119	0.00146	0.00161	0.00165	0.00115	0.00100	0.00184	0.00219	0.00291	0.00565	0.49596	0.00668	0.46437	0.00404	0.00088	0.00099	0.00280	0.00100	0.00092
17	0.00167	0.00118	0.00158	0.00183	0.00194	0.00112	0.00128	0.00193	0.00256	0.00342	0.06341	0.73263	0.01355	0.03668	0.00192	0.02683	0.00082	0.10342	0.00118	0.00105
18	0.00182	0.00132	0.00162	0.00165	0.00196	0.00119	0.00123	0.00227	0.00828	0.03098	0.35015	0.23349	0.28474	0.00319	0.00157	0.00046	0.00071	0.07090	0.00129	0.00117
19	0.19132	0.00213	0.00240	0.00198	0.00274	0.00212	0.00160	0.10198	0.00914	0.39122	0.05261	0.02361	0.02793	0.00165	0.00115	0.00038	0.00098	0.00129	0.18203	0.00175
20	0.89755	0.00245	0.00193	0.00174	0.00253	0.00281	0.00144	0.00381	0.00227	0.02935	0.00210	0.00270	0.00171	0.00131	0.00086	0.00041	0.00101	0.04176	0.00084	0.00141
21	0.09082	0.00129	0.00171	0.00168	0.00179	0.00133	0.00116	0.00198	0.00190	0.00283	0.06772	0.00454	0.00308	0.07315	0.05291	0.68828	0.00120	0.00124	0.00067	0.00073
22	0.78945	0.00247	0.00205	0.00179	0.00258	0.00280	0.00147	0.06320	0.00259	0.04823	0.04403	0.00268	0.00207	0.00131	0.00089	0.00040	0.00100	0.00084	0.02869	0.00147
23	0.00157	0.00112	0.00150	0.00180	0.00187	0.00105	0.00120	0.00180	0.00247	0.00330	0.00712	0.95374	0.00855	0.00405	0.00165	0.00052	0.00075	0.00367	0.00120	0.00105
24	0.00164	0.00116	0.00153	0.00180	0.00189	0.00110	0.00122	0.00188	0.00249	0.00332	0.03400	0.78853	0.00826	0.08360	0.00207	0.00059	0.00082	0.06190	0.00117	0.00104
25	0.00158	0.00113	0.00150	0.00179	0.00187	0.00106	0.00120	0.00182	0.00250	0.00334	0.02977	0.92122	0.00860	0.01378	0.00170	0.00053	0.00075	0.00362	0.00120	0.00105
26	0.02010	0.00262	0.00289	0.00252	0.00328	0.00290	0.00198	0.03758	0.68301	0.17198	0.05276	0.00489	0.00413	0.00175	0.00131	0.00043	0.00103	0.00145	0.00136	0.00202
27	0.00159	0.00113	0.00150	0.00178	0.00185	0.00106	0.00118	0.00180	0.00245	0.00326	0.00699	0.91234	0.00838	0.04568	0.00187	0.00056	0.00077	0.00360	0.00118	0.00104
28	0.00187	0.00125	0.00141	0.00142	0.00142	0.00125	0.00079	0.00188	0.00189	0.00252	0.00412	0.02348	0.00476	0.93948	0.00650	0.00124	0.00124	0.00191	0.00079	0.00079
29	0.00190	0.00135	0.00174	0.00163	0.00196	0.00124	0.00123	0.00252	0.01082	0.02285	0.88009	0.00964	0.05286	0.00264	0.00152	0.00041	0.00062	0.00233	0.00142	0.00124
30	0.00192	0.00134	0.00176	0.00164	0.00196	0.00124	0.00124	0.00253	0.00366	0.02694	0.92411	0.00953	0.01199	0.00262	0.00152	0.00041	0.00062	0.00231	0.00143	0.00124
31	0.00161	0.00114	0.00153	0.00182	0.00190	0.00108	0.00123	0.00184	0.00249	0.00331	0.00705	0.88869	0.00841	0.02363	0.00176	0.00054	0.00078	0.04894	0.00119	0.00105
32	0.00261	0.03239	0.84340	0.00348	0.00525	0.00292	0.00442	0.00400	0.00280	0.01744	0.06740	0.00321	0.00239	0.00133	0.00124	0.00041	0.00179	0.00105	0.00062	0.00186
33	0.00160	0.00114	0.00152	0.00179	0.00188	0.00107	0.00121	0.00185	0.00254	0.00341	0.05950	0.87485	0.01469	0.01203	0.00169	0.00052	0.00075	0.01569	0.00121	0.00106
34	0.00232	0.00172	0.00207	0.00189	0.00233	0.00174	0.00145	0.03711	0.19537	0.03105	0.67689	0.00834	0.02776	0.00241	0.00147	0.00041	0.00074	0.00210	0.00140	0.00145
35	0.02114	0.00239	0.00397	0.82002	0.00826	0.00293	0.04455	0.02898	0.00267	0.00352	0.00233	0.00342	0.00177	0.00142	0.01282	0.00045	0.03081	0.00116	0.00593	0.00146
36	0.96371	0.00250	0.00190	0.00170	0.00250	0.00290	0.00140	0.00380	0.00220	0.00580	0.00180	0.00210	0.00140	0.00120	0.00080	0.00040	0.00100	0.00070	0.00080	0.00140
37	0.05372	0.00135	0.00181	0.02575	0.00226	0.00134	0.02403	0.00217	0.02074	0.00948	0.05272	0.75409	0.00770	0.00361	0.00167	0.01779	0.01067	0.00684	0.00115	0.00113
38	0.03870	0.00307	0.02031	0.02859	0.00368	0.00329	0.00224	0.60588	0.04197	0.06686	0.03330	0.00409	0.00290	0.04844	0.04021	0.01912	0.00142	0.02475	0.00925	0.00193
39	0.00250	0.00218	0.00348	0.74700	0.00746	0.00265	0.00311	0.04697	0.00270	0.00357	0.00265	0.02764	0.00214	0.02138	0.02886	0.02699	0.00163	0.00124	0.06444	0.00140

[dist]
# distance from previous block
# <min> <max>
0	1

[block]
# block no. 3 follows, 250 sequences, length 6
# corresponding to MSA columns:
# 198-203
name=unknown_D
#
# <colnr> <probs for GDERKNQSTAVLIFYWHMCP>
#	G	D	E	R	K	N	Q	S	T	A	V	L	I	F	Y	W	H	M	C	P
0	0.74646	0.00231	0.00193	0.00174	0.00245	0.00263	0.00141	0.00374	0.05548	0.00567	0.16214	0.00353	0.00337	0.00148	0.00095	0.00040	0.00093	0.00102	0.00093	0.00141
1	0.14625	0.00223	0.00265	0.00218	0.00299	0.00218	0.00177	0.07546	0.07421	0.48539	0.11624	0.00507	0.00417	0.00175	0.00126	0.00041	0.00103	0.04179	0.03107	0.00188
2	0.00171	0.00123	0.00142	0.00151	0.00179	0.00111	0.00108	0.00208	0.00285	0.00386	0.14945	0.34121	0.34842	0.00321	0.00148	0.00044	0.00067	0.00279	0.13255	0.00111
3	0.00249	0.00227	0.00359	0.68417	0.00720	0.00270	0.00310	0.00318	0.00249	0.00335	0.00224	0.00332	0.00178	0.00152	0.00172	0.05715	0.08327	0.00109	0.00060	0.13276
4	0.00445	0.00269	0.06843	0.00243	0.00338	0.00238	0.00209	0.14704	0.13249	0.45425	0.09727	0.00483	0.03181	0.00171	0.00131	0.00040	0.00113	0.00140	0.00138	0.03910
5	0.05172	0.00141	0.00161	0.00154	0.00194	0.00127	0.00115	0.00228	0.00317	0.00437	0.42113	0.08784	0.36267	0.00284	0.00147	0.00042	0.00068	0.00243	0.00126	0.04881

[dist]
# distance from previous block
# <min> <max>
0	1

# created by:
# /share/home/app/bin/augustus-3.3.1/scripts/msa2prfl.pl /dev/shm/tmp/ogap_db/mt-Sauria/msas/ND6.aln --setname=ND6
